var element=document.getElementById("correlationAdjClose");if(element.style.display!='none'){var correlationAdjClose={"data":[{"type":"heatmap","z":[[1.0,0.994971484470105,0.9753757894010344,0.997084762382333,0.9562782005529311,0.9838379851159694,0.9528431427986702,0.9890538097083944,0.9747858982789933,0.9972355806252559,0.996676775599958,0.997139455298786,0.9932289321460314,0.9942070139140006,0.9967235340943572,0.9854075730946439,0.9997148096103218,0.9888849059222096,0.8986966193900415,0.9191452500385787,0.6925417395795516,0.9847209778232221,0.9329682411692329,0.36753928129350316,-0.2989960856010529,0.8984102348553138,0.9284650911167848,0.9598446665291978,0.9774042059349899,0.9646411676725387,0.9789259615098812,0.970757869546208,0.940853185757853,0.9825972624889582,0.9748229229321774,0.9558157227834407],[0.994971484470105,1.0,0.971546451839012,0.9917441613900134,0.9521737089222313,0.9799697957001148,0.9488249310162834,0.9813201852362275,0.9689397023407827,0.9930310345492888,0.9949120163254502,0.9944065174534589,0.9923346262216023,0.9922176987278652,0.994931082696183,0.980449935803899,0.9972641640379579,0.9835556682523993,0.9196442937339804,0.9092688760605401,0.7124517210499525,0.9690691630446542,0.9162156318710548,0.3674899243910721,-0.23038668448806873,0.8765966173001891,0.9223765710284657,0.9592396411607108,0.9581936518552702,0.9524920448491093,0.9700125025040349,0.9570753713500215,0.9399486592185073,0.9731034824250779,0.9661575489335694,0.9507720736133203],[0.9753757894010344,0.971546451839012,1.0,0.9844833930735187,0.99454439652838,0.9730753759071107,0.9781516853977965,0.9606362017658687,0.9788801337639965,0.9841689513940126,0.9908221855163556,0.9875477882238535,0.9970223976371607,0.9968059085205025,0.9905951559221141,0.9706746608811301,0.9856028231305743,0.960201260569988,0.8605710134999102,0.823228198044625,0.5635385531870892,0.9920948988364011,0.9323005634846032,0.196289332406058,-0.2232473457779214,0.8830958147963075,0.9406726747535029,0.9712663529821467,0.9192332900346966,0.9075736653762868,0.9662896565216059,0.9119209576314182,0.8881648570607895,0.9639939524307106,0.9713756422441413,0.9161084060547213],[0.997084762382333,0.9917441613900134,0.9844833930735187,1.0,0.9724204284826148,0.9754160210172953,0.9499898297431727,0.9806527843276841,0.9713197308135221,0.9999698891962567,0.9999917227506862,0.9999625944745995,0.9933549234943969,0.9919501339250342,0.9999505683295284,0.9742420915253613,0.995750111780438,0.9801668164576888,0.8819694092409032,0.9012735314128547,0.6545062521696481,0.9939133207484422,0.937706653980258,0.33515546642031413,-0.28804302880698396,0.8901318439628225,0.9392266166437473,0.9633972838324798,0.9648143994688826,0.9583321048487989,0.9808271666948102,0.957903450491786,0.9250809204799829,0.9794427608067391,0.9727320463002461,0.944669005628518],[0.9562782005529311,0.9521737089222313,0.99454439652838,0.9724204284826148,1.0,0.9456499309612545,0.9572752488498112,0.9349681903501607,0.9584225132901794,0.9724830208333606,0.9817982077185171,0.9779440499590398,0.9835049225109025,0.980584329514829,0.9814183246533498,0.9417821086692234,0.9670506368702653,0.9342105461685191,0.8270283576668638,0.7920339435708885,0.5134672692254693,0.9871070158736204,0.9269707664173324,0.16143351381990084,-0.21231087576065194,0.8491235868983354,0.9467783560034747,0.9569100471539231,0.8880720755317778,0.8832226179414854,0.953449010660897,0.8805033060853777,0.8499553875511632,0.9452515320560834,0.9518897365777068,0.8835617611429055],[0.9838379851159694,0.9799697957001148,0.9730753759071107,0.9754160210172953,0.9456499309612545,1.0,0.9829602980108352,0.9826480909746531,0.9826595808371207,0.9748591758614729,0.9696182560578499,0.9729771432236728,0.9737318908004446,0.9712819107066082,0.9695387980607245,0.9999018286985655,0.9870322788384207,0.9835630795506624,0.9016268469371568,0.8712876716633782,0.6614758802611844,0.9671685606790642,0.9043106245311282,0.24374542876108976,-0.22042175825927035,0.932084390266318,0.9014201891595501,0.9642460380793054,0.9598176622986117,0.9344963999415279,0.9581169564767569,0.9548918125485647,0.9525707571862655,0.9629738482973301,0.9796470760707129,0.9579727250548958],[0.9528431427986702,0.9488249310162834,0.9781516853977965,0.9499898297431727,0.9572752488498112,0.9829602980108352,1.0,0.9547966677687816,0.9848760918997723,0.9486427755160878,0.9589389701108431,0.9553758428389816,0.9774069869087724,0.9781038344495687,0.9586725236213605,0.9842573331082056,0.9711856450273099,0.9572694579674379,0.8665337734106164,0.7903718912170357,0.5524377884591787,0.9539186459195583,0.9058293470118594,0.10333519266118846,-0.15927279865009036,0.8943669485640877,0.8965943476139064,0.9604652366046925,0.9040236505207974,0.8714111371119523,0.9381098727350557,0.8972216921648012,0.9041783872878851,0.9364357356419535,0.9689478831099135,0.9133598808813257],[0.9890538097083944,0.9813201852362275,0.9606362017658687,0.9806527843276841,0.9349681903501607,0.9826480909746531,0.9547966677687816,1.0,0.9838316541962575,0.9806371762394843,0.9759285820836826,0.9794813574083581,0.9704071645280427,0.9694048806602146,0.9760331895844069,0.984445853702233,0.9868372966945655,0.9998831024486684,0.9277838032776756,0.9293146089621994,0.6295048524533566,0.9679790297300774,0.8998458122249969,0.22177663748096307,-0.31056578675986907,0.9065673130776148,0.8804841890988732,0.9448071667434241,0.9792948896480514,0.9571131038382581,0.9693863707937413,0.9660851478511481,0.9375793907173451,0.963758456483499,0.9616906744942968,0.9678500929884473],[0.9747858982789933,0.9689397023407827,0.9788801337639965,0.9713197308135221,0.9584225132901794,0.9826595808371207,0.9848760918997723,0.9838316541962575,1.0,0.9705811047929546,0.9669212365988713,0.9694051726205464,0.9722671488194402,0.9690465467572684,0.966772352538505,0.9817181712179335,0.9745928326055932,0.9831959380652924,0.9028010798213372,0.8622358609399402,0.5484467122962383,0.9689503111543016,0.9172248550664749,0.08105644118539762,-0.23310951825192955,0.8848283560396384,0.8848216117154203,0.9648471736139989,0.9379570057214611,0.905784529997139,0.962520328955404,0.9234148017912905,0.9042731971970507,0.9535039737152079,0.9738571925205848,0.9284214261897257],[0.9972355806252559,0.9930310345492888,0.9841689513940126,0.9999698891962567,0.9724830208333606,0.9748591758614729,0.9486427755160878,0.9806371762394843,0.9705811047929546,1.0,0.9999902483847899,0.9999827551421663,0.9932443200495388,0.9918165947892347,0.9999555242474718,0.9736953179324812,0.9956310139841589,0.9802464400594134,0.8837895508520258,0.9024847882671726,0.6518748699973945,0.9941045585580818,0.9375756360899293,0.3402356380662428,-0.2874922325980221,0.8908575734787176,0.9374702026777266,0.9619680386058971,0.9645638901271697,0.9575294343628021,0.9799011516602802,0.957313812353342,0.9237113554420736,0.9786840484404953,0.9716433057143022,0.9431699351140946],[0.996676775599958,0.9949120163254502,0.9908221855163556,0.9999917227506862,0.9817982077185171,0.9696182560578499,0.9589389701108431,0.9759285820836826,0.9669212365988713,0.9999902483847899,1.0,0.9999736700776408,0.9933799383755652,0.9919485192315328,0.9999582492947373,0.9693555700351624,0.9954142305031923,0.9765683825776603,0.9057691482032414,0.9300482302212217,0.5320762870381884,0.9972695985413789,0.9227718294379154,-0.1400250694455875,0.38625146062462407,0.8899308984070947,0.9077238550669146,0.9645416360205065,0.9554140061196945,0.9404858472154826,0.9716827530111406,0.9371990360891368,0.9021585242326325,0.9695884158914704,0.9808753888430333,0.9388106544881895],[0.997139455298786,0.9944065174534589,0.9875477882238535,0.9999625944745995,0.9779440499590398,0.9729771432236728,0.9553758428389816,0.9794813574083581,0.9694051726205464,0.9999827551421663,0.9999736700776408,1.0,0.9932563269169976,0.9917926634779791,0.9999664027676969,0.9728208856925821,0.9955264592832855,0.9796903352845724,0.8913298244409061,0.9191611948670446,0.596572831147447,0.9962849060904877,0.9342429790999532,0.07441180621667207,-0.19376183485982437,0.904343075938228,0.9231001063170595,0.9576966068093595,0.9586872036507754,0.9484636496083337,0.9764975850580881,0.9481050337986809,0.9195294236380102,0.9751512772296054,0.9713652189344508,0.9471493704882574],[0.9932289321460314,0.9923346262216023,0.9970223976371607,0.9933549234943969,0.9835049225109025,0.9737318908004446,0.9774069869087724,0.9704071645280427,0.9722671488194402,0.9932443200495388,0.9933799383755652,0.9932563269169976,1.0,0.9997638182083595,0.9933792782271725,0.9735379087610514,0.9933132271297178,0.9712328759399067,0.8972303000110834,0.917780682260201,0.4578295345828578,0.98928522108601,0.9192235466471368,-0.4061411818319663,0.4008092080782103,0.8726045973627113,0.9061511621639532,0.96834140867591,0.9386115482025927,0.9087205397549497,0.9562275658006314,0.9143156016160279,0.8707653861594155,0.9671706436020648,0.977929659990797,0.9311514047182146],[0.9942070139140006,0.9922176987278652,0.9968059085205025,0.9919501339250342,0.980584329514829,0.9712819107066082,0.9781038344495687,0.9694048806602146,0.9690465467572684,0.9918165947892347,0.9919485192315328,0.9917926634779791,0.9997638182083595,1.0,0.9920628982074233,0.97099650530895,0.9941101885047018,0.9704237815226896,0.8819755668092865,0.9274596132595112,0.31767329107525355,0.9854799438990953,0.9129315277516924,-0.7502681958394906,0.3710015477487647,0.840142174264814,0.9031016351210217,0.9646996917213199,0.9322452165895434,0.8968118467989803,0.9497420580681774,0.914797877853884,0.8488823731463869,0.9679815571429191,0.9760600470678659,0.9252484217456235],[0.9967235340943572,0.994931082696183,0.9905951559221141,0.9999505683295284,0.9814183246533498,0.9695387980607245,0.9586725236213605,0.9760331895844069,0.966772352538505,0.9999555242474718,0.9999582492947373,0.9999664027676969,0.9933792782271725,0.9920628982074233,1.0,0.9693379860228593,0.9954571720488672,0.9766605414862989,0.9059740609018007,0.9305652519817618,0.5320402988836286,0.9971090627667125,0.9229245621714386,-0.13771120966552203,0.3863104591626273,0.8899614687212837,0.9066995050875007,0.9640023037075031,0.9556416063015905,0.9408128819190728,0.9716624251209701,0.9376656780262964,0.9026125713126918,0.9695538564789312,0.9808438190772321,0.9393394227898776],[0.9854075730946439,0.980449935803899,0.9706746608811301,0.9742420915253613,0.9417821086692234,0.9999018286985655,0.9842573331082056,0.984445853702233,0.9817181712179335,0.9736953179324812,0.9693555700351624,0.9728208856925821,0.9735379087610514,0.97099650530895,0.9693379860228593,1.0,0.9870812185518371,0.9837718784606789,0.9045543183734505,0.8950955390454775,0.6508086495237901,0.9647477381904708,0.8986495292128784,0.09942662301614737,-0.19929580565032742,0.9393719979080805,0.8898496034522848,0.9613382472012413,0.9632464987083935,0.9318242089165794,0.9547443804211289,0.956072815395589,0.9516850612170961,0.9650442774300761,0.9789537402054902,0.9621858289208954],[0.9997148096103218,0.9972641640379579,0.9856028231305743,0.995750111780438,0.9670506368702653,0.9870322788384207,0.9711856450273099,0.9868372966945655,0.9745928326055932,0.9956310139841589,0.9954142305031923,0.9955264592832855,0.9933132271297178,0.9941101885047018,0.9954571720488672,0.9870812185518371,1.0,0.9874375515344077,0.9241607319778931,0.9395731275066126,0.5893665323627328,0.9883129204278862,0.9143308740863925,-0.07952232643644645,0.41383419806091554,0.9185993320081458,0.8981065419448605,0.9666534321937924,0.9720420092215901,0.9490941279776678,0.9700139106441329,0.9558770755043737,0.932596247684025,0.9758898945489777,0.9866726077880384,0.9626495288269672],[0.9888849059222096,0.9835556682523993,0.960201260569988,0.9801668164576888,0.9342105461685191,0.9835630795506624,0.9572694579674379,0.9998831024486684,0.9831959380652924,0.9802464400594134,0.9765683825776603,0.9796903352845724,0.9712328759399067,0.9704237815226896,0.9766605414862989,0.9837718784606789,0.9874375515344077,1.0,0.9306782587262543,0.9354923172038307,0.626734000394094,0.9665763140816329,0.903646701266263,0.18573290812375862,-0.2922679765893384,0.9114460952487807,0.8757333355938582,0.9447662929509814,0.9797842263701915,0.9565412537561965,0.9678430662273451,0.9647699510571813,0.9373074361235934,0.9629934263658252,0.9597559348622108,0.9689828644758088],[0.8986966193900415,0.9196442937339804,0.8605710134999102,0.8819694092409032,0.8270283576668638,0.9016268469371568,0.8665337734106164,0.9277838032776756,0.9028010798213372,0.8837895508520258,0.9057691482032414,0.8913298244409061,0.8972303000110834,0.8819755668092865,0.9059740609018007,0.9045543183734505,0.9241607319778931,0.9306782587262543,1.0,0.8279167284188147,0.6967611308726311,0.85400756388099,0.8059651911682809,0.2644290436871753,-0.1648625475157963,0.8571732910423107,0.7521610098726634,0.8556635573645806,0.8920692619307773,0.8585988438831508,0.8557810171308392,0.8711910652505596,0.857412225745254,0.8549099455004633,0.8757827272038096,0.8956044167124511],[0.9191452500385787,0.9092688760605401,0.823228198044625,0.9012735314128547,0.7920339435708885,0.8712876716633782,0.7903718912170357,0.9293146089621994,0.8622358609399402,0.9024847882671726,0.9300482302212217,0.9191611948670446,0.917780682260201,0.9274596132595112,0.9305652519817618,0.8950955390454775,0.9395731275066126,0.9354923172038307,0.8279167284188147,1.0,0.8251188956884502,0.8517376791474445,0.8671852240178065,0.636939169049635,-0.5252301504978261,0.7160576832129826,0.831997351827134,0.8135293770044119,0.9595319418503557,0.9381978524500127,0.8996263532756764,0.9471076344124973,0.9005781653059914,0.9005412680718261,0.8517600592834731,0.8866057424688097],[0.6925417395795516,0.7124517210499525,0.5635385531870892,0.6545062521696481,0.5134672692254693,0.6614758802611844,0.5524377884591787,0.6295048524533566,0.5484467122962383,0.6518748699973945,0.5320762870381884,0.596572831147447,0.4578295345828578,0.31767329107525355,0.5320402988836286,0.6508086495237901,0.5893665323627328,0.626734000394094,0.6967611308726311,0.8251188956884502,1.0,0.5837100332279408,0.6904059566527138,0.7247741693786831,-0.11616656634851828,0.5345351551178081,0.6008295654866584,0.6080727654691152,0.7708872427218696,0.7015596274234249,0.6226658412328393,0.7369722260088739,0.7520578790220019,0.6619738574402546,0.6297501604646144,0.6801393890962154],[0.9847209778232221,0.9690691630446542,0.9920948988364011,0.9939133207484422,0.9871070158736204,0.9671685606790642,0.9539186459195583,0.9679790297300774,0.9689503111543016,0.9941045585580818,0.9972695985413789,0.9962849060904877,0.98928522108601,0.9854799438990953,0.9971090627667125,0.9647477381904708,0.9883129204278862,0.9665763140816329,0.85400756388099,0.8517376791474445,0.5837100332279408,1.0,0.9158448348212392,0.2621319560449319,-0.2795880363251091,0.8724794132289716,0.94242875806665,0.9675338361519287,0.9316010747956357,0.9386096111954416,0.9724347090851632,0.9336935679800753,0.8969308007379553,0.9685297569612643,0.958118924896697,0.9240079208811903],[0.9329682411692329,0.9162156318710548,0.9323005634846032,0.937706653980258,0.9269707664173324,0.9043106245311282,0.9058293470118594,0.8998458122249969,0.9172248550664749,0.9375756360899293,0.9227718294379154,0.9342429790999532,0.9192235466471368,0.9129315277516924,0.9229245621714386,0.8986495292128784,0.9143308740863925,0.903646701266263,0.8059651911682809,0.8671852240178065,0.6904059566527138,0.9158448348212392,1.0,0.3008167935552106,-0.1900227473610484,0.7149329553270083,0.9126380791450238,0.8982303958842531,0.8978839967406359,0.857026421190017,0.9345424569457987,0.8713820189717765,0.8396948127624182,0.9295856413157423,0.8841493092753215,0.8566087209438696],[0.36753928129350316,0.3674899243910721,0.196289332406058,0.33515546642031413,0.16143351381990084,0.24374542876108976,0.10333519266118846,0.22177663748096307,0.08105644118539762,0.3402356380662428,-0.1400250694455875,0.07441180621667207,-0.4061411818319663,-0.7502681958394906,-0.13771120966552203,0.09942662301614737,-0.07952232643644645,0.18573290812375862,0.2644290436871753,0.636939169049635,0.7247741693786831,0.2621319560449319,0.3008167935552106,1.0,-0.3815328000666573,0.26392063291757967,0.25204684381365156,0.17343534583619827,0.4628653903289964,0.456282851541871,0.30428472563297626,0.4784430110461467,0.4044756920601384,0.3309162591294149,0.25395896849678967,0.37167616759698485],[-0.2989960856010529,-0.23038668448806873,-0.2232473457779214,-0.28804302880698396,-0.21231087576065194,-0.22042175825927035,-0.15927279865009036,-0.31056578675986907,-0.23310951825192955,-0.2874922325980221,0.38625146062462407,-0.19376183485982437,0.4008092080782103,0.3710015477487647,0.3863104591626273,-0.19929580565032742,0.41383419806091554,-0.2922679765893384,-0.1648625475157963,-0.5252301504978261,-0.11616656634851828,-0.2795880363251091,-0.1900227473610484,-0.3815328000666573,1.0,-0.15670139460677068,-0.2738379440146108,-0.1835119973262469,-0.3869627281450031,-0.3762692058755765,-0.31863400482547743,-0.34516839929052895,-0.2100073040620634,-0.344097326226033,-0.1851709594438263,-0.3173573649960342],[0.8984102348553138,0.8765966173001891,0.8830958147963075,0.8901318439628225,0.8491235868983354,0.932084390266318,0.8943669485640877,0.9065673130776148,0.8848283560396384,0.8908575734787176,0.8899308984070947,0.904343075938228,0.8726045973627113,0.840142174264814,0.8899614687212837,0.9393719979080805,0.9185993320081458,0.9114460952487807,0.8571732910423107,0.7160576832129826,0.5345351551178081,0.8724794132289716,0.7149329553270083,0.26392063291757967,-0.15670139460677068,1.0,0.7698877110152234,0.8863773386186669,0.8220091944398704,0.8655810230629717,0.8302707318230651,0.8733226945691205,0.8687529987914485,0.8606898149756813,0.869093059065091,0.8997005026931156],[0.9284650911167848,0.9223765710284657,0.9406726747535029,0.9392266166437473,0.9467783560034747,0.9014201891595501,0.8965943476139064,0.8804841890988732,0.8848216117154203,0.9374702026777266,0.9077238550669146,0.9231001063170595,0.9061511621639532,0.9031016351210217,0.9066995050875007,0.8898496034522848,0.8981065419448605,0.8757333355938582,0.7521610098726634,0.831997351827134,0.6008295654866584,0.94242875806665,0.9126380791450238,0.25204684381365156,-0.2738379440146108,0.7698877110152234,1.0,0.8911396104451491,0.8852362629343629,0.8717976106870315,0.9143762755341929,0.8709723244149365,0.8350474672918615,0.9165438237431999,0.8962192521845813,0.8601608903340487],[0.9598446665291978,0.9592396411607108,0.9712663529821467,0.9633972838324798,0.9569100471539231,0.9642460380793054,0.9604652366046925,0.9448071667434241,0.9648471736139989,0.9619680386058971,0.9645416360205065,0.9576966068093595,0.96834140867591,0.9646996917213199,0.9640023037075031,0.9613382472012413,0.9666534321937924,0.9447662929509814,0.8556635573645806,0.8135293770044119,0.6080727654691152,0.9675338361519287,0.8982303958842531,0.17343534583619827,-0.1835119973262469,0.8863773386186669,0.8911396104451491,1.0,0.9114557075246666,0.8945921051291389,0.9454691994940329,0.8950282426583063,0.888296192257934,0.9509031104725755,0.9738117716695605,0.8937861217980365],[0.9774042059349899,0.9581936518552702,0.9192332900346966,0.9648143994688826,0.8880720755317778,0.9598176622986117,0.9040236505207974,0.9792948896480514,0.9379570057214611,0.9645638901271697,0.9554140061196945,0.9586872036507754,0.9386115482025927,0.9322452165895434,0.9556416063015905,0.9632464987083935,0.9720420092215901,0.9797842263701915,0.8920692619307773,0.9595319418503557,0.7708872427218696,0.9316010747956357,0.8978839967406359,0.4628653903289964,-0.3869627281450031,0.8220091944398704,0.8852362629343629,0.9114557075246666,1.0,0.9865917764697132,0.9626637615638839,0.9906389489070178,0.9534328116014628,0.959890919116717,0.9166741641289098,0.968771546323073],[0.9646411676725387,0.9524920448491093,0.9075736653762868,0.9583321048487989,0.8832226179414854,0.9344963999415279,0.8714111371119523,0.9571131038382581,0.905784529997139,0.9575294343628021,0.9404858472154826,0.9484636496083337,0.9087205397549497,0.8968118467989803,0.9408128819190728,0.9318242089165794,0.9490941279776678,0.9565412537561965,0.8585988438831508,0.9381978524500127,0.7015596274234249,0.9386096111954416,0.857026421190017,0.456282851541871,-0.3762692058755765,0.8655810230629717,0.8717976106870315,0.8945921051291389,0.9865917764697132,1.0,0.9514697798850158,0.9843716787719426,0.9561696192000452,0.9402555749971598,0.9246451257908386,0.9639669020268747],[0.9789259615098812,0.9700125025040349,0.9662896565216059,0.9808271666948102,0.953449010660897,0.9581169564767569,0.9381098727350557,0.9693863707937413,0.962520328955404,0.9799011516602802,0.9716827530111406,0.9764975850580881,0.9562275658006314,0.9497420580681774,0.9716624251209701,0.9547443804211289,0.9700139106441329,0.9678430662273451,0.8557810171308392,0.8996263532756764,0.6226658412328393,0.9724347090851632,0.9345424569457987,0.30428472563297626,-0.31863400482547743,0.8302707318230651,0.9143762755341929,0.9454691994940329,0.9626637615638839,0.9514697798850158,1.0,0.9525547179173379,0.9131355314705709,0.9784622374132376,0.9627890525313761,0.9435568581522567],[0.970757869546208,0.9570753713500215,0.9119209576314182,0.957903450491786,0.8805033060853777,0.9548918125485647,0.8972216921648012,0.9660851478511481,0.9234148017912905,0.957313812353342,0.9371990360891368,0.9481050337986809,0.9143156016160279,0.914797877853884,0.9376656780262964,0.956072815395589,0.9558770755043737,0.9647699510571813,0.8711910652505596,0.9471076344124973,0.7369722260088739,0.9336935679800753,0.8713820189717765,0.4784430110461467,-0.34516839929052895,0.8733226945691205,0.8709723244149365,0.8950282426583063,0.9906389489070178,0.9843716787719426,0.9525547179173379,1.0,0.9740854363288439,0.9464970285397212,0.9394207574918402,0.964750474100934],[0.940853185757853,0.9399486592185073,0.8881648570607895,0.9250809204799829,0.8499553875511632,0.9525707571862655,0.9041783872878851,0.9375793907173451,0.9042731971970507,0.9237113554420736,0.9021585242326325,0.9195294236380102,0.8707653861594155,0.8488823731463869,0.9026125713126918,0.9516850612170961,0.932596247684025,0.9373074361235934,0.857412225745254,0.9005781653059914,0.7520578790220019,0.8969308007379553,0.8396948127624182,0.4044756920601384,-0.2100073040620634,0.8687529987914485,0.8350474672918615,0.888296192257934,0.9534328116014628,0.9561696192000452,0.9131355314705709,0.9740854363288439,1.0,0.9072401101281364,0.9299215861255307,0.9545243051432494],[0.9825972624889582,0.9731034824250779,0.9639939524307106,0.9794427608067391,0.9452515320560834,0.9629738482973301,0.9364357356419535,0.963758456483499,0.9535039737152079,0.9786840484404953,0.9695884158914704,0.9751512772296054,0.9671706436020648,0.9679815571429191,0.9695538564789312,0.9650442774300761,0.9758898945489777,0.9629934263658252,0.8549099455004633,0.9005412680718261,0.6619738574402546,0.9685297569612643,0.9295856413157423,0.3309162591294149,-0.344097326226033,0.8606898149756813,0.9165438237431999,0.9509031104725755,0.959890919116717,0.9402555749971598,0.9784622374132376,0.9464970285397212,0.9072401101281364,1.0,0.9597528633317817,0.9443595123603927],[0.9748229229321774,0.9661575489335694,0.9713756422441413,0.9727320463002461,0.9518897365777068,0.9796470760707129,0.9689478831099135,0.9616906744942968,0.9738571925205848,0.9716433057143022,0.9808753888430333,0.9713652189344508,0.977929659990797,0.9760600470678659,0.9808438190772321,0.9789537402054902,0.9866726077880384,0.9597559348622108,0.8757827272038096,0.8517600592834731,0.6297501604646144,0.958118924896697,0.8841493092753215,0.25395896849678967,-0.1851709594438263,0.869093059065091,0.8962192521845813,0.9738117716695605,0.9166741641289098,0.9246451257908386,0.9627890525313761,0.9394207574918402,0.9299215861255307,0.9597528633317817,1.0,0.9231415101315416],[0.9558157227834407,0.9507720736133203,0.9161084060547213,0.944669005628518,0.8835617611429055,0.9579727250548958,0.9133598808813257,0.9678500929884473,0.9284214261897257,0.9431699351140946,0.9388106544881895,0.9471493704882574,0.9311514047182146,0.9252484217456235,0.9393394227898776,0.9621858289208954,0.9626495288269672,0.9689828644758088,0.8956044167124511,0.8866057424688097,0.6801393890962154,0.9240079208811903,0.8566087209438696,0.37167616759698485,-0.3173573649960342,0.8997005026931156,0.8601608903340487,0.8937861217980365,0.968771546323073,0.9639669020268747,0.9435568581522567,0.964750474100934,0.9545243051432494,0.9443595123603927,0.9231415101315416,1.0]],"x":["^TAIEX       \u81fa\u7063\u52a0\u6b0a\u5831\u916c\u6307\u6578","^TWII        \u81fa\u7063\u52a0\u6b0a\u6307\u6578","^TAIEXx2     \u81fa\u7063\u52a0\u6b0a\u5831\u916c\u6307\u6578_\u65e5\u6b632","^TAI50I      \u81fa\u706350\u5831\u916c\u6307\u6578","^TAI50Ix2    \u81fa\u706350\u5831\u916c\u6307\u6578_\u65e5\u6b632","^TAI100I     \u81fa\u7063\u4e2d\u578b100\u5831\u916c\u6307\u6578","^TAI100Ix2   \u81fa\u7063\u4e2d\u578b100\u5831\u916c\u6307\u6578_\u65e5\u6b632","^TAIDIVIDI   \u81fa\u7063\u9ad8\u80a1\u606f\u5831\u916c\u6307\u6578","^TAIDIVIDIx2 \u81fa\u7063\u9ad8\u80a1\u606f\u5831\u916c\u6307\u6578_\u65e5\u6b632","0050Fund     \u5143\u5927\u53f0\u7063\u5353\u8d8a50\u57fa\u91d1","006208Fund   \u5bcc\u90a6\u53f0\u7063\u91c6\u540950\u57fa\u91d1","0050         \u5143\u5927\u81fa\u706350","00631L       \u5143\u5927\u53f0\u706350\u6b632","00675L       \u5bcc\u90a6\u81fa\u7063\u52a0\u6b0a\u6b632","006208       \u5bcc\u90a6\u53f050","0051         \u5143\u5927\u4e2d\u578b100","006204       \u6c38\u8c50\u81fa\u7063\u52a0\u6b0a","0056         \u5143\u5927\u9ad8\u80a1\u606f","0056         \u5143\u5927\u9ad8\u80a1\u606f_\u80a1\u606f\u4e0d\u6295\u5165","2412         \u4e2d\u83ef\u96fb\u4fe1","2002         \u4e2d\u92fc","2330         \u53f0\u7a4d\u96fb","2317         \u9d3b\u6d77","6505         \u53f0\u5851\u77f3\u5316","3481         \u7fa4\u5275","2303         \u806f\u96fb","2308         \u53f0\u9054\u96fb","2454         \u806f\u767c\u79d1","2886         \u5146\u8c50\u91d1","2884         \u7389\u5c71\u91d1","2891         \u4e2d\u4fe1\u91d1","2892         \u7b2c\u4e00\u91d1","5880         \u5408\u5eab\u91d1","2881         \u5bcc\u90a6\u91d1","2885         \u5143\u5927\u91d1","2887         \u53f0\u65b0\u91d1"],"y":["^TAIEX       \u81fa\u7063\u52a0\u6b0a\u5831\u916c\u6307\u6578","^TWII        \u81fa\u7063\u52a0\u6b0a\u6307\u6578","^TAIEXx2     \u81fa\u7063\u52a0\u6b0a\u5831\u916c\u6307\u6578_\u65e5\u6b632","^TAI50I      \u81fa\u706350\u5831\u916c\u6307\u6578","^TAI50Ix2    \u81fa\u706350\u5831\u916c\u6307\u6578_\u65e5\u6b632","^TAI100I     \u81fa\u7063\u4e2d\u578b100\u5831\u916c\u6307\u6578","^TAI100Ix2   \u81fa\u7063\u4e2d\u578b100\u5831\u916c\u6307\u6578_\u65e5\u6b632","^TAIDIVIDI   \u81fa\u7063\u9ad8\u80a1\u606f\u5831\u916c\u6307\u6578","^TAIDIVIDIx2 \u81fa\u7063\u9ad8\u80a1\u606f\u5831\u916c\u6307\u6578_\u65e5\u6b632","0050Fund     \u5143\u5927\u53f0\u7063\u5353\u8d8a50\u57fa\u91d1","006208Fund   \u5bcc\u90a6\u53f0\u7063\u91c6\u540950\u57fa\u91d1","0050         \u5143\u5927\u81fa\u706350","00631L       \u5143\u5927\u53f0\u706350\u6b632","00675L       \u5bcc\u90a6\u81fa\u7063\u52a0\u6b0a\u6b632","006208       \u5bcc\u90a6\u53f050","0051         \u5143\u5927\u4e2d\u578b100","006204       \u6c38\u8c50\u81fa\u7063\u52a0\u6b0a","0056         \u5143\u5927\u9ad8\u80a1\u606f","0056         \u5143\u5927\u9ad8\u80a1\u606f_\u80a1\u606f\u4e0d\u6295\u5165","2412         \u4e2d\u83ef\u96fb\u4fe1","2002         \u4e2d\u92fc","2330         \u53f0\u7a4d\u96fb","2317         \u9d3b\u6d77","6505         \u53f0\u5851\u77f3\u5316","3481         \u7fa4\u5275","2303         \u806f\u96fb","2308         \u53f0\u9054\u96fb","2454         \u806f\u767c\u79d1","2886         \u5146\u8c50\u91d1","2884         \u7389\u5c71\u91d1","2891         \u4e2d\u4fe1\u91d1","2892         \u7b2c\u4e00\u91d1","5880         \u5408\u5eab\u91d1","2881         \u5bcc\u90a6\u91d1","2885         \u5143\u5927\u91d1","2887         \u53f0\u65b0\u91d1"],"zmin":-1,"zmax":1,"colorbar":{"x":-0.2}}],"layout":{"autotypenumbers":"strict","colorway":["#636efa","#EF553B","#00cc96","#ab63fa","#FFA15A","#19d3f3","#FF6692","#B6E880","#FF97FF","#FECB52"],"font":{"color":"#f2f5fa","family":"Courier New"},"hovermode":"closest","hoverlabel":{"align":"left"},"paper_bgcolor":"rgb(17,17,17)","plot_bgcolor":"rgb(17,17,17)","polar":{"bgcolor":"rgb(17,17,17)","angularaxis":{"gridcolor":"#506784","linecolor":"#506784","ticks":""},"radialaxis":{"gridcolor":"#506784","linecolor":"#506784","ticks":""}},"ternary":{"bgcolor":"rgb(17,17,17)","aaxis":{"gridcolor":"#506784","linecolor":"#506784","ticks":""},"baxis":{"gridcolor":"#506784","linecolor":"#506784","ticks":""},"caxis":{"gridcolor":"#506784","linecolor":"#506784","ticks":""}},"coloraxis":{"colorbar":{"outlinewidth":0,"ticks":""}},"colorscale":{"sequential":[[0.0,"#0d0887"],[0.1111111111111111,"#46039f"],[0.2222222222222222,"#7201a8"],[0.3333333333333333,"#9c179e"],[0.4444444444444444,"#bd3786"],[0.5555555555555556,"#d8576b"],[0.6666666666666666,"#ed7953"],[0.7777777777777778,"#fb9f3a"],[0.8888888888888888,"#fdca26"],[1.0,"#f0f921"]],"sequentialminus":[[0.0,"#0d0887"],[0.1111111111111111,"#46039f"],[0.2222222222222222,"#7201a8"],[0.3333333333333333,"#9c179e"],[0.4444444444444444,"#bd3786"],[0.5555555555555556,"#d8576b"],[0.6666666666666666,"#ed7953"],[0.7777777777777778,"#fb9f3a"],[0.8888888888888888,"#fdca26"],[1.0,"#f0f921"]],"diverging":[[0,"#8e0152"],[0.1,"#c51b7d"],[0.2,"#de77ae"],[0.3,"#f1b6da"],[0.4,"#fde0ef"],[0.5,"#f7f7f7"],[0.6,"#e6f5d0"],[0.7,"#b8e186"],[0.8,"#7fbc41"],[0.9,"#4d9221"],[1,"#276419"]]},"xaxis":{"gridcolor":"rgba(0, 0, 0, 0)","linecolor":"#506784","ticks":"","title":{"standoff":15},"zerolinecolor":"#283442","automargin":true,"zerolinewidth":2,"tickfont":{"family":"Courier New","size":14},"side":"top","tickangle":-90},"yaxis":{"gridcolor":"rgba(0, 0, 0, 0)","linecolor":"#506784","ticks":"","title":{"standoff":15},"zerolinecolor":"#283442","automargin":true,"zerolinewidth":2,"tickfont":{"family":"Courier New"},"side":"right"},"scene":{"xaxis":{"backgroundcolor":"rgb(17,17,17)","gridcolor":"#506784","linecolor":"#506784","showbackground":true,"ticks":"","zerolinecolor":"#C8D4E3","gridwidth":2},"yaxis":{"backgroundcolor":"rgb(17,17,17)","gridcolor":"#506784","linecolor":"#506784","showbackground":true,"ticks":"","zerolinecolor":"#C8D4E3","gridwidth":2},"zaxis":{"backgroundcolor":"rgb(17,17,17)","gridcolor":"#506784","linecolor":"#506784","showbackground":true,"ticks":"","zerolinecolor":"#C8D4E3","gridwidth":2}},"shapedefaults":{"line":{"color":"#f2f5fa"}},"annotationdefaults":{"arrowcolor":"#f2f5fa","arrowhead":0,"arrowwidth":1},"geo":{"bgcolor":"rgb(17,17,17)","landcolor":"rgb(17,17,17)","subunitcolor":"#506784","showland":true,"showlakes":true,"lakecolor":"rgb(17,17,17)"},"title":{"x":0.05,"font":{"family":"Times New Roman"},"y":0.05,"text":"<b>Correlation of Adj Close<b><br><i>2016-09-23 ~ 2025-12-04<i>"},"updatemenudefaults":{"bgcolor":"#506784","borderwidth":0},"sliderdefaults":{"bgcolor":"#C8D4E3","borderwidth":1,"bordercolor":"rgb(17,17,17)","tickwidth":0},"mapbox":{"style":"dark"},"annotations":[{"text":"<b>@zwindr<b>","textangle":0,"opacity":0.5,"font":{"color":"white","size":12},"xref":"paper","yref":"paper","xanchor":"left","yanchor":"bottom","x":1.0,"y":1.0,"showarrow":false}]},"config":{"responsive":true,"toImageButtonOptions":{"filename":"Correlation of Adj Close_2016-09-23~2025-12-04","scale":5}}};Plotly.newPlot("correlationAdjClose",correlationAdjClose.data,correlationAdjClose.layout||{},correlationAdjClose.config);}else{console.log("style display is none => correlationAdjClose");}