var element=document.getElementById("correlationAdjClose");if(element.style.display!='none'){var correlationAdjClose={"data":[{"type":"heatmap","z":[[1.0,0.996648968049501,0.947329487304767,0.9965171437077309,0.9153896338233257,0.9894031082479205,0.9627979160962656,0.9813318435953134,0.9806981795158171,0.9966270898624671,0.9967366491821203,0.9968609556904748,0.8859376218461577,0.9802303281779045,0.9968326437270787,0.9899376090659948,0.9997929693074498,0.9812749150129089,0.905341636856496,0.8806272607710772,0.5721139961956846,0.9872199007187493,0.9464099940771543,0.25909036236920746,-0.1531857702733017,0.9182963315143201,0.8972059896635828,0.9417461401964389,0.9326399983523653,0.933493728249664,0.9849796999724952,0.9331049680812663,0.8851499538997573,0.9727892407720908,0.9841345156160343,0.9634542558382593],[0.996648968049501,1.0,0.9531713667683751,0.9945732649445557,0.9222218949163168,0.985917544011732,0.9651670393769225,0.9721246436099955,0.9783758387245352,0.9955157685624071,0.9969722236295807,0.996547251330887,0.8952959157893883,0.984311658323545,0.9970163926345919,0.9857333869076319,0.9980280151277806,0.9740392308371224,0.9152647810902514,0.8659853089842392,0.5942898850841665,0.9793300294265417,0.9289695748720183,0.25042256074871283,-0.08951701201655128,0.9079384996831127,0.902421228242483,0.946619641448072,0.9126373796354506,0.9181226463061747,0.9785335340795117,0.9150524731425473,0.8796341527840859,0.963104902301997,0.9795016469015844,0.9577835334980898],[0.947329487304767,0.9531713667683751,1.0,0.966147828909061,0.9951289315000627,0.9373258001170668,0.9828721853407411,0.894241071895783,0.9577747966619965,0.9664209664424271,0.9742639371368655,0.9706457890019465,0.9187084310817915,0.9975965235477708,0.9739649332774947,0.934835078068021,0.9584314003421265,0.895355751427326,0.8187636088358682,0.709426277909944,0.3683428742978125,0.9702479503903696,0.880534329169412,0.08324717498693189,-0.023845182879632453,0.9081475413683745,0.9714232315013607,0.9738066388980433,0.7784119450211551,0.7894903469857749,0.9312525126911968,0.7835428104670645,0.72554008044448,0.8808627274641934,0.9537104545015439,0.8817917402207668],[0.9965171437077309,0.9945732649445557,0.966147828909061,1.0,0.9406549984342013,0.9812828585637569,0.9686443408068859,0.966556879904162,0.9781112848380958,0.9999833356778157,0.9999954572255484,0.999975807535766,0.8968354840309476,0.9868252067275222,0.9999707115188714,0.9797386328360391,0.9962317671989979,0.9663618468086784,0.8834344666787453,0.8492559142136417,0.521141493241045,0.9957708295726028,0.9428327460265752,0.2193122409851755,-0.1305042161925936,0.9152566382712526,0.9220506756295288,0.9522446059567652,0.9050381499615713,0.9126631299547082,0.9834327746077103,0.9065168088037873,0.8534746890773395,0.9603998973512292,0.9834179310551355,0.9501515729495194],[0.9153896338233257,0.9222218949163168,0.9951289315000627,0.9406549984342013,1.0,0.9002670943868835,0.9634290956558543,0.8507348946600864,0.9285573590027213,0.9415324207997908,0.9543508575959432,0.9487155742034031,0.9131306928271475,0.9881315837922228,0.9538971888883756,0.8978676655238206,0.9305908913096451,0.8521348514381012,0.7720995025128162,0.6545012219288299,0.3080532984601734,0.9489118428597596,0.8468170856879824,0.050363286587583794,0.0009069693012322827,0.8772824258363429,0.9792272738089994,0.9596926872754804,0.7201320943600799,0.7372468524462388,0.8996675138011845,0.7269740728182419,0.6622089550618222,0.8370553047919149,0.9235392497104267,0.8388000176318309],[0.9894031082479205,0.985917544011732,0.9373258001170668,0.9812828585637569,0.9002670943868835,1.0,0.9723170792849019,0.9819719738035083,0.9831450942993906,0.9809312376485999,0.9763996218914085,0.9791418297203592,0.863225274873524,0.9506797010970943,0.9765038181042414,0.9999316431839584,0.9906767376632972,0.9829452175987279,0.9124605816277204,0.8557871645088855,0.5440694693500725,0.9743829277127662,0.9305916869306214,0.15781092021734708,-0.10445570724072523,0.935754312441437,0.873493822303146,0.9362630133737165,0.9272696928643842,0.9175632037435889,0.9719718031819594,0.928516633489044,0.9026290363375652,0.9628936539872751,0.9849058172167223,0.966804546047373],[0.9627979160962656,0.9651670393769225,0.9828721853407411,0.9686443408068859,0.9634290956558543,0.9723170792849019,1.0,0.932535625499817,0.9832256663166439,0.9680547174453973,0.9769329804237322,0.9733798914613808,0.9058384778806382,0.986446440719336,0.9767787185039135,0.9733047699648947,0.9765999384629623,0.9355466015861685,0.8606351744159876,0.7450482081026328,0.39493989075204433,0.9690743811530561,0.9061816733179048,0.02925159256582195,-0.016085773959825436,0.9252335355338093,0.933851261483753,0.9692332574791578,0.8261115832249225,0.8189031021420542,0.9459696341401997,0.8290737398705593,0.7963287265074633,0.9089535917663311,0.975621856818812,0.9138032726720495],[0.9813318435953134,0.9721246436099955,0.894241071895783,0.966556879904162,0.8507348946600864,0.9819719738035083,0.932535625499817,1.0,0.9741094125106636,0.9664731735946914,0.9625971147892859,0.9656420083186796,0.8274800392699168,0.9246135846940966,0.9629169497849218,0.9837730540194096,0.9792795583313247,0.9999005159608165,0.9416061780138464,0.9236970328579783,0.5354074894130975,0.9548577962577591,0.9255995447195515,0.13229868557620805,-0.19737106071369998,0.9114119105472555,0.8111336197309635,0.9004624615148163,0.9645608583836135,0.9513128309016785,0.9714339682191634,0.9569625497792397,0.9156566291151561,0.9714363274560972,0.959653000342832,0.97450857006802],[0.9806981795158171,0.9783758387245352,0.9577747966619965,0.9781112848380958,0.9285573590027213,0.9831450942993906,0.9832256663166439,0.9741094125106636,1.0,0.977822255939908,0.9748818561776286,0.9769729487289129,0.8792079659300343,0.9640777870709136,0.9749277844208079,0.9822663050737588,0.9799563860204884,0.9744811493234513,0.910220315554519,0.8329361991700156,0.4141271597176521,0.972085418253465,0.9302492179909588,-0.003688699391963674,-0.08691466951077306,0.9265167870630767,0.8828547369304988,0.9607624355748838,0.8890290784173774,0.8740745039460392,0.969779925352664,0.8838793530005896,0.8384021235792579,0.9475862472577558,0.9819885698635806,0.9399702031752991],[0.9966270898624671,0.9955157685624071,0.9664209664424271,0.9999833356778157,0.9415324207997908,0.9809312376485999,0.9680547174453973,0.9664731735946914,0.977822255939908,1.0,0.9999952535028509,0.9999854237916698,0.8989437530505174,0.9870496015498066,0.9999716711494565,0.9795570454586378,0.9961373731790052,0.9662956029959061,0.8852736524449759,0.8491616871426938,0.5104724738237756,0.9959648334721423,0.9434910723067763,0.22095972274897105,-0.12427653229638735,0.9164383767005447,0.9220349314642741,0.9516198107297809,0.90271345976188,0.9098130821754052,0.9829338851289465,0.9041062810136513,0.8498225669918883,0.9591449154458195,0.9831996432942214,0.9493232701888599],[0.9967366491821203,0.9969722236295807,0.9742639371368655,0.9999954572255484,0.9543508575959432,0.9763996218914085,0.9769329804237322,0.9625971147892859,0.9748818561776286,0.9999952535028509,1.0,0.9999803238462525,0.8989732439016883,0.9868962175399878,0.9999733762655748,0.9761157033430877,0.9960647603240964,0.9635967849803506,0.9022284973722658,0.8794985697628426,0.334700776432902,0.9977732005033916,0.9347251544237405,-0.22901615358747085,0.6738325197649141,0.9137863284811681,0.9177503665081476,0.9532699749691187,0.8817504343082436,0.8861680204291831,0.9786778625047655,0.8750883031928562,0.8003474108065395,0.949137273581804,0.9879185417822481,0.9482452158382575],[0.9968609556904748,0.996547251330887,0.9706457890019465,0.999975807535766,0.9487155742034031,0.9791418297203592,0.9733798914613808,0.9656420083186796,0.9769729487289129,0.9999854237916698,0.9999803238462525,1.0,0.8990905557680258,0.9871269591947104,0.9999797525348146,0.978873869367955,0.9960595694180463,0.9661105122257434,0.8928244659037515,0.8667247630100571,0.4197066481326769,0.9972500911148617,0.9424072677599643,-0.04109553083780403,0.1291527643924715,0.9230549355348577,0.9187732660685277,0.9494908967120603,0.8904095446153231,0.8950829471692066,0.9805520137388872,0.8895618943198642,0.8311980245515819,0.9548403397050944,0.9836088955847373,0.9494562558125675],[0.8859376218461577,0.8952959157893883,0.9187084310817915,0.8968354840309476,0.9131306928271475,0.863225274873524,0.9058384778806382,0.8274800392699168,0.8792079659300343,0.8989437530505174,0.8989732439016883,0.8990905557680258,1.0,0.9998951612409435,0.8987064209566377,0.8643680611013584,0.8872265414471174,0.8310211068838534,0.7716645206903653,0.7002051493443102,0.15478853088038774,0.8934122672052827,0.8214042901294488,-0.46570101019093446,0.713944948584593,0.8239183518235728,0.8921896919268361,0.9011037962184701,0.7017785874145172,0.7031461111940738,0.8630645447249438,0.6937834813053648,0.5974406111920574,0.820394571904444,0.8845428719138595,0.8301486528456568],[0.9802303281779045,0.984311658323545,0.9975965235477708,0.9868252067275222,0.9881315837922228,0.9506797010970943,0.986446440719336,0.9246135846940966,0.9640777870709136,0.9870496015498066,0.9868962175399878,0.9871269591947104,0.9998951612409435,1.0,0.9869334802094203,0.9499677607936525,0.97854098602616,0.9270703838024607,0.8618551426349209,0.8337943871667984,0.053884099318614646,0.9779049949450518,0.8863203602183738,-0.6325586305049214,0.7563970272110081,0.8968311751077057,0.9595692258181939,0.9704527795991641,0.7859265307555638,0.8007921887865516,0.9458740988885375,0.7974249156011234,0.661755654146103,0.8948623117547015,0.9685222501293634,0.923187935740442],[0.9968326437270787,0.9970163926345919,0.9739649332774947,0.9999707115188714,0.9538971888883756,0.9765038181042414,0.9767787185039135,0.9629169497849218,0.9749277844208079,0.9999716711494565,0.9999733762655748,0.9999797525348146,0.8987064209566377,0.9869334802094203,1.0,0.976235694157739,0.9961532890563461,0.9639439556981538,0.9027934159211926,0.8802582274605122,0.33606852686472305,0.9976592796140877,0.9347528348306697,-0.22675433340270856,0.6737743609474833,0.9140457416549813,0.9170816948651674,0.9529967339205836,0.8824351052296096,0.8868180439956155,0.978705060888529,0.8758904668919731,0.8013440114015883,0.9493317315765951,0.9879689183639382,0.948734461240134],[0.9899376090659948,0.9857333869076319,0.934835078068021,0.9797386328360391,0.8978676655238206,0.9999316431839584,0.9733047699648947,0.9837730540194096,0.9822663050737588,0.9795570454586378,0.9761157033430877,0.978873869367955,0.8643680611013584,0.9499677607936525,0.976235694157739,1.0,0.9906052289763676,0.9834099007768056,0.9154986893994815,0.8794456023150798,0.510186732650866,0.9727429735425694,0.9280813194441518,0.005099374452844584,0.002425542814097868,0.9400388047299075,0.8660885357597917,0.9323743701971362,0.9284628509255118,0.9137930972088041,0.9701778321013338,0.9282473473187198,0.8965851597788908,0.9651047257791563,0.9840764492801604,0.9692184982751397],[0.9997929693074498,0.9980280151277806,0.9584314003421265,0.9962317671989979,0.9305908913096451,0.9906767376632972,0.9765999384629623,0.9792795583313247,0.9799563860204884,0.9961373731790052,0.9960647603240964,0.9960595694180463,0.8872265414471174,0.97854098602616,0.9961532890563461,0.9906052289763676,1.0,0.9800197529998568,0.924991723899696,0.9034170067211607,0.4083625615438335,0.9915161380354373,0.9364241018519637,-0.1777473132764986,0.659942460367051,0.9287857847442101,0.8931381732985665,0.9457232467753671,0.9152937029707111,0.9106034132538959,0.9806559198818331,0.9083639664758382,0.8498114388575714,0.9645370707056584,0.9919725636674781,0.9675126578635144],[0.9812749150129089,0.9740392308371224,0.895355751427326,0.9663618468086784,0.8521348514381012,0.9829452175987279,0.9355466015861685,0.9999005159608165,0.9744811493234513,0.9662956029959061,0.9635967849803506,0.9661105122257434,0.8310211068838534,0.9270703838024607,0.9639439556981538,0.9834099007768056,0.9800197529998568,1.0,0.9441757390548593,0.9288618828958279,0.527710508953502,0.9540859145656586,0.9286487130405667,0.09297347864909666,-0.10025981238089376,0.9161077972825608,0.8100229982710567,0.9018665498699572,0.9636255205256401,0.9495669814890468,0.9704883551785997,0.9546165909661832,0.912890731882592,0.970791974014589,0.958941900314851,0.975074592841863],[0.905341636856496,0.9152647810902514,0.8187636088358682,0.8834344666787453,0.7720995025128162,0.9124605816277204,0.8606351744159876,0.9416061780138464,0.910220315554519,0.8852736524449759,0.9022284973722658,0.8928244659037515,0.7716645206903653,0.8618551426349209,0.9027934159211926,0.9154986893994815,0.924991723899696,0.9441757390548593,1.0,0.8441931734723458,0.6105158765958424,0.8604348129668346,0.8445952404124808,0.17760212516075016,-0.008743895954115635,0.8751761903266325,0.7204808893840811,0.8382349823588577,0.8970451562037999,0.8711789325056583,0.8782291455432526,0.8813441905765289,0.8539916127334362,0.8841202317923866,0.8869190046075165,0.9132212680442817],[0.8806272607710772,0.8659853089842392,0.709426277909944,0.8492559142136417,0.6545012219288299,0.8557871645088855,0.7450482081026328,0.9236970328579783,0.8329361991700156,0.8491616871426938,0.8794985697628426,0.8667247630100571,0.7002051493443102,0.8337943871667984,0.8802582274605122,0.8794456023150798,0.9034170067211607,0.9288618828958279,0.8441931734723458,1.0,0.8018168621411361,0.8040560009802896,0.8665443223123198,0.5839282377013003,-0.44668625133950735,0.698649736129166,0.6621599265967287,0.7233409580996449,0.9633809258554265,0.9434138545045522,0.871685271271393,0.9522896912864716,0.9100933156734208,0.897984875065123,0.8197408493182147,0.876908801586964],[0.5721139961956846,0.5942898850841665,0.3683428742978125,0.521141493241045,0.3080532984601734,0.5440694693500725,0.39493989075204433,0.5354074894130975,0.4141271597176521,0.5104724738237756,0.334700776432902,0.4197066481326769,0.15478853088038774,0.053884099318614646,0.33606852686472305,0.510186732650866,0.4083625615438335,0.527710508953502,0.6105158765958424,0.8018168621411361,1.0,0.4730756489037352,0.6259073739264667,0.7209857627191639,-0.11464110315258708,0.4423488191622672,0.3627029283936414,0.4383505569257355,0.7455154791197002,0.6675057419853376,0.5277617979773448,0.7009308129367674,0.7371530918860543,0.6018837512749804,0.526597624246597,0.6002352726259623],[0.9872199007187493,0.9793300294265417,0.9702479503903696,0.9957708295726028,0.9489118428597596,0.9743829277127662,0.9690743811530561,0.9548577962577591,0.972085418253465,0.9959648334721423,0.9977732005033916,0.9972500911148617,0.8934122672052827,0.9779049949450518,0.9976592796140877,0.9727429735425694,0.9915161380354373,0.9540859145656586,0.8604348129668346,0.8040560009802896,0.4730756489037352,1.0,0.9226652349286343,0.16008337127805458,-0.11632918256586221,0.8994876259991537,0.9307895630348905,0.949275867479123,0.8726220128559369,0.892284304571318,0.9765620822851645,0.8825741588744345,0.8257605059013481,0.9478214600825179,0.9733871169497098,0.9339290267714455],[0.9464099940771543,0.9289695748720183,0.880534329169412,0.9428327460265752,0.8468170856879824,0.9305916869306214,0.9061816733179048,0.9255995447195515,0.9302492179909588,0.9434910723067763,0.9347251544237405,0.9424072677599643,0.8214042901294488,0.8863203602183738,0.9347528348306697,0.9280813194441518,0.9364241018519637,0.9286487130405667,0.8445952404124808,0.8665443223123198,0.6259073739264667,0.9226652349286343,1.0,0.22716108657778603,-0.0935837293219952,0.7731182091947265,0.8280825203103193,0.8694504849316925,0.8998704260886426,0.8750799927680122,0.9494308337370077,0.8817483101081138,0.8399817561338392,0.9455247196904405,0.9080819202908685,0.892604491925747],[0.25909036236920746,0.25042256074871283,0.08324717498693189,0.2193122409851755,0.050363286587583794,0.15781092021734708,0.02925159256582195,0.13229868557620805,-0.003688699391963674,0.22095972274897105,-0.22901615358747085,-0.04109553083780403,-0.46570101019093446,-0.6325586305049214,-0.22675433340270856,0.005099374452844584,-0.1777473132764986,0.09297347864909666,0.17760212516075016,0.5839282377013003,0.7209857627191639,0.16008337127805458,0.22716108657778603,1.0,-0.38102887491631526,0.17577352020756332,0.08945292173031613,0.08562793355979456,0.4149035078980205,0.40030622941607324,0.21337353038368487,0.4250113279137051,0.3705316522911078,0.26368528511097383,0.16501212650511252,0.28642519973400216],[-0.1531857702733017,-0.08951701201655128,-0.023845182879632453,-0.1305042161925936,0.0009069693012322827,-0.10445570724072523,-0.016085773959825436,-0.19737106071369998,-0.08691466951077306,-0.12427653229638735,0.6738325197649141,0.1291527643924715,0.713944948584593,0.7563970272110081,0.6737743609474833,0.002425542814097868,0.659942460367051,-0.10025981238089376,-0.008743895954115635,-0.44668625133950735,-0.11464110315258708,-0.11632918256586221,-0.0935837293219952,-0.38102887491631526,1.0,-0.01719707467254184,-0.020749160873307637,-0.003959472469704326,-0.31655046349937077,-0.3009543550557642,-0.17168819332442145,-0.2746091105018424,-0.16785495170448442,-0.23030545079661457,-0.05267470172212893,-0.19248198542858042],[0.9182963315143201,0.9079384996831127,0.9081475413683745,0.9152566382712526,0.8772824258363429,0.935754312441437,0.9252335355338093,0.9114119105472555,0.9265167870630767,0.9164383767005447,0.9137863284811681,0.9230549355348577,0.8239183518235728,0.8968311751077057,0.9140457416549813,0.9400388047299075,0.9287857847442101,0.9161077972825608,0.8751761903266325,0.698649736129166,0.4423488191622672,0.8994876259991537,0.7731182091947265,0.17577352020756332,-0.01719707467254184,1.0,0.8308869390523497,0.9291260067408443,0.7875483908374548,0.8264221060280625,0.8716766412272478,0.8300622654537617,0.797113750142939,0.8696559413792517,0.9065519400715607,0.9054225941932346],[0.8972059896635828,0.902421228242483,0.9714232315013607,0.9220506756295288,0.9792272738089994,0.873493822303146,0.933851261483753,0.8111336197309635,0.8828547369304988,0.9220349314642741,0.9177503665081476,0.9187732660685277,0.8921896919268361,0.9595692258181939,0.9170816948651674,0.8660885357597917,0.8931381732985665,0.8100229982710567,0.7204808893840811,0.6621599265967287,0.3627029283936414,0.9307895630348905,0.8280825203103193,0.08945292173031613,-0.020749160873307637,0.8308869390523497,1.0,0.9240535713056722,0.7084475107653698,0.7226473180687955,0.874983816687951,0.7105956140760382,0.6490309940823051,0.8119654203468174,0.8950195858238674,0.8172465475471139],[0.9417461401964389,0.946619641448072,0.9738066388980433,0.9522446059567652,0.9596926872754804,0.9362630133737165,0.9692332574791578,0.9004624615148163,0.9607624355748838,0.9516198107297809,0.9532699749691187,0.9494908967120603,0.9011037962184701,0.9704527795991641,0.9529967339205836,0.9323743701971362,0.9457232467753671,0.9018665498699572,0.8382349823588577,0.7233409580996449,0.4383505569257355,0.949275867479123,0.8694504849316925,0.08562793355979456,-0.003959472469704326,0.9291260067408443,0.9240535713056722,1.0,0.8000647379174122,0.8002405290844582,0.9219302639247583,0.7947423080857677,0.7549364880021848,0.8919490224468343,0.9556613281711488,0.8755537858459684],[0.9326399983523653,0.9126373796354506,0.7784119450211551,0.9050381499615713,0.7201320943600799,0.9272696928643842,0.8261115832249225,0.9645608583836135,0.8890290784173774,0.90271345976188,0.8817504343082436,0.8904095446153231,0.7017785874145172,0.7859265307555638,0.8824351052296096,0.9284628509255118,0.9152937029707111,0.9636255205256401,0.8970451562037999,0.9633809258554265,0.7455154791197002,0.8726220128559369,0.8998704260886426,0.4149035078980205,-0.31655046349937077,0.7875483908374548,0.7084475107653698,0.8000647379174122,1.0,0.9874475769950332,0.9295226968649872,0.9916277541122513,0.9570888845940483,0.9537478153944573,0.8793005261406375,0.9503174245826242],[0.933493728249664,0.9181226463061747,0.7894903469857749,0.9126631299547082,0.7372468524462388,0.9175632037435889,0.8189031021420542,0.9513128309016785,0.8740745039460392,0.9098130821754052,0.8861680204291831,0.8950829471692066,0.7031461111940738,0.8007921887865516,0.8868180439956155,0.9137930972088041,0.9106034132538959,0.9495669814890468,0.8711789325056583,0.9434138545045522,0.6675057419853376,0.892284304571318,0.8750799927680122,0.40030622941607324,-0.3009543550557642,0.8264221060280625,0.7226473180687955,0.8002405290844582,0.9874475769950332,1.0,0.931131350420333,0.9864287201825438,0.9570058914179874,0.9428658120661022,0.8972205196813632,0.9532266321016275],[0.9849796999724952,0.9785335340795117,0.9312525126911968,0.9834327746077103,0.8996675138011845,0.9719718031819594,0.9459696341401997,0.9714339682191634,0.969779925352664,0.9829338851289465,0.9786778625047655,0.9805520137388872,0.8630645447249438,0.9458740988885375,0.978705060888529,0.9701778321013338,0.9806559198818331,0.9704883551785997,0.8782291455432526,0.871685271271393,0.5277617979773448,0.9765620822851645,0.9494308337370077,0.21337353038368487,-0.17168819332442145,0.8716766412272478,0.874983816687951,0.9219302639247583,0.9295226968649872,0.931131350420333,1.0,0.9268886869703296,0.8728031074860173,0.9757423706933004,0.9747683266404538,0.9586885019864457],[0.9331049680812663,0.9150524731425473,0.7835428104670645,0.9065168088037873,0.7269740728182419,0.928516633489044,0.8290737398705593,0.9569625497792397,0.8838793530005896,0.9041062810136513,0.8750883031928562,0.8895618943198642,0.6937834813053648,0.7974249156011234,0.8758904668919731,0.9282473473187198,0.9083639664758382,0.9546165909661832,0.8813441905765289,0.9522896912864716,0.7009308129367674,0.8825741588744345,0.8817483101081138,0.4250113279137051,-0.2746091105018424,0.8300622654537617,0.7105956140760382,0.7947423080857677,0.9916277541122513,0.9864287201825438,0.9268886869703296,1.0,0.9740475393905982,0.9458945827515648,0.9013644739753488,0.950540960283242],[0.8851499538997573,0.8796341527840859,0.72554008044448,0.8534746890773395,0.6622089550618222,0.9026290363375652,0.7963287265074633,0.9156566291151561,0.8384021235792579,0.8498225669918883,0.8003474108065395,0.8311980245515819,0.5974406111920574,0.661755654146103,0.8013440114015883,0.8965851597788908,0.8498114388575714,0.912890731882592,0.8539916127334362,0.9100933156734208,0.7371530918860543,0.8257605059013481,0.8399817561338392,0.3705316522911078,-0.16785495170448442,0.797113750142939,0.6490309940823051,0.7549364880021848,0.9570888845940483,0.9570058914179874,0.8728031074860173,0.9740475393905982,1.0,0.8983235559523474,0.8678239728539658,0.9237637077334341],[0.9727892407720908,0.963104902301997,0.8808627274641934,0.9603998973512292,0.8370553047919149,0.9628936539872751,0.9089535917663311,0.9714363274560972,0.9475862472577558,0.9591449154458195,0.949137273581804,0.9548403397050944,0.820394571904444,0.8948623117547015,0.9493317315765951,0.9651047257791563,0.9645370707056584,0.970791974014589,0.8841202317923866,0.897984875065123,0.6018837512749804,0.9478214600825179,0.9455247196904405,0.26368528511097383,-0.23030545079661457,0.8696559413792517,0.8119654203468174,0.8919490224468343,0.9537478153944573,0.9428658120661022,0.9757423706933004,0.9458945827515648,0.8983235559523474,1.0,0.9546357308803032,0.9560099085145921],[0.9841345156160343,0.9795016469015844,0.9537104545015439,0.9834179310551355,0.9235392497104267,0.9849058172167223,0.975621856818812,0.959653000342832,0.9819885698635806,0.9831996432942214,0.9879185417822481,0.9836088955847373,0.8845428719138595,0.9685222501293634,0.9879689183639382,0.9840764492801604,0.9919725636674781,0.958941900314851,0.8869190046075165,0.8197408493182147,0.526597624246597,0.9733871169497098,0.9080819202908685,0.16501212650511252,-0.05267470172212893,0.9065519400715607,0.8950195858238674,0.9556613281711488,0.8793005261406375,0.8972205196813632,0.9747683266404538,0.9013644739753488,0.8678239728539658,0.9546357308803032,1.0,0.941310765637947],[0.9634542558382593,0.9577835334980898,0.8817917402207668,0.9501515729495194,0.8388000176318309,0.966804546047373,0.9138032726720495,0.97450857006802,0.9399702031752991,0.9493232701888599,0.9482452158382575,0.9494562558125675,0.8301486528456568,0.923187935740442,0.948734461240134,0.9692184982751397,0.9675126578635144,0.975074592841863,0.9132212680442817,0.876908801586964,0.6002352726259623,0.9339290267714455,0.892604491925747,0.28642519973400216,-0.19248198542858042,0.9054225941932346,0.8172465475471139,0.8755537858459684,0.9503174245826242,0.9532266321016275,0.9586885019864457,0.950540960283242,0.9237637077334341,0.9560099085145921,0.941310765637947,1.0]],"x":["^TAIEX       \u81fa\u7063\u52a0\u6b0a\u5831\u916c\u6307\u6578","^TWII        \u81fa\u7063\u52a0\u6b0a\u6307\u6578","^TAIEXx2     \u81fa\u7063\u52a0\u6b0a\u5831\u916c\u6307\u6578_\u65e5\u6b632","^TAI50I      \u81fa\u706350\u5831\u916c\u6307\u6578","^TAI50Ix2    \u81fa\u706350\u5831\u916c\u6307\u6578_\u65e5\u6b632","^TAI100I     \u81fa\u7063\u4e2d\u578b100\u5831\u916c\u6307\u6578","^TAI100Ix2   \u81fa\u7063\u4e2d\u578b100\u5831\u916c\u6307\u6578_\u65e5\u6b632","^TAIDIVIDI   \u81fa\u7063\u9ad8\u80a1\u606f\u5831\u916c\u6307\u6578","^TAIDIVIDIx2 \u81fa\u7063\u9ad8\u80a1\u606f\u5831\u916c\u6307\u6578_\u65e5\u6b632","0050Fund     \u5143\u5927\u53f0\u7063\u5353\u8d8a50\u57fa\u91d1","006208Fund   \u5bcc\u90a6\u53f0\u7063\u91c6\u540950\u57fa\u91d1","0050         \u5143\u5927\u81fa\u706350","00631L       \u5143\u5927\u53f0\u706350\u6b632","00675L       \u5bcc\u90a6\u81fa\u7063\u52a0\u6b0a\u6b632","006208       \u5bcc\u90a6\u53f050","0051         \u5143\u5927\u4e2d\u578b100","006204       \u6c38\u8c50\u81fa\u7063\u52a0\u6b0a","0056         \u5143\u5927\u9ad8\u80a1\u606f","0056         \u5143\u5927\u9ad8\u80a1\u606f_\u80a1\u606f\u4e0d\u6295\u5165","2412         \u4e2d\u83ef\u96fb\u4fe1","2002         \u4e2d\u92fc","2330         \u53f0\u7a4d\u96fb","2317         \u9d3b\u6d77","6505         \u53f0\u5851\u77f3\u5316","3481         \u7fa4\u5275","2303         \u806f\u96fb","2308         \u53f0\u9054\u96fb","2454         \u806f\u767c\u79d1","2886         \u5146\u8c50\u91d1","2884         \u7389\u5c71\u91d1","2891         \u4e2d\u4fe1\u91d1","2892         \u7b2c\u4e00\u91d1","5880         \u5408\u5eab\u91d1","2881         \u5bcc\u90a6\u91d1","2885         \u5143\u5927\u91d1","2887         \u53f0\u65b0\u91d1"],"y":["^TAIEX       \u81fa\u7063\u52a0\u6b0a\u5831\u916c\u6307\u6578","^TWII        \u81fa\u7063\u52a0\u6b0a\u6307\u6578","^TAIEXx2     \u81fa\u7063\u52a0\u6b0a\u5831\u916c\u6307\u6578_\u65e5\u6b632","^TAI50I      \u81fa\u706350\u5831\u916c\u6307\u6578","^TAI50Ix2    \u81fa\u706350\u5831\u916c\u6307\u6578_\u65e5\u6b632","^TAI100I     \u81fa\u7063\u4e2d\u578b100\u5831\u916c\u6307\u6578","^TAI100Ix2   \u81fa\u7063\u4e2d\u578b100\u5831\u916c\u6307\u6578_\u65e5\u6b632","^TAIDIVIDI   \u81fa\u7063\u9ad8\u80a1\u606f\u5831\u916c\u6307\u6578","^TAIDIVIDIx2 \u81fa\u7063\u9ad8\u80a1\u606f\u5831\u916c\u6307\u6578_\u65e5\u6b632","0050Fund     \u5143\u5927\u53f0\u7063\u5353\u8d8a50\u57fa\u91d1","006208Fund   \u5bcc\u90a6\u53f0\u7063\u91c6\u540950\u57fa\u91d1","0050         \u5143\u5927\u81fa\u706350","00631L       \u5143\u5927\u53f0\u706350\u6b632","00675L       \u5bcc\u90a6\u81fa\u7063\u52a0\u6b0a\u6b632","006208       \u5bcc\u90a6\u53f050","0051         \u5143\u5927\u4e2d\u578b100","006204       \u6c38\u8c50\u81fa\u7063\u52a0\u6b0a","0056         \u5143\u5927\u9ad8\u80a1\u606f","0056         \u5143\u5927\u9ad8\u80a1\u606f_\u80a1\u606f\u4e0d\u6295\u5165","2412         \u4e2d\u83ef\u96fb\u4fe1","2002         \u4e2d\u92fc","2330         \u53f0\u7a4d\u96fb","2317         \u9d3b\u6d77","6505         \u53f0\u5851\u77f3\u5316","3481         \u7fa4\u5275","2303         \u806f\u96fb","2308         \u53f0\u9054\u96fb","2454         \u806f\u767c\u79d1","2886         \u5146\u8c50\u91d1","2884         \u7389\u5c71\u91d1","2891         \u4e2d\u4fe1\u91d1","2892         \u7b2c\u4e00\u91d1","5880         \u5408\u5eab\u91d1","2881         \u5bcc\u90a6\u91d1","2885         \u5143\u5927\u91d1","2887         \u53f0\u65b0\u91d1"],"zmin":-1,"zmax":1,"colorbar":{"x":-0.2}}],"layout":{"autotypenumbers":"strict","colorway":["#636efa","#EF553B","#00cc96","#ab63fa","#FFA15A","#19d3f3","#FF6692","#B6E880","#FF97FF","#FECB52"],"font":{"color":"#f2f5fa","family":"Courier New"},"hovermode":"closest","hoverlabel":{"align":"left"},"paper_bgcolor":"rgb(17,17,17)","plot_bgcolor":"rgb(17,17,17)","polar":{"bgcolor":"rgb(17,17,17)","angularaxis":{"gridcolor":"#506784","linecolor":"#506784","ticks":""},"radialaxis":{"gridcolor":"#506784","linecolor":"#506784","ticks":""}},"ternary":{"bgcolor":"rgb(17,17,17)","aaxis":{"gridcolor":"#506784","linecolor":"#506784","ticks":""},"baxis":{"gridcolor":"#506784","linecolor":"#506784","ticks":""},"caxis":{"gridcolor":"#506784","linecolor":"#506784","ticks":""}},"coloraxis":{"colorbar":{"outlinewidth":0,"ticks":""}},"colorscale":{"sequential":[[0.0,"#0d0887"],[0.1111111111111111,"#46039f"],[0.2222222222222222,"#7201a8"],[0.3333333333333333,"#9c179e"],[0.4444444444444444,"#bd3786"],[0.5555555555555556,"#d8576b"],[0.6666666666666666,"#ed7953"],[0.7777777777777778,"#fb9f3a"],[0.8888888888888888,"#fdca26"],[1.0,"#f0f921"]],"sequentialminus":[[0.0,"#0d0887"],[0.1111111111111111,"#46039f"],[0.2222222222222222,"#7201a8"],[0.3333333333333333,"#9c179e"],[0.4444444444444444,"#bd3786"],[0.5555555555555556,"#d8576b"],[0.6666666666666666,"#ed7953"],[0.7777777777777778,"#fb9f3a"],[0.8888888888888888,"#fdca26"],[1.0,"#f0f921"]],"diverging":[[0,"#8e0152"],[0.1,"#c51b7d"],[0.2,"#de77ae"],[0.3,"#f1b6da"],[0.4,"#fde0ef"],[0.5,"#f7f7f7"],[0.6,"#e6f5d0"],[0.7,"#b8e186"],[0.8,"#7fbc41"],[0.9,"#4d9221"],[1,"#276419"]]},"xaxis":{"gridcolor":"rgba(0, 0, 0, 0)","linecolor":"#506784","ticks":"","title":{"standoff":15},"zerolinecolor":"#283442","automargin":true,"zerolinewidth":2,"tickfont":{"family":"Courier New","size":14},"side":"top","tickangle":-90},"yaxis":{"gridcolor":"rgba(0, 0, 0, 0)","linecolor":"#506784","ticks":"","title":{"standoff":15},"zerolinecolor":"#283442","automargin":true,"zerolinewidth":2,"tickfont":{"family":"Courier New"},"side":"right"},"scene":{"xaxis":{"backgroundcolor":"rgb(17,17,17)","gridcolor":"#506784","linecolor":"#506784","showbackground":true,"ticks":"","zerolinecolor":"#C8D4E3","gridwidth":2},"yaxis":{"backgroundcolor":"rgb(17,17,17)","gridcolor":"#506784","linecolor":"#506784","showbackground":true,"ticks":"","zerolinecolor":"#C8D4E3","gridwidth":2},"zaxis":{"backgroundcolor":"rgb(17,17,17)","gridcolor":"#506784","linecolor":"#506784","showbackground":true,"ticks":"","zerolinecolor":"#C8D4E3","gridwidth":2}},"shapedefaults":{"line":{"color":"#f2f5fa"}},"annotationdefaults":{"arrowcolor":"#f2f5fa","arrowhead":0,"arrowwidth":1},"geo":{"bgcolor":"rgb(17,17,17)","landcolor":"rgb(17,17,17)","subunitcolor":"#506784","showland":true,"showlakes":true,"lakecolor":"rgb(17,17,17)"},"title":{"x":0.05,"font":{"family":"Times New Roman"},"y":0.05,"text":"<b>Correlation of Adj Close<b><br><i>2016-09-23 ~ 2026-07-09<i>"},"updatemenudefaults":{"bgcolor":"#506784","borderwidth":0},"sliderdefaults":{"bgcolor":"#C8D4E3","borderwidth":1,"bordercolor":"rgb(17,17,17)","tickwidth":0},"mapbox":{"style":"dark"},"annotations":[{"text":"<b>@zwindr<b>","textangle":0,"opacity":0.5,"font":{"color":"white","size":12},"xref":"paper","yref":"paper","xanchor":"left","yanchor":"bottom","x":1.0,"y":1.0,"showarrow":false}]},"config":{"responsive":true,"toImageButtonOptions":{"filename":"Correlation of Adj Close_2016-09-23~2026-07-09","scale":5}}};Plotly.newPlot("correlationAdjClose",correlationAdjClose.data,correlationAdjClose.layout||{},correlationAdjClose.config);}else{console.log("style display is none => correlationAdjClose");}