var config = { responsive: true }

var correlationClose = {"data": [{"type": "heatmap", "z": [[1.0, 0.999999999999998, 1.0, 0.9957155989947343, 0.9957155989947343, 0.9579777443711549, 0.9579777443711549, 0.8877320340969707, 0.8877320340969707, 0.9959264277389879, 0.992118716229962, 0.9918535630819303, 0.9952517802254701, 0.9698638295966908, 0.9987820970298019, 0.9289419386385931, 0.8068568676845131, 0.27862440148899575, 0.9773844102914659, 0.8000407891988705, 0.1160101284581884, -0.27740964425768133, 0.7604656350316484, 0.9459737685506897, 0.9169769372812985], [0.999999999999998, 1.0, 0.9999999999999982, 0.9956458816492698, 0.9956458816492698, 0.9572926154102043, 0.9572926154102043, 0.889284522727391, 0.889284522727391, 0.9958854786486511, 0.9918154791938855, 0.9911663657144356, 0.9951993526481788, 0.9690245244685632, 0.9987879879236882, 0.9296054610531589, 0.8151938050603119, 0.4106903448243069, 0.9699307939559023, 0.7718704511311948, 0.12287502395240747, -0.2771126959765538, 0.6550930004596567, 0.9467665837332746, 0.9231710551680741], [1.0, 0.9999999999999982, 1.0, 0.9957155989947343, 0.9957155989947343, 0.9579777443711549, 0.9579777443711549, 0.8877320340969707, 0.8877320340969707, 0.9959264277389879, 0.992118716229962, 0.9918535630819303, 0.9952517802254701, 0.9698638295966908, 0.9987820970298019, 0.9289419386385931, 0.8068568676845131, 0.27862440148899575, 0.9773844102914659, 0.8000407891988705, 0.1160101284581884, -0.27740964425768133, 0.7604656350316484, 0.9459737685506897, 0.9169769372812985], [0.9957155989947343, 0.9956458816492698, 0.9957155989947343, 1.0, 1.0, 0.9444667641492183, 0.9444667641492183, 0.8729667120911567, 0.8729667120911567, 0.9996099304502466, 0.988422912987559, 0.9845159763211643, 0.9993306319897413, 0.9519710701258246, 0.9946116941902698, 0.9125026307738393, 0.7835737060082557, 0.2530507215602482, 0.9885575686825844, 0.7926289859622022, 0.08789958016843688, -0.2822001223804784, 0.7706103487086243, 0.9341799924257576, 0.9170065889641777], [0.9957155989947343, 0.9956458816492698, 0.9957155989947343, 1.0, 1.0, 0.9444667641492183, 0.9444667641492183, 0.8729667120911567, 0.8729667120911567, 0.9996099304502466, 0.988422912987559, 0.9845159763211643, 0.9993306319897413, 0.9519710701258246, 0.9946116941902698, 0.9125026307738393, 0.7835737060082557, 0.2530507215602482, 0.9885575686825844, 0.7926289859622022, 0.08789958016843688, -0.2822001223804784, 0.7706103487086243, 0.9341799924257576, 0.9170065889641777], [0.9579777443711549, 0.9572926154102043, 0.9579777443711549, 0.9444667641492183, 0.9444667641492183, 1.0, 1.0, 0.9173805223642205, 0.9173805223642205, 0.9482378379600394, 0.975599965050667, 0.9745289689591693, 0.9493384258744271, 0.9989523875478438, 0.9703415142405328, 0.9192824453864709, 0.6754892241763726, 0.2139970689463441, 0.9282487365393407, 0.7247258616192742, -0.11749896890114006, -0.12706793633021152, 0.8709587015811973, 0.899178605161156, 0.9190552187325111], [0.9579777443711549, 0.9572926154102043, 0.9579777443711549, 0.9444667641492183, 0.9444667641492183, 1.0, 1.0, 0.9173805223642205, 0.9173805223642205, 0.9482378379600394, 0.975599965050667, 0.9745289689591693, 0.9493384258744271, 0.9989523875478438, 0.9703415142405328, 0.9192824453864709, 0.6754892241763726, 0.2139970689463441, 0.9282487365393407, 0.7247258616192742, -0.11749896890114006, -0.12706793633021152, 0.8709587015811973, 0.899178605161156, 0.9190552187325111], [0.8877320340969707, 0.889284522727391, 0.8877320340969707, 0.8729667120911567, 0.8729667120911567, 0.9173805223642205, 0.9173805223642205, 1.0, 1.0, 0.8952451444139002, 0.9433958501407234, 0.9382483312143131, 0.9332364389356217, 0.9183757314159551, 0.9346581019436895, 0.9757435441328145, 0.616647589430753, 0.2621819667920194, 0.8257688563916781, 0.7394811141087891, -0.14997057782836706, 0.02123840905829085, 0.7803310249854584, 0.7840110883243185, 0.8490704363556986], [0.8877320340969707, 0.889284522727391, 0.8877320340969707, 0.8729667120911567, 0.8729667120911567, 0.9173805223642205, 0.9173805223642205, 1.0, 1.0, 0.8952451444139002, 0.9433958501407234, 0.9382483312143131, 0.9332364389356217, 0.9183757314159551, 0.9346581019436895, 0.9757435441328145, 0.616647589430753, 0.2621819667920194, 0.8257688563916781, 0.7394811141087891, -0.14997057782836706, 0.02123840905829085, 0.7803310249854584, 0.7840110883243185, 0.8490704363556986], [0.9959264277389879, 0.9958854786486511, 0.9959264277389879, 0.9996099304502466, 0.9996099304502466, 0.9482378379600394, 0.9482378379600394, 0.8952451444139002, 0.8952451444139002, 1.0, 0.9870889453270298, 0.9833486499075709, 0.999378574901014, 0.9503968635514548, 0.9944303237145767, 0.912077876769856, 0.824662396748807, 0.08590045597237027, 0.9915578679609345, 0.7894812036773434, -0.17417410745982465, -0.31439463649736576, 0.8862470832540663, 0.9283063999190871, 0.9032197771997684], [0.992118716229962, 0.9918154791938855, 0.992118716229962, 0.988422912987559, 0.988422912987559, 0.975599965050667, 0.975599965050667, 0.9433958501407234, 0.9433958501407234, 0.9870889453270298, 1.0, 0.9996531008792826, 0.9882147130967851, 0.9741138039339183, 0.9888269313112977, 0.9255575060757001, 0.7894951178816635, 0.27558846470681087, 0.9871466898096043, 0.7118088625324034, -0.5618497213946416, 0.23995550417497857, 0.8544286934031196, 0.9291941899853207, 0.9542101824473028], [0.9918535630819303, 0.9911663657144356, 0.9918535630819303, 0.9845159763211643, 0.9845159763211643, 0.9745289689591693, 0.9745289689591693, 0.9382483312143131, 0.9382483312143131, 0.9833486499075709, 0.9996531008792826, 1.0, 0.9853193394027574, 0.9719098983724416, 0.9870741126393556, 0.9142711902342285, 0.812555513947923, 0.16075000453404717, 0.981988380361068, 0.7167535686427635, -0.8047893889915704, 0.28372401911643425, 0.8139988634978277, 0.9359678904363724, 0.9520658332309989], [0.9952517802254701, 0.9951993526481788, 0.9952517802254701, 0.9993306319897413, 0.9993306319897413, 0.9493384258744271, 0.9493384258744271, 0.9332364389356217, 0.9332364389356217, 0.999378574901014, 0.9882147130967851, 0.9853193394027574, 1.0, 0.9509245616214785, 0.9937129806113116, 0.934205371017529, 0.8259889989090335, 0.2756243144639904, 0.9950818237834916, 0.7537788666920386, -0.3370629389442351, 0.18536887925487858, 0.8776106488332578, 0.9062324421006647, 0.9333055497345906], [0.9698638295966908, 0.9690245244685632, 0.9698638295966908, 0.9519710701258246, 0.9519710701258246, 0.9989523875478438, 0.9989523875478438, 0.9183757314159551, 0.9183757314159551, 0.9503968635514548, 0.9741138039339183, 0.9719098983724416, 0.9509245616214785, 1.0, 0.9726308942550288, 0.918238208212875, 0.7494606935925089, 0.18133490051136675, 0.9420101642124113, 0.7214565267834674, -0.26862157180540525, -0.20116910979936664, 0.9089931945795673, 0.9192568082355692, 0.9158070133644407], [0.9987820970298019, 0.9987879879236882, 0.9987820970298019, 0.9946116941902698, 0.9946116941902698, 0.9703415142405328, 0.9703415142405328, 0.9346581019436895, 0.9346581019436895, 0.9944303237145767, 0.9888269313112977, 0.9870741126393556, 0.9937129806113116, 0.9726308942550288, 1.0, 0.9461315195666284, 0.8332874322080389, 0.283372507482387, 0.9868231854602045, 0.7396365692155548, -0.32864851377289317, 0.1959546562925517, 0.9069202846395346, 0.9263199606097035, 0.9389239027938726], [0.9289419386385931, 0.9296054610531589, 0.9289419386385931, 0.9125026307738393, 0.9125026307738393, 0.9192824453864709, 0.9192824453864709, 0.9757435441328145, 0.9757435441328145, 0.912077876769856, 0.9255575060757001, 0.9142711902342285, 0.934205371017529, 0.918238208212875, 0.9461315195666284, 1.0, 0.7647312852471293, 0.21497606906764258, 0.8757186602276593, 0.7160491185233097, -0.057863449736587885, -0.23590197395042123, 0.8174137201506736, 0.8388065702269796, 0.8293827311006693], [0.8068568676845131, 0.8151938050603119, 0.8068568676845131, 0.7835737060082557, 0.7835737060082557, 0.6754892241763726, 0.6754892241763726, 0.616647589430753, 0.616647589430753, 0.824662396748807, 0.7894951178816635, 0.812555513947923, 0.8259889989090335, 0.7494606935925089, 0.8332874322080389, 0.7647312852471293, 1.0, 0.530888445811468, 0.7375904307740782, 0.7745925569949331, 0.5072681647609749, -0.5813948527235958, 0.2589280348543023, 0.8271474049874558, 0.6480042073291199], [0.27862440148899575, 0.4106903448243069, 0.27862440148899575, 0.2530507215602482, 0.2530507215602482, 0.2139970689463441, 0.2139970689463441, 0.2621819667920194, 0.2621819667920194, 0.08590045597237027, 0.27558846470681087, 0.16075000453404717, 0.2756243144639904, 0.18133490051136675, 0.283372507482387, 0.21497606906764258, 0.530888445811468, 1.0, 0.2596821661097908, 0.5697396643822465, 0.3818142194806503, 0.5537988166868093, 0.026328827608943825, 0.4246702120969956, 0.39608241312437903], [0.9773844102914659, 0.9699307939559023, 0.9773844102914659, 0.9885575686825844, 0.9885575686825844, 0.9282487365393407, 0.9282487365393407, 0.8257688563916781, 0.8257688563916781, 0.9915578679609345, 0.9871466898096043, 0.981988380361068, 0.9950818237834916, 0.9420101642124113, 0.9868231854602045, 0.8757186602276593, 0.7375904307740782, 0.2596821661097908, 1.0, 0.734475114504766, 0.029696013134544494, -0.347698201182486, 0.6694197932732305, 0.9170678439906033, 0.9069111177675108], [0.8000407891988705, 0.7718704511311948, 0.8000407891988705, 0.7926289859622022, 0.7926289859622022, 0.7247258616192742, 0.7247258616192742, 0.7394811141087891, 0.7394811141087891, 0.7894812036773434, 0.7118088625324034, 0.7167535686427635, 0.7537788666920386, 0.7214565267834674, 0.7396365692155548, 0.7160491185233097, 0.7745925569949331, 0.5697396643822465, 0.734475114504766, 1.0, 0.22091670924803722, -0.04463105532736798, 0.2257218181452751, 0.8262175075127057, 0.7365431576476672], [0.1160101284581884, 0.12287502395240747, 0.1160101284581884, 0.08789958016843688, 0.08789958016843688, -0.11749896890114006, -0.11749896890114006, -0.14997057782836706, -0.14997057782836706, -0.17417410745982465, -0.5618497213946416, -0.8047893889915704, -0.3370629389442351, -0.26862157180540525, -0.32864851377289317, -0.057863449736587885, 0.5072681647609749, 0.3818142194806503, 0.029696013134544494, 0.22091670924803722, 1.0, -0.09241713725451192, -0.15699071176581628, 0.10915957494534438, -0.08404789361831322], [-0.27740964425768133, -0.2771126959765538, -0.27740964425768133, -0.2822001223804784, -0.2822001223804784, -0.12706793633021152, -0.12706793633021152, 0.02123840905829085, 0.02123840905829085, -0.31439463649736576, 0.23995550417497857, 0.28372401911643425, 0.18536887925487858, -0.20116910979936664, 0.1959546562925517, -0.23590197395042123, -0.5813948527235958, 0.5537988166868093, -0.347698201182486, -0.04463105532736798, -0.09241713725451192, 1.0, -0.060308192692853875, -0.3459319402103722, -0.07498559584958332], [0.7604656350316484, 0.6550930004596567, 0.7604656350316484, 0.7706103487086243, 0.7706103487086243, 0.8709587015811973, 0.8709587015811973, 0.7803310249854584, 0.7803310249854584, 0.8862470832540663, 0.8544286934031196, 0.8139988634978277, 0.8776106488332578, 0.9089931945795673, 0.9069202846395346, 0.8174137201506736, 0.2589280348543023, 0.026328827608943825, 0.6694197932732305, 0.2257218181452751, -0.15699071176581628, -0.060308192692853875, 1.0, 0.5301161943242745, 0.7302934418975114], [0.9459737685506897, 0.9467665837332746, 0.9459737685506897, 0.9341799924257576, 0.9341799924257576, 0.899178605161156, 0.899178605161156, 0.7840110883243185, 0.7840110883243185, 0.9283063999190871, 0.9291941899853207, 0.9359678904363724, 0.9062324421006647, 0.9192568082355692, 0.9263199606097035, 0.8388065702269796, 0.8271474049874558, 0.4246702120969956, 0.9170678439906033, 0.8262175075127057, 0.10915957494534438, -0.3459319402103722, 0.5301161943242745, 1.0, 0.8793840237157438], [0.9169769372812985, 0.9231710551680741, 0.9169769372812985, 0.9170065889641777, 0.9170065889641777, 0.9190552187325111, 0.9190552187325111, 0.8490704363556986, 0.8490704363556986, 0.9032197771997684, 0.9542101824473028, 0.9520658332309989, 0.9333055497345906, 0.9158070133644407, 0.9389239027938726, 0.8293827311006693, 0.6480042073291199, 0.39608241312437903, 0.9069111177675108, 0.7365431576476672, -0.08404789361831322, -0.07498559584958332, 0.7302934418975114, 0.8793840237157438, 1.0]], "x": ["^TAIEX       \u81fa\u7063\u52a0\u6b0a\u5831\u916c\u6307\u6578", "^TWII        \u81fa\u7063\u52a0\u6b0a\u6307\u6578", "^TAIEXx2     \u81fa\u7063\u52a0\u6b0a\u5831\u916c\u6307\u6578_\u65e5\u6b632", "^TAI50I      \u81fa\u706350\u5831\u916c\u6307\u6578", "^TAI50Ix2    \u81fa\u706350\u5831\u916c\u6307\u6578_\u65e5\u6b632", "^TAI100I     \u81fa\u7063\u4e2d\u578b100\u5831\u916c\u6307\u6578", "^TAI100Ix2   \u81fa\u7063\u4e2d\u578b100\u5831\u916c\u6307\u6578_\u65e5\u6b632", "^TAIDIVIDI   \u81fa\u7063\u9ad8\u80a1\u606f\u5831\u916c\u6307\u6578", "^TAIDIVIDIx2 \u81fa\u7063\u9ad8\u80a1\u606f\u5831\u916c\u6307\u6578_\u65e5\u6b632", "0050         \u5143\u5927\u81fa\u706350", "00631L       \u5143\u5927\u53f0\u706350\u6b632", "00675L       \u5bcc\u90a6\u81fa\u7063\u52a0\u6b0a\u6b632", "006208       \u5bcc\u90a6\u53f050", "0051         \u5143\u5927\u4e2d\u578b100", "006204       \u6c38\u8c50\u81fa\u7063\u52a0\u6b0a", "0056         \u5143\u5927\u9ad8\u80a1\u606f", "2412         \u4e2d\u83ef\u96fb\u4fe1", "2002         \u4e2d\u92fc", "2330         \u53f0\u7a4d\u96fb", "2317         \u9d3b\u6d77", "6505         \u53f0\u5851\u77f3\u5316", "3481         \u7fa4\u5275", "2303         \u806f\u96fb", "2308         \u53f0\u9054\u96fb", "2454         \u806f\u767c\u79d1"], "y": ["^TAIEX       \u81fa\u7063\u52a0\u6b0a\u5831\u916c\u6307\u6578", "^TWII        \u81fa\u7063\u52a0\u6b0a\u6307\u6578", "^TAIEXx2     \u81fa\u7063\u52a0\u6b0a\u5831\u916c\u6307\u6578_\u65e5\u6b632", "^TAI50I      \u81fa\u706350\u5831\u916c\u6307\u6578", "^TAI50Ix2    \u81fa\u706350\u5831\u916c\u6307\u6578_\u65e5\u6b632", "^TAI100I     \u81fa\u7063\u4e2d\u578b100\u5831\u916c\u6307\u6578", "^TAI100Ix2   \u81fa\u7063\u4e2d\u578b100\u5831\u916c\u6307\u6578_\u65e5\u6b632", "^TAIDIVIDI   \u81fa\u7063\u9ad8\u80a1\u606f\u5831\u916c\u6307\u6578", "^TAIDIVIDIx2 \u81fa\u7063\u9ad8\u80a1\u606f\u5831\u916c\u6307\u6578_\u65e5\u6b632", "0050         \u5143\u5927\u81fa\u706350", "00631L       \u5143\u5927\u53f0\u706350\u6b632", "00675L       \u5bcc\u90a6\u81fa\u7063\u52a0\u6b0a\u6b632", "006208       \u5bcc\u90a6\u53f050", "0051         \u5143\u5927\u4e2d\u578b100", "006204       \u6c38\u8c50\u81fa\u7063\u52a0\u6b0a", "0056         \u5143\u5927\u9ad8\u80a1\u606f", "2412         \u4e2d\u83ef\u96fb\u4fe1", "2002         \u4e2d\u92fc", "2330         \u53f0\u7a4d\u96fb", "2317         \u9d3b\u6d77", "6505         \u53f0\u5851\u77f3\u5316", "3481         \u7fa4\u5275", "2303         \u806f\u96fb", "2308         \u53f0\u9054\u96fb", "2454         \u806f\u767c\u79d1"], "zmin": -1, "zmax": 1, "colorbar": {"x": -0.2}}], "layout": {"title": {"text": "<b>Correlation of Close<b><br><i>2016/09/23 ~ 2025/04/25<i>", "y": 0.05, "font": {"family": "Times New Roman"}, "x": 0.05}, "xaxis": {"side": "top", "tickangle": -90, "gridcolor": "rgba(0, 0, 0, 0)", "tickfont": {"family": "Courier New", "size": 14}, "automargin": true}, "yaxis": {"side": "right", "gridcolor": "rgba(0, 0, 0, 0)", "tickfont": {"family": "Courier New"}, "automargin": true}, "height": 600, "font": {"family": "Courier New", "color": "#ffffff"}, "plot_bgcolor": "#000", "paper_bgcolor": "#000"}};

Plotly.newPlot("correlationClose",
    correlationClose.data,
    correlationClose.layout || {},
    config);