var element = document.getElementById("correlationAdjClose");

if (element.style.display != 'none') {
    var correlationAdjClose = {"data": [{"type": "heatmap", "z": [[1.0, 0.9941133071321471, 0.9770634964472037, 0.9975831760209267, 0.9644569885142054, 0.9817766227566054, -0.9442568778028889, 0.9900760317509011, 0.9707590069882225, 0.9971663259020442, 0.9971503578500501, 0.9976440558024487, 0.9933934599152049, 0.9940902960299333, 0.9971684423262894, 0.9841434933236887, 0.9996751394255005, 0.9900808150309949, 0.9205655632778588, 0.7355685975077337, 0.9853436225158725, 0.9226027098372065, 0.4324381509841853, -0.30388454867269676, 0.9009988437097937, 0.9714806792478113, 0.9554361237361688, 0.9802330864698421, 0.9644614135293441, 0.9757791506214196, 0.9722542312494925, 0.9456244062486089, 0.9801304831994747, 0.9708104493586299, 0.9545802096005255], [0.9941133071321471, 1.0, 0.9724272093384467, 0.9913162069498288, 0.9597761862742855, 0.9773101427043888, -0.9396142543628334, 0.9811778287888945, 0.9639516485468157, 0.9952356334136792, 0.9950789629881526, 0.9943557080961343, 0.9924687008033156, 0.9917750078180445, 0.9950417019579725, 0.9782842711168277, 0.9967244420988149, 0.9838620376222692, 0.9098042420021218, 0.7480360014177234, 0.9672006845261081, 0.9023039062657546, 0.43159604436410653, -0.22900071456252927, 0.8754704036414401, 0.95931315466127, 0.9548835006191884, 0.9584781007058055, 0.9506728733405302, 0.9655960213759904, 0.9567127449137708, 0.9436197212709405, 0.9691461314071186, 0.9609893235763338, 0.9484382822662542], [0.9770634964472037, 0.9724272093384467, 1.0, 0.9833833361856853, 0.9958902795984157, 0.9787740008063778, -0.9760927114422702, 0.9700347758421226, 0.9839691184469058, 0.9890017436503672, 0.9897025930386325, 0.9862076554545447, 0.9970114412754878, 0.9968124986570709, 0.98945702302698, 0.9773027045989985, 0.9878365491643971, 0.9698748058051565, 0.828458250715978, 0.6240169767692366, 0.9904619701213984, 0.9139699290470329, 0.26674567281070055, -0.22739545688011706, 0.9049524776950123, 0.9445831203927108, 0.979826874450975, 0.930200818132209, 0.9127628935133945, 0.9648828310613142, 0.9204216220564635, 0.9064689611455614, 0.9668446288203616, 0.9740989300663078, 0.9234834676552788], [0.9975831760209267, 0.9913162069498288, 0.9833833361856853, 1.0, 0.9764620829879952, 0.973970857008169, -0.9392678562264274, 0.9842412525533504, 0.9682148665143018, 0.9999716700588385, 0.9999895914561935, 0.9999577743460589, 0.9915578216056329, 0.9895527201196668, 0.999943399325201, 0.9736874936979786, 0.9960241841326789, 0.9840466109212184, 0.9064312343639083, 0.7046183604275439, 0.9933957590480924, 0.924214580999202, 0.4071244145586756, -0.29512321769174843, 0.8983930180339532, 0.9679693992882539, 0.9617739208384655, 0.9710086352160853, 0.9615601812997765, 0.9780782016313706, 0.9623806902013001, 0.9342440022400076, 0.9781147466173699, 0.9694180993581162, 0.9459264587349699], [0.9644569885142054, 0.9597761862742855, 0.9958902795984157, 0.9764620829879952, 1.0, 0.9580063819777948, -0.9574871832758448, 0.9543250323777637, 0.9712426772335142, 0.984956354780153, 0.9857070687392098, 0.9817074307438116, 0.9860349132923737, 0.982399543251562, 0.9853311591320831, 0.9554160724301825, 0.9755762776626217, 0.9540320728885698, 0.8073954763749389, 0.5869768239774095, 0.9895385524145637, 0.909830619948132, 0.24083574081397005, -0.22031745257960056, 0.8849476193514315, 0.9327307220410874, 0.9771274192922423, 0.9094773821386085, 0.8987887489473725, 0.9588851829979499, 0.8984939374284265, 0.8797115099376135, 0.9562211873680534, 0.9620733975109514, 0.8993023036075866], [0.9817766227566054, 0.9773101427043888, 0.9787740008063778, 0.973970857008169, 0.9580063819777948, 1.0, -0.9810870664295752, 0.9808840660477776, 0.9801643867065405, 0.9689694818959811, 0.9692935254556363, 0.9719824315637853, 0.9772336928811455, 0.9752230756637421, 0.9691189153895721, 0.9999040110897158, 0.9862145618202314, 0.9819500769312917, 0.8630889234881645, 0.7024000275050358, 0.9673764613271371, 0.893445865837772, 0.29952281422833965, -0.21664016071746975, 0.936093096615854, 0.9530764640292022, 0.9600648415352292, 0.957938787980361, 0.9285986174626639, 0.952386559550516, 0.9521109296455744, 0.9549876565206283, 0.9573765059277294, 0.9767184097491406, 0.9554200879660416], [-0.9442568778028889, -0.9396142543628334, -0.9760927114422702, -0.9392678562264274, -0.9574871832758448, -0.9810870664295752, 1.0, -0.9525576273223189, -0.9837672844501403, -0.9491471340745624, -0.9503249309539235, -0.9457594374148378, -0.9745725773903552, -0.9761767475428552, -0.9499734788462764, -0.9841373805214076, -0.9653154765105925, -0.9554866572742232, -0.7771320125420895, -0.6005430822170876, -0.9441914369565223, -0.8846835390729613, -0.15775420802766638, 0.1517060830578296, -0.9041434747450356, -0.9135579472846996, -0.9581525793434095, -0.9003388437343347, -0.8605242687653359, -0.9262138066271612, -0.8918656819682229, -0.9096902939231111, -0.9268509520463138, -0.9642708998499564, -0.9098841833742597], [0.9900760317509011, 0.9811778287888945, 0.9700347758421226, 0.9842412525533504, 0.9543250323777637, 0.9808840660477776, -0.9525576273223189, 1.0, 0.9826757104926848, 0.9800433179193813, 0.9799799380913456, 0.9831906288842118, 0.9762537120810909, 0.9753249581779785, 0.9800094415711672, 0.9827787633666553, 0.9877668522499998, 0.9998719165753855, 0.924130601003482, 0.6695380626752535, 0.9736980495607492, 0.8966314382608603, 0.28840688480564175, -0.31201370348400953, 0.9054492295514553, 0.9507503282300597, 0.9385022641881301, 0.9779153155731058, 0.9531036626654847, 0.9684881793301312, 0.9630669677467134, 0.9359945346278884, 0.9596898373920166, 0.9579523236850246, 0.9653569101087397], [0.9707590069882225, 0.9639516485468157, 0.9839691184469058, 0.9682148665143018, 0.9712426772335142, 0.9801643867065405, -0.9837672844501403, 0.9826757104926848, 1.0, 0.9638307171241604, 0.9644723858392847, 0.9663329377230458, 0.9735260180614101, 0.9706754423646663, 0.9642388817435881, 0.9792473201749581, 0.970845593014676, 0.9819952421398841, 0.8518316924114252, 0.5937611681070611, 0.9680179562021358, 0.9080246309337041, 0.1460204566897495, -0.23142396385455483, 0.8864781582004281, 0.9307312279034496, 0.9608069806771782, 0.9339635082356081, 0.8966554108726376, 0.9570091781401427, 0.9171201233901997, 0.9034430026104282, 0.9461340578392687, 0.9698059000828807, 0.9232245083214794], [0.9971663259020442, 0.9952356334136792, 0.9890017436503672, 0.9999716700588385, 0.984956354780153, 0.9689694818959811, -0.9491471340745624, 0.9800433179193813, 0.9638307171241604, 1.0, 0.9999877929652955, 0.9999827589063296, 0.9914034866205407, 0.9893660215244674, 0.9999486924324196, 0.9693661508626064, 0.9956254943949314, 0.9809987752199406, 0.9316811459921052, 0.6240530878187505, 0.9967322045474787, 0.9028362033266719, -0.031873952237401096, 0.426374880343132, 0.9138996014369934, 0.9502906221841952, 0.966889695488455, 0.9622104537415885, 0.9439525038786316, 0.9662445310315683, 0.9421528334707313, 0.9198499482746947, 0.9657487745314399, 0.9803230314760801, 0.9426233897325104], [0.9971503578500501, 0.9950789629881526, 0.9897025930386325, 0.9999895914561935, 0.9857070687392098, 0.9692935254556363, -0.9503249309539235, 0.9799799380913456, 0.9644723858392847, 0.9999877929652955, 1.0, 0.9999720730874884, 0.9915838286530355, 0.9895431865350135, 0.9999528176888636, 0.9696606267486514, 0.9956679080635208, 0.9809048678436114, 0.9308821812698015, 0.6202476380695087, 0.9970212933046843, 0.9021167289981785, -0.046718274454861056, 0.4218727314903005, 0.913120580164494, 0.9500827254440722, 0.9677569933795205, 0.9617071955882286, 0.9426831701763437, 0.9663515038195498, 0.9411264170029067, 0.9185484611524553, 0.9659343967185424, 0.9808298610458329, 0.941906986851344], [0.9976440558024487, 0.9943557080961343, 0.9862076554545447, 0.9999577743460589, 0.9817074307438116, 0.9719824315637853, -0.9457594374148378, 0.9831906288842118, 0.9663329377230458, 0.9999827589063296, 0.9999720730874884, 1.0, 0.9913829569643413, 0.989309746219554, 0.9999621965227548, 0.972317458782818, 0.995814609176316, 0.9836931146275135, 0.9225629699445366, 0.6713855050852072, 0.9959251068379965, 0.9186442889209882, 0.16697603227132016, -0.19668391177879083, 0.921532895560079, 0.9596373042184227, 0.9568487187028745, 0.9654517447212684, 0.9524609660914549, 0.9727757854505498, 0.9530136262902831, 0.9327062059689847, 0.9728802955338852, 0.9678036114392027, 0.9514676981050015], [0.9933934599152049, 0.9924687008033156, 0.9970114412754878, 0.9915578216056329, 0.9860349132923737, 0.9772336928811455, -0.9745725773903552, 0.9762537120810909, 0.9735260180614101, 0.9914034866205407, 0.9915838286530355, 0.9913829569643413, 1.0, 0.9996915495237944, 0.991552070146546, 0.9779076982371708, 0.9937181806304249, 0.9775383965054117, 0.9138374428331405, 0.5618708318814839, 0.9863098783277525, 0.8946186112144233, -0.3296278550192975, 0.4477222245725459, 0.9036212151889175, 0.9467784975015568, 0.978078740314791, 0.9452729964540868, 0.906172835807621, 0.9474529662007447, 0.9158647067097391, 0.8898591130166067, 0.9641650910913864, 0.9799883218147614, 0.9345974874767338], [0.9940902960299333, 0.9917750078180445, 0.9968124986570709, 0.9895527201196668, 0.982399543251562, 0.9752230756637421, -0.9761767475428552, 0.9753249581779785, 0.9706754423646663, 0.9893660215244674, 0.9895431865350135, 0.989309746219554, 0.9996915495237944, 1.0, 0.9896364318503392, 0.975936754616873, 0.994254031222942, 0.9768561673251654, 0.9214222157411721, 0.4401532597430009, 0.9811739084975043, 0.8839319824677365, -0.7155303485139528, 0.4245964579029153, 0.875969733206299, 0.9430128326010008, 0.9774320018603386, 0.9379550921547145, 0.8891028665051014, 0.9385574296662847, 0.9132720318265608, 0.8685221528062806, 0.9662941186677306, 0.9782875432523307, 0.9268460640992647], [0.9971684423262894, 0.9950417019579725, 0.98945702302698, 0.999943399325201, 0.9853311591320831, 0.9691189153895721, -0.9499734788462764, 0.9800094415711672, 0.9642388817435881, 0.9999486924324196, 0.9999528176888636, 0.9999621965227548, 0.991552070146546, 0.9896364318503392, 1.0, 0.9695255540593302, 0.995659805353605, 0.9809594816216652, 0.9316636524121259, 0.620394017468258, 0.996851190086327, 0.9023555655192117, -0.04490538555976882, 0.4213996360425297, 0.91275682381972, 0.9486586353977587, 0.967147103110122, 0.9620652430146333, 0.9433107207168157, 0.9663624628130945, 0.9418083248463882, 0.9190956190144925, 0.9658509395878536, 0.9807198943193437, 0.9422520656949472], [0.9841434933236887, 0.9782842711168277, 0.9773027045989985, 0.9736874936979786, 0.9554160724301825, 0.9999040110897158, -0.9841373805214076, 0.9827787633666553, 0.9792473201749581, 0.9693661508626064, 0.9696606267486514, 0.972317458782818, 0.9779076982371708, 0.975936754616873, 0.9695255540593302, 1.0, 0.9865902061324998, 0.9820905341139863, 0.8868415364836207, 0.7011456990635448, 0.9657946762156587, 0.8888954753835003, 0.16701973551026966, -0.19555941128329749, 0.944444605472808, 0.9528207392186279, 0.956855275068614, 0.9613300754676372, 0.9255942810824171, 0.9489873086121106, 0.953060232077426, 0.9543656970437644, 0.9598373018811189, 0.9762327109343947, 0.9601665982801275], [0.9996751394255005, 0.9967244420988149, 0.9878365491643971, 0.9960241841326789, 0.9755762776626217, 0.9862145618202314, -0.9653154765105925, 0.9877668522499998, 0.970845593014676, 0.9956254943949314, 0.9956679080635208, 0.995814609176316, 0.9937181806304249, 0.994254031222942, 0.995659805353605, 0.9865902061324998, 1.0, 0.9885938081887564, 0.9373537667013815, 0.66405444182455, 0.9888860872006887, 0.8988753458498329, 0.0073886484201510965, 0.44187252951795214, 0.9331118999671885, 0.9554840567724927, 0.9653172128430912, 0.974913002135496, 0.9479812923089133, 0.9646674722180058, 0.9569353705487859, 0.9428419593119689, 0.9717350209977065, 0.984923938386451, 0.963928930688739], [0.9900808150309949, 0.9838620376222692, 0.9698748058051565, 0.9840466109212184, 0.9540320728885698, 0.9819500769312917, -0.9554866572742232, 0.9998719165753855, 0.9819952421398841, 0.9809987752199406, 0.9809048678436114, 0.9836931146275135, 0.9775383965054117, 0.9768561673251654, 0.9809594816216652, 0.9820905341139863, 0.9885938081887564, 1.0, 0.9304632075655821, 0.6680893717422873, 0.9726399088266983, 0.9014183903774248, 0.254371388713107, -0.2936521866792411, 0.9108096135228242, 0.9484923612051914, 0.9385418716714237, 0.9783919002973616, 0.9525021180234663, 0.966940679271468, 0.9615792800620913, 0.9358664271515237, 0.9590056480770895, 0.9558855905827377, 0.9665540942264138], [0.9205655632778588, 0.9098042420021218, 0.828458250715978, 0.9064312343639083, 0.8073954763749389, 0.8630889234881645, -0.7771320125420895, 0.924130601003482, 0.8518316924114252, 0.9316811459921052, 0.9308821812698015, 0.9225629699445366, 0.9138374428331405, 0.9214222157411721, 0.9316636524121259, 0.8868415364836207, 0.9373537667013815, 0.9304632075655821, 1.0, 0.8393047191134753, 0.8580369916847514, 0.8731028808426824, 0.6818420420498069, -0.5322599541501822, 0.6992699149219693, 0.910306921118622, 0.8016950893887451, 0.9574894427843448, 0.9351951395412605, 0.9009663931725577, 0.9439525418376928, 0.8942625347787788, 0.8982452840722097, 0.8456576701365046, 0.8793442239327582], [0.7355685975077337, 0.7480360014177234, 0.6240169767692366, 0.7046183604275439, 0.5869768239774095, 0.7024000275050358, -0.6005430822170876, 0.6695380626752535, 0.5937611681070611, 0.6240530878187505, 0.6202476380695087, 0.6713855050852072, 0.5618708318814839, 0.4401532597430009, 0.620394017468258, 0.7011456990635448, 0.66405444182455, 0.6680893717422873, 0.8393047191134753, 1.0, 0.6282960963599654, 0.7418210480511446, 0.7301612643080481, -0.11646493141398183, 0.5376205392337774, 0.7375406194289208, 0.6330813913848777, 0.7891608357610956, 0.7238690314166724, 0.6612256451406707, 0.7607106491690744, 0.7632481228547845, 0.6941679686295612, 0.6578998124550886, 0.7000764550230937], [0.9853436225158725, 0.9672006845261081, 0.9904619701213984, 0.9933957590480924, 0.9895385524145637, 0.9673764613271371, -0.9441914369565223, 0.9736980495607492, 0.9680179562021358, 0.9967322045474787, 0.9970212933046843, 0.9959251068379965, 0.9863098783277525, 0.9811739084975043, 0.996851190086327, 0.9657946762156587, 0.9888860872006887, 0.9726399088266983, 0.8580369916847514, 0.6282960963599654, 1.0, 0.8959706862260653, 0.3333835460065661, -0.28882338441619587, 0.8846302428512401, 0.9530377224464223, 0.9706956780842012, 0.9399320819670217, 0.9445320042996903, 0.969843559770207, 0.9403956549629265, 0.9095430196562159, 0.9684510690814927, 0.9546606744904129, 0.9273495838931997], [0.9226027098372065, 0.9023039062657546, 0.9139699290470329, 0.924214580999202, 0.909830619948132, 0.893445865837772, -0.8846835390729613, 0.8966314382608603, 0.9080246309337041, 0.9028362033266719, 0.9021167289981785, 0.9186442889209882, 0.8946186112144233, 0.8839319824677365, 0.9023555655192117, 0.8888954753835003, 0.8988753458498329, 0.9014183903774248, 0.8731028808426824, 0.7418210480511446, 0.8959706862260653, 1.0, 0.3803805303042872, -0.18935532061263566, 0.7011638297862494, 0.9182430646333116, 0.8866700864411947, 0.8975698060786583, 0.8475600705929336, 0.923364021919062, 0.867336759575628, 0.8401084001446799, 0.9211043281885427, 0.8649356485894023, 0.8477743218811545], [0.4324381509841853, 0.43159604436410653, 0.26674567281070055, 0.4071244145586756, 0.24083574081397005, 0.29952281422833965, -0.15775420802766638, 0.28840688480564175, 0.1460204566897495, -0.031873952237401096, -0.046718274454861056, 0.16697603227132016, -0.3296278550192975, -0.7155303485139528, -0.04490538555976882, 0.16701973551026966, 0.0073886484201510965, 0.254371388713107, 0.6818420420498069, 0.7301612643080481, 0.3333835460065661, 0.3803805303042872, 1.0, -0.39291964566844173, 0.28973708802291814, 0.40096338608903187, 0.21585484579554562, 0.5096812287346653, 0.5072714208688759, 0.3672845584573802, 0.5270617801049103, 0.43897186209008665, 0.38640116622767323, 0.30655688916689317, 0.41460443827320076], [-0.30388454867269676, -0.22900071456252927, -0.22739545688011706, -0.29512321769174843, -0.22031745257960056, -0.21664016071746975, 0.1517060830578296, -0.31201370348400953, -0.23142396385455483, 0.426374880343132, 0.4218727314903005, -0.19668391177879083, 0.4477222245725459, 0.4245964579029153, 0.4213996360425297, -0.19555941128329749, 0.44187252951795214, -0.2936521866792411, -0.5322599541501822, -0.11646493141398183, -0.28882338441619587, -0.18935532061263566, -0.39291964566844173, 1.0, -0.14910729130130423, -0.32787001679926286, -0.1770755138854167, -0.38984524073486754, -0.37968588935441816, -0.32647161619345105, -0.346206910915542, -0.2038058392287569, -0.3506127584514571, -0.17939391185488354, -0.31686865616415727], [0.9009988437097937, 0.8754704036414401, 0.9049524776950123, 0.8983930180339532, 0.8849476193514315, 0.936093096615854, -0.9041434747450356, 0.9054492295514553, 0.8864781582004281, 0.9138996014369934, 0.913120580164494, 0.921532895560079, 0.9036212151889175, 0.875969733206299, 0.91275682381972, 0.944444605472808, 0.9331118999671885, 0.9108096135228242, 0.6992699149219693, 0.5376205392337774, 0.8846302428512401, 0.7011638297862494, 0.28973708802291814, -0.14910729130130423, 1.0, 0.830739536584492, 0.884841772610338, 0.8109726810016538, 0.858874771015497, 0.8271782446730999, 0.8664997758312919, 0.861121555686762, 0.8567832850250119, 0.8670543978836455, 0.8946060122530263], [0.9714806792478113, 0.95931315466127, 0.9445831203927108, 0.9679693992882539, 0.9327307220410874, 0.9530764640292022, -0.9135579472846996, 0.9507503282300597, 0.9307312279034496, 0.9502906221841952, 0.9500827254440722, 0.9596373042184227, 0.9467784975015568, 0.9430128326010008, 0.9486586353977587, 0.9528207392186279, 0.9554840567724927, 0.9484923612051914, 0.910306921118622, 0.7375406194289208, 0.9530377224464223, 0.9182430646333116, 0.40096338608903187, -0.32787001679926286, 0.830739536584492, 1.0, 0.9330305622474662, 0.9560548701705701, 0.9328696182617255, 0.9443035728347955, 0.9399399872897385, 0.9110021891229194, 0.9613549547847868, 0.9241247684304855, 0.9177391817913547], [0.9554361237361688, 0.9548835006191884, 0.979826874450975, 0.9617739208384655, 0.9771274192922423, 0.9600648415352292, -0.9581525793434095, 0.9385022641881301, 0.9608069806771782, 0.966889695488455, 0.9677569933795205, 0.9568487187028745, 0.978078740314791, 0.9774320018603386, 0.967147103110122, 0.956855275068614, 0.9653172128430912, 0.9385418716714237, 0.8016950893887451, 0.6330813913848777, 0.9706956780842012, 0.8866700864411947, 0.21585484579554562, -0.1770755138854167, 0.884841772610338, 0.9330305622474662, 1.0, 0.9041929660940938, 0.8831741157558413, 0.938318327183019, 0.8849571996921115, 0.8842644450899101, 0.9446961203899834, 0.9709257474298422, 0.8844397690548232], [0.9802330864698421, 0.9584781007058055, 0.930200818132209, 0.9710086352160853, 0.9094773821386085, 0.957938787980361, -0.9003388437343347, 0.9779153155731058, 0.9339635082356081, 0.9622104537415885, 0.9617071955882286, 0.9654517447212684, 0.9452729964540868, 0.9379550921547145, 0.9620652430146333, 0.9613300754676372, 0.974913002135496, 0.9783919002973616, 0.9574894427843448, 0.7891608357610956, 0.9399320819670217, 0.8975698060786583, 0.5096812287346653, -0.38984524073486754, 0.8109726810016538, 0.9560548701705701, 0.9041929660940938, 1.0, 0.9856353942197917, 0.9650086337804428, 0.9897864649364366, 0.9507825583460141, 0.9587301168231086, 0.9114576174030952, 0.9663639788503324], [0.9644614135293441, 0.9506728733405302, 0.9127628935133945, 0.9615601812997765, 0.8987887489473725, 0.9285986174626639, -0.8605242687653359, 0.9531036626654847, 0.8966554108726376, 0.9439525038786316, 0.9426831701763437, 0.9524609660914549, 0.906172835807621, 0.8891028665051014, 0.9433107207168157, 0.9255942810824171, 0.9479812923089133, 0.9525021180234663, 0.9351951395412605, 0.7238690314166724, 0.9445320042996903, 0.8475600705929336, 0.5072714208688759, -0.37968588935441816, 0.858874771015497, 0.9328696182617255, 0.8831741157558413, 0.9856353942197917, 1.0, 0.950027733696857, 0.9830443106918112, 0.9548581920834255, 0.9354103710819098, 0.9181024758902936, 0.9615752316290345], [0.9757791506214196, 0.9655960213759904, 0.9648828310613142, 0.9780782016313706, 0.9588851829979499, 0.952386559550516, -0.9262138066271612, 0.9684881793301312, 0.9570091781401427, 0.9662445310315683, 0.9663515038195498, 0.9727757854505498, 0.9474529662007447, 0.9385574296662847, 0.9663624628130945, 0.9489873086121106, 0.9646674722180058, 0.966940679271468, 0.9009663931725577, 0.6612256451406707, 0.969843559770207, 0.923364021919062, 0.3672845584573802, -0.32647161619345105, 0.8271782446730999, 0.9443035728347955, 0.938318327183019, 0.9650086337804428, 0.950027733696857, 1.0, 0.9529269693479777, 0.9165695511739578, 0.9757706929412077, 0.9568028222966692, 0.9425230863320437], [0.9722542312494925, 0.9567127449137708, 0.9204216220564635, 0.9623806902013001, 0.8984939374284265, 0.9521109296455744, -0.8918656819682229, 0.9630669677467134, 0.9171201233901997, 0.9421528334707313, 0.9411264170029067, 0.9530136262902831, 0.9158647067097391, 0.9132720318265608, 0.9418083248463882, 0.953060232077426, 0.9569353705487859, 0.9615792800620913, 0.9439525418376928, 0.7607106491690744, 0.9403956549629265, 0.867336759575628, 0.5270617801049103, -0.346206910915542, 0.8664997758312919, 0.9399399872897385, 0.8849571996921115, 0.9897864649364366, 0.9830443106918112, 0.9529269693479777, 1.0, 0.9733736020841415, 0.9431353461942208, 0.9359182615087214, 0.9619235400478943], [0.9456244062486089, 0.9436197212709405, 0.9064689611455614, 0.9342440022400076, 0.8797115099376135, 0.9549876565206283, -0.9096902939231111, 0.9359945346278884, 0.9034430026104282, 0.9198499482746947, 0.9185484611524553, 0.9327062059689847, 0.8898591130166067, 0.8685221528062806, 0.9190956190144925, 0.9543656970437644, 0.9428419593119689, 0.9358664271515237, 0.8942625347787788, 0.7632481228547845, 0.9095430196562159, 0.8401084001446799, 0.43897186209008665, -0.2038058392287569, 0.861121555686762, 0.9110021891229194, 0.8842644450899101, 0.9507825583460141, 0.9548581920834255, 0.9165695511739578, 0.9733736020841415, 1.0, 0.905771968196638, 0.9320756991921476, 0.952779475061279], [0.9801304831994747, 0.9691461314071186, 0.9668446288203616, 0.9781147466173699, 0.9562211873680534, 0.9573765059277294, -0.9268509520463138, 0.9596898373920166, 0.9461340578392687, 0.9657487745314399, 0.9659343967185424, 0.9728802955338852, 0.9641650910913864, 0.9662941186677306, 0.9658509395878536, 0.9598373018811189, 0.9717350209977065, 0.9590056480770895, 0.8982452840722097, 0.6941679686295612, 0.9684510690814927, 0.9211043281885427, 0.38640116622767323, -0.3506127584514571, 0.8567832850250119, 0.9613549547847868, 0.9446961203899834, 0.9587301168231086, 0.9354103710819098, 0.9757706929412077, 0.9431353461942208, 0.905771968196638, 1.0, 0.9536083380063431, 0.9403640355969327], [0.9708104493586299, 0.9609893235763338, 0.9740989300663078, 0.9694180993581162, 0.9620733975109514, 0.9767184097491406, -0.9642708998499564, 0.9579523236850246, 0.9698059000828807, 0.9803230314760801, 0.9808298610458329, 0.9678036114392027, 0.9799883218147614, 0.9782875432523307, 0.9807198943193437, 0.9762327109343947, 0.984923938386451, 0.9558855905827377, 0.8456576701365046, 0.6578998124550886, 0.9546606744904129, 0.8649356485894023, 0.30655688916689317, -0.17939391185488354, 0.8670543978836455, 0.9241247684304855, 0.9709257474298422, 0.9114576174030952, 0.9181024758902936, 0.9568028222966692, 0.9359182615087214, 0.9320756991921476, 0.9536083380063431, 1.0, 0.9171243926683134], [0.9545802096005255, 0.9484382822662542, 0.9234834676552788, 0.9459264587349699, 0.8993023036075866, 0.9554200879660416, -0.9098841833742597, 0.9653569101087397, 0.9232245083214794, 0.9426233897325104, 0.941906986851344, 0.9514676981050015, 0.9345974874767338, 0.9268460640992647, 0.9422520656949472, 0.9601665982801275, 0.963928930688739, 0.9665540942264138, 0.8793442239327582, 0.7000764550230937, 0.9273495838931997, 0.8477743218811545, 0.41460443827320076, -0.31686865616415727, 0.8946060122530263, 0.9177391817913547, 0.8844397690548232, 0.9663639788503324, 0.9615752316290345, 0.9425230863320437, 0.9619235400478943, 0.952779475061279, 0.9403640355969327, 0.9171243926683134, 1.0]], "x": ["^TAIEX       \u81fa\u7063\u52a0\u6b0a\u5831\u916c\u6307\u6578", "^TWII        \u81fa\u7063\u52a0\u6b0a\u6307\u6578", "^TAIEXx2     \u81fa\u7063\u52a0\u6b0a\u5831\u916c\u6307\u6578_\u65e5\u6b632", "^TAI50I      \u81fa\u706350\u5831\u916c\u6307\u6578", "^TAI50Ix2    \u81fa\u706350\u5831\u916c\u6307\u6578_\u65e5\u6b632", "^TAI100I     \u81fa\u7063\u4e2d\u578b100\u5831\u916c\u6307\u6578", "^TAI100Ix2   \u81fa\u7063\u4e2d\u578b100\u5831\u916c\u6307\u6578_\u65e5\u6b632", "^TAIDIVIDI   \u81fa\u7063\u9ad8\u80a1\u606f\u5831\u916c\u6307\u6578", "^TAIDIVIDIx2 \u81fa\u7063\u9ad8\u80a1\u606f\u5831\u916c\u6307\u6578_\u65e5\u6b632", "0050Fund     \u5143\u5927\u53f0\u7063\u5353\u8d8a50\u57fa\u91d1", "006208Fund   \u5bcc\u90a6\u53f0\u7063\u91c6\u540950\u57fa\u91d1", "0050         \u5143\u5927\u81fa\u706350", "00631L       \u5143\u5927\u53f0\u706350\u6b632", "00675L       \u5bcc\u90a6\u81fa\u7063\u52a0\u6b0a\u6b632", "006208       \u5bcc\u90a6\u53f050", "0051         \u5143\u5927\u4e2d\u578b100", "006204       \u6c38\u8c50\u81fa\u7063\u52a0\u6b0a", "0056         \u5143\u5927\u9ad8\u80a1\u606f", "2412         \u4e2d\u83ef\u96fb\u4fe1", "2002         \u4e2d\u92fc", "2330         \u53f0\u7a4d\u96fb", "2317         \u9d3b\u6d77", "6505         \u53f0\u5851\u77f3\u5316", "3481         \u7fa4\u5275", "2303         \u806f\u96fb", "2308         \u53f0\u9054\u96fb", "2454         \u806f\u767c\u79d1", "2886         \u5146\u8c50\u91d1", "2884         \u7389\u5c71\u91d1", "2891         \u4e2d\u4fe1\u91d1", "2892         \u7b2c\u4e00\u91d1", "5880         \u5408\u5eab\u91d1", "2881         \u5bcc\u90a6\u91d1", "2885         \u5143\u5927\u91d1", "2887         \u53f0\u65b0\u91d1"], "y": ["^TAIEX       \u81fa\u7063\u52a0\u6b0a\u5831\u916c\u6307\u6578", "^TWII        \u81fa\u7063\u52a0\u6b0a\u6307\u6578", "^TAIEXx2     \u81fa\u7063\u52a0\u6b0a\u5831\u916c\u6307\u6578_\u65e5\u6b632", "^TAI50I      \u81fa\u706350\u5831\u916c\u6307\u6578", "^TAI50Ix2    \u81fa\u706350\u5831\u916c\u6307\u6578_\u65e5\u6b632", "^TAI100I     \u81fa\u7063\u4e2d\u578b100\u5831\u916c\u6307\u6578", "^TAI100Ix2   \u81fa\u7063\u4e2d\u578b100\u5831\u916c\u6307\u6578_\u65e5\u6b632", "^TAIDIVIDI   \u81fa\u7063\u9ad8\u80a1\u606f\u5831\u916c\u6307\u6578", "^TAIDIVIDIx2 \u81fa\u7063\u9ad8\u80a1\u606f\u5831\u916c\u6307\u6578_\u65e5\u6b632", "0050Fund     \u5143\u5927\u53f0\u7063\u5353\u8d8a50\u57fa\u91d1", "006208Fund   \u5bcc\u90a6\u53f0\u7063\u91c6\u540950\u57fa\u91d1", "0050         \u5143\u5927\u81fa\u706350", "00631L       \u5143\u5927\u53f0\u706350\u6b632", "00675L       \u5bcc\u90a6\u81fa\u7063\u52a0\u6b0a\u6b632", "006208       \u5bcc\u90a6\u53f050", "0051         \u5143\u5927\u4e2d\u578b100", "006204       \u6c38\u8c50\u81fa\u7063\u52a0\u6b0a", "0056         \u5143\u5927\u9ad8\u80a1\u606f", "2412         \u4e2d\u83ef\u96fb\u4fe1", "2002         \u4e2d\u92fc", "2330         \u53f0\u7a4d\u96fb", "2317         \u9d3b\u6d77", "6505         \u53f0\u5851\u77f3\u5316", "3481         \u7fa4\u5275", "2303         \u806f\u96fb", "2308         \u53f0\u9054\u96fb", "2454         \u806f\u767c\u79d1", "2886         \u5146\u8c50\u91d1", "2884         \u7389\u5c71\u91d1", "2891         \u4e2d\u4fe1\u91d1", "2892         \u7b2c\u4e00\u91d1", "5880         \u5408\u5eab\u91d1", "2881         \u5bcc\u90a6\u91d1", "2885         \u5143\u5927\u91d1", "2887         \u53f0\u65b0\u91d1"], "zmin": -1, "zmax": 1, "colorbar": {"x": -0.2}}], "layout": {"autotypenumbers": "strict", "colorway": ["#636efa", "#EF553B", "#00cc96", "#ab63fa", "#FFA15A", "#19d3f3", "#FF6692", "#B6E880", "#FF97FF", "#FECB52"], "font": {"color": "#f2f5fa", "family": "Courier New"}, "hovermode": "closest", "hoverlabel": {"align": "left"}, "paper_bgcolor": "rgb(17,17,17)", "plot_bgcolor": "rgb(17,17,17)", "polar": {"bgcolor": "rgb(17,17,17)", "angularaxis": {"gridcolor": "#506784", "linecolor": "#506784", "ticks": ""}, "radialaxis": {"gridcolor": "#506784", "linecolor": "#506784", "ticks": ""}}, "ternary": {"bgcolor": "rgb(17,17,17)", "aaxis": {"gridcolor": "#506784", "linecolor": "#506784", "ticks": ""}, "baxis": {"gridcolor": "#506784", "linecolor": "#506784", "ticks": ""}, "caxis": {"gridcolor": "#506784", "linecolor": "#506784", "ticks": ""}}, "coloraxis": {"colorbar": {"outlinewidth": 0, "ticks": ""}}, "colorscale": {"sequential": [[0.0, "#0d0887"], [0.1111111111111111, "#46039f"], [0.2222222222222222, "#7201a8"], [0.3333333333333333, "#9c179e"], [0.4444444444444444, "#bd3786"], [0.5555555555555556, "#d8576b"], [0.6666666666666666, "#ed7953"], [0.7777777777777778, "#fb9f3a"], [0.8888888888888888, "#fdca26"], [1.0, "#f0f921"]], "sequentialminus": [[0.0, "#0d0887"], [0.1111111111111111, "#46039f"], [0.2222222222222222, "#7201a8"], [0.3333333333333333, "#9c179e"], [0.4444444444444444, "#bd3786"], [0.5555555555555556, "#d8576b"], [0.6666666666666666, "#ed7953"], [0.7777777777777778, "#fb9f3a"], [0.8888888888888888, "#fdca26"], [1.0, "#f0f921"]], "diverging": [[0, "#8e0152"], [0.1, "#c51b7d"], [0.2, "#de77ae"], [0.3, "#f1b6da"], [0.4, "#fde0ef"], [0.5, "#f7f7f7"], [0.6, "#e6f5d0"], [0.7, "#b8e186"], [0.8, "#7fbc41"], [0.9, "#4d9221"], [1, "#276419"]]}, "xaxis": {"gridcolor": "rgba(0, 0, 0, 0)", "linecolor": "#506784", "ticks": "", "title": {"standoff": 15}, "zerolinecolor": "#283442", "automargin": true, "zerolinewidth": 2, "tickfont": {"family": "Courier New", "size": 14}, "side": "top", "tickangle": -90}, "yaxis": {"gridcolor": "rgba(0, 0, 0, 0)", "linecolor": "#506784", "ticks": "", "title": {"standoff": 15}, "zerolinecolor": "#283442", "automargin": true, "zerolinewidth": 2, "tickfont": {"family": "Courier New"}, "side": "right"}, "scene": {"xaxis": {"backgroundcolor": "rgb(17,17,17)", "gridcolor": "#506784", "linecolor": "#506784", "showbackground": true, "ticks": "", "zerolinecolor": "#C8D4E3", "gridwidth": 2}, "yaxis": {"backgroundcolor": "rgb(17,17,17)", "gridcolor": "#506784", "linecolor": "#506784", "showbackground": true, "ticks": "", "zerolinecolor": "#C8D4E3", "gridwidth": 2}, "zaxis": {"backgroundcolor": "rgb(17,17,17)", "gridcolor": "#506784", "linecolor": "#506784", "showbackground": true, "ticks": "", "zerolinecolor": "#C8D4E3", "gridwidth": 2}}, "shapedefaults": {"line": {"color": "#f2f5fa"}}, "annotationdefaults": {"arrowcolor": "#f2f5fa", "arrowhead": 0, "arrowwidth": 1}, "geo": {"bgcolor": "rgb(17,17,17)", "landcolor": "rgb(17,17,17)", "subunitcolor": "#506784", "showland": true, "showlakes": true, "lakecolor": "rgb(17,17,17)"}, "title": {"x": 0.05, "font": {"family": "Times New Roman"}, "y": 0.05, "text": "<b>Correlation of Adj Close<b><br><i>2016-09-23 ~ 2025-08-15<i>"}, "updatemenudefaults": {"bgcolor": "#506784", "borderwidth": 0}, "sliderdefaults": {"bgcolor": "#C8D4E3", "borderwidth": 1, "bordercolor": "rgb(17,17,17)", "tickwidth": 0}, "mapbox": {"style": "dark"}, "annotations": [{"text": "<b>@zwindr<b>", "textangle": 0, "opacity": 0.5, "font": {"color": "white", "size": 12}, "xref": "paper", "yref": "paper", "xanchor": "left", "yanchor": "bottom", "x": 1.0, "y": 1.0, "showarrow": false}]}, "config": {"responsive": true, "toImageButtonOptions": {"filename": "Correlation of Adj Close_2016-09-23~2025-08-15", "scale": 5}}};

    Plotly.newPlot("correlationAdjClose",
        correlationAdjClose.data,
        correlationAdjClose.layout || {},
        correlationAdjClose.config);
} else {
    // The element with the specified ID does not exist
    console.log("style display is none => correlationAdjClose");
}