var config = { responsive: true }

var correlationAdjClose = {"data": [{"type": "heatmap", "z": [[1.0, 0.9938243938822802, 0.9764390557448902, 0.9977403633331917, 0.9648498286166356, 0.9809763587464183, -0.941165680380061, 0.9897586207261871, 0.969060976080617, 0.9978146080038336, 0.9929893574389984, 0.9937599090308661, 0.9972709515539621, 0.9836794712765241, 0.9996557062636988, 0.9898195299995795, 0.9192072891387171, 0.7489548200972067, 0.9855009835118178, 0.9186158328825195, 0.4612842606395632, -0.3025824502799739, 0.9005423379764419, 0.9742184634276991, 0.9533233385485795], [0.9938243938822802, 1.0, 0.9718396889570824, 0.991314217632582, 0.9605323213981148, 0.9762247547425246, -0.9363927758973727, 0.9803181406981554, 0.9619757265296093, 0.9933530728814589, 0.992059186256862, 0.9912648943493145, 0.9952581604692425, 0.9773668048951664, 0.9965652874103029, 0.9831795650909553, 0.9079901337643174, 0.758065157874202, 0.9667753780134918, 0.8977648920694689, 0.45914218974565085, -0.2255091888104217, 0.8737166145929524, 0.9617033249863606, 0.9532247060065874], [0.9764390557448902, 0.9718396889570824, 1.0, 0.982353107961065, 0.9962251530700293, 0.9790671631926682, -0.9753884350207045, 0.9697936704260378, 0.9835827120506626, 0.9844435366031624, 0.997185351543848, 0.9970407999477209, 0.9886634687021909, 0.9778864388564603, 0.9874984819608399, 0.9697444925323547, 0.8249346085583468, 0.6396925332231077, 0.9897976053971879, 0.9089824760173963, 0.2962006414558503, -0.2244444745679036, 0.9078410457190301, 0.9415091160583412, 0.9785922542334708], [0.9977403633331917, 0.991314217632582, 0.982353107961065, 1.0, 0.9760500814546847, 0.9732980287703814, -0.9358829916891845, 0.9842798209724202, 0.9664609241753294, 0.9999548453299479, 0.991507171218969, 0.9897179334692228, 0.9999443013154538, 0.9734316246780029, 0.9961090871370588, 0.9842049840451907, 0.9057346584023119, 0.7202627623887843, 0.993198254710943, 0.9200430127677518, 0.4390626406840547, -0.29423881729494006, 0.899510788901182, 0.9683243539430918, 0.9593768058111076], [0.9648498286166356, 0.9605323213981148, 0.9962251530700293, 0.9760500814546847, 1.0, 0.9592845042926805, -0.9572452703078951, 0.9554146079562027, 0.9717040820176018, 0.9802275550825387, 0.9873636308052613, 0.9837509585033959, 0.9850980665941799, 0.9571751307500559, 0.9761380002901685, 0.955329610614091, 0.8052717868740267, 0.6062036849825074, 0.9891619870730343, 0.9055545606274996, 0.2743149558973783, -0.2178452383637733, 0.8908614253785336, 0.9267798530574352, 0.9764661701898671], [0.9809763587464183, 0.9762247547425246, 0.9790671631926682, 0.9732980287703814, 0.9592845042926805, 1.0, -0.980253066846062, 0.9799773812431869, 0.9793445845786789, 0.9720254792943833, 0.9767049519126457, 0.9746714628524387, 0.9687419085309206, 0.9999100294243157, 0.9858677638627875, 0.981104698085072, 0.8586218914302514, 0.7152776397285157, 0.9672358675637512, 0.8884715427486707, 0.32538299019272127, -0.2127213477898428, 0.9364001681418898, 0.95671565456972, 0.9589740606694279], [-0.941165680380061, -0.9363927758973727, -0.9753884350207045, -0.9358829916891845, -0.9572452703078951, -0.980253066846062, 1.0, -0.9502711132053937, -0.9829276534947038, -0.9410247585487896, -0.9735269625259564, -0.9754113719473002, -0.9478032463620069, -0.9835290643133179, -0.9635089303924955, -0.9533912173099658, -0.7693418656951917, -0.6128128977838104, -0.9416566540678761, -0.8783375772682311, -0.18160121223706652, 0.14612478255266587, -0.9042817874556133, -0.9119803565620725, -0.9562935027494487], [0.9897586207261871, 0.9803181406981554, 0.9697936704260378, 0.9842798209724202, 0.9554146079562027, 0.9799773812431869, -0.9502711132053937, 1.0, 0.981971565176091, 0.9835966620415417, 0.9752274640897316, 0.9741245561691381, 0.9797833032520815, 0.9820023872297305, 0.9872855019508833, 0.9998689072649075, 0.9215550791431184, 0.6849481717609119, 0.9739993905244052, 0.8920265237393981, 0.3229022085283809, -0.31053279738227485, 0.904910121092005, 0.9556487198374085, 0.9361259596558706], [0.969060976080617, 0.9619757265296093, 0.9835827120506626, 0.9664609241753294, 0.9717040820176018, 0.9793445845786789, -0.9829276534947038, 0.981971565176091, 1.0, 0.9651564546891833, 0.9720740424110356, 0.9690582887417195, 0.9623966856384389, 0.9785206680793642, 0.9691306652384235, 0.9812980342203697, 0.8464763881189789, 0.6101072908041466, 0.9667587124676316, 0.9030086059848187, 0.17930087571681755, -0.22821692293451123, 0.8864570534789551, 0.9312696406115984, 0.9587949137758071], [0.9978146080038336, 0.9933530728814589, 0.9844435366031624, 0.9999548453299479, 0.9802275550825387, 0.9720254792943833, -0.9410247585487896, 0.9835966620415417, 0.9651564546891833, 1.0, 0.9912517683584412, 0.9893632365844961, 0.9999607259623049, 0.9725658258844084, 0.9958514069498245, 0.9840299652389408, 0.9212895920890798, 0.6883320455599333, 0.9953138607649532, 0.9171533805058969, 0.2646444524469398, -0.25775822865869286, 0.9268785189748052, 0.9627979569505403, 0.9542502292270688], [0.9929893574389984, 0.992059186256862, 0.997185351543848, 0.991507171218969, 0.9873636308052613, 0.9767049519126457, -0.9735269625259564, 0.9752274640897316, 0.9720740424110356, 0.9912517683584412, 1.0, 0.9996706813383079, 0.991375645420188, 0.9776867474191907, 0.9933400486102538, 0.9766962470971615, 0.9084876690957788, 0.590177200923781, 0.9864308684742302, 0.8877440608841535, -0.291234638309849, 0.47451508805279824, 0.9083295842867106, 0.9535827464026138, 0.9769458901201219], [0.9937599090308661, 0.9912648943493145, 0.9970407999477209, 0.9897179334692228, 0.9837509585033959, 0.9746714628524387, -0.9754113719473002, 0.9741245561691381, 0.9690582887417195, 0.9893632365844961, 0.9996706813383079, 1.0, 0.9896259617903078, 0.9757502587989287, 0.9939130420687939, 0.9758571498151014, 0.9161012161110594, 0.4752719582213839, 0.9813035740455086, 0.8761304223258175, -0.6947860693406527, 0.4544599521261723, 0.8816469684685345, 0.95039918617736, 0.9762651119088793], [0.9972709515539621, 0.9952581604692425, 0.9886634687021909, 0.9999443013154538, 0.9850980665941799, 0.9687419085309206, -0.9478032463620069, 0.9797833032520815, 0.9623966856384389, 0.9999607259623049, 0.991375645420188, 0.9896259617903078, 1.0, 0.9694846106797691, 0.9956653438178941, 0.9809355045017043, 0.9287375251107096, 0.648934753316973, 0.996807080857133, 0.8956240819184992, 0.0020697805329966774, 0.4476154021631745, 0.9183958329945444, 0.9513424205311263, 0.9649148197939242], [0.9836794712765241, 0.9773668048951664, 0.9778864388564603, 0.9734316246780029, 0.9571751307500559, 0.9999100294243157, -0.9835290643133179, 0.9820023872297305, 0.9785206680793642, 0.9725658258844084, 0.9776867474191907, 0.9757502587989287, 0.9694846106797691, 1.0, 0.9864228936997632, 0.9812769425535347, 0.8825170408503353, 0.716875379467569, 0.9660656055397613, 0.884136423763395, 0.1992316466393254, -0.19049303423086103, 0.9451313113040292, 0.9594961007636714, 0.9559311173201043], [0.9996557062636988, 0.9965652874103029, 0.9874984819608399, 0.9961090871370588, 0.9761380002901685, 0.9858677638627875, -0.9635089303924955, 0.9872855019508833, 0.9691306652384235, 0.9958514069498245, 0.9933400486102538, 0.9939130420687939, 0.9956653438178941, 0.9864228936997632, 1.0, 0.9882224311186828, 0.9344570597212125, 0.6881712977922493, 0.9890653765739049, 0.8929218480928939, 0.05056725690680235, 0.4642126285023216, 0.9365527444375537, 0.9611767983835058, 0.9633861479200212], [0.9898195299995795, 0.9831795650909553, 0.9697444925323547, 0.9842049840451907, 0.955329610614091, 0.981104698085072, -0.9533912173099658, 0.9998689072649075, 0.9812980342203697, 0.9840299652389408, 0.9766962470971615, 0.9758571498151014, 0.9809355045017043, 0.9812769425535347, 0.9882224311186828, 1.0, 0.9279238730097995, 0.6835989823621538, 0.973097836247155, 0.89731991347891, 0.2899123034624413, -0.2908772411463743, 0.9105202475689911, 0.9546225053112248, 0.936299291807097], [0.9192072891387171, 0.9079901337643174, 0.8249346085583468, 0.9057346584023119, 0.8052717868740267, 0.8586218914302514, -0.7693418656951917, 0.9215550791431184, 0.8464763881189789, 0.9212895920890798, 0.9084876690957788, 0.9161012161110594, 0.9287375251107096, 0.8825170408503353, 0.9344570597212125, 0.9279238730097995, 1.0, 0.8450870303667327, 0.8570502902652922, 0.8706393266461222, 0.7051596351288623, -0.5339345594506362, 0.6922417771665944, 0.9170292660677314, 0.7970463943475028], [0.7489548200972067, 0.758065157874202, 0.6396925332231077, 0.7202627623887843, 0.6062036849825074, 0.7152776397285157, -0.6128128977838104, 0.6849481717609119, 0.6101072908041466, 0.6883320455599333, 0.590177200923781, 0.4752719582213839, 0.648934753316973, 0.716875379467569, 0.6881712977922493, 0.6835989823621538, 0.8450870303667327, 1.0, 0.6418320973669503, 0.7529879454959149, 0.7335481363524371, -0.1164800760861648, 0.5383557906588489, 0.7626218795572022, 0.6461204934672888], [0.9855009835118178, 0.9667753780134918, 0.9897976053971879, 0.993198254710943, 0.9891619870730343, 0.9672358675637512, -0.9416566540678761, 0.9739993905244052, 0.9667587124676316, 0.9953138607649532, 0.9864308684742302, 0.9813035740455086, 0.996807080857133, 0.9660656055397613, 0.9890653765739049, 0.973097836247155, 0.8570502902652922, 0.6418320973669503, 1.0, 0.8906650711837949, 0.3658643905110931, -0.2884284894628952, 0.8870144625270792, 0.950630762030325, 0.9687665817123582], [0.9186158328825195, 0.8977648920694689, 0.9089824760173963, 0.9200430127677518, 0.9055545606274996, 0.8884715427486707, -0.8783375772682311, 0.8920265237393981, 0.9030086059848187, 0.9171533805058969, 0.8877440608841535, 0.8761304223258175, 0.8956240819184992, 0.884136423763395, 0.8929218480928939, 0.89731991347891, 0.8706393266461222, 0.7529879454959149, 0.8906650711837949, 1.0, 0.40946263761609836, -0.18504461494873395, 0.6939021580335223, 0.9157981306455957, 0.8806704154881236], [0.4612842606395632, 0.45914218974565085, 0.2962006414558503, 0.4390626406840547, 0.2743149558973783, 0.32538299019272127, -0.18160121223706652, 0.3229022085283809, 0.17930087571681755, 0.2646444524469398, -0.291234638309849, -0.6947860693406527, 0.0020697805329966774, 0.1992316466393254, 0.05056725690680235, 0.2899123034624413, 0.7051596351288623, 0.7335481363524371, 0.3658643905110931, 0.40946263761609836, 1.0, -0.40071920399460104, 0.30356606838812894, 0.44610722290702304, 0.2419087659284081], [-0.3025824502799739, -0.2255091888104217, -0.2244444745679036, -0.29423881729494006, -0.2178452383637733, -0.2127213477898428, 0.14612478255266587, -0.31053279738227485, -0.22821692293451123, -0.25775822865869286, 0.47451508805279824, 0.4544599521261723, 0.4476154021631745, -0.19049303423086103, 0.4642126285023216, -0.2908772411463743, -0.5339345594506362, -0.1164800760861648, -0.2884284894628952, -0.18504461494873395, -0.40071920399460104, 1.0, -0.14473550326285145, -0.33340091424196194, -0.1721940650682652], [0.9005423379764419, 0.8737166145929524, 0.9078410457190301, 0.899510788901182, 0.8908614253785336, 0.9364001681418898, -0.9042817874556133, 0.904910121092005, 0.8864570534789551, 0.9268785189748052, 0.9083295842867106, 0.8816469684685345, 0.9183958329945444, 0.9451313113040292, 0.9365527444375537, 0.9105202475689911, 0.6922417771665944, 0.5383557906588489, 0.8870144625270792, 0.6939021580335223, 0.30356606838812894, -0.14473550326285145, 1.0, 0.8354331610844891, 0.8859352569674389], [0.9742184634276991, 0.9617033249863606, 0.9415091160583412, 0.9683243539430918, 0.9267798530574352, 0.95671565456972, -0.9119803565620725, 0.9556487198374085, 0.9312696406115984, 0.9627979569505403, 0.9535827464026138, 0.95039918617736, 0.9513424205311263, 0.9594961007636714, 0.9611767983835058, 0.9546225053112248, 0.9170292660677314, 0.7626218795572022, 0.950630762030325, 0.9157981306455957, 0.44610722290702304, -0.33340091424196194, 0.8354331610844891, 1.0, 0.9303646693025381], [0.9533233385485795, 0.9532247060065874, 0.9785922542334708, 0.9593768058111076, 0.9764661701898671, 0.9589740606694279, -0.9562935027494487, 0.9361259596558706, 0.9587949137758071, 0.9542502292270688, 0.9769458901201219, 0.9762651119088793, 0.9649148197939242, 0.9559311173201043, 0.9633861479200212, 0.936299291807097, 0.7970463943475028, 0.6461204934672888, 0.9687665817123582, 0.8806704154881236, 0.2419087659284081, -0.1721940650682652, 0.8859352569674389, 0.9303646693025381, 1.0]], "x": ["^TAIEX       \u81fa\u7063\u52a0\u6b0a\u5831\u916c\u6307\u6578", "^TWII        \u81fa\u7063\u52a0\u6b0a\u6307\u6578", "^TAIEXx2     \u81fa\u7063\u52a0\u6b0a\u5831\u916c\u6307\u6578_\u65e5\u6b632", "^TAI50I      \u81fa\u706350\u5831\u916c\u6307\u6578", "^TAI50Ix2    \u81fa\u706350\u5831\u916c\u6307\u6578_\u65e5\u6b632", "^TAI100I     \u81fa\u7063\u4e2d\u578b100\u5831\u916c\u6307\u6578", "^TAI100Ix2   \u81fa\u7063\u4e2d\u578b100\u5831\u916c\u6307\u6578_\u65e5\u6b632", "^TAIDIVIDI   \u81fa\u7063\u9ad8\u80a1\u606f\u5831\u916c\u6307\u6578", "^TAIDIVIDIx2 \u81fa\u7063\u9ad8\u80a1\u606f\u5831\u916c\u6307\u6578_\u65e5\u6b632", "0050         \u5143\u5927\u81fa\u706350", "00631L       \u5143\u5927\u53f0\u706350\u6b632", "00675L       \u5bcc\u90a6\u81fa\u7063\u52a0\u6b0a\u6b632", "006208       \u5bcc\u90a6\u53f050", "0051         \u5143\u5927\u4e2d\u578b100", "006204       \u6c38\u8c50\u81fa\u7063\u52a0\u6b0a", "0056         \u5143\u5927\u9ad8\u80a1\u606f", "2412         \u4e2d\u83ef\u96fb\u4fe1", "2002         \u4e2d\u92fc", "2330         \u53f0\u7a4d\u96fb", "2317         \u9d3b\u6d77", "6505         \u53f0\u5851\u77f3\u5316", "3481         \u7fa4\u5275", "2303         \u806f\u96fb", "2308         \u53f0\u9054\u96fb", "2454         \u806f\u767c\u79d1"], "y": ["^TAIEX       \u81fa\u7063\u52a0\u6b0a\u5831\u916c\u6307\u6578", "^TWII        \u81fa\u7063\u52a0\u6b0a\u6307\u6578", "^TAIEXx2     \u81fa\u7063\u52a0\u6b0a\u5831\u916c\u6307\u6578_\u65e5\u6b632", "^TAI50I      \u81fa\u706350\u5831\u916c\u6307\u6578", "^TAI50Ix2    \u81fa\u706350\u5831\u916c\u6307\u6578_\u65e5\u6b632", "^TAI100I     \u81fa\u7063\u4e2d\u578b100\u5831\u916c\u6307\u6578", "^TAI100Ix2   \u81fa\u7063\u4e2d\u578b100\u5831\u916c\u6307\u6578_\u65e5\u6b632", "^TAIDIVIDI   \u81fa\u7063\u9ad8\u80a1\u606f\u5831\u916c\u6307\u6578", "^TAIDIVIDIx2 \u81fa\u7063\u9ad8\u80a1\u606f\u5831\u916c\u6307\u6578_\u65e5\u6b632", "0050         \u5143\u5927\u81fa\u706350", "00631L       \u5143\u5927\u53f0\u706350\u6b632", "00675L       \u5bcc\u90a6\u81fa\u7063\u52a0\u6b0a\u6b632", "006208       \u5bcc\u90a6\u53f050", "0051         \u5143\u5927\u4e2d\u578b100", "006204       \u6c38\u8c50\u81fa\u7063\u52a0\u6b0a", "0056         \u5143\u5927\u9ad8\u80a1\u606f", "2412         \u4e2d\u83ef\u96fb\u4fe1", "2002         \u4e2d\u92fc", "2330         \u53f0\u7a4d\u96fb", "2317         \u9d3b\u6d77", "6505         \u53f0\u5851\u77f3\u5316", "3481         \u7fa4\u5275", "2303         \u806f\u96fb", "2308         \u53f0\u9054\u96fb", "2454         \u806f\u767c\u79d1"], "zmin": -1, "zmax": 1, "colorbar": {"x": -0.2}}], "layout": {"autotypenumbers": "strict", "colorway": ["#636efa", "#EF553B", "#00cc96", "#ab63fa", "#FFA15A", "#19d3f3", "#FF6692", "#B6E880", "#FF97FF", "#FECB52"], "font": {"color": "#f2f5fa", "family": "Courier New"}, "hovermode": "closest", "hoverlabel": {"align": "left"}, "paper_bgcolor": "rgb(17,17,17)", "plot_bgcolor": "rgb(17,17,17)", "polar": {"bgcolor": "rgb(17,17,17)", "angularaxis": {"gridcolor": "#506784", "linecolor": "#506784", "ticks": ""}, "radialaxis": {"gridcolor": "#506784", "linecolor": "#506784", "ticks": ""}}, "ternary": {"bgcolor": "rgb(17,17,17)", "aaxis": {"gridcolor": "#506784", "linecolor": "#506784", "ticks": ""}, "baxis": {"gridcolor": "#506784", "linecolor": "#506784", "ticks": ""}, "caxis": {"gridcolor": "#506784", "linecolor": "#506784", "ticks": ""}}, "coloraxis": {"colorbar": {"outlinewidth": 0, "ticks": ""}}, "colorscale": {"sequential": [[0.0, "#0d0887"], [0.1111111111111111, "#46039f"], [0.2222222222222222, "#7201a8"], [0.3333333333333333, "#9c179e"], [0.4444444444444444, "#bd3786"], [0.5555555555555556, "#d8576b"], [0.6666666666666666, "#ed7953"], [0.7777777777777778, "#fb9f3a"], [0.8888888888888888, "#fdca26"], [1.0, "#f0f921"]], "sequentialminus": [[0.0, "#0d0887"], [0.1111111111111111, "#46039f"], [0.2222222222222222, "#7201a8"], [0.3333333333333333, "#9c179e"], [0.4444444444444444, "#bd3786"], [0.5555555555555556, "#d8576b"], [0.6666666666666666, "#ed7953"], [0.7777777777777778, "#fb9f3a"], [0.8888888888888888, "#fdca26"], [1.0, "#f0f921"]], "diverging": [[0, "#8e0152"], [0.1, "#c51b7d"], [0.2, "#de77ae"], [0.3, "#f1b6da"], [0.4, "#fde0ef"], [0.5, "#f7f7f7"], [0.6, "#e6f5d0"], [0.7, "#b8e186"], [0.8, "#7fbc41"], [0.9, "#4d9221"], [1, "#276419"]]}, "xaxis": {"gridcolor": "rgba(0, 0, 0, 0)", "linecolor": "#506784", "ticks": "", "title": {"standoff": 15}, "zerolinecolor": "#283442", "automargin": true, "zerolinewidth": 2, "tickfont": {"family": "Courier New", "size": 14}, "side": "top", "tickangle": -90}, "yaxis": {"gridcolor": "rgba(0, 0, 0, 0)", "linecolor": "#506784", "ticks": "", "title": {"standoff": 15}, "zerolinecolor": "#283442", "automargin": true, "zerolinewidth": 2, "tickfont": {"family": "Courier New"}, "side": "right"}, "scene": {"xaxis": {"backgroundcolor": "rgb(17,17,17)", "gridcolor": "#506784", "linecolor": "#506784", "showbackground": true, "ticks": "", "zerolinecolor": "#C8D4E3", "gridwidth": 2}, "yaxis": {"backgroundcolor": "rgb(17,17,17)", "gridcolor": "#506784", "linecolor": "#506784", "showbackground": true, "ticks": "", "zerolinecolor": "#C8D4E3", "gridwidth": 2}, "zaxis": {"backgroundcolor": "rgb(17,17,17)", "gridcolor": "#506784", "linecolor": "#506784", "showbackground": true, "ticks": "", "zerolinecolor": "#C8D4E3", "gridwidth": 2}}, "shapedefaults": {"line": {"color": "#f2f5fa"}}, "annotationdefaults": {"arrowcolor": "#f2f5fa", "arrowhead": 0, "arrowwidth": 1}, "geo": {"bgcolor": "rgb(17,17,17)", "landcolor": "rgb(17,17,17)", "subunitcolor": "#506784", "showland": true, "showlakes": true, "lakecolor": "rgb(17,17,17)"}, "title": {"x": 0.05, "font": {"family": "Times New Roman"}, "y": 0.05, "text": "<b>Correlation of Adj Close <b><br><i>2016/09/23 ~ 2025/07/02<i>"}, "updatemenudefaults": {"bgcolor": "#506784", "borderwidth": 0}, "sliderdefaults": {"bgcolor": "#C8D4E3", "borderwidth": 1, "bordercolor": "rgb(17,17,17)", "tickwidth": 0}, "mapbox": {"style": "dark"}, "height": 600}};

Plotly.newPlot("correlationAdjClose",
    correlationAdjClose.data,
    correlationAdjClose.layout || {},
    config);