var element = document.getElementById("correlationAdjClose");

if (element.style.display != 'none') {
    var correlationAdjClose = {"data": [{"type": "heatmap", "z": [[1.0, 0.9940527548870284, 0.977004247141676, 0.9976110133708044, 0.9646563891152445, 0.9816131849751685, -0.9436091387532732, 0.990052493057536, 0.9704286566835121, 0.9971904741318321, 0.9971769417070304, 0.9976667651446579, 0.9933071565303779, 0.9940009258469608, 0.9971888000942832, 0.9840477237063339, 0.9996712697088997, 0.9900736218032313, 0.920286762703933, 0.7381739301540338, 0.9853370854687903, 0.9217682949581653, 0.43800017385328516, -0.30380432307119304, 0.901253219468155, 0.973197690437767, 0.9549364273296523, 0.980154459211796, 0.9640952730902266, 0.9756960558947474, 0.9721271867244154, 0.9455667781799053, 0.9799110990739202, 0.9704873438185845, 0.9547506249186861], [0.9940527548870284, 1.0, 0.9723662726059762, 0.9913012373892903, 0.9600274870855222, 0.9770913220494394, -0.9389433457407388, 0.9810409363807236, 0.9635529330301692, 0.9952739100958878, 0.9951185856221717, 0.9943649391607995, 0.9923868896334413, 0.9916579988172717, 0.9950736913892176, 0.9780700432217155, 0.9966819817957339, 0.9837489149986154, 0.9093747731768229, 0.7503675373601212, 0.9670259104193027, 0.9011180922986586, 0.4378527591947691, -0.22837654540372923, 0.8754143774158418, 0.9610489918937171, 0.954366418330244, 0.9581402577684723, 0.9500963403734674, 0.9654289143359818, 0.9563582496925679, 0.9434382263368482, 0.9687779244570355, 0.9617820394569057, 0.948464447916955], [0.977004247141676, 0.9723662726059762, 1.0, 0.9832071071386682, 0.995951972295356, 0.9789213520923361, -0.9759274887641447, 0.970192467561731, 0.9840161453803437, 0.9888405843650394, 0.9895498593019897, 0.9860333369095081, 0.9970343761972253, 0.9968429501641191, 0.9893046992799753, 0.9775229240858477, 0.9878285504203478, 0.9700641290524216, 0.8278359844314735, 0.6273051595793278, 0.9903162606890676, 0.9126122916667845, 0.27261893856100333, -0.2270442813470136, 0.9062387381180735, 0.9443283168929186, 0.9796565794945044, 0.9300445064766953, 0.9119667126221781, 0.964314013331822, 0.9202174904740688, 0.9067278082420427, 0.9666131765699624, 0.9739837269367364, 0.9241927959509878], [0.9976110133708044, 0.9913012373892903, 0.9832071071386682, 1.0, 0.9764750082643248, 0.9738254720527749, -0.9385182559270444, 0.9843211020556151, 0.9679007856050617, 0.9999712799998612, 0.9999894340097287, 0.999957313178487, 0.991463667588085, 0.9894598487957706, 0.9999428443574152, 0.9736239438716416, 0.9960368002057958, 0.9841559578945364, 0.9062845195756561, 0.7076580118650784, 0.99334012768178, 0.9231846267170056, 0.41326124546033066, -0.295143847167552, 0.8990419083881834, 0.9688822473103722, 0.9612940508533705, 0.9710152523235732, 0.9612231614357856, 0.9778313384178919, 0.9623378157773389, 0.934357600241759, 0.9778886986453291, 0.9690971465056655, 0.946340465055794], [0.9646563891152445, 0.9600274870855222, 0.995951972295356, 0.9764750082643248, 1.0, 0.9583950744368154, -0.957391966096097, 0.9548642702461893, 0.9715634314964984, 0.9849708970848647, 0.9857261138365472, 0.9817271845611905, 0.9862502837184371, 0.9825965182495862, 0.9853592912106353, 0.955915755596883, 0.9758095810346312, 0.9546242448709233, 0.8071111413443525, 0.5909888110172521, 0.9895512714035156, 0.9084257498988253, 0.24746889665346852, -0.22010846290383093, 0.887036290391594, 0.9314433390603929, 0.9772658375441912, 0.9096219127399171, 0.898176695974423, 0.958274198725947, 0.8985675370745528, 0.8803734306540124, 0.9562263135447577, 0.9622114741746456, 0.9005471951924247], [0.9816131849751685, 0.9770913220494394, 0.9789213520923361, 0.9738254720527749, 0.9583950744368154, 1.0, -0.9809406975809499, 0.9807105296520071, 0.9799783489516201, 0.9688857395319891, 0.9692239366621878, 0.9718557297128314, 0.9771987378534296, 0.97519157843045, 0.9690346060681811, 0.9999053395966835, 0.986138462324404, 0.9817907426062369, 0.8621542099436487, 0.7048562424770857, 0.9672909268223643, 0.8925256469913729, 0.3044677383973646, -0.2159909882619411, 0.9364571539880694, 0.9552240966610803, 0.9597100965109746, 0.9575886254973499, 0.9278898648916509, 0.9522228559674768, 0.9517316265231129, 0.9548493858426127, 0.9569615886901406, 0.9765081333713704, 0.9554527304193298], [-0.9436091387532732, -0.9389433457407388, -0.9759274887641447, -0.9385182559270444, -0.957391966096097, -0.9809406975809499, 1.0, -0.9521545516833377, -0.9835884317524299, -0.9485895638598523, -0.9497891609177364, -0.9451113571140989, -0.9743390642567207, -0.9760022352523037, -0.9494268205585844, -0.9840430143283243, -0.9649024227494878, -0.9551263708730371, -0.7755094711989999, -0.6030596379293726, -0.9435358776734795, -0.8832328647383593, -0.1624679377150849, 0.1507099363723618, -0.9046722872927717, -0.9140002202364915, -0.9576424216521913, -0.8994921936750971, -0.8590084154823748, -0.925350672876277, -0.8909879955865422, -0.9093743224387334, -0.9259953834328184, -0.963853600517127, -0.9098229710789464], [0.990052493057536, 0.9810409363807236, 0.970192467561731, 0.9843211020556151, 0.9548642702461893, 0.9807105296520071, -0.9521545516833377, 1.0, 0.9825513235831983, 0.9801029865374088, 0.9800480140788144, 0.9832549633767502, 0.9761711691972431, 0.9752042083455775, 0.9800642840978948, 0.9826209944014983, 0.9877139765248008, 0.9998713664565457, 0.92356845195137, 0.6721799533565687, 0.9738159454670168, 0.8959999661917474, 0.294675055911014, -0.311830321024153, 0.9055597789483532, 0.9536802791450039, 0.9379856382769328, 0.977730445737385, 0.952672102212252, 0.9687023369996453, 0.9627651498887309, 0.9356800047587037, 0.9593638923782827, 0.957601497482943, 0.9654172393847889], [0.9704286566835121, 0.9635529330301692, 0.9840161453803437, 0.9679007856050617, 0.9715634314964984, 0.9799783489516201, -0.9835884317524299, 0.9825513235831983, 1.0, 0.9635169744466721, 0.9641741917991422, 0.9660055527800517, 0.9733016609904469, 0.9704309725089065, 0.9639290869380431, 0.9790738034034302, 0.9705185026968385, 0.9818732009145673, 0.8506870241453645, 0.5966119740142248, 0.9677863342257566, 0.9071153498921934, 0.1521088843007899, -0.23092219808645983, 0.8867801309413504, 0.9323190055710096, 0.9603700543478529, 0.9334047192338285, 0.8955586251443732, 0.9567258992899031, 0.9164395289176819, 0.9030188804147354, 0.9455266925283855, 0.9694668183733979, 0.9232065762939902], [0.9971904741318321, 0.9952739100958878, 0.9888405843650394, 0.9999712799998612, 0.9849708970848647, 0.9688857395319891, -0.9485895638598523, 0.9801029865374088, 0.9635169744466721, 1.0, 0.9999876241525614, 0.9999826061807076, 0.9913051357725503, 0.9892681925953105, 0.9999480539373592, 0.9693544735891136, 0.9956319487721452, 0.98109731105065, 0.931065769857511, 0.6294864083078553, 0.9966976986721714, 0.9012646525155449, -0.02299867889840276, 0.4310541162545853, 0.9156390918491245, 0.9523901443175031, 0.9664960106107424, 0.9620267479402662, 0.9432569309557834, 0.9657901922545838, 0.9418994981971088, 0.9202201079559279, 0.9652909861549368, 0.9801860295784719, 0.9434229918140162], [0.9971769417070304, 0.9951185856221717, 0.9895498593019897, 0.9999894340097287, 0.9857261138365472, 0.9692239366621878, -0.9497891609177364, 0.9800480140788144, 0.9641741917991422, 0.9999876241525614, 1.0, 0.9999717651219834, 0.9914889460750708, 0.9894481355970307, 0.9999523473020019, 0.9696640480926983, 0.9956779350969568, 0.9810119533470166, 0.9302432177162722, 0.6257377022287841, 0.9969893265868244, 0.9005177778763502, -0.037873487788424996, 0.42658930622207464, 0.9148999674007244, 0.9522172376687869, 0.9673792864116207, 0.9615192472165476, 0.9419630121490017, 0.9658942892688073, 0.9408624723818333, 0.9189267232924109, 0.9654768512611186, 0.9807054345070984, 0.942717063071318], [0.9976667651446579, 0.9943649391607995, 0.9860333369095081, 0.999957313178487, 0.9817271845611905, 0.9718557297128314, -0.9451113571140989, 0.9832549633767502, 0.9660055527800517, 0.9999826061807076, 0.9999717651219834, 1.0, 0.9912643249449886, 0.9891887251458379, 0.9999616674617284, 0.9722271045531089, 0.9958210076074065, 0.9838091539722192, 0.9220789875793722, 0.6765475037636205, 0.9958804546407958, 0.9172665014711019, 0.17674602245106935, -0.19586314982596828, 0.9230438381815425, 0.9615327121056302, 0.9561861534401074, 0.9653421143262778, 0.9519065720683653, 0.9723725013977362, 0.9528578331068164, 0.9330041025021624, 0.9724922495134461, 0.9673769396447339, 0.952290369124711], [0.9933071565303779, 0.9923868896334413, 0.9970343761972253, 0.991463667588085, 0.9862502837184371, 0.9771987378534296, -0.9743390642567207, 0.9761711691972431, 0.9733016609904469, 0.9913051357725503, 0.9914889460750708, 0.9912643249449886, 1.0, 0.9996860120434484, 0.991431852182501, 0.9779496369495686, 0.9936312567593347, 0.9775010967164285, 0.9124212685346932, 0.5684889489716406, 0.9861451584132921, 0.8928020724127422, -0.32086940223719734, 0.4536271430211575, 0.9057699678237414, 0.9506656787906174, 0.977781649796209, 0.9446219955228764, 0.9045470707537407, 0.9467406002853224, 0.9149233597101124, 0.8898565172255856, 0.9635528486540719, 0.9797766410550162, 0.9352987044187718], [0.9940009258469608, 0.9916579988172717, 0.9968429501641191, 0.9894598487957706, 0.9825965182495862, 0.97519157843045, -0.9760022352523037, 0.9752042083455775, 0.9704309725089065, 0.9892681925953105, 0.9894481355970307, 0.9891887251458379, 0.9996860120434484, 1.0, 0.9895135220515393, 0.9759989210804371, 0.9941588360350878, 0.9767834152712039, 0.9199368802872635, 0.44824072951257454, 0.9809394500358997, 0.8817659028740225, -0.7104835896044375, 0.4312486273819126, 0.8785626247571788, 0.9472377768911048, 0.9771498204773035, 0.9370784580292674, 0.8869731538194666, 0.9377017095047098, 0.9120125200290022, 0.8683023432731652, 0.9657052516803543, 0.9780422539594359, 0.9276286992262607], [0.9971888000942832, 0.9950736913892176, 0.9893046992799753, 0.9999428443574152, 0.9853592912106353, 0.9690346060681811, -0.9494268205585844, 0.9800642840978948, 0.9639290869380431, 0.9999480539373592, 0.9999523473020019, 0.9999616674617284, 0.991431852182501, 0.9895135220515393, 1.0, 0.969500087843951, 0.9956617894822518, 0.9810724825219551, 0.9308997645236576, 0.6266077648929824, 0.996814001514049, 0.9005313587989815, -0.03463513892517489, 0.4267227979331411, 0.9148023018461737, 0.9512956992407606, 0.966679035535021, 0.9618161556422135, 0.9424660500249937, 0.9658384690589276, 0.9414790381488888, 0.919520225485401, 0.9653055164340097, 0.9805588362052593, 0.9431446386801113], [0.9840477237063339, 0.9780700432217155, 0.9775229240858477, 0.9736239438716416, 0.955915755596883, 0.9999053395966835, -0.9840430143283243, 0.9826209944014983, 0.9790738034034302, 0.9693544735891136, 0.9696640480926983, 0.9722271045531089, 0.9779496369495686, 0.9759989210804371, 0.969500087843951, 1.0, 0.9865416098911742, 0.9819041316791424, 0.8857680119166832, 0.7045344425892442, 0.9657727653230508, 0.8879852614406561, 0.17414526375729628, -0.19461031115424351, 0.944947888441712, 0.9564560769713514, 0.956454344825532, 0.960931266431007, 0.9247513479171816, 0.9488868389630598, 0.9525989600971094, 0.9541992147075223, 0.9594406173669308, 0.9760222690840499, 0.960234151866899], [0.9996712697088997, 0.9966819817957339, 0.9878285504203478, 0.9960368002057958, 0.9758095810346312, 0.986138462324404, -0.9649024227494878, 0.9877139765248008, 0.9705185026968385, 0.9956319487721452, 0.9956779350969568, 0.9958210076074065, 0.9936312567593347, 0.9941588360350878, 0.9956617894822518, 0.9865416098911742, 1.0, 0.9885629932818211, 0.9366142823988552, 0.6692726346548649, 0.988873259758288, 0.8974864161042989, 0.016859366568701784, 0.4463600629250626, 0.9344709433239452, 0.9590842014971578, 0.9648063421627446, 0.9746777067027151, 0.9472399802724799, 0.9644434269378788, 0.9565924889437836, 0.9430229101905049, 0.9713175262365754, 0.9847173453994946, 0.9645034494046493], [0.9900736218032313, 0.9837489149986154, 0.9700641290524216, 0.9841559578945364, 0.9546242448709233, 0.9817907426062369, -0.9551263708730371, 0.9998713664565457, 0.9818732009145673, 0.98109731105065, 0.9810119533470166, 0.9838091539722192, 0.9775010967164285, 0.9767834152712039, 0.9810724825219551, 0.9819041316791424, 0.9885629932818211, 1.0, 0.9298201822623171, 0.6711279467439217, 0.9728120496689142, 0.9008633494455488, 0.26189326459430934, -0.2932282963424111, 0.9109782245181749, 0.9523045703125346, 0.9379738027496131, 0.9781768080738407, 0.9520074411657953, 0.9672316458354299, 0.9612052718584143, 0.9354980872593657, 0.9586552069582465, 0.9554741042186234, 0.9666141967945644], [0.920286762703933, 0.9093747731768229, 0.8278359844314735, 0.9062845195756561, 0.8071111413443525, 0.8621542099436487, -0.7755094711989999, 0.92356845195137, 0.8506870241453645, 0.931065769857511, 0.9302432177162722, 0.9220789875793722, 0.9124212685346932, 0.9199368802872635, 0.9308997645236576, 0.8857680119166832, 0.9366142823988552, 0.9298201822623171, 1.0, 0.8405944644276172, 0.8577204532595443, 0.8728546640298875, 0.6871055334004286, -0.5328526903383527, 0.6977937171313916, 0.9136632105319569, 0.8004122222100143, 0.9572820690144038, 0.9349586832384289, 0.9011795281344245, 0.943589901975635, 0.8935885518763723, 0.8978004063810097, 0.8460352569638859, 0.8785913082679143], [0.7381739301540338, 0.7503675373601212, 0.6273051595793278, 0.7076580118650784, 0.5909888110172521, 0.7048562424770857, -0.6030596379293726, 0.6721799533565687, 0.5966119740142248, 0.6294864083078553, 0.6257377022287841, 0.6765475037636205, 0.5684889489716406, 0.44824072951257454, 0.6266077648929824, 0.7045344425892442, 0.6692726346548649, 0.6711279467439217, 0.8405944644276172, 1.0, 0.6312311848708521, 0.7453857389495817, 0.7309717900198114, -0.1163752849056026, 0.5375478052716621, 0.7459371116292549, 0.6355421943001068, 0.7909203994641576, 0.7262781900542508, 0.6650791989478606, 0.762749019504578, 0.7662823163845799, 0.6967728312422091, 0.6647471755068074, 0.7009392361309618], [0.9853370854687903, 0.9670259104193027, 0.9903162606890676, 0.99334012768178, 0.9895512714035156, 0.9672909268223643, -0.9435358776734795, 0.9738159454670168, 0.9677863342257566, 0.9966976986721714, 0.9969893265868244, 0.9958804546407958, 0.9861451584132921, 0.9809394500358997, 0.996814001514049, 0.9657727653230508, 0.988873259758288, 0.9728120496689142, 0.8577204532595443, 0.6312311848708521, 1.0, 0.8942419153880087, 0.34046895066185556, -0.2889513156541166, 0.8856544218766261, 0.9530057075473369, 0.9703078688636331, 0.9398561242116782, 0.9440375730577146, 0.9693045355321641, 0.9402970039180492, 0.9102214845937707, 0.968140454582127, 0.9554806375738651, 0.9279981229580384], [0.9217682949581653, 0.9011180922986586, 0.9126122916667845, 0.9231846267170056, 0.9084257498988253, 0.8925256469913729, -0.8832328647383593, 0.8959999661917474, 0.9071153498921934, 0.9012646525155449, 0.9005177778763502, 0.9172665014711019, 0.8928020724127422, 0.8817659028740225, 0.9005313587989815, 0.8879852614406561, 0.8974864161042989, 0.9008633494455488, 0.8728546640298875, 0.7453857389495817, 0.8942419153880087, 1.0, 0.38830796865230716, -0.18866045157894504, 0.7000805526634528, 0.9176310231184138, 0.8849473066212081, 0.8968255484973472, 0.8456489448912835, 0.9220001858690503, 0.8662966218991217, 0.8406175242826794, 0.9200606200244746, 0.8661233231777178, 0.8474609509534575], [0.43800017385328516, 0.4378527591947691, 0.27261893856100333, 0.41326124546033066, 0.24746889665346852, 0.3044677383973646, -0.1624679377150849, 0.294675055911014, 0.1521088843007899, -0.02299867889840276, -0.037873487788424996, 0.17674602245106935, -0.32086940223719734, -0.7104835896044375, -0.03463513892517489, 0.17414526375729628, 0.016859366568701784, 0.26189326459430934, 0.6871055334004286, 0.7309717900198114, 0.34046895066185556, 0.38830796865230716, 1.0, -0.39444102399716435, 0.2923578255192729, 0.4139733630646383, 0.22114346178662697, 0.5152994605787083, 0.5137640055594714, 0.37508913195048565, 0.5325942973088261, 0.44315926644798403, 0.3925800724621616, 0.312148837861326, 0.41837644623817183], [-0.30380432307119304, -0.22837654540372923, -0.2270442813470136, -0.295143847167552, -0.22010846290383093, -0.2159909882619411, 0.1507099363723618, -0.311830321024153, -0.23092219808645983, 0.4310541162545853, 0.42658930622207464, -0.19586314982596828, 0.4536271430211575, 0.4312486273819126, 0.4267227979331411, -0.19461031115424351, 0.4463600629250626, -0.2932282963424111, -0.5328526903383527, -0.1163752849056026, -0.2889513156541166, -0.18866045157894504, -0.39444102399716435, 1.0, -0.14824668515822167, -0.33071185008064824, -0.17612294797563033, -0.3899835433528357, -0.37997709165121557, -0.3271048694609345, -0.3460784033520814, -0.2029775537616478, -0.35088451611376265, -0.17844520858308477, -0.31641250410070176], [0.901253219468155, 0.8754143774158418, 0.9062387381180735, 0.8990419083881834, 0.887036290391594, 0.9364571539880694, -0.9046722872927717, 0.9055597789483532, 0.8867801309413504, 0.9156390918491245, 0.9148999674007244, 0.9230438381815425, 0.9057699678237414, 0.8785626247571788, 0.9148023018461737, 0.944947888441712, 0.9344709433239452, 0.9109782245181749, 0.6977937171313916, 0.5375478052716621, 0.8856544218766261, 0.7000805526634528, 0.2923578255192729, -0.14824668515822167, 1.0, 0.8342567600342767, 0.8852965380180133, 0.8101808859388221, 0.8586896457006257, 0.827744382267399, 0.8661030517675449, 0.8599116228659058, 0.8567798839051365, 0.8666073952931503, 0.8941574203403061], [0.973197690437767, 0.9610489918937171, 0.9443283168929186, 0.9688822473103722, 0.9314433390603929, 0.9552240966610803, -0.9140002202364915, 0.9536802791450039, 0.9323190055710096, 0.9523901443175031, 0.9522172376687869, 0.9615327121056302, 0.9506656787906174, 0.9472377768911048, 0.9512956992407606, 0.9564560769713514, 0.9590842014971578, 0.9523045703125346, 0.9136632105319569, 0.7459371116292549, 0.9530057075473369, 0.9176310231184138, 0.4139733630646383, -0.33071185008064824, 0.8342567600342767, 1.0, 0.9333660880880619, 0.9587764709991395, 0.9342189292921004, 0.9440403896367217, 0.9427070562252458, 0.9149049831949699, 0.962830260878697, 0.9267709954746802, 0.921692345262599], [0.9549364273296523, 0.954366418330244, 0.9796565794945044, 0.9612940508533705, 0.9772658375441912, 0.9597100965109746, -0.9576424216521913, 0.9379856382769328, 0.9603700543478529, 0.9664960106107424, 0.9673792864116207, 0.9561861534401074, 0.977781649796209, 0.9771498204773035, 0.966679035535021, 0.956454344825532, 0.9648063421627446, 0.9379738027496131, 0.8004122222100143, 0.6355421943001068, 0.9703078688636331, 0.8849473066212081, 0.22114346178662697, -0.17612294797563033, 0.8852965380180133, 0.9333660880880619, 1.0, 0.9033561128116048, 0.881732420036904, 0.937421427332339, 0.8839094156089095, 0.8838036036182687, 0.9439543460761501, 0.9707661555190202, 0.8841584837402492], [0.980154459211796, 0.9581402577684723, 0.9300445064766953, 0.9710152523235732, 0.9096219127399171, 0.9575886254973499, -0.8994921936750971, 0.977730445737385, 0.9334047192338285, 0.9620267479402662, 0.9615192472165476, 0.9653421143262778, 0.9446219955228764, 0.9370784580292674, 0.9618161556422135, 0.960931266431007, 0.9746777067027151, 0.9781768080738407, 0.9572820690144038, 0.7909203994641576, 0.9398561242116782, 0.8968255484973472, 0.5152994605787083, -0.3899835433528357, 0.8101808859388221, 0.9587764709991395, 0.9033561128116048, 1.0, 0.9855486680101798, 0.9652795575566046, 0.9896934109401202, 0.9515922327998592, 0.9584292601085862, 0.913424741739609, 0.9662810678841568], [0.9640952730902266, 0.9500963403734674, 0.9119667126221781, 0.9612231614357856, 0.898176695974423, 0.9278898648916509, -0.8590084154823748, 0.952672102212252, 0.8955586251443732, 0.9432569309557834, 0.9419630121490017, 0.9519065720683653, 0.9045470707537407, 0.8869731538194666, 0.9424660500249937, 0.9247513479171816, 0.9472399802724799, 0.9520074411657953, 0.9349586832384289, 0.7262781900542508, 0.9440375730577146, 0.8456489448912835, 0.5137640055594714, -0.37997709165121557, 0.8586896457006257, 0.9342189292921004, 0.881732420036904, 0.9855486680101798, 1.0, 0.9496619404386415, 0.982950773107455, 0.9547857445783652, 0.9346371327867625, 0.9171365523950348, 0.9616833247647628], [0.9756960558947474, 0.9654289143359818, 0.964314013331822, 0.9778313384178919, 0.958274198725947, 0.9522228559674768, -0.925350672876277, 0.9687023369996453, 0.9567258992899031, 0.9657901922545838, 0.9658942892688073, 0.9723725013977362, 0.9467406002853224, 0.9377017095047098, 0.9658384690589276, 0.9488868389630598, 0.9644434269378788, 0.9672316458354299, 0.9011795281344245, 0.6650791989478606, 0.9693045355321641, 0.9220001858690503, 0.37508913195048565, -0.3271048694609345, 0.827744382267399, 0.9440403896367217, 0.937421427332339, 0.9652795575566046, 0.9496619404386415, 1.0, 0.9531190246917566, 0.9169655219894229, 0.9756170671750123, 0.9563928162640156, 0.9434869676080081], [0.9721271867244154, 0.9563582496925679, 0.9202174904740688, 0.9623378157773389, 0.8985675370745528, 0.9517316265231129, -0.8909879955865422, 0.9627651498887309, 0.9164395289176819, 0.9418994981971088, 0.9408624723818333, 0.9528578331068164, 0.9149233597101124, 0.9120125200290022, 0.9414790381488888, 0.9525989600971094, 0.9565924889437836, 0.9612052718584143, 0.943589901975635, 0.762749019504578, 0.9402970039180492, 0.8662966218991217, 0.5325942973088261, -0.3460784033520814, 0.8661030517675449, 0.9427070562252458, 0.8839094156089095, 0.9896934109401202, 0.982950773107455, 0.9531190246917566, 1.0, 0.9732508002249931, 0.9426846003907745, 0.9353761593266139, 0.9617869298465905], [0.9455667781799053, 0.9434382263368482, 0.9067278082420427, 0.934357600241759, 0.8803734306540124, 0.9548493858426127, -0.9093743224387334, 0.9356800047587037, 0.9030188804147354, 0.9202201079559279, 0.9189267232924109, 0.9330041025021624, 0.8898565172255856, 0.8683023432731652, 0.919520225485401, 0.9541992147075223, 0.9430229101905049, 0.9354980872593657, 0.8935885518763723, 0.7662823163845799, 0.9102214845937707, 0.8406175242826794, 0.44315926644798403, -0.2029775537616478, 0.8599116228659058, 0.9149049831949699, 0.8838036036182687, 0.9515922327998592, 0.9547857445783652, 0.9169655219894229, 0.9732508002249931, 1.0, 0.9053790554996807, 0.93291726869196, 0.9524896122940847], [0.9799110990739202, 0.9687779244570355, 0.9666131765699624, 0.9778886986453291, 0.9562263135447577, 0.9569615886901406, -0.9259953834328184, 0.9593638923782827, 0.9455266925283855, 0.9652909861549368, 0.9654768512611186, 0.9724922495134461, 0.9635528486540719, 0.9657052516803543, 0.9653055164340097, 0.9594406173669308, 0.9713175262365754, 0.9586552069582465, 0.8978004063810097, 0.6967728312422091, 0.968140454582127, 0.9200606200244746, 0.3925800724621616, -0.35088451611376265, 0.8567798839051365, 0.962830260878697, 0.9439543460761501, 0.9584292601085862, 0.9346371327867625, 0.9756170671750123, 0.9426846003907745, 0.9053790554996807, 1.0, 0.9530647591318125, 0.9404597210478478], [0.9704873438185845, 0.9617820394569057, 0.9739837269367364, 0.9690971465056655, 0.9622114741746456, 0.9765081333713704, -0.963853600517127, 0.957601497482943, 0.9694668183733979, 0.9801860295784719, 0.9807054345070984, 0.9673769396447339, 0.9797766410550162, 0.9780422539594359, 0.9805588362052593, 0.9760222690840499, 0.9847173453994946, 0.9554741042186234, 0.8460352569638859, 0.6647471755068074, 0.9554806375738651, 0.8661233231777178, 0.312148837861326, -0.17844520858308477, 0.8666073952931503, 0.9267709954746802, 0.9707661555190202, 0.913424741739609, 0.9171365523950348, 0.9563928162640156, 0.9353761593266139, 0.93291726869196, 0.9530647591318125, 1.0, 0.9169525189152941], [0.9547506249186861, 0.948464447916955, 0.9241927959509878, 0.946340465055794, 0.9005471951924247, 0.9554527304193298, -0.9098229710789464, 0.9654172393847889, 0.9232065762939902, 0.9434229918140162, 0.942717063071318, 0.952290369124711, 0.9352987044187718, 0.9276286992262607, 0.9431446386801113, 0.960234151866899, 0.9645034494046493, 0.9666141967945644, 0.8785913082679143, 0.7009392361309618, 0.9279981229580384, 0.8474609509534575, 0.41837644623817183, -0.31641250410070176, 0.8941574203403061, 0.921692345262599, 0.8841584837402492, 0.9662810678841568, 0.9616833247647628, 0.9434869676080081, 0.9617869298465905, 0.9524896122940847, 0.9404597210478478, 0.9169525189152941, 1.0]], "x": ["^TAIEX       \u81fa\u7063\u52a0\u6b0a\u5831\u916c\u6307\u6578", "^TWII        \u81fa\u7063\u52a0\u6b0a\u6307\u6578", "^TAIEXx2     \u81fa\u7063\u52a0\u6b0a\u5831\u916c\u6307\u6578_\u65e5\u6b632", "^TAI50I      \u81fa\u706350\u5831\u916c\u6307\u6578", "^TAI50Ix2    \u81fa\u706350\u5831\u916c\u6307\u6578_\u65e5\u6b632", "^TAI100I     \u81fa\u7063\u4e2d\u578b100\u5831\u916c\u6307\u6578", "^TAI100Ix2   \u81fa\u7063\u4e2d\u578b100\u5831\u916c\u6307\u6578_\u65e5\u6b632", "^TAIDIVIDI   \u81fa\u7063\u9ad8\u80a1\u606f\u5831\u916c\u6307\u6578", "^TAIDIVIDIx2 \u81fa\u7063\u9ad8\u80a1\u606f\u5831\u916c\u6307\u6578_\u65e5\u6b632", "0050Fund     \u5143\u5927\u53f0\u7063\u5353\u8d8a50\u57fa\u91d1", "006208Fund   \u5bcc\u90a6\u53f0\u7063\u91c6\u540950\u57fa\u91d1", "0050         \u5143\u5927\u81fa\u706350", "00631L       \u5143\u5927\u53f0\u706350\u6b632", "00675L       \u5bcc\u90a6\u81fa\u7063\u52a0\u6b0a\u6b632", "006208       \u5bcc\u90a6\u53f050", "0051         \u5143\u5927\u4e2d\u578b100", "006204       \u6c38\u8c50\u81fa\u7063\u52a0\u6b0a", "0056         \u5143\u5927\u9ad8\u80a1\u606f", "2412         \u4e2d\u83ef\u96fb\u4fe1", "2002         \u4e2d\u92fc", "2330         \u53f0\u7a4d\u96fb", "2317         \u9d3b\u6d77", "6505         \u53f0\u5851\u77f3\u5316", "3481         \u7fa4\u5275", "2303         \u806f\u96fb", "2308         \u53f0\u9054\u96fb", "2454         \u806f\u767c\u79d1", "2886         \u5146\u8c50\u91d1", "2884         \u7389\u5c71\u91d1", "2891         \u4e2d\u4fe1\u91d1", "2892         \u7b2c\u4e00\u91d1", "5880         \u5408\u5eab\u91d1", "2881         \u5bcc\u90a6\u91d1", "2885         \u5143\u5927\u91d1", "2887         \u53f0\u65b0\u91d1"], "y": ["^TAIEX       \u81fa\u7063\u52a0\u6b0a\u5831\u916c\u6307\u6578", "^TWII        \u81fa\u7063\u52a0\u6b0a\u6307\u6578", "^TAIEXx2     \u81fa\u7063\u52a0\u6b0a\u5831\u916c\u6307\u6578_\u65e5\u6b632", "^TAI50I      \u81fa\u706350\u5831\u916c\u6307\u6578", "^TAI50Ix2    \u81fa\u706350\u5831\u916c\u6307\u6578_\u65e5\u6b632", "^TAI100I     \u81fa\u7063\u4e2d\u578b100\u5831\u916c\u6307\u6578", "^TAI100Ix2   \u81fa\u7063\u4e2d\u578b100\u5831\u916c\u6307\u6578_\u65e5\u6b632", "^TAIDIVIDI   \u81fa\u7063\u9ad8\u80a1\u606f\u5831\u916c\u6307\u6578", "^TAIDIVIDIx2 \u81fa\u7063\u9ad8\u80a1\u606f\u5831\u916c\u6307\u6578_\u65e5\u6b632", "0050Fund     \u5143\u5927\u53f0\u7063\u5353\u8d8a50\u57fa\u91d1", "006208Fund   \u5bcc\u90a6\u53f0\u7063\u91c6\u540950\u57fa\u91d1", "0050         \u5143\u5927\u81fa\u706350", "00631L       \u5143\u5927\u53f0\u706350\u6b632", "00675L       \u5bcc\u90a6\u81fa\u7063\u52a0\u6b0a\u6b632", "006208       \u5bcc\u90a6\u53f050", "0051         \u5143\u5927\u4e2d\u578b100", "006204       \u6c38\u8c50\u81fa\u7063\u52a0\u6b0a", "0056         \u5143\u5927\u9ad8\u80a1\u606f", "2412         \u4e2d\u83ef\u96fb\u4fe1", "2002         \u4e2d\u92fc", "2330         \u53f0\u7a4d\u96fb", "2317         \u9d3b\u6d77", "6505         \u53f0\u5851\u77f3\u5316", "3481         \u7fa4\u5275", "2303         \u806f\u96fb", "2308         \u53f0\u9054\u96fb", "2454         \u806f\u767c\u79d1", "2886         \u5146\u8c50\u91d1", "2884         \u7389\u5c71\u91d1", "2891         \u4e2d\u4fe1\u91d1", "2892         \u7b2c\u4e00\u91d1", "5880         \u5408\u5eab\u91d1", "2881         \u5bcc\u90a6\u91d1", "2885         \u5143\u5927\u91d1", "2887         \u53f0\u65b0\u91d1"], "zmin": -1, "zmax": 1, "colorbar": {"x": -0.2}}], "layout": {"autotypenumbers": "strict", "colorway": ["#636efa", "#EF553B", "#00cc96", "#ab63fa", "#FFA15A", "#19d3f3", "#FF6692", "#B6E880", "#FF97FF", "#FECB52"], "font": {"color": "#f2f5fa", "family": "Courier New"}, "hovermode": "closest", "hoverlabel": {"align": "left"}, "paper_bgcolor": "rgb(17,17,17)", "plot_bgcolor": "rgb(17,17,17)", "polar": {"bgcolor": "rgb(17,17,17)", "angularaxis": {"gridcolor": "#506784", "linecolor": "#506784", "ticks": ""}, "radialaxis": {"gridcolor": "#506784", "linecolor": "#506784", "ticks": ""}}, "ternary": {"bgcolor": "rgb(17,17,17)", "aaxis": {"gridcolor": "#506784", "linecolor": "#506784", "ticks": ""}, "baxis": {"gridcolor": "#506784", "linecolor": "#506784", "ticks": ""}, "caxis": {"gridcolor": "#506784", "linecolor": "#506784", "ticks": ""}}, "coloraxis": {"colorbar": {"outlinewidth": 0, "ticks": ""}}, "colorscale": {"sequential": [[0.0, "#0d0887"], [0.1111111111111111, "#46039f"], [0.2222222222222222, "#7201a8"], [0.3333333333333333, "#9c179e"], [0.4444444444444444, "#bd3786"], [0.5555555555555556, "#d8576b"], [0.6666666666666666, "#ed7953"], [0.7777777777777778, "#fb9f3a"], [0.8888888888888888, "#fdca26"], [1.0, "#f0f921"]], "sequentialminus": [[0.0, "#0d0887"], [0.1111111111111111, "#46039f"], [0.2222222222222222, "#7201a8"], [0.3333333333333333, "#9c179e"], [0.4444444444444444, "#bd3786"], [0.5555555555555556, "#d8576b"], [0.6666666666666666, "#ed7953"], [0.7777777777777778, "#fb9f3a"], [0.8888888888888888, "#fdca26"], [1.0, "#f0f921"]], "diverging": [[0, "#8e0152"], [0.1, "#c51b7d"], [0.2, "#de77ae"], [0.3, "#f1b6da"], [0.4, "#fde0ef"], [0.5, "#f7f7f7"], [0.6, "#e6f5d0"], [0.7, "#b8e186"], [0.8, "#7fbc41"], [0.9, "#4d9221"], [1, "#276419"]]}, "xaxis": {"gridcolor": "rgba(0, 0, 0, 0)", "linecolor": "#506784", "ticks": "", "title": {"standoff": 15}, "zerolinecolor": "#283442", "automargin": true, "zerolinewidth": 2, "tickfont": {"family": "Courier New", "size": 14}, "side": "top", "tickangle": -90}, "yaxis": {"gridcolor": "rgba(0, 0, 0, 0)", "linecolor": "#506784", "ticks": "", "title": {"standoff": 15}, "zerolinecolor": "#283442", "automargin": true, "zerolinewidth": 2, "tickfont": {"family": "Courier New"}, "side": "right"}, "scene": {"xaxis": {"backgroundcolor": "rgb(17,17,17)", "gridcolor": "#506784", "linecolor": "#506784", "showbackground": true, "ticks": "", "zerolinecolor": "#C8D4E3", "gridwidth": 2}, "yaxis": {"backgroundcolor": "rgb(17,17,17)", "gridcolor": "#506784", "linecolor": "#506784", "showbackground": true, "ticks": "", "zerolinecolor": "#C8D4E3", "gridwidth": 2}, "zaxis": {"backgroundcolor": "rgb(17,17,17)", "gridcolor": "#506784", "linecolor": "#506784", "showbackground": true, "ticks": "", "zerolinecolor": "#C8D4E3", "gridwidth": 2}}, "shapedefaults": {"line": {"color": "#f2f5fa"}}, "annotationdefaults": {"arrowcolor": "#f2f5fa", "arrowhead": 0, "arrowwidth": 1}, "geo": {"bgcolor": "rgb(17,17,17)", "landcolor": "rgb(17,17,17)", "subunitcolor": "#506784", "showland": true, "showlakes": true, "lakecolor": "rgb(17,17,17)"}, "title": {"x": 0.05, "font": {"family": "Times New Roman"}, "y": 0.05, "text": "<b>Correlation of Adj Close<b><br><i>2016-09-23 ~ 2025-08-07<i>"}, "updatemenudefaults": {"bgcolor": "#506784", "borderwidth": 0}, "sliderdefaults": {"bgcolor": "#C8D4E3", "borderwidth": 1, "bordercolor": "rgb(17,17,17)", "tickwidth": 0}, "mapbox": {"style": "dark"}, "annotations": [{"text": "<b>@zwindr<b>", "textangle": 0, "opacity": 0.5, "font": {"color": "white", "size": 12}, "xref": "paper", "yref": "paper", "xanchor": "left", "yanchor": "bottom", "x": 1.0, "y": 1.0, "showarrow": false}]}, "config": {"responsive": true, "toImageButtonOptions": {"filename": "Correlation of Adj Close_2016-09-23~2025-08-07", "scale": 5}}};

    Plotly.newPlot("correlationAdjClose",
        correlationAdjClose.data,
        correlationAdjClose.layout || {},
        correlationAdjClose.config);
} else {
    // The element with the specified ID does not exist
    console.log("style display is none => correlationAdjClose");
}