var config = { responsive: true }

var correlationAdjClose = {"data": [{"type": "heatmap", "z": [[1.0, 0.9936358878683615, 0.975771478525109, 0.9978040602921237, 0.9642999609338515, 0.980445455322854, -0.9393718603290129, 0.9894407633258036, 0.967964650339502, 0.9966309621150964, 0.9929442788678512, 0.9939087437102783, 0.9972499392725803, 0.9779485657248975, 0.999558303586949, 0.9865439257719105, 0.9127178596534837, 0.7580859537507884, 0.9858674402827053, 0.9237264005261103, 0.48201986296398563, -0.34716680412021145, 0.8984173071536721, 0.9733883780246443, 0.951332078534555], [0.9936358878683615, 1.0, 0.9711290491618149, 0.991252917359805, 0.9601037299415763, 0.9755387040230693, -0.9344923836679292, 0.9796899308373459, 0.9607152667102195, 0.9938646719112965, 0.9918596362006439, 0.9911094170269673, 0.9952372344821345, 0.9727237807450245, 0.9963455918639315, 0.9825307333226242, 0.9013466986781284, 0.7649088475303258, 0.9667450860492084, 0.9017953204135417, 0.4791522835602165, -0.26994012962185926, 0.8705264949933049, 0.9606739986113284, 0.9515560755707572], [0.975771478525109, 0.9711290491618149, 1.0, 0.9816469008157904, 0.996310129635621, 0.9787484456512588, -0.9748762345842885, 0.968952335840203, 0.9830262733283535, 0.9856236177948621, 0.9974060381070318, 0.9973307353076807, 0.9884813674202653, 0.9771284216923384, 0.9875477988840076, 0.9754343115131832, 0.8149443877415885, 0.6495586942632483, 0.9894708213165995, 0.9123846275671508, 0.31613166523919745, -0.26611888435765657, 0.9068480205349599, 0.9395181468708658, 0.9775503393344553], [0.9978040602921237, 0.991252917359805, 0.9816469008157904, 1.0, 0.975335657653495, 0.9727385921256763, -0.9339874983711519, 0.9839780822099637, 0.9652389676801965, 0.9992621526897979, 0.9920052329735475, 0.9905847536214232, 0.9999024581441824, 0.9678903591390348, 0.9960501713301989, 0.9814302148821001, 0.8984075888880622, 0.730640719911386, 0.9932588482666042, 0.9255017201539576, 0.46175672821676467, -0.3388005623951339, 0.8980263342871732, 0.9672883536538714, 0.9573084250372639], [0.9642999609338515, 0.9601037299415763, 0.996310129635621, 0.975335657653495, 1.0, 0.9589439788449136, -0.9566832943658526, 0.9546276484046975, 0.9710759146883546, 0.9819228994947319, 0.988173383437392, 0.9846544299519692, 0.9848583758742797, 0.9564965041324138, 0.9762260063696209, 0.9612574802325097, 0.7949256714396828, 0.6175522883505762, 0.9884822776968077, 0.9094050847166907, 0.2964497977527507, -0.2585365544333559, 0.890659919733472, 0.9245495811405049, 0.9754838616367201], [0.980445455322854, 0.9755387040230693, 0.9787484456512588, 0.9727385921256763, 0.9589439788449136, 1.0, -0.9796574972012068, 0.9794015127154446, 0.9788370631101304, 0.9718309349109847, 0.976095353939441, 0.9740255160681444, 0.9684754451185954, 0.9988737031935782, 0.9859253106742035, 0.9857452426746677, 0.85188525653959, 0.7242981061857182, 0.9672480465998557, 0.8911267851027646, 0.3438520659535238, -0.2576146651157212, 0.9354647284179638, 0.9555935690382955, 0.9577855003716679], [-0.9393718603290129, -0.9344923836679292, -0.9748762345842885, -0.9339874983711519, -0.9566832943658526, -0.9796574972012068, 1.0, -0.9488013844904986, -0.9825129195013023, -0.9416283383015476, -0.9728615871504195, -0.9748597943744698, -0.9471247904561928, -0.9859765190865865, -0.9632915830857285, -0.9647583240754402, -0.7600974139427589, -0.6209067886805248, -0.9403899135956084, -0.8778526786594477, -0.1978050265048142, 0.18744054269406227, -0.902767105108395, -0.9094348042643634, -0.9551740322866583], [0.9894407633258036, 0.9796899308373459, 0.968952335840203, 0.9839780822099637, 0.9546276484046975, 0.9794015127154446, -0.9488013844904986, 1.0, 0.9814195635168949, 0.9808719212948249, 0.9745180358374079, 0.9734732422348435, 0.9793399382795854, 0.9754339287288952, 0.986951286879164, 0.9964019424302893, 0.9205468726113177, 0.6954173721572432, 0.9740696208946851, 0.8970927709912148, 0.35004200969943733, -0.3543204859335696, 0.9035400172019646, 0.9542572157165286, 0.933612321429155], [0.967964650339502, 0.9607152667102195, 0.9830262733283535, 0.9652389676801965, 0.9710759146883546, 0.9788370631101304, -0.9825129195013023, 0.9814195635168949, 1.0, 0.9643986154705995, 0.9712571619934988, 0.9681838901510162, 0.9613845245497247, 0.9770404710627099, 0.9685332319598186, 0.9870483399426985, 0.8436708529232768, 0.6210745761496308, 0.9658552133866676, 0.9050505096608942, 0.20492696740723423, -0.2693698975962023, 0.88501200185316, 0.9288136445752715, 0.9570294098520071], [0.9966309621150964, 0.9938646719112965, 0.9856236177948621, 0.9992621526897979, 0.9819228994947319, 0.9718309349109847, -0.9416283383015476, 0.9808719212948249, 0.9643986154705995, 1.0, 0.9909489942814431, 0.9891458300976339, 0.9998386613011858, 0.9688411692552956, 0.9953054246325973, 0.9815498979447055, 0.9109849434601247, 0.7070217321883318, 0.9956042081967968, 0.919194744431001, 0.28693466936004736, -0.30422323183672, 0.9301834759390875, 0.9566995255876012, 0.9553643073628186], [0.9929442788678512, 0.9918596362006439, 0.9974060381070318, 0.9920052329735475, 0.988173383437392, 0.976095353939441, -0.9728615871504195, 0.9745180358374079, 0.9712571619934988, 0.9909489942814431, 1.0, 0.9996605554178489, 0.9917585764348636, 0.9771166240701056, 0.9932669562005494, 0.9759868955203228, 0.9055882910245646, 0.607617481898848, 0.9877745829802287, 0.8900545951838548, -0.2642398980502174, 0.290041567041896, 0.9080396457133689, 0.9524372765896152, 0.9763640609311486], [0.9939087437102783, 0.9911094170269673, 0.9973307353076807, 0.9905847536214232, 0.9846544299519692, 0.9740255160681444, -0.9748597943744698, 0.9734732422348435, 0.9681838901510162, 0.9891458300976339, 0.9996605554178489, 1.0, 0.9903402141803492, 0.9751477873127811, 0.9939886505473846, 0.9751804444978137, 0.91438336871595, 0.4973928664266454, 0.9831140130387754, 0.8761349473913449, -0.6836023762086748, 0.31978434036411324, 0.8813129881665862, 0.9491917740916588, 0.9758023725374383], [0.9972499392725803, 0.9952372344821345, 0.9884813674202653, 0.9999024581441824, 0.9848583758742797, 0.9684754451185954, -0.9471247904561928, 0.9793399382795854, 0.9613845245497247, 0.9998386613011858, 0.9917585764348636, 0.9903402141803492, 1.0, 0.9691939510151816, 0.9956244786203813, 0.9803554962366203, 0.9284284600035726, 0.66857034382982, 0.9971095833520334, 0.8990881505501922, 0.03705018537589686, 0.2051360364276867, 0.9197678599531873, 0.948965119987505, 0.9634921364805921], [0.9779485657248975, 0.9727237807450245, 0.9771284216923384, 0.9678903591390348, 0.9564965041324138, 0.9988737031935782, -0.9859765190865865, 0.9754339287288952, 0.9770404710627099, 0.9688411692552956, 0.9771166240701056, 0.9751477873127811, 0.9691939510151816, 1.0, 0.9860670491804374, 0.9834737748079609, 0.8658935115232242, 0.7265064016480877, 0.9626544524936961, 0.8806245744268506, 0.2037212481220187, -0.230889285727886, 0.9446000450520413, 0.9505807877297618, 0.9567941910277403], [0.999558303586949, 0.9963455918639315, 0.9875477988840076, 0.9960501713301989, 0.9762260063696209, 0.9859253106742035, -0.9632915830857285, 0.986951286879164, 0.9685332319598186, 0.9953054246325973, 0.9932669562005494, 0.9939886505473846, 0.9956244786203813, 0.9860670491804374, 1.0, 0.9872753090448314, 0.9353238621209533, 0.705318529350545, 0.9896840812041324, 0.8957537464609587, 0.08214235669609021, 0.1993342365245421, 0.9374436408993405, 0.9591622497727275, 0.9623642958547682], [0.9865439257719105, 0.9825307333226242, 0.9754343115131832, 0.9814302148821001, 0.9612574802325097, 0.9857452426746677, -0.9647583240754402, 0.9964019424302893, 0.9870483399426985, 0.9815498979447055, 0.9759868955203228, 0.9751804444978137, 0.9803554962366203, 0.9834737748079609, 0.9872753090448314, 1.0, 0.9030725431453325, 0.6967520245291722, 0.9734149007009384, 0.8969310397111534, 0.28216298887304614, -0.2973152151270228, 0.9151280453490687, 0.9440426935870104, 0.9447730051937006], [0.9127178596534837, 0.9013466986781284, 0.8149443877415885, 0.8984075888880622, 0.7949256714396828, 0.85188525653959, -0.7600974139427589, 0.9205468726113177, 0.8436708529232768, 0.9109849434601247, 0.9055882910245646, 0.91438336871595, 0.9284284600035726, 0.8658935115232242, 0.9353238621209533, 0.9030725431453325, 1.0, 0.858476328967739, 0.8471338761066447, 0.8727415589069689, 0.729729671962285, -0.5847264070645374, 0.672594048665514, 0.9103497922634559, 0.7871878015969728], [0.7580859537507884, 0.7649088475303258, 0.6495586942632483, 0.730640719911386, 0.6175522883505762, 0.7242981061857182, -0.6209067886805248, 0.6954173721572432, 0.6210745761496308, 0.7070217321883318, 0.607617481898848, 0.4973928664266454, 0.66857034382982, 0.7265064016480877, 0.705318529350545, 0.6967520245291722, 0.858476328967739, 1.0, 0.6517643601460791, 0.7562831106825973, 0.7331643511540823, -0.1594217467490432, 0.5391207747815657, 0.7695051403527137, 0.6537451108538119], [0.9858674402827053, 0.9667450860492084, 0.9894708213165995, 0.9932588482666042, 0.9884822776968077, 0.9672480465998557, -0.9403899135956084, 0.9740696208946851, 0.9658552133866676, 0.9956042081967968, 0.9877745829802287, 0.9831140130387754, 0.9971095833520334, 0.9626544524936961, 0.9896840812041324, 0.9734149007009384, 0.8471338761066447, 0.6517643601460791, 1.0, 0.8968860387226715, 0.3910653031421552, -0.3327055585110721, 0.8864503817067984, 0.9496308507160224, 0.9669235250782386], [0.9237264005261103, 0.9017953204135417, 0.9123846275671508, 0.9255017201539576, 0.9094050847166907, 0.8911267851027646, -0.8778526786594477, 0.8970927709912148, 0.9050505096608942, 0.919194744431001, 0.8900545951838548, 0.8761349473913449, 0.8990881505501922, 0.8806245744268506, 0.8957537464609587, 0.8969310397111534, 0.8727415589069689, 0.7562831106825973, 0.8968860387226715, 1.0, 0.438224312372133, -0.23773711806033201, 0.6960377896935998, 0.9188842351260444, 0.8811093678262997], [0.48201986296398563, 0.4791522835602165, 0.31613166523919745, 0.46175672821676467, 0.2964497977527507, 0.3438520659535238, -0.1978050265048142, 0.35004200969943733, 0.20492696740723423, 0.28693466936004736, -0.2642398980502174, -0.6836023762086748, 0.03705018537589686, 0.2037212481220187, 0.08214235669609021, 0.28216298887304614, 0.729729671962285, 0.7331643511540823, 0.3910653031421552, 0.438224312372133, 1.0, -0.42687086214626696, 0.31524305600672115, 0.4664622155176662, 0.25873738162931365], [-0.34716680412021145, -0.26994012962185926, -0.26611888435765657, -0.3388005623951339, -0.2585365544333559, -0.2576146651157212, 0.18744054269406227, -0.3543204859335696, -0.2693698975962023, -0.30422323183672, 0.290041567041896, 0.31978434036411324, 0.2051360364276867, -0.230889285727886, 0.1993342365245421, -0.2973152151270228, -0.5847264070645374, -0.1594217467490432, -0.3327055585110721, -0.23773711806033201, -0.42687086214626696, 1.0, -0.1927202025309074, -0.37798364285256814, -0.21123357930099781], [0.8984173071536721, 0.8705264949933049, 0.9068480205349599, 0.8980263342871732, 0.890659919733472, 0.9354647284179638, -0.902767105108395, 0.9035400172019646, 0.88501200185316, 0.9301834759390875, 0.9080396457133689, 0.8813129881665862, 0.9197678599531873, 0.9446000450520413, 0.9374436408993405, 0.9151280453490687, 0.672594048665514, 0.5391207747815657, 0.8864503817067984, 0.6960377896935998, 0.31524305600672115, -0.1927202025309074, 1.0, 0.8317479857601222, 0.8842549599000917], [0.9733883780246443, 0.9606739986113284, 0.9395181468708658, 0.9672883536538714, 0.9245495811405049, 0.9555935690382955, -0.9094348042643634, 0.9542572157165286, 0.9288136445752715, 0.9566995255876012, 0.9524372765896152, 0.9491917740916588, 0.948965119987505, 0.9505807877297618, 0.9591622497727275, 0.9440426935870104, 0.9103497922634559, 0.7695051403527137, 0.9496308507160224, 0.9188842351260444, 0.4664622155176662, -0.37798364285256814, 0.8317479857601222, 1.0, 0.9275747566899101], [0.951332078534555, 0.9515560755707572, 0.9775503393344553, 0.9573084250372639, 0.9754838616367201, 0.9577855003716679, -0.9551740322866583, 0.933612321429155, 0.9570294098520071, 0.9553643073628186, 0.9763640609311486, 0.9758023725374383, 0.9634921364805921, 0.9567941910277403, 0.9623642958547682, 0.9447730051937006, 0.7871878015969728, 0.6537451108538119, 0.9669235250782386, 0.8811093678262997, 0.25873738162931365, -0.21123357930099781, 0.8842549599000917, 0.9275747566899101, 1.0]], "x": ["^TAIEX       \u81fa\u7063\u52a0\u6b0a\u5831\u916c\u6307\u6578", "^TWII        \u81fa\u7063\u52a0\u6b0a\u6307\u6578", "^TAIEXx2     \u81fa\u7063\u52a0\u6b0a\u5831\u916c\u6307\u6578_\u65e5\u6b632", "^TAI50I      \u81fa\u706350\u5831\u916c\u6307\u6578", "^TAI50Ix2    \u81fa\u706350\u5831\u916c\u6307\u6578_\u65e5\u6b632", "^TAI100I     \u81fa\u7063\u4e2d\u578b100\u5831\u916c\u6307\u6578", "^TAI100Ix2   \u81fa\u7063\u4e2d\u578b100\u5831\u916c\u6307\u6578_\u65e5\u6b632", "^TAIDIVIDI   \u81fa\u7063\u9ad8\u80a1\u606f\u5831\u916c\u6307\u6578", "^TAIDIVIDIx2 \u81fa\u7063\u9ad8\u80a1\u606f\u5831\u916c\u6307\u6578_\u65e5\u6b632", "0050         \u5143\u5927\u81fa\u706350", "00631L       \u5143\u5927\u53f0\u706350\u6b632", "00675L       \u5bcc\u90a6\u81fa\u7063\u52a0\u6b0a\u6b632", "006208       \u5bcc\u90a6\u53f050", "0051         \u5143\u5927\u4e2d\u578b100", "006204       \u6c38\u8c50\u81fa\u7063\u52a0\u6b0a", "0056         \u5143\u5927\u9ad8\u80a1\u606f", "2412         \u4e2d\u83ef\u96fb\u4fe1", "2002         \u4e2d\u92fc", "2330         \u53f0\u7a4d\u96fb", "2317         \u9d3b\u6d77", "6505         \u53f0\u5851\u77f3\u5316", "3481         \u7fa4\u5275", "2303         \u806f\u96fb", "2308         \u53f0\u9054\u96fb", "2454         \u806f\u767c\u79d1"], "y": ["^TAIEX       \u81fa\u7063\u52a0\u6b0a\u5831\u916c\u6307\u6578", "^TWII        \u81fa\u7063\u52a0\u6b0a\u6307\u6578", "^TAIEXx2     \u81fa\u7063\u52a0\u6b0a\u5831\u916c\u6307\u6578_\u65e5\u6b632", "^TAI50I      \u81fa\u706350\u5831\u916c\u6307\u6578", "^TAI50Ix2    \u81fa\u706350\u5831\u916c\u6307\u6578_\u65e5\u6b632", "^TAI100I     \u81fa\u7063\u4e2d\u578b100\u5831\u916c\u6307\u6578", "^TAI100Ix2   \u81fa\u7063\u4e2d\u578b100\u5831\u916c\u6307\u6578_\u65e5\u6b632", "^TAIDIVIDI   \u81fa\u7063\u9ad8\u80a1\u606f\u5831\u916c\u6307\u6578", "^TAIDIVIDIx2 \u81fa\u7063\u9ad8\u80a1\u606f\u5831\u916c\u6307\u6578_\u65e5\u6b632", "0050         \u5143\u5927\u81fa\u706350", "00631L       \u5143\u5927\u53f0\u706350\u6b632", "00675L       \u5bcc\u90a6\u81fa\u7063\u52a0\u6b0a\u6b632", "006208       \u5bcc\u90a6\u53f050", "0051         \u5143\u5927\u4e2d\u578b100", "006204       \u6c38\u8c50\u81fa\u7063\u52a0\u6b0a", "0056         \u5143\u5927\u9ad8\u80a1\u606f", "2412         \u4e2d\u83ef\u96fb\u4fe1", "2002         \u4e2d\u92fc", "2330         \u53f0\u7a4d\u96fb", "2317         \u9d3b\u6d77", "6505         \u53f0\u5851\u77f3\u5316", "3481         \u7fa4\u5275", "2303         \u806f\u96fb", "2308         \u53f0\u9054\u96fb", "2454         \u806f\u767c\u79d1"], "zmin": -1, "zmax": 1, "colorbar": {"x": -0.2}}], "layout": {"autotypenumbers": "strict", "colorway": ["#636efa", "#EF553B", "#00cc96", "#ab63fa", "#FFA15A", "#19d3f3", "#FF6692", "#B6E880", "#FF97FF", "#FECB52"], "font": {"color": "#f2f5fa", "family": "Courier New"}, "hovermode": "closest", "hoverlabel": {"align": "left"}, "paper_bgcolor": "rgb(17,17,17)", "plot_bgcolor": "rgb(17,17,17)", "polar": {"bgcolor": "rgb(17,17,17)", "angularaxis": {"gridcolor": "#506784", "linecolor": "#506784", "ticks": ""}, "radialaxis": {"gridcolor": "#506784", "linecolor": "#506784", "ticks": ""}}, "ternary": {"bgcolor": "rgb(17,17,17)", "aaxis": {"gridcolor": "#506784", "linecolor": "#506784", "ticks": ""}, "baxis": {"gridcolor": "#506784", "linecolor": "#506784", "ticks": ""}, "caxis": {"gridcolor": "#506784", "linecolor": "#506784", "ticks": ""}}, "coloraxis": {"colorbar": {"outlinewidth": 0, "ticks": ""}}, "colorscale": {"sequential": [[0.0, "#0d0887"], [0.1111111111111111, "#46039f"], [0.2222222222222222, "#7201a8"], [0.3333333333333333, "#9c179e"], [0.4444444444444444, "#bd3786"], [0.5555555555555556, "#d8576b"], [0.6666666666666666, "#ed7953"], [0.7777777777777778, "#fb9f3a"], [0.8888888888888888, "#fdca26"], [1.0, "#f0f921"]], "sequentialminus": [[0.0, "#0d0887"], [0.1111111111111111, "#46039f"], [0.2222222222222222, "#7201a8"], [0.3333333333333333, "#9c179e"], [0.4444444444444444, "#bd3786"], [0.5555555555555556, "#d8576b"], [0.6666666666666666, "#ed7953"], [0.7777777777777778, "#fb9f3a"], [0.8888888888888888, "#fdca26"], [1.0, "#f0f921"]], "diverging": [[0, "#8e0152"], [0.1, "#c51b7d"], [0.2, "#de77ae"], [0.3, "#f1b6da"], [0.4, "#fde0ef"], [0.5, "#f7f7f7"], [0.6, "#e6f5d0"], [0.7, "#b8e186"], [0.8, "#7fbc41"], [0.9, "#4d9221"], [1, "#276419"]]}, "xaxis": {"gridcolor": "rgba(0, 0, 0, 0)", "linecolor": "#506784", "ticks": "", "title": {"standoff": 15}, "zerolinecolor": "#283442", "automargin": true, "zerolinewidth": 2, "tickfont": {"family": "Courier New", "size": 14}, "side": "top", "tickangle": -90}, "yaxis": {"gridcolor": "rgba(0, 0, 0, 0)", "linecolor": "#506784", "ticks": "", "title": {"standoff": 15}, "zerolinecolor": "#283442", "automargin": true, "zerolinewidth": 2, "tickfont": {"family": "Courier New"}, "side": "right"}, "scene": {"xaxis": {"backgroundcolor": "rgb(17,17,17)", "gridcolor": "#506784", "linecolor": "#506784", "showbackground": true, "ticks": "", "zerolinecolor": "#C8D4E3", "gridwidth": 2}, "yaxis": {"backgroundcolor": "rgb(17,17,17)", "gridcolor": "#506784", "linecolor": "#506784", "showbackground": true, "ticks": "", "zerolinecolor": "#C8D4E3", "gridwidth": 2}, "zaxis": {"backgroundcolor": "rgb(17,17,17)", "gridcolor": "#506784", "linecolor": "#506784", "showbackground": true, "ticks": "", "zerolinecolor": "#C8D4E3", "gridwidth": 2}}, "shapedefaults": {"line": {"color": "#f2f5fa"}}, "annotationdefaults": {"arrowcolor": "#f2f5fa", "arrowhead": 0, "arrowwidth": 1}, "geo": {"bgcolor": "rgb(17,17,17)", "landcolor": "rgb(17,17,17)", "subunitcolor": "#506784", "showland": true, "showlakes": true, "lakecolor": "rgb(17,17,17)"}, "title": {"x": 0.05, "font": {"family": "Times New Roman"}, "y": 0.05, "text": "<b>Correlation of Adj Close <b><br><i>2016/09/23 ~ 2025/05/29<i>"}, "updatemenudefaults": {"bgcolor": "#506784", "borderwidth": 0}, "sliderdefaults": {"bgcolor": "#C8D4E3", "borderwidth": 1, "bordercolor": "rgb(17,17,17)", "tickwidth": 0}, "mapbox": {"style": "dark"}, "height": 600}};

Plotly.newPlot("correlationAdjClose",
    correlationAdjClose.data,
    correlationAdjClose.layout || {},
    config);