var config = { responsive: true }

var correlationClose = {"data": [{"type": "heatmap", "z": [[1.0, 0.9999999999999983, 1.0, 0.9957181430601847, 0.9957181430601847, 0.9596912750327866, 0.9596912750327866, 0.8925464585275039, 0.8925464585275039, 0.9847575310726928, 0.9922189607431667, 0.9917818011363223, 0.9952534977926354, 0.9707920311296252, 0.9988378410375204, 0.9277760073671526, 0.8115029295700712, 0.255726367262816, 0.9778204117662199, 0.8055111618737361, 0.07418013033256361, -0.281414923348411, 0.7646951271081736, 0.9481075570261849, 0.920586761720175], [0.9999999999999983, 1.0, 0.9999999999999984, 0.995655638127782, 0.995655638127782, 0.9590205577201653, 0.9590205577201653, 0.8939424422305966, 0.8939424422305966, 0.9835167006585678, 0.9919524744701304, 0.9911647777547069, 0.9952061414676747, 0.9700025636421243, 0.9988427328156994, 0.9283997471331062, 0.8189343663438817, 0.39452855960448996, 0.970608421873225, 0.7771449084995695, 0.08115580535159815, -0.28114662823663744, 0.660992483829481, 0.9487789159488802, 0.9263732844518625], [1.0, 0.9999999999999984, 1.0, 0.9957181430601847, 0.9957181430601847, 0.9596912750327866, 0.9596912750327866, 0.8925464585275039, 0.8925464585275039, 0.9847575310726928, 0.9922189607431667, 0.9917818011363223, 0.9952534977926354, 0.9707920311296252, 0.9988378410375204, 0.9277760073671526, 0.8115029295700712, 0.255726367262816, 0.9778204117662199, 0.8055111618737361, 0.07418013033256361, -0.281414923348411, 0.7646951271081736, 0.9481075570261849, 0.920586761720175], [0.9957181430601847, 0.995655638127782, 0.9957181430601847, 1.0, 1.0, 0.9465734491908782, 0.9465734491908782, 0.8784341217351714, 0.8784341217351714, 0.9869263809409783, 0.9879697965830319, 0.9837496649113021, 0.9993653762585865, 0.9532299009499984, 0.9946787291444744, 0.9104894610324653, 0.7883795582581788, 0.2297027874742338, 0.9890080025296979, 0.7978810948887227, 0.043955500827697135, -0.28583889774885557, 0.7735473699105369, 0.9365840759528165, 0.9211414016695427], [0.9957181430601847, 0.995655638127782, 0.9957181430601847, 1.0, 1.0, 0.9465734491908782, 0.9465734491908782, 0.8784341217351714, 0.8784341217351714, 0.9869263809409783, 0.9879697965830319, 0.9837496649113021, 0.9993653762585865, 0.9532299009499984, 0.9946787291444744, 0.9104894610324653, 0.7883795582581788, 0.2297027874742338, 0.9890080025296979, 0.7978810948887227, 0.043955500827697135, -0.28583889774885557, 0.7735473699105369, 0.9365840759528165, 0.9211414016695427], [0.9596912750327866, 0.9590205577201653, 0.9596912750327866, 0.9465734491908782, 0.9465734491908782, 1.0, 1.0, 0.9206501840579999, 0.9206501840579999, 0.9401348577876886, 0.9764355159127386, 0.975348242342318, 0.9507644767605615, 0.9989510673727063, 0.9713987665363277, 0.9191861265331494, 0.6858086651901253, 0.1885262667437508, 0.9307372431735579, 0.7335143043425324, -0.15304805124190585, -0.13434210627184268, 0.8722022653234056, 0.903178950661087, 0.9221242128784172], [0.9596912750327866, 0.9590205577201653, 0.9596912750327866, 0.9465734491908782, 0.9465734491908782, 1.0, 1.0, 0.9206501840579999, 0.9206501840579999, 0.9401348577876886, 0.9764355159127386, 0.975348242342318, 0.9507644767605615, 0.9989510673727063, 0.9713987665363277, 0.9191861265331494, 0.6858086651901253, 0.1885262667437508, 0.9307372431735579, 0.7335143043425324, -0.15304805124190585, -0.13434210627184268, 0.8722022653234056, 0.903178950661087, 0.9221242128784172], [0.8925464585275039, 0.8939424422305966, 0.8925464585275039, 0.8784341217351714, 0.8784341217351714, 0.9206501840579999, 0.9206501840579999, 1.0, 1.0, 0.8889822926701938, 0.9456120979851292, 0.9405192218009942, 0.9364123995001509, 0.9213907320381975, 0.9376650885911529, 0.9735921473605411, 0.6306281966405735, 0.23234389626505234, 0.8334937639914126, 0.7481269206851973, -0.19245744676706733, 0.010853839972279825, 0.7842463467124009, 0.7928833536168202, 0.8555174180201209], [0.8925464585275039, 0.8939424422305966, 0.8925464585275039, 0.8784341217351714, 0.8784341217351714, 0.9206501840579999, 0.9206501840579999, 1.0, 1.0, 0.8889822926701938, 0.9456120979851292, 0.9405192218009942, 0.9364123995001509, 0.9213907320381975, 0.9376650885911529, 0.9735921473605411, 0.6306281966405735, 0.23234389626505234, 0.8334937639914126, 0.7481269206851973, -0.19245744676706733, 0.010853839972279825, 0.7842463467124009, 0.7928833536168202, 0.8555174180201209], [0.9847575310726928, 0.9835167006585678, 0.9847575310726928, 0.9869263809409783, 0.9869263809409783, 0.9401348577876886, 0.9401348577876886, 0.8889822926701938, 0.8889822926701938, 1.0, 0.9667560690557571, 0.9566230681437776, 0.979905526172891, 0.941354218287826, 0.9788031444730784, 0.9044451146500189, 0.8194291659116099, 0.06871464115130682, 0.975950706060049, 0.7865848167086379, -0.20170787411208843, -0.31558932632901193, 0.8800693757875757, 0.918281404513756, 0.8948878001648505], [0.9922189607431667, 0.9919524744701304, 0.9922189607431667, 0.9879697965830319, 0.9879697965830319, 0.9764355159127386, 0.9764355159127386, 0.9456120979851292, 0.9456120979851292, 0.9667560690557571, 1.0, 0.9996659027967586, 0.9877131773247573, 0.9748170138450513, 0.9891043683536368, 0.9245658262880577, 0.7984929599292641, 0.24210990789549772, 0.9858596567751567, 0.7214214154922781, -0.5842508467597833, 0.21736213068779858, 0.8543725748876775, 0.9319926074501077, 0.9555332364945979], [0.9917818011363223, 0.9911647777547069, 0.9917818011363223, 0.9837496649113021, 0.9837496649113021, 0.975348242342318, 0.975348242342318, 0.9405192218009942, 0.9405192218009942, 0.9566230681437776, 0.9996659027967586, 1.0, 0.9843763733090883, 0.9726083324216461, 0.9872631815286435, 0.9128140811777953, 0.8178143141536219, 0.12490921611931718, 0.9802056214343278, 0.7255297811232142, -0.8093807238211687, 0.2598997157489573, 0.8136601836560242, 0.9383465056602562, 0.9532924723306442], [0.9952534977926354, 0.9952061414676747, 0.9952534977926354, 0.9993653762585865, 0.9993653762585865, 0.9507644767605615, 0.9507644767605615, 0.9364123995001509, 0.9364123995001509, 0.979905526172891, 0.9877131773247573, 0.9843763733090883, 1.0, 0.9516930437965906, 0.9937859822658566, 0.9307175862195981, 0.8354631381821443, 0.23489896241483393, 0.995239112732329, 0.7625652651050474, -0.3800477204033692, 0.1594389155773898, 0.8751479698007261, 0.9107933329673455, 0.9367175908974674], [0.9707920311296252, 0.9700025636421243, 0.9707920311296252, 0.9532299009499984, 0.9532299009499984, 0.9989510673727063, 0.9989510673727063, 0.9213907320381975, 0.9213907320381975, 0.941354218287826, 0.9748170138450513, 0.9726083324216461, 0.9516930437965906, 1.0, 0.9733052954324601, 0.9186372779281131, 0.7584342676225774, 0.15510763528342653, 0.9430654370613774, 0.7305557666863195, -0.3031862660111127, -0.2080702139226895, 0.9098038760435494, 0.9222179717482466, 0.9184561319903845], [0.9988378410375204, 0.9988427328156994, 0.9988378410375204, 0.9946787291444744, 0.9946787291444744, 0.9713987665363277, 0.9713987665363277, 0.9376650885911529, 0.9376650885911529, 0.9788031444730784, 0.9891043683536368, 0.9872631815286435, 0.9937859822658566, 0.9733052954324601, 1.0, 0.9443887517660534, 0.8413025937158148, 0.24626250098014163, 0.9868111540130048, 0.7488836127167166, -0.3676052648971329, 0.1725152069968329, 0.9056511694583951, 0.929614734863431, 0.9416363754659699], [0.9277760073671526, 0.9283997471331062, 0.9277760073671526, 0.9104894610324653, 0.9104894610324653, 0.9191861265331494, 0.9191861265331494, 0.9735921473605411, 0.9735921473605411, 0.9044451146500189, 0.9245658262880577, 0.9128140811777953, 0.9307175862195981, 0.9186372779281131, 0.9443887517660534, 1.0, 0.7691564736744454, 0.19662625600908135, 0.8736011032993369, 0.7218415772086499, -0.08865872652903956, -0.24098897737681124, 0.8205602725223708, 0.8406350621920979, 0.8298545723040608], [0.8115029295700712, 0.8189343663438817, 0.8115029295700712, 0.7883795582581788, 0.7883795582581788, 0.6858086651901253, 0.6858086651901253, 0.6306281966405735, 0.6306281966405735, 0.8194291659116099, 0.7984929599292641, 0.8178143141536219, 0.8354631381821443, 0.7584342676225774, 0.8413025937158148, 0.7691564736744454, 1.0, 0.5193341315263046, 0.7426336820132158, 0.7793023948631378, 0.46546460986656996, -0.580088199678627, 0.27205417549817196, 0.8307108005081033, 0.6568330804803717], [0.255726367262816, 0.39452855960448996, 0.255726367262816, 0.2297027874742338, 0.2297027874742338, 0.1885262667437508, 0.1885262667437508, 0.23234389626505234, 0.23234389626505234, 0.06871464115130682, 0.24210990789549772, 0.12490921611931718, 0.23489896241483393, 0.15510763528342653, 0.24626250098014163, 0.19662625600908135, 0.5193341315263046, 1.0, 0.24342117533969512, 0.558109108952928, 0.3905100025450858, 0.5552025820143104, 0.022157460091036453, 0.40985609513366, 0.37434703871046926], [0.9778204117662199, 0.970608421873225, 0.9778204117662199, 0.9890080025296979, 0.9890080025296979, 0.9307372431735579, 0.9307372431735579, 0.8334937639914126, 0.8334937639914126, 0.975950706060049, 0.9858596567751567, 0.9802056214343278, 0.995239112732329, 0.9430654370613774, 0.9868111540130048, 0.8736011032993369, 0.7426336820132158, 0.24342117533969512, 1.0, 0.7405378309821534, -0.014517957563028754, -0.3489561791642985, 0.6734371188438666, 0.9196963019882386, 0.9118235873748023], [0.8055111618737361, 0.7771449084995695, 0.8055111618737361, 0.7978810948887227, 0.7978810948887227, 0.7335143043425324, 0.7335143043425324, 0.7481269206851973, 0.7481269206851973, 0.7865848167086379, 0.7214214154922781, 0.7255297811232142, 0.7625652651050474, 0.7305557666863195, 0.7488836127167166, 0.7218415772086499, 0.7793023948631378, 0.558109108952928, 0.7405378309821534, 1.0, 0.1862817436907487, -0.05257573425957267, 0.23915778621608763, 0.8302789723220779, 0.743285958163464], [0.07418013033256361, 0.08115580535159815, 0.07418013033256361, 0.043955500827697135, 0.043955500827697135, -0.15304805124190585, -0.15304805124190585, -0.19245744676706733, -0.19245744676706733, -0.20170787411208843, -0.5842508467597833, -0.8093807238211687, -0.3800477204033692, -0.3031862660111127, -0.3676052648971329, -0.08865872652903956, 0.46546460986656996, 0.3905100025450858, -0.014517957563028754, 0.1862817436907487, 1.0, -0.07704769948409475, -0.17596239536747765, 0.07051443741562732, -0.12111813731138328], [-0.281414923348411, -0.28114662823663744, -0.281414923348411, -0.28583889774885557, -0.28583889774885557, -0.13434210627184268, -0.13434210627184268, 0.010853839972279825, 0.010853839972279825, -0.31558932632901193, 0.21736213068779858, 0.2598997157489573, 0.1594389155773898, -0.2080702139226895, 0.1725152069968329, -0.24098897737681124, -0.580088199678627, 0.5552025820143104, -0.3489561791642985, -0.05257573425957267, -0.07704769948409475, 1.0, -0.06636209698901306, -0.3484201349761706, -0.08458369275956593], [0.7646951271081736, 0.660992483829481, 0.7646951271081736, 0.7735473699105369, 0.7735473699105369, 0.8722022653234056, 0.8722022653234056, 0.7842463467124009, 0.7842463467124009, 0.8800693757875757, 0.8543725748876775, 0.8136601836560242, 0.8751479698007261, 0.9098038760435494, 0.9056511694583951, 0.8205602725223708, 0.27205417549817196, 0.022157460091036453, 0.6734371188438666, 0.23915778621608763, -0.17596239536747765, -0.06636209698901306, 1.0, 0.5392546831160143, 0.7341020616209298], [0.9481075570261849, 0.9487789159488802, 0.9481075570261849, 0.9365840759528165, 0.9365840759528165, 0.903178950661087, 0.903178950661087, 0.7928833536168202, 0.7928833536168202, 0.918281404513756, 0.9319926074501077, 0.9383465056602562, 0.9107933329673455, 0.9222179717482466, 0.929614734863431, 0.8406350621920979, 0.8307108005081033, 0.40985609513366, 0.9196963019882386, 0.8302789723220779, 0.07051443741562732, -0.3484201349761706, 0.5392546831160143, 1.0, 0.8839373556347117], [0.920586761720175, 0.9263732844518625, 0.920586761720175, 0.9211414016695427, 0.9211414016695427, 0.9221242128784172, 0.9221242128784172, 0.8555174180201209, 0.8555174180201209, 0.8948878001648505, 0.9555332364945979, 0.9532924723306442, 0.9367175908974674, 0.9184561319903845, 0.9416363754659699, 0.8298545723040608, 0.6568330804803717, 0.37434703871046926, 0.9118235873748023, 0.743285958163464, -0.12111813731138328, -0.08458369275956593, 0.7341020616209298, 0.8839373556347117, 1.0]], "x": ["^TAIEX       \u81fa\u7063\u52a0\u6b0a\u5831\u916c\u6307\u6578", "^TWII        \u81fa\u7063\u52a0\u6b0a\u6307\u6578", "^TAIEXx2     \u81fa\u7063\u52a0\u6b0a\u5831\u916c\u6307\u6578_\u65e5\u6b632", "^TAI50I      \u81fa\u706350\u5831\u916c\u6307\u6578", "^TAI50Ix2    \u81fa\u706350\u5831\u916c\u6307\u6578_\u65e5\u6b632", "^TAI100I     \u81fa\u7063\u4e2d\u578b100\u5831\u916c\u6307\u6578", "^TAI100Ix2   \u81fa\u7063\u4e2d\u578b100\u5831\u916c\u6307\u6578_\u65e5\u6b632", "^TAIDIVIDI   \u81fa\u7063\u9ad8\u80a1\u606f\u5831\u916c\u6307\u6578", "^TAIDIVIDIx2 \u81fa\u7063\u9ad8\u80a1\u606f\u5831\u916c\u6307\u6578_\u65e5\u6b632", "0050         \u5143\u5927\u81fa\u706350", "00631L       \u5143\u5927\u53f0\u706350\u6b632", "00675L       \u5bcc\u90a6\u81fa\u7063\u52a0\u6b0a\u6b632", "006208       \u5bcc\u90a6\u53f050", "0051         \u5143\u5927\u4e2d\u578b100", "006204       \u6c38\u8c50\u81fa\u7063\u52a0\u6b0a", "0056         \u5143\u5927\u9ad8\u80a1\u606f", "2412         \u4e2d\u83ef\u96fb\u4fe1", "2002         \u4e2d\u92fc", "2330         \u53f0\u7a4d\u96fb", "2317         \u9d3b\u6d77", "6505         \u53f0\u5851\u77f3\u5316", "3481         \u7fa4\u5275", "2303         \u806f\u96fb", "2308         \u53f0\u9054\u96fb", "2454         \u806f\u767c\u79d1"], "y": ["^TAIEX       \u81fa\u7063\u52a0\u6b0a\u5831\u916c\u6307\u6578", "^TWII        \u81fa\u7063\u52a0\u6b0a\u6307\u6578", "^TAIEXx2     \u81fa\u7063\u52a0\u6b0a\u5831\u916c\u6307\u6578_\u65e5\u6b632", "^TAI50I      \u81fa\u706350\u5831\u916c\u6307\u6578", "^TAI50Ix2    \u81fa\u706350\u5831\u916c\u6307\u6578_\u65e5\u6b632", "^TAI100I     \u81fa\u7063\u4e2d\u578b100\u5831\u916c\u6307\u6578", "^TAI100Ix2   \u81fa\u7063\u4e2d\u578b100\u5831\u916c\u6307\u6578_\u65e5\u6b632", "^TAIDIVIDI   \u81fa\u7063\u9ad8\u80a1\u606f\u5831\u916c\u6307\u6578", "^TAIDIVIDIx2 \u81fa\u7063\u9ad8\u80a1\u606f\u5831\u916c\u6307\u6578_\u65e5\u6b632", "0050         \u5143\u5927\u81fa\u706350", "00631L       \u5143\u5927\u53f0\u706350\u6b632", "00675L       \u5bcc\u90a6\u81fa\u7063\u52a0\u6b0a\u6b632", "006208       \u5bcc\u90a6\u53f050", "0051         \u5143\u5927\u4e2d\u578b100", "006204       \u6c38\u8c50\u81fa\u7063\u52a0\u6b0a", "0056         \u5143\u5927\u9ad8\u80a1\u606f", "2412         \u4e2d\u83ef\u96fb\u4fe1", "2002         \u4e2d\u92fc", "2330         \u53f0\u7a4d\u96fb", "2317         \u9d3b\u6d77", "6505         \u53f0\u5851\u77f3\u5316", "3481         \u7fa4\u5275", "2303         \u806f\u96fb", "2308         \u53f0\u9054\u96fb", "2454         \u806f\u767c\u79d1"], "zmin": -1, "zmax": 1, "colorbar": {"x": -0.2}}], "layout": {"autotypenumbers": "strict", "colorway": ["#636efa", "#EF553B", "#00cc96", "#ab63fa", "#FFA15A", "#19d3f3", "#FF6692", "#B6E880", "#FF97FF", "#FECB52"], "font": {"color": "#f2f5fa", "family": "Courier New"}, "hovermode": "closest", "hoverlabel": {"align": "left"}, "paper_bgcolor": "rgb(17,17,17)", "plot_bgcolor": "rgb(17,17,17)", "polar": {"bgcolor": "rgb(17,17,17)", "angularaxis": {"gridcolor": "#506784", "linecolor": "#506784", "ticks": ""}, "radialaxis": {"gridcolor": "#506784", "linecolor": "#506784", "ticks": ""}}, "ternary": {"bgcolor": "rgb(17,17,17)", "aaxis": {"gridcolor": "#506784", "linecolor": "#506784", "ticks": ""}, "baxis": {"gridcolor": "#506784", "linecolor": "#506784", "ticks": ""}, "caxis": {"gridcolor": "#506784", "linecolor": "#506784", "ticks": ""}}, "coloraxis": {"colorbar": {"outlinewidth": 0, "ticks": ""}}, "colorscale": {"sequential": [[0.0, "#0d0887"], [0.1111111111111111, "#46039f"], [0.2222222222222222, "#7201a8"], [0.3333333333333333, "#9c179e"], [0.4444444444444444, "#bd3786"], [0.5555555555555556, "#d8576b"], [0.6666666666666666, "#ed7953"], [0.7777777777777778, "#fb9f3a"], [0.8888888888888888, "#fdca26"], [1.0, "#f0f921"]], "sequentialminus": [[0.0, "#0d0887"], [0.1111111111111111, "#46039f"], [0.2222222222222222, "#7201a8"], [0.3333333333333333, "#9c179e"], [0.4444444444444444, "#bd3786"], [0.5555555555555556, "#d8576b"], [0.6666666666666666, "#ed7953"], [0.7777777777777778, "#fb9f3a"], [0.8888888888888888, "#fdca26"], [1.0, "#f0f921"]], "diverging": [[0, "#8e0152"], [0.1, "#c51b7d"], [0.2, "#de77ae"], [0.3, "#f1b6da"], [0.4, "#fde0ef"], [0.5, "#f7f7f7"], [0.6, "#e6f5d0"], [0.7, "#b8e186"], [0.8, "#7fbc41"], [0.9, "#4d9221"], [1, "#276419"]]}, "xaxis": {"gridcolor": "rgba(0, 0, 0, 0)", "linecolor": "#506784", "ticks": "", "title": {"standoff": 15}, "zerolinecolor": "#283442", "automargin": true, "zerolinewidth": 2, "tickfont": {"family": "Courier New", "size": 14}, "side": "top", "tickangle": -90}, "yaxis": {"gridcolor": "rgba(0, 0, 0, 0)", "linecolor": "#506784", "ticks": "", "title": {"standoff": 15}, "zerolinecolor": "#283442", "automargin": true, "zerolinewidth": 2, "tickfont": {"family": "Courier New"}, "side": "right"}, "scene": {"xaxis": {"backgroundcolor": "rgb(17,17,17)", "gridcolor": "#506784", "linecolor": "#506784", "showbackground": true, "ticks": "", "zerolinecolor": "#C8D4E3", "gridwidth": 2}, "yaxis": {"backgroundcolor": "rgb(17,17,17)", "gridcolor": "#506784", "linecolor": "#506784", "showbackground": true, "ticks": "", "zerolinecolor": "#C8D4E3", "gridwidth": 2}, "zaxis": {"backgroundcolor": "rgb(17,17,17)", "gridcolor": "#506784", "linecolor": "#506784", "showbackground": true, "ticks": "", "zerolinecolor": "#C8D4E3", "gridwidth": 2}}, "shapedefaults": {"line": {"color": "#f2f5fa"}}, "annotationdefaults": {"arrowcolor": "#f2f5fa", "arrowhead": 0, "arrowwidth": 1}, "geo": {"bgcolor": "rgb(17,17,17)", "landcolor": "rgb(17,17,17)", "subunitcolor": "#506784", "showland": true, "showlakes": true, "lakecolor": "rgb(17,17,17)"}, "title": {"x": 0.05, "font": {"family": "Times New Roman"}, "y": 0.05, "text": "<b>Correlation of Close<b><br><i>2016/09/23 ~ 2025/06/18<i>"}, "updatemenudefaults": {"bgcolor": "#506784", "borderwidth": 0}, "sliderdefaults": {"bgcolor": "#C8D4E3", "borderwidth": 1, "bordercolor": "rgb(17,17,17)", "tickwidth": 0}, "mapbox": {"style": "dark"}, "height": 600}};

Plotly.newPlot("correlationClose",
    correlationClose.data,
    correlationClose.layout || {},
    config);