var config = { responsive: true }

var correlationClose = {"data": [{"type": "heatmap", "z": [[1.0, 0.9999999999999981, 1.0, 0.9957075136764172, 0.9957075136764172, 0.9598723582525049, 0.9598723582525049, 0.8930410925086506, 0.8930410925086506, 0.9793534562329391, 0.9922517517631696, 0.9918055860972299, 0.9952349122679333, 0.9708839624212976, 0.9988444232605828, 0.9276504033228022, 0.7809173265804673, -0.062110612054895833, 0.9765072546187501, 0.04782160132978012, 0.029886168224472758, -0.24951634751935886, 0.8247234858845707, 0.9500527121261558, 0.9002298802896901], [0.9999999999999981, 1.0, 0.9999999999999983, 0.9956461661387298, 0.9956461661387298, 0.9592044193961088, 0.9592044193961088, 0.894421456399784, 0.894421456399784, 0.9781375203460264, 0.9919897091821208, 0.9911969442123961, 0.9951887151292637, 0.9700979520060634, 0.9988493579785115, 0.9282589498910802, 0.8022769757242171, 0.14265823031576655, 0.9672047955656411, -0.10775577559356622, 0.03713702949028985, -0.2498553745314478, 0.6467495738752597, 0.9502723795552327, 0.8711917532364828], [1.0, 0.9999999999999983, 1.0, 0.9957075136764172, 0.9957075136764172, 0.9598723582525049, 0.9598723582525049, 0.8930410925086506, 0.8930410925086506, 0.9793534562329391, 0.9922517517631696, 0.9918055860972299, 0.9952349122679333, 0.9708839624212976, 0.9988444232605828, 0.9276504033228022, 0.7809173265804673, -0.062110612054895833, 0.9765072546187501, 0.04782160132978012, 0.029886168224472758, -0.24951634751935886, 0.8247234858845707, 0.9500527121261558, 0.9002298802896901], [0.9957075136764172, 0.9956461661387298, 0.9957075136764172, 1.0, 1.0, 0.9467707123085417, 0.9467707123085417, 0.8789614484198912, 0.8789614484198912, 0.9807415560189683, 0.9879354420708054, 0.983688722601936, 0.999369257566467, 0.9533292916584929, 0.994678733154901, 0.9102214339959279, 0.7611116868719957, -0.06677892444706696, 0.9881450205894503, 0.06677356205762698, 0.001503702500784884, -0.25362756746878445, 0.8271282581754617, 0.9399675454472213, 0.905212967205532], [0.9957075136764172, 0.9956461661387298, 0.9957075136764172, 1.0, 1.0, 0.9467707123085417, 0.9467707123085417, 0.8789614484198912, 0.8789614484198912, 0.9807415560189683, 0.9879354420708054, 0.983688722601936, 0.999369257566467, 0.9533292916584929, 0.994678733154901, 0.9102214339959279, 0.7611116868719957, -0.06677892444706696, 0.9881450205894503, 0.06677356205762698, 0.001503702500784884, -0.25362756746878445, 0.8271282581754617, 0.9399675454472213, 0.905212967205532], [0.9598723582525049, 0.9592044193961088, 0.9598723582525049, 0.9467707123085417, 0.9467707123085417, 1.0, 1.0, 0.9209949277849403, 0.9209949277849403, 0.9356351208763375, 0.9765077252870722, 0.9754141024211263, 0.9508480780607041, 0.9989529336091395, 0.9714940777317457, 0.9192259438737581, 0.6187061035590543, -0.004942085325517817, 0.931129414746508, 0.2353129252059104, -0.1832051954292131, -0.10121230246723256, 0.8966648740775277, 0.9094229479584716, 0.9218886619115948], [0.9598723582525049, 0.9592044193961088, 0.9598723582525049, 0.9467707123085417, 0.9467707123085417, 1.0, 1.0, 0.9209949277849403, 0.9209949277849403, 0.9356351208763375, 0.9765077252870722, 0.9754141024211263, 0.9508480780607041, 0.9989529336091395, 0.9714940777317457, 0.9192259438737581, 0.6187061035590543, -0.004942085325517817, 0.931129414746508, 0.2353129252059104, -0.1832051954292131, -0.10121230246723256, 0.8966648740775277, 0.9094229479584716, 0.9218886619115948], [0.8930410925086506, 0.894421456399784, 0.8930410925086506, 0.8789614484198912, 0.8789614484198912, 0.9209949277849403, 0.9209949277849403, 1.0, 1.0, 0.8846291263215591, 0.9458719038675615, 0.9408029342134087, 0.9366757920016734, 0.9217240891646854, 0.9379814999359516, 0.9734563563272425, 0.551110412086651, 0.11786580158385243, 0.8343953861162453, 0.48971835652625384, -0.20457382235245053, 0.04282883916933904, 0.7832672694588573, 0.7978444431043431, 0.8563027466107017], [0.8930410925086506, 0.894421456399784, 0.8930410925086506, 0.8789614484198912, 0.8789614484198912, 0.9209949277849403, 0.9209949277849403, 1.0, 1.0, 0.8846291263215591, 0.9458719038675615, 0.9408029342134087, 0.9366757920016734, 0.9217240891646854, 0.9379814999359516, 0.9734563563272425, 0.551110412086651, 0.11786580158385243, 0.8343953861162453, 0.48971835652625384, -0.20457382235245053, 0.04282883916933904, 0.7832672694588573, 0.7978444431043431, 0.8563027466107017], [0.9793534562329391, 0.9781375203460264, 0.9793534562329391, 0.9807415560189683, 0.9807415560189683, 0.9356351208763375, 0.9356351208763375, 0.8846291263215591, 0.8846291263215591, 1.0, 0.9579649911345675, 0.9451794517120129, 0.9713495166669391, 0.9370669341725656, 0.9719887747467045, 0.901743560510977, 0.7409693375399431, -0.08902600737673759, 0.9689696644496183, 0.4946738555511349, -0.20995550032554558, -0.26484693473814236, 0.877047250082659, 0.9129049982982438, 0.8872893378218946], [0.9922517517631696, 0.9919897091821208, 0.9922517517631696, 0.9879354420708054, 0.9879354420708054, 0.9765077252870722, 0.9765077252870722, 0.9458719038675615, 0.9458719038675615, 0.9579649911345675, 1.0, 0.9996676644978857, 0.9876704205285456, 0.9748571698229591, 0.9891570895608933, 0.9243797123860502, 0.7996083321837014, 0.23698981229263902, 0.9857247006384038, 0.8679149242522117, -0.5870714013688874, 0.4666210618635247, 0.8541109406040488, 0.9323453043812812, 0.9557629865032472], [0.9918055860972299, 0.9911969442123961, 0.9918055860972299, 0.983688722601936, 0.983688722601936, 0.9754141024211263, 0.9754141024211263, 0.9408029342134087, 0.9408029342134087, 0.9451794517120129, 0.9996676644978857, 1.0, 0.9842889681749997, 0.9726399965973892, 0.9873162273076919, 0.9125660402928156, 0.8182946656027429, 0.11946786642715639, 0.980022815869585, 0.8774842556139116, -0.8103755722886178, 0.5169770758357619, 0.8133164728989826, 0.9386562984079404, 0.953524851011469], [0.9952349122679333, 0.9951887151292637, 0.9952349122679333, 0.999369257566467, 0.999369257566467, 0.9508480780607041, 0.9508480780607041, 0.9366757920016734, 0.9366757920016734, 0.9713495166669391, 0.9876704205285456, 0.9842889681749997, 1.0, 0.9516983215746999, 0.9937807299731215, 0.9302347305801074, 0.8367480989680258, 0.20209974538621386, 0.995258028713345, 0.8406163129280702, -0.3850120750347692, 0.388040889359449, 0.8745704928217, 0.9114456655430899, 0.9370312704115621], [0.9708839624212976, 0.9700979520060634, 0.9708839624212976, 0.9533292916584929, 0.9533292916584929, 0.9989529336091395, 0.9989529336091395, 0.9217240891646854, 0.9217240891646854, 0.9370669341725656, 0.9748571698229591, 0.9726399965973892, 0.9516983215746999, 1.0, 0.9733555359446083, 0.9187149412551551, 0.6675466342607923, 0.015420361604387, 0.9431255335225425, 0.5608827796075625, -0.31697509415210595, -0.1553616596727209, 0.9097955171637506, 0.9233140248294962, 0.917238800045828], [0.9988444232605828, 0.9988493579785115, 0.9988444232605828, 0.994678733154901, 0.994678733154901, 0.9714940777317457, 0.9714940777317457, 0.9379814999359516, 0.9379814999359516, 0.9719887747467045, 0.9891570895608933, 0.9873162273076919, 0.9937807299731215, 0.9733555359446083, 1.0, 0.9441764242165969, 0.8423063588079662, 0.1967873381268009, 0.9867839525740062, 0.8097702420536371, -0.37202922735428995, 0.3980653998894754, 0.9053271214791558, 0.9300355615141616, 0.9419574178171788], [0.9276504033228022, 0.9282589498910802, 0.9276504033228022, 0.9102214339959279, 0.9102214339959279, 0.9192259438737581, 0.9192259438737581, 0.9734563563272425, 0.9734563563272425, 0.901743560510977, 0.9243797123860502, 0.9125660402928156, 0.9302347305801074, 0.9187149412551551, 0.9441764242165969, 1.0, 0.7234426292333922, 0.03011139247548717, 0.8732618631554522, 0.4982316090513442, -0.10599380046473471, -0.19775573655331077, 0.8207821090789805, 0.8407255449678694, 0.8272349770029808], [0.7809173265804673, 0.8022769757242171, 0.7809173265804673, 0.7611116868719957, 0.7611116868719957, 0.6187061035590543, 0.6187061035590543, 0.551110412086651, 0.551110412086651, 0.7409693375399431, 0.7996083321837014, 0.8182946656027429, 0.8367480989680258, 0.6675466342607923, 0.8423063588079662, 0.7234426292333922, 1.0, 0.06815726471850808, 0.7240616504742601, -0.4480738146462002, 0.4130542267673149, -0.6628439389374613, 0.32617801539445496, 0.8038009690942881, 0.47313783982324814], [-0.062110612054895833, 0.14265823031576655, -0.062110612054895833, -0.06677892444706696, -0.06677892444706696, -0.004942085325517817, -0.004942085325517817, 0.11786580158385243, 0.11786580158385243, -0.08902600737673759, 0.23698981229263902, 0.11946786642715639, 0.20209974538621386, 0.015420361604387, 0.1967873381268009, 0.03011139247548717, 0.06815726471850808, 1.0, -0.03391425304788257, 0.14025608684187868, 0.10349367743920236, 0.7531068617268877, -0.07240487831339334, 0.059290991587123774, 0.050527115676509735], [0.9765072546187501, 0.9672047955656411, 0.9765072546187501, 0.9881450205894503, 0.9881450205894503, 0.931129414746508, 0.931129414746508, 0.8343953861162453, 0.8343953861162453, 0.9689696644496183, 0.9857247006384038, 0.980022815869585, 0.995258028713345, 0.9431255335225425, 0.9867839525740062, 0.8732618631554522, 0.7240616504742601, -0.03391425304788257, 1.0, -0.023450678946215227, -0.06279250377399424, -0.3154310158559768, 0.6898013063473105, 0.9203514245389639, 0.8880373338640214], [0.04782160132978012, -0.10775577559356622, 0.04782160132978012, 0.06677356205762698, 0.06677356205762698, 0.2353129252059104, 0.2353129252059104, 0.48971835652625384, 0.48971835652625384, 0.4946738555511349, 0.8679149242522117, 0.8774842556139116, 0.8406163129280702, 0.5608827796075625, 0.8097702420536371, 0.4982316090513442, -0.4480738146462002, 0.14025608684187868, -0.023450678946215227, 1.0, -0.4182687794721767, 0.7843481467244896, 0.35817516935301213, -0.07452133668659648, 0.24208319281754928], [0.029886168224472758, 0.03713702949028985, 0.029886168224472758, 0.001503702500784884, 0.001503702500784884, -0.1832051954292131, -0.1832051954292131, -0.20457382235245053, -0.20457382235245053, -0.20995550032554558, -0.5870714013688874, -0.8103755722886178, -0.3850120750347692, -0.31697509415210595, -0.37202922735428995, -0.10599380046473471, 0.4130542267673149, 0.10349367743920236, -0.06279250377399424, -0.4182687794721767, 1.0, -0.05675645282063243, -0.11525094382809081, -0.0031928109773526874, -0.2167873239737481], [-0.24951634751935886, -0.2498553745314478, -0.24951634751935886, -0.25362756746878445, -0.25362756746878445, -0.10121230246723256, -0.10121230246723256, 0.04282883916933904, 0.04282883916933904, -0.26484693473814236, 0.4666210618635247, 0.5169770758357619, 0.388040889359449, -0.1553616596727209, 0.3980653998894754, -0.19775573655331077, -0.6628439389374613, 0.7531068617268877, -0.3154310158559768, 0.7843481467244896, -0.05675645282063243, 1.0, -0.09552832797179531, -0.30282094084023525, -0.04346772689264124], [0.8247234858845707, 0.6467495738752597, 0.8247234858845707, 0.8271282581754617, 0.8271282581754617, 0.8966648740775277, 0.8966648740775277, 0.7832672694588573, 0.7832672694588573, 0.877047250082659, 0.8541109406040488, 0.8133164728989826, 0.8745704928217, 0.9097955171637506, 0.9053271214791558, 0.8207821090789805, 0.32617801539445496, -0.07240487831339334, 0.6898013063473105, 0.35817516935301213, -0.11525094382809081, -0.09552832797179531, 1.0, 0.6149174580084482, 0.8464168169340578], [0.9500527121261558, 0.9502723795552327, 0.9500527121261558, 0.9399675454472213, 0.9399675454472213, 0.9094229479584716, 0.9094229479584716, 0.7978444431043431, 0.7978444431043431, 0.9129049982982438, 0.9323453043812812, 0.9386562984079404, 0.9114456655430899, 0.9233140248294962, 0.9300355615141616, 0.8407255449678694, 0.8038009690942881, 0.059290991587123774, 0.9203514245389639, -0.07452133668659648, -0.0031928109773526874, -0.30282094084023525, 0.6149174580084482, 1.0, 0.8218371071926138], [0.9002298802896901, 0.8711917532364828, 0.9002298802896901, 0.905212967205532, 0.905212967205532, 0.9218886619115948, 0.9218886619115948, 0.8563027466107017, 0.8563027466107017, 0.8872893378218946, 0.9557629865032472, 0.953524851011469, 0.9370312704115621, 0.917238800045828, 0.9419574178171788, 0.8272349770029808, 0.47313783982324814, 0.050527115676509735, 0.8880373338640214, 0.24208319281754928, -0.2167873239737481, -0.04346772689264124, 0.8464168169340578, 0.8218371071926138, 1.0]], "x": ["^TAIEX       \u81fa\u7063\u52a0\u6b0a\u5831\u916c\u6307\u6578", "^TWII        \u81fa\u7063\u52a0\u6b0a\u6307\u6578", "^TAIEXx2     \u81fa\u7063\u52a0\u6b0a\u5831\u916c\u6307\u6578_\u65e5\u6b632", "^TAI50I      \u81fa\u706350\u5831\u916c\u6307\u6578", "^TAI50Ix2    \u81fa\u706350\u5831\u916c\u6307\u6578_\u65e5\u6b632", "^TAI100I     \u81fa\u7063\u4e2d\u578b100\u5831\u916c\u6307\u6578", "^TAI100Ix2   \u81fa\u7063\u4e2d\u578b100\u5831\u916c\u6307\u6578_\u65e5\u6b632", "^TAIDIVIDI   \u81fa\u7063\u9ad8\u80a1\u606f\u5831\u916c\u6307\u6578", "^TAIDIVIDIx2 \u81fa\u7063\u9ad8\u80a1\u606f\u5831\u916c\u6307\u6578_\u65e5\u6b632", "0050         \u5143\u5927\u81fa\u706350", "00631L       \u5143\u5927\u53f0\u706350\u6b632", "00675L       \u5bcc\u90a6\u81fa\u7063\u52a0\u6b0a\u6b632", "006208       \u5bcc\u90a6\u53f050", "0051         \u5143\u5927\u4e2d\u578b100", "006204       \u6c38\u8c50\u81fa\u7063\u52a0\u6b0a", "0056         \u5143\u5927\u9ad8\u80a1\u606f", "2412         \u4e2d\u83ef\u96fb\u4fe1", "2002         \u4e2d\u92fc", "2330         \u53f0\u7a4d\u96fb", "2317         \u9d3b\u6d77", "6505         \u53f0\u5851\u77f3\u5316", "3481         \u7fa4\u5275", "2303         \u806f\u96fb", "2308         \u53f0\u9054\u96fb", "2454         \u806f\u767c\u79d1"], "y": ["^TAIEX       \u81fa\u7063\u52a0\u6b0a\u5831\u916c\u6307\u6578", "^TWII        \u81fa\u7063\u52a0\u6b0a\u6307\u6578", "^TAIEXx2     \u81fa\u7063\u52a0\u6b0a\u5831\u916c\u6307\u6578_\u65e5\u6b632", "^TAI50I      \u81fa\u706350\u5831\u916c\u6307\u6578", "^TAI50Ix2    \u81fa\u706350\u5831\u916c\u6307\u6578_\u65e5\u6b632", "^TAI100I     \u81fa\u7063\u4e2d\u578b100\u5831\u916c\u6307\u6578", "^TAI100Ix2   \u81fa\u7063\u4e2d\u578b100\u5831\u916c\u6307\u6578_\u65e5\u6b632", "^TAIDIVIDI   \u81fa\u7063\u9ad8\u80a1\u606f\u5831\u916c\u6307\u6578", "^TAIDIVIDIx2 \u81fa\u7063\u9ad8\u80a1\u606f\u5831\u916c\u6307\u6578_\u65e5\u6b632", "0050         \u5143\u5927\u81fa\u706350", "00631L       \u5143\u5927\u53f0\u706350\u6b632", "00675L       \u5bcc\u90a6\u81fa\u7063\u52a0\u6b0a\u6b632", "006208       \u5bcc\u90a6\u53f050", "0051         \u5143\u5927\u4e2d\u578b100", "006204       \u6c38\u8c50\u81fa\u7063\u52a0\u6b0a", "0056         \u5143\u5927\u9ad8\u80a1\u606f", "2412         \u4e2d\u83ef\u96fb\u4fe1", "2002         \u4e2d\u92fc", "2330         \u53f0\u7a4d\u96fb", "2317         \u9d3b\u6d77", "6505         \u53f0\u5851\u77f3\u5316", "3481         \u7fa4\u5275", "2303         \u806f\u96fb", "2308         \u53f0\u9054\u96fb", "2454         \u806f\u767c\u79d1"], "zmin": -1, "zmax": 1, "colorbar": {"x": -0.2}}], "layout": {"autotypenumbers": "strict", "colorway": ["#636efa", "#EF553B", "#00cc96", "#ab63fa", "#FFA15A", "#19d3f3", "#FF6692", "#B6E880", "#FF97FF", "#FECB52"], "font": {"color": "#f2f5fa", "family": "Courier New"}, "hovermode": "closest", "hoverlabel": {"align": "left"}, "paper_bgcolor": "rgb(17,17,17)", "plot_bgcolor": "rgb(17,17,17)", "polar": {"bgcolor": "rgb(17,17,17)", "angularaxis": {"gridcolor": "#506784", "linecolor": "#506784", "ticks": ""}, "radialaxis": {"gridcolor": "#506784", "linecolor": "#506784", "ticks": ""}}, "ternary": {"bgcolor": "rgb(17,17,17)", "aaxis": {"gridcolor": "#506784", "linecolor": "#506784", "ticks": ""}, "baxis": {"gridcolor": "#506784", "linecolor": "#506784", "ticks": ""}, "caxis": {"gridcolor": "#506784", "linecolor": "#506784", "ticks": ""}}, "coloraxis": {"colorbar": {"outlinewidth": 0, "ticks": ""}}, "colorscale": {"sequential": [[0.0, "#0d0887"], [0.1111111111111111, "#46039f"], [0.2222222222222222, "#7201a8"], [0.3333333333333333, "#9c179e"], [0.4444444444444444, "#bd3786"], [0.5555555555555556, "#d8576b"], [0.6666666666666666, "#ed7953"], [0.7777777777777778, "#fb9f3a"], [0.8888888888888888, "#fdca26"], [1.0, "#f0f921"]], "sequentialminus": [[0.0, "#0d0887"], [0.1111111111111111, "#46039f"], [0.2222222222222222, "#7201a8"], [0.3333333333333333, "#9c179e"], [0.4444444444444444, "#bd3786"], [0.5555555555555556, "#d8576b"], [0.6666666666666666, "#ed7953"], [0.7777777777777778, "#fb9f3a"], [0.8888888888888888, "#fdca26"], [1.0, "#f0f921"]], "diverging": [[0, "#8e0152"], [0.1, "#c51b7d"], [0.2, "#de77ae"], [0.3, "#f1b6da"], [0.4, "#fde0ef"], [0.5, "#f7f7f7"], [0.6, "#e6f5d0"], [0.7, "#b8e186"], [0.8, "#7fbc41"], [0.9, "#4d9221"], [1, "#276419"]]}, "xaxis": {"gridcolor": "rgba(0, 0, 0, 0)", "linecolor": "#506784", "ticks": "", "title": {"standoff": 15}, "zerolinecolor": "#283442", "automargin": true, "zerolinewidth": 2, "tickfont": {"family": "Courier New", "size": 14}, "side": "top", "tickangle": -90}, "yaxis": {"gridcolor": "rgba(0, 0, 0, 0)", "linecolor": "#506784", "ticks": "", "title": {"standoff": 15}, "zerolinecolor": "#283442", "automargin": true, "zerolinewidth": 2, "tickfont": {"family": "Courier New"}, "side": "right"}, "scene": {"xaxis": {"backgroundcolor": "rgb(17,17,17)", "gridcolor": "#506784", "linecolor": "#506784", "showbackground": true, "ticks": "", "zerolinecolor": "#C8D4E3", "gridwidth": 2}, "yaxis": {"backgroundcolor": "rgb(17,17,17)", "gridcolor": "#506784", "linecolor": "#506784", "showbackground": true, "ticks": "", "zerolinecolor": "#C8D4E3", "gridwidth": 2}, "zaxis": {"backgroundcolor": "rgb(17,17,17)", "gridcolor": "#506784", "linecolor": "#506784", "showbackground": true, "ticks": "", "zerolinecolor": "#C8D4E3", "gridwidth": 2}}, "shapedefaults": {"line": {"color": "#f2f5fa"}}, "annotationdefaults": {"arrowcolor": "#f2f5fa", "arrowhead": 0, "arrowwidth": 1}, "geo": {"bgcolor": "rgb(17,17,17)", "landcolor": "rgb(17,17,17)", "subunitcolor": "#506784", "showland": true, "showlakes": true, "lakecolor": "rgb(17,17,17)"}, "title": {"x": 0.05, "font": {"family": "Times New Roman"}, "y": 0.05, "text": "<b>Correlation of Close<b><br><i>2016/09/23 ~ 2025/06/24<i>"}, "updatemenudefaults": {"bgcolor": "#506784", "borderwidth": 0}, "sliderdefaults": {"bgcolor": "#C8D4E3", "borderwidth": 1, "bordercolor": "rgb(17,17,17)", "tickwidth": 0}, "mapbox": {"style": "dark"}, "height": 600}};

Plotly.newPlot("correlationClose",
    correlationClose.data,
    correlationClose.layout || {},
    config);