var element = document.getElementById("correlationAdjClose");

if (element.style.display != 'none') {
    var correlationAdjClose = {"data": [{"type": "heatmap", "z": [[1.0, 0.994033945595651, 0.9769726000007669, 0.9976195471390665, 0.964692071564868, 0.9815606121175839, -0.9434050476704393, 0.9900343635366328, 0.9703194671580847, 0.997197803977418, 0.9971851560234998, 0.9976733037057769, 0.993278728840083, 0.9939739678265449, 0.9971945228686342, 0.9840136286652311, 0.9996700019553316, 0.9900585090717151, 0.9201987179361752, 0.7390672665673691, 0.9853365920017272, 0.9214911087834002, 0.43986617352886326, -0.3037413429236516, 0.9013140103109196, 0.9736376178922855, 0.954777281227172, 0.9801285716626376, 0.9639780741956796, 0.9756956614283641, 0.9720734391016305, 0.945514067462001, 0.9798416980829275, 0.9703834759525728, 0.9548075882315441], [0.994033945595651, 1.0, 0.9723365296677883, 0.9912980595644605, 0.9600840702978418, 0.9770210333198074, -0.9387325183029483, 0.9809875270034668, 0.9634251175724389, 0.9952883353351576, 0.9951336722544671, 0.994369683002243, 0.9923616356020669, 0.9916246934641713, 0.9950851644405629, 0.9780086114504494, 0.9966713661404036, 0.9837056776451247, 0.9092574419176507, 0.7510448962753009, 0.9669854563390492, 0.9007946774537131, 0.43964059513459536, -0.22816432577753537, 0.8753740283838781, 0.9614197709181569, 0.954227713138487, 0.9580478957569039, 0.9499400275310315, 0.9654185171337761, 0.956249875918412, 0.9433615292853403, 0.9686783622376527, 0.9616630913190231, 0.9484721364783387], [0.9769726000007669, 0.9723365296677883, 1.0, 0.983145261335994, 0.99596975439213, 0.9789489700815872, -0.9758752750694221, 0.9701949806433399, 0.9839974690094605, 0.9887870408068655, 0.9894991252056962, 0.9859742377382935, 0.9970426480689268, 0.9968538366424744, 0.9892539688779732, 0.9775644179767021, 0.9878141491400906, 0.9700721158187232, 0.8276198906995725, 0.6283874120257857, 0.990268702442768, 0.9122023104856938, 0.274555231739432, -0.22688017811328232, 0.9065829511454849, 0.9442209113299534, 0.9795918956605912, 0.9299740596160552, 0.9117017234712457, 0.9641364190948896, 0.920100586976454, 0.9067237351161734, 0.9665385912994803, 0.9739210194899185, 0.9243931194436861], [0.9976195471390665, 0.9912980595644605, 0.983145261335994, 1.0, 0.9764597159269585, 0.9737775297468345, -0.9382870330273007, 0.9843261825181446, 0.9677871508149063, 0.9999711648669429, 0.9999893856721428, 0.9999571844581152, 0.9914430381573117, 0.9894445858388228, 0.9999426965141278, 0.9735965672529913, 0.996040243956926, 0.9841670628732148, 0.9062377024392317, 0.7086914556777033, 0.9933233940632541, 0.9228589115237017, 0.4153148815324348, -0.2951088370640829, 0.8992229843628841, 0.9690892466136323, 0.9611398804312739, 0.9710151116269785, 0.9611145255337569, 0.977767619930953, 0.9623015282375692, 0.93434676226345, 0.9778211907580052, 0.9689870276966922, 0.9464744973143896], [0.964692071564868, 0.9600840702978418, 0.99596975439213, 0.9764597159269585, 1.0, 0.958483739995647, -0.957358009546362, 0.9549575844349171, 0.9716013430507975, 0.9849584952097586, 0.9857150711820689, 0.9817164776439734, 0.9863182393456883, 0.982660622286434, 0.9853517781150595, 0.956026128142644, 0.9758557714989503, 0.9547277245790314, 0.8069892803720621, 0.592294526376204, 0.9895389149497913, 0.9080103317620732, 0.2496484999202311, -0.2199797141287104, 0.8876108854063789, 0.9310370453434291, 0.9772822727482126, 0.9096318742296207, 0.8979565137070593, 0.9580527814379641, 0.898511435178741, 0.8804637453680381, 0.9562198386146532, 0.9622038645872497, 0.9009028383818861], [0.9815606121175839, 0.9770210333198074, 0.9789489700815872, 0.9737775297468345, 0.958483739995647, 1.0, -0.9808892730554906, 0.9806517351902402, 0.9799238047025279, 0.968856513128195, 0.9691993550220165, 0.9718127044946395, 0.9771722483894364, 0.9751642216246512, 0.9690044600173249, 0.9999053712237984, 0.9861137102187456, 0.9817358276955145, 0.8618587761775853, 0.70572171352265, 0.9672641785649899, 0.8922071115488327, 0.30614400279729226, -0.21575113635993562, 0.9365573160923825, 0.955776677753077, 0.9595972740154839, 0.9574763462208092, 0.9276630850304745, 0.952201760480308, 0.9516009819949732, 0.9547795898655087, 0.9568270044813507, 0.9764452580930704, 0.9554666055527565], [-0.9434050476704393, -0.9387325183029483, -0.9758752750694221, -0.9382870330273007, -0.957358009546362, -0.9808892730554906, 1.0, -0.9520090202443953, -0.9835287079498977, -0.9484247723601111, -0.9496316318219656, -0.9449143152841872, -0.9742665171931774, -0.9759475035479368, -0.9492650992815107, -0.9840048123925043, -0.9647762156423111, -0.9549926171991185, -0.7749934356990784, -0.6039207884668203, -0.9433392929271556, -0.8827804596179147, -0.16404430721863852, 0.15035703112883778, -0.9047976620464442, -0.9140841125025984, -0.9574841440622022, -0.8992176455011256, -0.8585290182213158, -0.9251083677268744, -0.8906826729001381, -0.9092212484088951, -0.9257302333309586, -0.9637197719737308, -0.9097926249985053], [0.9900343635366328, 0.9809875270034668, 0.9701949806433399, 0.9843261825181446, 0.9549575844349171, 0.9806517351902402, -0.9520090202443953, 1.0, 0.9825092518671428, 0.9800957326369236, 0.9800430291926258, 0.9832530970266151, 0.9761122666901471, 0.9751316710703242, 0.980054822481017, 0.9825688993412749, 0.9876851364127093, 0.9998710888277905, 0.9233954294556016, 0.6731797885058047, 0.9738297268471977, 0.8957256549153421, 0.2968668585499982, -0.31175021020931043, 0.9056019661106566, 0.9543864746708816, 0.9378032051985922, 0.9776717630064484, 0.9525255745709339, 0.9687786254359549, 0.9626625105255444, 0.9355626388818649, 0.9592424590812617, 0.9574809588160643, 0.9654574549884689], [0.9703194671580847, 0.9634251175724389, 0.9839974690094605, 0.9677871508149063, 0.9716013430507975, 0.9799238047025279, -0.9835287079498977, 0.9825092518671428, 1.0, 0.963396180514795, 0.9640578613208168, 0.9658855884287019, 0.9732076414978934, 0.9703255988016273, 0.9638092349596518, 0.9790224209894899, 0.9704074950563039, 0.981830757954319, 0.8503318867869366, 0.5976932335013095, 0.9676944152388911, 0.9067719655012649, 0.15424217676848215, -0.2307327170060792, 0.8868869290536852, 0.9326233462290006, 0.9602212568959364, 0.93323073904731, 0.8952024697107577, 0.9566337219460186, 0.9162078959377895, 0.9028576336648977, 0.9453274111577169, 0.9693526432568444, 0.9232292938553663], [0.997197803977418, 0.9952883353351576, 0.9887870408068655, 0.9999711648669429, 0.9849584952097586, 0.968856513128195, -0.9484247723601111, 0.9800957326369236, 0.963396180514795, 1.0, 0.9999875734343409, 0.9999825654765568, 0.9912827582742567, 0.989250824927705, 0.9999478495921795, 0.9693409262305822, 0.995633237442028, 0.9810990813562656, 0.9308779866289606, 0.6313744883912836, 0.9966879897419713, 0.9007631978645015, -0.019988360507108567, 0.432713700052003, 0.9161539257732475, 0.9529122058024861, 0.9663680089941247, 0.9619683089478521, 0.9430362499726753, 0.9656733763660522, 0.9417860186189337, 0.9202652963172153, 0.9651534239667788, 0.9801287562664174, 0.943683731563368], [0.9971851560234998, 0.9951336722544671, 0.9894991252056962, 0.9999893856721428, 0.9857150711820689, 0.9691993550220165, -0.9496316318219656, 0.9800430291926258, 0.9640578613208168, 0.9999875734343409, 1.0, 0.9999716798575143, 0.9914678428571344, 0.9894318244775119, 0.9999522111811134, 0.9696553125500051, 0.995680451697808, 0.9810159794254744, 0.9300483608240782, 0.6276461647698011, 0.9969803077501403, 0.9000078143371921, -0.03487153196673493, 0.4282627765816092, 0.9154275919268455, 0.9527477575404235, 0.9672563068603255, 0.961459698476024, 0.9417346590815844, 0.9657765471152057, 0.9407452398858396, 0.9189736080093834, 0.9653395816226913, 0.9806518638824189, 0.9429819570674288], [0.9976733037057769, 0.994369683002243, 0.9859742377382935, 0.9999571844581152, 0.9817164776439734, 0.9718127044946395, -0.9449143152841872, 0.9832530970266151, 0.9658855884287019, 0.9999825654765568, 0.9999716798575143, 1.0, 0.9912418293082615, 0.9891709606853508, 0.9999615500484277, 0.9721960882805614, 0.9958219830301016, 0.9838145687768333, 0.9219552356307836, 0.6781174346482814, 0.995870123551505, 0.9168817578271863, 0.17958307987324498, -0.19555045927281192, 0.9234188160015009, 0.9619101073365253, 0.9560055958918446, 0.9653143089602484, 0.9517562161521569, 0.9722832179292378, 0.9527894291574502, 0.933024568941053, 0.9723931627987114, 0.9672514759296991, 0.952520838256921], [0.993278728840083, 0.9923616356020669, 0.9970426480689268, 0.9914430381573117, 0.9863182393456883, 0.9771722483894364, -0.9742665171931774, 0.9761122666901471, 0.9732076414978934, 0.9912827582742567, 0.9914678428571344, 0.9912418293082615, 1.0, 0.9996846077502954, 0.9914081046178373, 0.9779377195169117, 0.9936054025612333, 0.9774509917834926, 0.9120557243440695, 0.5704344829213427, 0.986118789445525, 0.8923169845240826, -0.3183618061547824, 0.45538695261816564, 0.9062582401192584, 0.9515998977865617, 0.9776965494768992, 0.9444473790817142, 0.904122819607055, 0.9466338687914573, 0.914638970657132, 0.8897518997239534, 0.9633967517771145, 0.9797030321124413, 0.9354727778498803], [0.9939739678265449, 0.9916246934641713, 0.9968538366424744, 0.9894445858388228, 0.982660622286434, 0.9751642216246512, -0.9759475035479368, 0.9751316710703242, 0.9703255988016273, 0.989250824927705, 0.9894318244775119, 0.9891709606853508, 0.9996846077502954, 1.0, 0.989494186273442, 0.9759888193753906, 0.994132884084297, 0.976721046852608, 0.9195612378086959, 0.45064155094223707, 0.9809015692217563, 0.8811991022888925, -0.7090698420970827, 0.4332178034220734, 0.8791549640662819, 0.9482633548029058, 0.9770661280510847, 0.9368498815084423, 0.8864290684298158, 0.9375822250043282, 0.9116559180020276, 0.8681221040800304, 0.9655564321163198, 0.9779579526030358, 0.9278295283314245], [0.9971945228686342, 0.9950851644405629, 0.9892539688779732, 0.9999426965141278, 0.9853517781150595, 0.9690044600173249, -0.9492650992815107, 0.980054822481017, 0.9638092349596518, 0.9999478495921795, 0.9999522111811134, 0.9999615500484277, 0.9914081046178373, 0.989494186273442, 1.0, 0.9694852413776731, 0.9956616124806371, 0.9810718816135422, 0.9307041334294556, 0.6284964838713218, 0.9968058347121777, 0.9000277270869759, -0.03164120473631645, 0.42837881724673516, 0.9153149546086815, 0.9518379858168743, 0.9665511939465092, 0.9617530763352357, 0.9422386506992507, 0.965726836535668, 0.9413595386634348, 0.9195605064845794, 0.9651661130053075, 0.980501901333245, 0.9433996061482749], [0.9840136286652311, 0.9780086114504494, 0.9775644179767021, 0.9735965672529913, 0.956026128142644, 0.9999053712237984, -0.9840048123925043, 0.9825688993412749, 0.9790224209894899, 0.9693409262305822, 0.9696553125500051, 0.9721960882805614, 0.9779377195169117, 0.9759888193753906, 0.9694852413776731, 1.0, 0.9865250771644593, 0.9818502262930924, 0.8854806276694258, 0.7056045597630738, 0.9657648926167337, 0.8876857324796641, 0.17623931503615073, -0.1942969605578201, 0.9450713418966916, 0.9572471544447909, 0.9563407005386423, 0.9608230073440214, 0.9245190965965128, 0.9488935335201789, 0.9524662949329151, 0.954129209372213, 0.9593242309612876, 0.9759687730666874, 0.9602618267481209], [0.9996700019553316, 0.9966713661404036, 0.9878141491400906, 0.996040243956926, 0.9758557714989503, 0.9861137102187456, -0.9647762156423111, 0.9876851364127093, 0.9704074950563039, 0.995633237442028, 0.995680451697808, 0.9958219830301016, 0.9936054025612333, 0.994132884084297, 0.9956616124806371, 0.9865250771644593, 1.0, 0.9885395291586015, 0.9364210452461933, 0.6708745062315123, 0.9888734224512907, 0.8970792449164527, 0.019621653891091374, 0.44777228725959506, 0.9348093435284625, 0.9598681941831007, 0.9646675337649782, 0.9746165882710847, 0.9470393430809877, 0.9644252680041752, 0.9564821707387129, 0.9430202311221323, 0.9712047931818446, 0.9846584445298239, 0.9646699157741154], [0.9900585090717151, 0.9837056776451247, 0.9700721158187232, 0.9841670628732148, 0.9547277245790314, 0.9817358276955145, -0.9549926171991185, 0.9998710888277905, 0.981830757954319, 0.9810990813562656, 0.9810159794254744, 0.9838145687768333, 0.9774509917834926, 0.976721046852608, 0.9810718816135422, 0.9818502262930924, 0.9885395291586015, 1.0, 0.9296506209484312, 0.6721501530833821, 0.9728317284872289, 0.9006162409740793, 0.2641653716092936, -0.2930684392446522, 0.9110334236333308, 0.953065699119966, 0.9377950136208197, 0.978117677594255, 0.9518604298939806, 0.9673176440509224, 0.9610970120134781, 0.9353813745071322, 0.9585357653449404, 0.9553498205158079, 0.9666569022579177], [0.9201987179361752, 0.9092574419176507, 0.8276198906995725, 0.9062377024392317, 0.8069892803720621, 0.8618587761775853, -0.7749934356990784, 0.9233954294556016, 0.8503318867869366, 0.9308779866289606, 0.9300483608240782, 0.9219552356307836, 0.9120557243440695, 0.9195612378086959, 0.9307041334294556, 0.8854806276694258, 0.9364210452461933, 0.9296506209484312, 1.0, 0.8409804621775132, 0.8576431527536739, 0.8727453337478126, 0.6886106047982673, -0.5329775754348647, 0.6973785984072557, 0.9144328600336381, 0.8000660338527651, 0.9572262052658347, 0.9348955692905936, 0.9012931556813298, 0.943499305977666, 0.8933982954668271, 0.8976723469540457, 0.8457968096939235, 0.8783882735761899], [0.7390672665673691, 0.7510448962753009, 0.6283874120257857, 0.7086914556777033, 0.592294526376204, 0.70572171352265, -0.6039207884668203, 0.6731797885058047, 0.5976932335013095, 0.6313744883912836, 0.6276461647698011, 0.6781174346482814, 0.5704344829213427, 0.45064155094223707, 0.6284964838713218, 0.7056045597630738, 0.6708745062315123, 0.6721501530833821, 0.8409804621775132, 1.0, 0.6321064184571535, 0.7463135017118617, 0.7311831700073782, -0.11637457688973075, 0.5375653586284813, 0.748119489323314, 0.6362818750896699, 0.7914431510555862, 0.7269980226183687, 0.6663104361721778, 0.7634139585725539, 0.7666459301430008, 0.6975236085610569, 0.6653879308837678, 0.701214985747005], [0.9853365920017272, 0.9669854563390492, 0.990268702442768, 0.9933233940632541, 0.9895389149497913, 0.9672641785649899, -0.9433392929271556, 0.9738297268471977, 0.9676944152388911, 0.9966879897419713, 0.9969803077501403, 0.995870123551505, 0.986118789445525, 0.9809015692217563, 0.9968058347121777, 0.9657648926167337, 0.9888734224512907, 0.9728317284872289, 0.8576431527536739, 0.6321064184571535, 1.0, 0.8937950228679918, 0.3425251351377042, -0.288940049652787, 0.8859107736677728, 0.9529224073932617, 0.9702027489910484, 0.9398412209117679, 0.9439059389340128, 0.9691581692986074, 0.9402465910384481, 0.9102286124829094, 0.9680682119804637, 0.9553423180111622, 0.9281898008742875], [0.9214911087834002, 0.9007946774537131, 0.9122023104856938, 0.9228589115237017, 0.9080103317620732, 0.8922071115488327, -0.8827804596179147, 0.8957256549153421, 0.9067719655012649, 0.9007631978645015, 0.9000078143371921, 0.9168817578271863, 0.8923169845240826, 0.8811991022888925, 0.9000277270869759, 0.8876857324796641, 0.8970792449164527, 0.9006162409740793, 0.8727453337478126, 0.7463135017118617, 0.8937950228679918, 1.0, 0.39044712166914003, -0.18840373651043169, 0.6997210355821087, 0.917484508918663, 0.8844863338836524, 0.8965998791491269, 0.8451254348860484, 0.9216503792004854, 0.8659539372677288, 0.840328199235121, 0.9197790845065211, 0.8656278602871107, 0.8473354578811455], [0.43986617352886326, 0.43964059513459536, 0.274555231739432, 0.4153148815324348, 0.2496484999202311, 0.30614400279729226, -0.16404430721863852, 0.2968668585499982, 0.15424217676848215, -0.019988360507108567, -0.03487153196673493, 0.17958307987324498, -0.3183618061547824, -0.7090698420970827, -0.03164120473631645, 0.17623931503615073, 0.019621653891091374, 0.2641653716092936, 0.6886106047982673, 0.7311831700073782, 0.3425251351377042, 0.39044712166914003, 1.0, -0.39492208692951297, 0.2931501402861235, 0.4174842017430511, 0.22268494862798924, 0.5169167290449933, 0.5156271720849975, 0.37744324885776454, 0.5342518284329278, 0.4444520755905411, 0.3943279031988401, 0.3138122252307528, 0.4194647208177228], [-0.3037413429236516, -0.22816432577753537, -0.22688017811328232, -0.2951088370640829, -0.2199797141287104, -0.21575113635993562, 0.15035703112883778, -0.31175021020931043, -0.2307327170060792, 0.432713700052003, 0.4282627765816092, -0.19555045927281192, 0.45538695261816564, 0.4332178034220734, 0.42837881724673516, -0.1942969605578201, 0.44777228725959506, -0.2930684392446522, -0.5329775754348647, -0.11637457688973075, -0.288940049652787, -0.18840373651043169, -0.39492208692951297, 1.0, -0.14798669396645509, -0.33131999425709285, -0.17581902883185294, -0.38998433088322926, -0.38001558510716565, -0.32726089447289636, -0.3460197699615728, -0.2027199427278786, -0.3509050380557416, -0.1781451362854707, -0.3162612052427827], [0.9013140103109196, 0.8753740283838781, 0.9065829511454849, 0.8992229843628841, 0.8876108854063789, 0.9365573160923825, -0.9047976620464442, 0.9056019661106566, 0.8868869290536852, 0.9161539257732475, 0.9154275919268455, 0.9234188160015009, 0.9062582401192584, 0.8791549640662819, 0.9153149546086815, 0.9450713418966916, 0.9348093435284625, 0.9110334236333308, 0.6973785984072557, 0.5375653586284813, 0.8859107736677728, 0.6997210355821087, 0.2931501402861235, -0.14798669396645509, 1.0, 0.8350167254041954, 0.8853933744601321, 0.809947587664607, 0.8586162952559919, 0.827920946127071, 0.8659913613875535, 0.8597397803145583, 0.8567400662504164, 0.866605313940186, 0.8940264406425763], [0.9736376178922855, 0.9614197709181569, 0.9442209113299534, 0.9690892466136323, 0.9310370453434291, 0.955776677753077, -0.9140841125025984, 0.9543864746708816, 0.9326233462290006, 0.9529122058024861, 0.9527477575404235, 0.9619101073365253, 0.9515998977865617, 0.9482633548029058, 0.9518379858168743, 0.9572471544447909, 0.9598681941831007, 0.953065699119966, 0.9144328600336381, 0.748119489323314, 0.9529224073932617, 0.917484508918663, 0.4174842017430511, -0.33131999425709285, 0.8350167254041954, 1.0, 0.9333698585750195, 0.9593853451724006, 0.9344752927477809, 0.9438397717065257, 0.9432548067532233, 0.9155143405860465, 0.9631524838299995, 0.9268047762783672, 0.9226211736216245], [0.954777281227172, 0.954227713138487, 0.9795918956605912, 0.9611398804312739, 0.9772822727482126, 0.9595972740154839, -0.9574841440622022, 0.9378032051985922, 0.9602212568959364, 0.9663680089941247, 0.9672563068603255, 0.9560055958918446, 0.9776965494768992, 0.9770661280510847, 0.9665511939465092, 0.9563407005386423, 0.9646675337649782, 0.9377950136208197, 0.8000660338527651, 0.6362818750896699, 0.9702027489910484, 0.8844863338836524, 0.22268494862798924, -0.17581902883185294, 0.8853933744601321, 0.9333698585750195, 1.0, 0.9031292323951781, 0.881339698518092, 0.937186928292178, 0.8836000482103654, 0.8836297131255864, 0.9437577807257951, 0.9706616700675735, 0.8840884086902748], [0.9801285716626376, 0.9580478957569039, 0.9299740596160552, 0.9710151116269785, 0.9096318742296207, 0.9574763462208092, -0.8992176455011256, 0.9776717630064484, 0.93323073904731, 0.9619683089478521, 0.961459698476024, 0.9653143089602484, 0.9444473790817142, 0.9368498815084423, 0.9617530763352357, 0.9608230073440214, 0.9746165882710847, 0.978117677594255, 0.9572262052658347, 0.7914431510555862, 0.9398412209117679, 0.8965998791491269, 0.5169167290449933, -0.38998433088322926, 0.809947587664607, 0.9593853451724006, 0.9031292323951781, 1.0, 0.9855253636325619, 0.9653964822799139, 0.9896669959305419, 0.9514991055354437, 0.9583424269946534, 0.9132225926475303, 0.9662612014495142], [0.9639780741956796, 0.9499400275310315, 0.9117017234712457, 0.9611145255337569, 0.8979565137070593, 0.9276630850304745, -0.8585290182213158, 0.9525255745709339, 0.8952024697107577, 0.9430362499726753, 0.9417346590815844, 0.9517562161521569, 0.904122819607055, 0.8864290684298158, 0.9422386506992507, 0.9245190965965128, 0.9470393430809877, 0.9518604298939806, 0.9348955692905936, 0.7269980226183687, 0.9439059389340128, 0.8451254348860484, 0.5156271720849975, -0.38001558510716565, 0.8586162952559919, 0.9344752927477809, 0.881339698518092, 0.9855253636325619, 1.0, 0.9495895853307805, 0.9829162631427785, 0.9547361157850848, 0.9344270968695517, 0.9168675941932228, 0.961716398125528], [0.9756956614283641, 0.9654185171337761, 0.9641364190948896, 0.977767619930953, 0.9580527814379641, 0.952201760480308, -0.9251083677268744, 0.9687786254359549, 0.9566337219460186, 0.9656733763660522, 0.9657765471152057, 0.9722832179292378, 0.9466338687914573, 0.9375822250043282, 0.965726836535668, 0.9488935335201789, 0.9644252680041752, 0.9673176440509224, 0.9012931556813298, 0.6663104361721778, 0.9691581692986074, 0.9216503792004854, 0.37744324885776454, -0.32726089447289636, 0.827920946127071, 0.9438397717065257, 0.937186928292178, 0.9653964822799139, 0.9495895853307805, 1.0, 0.9531804177663479, 0.9170601282753991, 0.9756110949464558, 0.9562853849982741, 0.9438199552074592], [0.9720734391016305, 0.956249875918412, 0.920100586976454, 0.9623015282375692, 0.898511435178741, 0.9516009819949732, -0.8906826729001381, 0.9626625105255444, 0.9162078959377895, 0.9417860186189337, 0.9407452398858396, 0.9527894291574502, 0.914638970657132, 0.9116559180020276, 0.9413595386634348, 0.9524662949329151, 0.9564821707387129, 0.9610970120134781, 0.943499305977666, 0.7634139585725539, 0.9402465910384481, 0.8659539372677288, 0.5342518284329278, -0.3460197699615728, 0.8659913613875535, 0.9432548067532233, 0.8836000482103654, 0.9896669959305419, 0.9829162631427785, 0.9531804177663479, 1.0, 0.9732086821680946, 0.9425414111402283, 0.9352179268679336, 0.9617643565044649], [0.945514067462001, 0.9433615292853403, 0.9067237351161734, 0.93434676226345, 0.8804637453680381, 0.9547795898655087, -0.9092212484088951, 0.9355626388818649, 0.9028576336648977, 0.9202652963172153, 0.9189736080093834, 0.933024568941053, 0.8897518997239534, 0.8681221040800304, 0.9195605064845794, 0.954129209372213, 0.9430202311221323, 0.9353813745071322, 0.8933982954668271, 0.7666459301430008, 0.9102286124829094, 0.840328199235121, 0.4444520755905411, -0.2027199427278786, 0.8597397803145583, 0.9155143405860465, 0.8836297131255864, 0.9514991055354437, 0.9547361157850848, 0.9170601282753991, 0.9732086821680946, 1.0, 0.9052235923077185, 0.9328501144215952, 0.9524137675094081], [0.9798416980829275, 0.9686783622376527, 0.9665385912994803, 0.9778211907580052, 0.9562198386146532, 0.9568270044813507, -0.9257302333309586, 0.9592424590812617, 0.9453274111577169, 0.9651534239667788, 0.9653395816226913, 0.9723931627987114, 0.9633967517771145, 0.9655564321163198, 0.9651661130053075, 0.9593242309612876, 0.9712047931818446, 0.9585357653449404, 0.8976723469540457, 0.6975236085610569, 0.9680682119804637, 0.9197790845065211, 0.3943279031988401, -0.3509050380557416, 0.8567400662504164, 0.9631524838299995, 0.9437577807257951, 0.9583424269946534, 0.9344270968695517, 0.9756110949464558, 0.9425414111402283, 0.9052235923077185, 1.0, 0.9529022761502612, 0.9404780529773064], [0.9703834759525728, 0.9616630913190231, 0.9739210194899185, 0.9689870276966922, 0.9622038645872497, 0.9764452580930704, -0.9637197719737308, 0.9574809588160643, 0.9693526432568444, 0.9801287562664174, 0.9806518638824189, 0.9672514759296991, 0.9797030321124413, 0.9779579526030358, 0.980501901333245, 0.9759687730666874, 0.9846584445298239, 0.9553498205158079, 0.8457968096939235, 0.6653879308837678, 0.9553423180111622, 0.8656278602871107, 0.3138122252307528, -0.1781451362854707, 0.866605313940186, 0.9268047762783672, 0.9706616700675735, 0.9132225926475303, 0.9168675941932228, 0.9562853849982741, 0.9352179268679336, 0.9328501144215952, 0.9529022761502612, 1.0, 0.91692629368475], [0.9548075882315441, 0.9484721364783387, 0.9243931194436861, 0.9464744973143896, 0.9009028383818861, 0.9554666055527565, -0.9097926249985053, 0.9654574549884689, 0.9232292938553663, 0.943683731563368, 0.9429819570674288, 0.952520838256921, 0.9354727778498803, 0.9278295283314245, 0.9433996061482749, 0.9602618267481209, 0.9646699157741154, 0.9666569022579177, 0.8783882735761899, 0.701214985747005, 0.9281898008742875, 0.8473354578811455, 0.4194647208177228, -0.3162612052427827, 0.8940264406425763, 0.9226211736216245, 0.8840884086902748, 0.9662612014495142, 0.961716398125528, 0.9438199552074592, 0.9617643565044649, 0.9524137675094081, 0.9404780529773064, 0.91692629368475, 1.0]], "x": ["^TAIEX       \u81fa\u7063\u52a0\u6b0a\u5831\u916c\u6307\u6578", "^TWII        \u81fa\u7063\u52a0\u6b0a\u6307\u6578", "^TAIEXx2     \u81fa\u7063\u52a0\u6b0a\u5831\u916c\u6307\u6578_\u65e5\u6b632", "^TAI50I      \u81fa\u706350\u5831\u916c\u6307\u6578", "^TAI50Ix2    \u81fa\u706350\u5831\u916c\u6307\u6578_\u65e5\u6b632", "^TAI100I     \u81fa\u7063\u4e2d\u578b100\u5831\u916c\u6307\u6578", "^TAI100Ix2   \u81fa\u7063\u4e2d\u578b100\u5831\u916c\u6307\u6578_\u65e5\u6b632", "^TAIDIVIDI   \u81fa\u7063\u9ad8\u80a1\u606f\u5831\u916c\u6307\u6578", "^TAIDIVIDIx2 \u81fa\u7063\u9ad8\u80a1\u606f\u5831\u916c\u6307\u6578_\u65e5\u6b632", "0050Fund     \u5143\u5927\u53f0\u7063\u5353\u8d8a50\u57fa\u91d1", "006208Fund   \u5bcc\u90a6\u53f0\u7063\u91c6\u540950\u57fa\u91d1", "0050         \u5143\u5927\u81fa\u706350", "00631L       \u5143\u5927\u53f0\u706350\u6b632", "00675L       \u5bcc\u90a6\u81fa\u7063\u52a0\u6b0a\u6b632", "006208       \u5bcc\u90a6\u53f050", "0051         \u5143\u5927\u4e2d\u578b100", "006204       \u6c38\u8c50\u81fa\u7063\u52a0\u6b0a", "0056         \u5143\u5927\u9ad8\u80a1\u606f", "2412         \u4e2d\u83ef\u96fb\u4fe1", "2002         \u4e2d\u92fc", "2330         \u53f0\u7a4d\u96fb", "2317         \u9d3b\u6d77", "6505         \u53f0\u5851\u77f3\u5316", "3481         \u7fa4\u5275", "2303         \u806f\u96fb", "2308         \u53f0\u9054\u96fb", "2454         \u806f\u767c\u79d1", "2886         \u5146\u8c50\u91d1", "2884         \u7389\u5c71\u91d1", "2891         \u4e2d\u4fe1\u91d1", "2892         \u7b2c\u4e00\u91d1", "5880         \u5408\u5eab\u91d1", "2881         \u5bcc\u90a6\u91d1", "2885         \u5143\u5927\u91d1", "2887         \u53f0\u65b0\u91d1"], "y": ["^TAIEX       \u81fa\u7063\u52a0\u6b0a\u5831\u916c\u6307\u6578", "^TWII        \u81fa\u7063\u52a0\u6b0a\u6307\u6578", "^TAIEXx2     \u81fa\u7063\u52a0\u6b0a\u5831\u916c\u6307\u6578_\u65e5\u6b632", "^TAI50I      \u81fa\u706350\u5831\u916c\u6307\u6578", "^TAI50Ix2    \u81fa\u706350\u5831\u916c\u6307\u6578_\u65e5\u6b632", "^TAI100I     \u81fa\u7063\u4e2d\u578b100\u5831\u916c\u6307\u6578", "^TAI100Ix2   \u81fa\u7063\u4e2d\u578b100\u5831\u916c\u6307\u6578_\u65e5\u6b632", "^TAIDIVIDI   \u81fa\u7063\u9ad8\u80a1\u606f\u5831\u916c\u6307\u6578", "^TAIDIVIDIx2 \u81fa\u7063\u9ad8\u80a1\u606f\u5831\u916c\u6307\u6578_\u65e5\u6b632", "0050Fund     \u5143\u5927\u53f0\u7063\u5353\u8d8a50\u57fa\u91d1", "006208Fund   \u5bcc\u90a6\u53f0\u7063\u91c6\u540950\u57fa\u91d1", "0050         \u5143\u5927\u81fa\u706350", "00631L       \u5143\u5927\u53f0\u706350\u6b632", "00675L       \u5bcc\u90a6\u81fa\u7063\u52a0\u6b0a\u6b632", "006208       \u5bcc\u90a6\u53f050", "0051         \u5143\u5927\u4e2d\u578b100", "006204       \u6c38\u8c50\u81fa\u7063\u52a0\u6b0a", "0056         \u5143\u5927\u9ad8\u80a1\u606f", "2412         \u4e2d\u83ef\u96fb\u4fe1", "2002         \u4e2d\u92fc", "2330         \u53f0\u7a4d\u96fb", "2317         \u9d3b\u6d77", "6505         \u53f0\u5851\u77f3\u5316", "3481         \u7fa4\u5275", "2303         \u806f\u96fb", "2308         \u53f0\u9054\u96fb", "2454         \u806f\u767c\u79d1", "2886         \u5146\u8c50\u91d1", "2884         \u7389\u5c71\u91d1", "2891         \u4e2d\u4fe1\u91d1", "2892         \u7b2c\u4e00\u91d1", "5880         \u5408\u5eab\u91d1", "2881         \u5bcc\u90a6\u91d1", "2885         \u5143\u5927\u91d1", "2887         \u53f0\u65b0\u91d1"], "zmin": -1, "zmax": 1, "colorbar": {"x": -0.2}}], "layout": {"autotypenumbers": "strict", "colorway": ["#636efa", "#EF553B", "#00cc96", "#ab63fa", "#FFA15A", "#19d3f3", "#FF6692", "#B6E880", "#FF97FF", "#FECB52"], "font": {"color": "#f2f5fa", "family": "Courier New"}, "hovermode": "closest", "hoverlabel": {"align": "left"}, "paper_bgcolor": "rgb(17,17,17)", "plot_bgcolor": "rgb(17,17,17)", "polar": {"bgcolor": "rgb(17,17,17)", "angularaxis": {"gridcolor": "#506784", "linecolor": "#506784", "ticks": ""}, "radialaxis": {"gridcolor": "#506784", "linecolor": "#506784", "ticks": ""}}, "ternary": {"bgcolor": "rgb(17,17,17)", "aaxis": {"gridcolor": "#506784", "linecolor": "#506784", "ticks": ""}, "baxis": {"gridcolor": "#506784", "linecolor": "#506784", "ticks": ""}, "caxis": {"gridcolor": "#506784", "linecolor": "#506784", "ticks": ""}}, "coloraxis": {"colorbar": {"outlinewidth": 0, "ticks": ""}}, "colorscale": {"sequential": [[0.0, "#0d0887"], [0.1111111111111111, "#46039f"], [0.2222222222222222, "#7201a8"], [0.3333333333333333, "#9c179e"], [0.4444444444444444, "#bd3786"], [0.5555555555555556, "#d8576b"], [0.6666666666666666, "#ed7953"], [0.7777777777777778, "#fb9f3a"], [0.8888888888888888, "#fdca26"], [1.0, "#f0f921"]], "sequentialminus": [[0.0, "#0d0887"], [0.1111111111111111, "#46039f"], [0.2222222222222222, "#7201a8"], [0.3333333333333333, "#9c179e"], [0.4444444444444444, "#bd3786"], [0.5555555555555556, "#d8576b"], [0.6666666666666666, "#ed7953"], [0.7777777777777778, "#fb9f3a"], [0.8888888888888888, "#fdca26"], [1.0, "#f0f921"]], "diverging": [[0, "#8e0152"], [0.1, "#c51b7d"], [0.2, "#de77ae"], [0.3, "#f1b6da"], [0.4, "#fde0ef"], [0.5, "#f7f7f7"], [0.6, "#e6f5d0"], [0.7, "#b8e186"], [0.8, "#7fbc41"], [0.9, "#4d9221"], [1, "#276419"]]}, "xaxis": {"gridcolor": "rgba(0, 0, 0, 0)", "linecolor": "#506784", "ticks": "", "title": {"standoff": 15}, "zerolinecolor": "#283442", "automargin": true, "zerolinewidth": 2, "tickfont": {"family": "Courier New", "size": 14}, "side": "top", "tickangle": -90}, "yaxis": {"gridcolor": "rgba(0, 0, 0, 0)", "linecolor": "#506784", "ticks": "", "title": {"standoff": 15}, "zerolinecolor": "#283442", "automargin": true, "zerolinewidth": 2, "tickfont": {"family": "Courier New"}, "side": "right"}, "scene": {"xaxis": {"backgroundcolor": "rgb(17,17,17)", "gridcolor": "#506784", "linecolor": "#506784", "showbackground": true, "ticks": "", "zerolinecolor": "#C8D4E3", "gridwidth": 2}, "yaxis": {"backgroundcolor": "rgb(17,17,17)", "gridcolor": "#506784", "linecolor": "#506784", "showbackground": true, "ticks": "", "zerolinecolor": "#C8D4E3", "gridwidth": 2}, "zaxis": {"backgroundcolor": "rgb(17,17,17)", "gridcolor": "#506784", "linecolor": "#506784", "showbackground": true, "ticks": "", "zerolinecolor": "#C8D4E3", "gridwidth": 2}}, "shapedefaults": {"line": {"color": "#f2f5fa"}}, "annotationdefaults": {"arrowcolor": "#f2f5fa", "arrowhead": 0, "arrowwidth": 1}, "geo": {"bgcolor": "rgb(17,17,17)", "landcolor": "rgb(17,17,17)", "subunitcolor": "#506784", "showland": true, "showlakes": true, "lakecolor": "rgb(17,17,17)"}, "title": {"x": 0.05, "font": {"family": "Times New Roman"}, "y": 0.05, "text": "<b>Correlation of Adj Close<b><br><i>2016-09-23 ~ 2025-08-05<i>"}, "updatemenudefaults": {"bgcolor": "#506784", "borderwidth": 0}, "sliderdefaults": {"bgcolor": "#C8D4E3", "borderwidth": 1, "bordercolor": "rgb(17,17,17)", "tickwidth": 0}, "mapbox": {"style": "dark"}, "annotations": [{"text": "<b>@zwindr<b>", "textangle": 0, "opacity": 0.5, "font": {"color": "white", "size": 12}, "xref": "paper", "yref": "paper", "xanchor": "left", "yanchor": "bottom", "x": 1.0, "y": 1.0, "showarrow": false}]}, "config": {"responsive": true, "toImageButtonOptions": {"filename": "Correlation of Adj Close_2016-09-23~2025-08-05", "scale": 5}}};

    Plotly.newPlot("correlationAdjClose",
        correlationAdjClose.data,
        correlationAdjClose.layout || {},
        correlationAdjClose.config);
} else {
    // The element with the specified ID does not exist
    console.log("style display is none => correlationAdjClose");
}