var element=document.getElementById("correlationClose");if(element.style.display!='none'){var correlationClose={"data":[{"type":"heatmap","z":[[1.0,0.9999999999999979,1.0,0.9952804576983721,0.9952804576983721,0.9767580843862428,0.9767580843862428,0.9245794831054343,0.9245794831054343,0.6883382641630449,0.9959026313769624,0.6220396362700948,0.8745830900197161,0.9860052074388308,0.995981935554989,0.9803024159633276,0.9993809911009822,0.9076193270096771,0.9076193270096771,0.7531395138312003,-0.21818620765910499,0.9837147454621596,0.30799051018596424,-0.19812363333691901,-0.18359516937664455,0.8466768964078931,0.8826041605603302,0.9209282968786847,0.8798777394838727,0.7720910982352474,0.7000161973082026,0.6468279175022572,0.5768469878153909,0.9185077094486709,0.8884059218741698,0.31567936856143175],[0.9999999999999979,1.0,0.999999999999998,0.995225118594408,0.995225118594408,0.9763083170524028,0.9763083170524028,0.9246996966762394,0.9246996966762394,0.688616643768947,0.9959111904284513,0.622374786554505,0.8747598120430282,0.9855304711520735,0.9960074290759169,0.9801116255137344,0.9993827787901431,0.9074336783876951,0.9074336783876951,0.7692358219528664,-0.013022594244132287,0.9775832733932223,0.05450017172171843,-0.19208071261559695,-0.18362909138980324,0.7128265427252524,0.8788282410435131,0.904873238447481,0.8773127156797529,0.7790255786537956,0.6929948000767432,0.6446014195932788,0.6015182042534897,0.9179304712206106,0.7780556388767105,0.3117402815435825],[1.0,0.999999999999998,1.0,0.9952804576983721,0.9952804576983721,0.9767580843862428,0.9767580843862428,0.9245794831054343,0.9245794831054343,0.6883382641630449,0.9959026313769624,0.6220396362700948,0.8745830900197161,0.9860052074388308,0.995981935554989,0.9803024159633276,0.9993809911009822,0.9076193270096771,0.9076193270096771,0.7531395138312003,-0.21818620765910499,0.9837147454621596,0.30799051018596424,-0.19812363333691901,-0.18359516937664455,0.8466768964078931,0.8826041605603302,0.9209282968786847,0.8798777394838727,0.7720910982352474,0.7000161973082026,0.6468279175022572,0.5768469878153909,0.9185077094486709,0.8884059218741698,0.31567936856143175],[0.9952804576983721,0.995225118594408,0.9952804576983721,1.0,1.0,0.9656924397180932,0.9656924397180932,0.9080436239852869,0.9080436239852869,0.6422317122733491,0.9997198333481284,0.5772174358605293,0.8817531201208295,0.9893565369379721,0.9996745700549885,0.9649273719033087,0.9955226546929404,0.8782795292572474,0.8782795292572474,0.718484746786568,-0.22412639171523496,0.9937038838350699,0.3354670627724063,-0.2305810790545657,-0.17550136253110576,0.8349922759687521,0.9075069223630345,0.9258878119020878,0.8504776033543405,0.7626368038982527,0.7267948269618287,0.6322104190159683,0.5385243662092453,0.8987399532413407,0.8826300381659142,0.33095132438629277],[0.9952804576983721,0.995225118594408,0.9952804576983721,1.0,1.0,0.9656924397180932,0.9656924397180932,0.9080436239852869,0.9080436239852869,0.6422317122733491,0.9997198333481284,0.5772174358605293,0.8817531201208295,0.9893565369379721,0.9996745700549885,0.9649273719033087,0.9955226546929404,0.8782795292572474,0.8782795292572474,0.718484746786568,-0.22412639171523496,0.9937038838350699,0.3354670627724063,-0.2305810790545657,-0.17550136253110576,0.8349922759687521,0.9075069223630345,0.9258878119020878,0.8504776033543405,0.7626368038982527,0.7267948269618287,0.6322104190159683,0.5385243662092453,0.8987399532413407,0.8826300381659142,0.33095132438629277],[0.9767580843862428,0.9763083170524028,0.9767580843862428,0.9656924397180932,0.9656924397180932,1.0,1.0,0.9455488875117223,0.9455488875117223,0.6733101700705265,0.964323411062015,0.6435822501296447,0.850976339321346,0.9530327074013129,0.9642974094476869,0.9991613340161094,0.9813481771428011,0.9160072575259628,0.9160072575259628,0.6542159285140499,-0.1810991477039991,0.9557890526444958,0.4277169850539885,-0.35447965646817353,-0.08343661197529775,0.8968182749390355,0.8462638345835394,0.9274735752311378,0.8670354226829373,0.7483037046458656,0.8296523525466523,0.7329771429686419,0.6441100002476635,0.8692937360276278,0.9083219207099092,0.5598330924636421],[0.9767580843862428,0.9763083170524028,0.9767580843862428,0.9656924397180932,0.9656924397180932,1.0,1.0,0.9455488875117223,0.9455488875117223,0.6733101700705265,0.964323411062015,0.6435822501296447,0.850976339321346,0.9530327074013129,0.9642974094476869,0.9991613340161094,0.9813481771428011,0.9160072575259628,0.9160072575259628,0.6542159285140499,-0.1810991477039991,0.9557890526444958,0.4277169850539885,-0.35447965646817353,-0.08343661197529775,0.8968182749390355,0.8462638345835394,0.9274735752311378,0.8670354226829373,0.7483037046458656,0.8296523525466523,0.7329771429686419,0.6441100002476635,0.8692937360276278,0.9083219207099092,0.5598330924636421],[0.9245794831054343,0.9246996966762394,0.9245794831054343,0.9080436239852869,0.9080436239852869,0.9455488875117223,0.9455488875117223,1.0,1.0,0.659060249927716,0.9419411131032667,0.6613952596535639,0.8155377104572317,0.9169595384181053,0.9418177527535946,0.9475730141120047,0.9533944387924126,0.97002776080882,0.97002776080882,0.619910102186869,-0.06571717337314008,0.8811590191627482,0.6274607094773601,-0.38768220968383166,0.02945312328837173,0.8290856591743909,0.7535590504184958,0.8816564436801199,0.8452862927671043,0.7697291245982911,0.9037306097941021,0.7827321986494771,0.6781655347834735,0.8245280044708995,0.8875873515200083,0.8420820899545041],[0.9245794831054343,0.9246996966762394,0.9245794831054343,0.9080436239852869,0.9080436239852869,0.9455488875117223,0.9455488875117223,1.0,1.0,0.659060249927716,0.9419411131032667,0.6613952596535639,0.8155377104572317,0.9169595384181053,0.9418177527535946,0.9475730141120047,0.9533944387924126,0.97002776080882,0.97002776080882,0.619910102186869,-0.06571717337314008,0.8811590191627482,0.6274607094773601,-0.38768220968383166,0.02945312328837173,0.8290856591743909,0.7535590504184958,0.8816564436801199,0.8452862927671043,0.7697291245982911,0.9037306097941021,0.7827321986494771,0.6781655347834735,0.8245280044708995,0.8875873515200083,0.8420820899545041],[0.6883382641630449,0.688616643768947,0.6883382641630449,0.6422317122733491,0.6422317122733491,0.6733101700705265,0.6733101700705265,0.659060249927716,0.659060249927716,1.0,0.4845109720326066,0.9999688911527715,0.2658651652289624,0.23040376772497345,0.4879025016269955,0.6664516569844585,0.5599626062484654,0.7608707750579017,0.7608707750579017,0.6820878869962004,-0.1010308877980354,0.615718019330597,0.04327833025109212,0.044928761425400664,-0.24058215874426225,0.7102501351278699,0.33072480164401863,0.6008910995441562,0.794012835912455,0.6654785345215473,0.31512136319922973,0.5202871368443611,0.5623753618813472,0.7525753995703822,0.5641267069345909,0.17099807463509775],[0.9959026313769624,0.9959111904284513,0.9959026313769624,0.9997198333481284,0.9997198333481284,0.964323411062015,0.964323411062015,0.9419411131032667,0.9419411131032667,0.4845109720326066,1.0,0.4845388764670287,0.8812504682505121,0.9887383959742175,0.9999527181322458,0.9612727757759528,0.9953298439075258,0.8887293230477221,0.8887293230477221,0.8368707553986178,-0.1442835025281161,0.997213025777972,0.9131481379408328,-0.545226802035879,0.6056174165971601,0.8398860294742785,0.89536412816645,0.9364962480810132,0.8298663902421115,0.7812819510972112,0.946242538825458,0.812239111841694,0.6626422975402292,0.8815925173175873,0.963381061751094,0.8491268126888651],[0.6220396362700948,0.622374786554505,0.6220396362700948,0.5772174358605293,0.5772174358605293,0.6435822501296447,0.6435822501296447,0.6613952596535639,0.6613952596535639,0.9999688911527715,0.4845388764670287,1.0,0.26692385412260344,0.23132468899153616,0.48875957200588904,0.6546663875637854,0.5607057679699362,0.7513793361719697,0.7513793361719697,0.630525728200611,0.030265770218608757,0.5556933438744924,0.3706838409349729,-0.16188670890300166,-0.2210061387508922,0.7259263470375037,0.24187855524747492,0.5583120103510452,0.7603697553531603,0.6805776774734119,0.46716745614775146,0.6750749396295308,0.6749059848963249,0.6980287260116016,0.5263164649998523,0.5861138770122215],[0.8745830900197161,0.8747598120430282,0.8745830900197161,0.8817531201208295,0.8817531201208295,0.850976339321346,0.850976339321346,0.8155377104572317,0.8155377104572317,0.2658651652289624,0.8812504682505121,0.26692385412260344,1.0,0.9998703168435282,0.8797929215947276,0.8443052932061152,0.8733955436928987,0.7367006492345226,0.7367006492345226,0.6370699846631096,-0.11974236806944935,0.8762747576840976,0.8231670704266391,-0.6334700512736293,0.6682984228603758,0.7081803707993091,0.8642076291652003,0.8652248074305354,0.654577798585285,0.588627127012679,0.8502989831023486,0.6342465590832176,0.47869352724178793,0.7522019391812153,0.8599476106036135,0.7772669705016525],[0.9860052074388308,0.9855304711520735,0.9860052074388308,0.9893565369379721,0.9893565369379721,0.9530327074013129,0.9530327074013129,0.9169595384181053,0.9169595384181053,0.23040376772497345,0.9887383959742175,0.23132468899153616,0.9998703168435282,1.0,0.9887149438593872,0.9463603355266913,0.9831465316438729,0.8402443079606633,0.8402443079606633,0.8234295469597134,-0.2494993749574397,0.9819488087439321,0.8955270023900322,-0.7290864332687557,0.7260366094505388,0.7761574450733211,0.9467562436176475,0.9426339684251692,0.7331920748896004,0.6497530776086109,0.9337626158616487,0.728681568760359,0.49562303177578376,0.8374149363769299,0.9576056159788684,0.8439912132879932],[0.995981935554989,0.9960074290759169,0.995981935554989,0.9996745700549885,0.9996745700549885,0.9642974094476869,0.9642974094476869,0.9418177527535946,0.9418177527535946,0.4879025016269955,0.9999527181322458,0.48875957200588904,0.8797929215947276,0.9887149438593872,1.0,0.9614690246134658,0.9954305976418665,0.8895819138407344,0.8895819138407344,0.8381908952705011,-0.14183440142503057,0.9971297423109127,0.9124209671900123,-0.5430125664396969,0.6010226362031575,0.8394224857409758,0.8936987934496564,0.9360152154720048,0.8317306156249734,0.7830309454621927,0.9454706915707939,0.8143579420124907,0.6658182465477192,0.8815785095157501,0.9631878715215029,0.8484648618054746],[0.9803024159633276,0.9801116255137344,0.9803024159633276,0.9649273719033087,0.9649273719033087,0.9991613340161094,0.9991613340161094,0.9475730141120047,0.9475730141120047,0.6664516569844585,0.9612727757759528,0.6546663875637854,0.8443052932061152,0.9463603355266913,0.9614690246134658,1.0,0.9802609122150479,0.9192533960599278,0.9192533960599278,0.7039831526481861,-0.16992991453572723,0.9575497580976746,0.7349573946130018,-0.4803961666615794,-0.0814237156123058,0.9060684174940596,0.8309382396961239,0.9215385010539751,0.8747975262556724,0.7799723676465201,0.9002860042256798,0.776496852128144,0.7001154215936232,0.8902140248332185,0.9054716966015124,0.8380024238075027],[0.9993809911009822,0.9993827787901431,0.9993809911009822,0.9955226546929404,0.9955226546929404,0.9813481771428011,0.9813481771428011,0.9533944387924126,0.9533944387924126,0.5599626062484654,0.9953298439075258,0.5607057679699362,0.8733955436928987,0.9831465316438729,0.9954305976418665,0.9802609122150479,1.0,0.9183147941220257,0.9183147941220257,0.8554608562030778,-0.12508343224704738,0.9908210361886782,0.8962192797695695,-0.5360074310963524,0.5963465291112939,0.8775385473330375,0.8730890063270148,0.9394032286406652,0.8708751441141743,0.8081952531336585,0.9387756174835926,0.8533422519651966,0.7190310602836322,0.9019375680310804,0.9698561926206779,0.8837187200196847],[0.9076193270096771,0.9074336783876951,0.9076193270096771,0.8782795292572474,0.8782795292572474,0.9160072575259628,0.9160072575259628,0.97002776080882,0.97002776080882,0.7608707750579017,0.8887293230477221,0.7513793361719697,0.7367006492345226,0.8402443079606633,0.8895819138407344,0.9192533960599278,0.9183147941220257,1.0,1.0,0.7604346981769927,-0.10459228756110546,0.8508031696309459,0.6299172119513318,-0.27528536339272675,-0.1456421165783618,0.8517385234971273,0.6744132143435335,0.8259216203476483,0.91440561304227,0.8463964861371142,0.8181948449151867,0.7710212207070487,0.6928838160799399,0.8656522775398454,0.8080603073514411,0.8706018774913515],[0.9076193270096771,0.9074336783876951,0.9076193270096771,0.8782795292572474,0.8782795292572474,0.9160072575259628,0.9160072575259628,0.97002776080882,0.97002776080882,0.7608707750579017,0.8887293230477221,0.7513793361719697,0.7367006492345226,0.8402443079606633,0.8895819138407344,0.9192533960599278,0.9183147941220257,1.0,1.0,0.7604346981769927,-0.10459228756110546,0.8508031696309459,0.6299172119513318,-0.27528536339272675,-0.1456421165783618,0.8517385234971273,0.6744132143435335,0.8259216203476483,0.91440561304227,0.8463964861371142,0.8181948449151867,0.7710212207070487,0.6928838160799399,0.8656522775398454,0.8080603073514411,0.8706018774913515],[0.7531395138312003,0.7692358219528664,0.7531395138312003,0.718484746786568,0.718484746786568,0.6542159285140499,0.6542159285140499,0.619910102186869,0.619910102186869,0.6820878869962004,0.8368707553986178,0.630525728200611,0.6370699846631096,0.8234295469597134,0.8381908952705011,0.7039831526481861,0.8554608562030778,0.7604346981769927,0.7604346981769927,1.0,0.0031090834728302176,0.6857077563442188,-0.2729989093347451,0.25218074020498704,-0.6278337365446288,0.4021931647039234,0.5569211677828441,0.5082134306024855,0.8458640992919464,0.7141083392471061,0.21986262756764088,0.3532908348581546,0.5761801018876691,0.7923289027316781,0.5145902995834444,-0.07336587401434255],[-0.21818620765910499,-0.013022594244132287,-0.21818620765910499,-0.22412639171523496,-0.22412639171523496,-0.1810991477039991,-0.1810991477039991,-0.06571717337314008,-0.06571717337314008,-0.1010308877980354,-0.1442835025281161,0.030265770218608757,-0.11974236806944935,-0.2494993749574397,-0.14183440142503057,-0.16992991453572723,-0.12508343224704738,-0.10459228756110546,-0.10459228756110546,0.0031090834728302176,1.0,-0.15052187094283773,0.06865404813140122,0.18965437063821589,0.7291969732912864,-0.13020057104214403,-0.12281494275216369,-0.09278247763372094,0.12052167237863085,-0.045326868849745086,-0.05088973772308388,0.26698942572090323,0.5438752805266267,-0.16986187086972382,0.030035728850127324,0.10399101379716631],[0.9837147454621596,0.9775832733932223,0.9837147454621596,0.9937038838350699,0.9937038838350699,0.9557890526444958,0.9557890526444958,0.8811590191627482,0.8811590191627482,0.615718019330597,0.997213025777972,0.5556933438744924,0.8762747576840976,0.9819488087439321,0.9971297423109127,0.9575497580976746,0.9908210361886782,0.8508031696309459,0.8508031696309459,0.6857077563442188,-0.15052187094283773,1.0,0.24238384063235907,-0.2751203174414238,-0.2138180378095438,0.7211815324027686,0.907367404201499,0.908826125666711,0.8035865144328087,0.7361227233134182,0.7292695145776432,0.6067484815035713,0.4818950022493218,0.8823095564482043,0.7652893974072285,0.3165960279236204],[0.30799051018596424,0.05450017172171843,0.30799051018596424,0.3354670627724063,0.3354670627724063,0.4277169850539885,0.4277169850539885,0.6274607094773601,0.6274607094773601,0.04327833025109212,0.9131481379408328,0.3706838409349729,0.8231670704266391,0.8955270023900322,0.9124209671900123,0.7349573946130018,0.8962192797695695,0.6299172119513318,0.6299172119513318,-0.2729989093347451,0.06865404813140122,0.24238384063235907,1.0,-0.4895309113604721,0.6766931800371673,0.4408132477491149,0.2766688892163558,0.4162368387210662,-0.014624304856791288,0.16032369413484798,0.6448880066387741,0.5197436526719481,0.22338184536801692,0.12417730401804146,0.4616841592218777,0.5136101873141222],[-0.19812363333691901,-0.19208071261559695,-0.19812363333691901,-0.2305810790545657,-0.2305810790545657,-0.35447965646817353,-0.35447965646817353,-0.38768220968383166,-0.38768220968383166,0.044928761425400664,-0.545226802035879,-0.16188670890300166,-0.6334700512736293,-0.7290864332687557,-0.5430125664396969,-0.4803961666615794,-0.5360074310963524,-0.27528536339272675,-0.27528536339272675,0.25218074020498704,0.18965437063821589,-0.2751203174414238,-0.4895309113604721,1.0,-0.031180648746680417,-0.22832172710225473,-0.25980775248209736,-0.33889139193054674,-0.09991990059244323,-0.13100756057992718,-0.5743412790860086,-0.24405305314508355,-0.0497490051846153,-0.11996398005549203,-0.29066625681472047,-0.43975135583059555],[-0.18359516937664455,-0.18362909138980324,-0.18359516937664455,-0.17550136253110576,-0.17550136253110576,-0.08343661197529775,-0.08343661197529775,0.02945312328837173,0.02945312328837173,-0.24058215874426225,0.6056174165971601,-0.2210061387508922,0.6682984228603758,0.7260366094505388,0.6010226362031575,-0.0814237156123058,0.5963465291112939,-0.1456421165783618,-0.1456421165783618,-0.6278337365446288,0.7291969732912864,-0.2138180378095438,0.6766931800371673,-0.031180648746680417,1.0,-0.07401510175644917,-0.09647836703464684,-0.02082990995025962,-0.33232124763054294,-0.30971826050189655,0.07098571993723621,0.1591257728516975,0.26175624437582173,-0.3401689775747364,0.10817106471078365,0.09317465507642997],[0.8466768964078931,0.7128265427252524,0.8466768964078931,0.8349922759687521,0.8349922759687521,0.8968182749390355,0.8968182749390355,0.8290856591743909,0.8290856591743909,0.7102501351278699,0.8398860294742785,0.7259263470375037,0.7081803707993091,0.7761574450733211,0.8394224857409758,0.9060684174940596,0.8775385473330375,0.8517385234971273,0.8517385234971273,0.4021931647039234,-0.13020057104214403,0.7211815324027686,0.4408132477491149,-0.22832172710225473,-0.07401510175644917,1.0,0.6158725940022006,0.864233778054849,0.533706045211673,0.6479335987057603,0.648409170230888,0.6666649337230397,0.42573762641467155,0.7398222949468796,0.7562721386456888,0.4771137349236777],[0.8826041605603302,0.8788282410435131,0.8826041605603302,0.9075069223630345,0.9075069223630345,0.8462638345835394,0.8462638345835394,0.7535590504184958,0.7535590504184958,0.33072480164401863,0.89536412816645,0.24187855524747492,0.8642076291652003,0.9467562436176475,0.8936987934496564,0.8309382396961239,0.8730890063270148,0.6744132143435335,0.6744132143435335,0.5569211677828441,-0.12281494275216369,0.907367404201499,0.2766688892163558,-0.25980775248209736,-0.09647836703464684,0.6158725940022006,1.0,0.8599703403572881,0.6199268951505035,0.5659475818536639,0.675481285016045,0.46317818167471486,0.37152767321943786,0.7214736575776798,0.7128800288900967,0.2893745280841729],[0.9209282968786847,0.904873238447481,0.9209282968786847,0.9258878119020878,0.9258878119020878,0.9274735752311378,0.9274735752311378,0.8816564436801199,0.8816564436801199,0.6008910995441562,0.9364962480810132,0.5583120103510452,0.8652248074305354,0.9426339684251692,0.9360152154720048,0.9215385010539751,0.9394032286406652,0.8259216203476483,0.8259216203476483,0.5082134306024855,-0.09278247763372094,0.908826125666711,0.4162368387210662,-0.33889139193054674,-0.02082990995025962,0.864233778054849,0.8599703403572881,1.0,0.7013158172193598,0.6012193464482987,0.7119448275420488,0.5831301153514122,0.46642283520849254,0.795732389713119,0.8697330102317972,0.3307474092051732],[0.8798777394838727,0.8773127156797529,0.8798777394838727,0.8504776033543405,0.8504776033543405,0.8670354226829373,0.8670354226829373,0.8452862927671043,0.8452862927671043,0.794012835912455,0.8298663902421115,0.7603697553531603,0.654577798585285,0.7331920748896004,0.8317306156249734,0.8747975262556724,0.8708751441141743,0.91440561304227,0.91440561304227,0.8458640992919464,0.12052167237863085,0.8035865144328087,-0.014624304856791288,-0.09991990059244323,-0.33232124763054294,0.533706045211673,0.6199268951505035,0.7013158172193598,1.0,0.9140570660758396,0.5908505924842334,0.7119931961511419,0.6705467941564784,0.8864883196532936,0.5572658457344727,0.354381996289321],[0.7720910982352474,0.7790255786537956,0.7720910982352474,0.7626368038982527,0.7626368038982527,0.7483037046458656,0.7483037046458656,0.7697291245982911,0.7697291245982911,0.6654785345215473,0.7812819510972112,0.6805776774734119,0.588627127012679,0.6497530776086109,0.7830309454621927,0.7799723676465201,0.8081952531336585,0.8463964861371142,0.8463964861371142,0.7141083392471061,-0.045326868849745086,0.7361227233134182,0.16032369413484798,-0.13100756057992718,-0.30971826050189655,0.6479335987057603,0.5659475818536639,0.6012193464482987,0.9140570660758396,1.0,0.621846100519498,0.6966571320807885,0.6165718109483431,0.7576752170054015,0.6222674702099735,0.5157754234332121],[0.7000161973082026,0.6929948000767432,0.7000161973082026,0.7267948269618287,0.7267948269618287,0.8296523525466523,0.8296523525466523,0.9037306097941021,0.9037306097941021,0.31512136319922973,0.946242538825458,0.46716745614775146,0.8502989831023486,0.9337626158616487,0.9454706915707939,0.9002860042256798,0.9387756174835926,0.8181948449151867,0.8181948449151867,0.21986262756764088,-0.05088973772308388,0.7292695145776432,0.6448880066387741,-0.5743412790860086,0.07098571993723621,0.648409170230888,0.675481285016045,0.7119448275420488,0.5908505924842334,0.621846100519498,1.0,0.7416487969447941,0.38512587611971383,0.5969420215607919,0.7134091309870579,0.7614152244860227],[0.6468279175022572,0.6446014195932788,0.6468279175022572,0.6322104190159683,0.6322104190159683,0.7329771429686419,0.7329771429686419,0.7827321986494771,0.7827321986494771,0.5202871368443611,0.812239111841694,0.6750749396295308,0.6342465590832176,0.728681568760359,0.8143579420124907,0.776496852128144,0.8533422519651966,0.7710212207070487,0.7710212207070487,0.3532908348581546,0.26698942572090323,0.6067484815035713,0.5197436526719481,-0.24405305314508355,0.1591257728516975,0.6666649337230397,0.46317818167471486,0.5831301153514122,0.7119931961511419,0.6966571320807885,0.7416487969447941,1.0,0.7785940691877432,0.5464344814300427,0.7236907741999654,0.5820359884946694],[0.5768469878153909,0.6015182042534897,0.5768469878153909,0.5385243662092453,0.5385243662092453,0.6441100002476635,0.6441100002476635,0.6781655347834735,0.6781655347834735,0.5623753618813472,0.6626422975402292,0.6749059848963249,0.47869352724178793,0.49562303177578376,0.6658182465477192,0.7001154215936232,0.7190310602836322,0.6928838160799399,0.6928838160799399,0.5761801018876691,0.5438752805266267,0.4818950022493218,0.22338184536801692,-0.0497490051846153,0.26175624437582173,0.42573762641467155,0.37152767321943786,0.46642283520849254,0.6705467941564784,0.6165718109483431,0.38512587611971383,0.7785940691877432,1.0,0.5005042864389482,0.629549115426814,0.2277196308050246],[0.9185077094486709,0.9179304712206106,0.9185077094486709,0.8987399532413407,0.8987399532413407,0.8692937360276278,0.8692937360276278,0.8245280044708995,0.8245280044708995,0.7525753995703822,0.8815925173175873,0.6980287260116016,0.7522019391812153,0.8374149363769299,0.8815785095157501,0.8902140248332185,0.9019375680310804,0.8656522775398454,0.8656522775398454,0.7923289027316781,-0.16986187086972382,0.8823095564482043,0.12417730401804146,-0.11996398005549203,-0.3401689775747364,0.7398222949468796,0.7214736575776798,0.795732389713119,0.8864883196532936,0.7576752170054015,0.5969420215607919,0.5464344814300427,0.5005042864389482,1.0,0.7733066611924777,0.2628909633225253],[0.8884059218741698,0.7780556388767105,0.8884059218741698,0.8826300381659142,0.8826300381659142,0.9083219207099092,0.9083219207099092,0.8875873515200083,0.8875873515200083,0.5641267069345909,0.963381061751094,0.5263164649998523,0.8599476106036135,0.9576056159788684,0.9631878715215029,0.9054716966015124,0.9698561926206779,0.8080603073514411,0.8080603073514411,0.5145902995834444,0.030035728850127324,0.7652893974072285,0.4616841592218777,-0.29066625681472047,0.10817106471078365,0.7562721386456888,0.7128800288900967,0.8697330102317972,0.5572658457344727,0.6222674702099735,0.7134091309870579,0.7236907741999654,0.629549115426814,0.7733066611924777,1.0,0.306270208552122],[0.31567936856143175,0.3117402815435825,0.31567936856143175,0.33095132438629277,0.33095132438629277,0.5598330924636421,0.5598330924636421,0.8420820899545041,0.8420820899545041,0.17099807463509775,0.8491268126888651,0.5861138770122215,0.7772669705016525,0.8439912132879932,0.8484648618054746,0.8380024238075027,0.8837187200196847,0.8706018774913515,0.8706018774913515,-0.07336587401434255,0.10399101379716631,0.3165960279236204,0.5136101873141222,-0.43975135583059555,0.09317465507642997,0.4771137349236777,0.2893745280841729,0.3307474092051732,0.354381996289321,0.5157754234332121,0.7614152244860227,0.5820359884946694,0.2277196308050246,0.2628909633225253,0.306270208552122,1.0]],"x":["^TAIEX       \u81fa\u7063\u52a0\u6b0a\u5831\u916c\u6307\u6578","^TWII        \u81fa\u7063\u52a0\u6b0a\u6307\u6578","^TAIEXx2     \u81fa\u7063\u52a0\u6b0a\u5831\u916c\u6307\u6578_\u65e5\u6b632","^TAI50I      \u81fa\u706350\u5831\u916c\u6307\u6578","^TAI50Ix2    \u81fa\u706350\u5831\u916c\u6307\u6578_\u65e5\u6b632","^TAI100I     \u81fa\u7063\u4e2d\u578b100\u5831\u916c\u6307\u6578","^TAI100Ix2   \u81fa\u7063\u4e2d\u578b100\u5831\u916c\u6307\u6578_\u65e5\u6b632","^TAIDIVIDI   \u81fa\u7063\u9ad8\u80a1\u606f\u5831\u916c\u6307\u6578","^TAIDIVIDIx2 \u81fa\u7063\u9ad8\u80a1\u606f\u5831\u916c\u6307\u6578_\u65e5\u6b632","0050Fund     \u5143\u5927\u53f0\u7063\u5353\u8d8a50\u57fa\u91d1","006208Fund   \u5bcc\u90a6\u53f0\u7063\u91c6\u540950\u57fa\u91d1","0050         \u5143\u5927\u81fa\u706350","00631L       \u5143\u5927\u53f0\u706350\u6b632","00675L       \u5bcc\u90a6\u81fa\u7063\u52a0\u6b0a\u6b632","006208       \u5bcc\u90a6\u53f050","0051         \u5143\u5927\u4e2d\u578b100","006204       \u6c38\u8c50\u81fa\u7063\u52a0\u6b0a","0056         \u5143\u5927\u9ad8\u80a1\u606f","0056         \u5143\u5927\u9ad8\u80a1\u606f_\u80a1\u606f\u4e0d\u6295\u5165","2412         \u4e2d\u83ef\u96fb\u4fe1","2002         \u4e2d\u92fc","2330         \u53f0\u7a4d\u96fb","2317         \u9d3b\u6d77","6505         \u53f0\u5851\u77f3\u5316","3481         \u7fa4\u5275","2303         \u806f\u96fb","2308         \u53f0\u9054\u96fb","2454         \u806f\u767c\u79d1","2886         \u5146\u8c50\u91d1","2884         \u7389\u5c71\u91d1","2891         \u4e2d\u4fe1\u91d1","2892         \u7b2c\u4e00\u91d1","5880         \u5408\u5eab\u91d1","2881         \u5bcc\u90a6\u91d1","2885         \u5143\u5927\u91d1","2887         \u53f0\u65b0\u91d1"],"y":["^TAIEX       \u81fa\u7063\u52a0\u6b0a\u5831\u916c\u6307\u6578","^TWII        \u81fa\u7063\u52a0\u6b0a\u6307\u6578","^TAIEXx2     \u81fa\u7063\u52a0\u6b0a\u5831\u916c\u6307\u6578_\u65e5\u6b632","^TAI50I      \u81fa\u706350\u5831\u916c\u6307\u6578","^TAI50Ix2    \u81fa\u706350\u5831\u916c\u6307\u6578_\u65e5\u6b632","^TAI100I     \u81fa\u7063\u4e2d\u578b100\u5831\u916c\u6307\u6578","^TAI100Ix2   \u81fa\u7063\u4e2d\u578b100\u5831\u916c\u6307\u6578_\u65e5\u6b632","^TAIDIVIDI   \u81fa\u7063\u9ad8\u80a1\u606f\u5831\u916c\u6307\u6578","^TAIDIVIDIx2 \u81fa\u7063\u9ad8\u80a1\u606f\u5831\u916c\u6307\u6578_\u65e5\u6b632","0050Fund     \u5143\u5927\u53f0\u7063\u5353\u8d8a50\u57fa\u91d1","006208Fund   \u5bcc\u90a6\u53f0\u7063\u91c6\u540950\u57fa\u91d1","0050         \u5143\u5927\u81fa\u706350","00631L       \u5143\u5927\u53f0\u706350\u6b632","00675L       \u5bcc\u90a6\u81fa\u7063\u52a0\u6b0a\u6b632","006208       \u5bcc\u90a6\u53f050","0051         \u5143\u5927\u4e2d\u578b100","006204       \u6c38\u8c50\u81fa\u7063\u52a0\u6b0a","0056         \u5143\u5927\u9ad8\u80a1\u606f","0056         \u5143\u5927\u9ad8\u80a1\u606f_\u80a1\u606f\u4e0d\u6295\u5165","2412         \u4e2d\u83ef\u96fb\u4fe1","2002         \u4e2d\u92fc","2330         \u53f0\u7a4d\u96fb","2317         \u9d3b\u6d77","6505         \u53f0\u5851\u77f3\u5316","3481         \u7fa4\u5275","2303         \u806f\u96fb","2308         \u53f0\u9054\u96fb","2454         \u806f\u767c\u79d1","2886         \u5146\u8c50\u91d1","2884         \u7389\u5c71\u91d1","2891         \u4e2d\u4fe1\u91d1","2892         \u7b2c\u4e00\u91d1","5880         \u5408\u5eab\u91d1","2881         \u5bcc\u90a6\u91d1","2885         \u5143\u5927\u91d1","2887         \u53f0\u65b0\u91d1"],"zmin":-1,"zmax":1,"colorbar":{"x":-0.2}}],"layout":{"autotypenumbers":"strict","colorway":["#636efa","#EF553B","#00cc96","#ab63fa","#FFA15A","#19d3f3","#FF6692","#B6E880","#FF97FF","#FECB52"],"font":{"color":"#f2f5fa","family":"Courier New"},"hovermode":"closest","hoverlabel":{"align":"left"},"paper_bgcolor":"rgb(17,17,17)","plot_bgcolor":"rgb(17,17,17)","polar":{"bgcolor":"rgb(17,17,17)","angularaxis":{"gridcolor":"#506784","linecolor":"#506784","ticks":""},"radialaxis":{"gridcolor":"#506784","linecolor":"#506784","ticks":""}},"ternary":{"bgcolor":"rgb(17,17,17)","aaxis":{"gridcolor":"#506784","linecolor":"#506784","ticks":""},"baxis":{"gridcolor":"#506784","linecolor":"#506784","ticks":""},"caxis":{"gridcolor":"#506784","linecolor":"#506784","ticks":""}},"coloraxis":{"colorbar":{"outlinewidth":0,"ticks":""}},"colorscale":{"sequential":[[0.0,"#0d0887"],[0.1111111111111111,"#46039f"],[0.2222222222222222,"#7201a8"],[0.3333333333333333,"#9c179e"],[0.4444444444444444,"#bd3786"],[0.5555555555555556,"#d8576b"],[0.6666666666666666,"#ed7953"],[0.7777777777777778,"#fb9f3a"],[0.8888888888888888,"#fdca26"],[1.0,"#f0f921"]],"sequentialminus":[[0.0,"#0d0887"],[0.1111111111111111,"#46039f"],[0.2222222222222222,"#7201a8"],[0.3333333333333333,"#9c179e"],[0.4444444444444444,"#bd3786"],[0.5555555555555556,"#d8576b"],[0.6666666666666666,"#ed7953"],[0.7777777777777778,"#fb9f3a"],[0.8888888888888888,"#fdca26"],[1.0,"#f0f921"]],"diverging":[[0,"#8e0152"],[0.1,"#c51b7d"],[0.2,"#de77ae"],[0.3,"#f1b6da"],[0.4,"#fde0ef"],[0.5,"#f7f7f7"],[0.6,"#e6f5d0"],[0.7,"#b8e186"],[0.8,"#7fbc41"],[0.9,"#4d9221"],[1,"#276419"]]},"xaxis":{"gridcolor":"rgba(0, 0, 0, 0)","linecolor":"#506784","ticks":"","title":{"standoff":15},"zerolinecolor":"#283442","automargin":true,"zerolinewidth":2,"tickfont":{"family":"Courier New","size":14},"side":"top","tickangle":-90},"yaxis":{"gridcolor":"rgba(0, 0, 0, 0)","linecolor":"#506784","ticks":"","title":{"standoff":15},"zerolinecolor":"#283442","automargin":true,"zerolinewidth":2,"tickfont":{"family":"Courier New"},"side":"right"},"scene":{"xaxis":{"backgroundcolor":"rgb(17,17,17)","gridcolor":"#506784","linecolor":"#506784","showbackground":true,"ticks":"","zerolinecolor":"#C8D4E3","gridwidth":2},"yaxis":{"backgroundcolor":"rgb(17,17,17)","gridcolor":"#506784","linecolor":"#506784","showbackground":true,"ticks":"","zerolinecolor":"#C8D4E3","gridwidth":2},"zaxis":{"backgroundcolor":"rgb(17,17,17)","gridcolor":"#506784","linecolor":"#506784","showbackground":true,"ticks":"","zerolinecolor":"#C8D4E3","gridwidth":2}},"shapedefaults":{"line":{"color":"#f2f5fa"}},"annotationdefaults":{"arrowcolor":"#f2f5fa","arrowhead":0,"arrowwidth":1},"geo":{"bgcolor":"rgb(17,17,17)","landcolor":"rgb(17,17,17)","subunitcolor":"#506784","showland":true,"showlakes":true,"lakecolor":"rgb(17,17,17)"},"title":{"x":0.05,"font":{"family":"Times New Roman"},"y":0.05,"text":"<b>Correlation of Close<b><br><i>2016-09-23 ~ 2026-06-05<i>"},"updatemenudefaults":{"bgcolor":"#506784","borderwidth":0},"sliderdefaults":{"bgcolor":"#C8D4E3","borderwidth":1,"bordercolor":"rgb(17,17,17)","tickwidth":0},"mapbox":{"style":"dark"},"annotations":[{"text":"<b>@zwindr<b>","textangle":0,"opacity":0.5,"font":{"color":"white","size":12},"xref":"paper","yref":"paper","xanchor":"left","yanchor":"bottom","x":1.0,"y":1.0,"showarrow":false}]},"config":{"responsive":true,"toImageButtonOptions":{"filename":"Correlation of Close_2016-09-23~2026-06-05","scale":5}}};Plotly.newPlot("correlationClose",correlationClose.data,correlationClose.layout||{},correlationClose.config);}else{console.log("style display is none => correlationClose");}