var element=document.getElementById("correlationClose");if(element.style.display!='none'){var correlationClose={"data":[{"type":"heatmap","z":[[1.0,0.999999999999998,1.0,0.9950683655743471,0.9950683655743471,0.9676119001818426,0.9676119001818426,0.9085848385161899,0.9085848385161899,0.8129039672570052,0.9946170204590997,0.7693970811455567,0.9923843725444361,0.9926745545256608,0.9946842826888066,0.9749929412163804,0.999122128996502,0.91650685750258,0.91650685750258,0.7810126007857725,-0.1564091838464844,0.9787077300075171,0.18944541071698298,-0.12080620478725772,-0.2496402140951434,0.814058534606078,0.9062233388792409,0.9172498336391621,0.9237446099848994,0.7845008574989878,0.5818512459234996,0.6433097716205032,0.6276241421921073,0.9356876985939956,0.8414259314447998,0.20370056480956036],[0.999999999999998,1.0,0.9999999999999982,0.9950378001983491,0.9950378001983491,0.967107633721786,0.967107633721786,0.9094706618122211,0.9094706618122211,0.8144233703108585,0.994610487055539,0.7696061486665481,0.9920740586854185,0.9921598213799948,0.9946845570398899,0.9744668757247528,0.9991232675793571,0.9165774288813684,0.9165774288813684,0.7992095127553022,0.05569424576159567,0.9708333649818692,-0.026275163370747447,-0.11366324022924727,-0.24972865950927015,0.650224194000508,0.90692118551666,0.8937992793525125,0.9184731382250453,0.7945145665248801,0.5739577733327773,0.6407622273753163,0.6526590426139397,0.9335208709704108,0.7024491711771244,0.2008786065868253],[1.0,0.9999999999999982,1.0,0.9950683655743471,0.9950683655743471,0.9676119001818426,0.9676119001818426,0.9085848385161899,0.9085848385161899,0.8129039672570052,0.9946170204590997,0.7693970811455567,0.9923843725444361,0.9926745545256608,0.9946842826888066,0.9749929412163804,0.999122128996502,0.91650685750258,0.91650685750258,0.7810126007857725,-0.1564091838464844,0.9787077300075171,0.18944541071698298,-0.12080620478725772,-0.2496402140951434,0.814058534606078,0.9062233388792409,0.9172498336391621,0.9237446099848994,0.7845008574989878,0.5818512459234996,0.6433097716205032,0.6276241421921073,0.9356876985939956,0.8414259314447998,0.20370056480956036],[0.9950683655743471,0.9950378001983491,0.9950683655743471,1.0,1.0,0.9544229412233757,0.9544229412233757,0.8924732372989332,0.8924732372989332,0.7841208391628971,0.9995605839062623,0.7389261325038641,0.9917340678568382,0.9891396057394065,0.9995168312550755,0.9573988515683579,0.9948276753562662,0.890877428891303,0.890877428891303,0.7544839509964636,-0.16472585149576785,0.9910704461580049,0.21729306521719205,-0.15726056551239548,-0.24913980595100885,0.803275266433084,0.9199504873653452,0.9176146361219433,0.9065832675677433,0.7880366735383592,0.6113078076961024,0.63581378284661,0.5964026846733516,0.9254480035485696,0.8316485171740918,0.21617940019814685],[0.9950683655743471,0.9950378001983491,0.9950683655743471,1.0,1.0,0.9544229412233757,0.9544229412233757,0.8924732372989332,0.8924732372989332,0.7841208391628971,0.9995605839062623,0.7389261325038641,0.9917340678568382,0.9891396057394065,0.9995168312550755,0.9573988515683579,0.9948276753562662,0.890877428891303,0.890877428891303,0.7544839509964636,-0.16472585149576785,0.9910704461580049,0.21729306521719205,-0.15726056551239548,-0.24913980595100885,0.803275266433084,0.9199504873653452,0.9176146361219433,0.9065832675677433,0.7880366735383592,0.6113078076961024,0.63581378284661,0.5964026846733516,0.9254480035485696,0.8316485171740918,0.21617940019814685],[0.9676119001818426,0.967107633721786,0.9676119001818426,0.9544229412233757,0.9544229412233757,1.0,1.0,0.9335102161324009,0.9335102161324009,0.7870729004896935,0.9535803446337445,0.7695736338791019,0.9684742523257261,0.9657815693800399,0.9535044943137491,0.9990744011366538,0.9748840252549952,0.91825364969439,0.91825364969439,0.6495674045781437,-0.10642999584788661,0.9401030268000554,0.3397738905522987,-0.30051988279397096,-0.12123685182186766,0.8822418405579474,0.858433815641042,0.9346501786680661,0.900281273693954,0.7505435476660506,0.7618358203000484,0.7435585301743769,0.7024679861683423,0.867947669501263,0.8706605485745448,0.4796562773626976],[0.9676119001818426,0.967107633721786,0.9676119001818426,0.9544229412233757,0.9544229412233757,1.0,1.0,0.9335102161324009,0.9335102161324009,0.7870729004896935,0.9535803446337445,0.7695736338791019,0.9684742523257261,0.9657815693800399,0.9535044943137491,0.9990744011366538,0.9748840252549952,0.91825364969439,0.91825364969439,0.6495674045781437,-0.10642999584788661,0.9401030268000554,0.3397738905522987,-0.30051988279397096,-0.12123685182186766,0.8822418405579474,0.858433815641042,0.9346501786680661,0.900281273693954,0.7505435476660506,0.7618358203000484,0.7435585301743769,0.7024679861683423,0.867947669501263,0.8706605485745448,0.4796562773626976],[0.9085848385161899,0.9094706618122211,0.9085848385161899,0.8924732372989332,0.8924732372989332,0.9335102161324009,0.9335102161324009,1.0,1.0,0.7399383476202708,0.9373970889967753,0.7553211507473737,0.9385281530601248,0.9331403002924077,0.9373726683802842,0.9347512972878155,0.945662601221703,0.970841981997646,0.970841981997646,0.594730209185879,0.014663426539413434,0.8556050412992358,0.5651289348339243,-0.3265865309556819,0.012053610412287469,0.7896003708611635,0.7579765095933012,0.8792037019788785,0.8557308301022374,0.7635620281844435,0.8811172519139292,0.7860207700959443,0.7159802025145181,0.8014989519610245,0.8562390338899496,0.8082125231562836],[0.9085848385161899,0.9094706618122211,0.9085848385161899,0.8924732372989332,0.8924732372989332,0.9335102161324009,0.9335102161324009,1.0,1.0,0.7399383476202708,0.9373970889967753,0.7553211507473737,0.9385281530601248,0.9331403002924077,0.9373726683802842,0.9347512972878155,0.945662601221703,0.970841981997646,0.970841981997646,0.594730209185879,0.014663426539413434,0.8556050412992358,0.5651289348339243,-0.3265865309556819,0.012053610412287469,0.7896003708611635,0.7579765095933012,0.8792037019788785,0.8557308301022374,0.7635620281844435,0.8811172519139292,0.7860207700959443,0.7159802025145181,0.8014989519610245,0.8562390338899496,0.8082125231562836],[0.8129039672570052,0.8144233703108585,0.8129039672570052,0.7841208391628971,0.7841208391628971,0.7870729004896935,0.7870729004896935,0.7399383476202708,0.7399383476202708,1.0,0.6690997205004949,0.9999698372704642,0.5959308236343015,0.5031750165994319,0.6709931545504441,0.7824901753226503,0.7262913497482145,0.817764030402909,0.817764030402909,0.6950756936772393,-0.09896521141107677,0.7559506230666411,0.037359812339203255,0.04885998686737776,-0.24296374743113705,0.7869964228186304,0.5453527153707003,0.7629013720364294,0.8154851703145927,0.6857320140419879,0.3554029293353614,0.5314057254065782,0.5644495141028073,0.7932952041163586,0.6580448679261531,0.17192968232212233],[0.9946170204590997,0.994610487055539,0.9946170204590997,0.9995605839062623,0.9995605839062623,0.9535803446337445,0.9535803446337445,0.9373970889967753,0.9373970889967753,0.6690997205004949,1.0,0.6689322664897941,0.9914272199128663,0.9891473815099787,0.9999305296834239,0.9527293740526892,0.993948345706444,0.9015881039410002,0.9015881039410002,0.8534750627388057,-0.0084064495841525,0.99661645845916,0.8944689030261215,-0.5206722557103555,0.34209778152999326,0.8166526640897331,0.8864132921728186,0.9345215266203417,0.900447084460197,0.8127056283413736,0.9201169959983801,0.8664667056634836,0.7686672505698312,0.9065839271364071,0.9456397378386371,0.7865316450103176],[0.7693970811455567,0.7696061486665481,0.7693970811455567,0.7389261325038641,0.7389261325038641,0.7695736338791019,0.7695736338791019,0.7553211507473737,0.7553211507473737,0.9999698372704642,0.6689322664897941,1.0,0.5936548244914117,0.5003061118158045,0.6693481719828637,0.7734271208518657,0.7248187800954755,0.8132829354690592,0.8132829354690592,0.6548860405280394,0.029198260045872896,0.7123046647559783,0.42604970613500315,-0.1698318608647179,-0.23077906982115562,0.817915334631148,0.4487105619268599,0.7367185567464881,0.7876270018860823,0.710527557738311,0.5782399461160809,0.7059687846084677,0.6830664566185233,0.7503457317605965,0.6466663556275156,0.6727109951899992],[0.9923843725444361,0.9920740586854185,0.9923843725444361,0.9917340678568382,0.9917340678568382,0.9684742523257261,0.9684742523257261,0.9385281530601248,0.9385281530601248,0.5959308236343015,0.9914272199128663,0.5936548244914117,1.0,0.99978582657153,0.9913973830587753,0.9654627786064361,0.9903555338351684,0.8877603417269736,0.8877603417269736,0.8330780011255793,0.015284328502558184,0.989925923521896,0.9138137442292533,-0.6706503399853021,0.408574931643261,0.7847280443320842,0.8966792145487366,0.9396332254796719,0.8877809659006709,0.7496968604001948,0.9211740986952146,0.8430282413079982,0.7436970527387211,0.8912274240431269,0.9571052480549315,0.8122898559389216],[0.9926745545256608,0.9921598213799948,0.9926745545256608,0.9891396057394065,0.9891396057394065,0.9657815693800399,0.9657815693800399,0.9331403002924077,0.9331403002924077,0.5031750165994319,0.9891473815099787,0.5003061118158045,0.99978582657153,1.0,0.989270800343555,0.9618876546629911,0.9897768967741101,0.8717353836843119,0.8717353836843119,0.8547375379931009,-0.11062157977842475,0.986231389505021,0.921179998581117,-0.8369738751395079,0.44331338418928357,0.7327055564115169,0.9020102702724518,0.9324132444996548,0.8729354119694231,0.6850853363869622,0.9289722979487769,0.8349743031335037,0.6841251298667127,0.9142859614437111,0.9578200511031689,0.7836740759716398],[0.9946842826888066,0.9946845570398899,0.9946842826888066,0.9995168312550755,0.9995168312550755,0.9535044943137491,0.9535044943137491,0.9373726683802842,0.9373726683802842,0.6709931545504441,0.9999305296834239,0.6693481719828637,0.9913973830587753,0.989270800343555,1.0,0.952766212892216,0.9940385895383829,0.902016077859519,0.902016077859519,0.8544096986333755,-0.009058846866180218,0.9964792688648431,0.8940995655434947,-0.5182886622935956,0.34298915663563434,0.8170903755072104,0.8851325258278034,0.9337388809948455,0.9008016824352283,0.8138270099197398,0.9197644806653695,0.8675081684693626,0.7695009709746156,0.9065858853917711,0.9457548389312175,0.7873600722720007],[0.9749929412163804,0.9744668757247528,0.9749929412163804,0.9573988515683579,0.9573988515683579,0.9990744011366538,0.9990744011366538,0.9347512972878155,0.9347512972878155,0.7824901753226503,0.9527293740526892,0.7734271208518657,0.9654627786064361,0.9618876546629911,0.952766212892216,1.0,0.9754455954940039,0.9187413929840436,0.9187413929840436,0.697984330743442,-0.09152653177742853,0.9463784397692416,0.6601457651175444,-0.43206168980092324,-0.16714902723089167,0.8939091599656246,0.8514424962861079,0.9307869516995405,0.907569498010034,0.7865170457588043,0.8620206195532436,0.7902241823062467,0.7590631060392689,0.8891867308363626,0.8678997070849046,0.7967639631594214],[0.999122128996502,0.9991232675793571,0.999122128996502,0.9948276753562662,0.9948276753562662,0.9748840252549952,0.9748840252549952,0.945662601221703,0.945662601221703,0.7262913497482145,0.993948345706444,0.7248187800954755,0.9903555338351684,0.9897768967741101,0.9940385895383829,0.9754455954940039,1.0,0.928041412466576,0.928041412466576,0.8640326963287372,0.006443988149329438,0.9874730287239367,0.8633640249398006,-0.5001576107261029,0.3615149874159592,0.8634868452521172,0.8762623926114956,0.9457770560508884,0.9300403021264616,0.8343954412712372,0.9081747612646741,0.8979109176677187,0.8115074681612201,0.9198734913243335,0.9545139762933056,0.8405802713002317],[0.91650685750258,0.9165774288813684,0.91650685750258,0.890877428891303,0.890877428891303,0.91825364969439,0.91825364969439,0.970841981997646,0.970841981997646,0.817764030402909,0.9015881039410002,0.8132829354690592,0.8877603417269736,0.8717353836843119,0.902016077859519,0.9187413929840436,0.928041412466576,1.0,1.0,0.7463591885372571,-0.043896958998096314,0.8546605985755983,0.5607651354326937,-0.2110222342949753,-0.2074647816169744,0.8300512744628612,0.7245492972880424,0.8408573594114186,0.9186631843784805,0.8419320666235982,0.7988739671107901,0.7613321027153326,0.7079949000164717,0.8485394805378262,0.7825728774474265,0.8550589825773494],[0.91650685750258,0.9165774288813684,0.91650685750258,0.890877428891303,0.890877428891303,0.91825364969439,0.91825364969439,0.970841981997646,0.970841981997646,0.817764030402909,0.9015881039410002,0.8132829354690592,0.8877603417269736,0.8717353836843119,0.902016077859519,0.9187413929840436,0.928041412466576,1.0,1.0,0.7463591885372571,-0.043896958998096314,0.8546605985755983,0.5607651354326937,-0.2110222342949753,-0.2074647816169744,0.8300512744628612,0.7245492972880424,0.8408573594114186,0.9186631843784805,0.8419320666235982,0.7988739671107901,0.7613321027153326,0.7079949000164717,0.8485394805378262,0.7825728774474265,0.8550589825773494],[0.7810126007857725,0.7992095127553022,0.7810126007857725,0.7544839509964636,0.7544839509964636,0.6495674045781437,0.6495674045781437,0.594730209185879,0.594730209185879,0.6950756936772393,0.8534750627388057,0.6548860405280394,0.8330780011255793,0.8547375379931009,0.8544096986333755,0.697984330743442,0.8640326963287372,0.7463591885372571,0.7463591885372571,1.0,0.028529774038439357,0.7157972626541058,-0.3488216353930527,0.3042528018926858,-0.6552158888067161,0.3614661765002435,0.6946526258064414,0.5185142954240497,0.8381213590177734,0.6987090125474252,0.13152401143886105,0.3192856938281617,0.5691824771608525,0.7842570369205863,0.4877427014444019,-0.14029979363181344],[-0.1564091838464844,0.05569424576159567,-0.1564091838464844,-0.16472585149576785,-0.16472585149576785,-0.10642999584788661,-0.10642999584788661,0.014663426539413434,0.014663426539413434,-0.09896521141107677,-0.0084064495841525,0.029198260045872896,0.015284328502558184,-0.11062157977842475,-0.009058846866180218,-0.09152653177742853,0.006443988149329438,-0.043896958998096314,-0.043896958998096314,0.028529774038439357,1.0,-0.10713516735228679,0.0984913393681883,0.16349462019039912,0.7474281956248372,-0.0974753953302733,-0.06266223646069743,-0.02499034740126949,0.15196156153775423,-0.009979553308176249,0.02977862195830988,0.31775122965800096,0.5619191207554354,-0.13257971632154833,0.09392044019498486,0.1501765687445629],[0.9787077300075171,0.9708333649818692,0.9787077300075171,0.9910704461580049,0.9910704461580049,0.9401030268000554,0.9401030268000554,0.8556050412992358,0.8556050412992358,0.7559506230666411,0.99661645845916,0.7123046647559783,0.989925923521896,0.986231389505021,0.9964792688648431,0.9463784397692416,0.9874730287239367,0.8546605985755983,0.8546605985755983,0.7157972626541058,-0.10713516735228679,1.0,0.12524812468519525,-0.21374861548453114,-0.2969985826931651,0.6673785909813694,0.9217115979909909,0.9009321504772585,0.8504182787244354,0.7561944158611553,0.612885365643491,0.6031017457052525,0.5268319617433587,0.9043782544816498,0.6816388585022557,0.19778344300598216],[0.18944541071698298,-0.026275163370747447,0.18944541071698298,0.21729306521719205,0.21729306521719205,0.3397738905522987,0.3397738905522987,0.5651289348339243,0.5651289348339243,0.037359812339203255,0.8944689030261215,0.42604970613500315,0.9138137442292533,0.921179998581117,0.8940995655434947,0.6601457651175444,0.8633640249398006,0.5607651354326937,0.5607651354326937,-0.3488216353930527,0.0984913393681883,0.12524812468519525,1.0,-0.46597781854942244,0.7043097147636457,0.38767156891508014,0.14463991879617624,0.33214514218442776,-0.07681741163163268,0.09707223664811906,0.6081324769980618,0.48826423637280336,0.20573929225631046,0.032241816146883456,0.4058405345272422,0.47441343589515766],[-0.12080620478725772,-0.11366324022924727,-0.12080620478725772,-0.15726056551239548,-0.15726056551239548,-0.30051988279397096,-0.30051988279397096,-0.3265865309556819,-0.3265865309556819,0.04885998686737776,-0.5206722557103555,-0.1698318608647179,-0.6706503399853021,-0.8369738751395079,-0.5182886622935956,-0.43206168980092324,-0.5001576107261029,-0.2110222342949753,-0.2110222342949753,0.3042528018926858,0.16349462019039912,-0.21374861548453114,-0.46597781854942244,1.0,-0.02501477464879777,-0.17455840387148697,-0.21305463348063342,-0.3155426093073363,-0.058010426488293375,-0.08864884701817842,-0.5737672816016972,-0.2115823262203834,-0.03136748891384553,-0.06398702137542585,-0.236265712947624,-0.41350369441680945],[-0.2496402140951434,-0.24972865950927015,-0.2496402140951434,-0.24913980595100885,-0.24913980595100885,-0.12123685182186766,-0.12123685182186766,0.012053610412287469,0.012053610412287469,-0.24296374743113705,0.34209778152999326,-0.23077906982115562,0.408574931643261,0.44331338418928357,0.34298915663563434,-0.16714902723089167,0.3615149874159592,-0.2074647816169744,-0.2074647816169744,-0.6552158888067161,0.7474281956248372,-0.2969985826931651,0.7043097147636457,-0.02501477464879777,1.0,-0.10844176541548947,-0.23715789725299952,-0.06920062636798707,-0.35112329426495403,-0.3292803426818306,0.0622521551391635,0.1572387682580063,0.260919529448092,-0.37647262901371836,0.10559475063237951,0.08792822630447092],[0.814058534606078,0.650224194000508,0.814058534606078,0.803275266433084,0.803275266433084,0.8822418405579474,0.8822418405579474,0.7896003708611635,0.7896003708611635,0.7869964228186304,0.8166526640897331,0.817915334631148,0.7847280443320842,0.7327055564115169,0.8170903755072104,0.8939091599656246,0.8634868452521172,0.8300512744628612,0.8300512744628612,0.3614661765002435,-0.0974753953302733,0.6673785909813694,0.38767156891508014,-0.17455840387148697,-0.10844176541548947,1.0,0.5428521732624502,0.8399947583562084,0.5021874692722588,0.6338453566157801,0.5568086522515583,0.6631969870482961,0.4289765953768592,0.7094775332525399,0.7068678261700044,0.4231152070996211],[0.9062233388792409,0.90692118551666,0.9062233388792409,0.9199504873653452,0.9199504873653452,0.858433815641042,0.858433815641042,0.7579765095933012,0.7579765095933012,0.5453527153707003,0.8864132921728186,0.4487105619268599,0.8966792145487366,0.9020102702724518,0.8851325258278034,0.8514424962861079,0.8762623926114956,0.7245492972880424,0.7245492972880424,0.6946526258064414,-0.06266223646069743,0.9217115979909909,0.14463991879617624,-0.21305463348063342,-0.23715789725299952,0.5428521732624502,1.0,0.8005331123574188,0.7727072809354436,0.6649075935846838,0.5312675728327076,0.510386243670732,0.5069418985494907,0.8392015200756916,0.6390180227598041,0.12749918560197082],[0.9172498336391621,0.8937992793525125,0.9172498336391621,0.9176146361219433,0.9176146361219433,0.9346501786680661,0.9346501786680661,0.8792037019788785,0.8792037019788785,0.7629013720364294,0.9345215266203417,0.7367185567464881,0.9396332254796719,0.9324132444996548,0.9337388809948455,0.9307869516995405,0.9457770560508884,0.8408573594114186,0.8408573594114186,0.5185142954240497,-0.02499034740126949,0.9009321504772585,0.33214514218442776,-0.3155426093073363,-0.06920062636798707,0.8399947583562084,0.8005331123574188,1.0,0.7593315722194105,0.6226669216957544,0.6177006906305543,0.6121115957592325,0.5363790687790234,0.8268654709856326,0.8413742578210905,0.2329941139873072],[0.9237446099848994,0.9184731382250453,0.9237446099848994,0.9065832675677433,0.9065832675677433,0.900281273693954,0.900281273693954,0.8557308301022374,0.8557308301022374,0.8154851703145927,0.900447084460197,0.7876270018860823,0.8877809659006709,0.8729354119694231,0.9008016824352283,0.907569498010034,0.9300403021264616,0.9186631843784805,0.9186631843784805,0.8381213590177734,0.15196156153775423,0.8504182787244354,-0.07681741163163268,-0.058010426488293375,-0.35112329426495403,0.5021874692722588,0.7727072809354436,0.7593315722194105,1.0,0.9086051405155277,0.559934784248171,0.6946632603910027,0.6683100895790279,0.8814563812733069,0.5215389905255026,0.308227272525164],[0.7845008574989878,0.7945145665248801,0.7845008574989878,0.7880366735383592,0.7880366735383592,0.7505435476660506,0.7505435476660506,0.7635620281844435,0.7635620281844435,0.6857320140419879,0.8127056283413736,0.710527557738311,0.7496968604001948,0.6850853363869622,0.8138270099197398,0.7865170457588043,0.8343954412712372,0.8419320666235982,0.8419320666235982,0.6987090125474252,-0.009979553308176249,0.7561944158611553,0.09707223664811906,-0.08864884701817842,-0.3292803426818306,0.6338453566157801,0.6649075935846838,0.6226669216957544,0.9086051405155277,1.0,0.5930535175691047,0.6773329771761891,0.6127659343891206,0.7390712255286317,0.5985523475608483,0.47976251683323173],[0.5818512459234996,0.5739577733327773,0.5818512459234996,0.6113078076961024,0.6113078076961024,0.7618358203000484,0.7618358203000484,0.8811172519139292,0.8811172519139292,0.3554029293353614,0.9201169959983801,0.5782399461160809,0.9211740986952146,0.9289722979487769,0.9197644806653695,0.8620206195532436,0.9081747612646741,0.7988739671107901,0.7988739671107901,0.13152401143886105,0.02977862195830988,0.612885365643491,0.6081324769980618,-0.5737672816016972,0.0622521551391635,0.5568086522515583,0.5312675728327076,0.6177006906305543,0.559934784248171,0.5930535175691047,1.0,0.7484740190370609,0.38817548300057414,0.524407754372193,0.6062801915580119,0.752867450348554],[0.6433097716205032,0.6407622273753163,0.6433097716205032,0.63581378284661,0.63581378284661,0.7435585301743769,0.7435585301743769,0.7860207700959443,0.7860207700959443,0.5314057254065782,0.8664667056634836,0.7059687846084677,0.8430282413079982,0.8349743031335037,0.8675081684693626,0.7902241823062467,0.8979109176677187,0.7613321027153326,0.7613321027153326,0.3192856938281617,0.31775122965800096,0.6031017457052525,0.48826423637280336,-0.2115823262203834,0.1572387682580063,0.6631969870482961,0.510386243670732,0.6121115957592325,0.6946632603910027,0.6773329771761891,0.7484740190370609,1.0,0.7794964350302914,0.5121501629834692,0.7351875489335145,0.554715372286353],[0.6276241421921073,0.6526590426139397,0.6276241421921073,0.5964026846733516,0.5964026846733516,0.7024679861683423,0.7024679861683423,0.7159802025145181,0.7159802025145181,0.5644495141028073,0.7686672505698312,0.6830664566185233,0.7436970527387211,0.6841251298667127,0.7695009709746156,0.7590631060392689,0.8115074681612201,0.7079949000164717,0.7079949000164717,0.5691824771608525,0.5619191207554354,0.5268319617433587,0.20573929225631046,-0.03136748891384553,0.260919529448092,0.4289765953768592,0.5069418985494907,0.5363790687790234,0.6683100895790279,0.6127659343891206,0.38817548300057414,0.7794964350302914,1.0,0.49644913610635993,0.6653325287188457,0.20743169915244306],[0.9356876985939956,0.9335208709704108,0.9356876985939956,0.9254480035485696,0.9254480035485696,0.867947669501263,0.867947669501263,0.8014989519610245,0.8014989519610245,0.7932952041163586,0.9065839271364071,0.7503457317605965,0.8912274240431269,0.9142859614437111,0.9065858853917711,0.8891867308363626,0.9198734913243335,0.8485394805378262,0.8485394805378262,0.7842570369205863,-0.13257971632154833,0.9043782544816498,0.032241816146883456,-0.06398702137542585,-0.37647262901371836,0.7094775332525399,0.8392015200756916,0.8268654709856326,0.8814563812733069,0.7390712255286317,0.524407754372193,0.5121501629834692,0.49644913610635993,1.0,0.7466724541223494,0.1883808525817111],[0.8414259314447998,0.7024491711771244,0.8414259314447998,0.8316485171740918,0.8316485171740918,0.8706605485745448,0.8706605485745448,0.8562390338899496,0.8562390338899496,0.6580448679261531,0.9456397378386371,0.6466663556275156,0.9571052480549315,0.9578200511031689,0.9457548389312175,0.8678997070849046,0.9545139762933056,0.7825728774474265,0.7825728774474265,0.4877427014444019,0.09392044019498486,0.6816388585022557,0.4058405345272422,-0.236265712947624,0.10559475063237951,0.7068678261700044,0.6390180227598041,0.8413742578210905,0.5215389905255026,0.5985523475608483,0.6062801915580119,0.7351875489335145,0.6653325287188457,0.7466724541223494,1.0,0.1980729546067461],[0.20370056480956036,0.2008786065868253,0.20370056480956036,0.21617940019814685,0.21617940019814685,0.4796562773626976,0.4796562773626976,0.8082125231562836,0.8082125231562836,0.17192968232212233,0.7865316450103176,0.6727109951899992,0.8122898559389216,0.7836740759716398,0.7873600722720007,0.7967639631594214,0.8405802713002317,0.8550589825773494,0.8550589825773494,-0.14029979363181344,0.1501765687445629,0.19778344300598216,0.47441343589515766,-0.41350369441680945,0.08792822630447092,0.4231152070996211,0.12749918560197082,0.2329941139873072,0.308227272525164,0.47976251683323173,0.752867450348554,0.554715372286353,0.20743169915244306,0.1883808525817111,0.1980729546067461,1.0]],"x":["^TAIEX       \u81fa\u7063\u52a0\u6b0a\u5831\u916c\u6307\u6578","^TWII        \u81fa\u7063\u52a0\u6b0a\u6307\u6578","^TAIEXx2     \u81fa\u7063\u52a0\u6b0a\u5831\u916c\u6307\u6578_\u65e5\u6b632","^TAI50I      \u81fa\u706350\u5831\u916c\u6307\u6578","^TAI50Ix2    \u81fa\u706350\u5831\u916c\u6307\u6578_\u65e5\u6b632","^TAI100I     \u81fa\u7063\u4e2d\u578b100\u5831\u916c\u6307\u6578","^TAI100Ix2   \u81fa\u7063\u4e2d\u578b100\u5831\u916c\u6307\u6578_\u65e5\u6b632","^TAIDIVIDI   \u81fa\u7063\u9ad8\u80a1\u606f\u5831\u916c\u6307\u6578","^TAIDIVIDIx2 \u81fa\u7063\u9ad8\u80a1\u606f\u5831\u916c\u6307\u6578_\u65e5\u6b632","0050Fund     \u5143\u5927\u53f0\u7063\u5353\u8d8a50\u57fa\u91d1","006208Fund   \u5bcc\u90a6\u53f0\u7063\u91c6\u540950\u57fa\u91d1","0050         \u5143\u5927\u81fa\u706350","00631L       \u5143\u5927\u53f0\u706350\u6b632","00675L       \u5bcc\u90a6\u81fa\u7063\u52a0\u6b0a\u6b632","006208       \u5bcc\u90a6\u53f050","0051         \u5143\u5927\u4e2d\u578b100","006204       \u6c38\u8c50\u81fa\u7063\u52a0\u6b0a","0056         \u5143\u5927\u9ad8\u80a1\u606f","0056         \u5143\u5927\u9ad8\u80a1\u606f_\u80a1\u606f\u4e0d\u6295\u5165","2412         \u4e2d\u83ef\u96fb\u4fe1","2002         \u4e2d\u92fc","2330         \u53f0\u7a4d\u96fb","2317         \u9d3b\u6d77","6505         \u53f0\u5851\u77f3\u5316","3481         \u7fa4\u5275","2303         \u806f\u96fb","2308         \u53f0\u9054\u96fb","2454         \u806f\u767c\u79d1","2886         \u5146\u8c50\u91d1","2884         \u7389\u5c71\u91d1","2891         \u4e2d\u4fe1\u91d1","2892         \u7b2c\u4e00\u91d1","5880         \u5408\u5eab\u91d1","2881         \u5bcc\u90a6\u91d1","2885         \u5143\u5927\u91d1","2887         \u53f0\u65b0\u91d1"],"y":["^TAIEX       \u81fa\u7063\u52a0\u6b0a\u5831\u916c\u6307\u6578","^TWII        \u81fa\u7063\u52a0\u6b0a\u6307\u6578","^TAIEXx2     \u81fa\u7063\u52a0\u6b0a\u5831\u916c\u6307\u6578_\u65e5\u6b632","^TAI50I      \u81fa\u706350\u5831\u916c\u6307\u6578","^TAI50Ix2    \u81fa\u706350\u5831\u916c\u6307\u6578_\u65e5\u6b632","^TAI100I     \u81fa\u7063\u4e2d\u578b100\u5831\u916c\u6307\u6578","^TAI100Ix2   \u81fa\u7063\u4e2d\u578b100\u5831\u916c\u6307\u6578_\u65e5\u6b632","^TAIDIVIDI   \u81fa\u7063\u9ad8\u80a1\u606f\u5831\u916c\u6307\u6578","^TAIDIVIDIx2 \u81fa\u7063\u9ad8\u80a1\u606f\u5831\u916c\u6307\u6578_\u65e5\u6b632","0050Fund     \u5143\u5927\u53f0\u7063\u5353\u8d8a50\u57fa\u91d1","006208Fund   \u5bcc\u90a6\u53f0\u7063\u91c6\u540950\u57fa\u91d1","0050         \u5143\u5927\u81fa\u706350","00631L       \u5143\u5927\u53f0\u706350\u6b632","00675L       \u5bcc\u90a6\u81fa\u7063\u52a0\u6b0a\u6b632","006208       \u5bcc\u90a6\u53f050","0051         \u5143\u5927\u4e2d\u578b100","006204       \u6c38\u8c50\u81fa\u7063\u52a0\u6b0a","0056         \u5143\u5927\u9ad8\u80a1\u606f","0056         \u5143\u5927\u9ad8\u80a1\u606f_\u80a1\u606f\u4e0d\u6295\u5165","2412         \u4e2d\u83ef\u96fb\u4fe1","2002         \u4e2d\u92fc","2330         \u53f0\u7a4d\u96fb","2317         \u9d3b\u6d77","6505         \u53f0\u5851\u77f3\u5316","3481         \u7fa4\u5275","2303         \u806f\u96fb","2308         \u53f0\u9054\u96fb","2454         \u806f\u767c\u79d1","2886         \u5146\u8c50\u91d1","2884         \u7389\u5c71\u91d1","2891         \u4e2d\u4fe1\u91d1","2892         \u7b2c\u4e00\u91d1","5880         \u5408\u5eab\u91d1","2881         \u5bcc\u90a6\u91d1","2885         \u5143\u5927\u91d1","2887         \u53f0\u65b0\u91d1"],"zmin":-1,"zmax":1,"colorbar":{"x":-0.2}}],"layout":{"autotypenumbers":"strict","colorway":["#636efa","#EF553B","#00cc96","#ab63fa","#FFA15A","#19d3f3","#FF6692","#B6E880","#FF97FF","#FECB52"],"font":{"color":"#f2f5fa","family":"Courier New"},"hovermode":"closest","hoverlabel":{"align":"left"},"paper_bgcolor":"rgb(17,17,17)","plot_bgcolor":"rgb(17,17,17)","polar":{"bgcolor":"rgb(17,17,17)","angularaxis":{"gridcolor":"#506784","linecolor":"#506784","ticks":""},"radialaxis":{"gridcolor":"#506784","linecolor":"#506784","ticks":""}},"ternary":{"bgcolor":"rgb(17,17,17)","aaxis":{"gridcolor":"#506784","linecolor":"#506784","ticks":""},"baxis":{"gridcolor":"#506784","linecolor":"#506784","ticks":""},"caxis":{"gridcolor":"#506784","linecolor":"#506784","ticks":""}},"coloraxis":{"colorbar":{"outlinewidth":0,"ticks":""}},"colorscale":{"sequential":[[0.0,"#0d0887"],[0.1111111111111111,"#46039f"],[0.2222222222222222,"#7201a8"],[0.3333333333333333,"#9c179e"],[0.4444444444444444,"#bd3786"],[0.5555555555555556,"#d8576b"],[0.6666666666666666,"#ed7953"],[0.7777777777777778,"#fb9f3a"],[0.8888888888888888,"#fdca26"],[1.0,"#f0f921"]],"sequentialminus":[[0.0,"#0d0887"],[0.1111111111111111,"#46039f"],[0.2222222222222222,"#7201a8"],[0.3333333333333333,"#9c179e"],[0.4444444444444444,"#bd3786"],[0.5555555555555556,"#d8576b"],[0.6666666666666666,"#ed7953"],[0.7777777777777778,"#fb9f3a"],[0.8888888888888888,"#fdca26"],[1.0,"#f0f921"]],"diverging":[[0,"#8e0152"],[0.1,"#c51b7d"],[0.2,"#de77ae"],[0.3,"#f1b6da"],[0.4,"#fde0ef"],[0.5,"#f7f7f7"],[0.6,"#e6f5d0"],[0.7,"#b8e186"],[0.8,"#7fbc41"],[0.9,"#4d9221"],[1,"#276419"]]},"xaxis":{"gridcolor":"rgba(0, 0, 0, 0)","linecolor":"#506784","ticks":"","title":{"standoff":15},"zerolinecolor":"#283442","automargin":true,"zerolinewidth":2,"tickfont":{"family":"Courier New","size":14},"side":"top","tickangle":-90},"yaxis":{"gridcolor":"rgba(0, 0, 0, 0)","linecolor":"#506784","ticks":"","title":{"standoff":15},"zerolinecolor":"#283442","automargin":true,"zerolinewidth":2,"tickfont":{"family":"Courier New"},"side":"right"},"scene":{"xaxis":{"backgroundcolor":"rgb(17,17,17)","gridcolor":"#506784","linecolor":"#506784","showbackground":true,"ticks":"","zerolinecolor":"#C8D4E3","gridwidth":2},"yaxis":{"backgroundcolor":"rgb(17,17,17)","gridcolor":"#506784","linecolor":"#506784","showbackground":true,"ticks":"","zerolinecolor":"#C8D4E3","gridwidth":2},"zaxis":{"backgroundcolor":"rgb(17,17,17)","gridcolor":"#506784","linecolor":"#506784","showbackground":true,"ticks":"","zerolinecolor":"#C8D4E3","gridwidth":2}},"shapedefaults":{"line":{"color":"#f2f5fa"}},"annotationdefaults":{"arrowcolor":"#f2f5fa","arrowhead":0,"arrowwidth":1},"geo":{"bgcolor":"rgb(17,17,17)","landcolor":"rgb(17,17,17)","subunitcolor":"#506784","showland":true,"showlakes":true,"lakecolor":"rgb(17,17,17)"},"title":{"x":0.05,"font":{"family":"Times New Roman"},"y":0.05,"text":"<b>Correlation of Close<b><br><i>2016-09-23 ~ 2026-01-08<i>"},"updatemenudefaults":{"bgcolor":"#506784","borderwidth":0},"sliderdefaults":{"bgcolor":"#C8D4E3","borderwidth":1,"bordercolor":"rgb(17,17,17)","tickwidth":0},"mapbox":{"style":"dark"},"annotations":[{"text":"<b>@zwindr<b>","textangle":0,"opacity":0.5,"font":{"color":"white","size":12},"xref":"paper","yref":"paper","xanchor":"left","yanchor":"bottom","x":1.0,"y":1.0,"showarrow":false}]},"config":{"responsive":true,"toImageButtonOptions":{"filename":"Correlation of Close_2016-09-23~2026-01-08","scale":5}}};Plotly.newPlot("correlationClose",correlationClose.data,correlationClose.layout||{},correlationClose.config);}else{console.log("style display is none => correlationClose");}