var element=document.getElementById("correlationClose");if(element.style.display!='none'){var correlationClose={"data":[{"type":"heatmap","z":[[1.0,0.9999999999999983,1.0,0.9955354701502754,0.9955354701502754,0.9624270149304069,0.9624270149304069,0.8989336535592725,0.8989336535592725,0.8828598355358254,0.9949610458151192,0.9060054040543722,0.9928606283515213,0.9925201154615908,0.9949503149917914,0.9724112841036201,0.9989140605117971,0.9251756608826738,0.7846973951907589,-0.09320774576721688,0.977121216332916,0.08077385114665561,-0.029792626340033698,-0.2526971471800932,0.8218599189902215,0.9451753508424366,0.9077818277924397,0.9285607130283265,0.7739295582793866,0.497958287485113,0.618039426206566,0.6391774107236512,0.9299371057209973,0.8160097703959935,0.16973584743131678],[0.9999999999999983,1.0,0.9999999999999984,0.9954884938046785,0.9954884938046785,0.9618018787094268,0.9618018787094268,0.9001280747797015,0.9001280747797015,0.8834868381124805,0.9949407838815214,0.9069294642476081,0.9925958460740354,0.9919503886685008,0.9949270708524278,0.9716792795290906,0.9989152367142248,0.9256936309812049,0.8047593545523173,0.11519393328094213,0.9683051848325472,-0.09071348198503146,-0.022372820968628616,-0.25297878537427365,0.6476272139890925,0.9453589439100629,0.8805733523951885,0.9230448445820029,0.7864751255868633,0.489404370339351,0.6150059216713607,0.6663486970793664,0.9271177903199941,0.6650167374468507,0.16618850786068026],[1.0,0.9999999999999984,1.0,0.9955354701502754,0.9955354701502754,0.9624270149304069,0.9624270149304069,0.8989336535592725,0.8989336535592725,0.8828598355358254,0.9949610458151192,0.9060054040543722,0.9928606283515213,0.9925201154615908,0.9949503149917914,0.9724112841036201,0.9989140605117971,0.9251756608826738,0.7846973951907589,-0.09320774576721688,0.977121216332916,0.08077385114665561,-0.029792626340033698,-0.2526971471800932,0.8218599189902215,0.9451753508424366,0.9077818277924397,0.9285607130283265,0.7739295582793866,0.497958287485113,0.618039426206566,0.6391774107236512,0.9299371057209973,0.8160097703959935,0.16973584743131678],[0.9955354701502754,0.9954884938046785,0.9955354701502754,1.0,1.0,0.9495064400565784,0.9495064400565784,0.8847390101066002,0.8847390101066002,0.8703484214716539,0.9994792556407871,0.896603926292044,0.9887038496769976,0.9846280115233799,0.9994247423216821,0.9550852718745169,0.9948625761423269,0.9055124072975906,0.7636939410972453,-0.09932901451975075,0.9890245429853883,0.10168027102857392,-0.06217565369231126,-0.25579947838056993,0.8204273066981881,0.940259013283807,0.9128442438533015,0.9176477945077708,0.7849549448254637,0.5252323549801413,0.6125877094272741,0.6129520871745919,0.9230817379837502,0.8059329532894796,0.18172905049188243],[0.9955354701502754,0.9954884938046785,0.9955354701502754,1.0,1.0,0.9495064400565784,0.9495064400565784,0.8847390101066002,0.8847390101066002,0.8703484214716539,0.9994792556407871,0.896603926292044,0.9887038496769976,0.9846280115233799,0.9994247423216821,0.9550852718745169,0.9948625761423269,0.9055124072975906,0.7636939410972453,-0.09932901451975075,0.9890245429853883,0.10168027102857392,-0.06217565369231126,-0.25579947838056993,0.8204273066981881,0.940259013283807,0.9128442438533015,0.9176477945077708,0.7849549448254637,0.5252323549801413,0.6125877094272741,0.6129520871745919,0.9230817379837502,0.8059329532894796,0.18172905049188243],[0.9624270149304069,0.9618018787094268,0.9624270149304069,0.9495064400565784,0.9495064400565784,1.0,1.0,0.9252638406537618,0.9252638406537618,0.8604066195686731,0.9522093491584861,0.8770893871085339,0.9762715691948929,0.974883630038487,0.951916796230303,0.9990097300293784,0.9726107622861938,0.9193147344197545,0.6315289999981596,-0.03793703766637798,0.9341904550932886,0.25879049547155886,-0.23008351579365893,-0.10976659732983517,0.8922870557672091,0.9043229199273475,0.9268595353632408,0.897077990173737,0.7331308665891721,0.7157785195333292,0.7282357276839226,0.7143333423555076,0.8498361785217416,0.8498496454537122,0.45923215110639903],[0.9624270149304069,0.9618018787094268,0.9624270149304069,0.9495064400565784,0.9495064400565784,1.0,1.0,0.9252638406537618,0.9252638406537618,0.8604066195686731,0.9522093491584861,0.8770893871085339,0.9762715691948929,0.974883630038487,0.951916796230303,0.9990097300293784,0.9726107622861938,0.9193147344197545,0.6315289999981596,-0.03793703766637798,0.9341904550932886,0.25879049547155886,-0.23008351579365893,-0.10976659732983517,0.8922870557672091,0.9043229199273475,0.9268595353632408,0.897077990173737,0.7331308665891721,0.7157785195333292,0.7282357276839226,0.7143333423555076,0.8498361785217416,0.8498496454537122,0.45923215110639903],[0.8989336535592725,0.9001280747797015,0.8989336535592725,0.8847390101066002,0.8847390101066002,0.9252638406537618,0.9252638406537618,1.0,1.0,0.8433374501529504,0.9387253655725357,0.8440567497881857,0.9473588218764846,0.942466068949503,0.9384431432629377,0.9261361240700532,0.941308465298053,0.9723615046291115,0.5678711565524186,0.08292150553483081,0.8426974320482729,0.508080330512057,-0.25448970284294914,0.030764854454330574,0.784876512288924,0.7978198821391769,0.8643932210500188,0.8444000649960333,0.7454989720484495,0.8700520315097635,0.7714643969065439,0.7198083126202867,0.7760876590514127,0.8373787313983722,0.798131398380622],[0.8989336535592725,0.9001280747797015,0.8989336535592725,0.8847390101066002,0.8847390101066002,0.9252638406537618,0.9252638406537618,1.0,1.0,0.8433374501529504,0.9387253655725357,0.8440567497881857,0.9473588218764846,0.942466068949503,0.9384431432629377,0.9261361240700532,0.941308465298053,0.9723615046291115,0.5678711565524186,0.08292150553483081,0.8426974320482729,0.508080330512057,-0.25448970284294914,0.030764854454330574,0.784876512288924,0.7978198821391769,0.8643932210500188,0.8444000649960333,0.7454989720484495,0.8700520315097635,0.7714643969065439,0.7198083126202867,0.7760876590514127,0.8373787313983722,0.798131398380622],[0.8828598355358254,0.8834868381124805,0.8828598355358254,0.8703484214716539,0.8703484214716539,0.8604066195686731,0.8604066195686731,0.8433374501529504,0.8433374501529504,1.0,0.8644147032917129,0.9999758073738882,0.8395879154849984,0.7953376077031723,0.8658738944218527,0.8625689717925393,0.878962745813924,0.8736521935771131,0.7411123173713142,0.24009277942879795,0.8563686341523435,0.7123159715660643,-0.28591148927872867,0.3951869468924873,0.8438114591498685,0.7163247593389014,0.8372087154725555,0.8240810078538261,0.715053886347207,0.7060570395410616,0.7894140561603453,0.7780320229272205,0.8016104695335369,0.8450903450659968,0.7622508547073545],[0.9949610458151192,0.9949407838815214,0.9949610458151192,0.9994792556407871,0.9994792556407871,0.9522093491584861,0.9522093491584861,0.9387253655725357,0.9387253655725357,0.8644147032917129,1.0,0.8641818587789898,0.9884009410383809,0.9848110541854642,0.9999159727458796,0.952530545704174,0.9939247573595095,0.9220891476211391,0.8475275175056732,0.13386833202130385,0.9957748970052746,0.8568939466682759,-0.4458298110280526,0.3590171812342173,0.8572984293416944,0.911363018747403,0.9422696233502332,0.9134398678605996,0.809111513094913,0.8963409528675231,0.8732985587805345,0.8102976065052588,0.8979650192951328,0.9428028805050706,0.7754823021084185],[0.9060054040543722,0.9069294642476081,0.9060054040543722,0.896603926292044,0.896603926292044,0.8770893871085339,0.8770893871085339,0.8440567497881857,0.8440567497881857,0.9999758073738882,0.8641818587789898,1.0,0.8396639977174787,0.7952890764356321,0.8659673007229596,0.8791542714531755,0.885704511789256,0.8716373399601611,0.6983106635466897,0.007595138496423198,0.8824374754012495,0.5629527518359062,-0.20877743849726896,-0.23561261689484175,0.8543717978931658,0.7765756067673052,0.8224369190339967,0.8484779238320402,0.7642915997807592,0.7137968568645277,0.7667309502131967,0.708949984288809,0.8411842848249548,0.7427443581788176,0.7250513516444853],[0.9928606283515213,0.9925958460740354,0.9928606283515213,0.9887038496769976,0.9887038496769976,0.9762715691948929,0.9762715691948929,0.9473588218764846,0.9473588218764846,0.8395879154849984,0.9884009410383809,0.8396639977174787,1.0,0.999699521971886,0.9883405096495802,0.9745291199961474,0.990124416873852,0.9179184840902425,0.8170203763391,0.1724502061366904,0.9860219994434666,0.8798715215323655,-0.6248538005865337,0.4361293481485181,0.8379566391378214,0.9215139252369626,0.9584331136286302,0.9081740595637655,0.7353432128749613,0.8962742065486199,0.8538724147453925,0.8013964506868938,0.8798037497966698,0.962817221207677,0.8103596872831887],[0.9925201154615908,0.9919503886685008,0.9925201154615908,0.9846280115233799,0.9846280115233799,0.974883630038487,0.974883630038487,0.942466068949503,0.942466068949503,0.7953376077031723,0.9848110541854642,0.7952890764356321,0.999699521971886,1.0,0.9849143243254516,0.9721006969849337,0.9885030204330593,0.9048074304793307,0.8357365183772217,0.05068520854881244,0.9804638198708256,0.8886207983974583,-0.8284603080039343,0.48173298686285626,0.7936623342516322,0.9262966887855628,0.95608225042216,0.894885702269052,0.6546697310158306,0.9064344436845263,0.841401763175888,0.7516022492308975,0.9115418425435373,0.9649962777997976,0.777963491577275],[0.9949503149917914,0.9949270708524278,0.9949503149917914,0.9994247423216821,0.9994247423216821,0.951916796230303,0.951916796230303,0.9384431432629377,0.9384431432629377,0.8658738944218527,0.9999159727458796,0.8659673007229596,0.9883405096495802,0.9849143243254516,1.0,0.9523527454021915,0.9939318330623615,0.9225043746226744,0.848458057320577,0.13440319995955682,0.9956410855118193,0.8560545674922265,-0.44224965101236,0.35824233601904953,0.8575098639230869,0.9095267606079,0.9412335610858865,0.9138890046335151,0.8102870532941179,0.8955782500333429,0.8743804387415323,0.8114815047319669,0.8976898636603544,0.9426035184890494,0.7756768251118491],[0.9724112841036201,0.9716792795290906,0.9724112841036201,0.9550852718745169,0.9550852718745169,0.9990097300293784,0.9990097300293784,0.9261361240700532,0.9261361240700532,0.8625689717925393,0.952530545704174,0.8791542714531755,0.9745291199961474,0.9721006969849337,0.9523527454021915,1.0,0.9741343679071242,0.919000168036507,0.6801030179808992,-0.018918527816358506,0.9445117721523283,0.5885917474533952,-0.362646185928619,-0.16249350478302774,0.9049270246503198,0.9130010631748301,0.9222609285138077,0.9050969183441377,0.7725632785546775,0.8380158385781177,0.7775465333167414,0.7717269993537272,0.8732044664657239,0.8468321429275277,0.7856768127744682],[0.9989140605117971,0.9989152367142248,0.9989140605117971,0.9948625761423269,0.9948625761423269,0.9726107622861938,0.9726107622861938,0.941308465298053,0.941308465298053,0.878962745813924,0.9939247573595095,0.885704511789256,0.990124416873852,0.9885030204330593,0.9939318330623615,0.9741343679071242,1.0,0.9398376095934099,0.853352446303579,0.1359396918368109,0.987053450144716,0.8261429978171976,-0.42501126004477463,0.37258007106809865,0.8928060564752578,0.9221213476803347,0.9462991461053014,0.9378447203458968,0.8285690938516342,0.8840894033432765,0.8998967646032244,0.8419065081771487,0.9096882858345922,0.947883814399988,0.8325286826706615],[0.9251756608826738,0.9256936309812049,0.9251756608826738,0.9055124072975906,0.9055124072975906,0.9193147344197545,0.9193147344197545,0.9723615046291115,0.9723615046291115,0.8736521935771131,0.9220891476211391,0.8716373399601611,0.9179184840902425,0.9048074304793307,0.9225043746226744,0.919000168036507,0.9398376095934099,1.0,0.7314684879094314,0.00628807415701177,0.8687430971134876,0.5168954148408116,-0.14649466089407204,-0.2030408779689417,0.8235274652450241,0.8192632582959083,0.8300441990880317,0.9129218979637014,0.8316341930832082,0.7959732931278756,0.7454770469265993,0.7027202391746561,0.8383860216432938,0.7670414756063231,0.8466464078409237],[0.7846973951907589,0.8047593545523173,0.7846973951907589,0.7636939410972453,0.7636939410972453,0.6315289999981596,0.6315289999981596,0.5678711565524186,0.5678711565524186,0.7411123173713142,0.8475275175056732,0.6983106635466897,0.8170203763391,0.8357365183772217,0.848458057320577,0.6801030179808992,0.853352446303579,0.7314684879094314,1.0,0.0539927048772207,0.7263003692845219,-0.42203537741057884,0.36588708948526805,-0.6604920790381787,0.3380756229177318,0.7894311171525853,0.49116691900060866,0.8315891935954396,0.6849083876039834,0.060128907999429757,0.2863893685397587,0.5600023764722409,0.7783407857905758,0.4579082329789623,-0.16763384042652446],[-0.09320774576721688,0.11519393328094213,-0.09320774576721688,-0.09932901451975075,-0.09932901451975075,-0.03793703766637798,-0.03793703766637798,0.08292150553483081,0.08292150553483081,0.24009277942879795,0.13386833202130385,0.007595138496423198,0.1724502061366904,0.05068520854881244,0.13440319995955682,-0.018918527816358506,0.1359396918368109,0.00628807415701177,0.0539927048772207,1.0,-0.05800507856443262,0.13101342795543186,0.12806090967915656,0.7519161207278443,-0.0801405738647851,0.024068919581474005,0.022172663460653937,0.18938385985715556,0.027474839219247617,0.10192404592710011,0.3742959789608469,0.5840474996386704,-0.08985242770855409,0.13622443133085405,0.17138486304340314],[0.977121216332916,0.9683051848325472,0.977121216332916,0.9890245429853883,0.9890245429853883,0.9341904550932886,0.9341904550932886,0.8426974320482729,0.8426974320482729,0.8563686341523435,0.9957748970052746,0.8824374754012495,0.9860219994434666,0.9804638198708256,0.9956410855118193,0.9445117721523283,0.987053450144716,0.8687430971134876,0.7263003692845219,-0.05800507856443262,1.0,0.01073695303054647,-0.12509565955273194,-0.31346145162949923,0.6825680509472022,0.9255853904071882,0.896990508268843,0.8606422425261052,0.7540887666507274,0.5230901051115456,0.5768579243544807,0.540881484622151,0.9017507209495547,0.6428127249081907,0.16047616954180433],[0.08077385114665561,-0.09071348198503146,0.08077385114665561,0.10168027102857392,0.10168027102857392,0.25879049547155886,0.25879049547155886,0.508080330512057,0.508080330512057,0.7123159715660643,0.8568939466682759,0.5629527518359062,0.8798715215323655,0.8886207983974583,0.8560545674922265,0.5885917474533952,0.8261429978171976,0.5168954148408116,-0.42203537741057884,0.13101342795543186,0.01073695303054647,1.0,-0.4320304471369662,0.7653155817290984,0.3643679393094501,-0.027055062091665485,0.2648528215331394,-0.14651990121812436,0.032215603588612834,0.5652181338972014,0.453250846208269,0.18405911602986572,-0.0661572892507983,0.3615369255403421,0.46311604650831806],[-0.029792626340033698,-0.022372820968628616,-0.029792626340033698,-0.06217565369231126,-0.06217565369231126,-0.23008351579365893,-0.23008351579365893,-0.25448970284294914,-0.25448970284294914,-0.28591148927872867,-0.4458298110280526,-0.20877743849726896,-0.6248538005865337,-0.8284603080039343,-0.44224965101236,-0.362646185928619,-0.42501126004477463,-0.14649466089407204,0.36588708948526805,0.12806090967915656,-0.12509565955273194,-0.4320304471369662,1.0,-0.0416331531799236,-0.1380897040822441,-0.08415622538802302,-0.2614989072305154,0.002120754504637825,-0.03459446442592201,-0.5446464722104949,-0.16795149392962017,-0.0036060735667700805,0.010419586726664728,-0.17231379158697835,-0.40032200484736835],[-0.2526971471800932,-0.25297878537427365,-0.2526971471800932,-0.25579947838056993,-0.25579947838056993,-0.10976659732983517,-0.10976659732983517,0.030764854454330574,0.030764854454330574,0.3951869468924873,0.3590171812342173,-0.23561261689484175,0.4361293481485181,0.48173298686285626,0.35824233601904953,-0.16249350478302774,0.37258007106809865,-0.2030408779689417,-0.6604920790381787,0.7519161207278443,-0.31346145162949923,0.7653155817290984,-0.0416331531799236,1.0,-0.10066758713908507,-0.2929368916960721,-0.05509663132882611,-0.3504816787693902,-0.32756131348897083,0.09647049262040812,0.17511760007531468,0.2702913952733447,-0.38237881638103355,0.13423803324157163,0.10245966592384832],[0.8218599189902215,0.6476272139890925,0.8218599189902215,0.8204273066981881,0.8204273066981881,0.8922870557672091,0.8922870557672091,0.784876512288924,0.784876512288924,0.8438114591498685,0.8572984293416944,0.8543717978931658,0.8379566391378214,0.7936623342516322,0.8575098639230869,0.9049270246503198,0.8928060564752578,0.8235274652450241,0.3380756229177318,-0.0801405738647851,0.6825680509472022,0.3643679393094501,-0.1380897040822441,-0.10066758713908507,1.0,0.6015965381972334,0.8408395148024079,0.4832157812567554,0.6174948787464903,0.5331049645720801,0.6481360216717347,0.4181783480852313,0.6980157441581867,0.6991985670532257,0.4105442767162819],[0.9451753508424366,0.9453589439100629,0.9451753508424366,0.940259013283807,0.940259013283807,0.9043229199273475,0.9043229199273475,0.7978198821391769,0.7978198821391769,0.7163247593389014,0.911363018747403,0.7765756067673052,0.9215139252369626,0.9262966887855628,0.9095267606079,0.9130010631748301,0.9221213476803347,0.8192632582959083,0.7894311171525853,0.024068919581474005,0.9255853904071882,-0.027055062091665485,-0.08415622538802302,-0.2929368916960721,0.6015965381972334,1.0,0.8327934939324626,0.8509292681258168,0.7104538140848377,0.38794993562925284,0.4992150452271984,0.5895557625333349,0.8944370992292253,0.6255380915555996,0.062409070817839495],[0.9077818277924397,0.8805733523951885,0.9077818277924397,0.9128442438533015,0.9128442438533015,0.9268595353632408,0.9268595353632408,0.8643932210500188,0.8643932210500188,0.8372087154725555,0.9422696233502332,0.8224369190339967,0.9584331136286302,0.95608225042216,0.9412335610858865,0.9222609285138077,0.9462991461053014,0.8300441990880317,0.49116691900060866,0.022172663460653937,0.896990508268843,0.2648528215331394,-0.2614989072305154,-0.05509663132882611,0.8408395148024079,0.8327934939324626,1.0,0.7392698753407837,0.591671911813001,0.5589959829049659,0.5824302956224618,0.5302340449870984,0.8054735286148085,0.8209736436231365,0.20659375487947534],[0.9285607130283265,0.9230448445820029,0.9285607130283265,0.9176477945077708,0.9176477945077708,0.897077990173737,0.897077990173737,0.8444000649960333,0.8444000649960333,0.8240810078538261,0.9134398678605996,0.8484779238320402,0.9081740595637655,0.894885702269052,0.9138890046335151,0.9050969183441377,0.9378447203458968,0.9129218979637014,0.8315891935954396,0.18938385985715556,0.8606422425261052,-0.14651990121812436,0.002120754504637825,-0.3504816787693902,0.4832157812567554,0.8509292681258168,0.7392698753407837,1.0,0.9028426430775487,0.5150864558916545,0.6747532805256097,0.6644944678150497,0.8731542646556468,0.4828571039280029,0.2895996830759475],[0.7739295582793866,0.7864751255868633,0.7739295582793866,0.7849549448254637,0.7849549448254637,0.7331308665891721,0.7331308665891721,0.7454989720484495,0.7454989720484495,0.715053886347207,0.809111513094913,0.7642915997807592,0.7353432128749613,0.6546697310158306,0.8102870532941179,0.7725632785546775,0.8285690938516342,0.8316341930832082,0.6849083876039834,0.027474839219247617,0.7540887666507274,0.032215603588612834,-0.03459446442592201,-0.32756131348897083,0.6174948787464903,0.7104538140848377,0.591671911813001,0.9028426430775487,1.0,0.5574323741288798,0.6572566682859329,0.6056175874728011,0.7200028654751195,0.5653406995163843,0.4687058328262208],[0.497958287485113,0.489404370339351,0.497958287485113,0.5252323549801413,0.5252323549801413,0.7157785195333292,0.7157785195333292,0.8700520315097635,0.8700520315097635,0.7060570395410616,0.8963409528675231,0.7137968568645277,0.8962742065486199,0.9064344436845263,0.8955782500333429,0.8380158385781177,0.8840894033432765,0.7959732931278756,0.060128907999429757,0.10192404592710011,0.5230901051115456,0.5652181338972014,-0.5446464722104949,0.09647049262040812,0.5331049645720801,0.38794993562925284,0.5589959829049659,0.5150864558916545,0.5574323741288798,1.0,0.7355949244927111,0.37288405313187456,0.4529541724464369,0.5421962159952293,0.7749313842138533],[0.618039426206566,0.6150059216713607,0.618039426206566,0.6125877094272741,0.6125877094272741,0.7282357276839226,0.7282357276839226,0.7714643969065439,0.7714643969065439,0.7894140561603453,0.8732985587805345,0.7667309502131967,0.8538724147453925,0.841401763175888,0.8743804387415323,0.7775465333167414,0.8998967646032244,0.7454770469265993,0.2863893685397587,0.3742959789608469,0.5768579243544807,0.453250846208269,-0.16795149392962017,0.17511760007531468,0.6481360216717347,0.4992150452271984,0.5824302956224618,0.6747532805256097,0.6572566682859329,0.7355949244927111,1.0,0.7780615741270328,0.47392003730936333,0.7181749350816039,0.5463810443606724],[0.6391774107236512,0.6663486970793664,0.6391774107236512,0.6129520871745919,0.6129520871745919,0.7143333423555076,0.7143333423555076,0.7198083126202867,0.7198083126202867,0.7780320229272205,0.8102976065052588,0.708949984288809,0.8013964506868938,0.7516022492308975,0.8114815047319669,0.7717269993537272,0.8419065081771487,0.7027202391746561,0.5600023764722409,0.5840474996386704,0.540881484622151,0.18405911602986572,-0.0036060735667700805,0.2702913952733447,0.4181783480852313,0.5895557625333349,0.5302340449870984,0.6644944678150497,0.6056175874728011,0.37288405313187456,0.7780615741270328,1.0,0.48673163356609916,0.6650262541990678,0.19575507031171963],[0.9299371057209973,0.9271177903199941,0.9299371057209973,0.9230817379837502,0.9230817379837502,0.8498361785217416,0.8498361785217416,0.7760876590514127,0.7760876590514127,0.8016104695335369,0.8979650192951328,0.8411842848249548,0.8798037497966698,0.9115418425435373,0.8976898636603544,0.8732044664657239,0.9096882858345922,0.8383860216432938,0.7783407857905758,-0.08985242770855409,0.9017507209495547,-0.0661572892507983,0.010419586726664728,-0.38237881638103355,0.6980157441581867,0.8944370992292253,0.8054735286148085,0.8731542646556468,0.7200028654751195,0.4529541724464369,0.47392003730936333,0.48673163356609916,1.0,0.7134442128320412,0.1585345647751473],[0.8160097703959935,0.6650167374468507,0.8160097703959935,0.8059329532894796,0.8059329532894796,0.8498496454537122,0.8498496454537122,0.8373787313983722,0.8373787313983722,0.8450903450659968,0.9428028805050706,0.7427443581788176,0.962817221207677,0.9649962777997976,0.9426035184890494,0.8468321429275277,0.947883814399988,0.7670414756063231,0.4579082329789623,0.13622443133085405,0.6428127249081907,0.3615369255403421,-0.17231379158697835,0.13423803324157163,0.6991985670532257,0.6255380915555996,0.8209736436231365,0.4828571039280029,0.5653406995163843,0.5421962159952293,0.7181749350816039,0.6650262541990678,0.7134442128320412,1.0,0.1674372453227153],[0.16973584743131678,0.16618850786068026,0.16973584743131678,0.18172905049188243,0.18172905049188243,0.45923215110639903,0.45923215110639903,0.798131398380622,0.798131398380622,0.7622508547073545,0.7754823021084185,0.7250513516444853,0.8103596872831887,0.777963491577275,0.7756768251118491,0.7856768127744682,0.8325286826706615,0.8466464078409237,-0.16763384042652446,0.17138486304340314,0.16047616954180433,0.46311604650831806,-0.40032200484736835,0.10245966592384832,0.4105442767162819,0.062409070817839495,0.20659375487947534,0.2895996830759475,0.4687058328262208,0.7749313842138533,0.5463810443606724,0.19575507031171963,0.1585345647751473,0.1674372453227153,1.0]],"x":["^TAIEX       \u81fa\u7063\u52a0\u6b0a\u5831\u916c\u6307\u6578","^TWII        \u81fa\u7063\u52a0\u6b0a\u6307\u6578","^TAIEXx2     \u81fa\u7063\u52a0\u6b0a\u5831\u916c\u6307\u6578_\u65e5\u6b632","^TAI50I      \u81fa\u706350\u5831\u916c\u6307\u6578","^TAI50Ix2    \u81fa\u706350\u5831\u916c\u6307\u6578_\u65e5\u6b632","^TAI100I     \u81fa\u7063\u4e2d\u578b100\u5831\u916c\u6307\u6578","^TAI100Ix2   \u81fa\u7063\u4e2d\u578b100\u5831\u916c\u6307\u6578_\u65e5\u6b632","^TAIDIVIDI   \u81fa\u7063\u9ad8\u80a1\u606f\u5831\u916c\u6307\u6578","^TAIDIVIDIx2 \u81fa\u7063\u9ad8\u80a1\u606f\u5831\u916c\u6307\u6578_\u65e5\u6b632","0050Fund     \u5143\u5927\u53f0\u7063\u5353\u8d8a50\u57fa\u91d1","006208Fund   \u5bcc\u90a6\u53f0\u7063\u91c6\u540950\u57fa\u91d1","0050         \u5143\u5927\u81fa\u706350","00631L       \u5143\u5927\u53f0\u706350\u6b632","00675L       \u5bcc\u90a6\u81fa\u7063\u52a0\u6b0a\u6b632","006208       \u5bcc\u90a6\u53f050","0051         \u5143\u5927\u4e2d\u578b100","006204       \u6c38\u8c50\u81fa\u7063\u52a0\u6b0a","0056         \u5143\u5927\u9ad8\u80a1\u606f","2412         \u4e2d\u83ef\u96fb\u4fe1","2002         \u4e2d\u92fc","2330         \u53f0\u7a4d\u96fb","2317         \u9d3b\u6d77","6505         \u53f0\u5851\u77f3\u5316","3481         \u7fa4\u5275","2303         \u806f\u96fb","2308         \u53f0\u9054\u96fb","2454         \u806f\u767c\u79d1","2886         \u5146\u8c50\u91d1","2884         \u7389\u5c71\u91d1","2891         \u4e2d\u4fe1\u91d1","2892         \u7b2c\u4e00\u91d1","5880         \u5408\u5eab\u91d1","2881         \u5bcc\u90a6\u91d1","2885         \u5143\u5927\u91d1","2887         \u53f0\u65b0\u91d1"],"y":["^TAIEX       \u81fa\u7063\u52a0\u6b0a\u5831\u916c\u6307\u6578","^TWII        \u81fa\u7063\u52a0\u6b0a\u6307\u6578","^TAIEXx2     \u81fa\u7063\u52a0\u6b0a\u5831\u916c\u6307\u6578_\u65e5\u6b632","^TAI50I      \u81fa\u706350\u5831\u916c\u6307\u6578","^TAI50Ix2    \u81fa\u706350\u5831\u916c\u6307\u6578_\u65e5\u6b632","^TAI100I     \u81fa\u7063\u4e2d\u578b100\u5831\u916c\u6307\u6578","^TAI100Ix2   \u81fa\u7063\u4e2d\u578b100\u5831\u916c\u6307\u6578_\u65e5\u6b632","^TAIDIVIDI   \u81fa\u7063\u9ad8\u80a1\u606f\u5831\u916c\u6307\u6578","^TAIDIVIDIx2 \u81fa\u7063\u9ad8\u80a1\u606f\u5831\u916c\u6307\u6578_\u65e5\u6b632","0050Fund     \u5143\u5927\u53f0\u7063\u5353\u8d8a50\u57fa\u91d1","006208Fund   \u5bcc\u90a6\u53f0\u7063\u91c6\u540950\u57fa\u91d1","0050         \u5143\u5927\u81fa\u706350","00631L       \u5143\u5927\u53f0\u706350\u6b632","00675L       \u5bcc\u90a6\u81fa\u7063\u52a0\u6b0a\u6b632","006208       \u5bcc\u90a6\u53f050","0051         \u5143\u5927\u4e2d\u578b100","006204       \u6c38\u8c50\u81fa\u7063\u52a0\u6b0a","0056         \u5143\u5927\u9ad8\u80a1\u606f","2412         \u4e2d\u83ef\u96fb\u4fe1","2002         \u4e2d\u92fc","2330         \u53f0\u7a4d\u96fb","2317         \u9d3b\u6d77","6505         \u53f0\u5851\u77f3\u5316","3481         \u7fa4\u5275","2303         \u806f\u96fb","2308         \u53f0\u9054\u96fb","2454         \u806f\u767c\u79d1","2886         \u5146\u8c50\u91d1","2884         \u7389\u5c71\u91d1","2891         \u4e2d\u4fe1\u91d1","2892         \u7b2c\u4e00\u91d1","5880         \u5408\u5eab\u91d1","2881         \u5bcc\u90a6\u91d1","2885         \u5143\u5927\u91d1","2887         \u53f0\u65b0\u91d1"],"zmin":-1,"zmax":1,"colorbar":{"x":-0.2}}],"layout":{"autotypenumbers":"strict","colorway":["#636efa","#EF553B","#00cc96","#ab63fa","#FFA15A","#19d3f3","#FF6692","#B6E880","#FF97FF","#FECB52"],"font":{"color":"#f2f5fa","family":"Courier New"},"hovermode":"closest","hoverlabel":{"align":"left"},"paper_bgcolor":"rgb(17,17,17)","plot_bgcolor":"rgb(17,17,17)","polar":{"bgcolor":"rgb(17,17,17)","angularaxis":{"gridcolor":"#506784","linecolor":"#506784","ticks":""},"radialaxis":{"gridcolor":"#506784","linecolor":"#506784","ticks":""}},"ternary":{"bgcolor":"rgb(17,17,17)","aaxis":{"gridcolor":"#506784","linecolor":"#506784","ticks":""},"baxis":{"gridcolor":"#506784","linecolor":"#506784","ticks":""},"caxis":{"gridcolor":"#506784","linecolor":"#506784","ticks":""}},"coloraxis":{"colorbar":{"outlinewidth":0,"ticks":""}},"colorscale":{"sequential":[[0.0,"#0d0887"],[0.1111111111111111,"#46039f"],[0.2222222222222222,"#7201a8"],[0.3333333333333333,"#9c179e"],[0.4444444444444444,"#bd3786"],[0.5555555555555556,"#d8576b"],[0.6666666666666666,"#ed7953"],[0.7777777777777778,"#fb9f3a"],[0.8888888888888888,"#fdca26"],[1.0,"#f0f921"]],"sequentialminus":[[0.0,"#0d0887"],[0.1111111111111111,"#46039f"],[0.2222222222222222,"#7201a8"],[0.3333333333333333,"#9c179e"],[0.4444444444444444,"#bd3786"],[0.5555555555555556,"#d8576b"],[0.6666666666666666,"#ed7953"],[0.7777777777777778,"#fb9f3a"],[0.8888888888888888,"#fdca26"],[1.0,"#f0f921"]],"diverging":[[0,"#8e0152"],[0.1,"#c51b7d"],[0.2,"#de77ae"],[0.3,"#f1b6da"],[0.4,"#fde0ef"],[0.5,"#f7f7f7"],[0.6,"#e6f5d0"],[0.7,"#b8e186"],[0.8,"#7fbc41"],[0.9,"#4d9221"],[1,"#276419"]]},"xaxis":{"gridcolor":"rgba(0, 0, 0, 0)","linecolor":"#506784","ticks":"","title":{"standoff":15},"zerolinecolor":"#283442","automargin":true,"zerolinewidth":2,"tickfont":{"family":"Courier New","size":14},"side":"top","tickangle":-90},"yaxis":{"gridcolor":"rgba(0, 0, 0, 0)","linecolor":"#506784","ticks":"","title":{"standoff":15},"zerolinecolor":"#283442","automargin":true,"zerolinewidth":2,"tickfont":{"family":"Courier New"},"side":"right"},"scene":{"xaxis":{"backgroundcolor":"rgb(17,17,17)","gridcolor":"#506784","linecolor":"#506784","showbackground":true,"ticks":"","zerolinecolor":"#C8D4E3","gridwidth":2},"yaxis":{"backgroundcolor":"rgb(17,17,17)","gridcolor":"#506784","linecolor":"#506784","showbackground":true,"ticks":"","zerolinecolor":"#C8D4E3","gridwidth":2},"zaxis":{"backgroundcolor":"rgb(17,17,17)","gridcolor":"#506784","linecolor":"#506784","showbackground":true,"ticks":"","zerolinecolor":"#C8D4E3","gridwidth":2}},"shapedefaults":{"line":{"color":"#f2f5fa"}},"annotationdefaults":{"arrowcolor":"#f2f5fa","arrowhead":0,"arrowwidth":1},"geo":{"bgcolor":"rgb(17,17,17)","landcolor":"rgb(17,17,17)","subunitcolor":"#506784","showland":true,"showlakes":true,"lakecolor":"rgb(17,17,17)"},"title":{"x":0.05,"font":{"family":"Times New Roman"},"y":0.05,"text":"<b>Correlation of Close<b><br><i>2016-09-23 ~ 2025-09-02<i>"},"updatemenudefaults":{"bgcolor":"#506784","borderwidth":0},"sliderdefaults":{"bgcolor":"#C8D4E3","borderwidth":1,"bordercolor":"rgb(17,17,17)","tickwidth":0},"mapbox":{"style":"dark"},"annotations":[{"text":"<b>@zwindr<b>","textangle":0,"opacity":0.5,"font":{"color":"white","size":12},"xref":"paper","yref":"paper","xanchor":"left","yanchor":"bottom","x":1.0,"y":1.0,"showarrow":false}]},"config":{"responsive":true,"toImageButtonOptions":{"filename":"Correlation of Close_2016-09-23~2025-09-02","scale":5}}};Plotly.newPlot("correlationClose",correlationClose.data,correlationClose.layout||{},correlationClose.config);}else{console.log("style display is none => correlationClose");}