var correlationAdjClose = {"data": [{"type": "heatmap", "z": [[1.0, 0.9939522021115054, 0.9768200453477477, 0.9976569629496909, 0.9647944541663847, 0.9813550797095493, -0.9426156412285221, 0.9899541279945931, 0.9698916176709387, 0.9972322354997539, 0.9972234865325815, 0.9977064699409087, 0.993153562738947, 0.9938650044050374, 0.9972199072520174, 0.9838794758508914, 0.9996643630282522, 0.9899811577740896, 0.9199206784115445, 0.7423630490477912, 0.9853782943666699, 0.9204032911129085, 0.4469997293036572, -0.30340939164363573, 0.9012103040129127, 0.9742783856640432, 0.9542167663639594, 0.9799762450321557, 0.9635286395029944, 0.9756926669920032, 0.971867982076035, 0.9453852763315878, 0.9795713106784573, 0.9699867295402027, 0.9550607244968201], [0.9939522021115054, 1.0, 0.9721777060542517, 0.9912953597044665, 0.9603070019020493, 0.9767110157659008, -0.9378134229316831, 0.9807405848560323, 0.9628635626076089, 0.9953687779642816, 0.9952179740383832, 0.9944017329457372, 0.9922426695442845, 0.9914748120672205, 0.9951430362203364, 0.9777473800487354, 0.9966276424193883, 0.9835043337042682, 0.9088483217269159, 0.7535278072455283, 0.9668813605965293, 0.8995900579069316, 0.446448782718523, -0.22725223235290215, 0.8749021082338158, 0.9619006761924705, 0.9537859472465923, 0.9576399479442617, 0.9493361628222856, 0.9653849676153134, 0.9558267961183119, 0.943117443841912, 0.9682897279555001, 0.9611958827243487, 0.9485206127675219], [0.9768200453477477, 0.9721777060542517, 1.0, 0.9828869147071307, 0.9960490691935419, 0.9790175527294336, -0.975679270489904, 0.9701384142783332, 0.9838957755936867, 0.9885723655701484, 0.9892962143600434, 0.9857011763531592, 0.9970853677683023, 0.9969130600313727, 0.9890260431423264, 0.9777326548843995, 0.9877159517245293, 0.9700313981139594, 0.8268421666655287, 0.6322731970373626, 0.990086072774323, 0.9108732048130868, 0.2818476586627075, -0.22612097692789077, 0.9073608359165786, 0.943361454991265, 0.979244203197612, 0.9295263777272519, 0.9106742383345166, 0.9634544663920596, 0.9196169956538003, 0.9067825261601614, 0.9662313478373888, 0.9737345787287839, 0.9251481676712151], [0.9976569629496909, 0.9912953597044665, 0.9828869147071307, 1.0, 0.9763622986779008, 0.9735958828826237, -0.9374090777905772, 0.9843350396602705, 0.9673437915701436, 0.9999707262536245, 0.9999891984344513, 0.999956644215656, 0.9913967295219845, 0.9894501992787614, 0.9999429612009767, 0.9735153732423466, 0.9960580935168187, 0.9842054265250758, 0.9061525642764592, 0.7125521959277538, 0.9932738532898993, 0.9217174226173012, 0.4232131250864292, -0.2948850921011539, 0.8995318755379518, 0.9690994979095008, 0.9605092404488237, 0.9709368955122957, 0.9607131341509766, 0.9775074237787461, 0.9621779464157467, 0.9344200880642604, 0.9775670635538481, 0.9686096120086858, 0.9470527853697418], [0.9647944541663847, 0.9603070019020493, 0.9960490691935419, 0.9763622986779008, 1.0, 0.9587882557093784, -0.957254428855886, 0.9552371871052449, 0.9717110603848935, 0.9848762116929023, 0.9856381039094629, 0.9816318613465905, 0.9866675426061519, 0.9830159599446467, 0.9852945378202872, 0.9565219894019678, 0.976009125042117, 0.9550908181088502, 0.8066131264699306, 0.5970728837850965, 0.9894362511038649, 0.9068636510127072, 0.25793142259119556, -0.21934734648904003, 0.889185003557318, 0.9294216541134523, 0.9770923845186081, 0.9094416494621503, 0.8971120392994685, 0.9571701677975462, 0.8982726385959323, 0.8809428027949757, 0.9561810836198436, 0.9622936310577687, 0.9022938348404305], [0.9813550797095493, 0.9767110157659008, 0.9790175527294336, 0.9735958828826237, 0.9587882557093784, 1.0, -0.9806782472046989, 0.9804201630056975, 0.9797112182997666, 0.9687540377012657, 0.9691159108418366, 0.9716338612247782, 0.9770185837031965, 0.9749994809147987, 0.9688766883172013, 0.9999075384289132, 0.9860116282136233, 0.9814924652973145, 0.8607716102295989, 0.7088717344635025, 0.9672183205413433, 0.8908532135913797, 0.3125272972008239, -0.214738014202008, 0.9366535597514162, 0.9566390232365634, 0.9592893318332716, 0.9570037159307835, 0.9267867137074768, 0.9521292098743988, 0.9510952691428355, 0.9545658761340415, 0.9563030571774284, 0.9761768007237486, 0.9555433009247118], [-0.9426156412285221, -0.9378134229316831, -0.975679270489904, -0.9374090777905772, -0.957254428855886, -0.9806782472046989, 1.0, -0.9514246817364094, -0.9833008415485956, -0.9478306291994851, -0.9490675397398854, -0.9440909287935291, -0.9739588007469927, -0.9757152352386312, -0.9486081814531343, -0.9838343835283657, -0.9642458639372142, -0.9543863978157847, -0.7730703907685665, -0.6069357509395628, -0.9426468683223349, -0.8810816856655932, -0.16994418823691237, 0.14890331004691373, -0.9048570183993204, -0.913591705868543, -0.9569492039321361, -0.8980607598785156, -0.856698393496409, -0.9242309743540121, -0.8894962366090418, -0.9086836506042661, -0.9247141289462302, -0.9632209572219529, -0.9096583080362709], [0.9899541279945931, 0.9807405848560323, 0.9701384142783332, 0.9843350396602705, 0.9552371871052449, 0.9804201630056975, -0.9514246817364094, 1.0, 0.9823355228024185, 0.9800533728351043, 0.9800097314547767, 0.9832284671341418, 0.9758038706092234, 0.974764255022664, 0.9799841382711537, 0.9823448567798941, 0.987548681341992, 0.9998700605499212, 0.9227822693046926, 0.6768818992794251, 0.973913450827074, 0.8944385278268842, 0.30533855093083623, -0.3113715408309249, 0.9054809544109138, 0.9555439023983946, 0.9371835275980456, 0.9774215549651251, 0.9519500708121161, 0.9690423489800909, 0.9622690547260804, 0.9351855062729145, 0.9587544654157112, 0.9569720008466368, 0.9656653161583758], [0.9698916176709387, 0.9628635626076089, 0.9838957755936867, 0.9673437915701436, 0.9717110603848935, 0.9797112182997666, -0.9833008415485956, 0.9823355228024185, 1.0, 0.9629283361870631, 0.9636080993704457, 0.9653571372727312, 0.9727762621868141, 0.969841847972074, 0.9632775636871829, 0.9788151887589384, 0.9699188290128408, 0.9816354430015132, 0.8490426786220568, 0.6016389535541415, 0.9673637915622492, 0.9053736509971642, 0.1624243117991482, -0.22990891556182969, 0.8869154092404222, 0.9326274575586878, 0.9596866672082456, 0.9324825995717694, 0.893832425179671, 0.9562703729628634, 0.9153209032054409, 0.9023357821388664, 0.9445541092861094, 0.9689185359489314, 0.9233618448034243], [0.9972322354997539, 0.9953687779642816, 0.9885723655701484, 0.9999707262536245, 0.9848762116929023, 0.9687540377012657, -0.9478306291994851, 0.9800533728351043, 0.9629283361870631, 1.0, 0.999987377770128, 0.9999822818769815, 0.9912271313800269, 0.9892451247751333, 0.9999475433089978, 0.9693362089194154, 0.995641084426005, 0.98109376560725, 0.9302818955994017, 0.6384143376527502, 0.9966666731067743, 0.8989421003630588, -0.008321394270933336, 0.4396262461646091, 0.9176172340063269, 0.953290069141798, 0.9657714887510221, 0.961627223704255, 0.9422095630437488, 0.9652019010781845, 0.9413743799841962, 0.9206304834609788, 0.9646311616078055, 0.9799972972912862, 0.9447988442802575], [0.9972234865325815, 0.9952179740383832, 0.9892962143600434, 0.9999891984344513, 0.9856381039094629, 0.9691159108418366, -0.9490675397398854, 0.9800097314547767, 0.9636080993704457, 0.999987377770128, 1.0, 0.999971261530849, 0.9914185172104435, 0.9894313672949393, 0.9999523974248851, 0.9696739146158483, 0.995694172708546, 0.9810210399144401, 0.9294275134790504, 0.6347656610819039, 0.9969608316624772, 0.8981602538855813, -0.023232940228853284, 0.43523495875412777, 0.9169344960262077, 0.9531323802632345, 0.9666752101467831, 0.96111257667708, 0.9408790663559107, 0.9653008263856413, 0.9403205421526362, 0.9193505396973439, 0.9648191964950765, 0.9805381154023597, 0.9441170626798271], [0.9977064699409087, 0.9944017329457372, 0.9857011763531592, 0.999956644215656, 0.9816318613465905, 0.9716338612247782, -0.9440909287935291, 0.9832284671341418, 0.9653571372727312, 0.9999822818769815, 0.999971261530849, 1.0, 0.9911823823775049, 0.9891589588417584, 0.999961250228053, 0.9720982365156913, 0.9958271133683886, 0.9838255999430163, 0.9215911206554676, 0.6839443343994358, 0.9958472358293435, 0.915462512007529, 0.19052346229548914, -0.19415833447540554, 0.9244211572526815, 0.9621571648849803, 0.9552415214025907, 0.965108770032829, 0.9511988697875171, 0.971927413391187, 0.9525449732293758, 0.9332462699349459, 0.9720174062554165, 0.9668270293923856, 0.9534842887120469], [0.993153562738947, 0.9922426695442845, 0.9970853677683023, 0.9913967295219845, 0.9866675426061519, 0.9770185837031965, -0.9739588007469927, 0.9758038706092234, 0.9727762621868141, 0.9912271313800269, 0.9914185172104435, 0.9911823823775049, 1.0, 0.9996787504700088, 0.9913353727185746, 0.9778713059669026, 0.9934880082048927, 0.9771815853348177, 0.9107240423512196, 0.5774416790392936, 0.9861221925097302, 0.8904565207621771, -0.30878688908781543, 0.4624764436441076, 0.9074384616170811, 0.9531113590044389, 0.9773459231126802, 0.9436517283628741, 0.9025212061744535, 0.946323681196958, 0.9135318081007955, 0.8894686927483514, 0.9627990128974117, 0.9794590149180222, 0.9361392909281364], [0.9938650044050374, 0.9914748120672205, 0.9969130600313727, 0.9894501992787614, 0.9830159599446467, 0.9749994809147987, -0.9757152352386312, 0.974764255022664, 0.969841847972074, 0.9892451247751333, 0.9894313672949393, 0.9891589588417584, 0.9996787504700088, 1.0, 0.9894627045913855, 0.9759275524902551, 0.9940239987454778, 0.9763977139436842, 0.9181712868664665, 0.4593208464480054, 0.9809031690728751, 0.879099188457876, -0.7036982368607523, 0.4411089010138617, 0.8805680994891705, 0.9499169694757741, 0.9766969741681755, 0.9358493190866793, 0.8843966263385706, 0.9372709309366103, 0.91028394978197, 0.867609793005949, 0.9649876851752601, 0.9776813950582671, 0.9286122669446224], [0.9972199072520174, 0.9951430362203364, 0.9890260431423264, 0.9999429612009767, 0.9852945378202872, 0.9688766883172013, -0.9486081814531343, 0.9799841382711537, 0.9632775636871829, 0.9999475433089978, 0.9999523974248851, 0.999961250228053, 0.9913353727185746, 0.9894627045913855, 1.0, 0.9694599043367184, 0.9956563297320216, 0.9810442801137194, 0.9300658729972502, 0.6354846481136142, 0.9967977717336577, 0.8981976827799115, -0.020084948549317135, 0.4352331445847998, 0.9167351754013662, 0.9522887112833881, 0.9659582944928456, 0.9613859785739343, 0.941381519743656, 0.9652935672027717, 0.9409130748877552, 0.9198847715997537, 0.9646329461969977, 0.980362086394474, 0.9444643455833114], [0.9838794758508914, 0.9777473800487354, 0.9777326548843995, 0.9735153732423466, 0.9565219894019678, 0.9999075384289132, -0.9838343835283657, 0.9823448567798941, 0.9788151887589384, 0.9693362089194154, 0.9696739146158483, 0.9720982365156913, 0.9778713059669026, 0.9759275524902551, 0.9694599043367184, 1.0, 0.9864784562891422, 0.9816162645421072, 0.8844192253946738, 0.7094391765705376, 0.9658361236273603, 0.8863708454934105, 0.18417535380266697, -0.19296984439328524, 0.9452329110307085, 0.9587533823279016, 0.9560803995745207, 0.960380505075893, 0.9236336524518691, 0.9489758942687884, 0.9519542381360439, 0.9539031667043001, 0.9588848557206948, 0.9757374256690942, 0.9603702407507225], [0.9996643630282522, 0.9966276424193883, 0.9877159517245293, 0.9960580935168187, 0.976009125042117, 0.9860116282136233, -0.9642458639372142, 0.987548681341992, 0.9699188290128408, 0.995641084426005, 0.995694172708546, 0.9958271133683886, 0.9934880082048927, 0.9940239987454778, 0.9956563297320216, 0.9864784562891422, 1.0, 0.9884283918569136, 0.9357503543493426, 0.6768055641902201, 0.9889173333190402, 0.8954398219908846, 0.030290379299314798, 0.4536551966362686, 0.9356891405731288, 0.9610697475246112, 0.9641475508968126, 0.9743179162542768, 0.9462718326965732, 0.9643498385007725, 0.956066943662629, 0.9431378077747091, 0.9707670948860556, 0.9844544975074934, 0.9653816245818905], [0.9899811577740896, 0.9835043337042682, 0.9700313981139594, 0.9842054265250758, 0.9550908181088502, 0.9814924652973145, -0.9543863978157847, 0.9998700605499212, 0.9816354430015132, 0.98109376560725, 0.9810210399144401, 0.9838255999430163, 0.9771815853348177, 0.9763977139436842, 0.9810442801137194, 0.9816162645421072, 0.9884283918569136, 1.0, 0.9290446804497312, 0.6759272255114502, 0.9729449449226931, 0.8994234859033802, 0.2729414688953664, -0.2923425191355706, 0.9109619640047859, 0.9543577768417226, 0.9371988488330851, 0.9778684865623615, 0.9512825931184142, 0.9676243936230273, 0.9606805585141167, 0.9350054914693356, 0.9580553421386182, 0.954825641741716, 0.9668715970490479], [0.9199206784115445, 0.9088483217269159, 0.8268421666655287, 0.9061525642764592, 0.8066131264699306, 0.8607716102295989, -0.7730703907685665, 0.9227822693046926, 0.8490426786220568, 0.9302818955994017, 0.9294275134790504, 0.9215911206554676, 0.9107240423512196, 0.9181712868664665, 0.9300658729972502, 0.8844192253946738, 0.9357503543493426, 0.9290446804497312, 1.0, 0.8423094250820616, 0.8575154712315222, 0.8721164573901421, 0.6941876019479555, -0.5333390687973778, 0.6955858261037902, 0.9161322381833881, 0.7989740048292876, 0.9570752417662091, 0.9346839537303188, 0.9018475977550203, 0.943173734313421, 0.8926862014547119, 0.8972265571027893, 0.8448776127529521, 0.8776179676002884], [0.7423630490477912, 0.7535278072455283, 0.6322731970373626, 0.7125521959277538, 0.5970728837850965, 0.7088717344635025, -0.6069357509395628, 0.6768818992794251, 0.6016389535541415, 0.6384143376527502, 0.6347656610819039, 0.6839443343994358, 0.5774416790392936, 0.4593208464480054, 0.6354846481136142, 0.7094391765705376, 0.6768055641902201, 0.6759272255114502, 0.8423094250820616, 1.0, 0.6354770545298184, 0.7490230381952867, 0.7320452285558737, -0.11632579067018235, 0.5376688501114986, 0.7543123984956853, 0.6394801246626557, 0.7935043991170453, 0.729585770663119, 0.6708926145557066, 0.765808644357832, 0.7678575475699011, 0.7002472533911739, 0.6675363765611044, 0.7021491661760507], [0.9853782943666699, 0.9668813605965293, 0.990086072774323, 0.9932738532898993, 0.9894362511038649, 0.9672183205413433, -0.9426468683223349, 0.973913450827074, 0.9673637915622492, 0.9966666731067743, 0.9969608316624772, 0.9958472358293435, 0.9861221925097302, 0.9809031690728751, 0.9967977717336577, 0.9658361236273603, 0.9889173333190402, 0.9729449449226931, 0.8575154712315222, 0.6354770545298184, 1.0, 0.8923871225889587, 0.3505675572729654, -0.2888366603536316, 0.8865291864785587, 0.9521521171112454, 0.969700080861374, 0.9397207017927504, 0.9434612654209067, 0.9685593938498247, 0.9401246428443212, 0.910457737060447, 0.9678344705476758, 0.9549252885178332, 0.929085276567545], [0.9204032911129085, 0.8995900579069316, 0.9108732048130868, 0.9217174226173012, 0.9068636510127072, 0.8908532135913797, -0.8810816856655932, 0.8944385278268842, 0.9053736509971642, 0.8989421003630588, 0.8981602538855813, 0.915462512007529, 0.8904565207621771, 0.879099188457876, 0.8981976827799115, 0.8863708454934105, 0.8954398219908846, 0.8994234859033802, 0.8721164573901421, 0.7490230381952867, 0.8923871225889587, 1.0, 0.3975980980350951, -0.18724052722124543, 0.6977350818895605, 0.9168693429937784, 0.8828402125382347, 0.8955328022844345, 0.8431698916592817, 0.9206186143709885, 0.8645205829276559, 0.839140470255968, 0.9187062453261648, 0.8638899041576579, 0.846583525055684], [0.4469997293036572, 0.446448782718523, 0.2818476586627075, 0.4232131250864292, 0.25793142259119556, 0.3125272972008239, -0.16994418823691237, 0.30533855093083623, 0.1624243117991482, -0.008321394270933336, -0.023232940228853284, 0.19052346229548914, -0.30878688908781543, -0.7036982368607523, -0.020084948549317135, 0.18417535380266697, 0.030290379299314798, 0.2729414688953664, 0.6941876019479555, 0.7320452285558737, 0.3505675572729654, 0.3975980980350951, 1.0, -0.3967943216312085, 0.2965054458558126, 0.42866682790726873, 0.2290548002369986, 0.5233286485793722, 0.5226663440177031, 0.38647128794626673, 0.5405250955011668, 0.44920008355080715, 0.4009590613620416, 0.31990414745620077, 0.4235459171310232], [-0.30340939164363573, -0.22725223235290215, -0.22612097692789077, -0.2948850921011539, -0.21934734648904003, -0.214738014202008, 0.14890331004691373, -0.3113715408309249, -0.22990891556182969, 0.4396262461646091, 0.43523495875412777, -0.19415833447540554, 0.4624764436441076, 0.4411089010138617, 0.4352331445847998, -0.19296984439328524, 0.4536551966362686, -0.2923425191355706, -0.5333390687973778, -0.11632579067018235, -0.2888366603536316, -0.18724052722124543, -0.3967943216312085, 1.0, -0.14685526316259725, -0.3326232831188117, -0.17455462980666905, -0.3899711132831257, -0.38006387500392114, -0.3277596906187482, -0.34570773908785357, -0.20166424686524276, -0.3508869712780095, -0.17688785583816433, -0.3156172041632664], [0.9012103040129127, 0.8749021082338158, 0.9073608359165786, 0.8995318755379518, 0.889185003557318, 0.9366535597514162, -0.9048570183993204, 0.9054809544109138, 0.8869154092404222, 0.9176172340063269, 0.9169344960262077, 0.9244211572526815, 0.9074384616170811, 0.8805680994891705, 0.9167351754013662, 0.9452329110307085, 0.9356891405731288, 0.9109619640047859, 0.6955858261037902, 0.5376688501114986, 0.8865291864785587, 0.6977350818895605, 0.2965054458558126, -0.14685526316259725, 1.0, 0.8359862050154222, 0.885668603927745, 0.8087967595577881, 0.8579915362974191, 0.8280523499957834, 0.8652937868248182, 0.8589069499859152, 0.8562167503381868, 0.8661479624480858, 0.893422698254648], [0.9742783856640432, 0.9619006761924705, 0.943361454991265, 0.9690994979095008, 0.9294216541134523, 0.9566390232365634, -0.913591705868543, 0.9555439023983946, 0.9326274575586878, 0.953290069141798, 0.9531323802632345, 0.9621571648849803, 0.9531113590044389, 0.9499169694757741, 0.9522887112833881, 0.9587533823279016, 0.9610697475246112, 0.9543577768417226, 0.9161322381833881, 0.7543123984956853, 0.9521521171112454, 0.9168693429937784, 0.42866682790726873, -0.3326232831188117, 0.8359862050154222, 1.0, 0.9324897041459818, 0.9603874544795543, 0.9345768128854018, 0.942773621237158, 0.9441651221865505, 0.9167777019149853, 0.9634986556825648, 0.9264114387437784, 0.9247248685182552], [0.9542167663639594, 0.9537859472465923, 0.979244203197612, 0.9605092404488237, 0.9770923845186081, 0.9592893318332716, -0.9569492039321361, 0.9371835275980456, 0.9596866672082456, 0.9657714887510221, 0.9666752101467831, 0.9552415214025907, 0.9773459231126802, 0.9766969741681755, 0.9659582944928456, 0.9560803995745207, 0.9641475508968126, 0.9371988488330851, 0.7989740048292876, 0.6394801246626557, 0.969700080861374, 0.8828402125382347, 0.2290548002369986, -0.17455462980666905, 0.885668603927745, 0.9324897041459818, 1.0, 0.9022636871807567, 0.8798550677408556, 0.9360828981014658, 0.8825179094112107, 0.8832721209190703, 0.9430454456940116, 0.9703714043426787, 0.8841301433136681], [0.9799762450321557, 0.9576399479442617, 0.9295263777272519, 0.9709368955122957, 0.9094416494621503, 0.9570037159307835, -0.8980607598785156, 0.9774215549651251, 0.9324825995717694, 0.961627223704255, 0.96111257667708, 0.965108770032829, 0.9436517283628741, 0.9358493190866793, 0.9613859785739343, 0.960380505075893, 0.9743179162542768, 0.9778684865623615, 0.9570752417662091, 0.7935043991170453, 0.9397207017927504, 0.8955328022844345, 0.5233286485793722, -0.3899711132831257, 0.8087967595577881, 0.9603874544795543, 0.9022636871807567, 1.0, 0.9853959828252326, 0.9657267465106701, 0.9895649002725493, 0.9511887706106388, 0.9579450366470541, 0.9123386765743422, 0.9662498769050482], [0.9635286395029944, 0.9493361628222856, 0.9106742383345166, 0.9607131341509766, 0.8971120392994685, 0.9267867137074768, -0.856698393496409, 0.9519500708121161, 0.893832425179671, 0.9422095630437488, 0.9408790663559107, 0.9511988697875171, 0.9025212061744535, 0.8843966263385706, 0.941381519743656, 0.9236336524518691, 0.9462718326965732, 0.9512825931184142, 0.9346839537303188, 0.729585770663119, 0.9434612654209067, 0.8431698916592817, 0.5226663440177031, -0.38006387500392114, 0.8579915362974191, 0.9345768128854018, 0.8798550677408556, 0.9853959828252326, 1.0, 0.9493399697046523, 0.9827788276479783, 0.9545867420722723, 0.9336187183107149, 0.9158430846033458, 0.9618471171751376], [0.9756926669920032, 0.9653849676153134, 0.9634544663920596, 0.9775074237787461, 0.9571701677975462, 0.9521292098743988, -0.9242309743540121, 0.9690423489800909, 0.9562703729628634, 0.9652019010781845, 0.9653008263856413, 0.971927413391187, 0.946323681196958, 0.9372709309366103, 0.9652935672027717, 0.9489758942687884, 0.9643498385007725, 0.9676243936230273, 0.9018475977550203, 0.6708926145557066, 0.9685593938498247, 0.9206186143709885, 0.38647128794626673, -0.3277596906187482, 0.8280523499957834, 0.942773621237158, 0.9360828981014658, 0.9657267465106701, 0.9493399697046523, 1.0, 0.9534480808064575, 0.9175723525204103, 0.9756040002210619, 0.955977082078201, 0.9451721472348827], [0.971867982076035, 0.9558267961183119, 0.9196169956538003, 0.9621779464157467, 0.8982726385959323, 0.9510952691428355, -0.8894962366090418, 0.9622690547260804, 0.9153209032054409, 0.9413743799841962, 0.9403205421526362, 0.9525449732293758, 0.9135318081007955, 0.91028394978197, 0.9409130748877552, 0.9519542381360439, 0.956066943662629, 0.9606805585141167, 0.943173734313421, 0.765808644357832, 0.9401246428443212, 0.8645205829276559, 0.5405250955011668, -0.34570773908785357, 0.8652937868248182, 0.9441651221865505, 0.8825179094112107, 0.9895649002725493, 0.9827788276479783, 0.9534480808064575, 1.0, 0.9730725409820832, 0.9419879421454955, 0.9345777584307322, 0.9616837976264454], [0.9453852763315878, 0.943117443841912, 0.9067825261601614, 0.9344200880642604, 0.8809428027949757, 0.9545658761340415, -0.9086836506042661, 0.9351855062729145, 0.9023357821388664, 0.9206304834609788, 0.9193505396973439, 0.9332462699349459, 0.8894686927483514, 0.867609793005949, 0.9198847715997537, 0.9539031667043001, 0.9431378077747091, 0.9350054914693356, 0.8926862014547119, 0.7678575475699011, 0.910457737060447, 0.839140470255968, 0.44920008355080715, -0.20166424686524276, 0.8589069499859152, 0.9167777019149853, 0.8832721209190703, 0.9511887706106388, 0.9545867420722723, 0.9175723525204103, 0.9730725409820832, 1.0, 0.9046887588984769, 0.9325875213408058, 0.9521190644617875], [0.9795713106784573, 0.9682897279555001, 0.9662313478373888, 0.9775670635538481, 0.9561810836198436, 0.9563030571774284, -0.9247141289462302, 0.9587544654157112, 0.9445541092861094, 0.9646311616078055, 0.9648191964950765, 0.9720174062554165, 0.9627990128974117, 0.9649876851752601, 0.9646329461969977, 0.9588848557206948, 0.9707670948860556, 0.9580553421386182, 0.8972265571027893, 0.7002472533911739, 0.9678344705476758, 0.9187062453261648, 0.4009590613620416, -0.3508869712780095, 0.8562167503381868, 0.9634986556825648, 0.9430454456940116, 0.9579450366470541, 0.9336187183107149, 0.9756040002210619, 0.9419879421454955, 0.9046887588984769, 1.0, 0.9522871858416164, 0.940564000765221], [0.9699867295402027, 0.9611958827243487, 0.9737345787287839, 0.9686096120086858, 0.9622936310577687, 0.9761768007237486, -0.9632209572219529, 0.9569720008466368, 0.9689185359489314, 0.9799972972912862, 0.9805381154023597, 0.9668270293923856, 0.9794590149180222, 0.9776813950582671, 0.980362086394474, 0.9757374256690942, 0.9844544975074934, 0.954825641741716, 0.8448776127529521, 0.6675363765611044, 0.9549252885178332, 0.8638899041576579, 0.31990414745620077, -0.17688785583816433, 0.8661479624480858, 0.9264114387437784, 0.9703714043426787, 0.9123386765743422, 0.9158430846033458, 0.955977082078201, 0.9345777584307322, 0.9325875213408058, 0.9522871858416164, 1.0, 0.9167611224135807], [0.9550607244968201, 0.9485206127675219, 0.9251481676712151, 0.9470527853697418, 0.9022938348404305, 0.9555433009247118, -0.9096583080362709, 0.9656653161583758, 0.9233618448034243, 0.9447988442802575, 0.9441170626798271, 0.9534842887120469, 0.9361392909281364, 0.9286122669446224, 0.9444643455833114, 0.9603702407507225, 0.9653816245818905, 0.9668715970490479, 0.8776179676002884, 0.7021491661760507, 0.929085276567545, 0.846583525055684, 0.4235459171310232, -0.3156172041632664, 0.893422698254648, 0.9247248685182552, 0.8841301433136681, 0.9662498769050482, 0.9618471171751376, 0.9451721472348827, 0.9616837976264454, 0.9521190644617875, 0.940564000765221, 0.9167611224135807, 1.0]], "x": ["^TAIEX       \u81fa\u7063\u52a0\u6b0a\u5831\u916c\u6307\u6578", "^TWII        \u81fa\u7063\u52a0\u6b0a\u6307\u6578", "^TAIEXx2     \u81fa\u7063\u52a0\u6b0a\u5831\u916c\u6307\u6578_\u65e5\u6b632", "^TAI50I      \u81fa\u706350\u5831\u916c\u6307\u6578", "^TAI50Ix2    \u81fa\u706350\u5831\u916c\u6307\u6578_\u65e5\u6b632", "^TAI100I     \u81fa\u7063\u4e2d\u578b100\u5831\u916c\u6307\u6578", "^TAI100Ix2   \u81fa\u7063\u4e2d\u578b100\u5831\u916c\u6307\u6578_\u65e5\u6b632", "^TAIDIVIDI   \u81fa\u7063\u9ad8\u80a1\u606f\u5831\u916c\u6307\u6578", "^TAIDIVIDIx2 \u81fa\u7063\u9ad8\u80a1\u606f\u5831\u916c\u6307\u6578_\u65e5\u6b632", "0050Fund     \u5143\u5927\u53f0\u7063\u5353\u8d8a50\u57fa\u91d1", "006208Fund   \u5bcc\u90a6\u53f0\u7063\u91c6\u540950\u57fa\u91d1", "0050         \u5143\u5927\u81fa\u706350", "00631L       \u5143\u5927\u53f0\u706350\u6b632", "00675L       \u5bcc\u90a6\u81fa\u7063\u52a0\u6b0a\u6b632", "006208       \u5bcc\u90a6\u53f050", "0051         \u5143\u5927\u4e2d\u578b100", "006204       \u6c38\u8c50\u81fa\u7063\u52a0\u6b0a", "0056         \u5143\u5927\u9ad8\u80a1\u606f", "2412         \u4e2d\u83ef\u96fb\u4fe1", "2002         \u4e2d\u92fc", "2330         \u53f0\u7a4d\u96fb", "2317         \u9d3b\u6d77", "6505         \u53f0\u5851\u77f3\u5316", "3481         \u7fa4\u5275", "2303         \u806f\u96fb", "2308         \u53f0\u9054\u96fb", "2454         \u806f\u767c\u79d1", "2886         \u5146\u8c50\u91d1", "2884         \u7389\u5c71\u91d1", "2891         \u4e2d\u4fe1\u91d1", "2892         \u7b2c\u4e00\u91d1", "5880         \u5408\u5eab\u91d1", "2881         \u5bcc\u90a6\u91d1", "2885         \u5143\u5927\u91d1", "2887         \u53f0\u65b0\u91d1"], "y": ["^TAIEX       \u81fa\u7063\u52a0\u6b0a\u5831\u916c\u6307\u6578", "^TWII        \u81fa\u7063\u52a0\u6b0a\u6307\u6578", "^TAIEXx2     \u81fa\u7063\u52a0\u6b0a\u5831\u916c\u6307\u6578_\u65e5\u6b632", "^TAI50I      \u81fa\u706350\u5831\u916c\u6307\u6578", "^TAI50Ix2    \u81fa\u706350\u5831\u916c\u6307\u6578_\u65e5\u6b632", "^TAI100I     \u81fa\u7063\u4e2d\u578b100\u5831\u916c\u6307\u6578", "^TAI100Ix2   \u81fa\u7063\u4e2d\u578b100\u5831\u916c\u6307\u6578_\u65e5\u6b632", "^TAIDIVIDI   \u81fa\u7063\u9ad8\u80a1\u606f\u5831\u916c\u6307\u6578", "^TAIDIVIDIx2 \u81fa\u7063\u9ad8\u80a1\u606f\u5831\u916c\u6307\u6578_\u65e5\u6b632", "0050Fund     \u5143\u5927\u53f0\u7063\u5353\u8d8a50\u57fa\u91d1", "006208Fund   \u5bcc\u90a6\u53f0\u7063\u91c6\u540950\u57fa\u91d1", "0050         \u5143\u5927\u81fa\u706350", "00631L       \u5143\u5927\u53f0\u706350\u6b632", "00675L       \u5bcc\u90a6\u81fa\u7063\u52a0\u6b0a\u6b632", "006208       \u5bcc\u90a6\u53f050", "0051         \u5143\u5927\u4e2d\u578b100", "006204       \u6c38\u8c50\u81fa\u7063\u52a0\u6b0a", "0056         \u5143\u5927\u9ad8\u80a1\u606f", "2412         \u4e2d\u83ef\u96fb\u4fe1", "2002         \u4e2d\u92fc", "2330         \u53f0\u7a4d\u96fb", "2317         \u9d3b\u6d77", "6505         \u53f0\u5851\u77f3\u5316", "3481         \u7fa4\u5275", "2303         \u806f\u96fb", "2308         \u53f0\u9054\u96fb", "2454         \u806f\u767c\u79d1", "2886         \u5146\u8c50\u91d1", "2884         \u7389\u5c71\u91d1", "2891         \u4e2d\u4fe1\u91d1", "2892         \u7b2c\u4e00\u91d1", "5880         \u5408\u5eab\u91d1", "2881         \u5bcc\u90a6\u91d1", "2885         \u5143\u5927\u91d1", "2887         \u53f0\u65b0\u91d1"], "zmin": -1, "zmax": 1, "colorbar": {"x": -0.2}}], "layout": {"autotypenumbers": "strict", "colorway": ["#636efa", "#EF553B", "#00cc96", "#ab63fa", "#FFA15A", "#19d3f3", "#FF6692", "#B6E880", "#FF97FF", "#FECB52"], "font": {"color": "#f2f5fa", "family": "Courier New"}, "hovermode": "closest", "hoverlabel": {"align": "left"}, "paper_bgcolor": "rgb(17,17,17)", "plot_bgcolor": "rgb(17,17,17)", "polar": {"bgcolor": "rgb(17,17,17)", "angularaxis": {"gridcolor": "#506784", "linecolor": "#506784", "ticks": ""}, "radialaxis": {"gridcolor": "#506784", "linecolor": "#506784", "ticks": ""}}, "ternary": {"bgcolor": "rgb(17,17,17)", "aaxis": {"gridcolor": "#506784", "linecolor": "#506784", "ticks": ""}, "baxis": {"gridcolor": "#506784", "linecolor": "#506784", "ticks": ""}, "caxis": {"gridcolor": "#506784", "linecolor": "#506784", "ticks": ""}}, "coloraxis": {"colorbar": {"outlinewidth": 0, "ticks": ""}}, "colorscale": {"sequential": [[0.0, "#0d0887"], [0.1111111111111111, "#46039f"], [0.2222222222222222, "#7201a8"], [0.3333333333333333, "#9c179e"], [0.4444444444444444, "#bd3786"], [0.5555555555555556, "#d8576b"], [0.6666666666666666, "#ed7953"], [0.7777777777777778, "#fb9f3a"], [0.8888888888888888, "#fdca26"], [1.0, "#f0f921"]], "sequentialminus": [[0.0, "#0d0887"], [0.1111111111111111, "#46039f"], [0.2222222222222222, "#7201a8"], [0.3333333333333333, "#9c179e"], [0.4444444444444444, "#bd3786"], [0.5555555555555556, "#d8576b"], [0.6666666666666666, "#ed7953"], [0.7777777777777778, "#fb9f3a"], [0.8888888888888888, "#fdca26"], [1.0, "#f0f921"]], "diverging": [[0, "#8e0152"], [0.1, "#c51b7d"], [0.2, "#de77ae"], [0.3, "#f1b6da"], [0.4, "#fde0ef"], [0.5, "#f7f7f7"], [0.6, "#e6f5d0"], [0.7, "#b8e186"], [0.8, "#7fbc41"], [0.9, "#4d9221"], [1, "#276419"]]}, "xaxis": {"gridcolor": "rgba(0, 0, 0, 0)", "linecolor": "#506784", "ticks": "", "title": {"standoff": 15}, "zerolinecolor": "#283442", "automargin": true, "zerolinewidth": 2, "tickfont": {"family": "Courier New", "size": 14}, "side": "top", "tickangle": -90}, "yaxis": {"gridcolor": "rgba(0, 0, 0, 0)", "linecolor": "#506784", "ticks": "", "title": {"standoff": 15}, "zerolinecolor": "#283442", "automargin": true, "zerolinewidth": 2, "tickfont": {"family": "Courier New"}, "side": "right"}, "scene": {"xaxis": {"backgroundcolor": "rgb(17,17,17)", "gridcolor": "#506784", "linecolor": "#506784", "showbackground": true, "ticks": "", "zerolinecolor": "#C8D4E3", "gridwidth": 2}, "yaxis": {"backgroundcolor": "rgb(17,17,17)", "gridcolor": "#506784", "linecolor": "#506784", "showbackground": true, "ticks": "", "zerolinecolor": "#C8D4E3", "gridwidth": 2}, "zaxis": {"backgroundcolor": "rgb(17,17,17)", "gridcolor": "#506784", "linecolor": "#506784", "showbackground": true, "ticks": "", "zerolinecolor": "#C8D4E3", "gridwidth": 2}}, "shapedefaults": {"line": {"color": "#f2f5fa"}}, "annotationdefaults": {"arrowcolor": "#f2f5fa", "arrowhead": 0, "arrowwidth": 1}, "geo": {"bgcolor": "rgb(17,17,17)", "landcolor": "rgb(17,17,17)", "subunitcolor": "#506784", "showland": true, "showlakes": true, "lakecolor": "rgb(17,17,17)"}, "title": {"x": 0.05, "font": {"family": "Times New Roman"}, "y": 0.05, "text": "<b>Correlation of Adj Close<b><br><i>2016-09-23 ~ 2025-07-23<i>"}, "updatemenudefaults": {"bgcolor": "#506784", "borderwidth": 0}, "sliderdefaults": {"bgcolor": "#C8D4E3", "borderwidth": 1, "bordercolor": "rgb(17,17,17)", "tickwidth": 0}, "mapbox": {"style": "dark"}}, "config": {"responsive": true, "toImageButtonOptions": {"filename": "Correlation of Adj Close_2016-09-23~2025-07-23", "scale": 5}}};

Plotly.newPlot("correlationAdjClose",
    correlationAdjClose.data,
    correlationAdjClose.layout || {},
    correlationAdjClose.config);