var element=document.getElementById("correlationAdjClose");if(element.style.display!='none'){var correlationAdjClose={"data":[{"type":"heatmap","z":[[1.0,0.9964864575601444,0.950180993398544,0.9964568584739557,0.9174166608359317,0.9888541541636162,0.9626929069303944,0.9810648687649808,0.9806652616177605,0.996572745712675,0.9965925468361686,0.9967730718824126,0.8757605934567086,0.9812069163318549,0.9967014581079104,0.9894742408066013,0.9997851542540859,0.9809227798171541,0.9002480876570575,0.8864593303739633,0.586396716832468,0.9864430378915141,0.9466172136296804,0.2677330192938009,-0.18966219025297004,0.9197972835050542,0.890928175620494,0.9432155676713236,0.9370896340166088,0.9380256601545564,0.9840710413895227,0.9370903184782448,0.8923519316875052,0.9722299420921173,0.9834935933403853,0.9613341356683279],[0.9964864575601444,1.0,0.9553852881233978,0.9941855166738992,0.9236249570668987,0.9853132277691675,0.9642307803183062,0.9718052529198714,0.9772700303469236,0.9951645648841517,0.9966743975650794,0.9962437683618993,0.883297187269192,0.985043915650651,0.9967251604626871,0.9851487804504448,0.9979809196083457,0.97363606222567,0.9102850498695888,0.8735066362988448,0.6106823517030553,0.9777472244475225,0.9296037434742035,0.26151792075710995,-0.13129101472243115,0.9066281505818901,0.8949705125904984,0.9475449390557219,0.9182107125959138,0.9239546729036828,0.9770889530910329,0.920263233057715,0.8887711676701588,0.962213498057456,0.9780854673863921,0.9550035631392935],[0.950180993398544,0.9553852881233978,1.0,0.9685496396127588,0.9946367793665953,0.9408164837454835,0.9817320169827717,0.8973398007876808,0.9547335186582038,0.9687533642798065,0.9762599670511405,0.9727412201847868,0.9077138147292491,0.9975256362659053,0.975885708381479,0.9381459226901964,0.9611055143580903,0.898084214712928,0.8129355916427545,0.7240133149500813,0.38958300865090445,0.9741240519239365,0.8906144980495254,0.09000271538086319,-0.07130935737985071,0.8941028851292107,0.9699819355062872,0.9700706163980188,0.7915222938208437,0.8035970664951982,0.9330226885692393,0.7959982078267921,0.743728833645539,0.8841106684801306,0.9535831878363041,0.8785001731481624],[0.9964568584739557,0.9941855166738992,0.9685496396127588,1.0,0.9427093511631542,0.9805501037597848,0.9676909654130635,0.966111688009933,0.976965281099799,0.9999821448112974,0.9999951492105347,0.9999750857375845,0.8864994082795243,0.9875672639115959,0.9999692905191476,0.9789763620109488,0.9961165846058319,0.9657725234032022,0.877323591567717,0.8560704013710341,0.5359394470411979,0.9955099258869718,0.9441405086330038,0.22785780814653422,-0.16850450010648577,0.9134003053382247,0.9164519455628904,0.9524862839867665,0.910313242399182,0.9183327376122246,0.9825926537260311,0.9112849180037426,0.8617516216580636,0.9599107516543112,0.9822833033712358,0.9472232650184853],[0.9174166608359317,0.9236249570668987,0.9946367793665953,0.9427093511631542,1.0,0.9025353088245864,0.9607103646347019,0.8521782656239201,0.9229203021141398,0.9434937919826041,0.9557233114141529,0.9503288714491941,0.901642738589746,0.9868898635213895,0.9551651582434997,0.8997463352214495,0.9321493143543086,0.8531083130229346,0.763563670998885,0.6685652893873447,0.32741757809164457,0.95316330293639,0.8577180391896034,0.05542830172807734,-0.047150148216593496,0.8573127023534252,0.9803771418772743,0.9540131781865325,0.7322420217184603,0.7510157726320608,0.9007092908958472,0.7384173105780277,0.679381868184496,0.8389956491725739,0.922038808440273,0.8330564530245612],[0.9888541541636162,0.9853132277691675,0.9408164837454835,0.9805501037597848,0.9025353088245864,1.0,0.9744074121899098,0.9813006240122444,0.9844617930414775,0.9801829792389483,0.9753937840261225,0.978325217775285,0.8540694893580699,0.9516239430024319,0.9755139757332267,0.9999285118784309,0.9902219397549381,0.9822491268406625,0.9078030302364143,0.8591289541696235,0.5580096680055237,0.9730035658587037,0.9291662723510113,0.16388467340051813,-0.13648040573867076,0.9406254935295895,0.8663266536624229,0.9389488151150167,0.930382009134199,0.920518678104042,0.9703410409078904,0.9312604573400821,0.9091165627886814,0.9614398311667229,0.9849063999127016,0.9650001012384911],[0.9626929069303944,0.9642307803183062,0.9817320169827717,0.9676909654130635,0.9607103646347019,0.9744074121899098,1.0,0.9339576922908361,0.9816328061461628,0.9670237521843711,0.9758684714149267,0.9723738405281999,0.8937655645723197,0.9848644673018249,0.9756733584011217,0.9754063662990446,0.9769593422779437,0.936817774279238,0.8552947404688583,0.7542769581099826,0.41475244978378484,0.9689575358608411,0.9110433137686482,0.03308296616273264,-0.05663843237348411,0.9167310764929646,0.9268696137511588,0.9661210173893021,0.8353717938137732,0.8280836113814312,0.9448349128579167,0.8377180101010234,0.8114030924065786,0.9093338776210761,0.974596712436694,0.910060747000789],[0.9810648687649808,0.9718052529198714,0.8973398007876808,0.966111688009933,0.8521782656239201,0.9813006240122444,0.9339576922908361,1.0,0.9771036720447528,0.9659911921595051,0.9613368662236919,0.9649834608579817,0.8156167698076398,0.9233849411902219,0.961705560844277,0.9830910291566352,0.9785290263448168,0.9998975610887999,0.9384684685092783,0.9268665530901686,0.5498339867769488,0.9530575714870863,0.9229171372510566,0.140083574510111,-0.2318804956546677,0.9181070312454859,0.801058579514079,0.9039121829081355,0.9672183611070916,0.9538582896435432,0.9703291598094987,0.95900320395812,0.9207826914511734,0.9700170554386407,0.9594517606372118,0.9736168204523228],[0.9806652616177605,0.9772700303469236,0.9547335186582038,0.976965281099799,0.9229203021141398,0.9844617930414775,0.9816328061461628,0.9771036720447528,1.0,0.9765312353298096,0.9729745889419963,0.9754773621316176,0.8628989340397747,0.9589704670387509,0.9729929288823191,0.9837332014360266,0.9797809090811469,0.977265773932207,0.9073295303321014,0.8442596049968654,0.4374448703289034,0.9709864174825023,0.9343991401558158,0.0024703067049332383,-0.13304260087567035,0.9193915243398486,0.8698331497477574,0.9576771800549025,0.8998961188757081,0.8847535415573543,0.9692035727818519,0.8936431683003263,0.8542642952381572,0.9487660542221409,0.9806171544599662,0.9371299182642423],[0.996572745712675,0.9951645648841517,0.9687533642798065,0.9999821448112974,0.9434937919826041,0.9801829792389483,0.9670237521843711,0.9659911921595051,0.9765312353298096,1.0,0.9999948385977404,0.9999853850430321,0.8880675311206367,0.9877525281627075,0.9999703054583524,0.9787130975972964,0.9960062806618607,0.9656176627151174,0.8787680831202719,0.8563200752717939,0.526712329346181,0.9957084347929406,0.9447852312865987,0.23025072639780042,-0.16514437504635385,0.9142511766699654,0.915865928329592,0.9516283633448596,0.908208351483235,0.9158518801313533,0.9819578085949674,0.9090890102598685,0.8585429997696532,0.9584929792944753,0.9819492659828324,0.9460287396426735],[0.9965925468361686,0.9966743975650794,0.9762599670511405,0.9999951492105347,0.9557233114141529,0.9753937840261225,0.9758684714149267,0.9613368662236919,0.9729745889419963,0.9999948385977404,1.0,0.9999800606741424,0.888138036786915,0.9876208501482393,0.9999722772933277,0.9750267809464814,0.9959145642328993,0.9622217164159431,0.8952368255776324,0.8859192407346483,0.35534594747330617,0.9977502727560444,0.935863317631377,-0.22692616662983203,0.6417359577167452,0.9093843670545589,0.9097049976307996,0.9521011519175027,0.8865031561027674,0.8921999839541,0.9770475224784284,0.8794150435519823,0.8109318277490378,0.9470344392961146,0.98685731081378,0.9438458928342565],[0.9967730718824126,0.9962437683618993,0.9727412201847868,0.9999750857375845,0.9503288714491941,0.978325217775285,0.9723738405281999,0.9649834608579817,0.9754773621316176,0.9999853850430321,0.9999800606741424,1.0,0.8881679862345684,0.9877800138139494,0.9999781434739413,0.9779981775330885,0.9959334573383332,0.9653262022534189,0.8862602902222437,0.8736672738950997,0.43922691551319476,0.9971476785252849,0.9436750324056873,-0.03480906880033785,0.048810414955742766,0.9203261378370182,0.9115214534539859,0.948636367918779,0.8958070023359952,0.9015082320804987,0.9793120933777928,0.8944991703613381,0.8411039123805752,0.9535717483545632,0.9822735773821103,0.9459380060599227],[0.8757605934567086,0.883297187269192,0.9077138147292491,0.8864994082795243,0.901642738589746,0.8540694893580699,0.8937655645723197,0.8156167698076398,0.8628989340397747,0.8880675311206367,0.888138036786915,0.8881679862345684,1.0,0.9998806509654043,0.8877743920221842,0.8547059404738983,0.8769237812262156,0.8190990286845742,0.7521217785358766,0.6985334602598197,0.17569261214111043,0.8840374054527338,0.818693961959223,-0.47655867370014154,0.6675561489864905,0.7966063973294237,0.8789740692219903,0.8865459674142125,0.6997744383317543,0.7021998142061069,0.8500916044656774,0.6902718536245881,0.6043253103368771,0.8083514269968078,0.8719806914584722,0.8115835105174383],[0.9812069163318549,0.985043915650651,0.9975256362659053,0.9875672639115959,0.9868898635213895,0.9516239430024319,0.9848644673018249,0.9233849411902219,0.9589704670387509,0.9877525281627075,0.9876208501482393,0.9877800138139494,0.9998806509654043,1.0,0.9875860193199947,0.9508075060817537,0.979761426370651,0.9254716076158911,0.8495052146013871,0.844598319776973,0.0783080721699523,0.9797452506881436,0.8937303887619331,-0.6541884522402407,0.7102592491626927,0.8787398046164302,0.9559048229301316,0.9654607495799209,0.7931259711254689,0.8097265906165629,0.9430967997266563,0.8029618825579353,0.6784440100547038,0.8920465026150799,0.966685548624714,0.9143823299280466],[0.9967014581079104,0.9967251604626871,0.975885708381479,0.9999692905191476,0.9551651582434997,0.9755139757332267,0.9756733584011217,0.961705560844277,0.9729929288823191,0.9999703054583524,0.9999722772933277,0.9999781434739413,0.8877743920221842,0.9875860193199947,1.0,0.9751719617686482,0.9960195452385281,0.9626170036565215,0.8958506775106568,0.8867922952365617,0.356837170524559,0.9976384308654159,0.9359378989922569,-0.2245779906991641,0.6414050317487465,0.909598554456347,0.9089351506947781,0.951731546470386,0.8872906483771175,0.892955310411419,0.9770847165023471,0.8803274134864683,0.8120556841982646,0.9472685125585667,0.9869100117597237,0.9443742031511665],[0.9894742408066013,0.9851487804504448,0.9381459226901964,0.9789763620109488,0.8997463352214495,0.9999285118784309,0.9754063662990446,0.9830910291566352,0.9837332014360266,0.9787130975972964,0.9750267809464814,0.9779981775330885,0.8547059404738983,0.9508075060817537,0.9751719617686482,1.0,0.9901278027390885,0.9826622324122385,0.9106554595051431,0.8829048114629302,0.5273545407238645,0.9711184751233272,0.9262663217116471,0.011032612346924734,-0.05377299935608173,0.9453261978758871,0.8574273550873873,0.9348453360046814,0.9317098292132083,0.9169681801534887,0.968275548735012,0.9310610731932369,0.9038876200855537,0.9634424191830903,0.9841364744825849,0.9673980634894723],[0.9997851542540859,0.9979809196083457,0.9611055143580903,0.9961165846058319,0.9321493143543086,0.9902219397549381,0.9769593422779437,0.9785290263448168,0.9797809090811469,0.9960062806618607,0.9959145642328993,0.9959334573383332,0.8769237812262156,0.979761426370651,0.9960195452385281,0.9901278027390885,1.0,0.9792109525516419,0.9197486650069724,0.9088146764696879,0.42860854164843487,0.990851100458971,0.9361413160247319,-0.17369497689398253,0.6345603447465397,0.929677045227682,0.8842436187033071,0.9462658320271617,0.919627872391494,0.9156132440042011,0.9791477710792962,0.9123108665264971,0.8593894427233547,0.9629697393016087,0.9916829006997308,0.9650958860981551],[0.9809227798171541,0.97363606222567,0.898084214712928,0.9657725234032022,0.8531083130229346,0.9822491268406625,0.936817774279238,0.9998975610887999,0.977265773932207,0.9656176627151174,0.9622217164159431,0.9653262022534189,0.8190990286845742,0.9254716076158911,0.9626170036565215,0.9826622324122385,0.9792109525516419,1.0,0.9411650985537892,0.9321626511059816,0.5426743020518194,0.9520808221570288,0.9261996416906498,0.10073221987255788,-0.15697672717034344,0.9225376077287392,0.7993256455144209,0.9046388540789891,0.9664013698954294,0.9522530979491873,0.9692350633299781,0.9567265974912014,0.9183361394214924,0.9693078738392182,0.9584784822540393,0.9741537949051823],[0.9002480876570575,0.9102850498695888,0.8129355916427545,0.877323591567717,0.763563670998885,0.9078030302364143,0.8552947404688583,0.9384684685092783,0.9073295303321014,0.8787680831202719,0.8952368255776324,0.8862602902222437,0.7521217785358766,0.8495052146013871,0.8958506775106568,0.9106554595051431,0.9197486650069724,0.9411650985537892,1.0,0.8448514367227765,0.6281301288317566,0.8521346006160502,0.8383794519095296,0.18782141393728571,-0.06148277008663017,0.8763428809496651,0.7019629263666606,0.83363500738187,0.897635522952101,0.871289157468986,0.8710731662949852,0.8809644508607255,0.8578894770494497,0.8780028119137282,0.8809286163628868,0.9083771477860398],[0.8864593303739633,0.8735066362988448,0.7240133149500813,0.8560704013710341,0.6685652893873447,0.8591289541696235,0.7542769581099826,0.9268665530901686,0.8442596049968654,0.8563200752717939,0.8859192407346483,0.8736672738950997,0.6985334602598197,0.844598319776973,0.8867922952365617,0.8829048114629302,0.9088146764696879,0.9321626511059816,0.8448514367227765,1.0,0.8045345065089036,0.8091546708653464,0.8661813571911176,0.5880195676381451,-0.4689863804753276,0.7176008806110175,0.6659732945447605,0.7396425381920432,0.9631901786422015,0.9428982247983463,0.877712165864446,0.9519783169551271,0.9090892687722232,0.9009876154986287,0.8277902885915241,0.8834662908832428],[0.586396716832468,0.6106823517030553,0.38958300865090445,0.5359394470411979,0.32741757809164457,0.5580096680055237,0.41475244978378484,0.5498339867769488,0.4374448703289034,0.526712329346181,0.35534594747330617,0.43922691551319476,0.17569261214111043,0.0783080721699523,0.356837170524559,0.5273545407238645,0.42860854164843487,0.5426743020518194,0.6281301288317566,0.8045345065089036,1.0,0.48496008309688793,0.6322511715371684,0.7210699346982573,-0.11525377991013497,0.4716813599353498,0.3752255776018951,0.4645605131580239,0.7495005726870841,0.671519880022961,0.5415606767439818,0.70611672502681,0.739055261824799,0.612825320905759,0.5428712293779915,0.616553755547426],[0.9864430378915141,0.9777472244475225,0.9741240519239365,0.9955099258869718,0.95316330293639,0.9730035658587037,0.9689575358608411,0.9530575714870863,0.9709864174825023,0.9957084347929406,0.9977502727560444,0.9971476785252849,0.8840374054527338,0.9797452506881436,0.9976384308654159,0.9711184751233272,0.990851100458971,0.9520808221570288,0.8521346006160502,0.8091546708653464,0.48496008309688793,1.0,0.9228804675134865,0.16678999541112813,-0.1574551892071831,0.8966921169758615,0.9258353987288174,0.9499290744913679,0.8763419869695223,0.8966962408725611,0.9749585571065671,0.8857083573420832,0.8326139336823836,0.946049757456488,0.9714041232435152,0.9292838387119043],[0.9466172136296804,0.9296037434742035,0.8906144980495254,0.9441405086330038,0.8577180391896034,0.9291662723510113,0.9110433137686482,0.9229171372510566,0.9343991401558158,0.9447852312865987,0.935863317631377,0.9436750324056873,0.818693961959223,0.8937303887619331,0.9359378989922569,0.9262663217116471,0.9361413160247319,0.9261996416906498,0.8383794519095296,0.8661813571911176,0.6322511715371684,0.9228804675134865,1.0,0.23165650375838762,-0.1209906610222972,0.7770425560986918,0.826887579562004,0.8783948035787607,0.8983767719761362,0.8728974093234213,0.9496917826739774,0.8794434749624529,0.8393790608825001,0.9439376782012241,0.9089331215244243,0.8902000593175334],[0.2677330192938009,0.26151792075710995,0.09000271538086319,0.22785780814653422,0.05542830172807734,0.16388467340051813,0.03308296616273264,0.140083574510111,0.0024703067049332383,0.23025072639780042,-0.22692616662983203,-0.03480906880033785,-0.47655867370014154,-0.6541884522402407,-0.2245779906991641,0.011032612346924734,-0.17369497689398253,0.10073221987255788,0.18782141393728571,0.5880195676381451,0.7210699346982573,0.16678999541112813,0.23165650375838762,1.0,-0.3818304826824116,0.19207132501532537,0.09509134845228731,0.0931773470002396,0.41924188599702517,0.404406445083927,0.2214432143030028,0.4296977766464989,0.37282127242243746,0.27081339116518527,0.17305697109299187,0.29723180172503016],[-0.18966219025297004,-0.13129101472243115,-0.07130935737985071,-0.16850450010648577,-0.047150148216593496,-0.13648040573867076,-0.05663843237348411,-0.2318804956546677,-0.13304260087567035,-0.16514437504635385,0.6417359577167452,0.048810414955742766,0.6675561489864905,0.7102592491626927,0.6414050317487465,-0.05377299935608173,0.6345603447465397,-0.15697672717034344,-0.06148277008663017,-0.4689863804753276,-0.11525377991013497,-0.1574551892071831,-0.1209906610222972,-0.3818304826824116,1.0,-0.0727752547773822,-0.06493394932187875,-0.05584998076936596,-0.3402199926697908,-0.3237328855350512,-0.21368952046435882,-0.29818292787888245,-0.1833916232341519,-0.26743745228442206,-0.09478870523027523,-0.2351305365875794],[0.9197972835050542,0.9066281505818901,0.8941028851292107,0.9134003053382247,0.8573127023534252,0.9406254935295895,0.9167310764929646,0.9181070312454859,0.9193915243398486,0.9142511766699654,0.9093843670545589,0.9203261378370182,0.7966063973294237,0.8787398046164302,0.909598554456347,0.9453261978758871,0.929677045227682,0.9225376077287392,0.8763428809496651,0.7176008806110175,0.4716813599353498,0.8966921169758615,0.7770425560986918,0.19207132501532537,-0.0727752547773822,1.0,0.8099370745592762,0.9175305580740669,0.8065161278035771,0.8484946830776672,0.867749739375062,0.850776223823389,0.8268399710271549,0.8737850123563643,0.9017988314683201,0.9059309704378768],[0.890928175620494,0.8949705125904984,0.9699819355062872,0.9164519455628904,0.9803771418772743,0.8663266536624229,0.9268696137511588,0.801058579514079,0.8698331497477574,0.915865928329592,0.9097049976307996,0.9115214534539859,0.8789740692219903,0.9559048229301316,0.9089351506947781,0.8574273550873873,0.8842436187033071,0.7993256455144209,0.7019629263666606,0.6659732945447605,0.3752255776018951,0.9258353987288174,0.826887579562004,0.09509134845228731,-0.06493394932187875,0.8099370745592762,1.0,0.9155586302169574,0.7087491115892907,0.7234130152998741,0.8660937415466727,0.7093151511034589,0.6532230270883086,0.802844995585987,0.8853718342353728,0.8032296915163168],[0.9432155676713236,0.9475449390557219,0.9700706163980188,0.9524862839867665,0.9540131781865325,0.9389488151150167,0.9661210173893021,0.9039121829081355,0.9576771800549025,0.9516283633448596,0.9521011519175027,0.948636367918779,0.8865459674142125,0.9654607495799209,0.951731546470386,0.9348453360046814,0.9462658320271617,0.9046388540789891,0.83363500738187,0.7396425381920432,0.4645605131580239,0.9499290744913679,0.8783948035787607,0.0931773470002396,-0.05584998076936596,0.9175305580740669,0.9155586302169574,1.0,0.8148665622795654,0.8150839910094767,0.921578823815829,0.8077995637534632,0.7756187701056885,0.8952000560555364,0.9550668240668153,0.8700970007046931],[0.9370896340166088,0.9182107125959138,0.7915222938208437,0.910313242399182,0.7322420217184603,0.930382009134199,0.8353717938137732,0.9672183611070916,0.8998961188757081,0.908208351483235,0.8865031561027674,0.8958070023359952,0.6997744383317543,0.7931259711254689,0.8872906483771175,0.9317098292132083,0.919627872391494,0.9664013698954294,0.897635522952101,0.9631901786422015,0.7495005726870841,0.8763419869695223,0.8983767719761362,0.41924188599702517,-0.3402199926697908,0.8065161278035771,0.7087491115892907,0.8148665622795654,1.0,0.9872172770048235,0.9340123505235473,0.9914726759322485,0.956924092021141,0.9557242152090804,0.8854291326209056,0.9559489386989272],[0.9380256601545564,0.9239546729036828,0.8035970664951982,0.9183327376122246,0.7510157726320608,0.920518678104042,0.8280836113814312,0.9538582896435432,0.8847535415573543,0.9158518801313533,0.8921999839541,0.9015082320804987,0.7021998142061069,0.8097265906165629,0.892955310411419,0.9169681801534887,0.9156132440042011,0.9522530979491873,0.871289157468986,0.9428982247983463,0.671519880022961,0.8966962408725611,0.8728974093234213,0.404406445083927,-0.3237328855350512,0.8484946830776672,0.7234130152998741,0.8150839910094767,0.9872172770048235,1.0,0.9357479171167361,0.9861792659231073,0.9568976963433852,0.9444852435576314,0.9039676184253896,0.9590133294320448],[0.9840710413895227,0.9770889530910329,0.9330226885692393,0.9825926537260311,0.9007092908958472,0.9703410409078904,0.9448349128579167,0.9703291598094987,0.9692035727818519,0.9819578085949674,0.9770475224784284,0.9793120933777928,0.8500916044656774,0.9430967997266563,0.9770847165023471,0.968275548735012,0.9791477710792962,0.9692350633299781,0.8710731662949852,0.877712165864446,0.5415606767439818,0.9749585571065671,0.9496917826739774,0.2214432143030028,-0.21368952046435882,0.867749739375062,0.8660937415466727,0.921578823815829,0.9340123505235473,0.9357479171167361,1.0,0.9307643056533319,0.879939810249869,0.9751112795735069,0.973350669880225,0.9559366925695745],[0.9370903184782448,0.920263233057715,0.7959982078267921,0.9112849180037426,0.7384173105780277,0.9312604573400821,0.8377180101010234,0.95900320395812,0.8936431683003263,0.9090890102598685,0.8794150435519823,0.8944991703613381,0.6902718536245881,0.8029618825579353,0.8803274134864683,0.9310610731932369,0.9123108665264971,0.9567265974912014,0.8809644508607255,0.9519783169551271,0.70611672502681,0.8857083573420832,0.8794434749624529,0.4296977766464989,-0.29818292787888245,0.850776223823389,0.7093151511034589,0.8077995637534632,0.9914726759322485,0.9861792659231073,0.9307643056533319,1.0,0.9743481317762324,0.9471926425257859,0.9077499441533824,0.9557983596079249],[0.8923519316875052,0.8887711676701588,0.743728833645539,0.8617516216580636,0.679381868184496,0.9091165627886814,0.8114030924065786,0.9207826914511734,0.8542642952381572,0.8585429997696532,0.8109318277490378,0.8411039123805752,0.6043253103368771,0.6784440100547038,0.8120556841982646,0.9038876200855537,0.8593894427233547,0.9183361394214924,0.8578894770494497,0.9090892687722232,0.739055261824799,0.8326139336823836,0.8393790608825001,0.37282127242243746,-0.1833916232341519,0.8268399710271549,0.6532230270883086,0.7756187701056885,0.956924092021141,0.9568976963433852,0.879939810249869,0.9743481317762324,1.0,0.9020839849329791,0.8791000376737946,0.9331582751391349],[0.9722299420921173,0.962213498057456,0.8841106684801306,0.9599107516543112,0.8389956491725739,0.9614398311667229,0.9093338776210761,0.9700170554386407,0.9487660542221409,0.9584929792944753,0.9470344392961146,0.9535717483545632,0.8083514269968078,0.8920465026150799,0.9472685125585667,0.9634424191830903,0.9629697393016087,0.9693078738392182,0.8780028119137282,0.9009876154986287,0.612825320905759,0.946049757456488,0.9439376782012241,0.27081339116518527,-0.26743745228442206,0.8737850123563643,0.802844995585987,0.8952000560555364,0.9557242152090804,0.9444852435576314,0.9751112795735069,0.9471926425257859,0.9020839849329791,1.0,0.9541916298800585,0.9544545517853288],[0.9834935933403853,0.9780854673863921,0.9535831878363041,0.9822833033712358,0.922038808440273,0.9849063999127016,0.974596712436694,0.9594517606372118,0.9806171544599662,0.9819492659828324,0.98685731081378,0.9822735773821103,0.8719806914584722,0.966685548624714,0.9869100117597237,0.9841364744825849,0.9916829006997308,0.9584784822540393,0.8809286163628868,0.8277902885915241,0.5428712293779915,0.9714041232435152,0.9089331215244243,0.17305697109299187,-0.09478870523027523,0.9017988314683201,0.8853718342353728,0.9550668240668153,0.8854291326209056,0.9039676184253896,0.973350669880225,0.9077499441533824,0.8791000376737946,0.9541916298800585,1.0,0.9372492454723944],[0.9613341356683279,0.9550035631392935,0.8785001731481624,0.9472232650184853,0.8330564530245612,0.9650001012384911,0.910060747000789,0.9736168204523228,0.9371299182642423,0.9460287396426735,0.9438458928342565,0.9459380060599227,0.8115835105174383,0.9143823299280466,0.9443742031511665,0.9673980634894723,0.9650958860981551,0.9741537949051823,0.9083771477860398,0.8834662908832428,0.616553755547426,0.9292838387119043,0.8902000593175334,0.29723180172503016,-0.2351305365875794,0.9059309704378768,0.8032296915163168,0.8700970007046931,0.9559489386989272,0.9590133294320448,0.9559366925695745,0.9557983596079249,0.9331582751391349,0.9544545517853288,0.9372492454723944,1.0]],"x":["^TAIEX       \u81fa\u7063\u52a0\u6b0a\u5831\u916c\u6307\u6578","^TWII        \u81fa\u7063\u52a0\u6b0a\u6307\u6578","^TAIEXx2     \u81fa\u7063\u52a0\u6b0a\u5831\u916c\u6307\u6578_\u65e5\u6b632","^TAI50I      \u81fa\u706350\u5831\u916c\u6307\u6578","^TAI50Ix2    \u81fa\u706350\u5831\u916c\u6307\u6578_\u65e5\u6b632","^TAI100I     \u81fa\u7063\u4e2d\u578b100\u5831\u916c\u6307\u6578","^TAI100Ix2   \u81fa\u7063\u4e2d\u578b100\u5831\u916c\u6307\u6578_\u65e5\u6b632","^TAIDIVIDI   \u81fa\u7063\u9ad8\u80a1\u606f\u5831\u916c\u6307\u6578","^TAIDIVIDIx2 \u81fa\u7063\u9ad8\u80a1\u606f\u5831\u916c\u6307\u6578_\u65e5\u6b632","0050Fund     \u5143\u5927\u53f0\u7063\u5353\u8d8a50\u57fa\u91d1","006208Fund   \u5bcc\u90a6\u53f0\u7063\u91c6\u540950\u57fa\u91d1","0050         \u5143\u5927\u81fa\u706350","00631L       \u5143\u5927\u53f0\u706350\u6b632","00675L       \u5bcc\u90a6\u81fa\u7063\u52a0\u6b0a\u6b632","006208       \u5bcc\u90a6\u53f050","0051         \u5143\u5927\u4e2d\u578b100","006204       \u6c38\u8c50\u81fa\u7063\u52a0\u6b0a","0056         \u5143\u5927\u9ad8\u80a1\u606f","0056         \u5143\u5927\u9ad8\u80a1\u606f_\u80a1\u606f\u4e0d\u6295\u5165","2412         \u4e2d\u83ef\u96fb\u4fe1","2002         \u4e2d\u92fc","2330         \u53f0\u7a4d\u96fb","2317         \u9d3b\u6d77","6505         \u53f0\u5851\u77f3\u5316","3481         \u7fa4\u5275","2303         \u806f\u96fb","2308         \u53f0\u9054\u96fb","2454         \u806f\u767c\u79d1","2886         \u5146\u8c50\u91d1","2884         \u7389\u5c71\u91d1","2891         \u4e2d\u4fe1\u91d1","2892         \u7b2c\u4e00\u91d1","5880         \u5408\u5eab\u91d1","2881         \u5bcc\u90a6\u91d1","2885         \u5143\u5927\u91d1","2887         \u53f0\u65b0\u91d1"],"y":["^TAIEX       \u81fa\u7063\u52a0\u6b0a\u5831\u916c\u6307\u6578","^TWII        \u81fa\u7063\u52a0\u6b0a\u6307\u6578","^TAIEXx2     \u81fa\u7063\u52a0\u6b0a\u5831\u916c\u6307\u6578_\u65e5\u6b632","^TAI50I      \u81fa\u706350\u5831\u916c\u6307\u6578","^TAI50Ix2    \u81fa\u706350\u5831\u916c\u6307\u6578_\u65e5\u6b632","^TAI100I     \u81fa\u7063\u4e2d\u578b100\u5831\u916c\u6307\u6578","^TAI100Ix2   \u81fa\u7063\u4e2d\u578b100\u5831\u916c\u6307\u6578_\u65e5\u6b632","^TAIDIVIDI   \u81fa\u7063\u9ad8\u80a1\u606f\u5831\u916c\u6307\u6578","^TAIDIVIDIx2 \u81fa\u7063\u9ad8\u80a1\u606f\u5831\u916c\u6307\u6578_\u65e5\u6b632","0050Fund     \u5143\u5927\u53f0\u7063\u5353\u8d8a50\u57fa\u91d1","006208Fund   \u5bcc\u90a6\u53f0\u7063\u91c6\u540950\u57fa\u91d1","0050         \u5143\u5927\u81fa\u706350","00631L       \u5143\u5927\u53f0\u706350\u6b632","00675L       \u5bcc\u90a6\u81fa\u7063\u52a0\u6b0a\u6b632","006208       \u5bcc\u90a6\u53f050","0051         \u5143\u5927\u4e2d\u578b100","006204       \u6c38\u8c50\u81fa\u7063\u52a0\u6b0a","0056         \u5143\u5927\u9ad8\u80a1\u606f","0056         \u5143\u5927\u9ad8\u80a1\u606f_\u80a1\u606f\u4e0d\u6295\u5165","2412         \u4e2d\u83ef\u96fb\u4fe1","2002         \u4e2d\u92fc","2330         \u53f0\u7a4d\u96fb","2317         \u9d3b\u6d77","6505         \u53f0\u5851\u77f3\u5316","3481         \u7fa4\u5275","2303         \u806f\u96fb","2308         \u53f0\u9054\u96fb","2454         \u806f\u767c\u79d1","2886         \u5146\u8c50\u91d1","2884         \u7389\u5c71\u91d1","2891         \u4e2d\u4fe1\u91d1","2892         \u7b2c\u4e00\u91d1","5880         \u5408\u5eab\u91d1","2881         \u5bcc\u90a6\u91d1","2885         \u5143\u5927\u91d1","2887         \u53f0\u65b0\u91d1"],"zmin":-1,"zmax":1,"colorbar":{"x":-0.2}}],"layout":{"autotypenumbers":"strict","colorway":["#636efa","#EF553B","#00cc96","#ab63fa","#FFA15A","#19d3f3","#FF6692","#B6E880","#FF97FF","#FECB52"],"font":{"color":"#f2f5fa","family":"Courier New"},"hovermode":"closest","hoverlabel":{"align":"left"},"paper_bgcolor":"rgb(17,17,17)","plot_bgcolor":"rgb(17,17,17)","polar":{"bgcolor":"rgb(17,17,17)","angularaxis":{"gridcolor":"#506784","linecolor":"#506784","ticks":""},"radialaxis":{"gridcolor":"#506784","linecolor":"#506784","ticks":""}},"ternary":{"bgcolor":"rgb(17,17,17)","aaxis":{"gridcolor":"#506784","linecolor":"#506784","ticks":""},"baxis":{"gridcolor":"#506784","linecolor":"#506784","ticks":""},"caxis":{"gridcolor":"#506784","linecolor":"#506784","ticks":""}},"coloraxis":{"colorbar":{"outlinewidth":0,"ticks":""}},"colorscale":{"sequential":[[0.0,"#0d0887"],[0.1111111111111111,"#46039f"],[0.2222222222222222,"#7201a8"],[0.3333333333333333,"#9c179e"],[0.4444444444444444,"#bd3786"],[0.5555555555555556,"#d8576b"],[0.6666666666666666,"#ed7953"],[0.7777777777777778,"#fb9f3a"],[0.8888888888888888,"#fdca26"],[1.0,"#f0f921"]],"sequentialminus":[[0.0,"#0d0887"],[0.1111111111111111,"#46039f"],[0.2222222222222222,"#7201a8"],[0.3333333333333333,"#9c179e"],[0.4444444444444444,"#bd3786"],[0.5555555555555556,"#d8576b"],[0.6666666666666666,"#ed7953"],[0.7777777777777778,"#fb9f3a"],[0.8888888888888888,"#fdca26"],[1.0,"#f0f921"]],"diverging":[[0,"#8e0152"],[0.1,"#c51b7d"],[0.2,"#de77ae"],[0.3,"#f1b6da"],[0.4,"#fde0ef"],[0.5,"#f7f7f7"],[0.6,"#e6f5d0"],[0.7,"#b8e186"],[0.8,"#7fbc41"],[0.9,"#4d9221"],[1,"#276419"]]},"xaxis":{"gridcolor":"rgba(0, 0, 0, 0)","linecolor":"#506784","ticks":"","title":{"standoff":15},"zerolinecolor":"#283442","automargin":true,"zerolinewidth":2,"tickfont":{"family":"Courier New","size":14},"side":"top","tickangle":-90},"yaxis":{"gridcolor":"rgba(0, 0, 0, 0)","linecolor":"#506784","ticks":"","title":{"standoff":15},"zerolinecolor":"#283442","automargin":true,"zerolinewidth":2,"tickfont":{"family":"Courier New"},"side":"right"},"scene":{"xaxis":{"backgroundcolor":"rgb(17,17,17)","gridcolor":"#506784","linecolor":"#506784","showbackground":true,"ticks":"","zerolinecolor":"#C8D4E3","gridwidth":2},"yaxis":{"backgroundcolor":"rgb(17,17,17)","gridcolor":"#506784","linecolor":"#506784","showbackground":true,"ticks":"","zerolinecolor":"#C8D4E3","gridwidth":2},"zaxis":{"backgroundcolor":"rgb(17,17,17)","gridcolor":"#506784","linecolor":"#506784","showbackground":true,"ticks":"","zerolinecolor":"#C8D4E3","gridwidth":2}},"shapedefaults":{"line":{"color":"#f2f5fa"}},"annotationdefaults":{"arrowcolor":"#f2f5fa","arrowhead":0,"arrowwidth":1},"geo":{"bgcolor":"rgb(17,17,17)","landcolor":"rgb(17,17,17)","subunitcolor":"#506784","showland":true,"showlakes":true,"lakecolor":"rgb(17,17,17)"},"title":{"x":0.05,"font":{"family":"Times New Roman"},"y":0.05,"text":"<b>Correlation of Adj Close<b><br><i>2016-09-23 ~ 2026-06-18<i>"},"updatemenudefaults":{"bgcolor":"#506784","borderwidth":0},"sliderdefaults":{"bgcolor":"#C8D4E3","borderwidth":1,"bordercolor":"rgb(17,17,17)","tickwidth":0},"mapbox":{"style":"dark"},"annotations":[{"text":"<b>@zwindr<b>","textangle":0,"opacity":0.5,"font":{"color":"white","size":12},"xref":"paper","yref":"paper","xanchor":"left","yanchor":"bottom","x":1.0,"y":1.0,"showarrow":false}]},"config":{"responsive":true,"toImageButtonOptions":{"filename":"Correlation of Adj Close_2016-09-23~2026-06-18","scale":5}}};Plotly.newPlot("correlationAdjClose",correlationAdjClose.data,correlationAdjClose.layout||{},correlationAdjClose.config);}else{console.log("style display is none => correlationAdjClose");}