var element=document.getElementById("correlationClose");if(element.style.display!='none'){var correlationClose={"data":[{"type":"heatmap","z":[[1.0,0.9999999999999974,1.0,0.994996928034132,0.994996928034132,0.9721701141919732,0.9721701141919732,0.9142702078197791,0.9142702078197791,0.7441775219728106,0.9951288721726957,0.6865785633515437,0.9627492362946395,0.9912043249185704,0.995216114483694,0.9775404061594879,0.9992704401372349,0.9074107945127983,0.9074107945127983,0.7715451499888291,-0.18917764319762598,0.9804170338209884,0.2465061156865337,-0.16319742043133126,-0.22644295475861936,0.8218171354472833,0.8965196309853503,0.9265328731126209,0.9073109321828492,0.7868665277520868,0.6449783610273871,0.6527887107076936,0.6080017412056622,0.9305465390612289,0.8640653061564731,0.2630205611636213],[0.9999999999999974,1.0,0.9999999999999977,0.9949625722092156,0.9949625722092156,0.9717384956623724,0.9717384956623724,0.9149651182541079,0.9149651182541079,0.7458074253338659,0.9951216283293002,0.6870333314111979,0.9594458796254852,0.9908027410450436,0.9952229585780598,0.9771664582989303,0.9992703598155344,0.9072177781514329,0.9072177781514329,0.7887006516158589,0.021195118282681846,0.9732656687624436,0.010202595228328195,-0.15631402087978685,-0.22654932898750207,0.6680955851954661,0.8950695337475728,0.9059509843475362,0.9032867573912134,0.7951817101304018,0.6375484776549991,0.6504969912584674,0.6326275239999338,0.9291411090696783,0.737621519648744,0.2601741302691611],[1.0,0.9999999999999977,1.0,0.994996928034132,0.994996928034132,0.9721701141919732,0.9721701141919732,0.9142702078197791,0.9142702078197791,0.7441775219728106,0.9951288721726957,0.6865785633515437,0.9627492362946395,0.9912043249185704,0.995216114483694,0.9775404061594879,0.9992704401372349,0.9074107945127983,0.9074107945127983,0.7715451499888291,-0.18917764319762598,0.9804170338209884,0.2465061156865337,-0.16319742043133126,-0.22644295475861936,0.8218171354472833,0.8965196309853503,0.9265328731126209,0.9073109321828492,0.7868665277520868,0.6449783610273871,0.6527887107076936,0.6080017412056622,0.9305465390612289,0.8640653061564731,0.2630205611636213],[0.994996928034132,0.9949625722092156,0.994996928034132,1.0,1.0,0.959878577070346,0.959878577070346,0.8968041568763908,0.8968041568763908,0.704343195713574,0.9996378928089844,0.6461704516701037,0.9614558442835595,0.9913479101446121,0.9995926290264231,0.9606895001095697,0.9952507606903189,0.8780805396205617,0.8780805396205617,0.7407019817200057,-0.19684056436394495,0.9925139238370606,0.27499427282777295,-0.1986342089329763,-0.2220361454398238,0.8075309149870703,0.9171825301549825,0.9248423916382038,0.8837993664981428,0.7843984424840512,0.6746171314039797,0.6423154107541247,0.5728235378182938,0.9155203483546503,0.8560312429926674,0.27815536955684894],[0.994996928034132,0.9949625722092156,0.994996928034132,1.0,1.0,0.959878577070346,0.959878577070346,0.8968041568763908,0.8968041568763908,0.704343195713574,0.9996378928089844,0.6461704516701037,0.9614558442835595,0.9913479101446121,0.9995926290264231,0.9606895001095697,0.9952507606903189,0.8780805396205617,0.8780805396205617,0.7407019817200057,-0.19684056436394495,0.9925139238370606,0.27499427282777295,-0.1986342089329763,-0.2220361454398238,0.8075309149870703,0.9171825301549825,0.9248423916382038,0.8837993664981428,0.7843984424840512,0.6746171314039797,0.6423154107541247,0.5728235378182938,0.9155203483546503,0.8560312429926674,0.27815536955684894],[0.9721701141919732,0.9717384956623724,0.9721701141919732,0.959878577070346,0.959878577070346,1.0,1.0,0.9380173805707686,0.9380173805707686,0.7236879144031622,0.9585881295160307,0.6987214741823284,0.9407000911148224,0.9614491006870003,0.9585998771064688,0.9990918646314755,0.9778183839235203,0.9133559245674193,0.9133559245674193,0.6556440479480552,-0.14546274973002568,0.9470215606527294,0.38199561934879855,-0.33150203764625863,-0.11090976596068806,0.883533527414528,0.8547416275100722,0.9417131791263398,0.8886433256981408,0.7573485286327696,0.7979497163495775,0.7454406841887872,0.6792468895631871,0.8716084783199318,0.8890351605693646,0.5238250470232941],[0.9721701141919732,0.9717384956623724,0.9721701141919732,0.959878577070346,0.959878577070346,1.0,1.0,0.9380173805707686,0.9380173805707686,0.7236879144031622,0.9585881295160307,0.6987214741823284,0.9407000911148224,0.9614491006870003,0.9585998771064688,0.9990918646314755,0.9778183839235203,0.9133559245674193,0.9133559245674193,0.6556440479480552,-0.14546274973002568,0.9470215606527294,0.38199561934879855,-0.33150203764625863,-0.11090976596068806,0.883533527414528,0.8547416275100722,0.9417131791263398,0.8886433256981408,0.7573485286327696,0.7979497163495775,0.7454406841887872,0.6792468895631871,0.8716084783199318,0.8890351605693646,0.5238250470232941],[0.9142702078197791,0.9149651182541079,0.9142702078197791,0.8968041568763908,0.8968041568763908,0.9380173805707686,0.9380173805707686,1.0,1.0,0.697996129454834,0.9361262037430836,0.7065331779291025,0.9111005879592889,0.9201677271403839,0.9362337093931237,0.9401293954005234,0.9469372665602535,0.9694869382994423,0.9694869382994423,0.6108496196457421,-0.024082989790699828,0.863693267851044,0.5943546690706261,-0.35994766427849484,0.012983857483846473,0.8029125761470539,0.7484248351198834,0.8905864192127427,0.8567967546370361,0.7744630159527749,0.8887052316644106,0.7921975978366625,0.7056055990903628,0.8151153190408744,0.869591834731318,0.8266504542088088],[0.9142702078197791,0.9149651182541079,0.9142702078197791,0.8968041568763908,0.8968041568763908,0.9380173805707686,0.9380173805707686,1.0,1.0,0.697996129454834,0.9361262037430836,0.7065331779291025,0.9111005879592889,0.9201677271403839,0.9362337093931237,0.9401293954005234,0.9469372665602535,0.9694869382994423,0.9694869382994423,0.6108496196457421,-0.024082989790699828,0.863693267851044,0.5943546690706261,-0.35994766427849484,0.012983857483846473,0.8029125761470539,0.7484248351198834,0.8905864192127427,0.8567967546370361,0.7744630159527749,0.8887052316644106,0.7921975978366625,0.7056055990903628,0.8151153190408744,0.869591834731318,0.8266504542088088],[0.7441775219728106,0.7458074253338659,0.7441775219728106,0.704343195713574,0.704343195713574,0.7236879144031622,0.7236879144031622,0.697996129454834,0.697996129454834,1.0,0.5622736403962535,0.9999695942697628,0.4724288178422762,0.3409088646828453,0.5642150936777752,0.7185557296080015,0.6307999061547296,0.790300139238061,0.790300139238061,0.6849013449517505,-0.09718464627490234,0.671745015734692,0.03514139988240426,0.04986243278183847,-0.2429119756290931,0.7615006699167375,0.42316532494657005,0.7149254986950169,0.7999300153892047,0.669437975862756,0.3250492176516624,0.5211681240212575,0.5617472098221693,0.7667503918774848,0.607781044036529,0.1669130252009883],[0.9951288721726957,0.9951216283293002,0.9951288721726957,0.9996378928089844,0.9996378928089844,0.9585881295160307,0.9585881295160307,0.9361262037430836,0.9361262037430836,0.5622736403962535,1.0,0.5621838942673876,0.9613582541342518,0.9910635952988304,0.9999420441087522,0.9561916179574005,0.994740129885833,0.8868329607736046,0.8868329607736046,0.8504820679910675,-0.07816200598296869,0.9971126288319562,0.9058037069977408,-0.5402543108107467,0.46562173208698493,0.811600889251281,0.8927047568963536,0.936214722584641,0.8720174285597097,0.8102042027653542,0.9365178153447541,0.8504728013880479,0.7243214896502862,0.8978513489820498,0.9536331834248885,0.826104582654863],[0.6865785633515437,0.6870333314111979,0.6865785633515437,0.6461704516701037,0.6461704516701037,0.6987214741823284,0.6987214741823284,0.7065331779291025,0.7065331779291025,0.9999695942697628,0.5621838942673876,1.0,0.4733073426739333,0.3392045500543589,0.5631606786598002,0.707012686609052,0.6298013618094842,0.783310601657366,0.783310601657366,0.6372172204994472,0.03390054619487619,0.6159960205253178,0.3882785215643455,-0.16076770357740397,-0.23251336206608775,0.7857386718341925,0.3213735059755451,0.6808347509414557,0.7680062783360868,0.6874577716209936,0.5045875883875921,0.6825676640044447,0.675907204265288,0.7163075723672888,0.5802968344464651,0.6144398904812282],[0.9627492362946395,0.9594458796254852,0.9627492362946395,0.9614558442835595,0.9614558442835595,0.9407000911148224,0.9407000911148224,0.9111005879592889,0.9111005879592889,0.4724288178422762,0.9613582541342518,0.4733073426739333,1.0,0.9555649330398233,0.9576198510843227,0.9346985449552817,0.9580122457234121,0.8511283789220132,0.8511283789220132,0.81540737593756,-0.04762852097727207,0.955923007981128,0.9006692697744096,-0.6556303343911477,0.502315370993364,0.7647343812550934,0.8434837811040943,0.916741579934444,0.8386348653653123,0.7402293225561652,0.901928379598321,0.8092386653634577,0.6815637687778953,0.8637673316685469,0.9281592135246168,0.8160138485606597],[0.9912043249185704,0.9908027410450436,0.9912043249185704,0.9913479101446121,0.9913479101446121,0.9614491006870003,0.9614491006870003,0.9201677271403839,0.9201677271403839,0.3409088646828453,0.9910635952988304,0.3392045500543589,0.9555649330398233,1.0,0.9911329148213456,0.955785776013545,0.9894652472298944,0.8418696681206882,0.8418696681206882,0.8526294892602768,-0.186210050187848,0.9896216002530565,0.9150988386221472,-0.8006827590518049,0.5758945701693067,0.7213754848090914,0.9225323666761495,0.9212206249205096,0.8185180746665437,0.6954832391551818,0.9425274608521449,0.805988466495749,0.6060225882745374,0.8858492845684964,0.9582861796341978,0.8335283348530119],[0.995216114483694,0.9952229585780598,0.995216114483694,0.9995926290264231,0.9995926290264231,0.9585998771064688,0.9585998771064688,0.9362337093931237,0.9362337093931237,0.5642150936777752,0.9999420441087522,0.5631606786598002,0.9576198510843227,0.9911329148213456,1.0,0.9564273081117288,0.9948481423404696,0.887430694956601,0.887430694956601,0.8514130375290737,-0.07846864007455268,0.9969751679569315,0.9050950778203763,-0.5378321220032899,0.4667038890960508,0.8121762787044554,0.8912507862202181,0.9355959267802358,0.8724331091901518,0.811194959059552,0.9362195532615489,0.8513792407753276,0.7252677424188924,0.8977201415410786,0.9538646568781681,0.8270877602674969],[0.9775404061594879,0.9771664582989303,0.9775404061594879,0.9606895001095697,0.9606895001095697,0.9990918646314755,0.9990918646314755,0.9401293954005234,0.9401293954005234,0.7185557296080015,0.9561916179574005,0.707012686609052,0.9346985449552817,0.955785776013545,0.9564273081117288,1.0,0.9773105048604442,0.9155129265523045,0.9155129265523045,0.7047419401969885,-0.13186467562219947,0.9502188256849929,0.6975883658788824,-0.4606639142235819,-0.1389582236631362,0.8948178550656627,0.841627708360743,0.9384477036771455,0.8964456835101157,0.791262027479197,0.881481519196824,0.7907216886306723,0.7363067467493907,0.8925420683936643,0.886184517452632,0.8214272237094142],[0.9992704401372349,0.9992703598155344,0.9992704401372349,0.9952507606903189,0.9952507606903189,0.9778183839235203,0.9778183839235203,0.9469372665602535,0.9469372665602535,0.6307999061547296,0.994740129885833,0.6298013618094842,0.9580122457234121,0.9894652472298944,0.9948481423404696,0.9773105048604442,1.0,0.916421584352139,0.916421584352139,0.8639121117123051,-0.06118831058309536,0.9886866445231298,0.8809449987891733,-0.5241028948722747,0.47348789324165536,0.8582218432990182,0.8770649742725961,0.9486820820059407,0.9058834166268532,0.8318699438853374,0.9255543589837404,0.8846059038744366,0.7725895079209403,0.9135738392901017,0.9618663771429955,0.8679284353916777],[0.9074107945127983,0.9072177781514329,0.9074107945127983,0.8780805396205617,0.8780805396205617,0.9133559245674193,0.9133559245674193,0.9694869382994423,0.9694869382994423,0.790300139238061,0.8868329607736046,0.783310601657366,0.8511283789220132,0.8418696681206882,0.887430694956601,0.9155129265523045,0.916421584352139,1.0,1.0,0.7557926007830411,-0.07166337243646834,0.8431267722830122,0.5893018091578112,-0.24251754326506236,-0.19169201295891475,0.8387993262133899,0.6851976657173319,0.8465308983778601,0.9208796541824011,0.8489534604763207,0.7996925170748705,0.7707793617706815,0.7071503857085386,0.8566613038607671,0.7901084363940032,0.85973299751613],[0.9074107945127983,0.9072177781514329,0.9074107945127983,0.8780805396205617,0.8780805396205617,0.9133559245674193,0.9133559245674193,0.9694869382994423,0.9694869382994423,0.790300139238061,0.8868329607736046,0.783310601657366,0.8511283789220132,0.8418696681206882,0.887430694956601,0.9155129265523045,0.916421584352139,1.0,1.0,0.7557926007830411,-0.07166337243646834,0.8431267722830122,0.5893018091578112,-0.24251754326506236,-0.19169201295891475,0.8387993262133899,0.6851976657173319,0.8465308983778601,0.9208796541824011,0.8489534604763207,0.7996925170748705,0.7707793617706815,0.7071503857085386,0.8566613038607671,0.7901084363940032,0.85973299751613],[0.7715451499888291,0.7887006516158589,0.7715451499888291,0.7407019817200057,0.7407019817200057,0.6556440479480552,0.6556440479480552,0.6108496196457421,0.6108496196457421,0.6849013449517505,0.8504820679910675,0.6372172204994472,0.81540737593756,0.8526294892602768,0.8514130375290737,0.7047419401969885,0.8639121117123051,0.7557926007830411,0.7557926007830411,1.0,0.015037344674385134,0.7011968604753788,-0.3113161489223315,0.2755875278120293,-0.6444580131471271,0.3834258807913897,0.6344929779099996,0.5341573001124118,0.8423422173535546,0.7073880386101847,0.1806722120925724,0.3388357115619104,0.5735446827535629,0.7891085235586389,0.5052732017186604,-0.10392679136118467],[-0.18917764319762598,0.021195118282681846,-0.18917764319762598,-0.19684056436394495,-0.19684056436394495,-0.14546274973002568,-0.14546274973002568,-0.024082989790699828,-0.024082989790699828,-0.09718464627490234,-0.07816200598296869,0.03390054619487619,-0.04762852097727207,-0.186210050187848,-0.07846864007455268,-0.13186467562219947,-0.06118831058309536,-0.07166337243646834,-0.07166337243646834,0.015037344674385134,1.0,-0.13052177868800605,0.08434169992373408,0.17770010219493798,0.7407890429029417,-0.11147332075807721,-0.09720611646318422,-0.05401287342858165,0.1349776910402212,-0.030120325275873803,-0.014179459113894264,0.2887771872260153,0.551781962756706,-0.15233825792497327,0.0634948593651457,0.12549736998662142],[0.9804170338209884,0.9732656687624436,0.9804170338209884,0.9925139238370606,0.9925139238370606,0.9470215606527294,0.9470215606527294,0.863693267851044,0.863693267851044,0.671745015734692,0.9971126288319562,0.6159960205253178,0.955923007981128,0.9896216002530565,0.9969751679569315,0.9502188256849929,0.9886866445231298,0.8431267722830122,0.8431267722830122,0.7011968604753788,-0.13052177868800605,1.0,0.1829329621761968,-0.2493608578179397,-0.26189891411859795,0.677575406903296,0.923763701062383,0.9088722729716673,0.8276578676382615,0.7517375814813403,0.6792256809767545,0.6109072016844156,0.5059433795020761,0.8931213486729978,0.7211939269475335,0.26444124809897407],[0.2465061156865337,0.010202595228328195,0.2465061156865337,0.27499427282777295,0.27499427282777295,0.38199561934879855,0.38199561934879855,0.5943546690706261,0.5943546690706261,0.03514139988240426,0.9058037069977408,0.3882785215643455,0.9006692697744096,0.9150988386221472,0.9050950778203763,0.6975883658788824,0.8809449987891733,0.5893018091578112,0.5893018091578112,-0.3113161489223315,0.08434169992373408,0.1829329621761968,1.0,-0.4789364271411994,0.687059943180055,0.4081357887161063,0.2099868690191502,0.3702377397794805,-0.04544435052094352,0.13160972380195052,0.6237534358902089,0.5061166605084725,0.2157270804012085,0.07733572943294045,0.4307297949952602,0.4939757574004947],[-0.16319742043133126,-0.15631402087978685,-0.16319742043133126,-0.1986342089329763,-0.1986342089329763,-0.33150203764625863,-0.33150203764625863,-0.35994766427849484,-0.35994766427849484,0.04986243278183847,-0.5402543108107467,-0.16076770357740397,-0.6556303343911477,-0.8006827590518049,-0.5378321220032899,-0.4606639142235819,-0.5241028948722747,-0.24251754326506236,-0.24251754326506236,0.2755875278120293,0.17770010219493798,-0.2493608578179397,-0.4789364271411994,1.0,-0.02509041572679643,-0.20051366907290247,-0.24677837807300582,-0.3391750284852233,-0.08158005151440675,-0.11365509104370203,-0.5754974955872308,-0.23055358342374685,-0.04233873789493872,-0.09491825670832282,-0.2670899621040975,-0.4279771914851606],[-0.22644295475861936,-0.22654932898750207,-0.22644295475861936,-0.2220361454398238,-0.2220361454398238,-0.11090976596068806,-0.11090976596068806,0.012983857483846473,0.012983857483846473,-0.2429119756290931,0.46562173208698493,-0.23251336206608775,0.502315370993364,0.5758945701693067,0.4667038890960508,-0.1389582236631362,0.47348789324165536,-0.19169201295891475,-0.19169201295891475,-0.6444580131471271,0.7407890429029417,-0.26189891411859795,0.687059943180055,-0.02509041572679643,1.0,-0.10432442096778138,-0.17846544130243924,-0.06377661982986814,-0.34453115652261507,-0.3213220626142623,0.05773759063239756,0.15513632674798214,0.26020844492415696,-0.3635263997487336,0.0986859968657829,0.08434116379067048],[0.8218171354472833,0.6680955851954661,0.8218171354472833,0.8075309149870703,0.8075309149870703,0.883533527414528,0.883533527414528,0.8029125761470539,0.8029125761470539,0.7615006699167375,0.811600889251281,0.7857386718341925,0.7647343812550934,0.7213754848090914,0.8121762787044554,0.8948178550656627,0.8582218432990182,0.8387993262133899,0.8387993262133899,0.3834258807913897,-0.11147332075807721,0.677575406903296,0.4081357887161063,-0.20051366907290247,-0.10432442096778138,1.0,0.5465070849328539,0.8479407601526742,0.520718653071155,0.6509543636669729,0.5917051833025054,0.6765165804885875,0.43521476967956935,0.7264094684125482,0.721763517140627,0.45052250188021564],[0.8965196309853503,0.8950695337475728,0.8965196309853503,0.9171825301549825,0.9171825301549825,0.8547416275100722,0.8547416275100722,0.7484248351198834,0.7484248351198834,0.42316532494657005,0.8927047568963536,0.3213735059755451,0.8434837811040943,0.9225323666761495,0.8912507862202181,0.841627708360743,0.8770649742725961,0.6851976657173319,0.6851976657173319,0.6344929779099996,-0.09720611646318422,0.923763701062383,0.2099868690191502,-0.24677837807300582,-0.17846544130243924,0.5465070849328539,1.0,0.7988825409864452,0.7070725233337347,0.6339557719832137,0.6239417307219824,0.5037987912561632,0.44746480025685864,0.7884703274119055,0.6740729511113018,0.22406213109692144],[0.9265328731126209,0.9059509843475362,0.9265328731126209,0.9248423916382038,0.9248423916382038,0.9417131791263398,0.9417131791263398,0.8905864192127427,0.8905864192127427,0.7149254986950169,0.936214722584641,0.6808347509414557,0.916741579934444,0.9212206249205096,0.9355959267802358,0.9384477036771455,0.9486820820059407,0.8465308983778601,0.8465308983778601,0.5341573001124118,-0.05401287342858165,0.9088722729716673,0.3702377397794805,-0.3391750284852233,-0.06377661982986814,0.8479407601526742,0.7988825409864452,1.0,0.7635703256461157,0.6418772874949906,0.6667893343989113,0.6273872121226968,0.5312732513480621,0.8368964760726082,0.8599168841317163,0.28341233382250514],[0.9073109321828492,0.9032867573912134,0.9073109321828492,0.8837993664981428,0.8837993664981428,0.8886433256981408,0.8886433256981408,0.8567967546370361,0.8567967546370361,0.7999300153892047,0.8720174285597097,0.7680062783360868,0.8386348653653123,0.8185180746665437,0.8724331091901518,0.8964456835101157,0.9058834166268532,0.9208796541824011,0.9208796541824011,0.8423422173535546,0.1349776910402212,0.8276578676382615,-0.04544435052094352,-0.08158005151440675,-0.34453115652261507,0.520718653071155,0.7070725233337347,0.7635703256461157,1.0,0.9117627326022585,0.5785384696564179,0.7049277619484736,0.6700624275031778,0.8849576638174012,0.5433764661030398,0.3336730083486537],[0.7868665277520868,0.7951817101304018,0.7868665277520868,0.7843984424840512,0.7843984424840512,0.7573485286327696,0.7573485286327696,0.7744630159527749,0.7744630159527749,0.669437975862756,0.8102042027653542,0.6874577716209936,0.7402293225561652,0.6954832391551818,0.811194959059552,0.791262027479197,0.8318699438853374,0.8489534604763207,0.8489534604763207,0.7073880386101847,-0.030120325275873803,0.7517375814813403,0.13160972380195052,-0.11365509104370203,-0.3213220626142623,0.6509543636669729,0.6339557719832137,0.6418772874949906,0.9117627326022585,1.0,0.6136602330331725,0.6891751837518845,0.6150984702486957,0.7511822960910637,0.6190988054959234,0.5007850252341828],[0.6449783610273871,0.6375484776549991,0.6449783610273871,0.6746171314039797,0.6746171314039797,0.7979497163495775,0.7979497163495775,0.8887052316644106,0.8887052316644106,0.3250492176516624,0.9365178153447541,0.5045875883875921,0.901928379598321,0.9425274608521449,0.9362195532615489,0.881481519196824,0.9255543589837404,0.7996925170748705,0.7996925170748705,0.1806722120925724,-0.014179459113894264,0.6792256809767545,0.6237534358902089,-0.5754974955872308,0.05773759063239756,0.5917051833025054,0.6239417307219824,0.6667893343989113,0.5785384696564179,0.6136602330331725,1.0,0.748555929590536,0.3891608393097482,0.5637818630312035,0.6620944959437514,0.7579856120298271],[0.6527887107076936,0.6504969912584674,0.6527887107076936,0.6423154107541247,0.6423154107541247,0.7454406841887872,0.7454406841887872,0.7921975978366625,0.7921975978366625,0.5211681240212575,0.8504728013880479,0.6825676640044447,0.8092386653634577,0.805988466495749,0.8513792407753276,0.7907216886306723,0.8846059038744366,0.7707793617706815,0.7707793617706815,0.3388357115619104,0.2887771872260153,0.6109072016844156,0.5061166605084725,-0.23055358342374685,0.15513632674798214,0.6765165804885875,0.5037987912561632,0.6273872121226968,0.7049277619484736,0.6891751837518845,0.748555929590536,1.0,0.7791029551377326,0.5328789488162363,0.7382571478820865,0.5706644823142439],[0.6080017412056622,0.6326275239999338,0.6080017412056622,0.5728235378182938,0.5728235378182938,0.6792468895631871,0.6792468895631871,0.7056055990903628,0.7056055990903628,0.5617472098221693,0.7243214896502862,0.675907204265288,0.6815637687778953,0.6060225882745374,0.7252677424188924,0.7363067467493907,0.7725895079209403,0.7071503857085386,0.7071503857085386,0.5735446827535629,0.551781962756706,0.5059433795020761,0.2157270804012085,-0.04233873789493872,0.26020844492415696,0.43521476967956935,0.44746480025685864,0.5312732513480621,0.6700624275031778,0.6150984702486957,0.3891608393097482,0.7791029551377326,1.0,0.5003171357856658,0.6542131516057151,0.21940111749479657],[0.9305465390612289,0.9291411090696783,0.9305465390612289,0.9155203483546503,0.9155203483546503,0.8716084783199318,0.8716084783199318,0.8151153190408744,0.8151153190408744,0.7667503918774848,0.8978513489820498,0.7163075723672888,0.8637673316685469,0.8858492845684964,0.8977201415410786,0.8925420683936643,0.9135738392901017,0.8566613038607671,0.8566613038607671,0.7891085235586389,-0.15233825792497327,0.8931213486729978,0.07733572943294045,-0.09491825670832282,-0.3635263997487336,0.7264094684125482,0.7884703274119055,0.8368964760726082,0.8849576638174012,0.7511822960910637,0.5637818630312035,0.5328789488162363,0.5003171357856658,1.0,0.7632126312244005,0.22836047961504125],[0.8640653061564731,0.737621519648744,0.8640653061564731,0.8560312429926674,0.8560312429926674,0.8890351605693646,0.8890351605693646,0.869591834731318,0.869591834731318,0.607781044036529,0.9536331834248885,0.5802968344464651,0.9281592135246168,0.9582861796341978,0.9538646568781681,0.886184517452632,0.9618663771429955,0.7901084363940032,0.7901084363940032,0.5052732017186604,0.0634948593651457,0.7211939269475335,0.4307297949952602,-0.2670899621040975,0.0986859968657829,0.721763517140627,0.6740729511113018,0.8599168841317163,0.5433764661030398,0.6190988054959234,0.6620944959437514,0.7382571478820865,0.6542131516057151,0.7632126312244005,1.0,0.2548405547849409],[0.2630205611636213,0.2601741302691611,0.2630205611636213,0.27815536955684894,0.27815536955684894,0.5238250470232941,0.5238250470232941,0.8266504542088088,0.8266504542088088,0.1669130252009883,0.826104582654863,0.6144398904812282,0.8160138485606597,0.8335283348530119,0.8270877602674969,0.8214272237094142,0.8679284353916777,0.85973299751613,0.85973299751613,-0.10392679136118467,0.12549736998662142,0.26444124809897407,0.4939757574004947,-0.4279771914851606,0.08434116379067048,0.45052250188021564,0.22406213109692144,0.28341233382250514,0.3336730083486537,0.5007850252341828,0.7579856120298271,0.5706644823142439,0.21940111749479657,0.22836047961504125,0.2548405547849409,1.0]],"x":["^TAIEX       \u81fa\u7063\u52a0\u6b0a\u5831\u916c\u6307\u6578","^TWII        \u81fa\u7063\u52a0\u6b0a\u6307\u6578","^TAIEXx2     \u81fa\u7063\u52a0\u6b0a\u5831\u916c\u6307\u6578_\u65e5\u6b632","^TAI50I      \u81fa\u706350\u5831\u916c\u6307\u6578","^TAI50Ix2    \u81fa\u706350\u5831\u916c\u6307\u6578_\u65e5\u6b632","^TAI100I     \u81fa\u7063\u4e2d\u578b100\u5831\u916c\u6307\u6578","^TAI100Ix2   \u81fa\u7063\u4e2d\u578b100\u5831\u916c\u6307\u6578_\u65e5\u6b632","^TAIDIVIDI   \u81fa\u7063\u9ad8\u80a1\u606f\u5831\u916c\u6307\u6578","^TAIDIVIDIx2 \u81fa\u7063\u9ad8\u80a1\u606f\u5831\u916c\u6307\u6578_\u65e5\u6b632","0050Fund     \u5143\u5927\u53f0\u7063\u5353\u8d8a50\u57fa\u91d1","006208Fund   \u5bcc\u90a6\u53f0\u7063\u91c6\u540950\u57fa\u91d1","0050         \u5143\u5927\u81fa\u706350","00631L       \u5143\u5927\u53f0\u706350\u6b632","00675L       \u5bcc\u90a6\u81fa\u7063\u52a0\u6b0a\u6b632","006208       \u5bcc\u90a6\u53f050","0051         \u5143\u5927\u4e2d\u578b100","006204       \u6c38\u8c50\u81fa\u7063\u52a0\u6b0a","0056         \u5143\u5927\u9ad8\u80a1\u606f","0056         \u5143\u5927\u9ad8\u80a1\u606f_\u80a1\u606f\u4e0d\u6295\u5165","2412         \u4e2d\u83ef\u96fb\u4fe1","2002         \u4e2d\u92fc","2330         \u53f0\u7a4d\u96fb","2317         \u9d3b\u6d77","6505         \u53f0\u5851\u77f3\u5316","3481         \u7fa4\u5275","2303         \u806f\u96fb","2308         \u53f0\u9054\u96fb","2454         \u806f\u767c\u79d1","2886         \u5146\u8c50\u91d1","2884         \u7389\u5c71\u91d1","2891         \u4e2d\u4fe1\u91d1","2892         \u7b2c\u4e00\u91d1","5880         \u5408\u5eab\u91d1","2881         \u5bcc\u90a6\u91d1","2885         \u5143\u5927\u91d1","2887         \u53f0\u65b0\u91d1"],"y":["^TAIEX       \u81fa\u7063\u52a0\u6b0a\u5831\u916c\u6307\u6578","^TWII        \u81fa\u7063\u52a0\u6b0a\u6307\u6578","^TAIEXx2     \u81fa\u7063\u52a0\u6b0a\u5831\u916c\u6307\u6578_\u65e5\u6b632","^TAI50I      \u81fa\u706350\u5831\u916c\u6307\u6578","^TAI50Ix2    \u81fa\u706350\u5831\u916c\u6307\u6578_\u65e5\u6b632","^TAI100I     \u81fa\u7063\u4e2d\u578b100\u5831\u916c\u6307\u6578","^TAI100Ix2   \u81fa\u7063\u4e2d\u578b100\u5831\u916c\u6307\u6578_\u65e5\u6b632","^TAIDIVIDI   \u81fa\u7063\u9ad8\u80a1\u606f\u5831\u916c\u6307\u6578","^TAIDIVIDIx2 \u81fa\u7063\u9ad8\u80a1\u606f\u5831\u916c\u6307\u6578_\u65e5\u6b632","0050Fund     \u5143\u5927\u53f0\u7063\u5353\u8d8a50\u57fa\u91d1","006208Fund   \u5bcc\u90a6\u53f0\u7063\u91c6\u540950\u57fa\u91d1","0050         \u5143\u5927\u81fa\u706350","00631L       \u5143\u5927\u53f0\u706350\u6b632","00675L       \u5bcc\u90a6\u81fa\u7063\u52a0\u6b0a\u6b632","006208       \u5bcc\u90a6\u53f050","0051         \u5143\u5927\u4e2d\u578b100","006204       \u6c38\u8c50\u81fa\u7063\u52a0\u6b0a","0056         \u5143\u5927\u9ad8\u80a1\u606f","0056         \u5143\u5927\u9ad8\u80a1\u606f_\u80a1\u606f\u4e0d\u6295\u5165","2412         \u4e2d\u83ef\u96fb\u4fe1","2002         \u4e2d\u92fc","2330         \u53f0\u7a4d\u96fb","2317         \u9d3b\u6d77","6505         \u53f0\u5851\u77f3\u5316","3481         \u7fa4\u5275","2303         \u806f\u96fb","2308         \u53f0\u9054\u96fb","2454         \u806f\u767c\u79d1","2886         \u5146\u8c50\u91d1","2884         \u7389\u5c71\u91d1","2891         \u4e2d\u4fe1\u91d1","2892         \u7b2c\u4e00\u91d1","5880         \u5408\u5eab\u91d1","2881         \u5bcc\u90a6\u91d1","2885         \u5143\u5927\u91d1","2887         \u53f0\u65b0\u91d1"],"zmin":-1,"zmax":1,"colorbar":{"x":-0.2}}],"layout":{"autotypenumbers":"strict","colorway":["#636efa","#EF553B","#00cc96","#ab63fa","#FFA15A","#19d3f3","#FF6692","#B6E880","#FF97FF","#FECB52"],"font":{"color":"#f2f5fa","family":"Courier New"},"hovermode":"closest","hoverlabel":{"align":"left"},"paper_bgcolor":"rgb(17,17,17)","plot_bgcolor":"rgb(17,17,17)","polar":{"bgcolor":"rgb(17,17,17)","angularaxis":{"gridcolor":"#506784","linecolor":"#506784","ticks":""},"radialaxis":{"gridcolor":"#506784","linecolor":"#506784","ticks":""}},"ternary":{"bgcolor":"rgb(17,17,17)","aaxis":{"gridcolor":"#506784","linecolor":"#506784","ticks":""},"baxis":{"gridcolor":"#506784","linecolor":"#506784","ticks":""},"caxis":{"gridcolor":"#506784","linecolor":"#506784","ticks":""}},"coloraxis":{"colorbar":{"outlinewidth":0,"ticks":""}},"colorscale":{"sequential":[[0.0,"#0d0887"],[0.1111111111111111,"#46039f"],[0.2222222222222222,"#7201a8"],[0.3333333333333333,"#9c179e"],[0.4444444444444444,"#bd3786"],[0.5555555555555556,"#d8576b"],[0.6666666666666666,"#ed7953"],[0.7777777777777778,"#fb9f3a"],[0.8888888888888888,"#fdca26"],[1.0,"#f0f921"]],"sequentialminus":[[0.0,"#0d0887"],[0.1111111111111111,"#46039f"],[0.2222222222222222,"#7201a8"],[0.3333333333333333,"#9c179e"],[0.4444444444444444,"#bd3786"],[0.5555555555555556,"#d8576b"],[0.6666666666666666,"#ed7953"],[0.7777777777777778,"#fb9f3a"],[0.8888888888888888,"#fdca26"],[1.0,"#f0f921"]],"diverging":[[0,"#8e0152"],[0.1,"#c51b7d"],[0.2,"#de77ae"],[0.3,"#f1b6da"],[0.4,"#fde0ef"],[0.5,"#f7f7f7"],[0.6,"#e6f5d0"],[0.7,"#b8e186"],[0.8,"#7fbc41"],[0.9,"#4d9221"],[1,"#276419"]]},"xaxis":{"gridcolor":"rgba(0, 0, 0, 0)","linecolor":"#506784","ticks":"","title":{"standoff":15},"zerolinecolor":"#283442","automargin":true,"zerolinewidth":2,"tickfont":{"family":"Courier New","size":14},"side":"top","tickangle":-90},"yaxis":{"gridcolor":"rgba(0, 0, 0, 0)","linecolor":"#506784","ticks":"","title":{"standoff":15},"zerolinecolor":"#283442","automargin":true,"zerolinewidth":2,"tickfont":{"family":"Courier New"},"side":"right"},"scene":{"xaxis":{"backgroundcolor":"rgb(17,17,17)","gridcolor":"#506784","linecolor":"#506784","showbackground":true,"ticks":"","zerolinecolor":"#C8D4E3","gridwidth":2},"yaxis":{"backgroundcolor":"rgb(17,17,17)","gridcolor":"#506784","linecolor":"#506784","showbackground":true,"ticks":"","zerolinecolor":"#C8D4E3","gridwidth":2},"zaxis":{"backgroundcolor":"rgb(17,17,17)","gridcolor":"#506784","linecolor":"#506784","showbackground":true,"ticks":"","zerolinecolor":"#C8D4E3","gridwidth":2}},"shapedefaults":{"line":{"color":"#f2f5fa"}},"annotationdefaults":{"arrowcolor":"#f2f5fa","arrowhead":0,"arrowwidth":1},"geo":{"bgcolor":"rgb(17,17,17)","landcolor":"rgb(17,17,17)","subunitcolor":"#506784","showland":true,"showlakes":true,"lakecolor":"rgb(17,17,17)"},"title":{"x":0.05,"font":{"family":"Times New Roman"},"y":0.05,"text":"<b>Correlation of Close<b><br><i>2016-09-23 ~ 2026-04-02<i>"},"updatemenudefaults":{"bgcolor":"#506784","borderwidth":0},"sliderdefaults":{"bgcolor":"#C8D4E3","borderwidth":1,"bordercolor":"rgb(17,17,17)","tickwidth":0},"mapbox":{"style":"dark"},"annotations":[{"text":"<b>@zwindr<b>","textangle":0,"opacity":0.5,"font":{"color":"white","size":12},"xref":"paper","yref":"paper","xanchor":"left","yanchor":"bottom","x":1.0,"y":1.0,"showarrow":false}]},"config":{"responsive":true,"toImageButtonOptions":{"filename":"Correlation of Close_2016-09-23~2026-04-02","scale":5}}};Plotly.newPlot("correlationClose",correlationClose.data,correlationClose.layout||{},correlationClose.config);}else{console.log("style display is none => correlationClose");}