var element=document.getElementById("correlationClose");if(element.style.display!='none'){var correlationClose={"data":[{"type":"heatmap","z":[[1.0,0.999999999999998,1.0,0.9950832471970734,0.9950832471970734,0.9674768189761692,0.9674768189761692,0.9084022219493465,0.9084022219493465,0.8155327132349378,0.9946091705833325,0.7726081672176078,0.9924527693127542,0.9927240684057913,0.9946710863816856,0.9749540092880986,0.9991163447324948,0.9168158871368924,0.9168158871368924,0.7812718137228299,-0.15503295207915124,0.9786764371104947,0.18676726134349692,-0.11873381285754818,-0.2502431920923767,0.814025657632444,0.9061932486238947,0.9170062943320668,0.9241190095548153,0.7842922179991827,0.5794746433022597,0.642677870987236,0.6281296698754752,0.9355902985347284,0.8406318753546378,0.20231414747329035],[0.999999999999998,1.0,0.9999999999999982,0.9950524987136509,0.9950524987136509,0.9669690766633459,0.9669690766633459,0.909295016600953,0.909295016600953,0.8170423131125325,0.9946025730820746,0.7727763363724911,0.9921433030604361,0.9922071958258847,0.9946743676625418,0.9744267127109526,0.999117777104198,0.9169078341676291,0.9169078341676291,0.7994869218657169,0.05710197243481858,0.9707847973294775,-0.02786910827417194,-0.11158378274828507,-0.2502528520050351,0.6498462859004107,0.9069262905896693,0.893496982379028,0.9187926876739689,0.7943897031001834,0.571577904542654,0.6401205100216523,0.6531837224894821,0.9334053794979676,0.7012423710436094,0.19950459929221595],[1.0,0.9999999999999982,1.0,0.9950832471970734,0.9950832471970734,0.9674768189761692,0.9674768189761692,0.9084022219493465,0.9084022219493465,0.8155327132349378,0.9946091705833325,0.7726081672176078,0.9924527693127542,0.9927240684057913,0.9946710863816856,0.9749540092880986,0.9991163447324948,0.9168158871368924,0.9168158871368924,0.7812718137228299,-0.15503295207915124,0.9786764371104947,0.18676726134349692,-0.11873381285754818,-0.2502431920923767,0.814025657632444,0.9061932486238947,0.9170062943320668,0.9241190095548153,0.7842922179991827,0.5794746433022597,0.642677870987236,0.6281296698754752,0.9355902985347284,0.8406318753546378,0.20231414747329035],[0.9950832471970734,0.9950524987136509,0.9950832471970734,1.0,1.0,0.9543034237659431,0.9543034237659431,0.8923783060907342,0.8923783060907342,0.7872811387588206,0.9995578173759936,0.7426535909836741,0.9916673209895168,0.9890268081480516,0.9995152664850095,0.9573939622754031,0.9948260797538007,0.8913738065999307,0.8913738065999307,0.7549328641579042,-0.16333352393282036,0.9910194335972842,0.2144792060634723,-0.15513504936697653,-0.2498994842010065,0.803458183923567,0.9196491068803145,0.9175171562604961,0.9072014838077928,0.7880598820938441,0.6088618979071333,0.6352609989151154,0.5970785886758303,0.9254756335937824,0.8308064805021594,0.21474013896214203],[0.9950832471970734,0.9950524987136509,0.9950832471970734,1.0,1.0,0.9543034237659431,0.9543034237659431,0.8923783060907342,0.8923783060907342,0.7872811387588206,0.9995578173759936,0.7426535909836741,0.9916673209895168,0.9890268081480516,0.9995152664850095,0.9573939622754031,0.9948260797538007,0.8913738065999307,0.8913738065999307,0.7549328641579042,-0.16333352393282036,0.9910194335972842,0.2144792060634723,-0.15513504936697653,-0.2498994842010065,0.803458183923567,0.9196491068803145,0.9175171562604961,0.9072014838077928,0.7880598820938441,0.6088618979071333,0.6352609989151154,0.5970785886758303,0.9254756335937824,0.8308064805021594,0.21474013896214203],[0.9674768189761692,0.9669690766633459,0.9674768189761692,0.9543034237659431,0.9543034237659431,1.0,1.0,0.933325022884458,0.933325022884458,0.7892716530468682,0.9535149542249088,0.7720539929669662,0.9688025811575027,0.9661438261411517,0.9534248246786037,0.999075261028188,0.9748295191442324,0.918323548554693,0.918323548554693,0.6492207287460809,-0.10490330777442211,0.9399693884618299,0.3377889473971547,-0.2989530992167063,-0.12137304964592072,0.8823124173194916,0.8584165748901392,0.9344364781353196,0.9003939458596927,0.7501313682986339,0.7605794470672983,0.7431788656444571,0.7029642272128025,0.8675036018593298,0.8700419502076353,0.4787074422594797],[0.9674768189761692,0.9669690766633459,0.9674768189761692,0.9543034237659431,0.9543034237659431,1.0,1.0,0.933325022884458,0.933325022884458,0.7892716530468682,0.9535149542249088,0.7720539929669662,0.9688025811575027,0.9661438261411517,0.9534248246786037,0.999075261028188,0.9748295191442324,0.918323548554693,0.918323548554693,0.6492207287460809,-0.10490330777442211,0.9399693884618299,0.3377889473971547,-0.2989530992167063,-0.12137304964592072,0.8823124173194916,0.8584165748901392,0.9344364781353196,0.9003939458596927,0.7501313682986339,0.7605794470672983,0.7431788656444571,0.7029642272128025,0.8675036018593298,0.8700419502076353,0.4787074422594797],[0.9084022219493465,0.909295016600953,0.9084022219493465,0.8923783060907342,0.8923783060907342,0.933325022884458,0.933325022884458,1.0,1.0,0.7415262522380275,0.9375183470320538,0.7571752652053545,0.9390677141007058,0.9337167806417319,0.9374735829145004,0.9345422966359654,0.9456362771375735,0.9708716921872806,0.9708716921872806,0.5941096837144532,0.016170937332960707,0.8554039660640951,0.5637837295803184,-0.3250129949022544,0.012177567995738025,0.7892710723329328,0.7579796567033054,0.8788092625957709,0.8555468810662052,0.7631001969632314,0.8809212186797241,0.7856366647059939,0.7161683992351572,0.8008593540840812,0.8557613291606789,0.8077207303623236],[0.9084022219493465,0.909295016600953,0.9084022219493465,0.8923783060907342,0.8923783060907342,0.933325022884458,0.933325022884458,1.0,1.0,0.7415262522380275,0.9375183470320538,0.7571752652053545,0.9390677141007058,0.9337167806417319,0.9374735829145004,0.9345422966359654,0.9456362771375735,0.9708716921872806,0.9708716921872806,0.5941096837144532,0.016170937332960707,0.8554039660640951,0.5637837295803184,-0.3250129949022544,0.012177567995738025,0.7892710723329328,0.7579796567033054,0.8788092625957709,0.8555468810662052,0.7631001969632314,0.8809212186797241,0.7856366647059939,0.7161683992351572,0.8008593540840812,0.8557613291606789,0.8077207303623236],[0.8155327132349378,0.8170423131125325,0.8155327132349378,0.7872811387588206,0.7872811387588206,0.7892716530468682,0.7892716530468682,0.7415262522380275,0.7415262522380275,1.0,0.6734545834334501,0.9999698426374971,0.6017715095228948,0.5099194212531288,0.6753000180763611,0.7846914825474115,0.7300156789044029,0.8188623821537635,0.8188623821537635,0.6955370959520416,-0.09910156042222518,0.7593871635053066,0.037576666724148035,0.048742920349222646,-0.24298565898892865,0.7877440422031703,0.5495946490058525,0.7644340147064357,0.8162754567088333,0.6864718836296008,0.35671016421125235,0.53197097393898,0.5646220099300016,0.7947620391916195,0.6598809501612402,0.1721003854595269],[0.9946091705833325,0.9946025730820746,0.9946091705833325,0.9995578173759936,0.9995578173759936,0.9535149542249088,0.9535149542249088,0.9375183470320538,0.9375183470320538,0.6734545834334501,1.0,0.6732864440572714,0.9913699412922697,0.9890451838899635,0.9999303398164006,0.9527520645110172,0.9939294091067844,0.9021768828384066,0.9021768828384066,0.8535215827836931,-0.005397127835497079,0.9966046607570961,0.8936231416182526,-0.5192507244696696,0.3384056004074145,0.8172948162481777,0.885719966236451,0.9347118460417061,0.9011826874085634,0.8126520461196406,0.9194444432212464,0.8667128121111913,0.770042963696846,0.9064141091213349,0.9453919975952902,0.7856606433879616],[0.7726081672176078,0.7727763363724911,0.7726081672176078,0.7426535909836741,0.7426535909836741,0.7720539929669662,0.7720539929669662,0.7571752652053545,0.7571752652053545,0.9999698426374971,0.6732864440572714,1.0,0.5994293553875699,0.5069687440155979,0.6736363968759033,0.7756843953521876,0.7285201199805246,0.8144544690972074,0.8144544690972074,0.6556743518720354,0.028902398885419574,0.7162982729232388,0.42820577388936226,-0.17040186193072468,-0.2307195379350518,0.8189149814311782,0.45326108660912,0.7384214530973766,0.7886469390689109,0.7115388670165068,0.5813951153124503,0.7071752967114,0.6834752246669055,0.7522357344485973,0.6491848251846369,0.6742046144486296],[0.9924527693127542,0.9921433030604361,0.9924527693127542,0.9916673209895168,0.9916673209895168,0.9688025811575027,0.9688025811575027,0.9390677141007058,0.9390677141007058,0.6017715095228948,0.9913699412922697,0.5994293553875699,1.0,0.9997835100893036,0.9913443294195758,0.9659105701400171,0.9903910876599014,0.8888817136125192,0.8888817136125192,0.8329943188364054,0.01888516533122532,0.9898197131873847,0.913199532547608,-0.6700939310800648,0.40533353880592343,0.7857662722616102,0.8956098219271907,0.9404215715514532,0.8889856865401708,0.7495589811369003,0.9204617690342545,0.8435703553613876,0.7457864776152312,0.8911594853262101,0.9571233154870947,0.8116943579036545],[0.9927240684057913,0.9922071958258847,0.9927240684057913,0.9890268081480516,0.9890268081480516,0.9661438261411517,0.9661438261411517,0.9337167806417319,0.9337167806417319,0.5099194212531288,0.9890451838899635,0.5069687440155979,0.9997835100893036,1.0,0.9891737635585538,0.9623777769565981,0.9897811609390081,0.8729300660025741,0.8729300660025741,0.8545820735805694,-0.10709308624016751,0.9860707317728589,0.9206849874027241,-0.8374463786149944,0.4400476755936475,0.7337745435302758,0.9008785188247216,0.9333585436938578,0.8742730239764579,0.6844866649143105,0.9283160751929417,0.8353618284621832,0.6865034008963493,0.9144811808366019,0.9578298352282795,0.7827800846401941],[0.9946710863816856,0.9946743676625418,0.9946710863816856,0.9995152664850095,0.9995152664850095,0.9534248246786037,0.9534248246786037,0.9374735829145004,0.9374735829145004,0.6753000180763611,0.9999303398164006,0.6736363968759033,0.9913443294195758,0.9891737635585538,1.0,0.9527876818307756,0.994015848270558,0.9026117039524818,0.9026117039524818,0.854412040449677,-0.005971956507053561,0.9964723506109828,0.8932921666635618,-0.5168510786218112,0.3398979041741268,0.8176576679350129,0.8844263873390724,0.9339875439554964,0.9014709567961271,0.813809456212499,0.9190942787792187,0.8677387971279504,0.7708242250534119,0.9064155751753309,0.945477955206881,0.7864882727961908],[0.9749540092880986,0.9744267127109526,0.9749540092880986,0.9573939622754031,0.9573939622754031,0.999075261028188,0.999075261028188,0.9345422966359654,0.9345422966359654,0.7846914825474115,0.9527520645110172,0.7756843953521876,0.9659105701400171,0.9623777769565981,0.9527876818307756,1.0,0.9754609773271181,0.9187607118720694,0.9187607118720694,0.6976017075317473,-0.08993031181514309,0.9464261183105945,0.6585554705080892,-0.4305894542540677,-0.16763019073938729,0.8939400515744185,0.8516552203781962,0.9305697288903574,0.9076342890486202,0.7861940176655269,0.8614562638716776,0.7899019184029292,0.7594978664124712,0.8887946976608646,0.8673085009872314,0.7961908829404115],[0.9991163447324948,0.999117777104198,0.9991163447324948,0.9948260797538007,0.9948260797538007,0.9748295191442324,0.9748295191442324,0.9456362771375735,0.9456362771375735,0.7300156789044029,0.9939294091067844,0.7285201199805246,0.9903910876599014,0.9897811609390081,0.994015848270558,0.9754609773271181,1.0,0.9284677826894999,0.9284677826894999,0.863915292386992,0.009357197645964764,0.987466760548568,0.8624031735279404,-0.49863339236712645,0.3587422640434594,0.8639504937639921,0.8758056005333877,0.9458777539679698,0.9305629478682431,0.8343575442363476,0.9075137715312274,0.8980583232383116,0.8125968856641697,0.9196834167033938,0.954246960644783,0.839983712799298],[0.9168158871368924,0.9169078341676291,0.9168158871368924,0.8913738065999307,0.8913738065999307,0.918323548554693,0.918323548554693,0.9708716921872806,0.9708716921872806,0.8188623821537635,0.9021768828384066,0.8144544690972074,0.8888817136125192,0.8729300660025741,0.9026117039524818,0.9187607118720694,0.9284677826894999,1.0,1.0,0.7460032994519715,-0.04277354553245715,0.8551972064980106,0.5596998909760387,-0.20960914421324234,-0.20773075896292686,0.8297799266549769,0.7254550403334044,0.8405718231678008,0.9185340311224969,0.8416674052534199,0.7989454074398538,0.7609282200807433,0.7079140628593741,0.8482825013205492,0.7822810758481955,0.854785348397844],[0.9168158871368924,0.9169078341676291,0.9168158871368924,0.8913738065999307,0.8913738065999307,0.918323548554693,0.918323548554693,0.9708716921872806,0.9708716921872806,0.8188623821537635,0.9021768828384066,0.8144544690972074,0.8888817136125192,0.8729300660025741,0.9026117039524818,0.9187607118720694,0.9284677826894999,1.0,1.0,0.7460032994519715,-0.04277354553245715,0.8551972064980106,0.5596998909760387,-0.20960914421324234,-0.20773075896292686,0.8297799266549769,0.7254550403334044,0.8405718231678008,0.9185340311224969,0.8416674052534199,0.7989454074398538,0.7609282200807433,0.7079140628593741,0.8482825013205492,0.7822810758481955,0.854785348397844],[0.7812718137228299,0.7994869218657169,0.7812718137228299,0.7549328641579042,0.7549328641579042,0.6492207287460809,0.6492207287460809,0.5941096837144532,0.5941096837144532,0.6955370959520416,0.8535215827836931,0.6556743518720354,0.8329943188364054,0.8545820735805694,0.854412040449677,0.6976017075317473,0.863915292386992,0.7460032994519715,0.7460032994519715,1.0,0.029092520103060186,0.7162912503426081,-0.35047980745898477,0.3055835424813248,-0.6554908340986957,0.36075033104177906,0.6960286914223213,0.517877824423346,0.8379625846281069,0.698378505429006,0.12966198320440814,0.31847907264257735,0.5689820847436827,0.7841401541679937,0.4870388512912948,-0.14122039729707625],[-0.15503295207915124,0.05710197243481858,-0.15503295207915124,-0.16333352393282036,-0.16333352393282036,-0.10490330777442211,-0.10490330777442211,0.016170937332960707,0.016170937332960707,-0.09910156042222518,-0.005397127835497079,0.028902398885419574,0.01888516533122532,-0.10709308624016751,-0.005971956507053561,-0.08993031181514309,0.009357197645964764,-0.04277354553245715,-0.04277354553245715,0.029092520103060186,1.0,-0.10606232028487438,0.099191457633885,0.16276320586834145,0.7476242090110903,-0.09697492692466281,-0.061147678716084286,-0.023939847155559642,0.15273734480526113,-0.009136003558008312,0.03159661994276849,0.3190778722386271,0.5623885822415691,-0.13163242964574967,0.09507729092659488,0.1508505446189537],[0.9786764371104947,0.9707847973294775,0.9786764371104947,0.9910194335972842,0.9910194335972842,0.9399693884618299,0.9399693884618299,0.8554039660640951,0.8554039660640951,0.7593871635053066,0.9966046607570961,0.7162982729232388,0.9898197131873847,0.9860707317728589,0.9964723506109828,0.9464261183105945,0.987466760548568,0.8551972064980106,0.8551972064980106,0.7162912503426081,-0.10606232028487438,1.0,0.12255479595901742,-0.21181051706960424,-0.2979737262808539,0.6674190971376633,0.9211818177016803,0.9009495504853502,0.8510344654478778,0.756303092578918,0.6103267223366954,0.6024948782634181,0.5274360191345672,0.9044393447771677,0.6803157141873112,0.1962636523431026],[0.18676726134349692,-0.02786910827417194,0.18676726134349692,0.2144792060634723,0.2144792060634723,0.3377889473971547,0.3377889473971547,0.5637837295803184,0.5637837295803184,0.037576666724148035,0.8936231416182526,0.42820577388936226,0.913199532547608,0.9206849874027241,0.8932921666635618,0.6585554705080892,0.8624031735279404,0.5596998909760387,0.5596998909760387,-0.35047980745898477,0.099191457633885,0.12255479595901742,1.0,-0.46525202944884375,0.7053601820876066,0.38691996983298327,0.14150436929792795,0.33059796120052765,-0.07831640775826734,0.09556124502699802,0.6071679203473499,0.4874031198265907,0.20526018922060557,0.029967957427679368,0.4046700422166459,0.4738772320439914],[-0.11873381285754818,-0.11158378274828507,-0.11873381285754818,-0.15513504936697653,-0.15513504936697653,-0.2989530992167063,-0.2989530992167063,-0.3250129949022544,-0.3250129949022544,0.048742920349222646,-0.5192507244696696,-0.17040186193072468,-0.6700939310800648,-0.8374463786149944,-0.5168510786218112,-0.4305894542540677,-0.49863339236712645,-0.20960914421324234,-0.20960914421324234,0.3055835424813248,0.16276320586834145,-0.21181051706960424,-0.46525202944884375,1.0,-0.02516302343253156,-0.17351197457048798,-0.21083807990904513,-0.3143909628981972,-0.05680059420438826,-0.08747010806225976,-0.5732656930251395,-0.21059532172962572,-0.030791994504696475,-0.06232097493560322,-0.23469488435093802,-0.41299083251867325],[-0.2502431920923767,-0.2502528520050351,-0.2502431920923767,-0.2498994842010065,-0.2498994842010065,-0.12137304964592072,-0.12137304964592072,0.012177567995738025,0.012177567995738025,-0.24298565898892865,0.3384056004074145,-0.2307195379350518,0.40533353880592343,0.4400476755936475,0.3398979041741268,-0.16763019073938729,0.3587422640434594,-0.20773075896292686,-0.20773075896292686,-0.6554908340986957,0.7476242090110903,-0.2979737262808539,0.7053601820876066,-0.02516302343253156,1.0,-0.10840704732760828,-0.23853057297459954,-0.06914113719831458,-0.35127666833923393,-0.32942935332248036,0.06273770362730656,0.15748541705902794,0.26102516887976684,-0.3769113651076282,0.10608577694625898,0.08816930728223937],[0.814025657632444,0.6498462859004107,0.814025657632444,0.803458183923567,0.803458183923567,0.8823124173194916,0.8823124173194916,0.7892710723329328,0.7892710723329328,0.7877440422031703,0.8172948162481777,0.8189149814311782,0.7857662722616102,0.7337745435302758,0.8176576679350129,0.8939400515744185,0.8639504937639921,0.8297799266549769,0.8297799266549769,0.36075033104177906,-0.09697492692466281,0.6674190971376633,0.38691996983298327,-0.17351197457048798,-0.10840704732760828,1.0,0.5428406100357277,0.8397794038752862,0.5015561525523434,0.6332906598154269,0.555859336389284,0.6626811252879424,0.42869034451317317,0.7089579471131504,0.7065082870604231,0.4225519748090844],[0.9061932486238947,0.9069262905896693,0.9061932486238947,0.9196491068803145,0.9196491068803145,0.8584165748901392,0.8584165748901392,0.7579796567033054,0.7579796567033054,0.5495946490058525,0.885719966236451,0.45326108660912,0.8956098219271907,0.9008785188247216,0.8844263873390724,0.8516552203781962,0.8758056005333877,0.7254550403334044,0.7254550403334044,0.6960286914223213,-0.061147678716084286,0.9211818177016803,0.14150436929792795,-0.21083807990904513,-0.23853057297459954,0.5428406100357277,1.0,0.8006087014254955,0.7739316973226201,0.6652828357152756,0.5276181972221761,0.5096727097886632,0.5082776371132963,0.8396429046586833,0.6376129552891903,0.1253347393043925],[0.9170062943320668,0.893496982379028,0.9170062943320668,0.9175171562604961,0.9175171562604961,0.9344364781353196,0.9344364781353196,0.8788092625957709,0.8788092625957709,0.7644340147064357,0.9347118460417061,0.7384214530973766,0.9404215715514532,0.9333585436938578,0.9339875439554964,0.9305697288903574,0.9458777539679698,0.8405718231678008,0.8405718231678008,0.517877824423346,-0.023939847155559642,0.9009495504853502,0.33059796120052765,-0.3143909628981972,-0.06914113719831458,0.8397794038752862,0.8006087014254955,1.0,0.758925913467734,0.6219293017745136,0.6161958856230765,0.6113548143062326,0.5362859847896553,0.8263316720452377,0.8408335596554174,0.2319548323843155],[0.9241190095548153,0.9187926876739689,0.9241190095548153,0.9072014838077928,0.9072014838077928,0.9003939458596927,0.9003939458596927,0.8555468810662052,0.8555468810662052,0.8162754567088333,0.9011826874085634,0.7886469390689109,0.8889856865401708,0.8742730239764579,0.9014709567961271,0.9076342890486202,0.9305629478682431,0.9185340311224969,0.9185340311224969,0.8379625846281069,0.15273734480526113,0.8510344654478778,-0.07831640775826734,-0.05680059420438826,-0.35127666833923393,0.5015561525523434,0.7739316973226201,0.758925913467734,1.0,0.908465493318339,0.5590006148847793,0.6941946693394048,0.6682238191861167,0.8813171405767324,0.5205865309933658,0.3075331254392049],[0.7842922179991827,0.7943897031001834,0.7842922179991827,0.7880598820938441,0.7880598820938441,0.7501313682986339,0.7501313682986339,0.7631001969632314,0.7631001969632314,0.6864718836296008,0.8126520461196406,0.7115388670165068,0.7495589811369003,0.6844866649143105,0.813809456212499,0.7861940176655269,0.8343575442363476,0.8416674052534199,0.8416674052534199,0.698378505429006,-0.009136003558008312,0.756303092578918,0.09556124502699802,-0.08747010806225976,-0.32942935332248036,0.6332906598154269,0.6652828357152756,0.6219293017745136,0.908465493318339,1.0,0.5922290892122875,0.6768299513924299,0.6126220618144964,0.7386032103401995,0.5977320184012647,0.4792590496494307],[0.5794746433022597,0.571577904542654,0.5794746433022597,0.6088618979071333,0.6088618979071333,0.7605794470672983,0.7605794470672983,0.8809212186797241,0.8809212186797241,0.35671016421125235,0.9194444432212464,0.5813951153124503,0.9204617690342545,0.9283160751929417,0.9190942787792187,0.8614562638716776,0.9075137715312274,0.7989454074398538,0.7989454074398538,0.12966198320440814,0.03159661994276849,0.6103267223366954,0.6071679203473499,-0.5732656930251395,0.06273770362730656,0.555859336389284,0.5276181972221761,0.6161958856230765,0.5590006148847793,0.5922290892122875,1.0,0.7482326597788307,0.38796600553667576,0.5225346512470899,0.6042939434095762,0.7532666549634975],[0.642677870987236,0.6401205100216523,0.642677870987236,0.6352609989151154,0.6352609989151154,0.7431788656444571,0.7431788656444571,0.7856366647059939,0.7856366647059939,0.53197097393898,0.8667128121111913,0.7071752967114,0.8435703553613876,0.8353618284621832,0.8677387971279504,0.7899019184029292,0.8980583232383116,0.7609282200807433,0.7609282200807433,0.31847907264257735,0.3190778722386271,0.6024948782634181,0.4874031198265907,-0.21059532172962572,0.15748541705902794,0.6626811252879424,0.5096727097886632,0.6113548143062326,0.6941946693394048,0.6768299513924299,0.7482326597788307,1.0,0.7795040969374787,0.5111691596700465,0.734804959026526,0.5542966368420348],[0.6281296698754752,0.6531837224894821,0.6281296698754752,0.5970785886758303,0.5970785886758303,0.7029642272128025,0.7029642272128025,0.7161683992351572,0.7161683992351572,0.5646220099300016,0.770042963696846,0.6834752246669055,0.7457864776152312,0.6865034008963493,0.7708242250534119,0.7594978664124712,0.8125968856641697,0.7079140628593741,0.7079140628593741,0.5689820847436827,0.5623885822415691,0.5274360191345672,0.20526018922060557,-0.030791994504696475,0.26102516887976684,0.42869034451317317,0.5082776371132963,0.5362859847896553,0.6682238191861167,0.6126220618144964,0.38796600553667576,0.7795040969374787,1.0,0.4962797458942516,0.6655298535472025,0.2070537754697849],[0.9355902985347284,0.9334053794979676,0.9355902985347284,0.9254756335937824,0.9254756335937824,0.8675036018593298,0.8675036018593298,0.8008593540840812,0.8008593540840812,0.7947620391916195,0.9064141091213349,0.7522357344485973,0.8911594853262101,0.9144811808366019,0.9064155751753309,0.8887946976608646,0.9196834167033938,0.8482825013205492,0.8482825013205492,0.7841401541679937,-0.13163242964574967,0.9044393447771677,0.029967957427679368,-0.06232097493560322,-0.3769113651076282,0.7089579471131504,0.8396429046586833,0.8263316720452377,0.8813171405767324,0.7386032103401995,0.5225346512470899,0.5111691596700465,0.4962797458942516,1.0,0.745785029730513,0.18726712465628464],[0.8406318753546378,0.7012423710436094,0.8406318753546378,0.8308064805021594,0.8308064805021594,0.8700419502076353,0.8700419502076353,0.8557613291606789,0.8557613291606789,0.6598809501612402,0.9453919975952902,0.6491848251846369,0.9571233154870947,0.9578298352282795,0.945477955206881,0.8673085009872314,0.954246960644783,0.7822810758481955,0.7822810758481955,0.4870388512912948,0.09507729092659488,0.6803157141873112,0.4046700422166459,-0.23469488435093802,0.10608577694625898,0.7065082870604231,0.6376129552891903,0.8408335596554174,0.5205865309933658,0.5977320184012647,0.6042939434095762,0.734804959026526,0.6655298535472025,0.745785029730513,1.0,0.1968027006143735],[0.20231414747329035,0.19950459929221595,0.20231414747329035,0.21474013896214203,0.21474013896214203,0.4787074422594797,0.4787074422594797,0.8077207303623236,0.8077207303623236,0.1721003854595269,0.7856606433879616,0.6742046144486296,0.8116943579036545,0.7827800846401941,0.7864882727961908,0.7961908829404115,0.839983712799298,0.854785348397844,0.854785348397844,-0.14122039729707625,0.1508505446189537,0.1962636523431026,0.4738772320439914,-0.41299083251867325,0.08816930728223937,0.4225519748090844,0.1253347393043925,0.2319548323843155,0.3075331254392049,0.4792590496494307,0.7532666549634975,0.5542966368420348,0.2070537754697849,0.18726712465628464,0.1968027006143735,1.0]],"x":["^TAIEX       \u81fa\u7063\u52a0\u6b0a\u5831\u916c\u6307\u6578","^TWII        \u81fa\u7063\u52a0\u6b0a\u6307\u6578","^TAIEXx2     \u81fa\u7063\u52a0\u6b0a\u5831\u916c\u6307\u6578_\u65e5\u6b632","^TAI50I      \u81fa\u706350\u5831\u916c\u6307\u6578","^TAI50Ix2    \u81fa\u706350\u5831\u916c\u6307\u6578_\u65e5\u6b632","^TAI100I     \u81fa\u7063\u4e2d\u578b100\u5831\u916c\u6307\u6578","^TAI100Ix2   \u81fa\u7063\u4e2d\u578b100\u5831\u916c\u6307\u6578_\u65e5\u6b632","^TAIDIVIDI   \u81fa\u7063\u9ad8\u80a1\u606f\u5831\u916c\u6307\u6578","^TAIDIVIDIx2 \u81fa\u7063\u9ad8\u80a1\u606f\u5831\u916c\u6307\u6578_\u65e5\u6b632","0050Fund     \u5143\u5927\u53f0\u7063\u5353\u8d8a50\u57fa\u91d1","006208Fund   \u5bcc\u90a6\u53f0\u7063\u91c6\u540950\u57fa\u91d1","0050         \u5143\u5927\u81fa\u706350","00631L       \u5143\u5927\u53f0\u706350\u6b632","00675L       \u5bcc\u90a6\u81fa\u7063\u52a0\u6b0a\u6b632","006208       \u5bcc\u90a6\u53f050","0051         \u5143\u5927\u4e2d\u578b100","006204       \u6c38\u8c50\u81fa\u7063\u52a0\u6b0a","0056         \u5143\u5927\u9ad8\u80a1\u606f","0056         \u5143\u5927\u9ad8\u80a1\u606f_\u80a1\u606f\u4e0d\u6295\u5165","2412         \u4e2d\u83ef\u96fb\u4fe1","2002         \u4e2d\u92fc","2330         \u53f0\u7a4d\u96fb","2317         \u9d3b\u6d77","6505         \u53f0\u5851\u77f3\u5316","3481         \u7fa4\u5275","2303         \u806f\u96fb","2308         \u53f0\u9054\u96fb","2454         \u806f\u767c\u79d1","2886         \u5146\u8c50\u91d1","2884         \u7389\u5c71\u91d1","2891         \u4e2d\u4fe1\u91d1","2892         \u7b2c\u4e00\u91d1","5880         \u5408\u5eab\u91d1","2881         \u5bcc\u90a6\u91d1","2885         \u5143\u5927\u91d1","2887         \u53f0\u65b0\u91d1"],"y":["^TAIEX       \u81fa\u7063\u52a0\u6b0a\u5831\u916c\u6307\u6578","^TWII        \u81fa\u7063\u52a0\u6b0a\u6307\u6578","^TAIEXx2     \u81fa\u7063\u52a0\u6b0a\u5831\u916c\u6307\u6578_\u65e5\u6b632","^TAI50I      \u81fa\u706350\u5831\u916c\u6307\u6578","^TAI50Ix2    \u81fa\u706350\u5831\u916c\u6307\u6578_\u65e5\u6b632","^TAI100I     \u81fa\u7063\u4e2d\u578b100\u5831\u916c\u6307\u6578","^TAI100Ix2   \u81fa\u7063\u4e2d\u578b100\u5831\u916c\u6307\u6578_\u65e5\u6b632","^TAIDIVIDI   \u81fa\u7063\u9ad8\u80a1\u606f\u5831\u916c\u6307\u6578","^TAIDIVIDIx2 \u81fa\u7063\u9ad8\u80a1\u606f\u5831\u916c\u6307\u6578_\u65e5\u6b632","0050Fund     \u5143\u5927\u53f0\u7063\u5353\u8d8a50\u57fa\u91d1","006208Fund   \u5bcc\u90a6\u53f0\u7063\u91c6\u540950\u57fa\u91d1","0050         \u5143\u5927\u81fa\u706350","00631L       \u5143\u5927\u53f0\u706350\u6b632","00675L       \u5bcc\u90a6\u81fa\u7063\u52a0\u6b0a\u6b632","006208       \u5bcc\u90a6\u53f050","0051         \u5143\u5927\u4e2d\u578b100","006204       \u6c38\u8c50\u81fa\u7063\u52a0\u6b0a","0056         \u5143\u5927\u9ad8\u80a1\u606f","0056         \u5143\u5927\u9ad8\u80a1\u606f_\u80a1\u606f\u4e0d\u6295\u5165","2412         \u4e2d\u83ef\u96fb\u4fe1","2002         \u4e2d\u92fc","2330         \u53f0\u7a4d\u96fb","2317         \u9d3b\u6d77","6505         \u53f0\u5851\u77f3\u5316","3481         \u7fa4\u5275","2303         \u806f\u96fb","2308         \u53f0\u9054\u96fb","2454         \u806f\u767c\u79d1","2886         \u5146\u8c50\u91d1","2884         \u7389\u5c71\u91d1","2891         \u4e2d\u4fe1\u91d1","2892         \u7b2c\u4e00\u91d1","5880         \u5408\u5eab\u91d1","2881         \u5bcc\u90a6\u91d1","2885         \u5143\u5927\u91d1","2887         \u53f0\u65b0\u91d1"],"zmin":-1,"zmax":1,"colorbar":{"x":-0.2}}],"layout":{"autotypenumbers":"strict","colorway":["#636efa","#EF553B","#00cc96","#ab63fa","#FFA15A","#19d3f3","#FF6692","#B6E880","#FF97FF","#FECB52"],"font":{"color":"#f2f5fa","family":"Courier New"},"hovermode":"closest","hoverlabel":{"align":"left"},"paper_bgcolor":"rgb(17,17,17)","plot_bgcolor":"rgb(17,17,17)","polar":{"bgcolor":"rgb(17,17,17)","angularaxis":{"gridcolor":"#506784","linecolor":"#506784","ticks":""},"radialaxis":{"gridcolor":"#506784","linecolor":"#506784","ticks":""}},"ternary":{"bgcolor":"rgb(17,17,17)","aaxis":{"gridcolor":"#506784","linecolor":"#506784","ticks":""},"baxis":{"gridcolor":"#506784","linecolor":"#506784","ticks":""},"caxis":{"gridcolor":"#506784","linecolor":"#506784","ticks":""}},"coloraxis":{"colorbar":{"outlinewidth":0,"ticks":""}},"colorscale":{"sequential":[[0.0,"#0d0887"],[0.1111111111111111,"#46039f"],[0.2222222222222222,"#7201a8"],[0.3333333333333333,"#9c179e"],[0.4444444444444444,"#bd3786"],[0.5555555555555556,"#d8576b"],[0.6666666666666666,"#ed7953"],[0.7777777777777778,"#fb9f3a"],[0.8888888888888888,"#fdca26"],[1.0,"#f0f921"]],"sequentialminus":[[0.0,"#0d0887"],[0.1111111111111111,"#46039f"],[0.2222222222222222,"#7201a8"],[0.3333333333333333,"#9c179e"],[0.4444444444444444,"#bd3786"],[0.5555555555555556,"#d8576b"],[0.6666666666666666,"#ed7953"],[0.7777777777777778,"#fb9f3a"],[0.8888888888888888,"#fdca26"],[1.0,"#f0f921"]],"diverging":[[0,"#8e0152"],[0.1,"#c51b7d"],[0.2,"#de77ae"],[0.3,"#f1b6da"],[0.4,"#fde0ef"],[0.5,"#f7f7f7"],[0.6,"#e6f5d0"],[0.7,"#b8e186"],[0.8,"#7fbc41"],[0.9,"#4d9221"],[1,"#276419"]]},"xaxis":{"gridcolor":"rgba(0, 0, 0, 0)","linecolor":"#506784","ticks":"","title":{"standoff":15},"zerolinecolor":"#283442","automargin":true,"zerolinewidth":2,"tickfont":{"family":"Courier New","size":14},"side":"top","tickangle":-90},"yaxis":{"gridcolor":"rgba(0, 0, 0, 0)","linecolor":"#506784","ticks":"","title":{"standoff":15},"zerolinecolor":"#283442","automargin":true,"zerolinewidth":2,"tickfont":{"family":"Courier New"},"side":"right"},"scene":{"xaxis":{"backgroundcolor":"rgb(17,17,17)","gridcolor":"#506784","linecolor":"#506784","showbackground":true,"ticks":"","zerolinecolor":"#C8D4E3","gridwidth":2},"yaxis":{"backgroundcolor":"rgb(17,17,17)","gridcolor":"#506784","linecolor":"#506784","showbackground":true,"ticks":"","zerolinecolor":"#C8D4E3","gridwidth":2},"zaxis":{"backgroundcolor":"rgb(17,17,17)","gridcolor":"#506784","linecolor":"#506784","showbackground":true,"ticks":"","zerolinecolor":"#C8D4E3","gridwidth":2}},"shapedefaults":{"line":{"color":"#f2f5fa"}},"annotationdefaults":{"arrowcolor":"#f2f5fa","arrowhead":0,"arrowwidth":1},"geo":{"bgcolor":"rgb(17,17,17)","landcolor":"rgb(17,17,17)","subunitcolor":"#506784","showland":true,"showlakes":true,"lakecolor":"rgb(17,17,17)"},"title":{"x":0.05,"font":{"family":"Times New Roman"},"y":0.05,"text":"<b>Correlation of Close<b><br><i>2016-09-23 ~ 2026-01-06<i>"},"updatemenudefaults":{"bgcolor":"#506784","borderwidth":0},"sliderdefaults":{"bgcolor":"#C8D4E3","borderwidth":1,"bordercolor":"rgb(17,17,17)","tickwidth":0},"mapbox":{"style":"dark"},"annotations":[{"text":"<b>@zwindr<b>","textangle":0,"opacity":0.5,"font":{"color":"white","size":12},"xref":"paper","yref":"paper","xanchor":"left","yanchor":"bottom","x":1.0,"y":1.0,"showarrow":false}]},"config":{"responsive":true,"toImageButtonOptions":{"filename":"Correlation of Close_2016-09-23~2026-01-06","scale":5}}};Plotly.newPlot("correlationClose",correlationClose.data,correlationClose.layout||{},correlationClose.config);}else{console.log("style display is none => correlationClose");}