var element=document.getElementById("correlationClose");if(element.style.display!='none'){var correlationClose={"data":[{"type":"heatmap","z":[[1.0,0.9999999999999981,1.0,0.9953678092927899,0.9953678092927899,0.9641585495182374,0.9641585495182374,0.902670802394473,0.902670802394473,0.8843599218776891,0.9946438773916636,0.8574226503848735,0.9928813548658546,0.9927288539304217,0.9947047343625591,0.973440482098889,0.9989815552559703,0.9234472737411772,0.9234472737411772,0.7852234960141822,-0.11410202426082745,0.9776164945511545,0.11514707748938982,-0.06779804344082936,-0.25209208160109037,0.8181048343497968,0.9221831163559676,0.9120305149985853,0.9288027988257509,0.7805767760023958,0.5264318025052745,0.629360499136816,0.6363071235996803,0.931656986035756,0.8242193582751135,0.17720286031552207],[0.9999999999999981,1.0,0.9999999999999984,0.9953290354860899,0.9953290354860899,0.9635738510053105,0.9635738510053105,0.9037507691784734,0.9037507691784734,0.8854663565074324,0.9946324506481214,0.8570417878979983,0.9925960723878282,0.9921791559390024,0.994673837658831,0.9727884776968848,0.9989836439789852,0.923792532082177,0.923792532082177,0.8044225854501782,0.09574780331241932,0.9691074252523444,-0.07093324245198288,-0.06045365182486366,-0.25232456607156933,0.6471070260745879,0.9227881708675999,0.8860761184195652,0.9231922271770179,0.7919672041086745,0.5180469025087711,0.6264154825638757,0.6626172752561017,0.9290449882551709,0.6767236449069528,0.17420338235138969],[1.0,0.9999999999999984,1.0,0.9953678092927899,0.9953678092927899,0.9641585495182374,0.9641585495182374,0.902670802394473,0.902670802394473,0.8843599218776891,0.9946438773916636,0.8574226503848735,0.9928813548658546,0.9927288539304217,0.9947047343625591,0.973440482098889,0.9989815552559703,0.9234472737411772,0.9234472737411772,0.7852234960141822,-0.11410202426082745,0.9776164945511545,0.11514707748938982,-0.06779804344082936,-0.25209208160109037,0.8181048343497968,0.9221831163559676,0.9120305149985853,0.9288027988257509,0.7805767760023958,0.5264318025052745,0.629360499136816,0.6363071235996803,0.931656986035756,0.8242193582751135,0.17720286031552207],[0.9953678092927899,0.9953290354860899,0.9953678092927899,1.0,1.0,0.9511335436778448,0.9511335436778448,0.8880054080387433,0.8880054080387433,0.8691690161347294,0.9995044677393208,0.8404167048297678,0.9897756784865003,0.9861806342211017,0.9994648007376143,0.9561251424352559,0.9949113737603579,0.9020307696475224,0.9020307696475224,0.7626713426258046,-0.12106184649255078,0.9897188573952582,0.13842543071231334,-0.10242972117340035,-0.25402657484960384,0.813331808290187,0.9256956225197743,0.9160297576803904,0.9163060536826091,0.7896678648234349,0.5546024404600077,0.6237804988309317,0.6085231431274671,0.9235628067312449,0.8141019630526123,0.1890529457108493],[0.9953678092927899,0.9953290354860899,0.9953678092927899,1.0,1.0,0.9511335436778448,0.9511335436778448,0.8880054080387433,0.8880054080387433,0.8691690161347294,0.9995044677393208,0.8404167048297678,0.9897756784865003,0.9861806342211017,0.9994648007376143,0.9561251424352559,0.9949113737603579,0.9020307696475224,0.9020307696475224,0.7626713426258046,-0.12106184649255078,0.9897188573952582,0.13842543071231334,-0.10242972117340035,-0.25402657484960384,0.813331808290187,0.9256956225197743,0.9160297576803904,0.9163060536826091,0.7896678648234349,0.5546024404600077,0.6237804988309317,0.6085231431274671,0.9235628067312449,0.8141019630526123,0.1890529457108493],[0.9641585495182374,0.9635738510053105,0.9641585495182374,0.9511335436778448,0.9511335436778448,1.0,1.0,0.9282778907250057,0.9282778907250057,0.8480723775972058,0.9522080915597791,0.8387820614457483,0.9738669029880042,0.9719020134490794,0.9520633357023773,0.9990587370469604,0.9732405648349768,0.9198031961619878,0.9198031961619878,0.6393260127240248,-0.060486322966432866,0.9360947352334288,0.28421762913385745,-0.2599372436319803,-0.11384139564777525,0.887994048026373,0.876859050589876,0.9301733118481176,0.8997262889824756,0.7417578181165451,0.7315649809817096,0.735617284000919,0.7112871002754416,0.8556953718128194,0.8566188613909954,0.4625324833355037],[0.9641585495182374,0.9635738510053105,0.9641585495182374,0.9511335436778448,0.9511335436778448,1.0,1.0,0.9282778907250057,0.9282778907250057,0.8480723775972058,0.9522080915597791,0.8387820614457483,0.9738669029880042,0.9719020134490794,0.9520633357023773,0.9990587370469604,0.9732405648349768,0.9198031961619878,0.9198031961619878,0.6393260127240248,-0.060486322966432866,0.9360947352334288,0.28421762913385745,-0.2599372436319803,-0.11384139564777525,0.887994048026373,0.876859050589876,0.9301733118481176,0.8997262889824756,0.7417578181165451,0.7315649809817096,0.735617284000919,0.7112871002754416,0.8556953718128194,0.8566188613909954,0.4625324833355037],[0.902670802394473,0.9037507691784734,0.902670802394473,0.8880054080387433,0.8880054080387433,0.9282778907250057,0.9282778907250057,1.0,1.0,0.7875386079296225,0.9385802968088958,0.8108680148342426,0.9457676463315371,0.9407579185517106,0.9384681294687802,0.9292203934523083,0.9431951537574311,0.972089764487611,0.972089764487611,0.5784610414493434,0.05987362873294261,0.8478055871459647,0.5269801756261182,-0.2847976390467292,0.024188416646166583,0.785320999466988,0.7739211233882725,0.8697858550933889,0.8492672557261494,0.7535390701019149,0.8745701067069954,0.777825294994195,0.7189393473798005,0.7846308970505915,0.8440289280070821,0.799280945146039],[0.902670802394473,0.9037507691784734,0.902670802394473,0.8880054080387433,0.8880054080387433,0.9282778907250057,0.9282778907250057,1.0,1.0,0.7875386079296225,0.9385802968088958,0.8108680148342426,0.9457676463315371,0.9407579185517106,0.9384681294687802,0.9292203934523083,0.9431951537574311,0.972089764487611,0.972089764487611,0.5784610414493434,0.05987362873294261,0.8478055871459647,0.5269801756261182,-0.2847976390467292,0.024188416646166583,0.785320999466988,0.7739211233882725,0.8697858550933889,0.8492672557261494,0.7535390701019149,0.8745701067069954,0.777825294994195,0.7189393473798005,0.7846308970505915,0.8440289280070821,0.799280945146039],[0.8843599218776891,0.8854663565074324,0.8843599218776891,0.8691690161347294,0.8691690161347294,0.8480723775972058,0.8480723775972058,0.7875386079296225,0.7875386079296225,1.0,0.7920544363672946,0.9999700901930099,0.7525157292007502,0.6885738816266354,0.794081281397355,0.846144590776766,0.8278633162371163,0.850041834667913,0.850041834667913,0.710585465228634,-0.10617318572266578,0.8475346396362796,0.048205757044457766,0.04272702698860984,-0.24604165208859274,0.8050297834186565,0.7005816504413581,0.8043650101792689,0.8431422474893326,0.7068889934122459,0.39151731541179086,0.5480799313650093,0.5716947732041667,0.8384690993905505,0.7039445301313868,0.17738512730639167],[0.9946438773916636,0.9946324506481214,0.9946438773916636,0.9995044677393208,0.9995044677393208,0.9522080915597791,0.9522080915597791,0.9385802968088958,0.9385802968088958,0.7920544363672946,1.0,0.7918418403532379,0.9894868733698896,0.9862666271488978,0.9999198699091865,0.952506535733748,0.9938523822581823,0.9161735040579382,0.9161735040579382,0.8529268741105158,0.08556664735119002,0.996133733174926,0.8707374021016495,-0.48058381178113446,0.3539370603534291,0.8408572548361162,0.8881461093180169,0.9413632164980354,0.9120311377099833,0.8155201663744557,0.9052345452988939,0.8741774688035392,0.7970198339447271,0.8998772443153065,0.943097359046086,0.7736483655108685],[0.8574226503848735,0.8570417878979983,0.8574226503848735,0.8404167048297678,0.8404167048297678,0.8387820614457483,0.8387820614457483,0.8108680148342426,0.8108680148342426,0.9999700901930099,0.7918418403532379,1.0,0.7495951889049499,0.6848723657042703,0.7917230972383816,0.8396968314810884,0.8259488801666603,0.8482531190923697,0.8482531190923697,0.6796152424463213,0.016168451946286674,0.8199036781715568,0.510863757704632,-0.18983588504018475,-0.23364072702277622,0.8418564917720269,0.6241680288878538,0.786127826230446,0.8221832422630109,0.7398374387289991,0.6628590322056668,0.7401727365077666,0.6982729521413686,0.8091245987913543,0.7091495306094764,0.7093937144228096],[0.9928813548658546,0.9925960723878282,0.9928813548658546,0.9897756784865003,0.9897756784865003,0.9738669029880042,0.9738669029880042,0.9457676463315371,0.9457676463315371,0.7525157292007502,0.9894868733698896,0.7495951889049499,1.0,0.9997305606114256,0.989492162516825,0.9721115380972009,0.9905153633571879,0.9103781875894361,0.9103781875894361,0.8277999688962743,0.1194816860510439,0.9873550040801804,0.8922177821862338,-0.6495459441360312,0.42758708687725905,0.8179920698444044,0.8920081406745897,0.9549424575787634,0.9062397679472705,0.7479111946372546,0.9054797392298239,0.8551531281738936,0.7841585452721267,0.8831051044496306,0.9605066895503629,0.8057876222767041],[0.9927288539304217,0.9921791559390024,0.9927288539304217,0.9861806342211017,0.9861806342211017,0.9719020134490794,0.9719020134490794,0.9407579185517106,0.9407579185517106,0.6885738816266354,0.9862666271488978,0.6848723657042703,0.9997305606114256,1.0,0.9864509272790122,0.9692340643265708,0.9892416326602775,0.8965307808026083,0.8965307808026083,0.847999447258116,-0.00480474439523229,0.9824225554653753,0.9006543650942391,-0.8391294054263011,0.4695986123872344,0.7700954809366932,0.8957636340143067,0.9512870202263607,0.8932828688746796,0.6748416839760518,0.9148922985957869,0.8452136256935958,0.7310129197176892,0.9117495617329264,0.9619533251573051,0.772972447592604],[0.9947047343625591,0.994673837658831,0.9947047343625591,0.9994648007376143,0.9994648007376143,0.9520633357023773,0.9520633357023773,0.9384681294687802,0.9384681294687802,0.794081281397355,0.9999198699091865,0.7917230972383816,0.989492162516825,0.9864509272790122,1.0,0.9524068706946344,0.9939194330495643,0.9165742093166772,0.9165742093166772,0.8539281639609422,0.08459806285715295,0.996005186841855,0.8703554520310542,-0.4781042074839478,0.3531435139299569,0.8408093834470286,0.8854440175462309,0.9403422742352102,0.9124599206967586,0.8167008234094433,0.9047464933745115,0.8751681819838055,0.7977966142879491,0.8997409603566859,0.942922600672216,0.7743700274608524],[0.973440482098889,0.9727884776968848,0.973440482098889,0.9561251424352559,0.9561251424352559,0.9990587370469604,0.9990587370469604,0.9292203934523083,0.9292203934523083,0.846144590776766,0.952506535733748,0.8396968314810884,0.9721115380972009,0.9692340643265708,0.9524068706946344,1.0,0.9746541277275335,0.919539919913282,0.919539919913282,0.6880656163774751,-0.04372310834101857,0.9453621424705161,0.6142370689080814,-0.3929200704559165,-0.16439978502991648,0.8998663673133599,0.8767599603014297,0.9258620518988389,0.9073724418779974,0.7799287935107543,0.8470238861255192,0.783866311091021,0.7680325817614195,0.8785000440798045,0.8540315755085942,0.7868350329873908],[0.9989815552559703,0.9989836439789852,0.9989815552559703,0.9949113737603579,0.9949113737603579,0.9732405648349768,0.9732405648349768,0.9431951537574311,0.9431951537574311,0.8278633162371163,0.9938523822581823,0.8259488801666603,0.9905153633571879,0.9892416326602775,0.9939194330495643,0.9746541277275335,1.0,0.9369344158143238,0.9369344158143238,0.8597472997815369,0.09162863615878687,0.9872453721417224,0.8398642531984625,-0.4590001281410773,0.3690769696409769,0.8808603018117569,0.8888694239207273,0.947421846328735,0.9376156926937205,0.8345413740030083,0.8929600075172852,0.9017494704960883,0.8325067394241603,0.9126250910144931,0.9498374873935707,0.8314686728242414],[0.9234472737411772,0.923792532082177,0.9234472737411772,0.9020307696475224,0.9020307696475224,0.9198031961619878,0.9198031961619878,0.972089764487611,0.972089764487611,0.850041834667913,0.9161735040579382,0.8482531190923697,0.9103781875894361,0.8965307808026083,0.9165742093166772,0.919539919913282,0.9369344158143238,1.0,1.0,0.7373796979134248,-0.011420346509469291,0.865442481086547,0.5341128122235657,-0.17435933705526702,-0.2047114587441145,0.8250914184680274,0.7725678600642878,0.8338305652473597,0.9151336523842954,0.8359047281770643,0.7985864460197368,0.751830805565211,0.7047338265693689,0.8426463047131282,0.7735833672996714,0.8488665478446538],[0.9234472737411772,0.923792532082177,0.9234472737411772,0.9020307696475224,0.9020307696475224,0.9198031961619878,0.9198031961619878,0.972089764487611,0.972089764487611,0.850041834667913,0.9161735040579382,0.8482531190923697,0.9103781875894361,0.8965307808026083,0.9165742093166772,0.919539919913282,0.9369344158143238,1.0,1.0,0.7373796979134248,-0.011420346509469291,0.865442481086547,0.5341128122235657,-0.17435933705526702,-0.2047114587441145,0.8250914184680274,0.7725678600642878,0.8338305652473597,0.9151336523842954,0.8359047281770643,0.7985864460197368,0.751830805565211,0.7047338265693689,0.8426463047131282,0.7735833672996714,0.8488665478446538],[0.7852234960141822,0.8044225854501782,0.7852234960141822,0.7626713426258046,0.7626713426258046,0.6393260127240248,0.6393260127240248,0.5784610414493434,0.5784610414493434,0.710585465228634,0.8529268741105158,0.6796152424463213,0.8277999688962743,0.847999447258116,0.8539281639609422,0.6880656163774751,0.8597472997815369,0.7373796979134248,0.7373796979134248,1.0,0.04511707163935279,0.7246906320729163,-0.39753554449216316,0.3386967998443161,-0.6582535137705539,0.3457281609093725,0.7485397617229825,0.5019444198329543,0.8340791854145525,0.690480827815411,0.08612995529625615,0.2995802747218127,0.5633754668864556,0.7815290748007954,0.46920273399712914,-0.1598200344697179],[-0.11410202426082745,0.09574780331241932,-0.11410202426082745,-0.12106184649255078,-0.12106184649255078,-0.060486322966432866,-0.060486322966432866,0.05987362873294261,0.05987362873294261,-0.10617318572266578,0.08556664735119002,0.016168451946286674,0.1194816860510439,-0.00480474439523229,0.08459806285715295,-0.04372310834101857,0.09162863615878687,-0.011420346509469291,-0.011420346509469291,0.04511707163935279,1.0,-0.07424480976646015,0.12129255945474271,0.1423146154591448,0.750595664178173,-0.08521343942862213,-0.009020213809213263,0.005290176907122248,0.1759016270609219,0.01345994250171848,0.07831271555707518,0.35331808546660853,0.5766155692924142,-0.10354043238812001,0.12324070691126963,0.16599612559656943],[0.9776164945511545,0.9691074252523444,0.9776164945511545,0.9897188573952582,0.9897188573952582,0.9360947352334288,0.9360947352334288,0.8478055871459647,0.8478055871459647,0.8475346396362796,0.996133733174926,0.8199036781715568,0.9873550040801804,0.9824225554653753,0.996005186841855,0.9453621424705161,0.9872453721417224,0.865442481086547,0.865442481086547,0.7246906320729163,-0.07424480976646015,1.0,0.04743892645691919,-0.16360613954549855,-0.30833355825103925,0.6755515209473087,0.9186115735850925,0.9000778605826616,0.8596948394429644,0.7585904498299535,0.5538336640211629,0.5893449953152018,0.5370671762217234,0.9020897365399024,0.6546625581199059,0.16889424073672976],[0.11514707748938982,-0.07093324245198288,0.11514707748938982,0.13842543071231334,0.13842543071231334,0.28421762913385745,0.28421762913385745,0.5269801756261182,0.5269801756261182,0.048205757044457766,0.8707374021016495,0.510863757704632,0.8922177821862338,0.9006543650942391,0.8703554520310542,0.6142370689080814,0.8398642531984625,0.5341128122235657,0.5341128122235657,-0.39753554449216316,0.12129255945474271,0.04743892645691919,1.0,-0.4458957772272622,0.7461851851629914,0.3709619655877599,0.03608359053189308,0.28794910591856676,-0.12251540484041393,0.055874844905599436,0.5789335525152405,0.4660322388546306,0.19128718672089964,-0.03556024690078565,0.3748601844332086,0.4650721057016811],[-0.06779804344082936,-0.06045365182486366,-0.06779804344082936,-0.10242972117340035,-0.10242972117340035,-0.2599372436319803,-0.2599372436319803,-0.2847976390467292,-0.2847976390467292,0.04272702698860984,-0.48058381178113446,-0.18983588504018475,-0.6495459441360312,-0.8391294054263011,-0.4781042074839478,-0.3929200704559165,-0.4590001281410773,-0.17435933705526702,-0.17435933705526702,0.3386967998443161,0.1423146154591448,-0.16360613954549855,-0.4458957772272622,1.0,-0.034545208374531435,-0.15178438179473858,-0.1479381623875268,-0.28610240718181185,-0.02484674580230615,-0.05963314286932632,-0.5596097957865088,-0.18769144223638107,-0.015437498494352454,-0.019608380457329787,-0.19871113826781167,-0.40323121138121154],[-0.25209208160109037,-0.25232456607156933,-0.25209208160109037,-0.25402657484960384,-0.25402657484960384,-0.11384139564777525,-0.11384139564777525,0.024188416646166583,0.024188416646166583,-0.24604165208859274,0.3539370603534291,-0.23364072702277622,0.42758708687725905,0.4695986123872344,0.3531435139299569,-0.16439978502991648,0.3690769696409769,-0.2047114587441145,-0.2047114587441145,-0.6582535137705539,0.750595664178173,-0.30833355825103925,0.7461851851629914,-0.034545208374531435,1.0,-0.10321745415713157,-0.2670197702781113,-0.060467534193361844,-0.35043997566504037,-0.3279490078187526,0.08446092914968689,0.16807517682510886,0.2669069406844665,-0.3809658597163849,0.12487761559717955,0.09837179975680778],[0.8181048343497968,0.6471070260745879,0.8181048343497968,0.813331808290187,0.813331808290187,0.887994048026373,0.887994048026373,0.785320999466988,0.785320999466988,0.8050297834186565,0.8408572548361162,0.8418564917720269,0.8179920698444044,0.7700954809366932,0.8408093834470286,0.8998663673133599,0.8808603018117569,0.8250914184680274,0.8250914184680274,0.3457281609093725,-0.08521343942862213,0.6755515209473087,0.3709619655877599,-0.15178438179473858,-0.10321745415713157,1.0,0.5697805859444354,0.8381868083329664,0.48887312315754083,0.6225144450738541,0.5396562279783574,0.6528203058211633,0.42168142888852744,0.7009500333586162,0.7010856642412954,0.4132332212806763],[0.9221831163559676,0.9227881708675999,0.9221831163559676,0.9256956225197743,0.9256956225197743,0.876859050589876,0.876859050589876,0.7739211233882725,0.7739211233882725,0.7005816504413581,0.8881461093180169,0.6241680288878538,0.8920081406745897,0.8957636340143067,0.8854440175462309,0.8767599603014297,0.8888694239207273,0.7725678600642878,0.7725678600642878,0.7485397617229825,-0.009020213809213263,0.9186115735850925,0.03608359053189308,-0.1479381623875268,-0.2670197702781113,0.5697805859444354,1.0,0.8181783023591265,0.8179025222131787,0.6935006507634573,0.4410133460858413,0.5052501182215158,0.5533283834155548,0.8635262081428093,0.6225746768560854,0.08029756582223718],[0.9120305149985853,0.8860761184195652,0.9120305149985853,0.9160297576803904,0.9160297576803904,0.9301733118481176,0.9301733118481176,0.8697858550933889,0.8697858550933889,0.8043650101792689,0.9413632164980354,0.786127826230446,0.9549424575787634,0.9512870202263607,0.9403422742352102,0.9258620518988389,0.947421846328735,0.8338305652473597,0.8338305652473597,0.5019444198329543,0.005290176907122248,0.9000778605826616,0.28794910591856676,-0.28610240718181185,-0.060467534193361844,0.8381868083329664,0.8181783023591265,1.0,0.7474219042658244,0.6048882278826361,0.5809738173755449,0.5947801856566208,0.5322154409434897,0.8129452414362713,0.8281586101858652,0.21254183499958798],[0.9288027988257509,0.9231922271770179,0.9288027988257509,0.9163060536826091,0.9163060536826091,0.8997262889824756,0.8997262889824756,0.8492672557261494,0.8492672557261494,0.8431422474893326,0.9120311377099833,0.8221832422630109,0.9062397679472705,0.8932828688746796,0.9124599206967586,0.9073724418779974,0.9376156926937205,0.9151336523842954,0.9151336523842954,0.8340791854145525,0.1759016270609219,0.8596948394429644,-0.12251540484041393,-0.02484674580230615,-0.35043997566504037,0.48887312315754083,0.8179025222131787,0.7474219042658244,1.0,0.905408356449339,0.53290049447101,0.6829860688264284,0.6656570673727984,0.8769527099792538,0.49680650186593295,0.293913645880006],[0.7805767760023958,0.7919672041086745,0.7805767760023958,0.7896678648234349,0.7896678648234349,0.7417578181165451,0.7417578181165451,0.7535390701019149,0.7535390701019149,0.7068889934122459,0.8155201663744557,0.7398374387289991,0.7479111946372546,0.6748416839760518,0.8167008234094433,0.7799287935107543,0.8345413740030083,0.8359047281770643,0.8359047281770643,0.690480827815411,0.01345994250171848,0.7585904498299535,0.055874844905599436,-0.05963314286932632,-0.3279490078187526,0.6225144450738541,0.6935006507634573,0.6048882278826361,0.905408356449339,1.0,0.5725895339964338,0.6657620307182912,0.6080361404756262,0.7281895445674353,0.5787105994465539,0.4702699099503046],[0.5264318025052745,0.5180469025087711,0.5264318025052745,0.5546024404600077,0.5546024404600077,0.7315649809817096,0.7315649809817096,0.8745701067069954,0.8745701067069954,0.39151731541179086,0.9052345452988939,0.6628590322056668,0.9054797392298239,0.9148922985957869,0.9047464933745115,0.8470238861255192,0.8929600075172852,0.7985864460197368,0.7985864460197368,0.08612995529625615,0.07831271555707518,0.5538336640211629,0.5789335525152405,-0.5596097957865088,0.08446092914968689,0.5396562279783574,0.4410133460858413,0.5809738173755449,0.53290049447101,0.5725895339964338,1.0,0.7424151979908136,0.37897899216239833,0.4763885112627401,0.5627753400774365,0.7649831336482046],[0.629360499136816,0.6264154825638757,0.629360499136816,0.6237804988309317,0.6237804988309317,0.735617284000919,0.735617284000919,0.777825294994195,0.777825294994195,0.5480799313650093,0.8741774688035392,0.7401727365077666,0.8551531281738936,0.8452136256935958,0.8751681819838055,0.783866311091021,0.9017494704960883,0.751830805565211,0.751830805565211,0.2995802747218127,0.35331808546660853,0.5893449953152018,0.4660322388546306,-0.18769144223638107,0.16807517682510886,0.6528203058211633,0.5052501182215158,0.5947801856566208,0.6829860688264284,0.6657620307182912,0.7424151979908136,1.0,0.7782706934776152,0.4886038761380249,0.725827688589378,0.5471602781832593],[0.6363071235996803,0.6626172752561017,0.6363071235996803,0.6085231431274671,0.6085231431274671,0.7112871002754416,0.7112871002754416,0.7189393473798005,0.7189393473798005,0.5716947732041667,0.7970198339447271,0.6982729521413686,0.7841585452721267,0.7310129197176892,0.7977966142879491,0.7680325817614195,0.8325067394241603,0.7047338265693689,0.7047338265693689,0.5633754668864556,0.5766155692924142,0.5370671762217234,0.19128718672089964,-0.015437498494352454,0.2669069406844665,0.42168142888852744,0.5533283834155548,0.5322154409434897,0.6656570673727984,0.6080361404756262,0.37897899216239833,0.7782706934776152,1.0,0.49068636820077705,0.6660379441849582,0.1988156695476402],[0.931656986035756,0.9290449882551709,0.931656986035756,0.9235628067312449,0.9235628067312449,0.8556953718128194,0.8556953718128194,0.7846308970505915,0.7846308970505915,0.8384690993905505,0.8998772443153065,0.8091245987913543,0.8831051044496306,0.9117495617329264,0.8997409603566859,0.8785000440798045,0.9126250910144931,0.8426463047131282,0.8426463047131282,0.7815290748007954,-0.10354043238812001,0.9020897365399024,-0.03556024690078565,-0.019608380457329787,-0.3809658597163849,0.7009500333586162,0.8635262081428093,0.8129452414362713,0.8769527099792538,0.7281895445674353,0.4763885112627401,0.4886038761380249,0.49068636820077705,1.0,0.7240654688504542,0.16541819678815714],[0.8242193582751135,0.6767236449069528,0.8242193582751135,0.8141019630526123,0.8141019630526123,0.8566188613909954,0.8566188613909954,0.8440289280070821,0.8440289280070821,0.7039445301313868,0.943097359046086,0.7091495306094764,0.9605066895503629,0.9619533251573051,0.942922600672216,0.8540315755085942,0.9498374873935707,0.7735833672996714,0.7735833672996714,0.46920273399712914,0.12324070691126963,0.6546625581199059,0.3748601844332086,-0.19871113826781167,0.12487761559717955,0.7010856642412954,0.6225746768560854,0.8281586101858652,0.49680650186593295,0.5787105994465539,0.5627753400774365,0.725827688589378,0.6660379441849582,0.7240654688504542,1.0,0.17427576601265463],[0.17720286031552207,0.17420338235138969,0.17720286031552207,0.1890529457108493,0.1890529457108493,0.4625324833355037,0.4625324833355037,0.799280945146039,0.799280945146039,0.17738512730639167,0.7736483655108685,0.7093937144228096,0.8057876222767041,0.772972447592604,0.7743700274608524,0.7868350329873908,0.8314686728242414,0.8488665478446538,0.8488665478446538,-0.1598200344697179,0.16599612559656943,0.16889424073672976,0.4650721057016811,-0.40323121138121154,0.09837179975680778,0.4132332212806763,0.08029756582223718,0.21254183499958798,0.293913645880006,0.4702699099503046,0.7649831336482046,0.5471602781832593,0.1988156695476402,0.16541819678815714,0.17427576601265463,1.0]],"x":["^TAIEX       \u81fa\u7063\u52a0\u6b0a\u5831\u916c\u6307\u6578","^TWII        \u81fa\u7063\u52a0\u6b0a\u6307\u6578","^TAIEXx2     \u81fa\u7063\u52a0\u6b0a\u5831\u916c\u6307\u6578_\u65e5\u6b632","^TAI50I      \u81fa\u706350\u5831\u916c\u6307\u6578","^TAI50Ix2    \u81fa\u706350\u5831\u916c\u6307\u6578_\u65e5\u6b632","^TAI100I     \u81fa\u7063\u4e2d\u578b100\u5831\u916c\u6307\u6578","^TAI100Ix2   \u81fa\u7063\u4e2d\u578b100\u5831\u916c\u6307\u6578_\u65e5\u6b632","^TAIDIVIDI   \u81fa\u7063\u9ad8\u80a1\u606f\u5831\u916c\u6307\u6578","^TAIDIVIDIx2 \u81fa\u7063\u9ad8\u80a1\u606f\u5831\u916c\u6307\u6578_\u65e5\u6b632","0050Fund     \u5143\u5927\u53f0\u7063\u5353\u8d8a50\u57fa\u91d1","006208Fund   \u5bcc\u90a6\u53f0\u7063\u91c6\u540950\u57fa\u91d1","0050         \u5143\u5927\u81fa\u706350","00631L       \u5143\u5927\u53f0\u706350\u6b632","00675L       \u5bcc\u90a6\u81fa\u7063\u52a0\u6b0a\u6b632","006208       \u5bcc\u90a6\u53f050","0051         \u5143\u5927\u4e2d\u578b100","006204       \u6c38\u8c50\u81fa\u7063\u52a0\u6b0a","0056         \u5143\u5927\u9ad8\u80a1\u606f","0056         \u5143\u5927\u9ad8\u80a1\u606f_\u80a1\u606f\u4e0d\u6295\u5165","2412         \u4e2d\u83ef\u96fb\u4fe1","2002         \u4e2d\u92fc","2330         \u53f0\u7a4d\u96fb","2317         \u9d3b\u6d77","6505         \u53f0\u5851\u77f3\u5316","3481         \u7fa4\u5275","2303         \u806f\u96fb","2308         \u53f0\u9054\u96fb","2454         \u806f\u767c\u79d1","2886         \u5146\u8c50\u91d1","2884         \u7389\u5c71\u91d1","2891         \u4e2d\u4fe1\u91d1","2892         \u7b2c\u4e00\u91d1","5880         \u5408\u5eab\u91d1","2881         \u5bcc\u90a6\u91d1","2885         \u5143\u5927\u91d1","2887         \u53f0\u65b0\u91d1"],"y":["^TAIEX       \u81fa\u7063\u52a0\u6b0a\u5831\u916c\u6307\u6578","^TWII        \u81fa\u7063\u52a0\u6b0a\u6307\u6578","^TAIEXx2     \u81fa\u7063\u52a0\u6b0a\u5831\u916c\u6307\u6578_\u65e5\u6b632","^TAI50I      \u81fa\u706350\u5831\u916c\u6307\u6578","^TAI50Ix2    \u81fa\u706350\u5831\u916c\u6307\u6578_\u65e5\u6b632","^TAI100I     \u81fa\u7063\u4e2d\u578b100\u5831\u916c\u6307\u6578","^TAI100Ix2   \u81fa\u7063\u4e2d\u578b100\u5831\u916c\u6307\u6578_\u65e5\u6b632","^TAIDIVIDI   \u81fa\u7063\u9ad8\u80a1\u606f\u5831\u916c\u6307\u6578","^TAIDIVIDIx2 \u81fa\u7063\u9ad8\u80a1\u606f\u5831\u916c\u6307\u6578_\u65e5\u6b632","0050Fund     \u5143\u5927\u53f0\u7063\u5353\u8d8a50\u57fa\u91d1","006208Fund   \u5bcc\u90a6\u53f0\u7063\u91c6\u540950\u57fa\u91d1","0050         \u5143\u5927\u81fa\u706350","00631L       \u5143\u5927\u53f0\u706350\u6b632","00675L       \u5bcc\u90a6\u81fa\u7063\u52a0\u6b0a\u6b632","006208       \u5bcc\u90a6\u53f050","0051         \u5143\u5927\u4e2d\u578b100","006204       \u6c38\u8c50\u81fa\u7063\u52a0\u6b0a","0056         \u5143\u5927\u9ad8\u80a1\u606f","0056         \u5143\u5927\u9ad8\u80a1\u606f_\u80a1\u606f\u4e0d\u6295\u5165","2412         \u4e2d\u83ef\u96fb\u4fe1","2002         \u4e2d\u92fc","2330         \u53f0\u7a4d\u96fb","2317         \u9d3b\u6d77","6505         \u53f0\u5851\u77f3\u5316","3481         \u7fa4\u5275","2303         \u806f\u96fb","2308         \u53f0\u9054\u96fb","2454         \u806f\u767c\u79d1","2886         \u5146\u8c50\u91d1","2884         \u7389\u5c71\u91d1","2891         \u4e2d\u4fe1\u91d1","2892         \u7b2c\u4e00\u91d1","5880         \u5408\u5eab\u91d1","2881         \u5bcc\u90a6\u91d1","2885         \u5143\u5927\u91d1","2887         \u53f0\u65b0\u91d1"],"zmin":-1,"zmax":1,"colorbar":{"x":-0.2}}],"layout":{"autotypenumbers":"strict","colorway":["#636efa","#EF553B","#00cc96","#ab63fa","#FFA15A","#19d3f3","#FF6692","#B6E880","#FF97FF","#FECB52"],"font":{"color":"#f2f5fa","family":"Courier New"},"hovermode":"closest","hoverlabel":{"align":"left"},"paper_bgcolor":"rgb(17,17,17)","plot_bgcolor":"rgb(17,17,17)","polar":{"bgcolor":"rgb(17,17,17)","angularaxis":{"gridcolor":"#506784","linecolor":"#506784","ticks":""},"radialaxis":{"gridcolor":"#506784","linecolor":"#506784","ticks":""}},"ternary":{"bgcolor":"rgb(17,17,17)","aaxis":{"gridcolor":"#506784","linecolor":"#506784","ticks":""},"baxis":{"gridcolor":"#506784","linecolor":"#506784","ticks":""},"caxis":{"gridcolor":"#506784","linecolor":"#506784","ticks":""}},"coloraxis":{"colorbar":{"outlinewidth":0,"ticks":""}},"colorscale":{"sequential":[[0.0,"#0d0887"],[0.1111111111111111,"#46039f"],[0.2222222222222222,"#7201a8"],[0.3333333333333333,"#9c179e"],[0.4444444444444444,"#bd3786"],[0.5555555555555556,"#d8576b"],[0.6666666666666666,"#ed7953"],[0.7777777777777778,"#fb9f3a"],[0.8888888888888888,"#fdca26"],[1.0,"#f0f921"]],"sequentialminus":[[0.0,"#0d0887"],[0.1111111111111111,"#46039f"],[0.2222222222222222,"#7201a8"],[0.3333333333333333,"#9c179e"],[0.4444444444444444,"#bd3786"],[0.5555555555555556,"#d8576b"],[0.6666666666666666,"#ed7953"],[0.7777777777777778,"#fb9f3a"],[0.8888888888888888,"#fdca26"],[1.0,"#f0f921"]],"diverging":[[0,"#8e0152"],[0.1,"#c51b7d"],[0.2,"#de77ae"],[0.3,"#f1b6da"],[0.4,"#fde0ef"],[0.5,"#f7f7f7"],[0.6,"#e6f5d0"],[0.7,"#b8e186"],[0.8,"#7fbc41"],[0.9,"#4d9221"],[1,"#276419"]]},"xaxis":{"gridcolor":"rgba(0, 0, 0, 0)","linecolor":"#506784","ticks":"","title":{"standoff":15},"zerolinecolor":"#283442","automargin":true,"zerolinewidth":2,"tickfont":{"family":"Courier New","size":14},"side":"top","tickangle":-90},"yaxis":{"gridcolor":"rgba(0, 0, 0, 0)","linecolor":"#506784","ticks":"","title":{"standoff":15},"zerolinecolor":"#283442","automargin":true,"zerolinewidth":2,"tickfont":{"family":"Courier New"},"side":"right"},"scene":{"xaxis":{"backgroundcolor":"rgb(17,17,17)","gridcolor":"#506784","linecolor":"#506784","showbackground":true,"ticks":"","zerolinecolor":"#C8D4E3","gridwidth":2},"yaxis":{"backgroundcolor":"rgb(17,17,17)","gridcolor":"#506784","linecolor":"#506784","showbackground":true,"ticks":"","zerolinecolor":"#C8D4E3","gridwidth":2},"zaxis":{"backgroundcolor":"rgb(17,17,17)","gridcolor":"#506784","linecolor":"#506784","showbackground":true,"ticks":"","zerolinecolor":"#C8D4E3","gridwidth":2}},"shapedefaults":{"line":{"color":"#f2f5fa"}},"annotationdefaults":{"arrowcolor":"#f2f5fa","arrowhead":0,"arrowwidth":1},"geo":{"bgcolor":"rgb(17,17,17)","landcolor":"rgb(17,17,17)","subunitcolor":"#506784","showland":true,"showlakes":true,"lakecolor":"rgb(17,17,17)"},"title":{"x":0.05,"font":{"family":"Times New Roman"},"y":0.05,"text":"<b>Correlation of Close<b><br><i>2016-09-23 ~ 2025-10-17<i>"},"updatemenudefaults":{"bgcolor":"#506784","borderwidth":0},"sliderdefaults":{"bgcolor":"#C8D4E3","borderwidth":1,"bordercolor":"rgb(17,17,17)","tickwidth":0},"mapbox":{"style":"dark"},"annotations":[{"text":"<b>@zwindr<b>","textangle":0,"opacity":0.5,"font":{"color":"white","size":12},"xref":"paper","yref":"paper","xanchor":"left","yanchor":"bottom","x":1.0,"y":1.0,"showarrow":false}]},"config":{"responsive":true,"toImageButtonOptions":{"filename":"Correlation of Close_2016-09-23~2025-10-17","scale":5}}};Plotly.newPlot("correlationClose",correlationClose.data,correlationClose.layout||{},correlationClose.config);}else{console.log("style display is none => correlationClose");}