var element=document.getElementById("correlationAdjClose");if(element.style.display!='none'){var correlationAdjClose={"data":[{"type":"heatmap","z":[[1.0,0.9948718015444935,0.9755381680375781,0.9971289508952832,0.9569409175938173,0.9835611049351474,0.9519205916464617,0.9892648821605945,0.9743979345935994,0.9972774349279068,0.996708293332263,0.9971737451481818,0.9932332787831472,0.994172738667425,0.9967553780943693,0.9851993302008288,0.999710605641114,0.9891250210268707,0.89957158132656,0.9196101380172707,0.6981054985206085,0.9847490131824168,0.9316250591279005,0.37287221929931563,-0.29951885032146763,0.8984148090353152,0.9312597957803624,0.9593397102801882,0.9779593353250411,0.9649373961957397,0.9785088424387641,0.9712713535847876,0.9415920462598499,0.9822801228562182,0.9743258954536722,0.9556485024417214],[0.9948718015444935,1.0,0.9715868586508529,0.9916706847536494,0.9527315828054569,0.9796235481994527,0.9478033031374877,0.9814187818304515,0.968447899657922,0.9929689627966177,0.9948930963868723,0.9943622724757606,0.9923299903691806,0.9921395883745182,0.9949058573597266,0.9801420746545917,0.9972008910596574,0.9837192584585127,0.9208369796378603,0.9096828415960195,0.7171220193814201,0.9687791120900285,0.9145510554484378,0.373062336448142,-0.23026637481085763,0.8762161393513883,0.9248104705213419,0.9586412446691028,0.9584838376974392,0.9526268084454456,0.9694167510856087,0.9574467766998946,0.9406272146569661,0.9726075775322989,0.9655085462422512,0.9505122886024998],[0.9755381680375781,0.9715868586508529,1.0,0.9843678087379081,0.9946084581171117,0.9735083963981414,0.9777013697833621,0.9618832569829074,0.9796739172629276,0.984042098676629,0.9907116963700328,0.9874215179390776,0.9970058624471823,0.9967910414588981,0.9904793837572077,0.9711631887622008,0.9857332259563226,0.9614941283618152,0.863273961107976,0.8243118223224963,0.5710998303431908,0.9919288165682781,0.93056726398461,0.2016032364639205,-0.22364459326637226,0.8850727398722145,0.9400765086159407,0.9722667455472285,0.92091670194482,0.9088658621053126,0.9660571437780211,0.913561031479099,0.8905145437284518,0.9641060709748533,0.9714280550695576,0.9168885426311809],[0.9971289508952832,0.9916706847536494,0.9843678087379081,1.0,0.9727222118223693,0.9751426840548117,0.9487333670985775,0.9811744723601863,0.9710964176844751,0.9999692314223598,0.9999914863059116,0.9999620685843251,0.9931518161023605,0.991675864525924,0.9999496649697784,0.974031961494142,0.9957255362450341,0.9807320167303671,0.883465837541609,0.9022034649355852,0.660841846208745,0.9938474785363495,0.9361947703377422,0.3410470098194512,-0.2887900368110778,0.8906912680334712,0.9408709418229584,0.9632362104659474,0.9658070214604001,0.95912716030442,0.9804567756429746,0.9588526626516491,0.9263281001664124,0.9791945865981704,0.972242901344606,0.9447634501946454],[0.9569409175938173,0.9527315828054569,0.9946084581171117,0.9727222118223693,1.0,0.9464819982714632,0.9567205339404589,0.9371092226134609,0.9599499942027411,0.9727754896908728,0.9820665651215924,0.9782335781557254,0.9835619460074358,0.9805336621490102,0.9816783696177558,0.9426691918695301,0.9675531578097453,0.9364159868048929,0.8310584265703865,0.7940957992785382,0.5221673804452093,0.9872911508271056,0.9255650757357632,0.16719291943635772,-0.21303588422498598,0.8522301175013718,0.9449627744203677,0.9589788781596142,0.8907648871684378,0.8856172611530442,0.9537677016817866,0.8831255791497852,0.8533346239307728,0.9459442915876343,0.9524232722690732,0.8850248971404807],[0.9835611049351474,0.9796235481994527,0.9735083963981414,0.9751426840548117,0.9464819982714632,1.0,0.9829696579639172,0.9825399734121519,0.9823607175259836,0.9745685407267606,0.9693832318878277,0.9727102128455307,0.9738804060552694,0.9713998346803057,0.9692991441703881,0.9999011870429854,0.9868968439680346,0.9834763436909857,0.9020616318441987,0.8707151355882191,0.6671213494288265,0.9670065838432592,0.9026228695584112,0.24815489716188996,-0.21997158170151493,0.9324020251250561,0.9043429550007498,0.9637609247109032,0.9598738564764693,0.9341729419098969,0.9573667199556968,0.9549429610110981,0.9531309097118226,0.962298943194605,0.9792982643184202,0.9576919636031868],[0.9519205916464617,0.9478033031374877,0.9777013697833621,0.9487333670985775,0.9567205339404589,0.9829696579639172,1.0,0.95492085123832,0.9850184838091945,0.9473559841519106,0.9578222198699624,0.9542059970479013,0.976852475407428,0.9775823707230018,0.957546858063942,0.9843102055777616,0.9705025099118583,0.9574567877653731,0.867898732478652,0.7895696487915442,0.5592982735737753,0.9526806669112813,0.9033029882181327,0.10733979319326585,-0.1583954531888469,0.8954980957265078,0.8959966164456474,0.9604247224125281,0.9042629024968005,0.8710129601174075,0.9367634436361406,0.8974540309642813,0.9054498159280668,0.9353280074949866,0.9684031881788262,0.9131655004508499],[0.9892648821605945,0.9814187818304515,0.9618832569829074,0.9811744723601863,0.9371092226134609,0.9825399734121519,0.95492085123832,1.0,0.9836897705049248,0.9811498437509135,0.976516746022517,0.9800034849808432,0.9712735988094162,0.9702793661098904,0.9766208291202281,0.9843370803789769,0.987118749894511,0.9998818587202486,0.9278377469347034,0.9288466332402188,0.6346022063062612,0.9687434606539307,0.8991349495755352,0.2267389899282439,-0.3106250061719514,0.9061146158548145,0.8857409555581626,0.9440833616731708,0.9791937665476268,0.9567567389251302,0.9693264416584331,0.9658679475695957,0.9374331451418325,0.9634128854640855,0.9614312228120613,0.9674926111376295],[0.9743979345935994,0.968447899657922,0.9796739172629276,0.9710964176844751,0.9599499942027411,0.9823607175259836,0.9850184838091945,0.9836897705049248,1.0,0.9703370069704806,0.9668144204886883,0.9691879952885701,0.9726520906115264,0.9694939784496535,0.9666607803230912,0.981402532789622,0.974297854036859,0.9830513266824287,0.9030914793915512,0.8612508658119646,0.5540791410075018,0.9690028309394008,0.9160628577374509,0.08557168139282129,-0.2327901034642654,0.8845169609056893,0.8880624803993273,0.9643452756851358,0.9376103103955653,0.905012118370875,0.9619294208768779,0.9229428603961382,0.9041791065927629,0.9526889634593866,0.9734546780053004,0.9276819105253059],[0.9972774349279068,0.9929689627966177,0.984042098676629,0.9999692314223598,0.9727754896908728,0.9745685407267606,0.9473559841519106,0.9811498437509135,0.9703370069704806,1.0,0.999989973695665,0.9999827700554413,0.9930372494697686,0.9915374343083687,0.9999547675951092,0.9734677987382476,0.9956020006902466,0.9808034132420784,0.8853004959373206,0.9033846861367504,0.658534792355679,0.9940402612977658,0.936039024697286,0.3461607987086424,-0.28822375777191445,0.8914802093815001,0.9391230292180344,0.9617853300761745,0.9655489729945721,0.9583253986920742,0.9794999588042337,0.9582580748607874,0.924931574064856,0.9784157523698787,0.971113713013731,0.9432293072996454],[0.996708293332263,0.9948930963868723,0.9907116963700328,0.9999914863059116,0.9820665651215924,0.9693832318878277,0.9578222198699624,0.976516746022517,0.9668144204886883,0.999989973695665,1.0,0.9999734901806154,0.9931775736428953,0.991674140244311,0.9999575747103494,0.9691684722394109,0.9953825800773263,0.9771990141097812,0.9080510646100435,0.9306320426765666,0.5431346438733197,0.9972364311124725,0.9204697752167667,-0.13339235684689965,0.39100953800768273,0.8919420070185107,0.9088853549487224,0.9649257096134182,0.9565263017676213,0.9413684460026044,0.9709942298811237,0.9383061833304857,0.9042480805146615,0.9690230815247968,0.9806599527022212,0.9390390150159311],[0.9971737451481818,0.9943622724757606,0.9874215179390776,0.9999620685843251,0.9782335781557254,0.9727102128455307,0.9542059970479013,0.9800034849808432,0.9691879952885701,0.9999827700554413,0.9999734901806154,1.0,0.9930466717853221,0.9915037541279184,0.9999654848835647,0.9725871774532132,0.995495243644235,0.9802560523838055,0.892880641119,0.9200080445882958,0.6059560179743322,0.9962428444732543,0.9324360728233623,0.08169191841955384,-0.1940595861229878,0.9058174267116164,0.9247446926385599,0.9574587164555787,0.9598002182895252,0.9494661932309016,0.9760014324933267,0.9492533935943259,0.9212943005830868,0.974764544872138,0.9708035975764114,0.9475518102234288],[0.9932332787831472,0.9923299903691806,0.9970058624471823,0.9931518161023605,0.9835619460074358,0.9738804060552694,0.976852475407428,0.9712735988094162,0.9726520906115264,0.9930372494697686,0.9931775736428953,0.9930466717853221,1.0,0.9997562163100622,0.9931750019935862,0.9737862814529353,0.9933039293035338,0.9722099317321158,0.9005395863333874,0.9180832356786607,0.47092499353513817,0.9889343855075088,0.9164600791636119,-0.40114306698564356,0.4065816109795549,0.8755535516553759,0.9063719598158269,0.9692421725140117,0.9399907293830758,0.9093469579865766,0.9550747594539387,0.9155531046776313,0.8734700934989305,0.9666379000913684,0.9778746032362743,0.9315249412115055],[0.994172738667425,0.9921395883745182,0.9967910414588981,0.991675864525924,0.9805336621490102,0.9713998346803057,0.9775823707230018,0.9702793661098904,0.9694939784496535,0.9915374343083687,0.991674140244311,0.9915037541279184,0.9997562163100622,1.0,0.9917843690264943,0.9712187334956996,0.9940600044180109,0.9714133245532524,0.8856537579196255,0.9275412837325996,0.3328345747134758,0.9849785535369417,0.9098125143410996,-0.7493154175279072,0.37749667619456634,0.8433789674453617,0.902876315559738,0.9658513152238376,0.9335818155348284,0.8969582430460781,0.9482846991341498,0.9158471758508432,0.8516858557315378,0.9675372520029452,0.9759406179036016,0.92535348027764],[0.9967553780943693,0.9949058573597266,0.9904793837572077,0.9999496649697784,0.9816783696177558,0.9692991441703881,0.957546858063942,0.9766208291202281,0.9666607803230912,0.9999547675951092,0.9999575747103494,0.9999654848835647,0.9931750019935862,0.9917843690264943,1.0,0.9691392914989341,0.9954246088027512,0.9772955202064708,0.9081936819434111,0.9312559239451809,0.543079314270999,0.9970709017792031,0.92059618178589,-0.13080647710910195,0.39057663898819595,0.8919743908778143,0.9078492923399798,0.9641953289160714,0.9568027133081171,0.941774168817503,0.9709739256288298,0.9388893902836344,0.9048196757512242,0.9689881618552851,0.9806228992408245,0.9395725031859756],[0.9851993302008288,0.9801420746545917,0.9711631887622008,0.974031961494142,0.9426691918695301,0.9999011870429854,0.9843102055777616,0.9843370803789769,0.981402532789622,0.9734677987382476,0.9691684722394109,0.9725871774532132,0.9737862814529353,0.9712187334956996,0.9691392914989341,1.0,0.9869704057640383,0.9836667131775069,0.9049253572760999,0.8945349976693004,0.6577392657571709,0.9646258907633668,0.89691340377572,0.10491650581434676,-0.19889519570523717,0.9398470264499038,0.8932733200571649,0.9607344877449854,0.9633079338161427,0.9314803285447733,0.9539325669440805,0.9561361047565633,0.9523454840869071,0.9644037456034945,0.9786132194503737,0.9619800704639938],[0.999710605641114,0.9972008910596574,0.9857332259563226,0.9957255362450341,0.9675531578097453,0.9868968439680346,0.9705025099118583,0.987118749894511,0.974297854036859,0.9956020006902466,0.9953825800773263,0.995495243644235,0.9933039293035338,0.9940600044180109,0.9954246088027512,0.9869704057640383,1.0,0.987752151454473,0.9256086477508022,0.9398445371566343,0.5991844821266762,0.9882629269700568,0.9122061088559142,-0.07268090925615137,0.4174542640917387,0.9200121687189563,0.9003702867666215,0.9664280077764141,0.9727967998422972,0.9495454006628623,0.9692909181639917,0.9566658412440238,0.9342287023227974,0.975370980795617,0.9864053426037106,0.9628369644686773],[0.9891250210268707,0.9837192584585127,0.9614941283618152,0.9807320167303671,0.9364159868048929,0.9834763436909857,0.9574567877653731,0.9998818587202486,0.9830513266824287,0.9808034132420784,0.9771990141097812,0.9802560523838055,0.9722099317321158,0.9714133245532524,0.9772955202064708,0.9836667131775069,0.987752151454473,1.0,0.9307054813659914,0.9350516230736267,0.6319324014044648,0.967388797532313,0.9030333882140078,0.19105141441271592,-0.29237001116758454,0.9110451711086344,0.8812126809034204,0.9440212023122728,0.9796812899491633,0.9561817702591832,0.9677614082398219,0.9645458971067364,0.9371983406131378,0.9626599169714456,0.9594827760965847,0.968634242994685],[0.89957158132656,0.9208369796378603,0.863273961107976,0.883465837541609,0.8310584265703865,0.9020616318441987,0.867898732478652,0.9278377469347034,0.9030914793915512,0.8853004959373206,0.9080510646100435,0.892880641119,0.9005395863333874,0.8856537579196255,0.9081936819434111,0.9049253572760999,0.9256086477508022,0.9307054813659914,1.0,0.8267398571442842,0.6995557933108978,0.8557429391483382,0.8067474467303182,0.2680624028468639,-0.16409780188011794,0.8562321754534589,0.7597009588558175,0.8552128041126512,0.8914187622915948,0.8576699047204402,0.8561463739295502,0.8703589599645669,0.8564810571324527,0.8549321161397271,0.8763308922440772,0.8950932714320877],[0.9196101380172707,0.9096828415960195,0.8243118223224963,0.9022034649355852,0.7940957992785382,0.8707151355882191,0.7895696487915442,0.9288466332402188,0.8612508658119646,0.9033846861367504,0.9306320426765666,0.9200080445882958,0.9180832356786607,0.9275412837325996,0.9312559239451809,0.8945349976693004,0.9398445371566343,0.9350516230736267,0.8267398571442842,1.0,0.8267441859451868,0.852868754724289,0.8677563926688006,0.6403383443125681,-0.525849588060414,0.7140509074471231,0.8395401008192068,0.8124165835726435,0.9593216574152426,0.9378192863427638,0.9000627168473474,0.9467557895658915,0.8999051339418918,0.900672428135382,0.8515156516973739,0.8858831757715815],[0.6981054985206085,0.7171220193814201,0.5710998303431908,0.660841846208745,0.5221673804452093,0.6671213494288265,0.5592982735737753,0.6346022063062612,0.5540791410075018,0.658534792355679,0.5431346438733197,0.6059560179743322,0.47092499353513817,0.3328345747134758,0.543079314270999,0.6577392657571709,0.5991844821266762,0.6319324014044648,0.6995557933108978,0.8267441859451868,1.0,0.5892400182164037,0.6959389280137033,0.7249194759123784,-0.11628760192937994,0.5352295593121356,0.6145616803151187,0.6112289215359819,0.7729627235350742,0.7038337972029299,0.6274502605050504,0.7395076477454061,0.7534309197760916,0.6663688326247806,0.6336682223199913,0.682845779425814],[0.9847490131824168,0.9687791120900285,0.9919288165682781,0.9938474785363495,0.9872911508271056,0.9670065838432592,0.9526806669112813,0.9687434606539307,0.9690028309394008,0.9940402612977658,0.9972364311124725,0.9962428444732543,0.9889343855075088,0.9849785535369417,0.9970709017792031,0.9646258907633668,0.9882629269700568,0.967388797532313,0.8557429391483382,0.852868754724289,0.5892400182164037,1.0,0.9138226426372269,0.2679486752450696,-0.28065285023344216,0.8733847884234206,0.9427034279726483,0.9677642807668649,0.9328892761771087,0.9398409959136632,0.972076062211402,0.9350437290576571,0.8986181375243737,0.9683490352158367,0.9575210718419948,0.9243088965090162],[0.9316250591279005,0.9145510554484378,0.93056726398461,0.9361947703377422,0.9255650757357632,0.9026228695584112,0.9033029882181327,0.8991349495755352,0.9160628577374509,0.936039024697286,0.9204697752167667,0.9324360728233623,0.9164600791636119,0.9098125143410996,0.92059618178589,0.89691340377572,0.9122061088559142,0.9030333882140078,0.8067474467303182,0.8677563926688006,0.6959389280137033,0.9138226426372269,1.0,0.30678837773329526,-0.1897552564072414,0.7126058202365054,0.9131654226349334,0.8966734703057733,0.8977884479581553,0.8562283404803929,0.9331590314497119,0.8711198558415146,0.8395808678503275,0.9283080374657268,0.8817670630976898,0.8551966081897139],[0.37287221929931563,0.373062336448142,0.2016032364639205,0.3410470098194512,0.16719291943635772,0.24815489716188996,0.10733979319326585,0.2267389899282439,0.08557168139282129,0.3461607987086424,-0.13339235684689965,0.08169191841955384,-0.40114306698564356,-0.7493154175279072,-0.13080647710910195,0.10491650581434676,-0.07268090925615137,0.19105141441271592,0.2680624028468639,0.6403383443125681,0.7249194759123784,0.2679486752450696,0.30678837773329526,1.0,-0.3822628656238402,0.26597390210076705,0.2630592870653758,0.17634604548778238,0.4663462470068453,0.45976875268824424,0.30928382390354,0.4818869551538183,0.406993608824673,0.3356595420090104,0.25828971956101215,0.3752315296678031],[-0.29951885032146763,-0.23026637481085763,-0.22364459326637226,-0.2887900368110778,-0.21303588422498598,-0.21997158170151493,-0.1583954531888469,-0.3106250061719514,-0.2327901034642654,-0.28822375777191445,0.39100953800768273,-0.1940595861229878,0.4065816109795549,0.37749667619456634,0.39057663898819595,-0.19889519570523717,0.4174542640917387,-0.29237001116758454,-0.16409780188011794,-0.525849588060414,-0.11628760192937994,-0.28065285023344216,-0.1897552564072414,-0.3822628656238402,1.0,-0.15576796925327085,-0.278482879210671,-0.18275529131261362,-0.3871611266029964,-0.376401181873862,-0.3195000099664567,-0.3451124662816887,-0.20927114187436843,-0.3449829269137611,-0.18454974069831445,-0.3173226441646347],[0.8984148090353152,0.8762161393513883,0.8850727398722145,0.8906912680334712,0.8522301175013718,0.9324020251250561,0.8954980957265078,0.9061146158548145,0.8845169609056893,0.8914802093815001,0.8919420070185107,0.9058174267116164,0.8755535516553759,0.8433789674453617,0.8919743908778143,0.9398470264499038,0.9200121687189563,0.9110451711086344,0.8562321754534589,0.7140509074471231,0.5352295593121356,0.8733847884234206,0.7126058202365054,0.26597390210076705,-0.15576796925327085,1.0,0.7741400232858179,0.8857775309540593,0.8205494991680522,0.8644795719213703,0.8294316826458924,0.8723034595739431,0.8678039781476952,0.8600135437114298,0.8686537367235904,0.8989437051462541],[0.9312597957803624,0.9248104705213419,0.9400765086159407,0.9408709418229584,0.9449627744203677,0.9043429550007498,0.8959966164456474,0.8857409555581626,0.8880624803993273,0.9391230292180344,0.9088853549487224,0.9247446926385599,0.9063719598158269,0.902876315559738,0.9078492923399798,0.8932733200571649,0.9003702867666215,0.8812126809034204,0.7597009588558175,0.8395401008192068,0.6145616803151187,0.9427034279726483,0.9131654226349334,0.2630592870653758,-0.278482879210671,0.7741400232858179,1.0,0.8940902680506853,0.8920168340665295,0.878057474173988,0.9162025407453614,0.8778829122582876,0.8421387570419001,0.9193651394831972,0.8974152481329045,0.8646037368333803],[0.9593397102801882,0.9586412446691028,0.9722667455472285,0.9632362104659474,0.9589788781596142,0.9637609247109032,0.9604247224125281,0.9440833616731708,0.9643452756851358,0.9617853300761745,0.9649257096134182,0.9574587164555787,0.9692421725140117,0.9658513152238376,0.9641953289160714,0.9607344877449854,0.9664280077764141,0.9440212023122728,0.8552128041126512,0.8124165835726435,0.6112289215359819,0.9677642807668649,0.8966734703057733,0.17634604548778238,-0.18275529131261362,0.8857775309540593,0.8940902680506853,1.0,0.9107783585098341,0.8936324609164321,0.9446666701673032,0.8941884380678675,0.8879323126066053,0.950154603388492,0.9734785756462186,0.892524193724984],[0.9779593353250411,0.9584838376974392,0.92091670194482,0.9658070214604001,0.8907648871684378,0.9598738564764693,0.9042629024968005,0.9791937665476268,0.9376103103955653,0.9655489729945721,0.9565263017676213,0.9598002182895252,0.9399907293830758,0.9335818155348284,0.9568027133081171,0.9633079338161427,0.9727967998422972,0.9796812899491633,0.8914187622915948,0.9593216574152426,0.7729627235350742,0.9328892761771087,0.8977884479581553,0.4663462470068453,-0.3871611266029964,0.8205494991680522,0.8920168340665295,0.9107783585098341,1.0,0.9864644861795169,0.9631385085006363,0.9905540319631341,0.9531294446887124,0.9600424014475433,0.9164299014177515,0.9685002307528597],[0.9649373961957397,0.9526268084454456,0.9088658621053126,0.95912716030442,0.8856172611530442,0.9341729419098969,0.8710129601174075,0.9567567389251302,0.905012118370875,0.9583253986920742,0.9413684460026044,0.9494661932309016,0.9093469579865766,0.8969582430460781,0.941774168817503,0.9314803285447733,0.9495454006628623,0.9561817702591832,0.8576699047204402,0.9378192863427638,0.7038337972029299,0.9398409959136632,0.8562283404803929,0.45976875268824424,-0.376401181873862,0.8644795719213703,0.878057474173988,0.8936324609164321,0.9864644861795169,1.0,0.9517085698204846,0.9842281299982715,0.9559124818457942,0.9400712507067898,0.9243719428665974,0.9636255985779361],[0.9785088424387641,0.9694167510856087,0.9660571437780211,0.9804567756429746,0.9537677016817866,0.9573667199556968,0.9367634436361406,0.9693264416584331,0.9619294208768779,0.9794999588042337,0.9709942298811237,0.9760014324933267,0.9550747594539387,0.9482846991341498,0.9709739256288298,0.9539325669440805,0.9692909181639917,0.9677614082398219,0.8561463739295502,0.9000627168473474,0.6274502605050504,0.972076062211402,0.9331590314497119,0.30928382390354,-0.3195000099664567,0.8294316826458924,0.9162025407453614,0.9446666701673032,0.9631385085006363,0.9517085698204846,1.0,0.9529777822840519,0.9136793865551416,0.9780773909369717,0.9620491550268303,0.9432639280935976],[0.9712713535847876,0.9574467766998946,0.913561031479099,0.9588526626516491,0.8831255791497852,0.9549429610110981,0.8974540309642813,0.9658679475695957,0.9229428603961382,0.9582580748607874,0.9383061833304857,0.9492533935943259,0.9155531046776313,0.9158471758508432,0.9388893902836344,0.9561361047565633,0.9566658412440238,0.9645458971067364,0.8703589599645669,0.9467557895658915,0.7395076477454061,0.9350437290576571,0.8711198558415146,0.4818869551538183,-0.3451124662816887,0.8723034595739431,0.8778829122582876,0.8941884380678675,0.9905540319631341,0.9842281299982715,0.9529777822840519,1.0,0.9739443409542632,0.946519257493832,0.9395345278011298,0.9644576742855998],[0.9415920462598499,0.9406272146569661,0.8905145437284518,0.9263281001664124,0.8533346239307728,0.9531309097118226,0.9054498159280668,0.9374331451418325,0.9041791065927629,0.924931574064856,0.9042480805146615,0.9212943005830868,0.8734700934989305,0.8516858557315378,0.9048196757512242,0.9523454840869071,0.9342287023227974,0.9371983406131378,0.8564810571324527,0.8999051339418918,0.7534309197760916,0.8986181375243737,0.8395808678503275,0.406993608824673,-0.20927114187436843,0.8678039781476952,0.8421387570419001,0.8879323126066053,0.9531294446887124,0.9559124818457942,0.9136793865551416,0.9739443409542632,1.0,0.9073676986278951,0.9305389981783471,0.9543883010364153],[0.9822801228562182,0.9726075775322989,0.9641060709748533,0.9791945865981704,0.9459442915876343,0.962298943194605,0.9353280074949866,0.9634128854640855,0.9526889634593866,0.9784157523698787,0.9690230815247968,0.974764544872138,0.9666379000913684,0.9675372520029452,0.9689881618552851,0.9644037456034945,0.975370980795617,0.9626599169714456,0.8549321161397271,0.900672428135382,0.6663688326247806,0.9683490352158367,0.9283080374657268,0.3356595420090104,-0.3449829269137611,0.8600135437114298,0.9193651394831972,0.950154603388492,0.9600424014475433,0.9400712507067898,0.9780773909369717,0.946519257493832,0.9073676986278951,1.0,0.9590072904711134,0.9438971873686312],[0.9743258954536722,0.9655085462422512,0.9714280550695576,0.972242901344606,0.9524232722690732,0.9792982643184202,0.9684031881788262,0.9614312228120613,0.9734546780053004,0.971113713013731,0.9806599527022212,0.9708035975764114,0.9778746032362743,0.9759406179036016,0.9806228992408245,0.9786132194503737,0.9864053426037106,0.9594827760965847,0.8763308922440772,0.8515156516973739,0.6336682223199913,0.9575210718419948,0.8817670630976898,0.25828971956101215,-0.18454974069831445,0.8686537367235904,0.8974152481329045,0.9734785756462186,0.9164299014177515,0.9243719428665974,0.9620491550268303,0.9395345278011298,0.9305389981783471,0.9590072904711134,1.0,0.9224476539470747],[0.9556485024417214,0.9505122886024998,0.9168885426311809,0.9447634501946454,0.8850248971404807,0.9576919636031868,0.9131655004508499,0.9674926111376295,0.9276819105253059,0.9432293072996454,0.9390390150159311,0.9475518102234288,0.9315249412115055,0.92535348027764,0.9395725031859756,0.9619800704639938,0.9628369644686773,0.968634242994685,0.8950932714320877,0.8858831757715815,0.682845779425814,0.9243088965090162,0.8551966081897139,0.3752315296678031,-0.3173226441646347,0.8989437051462541,0.8646037368333803,0.892524193724984,0.9685002307528597,0.9636255985779361,0.9432639280935976,0.9644576742855998,0.9543883010364153,0.9438971873686312,0.9224476539470747,1.0]],"x":["^TAIEX       \u81fa\u7063\u52a0\u6b0a\u5831\u916c\u6307\u6578","^TWII        \u81fa\u7063\u52a0\u6b0a\u6307\u6578","^TAIEXx2     \u81fa\u7063\u52a0\u6b0a\u5831\u916c\u6307\u6578_\u65e5\u6b632","^TAI50I      \u81fa\u706350\u5831\u916c\u6307\u6578","^TAI50Ix2    \u81fa\u706350\u5831\u916c\u6307\u6578_\u65e5\u6b632","^TAI100I     \u81fa\u7063\u4e2d\u578b100\u5831\u916c\u6307\u6578","^TAI100Ix2   \u81fa\u7063\u4e2d\u578b100\u5831\u916c\u6307\u6578_\u65e5\u6b632","^TAIDIVIDI   \u81fa\u7063\u9ad8\u80a1\u606f\u5831\u916c\u6307\u6578","^TAIDIVIDIx2 \u81fa\u7063\u9ad8\u80a1\u606f\u5831\u916c\u6307\u6578_\u65e5\u6b632","0050Fund     \u5143\u5927\u53f0\u7063\u5353\u8d8a50\u57fa\u91d1","006208Fund   \u5bcc\u90a6\u53f0\u7063\u91c6\u540950\u57fa\u91d1","0050         \u5143\u5927\u81fa\u706350","00631L       \u5143\u5927\u53f0\u706350\u6b632","00675L       \u5bcc\u90a6\u81fa\u7063\u52a0\u6b0a\u6b632","006208       \u5bcc\u90a6\u53f050","0051         \u5143\u5927\u4e2d\u578b100","006204       \u6c38\u8c50\u81fa\u7063\u52a0\u6b0a","0056         \u5143\u5927\u9ad8\u80a1\u606f","0056         \u5143\u5927\u9ad8\u80a1\u606f_\u80a1\u606f\u4e0d\u6295\u5165","2412         \u4e2d\u83ef\u96fb\u4fe1","2002         \u4e2d\u92fc","2330         \u53f0\u7a4d\u96fb","2317         \u9d3b\u6d77","6505         \u53f0\u5851\u77f3\u5316","3481         \u7fa4\u5275","2303         \u806f\u96fb","2308         \u53f0\u9054\u96fb","2454         \u806f\u767c\u79d1","2886         \u5146\u8c50\u91d1","2884         \u7389\u5c71\u91d1","2891         \u4e2d\u4fe1\u91d1","2892         \u7b2c\u4e00\u91d1","5880         \u5408\u5eab\u91d1","2881         \u5bcc\u90a6\u91d1","2885         \u5143\u5927\u91d1","2887         \u53f0\u65b0\u91d1"],"y":["^TAIEX       \u81fa\u7063\u52a0\u6b0a\u5831\u916c\u6307\u6578","^TWII        \u81fa\u7063\u52a0\u6b0a\u6307\u6578","^TAIEXx2     \u81fa\u7063\u52a0\u6b0a\u5831\u916c\u6307\u6578_\u65e5\u6b632","^TAI50I      \u81fa\u706350\u5831\u916c\u6307\u6578","^TAI50Ix2    \u81fa\u706350\u5831\u916c\u6307\u6578_\u65e5\u6b632","^TAI100I     \u81fa\u7063\u4e2d\u578b100\u5831\u916c\u6307\u6578","^TAI100Ix2   \u81fa\u7063\u4e2d\u578b100\u5831\u916c\u6307\u6578_\u65e5\u6b632","^TAIDIVIDI   \u81fa\u7063\u9ad8\u80a1\u606f\u5831\u916c\u6307\u6578","^TAIDIVIDIx2 \u81fa\u7063\u9ad8\u80a1\u606f\u5831\u916c\u6307\u6578_\u65e5\u6b632","0050Fund     \u5143\u5927\u53f0\u7063\u5353\u8d8a50\u57fa\u91d1","006208Fund   \u5bcc\u90a6\u53f0\u7063\u91c6\u540950\u57fa\u91d1","0050         \u5143\u5927\u81fa\u706350","00631L       \u5143\u5927\u53f0\u706350\u6b632","00675L       \u5bcc\u90a6\u81fa\u7063\u52a0\u6b0a\u6b632","006208       \u5bcc\u90a6\u53f050","0051         \u5143\u5927\u4e2d\u578b100","006204       \u6c38\u8c50\u81fa\u7063\u52a0\u6b0a","0056         \u5143\u5927\u9ad8\u80a1\u606f","0056         \u5143\u5927\u9ad8\u80a1\u606f_\u80a1\u606f\u4e0d\u6295\u5165","2412         \u4e2d\u83ef\u96fb\u4fe1","2002         \u4e2d\u92fc","2330         \u53f0\u7a4d\u96fb","2317         \u9d3b\u6d77","6505         \u53f0\u5851\u77f3\u5316","3481         \u7fa4\u5275","2303         \u806f\u96fb","2308         \u53f0\u9054\u96fb","2454         \u806f\u767c\u79d1","2886         \u5146\u8c50\u91d1","2884         \u7389\u5c71\u91d1","2891         \u4e2d\u4fe1\u91d1","2892         \u7b2c\u4e00\u91d1","5880         \u5408\u5eab\u91d1","2881         \u5bcc\u90a6\u91d1","2885         \u5143\u5927\u91d1","2887         \u53f0\u65b0\u91d1"],"zmin":-1,"zmax":1,"colorbar":{"x":-0.2}}],"layout":{"autotypenumbers":"strict","colorway":["#636efa","#EF553B","#00cc96","#ab63fa","#FFA15A","#19d3f3","#FF6692","#B6E880","#FF97FF","#FECB52"],"font":{"color":"#f2f5fa","family":"Courier New"},"hovermode":"closest","hoverlabel":{"align":"left"},"paper_bgcolor":"rgb(17,17,17)","plot_bgcolor":"rgb(17,17,17)","polar":{"bgcolor":"rgb(17,17,17)","angularaxis":{"gridcolor":"#506784","linecolor":"#506784","ticks":""},"radialaxis":{"gridcolor":"#506784","linecolor":"#506784","ticks":""}},"ternary":{"bgcolor":"rgb(17,17,17)","aaxis":{"gridcolor":"#506784","linecolor":"#506784","ticks":""},"baxis":{"gridcolor":"#506784","linecolor":"#506784","ticks":""},"caxis":{"gridcolor":"#506784","linecolor":"#506784","ticks":""}},"coloraxis":{"colorbar":{"outlinewidth":0,"ticks":""}},"colorscale":{"sequential":[[0.0,"#0d0887"],[0.1111111111111111,"#46039f"],[0.2222222222222222,"#7201a8"],[0.3333333333333333,"#9c179e"],[0.4444444444444444,"#bd3786"],[0.5555555555555556,"#d8576b"],[0.6666666666666666,"#ed7953"],[0.7777777777777778,"#fb9f3a"],[0.8888888888888888,"#fdca26"],[1.0,"#f0f921"]],"sequentialminus":[[0.0,"#0d0887"],[0.1111111111111111,"#46039f"],[0.2222222222222222,"#7201a8"],[0.3333333333333333,"#9c179e"],[0.4444444444444444,"#bd3786"],[0.5555555555555556,"#d8576b"],[0.6666666666666666,"#ed7953"],[0.7777777777777778,"#fb9f3a"],[0.8888888888888888,"#fdca26"],[1.0,"#f0f921"]],"diverging":[[0,"#8e0152"],[0.1,"#c51b7d"],[0.2,"#de77ae"],[0.3,"#f1b6da"],[0.4,"#fde0ef"],[0.5,"#f7f7f7"],[0.6,"#e6f5d0"],[0.7,"#b8e186"],[0.8,"#7fbc41"],[0.9,"#4d9221"],[1,"#276419"]]},"xaxis":{"gridcolor":"rgba(0, 0, 0, 0)","linecolor":"#506784","ticks":"","title":{"standoff":15},"zerolinecolor":"#283442","automargin":true,"zerolinewidth":2,"tickfont":{"family":"Courier New","size":14},"side":"top","tickangle":-90},"yaxis":{"gridcolor":"rgba(0, 0, 0, 0)","linecolor":"#506784","ticks":"","title":{"standoff":15},"zerolinecolor":"#283442","automargin":true,"zerolinewidth":2,"tickfont":{"family":"Courier New"},"side":"right"},"scene":{"xaxis":{"backgroundcolor":"rgb(17,17,17)","gridcolor":"#506784","linecolor":"#506784","showbackground":true,"ticks":"","zerolinecolor":"#C8D4E3","gridwidth":2},"yaxis":{"backgroundcolor":"rgb(17,17,17)","gridcolor":"#506784","linecolor":"#506784","showbackground":true,"ticks":"","zerolinecolor":"#C8D4E3","gridwidth":2},"zaxis":{"backgroundcolor":"rgb(17,17,17)","gridcolor":"#506784","linecolor":"#506784","showbackground":true,"ticks":"","zerolinecolor":"#C8D4E3","gridwidth":2}},"shapedefaults":{"line":{"color":"#f2f5fa"}},"annotationdefaults":{"arrowcolor":"#f2f5fa","arrowhead":0,"arrowwidth":1},"geo":{"bgcolor":"rgb(17,17,17)","landcolor":"rgb(17,17,17)","subunitcolor":"#506784","showland":true,"showlakes":true,"lakecolor":"rgb(17,17,17)"},"title":{"x":0.05,"font":{"family":"Times New Roman"},"y":0.05,"text":"<b>Correlation of Adj Close<b><br><i>2016-09-23 ~ 2025-11-21<i>"},"updatemenudefaults":{"bgcolor":"#506784","borderwidth":0},"sliderdefaults":{"bgcolor":"#C8D4E3","borderwidth":1,"bordercolor":"rgb(17,17,17)","tickwidth":0},"mapbox":{"style":"dark"},"annotations":[{"text":"<b>@zwindr<b>","textangle":0,"opacity":0.5,"font":{"color":"white","size":12},"xref":"paper","yref":"paper","xanchor":"left","yanchor":"bottom","x":1.0,"y":1.0,"showarrow":false}]},"config":{"responsive":true,"toImageButtonOptions":{"filename":"Correlation of Adj Close_2016-09-23~2025-11-21","scale":5}}};Plotly.newPlot("correlationAdjClose",correlationAdjClose.data,correlationAdjClose.layout||{},correlationAdjClose.config);}else{console.log("style display is none => correlationAdjClose");}