var element=document.getElementById("correlationClose");if(element.style.display!='none'){var correlationClose={"data":[{"type":"heatmap","z":[[1.0,0.9999999999999982,1.0,0.9955343186059278,0.9955343186059278,0.962116824151517,0.962116824151517,0.8984440697224422,0.8984440697224422,0.8923406701633839,0.9949699097875229,0.9136302297251737,0.9928045261006443,0.9924455649787498,0.9949505235935536,0.9721944895711024,0.9989063144397222,0.9255672416716643,0.7843428740790261,-0.09026074095781281,0.9770056755651234,0.07614045995723094,-0.023868184980615097,-0.25261124873947166,0.8224528632354814,0.9469991715264948,0.9070014173646175,0.9284490006950841,0.7726021041851162,0.49363055844433423,0.6165455402925648,0.6395382790426125,0.9296015336632476,0.8148352877499488,0.16960943713596277],[0.9999999999999982,1.0,0.9999999999999984,0.9954866207908065,0.9954866207908065,0.9614887647902779,0.9614887647902779,0.8996549926786197,0.8996549926786197,0.8929202552983775,0.9949487045008727,0.9129218639026794,0.9925504924564565,0.9918876630385413,0.9949266182093222,0.9715008379541906,0.9989098002653757,0.9260095533894475,0.8045230020596544,0.11787145559971163,0.9681409490851969,-0.09313774214854659,-0.0164266346661891,-0.2528862136828098,0.6477916714213955,0.9469414829010928,0.8796167532495971,0.9229038697023001,0.7852969859416802,0.48511131089713716,0.6134281550885298,0.6667641613137999,0.9267468202819319,0.6633600995960923,0.16592389933615373],[1.0,0.9999999999999984,1.0,0.9955343186059278,0.9955343186059278,0.962116824151517,0.962116824151517,0.8984440697224422,0.8984440697224422,0.8923406701633839,0.9949699097875229,0.9136302297251737,0.9928045261006443,0.9924455649787498,0.9949505235935536,0.9721944895711024,0.9989063144397222,0.9255672416716643,0.7843428740790261,-0.09026074095781281,0.9770056755651234,0.07614045995723094,-0.023868184980615097,-0.25261124873947166,0.8224528632354814,0.9469991715264948,0.9070014173646175,0.9284490006950841,0.7726021041851162,0.49363055844433423,0.6165455402925648,0.6395382790426125,0.9296015336632476,0.8148352877499488,0.16960943713596277],[0.9955343186059278,0.9954866207908065,0.9955343186059278,1.0,1.0,0.9491161749322855,0.9491161749322855,0.8842760447117205,0.8842760447117205,0.8808538843388816,0.9994759352370169,0.9050569487492576,0.9885729485750259,0.9844484399235115,0.9994194234658383,0.9547654336505604,0.9948283812352592,0.9060855215946696,0.7634293919166315,-0.09631750140154519,0.9889271404993043,0.09682396227356159,-0.05600099646795575,-0.2558218832736938,0.8213919041309139,0.9412810652419509,0.9120975228540532,0.9176599395931209,0.7837779602658606,0.5208049806813534,0.6110983408462497,0.6134366162698497,0.9228267981067642,0.8047334782264898,0.18170122604428976],[0.9955343186059278,0.9954866207908065,0.9955343186059278,1.0,1.0,0.9491161749322855,0.9491161749322855,0.8842760447117205,0.8842760447117205,0.8808538843388816,0.9994759352370169,0.9050569487492576,0.9885729485750259,0.9844484399235115,0.9994194234658383,0.9547654336505604,0.9948283812352592,0.9060855215946696,0.7634293919166315,-0.09631750140154519,0.9889271404993043,0.09682396227356159,-0.05600099646795575,-0.2558218832736938,0.8213919041309139,0.9412810652419509,0.9120975228540532,0.9176599395931209,0.7837779602658606,0.5208049806813534,0.6110983408462497,0.6134366162698497,0.9228267981067642,0.8047334782264898,0.18170122604428976],[0.962116824151517,0.9614887647902779,0.962116824151517,0.9491161749322855,0.9491161749322855,1.0,1.0,0.9249041333820051,0.9249041333820051,0.8685719763204343,0.9519397805586483,0.8838123795842686,0.9762369988231252,0.9748623135494616,0.9516314744492687,0.9990018582710306,0.9724194961530579,0.9195105081554147,0.6301734521192695,-0.034549726383450954,0.9336994445136187,0.25518583423116653,-0.22511882481638615,-0.10903724208885654,0.893165169949369,0.906038256573878,0.9262661987778246,0.8967199388151883,0.7315515635540203,0.7132236550090485,0.7273301050085809,0.7149474703714094,0.84893543926749,0.8488783898517662,0.4597460688423202],[0.962116824151517,0.9614887647902779,0.962116824151517,0.9491161749322855,0.9491161749322855,1.0,1.0,0.9249041333820051,0.9249041333820051,0.8685719763204343,0.9519397805586483,0.8838123795842686,0.9762369988231252,0.9748623135494616,0.9516314744492687,0.9990018582710306,0.9724194961530579,0.9195105081554147,0.6301734521192695,-0.034549726383450954,0.9336994445136187,0.25518583423116653,-0.22511882481638615,-0.10903724208885654,0.893165169949369,0.906038256573878,0.9262661987778246,0.8967199388151883,0.7315515635540203,0.7132236550090485,0.7273301050085809,0.7149474703714094,0.84893543926749,0.8488783898517662,0.4597460688423202],[0.8984440697224422,0.8996549926786197,0.8984440697224422,0.8842760447117205,0.8842760447117205,0.9249041333820051,0.9249041333820051,1.0,1.0,0.8500295507658965,0.9387028270758704,0.8492531074189235,0.9474402996540088,0.9425660485921207,0.9383968740896168,0.9257553537175476,0.9410847552097833,0.9724521997467893,0.5661679374169537,0.08608225031169656,0.8419741845329478,0.5055492690329615,-0.24987409981526743,0.03177991693271624,0.7848318597375479,0.7998277110340025,0.8636307887280951,0.8436850576681562,0.7441644543110385,0.8696312177355378,0.7706252184656148,0.719885026317349,0.7748611514133968,0.8364731822398168,0.7985510855831236],[0.8984440697224422,0.8996549926786197,0.8984440697224422,0.8842760447117205,0.8842760447117205,0.9249041333820051,0.9249041333820051,1.0,1.0,0.8500295507658965,0.9387028270758704,0.8492531074189235,0.9474402996540088,0.9425660485921207,0.9383968740896168,0.9257553537175476,0.9410847552097833,0.9724521997467893,0.5661679374169537,0.08608225031169656,0.8419741845329478,0.5055492690329615,-0.24987409981526743,0.03177991693271624,0.7848318597375479,0.7998277110340025,0.8636307887280951,0.8436850576681562,0.7441644543110385,0.8696312177355378,0.7706252184656148,0.719885026317349,0.7748611514133968,0.8364731822398168,0.7985510855831236],[0.8923406701633839,0.8929202552983775,0.8923406701633839,0.8808538843388816,0.8808538843388816,0.8685719763204343,0.8685719763204343,0.8500295507658965,0.8500295507658965,1.0,0.8753695131933535,0.9999757844632778,0.8525211437484121,0.8114452860537393,0.8767424966880292,0.8707081917434648,0.8886738639064371,0.8781629497903789,0.7484997703851306,0.23847073646013567,0.8675314931802136,0.7250859736894085,-0.29139234352790594,0.3960960322409992,0.846398468279469,0.7410027542845599,0.8452472798541608,0.8301290513276696,0.7221352607790112,0.7171603272833859,0.7949982953314432,0.7807871064418144,0.8084477962874442,0.8524455559560041,0.7646865284518957],[0.9949699097875229,0.9949487045008727,0.9949699097875229,0.9994759352370169,0.9994759352370169,0.9519397805586483,0.9519397805586483,0.9387028270758704,0.9387028270758704,0.8753695131933535,1.0,0.8751505200811746,0.9882752881335467,0.9846539745796722,0.9999155344384442,0.9522713722380162,0.9938969867835572,0.9230421924357771,0.846250754348637,0.14023426296482888,0.9957256921221064,0.8550153982259997,-0.4402884149900659,0.35996466042746267,0.8594829974683772,0.9135055582333377,0.9419047296359503,0.9134235685465039,0.8075084240805219,0.8950091237811302,0.8731071513492016,0.8118573778558614,0.897453371241812,0.9426265093859306,0.7771851099467958],[0.9136302297251737,0.9129218639026794,0.9136302297251737,0.9050569487492576,0.9050569487492576,0.8838123795842686,0.8838123795842686,0.8492531074189235,0.8492531074189235,0.9999757844632778,0.8751505200811746,1.0,0.8498815617042222,0.8080156474207716,0.8745813244119385,0.884504385447929,0.8930238243027993,0.8743444338880999,0.7010869914943928,0.006373494856134788,0.8895898655138429,0.5694040692248784,-0.21170942340210067,-0.23595310354034302,0.8559941010799358,0.7920544863053952,0.8276087255555389,0.8519809952011904,0.7680972712664036,0.7208934542358937,0.7700584676585425,0.7104332188475628,0.8454414360060093,0.7470109096826215,0.7263738027313053],[0.9928045261006443,0.9925504924564565,0.9928045261006443,0.9885729485750259,0.9885729485750259,0.9762369988231252,0.9762369988231252,0.9474402996540088,0.9474402996540088,0.8525211437484121,0.9882752881335467,0.8498815617042222,1.0,0.999696688960877,0.9882390378694218,0.9744771639449528,0.9900420370598134,0.9187154453010334,0.8154682178975876,0.17760575011262622,0.9859097604544743,0.8787072182575161,-0.6217278010356313,0.4369512287435131,0.8398197532260725,0.9240726169199932,0.9582835475687879,0.9080801012544555,0.7333157356632376,0.8952596001103471,0.8535610119658993,0.8027821393385296,0.8792023790680134,0.9628158357305889,0.8119343303051074],[0.9924455649787498,0.9918876630385413,0.9924455649787498,0.9844484399235115,0.9844484399235115,0.9748623135494616,0.9748623135494616,0.9425660485921207,0.9425660485921207,0.8114452860537393,0.9846539745796722,0.8080156474207716,0.999696688960877,1.0,0.9847891511765312,0.9720439968033477,0.9883953901250672,0.9057615713508075,0.834112766538763,0.05615071122167677,0.9803041301965375,0.8874983002037234,-0.8268816062216566,0.4828517649685248,0.7959125285758214,0.9290900275145235,0.9559614455654506,0.8947391543016081,0.6517395317802888,0.9054916506154538,0.8408867340656201,0.7533445862734637,0.9112008631436056,0.96503520786196,0.7799434521546172],[0.9949505235935536,0.9949266182093222,0.9949505235935536,0.9994194234658383,0.9994194234658383,0.9516314744492687,0.9516314744492687,0.9383968740896168,0.9383968740896168,0.8767424966880292,0.9999155344384442,0.8745813244119385,0.9882390378694218,0.9847891511765312,1.0,0.9521274290614233,0.9939020852162889,0.9232241215327158,0.8474510313649343,0.13946577574675914,0.9956035300680138,0.8545872302865394,-0.4378093848331823,0.35883559528931663,0.8591845574303213,0.9111848569649251,0.9409310537236537,0.9138298341863463,0.8089990249865989,0.8945362955644142,0.8741781108715316,0.8126628755700956,0.8972682919712756,0.9424236338698594,0.7769316274071584],[0.9721944895711024,0.9715008379541906,0.9721944895711024,0.9547654336505604,0.9547654336505604,0.9990018582710306,0.9990018582710306,0.9257553537175476,0.9257553537175476,0.8707081917434648,0.9522713722380162,0.884504385447929,0.9744771639449528,0.9720439968033477,0.9521274290614233,1.0,0.9739951394205772,0.9191570624780266,0.6790325062329343,-0.01605419504625989,0.9442177413284338,0.5855700283270087,-0.35869729436496123,-0.16218526231054556,0.905704797434009,0.9149324566006,0.9217657363091408,0.9048608182124132,0.7714887613558686,0.8369061883972921,0.7769321732781087,0.7722572100664293,0.8725871292545734,0.8460249412485715,0.7863085259424282],[0.9989063144397222,0.9989098002653757,0.9989063144397222,0.9948283812352592,0.9948283812352592,0.9724194961530579,0.9724194961530579,0.9410847552097833,0.9410847552097833,0.8886738639064371,0.9938969867835572,0.8930238243027993,0.9900420370598134,0.9883953901250672,0.9939020852162889,0.9739951394205772,1.0,0.9403271708973241,0.8524013115791611,0.14063438547005838,0.9869876662448722,0.8246410742786822,-0.42076671195855564,0.37307183636499136,0.8941588548772463,0.92427825482977,0.9459646615503876,0.9377911263187848,0.827521622401385,0.8831255751069299,0.8996827790706335,0.8428322516160289,0.9092837550785097,0.9476315059472961,0.8336071651562494],[0.9255672416716643,0.9260095533894475,0.9255672416716643,0.9060855215946696,0.9060855215946696,0.9195105081554147,0.9195105081554147,0.9724521997467893,0.9724521997467893,0.8781629497903789,0.9230421924357771,0.8743444338880999,0.9187154453010334,0.9057615713508075,0.9232241215327158,0.9191570624780266,0.9403271708973241,1.0,0.730809425883075,0.008060336614299045,0.8691571813867972,0.51527893369924,-0.14338993840959224,-0.20278474892533316,0.8233585370271721,0.8231561411912373,0.8298297992341348,0.9127351301325737,0.831233876824621,0.7960979276114595,0.7448560874622121,0.7024662053692888,0.8380346365253205,0.7664533548141085,0.8466344371869214],[0.7843428740790261,0.8045230020596544,0.7843428740790261,0.7634293919166315,0.7634293919166315,0.6301734521192695,0.6301734521192695,0.5661679374169537,0.5661679374169537,0.7484997703851306,0.846250754348637,0.7010869914943928,0.8154682178975876,0.834112766538763,0.8474510313649343,0.6790325062329343,0.8524013115791611,0.730809425883075,1.0,0.055357645561563244,0.7260100557891613,-0.42548964069006573,0.37058271810205934,-0.6608513323366102,0.33697337580784414,0.7925230532065661,0.4893114047077643,0.831144320223328,0.6839481049030355,0.05581844419927634,0.28437288736807637,0.5594941193068608,0.7777538073023258,0.45607939168612993,-0.16835869601753325],[-0.09026074095781281,0.11787145559971163,-0.09026074095781281,-0.09631750140154519,-0.09631750140154519,-0.034549726383450954,-0.034549726383450954,0.08608225031169656,0.08608225031169656,0.23847073646013567,0.14023426296482888,0.006373494856134788,0.17760575011262622,0.05615071122167677,0.13946577574675914,-0.01605419504625989,0.14063438547005838,0.008060336614299045,0.055357645561563244,1.0,-0.05580293547080703,0.13222736163371032,0.1258041311235517,0.7520610814661322,-0.07948028692735638,0.02821879141399091,0.024800905444384725,0.1913545345569313,0.029759874036620285,0.10551298725264865,0.3772116669420589,0.5851066076435782,-0.08784218097744005,0.1380218301276749,0.1718075612385222],[0.9770056755651234,0.9681409490851969,0.9770056755651234,0.9889271404993043,0.9889271404993043,0.9336994445136187,0.9336994445136187,0.8419741845329478,0.8419741845329478,0.8675314931802136,0.9957256921221064,0.8895898655138429,0.9859097604544743,0.9803041301965375,0.9956035300680138,0.9442177413284338,0.9869876662448722,0.8691571813867972,0.7260100557891613,-0.05580293547080703,1.0,0.006187644801720442,-0.11911833502474035,-0.31387601536619336,0.6835162543811435,0.9256614459033898,0.8961316528992547,0.8604603754341941,0.7527697104022427,0.5184640236147469,0.5750812409549169,0.5411767787420726,0.9014223228675039,0.6410726588430623,0.16030597980666744],[0.07614045995723094,-0.09313774214854659,0.07614045995723094,0.09682396227356159,0.09682396227356159,0.25518583423116653,0.25518583423116653,0.5055492690329615,0.5055492690329615,0.7250859736894085,0.8550153982259997,0.5694040692248784,0.8787072182575161,0.8874983002037234,0.8545872302865394,0.5855700283270087,0.8246410742786822,0.51527893369924,-0.42548964069006573,0.13222736163371032,0.006187644801720442,1.0,-0.43002797777255664,0.7678558804924486,0.36357296481613655,-0.034408538265558265,0.2616094129880232,-0.14973754070121986,0.028668034068441966,0.5634943654026998,0.4516116133640338,0.18309640915435788,-0.07032531632587115,0.35986544206269955,0.46325608589624473],[-0.023868184980615097,-0.0164266346661891,-0.023868184980615097,-0.05600099646795575,-0.05600099646795575,-0.22511882481638615,-0.22511882481638615,-0.24987409981526743,-0.24987409981526743,-0.29139234352790594,-0.4402884149900659,-0.21170942340210067,-0.6217278010356313,-0.8268816062216566,-0.4378093848331823,-0.35869729436496123,-0.42076671195855564,-0.14338993840959224,0.37058271810205934,0.1258041311235517,-0.11911833502474035,-0.43002797777255664,1.0,-0.04290345186115245,-0.13605825332107563,-0.07455156513210844,-0.2572148699960695,0.006529585462282447,-0.03005431382985583,-0.5420642961007813,-0.16492300102393653,-0.0017370037031789781,0.015351685669854781,-0.16812139864016218,-0.40049604916714354],[-0.25261124873947166,-0.2528862136828098,-0.25261124873947166,-0.2558218832736938,-0.2558218832736938,-0.10903724208885654,-0.10903724208885654,0.03177991693271624,0.03177991693271624,0.3960960322409992,0.35996466042746267,-0.23595310354034302,0.4369512287435131,0.4828517649685248,0.35883559528931663,-0.16218526231054556,0.37307183636499136,-0.20278474892533316,-0.6608513323366102,0.7520610814661322,-0.31387601536619336,0.7678558804924486,-0.04290345186115245,1.0,-0.10026605030569832,-0.2952512461883626,-0.054142341953465956,-0.3504121599396539,-0.3274996570699604,0.09851567538557421,0.17617813319409784,0.27081792070281446,-0.38250875478747515,0.13567762001482295,0.10288202422940688],[0.8224528632354814,0.6477916714213955,0.8224528632354814,0.8213919041309139,0.8213919041309139,0.893165169949369,0.893165169949369,0.7848318597375479,0.7848318597375479,0.846398468279469,0.8594829974683772,0.8559941010799358,0.8398197532260725,0.7959125285758214,0.8591845574303213,0.905704797434009,0.8941588548772463,0.8233585370271721,0.33697337580784414,-0.07948028692735638,0.6835162543811435,0.36357296481613655,-0.13605825332107563,-0.10026605030569832,1.0,0.604719680704677,0.8415459501645033,0.4825073198267435,0.616878733305083,0.5323443149471889,0.6475252288300576,0.4176978973398087,0.6977227860778945,0.6990024700037155,0.41046727929186294],[0.9469991715264948,0.9469414829010928,0.9469991715264948,0.9412810652419509,0.9412810652419509,0.906038256573878,0.906038256573878,0.7998277110340025,0.7998277110340025,0.7410027542845599,0.9135055582333377,0.7920544863053952,0.9240726169199932,0.9290900275145235,0.9111848569649251,0.9149324566006,0.92427825482977,0.8231561411912373,0.7925230532065661,0.02821879141399091,0.9256614459033898,-0.034408538265558265,-0.07455156513210844,-0.2952512461883626,0.604719680704677,1.0,0.8324343049760046,0.8532995845214468,0.7101568953907672,0.37968945370047497,0.4975261595181761,0.5928376598028955,0.8965012891078096,0.6247686101054002,0.061589372841233433],[0.9070014173646175,0.8796167532495971,0.9070014173646175,0.9120975228540532,0.9120975228540532,0.9262661987778246,0.9262661987778246,0.8636307887280951,0.8636307887280951,0.8452472798541608,0.9419047296359503,0.8276087255555389,0.9582835475687879,0.9559614455654506,0.9409310537236537,0.9217657363091408,0.9459646615503876,0.8298297992341348,0.4893114047077643,0.024800905444384725,0.8961316528992547,0.2616094129880232,-0.2572148699960695,-0.054142341953465956,0.8415459501645033,0.8324343049760046,1.0,0.737985563499588,0.5892452342278959,0.5553073640646772,0.5806755679110268,0.5300228825686142,0.8042757812903985,0.81989224850918,0.20652396261910885],[0.9284490006950841,0.9229038697023001,0.9284490006950841,0.9176599395931209,0.9176599395931209,0.8967199388151883,0.8967199388151883,0.8436850576681562,0.8436850576681562,0.8301290513276696,0.9134235685465039,0.8519809952011904,0.9080801012544555,0.8947391543016081,0.9138298341863463,0.9048608182124132,0.9377911263187848,0.9127351301325737,0.831144320223328,0.1913545345569313,0.8604603754341941,-0.14973754070121986,0.006529585462282447,-0.3504121599396539,0.4825073198267435,0.8532995845214468,0.737985563499588,1.0,0.9024062738256137,0.5123081230183278,0.6735871283404412,0.6643325678943738,0.87256983456079,0.4808118838020345,0.2895702143166545],[0.7726021041851162,0.7852969859416802,0.7726021041851162,0.7837779602658606,0.7837779602658606,0.7315515635540203,0.7315515635540203,0.7441644543110385,0.7441644543110385,0.7221352607790112,0.8075084240805219,0.7680972712664036,0.7333157356632376,0.6517395317802888,0.8089990249865989,0.7714887613558686,0.827521622401385,0.831233876824621,0.6839481049030355,0.029759874036620285,0.7527697104022427,0.028668034068441966,-0.03005431382985583,-0.3274996570699604,0.616878733305083,0.7101568953907672,0.5892452342278959,0.9024062738256137,1.0,0.5546987138814093,0.6559709671579645,0.6053441876995815,0.7185650722115633,0.563093769301592,0.4691579710160042],[0.49363055844433423,0.48511131089713716,0.49363055844433423,0.5208049806813534,0.5208049806813534,0.7132236550090485,0.7132236550090485,0.8696312177355378,0.8696312177355378,0.7171603272833859,0.8950091237811302,0.7208934542358937,0.8952596001103471,0.9054916506154538,0.8945362955644142,0.8369061883972921,0.8831255751069299,0.7960979276114595,0.05581844419927634,0.10551298725264865,0.5184640236147469,0.5634943654026998,-0.5420642961007813,0.09851567538557421,0.5323443149471889,0.37968945370047497,0.5553073640646772,0.5123081230183278,0.5546987138814093,1.0,0.7347287568968582,0.3719966860622703,0.4492693115171467,0.5391106017973629,0.7773542267217247],[0.6165455402925648,0.6134281550885298,0.6165455402925648,0.6110983408462497,0.6110983408462497,0.7273301050085809,0.7273301050085809,0.7706252184656148,0.7706252184656148,0.7949982953314432,0.8731071513492016,0.7700584676585425,0.8535610119658993,0.8408867340656201,0.8741781108715316,0.7769321732781087,0.8996827790706335,0.7448560874622121,0.28437288736807637,0.3772116669420589,0.5750812409549169,0.4516116133640338,-0.16492300102393653,0.17617813319409784,0.6475252288300576,0.4975261595181761,0.5806755679110268,0.6735871283404412,0.6559709671579645,0.7347287568968582,1.0,0.7779967483659495,0.47182492635223233,0.7171280852162722,0.5466948648788719],[0.6395382790426125,0.6667641613137999,0.6395382790426125,0.6134366162698497,0.6134366162698497,0.7149474703714094,0.7149474703714094,0.719885026317349,0.719885026317349,0.7807871064418144,0.8118573778558614,0.7104332188475628,0.8027821393385296,0.7533445862734637,0.8126628755700956,0.7722572100664293,0.8428322516160289,0.7024662053692888,0.5594941193068608,0.5851066076435782,0.5411767787420726,0.18309640915435788,-0.0017370037031789781,0.27081792070281446,0.4176978973398087,0.5928376598028955,0.5300228825686142,0.6643325678943738,0.6053441876995815,0.3719966860622703,0.7779967483659495,1.0,0.4861522659955343,0.6648440522591501,0.1955546742934907],[0.9296015336632476,0.9267468202819319,0.9296015336632476,0.9228267981067642,0.9228267981067642,0.84893543926749,0.84893543926749,0.7748611514133968,0.7748611514133968,0.8084477962874442,0.897453371241812,0.8454414360060093,0.8792023790680134,0.9112008631436056,0.8972682919712756,0.8725871292545734,0.9092837550785097,0.8380346365253205,0.7777538073023258,-0.08784218097744005,0.9014223228675039,-0.07032531632587115,0.015351685669854781,-0.38250875478747515,0.6977227860778945,0.8965012891078096,0.8042757812903985,0.87256983456079,0.7185650722115633,0.4492693115171467,0.47182492635223233,0.4861522659955343,1.0,0.7118615052452447,0.15822369075308784],[0.8148352877499488,0.6633600995960923,0.8148352877499488,0.8047334782264898,0.8047334782264898,0.8488783898517662,0.8488783898517662,0.8364731822398168,0.8364731822398168,0.8524455559560041,0.9426265093859306,0.7470109096826215,0.9628158357305889,0.96503520786196,0.9424236338698594,0.8460249412485715,0.9476315059472961,0.7664533548141085,0.45607939168612993,0.1380218301276749,0.6410726588430623,0.35986544206269955,-0.16812139864016218,0.13567762001482295,0.6990024700037155,0.6247686101054002,0.81989224850918,0.4808118838020345,0.563093769301592,0.5391106017973629,0.7171280852162722,0.6648440522591501,0.7118615052452447,1.0,0.16715332945798436],[0.16960943713596277,0.16592389933615373,0.16960943713596277,0.18170122604428976,0.18170122604428976,0.4597460688423202,0.4597460688423202,0.7985510855831236,0.7985510855831236,0.7646865284518957,0.7771851099467958,0.7263738027313053,0.8119343303051074,0.7799434521546172,0.7769316274071584,0.7863085259424282,0.8336071651562494,0.8466344371869214,-0.16835869601753325,0.1718075612385222,0.16030597980666744,0.46325608589624473,-0.40049604916714354,0.10288202422940688,0.41046727929186294,0.061589372841233433,0.20652396261910885,0.2895702143166545,0.4691579710160042,0.7773542267217247,0.5466948648788719,0.1955546742934907,0.15822369075308784,0.16715332945798436,1.0]],"x":["^TAIEX       \u81fa\u7063\u52a0\u6b0a\u5831\u916c\u6307\u6578","^TWII        \u81fa\u7063\u52a0\u6b0a\u6307\u6578","^TAIEXx2     \u81fa\u7063\u52a0\u6b0a\u5831\u916c\u6307\u6578_\u65e5\u6b632","^TAI50I      \u81fa\u706350\u5831\u916c\u6307\u6578","^TAI50Ix2    \u81fa\u706350\u5831\u916c\u6307\u6578_\u65e5\u6b632","^TAI100I     \u81fa\u7063\u4e2d\u578b100\u5831\u916c\u6307\u6578","^TAI100Ix2   \u81fa\u7063\u4e2d\u578b100\u5831\u916c\u6307\u6578_\u65e5\u6b632","^TAIDIVIDI   \u81fa\u7063\u9ad8\u80a1\u606f\u5831\u916c\u6307\u6578","^TAIDIVIDIx2 \u81fa\u7063\u9ad8\u80a1\u606f\u5831\u916c\u6307\u6578_\u65e5\u6b632","0050Fund     \u5143\u5927\u53f0\u7063\u5353\u8d8a50\u57fa\u91d1","006208Fund   \u5bcc\u90a6\u53f0\u7063\u91c6\u540950\u57fa\u91d1","0050         \u5143\u5927\u81fa\u706350","00631L       \u5143\u5927\u53f0\u706350\u6b632","00675L       \u5bcc\u90a6\u81fa\u7063\u52a0\u6b0a\u6b632","006208       \u5bcc\u90a6\u53f050","0051         \u5143\u5927\u4e2d\u578b100","006204       \u6c38\u8c50\u81fa\u7063\u52a0\u6b0a","0056         \u5143\u5927\u9ad8\u80a1\u606f","2412         \u4e2d\u83ef\u96fb\u4fe1","2002         \u4e2d\u92fc","2330         \u53f0\u7a4d\u96fb","2317         \u9d3b\u6d77","6505         \u53f0\u5851\u77f3\u5316","3481         \u7fa4\u5275","2303         \u806f\u96fb","2308         \u53f0\u9054\u96fb","2454         \u806f\u767c\u79d1","2886         \u5146\u8c50\u91d1","2884         \u7389\u5c71\u91d1","2891         \u4e2d\u4fe1\u91d1","2892         \u7b2c\u4e00\u91d1","5880         \u5408\u5eab\u91d1","2881         \u5bcc\u90a6\u91d1","2885         \u5143\u5927\u91d1","2887         \u53f0\u65b0\u91d1"],"y":["^TAIEX       \u81fa\u7063\u52a0\u6b0a\u5831\u916c\u6307\u6578","^TWII        \u81fa\u7063\u52a0\u6b0a\u6307\u6578","^TAIEXx2     \u81fa\u7063\u52a0\u6b0a\u5831\u916c\u6307\u6578_\u65e5\u6b632","^TAI50I      \u81fa\u706350\u5831\u916c\u6307\u6578","^TAI50Ix2    \u81fa\u706350\u5831\u916c\u6307\u6578_\u65e5\u6b632","^TAI100I     \u81fa\u7063\u4e2d\u578b100\u5831\u916c\u6307\u6578","^TAI100Ix2   \u81fa\u7063\u4e2d\u578b100\u5831\u916c\u6307\u6578_\u65e5\u6b632","^TAIDIVIDI   \u81fa\u7063\u9ad8\u80a1\u606f\u5831\u916c\u6307\u6578","^TAIDIVIDIx2 \u81fa\u7063\u9ad8\u80a1\u606f\u5831\u916c\u6307\u6578_\u65e5\u6b632","0050Fund     \u5143\u5927\u53f0\u7063\u5353\u8d8a50\u57fa\u91d1","006208Fund   \u5bcc\u90a6\u53f0\u7063\u91c6\u540950\u57fa\u91d1","0050         \u5143\u5927\u81fa\u706350","00631L       \u5143\u5927\u53f0\u706350\u6b632","00675L       \u5bcc\u90a6\u81fa\u7063\u52a0\u6b0a\u6b632","006208       \u5bcc\u90a6\u53f050","0051         \u5143\u5927\u4e2d\u578b100","006204       \u6c38\u8c50\u81fa\u7063\u52a0\u6b0a","0056         \u5143\u5927\u9ad8\u80a1\u606f","2412         \u4e2d\u83ef\u96fb\u4fe1","2002         \u4e2d\u92fc","2330         \u53f0\u7a4d\u96fb","2317         \u9d3b\u6d77","6505         \u53f0\u5851\u77f3\u5316","3481         \u7fa4\u5275","2303         \u806f\u96fb","2308         \u53f0\u9054\u96fb","2454         \u806f\u767c\u79d1","2886         \u5146\u8c50\u91d1","2884         \u7389\u5c71\u91d1","2891         \u4e2d\u4fe1\u91d1","2892         \u7b2c\u4e00\u91d1","5880         \u5408\u5eab\u91d1","2881         \u5bcc\u90a6\u91d1","2885         \u5143\u5927\u91d1","2887         \u53f0\u65b0\u91d1"],"zmin":-1,"zmax":1,"colorbar":{"x":-0.2}}],"layout":{"autotypenumbers":"strict","colorway":["#636efa","#EF553B","#00cc96","#ab63fa","#FFA15A","#19d3f3","#FF6692","#B6E880","#FF97FF","#FECB52"],"font":{"color":"#f2f5fa","family":"Courier New"},"hovermode":"closest","hoverlabel":{"align":"left"},"paper_bgcolor":"rgb(17,17,17)","plot_bgcolor":"rgb(17,17,17)","polar":{"bgcolor":"rgb(17,17,17)","angularaxis":{"gridcolor":"#506784","linecolor":"#506784","ticks":""},"radialaxis":{"gridcolor":"#506784","linecolor":"#506784","ticks":""}},"ternary":{"bgcolor":"rgb(17,17,17)","aaxis":{"gridcolor":"#506784","linecolor":"#506784","ticks":""},"baxis":{"gridcolor":"#506784","linecolor":"#506784","ticks":""},"caxis":{"gridcolor":"#506784","linecolor":"#506784","ticks":""}},"coloraxis":{"colorbar":{"outlinewidth":0,"ticks":""}},"colorscale":{"sequential":[[0.0,"#0d0887"],[0.1111111111111111,"#46039f"],[0.2222222222222222,"#7201a8"],[0.3333333333333333,"#9c179e"],[0.4444444444444444,"#bd3786"],[0.5555555555555556,"#d8576b"],[0.6666666666666666,"#ed7953"],[0.7777777777777778,"#fb9f3a"],[0.8888888888888888,"#fdca26"],[1.0,"#f0f921"]],"sequentialminus":[[0.0,"#0d0887"],[0.1111111111111111,"#46039f"],[0.2222222222222222,"#7201a8"],[0.3333333333333333,"#9c179e"],[0.4444444444444444,"#bd3786"],[0.5555555555555556,"#d8576b"],[0.6666666666666666,"#ed7953"],[0.7777777777777778,"#fb9f3a"],[0.8888888888888888,"#fdca26"],[1.0,"#f0f921"]],"diverging":[[0,"#8e0152"],[0.1,"#c51b7d"],[0.2,"#de77ae"],[0.3,"#f1b6da"],[0.4,"#fde0ef"],[0.5,"#f7f7f7"],[0.6,"#e6f5d0"],[0.7,"#b8e186"],[0.8,"#7fbc41"],[0.9,"#4d9221"],[1,"#276419"]]},"xaxis":{"gridcolor":"rgba(0, 0, 0, 0)","linecolor":"#506784","ticks":"","title":{"standoff":15},"zerolinecolor":"#283442","automargin":true,"zerolinewidth":2,"tickfont":{"family":"Courier New","size":14},"side":"top","tickangle":-90},"yaxis":{"gridcolor":"rgba(0, 0, 0, 0)","linecolor":"#506784","ticks":"","title":{"standoff":15},"zerolinecolor":"#283442","automargin":true,"zerolinewidth":2,"tickfont":{"family":"Courier New"},"side":"right"},"scene":{"xaxis":{"backgroundcolor":"rgb(17,17,17)","gridcolor":"#506784","linecolor":"#506784","showbackground":true,"ticks":"","zerolinecolor":"#C8D4E3","gridwidth":2},"yaxis":{"backgroundcolor":"rgb(17,17,17)","gridcolor":"#506784","linecolor":"#506784","showbackground":true,"ticks":"","zerolinecolor":"#C8D4E3","gridwidth":2},"zaxis":{"backgroundcolor":"rgb(17,17,17)","gridcolor":"#506784","linecolor":"#506784","showbackground":true,"ticks":"","zerolinecolor":"#C8D4E3","gridwidth":2}},"shapedefaults":{"line":{"color":"#f2f5fa"}},"annotationdefaults":{"arrowcolor":"#f2f5fa","arrowhead":0,"arrowwidth":1},"geo":{"bgcolor":"rgb(17,17,17)","landcolor":"rgb(17,17,17)","subunitcolor":"#506784","showland":true,"showlakes":true,"lakecolor":"rgb(17,17,17)"},"title":{"x":0.05,"font":{"family":"Times New Roman"},"y":0.05,"text":"<b>Correlation of Close<b><br><i>2016-09-23 ~ 2025-08-26<i>"},"updatemenudefaults":{"bgcolor":"#506784","borderwidth":0},"sliderdefaults":{"bgcolor":"#C8D4E3","borderwidth":1,"bordercolor":"rgb(17,17,17)","tickwidth":0},"mapbox":{"style":"dark"},"annotations":[{"text":"<b>@zwindr<b>","textangle":0,"opacity":0.5,"font":{"color":"white","size":12},"xref":"paper","yref":"paper","xanchor":"left","yanchor":"bottom","x":1.0,"y":1.0,"showarrow":false}]},"config":{"responsive":true,"toImageButtonOptions":{"filename":"Correlation of Close_2016-09-23~2025-08-26","scale":5}}};Plotly.newPlot("correlationClose",correlationClose.data,correlationClose.layout||{},correlationClose.config);}else{console.log("style display is none => correlationClose");}