var element=document.getElementById("correlationClose");if(element.style.display!='none'){var correlationClose={"data":[{"type":"heatmap","z":[[1.0,0.9999999999999981,1.0,0.9952091959761226,0.9952091959761226,0.9652823306542369,0.9652823306542369,0.9051442502003603,0.9051442502003603,0.8586519617969591,0.9944054197945896,0.8256276463120704,0.9925890551921719,0.9926101993861102,0.994451191314537,0.9740758732536186,0.9990303598783878,0.9214389435068844,0.9214389435068844,0.7838440384492165,-0.1292580489072901,0.9779134728949131,0.14523614801381757,-0.08792916303294913,-0.25147077092693376,0.8156086310438679,0.9111445709923417,0.9132809828781449,0.9271271271794896,0.7804807377724717,0.544133680478337,0.6341493130741777,0.6326998989223254,0.9327085439291872,0.8291431389266986,0.1854886055751137],[0.9999999999999981,1.0,0.9999999999999983,0.9951753688182106,0.9951753688182106,0.9647304080545304,0.9647304080545304,0.9061495089483059,0.9061495089483059,0.8599327165220926,0.9943986539229875,0.8271500036771567,0.9923152368436335,0.9920830242989143,0.9944452715092641,0.973449929822342,0.9990297131626658,0.9217906199114709,0.9217906199114709,0.8027729164278369,0.0821903407030016,0.9696063940774229,-0.05383424870965243,-0.07948841497100854,-0.25177571738757565,0.6470630603283772,0.9125936051753122,0.8880828407345177,0.9217127115163191,0.7914067631281937,0.5348971953879135,0.631042612288922,0.6588822084101843,0.9302398977499616,0.683684638458823,0.18197297663612572],[1.0,0.9999999999999983,1.0,0.9952091959761226,0.9952091959761226,0.9652823306542369,0.9652823306542369,0.9051442502003603,0.9051442502003603,0.8586519617969591,0.9944054197945896,0.8256276463120704,0.9925890551921719,0.9926101993861102,0.994451191314537,0.9740758732536186,0.9990303598783878,0.9214389435068844,0.9214389435068844,0.7838440384492165,-0.1292580489072901,0.9779134728949131,0.14523614801381757,-0.08792916303294913,-0.25147077092693376,0.8156086310438679,0.9111445709923417,0.9132809828781449,0.9271271271794896,0.7804807377724717,0.544133680478337,0.6341493130741777,0.6326998989223254,0.9327085439291872,0.8291431389266986,0.1854886055751137],[0.9952091959761226,0.9951753688182106,0.9952091959761226,1.0,1.0,0.9519982122547707,0.9519982122547707,0.889977815119283,0.889977815119283,0.8380164012766518,0.9995262571642634,0.8031124306004246,0.9905450654762997,0.9873600899298022,0.9994871880931895,0.9566197011220817,0.9947957431058357,0.8984186529929812,0.8984186529929812,0.759714467407693,-0.13686140263214625,0.9902154834659628,0.17083028998499067,-0.12354438191970196,-0.25248394544836855,0.8082948220442666,0.9197761357585852,0.9156035179519085,0.9128108016860706,0.7871642368145998,0.5725223145687561,0.6277781180335746,0.6034512938155893,0.9235512319898865,0.8185934956224757,0.19749420405330226],[0.9952091959761226,0.9951753688182106,0.9952091959761226,1.0,1.0,0.9519982122547707,0.9519982122547707,0.889977815119283,0.889977815119283,0.8380164012766518,0.9995262571642634,0.8031124306004246,0.9905450654762997,0.9873600899298022,0.9994871880931895,0.9566197011220817,0.9947957431058357,0.8984186529929812,0.8984186529929812,0.759714467407693,-0.13686140263214625,0.9902154834659628,0.17083028998499067,-0.12354438191970196,-0.25248394544836855,0.8082948220442666,0.9197761357585852,0.9156035179519085,0.9128108016860706,0.7871642368145998,0.5725223145687561,0.6277781180335746,0.6034512938155893,0.9235512319898865,0.8185934956224757,0.19749420405330226],[0.9652823306542369,0.9647304080545304,0.9652823306542369,0.9519982122547707,0.9519982122547707,1.0,1.0,0.9304590565230663,0.9304590565230663,0.8271713800431509,0.9518033130001053,0.815068753107506,0.9710163505151428,0.968571021550201,0.9516477580588655,0.9990927994261117,0.9736330331966948,0.9199370619906,0.9199370619906,0.6433705216400244,-0.07669015086766363,0.9371065040274322,0.3064444071345077,-0.27516959443207206,-0.11678805978376434,0.8854667154942516,0.8629292117341175,0.93142160866429,0.9003086393658843,0.7437521176863046,0.7416831852842302,0.738518680491252,0.7080889411097515,0.8597488908974004,0.860969350330796,0.46773395388816363],[0.9652823306542369,0.9647304080545304,0.9652823306542369,0.9519982122547707,0.9519982122547707,1.0,1.0,0.9304590565230663,0.9304590565230663,0.8271713800431509,0.9518033130001053,0.815068753107506,0.9710163505151428,0.968571021550201,0.9516477580588655,0.9990927994261117,0.9736330331966948,0.9199370619906,0.9199370619906,0.6433705216400244,-0.07669015086766363,0.9371065040274322,0.3064444071345077,-0.27516959443207206,-0.11678805978376434,0.8854667154942516,0.8629292117341175,0.93142160866429,0.9003086393658843,0.7437521176863046,0.7416831852842302,0.738518680491252,0.7080889411097515,0.8597488908974004,0.860969350330796,0.46773395388816363],[0.9051442502003603,0.9061495089483059,0.9051442502003603,0.889977815119283,0.889977815119283,0.9304590565230663,0.9304590565230663,1.0,1.0,0.7698363381444963,0.9380398705348926,0.7902044136684607,0.9433756089467444,0.938263093627617,0.9379129841317946,0.9313521332498395,0.9444582468950535,0.9716894854861879,0.9716894854861879,0.5844694630881763,0.04333585060754486,0.8510412074233734,0.5425477336459913,-0.30091983575934483,0.019547170180055903,0.7859711373414366,0.7630794528987872,0.8729817336030798,0.8515981960728106,0.7560597681877685,0.8783268674216951,0.7805581774333387,0.7172054601858487,0.7906371132816242,0.8484000842787103,0.8018856082233214],[0.9051442502003603,0.9061495089483059,0.9051442502003603,0.889977815119283,0.889977815119283,0.9304590565230663,0.9304590565230663,1.0,1.0,0.7698363381444963,0.9380398705348926,0.7902044136684607,0.9433756089467444,0.938263093627617,0.9379129841317946,0.9313521332498395,0.9444582468950535,0.9716894854861879,0.9716894854861879,0.5844694630881763,0.04333585060754486,0.8510412074233734,0.5425477336459913,-0.30091983575934483,0.019547170180055903,0.7859711373414366,0.7630794528987872,0.8729817336030798,0.8515981960728106,0.7560597681877685,0.8783268674216951,0.7805581774333387,0.7172054601858487,0.7906371132816242,0.8484000842787103,0.8018856082233214],[0.8586519617969591,0.8599327165220926,0.8586519617969591,0.8380164012766518,0.8380164012766518,0.8271713800431509,0.8271713800431509,0.7698363381444963,0.7698363381444963,1.0,0.7447740242160988,0.9999699426754042,0.6935790166775461,0.6180325192763905,0.7465716734542464,0.8229976697592984,0.7912022144290601,0.8379065453018353,0.8379065453018353,0.7050251352811145,-0.10365256910739454,0.81365624621516,0.04385705767646236,0.0450074130967085,-0.24494775124182833,0.7994255072414136,0.6326712865239743,0.7911814457257,0.8331619337489341,0.7005798931469255,0.3809821491528655,0.5423163165061352,0.5693094586779213,0.8235687508308128,0.6905830944701022,0.17564143045084935],[0.9944054197945896,0.9943986539229875,0.9944054197945896,0.9995262571642634,0.9995262571642634,0.9518033130001053,0.9518033130001053,0.9380398705348926,0.9380398705348926,0.7447740242160988,1.0,0.7446582574695085,0.9903180090294026,0.9874508551954683,0.9999247243613676,0.9522086014340909,0.9936327421127474,0.910660043248497,0.910660043248497,0.8530833579076423,0.04982344020890226,0.9963905006315015,0.8803133001833013,-0.4966130284634033,0.3455680040376282,0.8291965533211911,0.8827872346650879,0.9367062080592573,0.9071838977869499,0.8108159058939528,0.9099617988938826,0.8701901567716731,0.7846370211057326,0.9010002415897008,0.941722636326482,0.7763852817957185],[0.8256276463120704,0.8271500036771567,0.8256276463120704,0.8031124306004246,0.8031124306004246,0.815068753107506,0.815068753107506,0.7902044136684607,0.7902044136684607,0.9999699426754042,0.7446582574695085,1.0,0.6940916297114591,0.6184321334062425,0.7469972357871536,0.8168160407631216,0.7915029258823094,0.8358193204821411,0.8358193204821411,0.6711443349076309,0.020515476105404905,0.7821390493450974,0.47541951282970873,-0.1827575517470293,-0.23259631368602338,0.8348111948506127,0.5498086717300615,0.7712883672280523,0.8103986134089748,0.7316250936071602,0.6388670623277418,0.7289669594703644,0.6935241350540954,0.7906714619629528,0.6917873719790668,0.698506498745862],[0.9925890551921719,0.9923152368436335,0.9925890551921719,0.9905450654762997,0.9905450654762997,0.9710163505151428,0.9710163505151428,0.9433756089467444,0.9433756089467444,0.6935790166775461,0.9903180090294026,0.6940916297114591,1.0,0.9997512707505687,0.99028443821051,0.9697135724354453,0.99030257403406,0.9029845246446422,0.9029845246446422,0.830320662905445,0.08221939612893954,0.9883175191754928,0.9007361684938829,-0.6579112200324221,0.415827983948869,0.8038174239725705,0.8882667834352281,0.9474866804945566,0.8997685456796387,0.7441086629395941,0.9095500690567806,0.8501029523043014,0.7686460528585191,0.8847287636596739,0.9566860288927538,0.8057893870876707],[0.9926101993861102,0.9920830242989143,0.9926101993861102,0.9873600899298022,0.9873600899298022,0.968571021550201,0.968571021550201,0.938263093627617,0.938263093627617,0.6180325192763905,0.9874508551954683,0.6184321334062425,0.9997512707505687,1.0,0.9875606621475768,0.9665383010367581,0.9892797433797637,0.8884903899487651,0.8884903899487651,0.8512457630514233,-0.04308727189664143,0.9838613695485866,0.9091341378058655,-0.8389916174236218,0.4546700730183865,0.7538507850283426,0.892692425598379,0.9420752439280459,0.8861086369277432,0.6726890117296381,0.9181386236124813,0.8406330466192694,0.7127934383206788,0.9111976818227554,0.9573667257101066,0.773948009499191],[0.994451191314537,0.9944452715092641,0.994451191314537,0.9994871880931895,0.9994871880931895,0.9516477580588655,0.9516477580588655,0.9379129841317946,0.9379129841317946,0.7465716734542464,0.9999247243613676,0.7469972357871536,0.99028443821051,0.9875606621475768,1.0,0.9521649730686527,0.9936898975787641,0.9112587444648793,0.9112587444648793,0.8539678790579077,0.05063120137852476,0.9962593167933649,0.8794838529192475,-0.4932613374739699,0.3450085773952892,0.8297251763097288,0.8810627597664247,0.9358920634249912,0.907740495496223,0.8119196490938533,0.9092427283124639,0.8712896797724224,0.7860067258099996,0.900864789233299,0.9416577018204841,0.7767648295151999],[0.9740758732536186,0.973449929822342,0.9740758732536186,0.9566197011220817,0.9566197011220817,0.9990927994261117,0.9990927994261117,0.9313521332498395,0.9313521332498395,0.8229976697592984,0.9522086014340909,0.8168160407631216,0.9697135724354453,0.9665383010367581,0.9521649730686527,1.0,0.9750596795319547,0.9194868616111389,0.9194868616111389,0.691566956099509,-0.06016362572040591,0.9457442682444978,0.6313931522047322,-0.40708438118373214,-0.16586334344113532,0.896844712261162,0.8614525941736673,0.9270969067440091,0.9074294378838643,0.780788635557722,0.8527213043302722,0.7857717348265492,0.7643675648476189,0.881918180988736,0.858209129107431,0.7894207286187209],[0.9990303598783878,0.9990297131626658,0.9990303598783878,0.9947957431058357,0.9947957431058357,0.9736330331966948,0.9736330331966948,0.9444582468950535,0.9444582468950535,0.7912022144290601,0.9936327421127474,0.7915029258823094,0.99030257403406,0.9892797433797637,0.9936898975787641,0.9750596795319547,1.0,0.9345351172175226,0.9345351172175226,0.8617193724613155,0.062219113425806154,0.9871736899999638,0.8472671613496748,-0.47411675300261125,0.3631157158095912,0.8736932465524266,0.8771378020734156,0.9460058168398752,0.9353105291323718,0.8323870815431972,0.898133811852222,0.9002862906218935,0.8248147992538136,0.9146515221991529,0.950492999727516,0.8335546488913943],[0.9214389435068844,0.9217906199114709,0.9214389435068844,0.8984186529929812,0.8984186529929812,0.9199370619906,0.9199370619906,0.9716894854861879,0.9716894854861879,0.8379065453018353,0.910660043248497,0.8358193204821411,0.9029845246446422,0.8884903899487651,0.9112587444648793,0.9194868616111389,0.9345351172175226,1.0,1.0,0.7405425108860659,-0.022773473258906687,0.8621256413193681,0.5436731189829633,-0.1877758078371191,-0.2059873955222283,0.8263684474818116,0.7492878820999598,0.83661423068962,0.9163938951803505,0.8375977956881797,0.8009318299771265,0.7550711013595652,0.7054770738971623,0.8451265416609897,0.7774935760456859,0.8509939102483439],[0.9214389435068844,0.9217906199114709,0.9214389435068844,0.8984186529929812,0.8984186529929812,0.9199370619906,0.9199370619906,0.9716894854861879,0.9716894854861879,0.8379065453018353,0.910660043248497,0.8358193204821411,0.9029845246446422,0.8884903899487651,0.9112587444648793,0.9194868616111389,0.9345351172175226,1.0,1.0,0.7405425108860659,-0.022773473258906687,0.8621256413193681,0.5436731189829633,-0.1877758078371191,-0.2059873955222283,0.8263684474818116,0.7492878820999598,0.83661423068962,0.9163938951803505,0.8375977956881797,0.8009318299771265,0.7550711013595652,0.7054770738971623,0.8451265416609897,0.7774935760456859,0.8509939102483439],[0.7838440384492165,0.8027729164278369,0.7838440384492165,0.759714467407693,0.759714467407693,0.6433705216400244,0.6433705216400244,0.5844694630881763,0.5844694630881763,0.7050251352811145,0.8530833579076423,0.6711443349076309,0.830320662905445,0.8512457630514233,0.8539678790579077,0.691566956099509,0.8617193724613155,0.7405425108860659,0.7405425108860659,1.0,0.03955678717405088,0.7215559895123992,-0.3788429420249034,0.3264861995637047,-0.6573076728661067,0.3505931165675992,0.723806206172732,0.5075713084341389,0.83545808263789,0.6931208832083974,0.10001642201209639,0.3061511886449318,0.5651872132179481,0.7827910203499175,0.47541036421901534,-0.1538758743536185],[-0.1292580489072901,0.0821903407030016,-0.1292580489072901,-0.13686140263214625,-0.13686140263214625,-0.07669015086766363,-0.07669015086766363,0.04333585060754486,0.04333585060754486,-0.10365256910739454,0.04982344020890226,0.020515476105404905,0.08221939612893954,-0.04308727189664143,0.05063120137852476,-0.06016362572040591,0.062219113425806154,-0.022773473258906687,-0.022773473258906687,0.03955678717405088,1.0,-0.08559353298237841,0.1126593660483291,0.14971742562971727,0.7496398407563221,-0.08895133623352013,-0.029430109276839093,-0.004252316140614843,0.16784056067802183,0.006454829283864298,0.06395257032079435,0.3416536726460255,0.5719435667174618,-0.11297426670795949,0.11467728460407337,0.16124100579857012],[0.9779134728949131,0.9696063940774229,0.9779134728949131,0.9902154834659628,0.9902154834659628,0.9371065040274322,0.9371065040274322,0.8510412074233734,0.8510412074233734,0.81365624621516,0.9963905006315015,0.7821390493450974,0.9883175191754928,0.9838613695485866,0.9962593167933649,0.9457442682444978,0.9871736899999638,0.8621256413193681,0.8621256413193681,0.7215559895123992,-0.08559353298237841,1.0,0.07798810434816163,-0.1819951498919543,-0.3047048420666523,0.6711119853311595,0.9171377033386116,0.8991463091838254,0.8564463570447755,0.755599348571362,0.5712445386297426,0.5936140760980483,0.532884624936059,0.9020889620269261,0.6612419011336426,0.177291259397267],[0.14523614801381757,-0.05383424870965243,0.14523614801381757,0.17083028998499067,0.17083028998499067,0.3064444071345077,0.3064444071345077,0.5425477336459913,0.5425477336459913,0.04385705767646236,0.8803133001833013,0.47541951282970873,0.9007361684938829,0.9091341378058655,0.8794838529192475,0.6313931522047322,0.8472671613496748,0.5436731189829633,0.5436731189829633,-0.3788429420249034,0.1126593660483291,0.07798810434816163,1.0,-0.453596149323256,0.7290066808480179,0.37639339505809305,0.08295930756582616,0.3038752868429063,-0.10510834577250358,0.06978045422109508,0.5901259934762507,0.47398876286449654,0.1963206663834159,-0.01076406524308447,0.38561452490738185,0.46742765857068486],[-0.08792916303294913,-0.07948841497100854,-0.08792916303294913,-0.12354438191970196,-0.12354438191970196,-0.27516959443207206,-0.27516959443207206,-0.30091983575934483,-0.30091983575934483,0.0450074130967085,-0.4966130284634033,-0.1827575517470293,-0.6579112200324221,-0.8389916174236218,-0.4932613374739699,-0.40708438118373214,-0.47411675300261125,-0.1877758078371191,-0.1877758078371191,0.3264861995637047,0.14971742562971727,-0.1819951498919543,-0.453596149323256,1.0,-0.03101876493833628,-0.1591127367423512,-0.17388647347910544,-0.2961145607253468,-0.03665213961772354,-0.06869862619871149,-0.5653898507636652,-0.19592780600294463,-0.020715819862150035,-0.034665769999601546,-0.21087467571624816,-0.406294022041886],[-0.25147077092693376,-0.25177571738757565,-0.25147077092693376,-0.25248394544836855,-0.25248394544836855,-0.11678805978376434,-0.11678805978376434,0.019547170180055903,0.019547170180055903,-0.24494775124182833,0.3455680040376282,-0.23259631368602338,0.415827983948869,0.4546700730183865,0.3450085773952892,-0.16586334344113532,0.3631157158095912,-0.2059873955222283,-0.2059873955222283,-0.6573076728661067,0.7496398407563221,-0.3047048420666523,0.7290066808480179,-0.03101876493833628,1.0,-0.1049929980652609,-0.25380013271376056,-0.06350725078700059,-0.35079358412403544,-0.328714938152916,0.07759482817724081,0.16436639416170548,0.2649653941729642,-0.37996985350482093,0.11908143175569606,0.09501163518204347],[0.8156086310438679,0.6470630603283772,0.8156086310438679,0.8082948220442666,0.8082948220442666,0.8854667154942516,0.8854667154942516,0.7859711373414366,0.7859711373414366,0.7994255072414136,0.8291965533211911,0.8348111948506127,0.8038174239725705,0.7538507850283426,0.8297251763097288,0.896844712261162,0.8736932465524266,0.8263684474818116,0.8263684474818116,0.3505931165675992,-0.08895133623352013,0.6711119853311595,0.37639339505809305,-0.1591127367423512,-0.1049929980652609,1.0,0.5537631497715987,0.8386064775014451,0.49278912749173565,0.6256035094122655,0.5446383200224183,0.6559052254285939,0.4238317395215363,0.7031996873607005,0.7027738364071822,0.41589711287604036],[0.9111445709923417,0.9125936051753122,0.9111445709923417,0.9197761357585852,0.9197761357585852,0.8629292117341175,0.8629292117341175,0.7630794528987872,0.7630794528987872,0.6326712865239743,0.8827872346650879,0.5498086717300615,0.8882667834352281,0.892692425598379,0.8810627597664247,0.8614525941736673,0.8771378020734156,0.7492878820999598,0.7492878820999598,0.723806206172732,-0.029430109276839093,0.9171377033386116,0.08295930756582616,-0.17388647347910544,-0.25380013271376056,0.5537631497715987,1.0,0.8047452994077895,0.7963655694516663,0.6750534564550296,0.4673717394154106,0.5036525276190235,0.5315259974683185,0.8481867547771438,0.6207207721248429,0.09558096469710171],[0.9132809828781449,0.8880828407345177,0.9132809828781449,0.9156035179519085,0.9156035179519085,0.93142160866429,0.93142160866429,0.8729817336030798,0.8729817336030798,0.7911814457257,0.9367062080592573,0.7712883672280523,0.9474866804945566,0.9420752439280459,0.9358920634249912,0.9270969067440091,0.9460058168398752,0.83661423068962,0.83661423068962,0.5075713084341389,-0.004252316140614843,0.8991463091838254,0.3038752868429063,-0.2961145607253468,-0.06350725078700059,0.8386064775014451,0.8047452994077895,1.0,0.7515644849499956,0.6097220251563009,0.5915012978043462,0.600399452989169,0.5336324967278847,0.8171882255586158,0.8319796350953608,0.2181943863254907],[0.9271271271794896,0.9217127115163191,0.9271271271794896,0.9128108016860706,0.9128108016860706,0.9003086393658843,0.9003086393658843,0.8515981960728106,0.8515981960728106,0.8331619337489341,0.9071838977869499,0.8103986134089748,0.8997685456796387,0.8861086369277432,0.907740495496223,0.9074294378838643,0.9353105291323718,0.9163938951803505,0.9163938951803505,0.83545808263789,0.16784056067802183,0.8564463570447755,-0.10510834577250358,-0.03665213961772354,-0.35079358412403544,0.49278912749173565,0.7963655694516663,0.7515644849499956,1.0,0.9062318706804753,0.5419582814234203,0.6868825591408052,0.6663332375562787,0.8786928408807184,0.5044742887602799,0.2981134411257497],[0.7804807377724717,0.7914067631281937,0.7804807377724717,0.7871642368145998,0.7871642368145998,0.7437521176863046,0.7437521176863046,0.7560597681877685,0.7560597681877685,0.7005798931469255,0.8108159058939528,0.7316250936071602,0.7441086629395941,0.6726890117296381,0.8119196490938533,0.780788635557722,0.8323870815431972,0.8375977956881797,0.8375977956881797,0.6931208832083974,0.006454829283864298,0.755599348571362,0.06978045422109508,-0.06869862619871149,-0.328714938152916,0.6256035094122655,0.6750534564550296,0.6097220251563009,0.9062318706804753,1.0,0.578060696240381,0.6691537432131501,0.6095378089892405,0.7309479821812892,0.583994639773345,0.4727802800876262],[0.544133680478337,0.5348971953879135,0.544133680478337,0.5725223145687561,0.5725223145687561,0.7416831852842302,0.7416831852842302,0.8783268674216951,0.8783268674216951,0.3809821491528655,0.9099617988938826,0.6388670623277418,0.9095500690567806,0.9181386236124813,0.9092427283124639,0.8527213043302722,0.898133811852222,0.8009318299771265,0.8009318299771265,0.10001642201209639,0.06395257032079435,0.5712445386297426,0.5901259934762507,-0.5653898507636652,0.07759482817724081,0.5446383200224183,0.4673717394154106,0.5915012978043462,0.5419582814234203,0.578060696240381,1.0,0.7451929848228138,0.38212566269484016,0.49046941123908655,0.574367917815445,0.7620027332399453],[0.6341493130741777,0.631042612288922,0.6341493130741777,0.6277781180335746,0.6277781180335746,0.738518680491252,0.738518680491252,0.7805581774333387,0.7805581774333387,0.5423163165061352,0.8701901567716731,0.7289669594703644,0.8501029523043014,0.8406330466192694,0.8712896797724224,0.7857717348265492,0.9002862906218935,0.7550711013595652,0.7550711013595652,0.3061511886449318,0.3416536726460255,0.5936140760980483,0.47398876286449654,-0.19592780600294463,0.16436639416170548,0.6559052254285939,0.5036525276190235,0.600399452989169,0.6868825591408052,0.6691537432131501,0.7451929848228138,1.0,0.7785811059465662,0.4961850888938113,0.7292175412008709,0.5491893739743693],[0.6326998989223254,0.6588822084101843,0.6326998989223254,0.6034512938155893,0.6034512938155893,0.7080889411097515,0.7080889411097515,0.7172054601858487,0.7172054601858487,0.5693094586779213,0.7846370211057326,0.6935241350540954,0.7686460528585191,0.7127934383206788,0.7860067258099996,0.7643675648476189,0.8248147992538136,0.7054770738971623,0.7054770738971623,0.5651872132179481,0.5719435667174618,0.532884624936059,0.1963206663834159,-0.020715819862150035,0.2649653941729642,0.4238317395215363,0.5315259974683185,0.5336324967278847,0.6663332375562787,0.6095378089892405,0.38212566269484016,0.7785811059465662,1.0,0.4924512619232523,0.666313565816899,0.20127738826330135],[0.9327085439291872,0.9302398977499616,0.9327085439291872,0.9235512319898865,0.9235512319898865,0.8597488908974004,0.8597488908974004,0.7906371132816242,0.7906371132816242,0.8235687508308128,0.9010002415897008,0.7906714619629528,0.8847287636596739,0.9111976818227554,0.900864789233299,0.881918180988736,0.9146515221991529,0.8451265416609897,0.8451265416609897,0.7827910203499175,-0.11297426670795949,0.9020889620269261,-0.01076406524308447,-0.034665769999601546,-0.37996985350482093,0.7031996873607005,0.8481867547771438,0.8171882255586158,0.8786928408807184,0.7309479821812892,0.49046941123908655,0.4961850888938113,0.4924512619232523,1.0,0.7307010333798016,0.17192858044578604],[0.8291431389266986,0.683684638458823,0.8291431389266986,0.8185934956224757,0.8185934956224757,0.860969350330796,0.860969350330796,0.8484000842787103,0.8484000842787103,0.6905830944701022,0.941722636326482,0.6917873719790668,0.9566860288927538,0.9573667257101066,0.9416577018204841,0.858209129107431,0.950492999727516,0.7774935760456859,0.7774935760456859,0.47541036421901534,0.11467728460407337,0.6612419011336426,0.38561452490738185,-0.21087467571624816,0.11908143175569606,0.7027738364071822,0.6207207721248429,0.8319796350953608,0.5044742887602799,0.583994639773345,0.574367917815445,0.7292175412008709,0.666313565816899,0.7307010333798016,1.0,0.18060423636052236],[0.1854886055751137,0.18197297663612572,0.1854886055751137,0.19749420405330226,0.19749420405330226,0.46773395388816363,0.46773395388816363,0.8018856082233214,0.8018856082233214,0.17564143045084935,0.7763852817957185,0.698506498745862,0.8057893870876707,0.773948009499191,0.7767648295151999,0.7894207286187209,0.8335546488913943,0.8509939102483439,0.8509939102483439,-0.1538758743536185,0.16124100579857012,0.177291259397267,0.46742765857068486,-0.406294022041886,0.09501163518204347,0.41589711287604036,0.09558096469710171,0.2181943863254907,0.2981134411257497,0.4727802800876262,0.7620027332399453,0.5491893739743693,0.20127738826330135,0.17192858044578604,0.18060423636052236,1.0]],"x":["^TAIEX       \u81fa\u7063\u52a0\u6b0a\u5831\u916c\u6307\u6578","^TWII        \u81fa\u7063\u52a0\u6b0a\u6307\u6578","^TAIEXx2     \u81fa\u7063\u52a0\u6b0a\u5831\u916c\u6307\u6578_\u65e5\u6b632","^TAI50I      \u81fa\u706350\u5831\u916c\u6307\u6578","^TAI50Ix2    \u81fa\u706350\u5831\u916c\u6307\u6578_\u65e5\u6b632","^TAI100I     \u81fa\u7063\u4e2d\u578b100\u5831\u916c\u6307\u6578","^TAI100Ix2   \u81fa\u7063\u4e2d\u578b100\u5831\u916c\u6307\u6578_\u65e5\u6b632","^TAIDIVIDI   \u81fa\u7063\u9ad8\u80a1\u606f\u5831\u916c\u6307\u6578","^TAIDIVIDIx2 \u81fa\u7063\u9ad8\u80a1\u606f\u5831\u916c\u6307\u6578_\u65e5\u6b632","0050Fund     \u5143\u5927\u53f0\u7063\u5353\u8d8a50\u57fa\u91d1","006208Fund   \u5bcc\u90a6\u53f0\u7063\u91c6\u540950\u57fa\u91d1","0050         \u5143\u5927\u81fa\u706350","00631L       \u5143\u5927\u53f0\u706350\u6b632","00675L       \u5bcc\u90a6\u81fa\u7063\u52a0\u6b0a\u6b632","006208       \u5bcc\u90a6\u53f050","0051         \u5143\u5927\u4e2d\u578b100","006204       \u6c38\u8c50\u81fa\u7063\u52a0\u6b0a","0056         \u5143\u5927\u9ad8\u80a1\u606f","0056         \u5143\u5927\u9ad8\u80a1\u606f_\u80a1\u606f\u4e0d\u6295\u5165","2412         \u4e2d\u83ef\u96fb\u4fe1","2002         \u4e2d\u92fc","2330         \u53f0\u7a4d\u96fb","2317         \u9d3b\u6d77","6505         \u53f0\u5851\u77f3\u5316","3481         \u7fa4\u5275","2303         \u806f\u96fb","2308         \u53f0\u9054\u96fb","2454         \u806f\u767c\u79d1","2886         \u5146\u8c50\u91d1","2884         \u7389\u5c71\u91d1","2891         \u4e2d\u4fe1\u91d1","2892         \u7b2c\u4e00\u91d1","5880         \u5408\u5eab\u91d1","2881         \u5bcc\u90a6\u91d1","2885         \u5143\u5927\u91d1","2887         \u53f0\u65b0\u91d1"],"y":["^TAIEX       \u81fa\u7063\u52a0\u6b0a\u5831\u916c\u6307\u6578","^TWII        \u81fa\u7063\u52a0\u6b0a\u6307\u6578","^TAIEXx2     \u81fa\u7063\u52a0\u6b0a\u5831\u916c\u6307\u6578_\u65e5\u6b632","^TAI50I      \u81fa\u706350\u5831\u916c\u6307\u6578","^TAI50Ix2    \u81fa\u706350\u5831\u916c\u6307\u6578_\u65e5\u6b632","^TAI100I     \u81fa\u7063\u4e2d\u578b100\u5831\u916c\u6307\u6578","^TAI100Ix2   \u81fa\u7063\u4e2d\u578b100\u5831\u916c\u6307\u6578_\u65e5\u6b632","^TAIDIVIDI   \u81fa\u7063\u9ad8\u80a1\u606f\u5831\u916c\u6307\u6578","^TAIDIVIDIx2 \u81fa\u7063\u9ad8\u80a1\u606f\u5831\u916c\u6307\u6578_\u65e5\u6b632","0050Fund     \u5143\u5927\u53f0\u7063\u5353\u8d8a50\u57fa\u91d1","006208Fund   \u5bcc\u90a6\u53f0\u7063\u91c6\u540950\u57fa\u91d1","0050         \u5143\u5927\u81fa\u706350","00631L       \u5143\u5927\u53f0\u706350\u6b632","00675L       \u5bcc\u90a6\u81fa\u7063\u52a0\u6b0a\u6b632","006208       \u5bcc\u90a6\u53f050","0051         \u5143\u5927\u4e2d\u578b100","006204       \u6c38\u8c50\u81fa\u7063\u52a0\u6b0a","0056         \u5143\u5927\u9ad8\u80a1\u606f","0056         \u5143\u5927\u9ad8\u80a1\u606f_\u80a1\u606f\u4e0d\u6295\u5165","2412         \u4e2d\u83ef\u96fb\u4fe1","2002         \u4e2d\u92fc","2330         \u53f0\u7a4d\u96fb","2317         \u9d3b\u6d77","6505         \u53f0\u5851\u77f3\u5316","3481         \u7fa4\u5275","2303         \u806f\u96fb","2308         \u53f0\u9054\u96fb","2454         \u806f\u767c\u79d1","2886         \u5146\u8c50\u91d1","2884         \u7389\u5c71\u91d1","2891         \u4e2d\u4fe1\u91d1","2892         \u7b2c\u4e00\u91d1","5880         \u5408\u5eab\u91d1","2881         \u5bcc\u90a6\u91d1","2885         \u5143\u5927\u91d1","2887         \u53f0\u65b0\u91d1"],"zmin":-1,"zmax":1,"colorbar":{"x":-0.2}}],"layout":{"autotypenumbers":"strict","colorway":["#636efa","#EF553B","#00cc96","#ab63fa","#FFA15A","#19d3f3","#FF6692","#B6E880","#FF97FF","#FECB52"],"font":{"color":"#f2f5fa","family":"Courier New"},"hovermode":"closest","hoverlabel":{"align":"left"},"paper_bgcolor":"rgb(17,17,17)","plot_bgcolor":"rgb(17,17,17)","polar":{"bgcolor":"rgb(17,17,17)","angularaxis":{"gridcolor":"#506784","linecolor":"#506784","ticks":""},"radialaxis":{"gridcolor":"#506784","linecolor":"#506784","ticks":""}},"ternary":{"bgcolor":"rgb(17,17,17)","aaxis":{"gridcolor":"#506784","linecolor":"#506784","ticks":""},"baxis":{"gridcolor":"#506784","linecolor":"#506784","ticks":""},"caxis":{"gridcolor":"#506784","linecolor":"#506784","ticks":""}},"coloraxis":{"colorbar":{"outlinewidth":0,"ticks":""}},"colorscale":{"sequential":[[0.0,"#0d0887"],[0.1111111111111111,"#46039f"],[0.2222222222222222,"#7201a8"],[0.3333333333333333,"#9c179e"],[0.4444444444444444,"#bd3786"],[0.5555555555555556,"#d8576b"],[0.6666666666666666,"#ed7953"],[0.7777777777777778,"#fb9f3a"],[0.8888888888888888,"#fdca26"],[1.0,"#f0f921"]],"sequentialminus":[[0.0,"#0d0887"],[0.1111111111111111,"#46039f"],[0.2222222222222222,"#7201a8"],[0.3333333333333333,"#9c179e"],[0.4444444444444444,"#bd3786"],[0.5555555555555556,"#d8576b"],[0.6666666666666666,"#ed7953"],[0.7777777777777778,"#fb9f3a"],[0.8888888888888888,"#fdca26"],[1.0,"#f0f921"]],"diverging":[[0,"#8e0152"],[0.1,"#c51b7d"],[0.2,"#de77ae"],[0.3,"#f1b6da"],[0.4,"#fde0ef"],[0.5,"#f7f7f7"],[0.6,"#e6f5d0"],[0.7,"#b8e186"],[0.8,"#7fbc41"],[0.9,"#4d9221"],[1,"#276419"]]},"xaxis":{"gridcolor":"rgba(0, 0, 0, 0)","linecolor":"#506784","ticks":"","title":{"standoff":15},"zerolinecolor":"#283442","automargin":true,"zerolinewidth":2,"tickfont":{"family":"Courier New","size":14},"side":"top","tickangle":-90},"yaxis":{"gridcolor":"rgba(0, 0, 0, 0)","linecolor":"#506784","ticks":"","title":{"standoff":15},"zerolinecolor":"#283442","automargin":true,"zerolinewidth":2,"tickfont":{"family":"Courier New"},"side":"right"},"scene":{"xaxis":{"backgroundcolor":"rgb(17,17,17)","gridcolor":"#506784","linecolor":"#506784","showbackground":true,"ticks":"","zerolinecolor":"#C8D4E3","gridwidth":2},"yaxis":{"backgroundcolor":"rgb(17,17,17)","gridcolor":"#506784","linecolor":"#506784","showbackground":true,"ticks":"","zerolinecolor":"#C8D4E3","gridwidth":2},"zaxis":{"backgroundcolor":"rgb(17,17,17)","gridcolor":"#506784","linecolor":"#506784","showbackground":true,"ticks":"","zerolinecolor":"#C8D4E3","gridwidth":2}},"shapedefaults":{"line":{"color":"#f2f5fa"}},"annotationdefaults":{"arrowcolor":"#f2f5fa","arrowhead":0,"arrowwidth":1},"geo":{"bgcolor":"rgb(17,17,17)","landcolor":"rgb(17,17,17)","subunitcolor":"#506784","showland":true,"showlakes":true,"lakecolor":"rgb(17,17,17)"},"title":{"x":0.05,"font":{"family":"Times New Roman"},"y":0.05,"text":"<b>Correlation of Close<b><br><i>2016-09-23 ~ 2025-11-14<i>"},"updatemenudefaults":{"bgcolor":"#506784","borderwidth":0},"sliderdefaults":{"bgcolor":"#C8D4E3","borderwidth":1,"bordercolor":"rgb(17,17,17)","tickwidth":0},"mapbox":{"style":"dark"},"annotations":[{"text":"<b>@zwindr<b>","textangle":0,"opacity":0.5,"font":{"color":"white","size":12},"xref":"paper","yref":"paper","xanchor":"left","yanchor":"bottom","x":1.0,"y":1.0,"showarrow":false}]},"config":{"responsive":true,"toImageButtonOptions":{"filename":"Correlation of Close_2016-09-23~2025-11-14","scale":5}}};Plotly.newPlot("correlationClose",correlationClose.data,correlationClose.layout||{},correlationClose.config);}else{console.log("style display is none => correlationClose");}