var element=document.getElementById("correlationClose");if(element.style.display!='none'){var correlationClose={"data":[{"type":"heatmap","z":[[1.0,0.9999999999999983,1.0,0.9955206901367011,0.9955206901367011,0.9630503732491138,0.9630503732491138,0.9001065695624137,0.9001065695624137,0.8634055605168603,0.9949188041168725,0.8903152522811969,0.9929493660142154,0.9926549683600513,0.9949364343164304,0.9728258470139266,0.9989350509857241,0.9245564579811498,0.7853462835589042,-0.09978139646787104,0.9773699414369914,0.09105786966057877,-0.04226978640936551,-0.25283723230994243,0.8205045374591855,0.9394570053208409,0.9095144475731053,0.9288245005664508,0.7765955789255767,0.5071101914627656,0.6219809610954998,0.638603340191891,0.9306691629426014,0.8187005106090965,0.17118533351244183],[0.9999999999999983,1.0,0.9999999999999984,0.9954755903204692,0.9954755903204692,0.9624337808147252,0.9624337808147252,0.9012646234507385,0.9012646234507385,0.8641213632043481,0.9949008052746187,0.8898024555662629,0.9926900899570762,0.9921054524750446,0.9949093583490527,0.9721479310074023,0.9989377776894022,0.9249885846558127,0.8051001386322794,0.10914266843106515,0.9686585381097572,-0.0849297274020232,-0.0349467637708545,-0.25309858193537554,0.6471640600200745,0.939559893109948,0.8827545469374667,0.9232674339018861,0.7887438297469861,0.49866693099645837,0.6190163182964246,0.6654886251283278,0.9279149688414582,0.6688424985102618,0.1677481264995429],[1.0,0.9999999999999984,1.0,0.9955206901367011,0.9955206901367011,0.9630503732491138,0.9630503732491138,0.9001065695624137,0.9001065695624137,0.8634055605168603,0.9949188041168725,0.8903152522811969,0.9929493660142154,0.9926549683600513,0.9949364343164304,0.9728258470139266,0.9989350509857241,0.9245564579811498,0.7853462835589042,-0.09978139646787104,0.9773699414369914,0.09105786966057877,-0.04226978640936551,-0.25283723230994243,0.8205045374591855,0.9394570053208409,0.9095144475731053,0.9288245005664508,0.7765955789255767,0.5071101914627656,0.6219809610954998,0.638603340191891,0.9306691629426014,0.8187005106090965,0.17118533351244183],[0.9955206901367011,0.9954755903204692,0.9955206901367011,1.0,1.0,0.9502377582593914,0.9502377582593914,0.8858586305235222,0.8858586305235222,0.8484844398899708,0.999486893661881,0.8789527994432035,0.9890048516310656,0.9850516462057949,0.9994377838053168,0.9556483773941625,0.9949080942088767,0.9044789664834736,0.7640751091023344,-0.10610090541397253,0.9892456750124686,0.1125445119721267,-0.07526292170262956,-0.25567492562505784,0.8181788955645769,0.9366658898194634,0.9145828759967505,0.9175973396892574,0.7872359950735452,0.5346427827873225,0.6166162477622112,0.6120656043174278,0.9236061502850955,0.8087156017317316,0.1830551845841536],[0.9955206901367011,0.9954755903204692,0.9955206901367011,1.0,1.0,0.9502377582593914,0.9502377582593914,0.8858586305235222,0.8858586305235222,0.8484844398899708,0.999486893661881,0.8789527994432035,0.9890048516310656,0.9850516462057949,0.9994377838053168,0.9556483773941625,0.9949080942088767,0.9044789664834736,0.7640751091023344,-0.10610090541397253,0.9892456750124686,0.1125445119721267,-0.07526292170262956,-0.25567492562505784,0.8181788955645769,0.9366658898194634,0.9145828759967505,0.9175973396892574,0.7872359950735452,0.5346427827873225,0.6166162477622112,0.6120656043174278,0.9236061502850955,0.8087156017317316,0.1830551845841536],[0.9630503732491138,0.9624337808147252,0.9630503732491138,0.9502377582593914,0.9502377582593914,1.0,1.0,0.9261531721143694,0.9261531721143694,0.8442918608562101,0.9526069930442737,0.8637815509566975,0.9760987391564632,0.9746321665151761,0.9523664064825332,0.9990258069493841,0.9729637468826273,0.9191994774537465,0.6343547976565231,-0.045293278389371874,0.9351300600597898,0.2666563289713919,-0.24029503605957295,-0.11128992116311492,0.8905105992381557,0.8982097256149801,0.9281061568484362,0.897940326081033,0.7363345073501372,0.7210338508819162,0.7308228351676536,0.7134232651389794,0.851796845548641,0.8520615286734524,0.4594096059249765],[0.9630503732491138,0.9624337808147252,0.9630503732491138,0.9502377582593914,0.9502377582593914,1.0,1.0,0.9261531721143694,0.9261531721143694,0.8442918608562101,0.9526069930442737,0.8637815509566975,0.9760987391564632,0.9746321665151761,0.9523664064825332,0.9990258069493841,0.9729637468826273,0.9191994774537465,0.6343547976565231,-0.045293278389371874,0.9351300600597898,0.2666563289713919,-0.24029503605957295,-0.11128992116311492,0.8905105992381557,0.8982097256149801,0.9281061568484362,0.897940326081033,0.7363345073501372,0.7210338508819162,0.7308228351676536,0.7134232651389794,0.851796845548641,0.8520615286734524,0.4594096059249765],[0.9001065695624137,0.9012646234507385,0.9001065695624137,0.8858586305235222,0.8858586305235222,0.9261531721143694,0.9261531721143694,1.0,1.0,0.8292421775244143,0.9388882847245745,0.8330649236870111,0.9472333434933775,0.9423321109558399,0.9386738569439553,0.9270587121267337,0.9419359908588718,0.972204128510647,0.5715287341228249,0.0756944753689228,0.8444473866514582,0.5138069349352553,-0.2644623416084089,0.028533593623537374,0.784816716110399,0.7920219793780717,0.8660947996844417,0.8459772336486215,0.7483308623778129,0.8712416028076848,0.7736525862859587,0.7197454552067604,0.7788248518668827,0.8394604801091184,0.7980005491599602],[0.9001065695624137,0.9012646234507385,0.9001065695624137,0.8858586305235222,0.8858586305235222,0.9261531721143694,0.9261531721143694,1.0,1.0,0.8292421775244143,0.9388882847245745,0.8330649236870111,0.9472333434933775,0.9423321109558399,0.9386738569439553,0.9270587121267337,0.9419359908588718,0.972204128510647,0.5715287341228249,0.0756944753689228,0.8444473866514582,0.5138069349352553,-0.2644623416084089,0.028533593623537374,0.784816716110399,0.7920219793780717,0.8660947996844417,0.8459772336486215,0.7483308623778129,0.8712416028076848,0.7736525862859587,0.7197454552067604,0.7788248518668827,0.8394604801091184,0.7980005491599602],[0.8634055605168603,0.8641213632043481,0.8634055605168603,0.8484844398899708,0.8484844398899708,0.8442918608562101,0.8442918608562101,0.8292421775244143,0.8292421775244143,1.0,0.841631818484277,0.9999758685054753,0.8124832356861268,0.761758275998948,0.843379931777644,0.8465346698185243,0.8592916846256962,0.8639994446434952,0.7262996225230312,0.243451571608445,0.833494170256696,0.6862066173700192,-0.27530472921293425,0.39381731940869813,0.8387902603312288,0.6607883030689096,0.819669636512276,0.8115993466873187,0.7012731168399795,0.6840900770488536,0.7766601860025446,0.7723468551655587,0.7875411978629617,0.8294475426924443,0.755694207612924],[0.9949188041168725,0.9949008052746187,0.9949188041168725,0.999486893661881,0.999486893661881,0.9526069930442737,0.9526069930442737,0.9388882847245745,0.9388882847245745,0.841631818484277,1.0,0.8413627520993958,0.9886969453063083,0.9851949958471141,0.9999162465620716,0.9528978647281081,0.9939456954595041,0.9203181254250664,0.8501732200439538,0.11919111986294256,0.9958869322252525,0.861022080310499,-0.45743931951127653,0.3559735286686443,0.8523072412770059,0.9046505261086589,0.943261069386948,0.9135049485688003,0.8122611877488998,0.8992219039032877,0.8743858499262359,0.8070847452248436,0.8990916329048948,0.9433266115158441,0.7738667747082465],[0.8903152522811969,0.8898024555662629,0.8903152522811969,0.8789527994432035,0.8789527994432035,0.8637815509566975,0.8637815509566975,0.8330649236870111,0.8330649236870111,0.9999758685054753,0.8413627520993958,1.0,0.8097695559703396,0.7582454095544757,0.8411401325982749,0.8646537612819236,0.8651738511048529,0.8636102253308383,0.6907880603347223,0.010962800366418753,0.8619350287791357,0.5443916914517595,-0.20113252675356108,-0.23466000915980073,0.8500505204157174,0.7266297242829187,0.8065914404906276,0.8387126824038198,0.7543036372820097,0.6943530107392896,0.7563981582732572,0.7047522732416196,0.8290813965128985,0.7302776913652859,0.720331919573031],[0.9929493660142154,0.9926900899570762,0.9929493660142154,0.9890048516310656,0.9890048516310656,0.9760987391564632,0.9760987391564632,0.9472333434933775,0.9472333434933775,0.8124832356861268,0.9886969453063083,0.8097695559703396,1.0,0.9997088617640898,0.988680396910836,0.9743377435745417,0.9903227882149751,0.9157082136529276,0.8216884774406659,0.15566499710944248,0.9864196805096926,0.8836349148117997,-0.6339115371155043,0.43192013217202296,0.8317023912539461,0.9113539589553752,0.959054727380728,0.9082839718549971,0.7409602151553414,0.8994749160265311,0.8554398070089593,0.7970863966766111,0.8816357310122228,0.9627920541462378,0.8076629007807402],[0.9926549683600513,0.9921054524750446,0.9926549683600513,0.9850516462057949,0.9850516462057949,0.9746321665151761,0.9746321665151761,0.9423321109558399,0.9423321109558399,0.761758275998948,0.9851949958471141,0.7582454095544757,0.9997088617640898,1.0,0.9853559401128777,0.9718559396185961,0.9887955057717318,0.9022639317911162,0.8407844801553245,0.03294146396882346,0.9810441004546179,0.8923071067547873,-0.832935301087069,0.47635802747343337,0.7861460693627703,0.9154833633550744,0.9566482189132961,0.8951735049332076,0.6630322876776541,0.9094530495234942,0.8439019391451421,0.7463492106217879,0.91252611529296,0.9648473100168338,0.774658232985633],[0.9949364343164304,0.9949093583490527,0.9949364343164304,0.9994377838053168,0.9994377838053168,0.9523664064825332,0.9523664064825332,0.9386738569439553,0.9386738569439553,0.843379931777644,0.9999162465620716,0.8411401325982749,0.988680396910836,0.9853559401128777,1.0,0.9527901850406836,0.9939797414579359,0.920665801377202,0.8513375221607202,0.11831270895071057,0.9957620379082717,0.860555882390674,-0.4550356145528487,0.35503716200194957,0.8521297681778481,0.9018739454870867,0.9423855980531776,0.9139866424814358,0.8136650496811377,0.8987411446714052,0.8755649216796415,0.8079989628576044,0.8989868044635112,0.9432239479605901,0.773993857603797],[0.9728258470139266,0.9721479310074023,0.9728258470139266,0.9556483773941625,0.9556483773941625,0.9990258069493841,0.9990258069493841,0.9270587121267337,0.9270587121267337,0.8465346698185243,0.9528978647281081,0.8646537612819236,0.9743377435745417,0.9718559396185961,0.9527901850406836,1.0,0.9744678284581867,0.9189133985057881,0.6832122524445048,-0.027493213361355115,0.9452100069332828,0.5973889361713645,-0.37369244353455605,-0.16349715393765943,0.9027717199251745,0.9036460224911841,0.9236964212691587,0.9058907880682301,0.7755092082149903,0.841134515291605,0.7799367262642325,0.7705730078624689,0.8750983053164131,0.8493418108464915,0.7851805601307917],[0.9989350509857241,0.9989377776894022,0.9989350509857241,0.9949080942088767,0.9949080942088767,0.9729637468826273,0.9729637468826273,0.9419359908588718,0.9419359908588718,0.8592916846256962,0.9939456954595041,0.8651738511048529,0.9903227882149751,0.9887955057717318,0.9939797414579359,0.9744678284581867,1.0,0.938787469379241,0.8561294795292342,0.12135113141959081,0.9872179339564212,0.8305303496219058,-0.43710063502853924,0.3699521530951772,0.8887089992931951,0.9123185886056636,0.94746164027649,0.9380508560663781,0.8313741650248426,0.8869678074674661,0.901045773564748,0.8394076973766622,0.910985391525867,0.9487517125845841,0.8311372306501675],[0.9245564579811498,0.9249885846558127,0.9245564579811498,0.9044789664834736,0.9044789664834736,0.9191994774537465,0.9191994774537465,0.972204128510647,0.972204128510647,0.8639994446434952,0.9203181254250664,0.8636102253308383,0.9157082136529276,0.9022639317911162,0.920665801377202,0.9189133985057881,0.938787469379241,1.0,0.7335320676008765,0.0005404075529338286,0.8678363855966728,0.5222339908308645,-0.15596866351550526,-0.20385443051304752,0.823929406464808,0.8052594452638129,0.8307239781396697,0.9135847280392837,0.8330079513540233,0.7962086753906903,0.747591501035984,0.7035567960175354,0.8396284677198078,0.7690166610686229,0.8471128931045107],[0.7853462835589042,0.8051001386322794,0.7853462835589042,0.7640751091023344,0.7640751091023344,0.6343547976565231,0.6343547976565231,0.5715287341228249,0.5715287341228249,0.7262996225230312,0.8501732200439538,0.6907880603347223,0.8216884774406659,0.8407844801553245,0.8513375221607202,0.6832122524445048,0.8561294795292342,0.7335320676008765,1.0,0.05100159851967854,0.7266660088370561,-0.4142091603720628,0.35623898803975756,-0.6597344261928509,0.34039523468495714,0.7794107544200713,0.49505176194687867,0.8325045792695812,0.6868901698021023,0.0691494291735511,0.2910247627967285,0.5611489507491043,0.7795204267767503,0.46182243458917316,-0.1655378519181186],[-0.09978139646787104,0.10914266843106515,-0.09978139646787104,-0.10610090541397253,-0.10610090541397253,-0.045293278389371874,-0.045293278389371874,0.0756944753689228,0.0756944753689228,0.243451571608445,0.11919111986294256,0.010962800366418753,0.15566499710944248,0.03294146396882346,0.11831270895071057,-0.027493213361355115,0.12135113141959081,0.0005404075529338286,0.05100159851967854,1.0,-0.06301750810875557,0.12806811080076008,0.1328957575049513,0.7515588127849601,-0.08161734107505526,0.013860980182128311,0.015978042739947757,0.18502548517670073,0.02263432953267031,0.09408139472481901,0.367213022352443,0.581600383421844,-0.09435344609076181,0.13202471664145748,0.17005168305117432],[0.9773699414369914,0.9686585381097572,0.9773699414369914,0.9892456750124686,0.9892456750124686,0.9351300600597898,0.9351300600597898,0.8444473866514582,0.8444473866514582,0.833494170256696,0.9958869322252525,0.8619350287791357,0.9864196805096926,0.9810441004546179,0.9957620379082717,0.9452100069332828,0.9872179339564212,0.8678363855966728,0.7266660088370561,-0.06301750810875557,1.0,0.021402510887180707,-0.13767559079700928,-0.31243623517479696,0.6803337157374014,0.9237854450438301,0.8990811427409978,0.8608734057496981,0.756491455429011,0.5330210042786302,0.5814492064560924,0.5402867401077586,0.9024193555161486,0.6468730882865389,0.1619837355108387],[0.09105786966057877,-0.0849297274020232,0.09105786966057877,0.1125445119721267,0.1125445119721267,0.2666563289713919,0.2666563289713919,0.5138069349352553,0.5138069349352553,0.6862066173700192,0.861022080310499,0.5443916914517595,0.8836349148117997,0.8923071067547873,0.860555882390674,0.5973889361713645,0.8305303496219058,0.5222339908308645,-0.4142091603720628,0.12806811080076008,0.021402510887180707,1.0,-0.4365246982236572,0.7593706267350623,0.36616131631980925,-0.008443860629168999,0.2727375307321052,-0.13913768316556363,0.04000645342631379,0.5693735616259382,0.4573599378611703,0.1863468262814933,-0.056530252047688724,0.3655984669507318,0.4632696970084047],[-0.04226978640936551,-0.0349467637708545,-0.04226978640936551,-0.07526292170262956,-0.07526292170262956,-0.24029503605957295,-0.24029503605957295,-0.2644623416084089,-0.2644623416084089,-0.27530472921293425,-0.45743931951127653,-0.20113252675356108,-0.6339115371155043,-0.832935301087069,-0.4550356145528487,-0.37369244353455605,-0.43710063502853924,-0.15596866351550526,0.35623898803975756,0.1328957575049513,-0.13767559079700928,-0.4365246982236572,1.0,-0.03902956419760727,-0.14230575102726548,-0.1056150812851529,-0.2708426553585061,-0.007048869107282066,-0.0436607465809993,-0.5499222474427632,-0.1748889528500569,-0.007705903120390297,3.855850013253871e-05,-0.18136545728328268,-0.4006652660454425],[-0.25283723230994243,-0.25309858193537554,-0.25283723230994243,-0.25567492562505784,-0.25567492562505784,-0.11128992116311492,-0.11128992116311492,0.028533593623537374,0.028533593623537374,0.39381731940869813,0.3559735286686443,-0.23466000915980073,0.43192013217202296,0.47635802747343337,0.35503716200194957,-0.16349715393765943,0.3699521530951772,-0.20385443051304752,-0.6597344261928509,0.7515588127849601,-0.31243623517479696,0.7593706267350623,-0.03902956419760727,1.0,-0.1015156000583344,-0.2861612706269551,-0.05721173552144743,-0.35061118035849625,-0.3277372198796079,0.09219061737840246,0.1725867785484337,0.2690899234622283,-0.38204029654552557,0.13099794994723293,0.10130473685629082],[0.8205045374591855,0.6471640600200745,0.8205045374591855,0.8181788955645769,0.8181788955645769,0.8905105992381557,0.8905105992381557,0.784816716110399,0.784816716110399,0.8387902603312288,0.8523072412770059,0.8500505204157174,0.8317023912539461,0.7861460693627703,0.8521297681778481,0.9027717199251745,0.8887089992931951,0.823929406464808,0.34039523468495714,-0.08161734107505526,0.6803337157374014,0.36616131631980925,-0.14230575102726548,-0.1015156000583344,1.0,0.592179096825026,0.8387758501062627,0.48472526787706455,0.6188264668936309,0.5346936946295456,0.6494130916754339,0.41924013131243426,0.6985891325325815,0.6995221462045378,0.4110547588930226],[0.9394570053208409,0.939559893109948,0.9394570053208409,0.9366658898194634,0.9366658898194634,0.8982097256149801,0.8982097256149801,0.7920219793780717,0.7920219793780717,0.6607883030689096,0.9046505261086589,0.7266297242829187,0.9113539589553752,0.9154833633550744,0.9018739454870867,0.9036460224911841,0.9123185886056636,0.8052594452638129,0.7794107544200713,0.013860980182128311,0.9237854450438301,-0.008443860629168999,-0.1056150812851529,-0.2861612706269551,0.592179096825026,1.0,0.8327456631781571,0.8427606397836496,0.7081969764097588,0.4060999837529796,0.5032258821335245,0.5801462416929202,0.8872141868595114,0.6262385489339165,0.06608649255678839],[0.9095144475731053,0.8827545469374667,0.9095144475731053,0.9145828759967505,0.9145828759967505,0.9281061568484362,0.9281061568484362,0.8660947996844417,0.8660947996844417,0.819669636512276,0.943261069386948,0.8065914404906276,0.959054727380728,0.9566482189132961,0.9423855980531776,0.9236964212691587,0.94746164027649,0.8307239781396697,0.49505176194687867,0.015978042739947757,0.8990811427409978,0.2727375307321052,-0.2708426553585061,-0.05721173552144743,0.8387758501062627,0.8327456631781571,1.0,0.7419408525375758,0.5966797859449422,0.5672915484218806,0.5868921869774935,0.5305857892020763,0.8080768130078086,0.823454429525363,0.20766459364025022],[0.9288245005664508,0.9232674339018861,0.9288245005664508,0.9175973396892574,0.9175973396892574,0.897940326081033,0.897940326081033,0.8459772336486215,0.8459772336486215,0.8115993466873187,0.9135049485688003,0.8387126824038198,0.9082839718549971,0.8951735049332076,0.9139866424814358,0.9058907880682301,0.9380508560663781,0.9135847280392837,0.8325045792695812,0.18502548517670073,0.8608734057496981,-0.13913768316556363,-0.007048869107282066,-0.35061118035849625,0.48472526787706455,0.8427606397836496,0.7419408525375758,1.0,0.903746618905568,0.5209734083509628,0.6775505455339642,0.6649308065437565,0.8743958958931766,0.4874044408835962,0.29035031579295567],[0.7765955789255767,0.7887438297469861,0.7765955789255767,0.7872359950735452,0.7872359950735452,0.7363345073501372,0.7363345073501372,0.7483308623778129,0.7483308623778129,0.7012731168399795,0.8122611877488998,0.7543036372820097,0.7409602151553414,0.6630322876776541,0.8136650496811377,0.7755092082149903,0.8313741650248426,0.8330079513540233,0.6868901698021023,0.02263432953267031,0.756491455429011,0.04000645342631379,-0.0436607465809993,-0.3277372198796079,0.6188264668936309,0.7081969764097588,0.5966797859449422,0.903746618905568,1.0,0.5629075292742812,0.6602873147541933,0.6063823569458423,0.7229386868704772,0.570062820787509,0.4685384216203704],[0.5071101914627656,0.49866693099645837,0.5071101914627656,0.5346427827873225,0.5346427827873225,0.7210338508819162,0.7210338508819162,0.8712416028076848,0.8712416028076848,0.6840900770488536,0.8992219039032877,0.6943530107392896,0.8994749160265311,0.9094530495234942,0.8987411446714052,0.841134515291605,0.8869678074674661,0.7962086753906903,0.0691494291735511,0.09408139472481901,0.5330210042786302,0.5693735616259382,-0.5499222474427632,0.09219061737840246,0.5346936946295456,0.4060999837529796,0.5672915484218806,0.5209734083509628,0.5629075292742812,1.0,0.738005824808316,0.3749653265006922,0.4608764277351,0.5490627780693333,0.7707117755147789],[0.6219809610954998,0.6190163182964246,0.6219809610954998,0.6166162477622112,0.6166162477622112,0.7308228351676536,0.7308228351676536,0.7736525862859587,0.7736525862859587,0.7766601860025446,0.8743858499262359,0.7563981582732572,0.8554398070089593,0.8439019391451421,0.8755649216796415,0.7799367262642325,0.901045773564748,0.747591501035984,0.2910247627967285,0.367213022352443,0.5814492064560924,0.4573599378611703,-0.1748889528500569,0.1725867785484337,0.6494130916754339,0.5032258821335245,0.5868921869774935,0.6775505455339642,0.6602873147541933,0.738005824808316,1.0,0.7781056579850112,0.4789694276212263,0.7208312397433555,0.5460594125283765],[0.638603340191891,0.6654886251283278,0.638603340191891,0.6120656043174278,0.6120656043174278,0.7134232651389794,0.7134232651389794,0.7197454552067604,0.7197454552067604,0.7723468551655587,0.8070847452248436,0.7047522732416196,0.7970863966766111,0.7463492106217879,0.8079989628576044,0.7705730078624689,0.8394076973766622,0.7035567960175354,0.5611489507491043,0.581600383421844,0.5402867401077586,0.1863468262814933,-0.007705903120390297,0.2690899234622283,0.41924013131243426,0.5801462416929202,0.5305857892020763,0.6649308065437565,0.6063823569458423,0.3749653265006922,0.7781056579850112,1.0,0.4880863152832369,0.6654151790719978,0.19649625490057865],[0.9306691629426014,0.9279149688414582,0.9306691629426014,0.9236061502850955,0.9236061502850955,0.851796845548641,0.851796845548641,0.7788248518668827,0.7788248518668827,0.7875411978629617,0.8990916329048948,0.8290813965128985,0.8816357310122228,0.91252611529296,0.8989868044635112,0.8750983053164131,0.910985391525867,0.8396284677198078,0.7795204267767503,-0.09435344609076181,0.9024193555161486,-0.056530252047688724,3.855850013253871e-05,-0.38204029654552557,0.6985891325325815,0.8872141868595114,0.8080768130078086,0.8743958958931766,0.7229386868704772,0.4608764277351,0.4789694276212263,0.4880863152832369,1.0,0.7169852476589095,0.16000802857552987],[0.8187005106090965,0.6688424985102618,0.8187005106090965,0.8087156017317316,0.8087156017317316,0.8520615286734524,0.8520615286734524,0.8394604801091184,0.8394604801091184,0.8294475426924443,0.9433266115158441,0.7302776913652859,0.9627920541462378,0.9648473100168338,0.9432239479605901,0.8493418108464915,0.9487517125845841,0.7690166610686229,0.46182243458917316,0.13202471664145748,0.6468730882865389,0.3655984669507318,-0.18136545728328268,0.13099794994723293,0.6995221462045378,0.6262385489339165,0.823454429525363,0.4874044408835962,0.570062820787509,0.5490627780693333,0.7208312397433555,0.6654151790719978,0.7169852476589095,1.0,0.1688676192027916],[0.17118533351244183,0.1677481264995429,0.17118533351244183,0.1830551845841536,0.1830551845841536,0.4594096059249765,0.4594096059249765,0.7980005491599602,0.7980005491599602,0.755694207612924,0.7738667747082465,0.720331919573031,0.8076629007807402,0.774658232985633,0.773993857603797,0.7851805601307917,0.8311372306501675,0.8471128931045107,-0.1655378519181186,0.17005168305117432,0.1619837355108387,0.4632696970084047,-0.4006652660454425,0.10130473685629082,0.4110547588930226,0.06608649255678839,0.20766459364025022,0.29035031579295567,0.4685384216203704,0.7707117755147789,0.5460594125283765,0.19649625490057865,0.16000802857552987,0.1688676192027916,1.0]],"x":["^TAIEX       \u81fa\u7063\u52a0\u6b0a\u5831\u916c\u6307\u6578","^TWII        \u81fa\u7063\u52a0\u6b0a\u6307\u6578","^TAIEXx2     \u81fa\u7063\u52a0\u6b0a\u5831\u916c\u6307\u6578_\u65e5\u6b632","^TAI50I      \u81fa\u706350\u5831\u916c\u6307\u6578","^TAI50Ix2    \u81fa\u706350\u5831\u916c\u6307\u6578_\u65e5\u6b632","^TAI100I     \u81fa\u7063\u4e2d\u578b100\u5831\u916c\u6307\u6578","^TAI100Ix2   \u81fa\u7063\u4e2d\u578b100\u5831\u916c\u6307\u6578_\u65e5\u6b632","^TAIDIVIDI   \u81fa\u7063\u9ad8\u80a1\u606f\u5831\u916c\u6307\u6578","^TAIDIVIDIx2 \u81fa\u7063\u9ad8\u80a1\u606f\u5831\u916c\u6307\u6578_\u65e5\u6b632","0050Fund     \u5143\u5927\u53f0\u7063\u5353\u8d8a50\u57fa\u91d1","006208Fund   \u5bcc\u90a6\u53f0\u7063\u91c6\u540950\u57fa\u91d1","0050         \u5143\u5927\u81fa\u706350","00631L       \u5143\u5927\u53f0\u706350\u6b632","00675L       \u5bcc\u90a6\u81fa\u7063\u52a0\u6b0a\u6b632","006208       \u5bcc\u90a6\u53f050","0051         \u5143\u5927\u4e2d\u578b100","006204       \u6c38\u8c50\u81fa\u7063\u52a0\u6b0a","0056         \u5143\u5927\u9ad8\u80a1\u606f","2412         \u4e2d\u83ef\u96fb\u4fe1","2002         \u4e2d\u92fc","2330         \u53f0\u7a4d\u96fb","2317         \u9d3b\u6d77","6505         \u53f0\u5851\u77f3\u5316","3481         \u7fa4\u5275","2303         \u806f\u96fb","2308         \u53f0\u9054\u96fb","2454         \u806f\u767c\u79d1","2886         \u5146\u8c50\u91d1","2884         \u7389\u5c71\u91d1","2891         \u4e2d\u4fe1\u91d1","2892         \u7b2c\u4e00\u91d1","5880         \u5408\u5eab\u91d1","2881         \u5bcc\u90a6\u91d1","2885         \u5143\u5927\u91d1","2887         \u53f0\u65b0\u91d1"],"y":["^TAIEX       \u81fa\u7063\u52a0\u6b0a\u5831\u916c\u6307\u6578","^TWII        \u81fa\u7063\u52a0\u6b0a\u6307\u6578","^TAIEXx2     \u81fa\u7063\u52a0\u6b0a\u5831\u916c\u6307\u6578_\u65e5\u6b632","^TAI50I      \u81fa\u706350\u5831\u916c\u6307\u6578","^TAI50Ix2    \u81fa\u706350\u5831\u916c\u6307\u6578_\u65e5\u6b632","^TAI100I     \u81fa\u7063\u4e2d\u578b100\u5831\u916c\u6307\u6578","^TAI100Ix2   \u81fa\u7063\u4e2d\u578b100\u5831\u916c\u6307\u6578_\u65e5\u6b632","^TAIDIVIDI   \u81fa\u7063\u9ad8\u80a1\u606f\u5831\u916c\u6307\u6578","^TAIDIVIDIx2 \u81fa\u7063\u9ad8\u80a1\u606f\u5831\u916c\u6307\u6578_\u65e5\u6b632","0050Fund     \u5143\u5927\u53f0\u7063\u5353\u8d8a50\u57fa\u91d1","006208Fund   \u5bcc\u90a6\u53f0\u7063\u91c6\u540950\u57fa\u91d1","0050         \u5143\u5927\u81fa\u706350","00631L       \u5143\u5927\u53f0\u706350\u6b632","00675L       \u5bcc\u90a6\u81fa\u7063\u52a0\u6b0a\u6b632","006208       \u5bcc\u90a6\u53f050","0051         \u5143\u5927\u4e2d\u578b100","006204       \u6c38\u8c50\u81fa\u7063\u52a0\u6b0a","0056         \u5143\u5927\u9ad8\u80a1\u606f","2412         \u4e2d\u83ef\u96fb\u4fe1","2002         \u4e2d\u92fc","2330         \u53f0\u7a4d\u96fb","2317         \u9d3b\u6d77","6505         \u53f0\u5851\u77f3\u5316","3481         \u7fa4\u5275","2303         \u806f\u96fb","2308         \u53f0\u9054\u96fb","2454         \u806f\u767c\u79d1","2886         \u5146\u8c50\u91d1","2884         \u7389\u5c71\u91d1","2891         \u4e2d\u4fe1\u91d1","2892         \u7b2c\u4e00\u91d1","5880         \u5408\u5eab\u91d1","2881         \u5bcc\u90a6\u91d1","2885         \u5143\u5927\u91d1","2887         \u53f0\u65b0\u91d1"],"zmin":-1,"zmax":1,"colorbar":{"x":-0.2}}],"layout":{"autotypenumbers":"strict","colorway":["#636efa","#EF553B","#00cc96","#ab63fa","#FFA15A","#19d3f3","#FF6692","#B6E880","#FF97FF","#FECB52"],"font":{"color":"#f2f5fa","family":"Courier New"},"hovermode":"closest","hoverlabel":{"align":"left"},"paper_bgcolor":"rgb(17,17,17)","plot_bgcolor":"rgb(17,17,17)","polar":{"bgcolor":"rgb(17,17,17)","angularaxis":{"gridcolor":"#506784","linecolor":"#506784","ticks":""},"radialaxis":{"gridcolor":"#506784","linecolor":"#506784","ticks":""}},"ternary":{"bgcolor":"rgb(17,17,17)","aaxis":{"gridcolor":"#506784","linecolor":"#506784","ticks":""},"baxis":{"gridcolor":"#506784","linecolor":"#506784","ticks":""},"caxis":{"gridcolor":"#506784","linecolor":"#506784","ticks":""}},"coloraxis":{"colorbar":{"outlinewidth":0,"ticks":""}},"colorscale":{"sequential":[[0.0,"#0d0887"],[0.1111111111111111,"#46039f"],[0.2222222222222222,"#7201a8"],[0.3333333333333333,"#9c179e"],[0.4444444444444444,"#bd3786"],[0.5555555555555556,"#d8576b"],[0.6666666666666666,"#ed7953"],[0.7777777777777778,"#fb9f3a"],[0.8888888888888888,"#fdca26"],[1.0,"#f0f921"]],"sequentialminus":[[0.0,"#0d0887"],[0.1111111111111111,"#46039f"],[0.2222222222222222,"#7201a8"],[0.3333333333333333,"#9c179e"],[0.4444444444444444,"#bd3786"],[0.5555555555555556,"#d8576b"],[0.6666666666666666,"#ed7953"],[0.7777777777777778,"#fb9f3a"],[0.8888888888888888,"#fdca26"],[1.0,"#f0f921"]],"diverging":[[0,"#8e0152"],[0.1,"#c51b7d"],[0.2,"#de77ae"],[0.3,"#f1b6da"],[0.4,"#fde0ef"],[0.5,"#f7f7f7"],[0.6,"#e6f5d0"],[0.7,"#b8e186"],[0.8,"#7fbc41"],[0.9,"#4d9221"],[1,"#276419"]]},"xaxis":{"gridcolor":"rgba(0, 0, 0, 0)","linecolor":"#506784","ticks":"","title":{"standoff":15},"zerolinecolor":"#283442","automargin":true,"zerolinewidth":2,"tickfont":{"family":"Courier New","size":14},"side":"top","tickangle":-90},"yaxis":{"gridcolor":"rgba(0, 0, 0, 0)","linecolor":"#506784","ticks":"","title":{"standoff":15},"zerolinecolor":"#283442","automargin":true,"zerolinewidth":2,"tickfont":{"family":"Courier New"},"side":"right"},"scene":{"xaxis":{"backgroundcolor":"rgb(17,17,17)","gridcolor":"#506784","linecolor":"#506784","showbackground":true,"ticks":"","zerolinecolor":"#C8D4E3","gridwidth":2},"yaxis":{"backgroundcolor":"rgb(17,17,17)","gridcolor":"#506784","linecolor":"#506784","showbackground":true,"ticks":"","zerolinecolor":"#C8D4E3","gridwidth":2},"zaxis":{"backgroundcolor":"rgb(17,17,17)","gridcolor":"#506784","linecolor":"#506784","showbackground":true,"ticks":"","zerolinecolor":"#C8D4E3","gridwidth":2}},"shapedefaults":{"line":{"color":"#f2f5fa"}},"annotationdefaults":{"arrowcolor":"#f2f5fa","arrowhead":0,"arrowwidth":1},"geo":{"bgcolor":"rgb(17,17,17)","landcolor":"rgb(17,17,17)","subunitcolor":"#506784","showland":true,"showlakes":true,"lakecolor":"rgb(17,17,17)"},"title":{"x":0.05,"font":{"family":"Times New Roman"},"y":0.05,"text":"<b>Correlation of Close<b><br><i>2016-09-23 ~ 2025-09-16<i>"},"updatemenudefaults":{"bgcolor":"#506784","borderwidth":0},"sliderdefaults":{"bgcolor":"#C8D4E3","borderwidth":1,"bordercolor":"rgb(17,17,17)","tickwidth":0},"mapbox":{"style":"dark"},"annotations":[{"text":"<b>@zwindr<b>","textangle":0,"opacity":0.5,"font":{"color":"white","size":12},"xref":"paper","yref":"paper","xanchor":"left","yanchor":"bottom","x":1.0,"y":1.0,"showarrow":false}]},"config":{"responsive":true,"toImageButtonOptions":{"filename":"Correlation of Close_2016-09-23~2025-09-16","scale":5}}};Plotly.newPlot("correlationClose",correlationClose.data,correlationClose.layout||{},correlationClose.config);}else{console.log("style display is none => correlationClose");}