var element=document.getElementById("correlationClose");if(element.style.display!='none'){var correlationClose={"data":[{"type":"heatmap","z":[[1.0,0.9999999999999982,1.0,0.9955350907470711,0.9955350907470711,0.962055377386757,0.962055377386757,0.8983448559597226,0.8983448559597226,0.8942649912799503,0.9949732885660117,0.9151770950183641,0.9927927469786905,0.9924299026318132,0.9949515083247683,0.9721540226563498,0.9989045617619343,0.92565003938338,0.7842769982600682,-0.08966806093506864,0.9769828006719459,0.07512923082972325,-0.022727895148541902,-0.25258485811571096,0.8225508807625028,0.9473032693103987,0.9068381700388806,0.9284416381425113,0.7723306462556135,0.49273141829503625,0.616265132984406,0.6396174377585478,0.9295196569873858,0.8146060745869949,0.16962470439193064],[0.9999999999999982,1.0,0.9999999999999984,0.9954872135614691,0.9954872135614691,0.9614265995910767,0.9614265995910767,0.8995591407562005,0.8995591407562005,0.8948347538599789,0.9949518583889289,0.9144826722243593,0.9925394630945064,0.9918714715334765,0.9949261988820876,0.9714566583358427,0.9989076837300941,0.9260974505429611,0.8044838354172126,0.11840021353516578,0.9681073053843939,-0.09368811600436368,-0.015250807123941293,-0.2528624432970701,0.6478333516825472,0.9473323040562256,0.8794121842132436,0.9228958872436482,0.7850735589687553,0.48421355580620373,0.6131450370896767,0.6668688227145305,0.9266731908767768,0.6630427833411324,0.16591102994373919],[1.0,0.9999999999999984,1.0,0.9955350907470711,0.9955350907470711,0.962055377386757,0.962055377386757,0.8983448559597226,0.8983448559597226,0.8942649912799503,0.9949732885660117,0.9151770950183641,0.9927927469786905,0.9924299026318132,0.9949515083247683,0.9721540226563498,0.9989045617619343,0.92565003938338,0.7842769982600682,-0.08966806093506864,0.9769828006719459,0.07512923082972325,-0.022727895148541902,-0.25258485811571096,0.8225508807625028,0.9473032693103987,0.9068381700388806,0.9284416381425113,0.7723306462556135,0.49273141829503625,0.616265132984406,0.6396174377585478,0.9295196569873858,0.8146060745869949,0.16962470439193064],[0.9955350907470711,0.9954872135614691,0.9955350907470711,1.0,1.0,0.949041694733504,0.949041694733504,0.8841847808442368,0.8841847808442368,0.8830076287923512,0.9994752338175992,0.9067888844771568,0.9885461566645826,0.984412001969585,0.9994181929690059,0.954709034587809,0.9948221591765404,0.9062108528981762,0.7633860655314701,-0.09570906146066896,0.98890664806749,0.0957564749986744,-0.054806658695984785,-0.25581856035912726,0.8215679929661248,0.9414246988893409,0.9119378251896743,0.917685507292162,0.783538281261903,0.5198789370827372,0.6108232779682478,0.6135454807378098,0.9227582561583489,0.8045031106709907,0.1817413142751027],[0.9955350907470711,0.9954872135614691,0.9955350907470711,1.0,1.0,0.949041694733504,0.949041694733504,0.8841847808442368,0.8841847808442368,0.8830076287923512,0.9994752338175992,0.9067888844771568,0.9885461566645826,0.984412001969585,0.9994181929690059,0.954709034587809,0.9948221591765404,0.9062108528981762,0.7633860655314701,-0.09570906146066896,0.98890664806749,0.0957564749986744,-0.054806658695984785,-0.25581856035912726,0.8215679929661248,0.9414246988893409,0.9119378251896743,0.917685507292162,0.783538281261903,0.5198789370827372,0.6108232779682478,0.6135454807378098,0.9227582561583489,0.8045031106709907,0.1817413142751027],[0.962055377386757,0.9614265995910767,0.962055377386757,0.949041694733504,0.949041694733504,1.0,1.0,0.924828465783616,0.924828465783616,0.8701879055061014,0.9518945934368457,0.8851422707512353,0.9762373786933011,0.9748669575425333,0.9515820817935902,0.9990003784096083,0.9723841894509556,0.9195446447382347,0.6299026785890363,-0.033877381261736686,0.9336058003337194,0.254404275869828,-0.22417780353131936,-0.10888067723818905,0.8933120627822986,0.9063395180411798,0.9261450838644091,0.8966575698656163,0.7312299762339249,0.7127054658677835,0.7271630408474293,0.7150683835686307,0.8487351375349088,0.8486885719032935,0.45988794717525794],[0.962055377386757,0.9614265995910767,0.962055377386757,0.949041694733504,0.949041694733504,1.0,1.0,0.924828465783616,0.924828465783616,0.8701879055061014,0.9518945934368457,0.8851422707512353,0.9762373786933011,0.9748669575425333,0.9515820817935902,0.9990003784096083,0.9723841894509556,0.9195446447382347,0.6299026785890363,-0.033877381261736686,0.9336058003337194,0.254404275869828,-0.22417780353131936,-0.10888067723818905,0.8933120627822986,0.9063395180411798,0.9261450838644091,0.8966575698656163,0.7312299762339249,0.7127054658677835,0.7271630408474293,0.7150683835686307,0.8487351375349088,0.8486885719032935,0.45988794717525794],[0.8983448559597226,0.8995591407562005,0.8983448559597226,0.8841847808442368,0.8841847808442368,0.924828465783616,0.924828465783616,1.0,1.0,0.851378218893038,0.9387035678024624,0.8503000352263322,0.9474587158332354,0.9425884010718009,0.9383914265157383,0.9256746351102566,0.9410395189520728,0.9724712501636033,0.5658262006539007,0.08671780646662679,0.8418286343397576,0.5050024719839099,-0.2489794560975825,0.031993954660413985,0.7848053424451612,0.8001606245110948,0.8634780993561537,0.8435480283793878,0.7438918900774819,0.869553707718318,0.7704663218042171,0.7199040357062801,0.7746016905962176,0.8362914578328128,0.7986722059075306],[0.8983448559597226,0.8995591407562005,0.8983448559597226,0.8841847808442368,0.8841847808442368,0.924828465783616,0.924828465783616,1.0,1.0,0.851378218893038,0.9387035678024624,0.8503000352263322,0.9474587158332354,0.9425884010718009,0.9383914265157383,0.9256746351102566,0.9410395189520728,0.9724712501636033,0.5658262006539007,0.08671780646662679,0.8418286343397576,0.5050024719839099,-0.2489794560975825,0.031993954660413985,0.7848053424451612,0.8001606245110948,0.8634780993561537,0.8435480283793878,0.7438918900774819,0.869553707718318,0.7704663218042171,0.7199040357062801,0.7746016905962176,0.8362914578328128,0.7986722059075306],[0.8942649912799503,0.8948347538599789,0.8942649912799503,0.8830076287923512,0.8830076287923512,0.8701879055061014,0.8701879055061014,0.851378218893038,0.851378218893038,1.0,0.8776158443342181,0.9999757757470237,0.8551501193192731,0.8147258135683768,0.878964150149408,0.8722995743011529,0.890641357895919,0.8790664974844096,0.7499640613472902,0.23815079148615226,0.8698112446010077,0.7278945146533432,-0.2924303151583769,0.39622280592411635,0.8469458157038287,0.7458058783998649,0.8469257125583928,0.8312781613723998,0.7235675641102429,0.7194623941959943,0.7960715473844996,0.781332327960098,0.8099223242524891,0.8538834136719641,0.7651095593315311],[0.9949732885660117,0.9949518583889289,0.9949732885660117,0.9994752338175992,0.9994752338175992,0.9518945934368457,0.9518945934368457,0.9387035678024624,0.9387035678024624,0.8776158443342181,1.0,0.8774005818826525,0.9882500104546,0.9846228566580768,0.9999154415490115,0.9522328387822816,0.9938925295676487,0.9232483349000524,0.8459982730114491,0.14153002163157102,0.9957152495654611,0.8546292216994701,-0.4392126529002721,0.36028769922488496,0.8599065345643142,0.9138298119779583,0.9418209423927258,0.9134569880965479,0.8071781876429165,0.8947300493212457,0.8731004469159628,0.8121942494987754,0.8973188153284516,0.9426076259525136,0.7776316794131551],[0.9151770950183641,0.9144826722243593,0.9151770950183641,0.9067888844771568,0.9067888844771568,0.8851422707512353,0.8851422707512353,0.8503000352263322,0.8503000352263322,0.9999757757470237,0.8774005818826525,1.0,0.8525846775323578,0.8113881840272704,0.8768281176742876,0.8858472232030801,0.8948889539967447,0.8750338990293735,0.7017825984749915,0.00608839631850594,0.8914693290792584,0.5711712245938089,-0.2124000613938342,-0.2360500869973898,0.8563989841616393,0.7962766662041779,0.8289657150075577,0.8528194809055649,0.7690109349922049,0.7226889312562825,0.7708415207815124,0.7107947900938153,0.8465223788663458,0.7480288800941116,0.726675043037926],[0.9927927469786905,0.9925394630945064,0.9927927469786905,0.9885461566645826,0.9885461566645826,0.9762373786933011,0.9762373786933011,0.9474587158332354,0.9474587158332354,0.8551501193192731,0.9882500104546,0.8525846775323578,1.0,0.9996958894360224,0.9882098728861787,0.9744793431702242,0.9900230484209468,0.9189456019167407,0.8150504414255761,0.17890495573487017,0.9858771813306682,0.8783889082344484,-0.6209460757766558,0.43735686700333437,0.8403456686310442,0.9248236084154577,0.9582443682363833,0.908105539083217,0.7328161433903395,0.8949778311246037,0.853542044159485,0.8031945057377857,0.879049758824861,0.962856075821623,0.8124458709865306],[0.9924299026318132,0.9918714715334765,0.9924299026318132,0.984412001969585,0.984412001969585,0.9748669575425333,0.9748669575425333,0.9425884010718009,0.9425884010718009,0.8147258135683768,0.9846228566580768,0.8113881840272704,0.9996958894360224,1.0,0.9847519562846618,0.9720480613760016,0.9883684496635347,0.90603555875532,0.8336635179965458,0.057530427764062385,0.9802572698603575,0.8871872527431268,-0.8264894018722639,0.48335758567012527,0.796546532184912,0.9299041599881762,0.9559306793981796,0.8947604756322772,0.6510038114627135,0.9052264679940705,0.8408257832113856,0.7538598160747594,0.911120848384728,0.965094089417417,0.7805843047497668],[0.9949515083247683,0.9949261988820876,0.9949515083247683,0.9994181929690059,0.9994181929690059,0.9515820817935902,0.9515820817935902,0.9383914265157383,0.9383914265157383,0.878964150149408,0.9999154415490115,0.8768281176742876,0.9882098728861787,0.9847519562846618,1.0,0.952078089127086,0.9938969713239391,0.9234207411927625,0.8471889898667252,0.1407193801549986,0.9955936161437946,0.8541950368954693,-0.43670776826131696,0.3591585648660833,0.8596425407029542,0.9117041482528423,0.9408463641428845,0.9138536313366222,0.8086945114038333,0.8942556616405275,0.8741751893290043,0.8130036196848441,0.8971618100182566,0.9424081871853676,0.7773349541030661],[0.9721540226563498,0.9714566583358427,0.9721540226563498,0.954709034587809,0.954709034587809,0.9990003784096083,0.9990003784096083,0.9256746351102566,0.9256746351102566,0.8722995743011529,0.9522328387822816,0.8858472232030801,0.9744793431702242,0.9720480613760016,0.952078089127086,1.0,0.9739609626740051,0.9191899324152983,0.6787560373477256,-0.015360818049665883,0.9441504501769007,0.5847647374756918,-0.35773503528834294,-0.1620840955592477,0.9058997478954792,0.9155507629366649,0.9216361425402126,0.9048114292237336,0.7712278550814088,0.836621439677896,0.7767982162660668,0.7723976333598888,0.8724245278652916,0.8458309966389986,0.7864976806011891],[0.9989045617619343,0.9989076837300941,0.9989045617619343,0.9948221591765404,0.9948221591765404,0.9723841894509556,0.9723841894509556,0.9410395189520728,0.9410395189520728,0.890641357895919,0.9938925295676487,0.8948889539967447,0.9900230484209468,0.9883684496635347,0.9938969713239391,0.9739609626740051,1.0,0.9404490694879251,0.8521520985983786,0.14177728004457832,0.9869751342439662,0.8242615904452334,-0.4197232376995448,0.3733424818984955,0.8945107322825423,0.9249641749486173,0.9458713223650937,0.9377977402343796,0.8272709184450345,0.8828721474488139,0.8996567401474943,0.8430849970141282,0.9091761763902321,0.9475814864390191,0.83393441844735],[0.92565003938338,0.9260974505429611,0.92565003938338,0.9062108528981762,0.9062108528981762,0.9195446447382347,0.9195446447382347,0.9724712501636033,0.9724712501636033,0.8790664974844096,0.9232483349000524,0.8750338990293735,0.9189456019167407,0.90603555875532,0.9234207411927625,0.9191899324152983,0.9404490694879251,1.0,0.7306368931009332,0.008496245455641637,0.8692761721533871,0.5148542871935607,-0.14261719457655767,-0.20270595381522974,0.8233155443084947,0.824280423431839,0.8297788447581858,0.9126819138625321,0.831124510066246,0.7961193060176087,0.7447004950616074,0.702405367747555,0.8379401606810102,0.7662939401216247,0.8466466114140598],[0.7842769982600682,0.8044838354172126,0.7842769982600682,0.7633860655314701,0.7633860655314701,0.6299026785890363,0.6299026785890363,0.5658262006539007,0.5658262006539007,0.7499640613472902,0.8459982730114491,0.7017825984749915,0.8150504414255761,0.8336635179965458,0.8471889898667252,0.6787560373477256,0.8521520985983786,0.7306368931009332,1.0,0.05561808006226513,0.7259671532908663,-0.42624716063476986,0.3714861071774663,-0.6609197110759454,0.33674776779887333,0.7932750379675119,0.48893097893615334,0.8310526248860581,0.6837539591466599,0.05493947389523033,0.2839855052922621,0.5593942836382064,0.7776348029933166,0.45571544554311866,-0.1684836678812803],[-0.08966806093506864,0.11840021353516578,-0.08966806093506864,-0.09570906146066896,-0.09570906146066896,-0.033877381261736686,-0.033877381261736686,0.08671780646662679,0.08671780646662679,0.23815079148615226,0.14153002163157102,0.00608839631850594,0.17890495573487017,0.057530427764062385,0.1407193801549986,-0.015360818049665883,0.14177728004457832,0.008496245455641637,0.05561808006226513,1.0,-0.05537813057674955,0.13247964163772896,0.12539168768920653,0.7520805018583134,-0.07935438435918252,0.02905828298690569,0.02531749624367262,0.19171909271347842,0.030184905660994955,0.10620778131588768,0.3777399703988137,0.5853044804244008,-0.08745786587691709,0.1383528364438369,0.1718737076824233],[0.9769828006719459,0.9681073053843939,0.9769828006719459,0.98890664806749,0.98890664806749,0.9336058003337194,0.9336058003337194,0.8418286343397576,0.8418286343397576,0.8698112446010077,0.9957152495654611,0.8914693290792584,0.9858771813306682,0.9802572698603575,0.9955936161437946,0.9441504501769007,0.9869751342439662,0.8692761721533871,0.7259671532908663,-0.05537813057674955,1.0,0.005157564184043824,-0.11793760360706362,-0.31396212653040806,0.6837308320068208,0.9257049591742588,0.8959477573912202,0.8604615469409316,0.752530970522026,0.5174960889455581,0.5747720046155592,0.5412637256368238,0.9013649360045186,0.6407512473343545,0.16032111768372032],[0.07512923082972325,-0.09368811600436368,0.07512923082972325,0.0957564749986744,0.0957564749986744,0.254404275869828,0.254404275869828,0.5050024719839099,0.5050024719839099,0.7278945146533432,0.8546292216994701,0.5711712245938089,0.8783889082344484,0.8871872527431268,0.8541950368954693,0.5847647374756918,0.8242615904452334,0.5148542871935607,-0.42624716063476986,0.13247964163772896,0.005157564184043824,1.0,-0.4296080047760929,0.76843945782084,0.3634001148202766,-0.036108531358308396,0.260874371844321,-0.1504200830301239,0.027914326523131264,0.5630928923337973,0.45127417524851726,0.18289090051904672,-0.07124103680059791,0.35950314493086166,0.4633188398563985],[-0.022727895148541902,-0.015250807123941293,-0.022727895148541902,-0.054806658695984785,-0.054806658695984785,-0.22417780353131936,-0.22417780353131936,-0.2489794560975825,-0.2489794560975825,-0.2924303151583769,-0.4392126529002721,-0.2124000613938342,-0.6209460757766558,-0.8264894018722639,-0.43670776826131696,-0.35773503528834294,-0.4197232376995448,-0.14261719457655767,0.3714861071774663,0.12539168768920653,-0.11793760360706362,-0.4296080047760929,1.0,-0.04315724242103754,-0.13566234835040072,-0.07261208912169566,-0.2563754139207125,0.007351065951910321,-0.02920567198952114,-0.5415786270123755,-0.16437297980818683,-0.0013844468067865303,0.016308400772066814,-0.16734000129961507,-0.40054671512456036],[-0.25258485811571096,-0.2528624432970701,-0.25258485811571096,-0.25581856035912726,-0.25581856035912726,-0.10888067723818905,-0.10888067723818905,0.031993954660413985,0.031993954660413985,0.39622280592411635,0.36028769922488496,-0.2360500869973898,0.43735686700333437,0.48335758567012527,0.3591585648660833,-0.1620840955592477,0.3733424818984955,-0.20270595381522974,-0.6609197110759454,0.7520805018583134,-0.31396212653040806,0.76843945782084,-0.04315724242103754,1.0,-0.10018021637129157,-0.29578051873922584,-0.05393418131703643,-0.3503869169000112,-0.3274752353795194,0.0989456470236531,0.1763845793868707,0.2709255502310863,-0.38252877259758633,0.13596589361420822,0.1029598666687488],[0.8225508807625028,0.6478333516825472,0.8225508807625028,0.8215679929661248,0.8215679929661248,0.8933120627822986,0.8933120627822986,0.7848053424451612,0.7848053424451612,0.8469458157038287,0.8599065345643142,0.8563989841616393,0.8403456686310442,0.796546532184912,0.8596425407029542,0.9058997478954792,0.8945107322825423,0.8233155443084947,0.33674776779887333,-0.07935438435918252,0.6837308320068208,0.3634001148202766,-0.13566234835040072,-0.10018021637129157,1.0,0.6054554077530919,0.8417048385800318,0.4823611672244266,0.6167488980354592,0.5321864907969109,0.6474009614917279,0.4176015579003913,0.6976620986030068,0.6989554905548507,0.4104657974970519],[0.9473032693103987,0.9473323040562256,0.9473032693103987,0.9414246988893409,0.9414246988893409,0.9063395180411798,0.9063395180411798,0.8001606245110948,0.8001606245110948,0.7458058783998649,0.9138298119779583,0.7962766662041779,0.9248236084154577,0.9299041599881762,0.9117041482528423,0.9155507629366649,0.9249641749486173,0.824280423431839,0.7932750379675119,0.02905828298690569,0.9257049591742588,-0.036108531358308396,-0.07261208912169566,-0.29578051873922584,0.6054554077530919,1.0,0.832389409073643,0.8539422000183401,0.7102175039868585,0.3779440419287177,0.4973135699915832,0.5936272223015402,0.89702677455769,0.6247246203506057,0.061492013460183355],[0.9068381700388806,0.8794121842132436,0.9068381700388806,0.9119378251896743,0.9119378251896743,0.9261450838644091,0.9261450838644091,0.8634780993561537,0.8634780993561537,0.8469257125583928,0.9418209423927258,0.8289657150075577,0.9582443682363833,0.9559306793981796,0.9408463641428845,0.9216361425402126,0.9458713223650937,0.8297788447581858,0.48893097893615334,0.02531749624367262,0.8959477573912202,0.260874371844321,-0.2563754139207125,-0.05393418131703643,0.8417048385800318,0.832389409073643,1.0,0.7377433054976745,0.5887651383714043,0.5545352071499903,0.5803558872677186,0.5299963456737662,0.8040283222396839,0.8196874231061482,0.20655226238289676],[0.9284416381425113,0.9228958872436482,0.9284416381425113,0.917685507292162,0.917685507292162,0.8966575698656163,0.8966575698656163,0.8435480283793878,0.8435480283793878,0.8312781613723998,0.9134569880965479,0.8528194809055649,0.908105539083217,0.8947604756322772,0.9138536313366222,0.9048114292237336,0.9377977402343796,0.9126819138625321,0.8310526248860581,0.19171909271347842,0.8604615469409316,-0.1504200830301239,0.007351065951910321,-0.3503869169000112,0.4823611672244266,0.8539422000183401,0.7377433054976745,1.0,0.9023230237085235,0.5117677502937764,0.6733730880744593,0.6642983341851706,0.872458661771128,0.4804226303091041,0.28958696117436533],[0.7723306462556135,0.7850735589687553,0.7723306462556135,0.783538281261903,0.783538281261903,0.7312299762339249,0.7312299762339249,0.7438918900774819,0.7438918900774819,0.7235675641102429,0.8071781876429165,0.7690109349922049,0.7328161433903395,0.6510038114627135,0.8086945114038333,0.7712278550814088,0.8272709184450345,0.831124510066246,0.6837539591466599,0.030184905660994955,0.752530970522026,0.027914326523131264,-0.02920567198952114,-0.3274752353795194,0.6167488980354592,0.7102175039868585,0.5887651383714043,0.9023230237085235,1.0,0.5541646061724471,0.6557354005940825,0.6052885389769466,0.7182818727600706,0.5626642746387721,0.4692678034415019],[0.49273141829503625,0.48421355580620373,0.49273141829503625,0.5198789370827372,0.5198789370827372,0.7127054658677835,0.7127054658677835,0.869553707718318,0.869553707718318,0.7194623941959943,0.8947300493212457,0.7226889312562825,0.8949778311246037,0.9052264679940705,0.8942556616405275,0.836621439677896,0.8828721474488139,0.7961193060176087,0.05493947389523033,0.10620778131588768,0.5174960889455581,0.5630928923337973,-0.5415786270123755,0.0989456470236531,0.5321864907969109,0.3779440419287177,0.5545352071499903,0.5117677502937764,0.5541646061724471,1.0,0.7345865108900632,0.3718251192332366,0.4485134144095044,0.5385072250932833,0.7778851998275121],[0.616265132984406,0.6131450370896767,0.616265132984406,0.6108232779682478,0.6108232779682478,0.7271630408474293,0.7271630408474293,0.7704663218042171,0.7704663218042171,0.7960715473844996,0.8731004469159628,0.7708415207815124,0.853542044159485,0.8408257832113856,0.8741751893290043,0.7767982162660668,0.8996567401474943,0.7447004950616074,0.2839855052922621,0.3777399703988137,0.5747720046155592,0.45127417524851726,-0.16437297980818683,0.1763845793868707,0.6474009614917279,0.4973135699915832,0.5803558872677186,0.6733730880744593,0.6557354005940825,0.7345865108900632,1.0,0.777978209627485,0.47142862361422955,0.716938311521114,0.5467668521760005],[0.6396174377585478,0.6668688227145305,0.6396174377585478,0.6135454807378098,0.6135454807378098,0.7150683835686307,0.7150683835686307,0.7199040357062801,0.7199040357062801,0.781332327960098,0.8121942494987754,0.7107947900938153,0.8031945057377857,0.7538598160747594,0.8130036196848441,0.7723976333598888,0.8430849970141282,0.702405367747555,0.5593942836382064,0.5853044804244008,0.5412637256368238,0.18289090051904672,-0.0013844468067865303,0.2709255502310863,0.4176015579003913,0.5936272223015402,0.5299963456737662,0.6642983341851706,0.6052885389769466,0.3718251192332366,0.777978209627485,1.0,0.4860414772913357,0.6648056523104924,0.19552586593522203],[0.9295196569873858,0.9266731908767768,0.9295196569873858,0.9227582561583489,0.9227582561583489,0.8487351375349088,0.8487351375349088,0.7746016905962176,0.7746016905962176,0.8099223242524891,0.8973188153284516,0.8465223788663458,0.879049758824861,0.911120848384728,0.8971618100182566,0.8724245278652916,0.9091761763902321,0.8379401606810102,0.7776348029933166,-0.08745786587691709,0.9013649360045186,-0.07124103680059791,0.016308400772066814,-0.38252877259758633,0.6976620986030068,0.89702677455769,0.8040283222396839,0.872458661771128,0.7182818727600706,0.4485134144095044,0.47142862361422955,0.4860414772913357,1.0,0.7115485489446728,0.15819233762514087],[0.8146060745869949,0.6630427833411324,0.8146060745869949,0.8045031106709907,0.8045031106709907,0.8486885719032935,0.8486885719032935,0.8362914578328128,0.8362914578328128,0.8538834136719641,0.9426076259525136,0.7480288800941116,0.962856075821623,0.965094089417417,0.9424081871853676,0.8458309966389986,0.9475814864390191,0.7662939401216247,0.45571544554311866,0.1383528364438369,0.6407512473343545,0.35950314493086166,-0.16734000129961507,0.13596589361420822,0.6989554905548507,0.6247246203506057,0.8196874231061482,0.4804226303091041,0.5626642746387721,0.5385072250932833,0.716938311521114,0.6648056523104924,0.7115485489446728,1.0,0.1671250174946481],[0.16962470439193064,0.16591102994373919,0.16962470439193064,0.1817413142751027,0.1817413142751027,0.45988794717525794,0.45988794717525794,0.7986722059075306,0.7986722059075306,0.7651095593315311,0.7776316794131551,0.726675043037926,0.8124458709865306,0.7805843047497668,0.7773349541030661,0.7864976806011891,0.83393441844735,0.8466466114140598,-0.1684836678812803,0.1718737076824233,0.16032111768372032,0.4633188398563985,-0.40054671512456036,0.1029598666687488,0.4104657974970519,0.061492013460183355,0.20655226238289676,0.28958696117436533,0.4692678034415019,0.7778851998275121,0.5467668521760005,0.19552586593522203,0.15819233762514087,0.1671250174946481,1.0]],"x":["^TAIEX       \u81fa\u7063\u52a0\u6b0a\u5831\u916c\u6307\u6578","^TWII        \u81fa\u7063\u52a0\u6b0a\u6307\u6578","^TAIEXx2     \u81fa\u7063\u52a0\u6b0a\u5831\u916c\u6307\u6578_\u65e5\u6b632","^TAI50I      \u81fa\u706350\u5831\u916c\u6307\u6578","^TAI50Ix2    \u81fa\u706350\u5831\u916c\u6307\u6578_\u65e5\u6b632","^TAI100I     \u81fa\u7063\u4e2d\u578b100\u5831\u916c\u6307\u6578","^TAI100Ix2   \u81fa\u7063\u4e2d\u578b100\u5831\u916c\u6307\u6578_\u65e5\u6b632","^TAIDIVIDI   \u81fa\u7063\u9ad8\u80a1\u606f\u5831\u916c\u6307\u6578","^TAIDIVIDIx2 \u81fa\u7063\u9ad8\u80a1\u606f\u5831\u916c\u6307\u6578_\u65e5\u6b632","0050Fund     \u5143\u5927\u53f0\u7063\u5353\u8d8a50\u57fa\u91d1","006208Fund   \u5bcc\u90a6\u53f0\u7063\u91c6\u540950\u57fa\u91d1","0050         \u5143\u5927\u81fa\u706350","00631L       \u5143\u5927\u53f0\u706350\u6b632","00675L       \u5bcc\u90a6\u81fa\u7063\u52a0\u6b0a\u6b632","006208       \u5bcc\u90a6\u53f050","0051         \u5143\u5927\u4e2d\u578b100","006204       \u6c38\u8c50\u81fa\u7063\u52a0\u6b0a","0056         \u5143\u5927\u9ad8\u80a1\u606f","2412         \u4e2d\u83ef\u96fb\u4fe1","2002         \u4e2d\u92fc","2330         \u53f0\u7a4d\u96fb","2317         \u9d3b\u6d77","6505         \u53f0\u5851\u77f3\u5316","3481         \u7fa4\u5275","2303         \u806f\u96fb","2308         \u53f0\u9054\u96fb","2454         \u806f\u767c\u79d1","2886         \u5146\u8c50\u91d1","2884         \u7389\u5c71\u91d1","2891         \u4e2d\u4fe1\u91d1","2892         \u7b2c\u4e00\u91d1","5880         \u5408\u5eab\u91d1","2881         \u5bcc\u90a6\u91d1","2885         \u5143\u5927\u91d1","2887         \u53f0\u65b0\u91d1"],"y":["^TAIEX       \u81fa\u7063\u52a0\u6b0a\u5831\u916c\u6307\u6578","^TWII        \u81fa\u7063\u52a0\u6b0a\u6307\u6578","^TAIEXx2     \u81fa\u7063\u52a0\u6b0a\u5831\u916c\u6307\u6578_\u65e5\u6b632","^TAI50I      \u81fa\u706350\u5831\u916c\u6307\u6578","^TAI50Ix2    \u81fa\u706350\u5831\u916c\u6307\u6578_\u65e5\u6b632","^TAI100I     \u81fa\u7063\u4e2d\u578b100\u5831\u916c\u6307\u6578","^TAI100Ix2   \u81fa\u7063\u4e2d\u578b100\u5831\u916c\u6307\u6578_\u65e5\u6b632","^TAIDIVIDI   \u81fa\u7063\u9ad8\u80a1\u606f\u5831\u916c\u6307\u6578","^TAIDIVIDIx2 \u81fa\u7063\u9ad8\u80a1\u606f\u5831\u916c\u6307\u6578_\u65e5\u6b632","0050Fund     \u5143\u5927\u53f0\u7063\u5353\u8d8a50\u57fa\u91d1","006208Fund   \u5bcc\u90a6\u53f0\u7063\u91c6\u540950\u57fa\u91d1","0050         \u5143\u5927\u81fa\u706350","00631L       \u5143\u5927\u53f0\u706350\u6b632","00675L       \u5bcc\u90a6\u81fa\u7063\u52a0\u6b0a\u6b632","006208       \u5bcc\u90a6\u53f050","0051         \u5143\u5927\u4e2d\u578b100","006204       \u6c38\u8c50\u81fa\u7063\u52a0\u6b0a","0056         \u5143\u5927\u9ad8\u80a1\u606f","2412         \u4e2d\u83ef\u96fb\u4fe1","2002         \u4e2d\u92fc","2330         \u53f0\u7a4d\u96fb","2317         \u9d3b\u6d77","6505         \u53f0\u5851\u77f3\u5316","3481         \u7fa4\u5275","2303         \u806f\u96fb","2308         \u53f0\u9054\u96fb","2454         \u806f\u767c\u79d1","2886         \u5146\u8c50\u91d1","2884         \u7389\u5c71\u91d1","2891         \u4e2d\u4fe1\u91d1","2892         \u7b2c\u4e00\u91d1","5880         \u5408\u5eab\u91d1","2881         \u5bcc\u90a6\u91d1","2885         \u5143\u5927\u91d1","2887         \u53f0\u65b0\u91d1"],"zmin":-1,"zmax":1,"colorbar":{"x":-0.2}}],"layout":{"autotypenumbers":"strict","colorway":["#636efa","#EF553B","#00cc96","#ab63fa","#FFA15A","#19d3f3","#FF6692","#B6E880","#FF97FF","#FECB52"],"font":{"color":"#f2f5fa","family":"Courier New"},"hovermode":"closest","hoverlabel":{"align":"left"},"paper_bgcolor":"rgb(17,17,17)","plot_bgcolor":"rgb(17,17,17)","polar":{"bgcolor":"rgb(17,17,17)","angularaxis":{"gridcolor":"#506784","linecolor":"#506784","ticks":""},"radialaxis":{"gridcolor":"#506784","linecolor":"#506784","ticks":""}},"ternary":{"bgcolor":"rgb(17,17,17)","aaxis":{"gridcolor":"#506784","linecolor":"#506784","ticks":""},"baxis":{"gridcolor":"#506784","linecolor":"#506784","ticks":""},"caxis":{"gridcolor":"#506784","linecolor":"#506784","ticks":""}},"coloraxis":{"colorbar":{"outlinewidth":0,"ticks":""}},"colorscale":{"sequential":[[0.0,"#0d0887"],[0.1111111111111111,"#46039f"],[0.2222222222222222,"#7201a8"],[0.3333333333333333,"#9c179e"],[0.4444444444444444,"#bd3786"],[0.5555555555555556,"#d8576b"],[0.6666666666666666,"#ed7953"],[0.7777777777777778,"#fb9f3a"],[0.8888888888888888,"#fdca26"],[1.0,"#f0f921"]],"sequentialminus":[[0.0,"#0d0887"],[0.1111111111111111,"#46039f"],[0.2222222222222222,"#7201a8"],[0.3333333333333333,"#9c179e"],[0.4444444444444444,"#bd3786"],[0.5555555555555556,"#d8576b"],[0.6666666666666666,"#ed7953"],[0.7777777777777778,"#fb9f3a"],[0.8888888888888888,"#fdca26"],[1.0,"#f0f921"]],"diverging":[[0,"#8e0152"],[0.1,"#c51b7d"],[0.2,"#de77ae"],[0.3,"#f1b6da"],[0.4,"#fde0ef"],[0.5,"#f7f7f7"],[0.6,"#e6f5d0"],[0.7,"#b8e186"],[0.8,"#7fbc41"],[0.9,"#4d9221"],[1,"#276419"]]},"xaxis":{"gridcolor":"rgba(0, 0, 0, 0)","linecolor":"#506784","ticks":"","title":{"standoff":15},"zerolinecolor":"#283442","automargin":true,"zerolinewidth":2,"tickfont":{"family":"Courier New","size":14},"side":"top","tickangle":-90},"yaxis":{"gridcolor":"rgba(0, 0, 0, 0)","linecolor":"#506784","ticks":"","title":{"standoff":15},"zerolinecolor":"#283442","automargin":true,"zerolinewidth":2,"tickfont":{"family":"Courier New"},"side":"right"},"scene":{"xaxis":{"backgroundcolor":"rgb(17,17,17)","gridcolor":"#506784","linecolor":"#506784","showbackground":true,"ticks":"","zerolinecolor":"#C8D4E3","gridwidth":2},"yaxis":{"backgroundcolor":"rgb(17,17,17)","gridcolor":"#506784","linecolor":"#506784","showbackground":true,"ticks":"","zerolinecolor":"#C8D4E3","gridwidth":2},"zaxis":{"backgroundcolor":"rgb(17,17,17)","gridcolor":"#506784","linecolor":"#506784","showbackground":true,"ticks":"","zerolinecolor":"#C8D4E3","gridwidth":2}},"shapedefaults":{"line":{"color":"#f2f5fa"}},"annotationdefaults":{"arrowcolor":"#f2f5fa","arrowhead":0,"arrowwidth":1},"geo":{"bgcolor":"rgb(17,17,17)","landcolor":"rgb(17,17,17)","subunitcolor":"#506784","showland":true,"showlakes":true,"lakecolor":"rgb(17,17,17)"},"title":{"x":0.05,"font":{"family":"Times New Roman"},"y":0.05,"text":"<b>Correlation of Close<b><br><i>2016-09-23 ~ 2025-08-25<i>"},"updatemenudefaults":{"bgcolor":"#506784","borderwidth":0},"sliderdefaults":{"bgcolor":"#C8D4E3","borderwidth":1,"bordercolor":"rgb(17,17,17)","tickwidth":0},"mapbox":{"style":"dark"},"annotations":[{"text":"<b>@zwindr<b>","textangle":0,"opacity":0.5,"font":{"color":"white","size":12},"xref":"paper","yref":"paper","xanchor":"left","yanchor":"bottom","x":1.0,"y":1.0,"showarrow":false}]},"config":{"responsive":true,"toImageButtonOptions":{"filename":"Correlation of Close_2016-09-23~2025-08-25","scale":5}}};Plotly.newPlot("correlationClose",correlationClose.data,correlationClose.layout||{},correlationClose.config);}else{console.log("style display is none => correlationClose");}