var element=document.getElementById("correlationAdjClose");if(element.style.display!='none'){var correlationAdjClose={"data":[{"type":"heatmap","z":[[1.0,0.9959290041497801,0.9671320935555879,0.9965504552512275,0.9390211998711376,0.9867111084489466,0.961669934712487,0.983946631568511,0.9783310423088676,0.996695769336093,0.9963588129629222,0.996730769791998,0.946851161240615,0.9907455053917683,0.9964557963597213,0.9876578026892564,0.9997519037664647,0.983480989218421,0.8912796123836493,0.9071060177122476,0.6388051107732087,0.9840230142299777,0.9424413185338154,0.31061832811310547,-0.26167182444601206,0.9063738912013444,0.9071063667354573,0.9664209733484438,0.9616257564031776,0.9584041654413681,0.9829105408615015,0.9599042500305682,0.9229021298929785,0.9797643381378498,0.97988439536973,0.9621609538910714],[0.9959290041497801,1.0,0.9666673146451567,0.9928600863582214,0.9389422077157656,0.9832744215129986,0.9594339055877428,0.9760134054681241,0.9729413453496778,0.9939810527349969,0.9956069562492333,0.9951866840184936,0.9490870046930949,0.9907593064064809,0.9956651666284335,0.9833228746895449,0.9978997374805445,0.9776340432121059,0.9066732059269199,0.8972416545305172,0.6640401253576088,0.972404514179402,0.926391404130075,0.30938356527997635,-0.2001520834626834,0.8876442911846391,0.9070949707017039,0.9656279687708413,0.9445094660682035,0.9471918275076204,0.9757062676839497,0.9468501641175743,0.9223625506900696,0.9712934060002275,0.9727607761301381,0.9574640833931607],[0.9671320935555879,0.9666673146451567,1.0,0.9811358894145931,0.9937099774551578,0.9615786981532962,0.978895825665787,0.9303114736801564,0.960618864023203,0.9810277916502289,0.9878410941833967,0.9845691544205782,0.9334442109203817,0.9970572799656695,0.9876201004244727,0.9589056234198683,0.9784961968902192,0.9297310463811489,0.8231969828496143,0.7879625612343183,0.48000021060310594,0.9911978044773623,0.9223589336801724,0.13624494655068067,-0.17326113802445295,0.867452235804516,0.9559927172575304,0.9573240916443331,0.8700933219142962,0.8765761875594028,0.9617352517341131,0.8722177352861129,0.8330329389132557,0.9344079750552128,0.9662425380455127,0.9121566936585888],[0.9965504552512275,0.9928600863582214,0.9811358894145931,1.0,0.9609199946400202,0.9781829886685804,0.9621282126761408,0.9709000192705958,0.9726372253266539,0.999977102280627,0.9999939120501432,0.9999701823664474,0.9450292690607771,0.9933054499049376,0.9999610887982536,0.97655955968678,0.996035892388359,0.9700381957302449,0.8682613048896888,0.8824195738197753,0.5928417838395541,0.9944457119099124,0.9439246385168185,0.27272118341477825,-0.24552509822534,0.8942706632530246,0.9278228520682077,0.9672820529555878,0.9414570304375526,0.9456986215106231,0.9841744093738672,0.9406131355563272,0.8992780688540936,0.9719796610488947,0.9781656100786285,0.9504022103277142],[0.9390211998711376,0.9389422077157656,0.9937099774551578,0.9609199946400202,1.0,0.9265071313012262,0.9552316467882703,0.8898971572589645,0.928345556915011,0.9612522053705438,0.9714076142761399,0.9670571004373804,0.9103552091300396,0.9821615743657482,0.9710388236684303,0.9227927985083998,0.9527880383188687,0.8890104740655329,0.7739580146931354,0.741036708828322,0.4186094773406073,0.9790103633427892,0.9011005101526431,0.09834440959289219,-0.1540237042814235,0.8223896453996148,0.9678557704717212,0.9299066985970103,0.8207499584622804,0.8357367214617675,0.9389681352515316,0.8247023678543548,0.777639135809626,0.8993460126295901,0.938794762833598,0.8729444294960567],[0.9867111084489466,0.9832744215129986,0.9615786981532962,0.9781829886685804,0.9265071313012262,1.0,0.9827653157856059,0.9814000371640434,0.9854770096157323,0.97776090523336,0.9723653862246942,0.975758506147037,0.9300017568451068,0.9647192671285927,0.9723565863119227,0.9999152900832752,0.9885268628298393,0.982125390840109,0.8982390200125558,0.8702244777469231,0.6088650582753173,0.9684846394079484,0.9193024206156994,0.1972711760920269,-0.19545463870509602,0.9354431029369692,0.8816066074084012,0.9700710585939643,0.9494724656529477,0.934647097838928,0.9655450279197062,0.9489295514378483,0.9367099445765263,0.9645607913574749,0.9828523938822158,0.9645822680680771],[0.961669934712487,0.9594339055877428,0.978895825665787,0.9621282126761408,0.9552316467882703,0.9827653157856059,1.0,0.9482271527456477,0.9819477063840583,0.9611230088632386,0.9696139448262056,0.9666240890427751,0.9308557401288643,0.9796217794317955,0.9692939584262802,0.9838719927139453,0.9776694883847514,0.9503296759760396,0.854163238917139,0.7876630991593557,0.4904265819474685,0.9656403739764116,0.9173891707187999,0.06346597324200341,-0.13338892270679517,0.8937797818698562,0.9066931471035208,0.9631477365501985,0.8854200923016873,0.8697581289902921,0.9504873857699985,0.8855521827338699,0.8759766116172256,0.9333264681356342,0.9746842569844083,0.924021800616311],[0.983946631568511,0.9760134054681241,0.9303114736801564,0.9709000192705958,0.8898971572589645,0.9814000371640434,0.9482271527456477,1.0,0.9841146654759553,0.9708724075534914,0.9649811267620305,0.9695246410476782,0.9243810962733321,0.9438587774047276,0.9654524891003967,0.9832752168622019,0.9803045799019235,0.9998946455339451,0.9303853309655323,0.9322733636854279,0.5907684342421714,0.9541345434398109,0.911422573614951,0.17429771143771233,-0.28755859424637265,0.916471821624603,0.8292697911053027,0.9500411990478598,0.9773070469985714,0.9606898818517917,0.9667966223207581,0.9674028995776811,0.9353893653531331,0.9677653302559358,0.9598576075125936,0.971032122057014],[0.9783310423088676,0.9729413453496778,0.960618864023203,0.9726372253266539,0.928345556915011,0.9854770096157323,0.9819477063840583,0.9841146654759553,1.0,0.9720517586249727,0.9670497707316531,0.9706047473199929,0.9313337313753591,0.9554687010467631,0.967077416691654,0.9847058740767979,0.9769948457284663,0.9834867007636864,0.902160061811172,0.8671757336489777,0.5020398111091807,0.9667177009200134,0.9303742312274178,0.03659387314397944,-0.20874004005913283,0.896134348670868,0.8594551548926523,0.9705850786775077,0.9336207481595155,0.9120733221223448,0.967888114615482,0.9245669513578849,0.897051168294053,0.958374316932538,0.9768153451791164,0.9401173743140142],[0.996695769336093,0.9939810527349969,0.9810277916502289,0.999977102280627,0.9612522053705438,0.97776090523336,0.9611230088632386,0.9708724075534914,0.9720517586249727,1.0,0.9999930349580632,0.9999851286269849,0.9448289862594271,0.9933088533618153,0.9999638967866582,0.9761364037505875,0.9959299838859633,0.9700957716218542,0.8697635665002645,0.883722173140401,0.5877250309994889,0.9946564642187361,0.9441834084080103,0.2772564307436859,-0.24498449657243368,0.8944400773322763,0.9265760041959358,0.9661077816457813,0.9409447197589229,0.9447445430486334,0.9835289917854396,0.9398927555507659,0.8978349682353459,0.971166116177425,0.9774570097165698,0.9493750369043086],[0.9963588129629222,0.9956069562492333,0.9878410941833967,0.9999939120501432,0.9714076142761399,0.9723653862246942,0.9696139448262056,0.9649811267620305,0.9670497707316531,0.9999930349580632,1.0,0.9999785516696592,0.9449759058871801,0.9933380996084243,0.9999659217059466,0.9717930017261599,0.9957694877902652,0.9653507438454813,0.8856114310550534,0.9130994381248456,0.4367179487967375,0.9975272251340174,0.9331418234004748,-0.19856212596448797,0.4977747463229061,0.8845319988130326,0.9083454948427614,0.9648547264534804,0.9257600894265332,0.926860576260185,0.9780492297365146,0.9165704519910199,0.8633948988713375,0.9609880459503906,0.9839496976731418,0.9474034774894791],[0.996730769791998,0.9951866840184936,0.9845691544205782,0.9999701823664474,0.9670571004373804,0.975758506147037,0.9666240890427751,0.9695246410476782,0.9706047473199929,0.9999851286269849,0.9999785516696592,1.0,0.9448365331930049,0.993266789365763,0.999973586725542,0.9753034266065728,0.9958534987868443,0.9695464636678682,0.8768987045624368,0.9012743500364149,0.5141621311473933,0.9966032122992085,0.9421538526814403,0.007122922618269774,-0.11318119563582206,0.9010268302666135,0.9165163117542743,0.9617653386659164,0.932113501656586,0.9341931451362263,0.981007495242412,0.9288683717567043,0.8873300268781626,0.9670372224419287,0.9775017641150191,0.9516684387624814],[0.946851161240615,0.9490870046930949,0.9334442109203817,0.9450292690607771,0.9103552091300396,0.9300017568451068,0.9308557401288643,0.9243810962733321,0.9313337313753591,0.9448289862594271,0.9449759058871801,0.9448365331930049,1.0,0.9341223082391977,0.9485841147256414,0.9324351597573117,0.9471936220648924,0.926614721393658,0.8475874882629859,0.8769777562947677,0.3559705724845621,0.9399169789615563,0.9036987887360028,-0.425776925226466,0.4750855669048198,0.8405967533540234,0.8237002167327583,0.9333881149087883,0.8833934074984231,0.875339408802038,0.9199557857296659,0.8712642611626908,0.8099452278118642,0.9279027644828358,0.9336444812229399,0.8993903504040767],[0.9907455053917683,0.9907593064064809,0.9970572799656695,0.9933054499049376,0.9821615743657482,0.9647192671285927,0.9796217794317955,0.9438587774047276,0.9554687010467631,0.9933088533618153,0.9933380996084243,0.993266789365763,0.9341223082391977,1.0,0.993337737813871,0.9640417791078778,0.9912427296037122,0.944669743731741,0.8404313544640716,0.9036109065300753,0.1877683862583243,0.9902858543628585,0.9141877758400363,-0.7242380595273528,0.5076016181598234,0.825354941332793,0.929169829407972,0.9498595759247538,0.8789566993107273,0.8823362158547602,0.9599361174445398,0.8827281878357932,0.7837242002414169,0.9395249998892429,0.9741453702901095,0.9373673052041466],[0.9964557963597213,0.9956651666284335,0.9876201004244727,0.9999610887982536,0.9710388236684303,0.9723565863119227,0.9692939584262802,0.9654524891003967,0.967077416691654,0.9999638967866582,0.9999659217059466,0.999973586725542,0.9485841147256414,0.993337737813871,1.0,0.971895179595354,0.9958554483912714,0.965714854741355,0.8862775243621833,0.9142234494760203,0.4392338683580284,0.9973460874166086,0.9332626192599398,-0.19529531332063696,0.49590969729277806,0.8850840949034049,0.907915878659637,0.9646911821981785,0.9269329982986887,0.9278641482768292,0.9779645411461326,0.9178230843709677,0.8649843337876241,0.9614438401068796,0.9839450538152684,0.9478630295350391],[0.9876578026892564,0.9833228746895449,0.9589056234198683,0.97655955968678,0.9227927985083998,0.9999152900832752,0.9838719927139453,0.9832752168622019,0.9847058740767979,0.9761364037505875,0.9717930017261599,0.9753034266065728,0.9324351597573117,0.9640417791078778,0.971895179595354,1.0,0.9883607369912731,0.9824931286982793,0.9011607412849769,0.8944599345135879,0.5895495479780478,0.965852645851078,0.9146280193123513,0.047427865396585396,-0.15656181282120768,0.9410669705186433,0.8707312464980174,0.9676370890193449,0.9527669955402787,0.9324376513158319,0.9625200348017218,0.9504035910322991,0.9349469020533895,0.9666918382718638,0.9819370987539678,0.9679383948404939],[0.9997519037664647,0.9978997374805445,0.9784961968902192,0.996035892388359,0.9527880383188687,0.9885268628298393,0.9776694883847514,0.9803045799019235,0.9769948457284663,0.9959299838859633,0.9957694877902652,0.9958534987868443,0.9471936220648924,0.9912427296037122,0.9958554483912714,0.9883607369912731,1.0,0.9806989306279869,0.911066620832079,0.9287363006911167,0.504093007111636,0.988664748289399,0.9283581039632754,-0.13992280781315522,0.5131055152724376,0.915720430087823,0.8899646387768183,0.9703362277936537,0.9501279523867963,0.9411369538667527,0.9767734372084004,0.9410674237372654,0.9022417438698005,0.971560969007626,0.9895584376024188,0.9679048373908797],[0.983480989218421,0.9776340432121059,0.9297310463811489,0.9700381957302449,0.8890104740655329,0.982125390840109,0.9503296759760396,0.9998946455339451,0.9834867007636864,0.9700957716218542,0.9653507438454813,0.9695464636678682,0.926614721393658,0.944669743731741,0.965714854741355,0.9824931286982793,0.9806989306279869,1.0,0.9331310822655047,0.9384334763415304,0.5879443414858526,0.9524882683102314,0.9143000939221636,0.13789128580845358,-0.2547844748847084,0.9205091155337265,0.8258957566284576,0.949720284778012,0.9779335188050302,0.9602189086648834,0.9650665672185961,0.9663391645995386,0.9350396437818803,0.9669560435944783,0.9579609265932925,0.9718123151230751],[0.8912796123836493,0.9066732059269199,0.8231969828496143,0.8682613048896888,0.7739580146931354,0.8982390200125558,0.854163238917139,0.9303853309655323,0.902160061811172,0.8697635665002645,0.8856114310550534,0.8768987045624368,0.8475874882629859,0.8404313544640716,0.8862775243621833,0.9011607412849769,0.911066620832079,0.9331310822655047,1.0,0.840343883838197,0.673146420745759,0.8371533575557797,0.8149752330242996,0.22751595240552294,-0.14483782180806898,0.8673023941412712,0.698042403941965,0.8593608472025724,0.8995124581633084,0.868987068945667,0.8526546111363854,0.8805955469455027,0.8655577355467514,0.862931464112272,0.8691611705038166,0.8974032151332317],[0.9071060177122476,0.8972416545305172,0.7879625612343183,0.8824195738197753,0.741036708828322,0.8702244777469231,0.7876630991593557,0.9322733636854279,0.8671757336489777,0.883722173140401,0.9130994381248456,0.9012743500364149,0.8769777562947677,0.9036109065300753,0.9142234494760203,0.8944599345135879,0.9287363006911167,0.9384334763415304,0.840343883838197,1.0,0.8133465879317834,0.829711511982675,0.8680835859527616,0.6063784426576305,-0.5044260204067211,0.7348622524957782,0.7519536910062034,0.8180136872148461,0.9617315730055309,0.940648423824513,0.8878727260137512,0.949960947667888,0.9061690252448709,0.9021177586234548,0.8457426862135823,0.8859728652116291],[0.6388051107732087,0.6640401253576088,0.48000021060310594,0.5928417838395541,0.4186094773406073,0.6088650582753173,0.4904265819474685,0.5907684342421714,0.5020398111091807,0.5877250309994889,0.4367179487967375,0.5141621311473933,0.3559705724845621,0.1877683862583243,0.4392338683580284,0.5895495479780478,0.504093007111636,0.5879443414858526,0.673146420745759,0.8133465879317834,1.0,0.5286159474985059,0.6582134477647128,0.7220414516471205,-0.11573908416334794,0.5234765260478561,0.48102745487753074,0.5751014298894168,0.7581018586921155,0.6822199482072087,0.5762672001879702,0.7177461698830431,0.7437180494246491,0.6348770862082985,0.5882611483590475,0.6444954876538103],[0.9840230142299777,0.972404514179402,0.9911978044773623,0.9944457119099124,0.9790103633427892,0.9684846394079484,0.9656403739764116,0.9541345434398109,0.9667177009200134,0.9946564642187361,0.9975272251340174,0.9966032122992085,0.9399169789615563,0.9902858543628585,0.9973460874166086,0.965852645851078,0.988664748289399,0.9524882683102314,0.8371533575557797,0.829711511982675,0.5286159474985059,1.0,0.9203899391250092,0.203559899821613,-0.23238097764739368,0.8746443798578377,0.942380660263354,0.9664583671658719,0.9029009857142473,0.9207560009775175,0.9753291739556942,0.911169550476584,0.8652901843826456,0.956228105030977,0.9647127806884108,0.9294116857268593],[0.9424413185338154,0.926391404130075,0.9223589336801724,0.9439246385168185,0.9011005101526431,0.9193024206156994,0.9173891707187999,0.911422573614951,0.9303742312274178,0.9441834084080103,0.9331418234004748,0.9421538526814403,0.9036987887360028,0.9141877758400363,0.9332626192599398,0.9146280193123513,0.9283581039632754,0.9143000939221636,0.8149752330242996,0.8680835859527616,0.6582134477647128,0.9203899391250092,1.0,0.2580433553804847,-0.17056600308662703,0.748893445491414,0.8726572834062363,0.9129570458887523,0.9003505029706715,0.8704705907375652,0.9435180987731416,0.8796651562573945,0.8433860453726655,0.938875895462458,0.9007010991964188,0.8769636254840908],[0.31061832811310547,0.30938356527997635,0.13624494655068067,0.27272118341477825,0.09834440959289219,0.1972711760920269,0.06346597324200341,0.17429771143771233,0.03659387314397944,0.2772564307436859,-0.19856212596448797,0.007122922618269774,-0.425776925226466,-0.7242380595273528,-0.19529531332063696,0.047427865396585396,-0.13992280781315522,0.13789128580845358,0.22751595240552294,0.6063784426576305,0.7220414516471205,0.203559899821613,0.2580433553804847,1.0,-0.37939069133331943,0.23690827389732375,0.1582292329658472,0.14262983907119334,0.43474979598935964,0.4214398810226836,0.2525601574856309,0.44627095876654,0.3831820143248732,0.2938257621014341,0.20834322486388232,0.3261315137708771],[-0.26167182444601206,-0.2001520834626834,-0.17326113802445295,-0.24552509822534,-0.1540237042814235,-0.19545463870509602,-0.13338892270679517,-0.28755859424637265,-0.20874004005913283,-0.24498449657243368,0.4977747463229061,-0.11318119563582206,0.4750855669048198,0.5076016181598234,0.49590969729277806,-0.15656181282120768,0.5131055152724376,-0.2547844748847084,-0.14483782180806898,-0.5044260204067211,-0.11573908416334794,-0.23238097764739368,-0.17056600308662703,-0.37939069133331943,1.0,-0.1456811788255303,-0.1870380375770761,-0.1635237346515531,-0.3711834499979612,-0.35611898954685495,-0.27878266897367626,-0.32865183313944435,-0.2033265605183751,-0.3185191595531898,-0.16028714700398433,-0.28794356250543696],[0.9063738912013444,0.8876442911846391,0.867452235804516,0.8942706632530246,0.8223896453996148,0.9354431029369692,0.8937797818698562,0.916471821624603,0.896134348670868,0.8944400773322763,0.8845319988130326,0.9010268302666135,0.8405967533540234,0.825354941332793,0.8850840949034049,0.9410669705186433,0.915720430087823,0.9205091155337265,0.8673023941412712,0.7348622524957782,0.5234765260478561,0.8746443798578377,0.748893445491414,0.23690827389732375,-0.1456811788255303,1.0,0.7560441336440504,0.8981263225099146,0.8344338385230079,0.878108341155538,0.8475541894119991,0.8835858468104725,0.8735144468266772,0.875234874919792,0.8805670480496404,0.9102096508525168],[0.9071063667354573,0.9070949707017039,0.9559927172575304,0.9278228520682077,0.9678557704717212,0.8816066074084012,0.9066931471035208,0.8292697911053027,0.8594551548926523,0.9265760041959358,0.9083454948427614,0.9165163117542743,0.8237002167327583,0.929169829407972,0.907915878659637,0.8707312464980174,0.8899646387768183,0.8258957566284576,0.698042403941965,0.7519536910062034,0.48102745487753074,0.942380660263354,0.8726572834062363,0.1582292329658472,-0.1870380375770761,0.7560441336440504,1.0,0.8716487821989157,0.8015216295535093,0.8104556945814004,0.900732756854743,0.79897036413783,0.751722374591758,0.8626779664209977,0.8915391718911168,0.8438974155041581],[0.9664209733484438,0.9656279687708413,0.9573240916443331,0.9672820529555878,0.9299066985970103,0.9700710585939643,0.9631477365501985,0.9500411990478598,0.9705850786775077,0.9661077816457813,0.9648547264534804,0.9617653386659164,0.9333881149087883,0.9498595759247538,0.9646911821981785,0.9676370890193449,0.9703362277936537,0.949720284778012,0.8593608472025724,0.8180136872148461,0.5751014298894168,0.9664583671658719,0.9129570458887523,0.14262983907119334,-0.1635237346515531,0.8981263225099146,0.8716487821989157,1.0,0.9088129345118089,0.9013616441993522,0.953845340538911,0.8983943055061148,0.8821625785810647,0.9547991107661865,0.9770337754297974,0.9104875914583254],[0.9616257564031776,0.9445094660682035,0.8700933219142962,0.9414570304375526,0.8207499584622804,0.9494724656529477,0.8854200923016873,0.9773070469985714,0.9336207481595155,0.9409447197589229,0.9257600894265332,0.932113501656586,0.8833934074984231,0.8789566993107273,0.9269329982986887,0.9527669955402787,0.9501279523867963,0.9779335188050302,0.8995124581633084,0.9617315730055309,0.7581018586921155,0.9029009857142473,0.9003505029706715,0.43474979598935964,-0.3711834499979612,0.8344338385230079,0.8015216295535093,0.9088129345118089,1.0,0.9867546985132689,0.9474311964667093,0.9911263905965956,0.9559652169138729,0.9590430382053442,0.9073485514921842,0.962417158769203],[0.9584041654413681,0.9471918275076204,0.8765761875594028,0.9456986215106231,0.8357367214617675,0.934647097838928,0.8697581289902921,0.9606898818517917,0.9120733221223448,0.9447445430486334,0.926860576260185,0.9341931451362263,0.875339408802038,0.8823362158547602,0.9278641482768292,0.9324376513158319,0.9411369538667527,0.9602189086648834,0.868987068945667,0.940648423824513,0.6822199482072087,0.9207560009775175,0.8704705907375652,0.4214398810226836,-0.35611898954685495,0.878108341155538,0.8104556945814004,0.9013616441993522,0.9867546985132689,1.0,0.9460673207062936,0.9855218056095225,0.9566593013278543,0.9453534462965862,0.9232728175029274,0.9634819752350808],[0.9829105408615015,0.9757062676839497,0.9617352517341131,0.9841744093738672,0.9389681352515316,0.9655450279197062,0.9504873857699985,0.9667966223207581,0.967888114615482,0.9835289917854396,0.9780492297365146,0.981007495242412,0.9199557857296659,0.9599361174445398,0.9779645411461326,0.9625200348017218,0.9767734372084004,0.9650665672185961,0.8526546111363854,0.8878727260137512,0.5762672001879702,0.9753291739556942,0.9435180987731416,0.2525601574856309,-0.27878266897367626,0.8475541894119991,0.900732756854743,0.953845340538911,0.9474311964667093,0.9460673207062936,1.0,0.9427922312124767,0.8973373635347122,0.976091883589325,0.970330243350435,0.9511712543478534],[0.9599042500305682,0.9468501641175743,0.8722177352861129,0.9406131355563272,0.8247023678543548,0.9489295514378483,0.8855521827338699,0.9674028995776811,0.9245669513578849,0.9398927555507659,0.9165704519910199,0.9288683717567043,0.8712642611626908,0.8827281878357932,0.9178230843709677,0.9504035910322991,0.9410674237372654,0.9663391645995386,0.8805955469455027,0.949960947667888,0.7177461698830431,0.911169550476584,0.8796651562573945,0.44627095876654,-0.32865183313944435,0.8835858468104725,0.79897036413783,0.8983943055061148,0.9911263905965956,0.9855218056095225,0.9427922312124767,1.0,0.974449645859565,0.9492073208846928,0.9313616943631536,0.9615461956239978],[0.9229021298929785,0.9223625506900696,0.8330329389132557,0.8992780688540936,0.777639135809626,0.9367099445765263,0.8759766116172256,0.9353893653531331,0.897051168294053,0.8978349682353459,0.8633948988713375,0.8873300268781626,0.8099452278118642,0.7837242002414169,0.8649843337876241,0.9349469020533895,0.9022417438698005,0.9350396437818803,0.8655577355467514,0.9061690252448709,0.7437180494246491,0.8652901843826456,0.8433860453726655,0.3831820143248732,-0.2033265605183751,0.8735144468266772,0.751722374591758,0.8821625785810647,0.9559652169138729,0.9566593013278543,0.8973373635347122,0.974449645859565,1.0,0.9073803945190192,0.9120516269161832,0.944658529103147],[0.9797643381378498,0.9712934060002275,0.9344079750552128,0.9719796610488947,0.8993460126295901,0.9645607913574749,0.9333264681356342,0.9677653302559358,0.958374316932538,0.971166116177425,0.9609880459503906,0.9670372224419287,0.9279027644828358,0.9395249998892429,0.9614438401068796,0.9666918382718638,0.971560969007626,0.9669560435944783,0.862931464112272,0.9021177586234548,0.6348770862082985,0.956228105030977,0.938875895462458,0.2938257621014341,-0.3185191595531898,0.875234874919792,0.8626779664209977,0.9547991107661865,0.9590430382053442,0.9453534462965862,0.976091883589325,0.9492073208846928,0.9073803945190192,1.0,0.9601148119020733,0.9499385259248564],[0.97988439536973,0.9727607761301381,0.9662425380455127,0.9781656100786285,0.938794762833598,0.9828523938822158,0.9746842569844083,0.9598576075125936,0.9768153451791164,0.9774570097165698,0.9839496976731418,0.9775017641150191,0.9336444812229399,0.9741453702901095,0.9839450538152684,0.9819370987539678,0.9895584376024188,0.9579609265932925,0.8691611705038166,0.8457426862135823,0.5882611483590475,0.9647127806884108,0.9007010991964188,0.20834322486388232,-0.16028714700398433,0.8805670480496404,0.8915391718911168,0.9770337754297974,0.9073485514921842,0.9232728175029274,0.970330243350435,0.9313616943631536,0.9120516269161832,0.9601148119020733,1.0,0.9348047138498788],[0.9621609538910714,0.9574640833931607,0.9121566936585888,0.9504022103277142,0.8729444294960567,0.9645822680680771,0.924021800616311,0.971032122057014,0.9401173743140142,0.9493750369043086,0.9474034774894791,0.9516684387624814,0.8993903504040767,0.9373673052041466,0.9478630295350391,0.9679383948404939,0.9679048373908797,0.9718123151230751,0.8974032151332317,0.8859728652116291,0.6444954876538103,0.9294116857268593,0.8769636254840908,0.3261315137708771,-0.28794356250543696,0.9102096508525168,0.8438974155041581,0.9104875914583254,0.962417158769203,0.9634819752350808,0.9511712543478534,0.9615461956239978,0.944658529103147,0.9499385259248564,0.9348047138498788,1.0]],"x":["^TAIEX       \u81fa\u7063\u52a0\u6b0a\u5831\u916c\u6307\u6578","^TWII        \u81fa\u7063\u52a0\u6b0a\u6307\u6578","^TAIEXx2     \u81fa\u7063\u52a0\u6b0a\u5831\u916c\u6307\u6578_\u65e5\u6b632","^TAI50I      \u81fa\u706350\u5831\u916c\u6307\u6578","^TAI50Ix2    \u81fa\u706350\u5831\u916c\u6307\u6578_\u65e5\u6b632","^TAI100I     \u81fa\u7063\u4e2d\u578b100\u5831\u916c\u6307\u6578","^TAI100Ix2   \u81fa\u7063\u4e2d\u578b100\u5831\u916c\u6307\u6578_\u65e5\u6b632","^TAIDIVIDI   \u81fa\u7063\u9ad8\u80a1\u606f\u5831\u916c\u6307\u6578","^TAIDIVIDIx2 \u81fa\u7063\u9ad8\u80a1\u606f\u5831\u916c\u6307\u6578_\u65e5\u6b632","0050Fund     \u5143\u5927\u53f0\u7063\u5353\u8d8a50\u57fa\u91d1","006208Fund   \u5bcc\u90a6\u53f0\u7063\u91c6\u540950\u57fa\u91d1","0050         \u5143\u5927\u81fa\u706350","00631L       \u5143\u5927\u53f0\u706350\u6b632","00675L       \u5bcc\u90a6\u81fa\u7063\u52a0\u6b0a\u6b632","006208       \u5bcc\u90a6\u53f050","0051         \u5143\u5927\u4e2d\u578b100","006204       \u6c38\u8c50\u81fa\u7063\u52a0\u6b0a","0056         \u5143\u5927\u9ad8\u80a1\u606f","0056         \u5143\u5927\u9ad8\u80a1\u606f_\u80a1\u606f\u4e0d\u6295\u5165","2412         \u4e2d\u83ef\u96fb\u4fe1","2002         \u4e2d\u92fc","2330         \u53f0\u7a4d\u96fb","2317         \u9d3b\u6d77","6505         \u53f0\u5851\u77f3\u5316","3481         \u7fa4\u5275","2303         \u806f\u96fb","2308         \u53f0\u9054\u96fb","2454         \u806f\u767c\u79d1","2886         \u5146\u8c50\u91d1","2884         \u7389\u5c71\u91d1","2891         \u4e2d\u4fe1\u91d1","2892         \u7b2c\u4e00\u91d1","5880         \u5408\u5eab\u91d1","2881         \u5bcc\u90a6\u91d1","2885         \u5143\u5927\u91d1","2887         \u53f0\u65b0\u91d1"],"y":["^TAIEX       \u81fa\u7063\u52a0\u6b0a\u5831\u916c\u6307\u6578","^TWII        \u81fa\u7063\u52a0\u6b0a\u6307\u6578","^TAIEXx2     \u81fa\u7063\u52a0\u6b0a\u5831\u916c\u6307\u6578_\u65e5\u6b632","^TAI50I      \u81fa\u706350\u5831\u916c\u6307\u6578","^TAI50Ix2    \u81fa\u706350\u5831\u916c\u6307\u6578_\u65e5\u6b632","^TAI100I     \u81fa\u7063\u4e2d\u578b100\u5831\u916c\u6307\u6578","^TAI100Ix2   \u81fa\u7063\u4e2d\u578b100\u5831\u916c\u6307\u6578_\u65e5\u6b632","^TAIDIVIDI   \u81fa\u7063\u9ad8\u80a1\u606f\u5831\u916c\u6307\u6578","^TAIDIVIDIx2 \u81fa\u7063\u9ad8\u80a1\u606f\u5831\u916c\u6307\u6578_\u65e5\u6b632","0050Fund     \u5143\u5927\u53f0\u7063\u5353\u8d8a50\u57fa\u91d1","006208Fund   \u5bcc\u90a6\u53f0\u7063\u91c6\u540950\u57fa\u91d1","0050         \u5143\u5927\u81fa\u706350","00631L       \u5143\u5927\u53f0\u706350\u6b632","00675L       \u5bcc\u90a6\u81fa\u7063\u52a0\u6b0a\u6b632","006208       \u5bcc\u90a6\u53f050","0051         \u5143\u5927\u4e2d\u578b100","006204       \u6c38\u8c50\u81fa\u7063\u52a0\u6b0a","0056         \u5143\u5927\u9ad8\u80a1\u606f","0056         \u5143\u5927\u9ad8\u80a1\u606f_\u80a1\u606f\u4e0d\u6295\u5165","2412         \u4e2d\u83ef\u96fb\u4fe1","2002         \u4e2d\u92fc","2330         \u53f0\u7a4d\u96fb","2317         \u9d3b\u6d77","6505         \u53f0\u5851\u77f3\u5316","3481         \u7fa4\u5275","2303         \u806f\u96fb","2308         \u53f0\u9054\u96fb","2454         \u806f\u767c\u79d1","2886         \u5146\u8c50\u91d1","2884         \u7389\u5c71\u91d1","2891         \u4e2d\u4fe1\u91d1","2892         \u7b2c\u4e00\u91d1","5880         \u5408\u5eab\u91d1","2881         \u5bcc\u90a6\u91d1","2885         \u5143\u5927\u91d1","2887         \u53f0\u65b0\u91d1"],"zmin":-1,"zmax":1,"colorbar":{"x":-0.2}}],"layout":{"autotypenumbers":"strict","colorway":["#636efa","#EF553B","#00cc96","#ab63fa","#FFA15A","#19d3f3","#FF6692","#B6E880","#FF97FF","#FECB52"],"font":{"color":"#f2f5fa","family":"Courier New"},"hovermode":"closest","hoverlabel":{"align":"left"},"paper_bgcolor":"rgb(17,17,17)","plot_bgcolor":"rgb(17,17,17)","polar":{"bgcolor":"rgb(17,17,17)","angularaxis":{"gridcolor":"#506784","linecolor":"#506784","ticks":""},"radialaxis":{"gridcolor":"#506784","linecolor":"#506784","ticks":""}},"ternary":{"bgcolor":"rgb(17,17,17)","aaxis":{"gridcolor":"#506784","linecolor":"#506784","ticks":""},"baxis":{"gridcolor":"#506784","linecolor":"#506784","ticks":""},"caxis":{"gridcolor":"#506784","linecolor":"#506784","ticks":""}},"coloraxis":{"colorbar":{"outlinewidth":0,"ticks":""}},"colorscale":{"sequential":[[0.0,"#0d0887"],[0.1111111111111111,"#46039f"],[0.2222222222222222,"#7201a8"],[0.3333333333333333,"#9c179e"],[0.4444444444444444,"#bd3786"],[0.5555555555555556,"#d8576b"],[0.6666666666666666,"#ed7953"],[0.7777777777777778,"#fb9f3a"],[0.8888888888888888,"#fdca26"],[1.0,"#f0f921"]],"sequentialminus":[[0.0,"#0d0887"],[0.1111111111111111,"#46039f"],[0.2222222222222222,"#7201a8"],[0.3333333333333333,"#9c179e"],[0.4444444444444444,"#bd3786"],[0.5555555555555556,"#d8576b"],[0.6666666666666666,"#ed7953"],[0.7777777777777778,"#fb9f3a"],[0.8888888888888888,"#fdca26"],[1.0,"#f0f921"]],"diverging":[[0,"#8e0152"],[0.1,"#c51b7d"],[0.2,"#de77ae"],[0.3,"#f1b6da"],[0.4,"#fde0ef"],[0.5,"#f7f7f7"],[0.6,"#e6f5d0"],[0.7,"#b8e186"],[0.8,"#7fbc41"],[0.9,"#4d9221"],[1,"#276419"]]},"xaxis":{"gridcolor":"rgba(0, 0, 0, 0)","linecolor":"#506784","ticks":"","title":{"standoff":15},"zerolinecolor":"#283442","automargin":true,"zerolinewidth":2,"tickfont":{"family":"Courier New","size":14},"side":"top","tickangle":-90},"yaxis":{"gridcolor":"rgba(0, 0, 0, 0)","linecolor":"#506784","ticks":"","title":{"standoff":15},"zerolinecolor":"#283442","automargin":true,"zerolinewidth":2,"tickfont":{"family":"Courier New"},"side":"right"},"scene":{"xaxis":{"backgroundcolor":"rgb(17,17,17)","gridcolor":"#506784","linecolor":"#506784","showbackground":true,"ticks":"","zerolinecolor":"#C8D4E3","gridwidth":2},"yaxis":{"backgroundcolor":"rgb(17,17,17)","gridcolor":"#506784","linecolor":"#506784","showbackground":true,"ticks":"","zerolinecolor":"#C8D4E3","gridwidth":2},"zaxis":{"backgroundcolor":"rgb(17,17,17)","gridcolor":"#506784","linecolor":"#506784","showbackground":true,"ticks":"","zerolinecolor":"#C8D4E3","gridwidth":2}},"shapedefaults":{"line":{"color":"#f2f5fa"}},"annotationdefaults":{"arrowcolor":"#f2f5fa","arrowhead":0,"arrowwidth":1},"geo":{"bgcolor":"rgb(17,17,17)","landcolor":"rgb(17,17,17)","subunitcolor":"#506784","showland":true,"showlakes":true,"lakecolor":"rgb(17,17,17)"},"title":{"x":0.05,"font":{"family":"Times New Roman"},"y":0.05,"text":"<b>Correlation of Adj Close<b><br><i>2016-09-23 ~ 2026-04-10<i>"},"updatemenudefaults":{"bgcolor":"#506784","borderwidth":0},"sliderdefaults":{"bgcolor":"#C8D4E3","borderwidth":1,"bordercolor":"rgb(17,17,17)","tickwidth":0},"mapbox":{"style":"dark"},"annotations":[{"text":"<b>@zwindr<b>","textangle":0,"opacity":0.5,"font":{"color":"white","size":12},"xref":"paper","yref":"paper","xanchor":"left","yanchor":"bottom","x":1.0,"y":1.0,"showarrow":false}]},"config":{"responsive":true,"toImageButtonOptions":{"filename":"Correlation of Adj Close_2016-09-23~2026-04-10","scale":5}}};Plotly.newPlot("correlationAdjClose",correlationAdjClose.data,correlationAdjClose.layout||{},correlationAdjClose.config);}else{console.log("style display is none => correlationAdjClose");}