var element=document.getElementById("correlationAdjClose");if(element.style.display!='none'){var correlationAdjClose={"data":[{"type":"heatmap","z":[[1.0,0.995211341548717,0.9745750196465982,0.9969485499519146,0.9537061207982602,0.9844247102903142,0.9550967860407193,0.9883759892864484,0.9757043698248683,0.9971030289354249,0.99656884813805,0.9970405826160144,0.9929471199277904,0.9940313534327194,0.9966367737041909,0.9858038268577954,0.9997278313504676,0.9881329339200734,0.8969599298986706,0.9174867342722692,0.6792805495191939,0.9845939664890141,0.9362629347117879,0.3520272919128332,-0.29650681115079786,0.8990379938286932,0.9256306450373645,0.9613763295007012,0.975715605197676,0.9646762508757905,0.9796489151959884,0.9697882442810807,0.9389960694095105,0.983335284155366,0.9759744812125372,0.9569716113319696],[0.995211341548717,1.0,0.9711503312233208,0.9919272485301707,0.9500261556754915,0.9806938377138704,0.9513254233823693,0.9808364858986519,0.9700776395672496,0.9931839200811575,0.9949687390968885,0.9945210729108002,0.9921431757417012,0.9922071726538045,0.9950103519798731,0.9810371645212763,0.9974192913852329,0.9828908499060637,0.9169077852547034,0.9077593561235276,0.7010417879234825,0.9697414173639693,0.9201424206052259,0.35148546353386806,-0.22929148461626297,0.8781070041355589,0.920444330589878,0.9607786867145991,0.9570575887097794,0.952942116897206,0.971214113367868,0.9565094010950218,0.938190899125855,0.9742372237856111,0.9676815616790408,0.9520995809124708],[0.9745750196465982,0.9711503312233208,1.0,0.984553305971601,0.9942660579899254,0.9711535449453451,0.9782628012001336,0.9565478399949537,0.9763305328341636,0.9842713159827631,0.9909089518045199,0.9876326662354906,0.9970832612660926,0.9968724867354604,0.9906581216015373,0.9685696752359912,0.9848734952589758,0.9559912863307272,0.8537618265937249,0.8189519760532902,0.5447136641307367,0.9923969132465644,0.935616141345481,0.1798197154106506,-0.2204190658851702,0.8786267958507026,0.9445471992251768,0.9689592650372559,0.9137157287330846,0.9054517057324809,0.967510346558083,0.9078208828752082,0.8815531438825863,0.9632010995170163,0.9715740767148294,0.9155407202352915],[0.9969485499519146,0.9919272485301707,0.984553305971601,1.0,0.9710204488639652,0.9758422051637684,0.9527738708423917,0.9790564612361596,0.971765970974781,0.9999715380161636,0.9999922876824784,0.9999642266370798,0.9937999537104688,0.9926073440097495,0.9999528662431413,0.974483050286464,0.9957710926814966,0.9784594998308465,0.8786804104364005,0.8982422541653956,0.6392361288961067,0.9940713491379041,0.9411814527253978,0.3179896057468365,-0.28481758163984405,0.889464389063669,0.9386423908052411,0.964183736007005,0.9618433325432888,0.9573425476002208,0.9818271309489234,0.9558706492860347,0.9218510146762506,0.9799610917496648,0.9741075736643531,0.94549595829409],[0.9537061207982602,0.9500261556754915,0.9942660579899254,0.9710204488639652,1.0,0.9419871046022072,0.95660177352922,0.9279103589463478,0.9534355561532861,0.9711155591852928,0.980504047968811,0.9765387095851388,0.9832560480210727,0.9806331564519905,0.9800678188845282,0.9379266886461477,0.9648318651002185,0.9269821703849558,0.8164661981325542,0.7845617464737604,0.49145982300238905,0.9861593949336237,0.9285864661303493,0.14339815389409577,-0.2082551192641147,0.8415284880771007,0.9522787847027581,0.9516250065967052,0.8792427833867551,0.8782629664279868,0.9535211963954078,0.8735389859834304,0.840153318650466,0.9424338496788787,0.9508278056065118,0.8813991897803196],[0.9844247102903142,0.9806938377138704,0.9711535449453451,0.9758422051637684,0.9419871046022072,1.0,0.9830903822167192,0.9829176850537062,0.9833870007493304,0.9753251742535971,0.9698399545682468,0.973365266606747,0.9724652259914577,0.9699838857857067,0.9698134518201166,0.9999037776662641,0.9872253821409707,0.9837856226344769,0.9011842960063648,0.8723898076814424,0.6487083725494064,0.9671995767876138,0.9083390572106863,0.23085370205507547,-0.22053322321019736,0.9321060335608952,0.8979449320922918,0.9656751006913168,0.959598739877278,0.9361237747523707,0.9592733382293255,0.9552112084381232,0.9514457088943633,0.9645446820360795,0.9801335303131918,0.9593149200464562],[0.9550967860407193,0.9513254233823693,0.9782628012001336,0.9527738708423917,0.95660177352922,0.9830903822167192,1.0,0.954832690790225,0.9848697665612348,0.9515021904406572,0.9611277217319754,0.9578527121113656,0.9776993739276202,0.9780973218323816,0.9608997761117801,0.9843020788916444,0.972707326414776,0.9571758010093941,0.8646551895716177,0.7921996878477849,0.5377381741637368,0.9563844263505019,0.9112961400646018,0.0914268253005986,-0.1603625399201593,0.8934056636323842,0.899060248366305,0.9614033254644082,0.9037338947399653,0.8742499304865716,0.9415010863316248,0.8978218691158197,0.9020290459606879,0.939279029287618,0.9705734034799409,0.9156631883919806],[0.9883759892864484,0.9808364858986519,0.9565478399949537,0.9790564612361596,0.9279103589463478,0.9829176850537062,0.954832690790225,1.0,0.9841073438301876,0.9790559583674903,0.9741094839882971,0.9779084694165984,0.9672364848654652,0.9661224397818032,0.9742819478418449,0.9847130358010638,0.9859830130884019,0.999886129726052,0.9280284709564839,0.930260736287439,0.6180239021190119,0.965701569951928,0.9018845066194945,0.2073584875093846,-0.3096010678896076,0.9081871333634816,0.8727294691495763,0.9465711919404458,0.9794764332770818,0.9583492011743905,0.9681911894938553,0.9668237682861323,0.9380498271192849,0.964459001626971,0.9615452607004566,0.9688351794209306],[0.9757043698248683,0.9700776395672496,0.9763305328341636,0.971765970974781,0.9534355561532861,0.9833870007493304,0.9848697665612348,0.9841073438301876,1.0,0.9710734798947029,0.9670658156900555,0.9698558769338188,0.9707098664983583,0.9672718219234162,0.9669758083867577,0.9824782442197771,0.9752995913743624,0.9834787994229217,0.9024496194838514,0.8641924814343785,0.5354529375230344,0.9686859897150732,0.9203780174033713,0.06732342708877706,-0.23285896447161272,0.8862289013331703,0.8816481139244265,0.9662606844558029,0.9385533537615537,0.9084587551880595,0.9633054157119477,0.9249016279685692,0.9045332954130118,0.9554700065982966,0.9744947695881807,0.9308832602289903],[0.9971030289354249,0.9931839200811575,0.9842713159827631,0.9999715380161636,0.9711155591852928,0.9753251742535971,0.9515021904406572,0.9790559583674903,0.9710734798947029,1.0,0.9999909205002483,0.9999832092477258,0.9937019371775194,0.9924897125503925,0.9999573582226986,0.9739748910394737,0.9956600934594345,0.9785520974501245,0.8804512761736775,0.8995072239389669,0.6358628436580566,0.9942615121003112,0.9411332966876215,0.3229783136192004,-0.2842975884642333,0.8900391583858372,0.936965343254924,0.9628135908217967,0.9615958002411682,0.9565550050965534,0.9809636624405205,0.9552919215835353,0.92054201389753,0.979246861016983,0.9731094058482821,0.9441011126699435],[0.99656884813805,0.9949687390968885,0.9909089518045199,0.9999922876824784,0.980504047968811,0.9698399545682468,0.9611277217319754,0.9741094839882971,0.9670658156900555,0.9999909205002483,1.0,0.9999746275777152,0.9938241855391714,0.9926067747625944,0.9999598533465731,0.9694621791267684,0.9954494980051948,0.974649742110808,0.9007304475329124,0.9276221306471,0.5062130997392779,0.997351782342198,0.9281056337350676,-0.15975627183978486,0.38136757575006386,0.886074231911781,0.9097856893680408,0.9642553823391671,0.9519721029979926,0.9400174330569968,0.9734931502042433,0.9351173433315597,0.8969168402062287,0.9708474877311648,0.9817458846520691,0.9399475888782614],[0.9970405826160144,0.9945210729108002,0.9876326662354906,0.9999642266370798,0.9765387095851388,0.973365266606747,0.9578527121113656,0.9779084694165984,0.9698558769338188,0.9999832092477258,0.9999746275777152,1.0,0.9936960238716204,0.9924595518487913,0.9999683227721035,0.9730932113802397,0.9955714651767585,0.9779577288707374,0.8878366688129112,0.9163884217882245,0.5745023615215769,0.9963680252138726,0.9384375953752659,0.05344098813141019,-0.18968540814979215,0.9016343581633322,0.92364744028554,0.9584443932572867,0.9553244103904343,0.9474741080217373,0.9778642007513073,0.945960612490203,0.9151739647997008,0.9759570912850795,0.9729436907607175,0.947545695507159],[0.9929471199277904,0.9921431757417012,0.9970832612660926,0.9937999537104688,0.9832560480210727,0.9724652259914577,0.9776993739276202,0.9672364848654652,0.9707098664983583,0.9937019371775194,0.9938241855391714,0.9936960238716204,1.0,0.9997835100893036,0.9937968613916643,0.9719827785317863,0.9930532474080049,0.9677329538161755,0.8888817136125192,0.9154561108938667,0.4263646744057762,0.9901789930191426,0.9253862071272888,-0.4212447409927371,0.3952033903931867,0.8661299208385663,0.9113856347675611,0.9658528610804037,0.9335757362935653,0.9093857378163063,0.9594620827737281,0.9120125254945842,0.8634734943638843,0.9679244322600514,0.9783345146474693,0.9321378086079749],[0.9940313534327194,0.9922071726538045,0.9968724867354604,0.9926073440097495,0.9806331564519905,0.9699838857857067,0.9780973218323816,0.9661224397818032,0.9672718219234162,0.9924897125503925,0.9926067747625944,0.9924595518487913,0.9997835100893036,1.0,0.992695533626122,0.969373847835425,0.9939475899793275,0.9667646501822207,0.8729300660025741,0.9255340511455997,0.2818838205342646,0.9867772330832268,0.9197501626012524,-0.7541527584924217,0.36463593466148647,0.8333454471011841,0.9095773247210281,0.9615594138184432,0.9270898317661743,0.8993344412119679,0.953775128237613,0.9133398435042822,0.84148904652326,0.9684139348724489,0.9766712074638784,0.9273293975310692],[0.9966367737041909,0.9950103519798731,0.9906581216015373,0.9999528662431413,0.9800678188845282,0.9698134518201166,0.9608997761117801,0.9742819478418449,0.9669758083867577,0.9999573582226986,0.9999598533465731,0.9999683227721035,0.9937968613916643,0.992695533626122,1.0,0.9694765781051781,0.9955114510086513,0.9747370799809021,0.9010001540784708,0.9281147950186208,0.5062947402722713,0.9971770971927029,0.9282668599136856,-0.15774360335751614,0.38337788386385163,0.88623001725754,0.9089955676172284,0.9637755093412037,0.9520987392958341,0.9403907342870361,0.9734903263911814,0.9356159703524232,0.8972832334627755,0.9707849220156425,0.9817279995113911,0.9405193660847474],[0.9858038268577954,0.9810371645212763,0.9685696752359912,0.974483050286464,0.9379266886461477,0.9999037776662641,0.9843020788916444,0.9847130358010638,0.9824782442197771,0.9739748910394737,0.9694621791267684,0.9730932113802397,0.9719827785317863,0.969373847835425,0.9694765781051781,1.0,0.9871923474104828,0.9840250352941795,0.9041649509598192,0.8962630331015579,0.6352080893469538,0.9645876830912595,0.9028302094512516,0.08375296439352799,-0.19847336124364418,0.9390697796245193,0.886083778997877,0.9629012163792013,0.9630041451504955,0.9336338408898828,0.9558734486767494,0.9564977431555491,0.9504064338350007,0.9664903508244138,0.9793195590611001,0.9633713185650408],[0.9997278313504676,0.9974192913852329,0.9848734952589758,0.9957710926814966,0.9648318651002185,0.9872253821409707,0.972707326414776,0.9859830130884019,0.9752995913743624,0.9956600934594345,0.9954494980051948,0.9955714651767585,0.9930532474080049,0.9939475899793275,0.9955114510086513,0.9871923474104828,1.0,0.9864647787366253,0.9210540617254529,0.9383929921256998,0.566538179024282,0.988340274097231,0.9194661639697898,-0.09919575332965345,0.4114923758451958,0.9161581723866677,0.8980135146076627,0.9674049782356579,0.969738874546374,0.9494583555832898,0.9714535372479148,0.9547073988813571,0.9287330001631671,0.97707700641058,0.9873746975730592,0.9633943500139022],[0.9881329339200734,0.9828908499060637,0.9559912863307272,0.9784594998308465,0.9269821703849558,0.9837856226344769,0.9571758010093941,0.999886129726052,0.9834787994229217,0.9785520974501245,0.974649742110808,0.9779577288707374,0.9677329538161755,0.9667646501822207,0.9747370799809021,0.9840250352941795,0.9864647787366253,1.0,0.9309240209279083,0.9364378955586964,0.6150271917379674,0.9640729949701311,0.9054787032706838,0.17066153677900595,-0.29051265075544946,0.9129543634861399,0.8679784204245076,0.9465174653765819,0.9799671199737525,0.9578259679838056,0.9665328274686602,0.9655834389838729,0.9377427786403388,0.9636441712282457,0.9596066123014347,0.9699288743488541],[0.8969599298986706,0.9169077852547034,0.8537618265937249,0.8786804104364005,0.8164661981325542,0.9011842960063648,0.8646551895716177,0.9280284709564839,0.9024496194838514,0.8804512761736775,0.9007304475329124,0.8878366688129112,0.8888817136125192,0.8729300660025741,0.9010001540784708,0.9041649509598192,0.9210540617254529,0.9309240209279083,1.0,0.8308974110023891,0.6900589361143545,0.849986285536629,0.8055688588146778,0.25350454388653126,-0.16561103524617785,0.8596125977744739,0.7413158763671285,0.8569156556101548,0.8938248039434182,0.8607703347230221,0.853334510022818,0.8732762609268404,0.8597672003237218,0.8551395640527046,0.873687473435471,0.8963628676920575],[0.9174867342722692,0.9077593561235276,0.8189519760532902,0.8982422541653956,0.7845617464737604,0.8723898076814424,0.7921996878477849,0.930260736287439,0.8641924814343785,0.8995072239389669,0.9276221306471,0.9163884217882245,0.9154561108938667,0.9255340511455997,0.9281147950186208,0.8962630331015579,0.9383929921256998,0.9364378955586964,0.8308974110023891,1.0,0.8215317404886406,0.8481505035383713,0.8660828351928788,0.6275877954524374,-0.5231816583642008,0.7209613878464002,0.8185604108228222,0.815866903929849,0.960006847908951,0.9386253807946013,0.896396084444706,0.9477314165774814,0.9021569601619177,0.8998467429248349,0.8511529691768722,0.8876050327526679],[0.6792805495191939,0.7010417879234825,0.5447136641307367,0.6392361288961067,0.49145982300238905,0.6487083725494064,0.5377381741637368,0.6180239021190119,0.5354529375230344,0.6358628436580566,0.5062130997392779,0.5745023615215769,0.4263646744057762,0.2818838205342646,0.5062947402722713,0.6352080893469538,0.566538179024282,0.6150271917379674,0.6900589361143545,0.8215317404886406,1.0,0.5702251553542101,0.6784103718691097,0.7240696338059441,-0.11599648563260183,0.5325464266141299,0.57421576457071,0.6003361034220175,0.766246500598958,0.694885975383515,0.6087593046216172,0.7303808702407323,0.7487381515767897,0.6514923917756701,0.6190384839833849,0.672035773900895],[0.9845939664890141,0.9697414173639693,0.9923969132465644,0.9940713491379041,0.9861593949336237,0.9671995767876138,0.9563844263505019,0.965701569951928,0.9686859897150732,0.9942615121003112,0.997351782342198,0.9963680252138726,0.9901789930191426,0.9867772330832268,0.9971770971927029,0.9645876830912595,0.988340274097231,0.9640729949701311,0.849986285536629,0.8481505035383713,0.5702251553542101,1.0,0.9201105436853344,0.24522675809639413,-0.27528827292704605,0.8710728321229111,0.9443674450967673,0.967075416087046,0.927689867910285,0.9368881581450185,0.9738149106258176,0.9308915142693561,0.8925957915958656,0.9687438738196524,0.9599360322551355,0.924634427813825],[0.9362629347117879,0.9201424206052259,0.935616141345481,0.9411814527253978,0.9285864661303493,0.9083390572106863,0.9112961400646018,0.9018845066194945,0.9203780174033713,0.9411332966876215,0.9281056337350676,0.9384375953752659,0.9253862071272888,0.9197501626012524,0.9282668599136856,0.9028302094512516,0.9194661639697898,0.9054787032706838,0.8055688588146778,0.8660828351928788,0.6784103718691097,0.9201105436853344,1.0,0.28498369357335585,-0.18950542992140967,0.7217491809846089,0.9129375557912791,0.9023205906427455,0.8982628558372854,0.8607065997890592,0.9380315071108555,0.8732432764306126,0.8405908975640853,0.9327122053567637,0.8899912594675935,0.8616009859741633],[0.3520272919128332,0.35148546353386806,0.1798197154106506,0.3179896057468365,0.14339815389409577,0.23085370205507547,0.0914268253005986,0.2073584875093846,0.06732342708877706,0.3229783136192004,-0.15975627183978486,0.05344098813141019,-0.4212447409927371,-0.7541527584924217,-0.15774360335751614,0.08375296439352799,-0.09919575332965345,0.17066153677900595,0.25350454388653126,0.6275877954524374,0.7240696338059441,0.24522675809639413,0.28498369357335585,1.0,-0.37953957840522046,0.2569888286429027,0.2262151024671589,0.1642100169208123,0.45314037063528667,0.4446332932360405,0.2877501954541094,0.46774880193314494,0.39683625375047155,0.3172185845094796,0.2401465415352637,0.359558065330395],[-0.29650681115079786,-0.22929148461626297,-0.2204190658851702,-0.28481758163984405,-0.2082551192641147,-0.22053322321019736,-0.1603625399201593,-0.3096010678896076,-0.23285896447161272,-0.2842975884642333,0.38136757575006386,-0.18968540814979215,0.3952033903931867,0.36463593466148647,0.38337788386385163,-0.19847336124364418,0.4114923758451958,-0.29051265075544946,-0.16561103524617785,-0.5231816583642008,-0.11599648563260183,-0.27528827292704605,-0.18950542992140967,-0.37953957840522046,1.0,-0.1582980333975362,-0.2635434301411608,-0.18423799563905585,-0.38583390271991386,-0.37452575819431233,-0.3140552988355127,-0.34425121268197884,-0.2111272507691062,-0.3407872484474727,-0.1851788563253419,-0.31592510057191014],[0.8990379938286932,0.8781070041355589,0.8786267958507026,0.889464389063669,0.8415284880771007,0.9321060335608952,0.8934056636323842,0.9081871333634816,0.8862289013331703,0.8900391583858372,0.886074231911781,0.9016343581633322,0.8661299208385663,0.8333454471011841,0.88623001725754,0.9390697796245193,0.9161581723866677,0.9129543634861399,0.8596125977744739,0.7209613878464002,0.5325464266141299,0.8710728321229111,0.7217491809846089,0.2569888286429027,-0.1582980333975362,1.0,0.765746091925944,0.8883142646260678,0.8257291986383762,0.8685661783522381,0.832031850160471,0.8760852929989453,0.8711501221021947,0.8629981304579755,0.8702753951734119,0.90158264234312],[0.9256306450373645,0.920444330589878,0.9445471992251768,0.9386423908052411,0.9522787847027581,0.8979449320922918,0.899060248366305,0.8727294691495763,0.8816481139244265,0.936965343254924,0.9097856893680408,0.92364744028554,0.9113856347675611,0.9095773247210281,0.9089955676172284,0.886083778997877,0.8980135146076627,0.8679784204245076,0.7413158763671285,0.8185604108228222,0.57421576457071,0.9443674450967673,0.9129375557912791,0.2262151024671589,-0.2635434301411608,0.765746091925944,1.0,0.8885300925370304,0.8734193120201902,0.8648933674051276,0.9161259481662102,0.8613994043782428,0.8234405628467945,0.9137186340062742,0.8981242520405077,0.8572892465641726],[0.9613763295007012,0.9607786867145991,0.9689592650372559,0.964183736007005,0.9516250065967052,0.9656751006913168,0.9614033254644082,0.9465711919404458,0.9662606844558029,0.9628135908217967,0.9642553823391671,0.9584443932572867,0.9658528610804037,0.9615594138184432,0.9637755093412037,0.9629012163792013,0.9674049782356579,0.9465174653765819,0.8569156556101548,0.815866903929849,0.6003361034220175,0.967075416087046,0.9023205906427455,0.1642100169208123,-0.18423799563905585,0.8883142646260678,0.8885300925370304,1.0,0.9128174538639676,0.897636957010945,0.947006716532399,0.897456166137381,0.8891651344359374,0.9528246354936072,0.9744578664315512,0.8974965797809118],[0.975715605197676,0.9570575887097794,0.9137157287330846,0.9618433325432888,0.8792427833867551,0.959598739877278,0.9037338947399653,0.9794764332770818,0.9385533537615537,0.9615958002411682,0.9519721029979926,0.9553244103904343,0.9335757362935653,0.9270898317661743,0.9520987392958341,0.9630041451504955,0.969738874546374,0.9799671199737525,0.8938248039434182,0.960006847908951,0.766246500598958,0.927689867910285,0.8982628558372854,0.45314037063528667,-0.38583390271991386,0.8257291986383762,0.8734193120201902,0.9128174538639676,1.0,0.9867086403845838,0.9595623006231718,0.9908026764805802,0.9542211634002546,0.9592420177701545,0.9162238766646629,0.9688999307828464],[0.9646762508757905,0.952942116897206,0.9054517057324809,0.9573425476002208,0.8782629664279868,0.9361237747523707,0.8742499304865716,0.9583492011743905,0.9084587551880595,0.9565550050965534,0.9400174330569968,0.9474741080217373,0.9093857378163063,0.8993344412119679,0.9403907342870361,0.9336338408898828,0.9494583555832898,0.9578259679838056,0.8607703347230221,0.9386253807946013,0.694885975383515,0.9368881581450185,0.8607065997890592,0.4446332932360405,-0.37452575819431233,0.8685661783522381,0.8648933674051276,0.897636957010945,0.9867086403845838,1.0,0.950729654211188,0.9847049847297336,0.956498471312932,0.9414944094816038,0.9257808994982998,0.9649160740140822],[0.9796489151959884,0.971214113367868,0.967510346558083,0.9818271309489234,0.9535211963954078,0.9592733382293255,0.9415010863316248,0.9681911894938553,0.9633054157119477,0.9809636624405205,0.9734931502042433,0.9778642007513073,0.9594620827737281,0.953775128237613,0.9734903263911814,0.9558734486767494,0.9714535372479148,0.9665328274686602,0.853334510022818,0.896396084444706,0.6087593046216172,0.9738149106258176,0.9380315071108555,0.2877501954541094,-0.3140552988355127,0.832031850160471,0.9161259481662102,0.947006716532399,0.9595623006231718,0.950729654211188,1.0,0.9506194512189047,0.910179584142047,0.9789622468522398,0.9647269749747706,0.9444667793608742],[0.9697882442810807,0.9565094010950218,0.9078208828752082,0.9558706492860347,0.8735389859834304,0.9552112084381232,0.8978218691158197,0.9668237682861323,0.9249016279685692,0.9552919215835353,0.9351173433315597,0.945960612490203,0.9120125254945842,0.9133398435042822,0.9356159703524232,0.9564977431555491,0.9547073988813571,0.9655834389838729,0.8732762609268404,0.9477314165774814,0.7303808702407323,0.9308915142693561,0.8732432764306126,0.46774880193314494,-0.34425121268197884,0.8760852929989453,0.8613994043782428,0.897456166137381,0.9908026764805802,0.9847049847297336,0.9506194512189047,1.0,0.9743267714429585,0.9468289500505567,0.9389546799962167,0.9653355384025855],[0.9389960694095105,0.938190899125855,0.8815531438825863,0.9218510146762506,0.840153318650466,0.9514457088943633,0.9020290459606879,0.9380498271192849,0.9045332954130118,0.92054201389753,0.8969168402062287,0.9151739647997008,0.8634734943638843,0.84148904652326,0.8972832334627755,0.9504064338350007,0.9287330001631671,0.9377427786403388,0.8597672003237218,0.9021569601619177,0.7487381515767897,0.8925957915958656,0.8405908975640853,0.39683625375047155,-0.2111272507691062,0.8711501221021947,0.8234405628467945,0.8891651344359374,0.9542211634002546,0.956498471312932,0.910179584142047,0.9743267714429585,1.0,0.9069741252743393,0.927574254042714,0.9542417936591607],[0.983335284155366,0.9742372237856111,0.9632010995170163,0.9799610917496648,0.9424338496788787,0.9645446820360795,0.939279029287618,0.964459001626971,0.9554700065982966,0.979246861016983,0.9708474877311648,0.9759570912850795,0.9679244322600514,0.9684139348724489,0.9707849220156425,0.9664903508244138,0.97707700641058,0.9636441712282457,0.8551395640527046,0.8998467429248349,0.6514923917756701,0.9687438738196524,0.9327122053567637,0.3172185845094796,-0.3407872484474727,0.8629981304579755,0.9137186340062742,0.9528246354936072,0.9592420177701545,0.9414944094816038,0.9789622468522398,0.9468289500505567,0.9069741252743393,1.0,0.9614831861210897,0.946151080387323],[0.9759744812125372,0.9676815616790408,0.9715740767148294,0.9741075736643531,0.9508278056065118,0.9801335303131918,0.9705734034799409,0.9615452607004566,0.9744947695881807,0.9731094058482821,0.9817458846520691,0.9729436907607175,0.9783345146474693,0.9766712074638784,0.9817279995113911,0.9793195590611001,0.9873746975730592,0.9596066123014347,0.873687473435471,0.8511529691768722,0.6190384839833849,0.9599360322551355,0.8899912594675935,0.2401465415352637,-0.1851788563253419,0.8702753951734119,0.8981242520405077,0.9744578664315512,0.9162238766646629,0.9257808994982998,0.9647269749747706,0.9389546799962167,0.927574254042714,0.9614831861210897,1.0,0.9254400341255179],[0.9569716113319696,0.9520995809124708,0.9155407202352915,0.94549595829409,0.8813991897803196,0.9593149200464562,0.9156631883919806,0.9688351794209306,0.9308832602289903,0.9441011126699435,0.9399475888782614,0.947545695507159,0.9321378086079749,0.9273293975310692,0.9405193660847474,0.9633713185650408,0.9633943500139022,0.9699288743488541,0.8963628676920575,0.8876050327526679,0.672035773900895,0.924634427813825,0.8616009859741633,0.359558065330395,-0.31592510057191014,0.90158264234312,0.8572892465641726,0.8974965797809118,0.9688999307828464,0.9649160740140822,0.9444667793608742,0.9653355384025855,0.9542417936591607,0.946151080387323,0.9254400341255179,1.0]],"x":["^TAIEX       \u81fa\u7063\u52a0\u6b0a\u5831\u916c\u6307\u6578","^TWII        \u81fa\u7063\u52a0\u6b0a\u6307\u6578","^TAIEXx2     \u81fa\u7063\u52a0\u6b0a\u5831\u916c\u6307\u6578_\u65e5\u6b632","^TAI50I      \u81fa\u706350\u5831\u916c\u6307\u6578","^TAI50Ix2    \u81fa\u706350\u5831\u916c\u6307\u6578_\u65e5\u6b632","^TAI100I     \u81fa\u7063\u4e2d\u578b100\u5831\u916c\u6307\u6578","^TAI100Ix2   \u81fa\u7063\u4e2d\u578b100\u5831\u916c\u6307\u6578_\u65e5\u6b632","^TAIDIVIDI   \u81fa\u7063\u9ad8\u80a1\u606f\u5831\u916c\u6307\u6578","^TAIDIVIDIx2 \u81fa\u7063\u9ad8\u80a1\u606f\u5831\u916c\u6307\u6578_\u65e5\u6b632","0050Fund     \u5143\u5927\u53f0\u7063\u5353\u8d8a50\u57fa\u91d1","006208Fund   \u5bcc\u90a6\u53f0\u7063\u91c6\u540950\u57fa\u91d1","0050         \u5143\u5927\u81fa\u706350","00631L       \u5143\u5927\u53f0\u706350\u6b632","00675L       \u5bcc\u90a6\u81fa\u7063\u52a0\u6b0a\u6b632","006208       \u5bcc\u90a6\u53f050","0051         \u5143\u5927\u4e2d\u578b100","006204       \u6c38\u8c50\u81fa\u7063\u52a0\u6b0a","0056         \u5143\u5927\u9ad8\u80a1\u606f","0056         \u5143\u5927\u9ad8\u80a1\u606f_\u80a1\u606f\u4e0d\u6295\u5165","2412         \u4e2d\u83ef\u96fb\u4fe1","2002         \u4e2d\u92fc","2330         \u53f0\u7a4d\u96fb","2317         \u9d3b\u6d77","6505         \u53f0\u5851\u77f3\u5316","3481         \u7fa4\u5275","2303         \u806f\u96fb","2308         \u53f0\u9054\u96fb","2454         \u806f\u767c\u79d1","2886         \u5146\u8c50\u91d1","2884         \u7389\u5c71\u91d1","2891         \u4e2d\u4fe1\u91d1","2892         \u7b2c\u4e00\u91d1","5880         \u5408\u5eab\u91d1","2881         \u5bcc\u90a6\u91d1","2885         \u5143\u5927\u91d1","2887         \u53f0\u65b0\u91d1"],"y":["^TAIEX       \u81fa\u7063\u52a0\u6b0a\u5831\u916c\u6307\u6578","^TWII        \u81fa\u7063\u52a0\u6b0a\u6307\u6578","^TAIEXx2     \u81fa\u7063\u52a0\u6b0a\u5831\u916c\u6307\u6578_\u65e5\u6b632","^TAI50I      \u81fa\u706350\u5831\u916c\u6307\u6578","^TAI50Ix2    \u81fa\u706350\u5831\u916c\u6307\u6578_\u65e5\u6b632","^TAI100I     \u81fa\u7063\u4e2d\u578b100\u5831\u916c\u6307\u6578","^TAI100Ix2   \u81fa\u7063\u4e2d\u578b100\u5831\u916c\u6307\u6578_\u65e5\u6b632","^TAIDIVIDI   \u81fa\u7063\u9ad8\u80a1\u606f\u5831\u916c\u6307\u6578","^TAIDIVIDIx2 \u81fa\u7063\u9ad8\u80a1\u606f\u5831\u916c\u6307\u6578_\u65e5\u6b632","0050Fund     \u5143\u5927\u53f0\u7063\u5353\u8d8a50\u57fa\u91d1","006208Fund   \u5bcc\u90a6\u53f0\u7063\u91c6\u540950\u57fa\u91d1","0050         \u5143\u5927\u81fa\u706350","00631L       \u5143\u5927\u53f0\u706350\u6b632","00675L       \u5bcc\u90a6\u81fa\u7063\u52a0\u6b0a\u6b632","006208       \u5bcc\u90a6\u53f050","0051         \u5143\u5927\u4e2d\u578b100","006204       \u6c38\u8c50\u81fa\u7063\u52a0\u6b0a","0056         \u5143\u5927\u9ad8\u80a1\u606f","0056         \u5143\u5927\u9ad8\u80a1\u606f_\u80a1\u606f\u4e0d\u6295\u5165","2412         \u4e2d\u83ef\u96fb\u4fe1","2002         \u4e2d\u92fc","2330         \u53f0\u7a4d\u96fb","2317         \u9d3b\u6d77","6505         \u53f0\u5851\u77f3\u5316","3481         \u7fa4\u5275","2303         \u806f\u96fb","2308         \u53f0\u9054\u96fb","2454         \u806f\u767c\u79d1","2886         \u5146\u8c50\u91d1","2884         \u7389\u5c71\u91d1","2891         \u4e2d\u4fe1\u91d1","2892         \u7b2c\u4e00\u91d1","5880         \u5408\u5eab\u91d1","2881         \u5bcc\u90a6\u91d1","2885         \u5143\u5927\u91d1","2887         \u53f0\u65b0\u91d1"],"zmin":-1,"zmax":1,"colorbar":{"x":-0.2}}],"layout":{"autotypenumbers":"strict","colorway":["#636efa","#EF553B","#00cc96","#ab63fa","#FFA15A","#19d3f3","#FF6692","#B6E880","#FF97FF","#FECB52"],"font":{"color":"#f2f5fa","family":"Courier New"},"hovermode":"closest","hoverlabel":{"align":"left"},"paper_bgcolor":"rgb(17,17,17)","plot_bgcolor":"rgb(17,17,17)","polar":{"bgcolor":"rgb(17,17,17)","angularaxis":{"gridcolor":"#506784","linecolor":"#506784","ticks":""},"radialaxis":{"gridcolor":"#506784","linecolor":"#506784","ticks":""}},"ternary":{"bgcolor":"rgb(17,17,17)","aaxis":{"gridcolor":"#506784","linecolor":"#506784","ticks":""},"baxis":{"gridcolor":"#506784","linecolor":"#506784","ticks":""},"caxis":{"gridcolor":"#506784","linecolor":"#506784","ticks":""}},"coloraxis":{"colorbar":{"outlinewidth":0,"ticks":""}},"colorscale":{"sequential":[[0.0,"#0d0887"],[0.1111111111111111,"#46039f"],[0.2222222222222222,"#7201a8"],[0.3333333333333333,"#9c179e"],[0.4444444444444444,"#bd3786"],[0.5555555555555556,"#d8576b"],[0.6666666666666666,"#ed7953"],[0.7777777777777778,"#fb9f3a"],[0.8888888888888888,"#fdca26"],[1.0,"#f0f921"]],"sequentialminus":[[0.0,"#0d0887"],[0.1111111111111111,"#46039f"],[0.2222222222222222,"#7201a8"],[0.3333333333333333,"#9c179e"],[0.4444444444444444,"#bd3786"],[0.5555555555555556,"#d8576b"],[0.6666666666666666,"#ed7953"],[0.7777777777777778,"#fb9f3a"],[0.8888888888888888,"#fdca26"],[1.0,"#f0f921"]],"diverging":[[0,"#8e0152"],[0.1,"#c51b7d"],[0.2,"#de77ae"],[0.3,"#f1b6da"],[0.4,"#fde0ef"],[0.5,"#f7f7f7"],[0.6,"#e6f5d0"],[0.7,"#b8e186"],[0.8,"#7fbc41"],[0.9,"#4d9221"],[1,"#276419"]]},"xaxis":{"gridcolor":"rgba(0, 0, 0, 0)","linecolor":"#506784","ticks":"","title":{"standoff":15},"zerolinecolor":"#283442","automargin":true,"zerolinewidth":2,"tickfont":{"family":"Courier New","size":14},"side":"top","tickangle":-90},"yaxis":{"gridcolor":"rgba(0, 0, 0, 0)","linecolor":"#506784","ticks":"","title":{"standoff":15},"zerolinecolor":"#283442","automargin":true,"zerolinewidth":2,"tickfont":{"family":"Courier New"},"side":"right"},"scene":{"xaxis":{"backgroundcolor":"rgb(17,17,17)","gridcolor":"#506784","linecolor":"#506784","showbackground":true,"ticks":"","zerolinecolor":"#C8D4E3","gridwidth":2},"yaxis":{"backgroundcolor":"rgb(17,17,17)","gridcolor":"#506784","linecolor":"#506784","showbackground":true,"ticks":"","zerolinecolor":"#C8D4E3","gridwidth":2},"zaxis":{"backgroundcolor":"rgb(17,17,17)","gridcolor":"#506784","linecolor":"#506784","showbackground":true,"ticks":"","zerolinecolor":"#C8D4E3","gridwidth":2}},"shapedefaults":{"line":{"color":"#f2f5fa"}},"annotationdefaults":{"arrowcolor":"#f2f5fa","arrowhead":0,"arrowwidth":1},"geo":{"bgcolor":"rgb(17,17,17)","landcolor":"rgb(17,17,17)","subunitcolor":"#506784","showland":true,"showlakes":true,"lakecolor":"rgb(17,17,17)"},"title":{"x":0.05,"font":{"family":"Times New Roman"},"y":0.05,"text":"<b>Correlation of Adj Close<b><br><i>2016-09-23 ~ 2026-01-06<i>"},"updatemenudefaults":{"bgcolor":"#506784","borderwidth":0},"sliderdefaults":{"bgcolor":"#C8D4E3","borderwidth":1,"bordercolor":"rgb(17,17,17)","tickwidth":0},"mapbox":{"style":"dark"},"annotations":[{"text":"<b>@zwindr<b>","textangle":0,"opacity":0.5,"font":{"color":"white","size":12},"xref":"paper","yref":"paper","xanchor":"left","yanchor":"bottom","x":1.0,"y":1.0,"showarrow":false}]},"config":{"responsive":true,"toImageButtonOptions":{"filename":"Correlation of Adj Close_2016-09-23~2026-01-06","scale":5}}};Plotly.newPlot("correlationAdjClose",correlationAdjClose.data,correlationAdjClose.layout||{},correlationAdjClose.config);}else{console.log("style display is none => correlationAdjClose");}