var element=document.getElementById("correlationClose");if(element.style.display!='none'){var correlationClose={"data":[{"type":"heatmap","z":[[1.0,0.999999999999998,1.0,0.9950732754347033,0.9950732754347033,0.9742211792871374,0.9742211792871374,0.9171335447668877,0.9171335447668877,0.7162816450942032,0.9954468250454399,0.6554552289894978,0.8505358321062717,0.9895918520142488,0.9955217405250879,0.9787843547161311,0.9993199333815647,0.9041268101626108,0.9041268101626108,0.7640754723382825,-0.2028662596598604,0.9818157736532922,0.2693447905366397,-0.18008382416151894,-0.2143197880016804,0.8278864098957402,0.8828585875230837,0.930018532779549,0.8957349811977844,0.782343568915857,0.6701365794932168,0.6517952551693428,0.5955666754542035,0.92314621042115,0.8752518992958659,0.2884932211388927],[0.999999999999998,1.0,0.9999999999999981,0.9950314088696028,0.9950314088696028,0.9738232420169053,0.9738232420169053,0.9174912479296995,0.9174912479296995,0.7179690593942856,0.9954379682741863,0.6557436317627954,0.8508820763387854,0.9891290996168357,0.9955288802864887,0.9784738133729387,0.9993207146716727,0.9037693656760263,0.9037693656760263,0.7812545419763074,0.0062469671882525845,0.9749855438226884,0.025195330565291624,-0.17267731879509696,-0.2152020320669438,0.6791556234499357,0.880647546244484,0.9113022665108684,0.8930183060862603,0.7903700843206802,0.6616069316684304,0.6497139018374866,0.6207286246764546,0.9225603243437985,0.7549251843810294,0.2843133817176013],[1.0,0.9999999999999981,1.0,0.9950732754347033,0.9950732754347033,0.9742211792871374,0.9742211792871374,0.9171335447668877,0.9171335447668877,0.7162816450942032,0.9954468250454399,0.6554552289894978,0.8505358321062717,0.9895918520142488,0.9955217405250879,0.9787843547161311,0.9993199333815647,0.9041268101626108,0.9041268101626108,0.7640754723382825,-0.2028662596598604,0.9818157736532922,0.2693447905366397,-0.18008382416151894,-0.2143197880016804,0.8278864098957402,0.8828585875230837,0.930018532779549,0.8957349811977844,0.782343568915857,0.6701365794932168,0.6517952551693428,0.5955666754542035,0.92314621042115,0.8752518992958659,0.2884932211388927],[0.9950732754347033,0.9950314088696028,0.9950732754347033,1.0,1.0,0.9624600427612785,0.9624600427612785,0.8993529055259429,0.8993529055259429,0.672846812085999,0.9996768120714747,0.612387621149994,0.8562516720725801,0.9912798447734922,0.9996302500614124,0.962514653716109,0.9953134526131705,0.8738473196310577,0.8738473196310577,0.7312681804352681,-0.2098233116021858,0.9932287696456505,0.2971979034154246,-0.21432644900822598,-0.20840278245253147,0.8127008731613183,0.906659967593284,0.9291632804319755,0.8692425701412654,0.7765883409406686,0.6985817766843826,0.6393694506548043,0.5587438655928757,0.9052960406182776,0.8682129001557859,0.3039900919316379],[0.9950732754347033,0.9950314088696028,0.9950732754347033,1.0,1.0,0.9624600427612785,0.9624600427612785,0.8993529055259429,0.8993529055259429,0.672846812085999,0.9996768120714747,0.612387621149994,0.8562516720725801,0.9912798447734922,0.9996302500614124,0.962514653716109,0.9953134526131705,0.8738473196310577,0.8738473196310577,0.7312681804352681,-0.2098233116021858,0.9932287696456505,0.2971979034154246,-0.21432644900822598,-0.20840278245253147,0.8127008731613183,0.906659967593284,0.9291632804319755,0.8692425701412654,0.7765883409406686,0.6985817766843826,0.6393694506548043,0.5587438655928757,0.9052960406182776,0.8682129001557859,0.3039900919316379],[0.9742211792871374,0.9738232420169053,0.9742211792871374,0.9624600427612785,0.9624600427612785,1.0,1.0,0.9400539120822073,0.9400539120822073,0.6992125923011151,0.9611044960021847,0.6716967349431402,0.831472743051529,0.9587385588550743,0.9611444768402828,0.9991118367718196,0.9794104475317228,0.9117222699080229,0.9117222699080229,0.6558873476761938,-0.161334541731051,0.9507511399424512,0.39692637528632346,-0.3423814965071255,-0.1055694797281308,0.8855298552790584,0.8445129360531594,0.9433215165296426,0.8800934361030528,0.7555076909776781,0.8118295564886451,0.7414806812959305,0.6658655239717365,0.8686205809954172,0.897558639171547,0.5410310813668472],[0.9742211792871374,0.9738232420169053,0.9742211792871374,0.9624600427612785,0.9624600427612785,1.0,1.0,0.9400539120822073,0.9400539120822073,0.6992125923011151,0.9611044960021847,0.6716967349431402,0.831472743051529,0.9587385588550743,0.9611444768402828,0.9991118367718196,0.9794104475317228,0.9117222699080229,0.9117222699080229,0.6558873476761938,-0.161334541731051,0.9507511399424512,0.39692637528632346,-0.3423814965071255,-0.1055694797281308,0.8855298552790584,0.8445129360531594,0.9433215165296426,0.8800934361030528,0.7555076909776781,0.8118295564886451,0.7414806812959305,0.6658655239717365,0.8686205809954172,0.897558639171547,0.5410310813668472],[0.9171335447668877,0.9174912479296995,0.9171335447668877,0.8993529055259429,0.8993529055259429,0.9400539120822073,0.9400539120822073,1.0,1.0,0.681780585778856,0.9360697067593029,0.6886562907500486,0.7900736870071119,0.9133876793622734,0.9361206466739566,0.94253432608412,0.9480513216441669,0.9692146405411552,0.9692146405411552,0.6167924502753728,-0.04173798410831465,0.8690707233900214,0.6058142790619836,-0.3733683026762466,0.013907824983253504,0.8109138601646319,0.7354963862562994,0.8919395359916434,0.8548506161096264,0.7761282542161732,0.8940746206063717,0.791680059680428,0.6979935789182968,0.8186440442110955,0.8759011055178912,0.8345756132451192],[0.9171335447668877,0.9174912479296995,0.9171335447668877,0.8993529055259429,0.8993529055259429,0.9400539120822073,0.9400539120822073,1.0,1.0,0.681780585778856,0.9360697067593029,0.6886562907500486,0.7900736870071119,0.9133876793622734,0.9361206466739566,0.94253432608412,0.9480513216441669,0.9692146405411552,0.9692146405411552,0.6167924502753728,-0.04173798410831465,0.8690707233900214,0.6058142790619836,-0.3733683026762466,0.013907824983253504,0.8109138601646319,0.7354963862562994,0.8919395359916434,0.8548506161096264,0.7761282542161732,0.8940746206063717,0.791680059680428,0.6979935789182968,0.8186440442110955,0.8759011055178912,0.8345756132451192],[0.7162816450942032,0.7179690593942856,0.7162816450942032,0.672846812085999,0.672846812085999,0.6992125923011151,0.6992125923011151,0.681780585778856,0.681780585778856,1.0,0.5210665780566284,0.99996937430293,0.30252078200850085,0.283586387396542,0.524860033381584,0.6926534678211542,0.5957494971145453,0.7794449489453026,0.7794449489453026,0.6826335904191255,-0.09820920569927331,0.640668863317967,0.03702694351585762,0.04839126287692536,-0.24284881852198567,0.7493065796016573,0.3660835242280127,0.6823530154086761,0.7960530900942382,0.6661538134949354,0.31820105702399903,0.5197063696556654,0.5616630832350951,0.7604480062202771,0.5858671679429581,0.16746146296429623],[0.9954468250454399,0.9954379682741863,0.9954468250454399,0.9996768120714747,0.9996768120714747,0.9611044960021847,0.9611044960021847,0.9360697067593029,0.9360697067593029,0.5210665780566284,1.0,0.5228746361451267,0.8549142288728814,0.9908754130683357,0.9999468748308655,0.9583572872462225,0.9949521289811238,0.8820966517080168,0.8820966517080168,0.844839676090796,-0.10931073598079638,0.9974106122252192,0.9056190686768556,-0.543924686891434,0.5147278072509212,0.8139530870482461,0.8866732955600026,0.9396541917829089,0.8529850137300669,0.7998629051304349,0.9408423503045898,0.8349161953959064,0.6980184989292348,0.8856691014434074,0.9580708599883525,0.8392668223646579],[0.6554552289894978,0.6557436317627954,0.6554552289894978,0.612387621149994,0.612387621149994,0.6716967349431402,0.6716967349431402,0.6886562907500486,0.6886562907500486,0.99996937430293,0.5228746361451267,1.0,0.30342323798931053,0.284332638443591,0.5256049221088668,0.6814930536670263,0.5963765300749302,0.7718593228382883,0.7718593228382883,0.6329394787546098,0.03345913487979031,0.5842960486140205,0.38044219479765407,-0.15999297538068533,-0.2319233270798901,0.7722861468026585,0.272880878773945,0.6486493901732701,0.7633787373714255,0.6826797512069374,0.4857342865144549,0.6776704214204923,0.6747221502350343,0.708837253119105,0.5547351872155714,0.5984844794999287],[0.8505358321062717,0.8508820763387854,0.8505358321062717,0.8562516720725801,0.8562516720725801,0.831472743051529,0.831472743051529,0.7900736870071119,0.7900736870071119,0.30252078200850085,0.8549142288728814,0.30342323798931053,1.0,0.9998433618127615,0.8544120986863266,0.8253774973992241,0.8493403713932126,0.7096733718476236,0.7096733718476236,0.6224125262964629,-0.07645572280946794,0.8545969259651364,0.8052475887506408,-0.6515320146693521,0.5614756946319127,0.6467603289059067,0.8252078750394822,0.8268052610735722,0.6759839764753864,0.599181535569611,0.8310842029956967,0.6545739510996272,0.5177772131442518,0.7469010636031667,0.8359473638892111,0.7597634086815184],[0.9895918520142488,0.9891290996168357,0.9895918520142488,0.9912798447734922,0.9912798447734922,0.9587385588550743,0.9587385588550743,0.9133876793622734,0.9133876793622734,0.283586387396542,0.9908754130683357,0.284332638443591,0.9998433618127615,1.0,0.9909153556025763,0.9522980536238186,0.9873762478100637,0.8306778926163385,0.8306778926163385,0.8428111894306627,-0.2149370695372563,0.9887956818530543,0.9005741566223369,-0.7735586785355739,0.6178457781219182,0.7223883035185578,0.9285862088536566,0.9239359232748223,0.7838366103570379,0.6826151012152912,0.9386936078401782,0.777643645373771,0.5629809811591392,0.8578246797313224,0.9581383047184855,0.8431777557782196],[0.9955217405250879,0.9955288802864887,0.9955217405250879,0.9996302500614124,0.9996302500614124,0.9611444768402828,0.9611444768402828,0.9361206466739566,0.9361206466739566,0.524860033381584,0.9999468748308655,0.5256049221088668,0.8544120986863266,0.9909153556025763,1.0,0.9585120513636038,0.9950526177258513,0.8829563838035275,0.8829563838035275,0.8464326527160941,-0.10670753274564454,0.9972625567474775,0.9048410734867696,-0.5414279333160229,0.5108096003535588,0.8139142191675147,0.885499283361208,0.9391151115010613,0.8551746779699857,0.801861433223484,0.9401444948041985,0.837121002091075,0.7013838226523491,0.8864898161919276,0.9578783053143372,0.8391015744921272],[0.9787843547161311,0.9784738133729387,0.9787843547161311,0.962514653716109,0.962514653716109,0.9991118367718196,0.9991118367718196,0.94253432608412,0.94253432608412,0.6926534678211542,0.9583572872462225,0.6814930536670263,0.8253774973992241,0.9522980536238186,0.9585120513636038,1.0,0.9786030911186621,0.9145519002591965,0.9145519002591965,0.7052780101118812,-0.14876826498840479,0.9530968445843959,0.7107903430931058,-0.47028578258962334,-0.12564903249751824,0.8967443043699311,0.8288361653760593,0.9399861571675614,0.8879030365795568,0.7884771929462817,0.8897670819974578,0.7861681893452008,0.7224973288033817,0.8895864518508492,0.8947492994677498,0.8301952539180191],[0.9993199333815647,0.9993207146716727,0.9993199333815647,0.9953134526131705,0.9953134526131705,0.9794104475317228,0.9794104475317228,0.9480513216441669,0.9480513216441669,0.5957494971145453,0.9949521289811238,0.5963765300749302,0.8493403713932126,0.9873762478100637,0.9950526177258513,0.9786030911186621,1.0,0.91331317915672,0.91331317915672,0.8613054067360955,-0.08872450460044216,0.9895250779490561,0.8847724435525816,-0.5305649006768327,0.5140767256490153,0.8593598035068503,0.8670116695273256,0.9505929293743944,0.8918434632727328,0.8246071877087428,0.9312141010747503,0.8733485877203564,0.7521786098483642,0.9053485505483987,0.9653418645613661,0.8765617747229871],[0.9041268101626108,0.9037693656760263,0.9041268101626108,0.8738473196310577,0.8738473196310577,0.9117222699080229,0.9117222699080229,0.9692146405411552,0.9692146405411552,0.7794449489453026,0.8820966517080168,0.7718593228382883,0.7096733718476236,0.8306778926163385,0.8829563838035275,0.9145519002591965,0.91331317915672,1.0,1.0,0.7593723357890059,-0.08431053447170206,0.8414008523507694,0.6022949814132637,-0.25588506962844965,-0.18370564425024452,0.8435715492157742,0.6612955380393422,0.8441447775503227,0.9206741508215388,0.8507233904642353,0.8043608808361302,0.7733987040869117,0.7048856482386231,0.8598374385537941,0.7940760892939287,0.863622862791223],[0.9041268101626108,0.9037693656760263,0.9041268101626108,0.8738473196310577,0.8738473196310577,0.9117222699080229,0.9117222699080229,0.9692146405411552,0.9692146405411552,0.7794449489453026,0.8820966517080168,0.7718593228382883,0.7096733718476236,0.8306778926163385,0.8829563838035275,0.9145519002591965,0.91331317915672,1.0,1.0,0.7593723357890059,-0.08431053447170206,0.8414008523507694,0.6022949814132637,-0.25588506962844965,-0.18370564425024452,0.8435715492157742,0.6612955380393422,0.8441447775503227,0.9206741508215388,0.8507233904642353,0.8043608808361302,0.7733987040869117,0.7048856482386231,0.8598374385537941,0.7940760892939287,0.863622862791223],[0.7640754723382825,0.7812545419763074,0.7640754723382825,0.7312681804352681,0.7312681804352681,0.6558873476761938,0.6558873476761938,0.6167924502753728,0.6167924502753728,0.6826335904191255,0.844839676090796,0.6329394787546098,0.6224125262964629,0.8428111894306627,0.8464326527160941,0.7052780101118812,0.8613054067360955,0.7593723357890059,0.7593723357890059,1.0,0.009697482240135127,0.6936604621847693,-0.29703465746337887,0.26485867834909377,-0.6400235000279532,0.3928947960702406,0.591554996965142,0.5338104237606306,0.8439683718479848,0.7105982656470625,0.19836517848185944,0.34571091254248854,0.5750106784784088,0.7912661411986097,0.5104489603639774,-0.08982546963388834],[-0.2028662596598604,0.0062469671882525845,-0.2028662596598604,-0.2098233116021858,-0.2098233116021858,-0.161334541731051,-0.161334541731051,-0.04173798410831465,-0.04173798410831465,-0.09820920569927331,-0.10931073598079638,0.03345913487979031,-0.07645572280946794,-0.2149370695372563,-0.10670753274564454,-0.14876826498840479,-0.08872450460044216,-0.08431053447170206,-0.08431053447170206,0.009697482240135127,1.0,-0.13954042571910422,0.07867773540670413,0.18308236209671438,0.7380393144749721,-0.11832459308186524,-0.10916387588321451,-0.06911708410213564,0.12850342459896733,-0.037286363873577255,-0.03015187531272083,0.27861816412003576,0.548002153920114,-0.15953071881429892,0.04917686710570162,0.11576400427822614],[0.9818157736532922,0.9749855438226884,0.9818157736532922,0.9932287696456505,0.9932287696456505,0.9507511399424512,0.9507511399424512,0.8690707233900214,0.8690707233900214,0.640668863317967,0.9974106122252192,0.5842960486140205,0.8545969259651364,0.9887956818530543,0.9972625567474775,0.9530968445843959,0.9895250779490561,0.8414008523507694,0.8414008523507694,0.6936604621847693,-0.13954042571910422,1.0,0.20442973147752416,-0.26145752584350396,-0.24696041110352776,0.6876449259704013,0.9124550837533831,0.9145929173280625,0.815981521114432,0.7453544803239666,0.7014661983673834,0.6095903139248691,0.495398601327455,0.8844663520381383,0.7406159019222295,0.2892572208880695],[0.2693447905366397,0.025195330565291624,0.2693447905366397,0.2971979034154246,0.2971979034154246,0.39692637528632346,0.39692637528632346,0.6058142790619836,0.6058142790619836,0.03702694351585762,0.9056190686768556,0.38044219479765407,0.8052475887506408,0.9005741566223369,0.9048410734867696,0.7107903430931058,0.8847724435525816,0.6022949814132637,0.6022949814132637,-0.29703465746337887,0.07867773540670413,0.20442973147752416,1.0,-0.48357763150251765,0.6809757004423078,0.41750469958771647,0.23141298584895384,0.3855587215001682,-0.03392483146126425,0.14325026700069612,0.6295779265721648,0.5120608070478848,0.2191756987439871,0.09274760492804857,0.4402861760608786,0.501478126720094],[-0.18008382416151894,-0.17267731879509696,-0.18008382416151894,-0.21432644900822598,-0.21432644900822598,-0.3423814965071255,-0.3423814965071255,-0.3733683026762466,-0.3733683026762466,0.04839126287692536,-0.543924686891434,-0.15999297538068533,-0.6515320146693521,-0.7735586785355739,-0.5414279333160229,-0.47028578258962334,-0.5305649006768327,-0.25588506962844965,-0.25588506962844965,0.26485867834909377,0.18308236209671438,-0.26145752584350396,-0.48357763150251765,1.0,-0.025398541272612794,-0.21165741406301988,-0.25194355628151416,-0.345119978988114,-0.0900052069158459,-0.12203574131760021,-0.5761417701020715,-0.23696226126415856,-0.04609243258330056,-0.10522453164444154,-0.27825417452019985,-0.4335455081879336],[-0.2143197880016804,-0.2152020320669438,-0.2143197880016804,-0.20840278245253147,-0.20840278245253147,-0.1055694797281308,-0.1055694797281308,0.013907824983253504,0.013907824983253504,-0.24284881852198567,0.5147278072509212,-0.2319233270798901,0.5614756946319127,0.6178457781219182,0.5108096003535588,-0.12564903249751824,0.5140767256490153,-0.18370564425024452,-0.18370564425024452,-0.6400235000279532,0.7380393144749721,-0.24696041110352776,0.6809757004423078,-0.025398541272612794,1.0,-0.10144667595513113,-0.14862903463679292,-0.058978026402372506,-0.34191015747467157,-0.31855902545896214,0.05682887793193571,0.1547209170563069,0.26010465481396094,-0.3590937120852595,0.09562829488703736,0.08344086267552704],[0.8278864098957402,0.6791556234499357,0.8278864098957402,0.8127008731613183,0.8127008731613183,0.8855298552790584,0.8855298552790584,0.8109138601646319,0.8109138601646319,0.7493065796016573,0.8139530870482461,0.7722861468026585,0.6467603289059067,0.7223883035185578,0.8139142191675147,0.8967443043699311,0.8593598035068503,0.8435715492157742,0.8435715492157742,0.3928947960702406,-0.11832459308186524,0.6876449259704013,0.41750469958771647,-0.21165741406301988,-0.10144667595513113,1.0,0.5505438479338663,0.8497469284929944,0.5283613211074895,0.6561542630867194,0.6096388214413802,0.6797660891584396,0.43624586688681605,0.7326446079674406,0.7313627590739548,0.46274454629403555],[0.8828585875230837,0.880647546244484,0.8828585875230837,0.906659967593284,0.906659967593284,0.8445129360531594,0.8445129360531594,0.7354963862562994,0.7354963862562994,0.3660835242280127,0.8866732955600026,0.272880878773945,0.8252078750394822,0.9285862088536566,0.885499283361208,0.8288361653760593,0.8670116695273256,0.6612955380393422,0.6612955380393422,0.591554996965142,-0.10916387588321451,0.9124550837533831,0.23141298584895384,-0.25194355628151416,-0.14862903463679292,0.5505438479338663,1.0,0.8087602209259765,0.658778805274031,0.598236914128573,0.6425937608477024,0.4818133066448631,0.40800078661273764,0.7418643429272088,0.6862019469051721,0.25638026938171915],[0.930018532779549,0.9113022665108684,0.930018532779549,0.9291632804319755,0.9291632804319755,0.9433215165296426,0.9433215165296426,0.8919395359916434,0.8919395359916434,0.6823530154086761,0.9396541917829089,0.6486493901732701,0.8268052610735722,0.9239359232748223,0.9391151115010613,0.9399861571675614,0.9505929293743944,0.8441447775503227,0.8441447775503227,0.5338104237606306,-0.06911708410213564,0.9145929173280625,0.3855587215001682,-0.345119978988114,-0.058978026402372506,0.8497469284929944,0.8087602209259765,1.0,0.7533360448687761,0.6392590414757381,0.6869117293069623,0.6230612190827371,0.5180839089535306,0.8293474249747089,0.8686272122813713,0.30521414024520815],[0.8957349811977844,0.8930183060862603,0.8957349811977844,0.8692425701412654,0.8692425701412654,0.8800934361030528,0.8800934361030528,0.8548506161096264,0.8548506161096264,0.7960530900942382,0.8529850137300669,0.7633787373714255,0.6759839764753864,0.7838366103570379,0.8551746779699857,0.8879030365795568,0.8918434632727328,0.9206741508215388,0.9206741508215388,0.8439683718479848,0.12850342459896733,0.815981521114432,-0.03392483146126425,-0.0900052069158459,-0.34191015747467157,0.5283613211074895,0.658778805274031,0.7533360448687761,1.0,0.912885276846791,0.5849289469254609,0.7083410736093084,0.670565780257628,0.886341322680718,0.5503954511478563,0.34324672061358713],[0.782343568915857,0.7903700843206802,0.782343568915857,0.7765883409406686,0.7765883409406686,0.7555076909776781,0.7555076909776781,0.7761282542161732,0.7761282542161732,0.6661538134949354,0.7998629051304349,0.6826797512069374,0.599181535569611,0.6826151012152912,0.801861433223484,0.7884771929462817,0.8246071877087428,0.8507233904642353,0.8507233904642353,0.7105982656470625,-0.037286363873577255,0.7453544803239666,0.14325026700069612,-0.12203574131760021,-0.31855902545896214,0.6561542630867194,0.598236914128573,0.6392590414757381,0.912885276846791,1.0,0.6193769689421025,0.692888714192591,0.6159723398172605,0.7549198254454501,0.622848841316506,0.508152103133207],[0.6701365794932168,0.6616069316684304,0.6701365794932168,0.6985817766843826,0.6985817766843826,0.8118295564886451,0.8118295564886451,0.8940746206063717,0.8940746206063717,0.31820105702399903,0.9408423503045898,0.4857342865144549,0.8310842029956967,0.9386936078401782,0.9401444948041985,0.8897670819974578,0.9312141010747503,0.8043608808361302,0.8043608808361302,0.19836517848185944,-0.03015187531272083,0.7014661983673834,0.6295779265721648,-0.5761417701020715,0.05682887793193571,0.6096388214413802,0.6425937608477024,0.6869117293069623,0.5849289469254609,0.6193769689421025,1.0,0.7475089423866719,0.38908010827313655,0.5758756740858866,0.6839882169215349,0.7605532902698441],[0.6517952551693428,0.6497139018374866,0.6517952551693428,0.6393694506548043,0.6393694506548043,0.7414806812959305,0.7414806812959305,0.791680059680428,0.791680059680428,0.5197063696556654,0.8349161953959064,0.6776704214204923,0.6545739510996272,0.777643645373771,0.837121002091075,0.7861681893452008,0.8733485877203564,0.7733987040869117,0.7733987040869117,0.34571091254248854,0.27861816412003576,0.6095903139248691,0.5120608070478848,-0.23696226126415856,0.1547209170563069,0.6797660891584396,0.4818133066448631,0.6230612190827371,0.7083410736093084,0.692888714192591,0.7475089423866719,1.0,0.779049334346047,0.5393587662225214,0.7339744185879928,0.5762339057526007],[0.5955666754542035,0.6207286246764546,0.5955666754542035,0.5587438655928757,0.5587438655928757,0.6658655239717365,0.6658655239717365,0.6979935789182968,0.6979935789182968,0.5616630832350951,0.6980184989292348,0.6747221502350343,0.5177772131442518,0.5629809811591392,0.7013838226523491,0.7224973288033817,0.7521786098483642,0.7048856482386231,0.7048856482386231,0.5750106784784088,0.548002153920114,0.495398601327455,0.2191756987439871,-0.04609243258330056,0.26010465481396094,0.43624586688681605,0.40800078661273764,0.5180839089535306,0.670565780257628,0.6159723398172605,0.38908010827313655,0.779049334346047,1.0,0.5016468450819279,0.6453801237225798,0.22371511926436927],[0.92314621042115,0.9225603243437985,0.92314621042115,0.9052960406182776,0.9052960406182776,0.8686205809954172,0.8686205809954172,0.8186440442110955,0.8186440442110955,0.7604480062202771,0.8856691014434074,0.708837253119105,0.7469010636031667,0.8578246797313224,0.8864898161919276,0.8895864518508492,0.9053485505483987,0.8598374385537941,0.8598374385537941,0.7912661411986097,-0.15953071881429892,0.8844663520381383,0.09274760492804857,-0.10522453164444154,-0.3590937120852595,0.7326446079674406,0.7418643429272088,0.8293474249747089,0.886341322680718,0.7549198254454501,0.5758756740858866,0.5393587662225214,0.5016468450819279,1.0,0.7655963115605003,0.2424932828871619],[0.8752518992958659,0.7549251843810294,0.8752518992958659,0.8682129001557859,0.8682129001557859,0.897558639171547,0.897558639171547,0.8759011055178912,0.8759011055178912,0.5858671679429581,0.9580708599883525,0.5547351872155714,0.8359473638892111,0.9581383047184855,0.9578783053143372,0.8947492994677498,0.9653418645613661,0.7940760892939287,0.7940760892939287,0.5104489603639774,0.04917686710570162,0.7406159019222295,0.4402861760608786,-0.27825417452019985,0.09562829488703736,0.7313627590739548,0.6862019469051721,0.8686272122813713,0.5503954511478563,0.622848841316506,0.6839882169215349,0.7339744185879928,0.6453801237225798,0.7655963115605003,1.0,0.27823729451884854],[0.2884932211388927,0.2843133817176013,0.2884932211388927,0.3039900919316379,0.3039900919316379,0.5410310813668472,0.5410310813668472,0.8345756132451192,0.8345756132451192,0.16746146296429623,0.8392668223646579,0.5984844794999287,0.7597634086815184,0.8431777557782196,0.8391015744921272,0.8301952539180191,0.8765617747229871,0.863622862791223,0.863622862791223,-0.08982546963388834,0.11576400427822614,0.2892572208880695,0.501478126720094,-0.4335455081879336,0.08344086267552704,0.46274454629403555,0.25638026938171915,0.30521414024520815,0.34324672061358713,0.508152103133207,0.7605532902698441,0.5762339057526007,0.22371511926436927,0.2424932828871619,0.27823729451884854,1.0]],"x":["^TAIEX       \u81fa\u7063\u52a0\u6b0a\u5831\u916c\u6307\u6578","^TWII        \u81fa\u7063\u52a0\u6b0a\u6307\u6578","^TAIEXx2     \u81fa\u7063\u52a0\u6b0a\u5831\u916c\u6307\u6578_\u65e5\u6b632","^TAI50I      \u81fa\u706350\u5831\u916c\u6307\u6578","^TAI50Ix2    \u81fa\u706350\u5831\u916c\u6307\u6578_\u65e5\u6b632","^TAI100I     \u81fa\u7063\u4e2d\u578b100\u5831\u916c\u6307\u6578","^TAI100Ix2   \u81fa\u7063\u4e2d\u578b100\u5831\u916c\u6307\u6578_\u65e5\u6b632","^TAIDIVIDI   \u81fa\u7063\u9ad8\u80a1\u606f\u5831\u916c\u6307\u6578","^TAIDIVIDIx2 \u81fa\u7063\u9ad8\u80a1\u606f\u5831\u916c\u6307\u6578_\u65e5\u6b632","0050Fund     \u5143\u5927\u53f0\u7063\u5353\u8d8a50\u57fa\u91d1","006208Fund   \u5bcc\u90a6\u53f0\u7063\u91c6\u540950\u57fa\u91d1","0050         \u5143\u5927\u81fa\u706350","00631L       \u5143\u5927\u53f0\u706350\u6b632","00675L       \u5bcc\u90a6\u81fa\u7063\u52a0\u6b0a\u6b632","006208       \u5bcc\u90a6\u53f050","0051         \u5143\u5927\u4e2d\u578b100","006204       \u6c38\u8c50\u81fa\u7063\u52a0\u6b0a","0056         \u5143\u5927\u9ad8\u80a1\u606f","0056         \u5143\u5927\u9ad8\u80a1\u606f_\u80a1\u606f\u4e0d\u6295\u5165","2412         \u4e2d\u83ef\u96fb\u4fe1","2002         \u4e2d\u92fc","2330         \u53f0\u7a4d\u96fb","2317         \u9d3b\u6d77","6505         \u53f0\u5851\u77f3\u5316","3481         \u7fa4\u5275","2303         \u806f\u96fb","2308         \u53f0\u9054\u96fb","2454         \u806f\u767c\u79d1","2886         \u5146\u8c50\u91d1","2884         \u7389\u5c71\u91d1","2891         \u4e2d\u4fe1\u91d1","2892         \u7b2c\u4e00\u91d1","5880         \u5408\u5eab\u91d1","2881         \u5bcc\u90a6\u91d1","2885         \u5143\u5927\u91d1","2887         \u53f0\u65b0\u91d1"],"y":["^TAIEX       \u81fa\u7063\u52a0\u6b0a\u5831\u916c\u6307\u6578","^TWII        \u81fa\u7063\u52a0\u6b0a\u6307\u6578","^TAIEXx2     \u81fa\u7063\u52a0\u6b0a\u5831\u916c\u6307\u6578_\u65e5\u6b632","^TAI50I      \u81fa\u706350\u5831\u916c\u6307\u6578","^TAI50Ix2    \u81fa\u706350\u5831\u916c\u6307\u6578_\u65e5\u6b632","^TAI100I     \u81fa\u7063\u4e2d\u578b100\u5831\u916c\u6307\u6578","^TAI100Ix2   \u81fa\u7063\u4e2d\u578b100\u5831\u916c\u6307\u6578_\u65e5\u6b632","^TAIDIVIDI   \u81fa\u7063\u9ad8\u80a1\u606f\u5831\u916c\u6307\u6578","^TAIDIVIDIx2 \u81fa\u7063\u9ad8\u80a1\u606f\u5831\u916c\u6307\u6578_\u65e5\u6b632","0050Fund     \u5143\u5927\u53f0\u7063\u5353\u8d8a50\u57fa\u91d1","006208Fund   \u5bcc\u90a6\u53f0\u7063\u91c6\u540950\u57fa\u91d1","0050         \u5143\u5927\u81fa\u706350","00631L       \u5143\u5927\u53f0\u706350\u6b632","00675L       \u5bcc\u90a6\u81fa\u7063\u52a0\u6b0a\u6b632","006208       \u5bcc\u90a6\u53f050","0051         \u5143\u5927\u4e2d\u578b100","006204       \u6c38\u8c50\u81fa\u7063\u52a0\u6b0a","0056         \u5143\u5927\u9ad8\u80a1\u606f","0056         \u5143\u5927\u9ad8\u80a1\u606f_\u80a1\u606f\u4e0d\u6295\u5165","2412         \u4e2d\u83ef\u96fb\u4fe1","2002         \u4e2d\u92fc","2330         \u53f0\u7a4d\u96fb","2317         \u9d3b\u6d77","6505         \u53f0\u5851\u77f3\u5316","3481         \u7fa4\u5275","2303         \u806f\u96fb","2308         \u53f0\u9054\u96fb","2454         \u806f\u767c\u79d1","2886         \u5146\u8c50\u91d1","2884         \u7389\u5c71\u91d1","2891         \u4e2d\u4fe1\u91d1","2892         \u7b2c\u4e00\u91d1","5880         \u5408\u5eab\u91d1","2881         \u5bcc\u90a6\u91d1","2885         \u5143\u5927\u91d1","2887         \u53f0\u65b0\u91d1"],"zmin":-1,"zmax":1,"colorbar":{"x":-0.2}}],"layout":{"autotypenumbers":"strict","colorway":["#636efa","#EF553B","#00cc96","#ab63fa","#FFA15A","#19d3f3","#FF6692","#B6E880","#FF97FF","#FECB52"],"font":{"color":"#f2f5fa","family":"Courier New"},"hovermode":"closest","hoverlabel":{"align":"left"},"paper_bgcolor":"rgb(17,17,17)","plot_bgcolor":"rgb(17,17,17)","polar":{"bgcolor":"rgb(17,17,17)","angularaxis":{"gridcolor":"#506784","linecolor":"#506784","ticks":""},"radialaxis":{"gridcolor":"#506784","linecolor":"#506784","ticks":""}},"ternary":{"bgcolor":"rgb(17,17,17)","aaxis":{"gridcolor":"#506784","linecolor":"#506784","ticks":""},"baxis":{"gridcolor":"#506784","linecolor":"#506784","ticks":""},"caxis":{"gridcolor":"#506784","linecolor":"#506784","ticks":""}},"coloraxis":{"colorbar":{"outlinewidth":0,"ticks":""}},"colorscale":{"sequential":[[0.0,"#0d0887"],[0.1111111111111111,"#46039f"],[0.2222222222222222,"#7201a8"],[0.3333333333333333,"#9c179e"],[0.4444444444444444,"#bd3786"],[0.5555555555555556,"#d8576b"],[0.6666666666666666,"#ed7953"],[0.7777777777777778,"#fb9f3a"],[0.8888888888888888,"#fdca26"],[1.0,"#f0f921"]],"sequentialminus":[[0.0,"#0d0887"],[0.1111111111111111,"#46039f"],[0.2222222222222222,"#7201a8"],[0.3333333333333333,"#9c179e"],[0.4444444444444444,"#bd3786"],[0.5555555555555556,"#d8576b"],[0.6666666666666666,"#ed7953"],[0.7777777777777778,"#fb9f3a"],[0.8888888888888888,"#fdca26"],[1.0,"#f0f921"]],"diverging":[[0,"#8e0152"],[0.1,"#c51b7d"],[0.2,"#de77ae"],[0.3,"#f1b6da"],[0.4,"#fde0ef"],[0.5,"#f7f7f7"],[0.6,"#e6f5d0"],[0.7,"#b8e186"],[0.8,"#7fbc41"],[0.9,"#4d9221"],[1,"#276419"]]},"xaxis":{"gridcolor":"rgba(0, 0, 0, 0)","linecolor":"#506784","ticks":"","title":{"standoff":15},"zerolinecolor":"#283442","automargin":true,"zerolinewidth":2,"tickfont":{"family":"Courier New","size":14},"side":"top","tickangle":-90},"yaxis":{"gridcolor":"rgba(0, 0, 0, 0)","linecolor":"#506784","ticks":"","title":{"standoff":15},"zerolinecolor":"#283442","automargin":true,"zerolinewidth":2,"tickfont":{"family":"Courier New"},"side":"right"},"scene":{"xaxis":{"backgroundcolor":"rgb(17,17,17)","gridcolor":"#506784","linecolor":"#506784","showbackground":true,"ticks":"","zerolinecolor":"#C8D4E3","gridwidth":2},"yaxis":{"backgroundcolor":"rgb(17,17,17)","gridcolor":"#506784","linecolor":"#506784","showbackground":true,"ticks":"","zerolinecolor":"#C8D4E3","gridwidth":2},"zaxis":{"backgroundcolor":"rgb(17,17,17)","gridcolor":"#506784","linecolor":"#506784","showbackground":true,"ticks":"","zerolinecolor":"#C8D4E3","gridwidth":2}},"shapedefaults":{"line":{"color":"#f2f5fa"}},"annotationdefaults":{"arrowcolor":"#f2f5fa","arrowhead":0,"arrowwidth":1},"geo":{"bgcolor":"rgb(17,17,17)","landcolor":"rgb(17,17,17)","subunitcolor":"#506784","showland":true,"showlakes":true,"lakecolor":"rgb(17,17,17)"},"title":{"x":0.05,"font":{"family":"Times New Roman"},"y":0.05,"text":"<b>Correlation of Close<b><br><i>2016-09-23 ~ 2026-05-06<i>"},"updatemenudefaults":{"bgcolor":"#506784","borderwidth":0},"sliderdefaults":{"bgcolor":"#C8D4E3","borderwidth":1,"bordercolor":"rgb(17,17,17)","tickwidth":0},"mapbox":{"style":"dark"},"annotations":[{"text":"<b>@zwindr<b>","textangle":0,"opacity":0.5,"font":{"color":"white","size":12},"xref":"paper","yref":"paper","xanchor":"left","yanchor":"bottom","x":1.0,"y":1.0,"showarrow":false}]},"config":{"responsive":true,"toImageButtonOptions":{"filename":"Correlation of Close_2016-09-23~2026-05-06","scale":5}}};Plotly.newPlot("correlationClose",correlationClose.data,correlationClose.layout||{},correlationClose.config);}else{console.log("style display is none => correlationClose");}