var element = document.getElementById("correlationAdjClose");

if (element.style.display != 'none') {
    var correlationAdjClose = {"data": [{"type": "heatmap", "z": [[1.0, 0.9941133071316516, 0.9770634964472037, 0.9975831760209267, 0.9644569885142054, 0.9817766227566054, -0.9442568778028889, 0.9900760317509011, 0.9707590069882225, 0.9971663259020442, 0.9971503578500501, 0.9976440558024487, 0.9933934599152049, 0.9940902960299333, 0.9971684423262894, 0.9841434933236887, 0.9996751394255005, 0.9900808150309949, 0.9205655632778588, 0.7355685975077337, 0.9853436225158725, 0.9226027098372065, 0.4324381509841853, -0.30388454867269676, 0.9009988437097937, 0.9714806792478113, 0.9554361237361688, 0.9802330864698421, 0.9644614135293441, 0.9757791506214196, 0.9722542312494925, 0.9456244062486089, 0.9801304831994747, 0.9708104493586299, 0.9545802096005255], [0.9941133071316516, 1.0, 0.9724272093425015, 0.9913162069506368, 0.9597761862788269, 0.9773101427043888, -0.9396142543628334, 0.9811778287888945, 0.9639516485468157, 0.9952356334136792, 0.9950789629881526, 0.9943545087944056, 0.9924570937485943, 0.9917580994933657, 0.9950429692802154, 0.9782520676473255, 0.9967179371757598, 0.9838494513721237, 0.909736727900457, 0.748342848911097, 0.9671683326714071, 0.9021353251583231, 0.4324894331138156, -0.22892744787845032, 0.8754743072199223, 0.9596081459105569, 0.9548103288410194, 0.958424558605662, 0.9505878457901249, 0.9655627999668869, 0.9566593458100983, 0.9436014108174476, 0.9690925231999288, 0.960922074346298, 0.9484371908774013], [0.9770634964472037, 0.9724272093425015, 1.0, 0.9833833361856853, 0.9958902795984157, 0.9787740008063778, -0.9760927114422702, 0.9700347758421226, 0.9839691184469058, 0.9890017436503672, 0.9897025930386325, 0.9862076554545447, 0.9970114412754878, 0.9968124986570709, 0.98945702302698, 0.9773027045989985, 0.9878365491643971, 0.9698748058051565, 0.828458250715978, 0.6240169767692366, 0.9904619701213984, 0.9139699290470329, 0.26674567281070055, -0.22739545688011706, 0.9049524776950123, 0.9445831203927108, 0.979826874450975, 0.930200818132209, 0.9127628935133945, 0.9648828310613142, 0.9204216220564635, 0.9064689611455614, 0.9668446288203616, 0.9740989300663078, 0.9234834676552788], [0.9975831760209267, 0.9913162069506368, 0.9833833361856853, 1.0, 0.9764620829879952, 0.973970857008169, -0.9392678562264274, 0.9842412525533504, 0.9682148665143018, 0.9999716700588385, 0.9999895914561935, 0.9999577743460589, 0.9915578216056329, 0.9895527201196668, 0.999943399325201, 0.9736874936979786, 0.9960241841326789, 0.9840466109212184, 0.9064312343639083, 0.7046183604275439, 0.9933957590480924, 0.924214580999202, 0.4071244145586756, -0.29512321769174843, 0.8983930180339532, 0.9679693992882539, 0.9617739208384655, 0.9710086352160853, 0.9615601812997765, 0.9780782016313706, 0.9623806902013001, 0.9342440022400076, 0.9781147466173699, 0.9694180993581162, 0.9459264587349699], [0.9644569885142054, 0.9597761862788269, 0.9958902795984157, 0.9764620829879952, 1.0, 0.9580063819777948, -0.9574871832758448, 0.9543250323777637, 0.9712426772335142, 0.984956354780153, 0.9857070687392098, 0.9817074307438116, 0.9860349132923737, 0.982399543251562, 0.9853311591320831, 0.9554160724301825, 0.9755762776626217, 0.9540320728885698, 0.8073954763749389, 0.5869768239774095, 0.9895385524145637, 0.909830619948132, 0.24083574081397005, -0.22031745257960056, 0.8849476193514315, 0.9327307220410874, 0.9771274192922423, 0.9094773821386085, 0.8987887489473725, 0.9588851829979499, 0.8984939374284265, 0.8797115099376135, 0.9562211873680534, 0.9620733975109514, 0.8993023036075866], [0.9817766227566054, 0.9773101427043888, 0.9787740008063778, 0.973970857008169, 0.9580063819777948, 1.0, -0.9810870664295752, 0.9808840660477776, 0.9801643867065405, 0.9689694818959811, 0.9692935254556363, 0.9719824315637853, 0.9772336928811455, 0.9752230756637421, 0.9691189153895721, 0.9999040110897158, 0.9862145618202314, 0.9819500769312917, 0.8630889234881645, 0.7024000275050358, 0.9673764613271371, 0.893445865837772, 0.29952281422833965, -0.21664016071746975, 0.936093096615854, 0.9530764640292022, 0.9600648415352292, 0.957938787980361, 0.9285986174626639, 0.952386559550516, 0.9521109296455744, 0.9549876565206283, 0.9573765059277294, 0.9767184097491406, 0.9554200879660416], [-0.9442568778028889, -0.9396142543628334, -0.9760927114422702, -0.9392678562264274, -0.9574871832758448, -0.9810870664295752, 1.0, -0.9525576273223189, -0.9837672844501403, -0.9491471340745624, -0.9503249309539235, -0.9457594374148378, -0.9745725773903552, -0.9761767475428552, -0.9499734788462764, -0.9841373805214076, -0.9653154765105925, -0.9554866572742232, -0.7771320125420895, -0.6005430822170876, -0.9441914369565223, -0.8846835390729613, -0.15775420802766638, 0.1517060830578296, -0.9041434747450356, -0.9135579472846996, -0.9581525793434095, -0.9003388437343347, -0.8605242687653359, -0.9262138066271612, -0.8918656819682229, -0.9096902939231111, -0.9268509520463138, -0.9642708998499564, -0.9098841833742597], [0.9900760317509011, 0.9811778287888945, 0.9700347758421226, 0.9842412525533504, 0.9543250323777637, 0.9808840660477776, -0.9525576273223189, 1.0, 0.9826757104926848, 0.9800433179193813, 0.9799799380913456, 0.9831906288842118, 0.9762537120810909, 0.9753249581779785, 0.9800094415711672, 0.9827787633666553, 0.9877668522499998, 0.9998719165753855, 0.924130601003482, 0.6695380626752535, 0.9736980495607492, 0.8966314382608603, 0.28840688480564175, -0.31201370348400953, 0.9054492295514553, 0.9507503282300597, 0.9385022641881301, 0.9779153155731058, 0.9531036626654847, 0.9684881793301312, 0.9630669677467134, 0.9359945346278884, 0.9596898373920166, 0.9579523236850246, 0.9653569101087397], [0.9707590069882225, 0.9639516485468157, 0.9839691184469058, 0.9682148665143018, 0.9712426772335142, 0.9801643867065405, -0.9837672844501403, 0.9826757104926848, 1.0, 0.9638307171241604, 0.9644723858392847, 0.9663329377230458, 0.9735260180614101, 0.9706754423646663, 0.9642388817435881, 0.9792473201749581, 0.970845593014676, 0.9819952421398841, 0.8518316924114252, 0.5937611681070611, 0.9680179562021358, 0.9080246309337041, 0.1460204566897495, -0.23142396385455483, 0.8864781582004281, 0.9307312279034496, 0.9608069806771782, 0.9339635082356081, 0.8966554108726376, 0.9570091781401427, 0.9171201233901997, 0.9034430026104282, 0.9461340578392687, 0.9698059000828807, 0.9232245083214794], [0.9971663259020442, 0.9952356334136792, 0.9890017436503672, 0.9999716700588385, 0.984956354780153, 0.9689694818959811, -0.9491471340745624, 0.9800433179193813, 0.9638307171241604, 1.0, 0.9999877929652955, 0.9999827589063296, 0.9914034866205407, 0.9893660215244674, 0.9999486924324196, 0.9693661508626064, 0.9956254943949314, 0.9809987752199406, 0.9316811459921052, 0.6240530878187505, 0.9967322045474787, 0.9028362033266719, -0.031873952237401096, 0.426374880343132, 0.9138996014369934, 0.9502906221841952, 0.966889695488455, 0.9622104537415885, 0.9439525038786316, 0.9662445310315683, 0.9421528334707313, 0.9198499482746947, 0.9657487745314399, 0.9803230314760801, 0.9426233897325104], [0.9971503578500501, 0.9950789629881526, 0.9897025930386325, 0.9999895914561935, 0.9857070687392098, 0.9692935254556363, -0.9503249309539235, 0.9799799380913456, 0.9644723858392847, 0.9999877929652955, 1.0, 0.9999720730874884, 0.9915838286530355, 0.9895431865350135, 0.9999528176888636, 0.9696606267486514, 0.9956679080635208, 0.9809048678436114, 0.9308821812698015, 0.6202476380695087, 0.9970212933046843, 0.9021167289981785, -0.046718274454861056, 0.4218727314903005, 0.913120580164494, 0.9500827254440722, 0.9677569933795205, 0.9617071955882286, 0.9426831701763437, 0.9663515038195498, 0.9411264170029067, 0.9185484611524553, 0.9659343967185424, 0.9808298610458329, 0.941906986851344], [0.9976440558024487, 0.9943545087944056, 0.9862076554545447, 0.9999577743460589, 0.9817074307438116, 0.9719824315637853, -0.9457594374148378, 0.9831906288842118, 0.9663329377230458, 0.9999827589063296, 0.9999720730874884, 1.0, 0.9913631067506959, 0.9892874514879725, 0.9999621260544327, 0.9722982723034903, 0.995814492260491, 0.983713055912739, 0.9224784386460809, 0.6720248032945281, 0.9959174623930914, 0.9184619474703678, 0.16834635976583073, -0.1966057039599248, 0.9217602712017762, 0.9599831659508862, 0.9567483926883814, 0.9654216520570114, 0.9523748965658828, 0.9727154916148952, 0.9529824451467136, 0.9327527156603046, 0.972820891986808, 0.9677406272122379, 0.9515698606268692], [0.9933934599152049, 0.9924570937485943, 0.9970114412754878, 0.9915578216056329, 0.9860349132923737, 0.9772336928811455, -0.9745725773903552, 0.9762537120810909, 0.9735260180614101, 0.9914034866205407, 0.9915838286530355, 0.9913631067506959, 1.0, 0.9996907256488382, 0.9915320871780858, 0.9779124683740593, 0.9937066984548579, 0.9775436472190878, 0.9136218901751595, 0.5627145589873157, 0.9862792868550175, 0.8943738517731207, -0.3283872296486046, 0.44846969178686147, 0.9039640435928875, 0.9474153639309212, 0.9780308205188978, 0.9451661845889627, 0.905930576683655, 0.9473337781083873, 0.915721617778353, 0.8898751956485963, 0.9640735476181463, 0.9799590203327253, 0.9346878474747798], [0.9940902960299333, 0.9917580994933657, 0.9968124986570709, 0.9895527201196668, 0.982399543251562, 0.9752230756637421, -0.9761767475428552, 0.9753249581779785, 0.9706754423646663, 0.9893660215244674, 0.9895431865350135, 0.9892874514879725, 0.9996907256488382, 1.0, 0.9896139415915094, 0.9759440486214722, 0.9942409506081217, 0.9768576135696572, 0.9212006627917481, 0.44117828586065105, 0.9811302595860687, 0.8836319233533136, -0.7148133541929519, 0.42544437112657807, 0.876383857963352, 0.9437018976020325, 0.9773848672694312, 0.9378130874031998, 0.8887858664911229, 0.9384120750323817, 0.9130804789351773, 0.8685092126691191, 0.9662054147838459, 0.9782534990666415, 0.9269435805280025], [0.9971684423262894, 0.9950429692802154, 0.98945702302698, 0.999943399325201, 0.9853311591320831, 0.9691189153895721, -0.9499734788462764, 0.9800094415711672, 0.9642388817435881, 0.9999486924324196, 0.9999528176888636, 0.9999621260544327, 0.9915320871780858, 0.9896139415915094, 1.0, 0.9695133181200549, 0.9956588499952521, 0.9809793187197239, 0.9315385555976919, 0.6211631605329742, 0.9968447099901161, 0.9021110930405026, -0.04346922418847325, 0.42204728450843193, 0.9130617964745742, 0.9491334929141516, 0.9670717645851338, 0.9620124363473477, 0.9431824947481271, 0.9662839439583195, 0.9417494600448423, 0.9191603770882552, 0.9657680777591896, 0.9806939535073451, 0.9423583434542927], [0.9841434933236887, 0.9782520676473255, 0.9773027045989985, 0.9736874936979786, 0.9554160724301825, 0.9999040110897158, -0.9841373805214076, 0.9827787633666553, 0.9792473201749581, 0.9693661508626064, 0.9696606267486514, 0.9722982723034903, 0.9779124683740593, 0.9759440486214722, 0.9695133181200549, 1.0, 0.9865801229422619, 0.9820648662421558, 0.8866795936963355, 0.7015685083836671, 0.9657790045624102, 0.8887895553775051, 0.16803595390403284, -0.1954466567016529, 0.9445324449267891, 0.9534072077099114, 0.9567994650306116, 0.961268906061194, 0.9254693753860711, 0.9489561011197822, 0.9529913964727389, 0.9543478557013436, 0.9597791467529811, 0.9762003218308136, 0.96017306299328], [0.9996751394255005, 0.9967179371757598, 0.9878365491643971, 0.9960241841326789, 0.9755762776626217, 0.9862145618202314, -0.9653154765105925, 0.9877668522499998, 0.970845593014676, 0.9956254943949314, 0.9956679080635208, 0.995814492260491, 0.9937066984548579, 0.9942409506081217, 0.9956588499952521, 0.9865801229422619, 1.0, 0.9885927599531095, 0.9372390055889304, 0.6647028061564557, 0.9888791424512582, 0.8987028544315832, 0.008721910429295305, 0.4424185652832991, 0.9333216344034937, 0.9560914903247808, 0.9652425188768899, 0.9748711726536402, 0.9478716790713009, 0.9646258150544338, 0.9568803714925639, 0.9428739748094214, 0.9716746563910652, 0.9848937611217009, 0.9639993533274877], [0.9900808150309949, 0.9838494513721237, 0.9698748058051565, 0.9840466109212184, 0.9540320728885698, 0.9819500769312917, -0.9554866572742232, 0.9998719165753855, 0.9819952421398841, 0.9809987752199406, 0.9809048678436114, 0.983713055912739, 0.9775436472190878, 0.9768576135696572, 0.9809793187197239, 0.9820648662421558, 0.9885927599531095, 1.0, 0.9303664693584518, 0.6684415843951249, 0.9726631167424856, 0.9013904092617842, 0.25541736167462925, -0.2936119451801487, 0.9108367193739009, 0.9491437346953199, 0.9384715236560088, 0.9783599770254943, 0.9524339278741243, 0.9669783808369845, 0.9615236927330327, 0.9358138386722058, 0.958962191704477, 0.9558305124661423, 0.9665524053359308], [0.9205655632778588, 0.909736727900457, 0.828458250715978, 0.9064312343639083, 0.8073954763749389, 0.8630889234881645, -0.7771320125420895, 0.924130601003482, 0.8518316924114252, 0.9316811459921052, 0.9308821812698015, 0.9224784386460809, 0.9136218901751595, 0.9212006627917481, 0.9315385555976919, 0.8866795936963355, 0.9372390055889304, 0.9303664693584518, 1.0, 0.8394752503972329, 0.857970690483029, 0.8730887924557073, 0.6826088629925011, -0.532366762457136, 0.699061104610839, 0.9108358519255204, 0.8015048662372597, 0.9574590298998147, 0.9351578298369927, 0.9009721039694312, 0.9438971056020335, 0.8941632544976796, 0.8981769253076141, 0.8455149814346246, 0.8792311168034807], [0.7355685975077337, 0.748342848911097, 0.6240169767692366, 0.7046183604275439, 0.5869768239774095, 0.7024000275050358, -0.6005430822170876, 0.6695380626752535, 0.5937611681070611, 0.6240530878187505, 0.6202476380695087, 0.6720248032945281, 0.5627145589873157, 0.44117828586065105, 0.6211631605329742, 0.7015685083836671, 0.6647028061564557, 0.6684415843951249, 0.8394752503972329, 1.0, 0.6286600218116549, 0.7423661746786446, 0.7302960341565402, -0.11643933549610877, 0.537587646868341, 0.7387772977053841, 0.6334142892960309, 0.7894027164742882, 0.7241867760744144, 0.6617034264369702, 0.7609730688098196, 0.763367432041312, 0.6945133424207822, 0.6581542632552342, 0.7001791367783448], [0.9853436225158725, 0.9671683326714071, 0.9904619701213984, 0.9933957590480924, 0.9895385524145637, 0.9673764613271371, -0.9441914369565223, 0.9736980495607492, 0.9680179562021358, 0.9967322045474787, 0.9970212933046843, 0.9959174623930914, 0.9862792868550175, 0.9811302595860687, 0.9968447099901161, 0.9657790045624102, 0.9888791424512582, 0.9726631167424856, 0.857970690483029, 0.6286600218116549, 1.0, 0.8957094727128102, 0.3343665654782892, -0.2888553798192836, 0.8847786297079512, 0.9530786070305163, 0.9706321417232574, 0.939900525395877, 0.9444504143154536, 0.9697679780909378, 0.9403672909798587, 0.9095702291696985, 0.9683980285991036, 0.9545866455520792, 0.927419974464453], [0.9226027098372065, 0.9021353251583231, 0.9139699290470329, 0.924214580999202, 0.909830619948132, 0.893445865837772, -0.8846835390729613, 0.8966314382608603, 0.9080246309337041, 0.9028362033266719, 0.9021167289981785, 0.9184619474703678, 0.8943738517731207, 0.8836319233533136, 0.9021110930405026, 0.8887895553775051, 0.8987028544315832, 0.9013904092617842, 0.8730887924557073, 0.7423661746786446, 0.8957094727128102, 1.0, 0.38159588398892996, -0.1892886190197203, 0.7010487640290616, 0.9181234205819364, 0.8864076705666659, 0.8974688859181487, 0.8472818555994283, 0.9231604799242246, 0.8672030810620558, 0.8400335067844217, 0.9209565813318012, 0.8646705031400528, 0.8477526262881199], [0.4324381509841853, 0.4324894331138156, 0.26674567281070055, 0.4071244145586756, 0.24083574081397005, 0.29952281422833965, -0.15775420802766638, 0.28840688480564175, 0.1460204566897495, -0.031873952237401096, -0.046718274454861056, 0.16834635976583073, -0.3283872296486046, -0.7148133541929519, -0.04346922418847325, 0.16803595390403284, 0.008721910429295305, 0.25541736167462925, 0.6826088629925011, 0.7302960341565402, 0.3343665654782892, 0.38159588398892996, 1.0, -0.39312338404798425, 0.2900971300368715, 0.40289682589607734, 0.21662388099504018, 0.5105058130367452, 0.5082094326134236, 0.3683633661079771, 0.5278585818991571, 0.43955565159557475, 0.38729304463075714, 0.307350129781886, 0.4151501942856982], [-0.30388454867269676, -0.22892744787845032, -0.22739545688011706, -0.29512321769174843, -0.22031745257960056, -0.21664016071746975, 0.1517060830578296, -0.31201370348400953, -0.23142396385455483, 0.426374880343132, 0.4218727314903005, -0.1966057039599248, 0.44846969178686147, 0.42544437112657807, 0.42204728450843193, -0.1954466567016529, 0.4424185652832991, -0.2936119451801487, -0.532366762457136, -0.11643933549610877, -0.2888553798192836, -0.1892886190197203, -0.39312338404798425, 1.0, -0.14899294405746863, -0.32835054702275235, -0.1769569567015458, -0.3898870068838635, -0.3797483335286608, -0.32657362317789174, -0.3462043670597234, -0.20369769647810385, -0.3506741874575385, -0.17927357726842819, -0.31681420467243865], [0.9009988437097937, 0.8754743072199223, 0.9049524776950123, 0.8983930180339532, 0.8849476193514315, 0.936093096615854, -0.9041434747450356, 0.9054492295514553, 0.8864781582004281, 0.9138996014369934, 0.913120580164494, 0.9217602712017762, 0.9039640435928875, 0.876383857963352, 0.9130617964745742, 0.9445324449267891, 0.9333216344034937, 0.9108367193739009, 0.699061104610839, 0.537587646868341, 0.8847786297079512, 0.7010487640290616, 0.2900971300368715, -0.14899294405746863, 1.0, 0.8313373085805389, 0.8849367918263743, 0.81086995353316, 0.8588632479197286, 0.8272602607120491, 0.8664527029588589, 0.8610373268900418, 0.8568013108525818, 0.8670683122511775, 0.8945459327710136], [0.9714806792478113, 0.9596081459105569, 0.9445831203927108, 0.9679693992882539, 0.9327307220410874, 0.9530764640292022, -0.9135579472846996, 0.9507503282300597, 0.9307312279034496, 0.9502906221841952, 0.9500827254440722, 0.9599831659508862, 0.9474153639309212, 0.9437018976020325, 0.9491334929141516, 0.9534072077099114, 0.9560914903247808, 0.9491437346953199, 0.9108358519255204, 0.7387772977053841, 0.9530786070305163, 0.9181234205819364, 0.40289682589607734, -0.32835054702275235, 0.8313373085805389, 1.0, 0.9330895183244926, 0.9564797897913797, 0.9330994259088008, 0.9443158720535084, 0.9403894131447104, 0.9115290853021031, 0.9616012272938087, 0.9242460124665056, 0.9183606916945735], [0.9554361237361688, 0.9548103288410194, 0.979826874450975, 0.9617739208384655, 0.9771274192922423, 0.9600648415352292, -0.9581525793434095, 0.9385022641881301, 0.9608069806771782, 0.966889695488455, 0.9677569933795205, 0.9567483926883814, 0.9780308205188978, 0.9773848672694312, 0.9670717645851338, 0.9567994650306116, 0.9652425188768899, 0.9384715236560088, 0.8015048662372597, 0.6334142892960309, 0.9706321417232574, 0.8864076705666659, 0.21662388099504018, -0.1769569567015458, 0.8849367918263743, 0.9330895183244926, 1.0, 0.9040662651652096, 0.8829606314781868, 0.9381790085642102, 0.8848051625944745, 0.8842143533478611, 0.9445861109214536, 0.9708746702163339, 0.8844008209043235], [0.9802330864698421, 0.958424558605662, 0.930200818132209, 0.9710086352160853, 0.9094773821386085, 0.957938787980361, -0.9003388437343347, 0.9779153155731058, 0.9339635082356081, 0.9622104537415885, 0.9617071955882286, 0.9654216520570114, 0.9451661845889627, 0.9378130874031998, 0.9620124363473477, 0.961268906061194, 0.9748711726536402, 0.9783599770254943, 0.9574590298998147, 0.7894027164742882, 0.939900525395877, 0.8974688859181487, 0.5105058130367452, -0.3898870068838635, 0.81086995353316, 0.9564797897913797, 0.9040662651652096, 1.0, 0.9856205344377614, 0.9650236273821499, 0.9897729540579522, 0.9507454073587898, 0.9586823506412019, 0.9113356093297962, 0.9663530175972894], [0.9644614135293441, 0.9505878457901249, 0.9127628935133945, 0.9615601812997765, 0.8987887489473725, 0.9285986174626639, -0.8605242687653359, 0.9531036626654847, 0.8966554108726376, 0.9439525038786316, 0.9426831701763437, 0.9523748965658828, 0.905930576683655, 0.8887858664911229, 0.9431824947481271, 0.9254693753860711, 0.9478716790713009, 0.9524339278741243, 0.9351578298369927, 0.7241867760744144, 0.9444504143154536, 0.8472818555994283, 0.5082094326134236, -0.3797483335286608, 0.8588632479197286, 0.9330994259088008, 0.8829606314781868, 0.9856205344377614, 1.0, 0.949962449848555, 0.9830307568699881, 0.9548554441124963, 0.9352958819501359, 0.9179582180358937, 0.961589399078589], [0.9757791506214196, 0.9655627999668869, 0.9648828310613142, 0.9780782016313706, 0.9588851829979499, 0.952386559550516, -0.9262138066271612, 0.9684881793301312, 0.9570091781401427, 0.9662445310315683, 0.9663515038195498, 0.9727154916148952, 0.9473337781083873, 0.9384120750323817, 0.9662839439583195, 0.9489561011197822, 0.9646258150544338, 0.9669783808369845, 0.9009721039694312, 0.6617034264369702, 0.9697679780909378, 0.9231604799242246, 0.3683633661079771, -0.32657362317789174, 0.8272602607120491, 0.9443158720535084, 0.9381790085642102, 0.9650236273821499, 0.949962449848555, 1.0, 0.9529369616958058, 0.9166207242752752, 0.9757380688931788, 0.9567374513500659, 0.9426347198683517], [0.9722542312494925, 0.9566593458100983, 0.9204216220564635, 0.9623806902013001, 0.8984939374284265, 0.9521109296455744, -0.8918656819682229, 0.9630669677467134, 0.9171201233901997, 0.9421528334707313, 0.9411264170029067, 0.9529824451467136, 0.915721617778353, 0.9130804789351773, 0.9417494600448423, 0.9529913964727389, 0.9568803714925639, 0.9615236927330327, 0.9438971056020335, 0.7609730688098196, 0.9403672909798587, 0.8672030810620558, 0.5278585818991571, -0.3462043670597234, 0.8664527029588589, 0.9403894131447104, 0.8848051625944745, 0.9897729540579522, 0.9830307568699881, 0.9529369616958058, 1.0, 0.9733593410166798, 0.9430693432101127, 0.9358365871050086, 0.9619017838545774], [0.9456244062486089, 0.9436014108174476, 0.9064689611455614, 0.9342440022400076, 0.8797115099376135, 0.9549876565206283, -0.9096902939231111, 0.9359945346278884, 0.9034430026104282, 0.9198499482746947, 0.9185484611524553, 0.9327527156603046, 0.8898751956485963, 0.8685092126691191, 0.9191603770882552, 0.9543478557013436, 0.9428739748094214, 0.9358138386722058, 0.8941632544976796, 0.763367432041312, 0.9095702291696985, 0.8400335067844217, 0.43955565159557475, -0.20369769647810385, 0.8610373268900418, 0.9115290853021031, 0.8842143533478611, 0.9507454073587898, 0.9548554441124963, 0.9166207242752752, 0.9733593410166798, 1.0, 0.9057249071805337, 0.9320565357121395, 0.9527360922490281], [0.9801304831994747, 0.9690925231999288, 0.9668446288203616, 0.9781147466173699, 0.9562211873680534, 0.9573765059277294, -0.9268509520463138, 0.9596898373920166, 0.9461340578392687, 0.9657487745314399, 0.9659343967185424, 0.972820891986808, 0.9640735476181463, 0.9662054147838459, 0.9657680777591896, 0.9597791467529811, 0.9716746563910652, 0.958962191704477, 0.8981769253076141, 0.6945133424207822, 0.9683980285991036, 0.9209565813318012, 0.38729304463075714, -0.3506741874575385, 0.8568013108525818, 0.9616012272938087, 0.9445861109214536, 0.9586823506412019, 0.9352958819501359, 0.9757380688931788, 0.9430693432101127, 0.9057249071805337, 1.0, 0.9535216048361265, 0.9403763902951239], [0.9708104493586299, 0.960922074346298, 0.9740989300663078, 0.9694180993581162, 0.9620733975109514, 0.9767184097491406, -0.9642708998499564, 0.9579523236850246, 0.9698059000828807, 0.9803230314760801, 0.9808298610458329, 0.9677406272122379, 0.9799590203327253, 0.9782534990666415, 0.9806939535073451, 0.9762003218308136, 0.9848937611217009, 0.9558305124661423, 0.8455149814346246, 0.6581542632552342, 0.9545866455520792, 0.8646705031400528, 0.307350129781886, -0.17927357726842819, 0.8670683122511775, 0.9242460124665056, 0.9708746702163339, 0.9113356093297962, 0.9179582180358937, 0.9567374513500659, 0.9358365871050086, 0.9320565357121395, 0.9535216048361265, 1.0, 0.9170924912352012], [0.9545802096005255, 0.9484371908774013, 0.9234834676552788, 0.9459264587349699, 0.8993023036075866, 0.9554200879660416, -0.9098841833742597, 0.9653569101087397, 0.9232245083214794, 0.9426233897325104, 0.941906986851344, 0.9515698606268692, 0.9346878474747798, 0.9269435805280025, 0.9423583434542927, 0.96017306299328, 0.9639993533274877, 0.9665524053359308, 0.8792311168034807, 0.7001791367783448, 0.927419974464453, 0.8477526262881199, 0.4151501942856982, -0.31681420467243865, 0.8945459327710136, 0.9183606916945735, 0.8844008209043235, 0.9663530175972894, 0.961589399078589, 0.9426347198683517, 0.9619017838545774, 0.9527360922490281, 0.9403763902951239, 0.9170924912352012, 1.0]], "x": ["^TAIEX       \u81fa\u7063\u52a0\u6b0a\u5831\u916c\u6307\u6578", "^TWII        \u81fa\u7063\u52a0\u6b0a\u6307\u6578", "^TAIEXx2     \u81fa\u7063\u52a0\u6b0a\u5831\u916c\u6307\u6578_\u65e5\u6b632", "^TAI50I      \u81fa\u706350\u5831\u916c\u6307\u6578", "^TAI50Ix2    \u81fa\u706350\u5831\u916c\u6307\u6578_\u65e5\u6b632", "^TAI100I     \u81fa\u7063\u4e2d\u578b100\u5831\u916c\u6307\u6578", "^TAI100Ix2   \u81fa\u7063\u4e2d\u578b100\u5831\u916c\u6307\u6578_\u65e5\u6b632", "^TAIDIVIDI   \u81fa\u7063\u9ad8\u80a1\u606f\u5831\u916c\u6307\u6578", "^TAIDIVIDIx2 \u81fa\u7063\u9ad8\u80a1\u606f\u5831\u916c\u6307\u6578_\u65e5\u6b632", "0050Fund     \u5143\u5927\u53f0\u7063\u5353\u8d8a50\u57fa\u91d1", "006208Fund   \u5bcc\u90a6\u53f0\u7063\u91c6\u540950\u57fa\u91d1", "0050         \u5143\u5927\u81fa\u706350", "00631L       \u5143\u5927\u53f0\u706350\u6b632", "00675L       \u5bcc\u90a6\u81fa\u7063\u52a0\u6b0a\u6b632", "006208       \u5bcc\u90a6\u53f050", "0051         \u5143\u5927\u4e2d\u578b100", "006204       \u6c38\u8c50\u81fa\u7063\u52a0\u6b0a", "0056         \u5143\u5927\u9ad8\u80a1\u606f", "2412         \u4e2d\u83ef\u96fb\u4fe1", "2002         \u4e2d\u92fc", "2330         \u53f0\u7a4d\u96fb", "2317         \u9d3b\u6d77", "6505         \u53f0\u5851\u77f3\u5316", "3481         \u7fa4\u5275", "2303         \u806f\u96fb", "2308         \u53f0\u9054\u96fb", "2454         \u806f\u767c\u79d1", "2886         \u5146\u8c50\u91d1", "2884         \u7389\u5c71\u91d1", "2891         \u4e2d\u4fe1\u91d1", "2892         \u7b2c\u4e00\u91d1", "5880         \u5408\u5eab\u91d1", "2881         \u5bcc\u90a6\u91d1", "2885         \u5143\u5927\u91d1", "2887         \u53f0\u65b0\u91d1"], "y": ["^TAIEX       \u81fa\u7063\u52a0\u6b0a\u5831\u916c\u6307\u6578", "^TWII        \u81fa\u7063\u52a0\u6b0a\u6307\u6578", "^TAIEXx2     \u81fa\u7063\u52a0\u6b0a\u5831\u916c\u6307\u6578_\u65e5\u6b632", "^TAI50I      \u81fa\u706350\u5831\u916c\u6307\u6578", "^TAI50Ix2    \u81fa\u706350\u5831\u916c\u6307\u6578_\u65e5\u6b632", "^TAI100I     \u81fa\u7063\u4e2d\u578b100\u5831\u916c\u6307\u6578", "^TAI100Ix2   \u81fa\u7063\u4e2d\u578b100\u5831\u916c\u6307\u6578_\u65e5\u6b632", "^TAIDIVIDI   \u81fa\u7063\u9ad8\u80a1\u606f\u5831\u916c\u6307\u6578", "^TAIDIVIDIx2 \u81fa\u7063\u9ad8\u80a1\u606f\u5831\u916c\u6307\u6578_\u65e5\u6b632", "0050Fund     \u5143\u5927\u53f0\u7063\u5353\u8d8a50\u57fa\u91d1", "006208Fund   \u5bcc\u90a6\u53f0\u7063\u91c6\u540950\u57fa\u91d1", "0050         \u5143\u5927\u81fa\u706350", "00631L       \u5143\u5927\u53f0\u706350\u6b632", "00675L       \u5bcc\u90a6\u81fa\u7063\u52a0\u6b0a\u6b632", "006208       \u5bcc\u90a6\u53f050", "0051         \u5143\u5927\u4e2d\u578b100", "006204       \u6c38\u8c50\u81fa\u7063\u52a0\u6b0a", "0056         \u5143\u5927\u9ad8\u80a1\u606f", "2412         \u4e2d\u83ef\u96fb\u4fe1", "2002         \u4e2d\u92fc", "2330         \u53f0\u7a4d\u96fb", "2317         \u9d3b\u6d77", "6505         \u53f0\u5851\u77f3\u5316", "3481         \u7fa4\u5275", "2303         \u806f\u96fb", "2308         \u53f0\u9054\u96fb", "2454         \u806f\u767c\u79d1", "2886         \u5146\u8c50\u91d1", "2884         \u7389\u5c71\u91d1", "2891         \u4e2d\u4fe1\u91d1", "2892         \u7b2c\u4e00\u91d1", "5880         \u5408\u5eab\u91d1", "2881         \u5bcc\u90a6\u91d1", "2885         \u5143\u5927\u91d1", "2887         \u53f0\u65b0\u91d1"], "zmin": -1, "zmax": 1, "colorbar": {"x": -0.2}}], "layout": {"autotypenumbers": "strict", "colorway": ["#636efa", "#EF553B", "#00cc96", "#ab63fa", "#FFA15A", "#19d3f3", "#FF6692", "#B6E880", "#FF97FF", "#FECB52"], "font": {"color": "#f2f5fa", "family": "Courier New"}, "hovermode": "closest", "hoverlabel": {"align": "left"}, "paper_bgcolor": "rgb(17,17,17)", "plot_bgcolor": "rgb(17,17,17)", "polar": {"bgcolor": "rgb(17,17,17)", "angularaxis": {"gridcolor": "#506784", "linecolor": "#506784", "ticks": ""}, "radialaxis": {"gridcolor": "#506784", "linecolor": "#506784", "ticks": ""}}, "ternary": {"bgcolor": "rgb(17,17,17)", "aaxis": {"gridcolor": "#506784", "linecolor": "#506784", "ticks": ""}, "baxis": {"gridcolor": "#506784", "linecolor": "#506784", "ticks": ""}, "caxis": {"gridcolor": "#506784", "linecolor": "#506784", "ticks": ""}}, "coloraxis": {"colorbar": {"outlinewidth": 0, "ticks": ""}}, "colorscale": {"sequential": [[0.0, "#0d0887"], [0.1111111111111111, "#46039f"], [0.2222222222222222, "#7201a8"], [0.3333333333333333, "#9c179e"], [0.4444444444444444, "#bd3786"], [0.5555555555555556, "#d8576b"], [0.6666666666666666, "#ed7953"], [0.7777777777777778, "#fb9f3a"], [0.8888888888888888, "#fdca26"], [1.0, "#f0f921"]], "sequentialminus": [[0.0, "#0d0887"], [0.1111111111111111, "#46039f"], [0.2222222222222222, "#7201a8"], [0.3333333333333333, "#9c179e"], [0.4444444444444444, "#bd3786"], [0.5555555555555556, "#d8576b"], [0.6666666666666666, "#ed7953"], [0.7777777777777778, "#fb9f3a"], [0.8888888888888888, "#fdca26"], [1.0, "#f0f921"]], "diverging": [[0, "#8e0152"], [0.1, "#c51b7d"], [0.2, "#de77ae"], [0.3, "#f1b6da"], [0.4, "#fde0ef"], [0.5, "#f7f7f7"], [0.6, "#e6f5d0"], [0.7, "#b8e186"], [0.8, "#7fbc41"], [0.9, "#4d9221"], [1, "#276419"]]}, "xaxis": {"gridcolor": "rgba(0, 0, 0, 0)", "linecolor": "#506784", "ticks": "", "title": {"standoff": 15}, "zerolinecolor": "#283442", "automargin": true, "zerolinewidth": 2, "tickfont": {"family": "Courier New", "size": 14}, "side": "top", "tickangle": -90}, "yaxis": {"gridcolor": "rgba(0, 0, 0, 0)", "linecolor": "#506784", "ticks": "", "title": {"standoff": 15}, "zerolinecolor": "#283442", "automargin": true, "zerolinewidth": 2, "tickfont": {"family": "Courier New"}, "side": "right"}, "scene": {"xaxis": {"backgroundcolor": "rgb(17,17,17)", "gridcolor": "#506784", "linecolor": "#506784", "showbackground": true, "ticks": "", "zerolinecolor": "#C8D4E3", "gridwidth": 2}, "yaxis": {"backgroundcolor": "rgb(17,17,17)", "gridcolor": "#506784", "linecolor": "#506784", "showbackground": true, "ticks": "", "zerolinecolor": "#C8D4E3", "gridwidth": 2}, "zaxis": {"backgroundcolor": "rgb(17,17,17)", "gridcolor": "#506784", "linecolor": "#506784", "showbackground": true, "ticks": "", "zerolinecolor": "#C8D4E3", "gridwidth": 2}}, "shapedefaults": {"line": {"color": "#f2f5fa"}}, "annotationdefaults": {"arrowcolor": "#f2f5fa", "arrowhead": 0, "arrowwidth": 1}, "geo": {"bgcolor": "rgb(17,17,17)", "landcolor": "rgb(17,17,17)", "subunitcolor": "#506784", "showland": true, "showlakes": true, "lakecolor": "rgb(17,17,17)"}, "title": {"x": 0.05, "font": {"family": "Times New Roman"}, "y": 0.05, "text": "<b>Correlation of Adj Close<b><br><i>2016-09-23 ~ 2025-08-15<i>"}, "updatemenudefaults": {"bgcolor": "#506784", "borderwidth": 0}, "sliderdefaults": {"bgcolor": "#C8D4E3", "borderwidth": 1, "bordercolor": "rgb(17,17,17)", "tickwidth": 0}, "mapbox": {"style": "dark"}, "annotations": [{"text": "<b>@zwindr<b>", "textangle": 0, "opacity": 0.5, "font": {"color": "white", "size": 12}, "xref": "paper", "yref": "paper", "xanchor": "left", "yanchor": "bottom", "x": 1.0, "y": 1.0, "showarrow": false}]}, "config": {"responsive": true, "toImageButtonOptions": {"filename": "Correlation of Adj Close_2016-09-23~2025-08-15", "scale": 5}}};

    Plotly.newPlot("correlationAdjClose",
        correlationAdjClose.data,
        correlationAdjClose.layout || {},
        correlationAdjClose.config);
} else {
    // The element with the specified ID does not exist
    console.log("style display is none => correlationAdjClose");
}