var element=document.getElementById("correlationAdjClose");if(element.style.display!='none'){var correlationAdjClose={"data":[{"type":"heatmap","z":[[1.0,0.994639449643744,0.9763504678995664,0.9972953362966864,0.9599706172645137,0.9830450695569115,0.9496614983903314,0.9897530272574797,0.9734123733831762,0.9974392364763881,0.9968704339477164,0.9973570916430559,0.9935113245998877,0.9943470391827478,0.9969367455237212,0.9848896779446178,0.9996979205571295,0.9896513343373876,0.9012108655629848,0.9207866486210498,0.711445581610033,0.9850452403893494,0.9292412919755705,0.3867246789265343,-0.3007639678577533,0.8991677182290009,0.9400855048990956,0.9588834074025476,0.9794919249825136,0.966133839657809,0.9776151945655792,0.9723708637568953,0.9435704676718696,0.9816801443687603,0.9733613334194615,0.9552302381713558],[0.994639449643744,1.0,0.972057311795507,0.9915429080085055,0.9554148335647404,0.9789669068010896,0.9453065021496485,0.9816658093757279,0.9672122026251008,0.9928661238358826,0.994911891879423,0.9943465247083617,0.9925103080862121,0.9921475804024311,0.9949381558803887,0.9796123979114025,0.9970556098949221,0.9840600527844725,0.9233535221616537,0.9105586444903283,0.7281609456490351,0.9683227628280217,0.9109215840916863,0.3866267577449218,-0.22975521371135335,0.876026314624556,0.9316294478904745,0.9581206440191345,0.9593050554069926,0.9532985368133418,0.9681634235423644,0.9580489643639931,0.9422436087559258,0.9716042792873096,0.9642041276202318,0.9498848289565016],[0.9763504678995664,0.972057311795507,1.0,0.9842442494218108,0.9950657663536726,0.9756255689424354,0.9772121863303388,0.9654917293725377,0.9817521732515336,0.9838862177186438,0.9905488077753621,0.987191517516539,0.9969514512378925,0.9967316861855534,0.9902789038677179,0.9735104402568968,0.9865376830889211,0.9651523294528209,0.8698715801147575,0.8277759919830499,0.5904775152378474,0.9915421068573892,0.9252760874061646,0.216576278547175,-0.224882022794741,0.8918034230610934,0.9389102418075049,0.9772135333152526,0.9261675639918672,0.9137131998359627,0.9668423596755911,0.9180000913442192,0.897370725182751,0.96560969485224,0.9731632534381219,0.9193226982668091],[0.9972953362966864,0.9915429080085055,0.9842442494218108,1.0,0.9743585743598561,0.9748824147801063,0.9458129527300452,0.9825581022036691,0.970489821969339,0.9999676165245466,0.9999909198143047,0.9999609678731013,0.9926662829992169,0.9909734259360435,0.9999471749319211,0.9739998705326621,0.9957713066246632,0.9821809457755623,0.8867373716430156,0.9047132262040386,0.6764165811776359,0.9937408180758426,0.9326463873461845,0.356651918606477,-0.2906826143641539,0.893116986135229,0.9461612200772281,0.9641112861888952,0.9686564600154498,0.9618569005200138,0.9799889032420975,0.9611491143972728,0.9297990723465199,0.9790375303414884,0.9716836939353641,0.9450984677376602],[0.9599706172645137,0.9554148335647404,0.9950657663536726,0.9743585743598561,1.0,0.9509425938198626,0.9570863042381195,0.944149248008119,0.9647587491228605,0.9743825246391103,0.9836162998449505,0.9797166466053662,0.9842105877313018,0.9809336108765573,0.9831481087156239,0.9474317756983595,0.9704046122446762,0.943547275262121,0.8421404191840016,0.8011483243252363,0.5457498359707679,0.9882718064413827,0.920406648269574,0.1842082401898204,-0.21545187347019404,0.8633486869499191,0.9398155066857906,0.968553670526602,0.899912486270064,0.8947240606073762,0.9573858034437069,0.8911696695000179,0.8641584396874651,0.9502808465043351,0.956973385316482,0.8902419671836076],[0.9830450695569115,0.9789669068010896,0.9756255689424354,0.9748824147801063,0.9509425938198626,1.0,0.9829969684939037,0.9821618894494948,0.9817266175888155,0.9742671165917648,0.9694707454621311,0.9726165588991083,0.9754588966944439,0.9731414202690365,0.9694131682131057,0.9999001091461743,0.9867848626793836,0.983125059170474,0.9023566022654383,0.8692090951742225,0.6798464155672809,0.9673304982864167,0.900577975334669,0.2592901808091813,-0.21885554608563218,0.9333948558780405,0.9151954630702777,0.9630427231541863,0.9599467215182038,0.9336384130475677,0.9556981787077402,0.9547087355748327,0.9542589206410371,0.9608327148975517,0.978506697686176,0.9568356166512185],[0.9496614983903314,0.9453065021496485,0.9772121863303388,0.9458129527300452,0.9570863042381195,0.9829969684939037,1.0,0.9548027454615082,0.9849435770157577,0.9443607849069235,0.9554061425690646,0.9515534369688812,0.9761499750185334,0.9771324143094451,0.9551206770391176,0.9844446627544163,0.9688870012457793,0.9574284472866095,0.8699254315873113,0.7874112308119067,0.5749131774280445,0.9499988513627222,0.8976983536373424,0.11796859920293881,-0.156316447151241,0.8984745251153546,0.897588414232522,0.9612967237349984,0.9047170383965544,0.8704731827740767,0.9340258234603765,0.8973450541197944,0.9081170745691686,0.9330196144161765,0.9675211622020019,0.9122389163028443],[0.9897530272574797,0.9816658093757279,0.9654917293725377,0.9825581022036691,0.944149248008119,0.9821618894494948,0.9548027454615082,1.0,0.9834509125296756,0.982516405931031,0.9781266018277287,0.9814859471098988,0.973969677144118,0.9730899605538583,0.9782776250560108,0.9839704526536724,0.9877098839326778,0.9998785213927829,0.9277350704802902,0.9278248200241831,0.6468978828765852,0.970946543015831,0.8998579571529183,0.23980076792988597,-0.3107971348422391,0.9055880702135419,0.9014332512682784,0.9424896330403552,0.9790889096006965,0.9562379358257277,0.9687882909377682,0.9653201617571541,0.937298280685932,0.9624061334871906,0.9604632037693701,0.9666635059433913],[0.9734123733831762,0.9672122026251008,0.9817521732515336,0.970489821969339,0.9647587491228605,0.9817266175888155,0.9849435770157577,0.9834509125296756,1.0,0.9696830598352176,0.9664732934835077,0.9686392882620078,0.9737478250521486,0.9707931580209925,0.9663401298456856,0.9807511051170285,0.9734570729863958,0.9827909125251936,0.9036789623121941,0.8592248309583878,0.5682095910447682,0.9691554573196103,0.9146653018042304,0.09809303708870727,-0.23218028005724153,0.8847630398837878,0.8975866013421278,0.9637701715769087,0.9372344784057351,0.9039504089357505,0.9604488850537501,0.9219282004983136,0.9045052499657176,0.9508094553331947,0.9724807065248754,0.9260769483113972],[0.9974392364763881,0.9928661238358826,0.9838862177186438,0.9999676165245466,0.9743825246391103,0.9742671165917648,0.9443607849069235,0.982516405931031,0.9696830598352176,1.0,0.999989297042944,0.9999833295014304,0.9925392515835609,0.9908195257851017,0.999952657724455,0.9733955533372386,0.9956390752473893,0.9822373662597064,0.8886153254275273,0.9058335553154051,0.6749221890921057,0.9939341295941352,0.9325054659377201,0.3618488481801894,-0.29008307347867124,0.8940829249163414,0.9444774880435686,0.9626460377324151,0.9683982926446275,0.9610848152256761,0.9789601024418136,0.9605501228212804,0.9283590648014575,0.9782214177061384,0.9704608322615723,0.9434866796131587],[0.9968704339477164,0.994911891879423,0.9905488077753621,0.9999909198143047,0.9836162998449505,0.9694707454621311,0.9554061425690646,0.9781266018277287,0.9664732934835077,0.999989297042944,1.0,0.9999733670615151,0.9926921420851562,0.9909702364570739,0.9999555437069555,0.9693876115929428,0.9954213249065825,0.978852366357784,0.9131651740692405,0.9323477943116057,0.5705222553529433,0.9971924892122823,0.9151300271206494,-0.11529064678637281,0.4038161242043408,0.8984249799295115,0.9140961051663062,0.9679796821019333,0.9599835264846185,0.9448811341487291,0.9699848297514693,0.9410165684679307,0.9101045940308398,0.9683116530742959,0.9811829597929379,0.939752705984815],[0.9973570916430559,0.9943465247083617,0.987191517516539,0.9999609678731013,0.9797166466053662,0.9726165588991083,0.9515534369688812,0.9814859471098988,0.9686392882620078,0.9999833295014304,0.9999733670615151,1.0,0.9925409849410307,0.9907923031652834,0.9999636285616075,0.9725636181136115,0.995550998437459,0.9817593781336423,0.8965582405470651,0.9221264423412935,0.6292228410308064,0.9961603937473202,0.9284556491334035,0.10005677859391181,-0.1939470503346861,0.910623284435265,0.9295472327719281,0.9590534811544913,0.9630031263606904,0.9527620069276395,0.9753336543658361,0.9518203544048159,0.9259024063703707,0.9743605518819036,0.970216208137485,0.9486950970773621],[0.9935113245998877,0.9925103080862121,0.9969514512378925,0.9926662829992169,0.9842105877313018,0.9754588966944439,0.9761499750185334,0.973969677144118,0.9737478250521486,0.9925392515835609,0.9926921420851562,0.9925409849410307,1.0,0.9997365199638979,0.9926880265042625,0.975419061007558,0.993531714578739,0.9748730058087164,0.9085116897868963,0.918878488874506,0.5037291624797111,0.9880764137743366,0.9095899248750506,-0.3880330917350798,0.423872197185087,0.8847691021949099,0.9078991398803736,0.9750409707597663,0.944295397210228,0.9124969882388291,0.9533174659773354,0.9182444741867283,0.8807254991356129,0.9663073125896732,0.9793249511744159,0.9327361720585202],[0.9943470391827478,0.9921475804024311,0.9967316861855534,0.9909734259360435,0.9809336108765573,0.9731414202690365,0.9771324143094451,0.9730899605538583,0.9707931580209925,0.9908195257851017,0.9909702364570739,0.9907923031652834,0.9997365199638979,1.0,0.9910997086919912,0.9730187397173401,0.9941988565931581,0.9741922980628722,0.8945409310609952,0.9277574845252117,0.3710235013551459,0.9837314758912451,0.9016800726055401,-0.7463151522608419,0.3969784488554728,0.8538409788458389,0.9031430710546803,0.9730759293060592,0.9380320559816271,0.8993364637669948,0.9459547311080843,0.9179584802949627,0.859387062124467,0.9676445329159894,0.9775512224686388,0.9259501816129594],[0.9969367455237212,0.9949381558803887,0.9902789038677179,0.9999471749319211,0.9831481087156239,0.9694131682131057,0.9551206770391176,0.9782776250560108,0.9663401298456856,0.999952657724455,0.9999555437069555,0.9999636285616075,0.9926880265042625,0.9910997086919912,1.0,0.9693302421457505,0.9954672059917171,0.9789668121113353,0.9134118438155249,0.9329251927110417,0.5704466353240637,0.9970068760461679,0.9152785266638244,-0.11324470963107672,0.40364180879042183,0.8983086404520887,0.9119161798229561,0.967298419533572,0.9602098091587734,0.945166860535803,0.9699250251782128,0.9415374678397974,0.9105429193894041,0.9682458236804111,0.9810628059265029,0.9402931259559111],[0.9848896779446178,0.9796123979114025,0.9735104402568968,0.9739998705326621,0.9474317756983595,0.9999001091461743,0.9844446627544163,0.9839704526536724,0.9807511051170285,0.9733955533372386,0.9693876115929428,0.9725636181136115,0.975419061007558,0.9730187397173401,0.9693302421457505,1.0,0.9869226339115315,0.9833004417392124,0.905263598724222,0.8929339700437654,0.6734629236367065,0.965095448909715,0.8950887302244337,0.11793225910067014,-0.1974348066300835,0.9411436949461867,0.9047696182935812,0.9599606250508945,0.9633430330730157,0.9308182666502068,0.9521896145357088,0.9558016189666069,0.9535256747417493,0.9630294994586737,0.9778384955567418,0.9612939685783832],[0.9996979205571295,0.9970556098949221,0.9865376830889211,0.9957713066246632,0.9704046122446762,0.9867848626793836,0.9688870012457793,0.9877098839326778,0.9734570729863958,0.9956390752473893,0.9954213249065825,0.995550998437459,0.993531714578739,0.9941988565931581,0.9954672059917171,0.9869226339115315,1.0,0.9883851511593339,0.9285874036324107,0.940210942073208,0.6226295373758195,0.9884083504535606,0.9084067504080512,-0.055796601230431654,0.4282250819758402,0.9241215244358976,0.9082782101845687,0.9674847742319415,0.9747120680139061,0.9510989248269478,0.967798416664835,0.9579996226106875,0.9379971290577156,0.974354377989699,0.9861331263368407,0.9631367692954799],[0.9896513343373876,0.9840600527844725,0.9651523294528209,0.9821809457755623,0.943547275262121,0.983125059170474,0.9574284472866095,0.9998785213927829,0.9827909125251936,0.9822373662597064,0.978852366357784,0.9817593781336423,0.9748730058087164,0.9741922980628722,0.9789668121113353,0.9833004417392124,0.9883851511593339,1.0,0.9306897819293697,0.9340268962990018,0.6445915016570241,0.9696152515321914,0.9038703034918778,0.20416019178377798,-0.29221638167749947,0.910646384567595,0.8961039106426657,0.9424728879640275,0.9795565157641245,0.955614039298638,0.9672586510403133,0.9639345237474664,0.9370623485840598,0.961696087174251,0.9585060233929691,0.9678423910160109],[0.9012108655629848,0.9233535221616537,0.8698715801147575,0.8867373716430156,0.8421404191840016,0.9023566022654383,0.8699254315873113,0.9277350704802902,0.9036789623121941,0.8886153254275273,0.9131651740692405,0.8965582405470651,0.9085116897868963,0.8945409310609952,0.9134118438155249,0.905263598724222,0.9285874036324107,0.9306897819293697,1.0,0.8240585909411493,0.7065981905159398,0.8599986734900462,0.8114838066258245,0.27720551558414575,-0.16212198630340277,0.8542235053905081,0.7790550400603151,0.8532022180173969,0.8898725812647025,0.8555313090276165,0.8562169180525618,0.868472872499738,0.8544161727162707,0.8543671706941035,0.8765938946385943,0.8938876908088657],[0.9207866486210498,0.9105586444903283,0.8277759919830499,0.9047132262040386,0.8011483243252363,0.8692090951742225,0.7874112308119067,0.9278248200241831,0.8592248309583878,0.9058335553154051,0.9323477943116057,0.9221264423412935,0.918878488874506,0.9277574845252117,0.9329251927110417,0.8929339700437654,0.940210942073208,0.9340268962990018,0.8240585909411493,1.0,0.8307301277266963,0.855845193645604,0.8712724176857838,0.6486203556318769,-0.5271435193115268,0.7097657603630537,0.8584895070634501,0.8093791405765429,0.9588023800606503,0.9368929815219272,0.9004157567586495,0.9459907880903388,0.898406847496979,0.9005275453391668,0.8503126703268856,0.884236021811805],[0.711445581610033,0.7281609456490351,0.5904775152378474,0.6764165811776359,0.5457498359707679,0.6798464155672809,0.5749131774280445,0.6468978828765852,0.5682095910447682,0.6749221890921057,0.5705222553529433,0.6292228410308064,0.5037291624797111,0.3710235013551459,0.5704466353240637,0.6734629236367065,0.6226295373758195,0.6445915016570241,0.7065981905159398,0.8307301277266963,1.0,0.6031102172699463,0.7126576883079073,0.7253124828024059,-0.11670847345410448,0.5368205447244181,0.649077280741653,0.6167783151474889,0.7777518151401995,0.7089367561590006,0.637879405892176,0.7459636377314868,0.7567464278697835,0.6760329005174153,0.6418151036179138,0.6894603894650743],[0.9850452403893494,0.9683227628280217,0.9915421068573892,0.9937408180758426,0.9882718064413827,0.9673304982864167,0.9499988513627222,0.970946543015831,0.9691554573196103,0.9939341295941352,0.9971924892122823,0.9961603937473202,0.9880764137743366,0.9837314758912451,0.9970068760461679,0.965095448909715,0.9884083504535606,0.9696152515321914,0.8599986734900462,0.855845193645604,0.6031102172699463,1.0,0.908283437976578,0.28279257079083625,-0.2830314822565,0.8769183354489939,0.9434124385912342,0.9705017334397501,0.9365931340644725,0.9437389503317869,0.9719585719330022,0.9382147669625195,0.9031209654757254,0.9686482622390422,0.9571031238994868,0.9253098180766067],[0.9292412919755705,0.9109215840916863,0.9252760874061646,0.9326463873461845,0.920406648269574,0.900577975334669,0.8976983536373424,0.8998579571529183,0.9146653018042304,0.9325054659377201,0.9151300271206494,0.9284556491334035,0.9095899248750506,0.9016800726055401,0.9152785266638244,0.8950887302244337,0.9084067504080512,0.9038703034918778,0.8114838066258245,0.8712724176857838,0.7126576883079073,0.908283437976578,1.0,0.32449349500759805,-0.18965467105252024,0.7094882876375561,0.911383173651411,0.8962011617501974,0.8996881763230362,0.8568809819222308,0.9312184979441048,0.8722077087046619,0.8413993998501078,0.9267292280509921,0.8773841952627052,0.8532873357646512],[0.3867246789265343,0.3866267577449218,0.216576278547175,0.356651918606477,0.1842082401898204,0.2592901808091813,0.11796859920293881,0.23980076792988597,0.09809303708870727,0.3618488481801894,-0.11529064678637281,0.10005677859391181,-0.3880330917350798,-0.7463151522608419,-0.11324470963107672,0.11793225910067014,-0.055796601230431654,0.20416019178377798,0.27720551558414575,0.6486203556318769,0.7253124828024059,0.28279257079083625,0.32449349500759805,1.0,-0.38419451554097184,0.27078257041974846,0.2917374190715177,0.18253045933643033,0.4745956040504358,0.46777633755313236,0.3206580276510048,0.49057803064910144,0.4131171474447518,0.3465734309977511,0.267997213826346,0.3839971920149413],[-0.3007639678577533,-0.22975521371135335,-0.224882022794741,-0.2906826143641539,-0.21545187347019404,-0.21885554608563218,-0.156316447151241,-0.3107971348422391,-0.23218028005724153,-0.29008307347867124,0.4038161242043408,-0.1939470503346861,0.423872197185087,0.3969784488554728,0.40364180879042183,-0.1974348066300835,0.4282250819758402,-0.29221638167749947,-0.16212198630340277,-0.5271435193115268,-0.11670847345410448,-0.2830314822565,-0.18965467105252024,-0.38419451554097184,1.0,-0.15360386950734498,-0.2898426660508489,-0.18072224597382186,-0.3873647380459209,-0.3763854559016415,-0.3207991241458285,-0.34491816534411135,-0.20749140628814713,-0.34641357616214535,-0.18274274985250538,-0.3170783116569056],[0.8991677182290009,0.876026314624556,0.8918034230610934,0.893116986135229,0.8633486869499191,0.9333948558780405,0.8984745251153546,0.9055880702135419,0.8847630398837878,0.8940829249163414,0.8984249799295115,0.910623284435265,0.8847691021949099,0.8538409788458389,0.8983086404520887,0.9411436949461867,0.9241215244358976,0.910646384567595,0.8542235053905081,0.7097657603630537,0.5368205447244181,0.8769183354489939,0.7094882876375561,0.27078257041974846,-0.15360386950734498,1.0,0.7872330980656177,0.8842133946514928,0.8175757936408274,0.8622759976290437,0.8278840859621991,0.8702629815748922,0.8658061214446843,0.8588187361189055,0.8677696132770342,0.8976016629326328],[0.9400855048990956,0.9316294478904745,0.9389102418075049,0.9461612200772281,0.9398155066857906,0.9151954630702777,0.897588414232522,0.9014332512682784,0.8975866013421278,0.9444774880435686,0.9140961051663062,0.9295472327719281,0.9078991398803736,0.9031430710546803,0.9119161798229561,0.9047696182935812,0.9082782101845687,0.8961039106426657,0.7790550400603151,0.8584895070634501,0.649077280741653,0.9434124385912342,0.911383173651411,0.2917374190715177,-0.2898426660508489,0.7872330980656177,1.0,0.9072598858622293,0.9098833620775661,0.8955425364261114,0.923429347200716,0.894869415828917,0.8603870620635291,0.9286349772421457,0.9035656464702768,0.8762635014452285],[0.9588834074025476,0.9581206440191345,0.9772135333152526,0.9641112861888952,0.968553670526602,0.9630427231541863,0.9612967237349984,0.9424896330403552,0.9637701715769087,0.9626460377324151,0.9679796821019333,0.9590534811544913,0.9750409707597663,0.9730759293060592,0.967298419533572,0.9599606250508945,0.9674847742319415,0.9424728879640275,0.8532022180173969,0.8093791405765429,0.6167783151474889,0.9705017334397501,0.8962011617501974,0.18253045933643033,-0.18072224597382186,0.8842133946514928,0.9072598858622293,1.0,0.9089509978926693,0.8914140344087434,0.9436780443116688,0.8918000968324821,0.8864291872559388,0.9490336040864041,0.9732242563897059,0.8897110984773864],[0.9794919249825136,0.9593050554069926,0.9261675639918672,0.9686564600154498,0.899912486270064,0.9599467215182038,0.9047170383965544,0.9790889096006965,0.9372344784057351,0.9683982926446275,0.9599835264846185,0.9630031263606904,0.944295397210228,0.9380320559816271,0.9602098091587734,0.9633430330730157,0.9747120680139061,0.9795565157641245,0.8898725812647025,0.9588023800606503,0.7777518151401995,0.9365931340644725,0.8996881763230362,0.4745956040504358,-0.3873647380459209,0.8175757936408274,0.9098833620775661,0.9089509978926693,1.0,0.9861967437088671,0.9638961318587672,0.9903615977354765,0.9524519928631374,0.9602090101366462,0.9155587189220215,0.9679486762699113],[0.966133839657809,0.9532985368133418,0.9137131998359627,0.9618569005200138,0.8947240606073762,0.9336384130475677,0.8704731827740767,0.9562379358257277,0.9039504089357505,0.9610848152256761,0.9448811341487291,0.9527620069276395,0.9124969882388291,0.8993364637669948,0.945166860535803,0.9308182666502068,0.9510989248269478,0.955614039298638,0.8555313090276165,0.9368929815219272,0.7089367561590006,0.9437389503317869,0.8568809819222308,0.46777633755313236,-0.3763854559016415,0.8622759976290437,0.8955425364261114,0.8914140344087434,0.9861967437088671,1.0,0.9521295468159139,0.9839091885516229,0.9552940146483738,0.9396749857552942,0.923596664438008,0.9629736838435928],[0.9776151945655792,0.9681634235423644,0.9668423596755911,0.9799889032420975,0.9573858034437069,0.9556981787077402,0.9340258234603765,0.9687882909377682,0.9604488850537501,0.9789601024418136,0.9699848297514693,0.9753336543658361,0.9533174659773354,0.9459547311080843,0.9699250251782128,0.9521896145357088,0.967798416664835,0.9672586510403133,0.8562169180525618,0.9004157567586495,0.637879405892176,0.9719585719330022,0.9312184979441048,0.3206580276510048,-0.3207991241458285,0.8278840859621991,0.923429347200716,0.9436780443116688,0.9638961318587672,0.9521295468159139,1.0,0.9532056443305782,0.9144118665905735,0.977274445225351,0.960548600598338,0.9422636096206376],[0.9723708637568953,0.9580489643639931,0.9180000913442192,0.9611491143972728,0.8911696695000179,0.9547087355748327,0.8973450541197944,0.9653201617571541,0.9219282004983136,0.9605501228212804,0.9410165684679307,0.9518203544048159,0.9182444741867283,0.9179584802949627,0.9415374678397974,0.9558016189666069,0.9579996226106875,0.9639345237474664,0.868472872499738,0.9459907880903388,0.7459636377314868,0.9382147669625195,0.8722077087046619,0.49057803064910144,-0.34491816534411135,0.8702629815748922,0.894869415828917,0.8918000968324821,0.9903615977354765,0.9839091885516229,0.9532056443305782,1.0,0.973705600184112,0.9460645251231887,0.9390003215968198,0.9637284441877949],[0.9435704676718696,0.9422436087559258,0.897370725182751,0.9297990723465199,0.8641584396874651,0.9542589206410371,0.9081170745691686,0.937298280685932,0.9045052499657176,0.9283590648014575,0.9101045940308398,0.9259024063703707,0.8807254991356129,0.859387062124467,0.9105429193894041,0.9535256747417493,0.9379971290577156,0.9370623485840598,0.8544161727162707,0.898406847496979,0.7567464278697835,0.9031209654757254,0.8413993998501078,0.4131171474447518,-0.20749140628814713,0.8658061214446843,0.8603870620635291,0.8864291872559388,0.9524519928631374,0.9552940146483738,0.9144118665905735,0.973705600184112,1.0,0.9073507925350264,0.9312633189993056,0.9541393853544089],[0.9816801443687603,0.9716042792873096,0.96560969485224,0.9790375303414884,0.9502808465043351,0.9608327148975517,0.9330196144161765,0.9624061334871906,0.9508094553331947,0.9782214177061384,0.9683116530742959,0.9743605518819036,0.9663073125896732,0.9676445329159894,0.9682458236804111,0.9630294994586737,0.974354377989699,0.961696087174251,0.8543671706941035,0.9005275453391668,0.6760329005174153,0.9686482622390422,0.9267292280509921,0.3465734309977511,-0.34641357616214535,0.8588187361189055,0.9286349772421457,0.9490336040864041,0.9602090101366462,0.9396749857552942,0.977274445225351,0.9460645251231887,0.9073507925350264,1.0,0.9574643577715042,0.9426435485292358],[0.9733613334194615,0.9642041276202318,0.9731632534381219,0.9716836939353641,0.956973385316482,0.978506697686176,0.9675211622020019,0.9604632037693701,0.9724807065248754,0.9704608322615723,0.9811829597929379,0.970216208137485,0.9793249511744159,0.9775512224686388,0.9810628059265029,0.9778384955567418,0.9861331263368407,0.9585060233929691,0.8765938946385943,0.8503126703268856,0.6418151036179138,0.9571031238994868,0.8773841952627052,0.267997213826346,-0.18274274985250538,0.8677696132770342,0.9035656464702768,0.9732242563897059,0.9155587189220215,0.923596664438008,0.960548600598338,0.9390003215968198,0.9312633189993056,0.9574643577715042,1.0,0.9205622138838786],[0.9552302381713558,0.9498848289565016,0.9193226982668091,0.9450984677376602,0.8902419671836076,0.9568356166512185,0.9122389163028443,0.9666635059433913,0.9260769483113972,0.9434866796131587,0.939752705984815,0.9486950970773621,0.9327361720585202,0.9259501816129594,0.9402931259559111,0.9612939685783832,0.9631367692954799,0.9678423910160109,0.8938876908088657,0.884236021811805,0.6894603894650743,0.9253098180766067,0.8532873357646512,0.3839971920149413,-0.3170783116569056,0.8976016629326328,0.8762635014452285,0.8897110984773864,0.9679486762699113,0.9629736838435928,0.9422636096206376,0.9637284441877949,0.9541393853544089,0.9426435485292358,0.9205622138838786,1.0]],"x":["^TAIEX       \u81fa\u7063\u52a0\u6b0a\u5831\u916c\u6307\u6578","^TWII        \u81fa\u7063\u52a0\u6b0a\u6307\u6578","^TAIEXx2     \u81fa\u7063\u52a0\u6b0a\u5831\u916c\u6307\u6578_\u65e5\u6b632","^TAI50I      \u81fa\u706350\u5831\u916c\u6307\u6578","^TAI50Ix2    \u81fa\u706350\u5831\u916c\u6307\u6578_\u65e5\u6b632","^TAI100I     \u81fa\u7063\u4e2d\u578b100\u5831\u916c\u6307\u6578","^TAI100Ix2   \u81fa\u7063\u4e2d\u578b100\u5831\u916c\u6307\u6578_\u65e5\u6b632","^TAIDIVIDI   \u81fa\u7063\u9ad8\u80a1\u606f\u5831\u916c\u6307\u6578","^TAIDIVIDIx2 \u81fa\u7063\u9ad8\u80a1\u606f\u5831\u916c\u6307\u6578_\u65e5\u6b632","0050Fund     \u5143\u5927\u53f0\u7063\u5353\u8d8a50\u57fa\u91d1","006208Fund   \u5bcc\u90a6\u53f0\u7063\u91c6\u540950\u57fa\u91d1","0050         \u5143\u5927\u81fa\u706350","00631L       \u5143\u5927\u53f0\u706350\u6b632","00675L       \u5bcc\u90a6\u81fa\u7063\u52a0\u6b0a\u6b632","006208       \u5bcc\u90a6\u53f050","0051         \u5143\u5927\u4e2d\u578b100","006204       \u6c38\u8c50\u81fa\u7063\u52a0\u6b0a","0056         \u5143\u5927\u9ad8\u80a1\u606f","0056         \u5143\u5927\u9ad8\u80a1\u606f_\u80a1\u606f\u4e0d\u6295\u5165","2412         \u4e2d\u83ef\u96fb\u4fe1","2002         \u4e2d\u92fc","2330         \u53f0\u7a4d\u96fb","2317         \u9d3b\u6d77","6505         \u53f0\u5851\u77f3\u5316","3481         \u7fa4\u5275","2303         \u806f\u96fb","2308         \u53f0\u9054\u96fb","2454         \u806f\u767c\u79d1","2886         \u5146\u8c50\u91d1","2884         \u7389\u5c71\u91d1","2891         \u4e2d\u4fe1\u91d1","2892         \u7b2c\u4e00\u91d1","5880         \u5408\u5eab\u91d1","2881         \u5bcc\u90a6\u91d1","2885         \u5143\u5927\u91d1","2887         \u53f0\u65b0\u91d1"],"y":["^TAIEX       \u81fa\u7063\u52a0\u6b0a\u5831\u916c\u6307\u6578","^TWII        \u81fa\u7063\u52a0\u6b0a\u6307\u6578","^TAIEXx2     \u81fa\u7063\u52a0\u6b0a\u5831\u916c\u6307\u6578_\u65e5\u6b632","^TAI50I      \u81fa\u706350\u5831\u916c\u6307\u6578","^TAI50Ix2    \u81fa\u706350\u5831\u916c\u6307\u6578_\u65e5\u6b632","^TAI100I     \u81fa\u7063\u4e2d\u578b100\u5831\u916c\u6307\u6578","^TAI100Ix2   \u81fa\u7063\u4e2d\u578b100\u5831\u916c\u6307\u6578_\u65e5\u6b632","^TAIDIVIDI   \u81fa\u7063\u9ad8\u80a1\u606f\u5831\u916c\u6307\u6578","^TAIDIVIDIx2 \u81fa\u7063\u9ad8\u80a1\u606f\u5831\u916c\u6307\u6578_\u65e5\u6b632","0050Fund     \u5143\u5927\u53f0\u7063\u5353\u8d8a50\u57fa\u91d1","006208Fund   \u5bcc\u90a6\u53f0\u7063\u91c6\u540950\u57fa\u91d1","0050         \u5143\u5927\u81fa\u706350","00631L       \u5143\u5927\u53f0\u706350\u6b632","00675L       \u5bcc\u90a6\u81fa\u7063\u52a0\u6b0a\u6b632","006208       \u5bcc\u90a6\u53f050","0051         \u5143\u5927\u4e2d\u578b100","006204       \u6c38\u8c50\u81fa\u7063\u52a0\u6b0a","0056         \u5143\u5927\u9ad8\u80a1\u606f","0056         \u5143\u5927\u9ad8\u80a1\u606f_\u80a1\u606f\u4e0d\u6295\u5165","2412         \u4e2d\u83ef\u96fb\u4fe1","2002         \u4e2d\u92fc","2330         \u53f0\u7a4d\u96fb","2317         \u9d3b\u6d77","6505         \u53f0\u5851\u77f3\u5316","3481         \u7fa4\u5275","2303         \u806f\u96fb","2308         \u53f0\u9054\u96fb","2454         \u806f\u767c\u79d1","2886         \u5146\u8c50\u91d1","2884         \u7389\u5c71\u91d1","2891         \u4e2d\u4fe1\u91d1","2892         \u7b2c\u4e00\u91d1","5880         \u5408\u5eab\u91d1","2881         \u5bcc\u90a6\u91d1","2885         \u5143\u5927\u91d1","2887         \u53f0\u65b0\u91d1"],"zmin":-1,"zmax":1,"colorbar":{"x":-0.2}}],"layout":{"autotypenumbers":"strict","colorway":["#636efa","#EF553B","#00cc96","#ab63fa","#FFA15A","#19d3f3","#FF6692","#B6E880","#FF97FF","#FECB52"],"font":{"color":"#f2f5fa","family":"Courier New"},"hovermode":"closest","hoverlabel":{"align":"left"},"paper_bgcolor":"rgb(17,17,17)","plot_bgcolor":"rgb(17,17,17)","polar":{"bgcolor":"rgb(17,17,17)","angularaxis":{"gridcolor":"#506784","linecolor":"#506784","ticks":""},"radialaxis":{"gridcolor":"#506784","linecolor":"#506784","ticks":""}},"ternary":{"bgcolor":"rgb(17,17,17)","aaxis":{"gridcolor":"#506784","linecolor":"#506784","ticks":""},"baxis":{"gridcolor":"#506784","linecolor":"#506784","ticks":""},"caxis":{"gridcolor":"#506784","linecolor":"#506784","ticks":""}},"coloraxis":{"colorbar":{"outlinewidth":0,"ticks":""}},"colorscale":{"sequential":[[0.0,"#0d0887"],[0.1111111111111111,"#46039f"],[0.2222222222222222,"#7201a8"],[0.3333333333333333,"#9c179e"],[0.4444444444444444,"#bd3786"],[0.5555555555555556,"#d8576b"],[0.6666666666666666,"#ed7953"],[0.7777777777777778,"#fb9f3a"],[0.8888888888888888,"#fdca26"],[1.0,"#f0f921"]],"sequentialminus":[[0.0,"#0d0887"],[0.1111111111111111,"#46039f"],[0.2222222222222222,"#7201a8"],[0.3333333333333333,"#9c179e"],[0.4444444444444444,"#bd3786"],[0.5555555555555556,"#d8576b"],[0.6666666666666666,"#ed7953"],[0.7777777777777778,"#fb9f3a"],[0.8888888888888888,"#fdca26"],[1.0,"#f0f921"]],"diverging":[[0,"#8e0152"],[0.1,"#c51b7d"],[0.2,"#de77ae"],[0.3,"#f1b6da"],[0.4,"#fde0ef"],[0.5,"#f7f7f7"],[0.6,"#e6f5d0"],[0.7,"#b8e186"],[0.8,"#7fbc41"],[0.9,"#4d9221"],[1,"#276419"]]},"xaxis":{"gridcolor":"rgba(0, 0, 0, 0)","linecolor":"#506784","ticks":"","title":{"standoff":15},"zerolinecolor":"#283442","automargin":true,"zerolinewidth":2,"tickfont":{"family":"Courier New","size":14},"side":"top","tickangle":-90},"yaxis":{"gridcolor":"rgba(0, 0, 0, 0)","linecolor":"#506784","ticks":"","title":{"standoff":15},"zerolinecolor":"#283442","automargin":true,"zerolinewidth":2,"tickfont":{"family":"Courier New"},"side":"right"},"scene":{"xaxis":{"backgroundcolor":"rgb(17,17,17)","gridcolor":"#506784","linecolor":"#506784","showbackground":true,"ticks":"","zerolinecolor":"#C8D4E3","gridwidth":2},"yaxis":{"backgroundcolor":"rgb(17,17,17)","gridcolor":"#506784","linecolor":"#506784","showbackground":true,"ticks":"","zerolinecolor":"#C8D4E3","gridwidth":2},"zaxis":{"backgroundcolor":"rgb(17,17,17)","gridcolor":"#506784","linecolor":"#506784","showbackground":true,"ticks":"","zerolinecolor":"#C8D4E3","gridwidth":2}},"shapedefaults":{"line":{"color":"#f2f5fa"}},"annotationdefaults":{"arrowcolor":"#f2f5fa","arrowhead":0,"arrowwidth":1},"geo":{"bgcolor":"rgb(17,17,17)","landcolor":"rgb(17,17,17)","subunitcolor":"#506784","showland":true,"showlakes":true,"lakecolor":"rgb(17,17,17)"},"title":{"x":0.05,"font":{"family":"Times New Roman"},"y":0.05,"text":"<b>Correlation of Adj Close<b><br><i>2016-09-23 ~ 2025-10-27<i>"},"updatemenudefaults":{"bgcolor":"#506784","borderwidth":0},"sliderdefaults":{"bgcolor":"#C8D4E3","borderwidth":1,"bordercolor":"rgb(17,17,17)","tickwidth":0},"mapbox":{"style":"dark"},"annotations":[{"text":"<b>@zwindr<b>","textangle":0,"opacity":0.5,"font":{"color":"white","size":12},"xref":"paper","yref":"paper","xanchor":"left","yanchor":"bottom","x":1.0,"y":1.0,"showarrow":false}]},"config":{"responsive":true,"toImageButtonOptions":{"filename":"Correlation of Adj Close_2016-09-23~2025-10-27","scale":5}}};Plotly.newPlot("correlationAdjClose",correlationAdjClose.data,correlationAdjClose.layout||{},correlationAdjClose.config);}else{console.log("style display is none => correlationAdjClose");}