var element=document.getElementById("correlationAdjClose");if(element.style.display!='none'){var correlationAdjClose={"data":[{"type":"heatmap","z":[[1.0,0.9943784021769949,0.9771688538258898,0.9975091965600907,0.9636411702303525,0.9825668011485792,-0.9470303524580203,0.9900886463169166,0.9721527786457215,0.9971250196640181,0.9971017673489749,0.9975919420873607,0.99370062109539,0.9944269124294045,0.9971528285028193,0.984704147669019,0.999686463687464,0.9900221919243944,0.9017255247592552,0.921514438232148,0.724245987057963,0.9854984175272176,0.9260247314536993,0.4077925750330601,-0.303020555171706,0.8999015525954083,0.9584275981172418,0.9575310084271907,0.9802527474131962,0.9658966240739502,0.9765575346364369,0.9727925725148224,0.9452419804939858,0.9810237893238503,0.9722114359174187,0.954585264583739],[0.9943784021769949,1.0,0.9725824991673466,0.9914561424376147,0.9588261848596672,0.9783120103984008,-0.9424618841656053,0.9816711577881406,0.9656592776775347,0.9951809495926893,0.9950228442432851,0.9943898390703317,0.9927001003944421,0.9921448288707793,0.9950310377892327,0.9791703378247927,0.9968894358147439,0.9841925443896152,0.924799137587995,0.911048161101765,0.738935038430796,0.9679777035547676,0.9067060859628864,0.40751876945677457,-0.23013018408992145,0.8757161269935019,0.9476308465008488,0.9567447983242773,0.9593611642710486,0.9526420554451294,0.9666954091481827,0.9579687503038954,0.9436270612964801,0.9704846115205087,0.9626934794198708,0.9489552944006904],[0.9771688538258898,0.9725824991673466,1.0,0.9839838996465158,0.9957587969242782,0.9782767141003907,-0.9772021638929952,0.968894548715465,0.9834956899114894,0.9895736741254695,0.9902413746954108,0.9868189993492772,0.9969321998706799,0.9967119676002759,0.9899712377370913,0.9765483144522822,0.9876243219572067,0.9686005846287246,0.8750137671951387,0.8304250812443505,0.6093691184028529,0.9910067629737498,0.9199586319412312,0.24046671620376184,-0.2273483931953867,0.8990166537279175,0.942450603296832,0.9806246953701143,0.9298393623771625,0.9154941384208184,0.9669580800041923,0.9210489787636599,0.9039407292780233,0.9672697470863101,0.9747088096585387,0.9214380655541837],[0.9975091965600907,0.9914561424376147,0.9839838996465158,1.0,0.9762862513740603,0.9748503748813034,-0.9427181861862541,0.9838502778278222,0.969539350561228,0.9999733393183557,0.9999902526428062,0.9999593283857493,0.9920649954121884,0.9901461227677154,0.9999442238597347,0.9743198329487206,0.9959843131597643,0.9835405047409602,0.8888815087245202,0.9068567660100494,0.691733021765589,0.9936484225223765,0.9285162144159226,0.3803829590965433,-0.2938094665970509,0.8957831727767385,0.958900297335355,0.963865325803398,0.9705912923698379,0.962781212096299,0.9792220892190004,0.9626475619066672,0.9330866750802168,0.9789322910067797,0.9709307197878458,0.9452449599948142],[0.9636411702303525,0.9588261848596672,0.9957587969242782,0.9762862513740603,1.0,0.9568828213353052,-0.9588591105280934,0.9517366752248129,0.9697482244241926,0.9847682795768186,0.9854977010814377,0.9815116304971853,0.9855023062532708,0.9820456679138883,0.9850473879864532,0.9539367230035408,0.9744615848001073,0.9512391632444104,0.8524367529880759,0.8080328089162992,0.5698455377481646,0.989334985731206,0.9161384124644091,0.21195181112760633,-0.21960215935180716,0.8760790081222604,0.9358684816444752,0.9768889523342338,0.9078108758816766,0.9006363863121949,0.9606496489854082,0.8981689238589199,0.8755226941966601,0.9555715257378309,0.9619291895248776,0.8957112540935678],[0.9825668011485792,0.9783120103984008,0.9782767141003907,0.9748503748813034,0.9568828213353052,1.0,-0.9815788729061623,0.9815374481234754,0.9810369274004151,0.9697679675319166,0.9700449920554851,0.9728406346937167,0.9775109597118936,0.9755237840132495,0.9699412622853398,0.9999001855361754,0.986724056340978,0.982534421211751,0.9013152458459978,0.8668165623118722,0.6910854883722247,0.9681732441736521,0.897602382862348,0.276843429444604,-0.21828301405859696,0.9341151705997394,0.9384981767346867,0.9616628376292045,0.959116005067701,0.9316334681047057,0.953990445701421,0.9536775704119685,0.954813830301552,0.9592705454523982,0.9776717092219489,0.9556915792034102],[-0.9470303524580203,-0.9424618841656053,-0.9772021638929952,-0.9427181861862541,-0.9588591105280934,-0.9815788729061623,1.0,-0.9537863341550356,-0.9843119830737137,-0.9520824290064207,-0.9531849615362572,-0.9488862446077406,-0.9759179825657848,-0.9773542283227996,-0.952860906877354,-0.98438541097388,-0.9671569269439222,-0.9565146881106467,-0.8696366945510183,-0.7834917178795469,-0.5880732187061456,-0.9474691273269035,-0.8916745951322398,-0.135428063744322,0.15473818630931702,-0.9006344254536334,-0.9090491268179333,-0.9605044316987822,-0.9030433542422148,-0.8667409652785734,-0.9305281818281982,-0.8953062394658093,-0.9094236641523975,-0.9302911054775361,-0.9661340230541355,-0.9103792923820346],[0.9900886463169166,0.9816711577881406,0.968894548715465,0.9838502778278222,0.9517366752248129,0.9815374481234754,-0.9537863341550356,1.0,0.9831724012561219,0.979728986302551,0.9796318063193988,0.9828535249582215,0.976218278533118,0.9754152956260844,0.9797445665408208,0.9834059656702763,0.9879437294542253,0.9998745996179478,0.9270784648687974,0.9264325371781519,0.6585516181917499,0.9731948870183402,0.8986264977880161,0.2612195443923182,-0.3118479666936289,0.9051589743206369,0.930208650296965,0.9404062538498712,0.9786205308922477,0.9549036604141266,0.9682039668804779,0.9643913374829162,0.9369693899953192,0.9611093304700713,0.9592185616741277,0.9657665748719618],[0.9721527786457215,0.9656592776775347,0.9834956899114894,0.969539350561228,0.9697482244241926,0.9810369274004151,-0.9843119830737137,0.9831724012561219,1.0,0.9651598670883066,0.9657378354184669,0.9677105768214722,0.974274469731522,0.9714670579531894,0.9655677986906323,0.980108980491664,0.9722200248802876,0.9824854307319454,0.9036339115766687,0.8564924556258384,0.5818015866645416,0.9690284058490607,0.9114498216571113,0.11952211406606851,-0.2324647458070057,0.8853373471838358,0.9172738373567016,0.9625443757947371,0.9360303897827235,0.9011198800511524,0.9585584421789433,0.9200926934408757,0.9046340036079887,0.9486336077530871,0.9712006476104244,0.9242886813761392],[0.9971250196640181,0.9951809495926893,0.9895736741254695,0.9999733393183557,0.9847682795768186,0.9697679675319166,-0.9520824290064207,0.979728986302551,0.9651598670883066,1.0,0.999988513028504,0.9999827509507887,0.9919251662122089,0.9899773019222732,0.9999500321985023,0.9699245179692259,0.9956101804700134,0.9805343969288924,0.9182645552498654,0.9339555207526203,0.6012789827395543,0.9968920229963226,0.9092127784049281,-0.0697758918695724,0.41495836019781346,0.9067589735210336,0.9334289214068819,0.9687581035366379,0.9624148944614771,0.9465611312335936,0.9683293954175015,0.9433771932921777,0.9172666626991887,0.9674579311148994,0.9811753968549413,0.9410033800799387],[0.9971017673489749,0.9950228442432851,0.9902413746954108,0.9999902526428062,0.9854977010814377,0.9700449920554851,-0.9531849615362572,0.9796318063193988,0.9657378354184669,0.999988513028504,1.0,0.9999727639456204,0.9920918520879849,0.9901421829921955,0.9999532858565334,0.9701692033741107,0.9956392996177155,0.9804065578646746,0.9170666118983807,0.9332512847319533,0.597249167349895,0.9971691967641851,0.9086054866324831,-0.08446077647440836,0.4103659071663222,0.9058226569844428,0.9330022600059739,0.9695666654612216,0.9619215883462512,0.9453892864878485,0.9684474014963325,0.9424011516968198,0.9159189478032884,0.9676391469197834,0.9816386866523322,0.9402819447230686],[0.9975919420873607,0.9943898390703317,0.9868189993492772,0.9999593283857493,0.9815116304971853,0.9728406346937167,-0.9488862446077406,0.9828535249582215,0.9677105768214722,0.9999827509507887,0.9999727639456204,1.0,0.9919139704758135,0.9899372487744649,0.9999628591267623,0.9729760029546995,0.9957856231500067,0.9832117650261816,0.8990888329428888,0.9238700488905051,0.6520323606125227,0.9960957376814161,0.9235243152545534,0.1305142924456577,-0.1967046101730781,0.9162209329613694,0.9458946485305078,0.9592975117494563,0.9652014007063593,0.9540810088952392,0.9743532191969981,0.9535985187244562,0.9306762255883337,0.9740505063738225,0.969531479885207,0.9497587921483697],[0.99370062109539,0.9927001003944421,0.9969321998706799,0.9920649954121884,0.9855023062532708,0.9775109597118936,-0.9759179825657848,0.976218278533118,0.974274469731522,0.9919251662122089,0.9920918520879849,0.9919139704758135,1.0,0.9997128359721523,0.9920835290353314,0.9778588478058512,0.9939044810055139,0.9772795246899787,0.914868633761351,0.9183571074201333,0.5359353952978021,0.9871034564105353,0.9015248770596015,-0.3622601400234058,0.4341094093789534,0.8951669227076234,0.9255238488651816,0.9790781471377745,0.9465112043673779,0.9115674583551936,0.9507225895922178,0.9190822380000447,0.887918908537326,0.9660042062416374,0.9808252191940655,0.9334296566765344],[0.9944269124294045,0.9921448288707793,0.9967119676002759,0.9901461227677154,0.9820456679138883,0.9755237840132495,-0.9773542283227996,0.9754152956260844,0.9714670579531894,0.9899773019222732,0.9901421829921955,0.9899372487744649,0.9997128359721523,1.0,0.9902692696456235,0.9758528078003151,0.9944836070816064,0.976691268012111,0.9013559115059735,0.9263860266925099,0.4087495194845676,0.9823121501091308,0.892188132676724,-0.7338811380625142,0.4089243763323171,0.8658431436339834,0.9203895268485689,0.978350356592127,0.9398889900463391,0.8964771556325044,0.9425753919288173,0.9177083058465778,0.8669550531391103,0.9679181571247921,0.9792643378234457,0.925863567280954],[0.9971528285028193,0.9950310377892327,0.9899712377370913,0.9999442238597347,0.9850473879864532,0.9699412622853398,-0.952860906877354,0.9797445665408208,0.9655677986906323,0.9999500321985023,0.9999532858565334,0.9999628591267623,0.9920835290353314,0.9902692696456235,1.0,0.9700961816805467,0.9956662934691773,0.9805291056564875,0.9173601613744508,0.9339452278310028,0.5973377960771186,0.9969828125855575,0.9087688138394626,-0.08268961866977008,0.41034803850367385,0.9056752718800201,0.9308078965811278,0.9689429511098357,0.9622539699228357,0.9459337712482802,0.9684354225473175,0.9430823777951265,0.916469066110895,0.9675500015554342,0.9815717259188022,0.9407707407893725],[0.984704147669019,0.9791703378247927,0.9765483144522822,0.9743198329487206,0.9539367230035408,0.9999001855361754,-0.98438541097388,0.9834059656702763,0.980108980491664,0.9699245179692259,0.9701692033741107,0.9729760029546995,0.9778588478058512,0.9758528078003151,0.9700961816805467,1.0,0.9869862228042718,0.9827173928860637,0.9043228222595622,0.8905348872528436,0.6873454633910333,0.9663282724728934,0.8926473969323517,0.13909328547891991,-0.1972543989656643,0.9422044373797743,0.9329913639997489,0.9584648530179526,0.962522012807524,0.928742864409063,0.950471290736891,0.9547200862497985,0.9541802890863204,0.9615573930708581,0.9770607197793089,0.9603082982281698],[0.999686463687464,0.9968894358147439,0.9876243219572067,0.9959843131597643,0.9744615848001073,0.986724056340978,-0.9671569269439222,0.9879437294542253,0.9722200248802876,0.9956101804700134,0.9956392996177155,0.9957856231500067,0.9939044810055139,0.9944836070816064,0.9956662934691773,0.9869862228042718,1.0,0.9886776581324376,0.9300170576198209,0.9397358281379912,0.6444855040938429,0.9889515608217486,0.9036843823071494,-0.027779007385403173,0.4328579547991752,0.9283616584886872,0.9337354670633116,0.9671410737132469,0.9753521236610907,0.9504661395859595,0.9660341370202096,0.9582150716685247,0.9413448632607406,0.9731912104108664,0.9857195803920852,0.9630271405001631],[0.9900221919243944,0.9841925443896152,0.9686005846287246,0.9835405047409602,0.9512391632444104,0.982534421211751,-0.9565146881106467,0.9998745996179478,0.9824854307319454,0.9805343969288924,0.9804065578646746,0.9832117650261816,0.9772795246899787,0.976691268012111,0.9805291056564875,0.9827173928860637,0.9886776581324376,1.0,0.9301005533776765,0.9326741118518239,0.6567143859109639,0.9719766590129888,0.9030031244400396,0.2261597585210823,-0.2935779909577092,0.9103970334914501,0.9260857537343233,0.9403941889591776,0.9790975102497079,0.9542985821340225,0.9666072368155255,0.9629691792649069,0.9368109397540881,0.9603923853114039,0.9571688111536057,0.9669633037613048],[0.9017255247592552,0.924799137587995,0.8750137671951387,0.8888815087245202,0.8524367529880759,0.9013152458459978,-0.8696366945510183,0.9270784648687974,0.9036339115766687,0.9182645552498654,0.9170666118983807,0.8990888329428888,0.914868633761351,0.9013559115059735,0.9173601613744508,0.9043228222595622,0.9300170576198209,0.9301005533776765,1.0,0.8204538668115081,0.7137519751693675,0.8631806835071595,0.8130271184007438,0.29372698518065204,-0.160860330352924,0.8518024101592586,0.8114191508378154,0.850568611111629,0.8877692118901307,0.8526769619872507,0.8552061803819098,0.8658685219835773,0.8517310574214146,0.8523881018031544,0.8756135111502358,0.891960584407607],[0.921514438232148,0.911048161101765,0.8304250812443505,0.9068567660100494,0.8080328089162992,0.8668165623118722,-0.7834917178795469,0.9264325371781519,0.8564924556258384,0.9339555207526203,0.9332512847319533,0.9238700488905051,0.9183571074201333,0.9263860266925099,0.9339452278310028,0.8905348872528436,0.9397358281379912,0.9326741118518239,0.8204538668115081,1.0,0.8346646541233428,0.8588017183651688,0.8732481780329862,0.6623619616384779,-0.5294668931066678,0.7048130630105918,0.8898770727828234,0.8058641908022196,0.9583129494015948,0.9360909547370317,0.9006921835623598,0.9451635583468342,0.8966244261243808,0.8998843602861356,0.8485523358845093,0.8822494823340118],[0.724245987057963,0.738935038430796,0.6093691184028529,0.691733021765589,0.5698455377481646,0.6910854883722247,-0.5880732187061456,0.6585516181917499,0.5818015866645416,0.6012789827395543,0.597249167349895,0.6520323606125227,0.5359353952978021,0.4087495194845676,0.5973377960771186,0.6873454633910333,0.6444855040938429,0.6567143859109639,0.7137519751693675,0.8346646541233428,1.0,0.6173276485859944,0.7276080082818515,0.7270350586003891,-0.11674775732309173,0.5377515834633693,0.6976662057408679,0.6232169677701616,0.7832464710584105,0.7154156148718973,0.648429354896194,0.7529032211644676,0.7598917542763047,0.6850389308449116,0.6495982141966831,0.6958330866831688],[0.9854984175272176,0.9679777035547676,0.9910067629737498,0.9936484225223765,0.989334985731206,0.9681732441736521,-0.9474691273269035,0.9731948870183402,0.9690284058490607,0.9968920229963226,0.9971691967641851,0.9960957376814161,0.9871034564105353,0.9823121501091308,0.9969828125855575,0.9663282724728934,0.9889515608217486,0.9719766590129888,0.8631806835071595,0.8588017183651688,0.6173276485859944,1.0,0.9024181932782199,0.3067894827333826,-0.28704921748702256,0.8811731125545221,0.9491400878202411,0.9721873920006181,0.9395619154745721,0.945920870426982,0.9716319371269312,0.9408038683087524,0.9079432367512624,0.9692831166439879,0.956707326699259,0.9262738052494001],[0.9260247314536993,0.9067060859628864,0.9199586319412312,0.9285162144159226,0.9161384124644091,0.897602382862348,-0.8916745951322398,0.8986264977880161,0.9114498216571113,0.9092127784049281,0.9086054866324831,0.9235243152545534,0.9015248770596015,0.892188132676724,0.9087688138394626,0.8926473969323517,0.9036843823071494,0.9030031244400396,0.8130271184007438,0.8732481780329862,0.7276080082818515,0.9024181932782199,1.0,0.34965188796011265,-0.19032676019403072,0.7051658924875615,0.9172918418259636,0.8931562112614373,0.8993614310620689,0.8539352280786873,0.92813941803718,0.8709129512000949,0.8416939555566044,0.9244340113059742,0.8719884041083774,0.8499517117407213],[0.4077925750330601,0.40751876945677457,0.24046671620376184,0.3803829590965433,0.21195181112760633,0.276843429444604,-0.135428063744322,0.2612195443923182,0.11952211406606851,-0.0697758918695724,-0.08446077647440836,0.1305142924456577,-0.3622601400234058,-0.7338811380625142,-0.08268961866977008,0.13909328547891991,-0.027779007385403173,0.2261597585210823,0.29372698518065204,0.6623619616384779,0.7270350586003891,0.3067894827333826,0.34965188796011265,1.0,-0.3876471121990545,0.27944752790550964,0.3448378902582108,0.1952345296349585,0.48959798644726427,0.483633668875874,0.3398624955457155,0.5059209527833843,0.42397874443016553,0.36388710650159023,0.2844437098981942,0.39863150155804417],[-0.303020555171706,-0.23013018408992145,-0.2273483931953867,-0.2938094665970509,-0.21960215935180716,-0.21828301405859696,0.15473818630931702,-0.3118479666936289,-0.2324647458070057,0.41495836019781346,0.4103659071663222,-0.1967046101730781,0.4341094093789534,0.4089243763323171,0.41034803850367385,-0.1972543989656643,0.4328579547991752,-0.2935779909577092,-0.160860330352924,-0.5294668931066678,-0.11674775732309173,-0.28704921748702256,-0.19032676019403072,-0.3876471121990545,1.0,-0.15174224999606883,-0.31131897154450766,-0.17932530435414953,-0.3887741102159249,-0.37785627145773365,-0.3234950018057034,-0.34573334202432354,-0.2060948037360192,-0.34879433609291133,-0.18166363903362373,-0.3176186924530669],[0.8999015525954083,0.8757161269935019,0.8990166537279175,0.8957831727767385,0.8760790081222604,0.9341151705997394,-0.9006344254536334,0.9051589743206369,0.8853373471838358,0.9067589735210336,0.9058226569844428,0.9162209329613694,0.8951669227076234,0.8658431436339834,0.9056752718800201,0.9422044373797743,0.9283616584886872,0.9103970334914501,0.8518024101592586,0.7048130630105918,0.5377515834633693,0.8811731125545221,0.7051658924875615,0.27944752790550964,-0.15174224999606883,1.0,0.8113063207791138,0.8829586239737485,0.8141968146228395,0.8600119961819769,0.8263759847077525,0.8680913596304369,0.8635110560517808,0.8573554440853354,0.8667660603590677,0.8961837185434892],[0.9584275981172418,0.9476308465008488,0.942450603296832,0.958900297335355,0.9358684816444752,0.9384981767346867,-0.9090491268179333,0.930208650296965,0.9172738373567016,0.9334289214068819,0.9330022600059739,0.9458946485305078,0.9255238488651816,0.9203895268485689,0.9308078965811278,0.9329913639997489,0.9337354670633116,0.9260857537343233,0.8114191508378154,0.8898770727828234,0.6976662057408679,0.9491400878202411,0.9172918418259636,0.3448378902582108,-0.31131897154450766,0.8113063207791138,1.0,0.9276280944241954,0.9376753638811954,0.9205969662003904,0.9390723047074996,0.9228155279903296,0.8907466659175551,0.9488922736840518,0.9181810917620445,0.8984315857411563],[0.9575310084271907,0.9567447983242773,0.9806246953701143,0.963865325803398,0.9768889523342338,0.9616628376292045,-0.9605044316987822,0.9404062538498712,0.9625443757947371,0.9687581035366379,0.9695666654612216,0.9592975117494563,0.9790781471377745,0.978350356592127,0.9689429511098357,0.9584648530179526,0.9671410737132469,0.9403941889591776,0.850568611111629,0.8058641908022196,0.6232169677701616,0.9721873920006181,0.8931562112614373,0.1952345296349585,-0.17932530435414953,0.8829586239737485,0.9276280944241954,1.0,0.9065219041033552,0.8880674332787438,0.9417457459534165,0.8886818550365854,0.8849419149378507,0.9471595545422046,0.9723169931890717,0.8862899027882571],[0.9802527474131962,0.9593611642710486,0.9298393623771625,0.9705912923698379,0.9078108758816766,0.959116005067701,-0.9030433542422148,0.9786205308922477,0.9360303897827235,0.9624148944614771,0.9619215883462512,0.9652014007063593,0.9465112043673779,0.9398889900463391,0.9622539699228357,0.962522012807524,0.9753521236610907,0.9790975102497079,0.8877692118901307,0.9583129494015948,0.7832464710584105,0.9395619154745721,0.8993614310620689,0.48959798644726427,-0.3887741102159249,0.8141968146228395,0.9376753638811954,0.9065219041033552,1.0,0.9858589502937971,0.9641501406771894,0.9901029641579211,0.9517535371543636,0.9596497274015452,0.9137693746825105,0.9671609812264023],[0.9658966240739502,0.9526420554451294,0.9154941384208184,0.962781212096299,0.9006363863121949,0.9316334681047057,-0.8667409652785734,0.9549036604141266,0.9011198800511524,0.9465611312335936,0.9453892864878485,0.9540810088952392,0.9115674583551936,0.8964771556325044,0.9459337712482802,0.928742864409063,0.9504661395859595,0.9542985821340225,0.8526769619872507,0.9360909547370317,0.7154156148718973,0.945920870426982,0.8539352280786873,0.483633668875874,-0.37785627145773365,0.8600119961819769,0.9205969662003904,0.8880674332787438,0.9858589502937971,1.0,0.9514510963452435,0.9834859813347949,0.9549253099331801,0.9380769099575545,0.9214804345500133,0.9619830631823603],[0.9765575346364369,0.9666954091481827,0.9669580800041923,0.9792220892190004,0.9606496489854082,0.953990445701421,-0.9305281818281982,0.9682039668804779,0.9585584421789433,0.9683293954175015,0.9684474014963325,0.9743532191969981,0.9507225895922178,0.9425753919288173,0.9684354225473175,0.950471290736891,0.9660341370202096,0.9666072368155255,0.8552061803819098,0.9006921835623598,0.648429354896194,0.9716319371269312,0.92813941803718,0.3398624955457155,-0.3234950018057034,0.8263759847077525,0.9390723047074996,0.9417457459534165,0.9641501406771894,0.9514510963452435,1.0,0.9529872670218484,0.9151949743990234,0.9764526427438762,0.9588323502450788,0.9411910854873117],[0.9727925725148224,0.9579687503038954,0.9210489787636599,0.9626475619066672,0.8981689238589199,0.9536775704119685,-0.8953062394658093,0.9643913374829162,0.9200926934408757,0.9433771932921777,0.9424011516968198,0.9535985187244562,0.9190822380000447,0.9177083058465778,0.9430823777951265,0.9547200862497985,0.9582150716685247,0.9629691792649069,0.8658685219835773,0.9451635583468342,0.7529032211644676,0.9408038683087524,0.8709129512000949,0.5059209527833843,-0.34573334202432354,0.8680913596304369,0.9228155279903296,0.8886818550365854,0.9901029641579211,0.9834859813347949,0.9529872670218484,1.0,0.9735556399558106,0.9449267629455652,0.9377636067733155,0.9628014140418729],[0.9452419804939858,0.9436270612964801,0.9039407292780233,0.9330866750802168,0.8755226941966601,0.954813830301552,-0.9094236641523975,0.9369693899953192,0.9046340036079887,0.9172666626991887,0.9159189478032884,0.9306762255883337,0.887918908537326,0.8669550531391103,0.916469066110895,0.9541802890863204,0.9413448632607406,0.9368109397540881,0.8517310574214146,0.8966244261243808,0.7598917542763047,0.9079432367512624,0.8416939555566044,0.42397874443016553,-0.2060948037360192,0.8635110560517808,0.8907466659175551,0.8849419149378507,0.9517535371543636,0.9549253099331801,0.9151949743990234,0.9735556399558106,1.0,0.9068985665104243,0.93177538091215,0.9538267639836211],[0.9810237893238503,0.9704846115205087,0.9672697470863101,0.9789322910067797,0.9555715257378309,0.9592705454523982,-0.9302911054775361,0.9611093304700713,0.9486336077530871,0.9674579311148994,0.9676391469197834,0.9740505063738225,0.9660042062416374,0.9679181571247921,0.9675500015554342,0.9615573930708581,0.9731912104108664,0.9603923853114039,0.8523881018031544,0.8998843602861356,0.6850389308449116,0.9692831166439879,0.9244340113059742,0.36388710650159023,-0.34879433609291133,0.8573554440853354,0.9488922736840518,0.9471595545422046,0.9596497274015452,0.9380769099575545,0.9764526427438762,0.9449267629455652,0.9068985665104243,1.0,0.9557203276992101,0.9410704632884241],[0.9722114359174187,0.9626934794198708,0.9747088096585387,0.9709307197878458,0.9619291895248776,0.9776717092219489,-0.9661340230541355,0.9592185616741277,0.9712006476104244,0.9811753968549413,0.9816386866523322,0.969531479885207,0.9808252191940655,0.9792643378234457,0.9815717259188022,0.9770607197793089,0.9857195803920852,0.9571688111536057,0.8756135111502358,0.8485523358845093,0.6495982141966831,0.956707326699259,0.8719884041083774,0.2844437098981942,-0.18166363903362373,0.8667660603590677,0.9181810917620445,0.9723169931890717,0.9137693746825105,0.9214804345500133,0.9588323502450788,0.9377636067733155,0.93177538091215,0.9557203276992101,1.0,0.9183267957234718],[0.954585264583739,0.9489552944006904,0.9214380655541837,0.9452449599948142,0.8957112540935678,0.9556915792034102,-0.9103792923820346,0.9657665748719618,0.9242886813761392,0.9410033800799387,0.9402819447230686,0.9497587921483697,0.9334296566765344,0.925863567280954,0.9407707407893725,0.9603082982281698,0.9630271405001631,0.9669633037613048,0.891960584407607,0.8822494823340118,0.6958330866831688,0.9262738052494001,0.8499517117407213,0.39863150155804417,-0.3176186924530669,0.8961837185434892,0.8984315857411563,0.8862899027882571,0.9671609812264023,0.9619830631823603,0.9411910854873117,0.9628014140418729,0.9538267639836211,0.9410704632884241,0.9183267957234718,1.0]],"x":["^TAIEX       \u81fa\u7063\u52a0\u6b0a\u5831\u916c\u6307\u6578","^TWII        \u81fa\u7063\u52a0\u6b0a\u6307\u6578","^TAIEXx2     \u81fa\u7063\u52a0\u6b0a\u5831\u916c\u6307\u6578_\u65e5\u6b632","^TAI50I      \u81fa\u706350\u5831\u916c\u6307\u6578","^TAI50Ix2    \u81fa\u706350\u5831\u916c\u6307\u6578_\u65e5\u6b632","^TAI100I     \u81fa\u7063\u4e2d\u578b100\u5831\u916c\u6307\u6578","^TAI100Ix2   \u81fa\u7063\u4e2d\u578b100\u5831\u916c\u6307\u6578_\u65e5\u6b632","^TAIDIVIDI   \u81fa\u7063\u9ad8\u80a1\u606f\u5831\u916c\u6307\u6578","^TAIDIVIDIx2 \u81fa\u7063\u9ad8\u80a1\u606f\u5831\u916c\u6307\u6578_\u65e5\u6b632","0050Fund     \u5143\u5927\u53f0\u7063\u5353\u8d8a50\u57fa\u91d1","006208Fund   \u5bcc\u90a6\u53f0\u7063\u91c6\u540950\u57fa\u91d1","0050         \u5143\u5927\u81fa\u706350","00631L       \u5143\u5927\u53f0\u706350\u6b632","00675L       \u5bcc\u90a6\u81fa\u7063\u52a0\u6b0a\u6b632","006208       \u5bcc\u90a6\u53f050","0051         \u5143\u5927\u4e2d\u578b100","006204       \u6c38\u8c50\u81fa\u7063\u52a0\u6b0a","0056         \u5143\u5927\u9ad8\u80a1\u606f","0056         \u5143\u5927\u9ad8\u80a1\u606f_\u80a1\u606f\u4e0d\u6295\u5165","2412         \u4e2d\u83ef\u96fb\u4fe1","2002         \u4e2d\u92fc","2330         \u53f0\u7a4d\u96fb","2317         \u9d3b\u6d77","6505         \u53f0\u5851\u77f3\u5316","3481         \u7fa4\u5275","2303         \u806f\u96fb","2308         \u53f0\u9054\u96fb","2454         \u806f\u767c\u79d1","2886         \u5146\u8c50\u91d1","2884         \u7389\u5c71\u91d1","2891         \u4e2d\u4fe1\u91d1","2892         \u7b2c\u4e00\u91d1","5880         \u5408\u5eab\u91d1","2881         \u5bcc\u90a6\u91d1","2885         \u5143\u5927\u91d1","2887         \u53f0\u65b0\u91d1"],"y":["^TAIEX       \u81fa\u7063\u52a0\u6b0a\u5831\u916c\u6307\u6578","^TWII        \u81fa\u7063\u52a0\u6b0a\u6307\u6578","^TAIEXx2     \u81fa\u7063\u52a0\u6b0a\u5831\u916c\u6307\u6578_\u65e5\u6b632","^TAI50I      \u81fa\u706350\u5831\u916c\u6307\u6578","^TAI50Ix2    \u81fa\u706350\u5831\u916c\u6307\u6578_\u65e5\u6b632","^TAI100I     \u81fa\u7063\u4e2d\u578b100\u5831\u916c\u6307\u6578","^TAI100Ix2   \u81fa\u7063\u4e2d\u578b100\u5831\u916c\u6307\u6578_\u65e5\u6b632","^TAIDIVIDI   \u81fa\u7063\u9ad8\u80a1\u606f\u5831\u916c\u6307\u6578","^TAIDIVIDIx2 \u81fa\u7063\u9ad8\u80a1\u606f\u5831\u916c\u6307\u6578_\u65e5\u6b632","0050Fund     \u5143\u5927\u53f0\u7063\u5353\u8d8a50\u57fa\u91d1","006208Fund   \u5bcc\u90a6\u53f0\u7063\u91c6\u540950\u57fa\u91d1","0050         \u5143\u5927\u81fa\u706350","00631L       \u5143\u5927\u53f0\u706350\u6b632","00675L       \u5bcc\u90a6\u81fa\u7063\u52a0\u6b0a\u6b632","006208       \u5bcc\u90a6\u53f050","0051         \u5143\u5927\u4e2d\u578b100","006204       \u6c38\u8c50\u81fa\u7063\u52a0\u6b0a","0056         \u5143\u5927\u9ad8\u80a1\u606f","0056         \u5143\u5927\u9ad8\u80a1\u606f_\u80a1\u606f\u4e0d\u6295\u5165","2412         \u4e2d\u83ef\u96fb\u4fe1","2002         \u4e2d\u92fc","2330         \u53f0\u7a4d\u96fb","2317         \u9d3b\u6d77","6505         \u53f0\u5851\u77f3\u5316","3481         \u7fa4\u5275","2303         \u806f\u96fb","2308         \u53f0\u9054\u96fb","2454         \u806f\u767c\u79d1","2886         \u5146\u8c50\u91d1","2884         \u7389\u5c71\u91d1","2891         \u4e2d\u4fe1\u91d1","2892         \u7b2c\u4e00\u91d1","5880         \u5408\u5eab\u91d1","2881         \u5bcc\u90a6\u91d1","2885         \u5143\u5927\u91d1","2887         \u53f0\u65b0\u91d1"],"zmin":-1,"zmax":1,"colorbar":{"x":-0.2}}],"layout":{"autotypenumbers":"strict","colorway":["#636efa","#EF553B","#00cc96","#ab63fa","#FFA15A","#19d3f3","#FF6692","#B6E880","#FF97FF","#FECB52"],"font":{"color":"#f2f5fa","family":"Courier New"},"hovermode":"closest","hoverlabel":{"align":"left"},"paper_bgcolor":"rgb(17,17,17)","plot_bgcolor":"rgb(17,17,17)","polar":{"bgcolor":"rgb(17,17,17)","angularaxis":{"gridcolor":"#506784","linecolor":"#506784","ticks":""},"radialaxis":{"gridcolor":"#506784","linecolor":"#506784","ticks":""}},"ternary":{"bgcolor":"rgb(17,17,17)","aaxis":{"gridcolor":"#506784","linecolor":"#506784","ticks":""},"baxis":{"gridcolor":"#506784","linecolor":"#506784","ticks":""},"caxis":{"gridcolor":"#506784","linecolor":"#506784","ticks":""}},"coloraxis":{"colorbar":{"outlinewidth":0,"ticks":""}},"colorscale":{"sequential":[[0.0,"#0d0887"],[0.1111111111111111,"#46039f"],[0.2222222222222222,"#7201a8"],[0.3333333333333333,"#9c179e"],[0.4444444444444444,"#bd3786"],[0.5555555555555556,"#d8576b"],[0.6666666666666666,"#ed7953"],[0.7777777777777778,"#fb9f3a"],[0.8888888888888888,"#fdca26"],[1.0,"#f0f921"]],"sequentialminus":[[0.0,"#0d0887"],[0.1111111111111111,"#46039f"],[0.2222222222222222,"#7201a8"],[0.3333333333333333,"#9c179e"],[0.4444444444444444,"#bd3786"],[0.5555555555555556,"#d8576b"],[0.6666666666666666,"#ed7953"],[0.7777777777777778,"#fb9f3a"],[0.8888888888888888,"#fdca26"],[1.0,"#f0f921"]],"diverging":[[0,"#8e0152"],[0.1,"#c51b7d"],[0.2,"#de77ae"],[0.3,"#f1b6da"],[0.4,"#fde0ef"],[0.5,"#f7f7f7"],[0.6,"#e6f5d0"],[0.7,"#b8e186"],[0.8,"#7fbc41"],[0.9,"#4d9221"],[1,"#276419"]]},"xaxis":{"gridcolor":"rgba(0, 0, 0, 0)","linecolor":"#506784","ticks":"","title":{"standoff":15},"zerolinecolor":"#283442","automargin":true,"zerolinewidth":2,"tickfont":{"family":"Courier New","size":14},"side":"top","tickangle":-90},"yaxis":{"gridcolor":"rgba(0, 0, 0, 0)","linecolor":"#506784","ticks":"","title":{"standoff":15},"zerolinecolor":"#283442","automargin":true,"zerolinewidth":2,"tickfont":{"family":"Courier New"},"side":"right"},"scene":{"xaxis":{"backgroundcolor":"rgb(17,17,17)","gridcolor":"#506784","linecolor":"#506784","showbackground":true,"ticks":"","zerolinecolor":"#C8D4E3","gridwidth":2},"yaxis":{"backgroundcolor":"rgb(17,17,17)","gridcolor":"#506784","linecolor":"#506784","showbackground":true,"ticks":"","zerolinecolor":"#C8D4E3","gridwidth":2},"zaxis":{"backgroundcolor":"rgb(17,17,17)","gridcolor":"#506784","linecolor":"#506784","showbackground":true,"ticks":"","zerolinecolor":"#C8D4E3","gridwidth":2}},"shapedefaults":{"line":{"color":"#f2f5fa"}},"annotationdefaults":{"arrowcolor":"#f2f5fa","arrowhead":0,"arrowwidth":1},"geo":{"bgcolor":"rgb(17,17,17)","landcolor":"rgb(17,17,17)","subunitcolor":"#506784","showland":true,"showlakes":true,"lakecolor":"rgb(17,17,17)"},"title":{"x":0.05,"font":{"family":"Times New Roman"},"y":0.05,"text":"<b>Correlation of Adj Close<b><br><i>2016-09-23 ~ 2025-09-22<i>"},"updatemenudefaults":{"bgcolor":"#506784","borderwidth":0},"sliderdefaults":{"bgcolor":"#C8D4E3","borderwidth":1,"bordercolor":"rgb(17,17,17)","tickwidth":0},"mapbox":{"style":"dark"},"annotations":[{"text":"<b>@zwindr<b>","textangle":0,"opacity":0.5,"font":{"color":"white","size":12},"xref":"paper","yref":"paper","xanchor":"left","yanchor":"bottom","x":1.0,"y":1.0,"showarrow":false}]},"config":{"responsive":true,"toImageButtonOptions":{"filename":"Correlation of Adj Close_2016-09-23~2025-09-22","scale":5}}};Plotly.newPlot("correlationAdjClose",correlationAdjClose.data,correlationAdjClose.layout||{},correlationAdjClose.config);}else{console.log("style display is none => correlationAdjClose");}