var correlationClose = {"data": [{"type": "heatmap", "z": [[1.0, 0.9999999999999982, 1.0, 0.9955788958150368, 0.9955788958150368, 0.9612338891291592, 0.9612338891291592, 0.8966512545319971, 0.8966512545319971, 0.9231776841793494, 0.995075402344997, 0.9383351823450325, 0.9926142439137099, 0.9921959262413167, 0.9950265777020851, 0.9716427495398835, 0.9988839145222651, 0.9266932565647251, 0.7829243547101619, -0.0804012880190325, 0.9766941485885535, 0.061551981926921163, -0.004838581892906194, -0.25183199057105266, 0.8242875821165538, 0.9510046009543205, 0.9044490150817944, 0.9275997289988237, 0.7682320935975393, 0.4784361404552222, 0.6108682254120162, 0.6389849923141634, 0.9282362270731106, 0.811015516363446, 0.16922555988338137], [0.9999999999999982, 1.0, 0.9999999999999983, 0.995527192673727, 0.995527192673727, 0.9605905776316758, 0.9605905776316758, 0.8979196902253146, 0.8979196902253146, 0.923589539575457, 0.9950495327782808, 0.9374328428198585, 0.9923617662569433, 0.9916247200735284, 0.9949929666598862, 0.9709118870141765, 0.9988874206717638, 0.9272122128664811, 0.8035671635561591, 0.1266605107565609, 0.9676601573002115, -0.1011036380941012, 0.00253566052873327, -0.25215030987349896, 0.6483223781714894, 0.9508646026964258, 0.8764434751676877, 0.9221741492303153, 0.7814672197030332, 0.46997893830699344, 0.6078957952179465, 0.6697691551542209, 0.9253068708577596, 0.6733562608300558, 0.16547062911183247], [1.0, 0.9999999999999983, 1.0, 0.9955788958150368, 0.9955788958150368, 0.9612338891291592, 0.9612338891291592, 0.8966512545319971, 0.8966512545319971, 0.9231776841793494, 0.995075402344997, 0.9383351823450325, 0.9926142439137099, 0.9921959262413167, 0.9950265777020851, 0.9716427495398835, 0.9988839145222651, 0.9266932565647251, 0.7829243547101619, -0.0804012880190325, 0.9766941485885535, 0.061551981926921163, -0.004838581892906194, -0.25183199057105266, 0.8242875821165538, 0.9510046009543205, 0.9044490150817944, 0.9275997289988237, 0.7682320935975393, 0.4784361404552222, 0.6108682254120162, 0.6389849923141634, 0.9282362270731106, 0.811015516363446, 0.16922555988338137], [0.9955788958150368, 0.995527192673727, 0.9955788958150368, 1.0, 1.0, 0.9481546202848183, 0.9481546202848183, 0.8825928861430987, 0.8825928861430987, 0.9159737015824663, 0.9994639565196192, 0.9331954757931645, 0.9881730406318724, 0.98391600158724, 0.999400983596899, 0.9540868129352598, 0.9947419214044501, 0.907987749990969, 0.7623839555297203, -0.08607738851516424, 0.9885954350529891, 0.08130648962658239, -0.03583045785732186, -0.2554171837949941, 0.8246512263057363, 0.9426901306996681, 0.9096533149512098, 0.9171686660245468, 0.7799237134147174, 0.5048995797571788, 0.605313674985796, 0.6132410274779422, 0.9216914661702039, 0.8008579505307422, 0.18168235467079052], [0.9955788958150368, 0.995527192673727, 0.9955788958150368, 1.0, 1.0, 0.9481546202848183, 0.9481546202848183, 0.8825928861430987, 0.8825928861430987, 0.9159737015824663, 0.9994639565196192, 0.9331954757931645, 0.9881730406318724, 0.98391600158724, 0.999400983596899, 0.9540868129352598, 0.9947419214044501, 0.907987749990969, 0.7623839555297203, -0.08607738851516424, 0.9885954350529891, 0.08130648962658239, -0.03583045785732186, -0.2554171837949941, 0.8246512263057363, 0.9426901306996681, 0.9096533149512098, 0.9171686660245468, 0.7799237134147174, 0.5048995797571788, 0.605313674985796, 0.6132410274779422, 0.9216914661702039, 0.8008579505307422, 0.18168235467079052], [0.9612338891291592, 0.9605905776316758, 0.9612338891291592, 0.9481546202848183, 0.9481546202848183, 1.0, 1.0, 0.9235205849817522, 0.9235205849817522, 0.8932682181815189, 0.9516026108036229, 0.9040422162775356, 0.9765050101575855, 0.9752636515323315, 0.9512354517865665, 0.9989791857361389, 0.9720447327137912, 0.9196751332966633, 0.6254434321504728, -0.023767492357121885, 0.9325087509063524, 0.24430538932973495, -0.20986022129884332, -0.10627626508985823, 0.8953835781346908, 0.910685397654918, 0.924451581896034, 0.8949762740395021, 0.726465541808187, 0.7051423463643328, 0.7236506074505571, 0.7146864202846811, 0.8457206666687674, 0.8457571832060836, 0.4610993005672855], [0.9612338891291592, 0.9605905776316758, 0.9612338891291592, 0.9481546202848183, 0.9481546202848183, 1.0, 1.0, 0.9235205849817522, 0.9235205849817522, 0.8932682181815189, 0.9516026108036229, 0.9040422162775356, 0.9765050101575855, 0.9752636515323315, 0.9512354517865665, 0.9989791857361389, 0.9720447327137912, 0.9196751332966633, 0.6254434321504728, -0.023767492357121885, 0.9325087509063524, 0.24430538932973495, -0.20986022129884332, -0.10627626508985823, 0.8953835781346908, 0.910685397654918, 0.924451581896034, 0.8949762740395021, 0.726465541808187, 0.7051423463643328, 0.7236506074505571, 0.7146864202846811, 0.8457206666687674, 0.8457571832060836, 0.4610993005672855], [0.8966512545319971, 0.8979196902253146, 0.8966512545319971, 0.8825928861430987, 0.8825928861430987, 0.9235205849817522, 0.9235205849817522, 1.0, 1.0, 0.8726656577069801, 0.9384812562276161, 0.8667816340672095, 0.9473867846296369, 0.9425125610781164, 0.9381091662240234, 0.9243288739368053, 0.9401726499269184, 0.972809821227554, 0.5602640298205025, 0.09693710973762873, 0.839368222500982, 0.49737203321372625, -0.23447560596706782, 0.03558091174341756, 0.7847840001343198, 0.8033131697658583, 0.8609820623769798, 0.8410289729175967, 0.7396989903198414, 0.8686442342580172, 0.7674799352324458, 0.7187743892986941, 0.770559314717425, 0.8334211390082578, 0.8001397504929247], [0.8966512545319971, 0.8979196902253146, 0.8966512545319971, 0.8825928861430987, 0.8825928861430987, 0.9235205849817522, 0.9235205849817522, 1.0, 1.0, 0.8726656577069801, 0.9384812562276161, 0.8667816340672095, 0.9473867846296369, 0.9425125610781164, 0.9381091662240234, 0.9243288739368053, 0.9401726499269184, 0.972809821227554, 0.5602640298205025, 0.09693710973762873, 0.839368222500982, 0.49737203321372625, -0.23447560596706782, 0.03558091174341756, 0.7847840001343198, 0.8033131697658583, 0.8609820623769798, 0.8410289729175967, 0.7396989903198414, 0.8686442342580172, 0.7674799352324458, 0.7187743892986941, 0.770559314717425, 0.8334211390082578, 0.8001397504929247], [0.9231776841793494, 0.923589539575457, 0.9231776841793494, 0.9159737015824663, 0.9159737015824663, 0.8932682181815189, 0.8932682181815189, 0.8726656577069801, 0.8726656577069801, 1.0, 0.9119863588291235, 0.9999757009319743, 0.8946902456869801, 0.8643796958461415, 0.9131137582386415, 0.895234911310491, 0.920489769448133, 0.8931056601005495, 0.7744053443327049, 0.2330131207396132, 0.9047888817045083, 0.7666357253710389, -0.3091197288311382, 0.3967573556478663, 0.8548547162936638, 0.8160914370319471, 0.8714562265320945, 0.8525404545440441, 0.7454010783524155, 0.758039604204305, 0.8151755381930527, 0.7923700388124157, 0.8326315810631996, 0.8763553455503206, 0.7725347659126576], [0.995075402344997, 0.9950495327782808, 0.995075402344997, 0.9994639565196192, 0.9994639565196192, 0.9516026108036229, 0.9516026108036229, 0.9384812562276161, 0.9384812562276161, 0.9119863588291235, 1.0, 0.911794716161775, 0.9879127511100584, 0.9842263275652339, 0.9999133265950738, 0.9519955383752813, 0.9938425841638822, 0.9262124143274866, 0.8415270960732544, 0.16222845852751197, 0.9955570487852216, 0.8486374223226896, -0.42193934276865486, 0.3688933316041355, 0.8668780066631036, 0.9173302026942903, 0.9407881103976159, 0.9124773166574671, 0.8021646331523196, 0.8905013153540212, 0.8717577239188791, 0.8146055434697425, 0.8952221653566395, 0.9421763764733064, 0.7831240450026041], [0.9383351823450325, 0.9374328428198585, 0.9383351823450325, 0.9331954757931645, 0.9331954757931645, 0.9040422162775356, 0.9040422162775356, 0.8667816340672095, 0.8667816340672095, 0.9999757009319743, 0.911794716161775, 1.0, 0.8921341347158761, 0.8610441206941751, 0.9109095022813178, 0.9046915219629538, 0.9230827473985829, 0.8855076973757454, 0.7129222977815317, 0.0014152697352645609, 0.9195901380495233, 0.5962507862168676, -0.22324149747859454, -0.23782985250546476, 0.8625611039886123, 0.8514695934998009, 0.848885246453125, 0.8675404403206906, 0.7834962714983277, 0.7532892389545714, 0.7844740517054534, 0.718138359756482, 0.8642289292730494, 0.7640330892999526, 0.7315032372101019], [0.9926142439137099, 0.9923617662569433, 0.9926142439137099, 0.9881730406318724, 0.9881730406318724, 0.9765050101575855, 0.9765050101575855, 0.9473867846296369, 0.9473867846296369, 0.8946902456869801, 0.9879127511100584, 0.8921341347158761, 1.0, 0.9996846077502954, 0.9878475197242705, 0.9747128350626586, 0.989698088083022, 0.9218704562917235, 0.8084339822024142, 0.1992582819431618, 0.9854757665606887, 0.8738607650846534, -0.6090271679868012, 0.44632115711345755, 0.847531323369273, 0.9322178699464001, 0.9576388704410492, 0.9069025751986075, 0.7248411058953907, 0.8911385577487454, 0.8517600560340371, 0.8061489388974828, 0.8760162856540928, 0.9629689176220435, 0.818941305182407], [0.9921959262413167, 0.9916247200735284, 0.9921959262413167, 0.98391600158724, 0.98391600158724, 0.9752636515323315, 0.9752636515323315, 0.9425125610781164, 0.9425125610781164, 0.8643796958461415, 0.9842263275652339, 0.8610441206941751, 0.9996846077502954, 1.0, 0.9843256751464815, 0.9723642488543536, 0.9879432111765298, 0.9095298189841323, 0.8269417981756149, 0.07920414901874151, 0.9796848419324796, 0.8828049089391707, -0.8204508207678347, 0.4939795866524826, 0.8052415374186824, 0.9380390842127889, 0.9554386299474233, 0.8931522641177121, 0.6394138655482869, 0.90170159303473, 0.8381003319258807, 0.7573420979988648, 0.909075325035078, 0.9653938502510079, 0.7887661556526832], [0.9950265777020851, 0.9949929666598862, 0.9950265777020851, 0.999400983596899, 0.999400983596899, 0.9512354517865665, 0.9512354517865665, 0.9381091662240234, 0.9381091662240234, 0.9131137582386415, 0.9999133265950738, 0.9109095022813178, 0.9878475197242705, 0.9843256751464815, 1.0, 0.9517567780828646, 0.9938242635147976, 0.9263333473038271, 0.8427306538499598, 0.16109178300988652, 0.9954365933317497, 0.8482334469332217, -0.419550314477847, 0.3672090451632006, 0.8664841650359381, 0.9153508299536117, 0.9397274906830417, 0.9129973394886658, 0.8036595374368753, 0.8900519532381335, 0.8730225144013588, 0.8156563093399487, 0.8949884462234076, 0.9419411716510749, 0.7828875047851802], [0.9716427495398835, 0.9709118870141765, 0.9716427495398835, 0.9540868129352598, 0.9540868129352598, 0.9989791857361389, 0.9989791857361389, 0.9243288739368053, 0.9243288739368053, 0.895234911310491, 0.9519955383752813, 0.9046915219629538, 0.9747128350626586, 0.9723642488543536, 0.9517567780828646, 1.0, 0.973673962134652, 0.9193341268624009, 0.6742812643841153, -0.004798074287381737, 0.9434723204408808, 0.5738065669469968, -0.343607556997917, -0.1600809902769069, 0.9082399307545888, 0.9223003203687862, 0.9198545372827845, 0.9033902886461863, 0.7671471981064549, 0.8332043044678241, 0.7739476337836928, 0.7724599039943794, 0.8697918794912953, 0.8428291279625441, 0.788544487323475], [0.9988839145222651, 0.9988874206717638, 0.9988839145222651, 0.9947419214044501, 0.9947419214044501, 0.9720447327137912, 0.9720447327137912, 0.9401726499269184, 0.9401726499269184, 0.920489769448133, 0.9938425841638822, 0.9230827473985829, 0.989698088083022, 0.9879432111765298, 0.9938242635147976, 0.973673962134652, 1.0, 0.9422325915647195, 0.848066032027562, 0.16026769814127842, 0.9867632943113882, 0.8183994827233549, -0.40356131696706565, 0.38025796111743276, 0.8997350933575793, 0.9309915312092761, 0.9445531866491564, 0.9370583854180476, 0.823185660835239, 0.8793634617462038, 0.8984627636511355, 0.8448216234947947, 0.9071706916010911, 0.9466743624154536, 0.8384147365888321], [0.9266932565647251, 0.9272122128664811, 0.9266932565647251, 0.907987749990969, 0.907987749990969, 0.9196751332966633, 0.9196751332966633, 0.972809821227554, 0.972809821227554, 0.8931056601005495, 0.9262124143274866, 0.8855076973757454, 0.9218704562917235, 0.9095298189841323, 0.9263333473038271, 0.9193341268624009, 0.9422325915647195, 1.0, 0.72798543542266, 0.015481015226303517, 0.8709223712158781, 0.5084524048750083, -0.1307086497510395, -0.20122674161374265, 0.822676990720223, 0.8364731536989962, 0.8288786349127049, 0.9120466193898792, 0.8295234681754133, 0.7974132673064235, 0.7422002440971844, 0.7006873240314652, 0.8366767461470819, 0.7639182641545543, 0.8467173414760092], [0.7829243547101619, 0.8035671635561591, 0.7829243547101619, 0.7623839555297203, 0.7623839555297203, 0.6254434321504728, 0.6254434321504728, 0.5602640298205025, 0.5602640298205025, 0.7744053443327049, 0.8415270960732544, 0.7129222977815317, 0.8084339822024142, 0.8269417981756149, 0.8427306538499598, 0.6742812643841153, 0.848066032027562, 0.72798543542266, 1.0, 0.05990820111653627, 0.7249290252904166, -0.43707808904396206, 0.3858010229702238, -0.6619492888031517, 0.33329064320387114, 0.800697055736709, 0.48294801181870484, 0.8296540437357486, 0.6806646382960194, 0.04031911047158913, 0.27736545795443746, 0.5572884999997935, 0.775776053842156, 0.4580070960306278, -0.1705531857527797], [-0.0804012880190325, 0.1266605107565609, -0.0804012880190325, -0.08607738851516424, -0.08607738851516424, -0.023767492357121885, -0.023767492357121885, 0.09693710973762873, 0.09693710973762873, 0.2330131207396132, 0.16222845852751197, 0.0014152697352645609, 0.1992582819431618, 0.07920414901874151, 0.16109178300988652, -0.004798074287381737, 0.16026769814127842, 0.015481015226303517, 0.05990820111653627, 1.0, -0.04846939214656955, 0.1361620735515062, 0.11865899007073716, 0.7523898306230383, -0.07732855093208504, 0.04133957799100475, 0.03341257139510621, 0.19815323009655533, 0.03716463342884738, 0.11817283994715472, 0.3871278261574198, 0.5956192251481411, -0.08101532259369446, 0.1601937186448057, 0.17302962522909], [0.9766941485885535, 0.9676601573002115, 0.9766941485885535, 0.9885954350529891, 0.9885954350529891, 0.9325087509063524, 0.9325087509063524, 0.839368222500982, 0.839368222500982, 0.9047888817045083, 0.9955570487852216, 0.9195901380495233, 0.9854757665606887, 0.9796848419324796, 0.9954365933317497, 0.9434723204408808, 0.9867632943113882, 0.8709223712158781, 0.7249290252904166, -0.04846939214656955, 1.0, -0.009035995073289792, -0.09981542659713419, -0.314853507281061, 0.686838333394092, 0.9247649036868913, 0.8933073392073492, 0.8595142348304549, 0.7485494619762588, 0.5017313242151851, 0.5687903202268981, 0.5431927928193135, 0.9000237721486953, 0.648559882297949, 0.16026967199355432], [0.061551981926921163, -0.1011036380941012, 0.061551981926921163, 0.08130648962658239, 0.08130648962658239, 0.24430538932973495, 0.24430538932973495, 0.49737203321372625, 0.49737203321372625, 0.7666357253710389, 0.8486374223226896, 0.5962507862168676, 0.8738607650846534, 0.8828049089391707, 0.8482334469332217, 0.5738065669469968, 0.8183994827233549, 0.5084524048750083, -0.43707808904396206, 0.1361620735515062, -0.009035995073289792, 1.0, -0.4236926401981115, 0.7765630970440253, 0.36097224274610523, -0.057836475529186755, 0.250919551806699, -0.16080352832833153, 0.01709122065976667, 0.5578450739260953, 0.4460986695022302, 0.17210907710475123, -0.08468524533026116, 0.34534579738221427, 0.46394887043461064], [-0.004838581892906194, 0.00253566052873327, -0.004838581892906194, -0.03583045785732186, -0.03583045785732186, -0.20986022129884332, -0.20986022129884332, -0.23447560596706782, -0.23447560596706782, -0.3091197288311382, -0.42193934276865486, -0.22324149747859454, -0.6090271679868012, -0.8204508207678347, -0.419550314477847, -0.343607556997917, -0.40356131696706565, -0.1307086497510395, 0.3858010229702238, 0.11865899007073716, -0.09981542659713419, -0.4236926401981115, 1.0, -0.04734397719591056, -0.12959943430447432, -0.04482918269231169, -0.24364653756434318, 0.02126754866038226, -0.015759721116124663, -0.5337606357024018, -0.15497222300706173, 0.005621347449202659, 0.031737329013153986, -0.15502894330649108, -0.40122902358170087], [-0.25183199057105266, -0.25215030987349896, -0.25183199057105266, -0.2554171837949941, -0.2554171837949941, -0.10627626508985823, -0.10627626508985823, 0.03558091174341756, 0.03558091174341756, 0.3967573556478663, 0.3688933316041355, -0.23782985250546476, 0.44632115711345755, 0.4939795866524826, 0.3672090451632006, -0.1600809902769069, 0.38025796111743276, -0.20122674161374265, -0.6619492888031517, 0.7523898306230383, -0.314853507281061, 0.7765630970440253, -0.04734397719591056, 1.0, -0.0987843970412544, -0.30127782018084737, -0.05057531617836578, -0.350007649542304, -0.3269601877807191, 0.10644917533215427, 0.18011137147660267, 0.27332888417950196, -0.38278998138395887, 0.14068161168704682, 0.10427767430098729], [0.8242875821165538, 0.6483223781714894, 0.8242875821165538, 0.8246512263057363, 0.8246512263057363, 0.8953835781346908, 0.8953835781346908, 0.7847840001343198, 0.7847840001343198, 0.8548547162936638, 0.8668780066631036, 0.8625611039886123, 0.847531323369273, 0.8052415374186824, 0.8664841650359381, 0.9082399307545888, 0.8997350933575793, 0.822676990720223, 0.33329064320387114, -0.07732855093208504, 0.686838333394092, 0.36097224274610523, -0.12959943430447432, -0.0987843970412544, 1.0, 0.6135993992229003, 0.8438578243206694, 0.48019696455100025, 0.6148373549982652, 0.5300969680047452, 0.6455362959619175, 0.40844482432321483, 0.6969379059778517, 0.6952051549538797, 0.4103688100800656], [0.9510046009543205, 0.9508646026964258, 0.9510046009543205, 0.9426901306996681, 0.9426901306996681, 0.910685397654918, 0.910685397654918, 0.8033131697658583, 0.8033131697658583, 0.8160914370319471, 0.9173302026942903, 0.8514695934998009, 0.9322178699464001, 0.9380390842127889, 0.9153508299536117, 0.9223003203687862, 0.9309915312092761, 0.8364731536989962, 0.800697055736709, 0.04133957799100475, 0.9247649036868913, -0.057836475529186755, -0.04482918269231169, -0.30127782018084737, 0.6135993992229003, 1.0, 0.8302599816152919, 0.8586749630562501, 0.7083259159206938, 0.35032019343324416, 0.49051615665437376, 0.602163030904802, 0.9008901697883837, 0.6346908660070764, 0.05957626033325058], [0.9044490150817944, 0.8764434751676877, 0.9044490150817944, 0.9096533149512098, 0.9096533149512098, 0.924451581896034, 0.924451581896034, 0.8609820623769798, 0.8609820623769798, 0.8714562265320945, 0.9407881103976159, 0.848885246453125, 0.9576388704410492, 0.9554386299474233, 0.9397274906830417, 0.9198545372827845, 0.9445531866491564, 0.8288786349127049, 0.48294801181870484, 0.03341257139510621, 0.8933073392073492, 0.250919551806699, -0.24364653756434318, -0.05057531617836578, 0.8438578243206694, 0.8302599816152919, 1.0, 0.7333403424746391, 0.5813106825999514, 0.5423367008565545, 0.5745570723055744, 0.5281046743730626, 0.799998758626806, 0.8182453269790986, 0.2067086694456693], [0.9275997289988237, 0.9221741492303153, 0.9275997289988237, 0.9171686660245468, 0.9171686660245468, 0.8949762740395021, 0.8949762740395021, 0.8410289729175967, 0.8410289729175967, 0.8525404545440441, 0.9124773166574671, 0.8675404403206906, 0.9069025751986075, 0.8931522641177121, 0.9129973394886658, 0.9033902886461863, 0.9370583854180476, 0.9120466193898792, 0.8296540437357486, 0.19815323009655533, 0.8595142348304549, -0.16080352832833153, 0.02126754866038226, -0.350007649542304, 0.48019696455100025, 0.8586749630562501, 0.7333403424746391, 1.0, 0.9008994939191891, 0.5020814423273341, 0.6694309777579693, 0.6691368195206304, 0.8704658262585973, 0.49250450952537644, 0.28989127980382096], [0.7682320935975393, 0.7814672197030332, 0.7682320935975393, 0.7799237134147174, 0.7799237134147174, 0.726465541808187, 0.726465541808187, 0.7396989903198414, 0.7396989903198414, 0.7454010783524155, 0.8021646331523196, 0.7834962714983277, 0.7248411058953907, 0.6394138655482869, 0.8036595374368753, 0.7671471981064549, 0.823185660835239, 0.8295234681754133, 0.6806646382960194, 0.03716463342884738, 0.7485494619762588, 0.01709122065976667, -0.015759721116124663, -0.3269601877807191, 0.6148373549982652, 0.7083259159206938, 0.5813106825999514, 0.9008994939191891, 1.0, 0.545427734236287, 0.6515676484630899, 0.6035587758083237, 0.7137090848593357, 0.5560425670491009, 0.47091102409542285], [0.4784361404552222, 0.46997893830699344, 0.4784361404552222, 0.5048995797571788, 0.5048995797571788, 0.7051423463643328, 0.7051423463643328, 0.8686442342580172, 0.8686442342580172, 0.758039604204305, 0.8905013153540212, 0.7532892389545714, 0.8911385577487454, 0.90170159303473, 0.8900519532381335, 0.8332043044678241, 0.8793634617462038, 0.7974132673064235, 0.04031911047158913, 0.11817283994715472, 0.5017313242151851, 0.5578450739260953, -0.5337606357024018, 0.10644917533215427, 0.5300969680047452, 0.35032019343324416, 0.5423367008565545, 0.5020814423273341, 0.545427734236287, 1.0, 0.7318073005735342, 0.36757624211603, 0.43574281621786637, 0.5286686052692421, 0.7870187993100336], [0.6108682254120162, 0.6078957952179465, 0.6108682254120162, 0.605313674985796, 0.605313674985796, 0.7236506074505571, 0.7236506074505571, 0.7674799352324458, 0.7674799352324458, 0.8151755381930527, 0.8717577239188791, 0.7844740517054534, 0.8517600560340371, 0.8381003319258807, 0.8730225144013588, 0.7739476337836928, 0.8984627636511355, 0.7422002440971844, 0.27736545795443746, 0.3871278261574198, 0.5687903202268981, 0.4460986695022302, -0.15497222300706173, 0.18011137147660267, 0.6455362959619175, 0.49051615665437376, 0.5745570723055744, 0.6694309777579693, 0.6515676484630899, 0.7318073005735342, 1.0, 0.7772699687812548, 0.46440708679547377, 0.7135100327898863, 0.5481200462964084], [0.6389849923141634, 0.6697691551542209, 0.6389849923141634, 0.6132410274779422, 0.6132410274779422, 0.7146864202846811, 0.7146864202846811, 0.7187743892986941, 0.7187743892986941, 0.7923700388124157, 0.8146055434697425, 0.718138359756482, 0.8061489388974828, 0.7573420979988648, 0.8156563093399487, 0.7724599039943794, 0.8448216234947947, 0.7006873240314652, 0.5572884999997935, 0.5956192251481411, 0.5431927928193135, 0.17210907710475123, 0.005621347449202659, 0.27332888417950196, 0.40844482432321483, 0.602163030904802, 0.5281046743730626, 0.6691368195206304, 0.6035587758083237, 0.36757624211603, 0.7772699687812548, 1.0, 0.48326242214175796, 0.6698949726963788, 0.19497331273632898], [0.9282362270731106, 0.9253068708577596, 0.9282362270731106, 0.9216914661702039, 0.9216914661702039, 0.8457206666687674, 0.8457206666687674, 0.770559314717425, 0.770559314717425, 0.8326315810631996, 0.8952221653566395, 0.8642289292730494, 0.8760162856540928, 0.909075325035078, 0.8949884462234076, 0.8697918794912953, 0.9071706916010911, 0.8366767461470819, 0.775776053842156, -0.08101532259369446, 0.9000237721486953, -0.08468524533026116, 0.031737329013153986, -0.38278998138395887, 0.6969379059778517, 0.9008901697883837, 0.799998758626806, 0.8704658262585973, 0.7137090848593357, 0.43574281621786637, 0.46440708679547377, 0.48326242214175796, 1.0, 0.7070679294101504, 0.15758911805486014], [0.811015516363446, 0.6733562608300558, 0.811015516363446, 0.8008579505307422, 0.8008579505307422, 0.8457571832060836, 0.8457571832060836, 0.8334211390082578, 0.8334211390082578, 0.8763553455503206, 0.9421763764733064, 0.7640330892999526, 0.9629689176220435, 0.9653938502510079, 0.9419411716510749, 0.8428291279625441, 0.9466743624154536, 0.7639182641545543, 0.4580070960306278, 0.1601937186448057, 0.648559882297949, 0.34534579738221427, -0.15502894330649108, 0.14068161168704682, 0.6952051549538797, 0.6346908660070764, 0.8182453269790986, 0.49250450952537644, 0.5560425670491009, 0.5286686052692421, 0.7135100327898863, 0.6698949726963788, 0.7070679294101504, 1.0, 0.1665431390322524], [0.16922555988338137, 0.16547062911183247, 0.16922555988338137, 0.18168235467079052, 0.18168235467079052, 0.4610993005672855, 0.4610993005672855, 0.8001397504929247, 0.8001397504929247, 0.7725347659126576, 0.7831240450026041, 0.7315032372101019, 0.818941305182407, 0.7887661556526832, 0.7828875047851802, 0.788544487323475, 0.8384147365888321, 0.8467173414760092, -0.1705531857527797, 0.17302962522909, 0.16026967199355432, 0.46394887043461064, -0.40122902358170087, 0.10427767430098729, 0.4103688100800656, 0.05957626033325058, 0.2067086694456693, 0.28989127980382096, 0.47091102409542285, 0.7870187993100336, 0.5481200462964084, 0.19497331273632898, 0.15758911805486014, 0.1665431390322524, 1.0]], "x": ["^TAIEX       \u81fa\u7063\u52a0\u6b0a\u5831\u916c\u6307\u6578", "^TWII        \u81fa\u7063\u52a0\u6b0a\u6307\u6578", "^TAIEXx2     \u81fa\u7063\u52a0\u6b0a\u5831\u916c\u6307\u6578_\u65e5\u6b632", "^TAI50I      \u81fa\u706350\u5831\u916c\u6307\u6578", "^TAI50Ix2    \u81fa\u706350\u5831\u916c\u6307\u6578_\u65e5\u6b632", "^TAI100I     \u81fa\u7063\u4e2d\u578b100\u5831\u916c\u6307\u6578", "^TAI100Ix2   \u81fa\u7063\u4e2d\u578b100\u5831\u916c\u6307\u6578_\u65e5\u6b632", "^TAIDIVIDI   \u81fa\u7063\u9ad8\u80a1\u606f\u5831\u916c\u6307\u6578", "^TAIDIVIDIx2 \u81fa\u7063\u9ad8\u80a1\u606f\u5831\u916c\u6307\u6578_\u65e5\u6b632", "0050Fund     \u5143\u5927\u53f0\u7063\u5353\u8d8a50\u57fa\u91d1", "006208Fund   \u5bcc\u90a6\u53f0\u7063\u91c6\u540950\u57fa\u91d1", "0050         \u5143\u5927\u81fa\u706350", "00631L       \u5143\u5927\u53f0\u706350\u6b632", "00675L       \u5bcc\u90a6\u81fa\u7063\u52a0\u6b0a\u6b632", "006208       \u5bcc\u90a6\u53f050", "0051         \u5143\u5927\u4e2d\u578b100", "006204       \u6c38\u8c50\u81fa\u7063\u52a0\u6b0a", "0056         \u5143\u5927\u9ad8\u80a1\u606f", "2412         \u4e2d\u83ef\u96fb\u4fe1", "2002         \u4e2d\u92fc", "2330         \u53f0\u7a4d\u96fb", "2317         \u9d3b\u6d77", "6505         \u53f0\u5851\u77f3\u5316", "3481         \u7fa4\u5275", "2303         \u806f\u96fb", "2308         \u53f0\u9054\u96fb", "2454         \u806f\u767c\u79d1", "2886         \u5146\u8c50\u91d1", "2884         \u7389\u5c71\u91d1", "2891         \u4e2d\u4fe1\u91d1", "2892         \u7b2c\u4e00\u91d1", "5880         \u5408\u5eab\u91d1", "2881         \u5bcc\u90a6\u91d1", "2885         \u5143\u5927\u91d1", "2887         \u53f0\u65b0\u91d1"], "y": ["^TAIEX       \u81fa\u7063\u52a0\u6b0a\u5831\u916c\u6307\u6578", "^TWII        \u81fa\u7063\u52a0\u6b0a\u6307\u6578", "^TAIEXx2     \u81fa\u7063\u52a0\u6b0a\u5831\u916c\u6307\u6578_\u65e5\u6b632", "^TAI50I      \u81fa\u706350\u5831\u916c\u6307\u6578", "^TAI50Ix2    \u81fa\u706350\u5831\u916c\u6307\u6578_\u65e5\u6b632", "^TAI100I     \u81fa\u7063\u4e2d\u578b100\u5831\u916c\u6307\u6578", "^TAI100Ix2   \u81fa\u7063\u4e2d\u578b100\u5831\u916c\u6307\u6578_\u65e5\u6b632", "^TAIDIVIDI   \u81fa\u7063\u9ad8\u80a1\u606f\u5831\u916c\u6307\u6578", "^TAIDIVIDIx2 \u81fa\u7063\u9ad8\u80a1\u606f\u5831\u916c\u6307\u6578_\u65e5\u6b632", "0050Fund     \u5143\u5927\u53f0\u7063\u5353\u8d8a50\u57fa\u91d1", "006208Fund   \u5bcc\u90a6\u53f0\u7063\u91c6\u540950\u57fa\u91d1", "0050         \u5143\u5927\u81fa\u706350", "00631L       \u5143\u5927\u53f0\u706350\u6b632", "00675L       \u5bcc\u90a6\u81fa\u7063\u52a0\u6b0a\u6b632", "006208       \u5bcc\u90a6\u53f050", "0051         \u5143\u5927\u4e2d\u578b100", "006204       \u6c38\u8c50\u81fa\u7063\u52a0\u6b0a", "0056         \u5143\u5927\u9ad8\u80a1\u606f", "2412         \u4e2d\u83ef\u96fb\u4fe1", "2002         \u4e2d\u92fc", "2330         \u53f0\u7a4d\u96fb", "2317         \u9d3b\u6d77", "6505         \u53f0\u5851\u77f3\u5316", "3481         \u7fa4\u5275", "2303         \u806f\u96fb", "2308         \u53f0\u9054\u96fb", "2454         \u806f\u767c\u79d1", "2886         \u5146\u8c50\u91d1", "2884         \u7389\u5c71\u91d1", "2891         \u4e2d\u4fe1\u91d1", "2892         \u7b2c\u4e00\u91d1", "5880         \u5408\u5eab\u91d1", "2881         \u5bcc\u90a6\u91d1", "2885         \u5143\u5927\u91d1", "2887         \u53f0\u65b0\u91d1"], "zmin": -1, "zmax": 1, "colorbar": {"x": -0.2}}], "layout": {"autotypenumbers": "strict", "colorway": ["#636efa", "#EF553B", "#00cc96", "#ab63fa", "#FFA15A", "#19d3f3", "#FF6692", "#B6E880", "#FF97FF", "#FECB52"], "font": {"color": "#f2f5fa", "family": "Courier New"}, "hovermode": "closest", "hoverlabel": {"align": "left"}, "paper_bgcolor": "rgb(17,17,17)", "plot_bgcolor": "rgb(17,17,17)", "polar": {"bgcolor": "rgb(17,17,17)", "angularaxis": {"gridcolor": "#506784", "linecolor": "#506784", "ticks": ""}, "radialaxis": {"gridcolor": "#506784", "linecolor": "#506784", "ticks": ""}}, "ternary": {"bgcolor": "rgb(17,17,17)", "aaxis": {"gridcolor": "#506784", "linecolor": "#506784", "ticks": ""}, "baxis": {"gridcolor": "#506784", "linecolor": "#506784", "ticks": ""}, "caxis": {"gridcolor": "#506784", "linecolor": "#506784", "ticks": ""}}, "coloraxis": {"colorbar": {"outlinewidth": 0, "ticks": ""}}, "colorscale": {"sequential": [[0.0, "#0d0887"], [0.1111111111111111, "#46039f"], [0.2222222222222222, "#7201a8"], [0.3333333333333333, "#9c179e"], [0.4444444444444444, "#bd3786"], [0.5555555555555556, "#d8576b"], [0.6666666666666666, "#ed7953"], [0.7777777777777778, "#fb9f3a"], [0.8888888888888888, "#fdca26"], [1.0, "#f0f921"]], "sequentialminus": [[0.0, "#0d0887"], [0.1111111111111111, "#46039f"], [0.2222222222222222, "#7201a8"], [0.3333333333333333, "#9c179e"], [0.4444444444444444, "#bd3786"], [0.5555555555555556, "#d8576b"], [0.6666666666666666, "#ed7953"], [0.7777777777777778, "#fb9f3a"], [0.8888888888888888, "#fdca26"], [1.0, "#f0f921"]], "diverging": [[0, "#8e0152"], [0.1, "#c51b7d"], [0.2, "#de77ae"], [0.3, "#f1b6da"], [0.4, "#fde0ef"], [0.5, "#f7f7f7"], [0.6, "#e6f5d0"], [0.7, "#b8e186"], [0.8, "#7fbc41"], [0.9, "#4d9221"], [1, "#276419"]]}, "xaxis": {"gridcolor": "rgba(0, 0, 0, 0)", "linecolor": "#506784", "ticks": "", "title": {"standoff": 15}, "zerolinecolor": "#283442", "automargin": true, "zerolinewidth": 2, "tickfont": {"family": "Courier New", "size": 14}, "side": "top", "tickangle": -90}, "yaxis": {"gridcolor": "rgba(0, 0, 0, 0)", "linecolor": "#506784", "ticks": "", "title": {"standoff": 15}, "zerolinecolor": "#283442", "automargin": true, "zerolinewidth": 2, "tickfont": {"family": "Courier New"}, "side": "right"}, "scene": {"xaxis": {"backgroundcolor": "rgb(17,17,17)", "gridcolor": "#506784", "linecolor": "#506784", "showbackground": true, "ticks": "", "zerolinecolor": "#C8D4E3", "gridwidth": 2}, "yaxis": {"backgroundcolor": "rgb(17,17,17)", "gridcolor": "#506784", "linecolor": "#506784", "showbackground": true, "ticks": "", "zerolinecolor": "#C8D4E3", "gridwidth": 2}, "zaxis": {"backgroundcolor": "rgb(17,17,17)", "gridcolor": "#506784", "linecolor": "#506784", "showbackground": true, "ticks": "", "zerolinecolor": "#C8D4E3", "gridwidth": 2}}, "shapedefaults": {"line": {"color": "#f2f5fa"}}, "annotationdefaults": {"arrowcolor": "#f2f5fa", "arrowhead": 0, "arrowwidth": 1}, "geo": {"bgcolor": "rgb(17,17,17)", "landcolor": "rgb(17,17,17)", "subunitcolor": "#506784", "showland": true, "showlakes": true, "lakecolor": "rgb(17,17,17)"}, "title": {"x": 0.05, "font": {"family": "Times New Roman"}, "y": 0.05, "text": "<b>Correlation of Close<b><br><i>2016-09-23 ~ 2025-08-04<i>"}, "updatemenudefaults": {"bgcolor": "#506784", "borderwidth": 0}, "sliderdefaults": {"bgcolor": "#C8D4E3", "borderwidth": 1, "bordercolor": "rgb(17,17,17)", "tickwidth": 0}, "mapbox": {"style": "dark"}, "annotations": [{"text": "<b>@zwindr<b>", "textangle": 0, "opacity": 0.5, "font": {"color": "white", "size": 12}, "xref": "paper", "yref": "paper", "xanchor": "left", "yanchor": "bottom", "x": 1.0, "y": 1.0, "showarrow": false}]}, "config": {"responsive": true, "toImageButtonOptions": {"filename": "Correlation of Close_2016-09-23~2025-08-04", "scale": 5}}};

Plotly.newPlot("correlationClose",
    correlationClose.data,
    correlationClose.layout || {},
    correlationClose.config);