var correlationAdjClose = {"data": [{"type": "heatmap", "z": [[1.0, 0.9939974716976464, 0.9768993550372419, 0.997642504993662, 0.9647611887640085, 0.9814320401662456, -0.9429090162570334, 0.9899868011787936, 0.9700520197610961, 0.9972186924759825, 0.9972083860463996, 0.9976873183813832, 0.9932227161306225, 0.9939241234536211, 0.9972052872376287, 0.9839525612454818, 0.9996675219580425, 0.9900270733386632, 0.9200863869063628, 0.7403554708265454, 0.9853454544005167, 0.9210747967314709, 0.4425396699916803, -0.30361404408701215, 0.9013403698165495, 0.9741610957418975, 0.9545473498432456, 0.9800749609473067, 0.9638104067347225, 0.9756818951894466, 0.9719930710221806, 0.9454612009785732, 0.9797401148622079, 0.970235317174516, 0.9548924399485051], [0.9939974716976464, 1.0, 0.9722693874054009, 0.9912952098961734, 0.9602111809705289, 0.9768481958217489, -0.9382192483490818, 0.9808526477280014, 0.963112247329594, 0.9953311690252217, 0.9951784308343711, 0.9943827399691908, 0.9923099289024139, 0.9915583896298065, 0.9951098843914183, 0.9778912780287033, 0.9966515887355022, 0.9836181945073666, 0.9090972921941701, 0.7520155738181329, 0.9669384225197829, 0.9003288045453788, 0.44219409050722813, -0.22781784092133792, 0.8752552596604141, 0.9618569048752377, 0.9540339904246538, 0.957897435111503, 0.9497135016919044, 0.965391581274155, 0.9560879199055017, 0.9432664906372681, 0.96853187881706, 0.9614874805660638, 0.948481772231379], [0.9768993550372419, 0.9722693874054009, 1.0, 0.9829851196523979, 0.9960183056889149, 0.978998062932394, -0.9757526646890696, 0.9701722966761628, 0.983942004849897, 0.9886527704531317, 0.9893721383552166, 0.9858541087965317, 0.9970603720513058, 0.9968793156137714, 0.9891531848681667, 0.9776421529523418, 0.9877744169160433, 0.9700671026196318, 0.8273195881102472, 0.6299209052216866, 0.990198930555452, 0.9116631184982406, 0.27729830955290213, -0.2265932961854436, 0.9069794508358017, 0.9440144995311138, 0.9794774531625219, 0.9298205578916726, 0.9113245094416408, 0.963877131294673, 0.9199158689994162, 0.9067460243754435, 0.9664278130727985, 0.9738593095664334, 0.924670588043154], [0.997642504993662, 0.9912952098961734, 0.9829851196523979, 1.0, 0.976403424686476, 0.9736636860255135, -0.9377338842168433, 0.9843365931298002, 0.9675126603032554, 0.9999708860851905, 0.9999892679195582, 0.9999569250616861, 0.9914116486610434, 0.9894396202865821, 0.9999429104156142, 0.9735484117848343, 0.9960496272498829, 0.9841951041173029, 0.9061874217695495, 0.7106457079421189, 0.9932970417487363, 0.922274492747665, 0.41917553209477093, -0.29500266041126366, 0.8994566208631571, 0.9692592360271683, 0.9608249468509276, 0.9709815710740368, 0.9609201739178341, 0.9776282438852378, 0.9622361397154482, 0.9343768390492435, 0.9776964753623237, 0.9688023879574984, 0.9467508003636835], [0.9647611887640085, 0.9602111809705289, 0.9960183056889149, 0.976403424686476, 1.0, 0.9586821768278796, -0.9572920178985068, 0.9551514066067034, 0.971684770738102, 0.984911085912168, 0.985671074024818, 0.9816751477583039, 0.9865071370308951, 0.9828520223728441, 0.9853252649067527, 0.956304363433123, 0.975946148901863, 0.9549519710666758, 0.8067970400748696, 0.5947279879402271, 0.9894932662954113, 0.9074035711347086, 0.2536980850436921, -0.21967274669851317, 0.888529532115005, 0.9302192280453412, 0.9772413807083424, 0.9095574825007631, 0.8975579091321934, 0.957624845478113, 0.8983927357212225, 0.8807035588477803, 0.9562155257658058, 0.9622680820295503, 0.9015915674566387], [0.9814320401662456, 0.9768481958217489, 0.978998062932394, 0.9736636860255135, 0.9586821768278796, 1.0, -0.9807580632480521, 0.9805070380523925, 0.9797889022705502, 0.9687920950592427, 0.9691467092570285, 0.9717102917192122, 0.9770899263157807, 0.9750755216886483, 0.9689297328943107, 0.9999065443239705, 0.9860559564777304, 0.9816009703281937, 0.8613068717611905, 0.7073209380054727, 0.9672367077894206, 0.8915322867944374, 0.30925403435778315, -0.21524702965160727, 0.9366594851304109, 0.9564961064158806, 0.9594056757679973, 0.9572410663424634, 0.9272246727803832, 0.9521412639983143, 0.9513455823936885, 0.9546682861314383, 0.9565633566134122, 0.9763092208691593, 0.955495876152595], [-0.9429090162570334, -0.9382192483490818, -0.9757526646890696, -0.9377338842168433, -0.9572920178985068, -0.9807580632480521, 1.0, -0.9516458170261446, -0.9833848584222344, -0.9480472808611788, -0.9492727646354563, -0.9444491859436359, -0.974092940798596, -0.975815403807886, -0.9488901972591687, -0.9839113233751721, -0.9644774048642074, -0.9546596708291853, -0.774019805336383, -0.6054652855340351, -0.942983800676274, -0.8819193044389636, -0.16692037117297012, 0.14963104788972229, -0.9049018108331511, -0.9140293786773618, -0.9571917318506559, -0.8986422525754862, -0.85761485664309, -0.9246456140429802, -0.8900841660110388, -0.908948995551101, -0.9252200935262392, -0.9634696904281503, -0.9097183116067641], [0.9899868011787936, 0.9808526477280014, 0.9701722966761628, 0.9843365931298002, 0.9551514066067034, 0.9805070380523925, -0.9516458170261446, 1.0, 0.9824012285575919, 0.9800754878616371, 0.9800284963474669, 0.9832445715814911, 0.9759489644527166, 0.9749349742180132, 0.9800220907285393, 0.9824434386832465, 0.9876128212650269, 0.9998705560417633, 0.923079929494016, 0.6750403791626066, 0.9738762456518989, 0.8950962835147654, 0.30097391813948365, -0.3115616919083673, 0.905592807040667, 0.9553202763247186, 0.9374674020357057, 0.9775472155547814, 0.9522393752675459, 0.9688944719760352, 0.9624627384217993, 0.9353644982074777, 0.9590001674038975, 0.9572281699605917, 0.9655447936874236], [0.9700520197610961, 0.963112247329594, 0.983942004849897, 0.9675126603032554, 0.971684770738102, 0.9797889022705502, -0.9833848584222344, 0.9824012285575919, 1.0, 0.9631080078785149, 0.9637810889660828, 0.9655961492364036, 0.9729729701527559, 0.9700626947885636, 0.9635195392394696, 0.9789027002629757, 0.9701378194570796, 0.9817233350902733, 0.8496728442836876, 0.599677153091845, 0.9675332888082061, 0.9060752005348455, 0.1582026543560365, -0.2303226489570974, 0.8869665477337292, 0.9328938216848721, 0.9599416059970619, 0.9328583700193859, 0.8945227322203375, 0.9564431417117436, 0.9157567027358907, 0.9025826369172628, 0.9449421763608106, 0.9691369359621285, 0.9232729868023862], [0.9972186924759825, 0.9953311690252217, 0.9886527704531317, 0.9999708860851905, 0.984911085912168, 0.9687920950592427, -0.9480472808611788, 0.9800754878616371, 0.9631080078785149, 1.0, 0.9999874492071147, 0.9999824341000306, 0.9912464888671717, 0.9892399681296352, 0.9999477465919004, 0.9693341911983804, 0.9956371699244689, 0.981104573430212, 0.9305674332750725, 0.634935963190457, 0.9966756487440451, 0.8998354155206283, -0.01431098109237611, 0.436176678397189, 0.9169978194349969, 0.9534558040287915, 0.9660863675599203, 0.9618048326814834, 0.9426314842161044, 0.9654205504452915, 0.9415733528795317, 0.9204372853631025, 0.9648955354404197, 0.9800704097287986, 0.9442198291670664], [0.9972083860463996, 0.9951784308343711, 0.9893721383552166, 0.9999892679195582, 0.985671074024818, 0.9691467092570285, -0.9492727646354563, 0.9800284963474669, 0.9637810889660828, 0.9999874492071147, 1.0, 0.9999714870147787, 0.9914348888396463, 0.9894236473416055, 0.9999523802776621, 0.9696611931596851, 0.9956875133500541, 0.9810272464770163, 0.9297250316467857, 0.6312470470576181, 0.9969690179706402, 0.899066294047387, -0.029209469759869194, 0.431754925651307, 0.9162945663153468, 0.9533007072116141, 0.9669834885431021, 0.9612932227018245, 0.9413155772557551, 0.9655216991508108, 0.9405256995781616, 0.9191509119272795, 0.9650826811491243, 0.9806024782219358, 0.9435271369302368], [0.9976873183813832, 0.9943827399691908, 0.9858541087965317, 0.9999569250616861, 0.9816751477583039, 0.9717102917192122, -0.9444491859436359, 0.9832445715814911, 0.9655961492364036, 0.9999824341000306, 0.9999714870147787, 1.0, 0.9912090385300303, 0.9891568389637189, 0.9999613888738725, 0.9721486688223911, 0.9958240170857441, 0.9838243825348024, 0.921803966597719, 0.6803901070992108, 0.9958587123903614, 0.9163278141745431, 0.18366406518338269, -0.19501163269750893, 0.9238859514327651, 0.9623241152058115, 0.955727644456112, 0.9652437190251721, 0.9515507648610811, 0.9721428358424894, 0.9526895453575116, 0.9330987403123113, 0.9722524773303812, 0.9670956329962609, 0.9528644452227641], [0.9932227161306225, 0.9923099289024139, 0.9970603720513058, 0.9914116486610434, 0.9865071370308951, 0.9770899263157807, -0.974092940798596, 0.9759489644527166, 0.9729729701527559, 0.9912464888671717, 0.9914348888396463, 0.9912090385300303, 1.0, 0.9996819947457255, 0.9913703161142894, 0.9779115241556108, 0.9935530460919912, 0.9773396598615266, 0.9115438813326063, 0.5732033744339057, 0.9861027793380668, 0.891600935169927, -0.3147750657932508, 0.45814963247826007, 0.9068354203113268, 0.9527766860384286, 0.9775604536343159, 0.9441547681726977, 0.9035175083552137, 0.9464775597273885, 0.914215624263693, 0.889643543274583, 0.9631714665771876, 0.9796188002992376, 0.9357134271908966], [0.9939241234536211, 0.9915583896298065, 0.9968793156137714, 0.9894396202865821, 0.9828520223728441, 0.9750755216886483, -0.975815403807886, 0.9749349742180132, 0.9700626947885636, 0.9892399681296352, 0.9894236473416055, 0.9891568389637189, 0.9996819947457255, 1.0, 0.9894726937306839, 0.9759641542378635, 0.9940831805424315, 0.9765849704827984, 0.9190304747917254, 0.45406067227814956, 0.9808795998615564, 0.8803838645419507, -0.7070510780384375, 0.4362894292442805, 0.8798484184944317, 0.9495696733652821, 0.9769268183583734, 0.9364778836989938, 0.8856543907532082, 0.9374146650387487, 0.9111306032938083, 0.8679214413235657, 0.9653426947778735, 0.9778621995382744, 0.9281063879820296], [0.9972052872376287, 0.9951098843914183, 0.9891531848681667, 0.9999429104156142, 0.9853252649067527, 0.9689297328943107, -0.9488901972591687, 0.9800220907285393, 0.9635195392394696, 0.9999477465919004, 0.9999523802776621, 0.9999613888738725, 0.9913703161142894, 0.9894726937306839, 1.0, 0.9694695171838865, 0.9956593654628553, 0.9810660836631924, 0.9304491138851074, 0.6312228111368555, 0.996799169280621, 0.8993115299522239, -0.027335353188544978, 0.43102121716943304, 0.9159601636171321, 0.9524559544651209, 0.966345152913544, 0.9616231040701357, 0.9419211401725576, 0.9655527308985219, 0.9411822728451421, 0.9196719001966039, 0.9649666629474367, 0.9804547215344209, 0.9437765763013576], [0.9839525612454818, 0.9778912780287033, 0.9776421529523418, 0.9735484117848343, 0.956304363433123, 0.9999065443239705, -0.9839113233751721, 0.9824434386832465, 0.9789027002629757, 0.9693341911983804, 0.9696611931596851, 0.9721486688223911, 0.9779115241556108, 0.9759641542378635, 0.9694695171838865, 1.0, 0.9865018264007542, 0.9817456286171891, 0.8850734588354623, 0.7071174907964967, 0.9657799053259956, 0.8872031051210808, 0.1792097305671344, -0.1937890321151219, 0.9451869566769039, 0.9582605890963954, 0.9561984209288353, 0.9606571930491404, 0.9241847183177696, 0.9489019032982845, 0.9522715279799892, 0.9540410078327787, 0.9591574441759771, 0.975879973686075, 0.9602946013146303], [0.9996675219580425, 0.9966515887355022, 0.9877744169160433, 0.9960496272498829, 0.975946148901863, 0.9860559564777304, -0.9644774048642074, 0.9876128212650269, 0.9701378194570796, 0.9956371699244689, 0.9956875133500541, 0.9958240170857441, 0.9935530460919912, 0.9940831805424315, 0.9956593654628553, 0.9865018264007542, 1.0, 0.988492971567963, 0.9361587163934703, 0.6731914648855482, 0.98888340809755, 0.8964571268563546, 0.023598631509370197, 0.4500422222771915, 0.9352257948173855, 0.9608172999484379, 0.9644616055803295, 0.9745079524117711, 0.9467524236259378, 0.964379684695431, 0.956320183295256, 0.9430560622367581, 0.9710405364236043, 0.9845841249174536, 0.9649195618122148], [0.9900270733386632, 0.9836181945073666, 0.9700671026196318, 0.9841951041173029, 0.9549519710666758, 0.9816009703281937, -0.9546596708291853, 0.9998705560417633, 0.9817233350902733, 0.981104573430212, 0.9810272464770163, 0.9838243825348024, 0.9773396598615266, 0.9765849704827984, 0.9810660836631924, 0.9817456286171891, 0.988492971567963, 1.0, 0.9294144196748861, 0.6736234715654226, 0.9728724778502432, 0.9001883374859363, 0.2674279522421781, -0.2927862681509566, 0.9110594087149422, 0.9539999396388751, 0.9375436421128477, 0.9780249198196458, 0.951644496967818, 0.967421877864912, 0.9609377638284594, 0.9352319884537103, 0.958357651524251, 0.9551550396636236, 0.9667221046405063], [0.9200863869063628, 0.9090972921941701, 0.8273195881102472, 0.9061874217695495, 0.8067970400748696, 0.8613068717611905, -0.774019805336383, 0.923079929494016, 0.8496728442836876, 0.9305674332750725, 0.9297250316467857, 0.921803966597719, 0.9115438813326063, 0.9190304747917254, 0.9304491138851074, 0.8850734588354623, 0.9361587163934703, 0.9294144196748861, 1.0, 0.8415135268859038, 0.8575721125873241, 0.8725287398547222, 0.6907229628485393, -0.5331200983488137, 0.6967357188116442, 0.9154438048978055, 0.7995995540982743, 0.957161848547453, 0.934805607272205, 0.9014646178105012, 0.9433741130050363, 0.8931264073429064, 0.8974954437109018, 0.8454394090802902, 0.8780926073463997], [0.7403554708265454, 0.7520155738181329, 0.6299209052216866, 0.7106457079421189, 0.5947279879402271, 0.7073209380054727, -0.6054652855340351, 0.6750403791626066, 0.599677153091845, 0.634935963190457, 0.6312470470576181, 0.6803901070992108, 0.5732033744339057, 0.45406067227814956, 0.6312228111368555, 0.7071174907964967, 0.6731914648855482, 0.6736234715654226, 0.8415135268859038, 1.0, 0.633398861074491, 0.7474576823343774, 0.7314856069911639, -0.11636773315858447, 0.5375989781467547, 0.7510718959426492, 0.6374087177977267, 0.7922364379344075, 0.7280004092771774, 0.6680493941686726, 0.7643661683745768, 0.7671326776673678, 0.6985879034381749, 0.6662245801345313, 0.7016034244390786], [0.9853454544005167, 0.9669384225197829, 0.990198930555452, 0.9932970417487363, 0.9894932662954113, 0.9672367077894206, -0.942983800676274, 0.9738762456518989, 0.9675332888082061, 0.9966756487440451, 0.9969690179706402, 0.9958587123903614, 0.9861027793380668, 0.9808795998615564, 0.996799169280621, 0.9657799053259956, 0.98888340809755, 0.9728724778502432, 0.8575721125873241, 0.633398861074491, 1.0, 0.8932156609659587, 0.3455098182605908, -0.2888924064637189, 0.8862241154265491, 0.9527283599524182, 0.97003435520829, 0.9397968394648153, 0.9437387215789588, 0.9689371690755416, 0.9401842852932042, 0.9102961722427995, 0.9679761445161772, 0.955185737654436, 0.9284956654685432], [0.9210747967314709, 0.9003288045453788, 0.9116631184982406, 0.922274492747665, 0.9074035711347086, 0.8915322867944374, -0.8819193044389636, 0.8950962835147654, 0.9060752005348455, 0.8998354155206283, 0.899066294047387, 0.9163278141745431, 0.891600935169927, 0.8803838645419507, 0.8993115299522239, 0.8872031051210808, 0.8964571268563546, 0.9001883374859363, 0.8725287398547222, 0.7474576823343774, 0.8932156609659587, 1.0, 0.3932524632358399, -0.1879674003573106, 0.6990633436921814, 0.9173606344903659, 0.8838360279937683, 0.8962081205052599, 0.8443796722876808, 0.9212072207565433, 0.8654130676480309, 0.8398895131538875, 0.9193666322203526, 0.864955685449512, 0.8470691050340138], [0.4425396699916803, 0.44219409050722813, 0.27729830955290213, 0.41917553209477093, 0.2536980850436921, 0.30925403435778315, -0.16692037117297012, 0.30097391813948365, 0.1582026543560365, -0.01431098109237611, -0.029209469759869194, 0.18366406518338269, -0.3147750657932508, -0.7070510780384375, -0.027335353188544978, 0.1792097305671344, 0.023598631509370197, 0.2674279522421781, 0.6907229628485393, 0.7314856069911639, 0.3455098182605908, 0.3932524632358399, 1.0, -0.3956213629792374, 0.2943332309951379, 0.4223170011337757, 0.22494339607354524, 0.5193001580522444, 0.5182501173579495, 0.3807782219784944, 0.5366217149858006, 0.44624282490172257, 0.3968098816545429, 0.3160841031989378, 0.4210127626693889], [-0.30361404408701215, -0.22781784092133792, -0.2265932961854436, -0.29500266041126366, -0.21967274669851317, -0.21524702965160727, 0.14963104788972229, -0.3115616919083673, -0.2303226489570974, 0.436176678397189, 0.431754925651307, -0.19501163269750893, 0.45814963247826007, 0.4362894292442805, 0.43102121716943304, -0.1937890321151219, 0.4500422222771915, -0.2927862681509566, -0.5331200983488137, -0.11636773315858447, -0.2888924064637189, -0.1879674003573106, -0.3956213629792374, 1.0, -0.14757210613238086, -0.3320585395551472, -0.175335814322257, -0.3899726390530736, -0.3800280178808151, -0.327431375514234, -0.34590315938555366, -0.20231862083787258, -0.35089553350869124, -0.17766833207973057, -0.3160171542220221], [0.9013403698165495, 0.8752552596604141, 0.9069794508358017, 0.8994566208631571, 0.888529532115005, 0.9366594851304109, -0.9049018108331511, 0.905592807040667, 0.8869665477337292, 0.9169978194349969, 0.9162945663153468, 0.9238859514327651, 0.9068354203113268, 0.8798484184944317, 0.9159601636171321, 0.9451869566769039, 0.9352257948173855, 0.9110594087149422, 0.6967357188116442, 0.5375989781467547, 0.8862241154265491, 0.6990633436921814, 0.2943332309951379, -0.14757210613238086, 1.0, 0.835851202556545, 0.8855045712665909, 0.8095632566765498, 0.8584373993622565, 0.8280563445661673, 0.865778811932566, 0.8594535697858575, 0.856609713878819, 0.8664949477987475, 0.8938141350265748], [0.9741610957418975, 0.9618569048752377, 0.9440144995311138, 0.9692592360271683, 0.9302192280453412, 0.9564961064158806, -0.9140293786773618, 0.9553202763247186, 0.9328938216848721, 0.9534558040287915, 0.9533007072116141, 0.9623241152058115, 0.9527766860384286, 0.9495696733652821, 0.9524559544651209, 0.9582605890963954, 0.9608172999484379, 0.9539999396388751, 0.9154438048978055, 0.7510718959426492, 0.9527283599524182, 0.9173606344903659, 0.4223170011337757, -0.3320585395551472, 0.835851202556545, 1.0, 0.9332426563505216, 0.9600873010919919, 0.934778123678523, 0.943518342942073, 0.9439183847627595, 0.9163290660970221, 0.9635320356994326, 0.9268591922046151, 0.923814877672653], [0.9545473498432456, 0.9540339904246538, 0.9794774531625219, 0.9608249468509276, 0.9772413807083424, 0.9594056757679973, -0.9571917318506559, 0.9374674020357057, 0.9599416059970619, 0.9660863675599203, 0.9669834885431021, 0.955727644456112, 0.9775604536343159, 0.9769268183583734, 0.966345152913544, 0.9561984209288353, 0.9644616055803295, 0.9375436421128477, 0.7995995540982743, 0.6374087177977267, 0.97003435520829, 0.8838360279937683, 0.22494339607354524, -0.175335814322257, 0.8855045712665909, 0.9332426563505216, 1.0, 0.9027806899285519, 0.8807772270605679, 0.9368122999550075, 0.8831561472822621, 0.8834330147133187, 0.9434762855439253, 0.9705346520798296, 0.8840196499108744], [0.9800749609473067, 0.957897435111503, 0.9298205578916726, 0.9709815710740368, 0.9095574825007631, 0.9572410663424634, -0.8986422525754862, 0.9775472155547814, 0.9328583700193859, 0.9618048326814834, 0.9612932227018245, 0.9652437190251721, 0.9441547681726977, 0.9364778836989938, 0.9616231040701357, 0.9606571930491404, 0.9745079524117711, 0.9780249198196458, 0.957161848547453, 0.7922364379344075, 0.9397968394648153, 0.8962081205052599, 0.5193001580522444, -0.3899726390530736, 0.8095632566765498, 0.9600873010919919, 0.9027806899285519, 1.0, 0.9854774123341309, 0.9655127235988801, 0.9896279032257552, 0.9513777689102552, 0.958196246819182, 0.9128940214842501, 0.9662458274843285], [0.9638104067347225, 0.9497135016919044, 0.9113245094416408, 0.9609201739178341, 0.8975579091321934, 0.9272246727803832, -0.85761485664309, 0.9522393752675459, 0.8945227322203375, 0.9426314842161044, 0.9413155772557551, 0.9515507648610811, 0.9035175083552137, 0.8856543907532082, 0.9419211401725576, 0.9241847183177696, 0.9467524236259378, 0.951644496967818, 0.934805607272205, 0.7280004092771774, 0.9437387215789588, 0.8443796722876808, 0.5182501173579495, -0.3800280178808151, 0.8584373993622565, 0.934778123678523, 0.8807772270605679, 0.9854774123341309, 1.0, 0.9494893430027321, 0.9828606328806467, 0.9546726238364118, 0.9341246332328063, 0.9164846554446042, 0.9617518942331027], [0.9756818951894466, 0.965391581274155, 0.963877131294673, 0.9776282438852378, 0.957624845478113, 0.9521412639983143, -0.9246456140429802, 0.9688944719760352, 0.9564431417117436, 0.9654205504452915, 0.9655216991508108, 0.9721428358424894, 0.9464775597273885, 0.9374146650387487, 0.9655527308985219, 0.9489019032982845, 0.964379684695431, 0.967421877864912, 0.9014646178105012, 0.6680493941686726, 0.9689371690755416, 0.9212072207565433, 0.3807782219784944, -0.327431375514234, 0.8280563445661673, 0.943518342942073, 0.9368122999550075, 0.9655127235988801, 0.9494893430027321, 1.0, 0.9532524636448702, 0.9172210671359841, 0.975597063243422, 0.9561627046762115, 0.9442823274703177], [0.9719930710221806, 0.9560879199055017, 0.9199158689994162, 0.9622361397154482, 0.8983927357212225, 0.9513455823936885, -0.8900841660110388, 0.9624627384217993, 0.9157567027358907, 0.9415733528795317, 0.9405256995781616, 0.9526895453575116, 0.914215624263693, 0.9111306032938083, 0.9411822728451421, 0.9522715279799892, 0.956320183295256, 0.9609377638284594, 0.9433741130050363, 0.7643661683745768, 0.9401842852932042, 0.8654130676480309, 0.5366217149858006, -0.34590315938555366, 0.865778811932566, 0.9439183847627595, 0.8831561472822621, 0.9896279032257552, 0.9828606328806467, 0.9532524636448702, 1.0, 0.9731570387351638, 0.9423284289969477, 0.9349712951164535, 0.9617305047873334], [0.9454612009785732, 0.9432664906372681, 0.9067460243754435, 0.9343768390492435, 0.8807035588477803, 0.9546682861314383, -0.908948995551101, 0.9353644982074777, 0.9025826369172628, 0.9204372853631025, 0.9191509119272795, 0.9330987403123113, 0.889643543274583, 0.8679214413235657, 0.9196719001966039, 0.9540410078327787, 0.9430560622367581, 0.9352319884537103, 0.8931264073429064, 0.7671326776673678, 0.9102961722427995, 0.8398895131538875, 0.44624282490172257, -0.20231862083787258, 0.8594535697858575, 0.9163290660970221, 0.8834330147133187, 0.9513777689102552, 0.9546726238364118, 0.9172210671359841, 0.9731570387351638, 1.0, 0.9050161032730472, 0.9327436693014336, 0.9522999729091516], [0.9797401148622079, 0.96853187881706, 0.9664278130727985, 0.9776964753623237, 0.9562155257658058, 0.9565633566134122, -0.9252200935262392, 0.9590001674038975, 0.9449421763608106, 0.9648955354404197, 0.9650826811491243, 0.9722524773303812, 0.9631714665771876, 0.9653426947778735, 0.9649666629474367, 0.9591574441759771, 0.9710405364236043, 0.958357651524251, 0.8974954437109018, 0.6985879034381749, 0.9679761445161772, 0.9193666322203526, 0.3968098816545429, -0.35089553350869124, 0.856609713878819, 0.9635320356994326, 0.9434762855439253, 0.958196246819182, 0.9341246332328063, 0.975597063243422, 0.9423284289969477, 0.9050161032730472, 1.0, 0.9526717049764482, 0.9404984953079069], [0.970235317174516, 0.9614874805660638, 0.9738593095664334, 0.9688023879574984, 0.9622680820295503, 0.9763092208691593, -0.9634696904281503, 0.9572281699605917, 0.9691369359621285, 0.9800704097287986, 0.9806024782219358, 0.9670956329962609, 0.9796188002992376, 0.9778621995382744, 0.9804547215344209, 0.975879973686075, 0.9845841249174536, 0.9551550396636236, 0.8454394090802902, 0.6662245801345313, 0.955185737654436, 0.864955685449512, 0.3160841031989378, -0.17766833207973057, 0.8664949477987475, 0.9268591922046151, 0.9705346520798296, 0.9128940214842501, 0.9164846554446042, 0.9561627046762115, 0.9349712951164535, 0.9327436693014336, 0.9526717049764482, 1.0, 0.9168491557866877], [0.9548924399485051, 0.948481772231379, 0.924670588043154, 0.9467508003636835, 0.9015915674566387, 0.955495876152595, -0.9097183116067641, 0.9655447936874236, 0.9232729868023862, 0.9442198291670664, 0.9435271369302368, 0.9528644452227641, 0.9357134271908966, 0.9281063879820296, 0.9437765763013576, 0.9602946013146303, 0.9649195618122148, 0.9667221046405063, 0.8780926073463997, 0.7016034244390786, 0.9284956654685432, 0.8470691050340138, 0.4210127626693889, -0.3160171542220221, 0.8938141350265748, 0.923814877672653, 0.8840196499108744, 0.9662458274843285, 0.9617518942331027, 0.9442823274703177, 0.9617305047873334, 0.9522999729091516, 0.9404984953079069, 0.9168491557866877, 1.0]], "x": ["^TAIEX       \u81fa\u7063\u52a0\u6b0a\u5831\u916c\u6307\u6578", "^TWII        \u81fa\u7063\u52a0\u6b0a\u6307\u6578", "^TAIEXx2     \u81fa\u7063\u52a0\u6b0a\u5831\u916c\u6307\u6578_\u65e5\u6b632", "^TAI50I      \u81fa\u706350\u5831\u916c\u6307\u6578", "^TAI50Ix2    \u81fa\u706350\u5831\u916c\u6307\u6578_\u65e5\u6b632", "^TAI100I     \u81fa\u7063\u4e2d\u578b100\u5831\u916c\u6307\u6578", "^TAI100Ix2   \u81fa\u7063\u4e2d\u578b100\u5831\u916c\u6307\u6578_\u65e5\u6b632", "^TAIDIVIDI   \u81fa\u7063\u9ad8\u80a1\u606f\u5831\u916c\u6307\u6578", "^TAIDIVIDIx2 \u81fa\u7063\u9ad8\u80a1\u606f\u5831\u916c\u6307\u6578_\u65e5\u6b632", "0050Fund     \u5143\u5927\u53f0\u7063\u5353\u8d8a50\u57fa\u91d1", "006208Fund   \u5bcc\u90a6\u53f0\u7063\u91c6\u540950\u57fa\u91d1", "0050         \u5143\u5927\u81fa\u706350", "00631L       \u5143\u5927\u53f0\u706350\u6b632", "00675L       \u5bcc\u90a6\u81fa\u7063\u52a0\u6b0a\u6b632", "006208       \u5bcc\u90a6\u53f050", "0051         \u5143\u5927\u4e2d\u578b100", "006204       \u6c38\u8c50\u81fa\u7063\u52a0\u6b0a", "0056         \u5143\u5927\u9ad8\u80a1\u606f", "2412         \u4e2d\u83ef\u96fb\u4fe1", "2002         \u4e2d\u92fc", "2330         \u53f0\u7a4d\u96fb", "2317         \u9d3b\u6d77", "6505         \u53f0\u5851\u77f3\u5316", "3481         \u7fa4\u5275", "2303         \u806f\u96fb", "2308         \u53f0\u9054\u96fb", "2454         \u806f\u767c\u79d1", "2886         \u5146\u8c50\u91d1", "2884         \u7389\u5c71\u91d1", "2891         \u4e2d\u4fe1\u91d1", "2892         \u7b2c\u4e00\u91d1", "5880         \u5408\u5eab\u91d1", "2881         \u5bcc\u90a6\u91d1", "2885         \u5143\u5927\u91d1", "2887         \u53f0\u65b0\u91d1"], "y": ["^TAIEX       \u81fa\u7063\u52a0\u6b0a\u5831\u916c\u6307\u6578", "^TWII        \u81fa\u7063\u52a0\u6b0a\u6307\u6578", "^TAIEXx2     \u81fa\u7063\u52a0\u6b0a\u5831\u916c\u6307\u6578_\u65e5\u6b632", "^TAI50I      \u81fa\u706350\u5831\u916c\u6307\u6578", "^TAI50Ix2    \u81fa\u706350\u5831\u916c\u6307\u6578_\u65e5\u6b632", "^TAI100I     \u81fa\u7063\u4e2d\u578b100\u5831\u916c\u6307\u6578", "^TAI100Ix2   \u81fa\u7063\u4e2d\u578b100\u5831\u916c\u6307\u6578_\u65e5\u6b632", "^TAIDIVIDI   \u81fa\u7063\u9ad8\u80a1\u606f\u5831\u916c\u6307\u6578", "^TAIDIVIDIx2 \u81fa\u7063\u9ad8\u80a1\u606f\u5831\u916c\u6307\u6578_\u65e5\u6b632", "0050Fund     \u5143\u5927\u53f0\u7063\u5353\u8d8a50\u57fa\u91d1", "006208Fund   \u5bcc\u90a6\u53f0\u7063\u91c6\u540950\u57fa\u91d1", "0050         \u5143\u5927\u81fa\u706350", "00631L       \u5143\u5927\u53f0\u706350\u6b632", "00675L       \u5bcc\u90a6\u81fa\u7063\u52a0\u6b0a\u6b632", "006208       \u5bcc\u90a6\u53f050", "0051         \u5143\u5927\u4e2d\u578b100", "006204       \u6c38\u8c50\u81fa\u7063\u52a0\u6b0a", "0056         \u5143\u5927\u9ad8\u80a1\u606f", "2412         \u4e2d\u83ef\u96fb\u4fe1", "2002         \u4e2d\u92fc", "2330         \u53f0\u7a4d\u96fb", "2317         \u9d3b\u6d77", "6505         \u53f0\u5851\u77f3\u5316", "3481         \u7fa4\u5275", "2303         \u806f\u96fb", "2308         \u53f0\u9054\u96fb", "2454         \u806f\u767c\u79d1", "2886         \u5146\u8c50\u91d1", "2884         \u7389\u5c71\u91d1", "2891         \u4e2d\u4fe1\u91d1", "2892         \u7b2c\u4e00\u91d1", "5880         \u5408\u5eab\u91d1", "2881         \u5bcc\u90a6\u91d1", "2885         \u5143\u5927\u91d1", "2887         \u53f0\u65b0\u91d1"], "zmin": -1, "zmax": 1, "colorbar": {"x": -0.2}}], "layout": {"autotypenumbers": "strict", "colorway": ["#636efa", "#EF553B", "#00cc96", "#ab63fa", "#FFA15A", "#19d3f3", "#FF6692", "#B6E880", "#FF97FF", "#FECB52"], "font": {"color": "#f2f5fa", "family": "Courier New"}, "hovermode": "closest", "hoverlabel": {"align": "left"}, "paper_bgcolor": "rgb(17,17,17)", "plot_bgcolor": "rgb(17,17,17)", "polar": {"bgcolor": "rgb(17,17,17)", "angularaxis": {"gridcolor": "#506784", "linecolor": "#506784", "ticks": ""}, "radialaxis": {"gridcolor": "#506784", "linecolor": "#506784", "ticks": ""}}, "ternary": {"bgcolor": "rgb(17,17,17)", "aaxis": {"gridcolor": "#506784", "linecolor": "#506784", "ticks": ""}, "baxis": {"gridcolor": "#506784", "linecolor": "#506784", "ticks": ""}, "caxis": {"gridcolor": "#506784", "linecolor": "#506784", "ticks": ""}}, "coloraxis": {"colorbar": {"outlinewidth": 0, "ticks": ""}}, "colorscale": {"sequential": [[0.0, "#0d0887"], [0.1111111111111111, "#46039f"], [0.2222222222222222, "#7201a8"], [0.3333333333333333, "#9c179e"], [0.4444444444444444, "#bd3786"], [0.5555555555555556, "#d8576b"], [0.6666666666666666, "#ed7953"], [0.7777777777777778, "#fb9f3a"], [0.8888888888888888, "#fdca26"], [1.0, "#f0f921"]], "sequentialminus": [[0.0, "#0d0887"], [0.1111111111111111, "#46039f"], [0.2222222222222222, "#7201a8"], [0.3333333333333333, "#9c179e"], [0.4444444444444444, "#bd3786"], [0.5555555555555556, "#d8576b"], [0.6666666666666666, "#ed7953"], [0.7777777777777778, "#fb9f3a"], [0.8888888888888888, "#fdca26"], [1.0, "#f0f921"]], "diverging": [[0, "#8e0152"], [0.1, "#c51b7d"], [0.2, "#de77ae"], [0.3, "#f1b6da"], [0.4, "#fde0ef"], [0.5, "#f7f7f7"], [0.6, "#e6f5d0"], [0.7, "#b8e186"], [0.8, "#7fbc41"], [0.9, "#4d9221"], [1, "#276419"]]}, "xaxis": {"gridcolor": "rgba(0, 0, 0, 0)", "linecolor": "#506784", "ticks": "", "title": {"standoff": 15}, "zerolinecolor": "#283442", "automargin": true, "zerolinewidth": 2, "tickfont": {"family": "Courier New", "size": 14}, "side": "top", "tickangle": -90}, "yaxis": {"gridcolor": "rgba(0, 0, 0, 0)", "linecolor": "#506784", "ticks": "", "title": {"standoff": 15}, "zerolinecolor": "#283442", "automargin": true, "zerolinewidth": 2, "tickfont": {"family": "Courier New"}, "side": "right"}, "scene": {"xaxis": {"backgroundcolor": "rgb(17,17,17)", "gridcolor": "#506784", "linecolor": "#506784", "showbackground": true, "ticks": "", "zerolinecolor": "#C8D4E3", "gridwidth": 2}, "yaxis": {"backgroundcolor": "rgb(17,17,17)", "gridcolor": "#506784", "linecolor": "#506784", "showbackground": true, "ticks": "", "zerolinecolor": "#C8D4E3", "gridwidth": 2}, "zaxis": {"backgroundcolor": "rgb(17,17,17)", "gridcolor": "#506784", "linecolor": "#506784", "showbackground": true, "ticks": "", "zerolinecolor": "#C8D4E3", "gridwidth": 2}}, "shapedefaults": {"line": {"color": "#f2f5fa"}}, "annotationdefaults": {"arrowcolor": "#f2f5fa", "arrowhead": 0, "arrowwidth": 1}, "geo": {"bgcolor": "rgb(17,17,17)", "landcolor": "rgb(17,17,17)", "subunitcolor": "#506784", "showland": true, "showlakes": true, "lakecolor": "rgb(17,17,17)"}, "title": {"x": 0.05, "font": {"family": "Times New Roman"}, "y": 0.05, "text": "<b>Correlation of Adj Close<b><br><i>2016-09-23 ~ 2025-07-29<i>"}, "updatemenudefaults": {"bgcolor": "#506784", "borderwidth": 0}, "sliderdefaults": {"bgcolor": "#C8D4E3", "borderwidth": 1, "bordercolor": "rgb(17,17,17)", "tickwidth": 0}, "mapbox": {"style": "dark"}, "annotations": [{"text": "<b>@zwindr<b>", "textangle": 0, "opacity": 0.5, "font": {"color": "white", "size": 12}, "xref": "paper", "yref": "paper", "xanchor": "left", "yanchor": "bottom", "x": 1.0, "y": 1.0, "showarrow": false}]}, "config": {"responsive": true, "toImageButtonOptions": {"filename": "Correlation of Adj Close_2016-09-23~2025-07-29", "scale": 5}}};

Plotly.newPlot("correlationAdjClose",
    correlationAdjClose.data,
    correlationAdjClose.layout || {},
    correlationAdjClose.config);