var element=document.getElementById("correlationAdjClose");if(element.style.display!='none'){var correlationAdjClose={"data":[{"type":"heatmap","z":[[1.0,0.9965855264936659,0.9479749698319906,0.996495524805422,0.915684444062787,0.9892303621860844,0.9626435658706952,0.9812147140710288,0.9806969114371907,0.9966072043629267,0.9966894577024608,0.9968190492084599,0.8818949247508936,0.9804216722559932,0.9967759772296491,0.9897540229460916,0.99978858054853,0.9811179559256118,0.9032786081650701,0.8825198714170788,0.5767650089179485,0.986981321181776,0.9465214338288134,0.26140191837967947,-0.16470134073792478,0.9181222203514707,0.8951572796881315,0.9417433195157696,0.9338857985510516,0.9347105632391699,0.9846855324681344,0.9341526267818062,0.8873021961150589,0.9726288619644262,0.9840299701021054,0.9627440007230734],[0.9965855264936659,1.0,0.9537388633541936,0.994433267094898,0.9223565214830872,0.98568507386279,0.9647570195510157,0.97195682277087,0.9780151111438251,0.9953988349499414,0.9968743786665027,0.9964461395885864,0.8913508108934777,0.9843430403284419,0.9969205176479451,0.9855306305212169,0.9980017264756063,0.9738657677667842,0.9135620528701291,0.8685625875509607,0.5999274536516539,0.97879691854106,0.9292677661451942,0.25351924362945993,-0.10353190303137343,0.9070402839841495,0.8998939126757086,0.9464225886099982,0.9143258939446746,0.919828038336376,0.9780294815641776,0.916551458161519,0.8825610921507615,0.9628904569790534,0.9790892562407848,0.9566963559954919],[0.9479749698319906,0.9537388633541936,1.0,0.9666953970068645,0.9949736782601467,0.9381620730898383,0.9825200736088644,0.8947928060905592,0.9567029942547569,0.9669489135129752,0.9746878660638985,0.9713306850815194,0.9145372368314935,0.9975843994215808,0.9745659925048031,0.9359226945812117,0.9592127808637871,0.8961239055292549,0.8162057983648193,0.713706775403233,0.3748815876716499,0.9711104634428711,0.883460147284526,0.08463489103015594,-0.038331075397268884,0.9040713864985401,0.9710319739523594,0.9727456587111876,0.7817916332540757,0.793058413367408,0.93147589712932,0.7866051246709208,0.7305911672804406,0.8817029566661387,0.9531259834282919,0.8796285769857751],[0.996495524805422,0.994433267094898,0.9666953970068645,1.0,0.9410013726361058,0.9810501319203958,0.9682620717251541,0.9663622836132801,0.9777638331444382,0.9999829601278383,0.9999953573655511,0.9999755109407625,0.8927778563708176,0.9869742167945873,0.9999703510262651,0.9794305913887215,0.9961735041292006,0.966090997149593,0.880952532436026,0.8514456856635633,0.5259360501685268,0.9956805461365731,0.9432927531356134,0.2215531082909734,-0.1424632852607935,0.9141865001463889,0.9202513084640515,0.951945977461451,0.9065013977527001,0.9141888021294201,0.9831474261746639,0.9077575668521717,0.8559306138556826,0.9602671897527268,0.9830940982173005,0.949050805692917],[0.915684444062787,0.9223565214830872,0.9949736782601467,0.9410013726361058,1.0,0.9006354721030118,0.9625780865862691,0.8506690788880423,0.9266257013104838,0.9418532983806163,0.9545063969765165,0.94910618297956,0.9087603864462921,0.9876683808756511,0.9541416890235828,0.8982741331322619,0.9308098469206525,0.8520837480974893,0.7683881681196334,0.6585255996359238,0.31395583530835325,0.9497584451455783,0.849889267300259,0.05119179421043773,-0.013671431094360963,0.8716085442792468,0.9795805002870988,0.9581242992592474,0.7230640993089604,0.7405526821821881,0.8995546561986799,0.7295691659322369,0.6668197399058153,0.8374184364927861,0.9223387410547944,0.8356094733281461],[0.9892303621860844,0.98568507386279,0.9381620730898383,0.9810501319203958,0.9006354721030118,1.0,0.9728279777084379,0.98173842877677,0.983578921613334,0.9806933798685108,0.9760804547532994,0.9787992117866194,0.8595147423918483,0.9507747624470211,0.9760938708653063,0.9999306814383944,0.9904988116185659,0.9826580314899284,0.910576479771321,0.8568799803455666,0.5486245544434855,0.9739627531771934,0.930177127008467,0.1592947042376489,-0.11456293601177721,0.936566346962856,0.8711637643079416,0.9365879543805447,0.9280885661341172,0.9182764434087363,0.9714578362766085,0.9291716354351897,0.904546047698434,0.9624454454340338,0.9850711384811324,0.9662858627941379],[0.9626435658706952,0.9647570195510157,0.9825200736088644,0.9682620717251541,0.9625780865862691,0.9728279777084379,1.0,0.9327199568724486,0.982705898020256,0.9676496712748149,0.9765356219976145,0.972949404881381,0.9012047701442553,0.98580487574287,0.9763078693201652,0.9740476596704986,0.9766309540933904,0.9358961329227574,0.8583804385192549,0.7477694790234629,0.40113428930640926,0.9688545542217312,0.9075903970431377,0.029816493774990405,-0.028551113710869724,0.9226175689189877,0.9317777576926825,0.9682235757559544,0.8284598477989292,0.8211280503079768,0.9454352330203328,0.8311365474410047,0.8005492043818405,0.9089904533037065,0.9750620344831117,0.9119212376379289],[0.9812147140710288,0.97195682277087,0.8947928060905592,0.9663622836132801,0.8506690788880423,0.98173842877677,0.9327199568724486,1.0,0.9749078187554169,0.9662784813915251,0.9621741091795308,0.9653372472362501,0.8230008200923438,0.9237993221406788,0.9624124550876634,0.9835049652457628,0.9789883150131977,0.9998989116737962,0.9404351935982309,0.9247210119245965,0.5398762026589378,0.9543273736148818,0.9248619222616986,0.13411365702231623,-0.20751695207441032,0.9124081886242827,0.8080380270496226,0.9007012559897536,0.9652597553364937,0.9519196282717312,0.9710985118493882,0.9574365123408014,0.9171071007303534,0.9710190568089351,0.9597760391600813,0.9744173394046782],[0.9806969114371907,0.9780151111438251,0.9567029942547569,0.9777638331444382,0.9266257013104838,0.983578921613334,0.982705898020256,0.9749078187554169,1.0,0.9774604498099764,0.9743487415264429,0.9764448643957695,0.8734318431062539,0.9622312039589633,0.9742381853762118,0.9828129324288555,0.9798685634348483,0.9754643881087377,0.9091302173766835,0.8362982405636651,0.4211278250542081,0.9717117382293209,0.931555508873664,-0.002612294221717497,-0.10020314289972301,0.9242500392544292,0.8792286365205437,0.9596524296780805,0.8918999172621644,0.8767732237735122,0.9695780125011847,0.8863339016502951,0.8427962364075293,0.9480006513315629,0.9814949532923603,0.9386597474016883],[0.9966072043629267,0.9953988349499414,0.9669489135129752,0.9999829601278383,0.9418532983806163,0.9806933798685108,0.9676496712748149,0.9662784813915251,0.9774604498099764,1.0,0.9999951345379354,0.9999853738289859,0.8950316099861345,0.9871474722296388,0.9999712717636708,0.9792470151092227,0.9960789837360953,0.9660167576214299,0.8828577945660775,0.8512695840496118,0.5153116749419466,0.9958809546972252,0.9439138781960985,0.22318268147821274,-0.1360716443293886,0.9153450041598316,0.920226184186789,0.9512417081206251,0.904096558692276,0.9112733316158769,0.9826324317164845,0.9052767163811815,0.8521863448787343,0.9589759188684996,0.9828767463211131,0.9481998272459063],[0.9966894577024608,0.9968743786665027,0.9746878660638985,0.9999953573655511,0.9545063969765165,0.9760804547532994,0.9765356219976145,0.9621741091795308,0.9743487415264429,0.9999951345379354,1.0,0.9999801384512983,0.8950746227864648,0.9870001767607689,0.9999730389926371,0.975716330810874,0.9959993967063492,0.963063700387546,0.8996573698473346,0.8814230901972973,0.34091708281031535,0.9977445031807933,0.9351149375813633,-0.22913073391065628,0.6642007783347867,0.9120788552359661,0.9154641905188486,0.9525685641668971,0.8828050227120907,0.8874713775272277,0.9781888721622533,0.8759275817745028,0.8031587578255104,0.9485604161000913,0.9876408167401453,0.9468578592119805],[0.9968190492084599,0.9964461395885864,0.9713306850815194,0.9999755109407625,0.94910618297956,0.9787992117866194,0.972949404881381,0.9653372472362501,0.9764448643957695,0.9999853738289859,0.9999801384512983,1.0,0.8951856718816313,0.9872304760826448,0.9999790708876073,0.9785451059256127,0.9959979693971469,0.9657822344690126,0.8903908484901911,0.8693322876573133,0.4270453408860255,0.9971953743876107,0.9429465946700887,-0.03963749150925101,0.10070588341653453,0.9216397323747672,0.9161563154129754,0.9487779984884069,0.8921603192145003,0.8970850467680335,0.980081744120994,0.8910739765846837,0.8346313082081526,0.9544689861056863,0.9831619116071451,0.9479442252640813],[0.8818949247508936,0.8913508108934777,0.9145372368314935,0.8927778563708176,0.9087603864462921,0.8595147423918483,0.9012047701442553,0.8230008200923438,0.8734318431062539,0.8950316099861345,0.8950746227864648,0.8951856718816313,1.0,0.9998908363706657,0.8947861949062115,0.8608051706363932,0.8834267417071029,0.8265862449543415,0.7645482041485641,0.6996743845537124,0.16255849219860483,0.8898826078969748,0.8204700912507157,-0.4706089697304097,0.6977515243935211,0.8145101162509201,0.8875404202020427,0.8960754135451934,0.7004835492502671,0.7019631305153325,0.8583264345319798,0.6918000646308522,0.599436919003824,0.8162922076868611,0.8797162409015366,0.8226597190301124],[0.9804216722559932,0.9843430403284419,0.9975843994215808,0.9869742167945873,0.9876683808756511,0.9507747624470211,0.98580487574287,0.9237993221406788,0.9622312039589633,0.9871474722296388,0.9870001767607689,0.9872304760826448,0.9998908363706657,1.0,0.987025632943368,0.9500112842057994,0.9787235811794784,0.9262064263980173,0.8572946810784206,0.8375706595381713,0.06293824414929836,0.978230101311342,0.8888254611757728,-0.6411827730463259,0.7406739445443437,0.8906342928309104,0.9582090567198863,0.9687488119461599,0.7876531304064971,0.802795110244019,0.9446653831533889,0.7983818972548526,0.6669642918543498,0.8939645748195608,0.9674505250344388,0.9193084754509815],[0.9967759772296491,0.9969205176479451,0.9745659925048031,0.9999703510262651,0.9541416890235828,0.9760938708653063,0.9763078693201652,0.9624124550876634,0.9742381853762118,0.9999712717636708,0.9999730389926371,0.9999790708876073,0.8947861949062115,0.987025632943368,1.0,0.9758412976073212,0.9960911768765623,0.9634225941295397,0.9002383049291315,0.8827539307922327,0.3438971417862679,0.997630081115629,0.9352811777244339,-0.22688817655173996,0.661427917172975,0.9119881748421282,0.9141552125205071,0.952137703030657,0.8839493876981565,0.8886442663433166,0.9781007746833064,0.8771663666173227,0.8050403828656207,0.9486908565936982,0.9876036447996848,0.9469950162665729],[0.9897540229460916,0.9855306305212169,0.9359226945812117,0.9794305913887215,0.8982741331322619,0.9999306814383944,0.9740476596704986,0.9835049652457628,0.9828129324288555,0.9792470151092227,0.975716330810874,0.9785451059256127,0.8608051706363932,0.9500112842057994,0.9758412976073212,1.0,0.990438425705626,0.9831254931688531,0.9137057293022486,0.8807855310465419,0.5166832086609169,0.9721632232785492,0.9274772406389642,0.006578037103417058,-0.017865176183959164,0.9412524033384323,0.8629047043684157,0.9326654647227283,0.9295187556648177,0.9147264959074659,0.9694833996117339,0.9290952050469419,0.8991488973474965,0.964542882203741,0.9842757426582943,0.9686057277343016],[0.99978858054853,0.9980017264756063,0.9592127808637871,0.9961735041292006,0.9308098469206525,0.9904988116185659,0.9766309540933904,0.9789883150131977,0.9798685634348483,0.9960789837360953,0.9959993967063492,0.9959979693971469,0.8834267417071029,0.9787235811794784,0.9960911768765623,0.990438425705626,1.0,0.9797209607595342,0.9230643616804075,0.9055573754633245,0.41608430720986905,0.9912731297828071,0.936442173900543,-0.17712643508829531,0.6495341184138047,0.9283957680541371,0.8898652738779247,0.9453358220337301,0.9167422503484515,0.9121727462408857,0.980101540366183,0.9096006081362543,0.8532273994088228,0.9640597226674279,0.9919584510911353,0.9666368578494547],[0.9811179559256118,0.9738657677667842,0.8961239055292549,0.966090997149593,0.8520837480974893,0.9826580314899284,0.9358961329227574,0.9998989116737962,0.9754643881087377,0.9660167576214299,0.963063700387546,0.9657822344690126,0.8265862449543415,0.9262064263980173,0.9634225941295397,0.9831254931688531,0.9797209607595342,1.0,0.9430577128053582,0.9301746150080121,0.5334481572550881,0.9533534438219006,0.9278027653408872,0.09520265262856577,-0.12088256234047678,0.9175960479558817,0.8060368304375308,0.9021482194428937,0.9645717295632289,0.9504039319591115,0.9700191318189326,0.9552752445150916,0.9148362118361245,0.9702559431427671,0.9589510937573585,0.974909894888616],[0.9032786081650701,0.9135620528701291,0.8162057983648193,0.880952532436026,0.7683881681196334,0.910576479771321,0.8583804385192549,0.9404351935982309,0.9091302173766835,0.8828577945660775,0.8996573698473346,0.8903908484901911,0.7645482041485641,0.8572946810784206,0.9002383049291315,0.9137057293022486,0.9230643616804075,0.9430577128053582,1.0,0.844524353676455,0.6172409196270061,0.8573620754604779,0.8423716935589631,0.18073480370204545,-0.02790786060232228,0.8748751582823674,0.7136749541428569,0.8360064622930106,0.8971597450158392,0.8710284201017074,0.875578661438511,0.8810507189745268,0.855347695120541,0.8819132108453124,0.884817021661145,0.9114783352037192],[0.8825198714170788,0.8685625875509607,0.713706775403233,0.8514456856635633,0.6585255996359238,0.8568799803455666,0.7477694790234629,0.9247210119245965,0.8362982405636651,0.8512695840496118,0.8814230901972973,0.8693322876573133,0.6996743845537124,0.8375706595381713,0.8827539307922327,0.8807855310465419,0.9055573754633245,0.9301746150080121,0.844524353676455,1.0,0.8027668775013364,0.8059244875011207,0.8664098733576766,0.5850875650416153,-0.4541781965278582,0.7038825118894597,0.6631908581224031,0.727908129628035,0.9633546941611348,0.9432883128520052,0.873891331786399,0.9522452188755228,0.9097357482846161,0.8989883223580919,0.8229990754824678,0.8800965379936008],[0.5767650089179485,0.5999274536516539,0.3748815876716499,0.5259360501685268,0.31395583530835325,0.5486245544434855,0.40113428930640926,0.5398762026589378,0.4211278250542081,0.5153116749419466,0.34091708281031535,0.4270453408860255,0.16255849219860483,0.06293824414929836,0.3438971417862679,0.5166832086609169,0.41608430720986905,0.5334481572550881,0.6172409196270061,0.8027668775013364,1.0,0.4772918312537531,0.6280788684655711,0.7209863398178845,-0.11475148623277577,0.4512202845010852,0.36675610196900676,0.44642288457418194,0.7470330146696385,0.6690945792256467,0.5326854598528009,0.7029521168022715,0.7378901129138739,0.6056403007406671,0.5326987989388879,0.6069659913211889],[0.986981321181776,0.97879691854106,0.9711104634428711,0.9956805461365731,0.9497584451455783,0.9739627531771934,0.9688545542217312,0.9543273736148818,0.9717117382293209,0.9958809546972252,0.9977445031807933,0.9971953743876107,0.8898826078969748,0.978230101311342,0.997630081115629,0.9721632232785492,0.9912731297828071,0.9533534438219006,0.8573620754604779,0.8059244875011207,0.4772918312537531,1.0,0.9228568817584395,0.1618634985273054,-0.13029982291788897,0.8978000048418002,0.9289840304196558,0.9488731291636934,0.8737499795069937,0.8935532968150557,0.9760075659408811,0.8834172142148211,0.82800442758376,0.94727474815167,0.9727375850713103,0.9321659164934549],[0.9465214338288134,0.9292677661451942,0.883460147284526,0.9432927531356134,0.849889267300259,0.930177127008467,0.9075903970431377,0.9248619222616986,0.931555508873664,0.9439138781960985,0.9351149375813633,0.9429465946700887,0.8204700912507157,0.8888254611757728,0.9352811777244339,0.9274772406389642,0.936442173900543,0.9278027653408872,0.8423716935589631,0.8664098733576766,0.6280788684655711,0.9228568817584395,1.0,0.22829645479439395,-0.10273740026760243,0.7736805125517635,0.8275166650245713,0.871706177100802,0.8992589747140631,0.8741860815166624,0.9496334007517082,0.8808237590837757,0.8396542131458369,0.9449990761858194,0.9087599646405945,0.8922427954497107],[0.26140191837967947,0.25351924362945993,0.08463489103015594,0.2215531082909734,0.05119179421043773,0.1592947042376489,0.029816493774990405,0.13411365702231623,-0.002612294221717497,0.22318268147821274,-0.22913073391065628,-0.03963749150925101,-0.4706089697304097,-0.6411827730463259,-0.22688817655173996,0.006578037103417058,-0.17712643508829531,0.09520265262856577,0.18073480370204545,0.5850875650416153,0.7209863398178845,0.1618634985273054,0.22829645479439395,1.0,-0.38157600351725535,0.17993802270492654,0.09063123729645561,0.08720255007233574,0.41620865804888807,0.40156452882238275,0.21565664785111296,0.42646565864491437,0.3711526669473583,0.2656398307107973,0.16734266166636855,0.2901865444266959],[-0.16470134073792478,-0.10353190303137343,-0.038331075397268884,-0.1424632852607935,-0.013671431094360963,-0.11456293601177721,-0.028551113710869724,-0.20751695207441032,-0.10020314289972301,-0.1360716443293886,0.6642007783347867,0.10070588341653453,0.6977515243935211,0.7406739445443437,0.661427917172975,-0.017865176183959164,0.6495341184138047,-0.12088256234047678,-0.02790786060232228,-0.4541781965278582,-0.11475148623277577,-0.13029982291788897,-0.10273740026760243,-0.38157600351725535,1.0,-0.03463315447094097,-0.03510929599126416,-0.020349108613793916,-0.3248562451338394,-0.3090636767329342,-0.18599380863152698,-0.2829705130007616,-0.1732892694087575,-0.24271860018752858,-0.06733936824079344,-0.20824444244795595],[0.9181222203514707,0.9070402839841495,0.9040713864985401,0.9141865001463889,0.8716085442792468,0.936566346962856,0.9226175689189877,0.9124081886242827,0.9242500392544292,0.9153450041598316,0.9120788552359661,0.9216397323747672,0.8145101162509201,0.8906342928309104,0.9119881748421282,0.9412524033384323,0.9283957680541371,0.9175960479558817,0.8748751582823674,0.7038825118894597,0.4512202845010852,0.8978000048418002,0.7736805125517635,0.17993802270492654,-0.03463315447094097,1.0,0.8242947550855204,0.9256452047954049,0.7922173535734366,0.8318488564699026,0.8695746327654367,0.8350805979532312,0.8052559133546976,0.8702521180747609,0.9039818205607895,0.9036879677064983],[0.8951572796881315,0.8998939126757086,0.9710319739523594,0.9202513084640515,0.9795805002870988,0.8711637643079416,0.9317777576926825,0.8080380270496226,0.8792286365205437,0.920226184186789,0.9154641905188486,0.9161563154129754,0.8875404202020427,0.9582090567198863,0.9141552125205071,0.8629047043684157,0.8898652738779247,0.8060368304375308,0.7136749541428569,0.6631908581224031,0.36675610196900676,0.9289840304196558,0.8275166650245713,0.09063123729645561,-0.03510929599126416,0.8242947550855204,1.0,0.9213207206073966,0.7079426701039492,0.7221436368629774,0.8718326640488859,0.7094383301108623,0.6498795885515632,0.8088370160622251,0.8915791038682742,0.8117517057404777],[0.9417433195157696,0.9464225886099982,0.9727456587111876,0.951945977461451,0.9581242992592474,0.9365879543805447,0.9682235757559544,0.9007012559897536,0.9596524296780805,0.9512417081206251,0.9525685641668971,0.9487779984884069,0.8960754135451934,0.9687488119461599,0.952137703030657,0.9326654647227283,0.9453358220337301,0.9021482194428937,0.8360064622930106,0.727908129628035,0.44642288457418194,0.9488731291636934,0.871706177100802,0.08720255007233574,-0.020349108613793916,0.9256452047954049,0.9213207206073966,1.0,0.803643978937679,0.8036610839713317,0.9211251801499244,0.7976007885179675,0.7604988218111506,0.8924122876635144,0.9546808083617082,0.8722290130016745],[0.9338857985510516,0.9143258939446746,0.7817916332540757,0.9065013977527001,0.7230640993089604,0.9280885661341172,0.8284598477989292,0.9652597553364937,0.8918999172621644,0.904096558692276,0.8828050227120907,0.8921603192145003,0.7004835492502671,0.7876531304064971,0.8839493876981565,0.9295187556648177,0.9167422503484515,0.9645717295632289,0.8971597450158392,0.9633546941611348,0.7470330146696385,0.8737499795069937,0.8992589747140631,0.41620865804888807,-0.3248562451338394,0.7922173535734366,0.7079426701039492,0.803643978937679,1.0,0.987360330782827,0.9309517506203652,0.9915727488323453,0.9570316339708351,0.9542401990742252,0.8815725248115948,0.9528824887167869],[0.9347105632391699,0.919828038336376,0.793058413367408,0.9141888021294201,0.7405526821821881,0.9182764434087363,0.8211280503079768,0.9519196282717312,0.8767732237735122,0.9112733316158769,0.8874713775272277,0.8970850467680335,0.7019631305153325,0.802795110244019,0.8886442663433166,0.9147264959074659,0.9121727462408857,0.9504039319591115,0.8710284201017074,0.9432883128520052,0.6690945792256467,0.8935532968150557,0.8741860815166624,0.40156452882238275,-0.3090636767329342,0.8318488564699026,0.7221436368629774,0.8036610839713317,0.987360330782827,1.0,0.9325215591843644,0.9863326276650399,0.9569859386475501,0.9431825110878301,0.8996084081535594,0.9557620974880983],[0.9846855324681344,0.9780294815641776,0.93147589712932,0.9831474261746639,0.8995546561986799,0.9714578362766085,0.9454352330203328,0.9710985118493882,0.9695780125011847,0.9826324317164845,0.9781888721622533,0.980081744120994,0.8583264345319798,0.9446653831533889,0.9781007746833064,0.9694833996117339,0.980101540366183,0.9700191318189326,0.875578661438511,0.873891331786399,0.5326854598528009,0.9760075659408811,0.9496334007517082,0.21565664785111296,-0.18599380863152698,0.8695746327654367,0.8718326640488859,0.9211251801499244,0.9309517506203652,0.9325215591843644,1.0,0.928036928798677,0.8751739919549945,0.9755791441425442,0.9743559138389599,0.9577083209093776],[0.9341526267818062,0.916551458161519,0.7866051246709208,0.9077575668521717,0.7295691659322369,0.9291716354351897,0.8311365474410047,0.9574365123408014,0.8863339016502951,0.9052767163811815,0.8759275817745028,0.8910739765846837,0.6918000646308522,0.7983818972548526,0.8771663666173227,0.9290952050469419,0.9096006081362543,0.9552752445150916,0.8810507189745268,0.9522452188755228,0.7029521168022715,0.8834172142148211,0.8808237590837757,0.42646565864491437,-0.2829705130007616,0.8350805979532312,0.7094383301108623,0.7976007885179675,0.9915727488323453,0.9863326276650399,0.928036928798677,1.0,0.9741781346119139,0.9461141289613282,0.903639013392834,0.9528977802243845],[0.8873021961150589,0.8825610921507615,0.7305911672804406,0.8559306138556826,0.6668197399058153,0.904546047698434,0.8005492043818405,0.9171071007303534,0.8427962364075293,0.8521863448787343,0.8031587578255104,0.8346313082081526,0.599436919003824,0.6669642918543498,0.8050403828656207,0.8991488973474965,0.8532273994088228,0.9148362118361245,0.855347695120541,0.9097357482846161,0.7378901129138739,0.82800442758376,0.8396542131458369,0.3711526669473583,-0.1732892694087575,0.8052559133546976,0.6498795885515632,0.7604988218111506,0.9570316339708351,0.9569859386475501,0.8751739919549945,0.9741781346119139,1.0,0.8994177042130013,0.8719909777354751,0.9278298385651098],[0.9726288619644262,0.9628904569790534,0.8817029566661387,0.9602671897527268,0.8374184364927861,0.9624454454340338,0.9089904533037065,0.9710190568089351,0.9480006513315629,0.9589759188684996,0.9485604161000913,0.9544689861056863,0.8162922076868611,0.8939645748195608,0.9486908565936982,0.964542882203741,0.9640597226674279,0.9702559431427671,0.8819132108453124,0.8989883223580919,0.6056403007406671,0.94727474815167,0.9449990761858194,0.2656398307107973,-0.24271860018752858,0.8702521180747609,0.8088370160622251,0.8924122876635144,0.9542401990742252,0.9431825110878301,0.9755791441425442,0.9461141289613282,0.8994177042130013,1.0,0.9547447838283561,0.9557338607779532],[0.9840299701021054,0.9790892562407848,0.9531259834282919,0.9830940982173005,0.9223387410547944,0.9850711384811324,0.9750620344831117,0.9597760391600813,0.9814949532923603,0.9828767463211131,0.9876408167401453,0.9831619116071451,0.8797162409015366,0.9674505250344388,0.9876036447996848,0.9842757426582943,0.9919584510911353,0.9589510937573585,0.884817021661145,0.8229990754824678,0.5326987989388879,0.9727375850713103,0.9087599646405945,0.16734266166636855,-0.06733936824079344,0.9039818205607895,0.8915791038682742,0.9546808083617082,0.8815725248115948,0.8996084081535594,0.9743559138389599,0.903639013392834,0.8719909777354751,0.9547447838283561,1.0,0.9396634801889961],[0.9627440007230734,0.9566963559954919,0.8796285769857751,0.949050805692917,0.8356094733281461,0.9662858627941379,0.9119212376379289,0.9744173394046782,0.9386597474016883,0.9481998272459063,0.9468578592119805,0.9479442252640813,0.8226597190301124,0.9193084754509815,0.9469950162665729,0.9686057277343016,0.9666368578494547,0.974909894888616,0.9114783352037192,0.8800965379936008,0.6069659913211889,0.9321659164934549,0.8922427954497107,0.2901865444266959,-0.20824444244795595,0.9036879677064983,0.8117517057404777,0.8722290130016745,0.9528824887167869,0.9557620974880983,0.9577083209093776,0.9528977802243845,0.9278298385651098,0.9557338607779532,0.9396634801889961,1.0]],"x":["^TAIEX       \u81fa\u7063\u52a0\u6b0a\u5831\u916c\u6307\u6578","^TWII        \u81fa\u7063\u52a0\u6b0a\u6307\u6578","^TAIEXx2     \u81fa\u7063\u52a0\u6b0a\u5831\u916c\u6307\u6578_\u65e5\u6b632","^TAI50I      \u81fa\u706350\u5831\u916c\u6307\u6578","^TAI50Ix2    \u81fa\u706350\u5831\u916c\u6307\u6578_\u65e5\u6b632","^TAI100I     \u81fa\u7063\u4e2d\u578b100\u5831\u916c\u6307\u6578","^TAI100Ix2   \u81fa\u7063\u4e2d\u578b100\u5831\u916c\u6307\u6578_\u65e5\u6b632","^TAIDIVIDI   \u81fa\u7063\u9ad8\u80a1\u606f\u5831\u916c\u6307\u6578","^TAIDIVIDIx2 \u81fa\u7063\u9ad8\u80a1\u606f\u5831\u916c\u6307\u6578_\u65e5\u6b632","0050Fund     \u5143\u5927\u53f0\u7063\u5353\u8d8a50\u57fa\u91d1","006208Fund   \u5bcc\u90a6\u53f0\u7063\u91c6\u540950\u57fa\u91d1","0050         \u5143\u5927\u81fa\u706350","00631L       \u5143\u5927\u53f0\u706350\u6b632","00675L       \u5bcc\u90a6\u81fa\u7063\u52a0\u6b0a\u6b632","006208       \u5bcc\u90a6\u53f050","0051         \u5143\u5927\u4e2d\u578b100","006204       \u6c38\u8c50\u81fa\u7063\u52a0\u6b0a","0056         \u5143\u5927\u9ad8\u80a1\u606f","0056         \u5143\u5927\u9ad8\u80a1\u606f_\u80a1\u606f\u4e0d\u6295\u5165","2412         \u4e2d\u83ef\u96fb\u4fe1","2002         \u4e2d\u92fc","2330         \u53f0\u7a4d\u96fb","2317         \u9d3b\u6d77","6505         \u53f0\u5851\u77f3\u5316","3481         \u7fa4\u5275","2303         \u806f\u96fb","2308         \u53f0\u9054\u96fb","2454         \u806f\u767c\u79d1","2886         \u5146\u8c50\u91d1","2884         \u7389\u5c71\u91d1","2891         \u4e2d\u4fe1\u91d1","2892         \u7b2c\u4e00\u91d1","5880         \u5408\u5eab\u91d1","2881         \u5bcc\u90a6\u91d1","2885         \u5143\u5927\u91d1","2887         \u53f0\u65b0\u91d1"],"y":["^TAIEX       \u81fa\u7063\u52a0\u6b0a\u5831\u916c\u6307\u6578","^TWII        \u81fa\u7063\u52a0\u6b0a\u6307\u6578","^TAIEXx2     \u81fa\u7063\u52a0\u6b0a\u5831\u916c\u6307\u6578_\u65e5\u6b632","^TAI50I      \u81fa\u706350\u5831\u916c\u6307\u6578","^TAI50Ix2    \u81fa\u706350\u5831\u916c\u6307\u6578_\u65e5\u6b632","^TAI100I     \u81fa\u7063\u4e2d\u578b100\u5831\u916c\u6307\u6578","^TAI100Ix2   \u81fa\u7063\u4e2d\u578b100\u5831\u916c\u6307\u6578_\u65e5\u6b632","^TAIDIVIDI   \u81fa\u7063\u9ad8\u80a1\u606f\u5831\u916c\u6307\u6578","^TAIDIVIDIx2 \u81fa\u7063\u9ad8\u80a1\u606f\u5831\u916c\u6307\u6578_\u65e5\u6b632","0050Fund     \u5143\u5927\u53f0\u7063\u5353\u8d8a50\u57fa\u91d1","006208Fund   \u5bcc\u90a6\u53f0\u7063\u91c6\u540950\u57fa\u91d1","0050         \u5143\u5927\u81fa\u706350","00631L       \u5143\u5927\u53f0\u706350\u6b632","00675L       \u5bcc\u90a6\u81fa\u7063\u52a0\u6b0a\u6b632","006208       \u5bcc\u90a6\u53f050","0051         \u5143\u5927\u4e2d\u578b100","006204       \u6c38\u8c50\u81fa\u7063\u52a0\u6b0a","0056         \u5143\u5927\u9ad8\u80a1\u606f","0056         \u5143\u5927\u9ad8\u80a1\u606f_\u80a1\u606f\u4e0d\u6295\u5165","2412         \u4e2d\u83ef\u96fb\u4fe1","2002         \u4e2d\u92fc","2330         \u53f0\u7a4d\u96fb","2317         \u9d3b\u6d77","6505         \u53f0\u5851\u77f3\u5316","3481         \u7fa4\u5275","2303         \u806f\u96fb","2308         \u53f0\u9054\u96fb","2454         \u806f\u767c\u79d1","2886         \u5146\u8c50\u91d1","2884         \u7389\u5c71\u91d1","2891         \u4e2d\u4fe1\u91d1","2892         \u7b2c\u4e00\u91d1","5880         \u5408\u5eab\u91d1","2881         \u5bcc\u90a6\u91d1","2885         \u5143\u5927\u91d1","2887         \u53f0\u65b0\u91d1"],"zmin":-1,"zmax":1,"colorbar":{"x":-0.2}}],"layout":{"autotypenumbers":"strict","colorway":["#636efa","#EF553B","#00cc96","#ab63fa","#FFA15A","#19d3f3","#FF6692","#B6E880","#FF97FF","#FECB52"],"font":{"color":"#f2f5fa","family":"Courier New"},"hovermode":"closest","hoverlabel":{"align":"left"},"paper_bgcolor":"rgb(17,17,17)","plot_bgcolor":"rgb(17,17,17)","polar":{"bgcolor":"rgb(17,17,17)","angularaxis":{"gridcolor":"#506784","linecolor":"#506784","ticks":""},"radialaxis":{"gridcolor":"#506784","linecolor":"#506784","ticks":""}},"ternary":{"bgcolor":"rgb(17,17,17)","aaxis":{"gridcolor":"#506784","linecolor":"#506784","ticks":""},"baxis":{"gridcolor":"#506784","linecolor":"#506784","ticks":""},"caxis":{"gridcolor":"#506784","linecolor":"#506784","ticks":""}},"coloraxis":{"colorbar":{"outlinewidth":0,"ticks":""}},"colorscale":{"sequential":[[0.0,"#0d0887"],[0.1111111111111111,"#46039f"],[0.2222222222222222,"#7201a8"],[0.3333333333333333,"#9c179e"],[0.4444444444444444,"#bd3786"],[0.5555555555555556,"#d8576b"],[0.6666666666666666,"#ed7953"],[0.7777777777777778,"#fb9f3a"],[0.8888888888888888,"#fdca26"],[1.0,"#f0f921"]],"sequentialminus":[[0.0,"#0d0887"],[0.1111111111111111,"#46039f"],[0.2222222222222222,"#7201a8"],[0.3333333333333333,"#9c179e"],[0.4444444444444444,"#bd3786"],[0.5555555555555556,"#d8576b"],[0.6666666666666666,"#ed7953"],[0.7777777777777778,"#fb9f3a"],[0.8888888888888888,"#fdca26"],[1.0,"#f0f921"]],"diverging":[[0,"#8e0152"],[0.1,"#c51b7d"],[0.2,"#de77ae"],[0.3,"#f1b6da"],[0.4,"#fde0ef"],[0.5,"#f7f7f7"],[0.6,"#e6f5d0"],[0.7,"#b8e186"],[0.8,"#7fbc41"],[0.9,"#4d9221"],[1,"#276419"]]},"xaxis":{"gridcolor":"rgba(0, 0, 0, 0)","linecolor":"#506784","ticks":"","title":{"standoff":15},"zerolinecolor":"#283442","automargin":true,"zerolinewidth":2,"tickfont":{"family":"Courier New","size":14},"side":"top","tickangle":-90},"yaxis":{"gridcolor":"rgba(0, 0, 0, 0)","linecolor":"#506784","ticks":"","title":{"standoff":15},"zerolinecolor":"#283442","automargin":true,"zerolinewidth":2,"tickfont":{"family":"Courier New"},"side":"right"},"scene":{"xaxis":{"backgroundcolor":"rgb(17,17,17)","gridcolor":"#506784","linecolor":"#506784","showbackground":true,"ticks":"","zerolinecolor":"#C8D4E3","gridwidth":2},"yaxis":{"backgroundcolor":"rgb(17,17,17)","gridcolor":"#506784","linecolor":"#506784","showbackground":true,"ticks":"","zerolinecolor":"#C8D4E3","gridwidth":2},"zaxis":{"backgroundcolor":"rgb(17,17,17)","gridcolor":"#506784","linecolor":"#506784","showbackground":true,"ticks":"","zerolinecolor":"#C8D4E3","gridwidth":2}},"shapedefaults":{"line":{"color":"#f2f5fa"}},"annotationdefaults":{"arrowcolor":"#f2f5fa","arrowhead":0,"arrowwidth":1},"geo":{"bgcolor":"rgb(17,17,17)","landcolor":"rgb(17,17,17)","subunitcolor":"#506784","showland":true,"showlakes":true,"lakecolor":"rgb(17,17,17)"},"title":{"x":0.05,"font":{"family":"Times New Roman"},"y":0.05,"text":"<b>Correlation of Adj Close<b><br><i>2016-09-23 ~ 2026-07-02<i>"},"updatemenudefaults":{"bgcolor":"#506784","borderwidth":0},"sliderdefaults":{"bgcolor":"#C8D4E3","borderwidth":1,"bordercolor":"rgb(17,17,17)","tickwidth":0},"mapbox":{"style":"dark"},"annotations":[{"text":"<b>@zwindr<b>","textangle":0,"opacity":0.5,"font":{"color":"white","size":12},"xref":"paper","yref":"paper","xanchor":"left","yanchor":"bottom","x":1.0,"y":1.0,"showarrow":false}]},"config":{"responsive":true,"toImageButtonOptions":{"filename":"Correlation of Adj Close_2016-09-23~2026-07-02","scale":5}}};Plotly.newPlot("correlationAdjClose",correlationAdjClose.data,correlationAdjClose.layout||{},correlationAdjClose.config);}else{console.log("style display is none => correlationAdjClose");}