var element=document.getElementById("correlationAdjClose");if(element.style.display!='none'){var correlationAdjClose={"data":[{"type":"heatmap","z":[[1.0,0.9944476158062849,0.9770657095928775,0.9974674917265953,0.9630152722043019,0.982730727038551,-0.9477351223591707,0.9900722653127102,0.9725188160899509,0.9970912726864642,0.9970665386079236,0.9975459537527928,0.9937172852124616,0.994465623936374,0.9971175072700398,0.9847974995996115,0.999689308336384,0.9899932200933647,0.9016744678484709,0.92151095998818,0.7216169168499545,0.9854495213537243,0.9267178840273297,0.40268142818601677,-0.30258345374913354,0.8998108137244875,0.9548157815348975,0.957906345574398,0.9801851991965508,0.9660800558474353,0.976792802250807,0.9728350330331523,0.9450251700816363,0.981185760060859,0.9725052229442844,0.9546455543869476],[0.9944476158062849,1.0,0.9725231048637106,0.9914815876284877,0.9582125078392455,0.978531324641277,-0.9432107157387206,0.9817621766628594,0.9661054849853861,0.9951575591385199,0.9949997794582125,0.9943791010480945,0.9926998340181151,0.9921796988646786,0.9950126421818943,0.9793166126643948,0.9969257403656977,0.9842432030674162,0.9245977961458067,0.9111180932577333,0.7372361812027394,0.9680622807672282,0.9074414876016809,0.40353351903508056,-0.23011963129022048,0.8758612050403626,0.9451962382839467,0.957041704675143,0.9594609611652785,0.9528930014827603,0.966949213307304,0.9581222457147648,0.9435341766321502,0.9706995654342306,0.9629850214535433,0.9490788644246647],[0.9770657095928775,0.9725231048637106,1.0,0.984097482617938,0.9956414483177448,0.9778448798182494,-0.9773509183952619,0.9683581239930784,0.9832994069464793,0.9896761704438739,0.9903364789359528,0.9869552630131518,0.9969340230159978,0.9967145109102075,0.9900819502354781,0.9760310156225553,0.9874386667997348,0.9680414209757535,0.8740073338680993,0.8302803472925104,0.6056664784349846,0.9911292635116937,0.9212569045309812,0.23477675918543345,-0.2269441087242127,0.8977118290600781,0.9417660340657907,0.9802001555149158,0.92940732493842,0.9155556106547968,0.9672205462246448,0.9208338674151749,0.9029351983132052,0.9670718096315741,0.9746818096365532,0.9209107783695089],[0.9974674917265953,0.9914815876284877,0.984097482617938,1.0,0.9759953916677336,0.9749599086823495,-0.9435773293456448,0.9836643498416178,0.9698874939348329,0.9999737377795431,0.999990401791472,0.9999596996009514,0.9922230164519075,0.9903520779347338,0.9999448558646912,0.9743453458577617,0.9959417367696851,0.9833317713163928,0.8884740727729835,0.9066213967850473,0.6886277362329928,0.9936828778778658,0.9294479423812969,0.37470085442099305,-0.2932092612246623,0.8953200015741493,0.9564021948568283,0.9640652875483565,0.9703418427798243,0.9627982975885987,0.9794728630622372,0.9625462930608107,0.932595852413876,0.9790057627107788,0.9712178785828512,0.9451184805063054],[0.9630152722043019,0.9582125078392455,0.9956414483177448,0.9759953916677336,1.0,0.9559061616883273,-0.9587966043458296,0.9504588326077509,0.9690282978386334,0.9845332499615347,0.985257134344825,0.9812501703917343,0.9852609760792417,0.9818573063235319,0.984749386102477,0.9528336261135956,0.9737309205140176,0.949920523776831,0.8504018226191088,0.807229221813754,0.5652306733063505,0.9891896261246872,0.9174114293734698,0.205455753188764,-0.21890718449401836,0.8738192024875877,0.9366756625301922,0.9756862586954287,0.9067397967536215,0.9001041898902844,0.9605277449795716,0.8974028033969118,0.8737625021213646,0.9547955234535386,0.9614638878957767,0.8945689781891437],[0.982730727038551,0.978531324641277,0.9778448798182494,0.9749599086823495,0.9559061616883273,1.0,-0.98166646387251,0.9817153182959704,0.9812219762476079,0.9697817690346086,0.9700466102641274,0.9729043622922884,0.9772588786656418,0.9752239473625222,0.9699622074772261,0.999899882059054,0.9868006550840117,0.9827004013662963,0.9015626089753961,0.8674506893787135,0.6886683308873772,0.9681408638175977,0.898276413695712,0.2723948210373555,-0.21843357272204783,0.933938280031051,0.9341043313058613,0.9620039133426592,0.9593454598150996,0.9321681749247501,0.9543506497897906,0.9539813136793756,0.9547505592618372,0.9596430459119816,0.9778458603788521,0.9558644193080013],[-0.9477351223591707,-0.9432107157387206,-0.9773509183952619,-0.9435773293456448,-0.9587966043458296,-0.98166646387251,1.0,-0.9541141256182094,-0.9845005223045038,-0.9526554382474614,-0.9537398670449889,-0.9496474472068901,-0.9761343246528769,-0.9774835759590511,-0.9535366866968535,-0.984419031858386,-0.967628084204932,-0.9568052961884373,-0.8697030695438169,-0.7845510992805621,-0.5852999189243128,-0.9481066306858797,-0.8930548035057564,-0.13097833892093763,0.1551275413393392,-0.90016528304793,-0.9071315064985912,-0.960779718918304,-0.9035337676054487,-0.867776311845085,-0.9313854845176529,-0.895940458615687,-0.9092657380174031,-0.9309347987782358,-0.9665122874351021,-0.9106334399044144],[0.9900722653127102,0.9817621766628594,0.9683581239930784,0.9836643498416178,0.9504588326077509,0.9817153182959704,-0.9541141256182094,1.0,0.9832597585050789,0.9795772804087475,0.9794728835741152,0.9826597679823459,0.9759802101232651,0.9751955553893544,0.9795656024463796,0.9835706365699345,0.9879718668481537,0.999875554349595,0.9272305420913842,0.9268086397668341,0.65604124154502,0.9729103854840507,0.8989380502159937,0.2557413635566784,-0.3116169003522568,0.905242159874595,0.924709763898192,0.9409082872953729,0.9787484628042379,0.9552547202333964,0.9682923262389657,0.9646462071844962,0.9370965038171017,0.9614290791439156,0.9594897013680581,0.9659087295171738],[0.9725188160899509,0.9661054849853861,0.9832994069464793,0.9698874939348329,0.9690282978386334,0.9812219762476079,-0.9845005223045038,0.9832597585050789,1.0,0.9654611742398352,0.9660263244392646,0.9680664305083926,0.9743972891413963,0.9715940613837484,0.9659189804420233,0.9802824668854456,0.9725926299357701,0.9825751548947734,0.9036109694753263,0.8572340194370387,0.5788926046668117,0.9692045832609627,0.9122175115507808,0.11402538208950759,-0.23242461971016354,0.8851899770501377,0.913729565560035,0.962868192881041,0.9363674470307327,0.9018902581685194,0.9590040969254799,0.920622467315316,0.9046934387886447,0.9491369792843664,0.9715151419157882,0.9245487107935286],[0.9970912726864642,0.9951575591385199,0.9896761704438739,0.9999737377795431,0.9845332499615347,0.9697817690346086,-0.9526554382474614,0.9795772804087475,0.9654611742398352,1.0,0.9999886817419797,0.999982524371778,0.9920596817105332,0.9901523139357862,0.999950487365301,0.9698860264669039,0.995576566996678,0.9803563677504988,0.9175769500293407,0.9340363541620511,0.5969800001650979,0.9969078603495453,0.91034457726746,-0.07601743363950446,0.4137401986547461,0.9056163632287282,0.9301051021456146,0.9687195619590998,0.9622676194294244,0.9467226142824217,0.9687042309626752,0.9433972966126436,0.9164970021777566,0.9676275080193707,0.9812664250381071,0.9407322679352885],[0.9970665386079236,0.9949997794582125,0.9903364789359528,0.999990401791472,0.985257134344825,0.9700466102641274,-0.9537398670449889,0.9794728835741152,0.9660263244392646,0.9999886817419797,1.0,0.9999727621257081,0.9922235611412762,0.990314502906723,0.9999536315940845,0.9701181534997962,0.9956028277254412,0.9802214919658949,0.9163656172061319,0.9333465310843503,0.5929134534946465,0.9971830105145679,0.9097555612709874,-0.09066612058127346,0.4091410908188391,0.9046570605049851,0.929643631574295,0.9695104469214462,0.9617747679449496,0.9455639119720869,0.9688234026306214,0.942428654399552,0.9151391541793829,0.9678065090169196,0.9817210984406533,0.9400134019155447],[0.9975459537527928,0.9943791010480945,0.9869552630131518,0.9999596996009514,0.9812501703917343,0.9729043622922884,-0.9496474472068901,0.9826597679823459,0.9680664305083926,0.999982524371778,0.9999727621257081,1.0,0.9920699464975352,0.990135202153118,0.9999626646853167,0.9729824816027207,0.9957362900687488,0.9830048605793301,0.8986050631060829,0.9238308845499044,0.6484006698868503,0.9961166789993017,0.9243761407476091,0.12454739742473558,-0.19626074815942296,0.9153960738916903,0.9433133784728884,0.9594082384336796,0.965029487055692,0.9541237237703957,0.9746229690546996,0.9535477890459174,0.9301103543449124,0.9741637140197701,0.9697850706128275,0.9494949148127287],[0.9937172852124616,0.9926998340181151,0.9969340230159978,0.9922230164519075,0.9852609760792417,0.9772588786656418,-0.9761343246528769,0.9759802101232651,0.9743972891413963,0.9920596817105332,0.9922235611412762,0.9920699464975352,1.0,0.9997187077181862,0.9922371712708894,0.9775424474391137,0.993884057094801,0.9770403645570019,0.9136719000859137,0.9188736667057043,0.530939509390201,0.9872597368982969,0.9028569047562159,-0.36750954635095784,0.432598103865483,0.8937171172535742,0.9222180521735808,0.9787155065579622,0.9465267718187584,0.9122136275858433,0.9513576748732484,0.9194145309876023,0.8871952071621756,0.9661951430336498,0.9808632334481754,0.9332373494714744],[0.994465623936374,0.9921796988646786,0.9967145109102075,0.9903520779347338,0.9818573063235319,0.9752239473625222,-0.9774835759590511,0.9751955553893544,0.9715940613837484,0.9901523139357862,0.990314502906723,0.990135202153118,0.9997187077181862,1.0,0.9904667808532359,0.9754759405197168,0.99448071227392,0.976467471775935,0.9000699658462709,0.9270631172256859,0.4028109125755635,0.9825392166960445,0.8937858731129202,-0.736737205834809,0.40713316433687663,0.8641498731304643,0.9170410976897422,0.9778366674194388,0.9400198034349789,0.8975122263008246,0.943373940906383,0.9182761735964746,0.866252949305398,0.9680365074144962,0.9793131282347072,0.9257504057968055],[0.9971175072700398,0.9950126421818943,0.9900819502354781,0.9999448558646912,0.984749386102477,0.9699622074772261,-0.9535366866968535,0.9795656024463796,0.9659189804420233,0.999950487365301,0.9999536315940845,0.9999626646853167,0.9922371712708894,0.9904667808532359,1.0,0.9700483233288686,0.9956314442386862,0.9803357840608046,0.9165548282406929,0.9340758320078221,0.5930586215329637,0.9969946679011416,0.9098875112288584,-0.08876325647617038,0.4093319799949507,0.9045832881098772,0.927644110953816,0.9688535351281637,0.9621543021985194,0.9461316005567425,0.96880785594927,0.9431353045527344,0.9157706415046344,0.9677441123406989,0.9816594583860769,0.9405850802696576],[0.9847974995996115,0.9793166126643948,0.9760310156225553,0.9743453458577617,0.9528336261135956,0.999899882059054,-0.984419031858386,0.9835706365699345,0.9802824668854456,0.9698860264669039,0.9701181534997962,0.9729824816027207,0.9775424474391137,0.9754759405197168,0.9700483233288686,1.0,0.9870284780379772,0.982884755240009,0.9045805159056944,0.8910577523042968,0.6850236055782388,0.9662489039743484,0.8930835035380811,0.1347926256355631,-0.19730030987961686,0.9420262387748004,0.9287494179345814,0.9587532647688849,0.9627150512873212,0.9291969944660518,0.9507477516697427,0.9549781524717385,0.9541369748185866,0.9618306484745138,0.9771784710309978,0.960426998180546],[0.999689308336384,0.9969257403656977,0.9874386667997348,0.9959417367696851,0.9737309205140176,0.9868006550840117,-0.967628084204932,0.9879718668481537,0.9725926299357701,0.995576566996678,0.9956028277254412,0.9957362900687488,0.993884057094801,0.99448071227392,0.9956314442386862,0.9870284780379772,1.0,0.9886942958687347,0.9297622575875546,0.9400045680664966,0.6409835545255871,0.9888939101789815,0.9044429853705482,-0.033342354595589055,0.4321596903850463,0.9277335931124159,0.9295782765804729,0.9673015188478163,0.9753820400084007,0.9507705273388298,0.9663435586923986,0.9583648729935985,0.940975779023546,0.9734175171831784,0.9858495141677706,0.962969244372487],[0.9899932200933647,0.9842432030674162,0.9680414209757535,0.9833317713163928,0.949920523776831,0.9827004013662963,-0.9568052961884373,0.999875554349595,0.9825751548947734,0.9803563677504988,0.9802214919658949,0.9830048605793301,0.9770403645570019,0.976467471775935,0.9803357840608046,0.982884755240009,0.9886942958687347,1.0,0.9302341017440044,0.9329758288887627,0.6546604483233688,0.971743927682113,0.9031808828767802,0.22165695756314704,-0.2933272832018214,0.9104421252117239,0.9216472361191355,0.9407914212579409,0.9792048084302031,0.9545852372013819,0.9666803071592234,0.9631847497695184,0.9369122380341455,0.9606466492573806,0.957397411077571,0.9670761393173948],[0.9016744678484709,0.9245977961458067,0.8740073338680993,0.8884740727729835,0.8504018226191088,0.9015626089753961,-0.8697030695438169,0.9272305420913842,0.9036109694753263,0.9175769500293407,0.9163656172061319,0.8986050631060829,0.9136719000859137,0.9000699658462709,0.9165548282406929,0.9045805159056944,0.9297622575875546,0.9302341017440044,1.0,0.8211273239600732,0.7126058975111825,0.8628074010355329,0.8126890815996338,0.2903874441221602,-0.1611006415366551,0.8522538318600837,0.8064111534379256,0.8510245914166162,0.8881375305799537,0.8531768876116376,0.8552722246600639,0.8663267082839539,0.8522476929716718,0.8527579110275071,0.8757012079780814,0.8923429380209367],[0.92151095998818,0.9111180932577333,0.8302803472925104,0.9066213967850473,0.807229221813754,0.8674506893787135,-0.7845510992805621,0.9268086397668341,0.8572340194370387,0.9340363541620511,0.9333465310843503,0.9238308845499044,0.9188736667057043,0.9270631172256859,0.9340758320078221,0.8910577523042968,0.9400045680664966,0.9329758288887627,0.8211273239600732,1.0,0.833941098315515,0.8585959681806032,0.8729941173780433,0.6594564794067866,-0.5289832354066625,0.7057695101004737,0.8853625168510915,0.8065788655949819,0.9584148836068538,0.9362423278553693,0.9006344026364458,0.9453248877868933,0.8969803189444695,0.9000903170731691,0.8489094556278232,0.8826912903435876],[0.7216169168499545,0.7372361812027394,0.6056664784349846,0.6886277362329928,0.5652306733063505,0.6886683308873772,-0.5852999189243128,0.65604124154502,0.5788926046668117,0.5969800001650979,0.5929134534946465,0.6484006698868503,0.530939509390201,0.4028109125755635,0.5930586215329637,0.6850236055782388,0.6409835545255871,0.6546604483233688,0.7126058975111825,0.833941098315515,1.0,0.6151375530529194,0.7249516203180512,0.7265934338999719,-0.11676866350029712,0.5376536484307156,0.689974180006758,0.6220824481903516,0.7822372739845992,0.7141763864988746,0.6464416407147969,0.7515971254128185,0.7593213085937538,0.6835367986101429,0.6481452384359591,0.6949431576651329],[0.9854495213537243,0.9680622807672282,0.9911292635116937,0.9936828778778658,0.9891896261246872,0.9681408638175977,-0.9481066306858797,0.9729103854840507,0.9692045832609627,0.9969078603495453,0.9971830105145679,0.9961166789993017,0.9872597368982969,0.9825392166960445,0.9969946679011416,0.9662489039743484,0.9888939101789815,0.971743927682113,0.8628074010355329,0.8585959681806032,0.6151375530529194,1.0,0.903531754337172,0.30225212111838007,-0.2864463683505902,0.8806255397948634,0.9483331576510902,0.9720837922944129,0.9393066958250768,0.9458613948836497,0.9718581543044117,0.9406668391902422,0.9074060635794714,0.9692770673473633,0.9569717418357461,0.9260670483159185],[0.9267178840273297,0.9074414876016809,0.9212569045309812,0.9294479423812969,0.9174114293734698,0.898276413695712,-0.8930548035057564,0.8989380502159937,0.9122175115507808,0.91034457726746,0.9097555612709874,0.9243761407476091,0.9028569047562159,0.8937858731129202,0.9098875112288584,0.8930835035380811,0.9044429853705482,0.9031808828767802,0.8126890815996338,0.8729941173780433,0.7249516203180512,0.903531754337172,1.0,0.3445334420881701,-0.19021118203741658,0.705993002166689,0.916905442078533,0.8938043596970878,0.8995226566592549,0.8546862872864668,0.92882091933424,0.8713269530112215,0.8417588773616518,0.9248509521745585,0.8731075053232654,0.8503681052108508],[0.40268142818601677,0.40353351903508056,0.23477675918543345,0.37470085442099305,0.205455753188764,0.2723948210373555,-0.13097833892093763,0.2557413635566784,0.11402538208950759,-0.07601743363950446,-0.09066612058127346,0.12454739742473558,-0.36750954635095784,-0.736737205834809,-0.08876325647617038,0.1347926256355631,-0.033342354595589055,0.22165695756314704,0.2903874441221602,0.6594564794067866,0.7265934338999719,0.30225212111838007,0.3445334420881701,1.0,-0.38690420922978885,0.27765598945903236,0.3351056072558656,0.19255469005940778,0.4864500611010401,0.4802213257570152,0.3357765833445283,0.5026419077248144,0.42166480067873474,0.360425711169478,0.2809460191325031,0.3959085505995435],[-0.30258345374913354,-0.23011963129022048,-0.2269441087242127,-0.2932092612246623,-0.21890718449401836,-0.21843357272204783,0.1551275413393392,-0.3116169003522568,-0.23242461971016354,0.4137401986547461,0.4091410908188391,-0.19626074815942296,0.432598103865483,0.40713316433687663,0.4093319799949507,-0.19730030987961686,0.4321596903850463,-0.2933272832018214,-0.1611006415366551,-0.5289832354066625,-0.11676866350029712,-0.2864463683505902,-0.19021118203741658,-0.38690420922978885,1.0,-0.1520960100691712,-0.30784566363042165,-0.17959103141203692,-0.38848268730210944,-0.3775253353326068,-0.32292605106008393,-0.34554255390943467,-0.20635923018538696,-0.3483813087204553,-0.18185876731607434,-0.31758796794499217],[0.8998108137244875,0.8758612050403626,0.8977118290600781,0.8953200015741493,0.8738192024875877,0.933938280031051,-0.90016528304793,0.905242159874595,0.8851899770501377,0.9056163632287282,0.9046570605049851,0.9153960738916903,0.8937171172535742,0.8641498731304643,0.9045832881098772,0.9420262387748004,0.9277335931124159,0.9104421252117239,0.8522538318600837,0.7057695101004737,0.5376536484307156,0.8806255397948634,0.705993002166689,0.27765598945903236,-0.1520960100691712,1.0,0.8077925469975844,0.8831711385733919,0.8148305224397013,0.8604113128255787,0.8265858492473256,0.8684788324959566,0.8639514796714224,0.8576501450494869,0.8668980065938126,0.8964958311034923],[0.9548157815348975,0.9451962382839467,0.9417660340657907,0.9564021948568283,0.9366756625301922,0.9341043313058613,-0.9071315064985912,0.924709763898192,0.913729565560035,0.9301051021456146,0.929643631574295,0.9433133784728884,0.9222180521735808,0.9170410976897422,0.927644110953816,0.9287494179345814,0.9295782765804729,0.9216472361191355,0.8064111534379256,0.8853625168510915,0.689974180006758,0.9483331576510902,0.916905442078533,0.3351056072558656,-0.30784566363042165,0.8077925469975844,1.0,0.9249389829811328,0.9337655378597056,0.9173626293446828,0.9373409776238031,0.9190384908939523,0.8864096800670005,0.9459771357815567,0.9165699482049448,0.8947596181300211],[0.957906345574398,0.957041704675143,0.9802001555149158,0.9640652875483565,0.9756862586954287,0.9620039133426592,-0.960779718918304,0.9409082872953729,0.962868192881041,0.9687195619590998,0.9695104469214462,0.9594082384336796,0.9787155065579622,0.9778366674194388,0.9688535351281637,0.9587532647688849,0.9673015188478163,0.9407914212579409,0.8510245914166162,0.8065788655949819,0.6220824481903516,0.9720837922944129,0.8938043596970878,0.19255469005940778,-0.17959103141203692,0.8831711385733919,0.9249389829811328,1.0,0.9070067646598355,0.8887567579778384,0.9421099522584662,0.889320849362761,0.8852575389031048,0.9475241451264006,0.9724883037607672,0.886850478585136],[0.9801851991965508,0.9594609611652785,0.92940732493842,0.9703418427798243,0.9067397967536215,0.9593454598150996,-0.9035337676054487,0.9787484628042379,0.9363674470307327,0.9622676194294244,0.9617747679449496,0.965029487055692,0.9465267718187584,0.9400198034349789,0.9621543021985194,0.9627150512873212,0.9753820400084007,0.9792048084302031,0.8881375305799537,0.9584148836068538,0.7822372739845992,0.9393066958250768,0.8995226566592549,0.4864500611010401,-0.38848268730210944,0.8148305224397013,0.9337655378597056,0.9070067646598355,1.0,0.9859228368885872,0.9640847945018877,0.9901540283149279,0.95189664492567,0.95980474091824,0.9141205964380115,0.967319380294483],[0.9660800558474353,0.9528930014827603,0.9155556106547968,0.9627982975885987,0.9001041898902844,0.9321681749247501,-0.867776311845085,0.9552547202333964,0.9018902581685194,0.9467226142824217,0.9455639119720869,0.9541237237703957,0.9122136275858433,0.8975122263008246,0.9461316005567425,0.9291969944660518,0.9507705273388298,0.9545852372013819,0.8531768876116376,0.9362423278553693,0.7141763864988746,0.9458613948836497,0.8546862872864668,0.4802213257570152,-0.3775253353326068,0.8604113128255787,0.9173626293446828,0.8887567579778384,0.9859228368885872,1.0,0.9516142727665923,0.983573784634204,0.9549883783725507,0.9384462774540747,0.9219329546256472,0.9621550164181544],[0.976792802250807,0.966949213307304,0.9672205462246448,0.9794728630622372,0.9605277449795716,0.9543506497897906,-0.9313854845176529,0.9682923262389657,0.9590040969254799,0.9687042309626752,0.9688234026306214,0.9746229690546996,0.9513576748732484,0.943373940906383,0.96880785594927,0.9507477516697427,0.9663435586923986,0.9666803071592234,0.8552722246600639,0.9006344026364458,0.6464416407147969,0.9718581543044117,0.92882091933424,0.3357765833445283,-0.32292605106008393,0.8265858492473256,0.9373409776238031,0.9421099522584662,0.9640847945018877,0.9516142727665923,1.0,0.9530454102631601,0.9150346729057989,0.9765757238091742,0.9591772996695117,0.9412135390994338],[0.9728350330331523,0.9581222457147648,0.9208338674151749,0.9625462930608107,0.8974028033969118,0.9539813136793756,-0.895940458615687,0.9646462071844962,0.920622467315316,0.9433972966126436,0.942428654399552,0.9535477890459174,0.9194145309876023,0.9182761735964746,0.9431353045527344,0.9549781524717385,0.9583648729935985,0.9631847497695184,0.8663267082839539,0.9453248877868933,0.7515971254128185,0.9406668391902422,0.8713269530112215,0.5026419077248144,-0.34554255390943467,0.8684788324959566,0.9190384908939523,0.889320849362761,0.9901540283149279,0.983573784634204,0.9530454102631601,1.0,0.973579347802605,0.9452078847381172,0.9380297088841205,0.9629824648651935],[0.9450251700816363,0.9435341766321502,0.9029351983132052,0.932595852413876,0.8737625021213646,0.9547505592618372,-0.9092657380174031,0.9370965038171017,0.9046934387886447,0.9164970021777566,0.9151391541793829,0.9301103543449124,0.8871952071621756,0.866252949305398,0.9157706415046344,0.9541369748185866,0.940975779023546,0.9369122380341455,0.8522476929716718,0.8969803189444695,0.7593213085937538,0.9074060635794714,0.8417588773616518,0.42166480067873474,-0.20635923018538696,0.8639514796714224,0.8864096800670005,0.8852575389031048,0.95189664492567,0.9549883783725507,0.9150346729057989,0.973579347802605,1.0,0.9070688181139638,0.9316780226861626,0.9539721713139626],[0.981185760060859,0.9706995654342306,0.9670718096315741,0.9790057627107788,0.9547955234535386,0.9596430459119816,-0.9309347987782358,0.9614290791439156,0.9491369792843664,0.9676275080193707,0.9678065090169196,0.9741637140197701,0.9661951430336498,0.9680365074144962,0.9677441123406989,0.9618306484745138,0.9734175171831784,0.9606466492573806,0.8527579110275071,0.9000903170731691,0.6835367986101429,0.9692770673473633,0.9248509521745585,0.360425711169478,-0.3483813087204553,0.8576501450494869,0.9459771357815567,0.9475241451264006,0.95980474091824,0.9384462774540747,0.9765757238091742,0.9452078847381172,0.9070688181139638,1.0,0.9560449704828651,0.9412940769756734],[0.9725052229442844,0.9629850214535433,0.9746818096365532,0.9712178785828512,0.9614638878957767,0.9778458603788521,-0.9665122874351021,0.9594897013680581,0.9715151419157882,0.9812664250381071,0.9817210984406533,0.9697850706128275,0.9808632334481754,0.9793131282347072,0.9816594583860769,0.9771784710309978,0.9858495141677706,0.957397411077571,0.8757012079780814,0.8489094556278232,0.6481452384359591,0.9569717418357461,0.8731075053232654,0.2809460191325031,-0.18185876731607434,0.8668980065938126,0.9165699482049448,0.9724883037607672,0.9141205964380115,0.9219329546256472,0.9591772996695117,0.9380297088841205,0.9316780226861626,0.9560449704828651,1.0,0.9186176716487335],[0.9546455543869476,0.9490788644246647,0.9209107783695089,0.9451184805063054,0.8945689781891437,0.9558644193080013,-0.9106334399044144,0.9659087295171738,0.9245487107935286,0.9407322679352885,0.9400134019155447,0.9494949148127287,0.9332373494714744,0.9257504057968055,0.9405850802696576,0.960426998180546,0.962969244372487,0.9670761393173948,0.8923429380209367,0.8826912903435876,0.6949431576651329,0.9260670483159185,0.8503681052108508,0.3959085505995435,-0.31758796794499217,0.8964958311034923,0.8947596181300211,0.886850478585136,0.967319380294483,0.9621550164181544,0.9412135390994338,0.9629824648651935,0.9539721713139626,0.9412940769756734,0.9186176716487335,1.0]],"x":["^TAIEX       \u81fa\u7063\u52a0\u6b0a\u5831\u916c\u6307\u6578","^TWII        \u81fa\u7063\u52a0\u6b0a\u6307\u6578","^TAIEXx2     \u81fa\u7063\u52a0\u6b0a\u5831\u916c\u6307\u6578_\u65e5\u6b632","^TAI50I      \u81fa\u706350\u5831\u916c\u6307\u6578","^TAI50Ix2    \u81fa\u706350\u5831\u916c\u6307\u6578_\u65e5\u6b632","^TAI100I     \u81fa\u7063\u4e2d\u578b100\u5831\u916c\u6307\u6578","^TAI100Ix2   \u81fa\u7063\u4e2d\u578b100\u5831\u916c\u6307\u6578_\u65e5\u6b632","^TAIDIVIDI   \u81fa\u7063\u9ad8\u80a1\u606f\u5831\u916c\u6307\u6578","^TAIDIVIDIx2 \u81fa\u7063\u9ad8\u80a1\u606f\u5831\u916c\u6307\u6578_\u65e5\u6b632","0050Fund     \u5143\u5927\u53f0\u7063\u5353\u8d8a50\u57fa\u91d1","006208Fund   \u5bcc\u90a6\u53f0\u7063\u91c6\u540950\u57fa\u91d1","0050         \u5143\u5927\u81fa\u706350","00631L       \u5143\u5927\u53f0\u706350\u6b632","00675L       \u5bcc\u90a6\u81fa\u7063\u52a0\u6b0a\u6b632","006208       \u5bcc\u90a6\u53f050","0051         \u5143\u5927\u4e2d\u578b100","006204       \u6c38\u8c50\u81fa\u7063\u52a0\u6b0a","0056         \u5143\u5927\u9ad8\u80a1\u606f","0056         \u5143\u5927\u9ad8\u80a1\u606f_\u80a1\u606f\u4e0d\u6295\u5165","2412         \u4e2d\u83ef\u96fb\u4fe1","2002         \u4e2d\u92fc","2330         \u53f0\u7a4d\u96fb","2317         \u9d3b\u6d77","6505         \u53f0\u5851\u77f3\u5316","3481         \u7fa4\u5275","2303         \u806f\u96fb","2308         \u53f0\u9054\u96fb","2454         \u806f\u767c\u79d1","2886         \u5146\u8c50\u91d1","2884         \u7389\u5c71\u91d1","2891         \u4e2d\u4fe1\u91d1","2892         \u7b2c\u4e00\u91d1","5880         \u5408\u5eab\u91d1","2881         \u5bcc\u90a6\u91d1","2885         \u5143\u5927\u91d1","2887         \u53f0\u65b0\u91d1"],"y":["^TAIEX       \u81fa\u7063\u52a0\u6b0a\u5831\u916c\u6307\u6578","^TWII        \u81fa\u7063\u52a0\u6b0a\u6307\u6578","^TAIEXx2     \u81fa\u7063\u52a0\u6b0a\u5831\u916c\u6307\u6578_\u65e5\u6b632","^TAI50I      \u81fa\u706350\u5831\u916c\u6307\u6578","^TAI50Ix2    \u81fa\u706350\u5831\u916c\u6307\u6578_\u65e5\u6b632","^TAI100I     \u81fa\u7063\u4e2d\u578b100\u5831\u916c\u6307\u6578","^TAI100Ix2   \u81fa\u7063\u4e2d\u578b100\u5831\u916c\u6307\u6578_\u65e5\u6b632","^TAIDIVIDI   \u81fa\u7063\u9ad8\u80a1\u606f\u5831\u916c\u6307\u6578","^TAIDIVIDIx2 \u81fa\u7063\u9ad8\u80a1\u606f\u5831\u916c\u6307\u6578_\u65e5\u6b632","0050Fund     \u5143\u5927\u53f0\u7063\u5353\u8d8a50\u57fa\u91d1","006208Fund   \u5bcc\u90a6\u53f0\u7063\u91c6\u540950\u57fa\u91d1","0050         \u5143\u5927\u81fa\u706350","00631L       \u5143\u5927\u53f0\u706350\u6b632","00675L       \u5bcc\u90a6\u81fa\u7063\u52a0\u6b0a\u6b632","006208       \u5bcc\u90a6\u53f050","0051         \u5143\u5927\u4e2d\u578b100","006204       \u6c38\u8c50\u81fa\u7063\u52a0\u6b0a","0056         \u5143\u5927\u9ad8\u80a1\u606f","0056         \u5143\u5927\u9ad8\u80a1\u606f_\u80a1\u606f\u4e0d\u6295\u5165","2412         \u4e2d\u83ef\u96fb\u4fe1","2002         \u4e2d\u92fc","2330         \u53f0\u7a4d\u96fb","2317         \u9d3b\u6d77","6505         \u53f0\u5851\u77f3\u5316","3481         \u7fa4\u5275","2303         \u806f\u96fb","2308         \u53f0\u9054\u96fb","2454         \u806f\u767c\u79d1","2886         \u5146\u8c50\u91d1","2884         \u7389\u5c71\u91d1","2891         \u4e2d\u4fe1\u91d1","2892         \u7b2c\u4e00\u91d1","5880         \u5408\u5eab\u91d1","2881         \u5bcc\u90a6\u91d1","2885         \u5143\u5927\u91d1","2887         \u53f0\u65b0\u91d1"],"zmin":-1,"zmax":1,"colorbar":{"x":-0.2}}],"layout":{"autotypenumbers":"strict","colorway":["#636efa","#EF553B","#00cc96","#ab63fa","#FFA15A","#19d3f3","#FF6692","#B6E880","#FF97FF","#FECB52"],"font":{"color":"#f2f5fa","family":"Courier New"},"hovermode":"closest","hoverlabel":{"align":"left"},"paper_bgcolor":"rgb(17,17,17)","plot_bgcolor":"rgb(17,17,17)","polar":{"bgcolor":"rgb(17,17,17)","angularaxis":{"gridcolor":"#506784","linecolor":"#506784","ticks":""},"radialaxis":{"gridcolor":"#506784","linecolor":"#506784","ticks":""}},"ternary":{"bgcolor":"rgb(17,17,17)","aaxis":{"gridcolor":"#506784","linecolor":"#506784","ticks":""},"baxis":{"gridcolor":"#506784","linecolor":"#506784","ticks":""},"caxis":{"gridcolor":"#506784","linecolor":"#506784","ticks":""}},"coloraxis":{"colorbar":{"outlinewidth":0,"ticks":""}},"colorscale":{"sequential":[[0.0,"#0d0887"],[0.1111111111111111,"#46039f"],[0.2222222222222222,"#7201a8"],[0.3333333333333333,"#9c179e"],[0.4444444444444444,"#bd3786"],[0.5555555555555556,"#d8576b"],[0.6666666666666666,"#ed7953"],[0.7777777777777778,"#fb9f3a"],[0.8888888888888888,"#fdca26"],[1.0,"#f0f921"]],"sequentialminus":[[0.0,"#0d0887"],[0.1111111111111111,"#46039f"],[0.2222222222222222,"#7201a8"],[0.3333333333333333,"#9c179e"],[0.4444444444444444,"#bd3786"],[0.5555555555555556,"#d8576b"],[0.6666666666666666,"#ed7953"],[0.7777777777777778,"#fb9f3a"],[0.8888888888888888,"#fdca26"],[1.0,"#f0f921"]],"diverging":[[0,"#8e0152"],[0.1,"#c51b7d"],[0.2,"#de77ae"],[0.3,"#f1b6da"],[0.4,"#fde0ef"],[0.5,"#f7f7f7"],[0.6,"#e6f5d0"],[0.7,"#b8e186"],[0.8,"#7fbc41"],[0.9,"#4d9221"],[1,"#276419"]]},"xaxis":{"gridcolor":"rgba(0, 0, 0, 0)","linecolor":"#506784","ticks":"","title":{"standoff":15},"zerolinecolor":"#283442","automargin":true,"zerolinewidth":2,"tickfont":{"family":"Courier New","size":14},"side":"top","tickangle":-90},"yaxis":{"gridcolor":"rgba(0, 0, 0, 0)","linecolor":"#506784","ticks":"","title":{"standoff":15},"zerolinecolor":"#283442","automargin":true,"zerolinewidth":2,"tickfont":{"family":"Courier New"},"side":"right"},"scene":{"xaxis":{"backgroundcolor":"rgb(17,17,17)","gridcolor":"#506784","linecolor":"#506784","showbackground":true,"ticks":"","zerolinecolor":"#C8D4E3","gridwidth":2},"yaxis":{"backgroundcolor":"rgb(17,17,17)","gridcolor":"#506784","linecolor":"#506784","showbackground":true,"ticks":"","zerolinecolor":"#C8D4E3","gridwidth":2},"zaxis":{"backgroundcolor":"rgb(17,17,17)","gridcolor":"#506784","linecolor":"#506784","showbackground":true,"ticks":"","zerolinecolor":"#C8D4E3","gridwidth":2}},"shapedefaults":{"line":{"color":"#f2f5fa"}},"annotationdefaults":{"arrowcolor":"#f2f5fa","arrowhead":0,"arrowwidth":1},"geo":{"bgcolor":"rgb(17,17,17)","landcolor":"rgb(17,17,17)","subunitcolor":"#506784","showland":true,"showlakes":true,"lakecolor":"rgb(17,17,17)"},"title":{"x":0.05,"font":{"family":"Times New Roman"},"y":0.05,"text":"<b>Correlation of Adj Close<b><br><i>2016-09-23 ~ 2025-09-26<i>"},"updatemenudefaults":{"bgcolor":"#506784","borderwidth":0},"sliderdefaults":{"bgcolor":"#C8D4E3","borderwidth":1,"bordercolor":"rgb(17,17,17)","tickwidth":0},"mapbox":{"style":"dark"},"annotations":[{"text":"<b>@zwindr<b>","textangle":0,"opacity":0.5,"font":{"color":"white","size":12},"xref":"paper","yref":"paper","xanchor":"left","yanchor":"bottom","x":1.0,"y":1.0,"showarrow":false}]},"config":{"responsive":true,"toImageButtonOptions":{"filename":"Correlation of Adj Close_2016-09-23~2025-09-26","scale":5}}};Plotly.newPlot("correlationAdjClose",correlationAdjClose.data,correlationAdjClose.layout||{},correlationAdjClose.config);}else{console.log("style display is none => correlationAdjClose");}