var element=document.getElementById("correlationClose");if(element.style.display!='none'){var correlationClose={"data":[{"type":"heatmap","z":[[1.0,0.9999999999999984,1.0,0.9951248588659561,0.9951248588659561,0.9670547799702741,0.9670547799702741,0.9077548245624698,0.9077548245624698,0.8243681962081691,0.9945784103281923,0.784937958909354,0.9925810015720522,0.9927867721898901,0.9946185396125435,0.9748332078362624,0.9990951287510613,0.9179259154493579,0.9179259154493579,0.7820166450750389,-0.15003345328942425,0.9785356783114009,0.17794950628112147,-0.11177375734917,-0.2513174658010338,0.8144475826943911,0.9063943946200327,0.916092777823186,0.9250925500772579,0.782954939863955,0.571205840042837,0.6403635947221679,0.6292724862748675,0.9350621238122726,0.8380415268386472,0.19779082582940968],[0.9999999999999984,1.0,0.9999999999999987,0.9950934767123802,0.9950934767123802,0.9665357833553895,0.9665357833553895,0.9086708974374246,0.9086708974374246,0.8258402506859776,0.9945716653128814,0.7866704802292642,0.9923063710243684,0.9922851675813855,0.9946134027714727,0.9742622189708094,0.999093770112874,0.9181913036512734,0.9181913036512734,0.8005011618798372,0.06264527664819018,0.9705327888168798,-0.03419804392051273,-0.10352219622157162,-0.25163883043458574,0.6491302735259443,0.907348909412613,0.8920669723194204,0.9198605112079823,0.793210457140039,0.5620862618242686,0.6374331332642301,0.6547841571045334,0.9327678397844825,0.6967981926919193,0.19429694909758774],[1.0,0.9999999999999987,1.0,0.9951248588659561,0.9951248588659561,0.9670547799702741,0.9670547799702741,0.9077548245624698,0.9077548245624698,0.8243681962081691,0.9945784103281923,0.784937958909354,0.9925810015720522,0.9927867721898901,0.9946185396125435,0.9748332078362624,0.9990951287510613,0.9179259154493579,0.9179259154493579,0.7820166450750389,-0.15003345328942425,0.9785356783114009,0.17794950628112147,-0.11177375734917,-0.2513174658010338,0.8144475826943911,0.9063943946200327,0.916092777823186,0.9250925500772579,0.782954939863955,0.571205840042837,0.6403635947221679,0.6292724862748675,0.9350621238122726,0.8380415268386472,0.19779082582940968],[0.9951248588659561,0.9950934767123802,0.9951248588659561,1.0,1.0,0.953930824659263,0.953930824659263,0.8919757580286756,0.8919757580286756,0.7978149411720015,0.9995496068625682,0.756826690742942,0.9914021794725885,0.9886124087282719,0.9995093169792729,0.9573874262725361,0.9948330446576973,0.8931198918360959,0.8931198918360959,0.7562454721529642,-0.15823042990530534,0.9908452095937711,0.20520889304487985,-0.1479757966109879,-0.25137878810037084,0.8046577202361359,0.9189291739897012,0.916997666675336,0.9088765447449547,0.7873145489061755,0.6002497937777039,0.6331324746792046,0.5986851163026632,0.9252372750965667,0.8280351599677565,0.21003602246976066],[0.9951248588659561,0.9950934767123802,0.9951248588659561,1.0,1.0,0.953930824659263,0.953930824659263,0.8919757580286756,0.8919757580286756,0.7978149411720015,0.9995496068625682,0.756826690742942,0.9914021794725885,0.9886124087282719,0.9995093169792729,0.9573874262725361,0.9948330446576973,0.8931198918360959,0.8931198918360959,0.7562454721529642,-0.15823042990530534,0.9908452095937711,0.20520889304487985,-0.1479757966109879,-0.25137878810037084,0.8046577202361359,0.9189291739897012,0.916997666675336,0.9088765447449547,0.7873145489061755,0.6002497937777039,0.6331324746792046,0.5986851163026632,0.9252372750965667,0.8280351599677565,0.21003602246976066],[0.9670547799702741,0.9665357833553895,0.9670547799702741,0.953930824659263,0.953930824659263,1.0,1.0,0.9326925592011889,0.9326925592011889,0.7966664433983859,0.9533170457252131,0.7816656167531741,0.9697451102324777,0.9671877925809388,0.9531298241896271,0.9990822292197061,0.9746108964531259,0.9185781830390007,0.9185781830390007,0.6480404899301482,-0.09947084560380756,0.9395145166594936,0.33126489304880163,-0.2936643251948821,-0.12106127066978667,0.8829289184841591,0.8587669126676398,0.9336714932347144,0.9005449062702808,0.7482185053494372,0.7564895150398944,0.7417272287423414,0.7040555444224965,0.8658942872302797,0.8680518931149409,0.47557203051671965],[0.9670547799702741,0.9665357833553895,0.9670547799702741,0.953930824659263,0.953930824659263,1.0,1.0,0.9326925592011889,0.9326925592011889,0.7966664433983859,0.9533170457252131,0.7816656167531741,0.9697451102324777,0.9671877925809388,0.9531298241896271,0.9990822292197061,0.9746108964531259,0.9185781830390007,0.9185781830390007,0.6480404899301482,-0.09947084560380756,0.9395145166594936,0.33126489304880163,-0.2936643251948821,-0.12106127066978667,0.8829289184841591,0.8587669126676398,0.9336714932347144,0.9005449062702808,0.7482185053494372,0.7564895150398944,0.7417272287423414,0.7040555444224965,0.8658942872302797,0.8680518931149409,0.47557203051671965],[0.9077548245624698,0.9086708974374246,0.9077548245624698,0.8919757580286756,0.8919757580286756,0.9326925592011889,0.9326925592011889,1.0,1.0,0.7470971852910966,0.9377838156919271,0.7646811066466089,0.9404840118943322,0.9352108854032668,0.93766027519811,0.9337426146335719,0.9453901191568409,0.9710343004792917,0.9710343004792917,0.5920979220214161,0.021541751541196127,0.8545939190089965,0.5593108038999313,-0.3196717123223427,0.01320435733123467,0.7885654180896007,0.7581946489657488,0.877507073906631,0.8548467075058624,0.7612418636734366,0.8807768586373199,0.7842702357967447,0.7164423615254373,0.7986887392536135,0.8541947327034461,0.8060848466653636],[0.9077548245624698,0.9086708974374246,0.9077548245624698,0.8919757580286756,0.8919757580286756,0.9326925592011889,0.9326925592011889,1.0,1.0,0.7470971852910966,0.9377838156919271,0.7646811066466089,0.9404840118943322,0.9352108854032668,0.93766027519811,0.9337426146335719,0.9453901191568409,0.9710343004792917,0.9710343004792917,0.5920979220214161,0.021541751541196127,0.8545939190089965,0.5593108038999313,-0.3196717123223427,0.01320435733123467,0.7885654180896007,0.7581946489657488,0.877507073906631,0.8548467075058624,0.7612418636734366,0.8807768586373199,0.7842702357967447,0.7164423615254373,0.7986887392536135,0.8541947327034461,0.8060848466653636],[0.8243681962081691,0.8258402506859776,0.8243681962081691,0.7978149411720015,0.7978149411720015,0.7966664433983859,0.7966664433983859,0.7470971852910966,0.7470971852910966,1.0,0.6880718242936099,0.9999698422260559,0.6234704536733807,0.5351758023598849,0.6917537625403938,0.7931339074554009,0.7441377186577588,0.8232169354604228,0.8232169354604228,0.6972446363258221,-0.09975991710014157,0.7706510157072164,0.03855392286049347,0.0481602354747202,-0.24320518930060248,0.7899679611475604,0.5645890139981411,0.7699951174589516,0.8192686015785886,0.689672072569817,0.36208145354112614,0.5341688973258399,0.5654261188919157,0.8003323292960368,0.6663050539389682,0.172815758628982],[0.9945784103281923,0.9945716653128814,0.9945784103281923,0.9995496068625682,0.9995496068625682,0.9533170457252131,0.9533170457252131,0.9377838156919271,0.9377838156919271,0.6880718242936099,1.0,0.6899129790187477,0.9911302345080371,0.9886587287608415,0.9999293116672626,0.9528456433513438,0.9938712466786568,0.9042597180957721,0.9042597180957721,0.8536733852219218,0.005408783626484303,0.9965548572453695,0.8908010940030656,-0.5142278156943633,0.3333317471910331,0.8201010739186354,0.883887260403712,0.9350241459351838,0.9031149143791558,0.8113090777273225,0.9172680195891173,0.8670555202576118,0.7735930320464022,0.9054410506312821,0.9445276457751121,0.7826476743726193],[0.784937958909354,0.7866704802292642,0.784937958909354,0.756826690742942,0.756826690742942,0.7816656167531741,0.7816656167531741,0.7646811066466089,0.7646811066466089,0.9999698422260559,0.6899129790187477,1.0,0.6240904818375861,0.5356621535229551,0.692262438784505,0.7856698313994537,0.7445202268319998,0.8198475322883925,0.8198475322883925,0.6592784091215451,0.027262317752000876,0.733208049562711,0.43900938800536066,-0.17331727959374293,-0.23077357190315087,0.8228713411082582,0.4748001271907097,0.7469321817897127,0.793589424177049,0.7171598488099096,0.5974288252429644,0.7131367679813401,0.6857850492787098,0.7616289265872209,0.6603856654003617,0.6813327573829514],[0.9925810015720522,0.9923063710243684,0.9925810015720522,0.9914021794725885,0.9914021794725885,0.9697451102324777,0.9697451102324777,0.9404840118943322,0.9404840118943322,0.6234704536733807,0.9911302345080371,0.6240904818375861,1.0,0.9997742848792625,0.9910951870433715,0.9675019223484237,0.9904856436094623,0.8929878961484158,0.8929878961484158,0.832765720116358,0.03454703726941289,0.9893949932251044,0.9100546588443589,-0.6669732705252852,0.3992227463207871,0.7909808715182721,0.8919462480756132,0.9424398039053788,0.8930932563396463,0.746606745407073,0.917209977185002,0.8447434626616965,0.7528092194254363,0.8898742860367671,0.9570367460225259,0.8085755152840809],[0.9927867721898901,0.9922851675813855,0.9927867721898901,0.9886124087282719,0.9886124087282719,0.9671877925809388,0.9671877925809388,0.9352108854032668,0.9352108854032668,0.5351758023598849,0.9886587287608415,0.5356621535229551,0.9997742848792625,1.0,0.9887564689771356,0.9641357342073151,0.9897581130444667,0.8773411005715515,0.8773411005715515,0.8541707321518655,-0.09153312537377976,0.985432229623808,0.9178830120158294,-0.8383764623702434,0.43437255016780796,0.7394573106345717,0.8969392062185607,0.9358213274132551,0.8788333282475073,0.6790881311620389,0.9252336237446462,0.8357619611183789,0.6944342028440473,0.9141467213542127,0.9577156611494488,0.7783803501551838],[0.9946185396125435,0.9946134027714727,0.9946185396125435,0.9995093169792729,0.9995093169792729,0.9531298241896271,0.9531298241896271,0.93766027519811,0.93766027519811,0.6917537625403938,0.9999293116672626,0.692262438784505,0.9910951870433715,0.9887564689771356,1.0,0.9528287256676359,0.9939311782796045,0.9048696363176634,0.9048696363176634,0.8545389284032904,0.0076716199297294915,0.9964198589366641,0.8896695336556311,-0.5103509245379066,0.3334181407107378,0.8208655657133678,0.8821911169798664,0.9342967258641734,0.9037755770911637,0.8121832021457661,0.916344740206249,0.8680555699438064,0.7752523406422316,0.9051114759270046,0.9443197503369721,0.782469202365657],[0.9748332078362624,0.9742622189708094,0.9748332078362624,0.9573874262725361,0.9573874262725361,0.9990822292197061,0.9990822292197061,0.9337426146335719,0.9337426146335719,0.7931339074554009,0.9528456433513438,0.7856698313994537,0.9675019223484237,0.9641357342073151,0.9528287256676359,1.0,0.9754763423279544,0.9187852864328414,0.9187852864328414,0.6960482101283502,-0.08283934727521626,0.9464833845780932,0.651652326370247,-0.42416193052385764,-0.1684787027330484,0.8945128961615847,0.853312468761452,0.9295029578402807,0.9077236550450751,0.7841855959270749,0.8595083540007351,0.7882774157520899,0.7607603392090945,0.8869987757470918,0.8648600204098883,0.7936466203707618],[0.9990951287510613,0.999093770112874,0.9990951287510613,0.9948330446576973,0.9948330446576973,0.9746108964531259,0.9746108964531259,0.9453901191568409,0.9453901191568409,0.7441377186577588,0.9938712466786568,0.7445202268319998,0.9904856436094623,0.9897581130444667,0.9939311782796045,0.9754763423279544,1.0,0.9300343187702812,0.9300343187702812,0.8635023056359441,0.022161221904463117,0.9874078993405618,0.8583126899002548,-0.49186314101325307,0.3529595335240424,0.8665310776822246,0.874747057563395,0.9457444266386803,0.9323161195463562,0.8329636380321227,0.9050341595949594,0.8981448357051839,0.8161601072773818,0.9184514886373304,0.9531476147692176,0.8372124282921513],[0.9179259154493579,0.9181913036512734,0.9179259154493579,0.8931198918360959,0.8931198918360959,0.9185781830390007,0.9185781830390007,0.9710343004792917,0.9710343004792917,0.8232169354604228,0.9042597180957721,0.8198475322883925,0.8929878961484158,0.8773411005715515,0.9048696363176634,0.9187852864328414,0.9300343187702812,1.0,1.0,0.7445423616665618,-0.037763890618314096,0.8570615869402161,0.5551794827405901,-0.20346493132252189,-0.2081146743750321,0.8288178351577061,0.7299381105478202,0.8394569990627179,0.9179714397194322,0.8404388479267743,0.8000195241569026,0.7591508345755572,0.7073070870966506,0.8473179015755872,0.7809980687536002,0.8536448278355725],[0.9179259154493579,0.9181913036512734,0.9179259154493579,0.8931198918360959,0.8931198918360959,0.9185781830390007,0.9185781830390007,0.9710343004792917,0.9710343004792917,0.8232169354604228,0.9042597180957721,0.8198475322883925,0.8929878961484158,0.8773411005715515,0.9048696363176634,0.9187852864328414,0.9300343187702812,1.0,1.0,0.7445423616665618,-0.037763890618314096,0.8570615869402161,0.5551794827405901,-0.20346493132252189,-0.2081146743750321,0.8288178351577061,0.7299381105478202,0.8394569990627179,0.9179714397194322,0.8404388479267743,0.8000195241569026,0.7591508345755572,0.7073070870966506,0.8473179015755872,0.7809980687536002,0.8536448278355725],[0.7820166450750389,0.8005011618798372,0.7820166450750389,0.7562454721529642,0.7562454721529642,0.6480404899301482,0.6480404899301482,0.5920979220214161,0.5920979220214161,0.6972446363258221,0.8536733852219218,0.6592784091215451,0.832765720116358,0.8541707321518655,0.8545389284032904,0.6960482101283502,0.8635023056359441,0.7445423616665618,0.7445423616665618,1.0,0.03131864204747694,0.7179422108719589,-0.3570999167955256,0.31070419186946485,-0.6562729069778521,0.35831620439986905,0.7018010001847474,0.5154781748014254,0.8373719116572528,0.697115549675539,0.12226980967638024,0.3153601711273256,0.5681167360267283,0.7838396870975503,0.4843751137090303,-0.14469256330140035],[-0.15003345328942425,0.06264527664819018,-0.15003345328942425,-0.15823042990530534,-0.15823042990530534,-0.09947084560380756,-0.09947084560380756,0.021541751541196127,0.021541751541196127,-0.09975991710014157,0.005408783626484303,0.027262317752000876,0.03454703726941289,-0.09153312537377976,0.0076716199297294915,-0.08283934727521626,0.022161221904463117,-0.037763890618314096,-0.037763890618314096,0.03131864204747694,1.0,-0.10175721177845233,0.10212051368169713,0.15979200508021923,0.7482660720087148,-0.09519764209948595,-0.054870440414856,-0.019519091440608472,0.15586557692294434,-0.005408119017261025,0.03928380707500457,0.32449839871203057,0.564409397595407,-0.1276980054690117,0.09956100343725142,0.15352364684866526],[0.9785356783114009,0.9705327888168798,0.9785356783114009,0.9908452095937711,0.9908452095937711,0.9395145166594936,0.9395145166594936,0.8545939190089965,0.8545939190089965,0.7706510157072164,0.9965548572453695,0.733208049562711,0.9893949932251044,0.985432229623808,0.9964198589366641,0.9464833845780932,0.9874078993405618,0.8570615869402161,0.8570615869402161,0.7179422108719589,-0.10175721177845233,1.0,0.11187261463466981,-0.20429347002046963,-0.300844570467691,0.6683455804149457,0.919560141489213,0.9003889329133987,0.852968543203733,0.7555763365712745,0.6000440194187056,0.5997686725273329,0.5290913808302224,0.9041753504605323,0.675464360607608,0.19053070462810212],[0.17794950628112147,-0.03419804392051273,0.17794950628112147,0.20520889304487985,0.20520889304487985,0.33126489304880163,0.33126489304880163,0.5593108038999313,0.5593108038999313,0.03855392286049347,0.8908010940030656,0.43900938800536066,0.9100546588443589,0.9178830120158294,0.8896695336556311,0.651652326370247,0.8583126899002548,0.5551794827405901,0.5551794827405901,-0.3570999167955256,0.10212051368169713,0.11187261463466981,1.0,-0.46231293641413673,0.7101579604459384,0.38431606733063906,0.12845420488886417,0.32405767631636023,-0.08439760351081317,0.08885377405474433,0.6031133966202619,0.48386880027901974,0.20318498629663032,0.020489359394089277,0.39997976261655027,0.4717946056103103],[-0.11177375734917,-0.10352219622157162,-0.11177375734917,-0.1479757966109879,-0.1479757966109879,-0.2936643251948821,-0.2936643251948821,-0.3196717123223427,-0.3196717123223427,0.0481602354747202,-0.5142278156943633,-0.17331727959374293,-0.6669732705252852,-0.8383764623702434,-0.5103509245379066,-0.42416193052385764,-0.49186314101325307,-0.20346493132252189,-0.20346493132252189,0.31070419186946485,0.15979200508021923,-0.20429347002046963,-0.46231293641413673,1.0,-0.02606706685694704,-0.16987260825118594,-0.20191391858447746,-0.3097004493549625,-0.05203108677182426,-0.08237091470210099,-0.5713900167751892,-0.20664839362371745,-0.028342639229736323,-0.05557178338208434,-0.2286160898425783,-0.41100712042832227],[-0.2513174658010338,-0.25163883043458574,-0.2513174658010338,-0.25137878810037084,-0.25137878810037084,-0.12106127066978667,-0.12106127066978667,0.01320435733123467,0.01320435733123467,-0.24320518930060248,0.3333317471910331,-0.23077357190315087,0.3992227463207871,0.43437255016780796,0.3334181407107378,-0.1684787027330484,0.3529595335240424,-0.2081146743750321,-0.2081146743750321,-0.6562729069778521,0.7482660720087148,-0.300844570467691,0.7101579604459384,-0.02606706685694704,1.0,-0.10800436983372497,-0.24316895639024827,-0.06849331096767144,-0.35158987719609713,-0.3298529131055396,0.0654698805508682,0.15878207555566182,0.2616646966327725,-0.3783064717032166,0.10844586085204025,0.08945336053001765],[0.8144475826943911,0.6491302735259443,0.8144475826943911,0.8046577202361359,0.8046577202361359,0.8829289184841591,0.8829289184841591,0.7885654180896007,0.7885654180896007,0.7899679611475604,0.8201010739186354,0.8228713411082582,0.7909808715182721,0.7394573106345717,0.8208655657133678,0.8945128961615847,0.8665310776822246,0.8288178351577061,0.8288178351577061,0.35831620439986905,-0.09519764209948595,0.6683455804149457,0.38431606733063906,-0.16987260825118594,-0.10800436983372497,1.0,0.54450704700345,0.8395307742669776,0.4994624675725608,0.6313051008673087,0.5532536445091073,0.6609124905281096,0.4275511746858322,0.707493831333099,0.7056151735890843,0.42059288116648924],[0.9063943946200327,0.907348909412613,0.9063943946200327,0.9189291739897012,0.9189291739897012,0.8587669126676398,0.8587669126676398,0.7581946489657488,0.7581946489657488,0.5645890139981411,0.883887260403712,0.4748001271907097,0.8919462480756132,0.8969392062185607,0.8821911169798664,0.853312468761452,0.874747057563395,0.7299381105478202,0.7299381105478202,0.7018010001847474,-0.054870440414856,0.919560141489213,0.12845420488886417,-0.20191391858447746,-0.24316895639024827,0.54450704700345,1.0,0.8003654348716273,0.7788867100081452,0.665585706381056,0.5121185609010867,0.506664914596066,0.5131853671521753,0.8411180820270445,0.6326862909756392,0.1168961730508423],[0.916092777823186,0.8920669723194204,0.916092777823186,0.916997666675336,0.916997666675336,0.9336714932347144,0.9336714932347144,0.877507073906631,0.877507073906631,0.7699951174589516,0.9350241459351838,0.7469321817897127,0.9424398039053788,0.9358213274132551,0.9342967258641734,0.9295029578402807,0.9457444266386803,0.8394569990627179,0.8394569990627179,0.5154781748014254,-0.019519091440608472,0.9003889329133987,0.32405767631636023,-0.3097004493549625,-0.06849331096767144,0.8395307742669776,0.8003654348716273,1.0,0.757379483748615,0.6185381781805445,0.6097780232740044,0.6082751874034104,0.535811125051631,0.8241091558266167,0.8385764193942595,0.22784144234140297],[0.9250925500772579,0.9198605112079823,0.9250925500772579,0.9088765447449547,0.9088765447449547,0.9005449062702808,0.9005449062702808,0.8548467075058624,0.8548467075058624,0.8192686015785886,0.9031149143791558,0.793589424177049,0.8930932563396463,0.8788333282475073,0.9037755770911637,0.9077236550450751,0.9323161195463562,0.9179714397194322,0.9179714397194322,0.8373719116572528,0.15586557692294434,0.852968543203733,-0.08439760351081317,-0.05203108677182426,-0.35158987719609713,0.4994624675725608,0.7788867100081452,0.757379483748615,1.0,0.9078928389232682,0.5553679080596484,0.6923328546793214,0.6677712826322654,0.8808264510663162,0.516908701247767,0.30486607296843965],[0.782954939863955,0.793210457140039,0.782954939863955,0.7873145489061755,0.7873145489061755,0.7482185053494372,0.7482185053494372,0.7612418636734366,0.7612418636734366,0.689672072569817,0.8113090777273225,0.7171598488099096,0.746606745407073,0.6790881311620389,0.8121832021457661,0.7841855959270749,0.8329636380321227,0.8404388479267743,0.8404388479267743,0.697115549675539,-0.005408119017261025,0.7555763365712745,0.08885377405474433,-0.08237091470210099,-0.3298529131055396,0.6313051008673087,0.665585706381056,0.6185381781805445,0.9078928389232682,1.0,0.5882566162424389,0.6746632647041114,0.6120048504626509,0.7363949108290009,0.5939160046014893,0.4772396696848679],[0.571205840042837,0.5620862618242686,0.571205840042837,0.6002497937777039,0.6002497937777039,0.7564895150398944,0.7564895150398944,0.8807768586373199,0.8807768586373199,0.36208145354112614,0.9172680195891173,0.5974288252429644,0.917209977185002,0.9252336237446462,0.916344740206249,0.8595083540007351,0.9050341595949594,0.8000195241569026,0.8000195241569026,0.12226980967638024,0.03928380707500457,0.6000440194187056,0.6031133966202619,-0.5713900167751892,0.0654698805508682,0.5532536445091073,0.5121185609010867,0.6097780232740044,0.5553679080596484,0.5882566162424389,1.0,0.7474095039371212,0.3869278762833555,0.5146756071507204,0.5965182253054006,0.7553276957872034],[0.6403635947221679,0.6374331332642301,0.6403635947221679,0.6331324746792046,0.6331324746792046,0.7417272287423414,0.7417272287423414,0.7842702357967447,0.7842702357967447,0.5341688973258399,0.8670555202576118,0.7131367679813401,0.8447434626616965,0.8357619611183789,0.8680555699438064,0.7882774157520899,0.8981448357051839,0.7591508345755572,0.7591508345755572,0.3153601711273256,0.32449839871203057,0.5997686725273329,0.48386880027901974,-0.20664839362371745,0.15878207555566182,0.6609124905281096,0.506664914596066,0.6082751874034104,0.6923328546793214,0.6746632647041114,0.7474095039371212,1.0,0.7794331885781037,0.5071799063199213,0.7331238332462856,0.5526864553501586],[0.6292724862748675,0.6547841571045334,0.6292724862748675,0.5986851163026632,0.5986851163026632,0.7040555444224965,0.7040555444224965,0.7164423615254373,0.7164423615254373,0.5654261188919157,0.7735930320464022,0.6857850492787098,0.7528092194254363,0.6944342028440473,0.7752523406422316,0.7607603392090945,0.8161601072773818,0.7073070870966506,0.7073070870966506,0.5681167360267283,0.564409397595407,0.5290913808302224,0.20318498629663032,-0.028342639229736323,0.2616646966327725,0.4275511746858322,0.5131853671521753,0.535811125051631,0.6677712826322654,0.6120048504626509,0.3869278762833555,0.7794331885781037,1.0,0.4954368974382147,0.6659439703475218,0.20548972673938967],[0.9350621238122726,0.9327678397844825,0.9350621238122726,0.9252372750965667,0.9252372750965667,0.8658942872302797,0.8658942872302797,0.7986887392536135,0.7986887392536135,0.8003323292960368,0.9054410506312821,0.7616289265872209,0.8898742860367671,0.9141467213542127,0.9051114759270046,0.8869987757470918,0.9184514886373304,0.8473179015755872,0.8473179015755872,0.7838396870975503,-0.1276980054690117,0.9041753504605323,0.020489359394089277,-0.05557178338208434,-0.3783064717032166,0.707493831333099,0.8411180820270445,0.8241091558266167,0.8808264510663162,0.7363949108290009,0.5146756071507204,0.5071799063199213,0.4954368974382147,1.0,0.7422127197183751,0.18289248124232804],[0.8380415268386472,0.6967981926919193,0.8380415268386472,0.8280351599677565,0.8280351599677565,0.8680518931149409,0.8680518931149409,0.8541947327034461,0.8541947327034461,0.6663050539389682,0.9445276457751121,0.6603856654003617,0.9570367460225259,0.9577156611494488,0.9443197503369721,0.8648600204098883,0.9531476147692176,0.7809980687536002,0.7809980687536002,0.4843751137090303,0.09956100343725142,0.675464360607608,0.39997976261655027,-0.2286160898425783,0.10844586085204025,0.7056151735890843,0.6326862909756392,0.8385764193942595,0.516908701247767,0.5939160046014893,0.5965182253054006,0.7331238332462856,0.6659439703475218,0.7422127197183751,1.0,0.19202636164573747],[0.19779082582940968,0.19429694909758774,0.19779082582940968,0.21003602246976066,0.21003602246976066,0.47557203051671965,0.47557203051671965,0.8060848466653636,0.8060848466653636,0.172815758628982,0.7826476743726193,0.6813327573829514,0.8085755152840809,0.7783803501551838,0.782469202365657,0.7936466203707618,0.8372124282921513,0.8536448278355725,0.8536448278355725,-0.14469256330140035,0.15352364684866526,0.19053070462810212,0.4717946056103103,-0.41100712042832227,0.08945336053001765,0.42059288116648924,0.1168961730508423,0.22784144234140297,0.30486607296843965,0.4772396696848679,0.7553276957872034,0.5526864553501586,0.20548972673938967,0.18289248124232804,0.19202636164573747,1.0]],"x":["^TAIEX       \u81fa\u7063\u52a0\u6b0a\u5831\u916c\u6307\u6578","^TWII        \u81fa\u7063\u52a0\u6b0a\u6307\u6578","^TAIEXx2     \u81fa\u7063\u52a0\u6b0a\u5831\u916c\u6307\u6578_\u65e5\u6b632","^TAI50I      \u81fa\u706350\u5831\u916c\u6307\u6578","^TAI50Ix2    \u81fa\u706350\u5831\u916c\u6307\u6578_\u65e5\u6b632","^TAI100I     \u81fa\u7063\u4e2d\u578b100\u5831\u916c\u6307\u6578","^TAI100Ix2   \u81fa\u7063\u4e2d\u578b100\u5831\u916c\u6307\u6578_\u65e5\u6b632","^TAIDIVIDI   \u81fa\u7063\u9ad8\u80a1\u606f\u5831\u916c\u6307\u6578","^TAIDIVIDIx2 \u81fa\u7063\u9ad8\u80a1\u606f\u5831\u916c\u6307\u6578_\u65e5\u6b632","0050Fund     \u5143\u5927\u53f0\u7063\u5353\u8d8a50\u57fa\u91d1","006208Fund   \u5bcc\u90a6\u53f0\u7063\u91c6\u540950\u57fa\u91d1","0050         \u5143\u5927\u81fa\u706350","00631L       \u5143\u5927\u53f0\u706350\u6b632","00675L       \u5bcc\u90a6\u81fa\u7063\u52a0\u6b0a\u6b632","006208       \u5bcc\u90a6\u53f050","0051         \u5143\u5927\u4e2d\u578b100","006204       \u6c38\u8c50\u81fa\u7063\u52a0\u6b0a","0056         \u5143\u5927\u9ad8\u80a1\u606f","0056         \u5143\u5927\u9ad8\u80a1\u606f_\u80a1\u606f\u4e0d\u6295\u5165","2412         \u4e2d\u83ef\u96fb\u4fe1","2002         \u4e2d\u92fc","2330         \u53f0\u7a4d\u96fb","2317         \u9d3b\u6d77","6505         \u53f0\u5851\u77f3\u5316","3481         \u7fa4\u5275","2303         \u806f\u96fb","2308         \u53f0\u9054\u96fb","2454         \u806f\u767c\u79d1","2886         \u5146\u8c50\u91d1","2884         \u7389\u5c71\u91d1","2891         \u4e2d\u4fe1\u91d1","2892         \u7b2c\u4e00\u91d1","5880         \u5408\u5eab\u91d1","2881         \u5bcc\u90a6\u91d1","2885         \u5143\u5927\u91d1","2887         \u53f0\u65b0\u91d1"],"y":["^TAIEX       \u81fa\u7063\u52a0\u6b0a\u5831\u916c\u6307\u6578","^TWII        \u81fa\u7063\u52a0\u6b0a\u6307\u6578","^TAIEXx2     \u81fa\u7063\u52a0\u6b0a\u5831\u916c\u6307\u6578_\u65e5\u6b632","^TAI50I      \u81fa\u706350\u5831\u916c\u6307\u6578","^TAI50Ix2    \u81fa\u706350\u5831\u916c\u6307\u6578_\u65e5\u6b632","^TAI100I     \u81fa\u7063\u4e2d\u578b100\u5831\u916c\u6307\u6578","^TAI100Ix2   \u81fa\u7063\u4e2d\u578b100\u5831\u916c\u6307\u6578_\u65e5\u6b632","^TAIDIVIDI   \u81fa\u7063\u9ad8\u80a1\u606f\u5831\u916c\u6307\u6578","^TAIDIVIDIx2 \u81fa\u7063\u9ad8\u80a1\u606f\u5831\u916c\u6307\u6578_\u65e5\u6b632","0050Fund     \u5143\u5927\u53f0\u7063\u5353\u8d8a50\u57fa\u91d1","006208Fund   \u5bcc\u90a6\u53f0\u7063\u91c6\u540950\u57fa\u91d1","0050         \u5143\u5927\u81fa\u706350","00631L       \u5143\u5927\u53f0\u706350\u6b632","00675L       \u5bcc\u90a6\u81fa\u7063\u52a0\u6b0a\u6b632","006208       \u5bcc\u90a6\u53f050","0051         \u5143\u5927\u4e2d\u578b100","006204       \u6c38\u8c50\u81fa\u7063\u52a0\u6b0a","0056         \u5143\u5927\u9ad8\u80a1\u606f","0056         \u5143\u5927\u9ad8\u80a1\u606f_\u80a1\u606f\u4e0d\u6295\u5165","2412         \u4e2d\u83ef\u96fb\u4fe1","2002         \u4e2d\u92fc","2330         \u53f0\u7a4d\u96fb","2317         \u9d3b\u6d77","6505         \u53f0\u5851\u77f3\u5316","3481         \u7fa4\u5275","2303         \u806f\u96fb","2308         \u53f0\u9054\u96fb","2454         \u806f\u767c\u79d1","2886         \u5146\u8c50\u91d1","2884         \u7389\u5c71\u91d1","2891         \u4e2d\u4fe1\u91d1","2892         \u7b2c\u4e00\u91d1","5880         \u5408\u5eab\u91d1","2881         \u5bcc\u90a6\u91d1","2885         \u5143\u5927\u91d1","2887         \u53f0\u65b0\u91d1"],"zmin":-1,"zmax":1,"colorbar":{"x":-0.2}}],"layout":{"autotypenumbers":"strict","colorway":["#636efa","#EF553B","#00cc96","#ab63fa","#FFA15A","#19d3f3","#FF6692","#B6E880","#FF97FF","#FECB52"],"font":{"color":"#f2f5fa","family":"Courier New"},"hovermode":"closest","hoverlabel":{"align":"left"},"paper_bgcolor":"rgb(17,17,17)","plot_bgcolor":"rgb(17,17,17)","polar":{"bgcolor":"rgb(17,17,17)","angularaxis":{"gridcolor":"#506784","linecolor":"#506784","ticks":""},"radialaxis":{"gridcolor":"#506784","linecolor":"#506784","ticks":""}},"ternary":{"bgcolor":"rgb(17,17,17)","aaxis":{"gridcolor":"#506784","linecolor":"#506784","ticks":""},"baxis":{"gridcolor":"#506784","linecolor":"#506784","ticks":""},"caxis":{"gridcolor":"#506784","linecolor":"#506784","ticks":""}},"coloraxis":{"colorbar":{"outlinewidth":0,"ticks":""}},"colorscale":{"sequential":[[0.0,"#0d0887"],[0.1111111111111111,"#46039f"],[0.2222222222222222,"#7201a8"],[0.3333333333333333,"#9c179e"],[0.4444444444444444,"#bd3786"],[0.5555555555555556,"#d8576b"],[0.6666666666666666,"#ed7953"],[0.7777777777777778,"#fb9f3a"],[0.8888888888888888,"#fdca26"],[1.0,"#f0f921"]],"sequentialminus":[[0.0,"#0d0887"],[0.1111111111111111,"#46039f"],[0.2222222222222222,"#7201a8"],[0.3333333333333333,"#9c179e"],[0.4444444444444444,"#bd3786"],[0.5555555555555556,"#d8576b"],[0.6666666666666666,"#ed7953"],[0.7777777777777778,"#fb9f3a"],[0.8888888888888888,"#fdca26"],[1.0,"#f0f921"]],"diverging":[[0,"#8e0152"],[0.1,"#c51b7d"],[0.2,"#de77ae"],[0.3,"#f1b6da"],[0.4,"#fde0ef"],[0.5,"#f7f7f7"],[0.6,"#e6f5d0"],[0.7,"#b8e186"],[0.8,"#7fbc41"],[0.9,"#4d9221"],[1,"#276419"]]},"xaxis":{"gridcolor":"rgba(0, 0, 0, 0)","linecolor":"#506784","ticks":"","title":{"standoff":15},"zerolinecolor":"#283442","automargin":true,"zerolinewidth":2,"tickfont":{"family":"Courier New","size":14},"side":"top","tickangle":-90},"yaxis":{"gridcolor":"rgba(0, 0, 0, 0)","linecolor":"#506784","ticks":"","title":{"standoff":15},"zerolinecolor":"#283442","automargin":true,"zerolinewidth":2,"tickfont":{"family":"Courier New"},"side":"right"},"scene":{"xaxis":{"backgroundcolor":"rgb(17,17,17)","gridcolor":"#506784","linecolor":"#506784","showbackground":true,"ticks":"","zerolinecolor":"#C8D4E3","gridwidth":2},"yaxis":{"backgroundcolor":"rgb(17,17,17)","gridcolor":"#506784","linecolor":"#506784","showbackground":true,"ticks":"","zerolinecolor":"#C8D4E3","gridwidth":2},"zaxis":{"backgroundcolor":"rgb(17,17,17)","gridcolor":"#506784","linecolor":"#506784","showbackground":true,"ticks":"","zerolinecolor":"#C8D4E3","gridwidth":2}},"shapedefaults":{"line":{"color":"#f2f5fa"}},"annotationdefaults":{"arrowcolor":"#f2f5fa","arrowhead":0,"arrowwidth":1},"geo":{"bgcolor":"rgb(17,17,17)","landcolor":"rgb(17,17,17)","subunitcolor":"#506784","showland":true,"showlakes":true,"lakecolor":"rgb(17,17,17)"},"title":{"x":0.05,"font":{"family":"Times New Roman"},"y":0.05,"text":"<b>Correlation of Close<b><br><i>2016-09-23 ~ 2025-12-24<i>"},"updatemenudefaults":{"bgcolor":"#506784","borderwidth":0},"sliderdefaults":{"bgcolor":"#C8D4E3","borderwidth":1,"bordercolor":"rgb(17,17,17)","tickwidth":0},"mapbox":{"style":"dark"},"annotations":[{"text":"<b>@zwindr<b>","textangle":0,"opacity":0.5,"font":{"color":"white","size":12},"xref":"paper","yref":"paper","xanchor":"left","yanchor":"bottom","x":1.0,"y":1.0,"showarrow":false}]},"config":{"responsive":true,"toImageButtonOptions":{"filename":"Correlation of Close_2016-09-23~2025-12-24","scale":5}}};Plotly.newPlot("correlationClose",correlationClose.data,correlationClose.layout||{},correlationClose.config);}else{console.log("style display is none => correlationClose");}