var element=document.getElementById("correlationClose");if(element.style.display!='none'){var correlationClose={"data":[{"type":"heatmap","z":[[1.0,0.9999999999999983,1.0,0.9951711186528887,0.9951711186528887,0.9659028925301604,0.9659028925301604,0.905907913758718,0.905907913758718,0.8464574946751359,0.9944523543587552,0.8106327317206757,0.9926082932029593,0.9926937253225445,0.9944912817880008,0.9743851532361142,0.9990534463531578,0.9199319803792875,0.9199319803792875,0.7834725371781516,-0.1370948303987159,0.9780723481077701,0.15716601466659558,-0.09579853131210499,-0.2516113814233968,0.8146807938252192,0.9089510433337896,0.9136571394117906,0.9263463397000936,0.7806587531380318,0.5529882265851882,0.6361731991844899,0.631376409785552,0.9333942473433072,0.8319660231369524,0.18861515184214905],[0.9999999999999983,1.0,0.9999999999999986,0.9951385133102724,0.9951385133102724,0.9653622640607606,0.9653622640607606,0.9068831516819619,0.9068831516819619,0.8478131657295023,0.9944457418509922,0.8107478046058357,0.9923347127708294,0.9921836543053904,0.9944924742946255,0.9738131852681947,0.9990547741534417,0.9201297062714184,0.9201297062714184,0.8021408994340458,0.0742378246523275,0.9699076762655671,-0.046071292904912,-0.08824771903481059,-0.2519094104662081,0.6472610373600796,0.9099256459100966,0.8890647219889678,0.9209523427857834,0.7914198159435827,0.5446897177593301,0.6332569094967933,0.6571942137276041,0.93107125527702,0.688199862223787,0.18542348052254914],[1.0,0.9999999999999986,1.0,0.9951711186528887,0.9951711186528887,0.9659028925301604,0.9659028925301604,0.905907913758718,0.905907913758718,0.8464574946751359,0.9944523543587552,0.8106327317206757,0.9926082932029593,0.9926937253225445,0.9944912817880008,0.9743851532361142,0.9990534463531578,0.9199319803792875,0.9199319803792875,0.7834725371781516,-0.1370948303987159,0.9780723481077701,0.15716601466659558,-0.09579853131210499,-0.2516113814233968,0.8146807938252192,0.9089510433337896,0.9136571394117906,0.9263463397000936,0.7806587531380318,0.5529882265851882,0.6361731991844899,0.631376409785552,0.9333942473433072,0.8319660231369524,0.18861515184214905],[0.9951711186528887,0.9951385133102724,0.9951711186528887,1.0,1.0,0.9526664049146366,0.9526664049146366,0.8904596180353684,0.8904596180353684,0.823637964834406,0.99953353764044,0.7859557776585598,0.9908594390924159,0.9878099099934723,0.9994965703694346,0.9569443803393071,0.9947974779125657,0.8961738404002053,0.8961738404002053,0.7587873403949486,-0.1449889537362047,0.9904213022348631,0.18345000791043722,-0.13162154856438663,-0.252300852324205,0.8063810692020997,0.9191265194643313,0.9152547959664263,0.9113201980819274,0.7863963920906893,0.5815434572615459,0.6294703865505462,0.6016210793307563,0.9239249554749469,0.8214752741808852,0.20059816106140263],[0.9951711186528887,0.9951385133102724,0.9951711186528887,1.0,1.0,0.9526664049146366,0.9526664049146366,0.8904596180353684,0.8904596180353684,0.823637964834406,0.99953353764044,0.7859557776585598,0.9908594390924159,0.9878099099934723,0.9994965703694346,0.9569443803393071,0.9947974779125657,0.8961738404002053,0.8961738404002053,0.7587873403949486,-0.1449889537362047,0.9904213022348631,0.18345000791043722,-0.13162154856438663,-0.252300852324205,0.8063810692020997,0.9191265194643313,0.9152547959664263,0.9113201980819274,0.7863963920906893,0.5815434572615459,0.6294703865505462,0.6016210793307563,0.9239249554749469,0.8214752741808852,0.20059816106140263],[0.9659028925301604,0.9653622640607606,0.9659028925301604,0.9526664049146366,0.9526664049146366,1.0,1.0,0.9311414091226803,0.9311414091226803,0.8162993889695174,0.9523072470515109,0.8027479352720125,0.9706079391368783,0.9681185824869312,0.9521442180850875,0.9990928064147296,0.9739891827489403,0.9192530652852707,0.9192530652852707,0.6452655933908163,-0.08520849167582112,0.9378845902584302,0.31551754675707006,-0.2812457170895388,-0.1184392677343554,0.8841467673375955,0.8608801711210897,0.931739741208022,0.9003168878178834,0.7446618593752586,0.7467191761078836,0.7395238142733546,0.7065238855806709,0.8617570076951673,0.8632832409948482,0.4694288137981372],[0.9659028925301604,0.9653622640607606,0.9659028925301604,0.9526664049146366,0.9526664049146366,1.0,1.0,0.9311414091226803,0.9311414091226803,0.8162993889695174,0.9523072470515109,0.8027479352720125,0.9706079391368783,0.9681185824869312,0.9521442180850875,0.9990928064147296,0.9739891827489403,0.9192530652852707,0.9192530652852707,0.6452655933908163,-0.08520849167582112,0.9378845902584302,0.31551754675707006,-0.2812457170895388,-0.1184392677343554,0.8841467673375955,0.8608801711210897,0.931739741208022,0.9003168878178834,0.7446618593752586,0.7467191761078836,0.7395238142733546,0.7065238855806709,0.8617570076951673,0.8632832409948482,0.4694288137981372],[0.905907913758718,0.9068831516819619,0.905907913758718,0.8904596180353684,0.8904596180353684,0.9311414091226803,0.9311414091226803,1.0,1.0,0.762022743415313,0.937708917170869,0.7811161112031533,0.9421490484670816,0.9369147249591537,0.9375655621738576,0.932125803815218,0.94465926403187,0.9714245485123489,0.9714245485123489,0.5873257724263004,0.0354649862839517,0.8519499483454415,0.5484503501087196,-0.3070132702422305,0.01727723804035366,0.7865851611389123,0.7601639905763767,0.874293927993569,0.8526993248787194,0.7574518028290802,0.879388917129368,0.781813213478819,0.716921808602167,0.7932732160040405,0.8503435339140152,0.8028785622282879],[0.905907913758718,0.9068831516819619,0.905907913758718,0.8904596180353684,0.8904596180353684,0.9311414091226803,0.9311414091226803,1.0,1.0,0.762022743415313,0.937708917170869,0.7811161112031533,0.9421490484670816,0.9369147249591537,0.9375655621738576,0.932125803815218,0.94465926403187,0.9714245485123489,0.9714245485123489,0.5873257724263004,0.0354649862839517,0.8519499483454415,0.5484503501087196,-0.3070132702422305,0.01727723804035366,0.7865851611389123,0.7601639905763767,0.874293927993569,0.8526993248787194,0.7574518028290802,0.879388917129368,0.781813213478819,0.716921808602167,0.7932732160040405,0.8503435339140152,0.8028785622282879],[0.8464574946751359,0.8478131657295023,0.8464574946751359,0.823637964834406,0.823637964834406,0.8162993889695174,0.8162993889695174,0.762022743415313,0.762022743415313,1.0,0.7243157163242246,0.9999698550192865,0.6676829597602204,0.5872373087356583,0.7259835943148404,0.8117611062861197,0.7737882304304772,0.8327322508262147,0.8327322508262147,0.7020220328935154,-0.10206697150641358,0.797945473643232,0.04175103328214251,0.046170724793644057,-0.24425218602245477,0.7964314212470719,0.6070322931364147,0.7850274669010519,0.8282827776314658,0.6972630274341182,0.37485721354011703,0.5394446825738007,0.5679267589507014,0.815726148722231,0.6827707275332277,0.17479733783055673],[0.9944523543587552,0.9944457418509922,0.9944523543587552,0.99953353764044,0.99953353764044,0.9523072470515109,0.9523072470515109,0.937708917170869,0.937708917170869,0.7243157163242246,1.0,0.7242506516946942,0.9906241340229411,0.9878929475384293,0.9999264116430934,0.9524839835105235,0.9937059779501186,0.9079035577393383,0.9079035577393383,0.8538177294617719,0.03285092259431968,0.9964236493454929,0.8840732301237069,-0.502386552063313,0.339905335744634,0.8251821222252386,0.8825714493303637,0.9349782599541839,0.9055133218989462,0.809656152825861,0.9125026085875765,0.8689244770065218,0.7805267644236928,0.9022233745571502,0.942360370093221,0.7771272211408667],[0.8106327317206757,0.8107478046058357,0.8106327317206757,0.7859557776585598,0.7859557776585598,0.8027479352720125,0.8027479352720125,0.7811161112031533,0.7811161112031533,0.9999698550192865,0.7242506516946942,1.0,0.6657178259256157,0.5846834247113459,0.724475408884451,0.8039496334439777,0.7724088524123731,0.8296270699668318,0.8296270699668318,0.665975807885392,0.023552038677990876,0.7618710503820177,0.4594639491875499,-0.17896532921673253,-0.2317284025911687,0.8304166199125571,0.5172818717120011,0.7628025740972355,0.8036624785836064,0.7265470097100518,0.6233984966769567,0.7226642909605175,0.6904391971632284,0.7795086618989389,0.6801812351696741,0.6928246957947755],[0.9926082932029593,0.9923347127708294,0.9926082932029593,0.9908594390924159,0.9908594390924159,0.9706079391368783,0.9706079391368783,0.9421490484670816,0.9421490484670816,0.6676829597602204,0.9906241340229411,0.6657178259256157,1.0,0.9997604023942065,0.9906256484658373,0.9690035464700559,0.9904005695895177,0.898627791734261,0.898627791734261,0.8320999102635824,0.0618994488719846,0.988729684648471,0.9045767180079809,-0.6612515542083129,0.4078485639580933,0.797852448388014,0.888761939537832,0.944372819393955,0.8969708245285015,0.7432762718357294,0.9124349613213402,0.8478229694983704,0.7621901538557453,0.8863778255552621,0.9563991054389455,0.8051900346131791],[0.9926937253225445,0.9921836543053904,0.9926937253225445,0.9878099099934723,0.9878099099934723,0.9681185824869312,0.9681185824869312,0.9369147249591537,0.9369147249591537,0.5872373087356583,0.9878929475384293,0.5846834247113459,0.9997604023942065,1.0,0.9880458041929246,0.9657680460514894,0.9894926100377149,0.883502239552024,0.883502239552024,0.853326607171044,-0.06387304046998131,0.9844542965284874,0.9128007244482654,-0.8386107370256969,0.4451175456454685,0.7470175976683535,0.8933855173241743,0.938257400414758,0.8829852769947019,0.6727285033628053,0.9207758907576163,0.8384188484957653,0.7051709495834259,0.9119472129025656,0.9570032525486678,0.7735460361829396],[0.9944912817880008,0.9944924742946255,0.9944912817880008,0.9994965703694346,0.9994965703694346,0.9521442180850875,0.9521442180850875,0.9375655621738576,0.9375655621738576,0.7259835943148404,0.9999264116430934,0.724475408884451,0.9906256484658373,0.9880458041929246,1.0,0.95246594729925,0.9937686476825778,0.9082400756494032,0.9082400756494032,0.8546809716831553,0.03207522321672213,0.996309535401761,0.8836638047681388,-0.49970708723851553,0.3390285534723868,0.8253238536667906,0.8808528033623784,0.9342126540070069,0.9059034695267019,0.8106335089834487,0.9120637973773713,0.8697540678969229,0.7814022969597355,0.9022066741302853,0.9423484985671432,0.7775123253165721],[0.9743851532361142,0.9738131852681947,0.9743851532361142,0.9569443803393071,0.9569443803393071,0.9990928064147296,0.9990928064147296,0.932125803815218,0.932125803815218,0.8117611062861197,0.9524839835105235,0.8039496334439777,0.9690035464700559,0.9657680460514894,0.95246594729925,1.0,0.9752758179441612,0.9189676017835522,0.9189676017835522,0.6935875978504034,-0.06987202913536092,0.9460414112308895,0.6398124244743831,-0.4136215248656454,-0.16714055420849472,0.8954297649294297,0.8575308667716629,0.9276571189863666,0.9074231876910989,0.7815069200987188,0.8556949216086676,0.78660855040841,0.7626945552838857,0.8838380186704511,0.860771894356601,0.7903502634194752],[0.9990534463531578,0.9990547741534417,0.9990534463531578,0.9947974779125657,0.9947974779125657,0.9739891827489403,0.9739891827489403,0.94465926403187,0.94465926403187,0.7737882304304772,0.9937059779501186,0.7724088524123731,0.9904005695895177,0.9894926100377149,0.9937686476825778,0.9752758179441612,1.0,0.9324504540870479,0.9324504540870479,0.8628631206938371,0.0450973009370525,0.9872075286533977,0.8516331915547427,-0.4808461425150889,0.3579062672379731,0.8702212631445111,0.875270970682719,0.9451721245136598,0.9339980350118341,0.831606972834333,0.9009825204116272,0.8993148630668895,0.8211995512724303,0.9159473463073148,0.9513701955575667,0.8339349387283249],[0.9199319803792875,0.9201297062714184,0.9199319803792875,0.8961738404002053,0.8961738404002053,0.9192530652852707,0.9192530652852707,0.9714245485123489,0.9714245485123489,0.8327322508262147,0.9079035577393383,0.8296270699668318,0.898627791734261,0.883502239552024,0.9082400756494032,0.9189676017835522,0.9324504540870479,1.0,1.0,0.7421738016951372,-0.028867934502766538,0.8596165999033393,0.5477964338024871,-0.19356344435050857,-0.20696558130974538,0.8271841656193145,0.7397890321094666,0.8377330630151865,0.9169769322165223,0.8385710893146632,0.8008250501799696,0.7565997700171372,0.7061499293243199,0.8459332479560382,0.7788944431288356,0.8519455680230392],[0.9199319803792875,0.9201297062714184,0.9199319803792875,0.8961738404002053,0.8961738404002053,0.9192530652852707,0.9192530652852707,0.9714245485123489,0.9714245485123489,0.8327322508262147,0.9079035577393383,0.8296270699668318,0.898627791734261,0.883502239552024,0.9082400756494032,0.9189676017835522,0.9324504540870479,1.0,1.0,0.7421738016951372,-0.028867934502766538,0.8596165999033393,0.5477964338024871,-0.19356344435050857,-0.20696558130974538,0.8271841656193145,0.7397890321094666,0.8377330630151865,0.9169769322165223,0.8385710893146632,0.8008250501799696,0.7565997700171372,0.7061499293243199,0.8459332479560382,0.7788944431288356,0.8519455680230392],[0.7834725371781516,0.8021408994340458,0.7834725371781516,0.7587873403949486,0.7587873403949486,0.6452655933908163,0.6452655933908163,0.5873257724263004,0.5873257724263004,0.7020220328935154,0.8538177294617719,0.665975807885392,0.8320999102635824,0.853326607171044,0.8546809716831553,0.6935875978504034,0.8628631206938371,0.7421738016951372,0.7421738016951372,1.0,0.036088501033260105,0.7203553354961097,-0.3699551212412068,0.320520542152128,-0.6569013453008254,0.35339353173047233,0.7149212161636098,0.5106834139595227,0.8362689133826762,0.6946533685615768,0.10836698294204043,0.3096947962419043,0.5662718871558634,0.7834880839308902,0.4790481180832916,-0.15090587972943734],[-0.1370948303987159,0.0742378246523275,-0.1370948303987159,-0.1449889537362047,-0.1449889537362047,-0.08520849167582112,-0.08520849167582112,0.0354649862839517,0.0354649862839517,-0.10206697150641358,0.03285092259431968,0.023552038677990876,0.0618994488719846,-0.06387304046998131,0.03207522321672213,-0.06987202913536092,0.0450973009370525,-0.028867934502766538,-0.028867934502766538,0.036088501033260105,1.0,-0.09241081654763483,0.10821636618412879,0.15361621809183248,0.7490424760826122,-0.09129088437819308,-0.04037991015084188,-0.009902861087788178,0.1630377205158721,0.002092535027303743,0.054617117342347074,0.3349389433595725,0.5689460448277109,-0.11885868146395084,0.10896802402249302,0.1586750630420192],[0.9780723481077701,0.9699076762655671,0.9780723481077701,0.9904213022348631,0.9904213022348631,0.9378845902584302,0.9378845902584302,0.8519499483454415,0.8519499483454415,0.797945473643232,0.9964236493454929,0.7618710503820177,0.988729684648471,0.9844542965284874,0.996309535401761,0.9460414112308895,0.9872075286533977,0.8596165999033393,0.8596165999033393,0.7203553354961097,-0.09241081654763483,1.0,0.09167411597851782,-0.19013829796497284,-0.30336025751696327,0.6691713347055211,0.9178941449051629,0.8986471779529672,0.8548869054056188,0.754541360147219,0.5815618339068407,0.5956122705950134,0.5311568524716417,0.9025406780473731,0.6659424707318513,0.18089733216248435],[0.15716601466659558,-0.046071292904912,0.15716601466659558,0.18345000791043722,0.18345000791043722,0.31551754675707006,0.31551754675707006,0.5484503501087196,0.5484503501087196,0.04175103328214251,0.8840732301237069,0.4594639491875499,0.9045767180079809,0.9128007244482654,0.8836638047681388,0.6398124244743831,0.8516331915547427,0.5477964338024871,0.5477964338024871,-0.3699551212412068,0.10821636618412879,0.09167411597851782,1.0,-0.45679138999626945,0.7212202520999421,0.3791670953508203,0.10183057089499102,0.3111955645049196,-0.09701062054729681,0.07659863552055969,0.5954134403827601,0.4777375934877404,0.19893308501611745,0.0012380987431366503,0.3910709025587626,0.46844654191155366],[-0.09579853131210499,-0.08824771903481059,-0.09579853131210499,-0.13162154856438663,-0.13162154856438663,-0.2812457170895388,-0.2812457170895388,-0.3070132702422305,-0.3070132702422305,0.046170724793644057,-0.502386552063313,-0.17896532921673253,-0.6612515542083129,-0.8386107370256969,-0.49970708723851553,-0.4136215248656454,-0.4808461425150889,-0.19356344435050857,-0.19356344435050857,0.320520542152128,0.15361621809183248,-0.19013829796497284,-0.45679138999626945,1.0,-0.029107366355797824,-0.16270228453493898,-0.1842428389723725,-0.30065569153524674,-0.04217529601223034,-0.07313205012904395,-0.5675736655653189,-0.19968019106772836,-0.023368622868807903,-0.042029063248799174,-0.21696641702457242,-0.40759571465423616],[-0.2516113814233968,-0.2519094104662081,-0.2516113814233968,-0.252300852324205,-0.252300852324205,-0.1184392677343554,-0.1184392677343554,0.01727723804035366,0.01727723804035366,-0.24425218602245477,0.339905335744634,-0.2317284025911687,0.4078485639580933,0.4451175456454685,0.3390285534723868,-0.16714055420849472,0.3579062672379731,-0.20696558130974538,-0.20696558130974538,-0.6569013453008254,0.7490424760826122,-0.30336025751696327,0.7212202520999421,-0.029107366355797824,1.0,-0.10613986391740565,-0.2495611642616849,-0.06537720960435904,-0.3512065157423198,-0.32930004329246154,0.07311118216742941,0.1622356782921661,0.26372030371892347,-0.379602398022139,0.11520386378695485,0.09316879023566565],[0.8146807938252192,0.6472610373600796,0.8146807938252192,0.8063810692020997,0.8063810692020997,0.8841467673375955,0.8841467673375955,0.7865851611389123,0.7865851611389123,0.7964314212470719,0.8251821222252386,0.8304166199125571,0.797852448388014,0.7470175976683535,0.8253238536667906,0.8954297649294297,0.8702212631445111,0.8271841656193145,0.8271841656193145,0.35339353173047233,-0.09129088437819308,0.6691713347055211,0.3791670953508203,-0.16270228453493898,-0.10613986391740565,1.0,0.5483899484860227,0.8389048211322682,0.4950029922260246,0.6274047907211862,0.5474249957364495,0.6575889587055745,0.42510671374868797,0.7044732185147619,0.7036218013470182,0.4171314258846229],[0.9089510433337896,0.9099256459100966,0.9089510433337896,0.9191265194643313,0.9191265194643313,0.8608801711210897,0.8608801711210897,0.7601639905763767,0.7601639905763767,0.6070322931364147,0.8825714493303637,0.5172818717120011,0.888761939537832,0.8933855173241743,0.8808528033623784,0.8575308667716629,0.875270970682719,0.7397890321094666,0.7397890321094666,0.7149212161636098,-0.04037991015084188,0.9178941449051629,0.10183057089499102,-0.1842428389723725,-0.2495611642616849,0.5483899484860227,1.0,0.8005395531922677,0.7885998828202705,0.6691163118593656,0.4832650778594629,0.5039358975719967,0.5235117913570737,0.8441487732561116,0.6237097952393879,0.10180481246820751],[0.9136571394117906,0.8890647219889678,0.9136571394117906,0.9152547959664263,0.9152547959664263,0.931739741208022,0.931739741208022,0.874293927993569,0.874293927993569,0.7850274669010519,0.9349782599541839,0.7628025740972355,0.944372819393955,0.938257400414758,0.9342126540070069,0.9276571189863666,0.9451721245136598,0.8377330630151865,0.8377330630151865,0.5106834139595227,-0.009902861087788178,0.8986471779529672,0.3111955645049196,-0.30065569153524674,-0.06537720960435904,0.8389048211322682,0.8005395531922677,1.0,0.7537045142067381,0.6124293757370887,0.5973508247054424,0.6031320859712682,0.5345445087338169,0.8194329128696222,0.8340455615438563,0.220708476745576],[0.9263463397000936,0.9209523427857834,0.9263463397000936,0.9113201980819274,0.9113201980819274,0.9003168878178834,0.9003168878178834,0.8526993248787194,0.8526993248787194,0.8282827776314658,0.9055133218989462,0.8036624785836064,0.8969708245285015,0.8829852769947019,0.9059034695267019,0.9074231876910989,0.9339980350118341,0.9169769322165223,0.9169769322165223,0.8362689133826762,0.1630377205158721,0.8548869054056188,-0.09701062054729681,-0.04217529601223034,-0.3512065157423198,0.4950029922260246,0.7885998828202705,0.7537045142067381,1.0,0.9067473482375085,0.5469518184609741,0.6888622366245363,0.6668302002033446,0.8795438568028362,0.508949747197218,0.2999980117010787],[0.7806587531380318,0.7914198159435827,0.7806587531380318,0.7863963920906893,0.7863963920906893,0.7446618593752586,0.7446618593752586,0.7574518028290802,0.7574518028290802,0.6972630274341182,0.809656152825861,0.7265470097100518,0.7432762718357294,0.6727285033628053,0.8106335089834487,0.7815069200987188,0.831606972834333,0.8385710893146632,0.8385710893146632,0.6946533685615768,0.002092535027303743,0.754541360147219,0.07659863552055969,-0.07313205012904395,-0.32930004329246154,0.6274047907211862,0.6691163118593656,0.6124293757370887,0.9067473482375085,1.0,0.5811834094401451,0.6709875381349761,0.6104560059787039,0.73255047123182,0.5870730832466063,0.47388449351733175],[0.5529882265851882,0.5446897177593301,0.5529882265851882,0.5815434572615459,0.5815434572615459,0.7467191761078836,0.7467191761078836,0.879388917129368,0.879388917129368,0.37485721354011703,0.9125026085875765,0.6233984966769567,0.9124349613213402,0.9207758907576163,0.9120637973773713,0.8556949216086676,0.9009825204116272,0.8008250501799696,0.8008250501799696,0.10836698294204043,0.054617117342347074,0.5815618339068407,0.5954134403827601,-0.5675736655653189,0.07311118216742941,0.5474249957364495,0.4832650778594629,0.5973508247054424,0.5469518184609741,0.5811834094401451,1.0,0.7461796577476438,0.3839441929626153,0.4989170319303175,0.5818107358235163,0.7591321538580553],[0.6361731991844899,0.6332569094967933,0.6361731991844899,0.6294703865505462,0.6294703865505462,0.7395238142733546,0.7395238142733546,0.781813213478819,0.781813213478819,0.5394446825738007,0.8689244770065218,0.7226642909605175,0.8478229694983704,0.8384188484957653,0.8697540678969229,0.78660855040841,0.8993148630668895,0.7565997700171372,0.7565997700171372,0.3096947962419043,0.3349389433595725,0.5956122705950134,0.4777375934877404,-0.19968019106772836,0.1622356782921661,0.6575889587055745,0.5039358975719967,0.6031320859712682,0.6888622366245363,0.6709875381349761,0.7461796577476438,1.0,0.7788865407177189,0.5001119898955461,0.7306990162891549,0.5500304805971814],[0.631376409785552,0.6571942137276041,0.631376409785552,0.6016210793307563,0.6016210793307563,0.7065238855806709,0.7065238855806709,0.716921808602167,0.716921808602167,0.5679267589507014,0.7805267644236928,0.6904391971632284,0.7621901538557453,0.7051709495834259,0.7814022969597355,0.7626945552838857,0.8211995512724303,0.7061499293243199,0.7061499293243199,0.5662718871558634,0.5689460448277109,0.5311568524716417,0.19893308501611745,-0.023368622868807903,0.26372030371892347,0.42510671374868797,0.5235117913570737,0.5345445087338169,0.6668302002033446,0.6104560059787039,0.3839441929626153,0.7788865407177189,1.0,0.49353350313408056,0.6663341507088901,0.20251957526968156],[0.9333942473433072,0.93107125527702,0.9333942473433072,0.9239249554749469,0.9239249554749469,0.8617570076951673,0.8617570076951673,0.7932732160040405,0.7932732160040405,0.815726148722231,0.9022233745571502,0.7795086618989389,0.8863778255552621,0.9119472129025656,0.9022066741302853,0.8838380186704511,0.9159473463073148,0.8459332479560382,0.8459332479560382,0.7834880839308902,-0.11885868146395084,0.9025406780473731,0.0012380987431366503,-0.042029063248799174,-0.379602398022139,0.7044732185147619,0.8441487732561116,0.8194329128696222,0.8795438568028362,0.73255047123182,0.4989170319303175,0.5001119898955461,0.49353350313408056,1.0,0.7347341906271097,0.17498297134068158],[0.8319660231369524,0.688199862223787,0.8319660231369524,0.8214752741808852,0.8214752741808852,0.8632832409948482,0.8632832409948482,0.8503435339140152,0.8503435339140152,0.6827707275332277,0.942360370093221,0.6801812351696741,0.9563991054389455,0.9570032525486678,0.9423484985671432,0.860771894356601,0.9513701955575667,0.7788944431288356,0.7788944431288356,0.4790481180832916,0.10896802402249302,0.6659424707318513,0.3910709025587626,-0.21696641702457242,0.11520386378695485,0.7036218013470182,0.6237097952393879,0.8340455615438563,0.508949747197218,0.5870730832466063,0.5818107358235163,0.7306990162891549,0.6663341507088901,0.7347341906271097,1.0,0.18366889800387307],[0.18861515184214905,0.18542348052254914,0.18861515184214905,0.20059816106140263,0.20059816106140263,0.4694288137981372,0.4694288137981372,0.8028785622282879,0.8028785622282879,0.17479733783055673,0.7771272211408667,0.6928246957947755,0.8051900346131791,0.7735460361829396,0.7775123253165721,0.7903502634194752,0.8339349387283249,0.8519455680230392,0.8519455680230392,-0.15090587972943734,0.1586750630420192,0.18089733216248435,0.46844654191155366,-0.40759571465423616,0.09316879023566565,0.4171314258846229,0.10180481246820751,0.220708476745576,0.2999980117010787,0.47388449351733175,0.7591321538580553,0.5500304805971814,0.20251957526968156,0.17498297134068158,0.18366889800387307,1.0]],"x":["^TAIEX       \u81fa\u7063\u52a0\u6b0a\u5831\u916c\u6307\u6578","^TWII        \u81fa\u7063\u52a0\u6b0a\u6307\u6578","^TAIEXx2     \u81fa\u7063\u52a0\u6b0a\u5831\u916c\u6307\u6578_\u65e5\u6b632","^TAI50I      \u81fa\u706350\u5831\u916c\u6307\u6578","^TAI50Ix2    \u81fa\u706350\u5831\u916c\u6307\u6578_\u65e5\u6b632","^TAI100I     \u81fa\u7063\u4e2d\u578b100\u5831\u916c\u6307\u6578","^TAI100Ix2   \u81fa\u7063\u4e2d\u578b100\u5831\u916c\u6307\u6578_\u65e5\u6b632","^TAIDIVIDI   \u81fa\u7063\u9ad8\u80a1\u606f\u5831\u916c\u6307\u6578","^TAIDIVIDIx2 \u81fa\u7063\u9ad8\u80a1\u606f\u5831\u916c\u6307\u6578_\u65e5\u6b632","0050Fund     \u5143\u5927\u53f0\u7063\u5353\u8d8a50\u57fa\u91d1","006208Fund   \u5bcc\u90a6\u53f0\u7063\u91c6\u540950\u57fa\u91d1","0050         \u5143\u5927\u81fa\u706350","00631L       \u5143\u5927\u53f0\u706350\u6b632","00675L       \u5bcc\u90a6\u81fa\u7063\u52a0\u6b0a\u6b632","006208       \u5bcc\u90a6\u53f050","0051         \u5143\u5927\u4e2d\u578b100","006204       \u6c38\u8c50\u81fa\u7063\u52a0\u6b0a","0056         \u5143\u5927\u9ad8\u80a1\u606f","0056         \u5143\u5927\u9ad8\u80a1\u606f_\u80a1\u606f\u4e0d\u6295\u5165","2412         \u4e2d\u83ef\u96fb\u4fe1","2002         \u4e2d\u92fc","2330         \u53f0\u7a4d\u96fb","2317         \u9d3b\u6d77","6505         \u53f0\u5851\u77f3\u5316","3481         \u7fa4\u5275","2303         \u806f\u96fb","2308         \u53f0\u9054\u96fb","2454         \u806f\u767c\u79d1","2886         \u5146\u8c50\u91d1","2884         \u7389\u5c71\u91d1","2891         \u4e2d\u4fe1\u91d1","2892         \u7b2c\u4e00\u91d1","5880         \u5408\u5eab\u91d1","2881         \u5bcc\u90a6\u91d1","2885         \u5143\u5927\u91d1","2887         \u53f0\u65b0\u91d1"],"y":["^TAIEX       \u81fa\u7063\u52a0\u6b0a\u5831\u916c\u6307\u6578","^TWII        \u81fa\u7063\u52a0\u6b0a\u6307\u6578","^TAIEXx2     \u81fa\u7063\u52a0\u6b0a\u5831\u916c\u6307\u6578_\u65e5\u6b632","^TAI50I      \u81fa\u706350\u5831\u916c\u6307\u6578","^TAI50Ix2    \u81fa\u706350\u5831\u916c\u6307\u6578_\u65e5\u6b632","^TAI100I     \u81fa\u7063\u4e2d\u578b100\u5831\u916c\u6307\u6578","^TAI100Ix2   \u81fa\u7063\u4e2d\u578b100\u5831\u916c\u6307\u6578_\u65e5\u6b632","^TAIDIVIDI   \u81fa\u7063\u9ad8\u80a1\u606f\u5831\u916c\u6307\u6578","^TAIDIVIDIx2 \u81fa\u7063\u9ad8\u80a1\u606f\u5831\u916c\u6307\u6578_\u65e5\u6b632","0050Fund     \u5143\u5927\u53f0\u7063\u5353\u8d8a50\u57fa\u91d1","006208Fund   \u5bcc\u90a6\u53f0\u7063\u91c6\u540950\u57fa\u91d1","0050         \u5143\u5927\u81fa\u706350","00631L       \u5143\u5927\u53f0\u706350\u6b632","00675L       \u5bcc\u90a6\u81fa\u7063\u52a0\u6b0a\u6b632","006208       \u5bcc\u90a6\u53f050","0051         \u5143\u5927\u4e2d\u578b100","006204       \u6c38\u8c50\u81fa\u7063\u52a0\u6b0a","0056         \u5143\u5927\u9ad8\u80a1\u606f","0056         \u5143\u5927\u9ad8\u80a1\u606f_\u80a1\u606f\u4e0d\u6295\u5165","2412         \u4e2d\u83ef\u96fb\u4fe1","2002         \u4e2d\u92fc","2330         \u53f0\u7a4d\u96fb","2317         \u9d3b\u6d77","6505         \u53f0\u5851\u77f3\u5316","3481         \u7fa4\u5275","2303         \u806f\u96fb","2308         \u53f0\u9054\u96fb","2454         \u806f\u767c\u79d1","2886         \u5146\u8c50\u91d1","2884         \u7389\u5c71\u91d1","2891         \u4e2d\u4fe1\u91d1","2892         \u7b2c\u4e00\u91d1","5880         \u5408\u5eab\u91d1","2881         \u5bcc\u90a6\u91d1","2885         \u5143\u5927\u91d1","2887         \u53f0\u65b0\u91d1"],"zmin":-1,"zmax":1,"colorbar":{"x":-0.2}}],"layout":{"autotypenumbers":"strict","colorway":["#636efa","#EF553B","#00cc96","#ab63fa","#FFA15A","#19d3f3","#FF6692","#B6E880","#FF97FF","#FECB52"],"font":{"color":"#f2f5fa","family":"Courier New"},"hovermode":"closest","hoverlabel":{"align":"left"},"paper_bgcolor":"rgb(17,17,17)","plot_bgcolor":"rgb(17,17,17)","polar":{"bgcolor":"rgb(17,17,17)","angularaxis":{"gridcolor":"#506784","linecolor":"#506784","ticks":""},"radialaxis":{"gridcolor":"#506784","linecolor":"#506784","ticks":""}},"ternary":{"bgcolor":"rgb(17,17,17)","aaxis":{"gridcolor":"#506784","linecolor":"#506784","ticks":""},"baxis":{"gridcolor":"#506784","linecolor":"#506784","ticks":""},"caxis":{"gridcolor":"#506784","linecolor":"#506784","ticks":""}},"coloraxis":{"colorbar":{"outlinewidth":0,"ticks":""}},"colorscale":{"sequential":[[0.0,"#0d0887"],[0.1111111111111111,"#46039f"],[0.2222222222222222,"#7201a8"],[0.3333333333333333,"#9c179e"],[0.4444444444444444,"#bd3786"],[0.5555555555555556,"#d8576b"],[0.6666666666666666,"#ed7953"],[0.7777777777777778,"#fb9f3a"],[0.8888888888888888,"#fdca26"],[1.0,"#f0f921"]],"sequentialminus":[[0.0,"#0d0887"],[0.1111111111111111,"#46039f"],[0.2222222222222222,"#7201a8"],[0.3333333333333333,"#9c179e"],[0.4444444444444444,"#bd3786"],[0.5555555555555556,"#d8576b"],[0.6666666666666666,"#ed7953"],[0.7777777777777778,"#fb9f3a"],[0.8888888888888888,"#fdca26"],[1.0,"#f0f921"]],"diverging":[[0,"#8e0152"],[0.1,"#c51b7d"],[0.2,"#de77ae"],[0.3,"#f1b6da"],[0.4,"#fde0ef"],[0.5,"#f7f7f7"],[0.6,"#e6f5d0"],[0.7,"#b8e186"],[0.8,"#7fbc41"],[0.9,"#4d9221"],[1,"#276419"]]},"xaxis":{"gridcolor":"rgba(0, 0, 0, 0)","linecolor":"#506784","ticks":"","title":{"standoff":15},"zerolinecolor":"#283442","automargin":true,"zerolinewidth":2,"tickfont":{"family":"Courier New","size":14},"side":"top","tickangle":-90},"yaxis":{"gridcolor":"rgba(0, 0, 0, 0)","linecolor":"#506784","ticks":"","title":{"standoff":15},"zerolinecolor":"#283442","automargin":true,"zerolinewidth":2,"tickfont":{"family":"Courier New"},"side":"right"},"scene":{"xaxis":{"backgroundcolor":"rgb(17,17,17)","gridcolor":"#506784","linecolor":"#506784","showbackground":true,"ticks":"","zerolinecolor":"#C8D4E3","gridwidth":2},"yaxis":{"backgroundcolor":"rgb(17,17,17)","gridcolor":"#506784","linecolor":"#506784","showbackground":true,"ticks":"","zerolinecolor":"#C8D4E3","gridwidth":2},"zaxis":{"backgroundcolor":"rgb(17,17,17)","gridcolor":"#506784","linecolor":"#506784","showbackground":true,"ticks":"","zerolinecolor":"#C8D4E3","gridwidth":2}},"shapedefaults":{"line":{"color":"#f2f5fa"}},"annotationdefaults":{"arrowcolor":"#f2f5fa","arrowhead":0,"arrowwidth":1},"geo":{"bgcolor":"rgb(17,17,17)","landcolor":"rgb(17,17,17)","subunitcolor":"#506784","showland":true,"showlakes":true,"lakecolor":"rgb(17,17,17)"},"title":{"x":0.05,"font":{"family":"Times New Roman"},"y":0.05,"text":"<b>Correlation of Close<b><br><i>2016-09-23 ~ 2025-11-28<i>"},"updatemenudefaults":{"bgcolor":"#506784","borderwidth":0},"sliderdefaults":{"bgcolor":"#C8D4E3","borderwidth":1,"bordercolor":"rgb(17,17,17)","tickwidth":0},"mapbox":{"style":"dark"},"annotations":[{"text":"<b>@zwindr<b>","textangle":0,"opacity":0.5,"font":{"color":"white","size":12},"xref":"paper","yref":"paper","xanchor":"left","yanchor":"bottom","x":1.0,"y":1.0,"showarrow":false}]},"config":{"responsive":true,"toImageButtonOptions":{"filename":"Correlation of Close_2016-09-23~2025-11-28","scale":5}}};Plotly.newPlot("correlationClose",correlationClose.data,correlationClose.layout||{},correlationClose.config);}else{console.log("style display is none => correlationClose");}