var element=document.getElementById("correlationClose");if(element.style.display!='none'){var correlationClose={"data":[{"type":"heatmap","z":[[1.0,0.9999999999999983,1.0,0.9954770031749378,0.9954770031749378,0.9635881431261615,0.9635881431261615,0.9013305210676763,0.9013305210676763,0.8454177247356237,0.994828224312622,0.8758091304755554,0.9929651082316426,0.9927258485226841,0.9948657513884356,0.9731558087701581,0.9989546333573235,0.9241801280452616,0.9241801280452616,0.7855514077255732,-0.10522682837147125,0.9775275530856892,0.10048299418636056,-0.05259020281361472,-0.2527110745350646,0.8195719957857139,0.9330213209382632,0.9107537309137506,0.92893163096333,0.7784160418847076,0.5148994584077147,0.6251468892219383,0.6379065707095356,0.9311622303941391,0.8210270795295002,0.17273282073309343],[0.9999999999999983,1.0,0.9999999999999986,0.9954342829190312,0.9954342829190312,0.9629831989329231,0.9629831989329231,0.9024529257775882,0.9024529257775882,0.8462046585174159,0.9948129130132747,0.876992352713631,0.9926990072714904,0.9921721976461327,0.9948482213500737,0.9724562172143553,0.998955042603936,0.9246389679339871,0.9246389679339871,0.8050847082776064,0.10475509540813908,0.9688701514474322,-0.08021655995721569,-0.04399424780585814,-0.2529799464679234,0.6471279267725067,0.9340917301652316,0.8841072457544954,0.9233564066810741,0.7900978078957555,0.5055008883731257,0.6218359980404777,0.6646973300874972,0.9283873002507228,0.6717366248573151,0.1691725828486095],[1.0,0.9999999999999986,1.0,0.9954770031749378,0.9954770031749378,0.9635881431261615,0.9635881431261615,0.9013305210676763,0.9013305210676763,0.8454177247356237,0.994828224312622,0.8758091304755554,0.9929651082316426,0.9927258485226841,0.9948657513884356,0.9731558087701581,0.9989546333573235,0.9241801280452616,0.9241801280452616,0.7855514077255732,-0.10522682837147125,0.9775275530856892,0.10048299418636056,-0.05259020281361472,-0.2527110745350646,0.8195719957857139,0.9330213209382632,0.9107537309137506,0.92893163096333,0.7784160418847076,0.5148994584077147,0.6251468892219383,0.6379065707095356,0.9311622303941391,0.8210270795295002,0.17273282073309343],[0.9954770031749378,0.9954342829190312,0.9954770031749378,1.0,1.0,0.9507735592140187,0.9507735592140187,0.887001030952042,0.887001030952042,0.8277731829358966,0.9994934848349987,0.8622140734352747,0.9893245562577239,0.9855150768899371,0.9994486854413343,0.9560115912262869,0.9949326562166321,0.9036351609196014,0.9036351609196014,0.7639021758674138,-0.1117579375821202,0.9894358034184748,0.12262354211841812,-0.08620227276708005,-0.25525225027957515,0.8163891350641551,0.9324895140744022,0.9156042441888109,0.9173163137757562,0.7885755132270237,0.5427144829907864,0.6197934548967626,0.6109809892004091,0.9238011207308021,0.8110979539045614,0.18451150580390294],[0.9954770031749378,0.9954342829190312,0.9954770031749378,1.0,1.0,0.9507735592140187,0.9507735592140187,0.887001030952042,0.887001030952042,0.8277731829358966,0.9994934848349987,0.8622140734352747,0.9893245562577239,0.9855150768899371,0.9994486854413343,0.9560115912262869,0.9949326562166321,0.9036351609196014,0.9036351609196014,0.7639021758674138,-0.1117579375821202,0.9894358034184748,0.12262354211841812,-0.08620227276708005,-0.25525225027957515,0.8163891350641551,0.9324895140744022,0.9156042441888109,0.9173163137757562,0.7885755132270237,0.5427144829907864,0.6197934548967626,0.6109809892004091,0.9238011207308021,0.8110979539045614,0.18451150580390294],[0.9635881431261615,0.9629831989329231,0.9635881431261615,0.9507735592140187,0.9507735592140187,1.0,1.0,0.9271060956555012,0.9271060956555012,0.830342453027798,0.9526778558617692,0.8522743439008019,0.9754812985669867,0.9738567926675982,0.9524792815436263,0.9990405788629065,0.9731816954304169,0.9194345274378198,0.9194345274378198,0.6364617995305389,-0.05120457059093725,0.9357178003588205,0.27367391114814665,-0.2484249632592305,-0.11239150615511423,0.8894001541534378,0.8906755958863317,0.929032806868613,0.8986582307814586,0.7386451082182547,0.7253195242243147,0.7328893324279224,0.7126467468488975,0.853371765782959,0.8539479798517227,0.45990316210768867],[0.9635881431261615,0.9629831989329231,0.9635881431261615,0.9507735592140187,0.9507735592140187,1.0,1.0,0.9271060956555012,0.9271060956555012,0.830342453027798,0.9526778558617692,0.8522743439008019,0.9754812985669867,0.9738567926675982,0.9524792815436263,0.9990405788629065,0.9731816954304169,0.9194345274378198,0.9194345274378198,0.6364617995305389,-0.05120457059093725,0.9357178003588205,0.27367391114814665,-0.2484249632592305,-0.11239150615511423,0.8894001541534378,0.8906755958863317,0.929032806868613,0.8986582307814586,0.7386451082182547,0.7253195242243147,0.7328893324279224,0.7126467468488975,0.853371765782959,0.8539479798517227,0.45990316210768867],[0.9013305210676763,0.9024529257775882,0.9013305210676763,0.887001030952042,0.887001030952042,0.9271060956555012,0.9271060956555012,1.0,1.0,0.8160617488377246,0.9390422556439683,0.822785760103045,0.9469941743967407,0.9421005904229666,0.9388730307750865,0.9280289858909454,0.9426091849598653,0.9721241524579145,0.9721241524579145,0.5744103151112087,0.06953437413263897,0.8459983167978092,0.5190839507655766,-0.27285228005091516,0.02673032221346173,0.7849127994353383,0.7857331412171611,0.8676215113288541,0.8472896755024254,0.7505171658679698,0.8724831136158152,0.7754287388149619,0.7194855887891799,0.7811522246464099,0.841321161238651,0.7979779440237638],[0.9013305210676763,0.9024529257775882,0.9013305210676763,0.887001030952042,0.887001030952042,0.9271060956555012,0.9271060956555012,1.0,1.0,0.8160617488377246,0.9390422556439683,0.822785760103045,0.9469941743967407,0.9421005904229666,0.9388730307750865,0.9280289858909454,0.9426091849598653,0.9721241524579145,0.9721241524579145,0.5744103151112087,0.06953437413263897,0.8459983167978092,0.5190839507655766,-0.27285228005091516,0.02673032221346173,0.7849127994353383,0.7857331412171611,0.8676215113288541,0.8472896755024254,0.7505171658679698,0.8724831136158152,0.7754287388149619,0.7194855887891799,0.7811522246464099,0.841321161238651,0.7979779440237638],[0.8454177247356237,0.8462046585174159,0.8454177247356237,0.8277731829358966,0.8277731829358966,0.830342453027798,0.830342453027798,0.8160617488377246,0.8160617488377246,1.0,0.8199845243928431,0.9999758091169508,0.7863991572851808,0.7297322003190861,0.8218788454374844,0.8325928070616033,0.8409968692584159,0.8546556945979945,0.8546556945979945,0.7157508632805153,0.24590866151999657,0.8139776891484848,0.6645944719965451,-0.2675063903158251,0.3923515351355301,0.8346116375398275,0.6120636927186668,0.8077906999501144,0.8019186917870443,0.6917604290697712,0.6670094786232699,0.7670440389586687,0.7681472317092555,0.77680376545643,0.8168617213770186,0.7502019790590653],[0.994828224312622,0.9948129130132747,0.994828224312622,0.9994934848349987,0.9994934848349987,0.9526778558617692,0.9526778558617692,0.9390422556439683,0.9390422556439683,0.8199845243928431,1.0,0.8197473444252596,0.989020992872721,0.9856289508446351,0.999917412465388,0.9529573288300589,0.993932921441247,0.918794138425912,0.918794138425912,0.8517977281569369,0.10663862747772639,0.9959866850683659,0.8647452082299304,-0.46698320811040445,0.3544540488887532,0.8480563375173272,0.8977720452903547,0.9432814669306502,0.9132332296111443,0.8141080124106743,0.9017340672337475,0.8748703304903522,0.8036972349781561,0.8996920985830905,0.943650154329897,0.7726429519193571],[0.8758091304755554,0.876992352713631,0.8758091304755554,0.8622140734352747,0.8622140734352747,0.8522743439008019,0.8522743439008019,0.822785760103045,0.822785760103045,0.9999758091169508,0.8197473444252596,1.0,0.7838545439344378,0.726446147759753,0.819750937301458,0.8532475951311499,0.8479625386987903,0.8565809132844899,0.8565809132844899,0.6865341592643797,0.012869345973359522,0.8479824937366351,0.5320105666477692,-0.19674553190628533,-0.23421602101168237,0.8471373321380953,0.690924041082681,0.7984062172211327,0.8326854890470922,0.7487565841808025,0.6823790914519507,0.7501755333406812,0.7022949343628659,0.8218204534851692,0.7222659426542781,0.7172071512039033],[0.9929651082316426,0.9926990072714904,0.9929651082316426,0.9893245562577239,0.9893245562577239,0.9754812985669867,0.9754812985669867,0.9469941743967407,0.9469941743967407,0.7863991572851808,0.989020992872721,0.7838545439344378,1.0,0.9997177141462965,0.9890080810211255,0.9737462208434082,0.990448270850184,0.9138704547434674,0.9138704547434674,0.8243429694473288,0.14408725778657744,0.986723269742511,0.8864545821355819,-0.639773077316811,0.42993990978875324,0.8274011675928106,0.9037637191038957,0.958488938503541,0.9080102850671306,0.7440181299903426,0.9017364661125705,0.8560692622474747,0.7934010432749212,0.8824625308693851,0.9625689995675033,0.8058652382562035],[0.9927258485226841,0.9921721976461327,0.9927258485226841,0.9855150768899371,0.9855150768899371,0.9738567926675982,0.9738567926675982,0.9421005904229666,0.9421005904229666,0.7297322003190861,0.9856289508446351,0.726446147759753,0.9997177141462965,1.0,0.9857908719477083,0.971150079014909,0.9890193592682052,0.9002843290521673,0.9002843290521673,0.8438310185650028,0.0207919130631084,0.9814908565820771,0.8950883195861223,-0.835638251246572,0.47357000691859713,0.7810622347624756,0.90757104840701,0.955825554058838,0.8950039524412183,0.6678521766190041,0.9115808143079579,0.8451893861696413,0.7419478659719452,0.9126738563595552,0.9645148474889403,0.7725528922380347],[0.9948657513884356,0.9948482213500737,0.9948657513884356,0.9994486854413343,0.9994486854413343,0.9524792815436263,0.9524792815436263,0.9388730307750865,0.9388730307750865,0.8218788454374844,0.999917412465388,0.819750937301458,0.9890080810211255,0.9857908719477083,1.0,0.9528669376683876,0.9939803583045428,0.9192230200736234,0.9192230200736234,0.8527358628353396,0.10743268238495511,0.9958475739099203,0.8638020377349468,-0.46339415683207535,0.3538349367363423,0.8485398224978348,0.8956713962535122,0.9423556837962117,0.9137953860950032,0.8152818413302273,0.9009429302321633,0.8760154233579452,0.8050832971107745,0.8995117355587212,0.9435430538343542,0.7730169883956808],[0.9731558087701581,0.9724562172143553,0.9731558087701581,0.9560115912262869,0.9560115912262869,0.9990405788629065,0.9990405788629065,0.9280289858909454,0.9280289858909454,0.8325928070616033,0.9529573288300589,0.8532475951311499,0.9737462208434082,0.971150079014909,0.9528669376683876,1.0,0.9746462430671842,0.9191711423410797,0.9191711423410797,0.6850334079835045,-0.0329640893128415,0.9454862061888835,0.6033119490246943,-0.3806834928598886,-0.16393730981258295,0.9016838348791985,0.8950724184095877,0.9245463267228484,0.9064250557482435,0.7771982525128281,0.8431633789009056,0.7814667476985412,0.7697827041753262,0.8762948204708488,0.8510514346134015,0.7851332129277052],[0.9989546333573235,0.998955042603936,0.9989546333573235,0.9949326562166321,0.9949326562166321,0.9731816954304169,0.9731816954304169,0.9426091849598653,0.9426091849598653,0.8409968692584159,0.993932921441247,0.8479625386987903,0.990448270850184,0.9890193592682052,0.9939803583045428,0.9746462430671842,1.0,0.9381387920283781,0.9381387920283781,0.8576711395015799,0.11166278301561966,0.9872852086361859,0.8335631757247198,-0.44497341887546626,0.36911804741726545,0.8861432669190188,0.9040935866356482,0.9478240443449913,0.9380768505931912,0.8328271636308455,0.8890068430977112,0.9016421992133414,0.8374087216150776,0.911677348244643,0.9493317486192763,0.8304061097154382],[0.9241801280452616,0.9246389679339871,0.9241801280452616,0.9036351609196014,0.9036351609196014,0.9194345274378198,0.9194345274378198,0.9721241524579145,0.9721241524579145,0.8546556945979945,0.918794138425912,0.8565809132844899,0.9138704547434674,0.9002843290521673,0.9192230200736234,0.9191711423410797,0.9381387920283781,1.0,1.0,0.7349149546247311,-0.0034486254182737913,0.8673145851869255,0.5263052072617935,-0.16254643242571554,-0.20424091735441166,0.8242930678582144,0.7945292086593266,0.8317053542338378,0.914115028121823,0.8340378125353493,0.7968370098506661,0.7491139653528518,0.7040262261336657,0.8406517532128731,0.7705659742650992,0.8474735940942291],[0.9241801280452616,0.9246389679339871,0.9241801280452616,0.9036351609196014,0.9036351609196014,0.9194345274378198,0.9194345274378198,0.9721241524579145,0.9721241524579145,0.8546556945979945,0.918794138425912,0.8565809132844899,0.9138704547434674,0.9002843290521673,0.9192230200736234,0.9191711423410797,0.9381387920283781,1.0,1.0,0.7349149546247311,-0.0034486254182737913,0.8673145851869255,0.5263052072617935,-0.16254643242571554,-0.20424091735441166,0.8242930678582144,0.7945292086593266,0.8317053542338378,0.914115028121823,0.8340378125353493,0.7968370098506661,0.7491139653528518,0.7040262261336657,0.8406517532128731,0.7705659742650992,0.8474735940942291],[0.7855514077255732,0.8050847082776064,0.7855514077255732,0.7639021758674138,0.7639021758674138,0.6364617995305389,0.6364617995305389,0.5744103151112087,0.5744103151112087,0.7157508632805153,0.8517977281569369,0.6865341592643797,0.8243429694473288,0.8438310185650028,0.8527358628353396,0.6850334079835045,0.8576711395015799,0.7349149546247311,0.7349149546247311,1.0,0.048979934610873986,0.7264429974537874,-0.40830293906604403,0.3497315197474107,-0.659208299897537,0.3422236085736432,0.7698363706500735,0.49758191058633383,0.8330904395268602,0.6882000186519595,0.07538307082195032,0.29418008170988225,0.5619496550997142,0.7802776884709454,0.46451322505219755,-0.16392864360146092],[-0.10522682837147125,0.10475509540813908,-0.10522682837147125,-0.1117579375821202,-0.1117579375821202,-0.05120457059093725,-0.05120457059093725,0.06953437413263897,0.06953437413263897,0.24590866151999657,0.10663862747772639,0.012869345973359522,0.14408725778657744,0.0207919130631084,0.10743268238495511,-0.0329640893128415,0.11166278301561966,-0.0034486254182737913,-0.0034486254182737913,0.048979934610873986,1.0,-0.06663936764074707,0.12579653708393723,0.1362086041350392,0.7512831544167267,-0.08278041197105238,0.006261646674558211,0.01213323335478833,0.18193902848310917,0.019427333304475557,0.08854861247762791,0.36229138700208197,0.5798993634406553,-0.09745257460392084,0.12897355488931325,0.16900047477548277],[0.9775275530856892,0.9688701514474322,0.9775275530856892,0.9894358034184748,0.9894358034184748,0.9357178003588205,0.9357178003588205,0.8459983167978092,0.8459983167978092,0.8139776891484848,0.9959866850683659,0.8479824937366351,0.986723269742511,0.9814908565820771,0.9958475739099203,0.9454862061888835,0.9872852086361859,0.8673145851869255,0.8673145851869255,0.7264429974537874,-0.06663936764074707,1.0,0.03011397512863846,-0.14682650351049434,-0.31133228803530183,0.6788828115932515,0.9218776875609918,0.8999690508072062,0.8608037822500781,0.7577060548000903,0.5404048547485709,0.5846133049658075,0.5395470732644048,0.902596811480904,0.6499138025314724,0.16340463354594403],[0.10048299418636056,-0.08021655995721569,0.10048299418636056,0.12262354211841812,0.12262354211841812,0.27367391114814665,0.27367391114814665,0.5190839507655766,0.5190839507655766,0.6645944719965451,0.8647452082299304,0.5320105666477692,0.8864545821355819,0.8950883195861223,0.8638020377349468,0.6033119490246943,0.8335631757247198,0.5263052072617935,0.5263052072617935,-0.40830293906604403,0.12579653708393723,0.03011397512863846,1.0,-0.43993531698945626,0.7547109248217034,0.36776385580247256,0.006902184034674175,0.27832337834131066,-0.13334330533916655,0.04572387348046397,0.5727557091474373,0.4605114480016592,0.18809566700512648,-0.04920365478007588,0.3688971679248105,0.4634732565219477],[-0.05259020281361472,-0.04399424780585814,-0.05259020281361472,-0.08620227276708005,-0.08620227276708005,-0.2484249632592305,-0.2484249632592305,-0.27285228005091516,-0.27285228005091516,-0.2675063903158251,-0.46698320811040445,-0.19674553190628533,-0.639773077316811,-0.835638251246572,-0.46339415683207535,-0.3806834928598886,-0.44497341887546626,-0.16254643242571554,-0.16254643242571554,0.3497315197474107,0.1362086041350392,-0.14682650351049434,-0.43993531698945626,1.0,-0.03733349108054367,-0.14562723312175066,-0.12120280714561318,-0.2767218240416506,-0.013520330096468898,-0.04965483634448213,-0.5535732849333543,-0.17970424920083752,-0.010557945294606021,-0.0071150017424949814,-0.18785081373111698,-0.40111833954195014],[-0.2527110745350646,-0.2529799464679234,-0.2527110745350646,-0.25525225027957515,-0.25525225027957515,-0.11239150615511423,-0.11239150615511423,0.02673032221346173,0.02673032221346173,0.3923515351355301,0.3544540488887532,-0.23421602101168237,0.42993990978875324,0.47357000691859713,0.3538349367363423,-0.16393730981258295,0.36911804741726545,-0.20424091735441166,-0.20424091735441166,-0.659208299897537,0.7512831544167267,-0.31133228803530183,0.7547109248217034,-0.03733349108054367,1.0,-0.1021245324031852,-0.28001842393553955,-0.05846968590687388,-0.3506006864630905,-0.3278281056914249,0.08929044914892413,0.17088923607809817,0.2682855927242423,-0.38172134554863046,0.12871321176104475,0.1004548614943535],[0.8195719957857139,0.6471279267725067,0.8195719957857139,0.8163891350641551,0.8163891350641551,0.8894001541534378,0.8894001541534378,0.7849127994353383,0.7849127994353383,0.8346116375398275,0.8480563375173272,0.8471373321380953,0.8274011675928106,0.7810622347624756,0.8485398224978348,0.9016838348791985,0.8861432669190188,0.8242930678582144,0.8242930678582144,0.3422236085736432,-0.08278041197105238,0.6788828115932515,0.36776385580247256,-0.14562723312175066,-0.1021245324031852,1.0,0.5847762684557564,0.8382384695391218,0.48608736106851363,0.6200492166653871,0.5362639339194049,0.6505522257289905,0.42008111629137107,0.6993200495929411,0.6999614031258198,0.4115335593333935],[0.9330213209382632,0.9340917301652316,0.9330213209382632,0.9324895140744022,0.9324895140744022,0.8906755958863317,0.8906755958863317,0.7857331412171611,0.7857331412171611,0.6120636927186668,0.8977720452903547,0.690924041082681,0.9037637191038957,0.90757104840701,0.8956713962535122,0.8950724184095877,0.9040935866356482,0.7945292086593266,0.7945292086593266,0.7698363706500735,0.006261646674558211,0.9218776875609918,0.006902184034674175,-0.12120280714561318,-0.28001842393553955,0.5847762684557564,1.0,0.8295022176046102,0.8350656709774442,0.7043730434736288,0.4192837711305598,0.505091506423598,0.5716877345995249,0.8799203370726825,0.6260397355590371,0.0693584873624134],[0.9107537309137506,0.8841072457544954,0.9107537309137506,0.9156042441888109,0.9156042441888109,0.929032806868613,0.929032806868613,0.8676215113288541,0.8676215113288541,0.8077906999501144,0.9432814669306502,0.7984062172211327,0.958488938503541,0.955825554058838,0.9423556837962117,0.9245463267228484,0.9478240443449913,0.8317053542338378,0.8317053542338378,0.49758191058633383,0.01213323335478833,0.8999690508072062,0.27832337834131066,-0.2767218240416506,-0.05846968590687388,0.8382384695391218,0.8295022176046102,1.0,0.7438840517283184,0.599786070447712,0.5725538252022899,0.5898870718568774,0.5310852215695453,0.8098376297294788,0.8252239931977603,0.2087431513363958],[0.92893163096333,0.9233564066810741,0.92893163096333,0.9173163137757562,0.9173163137757562,0.8986582307814586,0.8986582307814586,0.8472896755024254,0.8472896755024254,0.8019186917870443,0.9132332296111443,0.8326854890470922,0.9080102850671306,0.8950039524412183,0.9137953860950032,0.9064250557482435,0.9380768505931912,0.914115028121823,0.914115028121823,0.8330904395268602,0.18193902848310917,0.8608037822500781,-0.13334330533916655,-0.013520330096468898,-0.3506006864630905,0.48608736106851363,0.8350656709774442,0.7438840517283184,1.0,0.9043580912377689,0.5252318983427355,0.679539951858973,0.665213290171774,0.8752923076213867,0.4907756032664873,0.2910919885686743],[0.7784160418847076,0.7900978078957555,0.7784160418847076,0.7885755132270237,0.7885755132270237,0.7386451082182547,0.7386451082182547,0.7505171658679698,0.7505171658679698,0.6917604290697712,0.8141080124106743,0.7487565841808025,0.7440181299903426,0.6678521766190041,0.8152818413302273,0.7771982525128281,0.8328271636308455,0.8340378125353493,0.8340378125353493,0.6882000186519595,0.019427333304475557,0.7577060548000903,0.04572387348046397,-0.04965483634448213,-0.3278281056914249,0.6200492166653871,0.7043730434736288,0.599786070447712,0.9043580912377689,1.0,0.5665188763822087,0.6623364112421107,0.6069647088069454,0.7248693471901251,0.5732746079589178,0.46868954953323133],[0.5148994584077147,0.5055008883731257,0.5148994584077147,0.5427144829907864,0.5427144829907864,0.7253195242243147,0.7253195242243147,0.8724831136158152,0.8724831136158152,0.6670094786232699,0.9017340672337475,0.6823790914519507,0.9017364661125705,0.9115808143079579,0.9009429302321633,0.8431633789009056,0.8890068430977112,0.7968370098506661,0.7968370098506661,0.07538307082195032,0.08854861247762791,0.5404048547485709,0.5727557091474373,-0.5535732849333543,0.08929044914892413,0.5362639339194049,0.4192837711305598,0.5725538252022899,0.5252318983427355,0.5665188763822087,1.0,0.7396757685374634,0.3764072352372549,0.46645062379918906,0.5541377437847707,0.7678925178411689],[0.6251468892219383,0.6218359980404777,0.6251468892219383,0.6197934548967626,0.6197934548967626,0.7328893324279224,0.7328893324279224,0.7754287388149619,0.7754287388149619,0.7670440389586687,0.8748703304903522,0.7501755333406812,0.8560692622474747,0.8451893861696413,0.8760154233579452,0.7814667476985412,0.9016421992133414,0.7491139653528518,0.7491139653528518,0.29418008170988225,0.36229138700208197,0.5846133049658075,0.4605114480016592,-0.17970424920083752,0.17088923607809817,0.6505522257289905,0.505091506423598,0.5898870718568774,0.679539951858973,0.6623364112421107,0.7396757685374634,1.0,0.7781358929785168,0.4824960764232625,0.7227082247121879,0.546017828811205],[0.6379065707095356,0.6646973300874972,0.6379065707095356,0.6109809892004091,0.6109809892004091,0.7126467468488975,0.7126467468488975,0.7194855887891799,0.7194855887891799,0.7681472317092555,0.8036972349781561,0.7022949343628659,0.7934010432749212,0.7419478659719452,0.8050832971107745,0.7697827041753262,0.8374087216150776,0.7040262261336657,0.7040262261336657,0.5619496550997142,0.5798993634406553,0.5395470732644048,0.18809566700512648,-0.010557945294606021,0.2682855927242423,0.42008111629137107,0.5716877345995249,0.5310852215695453,0.665213290171774,0.6069647088069454,0.3764072352372549,0.7781358929785168,1.0,0.48903919242689775,0.6656240600152303,0.19711220661510354],[0.9311622303941391,0.9283873002507228,0.9311622303941391,0.9238011207308021,0.9238011207308021,0.853371765782959,0.853371765782959,0.7811522246464099,0.7811522246464099,0.77680376545643,0.8996920985830905,0.8218204534851692,0.8824625308693851,0.9126738563595552,0.8995117355587212,0.8762948204708488,0.911677348244643,0.8406517532128731,0.8406517532128731,0.7802776884709454,-0.09745257460392084,0.902596811480904,-0.04920365478007588,-0.0071150017424949814,-0.38172134554863046,0.6993200495929411,0.8799203370726825,0.8098376297294788,0.8752923076213867,0.7248693471901251,0.46645062379918906,0.4824960764232625,0.48903919242689775,1.0,0.7195263945485086,0.16129408243041213],[0.8210270795295002,0.6717366248573151,0.8210270795295002,0.8110979539045614,0.8110979539045614,0.8539479798517227,0.8539479798517227,0.841321161238651,0.841321161238651,0.8168617213770186,0.943650154329897,0.7222659426542781,0.9625689995675033,0.9645148474889403,0.9435430538343542,0.8510514346134015,0.9493317486192763,0.7705659742650992,0.7705659742650992,0.46451322505219755,0.12897355488931325,0.6499138025314724,0.3688971679248105,-0.18785081373111698,0.12871321176104475,0.6999614031258198,0.6260397355590371,0.8252239931977603,0.4907756032664873,0.5732746079589178,0.5541377437847707,0.7227082247121879,0.6656240600152303,0.7195263945485086,1.0,0.17015416172628003],[0.17273282073309343,0.1691725828486095,0.17273282073309343,0.18451150580390294,0.18451150580390294,0.45990316210768867,0.45990316210768867,0.7979779440237638,0.7979779440237638,0.7502019790590653,0.7726429519193571,0.7172071512039033,0.8058652382562035,0.7725528922380347,0.7730169883956808,0.7851332129277052,0.8304061097154382,0.8474735940942291,0.8474735940942291,-0.16392864360146092,0.16900047477548277,0.16340463354594403,0.4634732565219477,-0.40111833954195014,0.1004548614943535,0.4115335593333935,0.0693584873624134,0.2087431513363958,0.2910919885686743,0.46868954953323133,0.7678925178411689,0.546017828811205,0.19711220661510354,0.16129408243041213,0.17015416172628003,1.0]],"x":["^TAIEX       \u81fa\u7063\u52a0\u6b0a\u5831\u916c\u6307\u6578","^TWII        \u81fa\u7063\u52a0\u6b0a\u6307\u6578","^TAIEXx2     \u81fa\u7063\u52a0\u6b0a\u5831\u916c\u6307\u6578_\u65e5\u6b632","^TAI50I      \u81fa\u706350\u5831\u916c\u6307\u6578","^TAI50Ix2    \u81fa\u706350\u5831\u916c\u6307\u6578_\u65e5\u6b632","^TAI100I     \u81fa\u7063\u4e2d\u578b100\u5831\u916c\u6307\u6578","^TAI100Ix2   \u81fa\u7063\u4e2d\u578b100\u5831\u916c\u6307\u6578_\u65e5\u6b632","^TAIDIVIDI   \u81fa\u7063\u9ad8\u80a1\u606f\u5831\u916c\u6307\u6578","^TAIDIVIDIx2 \u81fa\u7063\u9ad8\u80a1\u606f\u5831\u916c\u6307\u6578_\u65e5\u6b632","0050Fund     \u5143\u5927\u53f0\u7063\u5353\u8d8a50\u57fa\u91d1","006208Fund   \u5bcc\u90a6\u53f0\u7063\u91c6\u540950\u57fa\u91d1","0050         \u5143\u5927\u81fa\u706350","00631L       \u5143\u5927\u53f0\u706350\u6b632","00675L       \u5bcc\u90a6\u81fa\u7063\u52a0\u6b0a\u6b632","006208       \u5bcc\u90a6\u53f050","0051         \u5143\u5927\u4e2d\u578b100","006204       \u6c38\u8c50\u81fa\u7063\u52a0\u6b0a","0056         \u5143\u5927\u9ad8\u80a1\u606f","0056         \u5143\u5927\u9ad8\u80a1\u606f_\u80a1\u606f\u4e0d\u6295\u5165","2412         \u4e2d\u83ef\u96fb\u4fe1","2002         \u4e2d\u92fc","2330         \u53f0\u7a4d\u96fb","2317         \u9d3b\u6d77","6505         \u53f0\u5851\u77f3\u5316","3481         \u7fa4\u5275","2303         \u806f\u96fb","2308         \u53f0\u9054\u96fb","2454         \u806f\u767c\u79d1","2886         \u5146\u8c50\u91d1","2884         \u7389\u5c71\u91d1","2891         \u4e2d\u4fe1\u91d1","2892         \u7b2c\u4e00\u91d1","5880         \u5408\u5eab\u91d1","2881         \u5bcc\u90a6\u91d1","2885         \u5143\u5927\u91d1","2887         \u53f0\u65b0\u91d1"],"y":["^TAIEX       \u81fa\u7063\u52a0\u6b0a\u5831\u916c\u6307\u6578","^TWII        \u81fa\u7063\u52a0\u6b0a\u6307\u6578","^TAIEXx2     \u81fa\u7063\u52a0\u6b0a\u5831\u916c\u6307\u6578_\u65e5\u6b632","^TAI50I      \u81fa\u706350\u5831\u916c\u6307\u6578","^TAI50Ix2    \u81fa\u706350\u5831\u916c\u6307\u6578_\u65e5\u6b632","^TAI100I     \u81fa\u7063\u4e2d\u578b100\u5831\u916c\u6307\u6578","^TAI100Ix2   \u81fa\u7063\u4e2d\u578b100\u5831\u916c\u6307\u6578_\u65e5\u6b632","^TAIDIVIDI   \u81fa\u7063\u9ad8\u80a1\u606f\u5831\u916c\u6307\u6578","^TAIDIVIDIx2 \u81fa\u7063\u9ad8\u80a1\u606f\u5831\u916c\u6307\u6578_\u65e5\u6b632","0050Fund     \u5143\u5927\u53f0\u7063\u5353\u8d8a50\u57fa\u91d1","006208Fund   \u5bcc\u90a6\u53f0\u7063\u91c6\u540950\u57fa\u91d1","0050         \u5143\u5927\u81fa\u706350","00631L       \u5143\u5927\u53f0\u706350\u6b632","00675L       \u5bcc\u90a6\u81fa\u7063\u52a0\u6b0a\u6b632","006208       \u5bcc\u90a6\u53f050","0051         \u5143\u5927\u4e2d\u578b100","006204       \u6c38\u8c50\u81fa\u7063\u52a0\u6b0a","0056         \u5143\u5927\u9ad8\u80a1\u606f","0056         \u5143\u5927\u9ad8\u80a1\u606f_\u80a1\u606f\u4e0d\u6295\u5165","2412         \u4e2d\u83ef\u96fb\u4fe1","2002         \u4e2d\u92fc","2330         \u53f0\u7a4d\u96fb","2317         \u9d3b\u6d77","6505         \u53f0\u5851\u77f3\u5316","3481         \u7fa4\u5275","2303         \u806f\u96fb","2308         \u53f0\u9054\u96fb","2454         \u806f\u767c\u79d1","2886         \u5146\u8c50\u91d1","2884         \u7389\u5c71\u91d1","2891         \u4e2d\u4fe1\u91d1","2892         \u7b2c\u4e00\u91d1","5880         \u5408\u5eab\u91d1","2881         \u5bcc\u90a6\u91d1","2885         \u5143\u5927\u91d1","2887         \u53f0\u65b0\u91d1"],"zmin":-1,"zmax":1,"colorbar":{"x":-0.2}}],"layout":{"autotypenumbers":"strict","colorway":["#636efa","#EF553B","#00cc96","#ab63fa","#FFA15A","#19d3f3","#FF6692","#B6E880","#FF97FF","#FECB52"],"font":{"color":"#f2f5fa","family":"Courier New"},"hovermode":"closest","hoverlabel":{"align":"left"},"paper_bgcolor":"rgb(17,17,17)","plot_bgcolor":"rgb(17,17,17)","polar":{"bgcolor":"rgb(17,17,17)","angularaxis":{"gridcolor":"#506784","linecolor":"#506784","ticks":""},"radialaxis":{"gridcolor":"#506784","linecolor":"#506784","ticks":""}},"ternary":{"bgcolor":"rgb(17,17,17)","aaxis":{"gridcolor":"#506784","linecolor":"#506784","ticks":""},"baxis":{"gridcolor":"#506784","linecolor":"#506784","ticks":""},"caxis":{"gridcolor":"#506784","linecolor":"#506784","ticks":""}},"coloraxis":{"colorbar":{"outlinewidth":0,"ticks":""}},"colorscale":{"sequential":[[0.0,"#0d0887"],[0.1111111111111111,"#46039f"],[0.2222222222222222,"#7201a8"],[0.3333333333333333,"#9c179e"],[0.4444444444444444,"#bd3786"],[0.5555555555555556,"#d8576b"],[0.6666666666666666,"#ed7953"],[0.7777777777777778,"#fb9f3a"],[0.8888888888888888,"#fdca26"],[1.0,"#f0f921"]],"sequentialminus":[[0.0,"#0d0887"],[0.1111111111111111,"#46039f"],[0.2222222222222222,"#7201a8"],[0.3333333333333333,"#9c179e"],[0.4444444444444444,"#bd3786"],[0.5555555555555556,"#d8576b"],[0.6666666666666666,"#ed7953"],[0.7777777777777778,"#fb9f3a"],[0.8888888888888888,"#fdca26"],[1.0,"#f0f921"]],"diverging":[[0,"#8e0152"],[0.1,"#c51b7d"],[0.2,"#de77ae"],[0.3,"#f1b6da"],[0.4,"#fde0ef"],[0.5,"#f7f7f7"],[0.6,"#e6f5d0"],[0.7,"#b8e186"],[0.8,"#7fbc41"],[0.9,"#4d9221"],[1,"#276419"]]},"xaxis":{"gridcolor":"rgba(0, 0, 0, 0)","linecolor":"#506784","ticks":"","title":{"standoff":15},"zerolinecolor":"#283442","automargin":true,"zerolinewidth":2,"tickfont":{"family":"Courier New","size":14},"side":"top","tickangle":-90},"yaxis":{"gridcolor":"rgba(0, 0, 0, 0)","linecolor":"#506784","ticks":"","title":{"standoff":15},"zerolinecolor":"#283442","automargin":true,"zerolinewidth":2,"tickfont":{"family":"Courier New"},"side":"right"},"scene":{"xaxis":{"backgroundcolor":"rgb(17,17,17)","gridcolor":"#506784","linecolor":"#506784","showbackground":true,"ticks":"","zerolinecolor":"#C8D4E3","gridwidth":2},"yaxis":{"backgroundcolor":"rgb(17,17,17)","gridcolor":"#506784","linecolor":"#506784","showbackground":true,"ticks":"","zerolinecolor":"#C8D4E3","gridwidth":2},"zaxis":{"backgroundcolor":"rgb(17,17,17)","gridcolor":"#506784","linecolor":"#506784","showbackground":true,"ticks":"","zerolinecolor":"#C8D4E3","gridwidth":2}},"shapedefaults":{"line":{"color":"#f2f5fa"}},"annotationdefaults":{"arrowcolor":"#f2f5fa","arrowhead":0,"arrowwidth":1},"geo":{"bgcolor":"rgb(17,17,17)","landcolor":"rgb(17,17,17)","subunitcolor":"#506784","showland":true,"showlakes":true,"lakecolor":"rgb(17,17,17)"},"title":{"x":0.05,"font":{"family":"Times New Roman"},"y":0.05,"text":"<b>Correlation of Close<b><br><i>2016-09-23 ~ 2025-09-26<i>"},"updatemenudefaults":{"bgcolor":"#506784","borderwidth":0},"sliderdefaults":{"bgcolor":"#C8D4E3","borderwidth":1,"bordercolor":"rgb(17,17,17)","tickwidth":0},"mapbox":{"style":"dark"},"annotations":[{"text":"<b>@zwindr<b>","textangle":0,"opacity":0.5,"font":{"color":"white","size":12},"xref":"paper","yref":"paper","xanchor":"left","yanchor":"bottom","x":1.0,"y":1.0,"showarrow":false}]},"config":{"responsive":true,"toImageButtonOptions":{"filename":"Correlation of Close_2016-09-23~2025-09-26","scale":5}}};Plotly.newPlot("correlationClose",correlationClose.data,correlationClose.layout||{},correlationClose.config);}else{console.log("style display is none => correlationClose");}