var element=document.getElementById("correlationAdjClose");if(element.style.display!='none'){var correlationAdjClose={"data":[{"type":"heatmap","z":[[1.0,0.9964023346533928,0.9526847923923168,0.9964359006217937,0.9198587282953541,0.988538286942605,0.9625975719369829,0.9809799606504658,0.9805912432449159,0.996556213539418,0.9965169100941499,0.9967205802768067,0.868291145373339,0.9824517252893323,0.9966155548067759,0.9891854405280887,0.9997794950201686,0.9807642301188951,0.8969049600006221,0.8896312622220848,0.5950563711068908,0.9859503252321289,0.9459645587206313,0.27456798860148013,-0.20731288830992292,0.9180604864241094,0.888581790835323,0.9470187806426287,0.9403849355407985,0.9409508213213739,0.9835023865316991,0.9400647019572326,0.8970765100484593,0.9717186249035434,0.9830233348451263,0.9601603636406462],[0.9964023346533928,1.0,0.9568306000740423,0.9939705014240772,0.9249479735732558,0.9850451743019308,0.9634519088992386,0.9717621521599769,0.9765662899817404,0.9949826268471582,0.9965160312594097,0.9960821240435549,0.8766941681602382,0.9854662343284603,0.9965679484104775,0.9849249698370225,0.9979685581522839,0.9735624446949772,0.9080424671719164,0.8768285838697839,0.6190504024296268,0.9769254508802379,0.9290620255357609,0.2687909955655887,-0.14685177305530583,0.9035892844437259,0.8925862552141041,0.9506396273390143,0.9214672014727896,0.9270341456154089,0.976288953244679,0.9234288395020107,0.8936112608801717,0.9616346289092373,0.9773027573800306,0.953799485325342],[0.9526847923923168,0.9568306000740423,1.0,0.9705892951242976,0.9943563338218261,0.9440375123665786,0.9812634011037514,0.900453311984404,0.9531406097368348,0.970742375861932,0.9780582150796626,0.9747945685595512,0.8992246696052274,0.9974627989705281,0.9778363630733926,0.9415728141701991,0.9637406576437777,0.9011979219918763,0.810058476228947,0.7334197746211489,0.4036430413115827,0.9774001057788011,0.8956471342793084,0.09688288744024776,-0.09541193176043578,0.8862840229477216,0.9677706373248216,0.9674291177475188,0.8020742835149995,0.8138807090489563,0.9347246521767097,0.8060584381525838,0.7569068326581826,0.886222688687842,0.9541634428795733,0.8785984537575877],[0.9964359006217937,0.9939705014240772,0.9705892951242976,1.0,0.9449608909488725,0.9801743091851797,0.9669997198441267,0.9659978698935969,0.9761599388322716,0.9999813957272071,0.9999949673582562,0.9999740976290683,0.8787530702877392,0.9884622591314024,0.9999678418746805,0.9785439027391468,0.9960525933210703,0.9655419178712231,0.8733726993309527,0.8599097989599448,0.5450551909558681,0.9953609379698425,0.9440302369494508,0.2348139211319468,-0.18705504580077836,0.9100972961700643,0.9141365360388183,0.9549802813895891,0.9143205891415179,0.9220932958972708,0.9820679709600942,0.9149451115543573,0.8673067421792704,0.9594143212077733,0.9815241348420437,0.9457763964554542],[0.9198587282953541,0.9249479735732558,0.9943563338218261,0.9449608909488725,1.0,0.9054862133269602,0.9594820138460157,0.8547297736801547,0.9198941771712812,0.9456743783566516,0.957496322747995,0.9524916248609688,0.8928748999906144,0.9859768059554245,0.9570732737053461,0.9026908189770886,0.934437678645002,0.8555034109661247,0.7591540866575951,0.6781245466539869,0.3406678862514721,0.9572371035310474,0.8635690249056505,0.061436658019267246,-0.07179885703362283,0.8467466815997469,0.9795554140504195,0.9493679321039368,0.7428745422259057,0.7617371875908742,0.9023726924239881,0.7485535189173338,0.6925782328227945,0.8406016759640594,0.9221720803859133,0.832262260770111],[0.988538286942605,0.9850451743019308,0.9440375123665786,0.9801743091851797,0.9054862133269602,1.0,0.9758565755724963,0.9809001347717339,0.9853523371315508,0.9797993249919394,0.9748885501516376,0.9778528056797668,0.8478239543638767,0.9534204412490482,0.9749399551694579,0.9999261416455071,0.9899542892215301,0.9817745427114366,0.9047032963642931,0.860630820508532,0.5662438118498027,0.972165431988536,0.9275614211217617,0.16909350038571108,-0.1515131043877496,0.9407203570019471,0.8637998766079905,0.9441914287482004,0.9326890348147638,0.922333617825254,0.9693600677032993,0.933306622529956,0.913212185356809,0.9603860139710659,0.9848779567834975,0.9638915334080205],[0.9625975719369829,0.9634519088992386,0.9812634011037514,0.9669997198441267,0.9594820138460157,0.9758565755724963,1.0,0.9350445500023774,0.9806099139156637,0.9662807618884177,0.9750843678970434,0.9715282836476481,0.8847302318590236,0.9839207657571618,0.9747495264661588,0.976947616196761,0.9770911120373735,0.9378169991466118,0.8519247676850132,0.7592834804373445,0.42690471601073976,0.9689253924776045,0.9122938326508417,0.03766799253196782,-0.07612312590383613,0.9111247845809134,0.922035892165646,0.965354387425567,0.8421290894550697,0.8340296064087219,0.9440405408034559,0.8440250789352997,0.8212567591022112,0.9090156940824,0.9739588713005375,0.9087236504736365],[0.9809799606504658,0.9717621521599769,0.900453311984404,0.9659978698935969,0.8547297736801547,0.9809001347717339,0.9350445500023774,1.0,0.9789662947683866,0.9658871286502009,0.9607953846069865,0.9647204459482818,0.8080690380517026,0.9236127766061208,0.9610869063199532,0.982662816253408,0.9781320409877864,0.9998951597041219,0.9365203317175677,0.9281685988738709,0.5576453178576305,0.9520870175014492,0.9209463229398694,0.14605385413101044,-0.24688905910360304,0.9187711318378217,0.7973105182106515,0.9099890449843865,0.9690299553229086,0.9552650689272647,0.9697927867802241,0.9604410138397395,0.9237817469988527,0.9691942227872657,0.9593898850193404,0.9729304177812967],[0.9805912432449159,0.9765662899817404,0.9531406097368348,0.9761599388322716,0.9198941771712812,0.9853523371315508,0.9806099139156637,0.9789662947683866,1.0,0.9756910354550139,0.9717462735162097,0.9744003250850763,0.8515603253824906,0.9555149015220816,0.9716066650797248,0.9847457737845343,0.9795814179342913,0.9791933109193908,0.9058066850435359,0.8499944453102813,0.45057973890945996,0.9703465478363712,0.9352130731213946,0.008406657307970099,-0.15380053745843308,0.9144489428100105,0.8616981519102438,0.9576233476011716,0.9070261418509399,0.8910298569199638,0.9687947651357898,0.9000784888429733,0.863786475076028,0.9489897336905602,0.9797956263595582,0.9362673674823662],[0.996556213539418,0.9949826268471582,0.970742375861932,0.9999813957272071,0.9456743783566516,0.9797993249919394,0.9662807618884177,0.9658871286502009,0.9756910354550139,1.0,0.9999945918398602,0.9999849953902289,0.8804901851913763,0.9885356613220698,0.999969251752098,0.9782748300444509,0.9959431395552919,0.9653737531291919,0.874891807208499,0.860053547431111,0.5359803945468904,0.995575406371403,0.944620068192413,0.2372013378025744,-0.18356200168624226,0.9109332602740697,0.9133478412226474,0.9538909424760844,0.912135577312718,0.9195575655186242,0.9813943968644782,0.9126737641487394,0.8640111569943891,0.9579279860040611,0.9811733245591588,0.9444951057907245],[0.9965169100941499,0.9965160312594097,0.9780582150796626,0.9999949673582562,0.957496322747995,0.9748885501516376,0.9750843678970434,0.9607953846069865,0.9717462735162097,0.9999945918398602,1.0,0.9999793126965637,0.8805925459320353,0.9884242627313403,0.9999711851083748,0.9744595668210467,0.9958384477495901,0.9615296278834116,0.8909562823388771,0.8889902573363112,0.3672064593834455,0.9977797551885608,0.9352932355860483,-0.22319081391746262,0.6189280004274045,0.9047610543049553,0.9055815966694791,0.9537508937798168,0.8904814857504205,0.8961012557651074,0.9760806924140881,0.8830560463885399,0.8178002125229862,0.9455341359161081,0.986182710236926,0.9416009331041196],[0.9967205802768067,0.9960821240435549,0.9747945685595512,0.9999740976290683,0.9524916248609688,0.9778528056797668,0.9715282836476481,0.9647204459482818,0.9744003250850763,0.9999849953902289,0.9999793126965637,1.0,0.8806281098917375,0.9885982190878586,0.99997706193165,0.9775238030316155,0.9958597738596546,0.9649819150456195,0.88229800846461,0.8774727535622918,0.45181281106453275,0.9971004181474912,0.9432132823429978,-0.027964718234186003,0.007541945091466885,0.9163086060813767,0.9079223547030779,0.9509294855726739,0.9003168240568165,0.9059768525545852,0.9784664883285746,0.8986791402854388,0.8481121419240251,0.9524909543741019,0.9813294670088302,0.9441650450614101],[0.868291145373339,0.8766941681602382,0.8992246696052274,0.8787530702877392,0.8928748999906144,0.8478239543638767,0.8847302318590236,0.8080690380517026,0.8515603253824906,0.8804901851913763,0.8805925459320353,0.8806281098917375,1.0,0.9998714134631062,0.8802362826233556,0.8485829828348773,0.8699431345954668,0.8115172008733911,0.7396942034347481,0.6958814257738136,0.189563351150878,0.8778464833403713,0.8140994380647936,-0.4801548129069849,0.6316870309071644,0.7786112740847396,0.8682312836248679,0.8765915910926082,0.7007341399337872,0.7023500785321743,0.841087074985628,0.6901503766586121,0.6102311740133474,0.7994699783973057,0.8634498199796135,0.8005862953492153],[0.9824517252893323,0.9854662343284603,0.9974627989705281,0.9884622591314024,0.9859768059554245,0.9534204412490482,0.9839207657571618,0.9236127766061208,0.9555149015220816,0.9885356613220698,0.9884242627313403,0.9885982190878586,0.9998714134631062,1.0,0.9884109112451717,0.9524189574086149,0.9811391795538179,0.9253894744817068,0.8420587403469766,0.8508113400356694,0.09500148364767945,0.981763321913146,0.8962743879836429,-0.6654606041871205,0.6729666278888845,0.8659989664869967,0.9516868819560038,0.9624674746084539,0.8016467238463661,0.8175193729971383,0.9414241092028955,0.8102627212760038,0.6922664328061524,0.8897915675466278,0.965811255266327,0.9099851000451716],[0.9966155548067759,0.9965679484104775,0.9778363630733926,0.9999678418746805,0.9570732737053461,0.9749399551694579,0.9747495264661588,0.9610869063199532,0.9716066650797248,0.999969251752098,0.9999711851083748,0.99997706193165,0.8802362826233556,0.9884109112451717,1.0,0.974592941789426,0.99593890249479,0.9619202409153342,0.8915898541701442,0.8901624666017761,0.37030203270682815,0.9976551188486764,0.9351998291503691,-0.2200735610418612,0.6156172488539492,0.9043946278132292,0.9044163289754922,0.9537604851064012,0.8917245140328613,0.8973472107401064,0.975970142158193,0.8844410772585202,0.8197734751986828,0.9456038617591839,0.9861509536664127,0.9419167380411643],[0.9891854405280887,0.9849249698370225,0.9415728141701991,0.9785439027391468,0.9026908189770886,0.9999261416455071,0.976947616196761,0.982662816253408,0.9847457737845343,0.9782748300444509,0.9744595668210467,0.9775238030316155,0.8485829828348773,0.9524189574086149,0.974592941789426,1.0,0.989864672226662,0.9821955035865669,0.907678457546147,0.884395262682214,0.5380001604311058,0.970085859622682,0.924223145853932,0.01705459486004234,-0.0809010742628779,0.9453437379243249,0.8540048505370134,0.9407351514203809,0.9342691519150146,0.9189896288522768,0.9670886777258838,0.9333233773630946,0.9087176147625604,0.96221929700317,0.9841717618062455,0.9662330162301968],[0.9997794950201686,0.9979685581522839,0.9637406576437777,0.9960525933210703,0.934437678645002,0.9899542892215301,0.9770911120373735,0.9781320409877864,0.9795814179342913,0.9959431395552919,0.9958384477495901,0.9958597738596546,0.8699431345954668,0.9811391795538179,0.99593890249479,0.989864672226662,1.0,0.9787744495499657,0.9165017071171395,0.9115323437374402,0.4415950753460965,0.9904040092963908,0.9347510216552352,-0.16823022836062274,0.6133208857302415,0.92717203197684,0.8797828386176338,0.9501280235046583,0.923403286269053,0.9191182847907445,0.9781395652989806,0.9157998606287149,0.8661407837855851,0.9617325686844229,0.9914094282142873,0.9636356482752346],[0.9807642301188951,0.9735624446949772,0.9011979219918763,0.9655419178712231,0.8555034109661247,0.9817745427114366,0.9378169991466118,0.9998951597041219,0.9791933109193908,0.9653737531291919,0.9615296278834116,0.9649819150456195,0.8115172008733911,0.9253894744817068,0.9619202409153342,0.9821955035865669,0.9787744495499657,1.0,0.9393014328453652,0.9336433874056119,0.5518640742586127,0.9508543982448014,0.9240624719540673,0.10767540284321665,-0.18424890442250982,0.9229516207291552,0.7946596472890701,0.9110624321404203,0.9685149396889814,0.953924472688576,0.9685562939031852,0.9584113559515505,0.9219119259196434,0.9683339575624709,0.9582411547414055,0.9733644098365809],[0.8969049600006221,0.9080424671719164,0.810058476228947,0.8733726993309527,0.7591540866575951,0.9047032963642931,0.8519247676850132,0.9365203317175677,0.9058066850435359,0.874891807208499,0.8909562823388771,0.88229800846461,0.7396942034347481,0.8420587403469766,0.8915898541701442,0.907678457546147,0.9165017071171395,0.9393014328453652,1.0,0.8445089045498806,0.638648925288638,0.8470284192312804,0.833635230989558,0.19616020435616294,-0.08644378749998123,0.8742506300978613,0.6912703619750636,0.8347104171622433,0.8982992156044433,0.871236527793394,0.8666979626442625,0.881025313723491,0.8603297699813676,0.8740416445619089,0.8773216560891515,0.9053593613159062],[0.8896312622220848,0.8768285838697839,0.7334197746211489,0.8599097989599448,0.6781245466539869,0.860630820508532,0.7592834804373445,0.9281685988738709,0.8499944453102813,0.860053547431111,0.8889902573363112,0.8774727535622918,0.6958814257738136,0.8508113400356694,0.8901624666017761,0.884395262682214,0.9115323437374402,0.9336433874056119,0.8445089045498806,1.0,0.8060751802636723,0.81137110490384,0.8662709190704061,0.591018633032894,-0.4782152703067176,0.7228924185794722,0.6708813252508489,0.7520560451802222,0.9629715729824054,0.9425401321717801,0.8805262415175903,0.9516697453636104,0.9086040558811095,0.902549276185749,0.8314268894241685,0.88540334347007],[0.5950563711068908,0.6190504024296268,0.4036430413115827,0.5450551909558681,0.3406678862514721,0.5662438118498027,0.42690471601073976,0.5576453178576305,0.45057973890945996,0.5359803945468904,0.3672064593834455,0.45181281106453275,0.189563351150878,0.09500148364767945,0.37030203270682815,0.5380001604311058,0.4415950753460965,0.5518640742586127,0.638648925288638,0.8060751802636723,1.0,0.49110352230114057,0.6363814553041302,0.7212019455451774,-0.11547041454550651,0.48328281331126205,0.3849802093176499,0.48258519769197794,0.7512341210317209,0.6734736974539078,0.5487777286856802,0.7084087249686565,0.7399167642415847,0.6188393691043336,0.5512218165183249,0.6236264531223735],[0.9859503252321289,0.9769254508802379,0.9774001057788011,0.9953609379698425,0.9572371035310474,0.972165431988536,0.9689253924776045,0.9520870175014492,0.9703465478363712,0.995575406371403,0.9977797551885608,0.9971004181474912,0.8778464833403713,0.981763321913146,0.9976551188486764,0.970085859622682,0.9904040092963908,0.9508543982448014,0.8470284192312804,0.81137110490384,0.49110352230114057,1.0,0.9220714930820628,0.17189093640583245,-0.17441423622207183,0.8932701419759191,0.92474923262631,0.9529475415483782,0.8788732524036201,0.8991454863933492,0.974087751784619,0.8879412011721654,0.8365201196574811,0.9448753703966875,0.9703184671302613,0.9271421520391445],[0.9459645587206313,0.9290620255357609,0.8956471342793084,0.9440302369494508,0.8635690249056505,0.9275614211217617,0.9122938326508417,0.9209463229398694,0.9352130731213946,0.944620068192413,0.9352932355860483,0.9432132823429978,0.8140994380647936,0.8962743879836429,0.9351998291503691,0.924223145853932,0.9347510216552352,0.9240624719540673,0.833635230989558,0.8662709190704061,0.6363814553041302,0.9220714930820628,1.0,0.23568217995023838,-0.13322401040737952,0.7741838147568163,0.8273690834817532,0.884818473031537,0.8982171663343128,0.8721486351391418,0.9491121235316085,0.8788647387519519,0.8397572495560442,0.942778300388793,0.9082064989247703,0.8877892109085977],[0.27456798860148013,0.2687909955655887,0.09688288744024776,0.2348139211319468,0.061436658019267246,0.16909350038571108,0.03766799253196782,0.14605385413101044,0.008406657307970099,0.2372013378025744,-0.22319081391746262,-0.027964718234186003,-0.4801548129069849,-0.6654606041871205,-0.2200735610418612,0.01705459486004234,-0.16823022836062274,0.10767540284321665,0.19616020435616294,0.591018633032894,0.7212019455451774,0.17189093640583245,0.23568217995023838,1.0,-0.3812935301001859,0.20092945810765844,0.10141314202398069,0.10077344710923113,0.42199553456521455,0.4072526092278461,0.22724545100151325,0.4326492210389759,0.374514956650175,0.2760444448666928,0.17897962743726556,0.3035445964063437],[-0.20731288830992292,-0.14685177305530583,-0.09541193176043578,-0.18705504580077836,-0.07179885703362283,-0.1515131043877496,-0.07612312590383613,-0.24688905910360304,-0.15380053745843308,-0.18356200168624226,0.6189280004274045,0.007541945091466885,0.6316870309071644,0.6729666278888845,0.6156172488539492,-0.0809010742628779,0.6133208857302415,-0.18424890442250982,-0.08644378749998123,-0.4782152703067176,-0.11547041454550651,-0.17441423622207183,-0.13322401040737952,-0.3812935301001859,1.0,-0.09304689185617909,-0.08658681405842227,-0.08059766806409673,-0.3489707446300277,-0.3325888625929821,-0.23125103087768767,-0.3069494865175029,-0.18916044729370174,-0.2833684518055334,-0.11204087052061994,-0.2513444312143948],[0.9180604864241094,0.9035892844437259,0.8862840229477216,0.9100972961700643,0.8467466815997469,0.9407203570019471,0.9111247845809134,0.9187711318378217,0.9144489428100105,0.9109332602740697,0.9047610543049553,0.9163086060813767,0.7786112740847396,0.8659989664869967,0.9043946278132292,0.9453437379243249,0.92717203197684,0.9229516207291552,0.8742506300978613,0.7228924185794722,0.48328281331126205,0.8932701419759191,0.7741838147568163,0.20092945810765844,-0.09304689185617909,1.0,0.7966565775662068,0.9121555533200326,0.8132095933715434,0.8557676805760613,0.8636002659700859,0.8581490506422512,0.8378720814757202,0.8724924735735954,0.8977297424405244,0.9050296124804451],[0.888581790835323,0.8925862552141041,0.9677706373248216,0.9141365360388183,0.9795554140504195,0.8637998766079905,0.922035892165646,0.7973105182106515,0.8616981519102438,0.9133478412226474,0.9055815966694791,0.9079223547030779,0.8682312836248679,0.9516868819560038,0.9044163289754922,0.8540048505370134,0.8797828386176338,0.7946596472890701,0.6912703619750636,0.6708813252508489,0.3849802093176499,0.92474923262631,0.8273690834817532,0.10141314202398069,-0.08658681405842227,0.7966565775662068,1.0,0.9088179969140509,0.7133044005416955,0.7275694273886973,0.8625550434193783,0.7129711815466765,0.659624159685039,0.7991487841601359,0.8808509786605818,0.7980436905764474],[0.9470187806426287,0.9506396273390143,0.9674291177475188,0.9549802813895891,0.9493679321039368,0.9441914287482004,0.965354387425567,0.9099890449843865,0.9576233476011716,0.9538909424760844,0.9537508937798168,0.9509294855726739,0.8765915910926082,0.9624674746084539,0.9537604851064012,0.9407351514203809,0.9501280235046583,0.9110624321404203,0.8347104171622433,0.7520560451802222,0.48258519769197794,0.9529475415483782,0.884818473031537,0.10077344710923113,-0.08059766806409673,0.9121555533200326,0.9088179969140509,1.0,0.8286881653867966,0.8280288414753646,0.92398635136715,0.8206344927127989,0.7923595572077611,0.8996038077144732,0.957087182849074,0.8712006547644987],[0.9403849355407985,0.9214672014727896,0.8020742835149995,0.9143205891415179,0.7428745422259057,0.9326890348147638,0.8421290894550697,0.9690299553229086,0.9070261418509399,0.912135577312718,0.8904814857504205,0.9003168240568165,0.7007341399337872,0.8016467238463661,0.8917245140328613,0.9342691519150146,0.923403286269053,0.9685149396889814,0.8982992156044433,0.9629715729824054,0.7512341210317209,0.8788732524036201,0.8982171663343128,0.42199553456521455,-0.3489707446300277,0.8132095933715434,0.7133044005416955,0.8286881653867966,1.0,0.9871122452474501,0.9369750791322705,0.9914017878598853,0.9568127120410131,0.9573887046663612,0.8891975015353767,0.9583210670540261],[0.9409508213213739,0.9270341456154089,0.8138807090489563,0.9220932958972708,0.7617371875908742,0.922333617825254,0.8340296064087219,0.9552650689272647,0.8910298569199638,0.9195575655186242,0.8961012557651074,0.9059768525545852,0.7023500785321743,0.8175193729971383,0.8973472107401064,0.9189896288522768,0.9191182847907445,0.953924472688576,0.871236527793394,0.9425401321717801,0.6734736974539078,0.8991454863933492,0.8721486351391418,0.4072526092278461,-0.3325888625929821,0.8557676805760613,0.7275694273886973,0.8280288414753646,0.9871122452474501,1.0,0.9383673333798731,0.9860511565342223,0.9568827204213352,0.9456636183536742,0.9075773846027391,0.9611172170032996],[0.9835023865316991,0.976288953244679,0.9347246521767097,0.9820679709600942,0.9023726924239881,0.9693600677032993,0.9440405408034559,0.9697927867802241,0.9687947651357898,0.9813943968644782,0.9760806924140881,0.9784664883285746,0.841087074985628,0.9414241092028955,0.975970142158193,0.9670886777258838,0.9781395652989806,0.9685562939031852,0.8666979626442625,0.8805262415175903,0.5487777286856802,0.974087751784619,0.9491121235316085,0.22724545100151325,-0.23125103087768767,0.8636002659700859,0.8625550434193783,0.92398635136715,0.9369750791322705,0.9383673333798731,1.0,0.9333947770104348,0.8840679028006452,0.9746530237485647,0.9725385399358051,0.9546039306133828],[0.9400647019572326,0.9234288395020107,0.8060584381525838,0.9149451115543573,0.7485535189173338,0.933306622529956,0.8440250789352997,0.9604410138397395,0.9000784888429733,0.9126737641487394,0.8830560463885399,0.8986791402854388,0.6901503766586121,0.8102627212760038,0.8844410772585202,0.9333233773630946,0.9157998606287149,0.9584113559515505,0.881025313723491,0.9516697453636104,0.7084087249686565,0.8879412011721654,0.8788647387519519,0.4326492210389759,-0.3069494865175029,0.8581490506422512,0.7129711815466765,0.8206344927127989,0.9914017878598853,0.9860511565342223,0.9333947770104348,1.0,0.9744483743093126,0.9484748098073403,0.9116779244116567,0.9579830951819353],[0.8970765100484593,0.8936112608801717,0.7569068326581826,0.8673067421792704,0.6925782328227945,0.913212185356809,0.8212567591022112,0.9237817469988527,0.863786475076028,0.8640111569943891,0.8178002125229862,0.8481121419240251,0.6102311740133474,0.6922664328061524,0.8197734751986828,0.9087176147625604,0.8661407837855851,0.9219119259196434,0.8603297699813676,0.9086040558811095,0.7399167642415847,0.8365201196574811,0.8397572495560442,0.374514956650175,-0.18916044729370174,0.8378720814757202,0.659624159685039,0.7923595572077611,0.9568127120410131,0.9568827204213352,0.8840679028006452,0.9744483743093126,1.0,0.9046009214935405,0.8852440028839823,0.9370426766788612],[0.9717186249035434,0.9616346289092373,0.886222688687842,0.9594143212077733,0.8406016759640594,0.9603860139710659,0.9090156940824,0.9691942227872657,0.9489897336905602,0.9579279860040611,0.9455341359161081,0.9524909543741019,0.7994699783973057,0.8897915675466278,0.9456038617591839,0.96221929700317,0.9617325686844229,0.9683339575624709,0.8740416445619089,0.902549276185749,0.6188393691043336,0.9448753703966875,0.942778300388793,0.2760444448666928,-0.2833684518055334,0.8724924735735954,0.7991487841601359,0.8996038077144732,0.9573887046663612,0.9456636183536742,0.9746530237485647,0.9484748098073403,0.9046009214935405,1.0,0.9536195674090366,0.9532433490295948],[0.9830233348451263,0.9773027573800306,0.9541634428795733,0.9815241348420437,0.9221720803859133,0.9848779567834975,0.9739588713005375,0.9593898850193404,0.9797956263595582,0.9811733245591588,0.986182710236926,0.9813294670088302,0.8634498199796135,0.965811255266327,0.9861509536664127,0.9841717618062455,0.9914094282142873,0.9582411547414055,0.8773216560891515,0.8314268894241685,0.5512218165183249,0.9703184671302613,0.9082064989247703,0.17897962743726556,-0.11204087052061994,0.8977297424405244,0.8808509786605818,0.957087182849074,0.8891975015353767,0.9075773846027391,0.9725385399358051,0.9116779244116567,0.8852440028839823,0.9536195674090366,1.0,0.9355596191208555],[0.9601603636406462,0.953799485325342,0.8785984537575877,0.9457763964554542,0.832262260770111,0.9638915334080205,0.9087236504736365,0.9729304177812967,0.9362673674823662,0.9444951057907245,0.9416009331041196,0.9441650450614101,0.8005862953492153,0.9099851000451716,0.9419167380411643,0.9662330162301968,0.9636356482752346,0.9733644098365809,0.9053593613159062,0.88540334347007,0.6236264531223735,0.9271421520391445,0.8877892109085977,0.3035445964063437,-0.2513444312143948,0.9050296124804451,0.7980436905764474,0.8712006547644987,0.9583210670540261,0.9611172170032996,0.9546039306133828,0.9579830951819353,0.9370426766788612,0.9532433490295948,0.9355596191208555,1.0]],"x":["^TAIEX       \u81fa\u7063\u52a0\u6b0a\u5831\u916c\u6307\u6578","^TWII        \u81fa\u7063\u52a0\u6b0a\u6307\u6578","^TAIEXx2     \u81fa\u7063\u52a0\u6b0a\u5831\u916c\u6307\u6578_\u65e5\u6b632","^TAI50I      \u81fa\u706350\u5831\u916c\u6307\u6578","^TAI50Ix2    \u81fa\u706350\u5831\u916c\u6307\u6578_\u65e5\u6b632","^TAI100I     \u81fa\u7063\u4e2d\u578b100\u5831\u916c\u6307\u6578","^TAI100Ix2   \u81fa\u7063\u4e2d\u578b100\u5831\u916c\u6307\u6578_\u65e5\u6b632","^TAIDIVIDI   \u81fa\u7063\u9ad8\u80a1\u606f\u5831\u916c\u6307\u6578","^TAIDIVIDIx2 \u81fa\u7063\u9ad8\u80a1\u606f\u5831\u916c\u6307\u6578_\u65e5\u6b632","0050Fund     \u5143\u5927\u53f0\u7063\u5353\u8d8a50\u57fa\u91d1","006208Fund   \u5bcc\u90a6\u53f0\u7063\u91c6\u540950\u57fa\u91d1","0050         \u5143\u5927\u81fa\u706350","00631L       \u5143\u5927\u53f0\u706350\u6b632","00675L       \u5bcc\u90a6\u81fa\u7063\u52a0\u6b0a\u6b632","006208       \u5bcc\u90a6\u53f050","0051         \u5143\u5927\u4e2d\u578b100","006204       \u6c38\u8c50\u81fa\u7063\u52a0\u6b0a","0056         \u5143\u5927\u9ad8\u80a1\u606f","0056         \u5143\u5927\u9ad8\u80a1\u606f_\u80a1\u606f\u4e0d\u6295\u5165","2412         \u4e2d\u83ef\u96fb\u4fe1","2002         \u4e2d\u92fc","2330         \u53f0\u7a4d\u96fb","2317         \u9d3b\u6d77","6505         \u53f0\u5851\u77f3\u5316","3481         \u7fa4\u5275","2303         \u806f\u96fb","2308         \u53f0\u9054\u96fb","2454         \u806f\u767c\u79d1","2886         \u5146\u8c50\u91d1","2884         \u7389\u5c71\u91d1","2891         \u4e2d\u4fe1\u91d1","2892         \u7b2c\u4e00\u91d1","5880         \u5408\u5eab\u91d1","2881         \u5bcc\u90a6\u91d1","2885         \u5143\u5927\u91d1","2887         \u53f0\u65b0\u91d1"],"y":["^TAIEX       \u81fa\u7063\u52a0\u6b0a\u5831\u916c\u6307\u6578","^TWII        \u81fa\u7063\u52a0\u6b0a\u6307\u6578","^TAIEXx2     \u81fa\u7063\u52a0\u6b0a\u5831\u916c\u6307\u6578_\u65e5\u6b632","^TAI50I      \u81fa\u706350\u5831\u916c\u6307\u6578","^TAI50Ix2    \u81fa\u706350\u5831\u916c\u6307\u6578_\u65e5\u6b632","^TAI100I     \u81fa\u7063\u4e2d\u578b100\u5831\u916c\u6307\u6578","^TAI100Ix2   \u81fa\u7063\u4e2d\u578b100\u5831\u916c\u6307\u6578_\u65e5\u6b632","^TAIDIVIDI   \u81fa\u7063\u9ad8\u80a1\u606f\u5831\u916c\u6307\u6578","^TAIDIVIDIx2 \u81fa\u7063\u9ad8\u80a1\u606f\u5831\u916c\u6307\u6578_\u65e5\u6b632","0050Fund     \u5143\u5927\u53f0\u7063\u5353\u8d8a50\u57fa\u91d1","006208Fund   \u5bcc\u90a6\u53f0\u7063\u91c6\u540950\u57fa\u91d1","0050         \u5143\u5927\u81fa\u706350","00631L       \u5143\u5927\u53f0\u706350\u6b632","00675L       \u5bcc\u90a6\u81fa\u7063\u52a0\u6b0a\u6b632","006208       \u5bcc\u90a6\u53f050","0051         \u5143\u5927\u4e2d\u578b100","006204       \u6c38\u8c50\u81fa\u7063\u52a0\u6b0a","0056         \u5143\u5927\u9ad8\u80a1\u606f","0056         \u5143\u5927\u9ad8\u80a1\u606f_\u80a1\u606f\u4e0d\u6295\u5165","2412         \u4e2d\u83ef\u96fb\u4fe1","2002         \u4e2d\u92fc","2330         \u53f0\u7a4d\u96fb","2317         \u9d3b\u6d77","6505         \u53f0\u5851\u77f3\u5316","3481         \u7fa4\u5275","2303         \u806f\u96fb","2308         \u53f0\u9054\u96fb","2454         \u806f\u767c\u79d1","2886         \u5146\u8c50\u91d1","2884         \u7389\u5c71\u91d1","2891         \u4e2d\u4fe1\u91d1","2892         \u7b2c\u4e00\u91d1","5880         \u5408\u5eab\u91d1","2881         \u5bcc\u90a6\u91d1","2885         \u5143\u5927\u91d1","2887         \u53f0\u65b0\u91d1"],"zmin":-1,"zmax":1,"colorbar":{"x":-0.2}}],"layout":{"autotypenumbers":"strict","colorway":["#636efa","#EF553B","#00cc96","#ab63fa","#FFA15A","#19d3f3","#FF6692","#B6E880","#FF97FF","#FECB52"],"font":{"color":"#f2f5fa","family":"Courier New"},"hovermode":"closest","hoverlabel":{"align":"left"},"paper_bgcolor":"rgb(17,17,17)","plot_bgcolor":"rgb(17,17,17)","polar":{"bgcolor":"rgb(17,17,17)","angularaxis":{"gridcolor":"#506784","linecolor":"#506784","ticks":""},"radialaxis":{"gridcolor":"#506784","linecolor":"#506784","ticks":""}},"ternary":{"bgcolor":"rgb(17,17,17)","aaxis":{"gridcolor":"#506784","linecolor":"#506784","ticks":""},"baxis":{"gridcolor":"#506784","linecolor":"#506784","ticks":""},"caxis":{"gridcolor":"#506784","linecolor":"#506784","ticks":""}},"coloraxis":{"colorbar":{"outlinewidth":0,"ticks":""}},"colorscale":{"sequential":[[0.0,"#0d0887"],[0.1111111111111111,"#46039f"],[0.2222222222222222,"#7201a8"],[0.3333333333333333,"#9c179e"],[0.4444444444444444,"#bd3786"],[0.5555555555555556,"#d8576b"],[0.6666666666666666,"#ed7953"],[0.7777777777777778,"#fb9f3a"],[0.8888888888888888,"#fdca26"],[1.0,"#f0f921"]],"sequentialminus":[[0.0,"#0d0887"],[0.1111111111111111,"#46039f"],[0.2222222222222222,"#7201a8"],[0.3333333333333333,"#9c179e"],[0.4444444444444444,"#bd3786"],[0.5555555555555556,"#d8576b"],[0.6666666666666666,"#ed7953"],[0.7777777777777778,"#fb9f3a"],[0.8888888888888888,"#fdca26"],[1.0,"#f0f921"]],"diverging":[[0,"#8e0152"],[0.1,"#c51b7d"],[0.2,"#de77ae"],[0.3,"#f1b6da"],[0.4,"#fde0ef"],[0.5,"#f7f7f7"],[0.6,"#e6f5d0"],[0.7,"#b8e186"],[0.8,"#7fbc41"],[0.9,"#4d9221"],[1,"#276419"]]},"xaxis":{"gridcolor":"rgba(0, 0, 0, 0)","linecolor":"#506784","ticks":"","title":{"standoff":15},"zerolinecolor":"#283442","automargin":true,"zerolinewidth":2,"tickfont":{"family":"Courier New","size":14},"side":"top","tickangle":-90},"yaxis":{"gridcolor":"rgba(0, 0, 0, 0)","linecolor":"#506784","ticks":"","title":{"standoff":15},"zerolinecolor":"#283442","automargin":true,"zerolinewidth":2,"tickfont":{"family":"Courier New"},"side":"right"},"scene":{"xaxis":{"backgroundcolor":"rgb(17,17,17)","gridcolor":"#506784","linecolor":"#506784","showbackground":true,"ticks":"","zerolinecolor":"#C8D4E3","gridwidth":2},"yaxis":{"backgroundcolor":"rgb(17,17,17)","gridcolor":"#506784","linecolor":"#506784","showbackground":true,"ticks":"","zerolinecolor":"#C8D4E3","gridwidth":2},"zaxis":{"backgroundcolor":"rgb(17,17,17)","gridcolor":"#506784","linecolor":"#506784","showbackground":true,"ticks":"","zerolinecolor":"#C8D4E3","gridwidth":2}},"shapedefaults":{"line":{"color":"#f2f5fa"}},"annotationdefaults":{"arrowcolor":"#f2f5fa","arrowhead":0,"arrowwidth":1},"geo":{"bgcolor":"rgb(17,17,17)","landcolor":"rgb(17,17,17)","subunitcolor":"#506784","showland":true,"showlakes":true,"lakecolor":"rgb(17,17,17)"},"title":{"x":0.05,"font":{"family":"Times New Roman"},"y":0.05,"text":"<b>Correlation of Adj Close<b><br><i>2016-09-23 ~ 2026-06-09<i>"},"updatemenudefaults":{"bgcolor":"#506784","borderwidth":0},"sliderdefaults":{"bgcolor":"#C8D4E3","borderwidth":1,"bordercolor":"rgb(17,17,17)","tickwidth":0},"mapbox":{"style":"dark"},"annotations":[{"text":"<b>@zwindr<b>","textangle":0,"opacity":0.5,"font":{"color":"white","size":12},"xref":"paper","yref":"paper","xanchor":"left","yanchor":"bottom","x":1.0,"y":1.0,"showarrow":false}]},"config":{"responsive":true,"toImageButtonOptions":{"filename":"Correlation of Adj Close_2016-09-23~2026-06-09","scale":5}}};Plotly.newPlot("correlationAdjClose",correlationAdjClose.data,correlationAdjClose.layout||{},correlationAdjClose.config);}else{console.log("style display is none => correlationAdjClose");}