var element=document.getElementById("correlationClose");if(element.style.display!='none'){var correlationClose={"data":[{"type":"heatmap","z":[[1.0,0.9999999999999979,1.0,0.9950344696753095,0.9950344696753095,0.9731514373630069,0.9731514373630069,0.9153933300186576,0.9153933300186576,0.7313328030042601,0.9952674830650985,0.6713300569347841,0.9269698050302478,0.9908753823392051,0.995349511481523,0.978095455301443,0.9992992531114312,0.905939431050064,0.905939431050064,0.7689591581998668,-0.19490533005940225,0.980940219993781,0.25489548916099986,-0.17076611974154307,-0.22112817930589057,0.8231219663685693,0.8908389490464163,0.9278122623466243,0.9030561220291885,0.7858693262204497,0.6569053070468679,0.6532853404211385,0.6037762135725068,0.9277985539606066,0.8689564819691689,0.27549658449752595],[0.9999999999999979,1.0,0.999999999999998,0.9949903772523203,0.9949903772523203,0.9726225374269613,0.9726225374269613,0.9159008708989681,0.9159008708989681,0.7342729670177801,0.9952416834291185,0.6747239178309631,0.9305120926881983,0.9905375958805646,0.9953444688531934,0.9776817233685031,0.9992931678338064,0.905867285952623,0.905867285952623,0.7863968915237973,0.016048631425009098,0.9738123079691438,0.014870432720146758,-0.1625783498755066,-0.22217624362210264,0.6706578983269429,0.8901762829452984,0.9074718450458316,0.9000482809915333,0.794112500923155,0.6472461043505451,0.6509266015379762,0.6290946894189323,0.9270893759516381,0.7439799284684104,0.27021900640315394],[1.0,0.999999999999998,1.0,0.9950344696753095,0.9950344696753095,0.9731514373630069,0.9731514373630069,0.9153933300186576,0.9153933300186576,0.7313328030042601,0.9952674830650985,0.6713300569347841,0.9269698050302478,0.9908753823392051,0.995349511481523,0.978095455301443,0.9992992531114312,0.905939431050064,0.905939431050064,0.7689591581998668,-0.19490533005940225,0.980940219993781,0.25489548916099986,-0.17076611974154307,-0.22112817930589057,0.8231219663685693,0.8908389490464163,0.9278122623466243,0.9030561220291885,0.7858693262204497,0.6569053070468679,0.6532853404211385,0.6037762135725068,0.9277985539606066,0.8689564819691689,0.27549658449752595],[0.9950344696753095,0.9949903772523203,0.9950344696753095,1.0,1.0,0.9611630537325032,0.9611630537325032,0.8977770595059698,0.8977770595059698,0.6898840034333729,0.9996544530612079,0.6296291130330898,0.9212808441791377,0.9915836252144582,0.9996055201070585,0.9615158235529329,0.9953151252628837,0.8761860195040283,0.8761860195040283,0.7373737265244794,-0.2022666538858378,0.9928224195982263,0.2830201707657069,-0.2057459734894054,-0.2160671714650056,0.8081850753438269,0.9128187479254871,0.9255192948504558,0.8783939131171288,0.7821374093407713,0.6862268375162524,0.6421149219858062,0.5680043704714562,0.9116621461654503,0.8614148753361434,0.2909578938714162],[0.9950344696753095,0.9949903772523203,0.9950344696753095,1.0,1.0,0.9611630537325032,0.9611630537325032,0.8977770595059698,0.8977770595059698,0.6898840034333729,0.9996544530612079,0.6296291130330898,0.9212808441791377,0.9915836252144582,0.9996055201070585,0.9615158235529329,0.9953151252628837,0.8761860195040283,0.8761860195040283,0.7373737265244794,-0.2022666538858378,0.9928224195982263,0.2830201707657069,-0.2057459734894054,-0.2160671714650056,0.8081850753438269,0.9128187479254871,0.9255192948504558,0.8783939131171288,0.7821374093407713,0.6862268375162524,0.6421149219858062,0.5680043704714562,0.9116621461654503,0.8614148753361434,0.2909578938714162],[0.9731514373630069,0.9726225374269613,0.9731514373630069,0.9611630537325032,0.9611630537325032,1.0,1.0,0.9388138401892722,0.9388138401892722,0.7114164084303152,0.9598769868450686,0.6850806186786436,0.9116904001369514,0.9611542127250191,0.9597572319121667,0.9990984614333251,0.9785857001987297,0.9124445113811888,0.9124445113811888,0.6561386131796982,-0.15259943473989418,0.9487510241321412,0.3877397277811555,-0.33677168535615787,-0.10821450242623291,0.8833985608102615,0.8509178627853945,0.9426195251339918,0.8851221922962234,0.7571518797087716,0.804932678059373,0.744289017948297,0.674027472788295,0.8704706693413717,0.8930382705341829,0.5330205572156415],[0.9731514373630069,0.9726225374269613,0.9731514373630069,0.9611630537325032,0.9611630537325032,1.0,1.0,0.9388138401892722,0.9388138401892722,0.7114164084303152,0.9598769868450686,0.6850806186786436,0.9116904001369514,0.9611542127250191,0.9597572319121667,0.9990984614333251,0.9785857001987297,0.9124445113811888,0.9124445113811888,0.6561386131796982,-0.15259943473989418,0.9487510241321412,0.3877397277811555,-0.33677168535615787,-0.10821450242623291,0.8833985608102615,0.8509178627853945,0.9426195251339918,0.8851221922962234,0.7571518797087716,0.804932678059373,0.744289017948297,0.674027472788295,0.8704706693413717,0.8930382705341829,0.5330205572156415],[0.9153933300186576,0.9159008708989681,0.9153933300186576,0.8977770595059698,0.8977770595059698,0.9388138401892722,0.9388138401892722,1.0,1.0,0.6904408135818723,0.9359797656468889,0.6977106491446343,0.8913770848093149,0.917694698674563,0.9361133056665699,0.9410119989603938,0.9473248339691018,0.9693554531969669,0.9693554531969669,0.6138510224130757,-0.031395990957738436,0.8656493511300987,0.598466736993926,-0.3659754708401397,0.013505636451199935,0.8055896023716066,0.7425378004382144,0.8929040497322391,0.8565137873335636,0.7758494109460025,0.8905722340798493,0.7926425276159752,0.703393029031095,0.8168958866106281,0.8720940497336853,0.8304496038541948],[0.9153933300186576,0.9159008708989681,0.9153933300186576,0.8977770595059698,0.8977770595059698,0.9388138401892722,0.9388138401892722,1.0,1.0,0.6904408135818723,0.9359797656468889,0.6977106491446343,0.8913770848093149,0.917694698674563,0.9361133056665699,0.9410119989603938,0.9473248339691018,0.9693554531969669,0.9693554531969669,0.6138510224130757,-0.031395990957738436,0.8656493511300987,0.598466736993926,-0.3659754708401397,0.013505636451199935,0.8055896023716066,0.7425378004382144,0.8929040497322391,0.8565137873335636,0.7758494109460025,0.8905722340798493,0.7926425276159752,0.703393029031095,0.8168958866106281,0.8720940497336853,0.8304496038541948],[0.7313328030042601,0.7342729670177801,0.7313328030042601,0.6898840034333729,0.6898840034333729,0.7114164084303152,0.7114164084303152,0.6904408135818723,0.6904408135818723,1.0,0.5436760808888134,0.9999695273793594,0.47319752234910795,0.31403162801041345,0.547593617803426,0.7075123461973613,0.6141193152649456,0.7857308329663172,0.7857308329663172,0.6835056188173932,-0.09730036136660387,0.6573004924776238,0.03540771368358276,0.049557685606376606,-0.24290848539539892,0.7572014397774858,0.3976455060164404,0.7075536884808953,0.7977229360590088,0.667418772468114,0.3206801025079946,0.5200552437888133,0.5614988421963186,0.7634807678975805,0.5975948456702561,0.16659284589762027],[0.9952674830650985,0.9952416834291185,0.9952674830650985,0.9996544530612079,0.9996544530612079,0.9598769868450686,0.9598769868450686,0.9359797656468889,0.9359797656468889,0.5436760808888134,1.0,0.5435306141155345,0.9217597241788411,0.9912635798402903,0.9999434460362643,0.9571150127036159,0.9948634790849828,0.8847486433118302,0.8847486433118302,0.8491745593146003,-0.09013793189791788,0.9972485519564537,0.9048753589988574,-0.5425381202642315,0.4889276275192977,0.8104515518149283,0.8900994177113476,0.935577800524976,0.8653414484668437,0.8075264988153361,0.9391285021572962,0.8454716159846974,0.7154400434397205,0.8934433074028715,0.9555984661104874,0.8332745948870321],[0.6713300569347841,0.6747239178309631,0.6713300569347841,0.6296291130330898,0.6296291130330898,0.6850806186786436,0.6850806186786436,0.6977106491446343,0.6977106491446343,0.9999695273793594,0.5435306141155345,1.0,0.47396489851351137,0.3146580598911121,0.5482377059575172,0.6967600518484888,0.6146689433574845,0.7787733010369977,0.7787733010369977,0.6348722025106285,0.034100418254550555,0.6012279687085161,0.3847222845698571,-0.1600078388761281,-0.23245689826213997,0.780735588581115,0.29900885934707516,0.6728579275123127,0.7654796325652866,0.6847638297066013,0.4945203150114859,0.6797884183946103,0.6750222828293578,0.7125296938692506,0.5684105955919706,0.6056836612142883],[0.9269698050302478,0.9305120926881983,0.9269698050302478,0.9212808441791377,0.9212808441791377,0.9116904001369514,0.9116904001369514,0.8913770848093149,0.8913770848093149,0.47319752234910795,0.9217597241788411,0.47396489851351137,1.0,0.903650857724196,0.9258215884559483,0.9128203437982392,0.9259777387661475,0.8409031547615641,0.8409031547615641,0.8025913642658039,-0.04487722106415697,0.9192799119534348,0.88637711631671,-0.6492319055755459,0.4827556550104038,0.7549776134457482,0.7653923967262709,0.8993169285242086,0.8317834765843034,0.7317775015756895,0.8743244656422587,0.8017037110409224,0.6785693934333071,0.8539886364523095,0.899549924447643,0.7912989524590851],[0.9908753823392051,0.9905375958805646,0.9908753823392051,0.9915836252144582,0.9915836252144582,0.9611542127250191,0.9611542127250191,0.917694698674563,0.917694698674563,0.31403162801041345,0.9912635798402903,0.3146580598911121,0.903650857724196,1.0,0.9912708198366125,0.9552213376717208,0.9890952751927331,0.8380554233363363,0.8380554233363363,0.8507005256682669,-0.19699959221276217,0.9898501329773755,0.9087571610272797,-0.7916691702975868,0.5978147166341949,0.7191490045163411,0.9240704956600498,0.917551487908463,0.806711460424628,0.6931657649631437,0.9432389556156365,0.7973227718538947,0.5918264446861926,0.8760722475516917,0.9590258604695908,0.8407198758484281],[0.995349511481523,0.9953444688531934,0.995349511481523,0.9996055201070585,0.9996055201070585,0.9597572319121667,0.9597572319121667,0.9361133056665699,0.9361133056665699,0.547593617803426,0.9999434460362643,0.5482377059575172,0.9258215884559483,0.9912708198366125,1.0,0.9572902918394988,0.9949548972266818,0.8856776845417526,0.8856776845417526,0.8503119373635107,-0.08790277093367482,0.9970851711675478,0.9044368681672179,-0.5397827941015723,0.48589017524446515,0.8109426056457887,0.8891113537349735,0.9351352585794332,0.8670390699293614,0.8089958102309174,0.9383515227601446,0.8473203390519288,0.7181774966842726,0.8941967120136509,0.9554384329913316,0.8328828270181953],[0.978095455301443,0.9776817233685031,0.978095455301443,0.9615158235529329,0.9615158235529329,0.9990984614333251,0.9990984614333251,0.9410119989603938,0.9410119989603938,0.7075123461973613,0.9571150127036159,0.6967600518484888,0.9128203437982392,0.9552213376717208,0.9572902918394988,1.0,0.9778023645255579,0.9150076833580981,0.9150076833580981,0.7052715894934369,-0.1377336715799974,0.9512082969436159,0.7017852370721704,-0.4645326560992717,-0.1334878184774195,0.8944916692001939,0.837497515985852,0.9393881389904877,0.8937257764438786,0.7908222521584457,0.8847279635230918,0.7896243217466075,0.7321827142043505,0.8916964808034865,0.8893617773215231,0.825383364604948],[0.9992992531114312,0.9992931678338064,0.9992992531114312,0.9953151252628837,0.9953151252628837,0.9785857001987297,0.9785857001987297,0.9473248339691018,0.9473248339691018,0.6141193152649456,0.9948634790849828,0.6146689433574845,0.9259777387661475,0.9890952751927331,0.9949548972266818,0.9778023645255579,1.0,0.9150821586773314,0.9150821586773314,0.8633789752329197,-0.07179705953992332,0.9889843247393465,0.8818880068879614,-0.527275704036749,0.4930957224879032,0.8573009555144543,0.8731876283067551,0.9487337190809735,0.9007067151346934,0.829804045995322,0.9283151012229804,0.8808214848554176,0.7654631635299676,0.9104650967148988,0.96335127847058,0.8724695313564044],[0.905939431050064,0.905867285952623,0.905939431050064,0.8761860195040283,0.8761860195040283,0.9124445113811888,0.9124445113811888,0.9693554531969669,0.9693554531969669,0.7857308329663172,0.8847486433118302,0.7787733010369977,0.8409031547615641,0.8380554233363363,0.8856776845417526,0.9150076833580981,0.9150821586773314,1.0,1.0,0.7572541098751009,-0.07596891694015329,0.8420192860261514,0.5936555586616437,-0.24749841252510082,-0.1885094484551905,0.8403292017150112,0.6763061321222191,0.8479961401440337,0.9210234859765543,0.8498531512184184,0.8007347901054995,0.7720130343414967,0.7069281694395863,0.8578836639453232,0.7913282913790233,0.8608737039739356],[0.905939431050064,0.905867285952623,0.905939431050064,0.8761860195040283,0.8761860195040283,0.9124445113811888,0.9124445113811888,0.9693554531969669,0.9693554531969669,0.7857308329663172,0.8847486433118302,0.7787733010369977,0.8409031547615641,0.8380554233363363,0.8856776845417526,0.9150076833580981,0.9150821586773314,1.0,1.0,0.7572541098751009,-0.07596891694015329,0.8420192860261514,0.5936555586616437,-0.24749841252510082,-0.1885094484551905,0.8403292017150112,0.6763061321222191,0.8479961401440337,0.9210234859765543,0.8498531512184184,0.8007347901054995,0.7720130343414967,0.7069281694395863,0.8578836639453232,0.7913282913790233,0.8608737039739356],[0.7689591581998668,0.7863968915237973,0.7689591581998668,0.7373737265244794,0.7373737265244794,0.6561386131796982,0.6561386131796982,0.6138510224130757,0.6138510224130757,0.6835056188173932,0.8491745593146003,0.6348722025106285,0.8025913642658039,0.8507005256682669,0.8503119373635107,0.7052715894934369,0.8633789752329197,0.7572541098751009,0.7572541098751009,1.0,0.013112907805650106,0.6986757746245855,-0.3065053306721824,0.27137273910352555,-0.6426103230327572,0.38691245450028755,0.6200118306718129,0.5365083205267928,0.8429933226610844,0.7086906730154581,0.18785896814617487,0.341644619190923,0.5742703579368171,0.7899976899350484,0.5075640129313129,-0.0980242336899326],[-0.19490533005940225,0.016048631425009098,-0.19490533005940225,-0.2022666538858378,-0.2022666538858378,-0.15259943473989418,-0.15259943473989418,-0.031395990957738436,-0.031395990957738436,-0.09730036136660387,-0.09013793189791788,0.034100418254550555,-0.04487722106415697,-0.19699959221276217,-0.08790277093367482,-0.1377336715799974,-0.07179705953992332,-0.07596891694015329,-0.07596891694015329,0.013112907805650106,1.0,-0.13350156599355117,0.08266426112233317,0.1796465860781213,0.7397971000241239,-0.11353485860327957,-0.10116496025840097,-0.05805535459842559,0.13261161580322076,-0.03279463808003459,-0.020110600765074656,0.2849294627724604,0.5502767125703202,-0.1548496189141854,0.05853416873507486,0.12173408227525273],[0.980940219993781,0.9738123079691438,0.980940219993781,0.9928224195982263,0.9928224195982263,0.9487510241321412,0.9487510241321412,0.8656493511300987,0.8656493511300987,0.6573004924776238,0.9972485519564537,0.6012279687085161,0.9192799119534348,0.9898501329773755,0.9970851711675478,0.9512082969436159,0.9889843247393465,0.8420192860261514,0.8420192860261514,0.6986757746245855,-0.13350156599355117,1.0,0.18955592306835217,-0.25410284718283627,-0.2560149922886797,0.6794984483827067,0.9205482422858139,0.9098159372235045,0.8236473388209492,0.7499642591952317,0.6883698289357683,0.6110127242135547,0.5027428142925674,0.8899160396613903,0.7284497615375548,0.27499499726000204],[0.25489548916099986,0.014870432720146758,0.25489548916099986,0.2830201707657069,0.2830201707657069,0.3877397277811555,0.3877397277811555,0.598466736993926,0.598466736993926,0.03540771368358276,0.9048753589988574,0.3847222845698571,0.88637711631671,0.9087571610272797,0.9044368681672179,0.7017852370721704,0.8818880068879614,0.5936555586616437,0.5936555586616437,-0.3065053306721824,0.08266426112233317,0.18955592306835217,1.0,-0.48058764493593326,0.6854005324380313,0.4106906636759062,0.21582470615321211,0.3745843673620163,-0.04153845295103589,0.13569357663547701,0.6248211140679099,0.5082451614781582,0.21710768101959493,0.08240016285583349,0.43329344495968014,0.49659612957455623],[-0.17076611974154307,-0.1625783498755066,-0.17076611974154307,-0.2057459734894054,-0.2057459734894054,-0.33677168535615787,-0.33677168535615787,-0.3659754708401397,-0.3659754708401397,0.049557685606376606,-0.5425381202642315,-0.1600078388761281,-0.6492319055755459,-0.7916691702975868,-0.5397827941015723,-0.4645326560992717,-0.527275704036749,-0.24749841252510082,-0.24749841252510082,0.27137273910352555,0.1796465860781213,-0.25410284718283627,-0.48058764493593326,1.0,-0.02529029006803116,-0.2043647732252149,-0.24948983620930226,-0.34241350659354575,-0.08491336411131763,-0.11702500380069134,-0.575575908574667,-0.233125982064485,-0.044024338610077374,-0.09886692641220501,-0.27145788829823253,-0.4302088222112107],[-0.22112817930589057,-0.22217624362210264,-0.22112817930589057,-0.2160671714650056,-0.2160671714650056,-0.10821450242623291,-0.10821450242623291,0.013505636451199935,0.013505636451199935,-0.24290848539539892,0.4889276275192977,-0.23245689826213997,0.4827556550104038,0.5978147166341949,0.48589017524446515,-0.1334878184774195,0.4930957224879032,-0.1885094484551905,-0.1885094484551905,-0.6426103230327572,0.7397971000241239,-0.2560149922886797,0.6854005324380313,-0.02529029006803116,1.0,-0.10337598695363258,-0.1670218942628729,-0.06260641912938736,-0.3433880894348227,-0.32007723763817186,0.05754158400257155,0.15503349887944218,0.26017812972574483,-0.36175639644888846,0.09777501541902336,0.08408376624256728],[0.8231219663685693,0.6706578983269429,0.8231219663685693,0.8081850753438269,0.8081850753438269,0.8833985608102615,0.8833985608102615,0.8055896023716066,0.8055896023716066,0.7572014397774858,0.8104515518149283,0.780735588581115,0.7549776134457482,0.7191490045163411,0.8109426056457887,0.8944916692001939,0.8573009555144543,0.8403292017150112,0.8403292017150112,0.38691245450028755,-0.11353485860327957,0.6794984483827067,0.4106906636759062,-0.2043647732252149,-0.10337598695363258,1.0,0.5447688722589351,0.8494714701810661,0.5235725985041451,0.6532921931436471,0.5972889501110348,0.6782420606114827,0.4362023595898761,0.7286872109534412,0.7242158053743498,0.45517472962254946],[0.8908389490464163,0.8901762829452984,0.8908389490464163,0.9128187479254871,0.9128187479254871,0.8509178627853945,0.8509178627853945,0.7425378004382144,0.7425378004382144,0.3976455060164404,0.8900994177113476,0.29900885934707516,0.7653923967262709,0.9240704956600498,0.8891113537349735,0.837497515985852,0.8731876283067551,0.6763061321222191,0.6763061321222191,0.6200118306718129,-0.10116496025840097,0.9205482422858139,0.21582470615321211,-0.24948983620930226,-0.1670218942628729,0.5447688722589351,1.0,0.7939665936827486,0.6908710748667265,0.6228460133079579,0.6337135697613258,0.4975187477597699,0.43475125888743277,0.7722837538459838,0.6792545635529517,0.23880567467426345],[0.9278122623466243,0.9074718450458316,0.9278122623466243,0.9255192948504558,0.9255192948504558,0.9426195251339918,0.9426195251339918,0.8929040497322391,0.8929040497322391,0.7075536884808953,0.935577800524976,0.6728579275123127,0.8993169285242086,0.917551487908463,0.9351352585794332,0.9393881389904877,0.9487337190809735,0.8479961401440337,0.8479961401440337,0.5365083205267928,-0.05805535459842559,0.9098159372235045,0.3745843673620163,-0.34241350659354575,-0.06260641912938736,0.8494714701810661,0.7939665936827486,1.0,0.764039810033861,0.6441995136271407,0.6737529398369444,0.6291700305239467,0.5306241549840373,0.8377108760622944,0.8627389751952391,0.2914231157574387],[0.9030561220291885,0.9000482809915333,0.9030561220291885,0.8783939131171288,0.8783939131171288,0.8851221922962234,0.8851221922962234,0.8565137873335636,0.8565137873335636,0.7977229360590088,0.8653414484668437,0.7654796325652866,0.8317834765843034,0.806711460424628,0.8670390699293614,0.8937257764438786,0.9007067151346934,0.9210234859765543,0.9210234859765543,0.8429933226610844,0.13261161580322076,0.8236473388209492,-0.04153845295103589,-0.08491336411131763,-0.3433880894348227,0.5235725985041451,0.6908710748667265,0.764039810033861,1.0,0.9122244444016749,0.5811363522366467,0.706340662866675,0.6704116764083379,0.8855539371630126,0.5463834916430762,0.33769611040369407],[0.7858693262204497,0.794112500923155,0.7858693262204497,0.7821374093407713,0.7821374093407713,0.7571518797087716,0.7571518797087716,0.7758494109460025,0.7758494109460025,0.667418772468114,0.8075264988153361,0.6847638297066013,0.7317775015756895,0.6931657649631437,0.8089958102309174,0.7908222521584457,0.829804045995322,0.8498531512184184,0.8498531512184184,0.7086906730154581,-0.03279463808003459,0.7499642591952317,0.13569357663547701,-0.11702500380069134,-0.32007723763817186,0.6532921931436471,0.6228460133079579,0.6441995136271407,0.9122244444016749,1.0,0.6161254322321008,0.6907353994840242,0.6156109905789015,0.7527410750407547,0.6211423360473313,0.5039358495021512],[0.6569053070468679,0.6472461043505451,0.6569053070468679,0.6862268375162524,0.6862268375162524,0.804932678059373,0.804932678059373,0.8905722340798493,0.8905722340798493,0.3206801025079946,0.9391285021572962,0.4945203150114859,0.8743244656422587,0.9432389556156365,0.9383515227601446,0.8847279635230918,0.9283151012229804,0.8007347901054995,0.8007347901054995,0.18785896814617487,-0.020110600765074656,0.6883698289357683,0.6248211140679099,-0.575575908574667,0.05754158400257155,0.5972889501110348,0.6337135697613258,0.6737529398369444,0.5811363522366467,0.6161254322321008,1.0,0.74819349802373,0.3895877429690936,0.5684031920239355,0.670850028662874,0.7593014740113769],[0.6532853404211385,0.6509266015379762,0.6532853404211385,0.6421149219858062,0.6421149219858062,0.744289017948297,0.744289017948297,0.7926425276159752,0.7926425276159752,0.5200552437888133,0.8454716159846974,0.6797884183946103,0.8017037110409224,0.7973227718538947,0.8473203390519288,0.7896243217466075,0.8808214848554176,0.7720130343414967,0.7720130343414967,0.341644619190923,0.2849294627724604,0.6110127242135547,0.5082451614781582,-0.233125982064485,0.15503349887944218,0.6782420606114827,0.4975187477597699,0.6291700305239467,0.706340662866675,0.6907353994840242,0.74819349802373,1.0,0.7792110457215179,0.5355119941690208,0.7372233656026235,0.573031874431675],[0.6037762135725068,0.6290946894189323,0.6037762135725068,0.5680043704714562,0.5680043704714562,0.674027472788295,0.674027472788295,0.703393029031095,0.703393029031095,0.5614988421963186,0.7154400434397205,0.6750222828293578,0.6785693934333071,0.5918264446861926,0.7181774966842726,0.7321827142043505,0.7654631635299676,0.7069281694395863,0.7069281694395863,0.5742703579368171,0.5502767125703202,0.5027428142925674,0.21710768101959493,-0.044024338610077374,0.26017812972574483,0.4362023595898761,0.43475125888743277,0.5306241549840373,0.6704116764083379,0.6156109905789015,0.3895877429690936,0.7792110457215179,1.0,0.5011433635409374,0.6515999290252801,0.22144314454455805],[0.9277985539606066,0.9270893759516381,0.9277985539606066,0.9116621461654503,0.9116621461654503,0.8704706693413717,0.8704706693413717,0.8168958866106281,0.8168958866106281,0.7634807678975805,0.8934433074028715,0.7125296938692506,0.8539886364523095,0.8760722475516917,0.8941967120136509,0.8916964808034865,0.9104650967148988,0.8578836639453232,0.8578836639453232,0.7899976899350484,-0.1548496189141854,0.8899160396613903,0.08240016285583349,-0.09886692641220501,-0.36175639644888846,0.7286872109534412,0.7722837538459838,0.8377108760622944,0.8855539371630126,0.7527410750407547,0.5684031920239355,0.5355119941690208,0.5011433635409374,1.0,0.7642262237239112,0.23414102185753133],[0.8689564819691689,0.7439799284684104,0.8689564819691689,0.8614148753361434,0.8614148753361434,0.8930382705341829,0.8930382705341829,0.8720940497336853,0.8720940497336853,0.5975948456702561,0.9555984661104874,0.5684105955919706,0.899549924447643,0.9590258604695908,0.9554384329913316,0.8893617773215231,0.96335127847058,0.7913282913790233,0.7913282913790233,0.5075640129313129,0.05853416873507486,0.7284497615375548,0.43329344495968014,-0.27145788829823253,0.09777501541902336,0.7242158053743498,0.6792545635529517,0.8627389751952391,0.5463834916430762,0.6211423360473313,0.670850028662874,0.7372233656026235,0.6515999290252801,0.7642262237239112,1.0,0.2646132210414097],[0.27549658449752595,0.27021900640315394,0.27549658449752595,0.2909578938714162,0.2909578938714162,0.5330205572156415,0.5330205572156415,0.8304496038541948,0.8304496038541948,0.16659284589762027,0.8332745948870321,0.6056836612142883,0.7912989524590851,0.8407198758484281,0.8328828270181953,0.825383364604948,0.8724695313564044,0.8608737039739356,0.8608737039739356,-0.0980242336899326,0.12173408227525273,0.27499499726000204,0.49659612957455623,-0.4302088222112107,0.08408376624256728,0.45517472962254946,0.23880567467426345,0.2914231157574387,0.33769611040369407,0.5039358495021512,0.7593014740113769,0.573031874431675,0.22144314454455805,0.23414102185753133,0.2646132210414097,1.0]],"x":["^TAIEX       \u81fa\u7063\u52a0\u6b0a\u5831\u916c\u6307\u6578","^TWII        \u81fa\u7063\u52a0\u6b0a\u6307\u6578","^TAIEXx2     \u81fa\u7063\u52a0\u6b0a\u5831\u916c\u6307\u6578_\u65e5\u6b632","^TAI50I      \u81fa\u706350\u5831\u916c\u6307\u6578","^TAI50Ix2    \u81fa\u706350\u5831\u916c\u6307\u6578_\u65e5\u6b632","^TAI100I     \u81fa\u7063\u4e2d\u578b100\u5831\u916c\u6307\u6578","^TAI100Ix2   \u81fa\u7063\u4e2d\u578b100\u5831\u916c\u6307\u6578_\u65e5\u6b632","^TAIDIVIDI   \u81fa\u7063\u9ad8\u80a1\u606f\u5831\u916c\u6307\u6578","^TAIDIVIDIx2 \u81fa\u7063\u9ad8\u80a1\u606f\u5831\u916c\u6307\u6578_\u65e5\u6b632","0050Fund     \u5143\u5927\u53f0\u7063\u5353\u8d8a50\u57fa\u91d1","006208Fund   \u5bcc\u90a6\u53f0\u7063\u91c6\u540950\u57fa\u91d1","0050         \u5143\u5927\u81fa\u706350","00631L       \u5143\u5927\u53f0\u706350\u6b632","00675L       \u5bcc\u90a6\u81fa\u7063\u52a0\u6b0a\u6b632","006208       \u5bcc\u90a6\u53f050","0051         \u5143\u5927\u4e2d\u578b100","006204       \u6c38\u8c50\u81fa\u7063\u52a0\u6b0a","0056         \u5143\u5927\u9ad8\u80a1\u606f","0056         \u5143\u5927\u9ad8\u80a1\u606f_\u80a1\u606f\u4e0d\u6295\u5165","2412         \u4e2d\u83ef\u96fb\u4fe1","2002         \u4e2d\u92fc","2330         \u53f0\u7a4d\u96fb","2317         \u9d3b\u6d77","6505         \u53f0\u5851\u77f3\u5316","3481         \u7fa4\u5275","2303         \u806f\u96fb","2308         \u53f0\u9054\u96fb","2454         \u806f\u767c\u79d1","2886         \u5146\u8c50\u91d1","2884         \u7389\u5c71\u91d1","2891         \u4e2d\u4fe1\u91d1","2892         \u7b2c\u4e00\u91d1","5880         \u5408\u5eab\u91d1","2881         \u5bcc\u90a6\u91d1","2885         \u5143\u5927\u91d1","2887         \u53f0\u65b0\u91d1"],"y":["^TAIEX       \u81fa\u7063\u52a0\u6b0a\u5831\u916c\u6307\u6578","^TWII        \u81fa\u7063\u52a0\u6b0a\u6307\u6578","^TAIEXx2     \u81fa\u7063\u52a0\u6b0a\u5831\u916c\u6307\u6578_\u65e5\u6b632","^TAI50I      \u81fa\u706350\u5831\u916c\u6307\u6578","^TAI50Ix2    \u81fa\u706350\u5831\u916c\u6307\u6578_\u65e5\u6b632","^TAI100I     \u81fa\u7063\u4e2d\u578b100\u5831\u916c\u6307\u6578","^TAI100Ix2   \u81fa\u7063\u4e2d\u578b100\u5831\u916c\u6307\u6578_\u65e5\u6b632","^TAIDIVIDI   \u81fa\u7063\u9ad8\u80a1\u606f\u5831\u916c\u6307\u6578","^TAIDIVIDIx2 \u81fa\u7063\u9ad8\u80a1\u606f\u5831\u916c\u6307\u6578_\u65e5\u6b632","0050Fund     \u5143\u5927\u53f0\u7063\u5353\u8d8a50\u57fa\u91d1","006208Fund   \u5bcc\u90a6\u53f0\u7063\u91c6\u540950\u57fa\u91d1","0050         \u5143\u5927\u81fa\u706350","00631L       \u5143\u5927\u53f0\u706350\u6b632","00675L       \u5bcc\u90a6\u81fa\u7063\u52a0\u6b0a\u6b632","006208       \u5bcc\u90a6\u53f050","0051         \u5143\u5927\u4e2d\u578b100","006204       \u6c38\u8c50\u81fa\u7063\u52a0\u6b0a","0056         \u5143\u5927\u9ad8\u80a1\u606f","0056         \u5143\u5927\u9ad8\u80a1\u606f_\u80a1\u606f\u4e0d\u6295\u5165","2412         \u4e2d\u83ef\u96fb\u4fe1","2002         \u4e2d\u92fc","2330         \u53f0\u7a4d\u96fb","2317         \u9d3b\u6d77","6505         \u53f0\u5851\u77f3\u5316","3481         \u7fa4\u5275","2303         \u806f\u96fb","2308         \u53f0\u9054\u96fb","2454         \u806f\u767c\u79d1","2886         \u5146\u8c50\u91d1","2884         \u7389\u5c71\u91d1","2891         \u4e2d\u4fe1\u91d1","2892         \u7b2c\u4e00\u91d1","5880         \u5408\u5eab\u91d1","2881         \u5bcc\u90a6\u91d1","2885         \u5143\u5927\u91d1","2887         \u53f0\u65b0\u91d1"],"zmin":-1,"zmax":1,"colorbar":{"x":-0.2}}],"layout":{"autotypenumbers":"strict","colorway":["#636efa","#EF553B","#00cc96","#ab63fa","#FFA15A","#19d3f3","#FF6692","#B6E880","#FF97FF","#FECB52"],"font":{"color":"#f2f5fa","family":"Courier New"},"hovermode":"closest","hoverlabel":{"align":"left"},"paper_bgcolor":"rgb(17,17,17)","plot_bgcolor":"rgb(17,17,17)","polar":{"bgcolor":"rgb(17,17,17)","angularaxis":{"gridcolor":"#506784","linecolor":"#506784","ticks":""},"radialaxis":{"gridcolor":"#506784","linecolor":"#506784","ticks":""}},"ternary":{"bgcolor":"rgb(17,17,17)","aaxis":{"gridcolor":"#506784","linecolor":"#506784","ticks":""},"baxis":{"gridcolor":"#506784","linecolor":"#506784","ticks":""},"caxis":{"gridcolor":"#506784","linecolor":"#506784","ticks":""}},"coloraxis":{"colorbar":{"outlinewidth":0,"ticks":""}},"colorscale":{"sequential":[[0.0,"#0d0887"],[0.1111111111111111,"#46039f"],[0.2222222222222222,"#7201a8"],[0.3333333333333333,"#9c179e"],[0.4444444444444444,"#bd3786"],[0.5555555555555556,"#d8576b"],[0.6666666666666666,"#ed7953"],[0.7777777777777778,"#fb9f3a"],[0.8888888888888888,"#fdca26"],[1.0,"#f0f921"]],"sequentialminus":[[0.0,"#0d0887"],[0.1111111111111111,"#46039f"],[0.2222222222222222,"#7201a8"],[0.3333333333333333,"#9c179e"],[0.4444444444444444,"#bd3786"],[0.5555555555555556,"#d8576b"],[0.6666666666666666,"#ed7953"],[0.7777777777777778,"#fb9f3a"],[0.8888888888888888,"#fdca26"],[1.0,"#f0f921"]],"diverging":[[0,"#8e0152"],[0.1,"#c51b7d"],[0.2,"#de77ae"],[0.3,"#f1b6da"],[0.4,"#fde0ef"],[0.5,"#f7f7f7"],[0.6,"#e6f5d0"],[0.7,"#b8e186"],[0.8,"#7fbc41"],[0.9,"#4d9221"],[1,"#276419"]]},"xaxis":{"gridcolor":"rgba(0, 0, 0, 0)","linecolor":"#506784","ticks":"","title":{"standoff":15},"zerolinecolor":"#283442","automargin":true,"zerolinewidth":2,"tickfont":{"family":"Courier New","size":14},"side":"top","tickangle":-90},"yaxis":{"gridcolor":"rgba(0, 0, 0, 0)","linecolor":"#506784","ticks":"","title":{"standoff":15},"zerolinecolor":"#283442","automargin":true,"zerolinewidth":2,"tickfont":{"family":"Courier New"},"side":"right"},"scene":{"xaxis":{"backgroundcolor":"rgb(17,17,17)","gridcolor":"#506784","linecolor":"#506784","showbackground":true,"ticks":"","zerolinecolor":"#C8D4E3","gridwidth":2},"yaxis":{"backgroundcolor":"rgb(17,17,17)","gridcolor":"#506784","linecolor":"#506784","showbackground":true,"ticks":"","zerolinecolor":"#C8D4E3","gridwidth":2},"zaxis":{"backgroundcolor":"rgb(17,17,17)","gridcolor":"#506784","linecolor":"#506784","showbackground":true,"ticks":"","zerolinecolor":"#C8D4E3","gridwidth":2}},"shapedefaults":{"line":{"color":"#f2f5fa"}},"annotationdefaults":{"arrowcolor":"#f2f5fa","arrowhead":0,"arrowwidth":1},"geo":{"bgcolor":"rgb(17,17,17)","landcolor":"rgb(17,17,17)","subunitcolor":"#506784","showland":true,"showlakes":true,"lakecolor":"rgb(17,17,17)"},"title":{"x":0.05,"font":{"family":"Times New Roman"},"y":0.05,"text":"<b>Correlation of Close<b><br><i>2016-09-23 ~ 2026-04-17<i>"},"updatemenudefaults":{"bgcolor":"#506784","borderwidth":0},"sliderdefaults":{"bgcolor":"#C8D4E3","borderwidth":1,"bordercolor":"rgb(17,17,17)","tickwidth":0},"mapbox":{"style":"dark"},"annotations":[{"text":"<b>@zwindr<b>","textangle":0,"opacity":0.5,"font":{"color":"white","size":12},"xref":"paper","yref":"paper","xanchor":"left","yanchor":"bottom","x":1.0,"y":1.0,"showarrow":false}]},"config":{"responsive":true,"toImageButtonOptions":{"filename":"Correlation of Close_2016-09-23~2026-04-17","scale":5}}};Plotly.newPlot("correlationClose",correlationClose.data,correlationClose.layout||{},correlationClose.config);}else{console.log("style display is none => correlationClose");}