var correlationAdjClose = {"data": [{"type": "heatmap", "z": [[1.0, 0.9938983987727182, 0.9766725426326979, 0.9977030698105124, 0.9648996829016744, 0.9811648889104034, -0.9418614482897325, 0.9898619520300297, 0.9694639711564771, 0.9972787621876551, 0.9972749854479498, 0.9977852476897449, 0.9930727782893858, 0.9937988914534988, 0.9972458417297078, 0.9838063761369362, 0.9996608213574867, 0.9899227496937363, 0.919678700188277, 0.7450440478493786, 0.9854387136492673, 0.9196724212684233, 0.45268508071314517, -0.30307546066786833, 0.9010011556923518, 0.9743575466772919, 0.9538614149268543, 0.9798632523549703, 0.9631656320634763, 0.9758066518442955, 0.9717050436585093, 0.9452592577136502, 0.9793671186512924, 0.9696859869649406, 0.9548991413353766], [0.9938983987727182, 1.0, 0.972059024986388, 0.9913054657305356, 0.9604852585881255, 0.97648081231055, -0.9371244489241296, 0.9805426616206545, 0.9624336150977301, 0.9954488578887711, 0.9953022636603115, 0.9933332163448729, 0.9921606845503392, 0.991375140033409, 0.9951956952228014, 0.9775856979303074, 0.9965990344936995, 0.9833656322225692, 0.9085127587595249, 0.7555212434500597, 0.9668374443308521, 0.8987883922153671, 0.45186680746774593, -0.22649080974480845, 0.8744317120575408, 0.9618977931918625, 0.9535434996567778, 0.9573364325607133, 0.9488713504754468, 0.9654876496100109, 0.955503092162805, 0.9429101247810487, 0.9680060434280189, 0.9608515133891422, 0.9482582640974714], [0.9766725426326979, 0.972059024986388, 1.0, 0.9826158720826887, 0.9961528103341761, 0.9790931420846228, -0.9755422491514252, 0.9700179737053832, 0.9837578763534448, 0.9883571836050972, 0.98909370820866, 0.984717057569986, 0.9971172006327013, 0.9969546914711861, 0.9888719194869875, 0.9778551710807887, 0.9876420475597891, 0.969965810087653, 0.8261799391454061, 0.635389829858688, 0.9899572373415293, 0.9101301847513878, 0.2876465744475958, -0.22544706878589477, 0.9077144589950705, 0.9425775863844081, 0.9789602992534262, 0.9291739639169231, 0.9097476222537536, 0.9629796439759553, 0.919213569547244, 0.9067463795004927, 0.9659406120379997, 0.9735398360537488, 0.925090690418237], [0.9977030698105124, 0.9913054657305356, 0.9826158720826887, 1.0, 0.9762455054331172, 0.9734576656314533, -0.9366098922912175, 0.9843317772433295, 0.9668937171200443, 0.9999703151067931, 0.9999890127923029, 0.9999546802783076, 0.991407637348457, 0.9895196260557868, 0.9999433014235334, 0.9735005927859951, 0.9960862960043965, 0.9842292602203424, 0.9060346263937347, 0.7162443215998717, 0.993238347514387, 0.9209305376563801, 0.4306467480953045, -0.2945819968514186, 0.8996175370393952, 0.9687706522127112, 0.9599604000469545, 0.9708787158276176, 0.9602632713642659, 0.9773564351472366, 0.9620558101706482, 0.9344430393449512, 0.9773151019422215, 0.9682474985180437, 0.9469997298130177], [0.9648996829016744, 0.9604852585881255, 0.9961528103341761, 0.9762455054331172, 1.0, 0.9591580532392893, -0.9572999716546309, 0.9554598482389114, 0.9717854018202902, 0.9847767527912588, 0.9855431398951198, 0.9803891505904528, 0.9870052507566827, 0.9833669448013906, 0.9852326493855146, 0.9569653582262196, 0.9761398845782533, 0.9553277985155145, 0.8061762317858826, 0.6015904388469696, 0.9893223914286657, 0.906329699579994, 0.26573782549717917, -0.21865338543972, 0.8902400642916056, 0.9280603257126491, 0.9767810317885519, 0.9092643153411485, 0.8960646387854863, 0.9563295686537381, 0.8980024488402492, 0.8812519618430366, 0.9560250733240859, 0.9622531364733725, 0.902531924442521], [0.9811648889104034, 0.97648081231055, 0.9790931420846228, 0.9734576656314533, 0.9591580532392893, 1.0, -0.9804643218274554, 0.9801935034983087, 0.979526560323687, 0.9687221780277052, 0.9691060881515883, 0.9721799819659677, 0.9769049321410951, 0.9748842940084037, 0.9688386393214772, 0.9999092021270645, 0.9859506470396636, 0.9813073780610491, 0.8597854166821336, 0.7118687833142007, 0.9672533709302952, 0.8897188980693723, 0.3184736303820225, -0.213766455494412, 0.9365758001862542, 0.9568531290008517, 0.959185514392516, 0.956596415832828, 0.9260335077950652, 0.9523115736332659, 0.9506470670554825, 0.9543342724324833, 0.9558788186431035, 0.9759815517047535, 0.9552528395464491], [-0.9418614482897325, -0.9371244489241296, -0.9755422491514252, -0.9366098922912175, -0.9572999716546309, -0.9804643218274554, 1.0, -0.9508338940640934, -0.9831008092008136, -0.9473649517246896, -0.9486357804638677, -0.9416509226591359, -0.9737655416109683, -0.9755914634911017, -0.9482122024984267, -0.9836948899932442, -0.963882296435186, -0.9539108357056618, -0.7713455701515048, -0.6097382628531598, -0.942160612141872, -0.8797614025628855, -0.17538385224344225, 0.14756124031622164, -0.9046581873951371, -0.9128964648942945, -0.9566423058842713, -0.8970627649837916, -0.8550580295547556, -0.9237294169181371, -0.8884478774486894, -0.9081273300627732, -0.9238513532529069, -0.9628118379119132, -0.9090076528277815], [0.9898619520300297, 0.9805426616206545, 0.9700179737053832, 0.9843317772433295, 0.9554598482389114, 0.9801935034983087, -0.9508338940640934, 1.0, 0.9821568833907006, 0.979994957306759, 0.9799610231544406, 0.983674459632381, 0.9755385029585663, 0.9744588274202866, 0.9799172403520106, 0.9821816429713681, 0.987430096393895, 0.9998694563886457, 0.9222265980971464, 0.6806136860029619, 0.9739932782233265, 0.8932954032299779, 0.31342050008956013, -0.3109585310542774, 0.9052514876091989, 0.9558085920626017, 0.9367287940945627, 0.9772077025344907, 0.9514445513438655, 0.9694493055807898, 0.9619217102890726, 0.9348371986352333, 0.9583350102680402, 0.9565343378785041, 0.9655025919956429], [0.9694639711564771, 0.9624336150977301, 0.9837578763534448, 0.9668937171200443, 0.9717854018202902, 0.979526560323687, -0.9831008092008136, 0.9821568833907006, 1.0, 0.96245165458762, 0.9631499889739502, 0.9656097000568795, 0.9724339561625964, 0.9694582661248404, 0.9628616536438005, 0.9786819376492633, 0.9695393114507919, 0.9814808052615882, 0.8478764536816182, 0.6056049063669195, 0.9670842634409182, 0.9042458230144355, 0.17023679350649873, -0.22909339098979892, 0.886770720508943, 0.9320904622136502, 0.9592765389924481, 0.9318399250965338, 0.8925352443467192, 0.9560811188238482, 0.9145350590630699, 0.9018439366501312, 0.9438607075283735, 0.9685308866831152, 0.9229468583696018], [0.9972787621876551, 0.9954488578887711, 0.9883571836050972, 0.9999703151067931, 0.9847767527912588, 0.9687221780277052, -0.9473649517246896, 0.979994957306759, 0.96245165458762, 1.0, 0.9999871946934505, 0.9999822449784069, 0.9912288258677583, 0.9893033118207211, 0.9999473508309534, 0.9693984879656413, 0.9956612676087343, 0.981082095368145, 0.92970645970739, 0.6452775105795479, 0.9966567863368898, 0.8976431181475311, 0.002802733842633213, 0.44635114154830696, 0.9186393590859985, 0.9528880774839904, 0.9652090815153419, 0.9613452815593274, 0.9413481612937804, 0.9649283503461699, 0.9409947061770633, 0.9208886356386854, 0.964129595371152, 0.9798293384066494, 0.9448889962442529], [0.9972749854479498, 0.9953022636603115, 0.98909370820866, 0.9999890127923029, 0.9855431398951198, 0.9691060881515883, -0.9486357804638677, 0.9799610231544406, 0.9631499889739502, 0.9999871946934505, 1.0, 0.9999711405968145, 0.9914261347014421, 0.9894947270449607, 0.9999526455256672, 0.9697569275797024, 0.9957199393763541, 0.9810181130935672, 0.9288301092708955, 0.6417085056856847, 0.9969519319350264, 0.8968464780672295, -0.012128174821077408, 0.44202017226554075, 0.9179928411455699, 0.9527236275789077, 0.9661231454150183, 0.9608263960221094, 0.9399887698377428, 0.965023736782484, 0.9399297896625018, 0.9196193313214747, 0.9643182644892441, 0.9803845629860698, 0.9442078835954474], [0.9977852476897449, 0.9933332163448729, 0.984717057569986, 0.9999546802783076, 0.9803891505904528, 0.9721799819659677, -0.9416509226591359, 0.983674459632381, 0.9656097000568795, 0.9999822449784069, 0.9999711405968145, 1.0, 0.9911808666555415, 0.9892052580144961, 0.9999611405429647, 0.9726610847561274, 0.9958437734929204, 0.9840726557155064, 0.9217942757782047, 0.6823065229558509, 0.9953264977616862, 0.9182195103868745, 0.2531271362853263, -0.25865241927823374, 0.9264566705106441, 0.9632853410147921, 0.954944409989841, 0.9660074485533379, 0.9529396445924747, 0.9729372517358816, 0.9539099446812676, 0.9303746269930212, 0.9728875594808725, 0.9617161101204138, 0.9549823158198824], [0.9930727782893858, 0.9921606845503392, 0.9971172006327013, 0.991407637348457, 0.9870052507566827, 0.9769049321410951, -0.9737655416109683, 0.9755385029585663, 0.9724339561625964, 0.9912288258677583, 0.9914261347014421, 0.9911808666555415, 1.0, 0.9996749226510818, 0.9913171543187687, 0.977836795977777, 0.9934121835323352, 0.9769818744825319, 0.9097115102943126, 0.5831236203757523, 0.9861979176350527, 0.8892179253990062, -0.3011607056422192, 0.4682344026199685, 0.9080300017106664, 0.9534336053651782, 0.9771286541009634, 0.9430612816675248, 0.9013221296559447, 0.9463983212559126, 0.9126873592033703, 0.8891683610069944, 0.962357858967043, 0.9792455069532959, 0.9358820929142182], [0.9937988914534988, 0.991375140033409, 0.9969546914711861, 0.9895196260557868, 0.9833669448013906, 0.9748842940084037, -0.9755914634911017, 0.9744588274202866, 0.9694582661248404, 0.9893033118207211, 0.9894947270449607, 0.9892052580144961, 0.9996749226510818, 1.0, 0.9894852643002382, 0.9759033217112193, 0.9939567409028168, 0.9761653742191964, 0.9171538177339952, 0.4663967401346437, 0.9810000141988195, 0.8777414590716444, -0.6995678412363181, 0.44750343807497117, 0.8812765997033728, 0.9502465824127522, 0.9764598831744046, 0.9351147825708545, 0.8829724223992259, 0.9374310590046626, 0.9092567855191171, 0.8671325522070011, 0.9645638291484204, 0.977441040374134, 0.9282643672123143], [0.9972458417297078, 0.9951956952228014, 0.9888719194869875, 0.9999433014235334, 0.9852326493855146, 0.9688386393214772, -0.9482122024984267, 0.9799172403520106, 0.9628616536438005, 0.9999473508309534, 0.9999526455256672, 0.9999611405429647, 0.9913171543187687, 0.9894852643002382, 1.0, 0.9695015938359427, 0.995663313785624, 0.9810236403356731, 0.9295470506452417, 0.6413108524079887, 0.9968007156300792, 0.8970671061407676, -0.010700199533090727, 0.4409747454302544, 0.9176045003475445, 0.9519747096411413, 0.9654806280136283, 0.961126501057926, 0.9406305428157407, 0.9650742774306496, 0.9405712978051458, 0.9200937513295423, 0.9641994124077887, 0.9802227044493, 0.9445434148621853], [0.9838063761369362, 0.9775856979303074, 0.9778551710807887, 0.9735005927859951, 0.9569653582262196, 0.9999092021270645, -0.9836948899932442, 0.9821816429713681, 0.9786819376492633, 0.9693984879656413, 0.9697569275797024, 0.9726610847561274, 0.977836795977777, 0.9759033217112193, 0.9695015938359427, 1.0, 0.9864664138878461, 0.981466796403333, 0.8836068212240589, 0.7125764923018484, 0.9659712940921449, 0.8853895965262729, 0.19047983787933861, -0.19186739949003576, 0.9452222888903994, 0.9592929166062063, 0.9560523757731908, 0.9600573704382565, 0.9229975318076138, 0.9492693460811121, 0.9515715675476344, 0.9536999976010453, 0.9586001746723279, 0.9756045574749108, 0.9601624673882432], [0.9996608213574867, 0.9965990344936995, 0.9876420475597891, 0.9960862960043965, 0.9761398845782533, 0.9859506470396636, -0.963882296435186, 0.987430096393895, 0.9695393114507919, 0.9956612676087343, 0.9957199393763541, 0.9958437734929204, 0.9934121835323352, 0.9939567409028168, 0.995663313785624, 0.9864664138878461, 1.0, 0.9883456350633648, 0.9352146522160295, 0.6816982429369076, 0.9889876583492205, 0.8943242667578511, 0.038863837629800564, 0.4585423064781397, 0.9361610810862339, 0.9612821805440572, 0.9638071039260805, 0.974095910334126, 0.9456624743522021, 0.9644795317999715, 0.9557417849907636, 0.9431768097900491, 0.9704383236782298, 0.9842884620968689, 0.9653888195919721], [0.9899227496937363, 0.9833656322225692, 0.969965810087653, 0.9842292602203424, 0.9553277985155145, 0.9813073780610491, -0.9539108357056618, 0.9998694563886457, 0.9814808052615882, 0.981082095368145, 0.9810181130935672, 0.9840726557155064, 0.9769818744825319, 0.9761653742191964, 0.9810236403356731, 0.981466796403333, 0.9883456350633648, 1.0, 0.9285740956155243, 0.6791474432995427, 0.9730499538577893, 0.8985033678345281, 0.28003944306252404, -0.29168417079917897, 0.9108046977893364, 0.9546714771217889, 0.9368378401285543, 0.9776844568225657, 0.9508530017396547, 0.9680086805739242, 0.960365886615258, 0.9347084283997046, 0.9577054791465245, 0.9544389317022057, 0.9667456019784452], [0.919678700188277, 0.9085127587595249, 0.8261799391454061, 0.9060346263937347, 0.8061762317858826, 0.8597854166821336, -0.7713455701515048, 0.9222265980971464, 0.8478764536816182, 0.92970645970739, 0.9288301092708955, 0.9217942757782047, 0.9097115102943126, 0.9171538177339952, 0.9295470506452417, 0.8836068212240589, 0.9352146522160295, 0.9285740956155243, 1.0, 0.8434503745916334, 0.8574084745680957, 0.8714980754448965, 0.6987209516915369, -0.5335735212290142, 0.6941640886520659, 0.9167776221620644, 0.7982229903065602, 0.9569441196472152, 0.934600467080564, 0.9023972451244742, 0.9429186241771655, 0.8921436900014409, 0.8969052349696512, 0.8441855346870861, 0.8769679196473877], [0.7450440478493786, 0.7555212434500597, 0.635389829858688, 0.7162443215998717, 0.6015904388469696, 0.7118687833142007, -0.6097382628531598, 0.6806136860029619, 0.6056049063669195, 0.6452775105795479, 0.6417085056856847, 0.6823065229558509, 0.5831236203757523, 0.4663967401346437, 0.6413108524079887, 0.7125764923018484, 0.6816982429369076, 0.6791474432995427, 0.8434503745916334, 1.0, 0.6382772514571469, 0.7507229964091646, 0.7326801375752139, -0.1163661039815672, 0.5379141090783957, 0.7582756209836959, 0.6424286971635755, 0.7951704232093721, 0.7320071878741637, 0.6749169075360139, 0.7678136937548494, 0.7689102277536219, 0.7026100726724588, 0.6694044626102346, 0.703443767532648], [0.9854387136492673, 0.9668374443308521, 0.9899572373415293, 0.993238347514387, 0.9893223914286657, 0.9672533709302952, -0.942160612141872, 0.9739932782233265, 0.9670842634409182, 0.9966567863368898, 0.9969519319350264, 0.9953264977616862, 0.9861979176350527, 0.9810000141988195, 0.9968007156300792, 0.9659712940921449, 0.9889876583492205, 0.9730499538577893, 0.8574084745680957, 0.6382772514571469, 1.0, 0.8916540319439327, 0.35710244685564374, -0.28868007743124596, 0.8868528261558394, 0.9514504035041904, 0.9692741302313782, 0.9396685088684731, 0.9430024483435726, 0.9681031423901827, 0.9400474112545978, 0.9106265592604235, 0.9676265801694987, 0.9545816650895663, 0.9292038902764134], [0.9196724212684233, 0.8987883922153671, 0.9101301847513878, 0.9209305376563801, 0.906329699579994, 0.8897188980693723, -0.8797614025628855, 0.8932954032299779, 0.9042458230144355, 0.8976431181475311, 0.8968464780672295, 0.9182195103868745, 0.8892179253990062, 0.8777414590716444, 0.8970671061407676, 0.8853895965262729, 0.8943242667578511, 0.8985033678345281, 0.8714980754448965, 0.7507229964091646, 0.8916540319439327, 1.0, 0.40259228200875724, -0.18627732150418408, 0.6961023357859242, 0.916498330537972, 0.8819052094204151, 0.8947476695340197, 0.8417707939673883, 0.920265115182018, 0.8634502145649554, 0.8381812535950959, 0.9179961287601568, 0.8627287636024492, 0.8455447279705933], [0.45268508071314517, 0.45186680746774593, 0.2876465744475958, 0.4306467480953045, 0.26573782549717917, 0.3184736303820225, -0.17538385224344225, 0.31342050008956013, 0.17023679350649873, 0.002802733842633213, -0.012128174821077408, 0.2531271362853263, -0.3011607056422192, -0.6995678412363181, -0.010700199533090727, 0.19047983787933861, 0.038863837629800564, 0.28003944306252404, 0.6987209516915369, 0.7326801375752139, 0.35710244685564374, 0.40259228200875724, 1.0, -0.3984052313966221, 0.2993914895469466, 0.4365108369707941, 0.2345483041936903, 0.5284334248411776, 0.5287196013903801, 0.3940609277301769, 0.5455686929451358, 0.4530806717257553, 0.40643945396902964, 0.32494131788577585, 0.42761558231586344], [-0.30307546066786833, -0.22649080974480845, -0.22544706878589477, -0.2945819968514186, -0.21865338543972, -0.213766455494412, 0.14756124031622164, -0.3109585310542774, -0.22909339098979892, 0.44635114154830696, 0.44202017226554075, -0.25865241927823374, 0.4682344026199685, 0.44750343807497117, 0.4409747454302544, -0.19186739949003576, 0.4585423064781397, -0.29168417079917897, -0.5335735212290142, -0.1163661039815672, -0.28868007743124596, -0.18627732150418408, -0.3984052313966221, 1.0, -0.14593466878362593, -0.333109445644511, -0.1735219110223167, -0.38988615015017786, -0.38012489306312736, -0.3281432094913763, -0.3454107541526565, -0.20081623342878066, -0.35083313819837786, -0.1758652005180538, -0.3151332654514038], [0.9010011556923518, 0.8744317120575408, 0.9077144589950705, 0.8996175370393952, 0.8902400642916056, 0.9365758001862542, -0.9046581873951371, 0.9052514876091989, 0.886770720508943, 0.9186393590859985, 0.9179928411455699, 0.9264566705106441, 0.9080300017106664, 0.8812765997033728, 0.9176045003475445, 0.9452222888903994, 0.9361610810862339, 0.9108046977893364, 0.6941640886520659, 0.5379141090783957, 0.8868528261558394, 0.6961023357859242, 0.2993914895469466, -0.14593466878362593, 1.0, 0.8359703206584665, 0.8859044817445273, 0.8078407438008491, 0.8574909910737863, 0.8281051775051607, 0.8646842020603276, 0.8582301802710932, 0.8557362153421112, 0.8657164646653261, 0.8929286959692407], [0.9743575466772919, 0.9618977931918625, 0.9425775863844081, 0.9687706522127112, 0.9280603257126491, 0.9568531290008517, -0.9128964648942945, 0.9558085920626017, 0.9320904622136502, 0.9528880774839904, 0.9527236275789077, 0.9632853410147921, 0.9534336053651782, 0.9502465824127522, 0.9519747096411413, 0.9592929166062063, 0.9612821805440572, 0.9546714771217889, 0.9167776221620644, 0.7582756209836959, 0.9514504035041904, 0.916498330537972, 0.4365108369707941, -0.333109445644511, 0.8359703206584665, 1.0, 0.9315171587590684, 0.9606822223330116, 0.9341019483357336, 0.9418537191340066, 0.9443396828423362, 0.9171583176102208, 0.9633355743413515, 0.9257752756746204, 0.9250003062904057], [0.9538614149268543, 0.9535434996567778, 0.9789602992534262, 0.9599604000469545, 0.9767810317885519, 0.959185514392516, -0.9566423058842713, 0.9367287940945627, 0.9592765389924481, 0.9652090815153419, 0.9661231454150183, 0.954944409989841, 0.9771286541009634, 0.9764598831744046, 0.9654806280136283, 0.9560523757731908, 0.9638071039260805, 0.9368378401285543, 0.7982229903065602, 0.6424286971635755, 0.9692741302313782, 0.8819052094204151, 0.2345483041936903, -0.1735219110223167, 0.8859044817445273, 0.9315171587590684, 1.0, 0.9017121213530197, 0.8786128132310613, 0.9351581099418604, 0.881772888642826, 0.8831128261014817, 0.9425094633393835, 0.9701821890261013, 0.883733139497702], [0.9798632523549703, 0.9573364325607133, 0.9291739639169231, 0.9708787158276176, 0.9092643153411485, 0.956596415832828, -0.8970627649837916, 0.9772077025344907, 0.9318399250965338, 0.9613452815593274, 0.9608263960221094, 0.9660074485533379, 0.9430612816675248, 0.9351147825708545, 0.961126501057926, 0.9600573704382565, 0.974095910334126, 0.9776844568225657, 0.9569441196472152, 0.7951704232093721, 0.9396685088684731, 0.8947476695340197, 0.5284334248411776, -0.38988615015017786, 0.8078407438008491, 0.9606822223330116, 0.9017121213530197, 1.0, 0.9853436708433498, 0.9661326372065651, 0.9894877350759018, 0.9509438994917327, 0.9576712368758385, 0.911691525639862, 0.9660564375924781], [0.9631656320634763, 0.9488713504754468, 0.9097476222537536, 0.9602632713642659, 0.8960646387854863, 0.9260335077950652, -0.8550580295547556, 0.9514445513438655, 0.8925352443467192, 0.9413481612937804, 0.9399887698377428, 0.9529396445924747, 0.9013221296559447, 0.8829724223992259, 0.9406305428157407, 0.9229975318076138, 0.9456624743522021, 0.9508530017396547, 0.934600467080564, 0.7320071878741637, 0.9430024483435726, 0.8417707939673883, 0.5287196013903801, -0.38012489306312736, 0.8574909910737863, 0.9341019483357336, 0.8786128132310613, 0.9853436708433498, 1.0, 0.9490805890099615, 0.9827193738803388, 0.954546848651288, 0.9329575442451522, 0.9150118674358664, 0.9617425958142631], [0.9758066518442955, 0.9654876496100109, 0.9629796439759553, 0.9773564351472366, 0.9563295686537381, 0.9523115736332659, -0.9237294169181371, 0.9694493055807898, 0.9560811188238482, 0.9649283503461699, 0.965023736782484, 0.9729372517358816, 0.9463983212559126, 0.9374310590046626, 0.9650742774306496, 0.9492693460811121, 0.9644795317999715, 0.9680086805739242, 0.9023972451244742, 0.6749169075360139, 0.9681031423901827, 0.920265115182018, 0.3940609277301769, -0.3281432094913763, 0.8281051775051607, 0.9418537191340066, 0.9351581099418604, 0.9661326372065651, 0.9490805890099615, 1.0, 0.9537858231273677, 0.9180908329402078, 0.975636421745602, 0.9557790574656491, 0.9457320294153325], [0.9717050436585093, 0.955503092162805, 0.919213569547244, 0.9620558101706482, 0.8980024488402492, 0.9506470670554825, -0.8884478774486894, 0.9619217102890726, 0.9145350590630699, 0.9409947061770633, 0.9399297896625018, 0.9539099446812676, 0.9126873592033703, 0.9092567855191171, 0.9405712978051458, 0.9515715675476344, 0.9557417849907636, 0.960365886615258, 0.9429186241771655, 0.7678136937548494, 0.9400474112545978, 0.8634502145649554, 0.5455686929451358, -0.3454107541526565, 0.8646842020603276, 0.9443396828423362, 0.881772888642826, 0.9894877350759018, 0.9827193738803388, 0.9537858231273677, 1.0, 0.9729633013792256, 0.941584522048074, 0.9341052634003032, 0.9614472516968163], [0.9452592577136502, 0.9429101247810487, 0.9067463795004927, 0.9344430393449512, 0.8812519618430366, 0.9543342724324833, -0.9081273300627732, 0.9348371986352333, 0.9018439366501312, 0.9208886356386854, 0.9196193313214747, 0.9303746269930212, 0.8891683610069944, 0.8671325522070011, 0.9200937513295423, 0.9536999976010453, 0.9431768097900491, 0.9347084283997046, 0.8921436900014409, 0.7689102277536219, 0.9106265592604235, 0.8381812535950959, 0.4530806717257553, -0.20081623342878066, 0.8582301802710932, 0.9171583176102208, 0.8831128261014817, 0.9509438994917327, 0.954546848651288, 0.9180908329402078, 0.9729633013792256, 1.0, 0.9042986141781716, 0.9324023463472451, 0.9518528912047264], [0.9793671186512924, 0.9680060434280189, 0.9659406120379997, 0.9773151019422215, 0.9560250733240859, 0.9558788186431035, -0.9238513532529069, 0.9583350102680402, 0.9438607075283735, 0.964129595371152, 0.9643182644892441, 0.9728875594808725, 0.962357858967043, 0.9645638291484204, 0.9641994124077887, 0.9586001746723279, 0.9704383236782298, 0.9577054791465245, 0.8969052349696512, 0.7026100726724588, 0.9676265801694987, 0.9179961287601568, 0.40643945396902964, -0.35083313819837786, 0.8557362153421112, 0.9633355743413515, 0.9425094633393835, 0.9576712368758385, 0.9329575442451522, 0.975636421745602, 0.941584522048074, 0.9042986141781716, 1.0, 0.9518072208041748, 0.9403165906173471], [0.9696859869649406, 0.9608515133891422, 0.9735398360537488, 0.9682474985180437, 0.9622531364733725, 0.9759815517047535, -0.9628118379119132, 0.9565343378785041, 0.9685308866831152, 0.9798293384066494, 0.9803845629860698, 0.9617161101204138, 0.9792455069532959, 0.977441040374134, 0.9802227044493, 0.9756045574749108, 0.9842884620968689, 0.9544389317022057, 0.8441855346870861, 0.6694044626102346, 0.9545816650895663, 0.8627287636024492, 0.32494131788577585, -0.1758652005180538, 0.8657164646653261, 0.9257752756746204, 0.9701821890261013, 0.911691525639862, 0.9150118674358664, 0.9557790574656491, 0.9341052634003032, 0.9324023463472451, 0.9518072208041748, 1.0, 0.9163040956642187], [0.9548991413353766, 0.9482582640974714, 0.925090690418237, 0.9469997298130177, 0.902531924442521, 0.9552528395464491, -0.9090076528277815, 0.9655025919956429, 0.9229468583696018, 0.9448889962442529, 0.9442078835954474, 0.9549823158198824, 0.9358820929142182, 0.9282643672123143, 0.9445434148621853, 0.9601624673882432, 0.9653888195919721, 0.9667456019784452, 0.8769679196473877, 0.703443767532648, 0.9292038902764134, 0.8455447279705933, 0.42761558231586344, -0.3151332654514038, 0.8929286959692407, 0.9250003062904057, 0.883733139497702, 0.9660564375924781, 0.9617425958142631, 0.9457320294153325, 0.9614472516968163, 0.9518528912047264, 0.9403165906173471, 0.9163040956642187, 1.0]], "x": ["^TAIEX       \u81fa\u7063\u52a0\u6b0a\u5831\u916c\u6307\u6578", "^TWII        \u81fa\u7063\u52a0\u6b0a\u6307\u6578", "^TAIEXx2     \u81fa\u7063\u52a0\u6b0a\u5831\u916c\u6307\u6578_\u65e5\u6b632", "^TAI50I      \u81fa\u706350\u5831\u916c\u6307\u6578", "^TAI50Ix2    \u81fa\u706350\u5831\u916c\u6307\u6578_\u65e5\u6b632", "^TAI100I     \u81fa\u7063\u4e2d\u578b100\u5831\u916c\u6307\u6578", "^TAI100Ix2   \u81fa\u7063\u4e2d\u578b100\u5831\u916c\u6307\u6578_\u65e5\u6b632", "^TAIDIVIDI   \u81fa\u7063\u9ad8\u80a1\u606f\u5831\u916c\u6307\u6578", "^TAIDIVIDIx2 \u81fa\u7063\u9ad8\u80a1\u606f\u5831\u916c\u6307\u6578_\u65e5\u6b632", "0050Fund     \u5143\u5927\u53f0\u7063\u5353\u8d8a50\u57fa\u91d1", "006208Fund   \u5bcc\u90a6\u53f0\u7063\u91c6\u540950\u57fa\u91d1", "0050         \u5143\u5927\u81fa\u706350", "00631L       \u5143\u5927\u53f0\u706350\u6b632", "00675L       \u5bcc\u90a6\u81fa\u7063\u52a0\u6b0a\u6b632", "006208       \u5bcc\u90a6\u53f050", "0051         \u5143\u5927\u4e2d\u578b100", "006204       \u6c38\u8c50\u81fa\u7063\u52a0\u6b0a", "0056         \u5143\u5927\u9ad8\u80a1\u606f", "2412         \u4e2d\u83ef\u96fb\u4fe1", "2002         \u4e2d\u92fc", "2330         \u53f0\u7a4d\u96fb", "2317         \u9d3b\u6d77", "6505         \u53f0\u5851\u77f3\u5316", "3481         \u7fa4\u5275", "2303         \u806f\u96fb", "2308         \u53f0\u9054\u96fb", "2454         \u806f\u767c\u79d1", "2886         \u5146\u8c50\u91d1", "2884         \u7389\u5c71\u91d1", "2891         \u4e2d\u4fe1\u91d1", "2892         \u7b2c\u4e00\u91d1", "5880         \u5408\u5eab\u91d1", "2881         \u5bcc\u90a6\u91d1", "2885         \u5143\u5927\u91d1", "2887         \u53f0\u65b0\u91d1"], "y": ["^TAIEX       \u81fa\u7063\u52a0\u6b0a\u5831\u916c\u6307\u6578", "^TWII        \u81fa\u7063\u52a0\u6b0a\u6307\u6578", "^TAIEXx2     \u81fa\u7063\u52a0\u6b0a\u5831\u916c\u6307\u6578_\u65e5\u6b632", "^TAI50I      \u81fa\u706350\u5831\u916c\u6307\u6578", "^TAI50Ix2    \u81fa\u706350\u5831\u916c\u6307\u6578_\u65e5\u6b632", "^TAI100I     \u81fa\u7063\u4e2d\u578b100\u5831\u916c\u6307\u6578", "^TAI100Ix2   \u81fa\u7063\u4e2d\u578b100\u5831\u916c\u6307\u6578_\u65e5\u6b632", "^TAIDIVIDI   \u81fa\u7063\u9ad8\u80a1\u606f\u5831\u916c\u6307\u6578", "^TAIDIVIDIx2 \u81fa\u7063\u9ad8\u80a1\u606f\u5831\u916c\u6307\u6578_\u65e5\u6b632", "0050Fund     \u5143\u5927\u53f0\u7063\u5353\u8d8a50\u57fa\u91d1", "006208Fund   \u5bcc\u90a6\u53f0\u7063\u91c6\u540950\u57fa\u91d1", "0050         \u5143\u5927\u81fa\u706350", "00631L       \u5143\u5927\u53f0\u706350\u6b632", "00675L       \u5bcc\u90a6\u81fa\u7063\u52a0\u6b0a\u6b632", "006208       \u5bcc\u90a6\u53f050", "0051         \u5143\u5927\u4e2d\u578b100", "006204       \u6c38\u8c50\u81fa\u7063\u52a0\u6b0a", "0056         \u5143\u5927\u9ad8\u80a1\u606f", "2412         \u4e2d\u83ef\u96fb\u4fe1", "2002         \u4e2d\u92fc", "2330         \u53f0\u7a4d\u96fb", "2317         \u9d3b\u6d77", "6505         \u53f0\u5851\u77f3\u5316", "3481         \u7fa4\u5275", "2303         \u806f\u96fb", "2308         \u53f0\u9054\u96fb", "2454         \u806f\u767c\u79d1", "2886         \u5146\u8c50\u91d1", "2884         \u7389\u5c71\u91d1", "2891         \u4e2d\u4fe1\u91d1", "2892         \u7b2c\u4e00\u91d1", "5880         \u5408\u5eab\u91d1", "2881         \u5bcc\u90a6\u91d1", "2885         \u5143\u5927\u91d1", "2887         \u53f0\u65b0\u91d1"], "zmin": -1, "zmax": 1, "colorbar": {"x": -0.2}}], "layout": {"autotypenumbers": "strict", "colorway": ["#636efa", "#EF553B", "#00cc96", "#ab63fa", "#FFA15A", "#19d3f3", "#FF6692", "#B6E880", "#FF97FF", "#FECB52"], "font": {"color": "#f2f5fa", "family": "Courier New"}, "hovermode": "closest", "hoverlabel": {"align": "left"}, "paper_bgcolor": "rgb(17,17,17)", "plot_bgcolor": "rgb(17,17,17)", "polar": {"bgcolor": "rgb(17,17,17)", "angularaxis": {"gridcolor": "#506784", "linecolor": "#506784", "ticks": ""}, "radialaxis": {"gridcolor": "#506784", "linecolor": "#506784", "ticks": ""}}, "ternary": {"bgcolor": "rgb(17,17,17)", "aaxis": {"gridcolor": "#506784", "linecolor": "#506784", "ticks": ""}, "baxis": {"gridcolor": "#506784", "linecolor": "#506784", "ticks": ""}, "caxis": {"gridcolor": "#506784", "linecolor": "#506784", "ticks": ""}}, "coloraxis": {"colorbar": {"outlinewidth": 0, "ticks": ""}}, "colorscale": {"sequential": [[0.0, "#0d0887"], [0.1111111111111111, "#46039f"], [0.2222222222222222, "#7201a8"], [0.3333333333333333, "#9c179e"], [0.4444444444444444, "#bd3786"], [0.5555555555555556, "#d8576b"], [0.6666666666666666, "#ed7953"], [0.7777777777777778, "#fb9f3a"], [0.8888888888888888, "#fdca26"], [1.0, "#f0f921"]], "sequentialminus": [[0.0, "#0d0887"], [0.1111111111111111, "#46039f"], [0.2222222222222222, "#7201a8"], [0.3333333333333333, "#9c179e"], [0.4444444444444444, "#bd3786"], [0.5555555555555556, "#d8576b"], [0.6666666666666666, "#ed7953"], [0.7777777777777778, "#fb9f3a"], [0.8888888888888888, "#fdca26"], [1.0, "#f0f921"]], "diverging": [[0, "#8e0152"], [0.1, "#c51b7d"], [0.2, "#de77ae"], [0.3, "#f1b6da"], [0.4, "#fde0ef"], [0.5, "#f7f7f7"], [0.6, "#e6f5d0"], [0.7, "#b8e186"], [0.8, "#7fbc41"], [0.9, "#4d9221"], [1, "#276419"]]}, "xaxis": {"gridcolor": "rgba(0, 0, 0, 0)", "linecolor": "#506784", "ticks": "", "title": {"standoff": 15}, "zerolinecolor": "#283442", "automargin": true, "zerolinewidth": 2, "tickfont": {"family": "Courier New", "size": 14}, "side": "top", "tickangle": -90}, "yaxis": {"gridcolor": "rgba(0, 0, 0, 0)", "linecolor": "#506784", "ticks": "", "title": {"standoff": 15}, "zerolinecolor": "#283442", "automargin": true, "zerolinewidth": 2, "tickfont": {"family": "Courier New"}, "side": "right"}, "scene": {"xaxis": {"backgroundcolor": "rgb(17,17,17)", "gridcolor": "#506784", "linecolor": "#506784", "showbackground": true, "ticks": "", "zerolinecolor": "#C8D4E3", "gridwidth": 2}, "yaxis": {"backgroundcolor": "rgb(17,17,17)", "gridcolor": "#506784", "linecolor": "#506784", "showbackground": true, "ticks": "", "zerolinecolor": "#C8D4E3", "gridwidth": 2}, "zaxis": {"backgroundcolor": "rgb(17,17,17)", "gridcolor": "#506784", "linecolor": "#506784", "showbackground": true, "ticks": "", "zerolinecolor": "#C8D4E3", "gridwidth": 2}}, "shapedefaults": {"line": {"color": "#f2f5fa"}}, "annotationdefaults": {"arrowcolor": "#f2f5fa", "arrowhead": 0, "arrowwidth": 1}, "geo": {"bgcolor": "rgb(17,17,17)", "landcolor": "rgb(17,17,17)", "subunitcolor": "#506784", "showland": true, "showlakes": true, "lakecolor": "rgb(17,17,17)"}, "title": {"x": 0.05, "font": {"family": "Times New Roman"}, "y": 0.05, "text": "<b>Correlation of Adj Close<b><br><i>2016-09-23 ~ 2025-07-14<i>"}, "updatemenudefaults": {"bgcolor": "#506784", "borderwidth": 0}, "sliderdefaults": {"bgcolor": "#C8D4E3", "borderwidth": 1, "bordercolor": "rgb(17,17,17)", "tickwidth": 0}, "mapbox": {"style": "dark"}}, "config": {"responsive": true, "toImageButtonOptions": {"filename": "Correlation of Adj Close_2016-09-23~2025-07-14", "scale": 5}}};

Plotly.newPlot("correlationAdjClose",
    correlationAdjClose.data,
    correlationAdjClose.layout || {},
    correlationAdjClose.config);