var element=document.getElementById("correlationAdjClose");if(element.style.display!='none'){var correlationAdjClose={"data":[{"type":"heatmap","z":[[1.0,0.9953648506500915,0.9731958406041801,0.9968398482166614,0.9504297668476552,0.984839808717349,0.956635931102513,0.9875849680782075,0.9762332742899558,0.9969937783462395,0.9964829708317808,0.9969424295876108,0.992171266275013,0.9933359601313435,0.9965743461556521,0.9861080512468843,0.9997345340411751,0.9872908423115943,0.8959567673000505,0.915771893271676,0.6709088521874562,0.9843028453894177,0.938287037757725,0.3414637339896886,-0.2898995703149249,0.9005773685105067,0.923843016118739,0.9621944410984962,0.973663999322659,0.963825453505384,0.9803267006679908,0.9685121688444617,0.936507059637174,0.9833438768074034,0.9767758252599744,0.9577094481702525],[0.9953648506500915,1.0,0.9702633153523613,0.9920815605134934,0.9473538996843001,0.9811739248978976,0.953095847465458,0.9800192610500618,0.9706884733558641,0.9933140432441151,0.9950539244427273,0.9946260306328258,0.9916015988543455,0.9918103004979795,0.9951188781823719,0.9814506286944795,0.9975247274439399,0.9819621066540365,0.9149708811163747,0.9059888840591019,0.693313599010988,0.9701239546194809,0.9223262628699539,0.34044088310730025,-0.22356325390386117,0.8803051941581318,0.9190246258078734,0.9615923005476115,0.9552356512600967,0.9521898583732038,0.9721998890279991,0.9552634518352998,0.9356575417273751,0.9743972170127689,0.96873886716381,0.9529059919309987],[0.9731958406041801,0.9702633153523613,1.0,0.9840467239538477,0.993996660907857,0.9690144785388284,0.9777686418037133,0.9516250107996793,0.9732327401749604,0.9837962022872814,0.9904593352614266,0.987195749863174,0.9971436306009968,0.9969479285553607,0.9901622817543857,0.9662873329021193,0.9836421239747205,0.9509826132214504,0.8478975663519194,0.813548626344065,0.5312425365278262,0.9924021983054838,0.9356737305095844,0.16775801272096544,-0.21130719962973843,0.8768094982777368,0.9478656588801273,0.965632328896561,0.9065971333382484,0.9006769121499888,0.9669563214708495,0.9022798851098196,0.8732419344247307,0.9595475993571304,0.9704486031370335,0.9139532715204072],[0.9968398482166614,0.9920815605134934,0.9840467239538477,1.0,0.9688681173027864,0.9761564934550304,0.954649053506444,0.9774499151625882,0.9718802859517259,0.9999726873311235,0.9999926411934216,0.9999655535766847,0.9938569241531646,0.9928570662310626,0.999954311385389,0.9746952752190069,0.99578956604068,0.9767798404089386,0.8766113356894976,0.8953949780058817,0.6294666433601112,0.9940899654986689,0.9429402971698351,0.3062688140920283,-0.2772080160354974,0.8904730438916961,0.9383691412869645,0.9643288801348191,0.958588798487394,0.95542655475545,0.9824212150919778,0.9536022938513959,0.9180734162005769,0.9793348655813363,0.974878943528397,0.9459317936929638],[0.9504297668476552,0.9473538996843001,0.993996660907857,0.9688681173027864,1.0,0.9380519610202521,0.9549225262200352,0.9199680756961656,0.9478440972128894,0.969002509476784,0.9784711626170363,0.9744805523727017,0.9830795554680193,0.9807369480100427,0.9779497422540356,0.9338637678174769,0.9619493400440868,0.9189285532013536,0.8074577428838629,0.7760909274603837,0.4755238740907567,0.9848617936598297,0.9260940261531886,0.13020746606393369,-0.1972751364379548,0.8376658416260747,0.9561624193361773,0.9452576225250751,0.8686605152625053,0.8702556690390466,0.9510075219497796,0.8649563485579111,0.8284574901161728,0.93583650869086,0.9478572018018606,0.8779981148898014],[0.984839808717349,0.9811739248978976,0.9690144785388284,0.9761564934550304,0.9380519610202521,1.0,0.9832943430586324,0.9828271142689518,0.983844317588211,0.9756611235797421,0.9700640686124684,0.9736403814105304,0.9708393996616275,0.9683088571569253,0.9700872959247177,0.999905492905356,0.9873883501010706,0.983668751608704,0.9009456798434664,0.8724938711068587,0.6407274579913981,0.9670636341784395,0.9111390779442242,0.22200602451151788,-0.2160226230539793,0.932974407121118,0.8960477535499319,0.9665020224727904,0.958541354879961,0.936383739785145,0.960436088867043,0.9548145606481967,0.9494774900921956,0.965284637317335,0.9806576748105172,0.9601974064570734],[0.956635931102513,0.953095847465458,0.9777686418037133,0.954649053506444,0.9549225262200352,0.9832943430586324,1.0,0.9544631689446896,0.9848079795200366,0.9534293789610426,0.9626063410479582,0.9595204580183745,0.9773379709389735,0.9774273343204463,0.9624054677489239,0.9844636142015455,0.9737808362023835,0.9567391367822,0.8637254739429518,0.7926627655637873,0.5289791072011786,0.9579659838891311,0.9143266407474316,0.08346635865406174,-0.15579155326208163,0.8944223601511379,0.9006398307318748,0.9617402150134443,0.9022616480858205,0.8748234690438202,0.9436623861913049,0.897379297212936,0.8990476676382358,0.9400607632044276,0.9715552645325142,0.9172184118838813],[0.9875849680782075,0.9800192610500618,0.9516250107996793,0.9774499151625882,0.9199680756961656,0.9828271142689518,0.9544631689446896,1.0,0.984173784726023,0.9774488031374308,0.9722358122415695,0.976236981339576,0.9629134914867455,0.9615113362432299,0.9724897733025609,0.9846356438263422,0.9849517563075668,0.999888128888871,0.9285175605652353,0.9307746921539285,0.611949105506614,0.963147105569623,0.9035035385486933,0.19828969997290605,-0.30542513411402866,0.9097962853932997,0.866614686643982,0.9476451712542,0.9793525177962671,0.9589352622126396,0.9677532967376077,0.9671896993135224,0.9378649043988186,0.9651440516726024,0.9614471829612079,0.9694447915990084],[0.9762332742899558,0.9706884733558641,0.9732327401749604,0.9718802859517259,0.9478440972128894,0.983844317588211,0.9848079795200366,0.984173784726023,1.0,0.9712122641579427,0.9669243569834194,0.9699265740441593,0.968282857665401,0.9645324257049199,0.9668961341884053,0.9829673426610644,0.9756302811129577,0.9835542236188123,0.902516764376351,0.8650994240727902,0.5281767220055013,0.9680164468639162,0.92263926704829,0.05840915415786521,-0.22838003107155228,0.8882174308009325,0.8792407563881659,0.9671265928145719,0.9382608132228316,0.9095271501764746,0.9641427582090177,0.92545471371912,0.9037155782856421,0.9565603263364048,0.9750333939126994,0.9325341241367519],[0.9969937783462395,0.9933140432441151,0.9837962022872814,0.9999726873311235,0.969002509476784,0.9756611235797421,0.9534293789610426,0.9774488031374308,0.9712122641579427,1.0,0.9999913738295263,0.999983678420135,0.993776662162709,0.9927627605404722,0.9999582743115512,0.9742069082468837,0.9956803370688103,0.9768703224630493,0.8783326444440075,0.8966734466150166,0.6256790727425678,0.994284598467788,0.9429663043510281,0.3111766795773472,-0.27668918475190485,0.8909663451045552,0.9367767127803946,0.9629838185624133,0.9583069272376343,0.9546140954234127,0.9816060210379617,0.9530089230004389,0.9167558924612138,0.978624191948402,0.9739437380806877,0.9446027843793864],[0.9964829708317808,0.9950539244427273,0.9904593352614266,0.9999926411934216,0.9784711626170363,0.9700640686124684,0.9626063410479582,0.9722358122415695,0.9669243569834194,0.9999913738295263,1.0,0.999975553236845,0.9938852870765121,0.992862212371029,0.9999606530028128,0.9696243834503135,0.995476699479704,0.9727294033466155,0.8976043722500784,0.9250286734333506,0.4907270452210546,0.9973352772164905,0.9309053231764023,-0.1722662005192661,0.4062935442072301,0.8856882815844919,0.9115498754667681,0.9634697884011705,0.9478244572346672,0.9378640989335344,0.9746144888277527,0.9324529631584404,0.891062519448492,0.9702606034299426,0.9820685865691489,0.94063622859245],[0.9969424295876108,0.9946260306328258,0.987195749863174,0.9999655535766847,0.9744805523727017,0.9736403814105304,0.9595204580183745,0.976236981339576,0.9699265740441593,0.999983678420135,0.999975553236845,1.0,0.9937555714971732,0.992722317172463,0.9999687011957865,0.9733523523823882,0.9955975078451657,0.9762246205495003,0.8855445575884049,0.9135894969726984,0.5609150167698899,0.996366585256597,0.9405691624127742,0.039786672387675935,-0.1742082501271763,0.9017048267224657,0.9238385126265636,0.9584984603574336,0.9514757005988201,0.9451684760104513,0.9786621725011619,0.9433118652310785,0.9102337422609451,0.9752566151186175,0.9738173790801856,0.9476940600607531],[0.992171266275013,0.9916015988543455,0.9971436306009968,0.9938569241531646,0.9830795554680193,0.9708393996616275,0.9773379709389735,0.9629134914867455,0.968282857665401,0.993776662162709,0.9938852870765121,0.9937555714971732,1.0,0.9997981957291133,0.9938031322414054,0.970253805026903,0.992359680153061,0.9632244895958317,0.8818969865757939,0.9113176441345805,0.40560446363032626,0.9907708024610228,0.927503731521545,-0.4296987006040275,0.424508262170046,0.8640143815948689,0.9163312911003677,0.9622148452262239,0.9260355025518894,0.9058940479840922,0.9608445777600368,0.907187866079254,0.8536433687242314,0.9651279012980962,0.9773917983674681,0.9319741042996043],[0.9933359601313435,0.9918103004979795,0.9969479285553607,0.9928570662310626,0.9807369480100427,0.9683088571569253,0.9774273343204463,0.9615113362432299,0.9645324257049199,0.9927627605404722,0.992862212371029,0.992722317172463,0.9997981957291133,1.0,0.9928973561707858,0.9676008966111463,0.9933318474805157,0.9619570921623805,0.8656735785848052,0.9215207536222072,0.25936185753860486,0.9876895453960688,0.9218314926852818,-0.7535549602154684,0.3973526171180176,0.8319624394341548,0.9154620358080352,0.9571812574913265,0.918881165196477,0.8966618086136582,0.9556589582146672,0.9087947272678643,0.8308130010614321,0.9648092051733959,0.9757587842488061,0.9280525274276755],[0.9965743461556521,0.9951188781823719,0.9901622817543857,0.999954311385389,0.9779497422540356,0.9700872959247177,0.9624054677489239,0.9724897733025609,0.9668961341884053,0.9999582743115512,0.9999606530028128,0.9999687011957865,0.9938031322414054,0.9928973561707858,1.0,0.9697332497534048,0.9955643817713057,0.9728778035468336,0.8978957101575704,0.9255582907034976,0.4908021911210288,0.9971469850057906,0.9309690788342061,-0.17028947797372554,0.408501023504522,0.8861949541880393,0.9102874108491411,0.9631430997667698,0.947942320017235,0.9382539397544514,0.9746185472014889,0.9329202963043144,0.8914343452348925,0.9701717530703867,0.9820792381580999,0.9412928352786475],[0.9861080512468843,0.9814506286944795,0.9662873329021193,0.9746952752190069,0.9338637678174769,0.999905492905356,0.9844636142015455,0.9846356438263422,0.9829673426610644,0.9742069082468837,0.9696243834503135,0.9733523523823882,0.970253805026903,0.9676008966111463,0.9697332497534048,1.0,0.9873333865865578,0.9839165486058985,0.9038594146411747,0.8963913843869518,0.6254650430289668,0.964417519796189,0.9058566406738376,0.07330491449160913,-0.19034688975974706,0.9397921019842517,0.8837170071309994,0.9638382933708318,0.9618374432804006,0.9339198113231731,0.9571416535941761,0.9560695988432338,0.9481791629317652,0.9672268853990387,0.9798408853856063,0.964146204344631],[0.9997345340411751,0.9975247274439399,0.9836421239747205,0.99578956604068,0.9619493400440868,0.9873883501010706,0.9737808362023835,0.9849517563075668,0.9756302811129577,0.9956803370688103,0.995476699479704,0.9955975078451657,0.992359680153061,0.9933318474805157,0.9955643817713057,0.9873333865865578,1.0,0.9853666807619279,0.9190736166146856,0.9368178435210225,0.552637450206043,0.9882377131044142,0.9225236133435145,-0.11174933972792149,0.43345480507172557,0.9163204416604926,0.8978667639502796,0.9675614590891316,0.9667536394942364,0.9482678284211274,0.9726385171517653,0.9528576731024511,0.9242231903651789,0.9770166821180926,0.9878094953432088,0.9638682741353698],[0.9872908423115943,0.9819621066540365,0.9509826132214504,0.9767798404089386,0.9189285532013536,0.983668751608704,0.9567391367822,0.999888128888871,0.9835542236188123,0.9768703224630493,0.9727294033466155,0.9762246205495003,0.9632244895958317,0.9619570921623805,0.9728778035468336,0.9839165486058985,0.9853666807619279,1.0,0.9313700079539866,0.9369454604310375,0.6087060863501411,0.9614218687156812,0.9070668260870282,0.16126225330855368,-0.28333427957931756,0.9145199086746248,0.861207934607309,0.947570681492973,0.9798291856192963,0.958426267829387,0.966090662197562,0.9659672178615603,0.937504257996051,0.9643432331340556,0.9595280682061157,0.9705120477448405],[0.8959567673000505,0.9149708811163747,0.8478975663519194,0.8766113356894976,0.8074577428838629,0.9009456798434664,0.8637254739429518,0.9285175605652353,0.902516764376351,0.8783326444440075,0.8976043722500784,0.8855445575884049,0.8818969865757939,0.8656735785848052,0.8978957101575704,0.9038594146411747,0.9190736166146856,0.9313700079539866,1.0,0.8328863311656611,0.686085692920668,0.8470158957624375,0.8068013868387814,0.24614902745531375,-0.16151930719728746,0.8611450358257735,0.7340840886389005,0.8580834807216156,0.8950821179594536,0.8624824828773454,0.8529855972852338,0.8748234445043039,0.8611274710157871,0.8564584238236045,0.8730655822061378,0.8970515415235786],[0.915771893271676,0.9059888840591019,0.813548626344065,0.8953949780058817,0.7760909274603837,0.8724938711068587,0.7926627655637873,0.9307746921539285,0.8650994240727902,0.8966734466150166,0.9250286734333506,0.9135894969726984,0.9113176441345805,0.9215207536222072,0.9255582907034976,0.8963913843869518,0.9368178435210225,0.9369454604310375,0.8328863311656611,1.0,0.819616716467888,0.8444251690411286,0.8658775520078339,0.6218020893328179,-0.5194089610182275,0.7238761228208167,0.8077538521938075,0.817104374164579,0.9603469476944722,0.9390435302474682,0.894635503149781,0.9481499336041128,0.9030444131042766,0.8999858053374544,0.8505777843362222,0.8879264548721456],[0.6709088521874562,0.693313599010988,0.5312425365278262,0.6294666433601112,0.4755238740907567,0.6407274579913981,0.5289791072011786,0.611949105506614,0.5281767220055013,0.6256790727425678,0.4907270452210546,0.5609150167698899,0.40560446363032626,0.25936185753860486,0.4908021911210288,0.6254650430289668,0.552637450206043,0.6087060863501411,0.686085692920668,0.819616716467888,1.0,0.5609578575846934,0.672503222475106,0.7234696428320277,-0.115972963988123,0.5303129453853375,0.5564811646415727,0.5958786826704583,0.7640623226356152,0.6918181432795169,0.6013316655049797,0.7270620357615954,0.7473482870256603,0.6468057872554538,0.6128214479730151,0.667020651177491],[0.9843028453894177,0.9701239546194809,0.9924021983054838,0.9940899654986689,0.9848617936598297,0.9670636341784395,0.9579659838891311,0.963147105569623,0.9680164468639162,0.994284598467788,0.9973352772164905,0.996366585256597,0.9907708024610228,0.9876895453960688,0.9971469850057906,0.964417519796189,0.9882377131044142,0.9614218687156812,0.8470158957624375,0.8444251690411286,0.5609578575846934,1.0,0.9216242551368836,0.2335076590435653,-0.2664548193785573,0.8719149052648991,0.9456475804880329,0.9660839761917828,0.9231871288634313,0.9337669374191655,0.9742344170039754,0.9274465334635245,0.8874477851554975,0.9671671292955993,0.9606972893252701,0.9246941343309648],[0.938287037757725,0.9223262628699539,0.9356737305095844,0.9429402971698351,0.9260940261531886,0.9111390779442242,0.9143266407474316,0.9035035385486933,0.92263926704829,0.9429663043510281,0.9309053231764023,0.9405691624127742,0.927503731521545,0.9218314926852818,0.9309690788342061,0.9058566406738376,0.9225236133435145,0.9070668260870282,0.8068013868387814,0.8658775520078339,0.672503222475106,0.9216242551368836,1.0,0.2760636609896018,-0.18492839366896296,0.7277486602498173,0.910000039106274,0.9048306988568755,0.898463019035703,0.8625720865132552,0.9399214857777295,0.8744811492474652,0.8408611235891003,0.9342427117662797,0.8932260092459308,0.864962749448184],[0.3414637339896886,0.34044088310730025,0.16775801272096544,0.3062688140920283,0.13020746606393369,0.22200602451151788,0.08346635865406174,0.19828969997290605,0.05840915415786521,0.3111766795773472,-0.1722662005192661,0.039786672387675935,-0.4296987006040275,-0.7535549602154684,-0.17028947797372554,0.07330491449160913,-0.11174933972792149,0.16126225330855368,0.24614902745531375,0.6218020893328179,0.7234696428320277,0.2335076590435653,0.2760636609896018,1.0,-0.37943255422183564,0.2510498229162115,0.20897379924394646,0.15828044092973304,0.44756868846146514,0.438097686574173,0.2778576401585704,0.46138980627257353,0.3925838442510518,0.30977894234485126,0.23145775764460375,0.35148021242364896],[-0.2898995703149249,-0.22356325390386117,-0.21130719962973843,-0.2772080160354974,-0.1972751364379548,-0.2160226230539793,-0.15579155326208163,-0.30542513411402866,-0.22838003107155228,-0.27668918475190485,0.4062935442072301,-0.1742082501271763,0.424508262170046,0.3973526171180176,0.408501023504522,-0.19034688975974706,0.43345480507172557,-0.28333427957931756,-0.16151930719728746,-0.5194089610182275,-0.115972963988123,-0.2664548193785573,-0.18492839366896296,-0.37943255422183564,1.0,-0.15576145973331443,-0.24886514944515836,-0.1807518713014911,-0.3826423966203185,-0.3707542426465191,-0.3067823631966215,-0.34088258218784073,-0.20951432749507135,-0.33560023471386796,-0.18049667933276448,-0.3110936800338599],[0.9005773685105067,0.8803051941581318,0.8768094982777368,0.8904730438916961,0.8376658416260747,0.932974407121118,0.8944223601511379,0.9097962853932997,0.8882174308009325,0.8909663451045552,0.8856882815844919,0.9017048267224657,0.8640143815948689,0.8319624394341548,0.8861949541880393,0.9397921019842517,0.9163204416604926,0.9145199086746248,0.8611450358257735,0.7238761228208167,0.5303129453853375,0.8719149052648991,0.7277486602498173,0.2510498229162115,-0.15576145973331443,1.0,0.7664655878279779,0.8904900333486733,0.8277616980268253,0.8705847011442145,0.8353338425883307,0.8777952630590308,0.8718124772872758,0.8656427524450715,0.8726518383972516,0.9035278814058116],[0.923843016118739,0.9190246258078734,0.9478656588801273,0.9383691412869645,0.9561624193361773,0.8960477535499319,0.9006398307318748,0.866614686643982,0.8792407563881659,0.9367767127803946,0.9115498754667681,0.9238385126265636,0.9163312911003677,0.9154620358080352,0.9102874108491411,0.8837170071309994,0.8978667639502796,0.861207934607309,0.7340840886389005,0.8077538521938075,0.5564811646415727,0.9456475804880329,0.910000039106274,0.20897379924394646,-0.24886514944515836,0.7664655878279779,1.0,0.8854154180602297,0.8625956266408776,0.8569295154867249,0.915268628145316,0.8524805075175237,0.8123498451534951,0.9079767955133906,0.8979264264069214,0.8547349969262388],[0.9621944410984962,0.9615923005476115,0.965632328896561,0.9643288801348191,0.9452576225250751,0.9665020224727904,0.9617402150134443,0.9476451712542,0.9671265928145719,0.9629838185624133,0.9634697884011705,0.9584984603574336,0.9622148452262239,0.9571812574913265,0.9631430997667698,0.9638382933708318,0.9675614590891316,0.947570681492973,0.8580834807216156,0.817104374164579,0.5958786826704583,0.9660839761917828,0.9048306988568755,0.15828044092973304,-0.1807518713014911,0.8904900333486733,0.8854154180602297,1.0,0.9131868916591949,0.8990502972666922,0.9481433223822856,0.8986606237229009,0.8890062823619361,0.953896509397729,0.9748874825098365,0.8999024629771588],[0.973663999322659,0.9552356512600967,0.9065971333382484,0.958588798487394,0.8686605152625053,0.958541354879961,0.9022616480858205,0.9793525177962671,0.9382608132228316,0.9583069272376343,0.9478244572346672,0.9514757005988201,0.9260355025518894,0.918881165196477,0.947942320017235,0.9618374432804006,0.9667536394942364,0.9798291856192963,0.8950821179594536,0.9603469476944722,0.7640623226356152,0.9231871288634313,0.898463019035703,0.44756868846146514,-0.3826423966203185,0.8277616980268253,0.8625956266408776,0.9131868916591949,1.0,0.9867887672450865,0.9574429811441104,0.9908830394233006,0.9546082892066442,0.9590641801510932,0.9153465409631846,0.968518981904854],[0.963825453505384,0.9521898583732038,0.9006769121499888,0.95542655475545,0.8702556690390466,0.936383739785145,0.8748234690438202,0.9589352622126396,0.9095271501764746,0.9546140954234127,0.9378640989335344,0.9451684760104513,0.9058940479840922,0.8966618086136582,0.9382539397544514,0.9339198113231731,0.9482678284211274,0.958426267829387,0.8624824828773454,0.9390435302474682,0.6918181432795169,0.9337669374191655,0.8625720865132552,0.438097686574173,-0.3707542426465191,0.8705847011442145,0.8569295154867249,0.8990502972666922,0.9867887672450865,1.0,0.9498777217507882,0.9849154635220306,0.9566237084039712,0.9421979227690086,0.9258220962379788,0.9651583116178979],[0.9803267006679908,0.9721998890279991,0.9669563214708495,0.9824212150919778,0.9510075219497796,0.960436088867043,0.9436623861913049,0.9677532967376077,0.9641427582090177,0.9816060210379617,0.9746144888277527,0.9786621725011619,0.9608445777600368,0.9556589582146672,0.9746185472014889,0.9571416535941761,0.9726385171517653,0.966090662197562,0.8529855972852338,0.894635503149781,0.6013316655049797,0.9742344170039754,0.9399214857777295,0.2778576401585704,-0.3067823631966215,0.8353338425883307,0.915268628145316,0.9481433223822856,0.9574429811441104,0.9498777217507882,1.0,0.9493814185630811,0.9078484443495357,0.9789004843411939,0.9659122290817143,0.9454220108748668],[0.9685121688444617,0.9552634518352998,0.9022798851098196,0.9536022938513959,0.8649563485579111,0.9548145606481967,0.897379297212936,0.9671896993135224,0.92545471371912,0.9530089230004389,0.9324529631584404,0.9433118652310785,0.907187866079254,0.9087947272678643,0.9329202963043144,0.9560695988432338,0.9528576731024511,0.9659672178615603,0.8748234445043039,0.9481499336041128,0.7270620357615954,0.9274465334635245,0.8744811492474652,0.46138980627257353,-0.34088258218784073,0.8777952630590308,0.8524805075175237,0.8986606237229009,0.9908830394233006,0.9849154635220306,0.9493814185630811,1.0,0.9743467980487246,0.9472774052476632,0.9382978803510935,0.9653794700619721],[0.936507059637174,0.9356575417273751,0.8732419344247307,0.9180734162005769,0.8284574901161728,0.9494774900921956,0.8990476676382358,0.9378649043988186,0.9037155782856421,0.9167558924612138,0.891062519448492,0.9102337422609451,0.8536433687242314,0.8308130010614321,0.8914343452348925,0.9481791629317652,0.9242231903651789,0.937504257996051,0.8611274710157871,0.9030444131042766,0.7473482870256603,0.8874477851554975,0.8408611235891003,0.3925838442510518,-0.20951432749507135,0.8718124772872758,0.8123498451534951,0.8890062823619361,0.9546082892066442,0.9566237084039712,0.9078484443495357,0.9743467980487246,1.0,0.9068585559074293,0.9253072257079104,0.9533375854677563],[0.9833438768074034,0.9743972170127689,0.9595475993571304,0.9793348655813363,0.93583650869086,0.965284637317335,0.9400607632044276,0.9651440516726024,0.9565603263364048,0.978624191948402,0.9702606034299426,0.9752566151186175,0.9651279012980962,0.9648092051733959,0.9701717530703867,0.9672268853990387,0.9770166821180926,0.9643432331340556,0.8564584238236045,0.8999858053374544,0.6468057872554538,0.9671671292955993,0.9342427117662797,0.30977894234485126,-0.33560023471386796,0.8656427524450715,0.9079767955133906,0.953896509397729,0.9590641801510932,0.9421979227690086,0.9789004843411939,0.9472774052476632,0.9068585559074293,1.0,0.9620762783910783,0.9473442273389706],[0.9767758252599744,0.96873886716381,0.9704486031370335,0.974878943528397,0.9478572018018606,0.9806576748105172,0.9715552645325142,0.9614471829612079,0.9750333939126994,0.9739437380806877,0.9820685865691489,0.9738173790801856,0.9773917983674681,0.9757587842488061,0.9820792381580999,0.9798408853856063,0.9878094953432088,0.9595280682061157,0.8730655822061378,0.8505777843362222,0.6128214479730151,0.9606972893252701,0.8932260092459308,0.23145775764460375,-0.18049667933276448,0.8726518383972516,0.8979264264069214,0.9748874825098365,0.9153465409631846,0.9258220962379788,0.9659122290817143,0.9382978803510935,0.9253072257079104,0.9620762783910783,1.0,0.9270437686064912],[0.9577094481702525,0.9529059919309987,0.9139532715204072,0.9459317936929638,0.8779981148898014,0.9601974064570734,0.9172184118838813,0.9694447915990084,0.9325341241367519,0.9446027843793864,0.94063622859245,0.9476940600607531,0.9319741042996043,0.9280525274276755,0.9412928352786475,0.964146204344631,0.9638682741353698,0.9705120477448405,0.8970515415235786,0.8879264548721456,0.667020651177491,0.9246941343309648,0.864962749448184,0.35148021242364896,-0.3110936800338599,0.9035278814058116,0.8547349969262388,0.8999024629771588,0.968518981904854,0.9651583116178979,0.9454220108748668,0.9653794700619721,0.9533375854677563,0.9473442273389706,0.9270437686064912,1.0]],"x":["^TAIEX       \u81fa\u7063\u52a0\u6b0a\u5831\u916c\u6307\u6578","^TWII        \u81fa\u7063\u52a0\u6b0a\u6307\u6578","^TAIEXx2     \u81fa\u7063\u52a0\u6b0a\u5831\u916c\u6307\u6578_\u65e5\u6b632","^TAI50I      \u81fa\u706350\u5831\u916c\u6307\u6578","^TAI50Ix2    \u81fa\u706350\u5831\u916c\u6307\u6578_\u65e5\u6b632","^TAI100I     \u81fa\u7063\u4e2d\u578b100\u5831\u916c\u6307\u6578","^TAI100Ix2   \u81fa\u7063\u4e2d\u578b100\u5831\u916c\u6307\u6578_\u65e5\u6b632","^TAIDIVIDI   \u81fa\u7063\u9ad8\u80a1\u606f\u5831\u916c\u6307\u6578","^TAIDIVIDIx2 \u81fa\u7063\u9ad8\u80a1\u606f\u5831\u916c\u6307\u6578_\u65e5\u6b632","0050Fund     \u5143\u5927\u53f0\u7063\u5353\u8d8a50\u57fa\u91d1","006208Fund   \u5bcc\u90a6\u53f0\u7063\u91c6\u540950\u57fa\u91d1","0050         \u5143\u5927\u81fa\u706350","00631L       \u5143\u5927\u53f0\u706350\u6b632","00675L       \u5bcc\u90a6\u81fa\u7063\u52a0\u6b0a\u6b632","006208       \u5bcc\u90a6\u53f050","0051         \u5143\u5927\u4e2d\u578b100","006204       \u6c38\u8c50\u81fa\u7063\u52a0\u6b0a","0056         \u5143\u5927\u9ad8\u80a1\u606f","0056         \u5143\u5927\u9ad8\u80a1\u606f_\u80a1\u606f\u4e0d\u6295\u5165","2412         \u4e2d\u83ef\u96fb\u4fe1","2002         \u4e2d\u92fc","2330         \u53f0\u7a4d\u96fb","2317         \u9d3b\u6d77","6505         \u53f0\u5851\u77f3\u5316","3481         \u7fa4\u5275","2303         \u806f\u96fb","2308         \u53f0\u9054\u96fb","2454         \u806f\u767c\u79d1","2886         \u5146\u8c50\u91d1","2884         \u7389\u5c71\u91d1","2891         \u4e2d\u4fe1\u91d1","2892         \u7b2c\u4e00\u91d1","5880         \u5408\u5eab\u91d1","2881         \u5bcc\u90a6\u91d1","2885         \u5143\u5927\u91d1","2887         \u53f0\u65b0\u91d1"],"y":["^TAIEX       \u81fa\u7063\u52a0\u6b0a\u5831\u916c\u6307\u6578","^TWII        \u81fa\u7063\u52a0\u6b0a\u6307\u6578","^TAIEXx2     \u81fa\u7063\u52a0\u6b0a\u5831\u916c\u6307\u6578_\u65e5\u6b632","^TAI50I      \u81fa\u706350\u5831\u916c\u6307\u6578","^TAI50Ix2    \u81fa\u706350\u5831\u916c\u6307\u6578_\u65e5\u6b632","^TAI100I     \u81fa\u7063\u4e2d\u578b100\u5831\u916c\u6307\u6578","^TAI100Ix2   \u81fa\u7063\u4e2d\u578b100\u5831\u916c\u6307\u6578_\u65e5\u6b632","^TAIDIVIDI   \u81fa\u7063\u9ad8\u80a1\u606f\u5831\u916c\u6307\u6578","^TAIDIVIDIx2 \u81fa\u7063\u9ad8\u80a1\u606f\u5831\u916c\u6307\u6578_\u65e5\u6b632","0050Fund     \u5143\u5927\u53f0\u7063\u5353\u8d8a50\u57fa\u91d1","006208Fund   \u5bcc\u90a6\u53f0\u7063\u91c6\u540950\u57fa\u91d1","0050         \u5143\u5927\u81fa\u706350","00631L       \u5143\u5927\u53f0\u706350\u6b632","00675L       \u5bcc\u90a6\u81fa\u7063\u52a0\u6b0a\u6b632","006208       \u5bcc\u90a6\u53f050","0051         \u5143\u5927\u4e2d\u578b100","006204       \u6c38\u8c50\u81fa\u7063\u52a0\u6b0a","0056         \u5143\u5927\u9ad8\u80a1\u606f","0056         \u5143\u5927\u9ad8\u80a1\u606f_\u80a1\u606f\u4e0d\u6295\u5165","2412         \u4e2d\u83ef\u96fb\u4fe1","2002         \u4e2d\u92fc","2330         \u53f0\u7a4d\u96fb","2317         \u9d3b\u6d77","6505         \u53f0\u5851\u77f3\u5316","3481         \u7fa4\u5275","2303         \u806f\u96fb","2308         \u53f0\u9054\u96fb","2454         \u806f\u767c\u79d1","2886         \u5146\u8c50\u91d1","2884         \u7389\u5c71\u91d1","2891         \u4e2d\u4fe1\u91d1","2892         \u7b2c\u4e00\u91d1","5880         \u5408\u5eab\u91d1","2881         \u5bcc\u90a6\u91d1","2885         \u5143\u5927\u91d1","2887         \u53f0\u65b0\u91d1"],"zmin":-1,"zmax":1,"colorbar":{"x":-0.2}}],"layout":{"autotypenumbers":"strict","colorway":["#636efa","#EF553B","#00cc96","#ab63fa","#FFA15A","#19d3f3","#FF6692","#B6E880","#FF97FF","#FECB52"],"font":{"color":"#f2f5fa","family":"Courier New"},"hovermode":"closest","hoverlabel":{"align":"left"},"paper_bgcolor":"rgb(17,17,17)","plot_bgcolor":"rgb(17,17,17)","polar":{"bgcolor":"rgb(17,17,17)","angularaxis":{"gridcolor":"#506784","linecolor":"#506784","ticks":""},"radialaxis":{"gridcolor":"#506784","linecolor":"#506784","ticks":""}},"ternary":{"bgcolor":"rgb(17,17,17)","aaxis":{"gridcolor":"#506784","linecolor":"#506784","ticks":""},"baxis":{"gridcolor":"#506784","linecolor":"#506784","ticks":""},"caxis":{"gridcolor":"#506784","linecolor":"#506784","ticks":""}},"coloraxis":{"colorbar":{"outlinewidth":0,"ticks":""}},"colorscale":{"sequential":[[0.0,"#0d0887"],[0.1111111111111111,"#46039f"],[0.2222222222222222,"#7201a8"],[0.3333333333333333,"#9c179e"],[0.4444444444444444,"#bd3786"],[0.5555555555555556,"#d8576b"],[0.6666666666666666,"#ed7953"],[0.7777777777777778,"#fb9f3a"],[0.8888888888888888,"#fdca26"],[1.0,"#f0f921"]],"sequentialminus":[[0.0,"#0d0887"],[0.1111111111111111,"#46039f"],[0.2222222222222222,"#7201a8"],[0.3333333333333333,"#9c179e"],[0.4444444444444444,"#bd3786"],[0.5555555555555556,"#d8576b"],[0.6666666666666666,"#ed7953"],[0.7777777777777778,"#fb9f3a"],[0.8888888888888888,"#fdca26"],[1.0,"#f0f921"]],"diverging":[[0,"#8e0152"],[0.1,"#c51b7d"],[0.2,"#de77ae"],[0.3,"#f1b6da"],[0.4,"#fde0ef"],[0.5,"#f7f7f7"],[0.6,"#e6f5d0"],[0.7,"#b8e186"],[0.8,"#7fbc41"],[0.9,"#4d9221"],[1,"#276419"]]},"xaxis":{"gridcolor":"rgba(0, 0, 0, 0)","linecolor":"#506784","ticks":"","title":{"standoff":15},"zerolinecolor":"#283442","automargin":true,"zerolinewidth":2,"tickfont":{"family":"Courier New","size":14},"side":"top","tickangle":-90},"yaxis":{"gridcolor":"rgba(0, 0, 0, 0)","linecolor":"#506784","ticks":"","title":{"standoff":15},"zerolinecolor":"#283442","automargin":true,"zerolinewidth":2,"tickfont":{"family":"Courier New"},"side":"right"},"scene":{"xaxis":{"backgroundcolor":"rgb(17,17,17)","gridcolor":"#506784","linecolor":"#506784","showbackground":true,"ticks":"","zerolinecolor":"#C8D4E3","gridwidth":2},"yaxis":{"backgroundcolor":"rgb(17,17,17)","gridcolor":"#506784","linecolor":"#506784","showbackground":true,"ticks":"","zerolinecolor":"#C8D4E3","gridwidth":2},"zaxis":{"backgroundcolor":"rgb(17,17,17)","gridcolor":"#506784","linecolor":"#506784","showbackground":true,"ticks":"","zerolinecolor":"#C8D4E3","gridwidth":2}},"shapedefaults":{"line":{"color":"#f2f5fa"}},"annotationdefaults":{"arrowcolor":"#f2f5fa","arrowhead":0,"arrowwidth":1},"geo":{"bgcolor":"rgb(17,17,17)","landcolor":"rgb(17,17,17)","subunitcolor":"#506784","showland":true,"showlakes":true,"lakecolor":"rgb(17,17,17)"},"title":{"x":0.05,"font":{"family":"Times New Roman"},"y":0.05,"text":"<b>Correlation of Adj Close<b><br><i>2016-09-23 ~ 2026-01-22<i>"},"updatemenudefaults":{"bgcolor":"#506784","borderwidth":0},"sliderdefaults":{"bgcolor":"#C8D4E3","borderwidth":1,"bordercolor":"rgb(17,17,17)","tickwidth":0},"mapbox":{"style":"dark"},"annotations":[{"text":"<b>@zwindr<b>","textangle":0,"opacity":0.5,"font":{"color":"white","size":12},"xref":"paper","yref":"paper","xanchor":"left","yanchor":"bottom","x":1.0,"y":1.0,"showarrow":false}]},"config":{"responsive":true,"toImageButtonOptions":{"filename":"Correlation of Adj Close_2016-09-23~2026-01-22","scale":5}}};Plotly.newPlot("correlationAdjClose",correlationAdjClose.data,correlationAdjClose.layout||{},correlationAdjClose.config);}else{console.log("style display is none => correlationAdjClose");}