var element=document.getElementById("correlationClose");if(element.style.display!='none'){var correlationClose={"data":[{"type":"heatmap","z":[[1.0,0.999999999999998,1.0,0.9954190283991344,0.9954190283991344,0.9778237815977169,0.9778237815977169,0.9288220054852009,0.9288220054852009,0.6761420918858466,0.9961296595032932,0.6072007493243787,0.8853405715651157,0.9849315840476249,0.9962504657693323,0.9811280683831881,0.9994140721567182,0.9117572190888874,0.9117572190888874,0.748706431365154,-0.22551918982269278,0.9846600828145213,0.3273855026961442,-0.20695074479087894,-0.16193949062944005,0.8559794950447532,0.8877651971456317,0.9186573830773413,0.8747468941537077,0.7700184401575754,0.7190200246680314,0.6498418563300961,0.5694882494952062,0.9214634150667579,0.8955494970001482,0.34331704029762494],[0.999999999999998,1.0,0.9999999999999981,0.9953710810881672,0.9953710810881672,0.977496313021272,0.977496313021272,0.9292710061812124,0.9292710061812124,0.6753174098459702,0.9961543407263638,0.6063025165538103,0.8862023088889918,0.9845841719920356,0.9962719214026792,0.9809564851703929,0.9994171848594187,0.911486030779792,0.911486030779792,0.7639410868501729,-0.023051540320508445,0.9789533137218788,0.07015127382547072,-0.20190464223585292,-0.1607051482791248,0.732257950174599,0.8838568098712003,0.9038546542383797,0.8717569598046151,0.7762448840538367,0.7134932141751575,0.6477026195487743,0.5931086953817399,0.9210182975633929,0.7919288624847324,0.3407912897661173],[1.0,0.9999999999999981,1.0,0.9954190283991344,0.9954190283991344,0.9778237815977169,0.9778237815977169,0.9288220054852009,0.9288220054852009,0.6761420918858466,0.9961296595032932,0.6072007493243787,0.8853405715651157,0.9849315840476249,0.9962504657693323,0.9811280683831881,0.9994140721567182,0.9117572190888874,0.9117572190888874,0.748706431365154,-0.22551918982269278,0.9846600828145213,0.3273855026961442,-0.20695074479087894,-0.16193949062944005,0.8559794950447532,0.8877651971456317,0.9186573830773413,0.8747468941537077,0.7700184401575754,0.7190200246680314,0.6498418563300961,0.5694882494952062,0.9214634150667579,0.8955494970001482,0.34331704029762494],[0.9954190283991344,0.9953710810881672,0.9954190283991344,1.0,1.0,0.9670796754194984,0.9670796754194984,0.9132291376233219,0.9132291376233219,0.6292714700502893,0.9997397412505328,0.5633960234319959,0.8918592151882261,0.9887543199816957,0.9996981973327737,0.9661868162609899,0.9956843231904325,0.8831185288713178,0.8831185288713178,0.713991251344902,-0.23030145379629824,0.9938314134102718,0.35288369894518345,-0.23778967111736343,-0.15540823254648942,0.8458908214827328,0.9117070286845671,0.9255573792562508,0.8450805158864172,0.7595191680192709,0.743632016753948,0.6345265311760959,0.5315064761377334,0.9017518631982611,0.8901248423755015,0.3566146300040304],[0.9954190283991344,0.9953710810881672,0.9954190283991344,1.0,1.0,0.9670796754194984,0.9670796754194984,0.9132291376233219,0.9132291376233219,0.6292714700502893,0.9997397412505328,0.5633960234319959,0.8918592151882261,0.9887543199816957,0.9996981973327737,0.9661868162609899,0.9956843231904325,0.8831185288713178,0.8831185288713178,0.713991251344902,-0.23030145379629824,0.9938314134102718,0.35288369894518345,-0.23778967111736343,-0.15540823254648942,0.8458908214827328,0.9117070286845671,0.9255573792562508,0.8450805158864172,0.7595191680192709,0.743632016753948,0.6345265311760959,0.5315064761377334,0.9017518631982611,0.8901248423755015,0.3566146300040304],[0.9778237815977169,0.977496313021272,0.9778237815977169,0.9670796754194984,0.9670796754194984,1.0,1.0,0.9483282586845739,0.9483282586845739,0.662930210027619,0.9656962180325834,0.6324004102388446,0.8589926082262238,0.951257936574353,0.9658055156331093,0.9991953146737355,0.9821205178482603,0.9196789970204263,0.9196789970204263,0.6550678522855501,-0.18951025931657509,0.958005827874668,0.4412289507734953,-0.3595664995944314,-0.06915755486598621,0.9011213707925719,0.8516908975747666,0.9221136001173231,0.8641734196292186,0.7481122622832522,0.8387955344789698,0.7338025121101859,0.6370607842603436,0.8744819801365339,0.9127639995757189,0.578032622067912],[0.9778237815977169,0.977496313021272,0.9778237815977169,0.9670796754194984,0.9670796754194984,1.0,1.0,0.9483282586845739,0.9483282586845739,0.662930210027619,0.9656962180325834,0.6324004102388446,0.8589926082262238,0.951257936574353,0.9658055156331093,0.9991953146737355,0.9821205178482603,0.9196789970204263,0.9196789970204263,0.6550678522855501,-0.18951025931657509,0.958005827874668,0.4412289507734953,-0.3595664995944314,-0.06915755486598621,0.9011213707925719,0.8516908975747666,0.9221136001173231,0.8641734196292186,0.7481122622832522,0.8387955344789698,0.7338025121101859,0.6370607842603436,0.8744819801365339,0.9127639995757189,0.578032622067912],[0.9288220054852009,0.9292710061812124,0.9288220054852009,0.9132291376233219,0.9132291376233219,0.9483282586845739,0.9483282586845739,1.0,1.0,0.6471220614842317,0.9456932981925434,0.6477351878606944,0.8289018563788554,0.9218436471469027,0.9458928704345106,0.9503692581417154,0.9563338724511748,0.970806388644698,0.970806388644698,0.6223047266488955,-0.07756556366042301,0.8875993696864772,0.637190485506145,-0.3939964489086354,0.04142758635720121,0.8389252163624485,0.7682096200922361,0.882122675417884,0.8420273781212927,0.7681402169063994,0.9091481284376637,0.7814579326259723,0.6692530996338769,0.8321633641540055,0.893967997532487,0.8506664926116836],[0.9288220054852009,0.9292710061812124,0.9288220054852009,0.9132291376233219,0.9132291376233219,0.9483282586845739,0.9483282586845739,1.0,1.0,0.6471220614842317,0.9456932981925434,0.6477351878606944,0.8289018563788554,0.9218436471469027,0.9458928704345106,0.9503692581417154,0.9563338724511748,0.970806388644698,0.970806388644698,0.6223047266488955,-0.07756556366042301,0.8875993696864772,0.637190485506145,-0.3939964489086354,0.04142758635720121,0.8389252163624485,0.7682096200922361,0.882122675417884,0.8420273781212927,0.7681402169063994,0.9091481284376637,0.7814579326259723,0.6692530996338769,0.8321633641540055,0.893967997532487,0.8506664926116836],[0.6761420918858466,0.6753174098459702,0.6761420918858466,0.6292714700502893,0.6292714700502893,0.662930210027619,0.662930210027619,0.6471220614842317,0.6471220614842317,1.0,0.47058283671603995,0.999968827908326,0.2538962478336177,0.2135015736601441,0.4724872096516246,0.6548647398344962,0.5463359250450575,0.7498979222329315,0.7498979222329315,0.6819778315763453,-0.10265035097950703,0.6064078124043175,0.04678957190906524,0.04298157891609393,-0.23860330047043632,0.689724731858873,0.322649842183418,0.5706612529619435,0.7925309175848866,0.66499844212047,0.3130732561523119,0.520536017990324,0.5629327188274998,0.7444745105027601,0.5526958753952967,0.17380194155522963],[0.9961296595032932,0.9961543407263638,0.9961296595032932,0.9997397412505328,0.9997397412505328,0.9656962180325834,0.9656962180325834,0.9456932981925434,0.9456932981925434,0.47058283671603995,1.0,0.4706097483128704,0.8911784078822698,0.988208777317685,0.999955805533429,0.9627125152769633,0.9955342006946627,0.8945499632899209,0.8945499632899209,0.8371790837912996,-0.15869004791247845,0.9970152188398184,0.9156579793517554,-0.5453114221641452,0.6410610468831822,0.8519905036535306,0.9022911304437684,0.9367116967217111,0.8255365674119755,0.77896867704407,0.9502167506328358,0.809336092007477,0.6510511182605118,0.888011298350586,0.966091971697852,0.8607107560929099],[0.6072007493243787,0.6063025165538103,0.6072007493243787,0.5633960234319959,0.5633960234319959,0.6324004102388446,0.6324004102388446,0.6477351878606944,0.6477351878606944,0.999968827908326,0.4706097483128704,1.0,0.25386461834044355,0.21289657563590828,0.472050172077235,0.6417096127969929,0.5458114331409785,0.7381319161110516,0.7381319161110516,0.6293892414816447,0.028193215835633362,0.5448152694060425,0.36799469100363735,-0.16339486415289062,-0.21120096410630496,0.6985141117849556,0.23568761009913836,0.5243510706169627,0.7581501190171027,0.679200110362232,0.4553909249074823,0.6728120507367559,0.6750871639585796,0.6863612792791636,0.5112819746924075,0.5712411055193167],[0.8853405715651157,0.8862023088889918,0.8853405715651157,0.8918592151882261,0.8918592151882261,0.8589926082262238,0.8589926082262238,0.8289018563788554,0.8289018563788554,0.2538962478336177,0.8911784078822698,0.25386461834044355,1.0,0.9998836979836296,0.8916447036856737,0.853902235703515,0.8837016444757344,0.7555449902445555,0.7555449902445555,0.6507893529721026,-0.13773545288323435,0.884811192343099,0.8290857179006438,-0.6247951007728586,0.7103676261392257,0.7392168929704818,0.8791221473865729,0.8804520597665424,0.654837655569238,0.5941070282967954,0.864105847197825,0.6370125794340425,0.4671479931303424,0.770851018628608,0.8730413825023382,0.8006101660551024],[0.9849315840476249,0.9845841719920356,0.9849315840476249,0.9887543199816957,0.9887543199816957,0.951257936574353,0.951257936574353,0.9218436471469027,0.9218436471469027,0.2135015736601441,0.988208777317685,0.21289657563590828,0.9998836979836296,1.0,0.9881392430708328,0.9449056826607798,0.9820719277616867,0.8516534466506495,0.8516534466506495,0.8245878217559321,-0.26309152281485476,0.9791233334595373,0.892097724278492,-0.7102253532394811,0.7661408394984678,0.8035355657674943,0.9528299550626542,0.9497797097018221,0.7250230370075437,0.6499429708639289,0.9388128808282863,0.7249860725210034,0.4755640622113477,0.8483910472261795,0.9609128188343263,0.8630669035978702],[0.9962504657693323,0.9962719214026792,0.9962504657693323,0.9996981973327737,0.9996981973327737,0.9658055156331093,0.9658055156331093,0.9458928704345106,0.9458928704345106,0.4724872096516246,0.999955805533429,0.472050172077235,0.8916447036856737,0.9881392430708328,1.0,0.9630953389104636,0.9956707409117554,0.8959556620617379,0.8959556620617379,0.8381640973134947,-0.1590541585181343,0.9969256436050599,0.9154495957256693,-0.5431893881021743,0.6427247544822027,0.8535170275084727,0.9019586843412278,0.9364608017627114,0.8262534670868044,0.7799972230738462,0.9502090286099829,0.8105152285815234,0.6517402341748059,0.8889956920596315,0.9663989954142994,0.8620420410276668],[0.9811280683831881,0.9809564851703929,0.9811280683831881,0.9661868162609899,0.9661868162609899,0.9991953146737355,0.9991953146737355,0.9503692581417154,0.9503692581417154,0.6548647398344962,0.9627125152769633,0.6417096127969929,0.853902235703515,0.9449056826607798,0.9630953389104636,1.0,0.9811068392235144,0.9231274184297658,0.9231274184297658,0.7053225956003831,-0.18073130671173587,0.9599744927162149,0.7469501965122933,-0.48518648586655566,-0.04809390267088936,0.9097215011612533,0.8382406956534978,0.9153167774737833,0.8711948238364845,0.7788111938728428,0.9059277647034445,0.7763677818920823,0.6910050885303672,0.8957278442442884,0.9105483952863525,0.8476738962917482],[0.9994140721567182,0.9994171848594187,0.9994140721567182,0.9956843231904325,0.9956843231904325,0.9821205178482603,0.9821205178482603,0.9563338724511748,0.9563338724511748,0.5463359250450575,0.9955342006946627,0.5458114331409785,0.8837016444757344,0.9820719277616867,0.9956707409117554,0.9811068392235144,1.0,0.9229556973132356,0.9229556973132356,0.855959257399725,-0.14104042260343833,0.9913610246667749,0.9005845199370643,-0.5377251318295347,0.6297204700142751,0.8858589033797152,0.8809282071541344,0.9370273119020087,0.866121909994029,0.805489170411524,0.9431079687417396,0.8502604484902082,0.7070753904505334,0.9074021455155737,0.9717728915249996,0.8921613978130557],[0.9117572190888874,0.911486030779792,0.9117572190888874,0.8831185288713178,0.8831185288713178,0.9196789970204263,0.9196789970204263,0.970806388644698,0.970806388644698,0.7498979222329315,0.8945499632899209,0.7381319161110516,0.7555449902445555,0.8516534466506495,0.8959556620617379,0.9231274184297658,0.9229556973132356,1.0,1.0,0.761386074621642,-0.11641313425692894,0.8582598131706362,0.6456724430878789,-0.2861909994822659,-0.11354182979474892,0.8568992227272468,0.6915159744809787,0.8251017146417136,0.911643633268732,0.8449561315383869,0.8271570405547282,0.7725639279526916,0.6865296056523359,0.8719545173347949,0.817512881509948,0.8768319120080558],[0.9117572190888874,0.911486030779792,0.9117572190888874,0.8831185288713178,0.8831185288713178,0.9196789970204263,0.9196789970204263,0.970806388644698,0.970806388644698,0.7498979222329315,0.8945499632899209,0.7381319161110516,0.7555449902445555,0.8516534466506495,0.8959556620617379,0.9231274184297658,0.9229556973132356,1.0,1.0,0.761386074621642,-0.11641313425692894,0.8582598131706362,0.6456724430878789,-0.2861909994822659,-0.11354182979474892,0.8568992227272468,0.6915159744809787,0.8251017146417136,0.911643633268732,0.8449561315383869,0.8271570405547282,0.7725639279526916,0.6865296056523359,0.8719545173347949,0.817512881509948,0.8768319120080558],[0.748706431365154,0.7639410868501729,0.748706431365154,0.713991251344902,0.713991251344902,0.6550678522855501,0.6550678522855501,0.6223047266488955,0.6223047266488955,0.6819778315763453,0.8371790837912996,0.6293892414816447,0.6507893529721026,0.8245878217559321,0.8381640973134947,0.7053225956003831,0.855959257399725,0.761386074621642,0.761386074621642,1.0,-0.00043784708662734695,0.683637969709319,-0.2600825714127986,0.24516516473645902,-0.6178743439433367,0.4071413770313853,0.5507875595695999,0.5005988796334627,0.8470163151722405,0.7164576829170711,0.23361716735295052,0.35924589995722234,0.5772920942692887,0.79058127127191,0.5167879320967795,-0.05789166081006463],[-0.22551918982269278,-0.023051540320508445,-0.22551918982269278,-0.23030145379629824,-0.23030145379629824,-0.18951025931657509,-0.18951025931657509,-0.07756556366042301,-0.07756556366042301,-0.10265035097950703,-0.15869004791247845,0.028193215835633362,-0.13773545288323435,-0.26309152281485476,-0.1590541585181343,-0.18073130671173587,-0.14104042260343833,-0.11641313425692894,-0.11641313425692894,-0.00043784708662734695,1.0,-0.1554794003864074,0.06382339027706045,0.19276613535015236,0.7228605977431846,-0.13579228275502558,-0.1288791548670881,-0.1030145446783839,0.1156337471756187,-0.050146265645292364,-0.06268024589278293,0.25872375823227933,0.541272500010508,-0.17605622555760123,0.019610576676282104,0.09390283977608427],[0.9846600828145213,0.9789533137218788,0.9846600828145213,0.9938314134102718,0.9938314134102718,0.958005827874668,0.958005827874668,0.8875993696864772,0.8875993696864772,0.6064078124043175,0.9970152188398184,0.5448152694060425,0.884811192343099,0.9791233334595373,0.9969256436050599,0.9599744927162149,0.9913610246667749,0.8582598131706362,0.8582598131706362,0.683637969709319,-0.1554794003864074,1.0,0.2601357083163692,-0.28133586807447775,-0.19277672865536127,0.7385462263461718,0.9097121252721031,0.907142873624854,0.8011706131154396,0.7354289157743488,0.7456431578125212,0.6115049669292172,0.4778168394920129,0.8870718446859687,0.7787017084003796,0.34292386365337574],[0.3273855026961442,0.07015127382547072,0.3273855026961442,0.35288369894518345,0.35288369894518345,0.4412289507734953,0.4412289507734953,0.637190485506145,0.637190485506145,0.04678957190906524,0.9156579793517554,0.36799469100363735,0.8290857179006438,0.892097724278492,0.9154495957256693,0.7469501965122933,0.9005845199370643,0.6456724430878789,0.6456724430878789,-0.2600825714127986,0.06382339027706045,0.2601357083163692,1.0,-0.49245916569802717,0.6768695282715536,0.45098645257308123,0.29600801056854126,0.4293492559921323,-0.0029443769412466785,0.17092021613105998,0.6506903272220887,0.526166815950586,0.22650578301354707,0.14539778737058554,0.47186360009069467,0.5233025335275763],[-0.20695074479087894,-0.20190464223585292,-0.20695074479087894,-0.23778967111736343,-0.23778967111736343,-0.3595664995944314,-0.3595664995944314,-0.3939964489086354,-0.3939964489086354,0.04298157891609393,-0.5453114221641452,-0.16339486415289062,-0.6247951007728586,-0.7102253532394811,-0.5431893881021743,-0.48518648586655566,-0.5377251318295347,-0.2861909994822659,-0.2861909994822659,0.24516516473645902,0.19276613535015236,-0.28133586807447775,-0.49245916569802717,1.0,-0.03566853120631374,-0.23552331933821907,-0.26481377051345467,-0.3362564911993885,-0.10594822217500136,-0.1364555487194572,-0.569742605635289,-0.24878606624724237,-0.052358221471378474,-0.12961778370470212,-0.2958228997797324,-0.4429261502695974],[-0.16193949062944005,-0.1607051482791248,-0.16193949062944005,-0.15540823254648942,-0.15540823254648942,-0.06915755486598621,-0.06915755486598621,0.04142758635720121,0.04142758635720121,-0.23860330047043632,0.6410610468831822,-0.21120096410630496,0.7103676261392257,0.7661408394984678,0.6427247544822027,-0.04809390267088936,0.6297204700142751,-0.11354182979474892,-0.11354182979474892,-0.6178743439433367,0.7228605977431846,-0.19277672865536127,0.6768695282715536,-0.03566853120631374,1.0,-0.05201907833572617,-0.07052974311146447,0.0034440800408336056,-0.32315996570211397,-0.3012481758059277,0.08427806663366978,0.16440643737474792,0.26374189080116894,-0.31971026432184124,0.12023911586066334,0.10467145540170873],[0.8559794950447532,0.732257950174599,0.8559794950447532,0.8458908214827328,0.8458908214827328,0.9011213707925719,0.9011213707925719,0.8389252163624485,0.8389252163624485,0.689724731858873,0.8519905036535306,0.6985141117849556,0.7392168929704818,0.8035355657674943,0.8535170275084727,0.9097215011612533,0.8858589033797152,0.8568992227272468,0.8568992227272468,0.4071413770313853,-0.13579228275502558,0.7385462263461718,0.45098645257308123,-0.23552331933821907,-0.05201907833572617,1.0,0.6494827359177574,0.8758802968274116,0.5385294695453731,0.6448127353930371,0.6744226409391291,0.6639182725450667,0.4200778268748848,0.7507548274224165,0.7716714529923846,0.49870343639489967],[0.8877651971456317,0.8838568098712003,0.8877651971456317,0.9117070286845671,0.9117070286845671,0.8516908975747666,0.8516908975747666,0.7682096200922361,0.7682096200922361,0.322649842183418,0.9022911304437684,0.23568761009913836,0.8791221473865729,0.9528299550626542,0.9019586843412278,0.8382406956534978,0.8809282071541344,0.6915159744809787,0.6915159744809787,0.5507875595695999,-0.1288791548670881,0.9097121252721031,0.29600801056854126,-0.26481377051345467,-0.07052974311146447,0.6494827359177574,1.0,0.8766760175462289,0.6157278625390082,0.5641560325569123,0.7009502237326767,0.46959626208272537,0.36386948564936733,0.7321657503172492,0.7323844636049234,0.3246355390465301],[0.9186573830773413,0.9038546542383797,0.9186573830773413,0.9255573792562508,0.9255573792562508,0.9221136001173231,0.9221136001173231,0.882122675417884,0.882122675417884,0.5706612529619435,0.9367116967217111,0.5243510706169627,0.8804520597665424,0.9497797097018221,0.9364608017627114,0.9153167774737833,0.9370273119020087,0.8251017146417136,0.8251017146417136,0.5005988796334627,-0.1030145446783839,0.907142873624854,0.4293492559921323,-0.3362564911993885,0.0034440800408336056,0.8758802968274116,0.8766760175462289,1.0,0.6860194300554028,0.5920690248636712,0.7340121553035056,0.5773029705622525,0.44804357625430097,0.7968442729532198,0.8762222573998687,0.3650531199107119],[0.8747468941537077,0.8717569598046151,0.8747468941537077,0.8450805158864172,0.8450805158864172,0.8641734196292186,0.8641734196292186,0.8420273781212927,0.8420273781212927,0.7925309175848866,0.8255365674119755,0.7581501190171027,0.654837655569238,0.7250230370075437,0.8262534670868044,0.8711948238364845,0.866121909994029,0.911643633268732,0.911643633268732,0.8470163151722405,0.1156337471756187,0.8011706131154396,-0.0029443769412466785,-0.10594822217500136,-0.32315996570211397,0.5385294695453731,0.6157278625390082,0.6860194300554028,1.0,0.914975586031704,0.5955783738872181,0.7153910776862787,0.6707195685434272,0.8852413256315088,0.5630716370937434,0.3654302854645586],[0.7700184401575754,0.7762448840538367,0.7700184401575754,0.7595191680192709,0.7595191680192709,0.7481122622832522,0.7481122622832522,0.7681402169063994,0.7681402169063994,0.66499844212047,0.77896867704407,0.679200110362232,0.5941070282967954,0.6499429708639289,0.7799972230738462,0.7788111938728428,0.805489170411524,0.8449561315383869,0.8449561315383869,0.7164576829170711,-0.050146265645292364,0.7354289157743488,0.17092021613105998,-0.1364555487194572,-0.3012481758059277,0.6448127353930371,0.5641560325569123,0.5920690248636712,0.914975586031704,1.0,0.6240691352226199,0.7000519722166314,0.6172606998392034,0.7589137693306686,0.6238980353048004,0.5228455768284047],[0.7190200246680314,0.7134932141751575,0.7190200246680314,0.743632016753948,0.743632016753948,0.8387955344789698,0.8387955344789698,0.9091481284376637,0.9091481284376637,0.3130732561523119,0.9502167506328358,0.4553909249074823,0.864105847197825,0.9388128808282863,0.9502090286099829,0.9059277647034445,0.9431079687417396,0.8271570405547282,0.8271570405547282,0.23361716735295052,-0.06268024589278293,0.7456431578125212,0.6506903272220887,-0.569742605635289,0.08427806663366978,0.6744226409391291,0.7009502237326767,0.7340121553035056,0.5955783738872181,0.6240691352226199,1.0,0.7402705118062239,0.38315114301270564,0.6162837296095527,0.7328109319220348,0.768441511427166],[0.6498418563300961,0.6477026195487743,0.6498418563300961,0.6345265311760959,0.6345265311760959,0.7338025121101859,0.7338025121101859,0.7814579326259723,0.7814579326259723,0.520536017990324,0.809336092007477,0.6728120507367559,0.6370125794340425,0.7249860725210034,0.8105152285815234,0.7763677818920823,0.8502604484902082,0.7725639279526916,0.7725639279526916,0.35924589995722234,0.25872375823227933,0.6115049669292172,0.526166815950586,-0.24878606624724237,0.16440643737474792,0.6639182725450667,0.46959626208272537,0.5773029705622525,0.7153910776862787,0.7000519722166314,0.7402705118062239,1.0,0.7780701075997454,0.5538434844298573,0.7219746129615106,0.588528302764782],[0.5694882494952062,0.5931086953817399,0.5694882494952062,0.5315064761377334,0.5315064761377334,0.6370607842603436,0.6370607842603436,0.6692530996338769,0.6692530996338769,0.5629327188274998,0.6510511182605118,0.6750871639585796,0.4671479931303424,0.4755640622113477,0.6517402341748059,0.6910050885303672,0.7070753904505334,0.6865296056523359,0.6865296056523359,0.5772920942692887,0.541272500010508,0.4778168394920129,0.22650578301354707,-0.052358221471378474,0.26374189080116894,0.4200778268748848,0.36386948564936733,0.44804357625430097,0.6707195685434272,0.6172606998392034,0.38315114301270564,0.7780701075997454,1.0,0.49883025295398525,0.6206913110752619,0.2316545493997227],[0.9214634150667579,0.9210182975633929,0.9214634150667579,0.9017518631982611,0.9017518631982611,0.8744819801365339,0.8744819801365339,0.8321633641540055,0.8321633641540055,0.7444745105027601,0.888011298350586,0.6863612792791636,0.770851018628608,0.8483910472261795,0.8889956920596315,0.8957278442442884,0.9074021455155737,0.8719545173347949,0.8719545173347949,0.79058127127191,-0.17605622555760123,0.8870718446859687,0.14539778737058554,-0.12961778370470212,-0.31971026432184124,0.7507548274224165,0.7321657503172492,0.7968442729532198,0.8852413256315088,0.7589137693306686,0.6162837296095527,0.5538434844298573,0.49883025295398525,1.0,0.7833419160901959,0.28716424845864147],[0.8955494970001482,0.7919288624847324,0.8955494970001482,0.8901248423755015,0.8901248423755015,0.9127639995757189,0.9127639995757189,0.893967997532487,0.893967997532487,0.5526958753952967,0.966091971697852,0.5112819746924075,0.8730413825023382,0.9609128188343263,0.9663989954142994,0.9105483952863525,0.9717728915249996,0.817512881509948,0.817512881509948,0.5167879320967795,0.019610576676282104,0.7787017084003796,0.47186360009069467,-0.2958228997797324,0.12023911586066334,0.7716714529923846,0.7323844636049234,0.8762222573998687,0.5630716370937434,0.6238980353048004,0.7328109319220348,0.7219746129615106,0.6206913110752619,0.7833419160901959,1.0,0.33534356142521404],[0.34331704029762494,0.3407912897661173,0.34331704029762494,0.3566146300040304,0.3566146300040304,0.578032622067912,0.578032622067912,0.8506664926116836,0.8506664926116836,0.17380194155522963,0.8607107560929099,0.5712411055193167,0.8006101660551024,0.8630669035978702,0.8620420410276668,0.8476738962917482,0.8921613978130557,0.8768319120080558,0.8768319120080558,-0.05789166081006463,0.09390283977608427,0.34292386365337574,0.5233025335275763,-0.4429261502695974,0.10467145540170873,0.49870343639489967,0.3246355390465301,0.3650531199107119,0.3654302854645586,0.5228455768284047,0.768441511427166,0.588528302764782,0.2316545493997227,0.28716424845864147,0.33534356142521404,1.0]],"x":["^TAIEX       \u81fa\u7063\u52a0\u6b0a\u5831\u916c\u6307\u6578","^TWII        \u81fa\u7063\u52a0\u6b0a\u6307\u6578","^TAIEXx2     \u81fa\u7063\u52a0\u6b0a\u5831\u916c\u6307\u6578_\u65e5\u6b632","^TAI50I      \u81fa\u706350\u5831\u916c\u6307\u6578","^TAI50Ix2    \u81fa\u706350\u5831\u916c\u6307\u6578_\u65e5\u6b632","^TAI100I     \u81fa\u7063\u4e2d\u578b100\u5831\u916c\u6307\u6578","^TAI100Ix2   \u81fa\u7063\u4e2d\u578b100\u5831\u916c\u6307\u6578_\u65e5\u6b632","^TAIDIVIDI   \u81fa\u7063\u9ad8\u80a1\u606f\u5831\u916c\u6307\u6578","^TAIDIVIDIx2 \u81fa\u7063\u9ad8\u80a1\u606f\u5831\u916c\u6307\u6578_\u65e5\u6b632","0050Fund     \u5143\u5927\u53f0\u7063\u5353\u8d8a50\u57fa\u91d1","006208Fund   \u5bcc\u90a6\u53f0\u7063\u91c6\u540950\u57fa\u91d1","0050         \u5143\u5927\u81fa\u706350","00631L       \u5143\u5927\u53f0\u706350\u6b632","00675L       \u5bcc\u90a6\u81fa\u7063\u52a0\u6b0a\u6b632","006208       \u5bcc\u90a6\u53f050","0051         \u5143\u5927\u4e2d\u578b100","006204       \u6c38\u8c50\u81fa\u7063\u52a0\u6b0a","0056         \u5143\u5927\u9ad8\u80a1\u606f","0056         \u5143\u5927\u9ad8\u80a1\u606f_\u80a1\u606f\u4e0d\u6295\u5165","2412         \u4e2d\u83ef\u96fb\u4fe1","2002         \u4e2d\u92fc","2330         \u53f0\u7a4d\u96fb","2317         \u9d3b\u6d77","6505         \u53f0\u5851\u77f3\u5316","3481         \u7fa4\u5275","2303         \u806f\u96fb","2308         \u53f0\u9054\u96fb","2454         \u806f\u767c\u79d1","2886         \u5146\u8c50\u91d1","2884         \u7389\u5c71\u91d1","2891         \u4e2d\u4fe1\u91d1","2892         \u7b2c\u4e00\u91d1","5880         \u5408\u5eab\u91d1","2881         \u5bcc\u90a6\u91d1","2885         \u5143\u5927\u91d1","2887         \u53f0\u65b0\u91d1"],"y":["^TAIEX       \u81fa\u7063\u52a0\u6b0a\u5831\u916c\u6307\u6578","^TWII        \u81fa\u7063\u52a0\u6b0a\u6307\u6578","^TAIEXx2     \u81fa\u7063\u52a0\u6b0a\u5831\u916c\u6307\u6578_\u65e5\u6b632","^TAI50I      \u81fa\u706350\u5831\u916c\u6307\u6578","^TAI50Ix2    \u81fa\u706350\u5831\u916c\u6307\u6578_\u65e5\u6b632","^TAI100I     \u81fa\u7063\u4e2d\u578b100\u5831\u916c\u6307\u6578","^TAI100Ix2   \u81fa\u7063\u4e2d\u578b100\u5831\u916c\u6307\u6578_\u65e5\u6b632","^TAIDIVIDI   \u81fa\u7063\u9ad8\u80a1\u606f\u5831\u916c\u6307\u6578","^TAIDIVIDIx2 \u81fa\u7063\u9ad8\u80a1\u606f\u5831\u916c\u6307\u6578_\u65e5\u6b632","0050Fund     \u5143\u5927\u53f0\u7063\u5353\u8d8a50\u57fa\u91d1","006208Fund   \u5bcc\u90a6\u53f0\u7063\u91c6\u540950\u57fa\u91d1","0050         \u5143\u5927\u81fa\u706350","00631L       \u5143\u5927\u53f0\u706350\u6b632","00675L       \u5bcc\u90a6\u81fa\u7063\u52a0\u6b0a\u6b632","006208       \u5bcc\u90a6\u53f050","0051         \u5143\u5927\u4e2d\u578b100","006204       \u6c38\u8c50\u81fa\u7063\u52a0\u6b0a","0056         \u5143\u5927\u9ad8\u80a1\u606f","0056         \u5143\u5927\u9ad8\u80a1\u606f_\u80a1\u606f\u4e0d\u6295\u5165","2412         \u4e2d\u83ef\u96fb\u4fe1","2002         \u4e2d\u92fc","2330         \u53f0\u7a4d\u96fb","2317         \u9d3b\u6d77","6505         \u53f0\u5851\u77f3\u5316","3481         \u7fa4\u5275","2303         \u806f\u96fb","2308         \u53f0\u9054\u96fb","2454         \u806f\u767c\u79d1","2886         \u5146\u8c50\u91d1","2884         \u7389\u5c71\u91d1","2891         \u4e2d\u4fe1\u91d1","2892         \u7b2c\u4e00\u91d1","5880         \u5408\u5eab\u91d1","2881         \u5bcc\u90a6\u91d1","2885         \u5143\u5927\u91d1","2887         \u53f0\u65b0\u91d1"],"zmin":-1,"zmax":1,"colorbar":{"x":-0.2}}],"layout":{"autotypenumbers":"strict","colorway":["#636efa","#EF553B","#00cc96","#ab63fa","#FFA15A","#19d3f3","#FF6692","#B6E880","#FF97FF","#FECB52"],"font":{"color":"#f2f5fa","family":"Courier New"},"hovermode":"closest","hoverlabel":{"align":"left"},"paper_bgcolor":"rgb(17,17,17)","plot_bgcolor":"rgb(17,17,17)","polar":{"bgcolor":"rgb(17,17,17)","angularaxis":{"gridcolor":"#506784","linecolor":"#506784","ticks":""},"radialaxis":{"gridcolor":"#506784","linecolor":"#506784","ticks":""}},"ternary":{"bgcolor":"rgb(17,17,17)","aaxis":{"gridcolor":"#506784","linecolor":"#506784","ticks":""},"baxis":{"gridcolor":"#506784","linecolor":"#506784","ticks":""},"caxis":{"gridcolor":"#506784","linecolor":"#506784","ticks":""}},"coloraxis":{"colorbar":{"outlinewidth":0,"ticks":""}},"colorscale":{"sequential":[[0.0,"#0d0887"],[0.1111111111111111,"#46039f"],[0.2222222222222222,"#7201a8"],[0.3333333333333333,"#9c179e"],[0.4444444444444444,"#bd3786"],[0.5555555555555556,"#d8576b"],[0.6666666666666666,"#ed7953"],[0.7777777777777778,"#fb9f3a"],[0.8888888888888888,"#fdca26"],[1.0,"#f0f921"]],"sequentialminus":[[0.0,"#0d0887"],[0.1111111111111111,"#46039f"],[0.2222222222222222,"#7201a8"],[0.3333333333333333,"#9c179e"],[0.4444444444444444,"#bd3786"],[0.5555555555555556,"#d8576b"],[0.6666666666666666,"#ed7953"],[0.7777777777777778,"#fb9f3a"],[0.8888888888888888,"#fdca26"],[1.0,"#f0f921"]],"diverging":[[0,"#8e0152"],[0.1,"#c51b7d"],[0.2,"#de77ae"],[0.3,"#f1b6da"],[0.4,"#fde0ef"],[0.5,"#f7f7f7"],[0.6,"#e6f5d0"],[0.7,"#b8e186"],[0.8,"#7fbc41"],[0.9,"#4d9221"],[1,"#276419"]]},"xaxis":{"gridcolor":"rgba(0, 0, 0, 0)","linecolor":"#506784","ticks":"","title":{"standoff":15},"zerolinecolor":"#283442","automargin":true,"zerolinewidth":2,"tickfont":{"family":"Courier New","size":14},"side":"top","tickangle":-90},"yaxis":{"gridcolor":"rgba(0, 0, 0, 0)","linecolor":"#506784","ticks":"","title":{"standoff":15},"zerolinecolor":"#283442","automargin":true,"zerolinewidth":2,"tickfont":{"family":"Courier New"},"side":"right"},"scene":{"xaxis":{"backgroundcolor":"rgb(17,17,17)","gridcolor":"#506784","linecolor":"#506784","showbackground":true,"ticks":"","zerolinecolor":"#C8D4E3","gridwidth":2},"yaxis":{"backgroundcolor":"rgb(17,17,17)","gridcolor":"#506784","linecolor":"#506784","showbackground":true,"ticks":"","zerolinecolor":"#C8D4E3","gridwidth":2},"zaxis":{"backgroundcolor":"rgb(17,17,17)","gridcolor":"#506784","linecolor":"#506784","showbackground":true,"ticks":"","zerolinecolor":"#C8D4E3","gridwidth":2}},"shapedefaults":{"line":{"color":"#f2f5fa"}},"annotationdefaults":{"arrowcolor":"#f2f5fa","arrowhead":0,"arrowwidth":1},"geo":{"bgcolor":"rgb(17,17,17)","landcolor":"rgb(17,17,17)","subunitcolor":"#506784","showland":true,"showlakes":true,"lakecolor":"rgb(17,17,17)"},"title":{"x":0.05,"font":{"family":"Times New Roman"},"y":0.05,"text":"<b>Correlation of Close<b><br><i>2016-09-23 ~ 2026-06-23<i>"},"updatemenudefaults":{"bgcolor":"#506784","borderwidth":0},"sliderdefaults":{"bgcolor":"#C8D4E3","borderwidth":1,"bordercolor":"rgb(17,17,17)","tickwidth":0},"mapbox":{"style":"dark"},"annotations":[{"text":"<b>@zwindr<b>","textangle":0,"opacity":0.5,"font":{"color":"white","size":12},"xref":"paper","yref":"paper","xanchor":"left","yanchor":"bottom","x":1.0,"y":1.0,"showarrow":false}]},"config":{"responsive":true,"toImageButtonOptions":{"filename":"Correlation of Close_2016-09-23~2026-06-23","scale":5}}};Plotly.newPlot("correlationClose",correlationClose.data,correlationClose.layout||{},correlationClose.config);}else{console.log("style display is none => correlationClose");}