var element=document.getElementById("correlationAdjClose");if(element.style.display!='none'){var correlationAdjClose={"data":[{"type":"heatmap","z":[[1.0,0.9966994618454259,0.946931729989307,0.9965386216334581,0.9153646145216344,0.989541235560742,0.9631951982129112,0.9814847850147717,0.980653149349063,0.996647138691362,0.9967813931538617,0.9968822343067387,0.888158195818854,0.9802920972854713,0.9968595468064925,0.9900219210931773,0.9997929038022811,0.9813886484148097,0.9065106337511536,0.8788427325788838,0.5676323175615156,0.9874385959720974,0.9463649406982718,0.25891905994055625,-0.14375884882799086,0.9185429420233249,0.8991543258136981,0.9423187188143188,0.9315402370515776,0.9324224172918598,0.9851947331379554,0.9322053631813301,0.8833034116823132,0.9730541391335849,0.9843294753165135,0.9641249930435245],[0.9966994618454259,1.0,0.9529600650740714,0.9946738844149285,0.9223626059855634,0.9860557730915279,0.9656923479154134,0.9723365061838692,0.9785780918583189,0.9955997395042534,0.9970416442347403,0.9966159339503893,0.8980433547003474,0.9844757752363384,0.9970798812191294,0.985857639276607,0.9980378383753509,0.9742316173247659,0.9165263299209049,0.8638575523437153,0.5891538548945935,0.9798066275109617,0.9288777015201528,0.25060435385340823,-0.07871260462405165,0.9089766193944165,0.9047369064862398,0.9474350673634022,0.9114192105307909,0.9169147042927678,0.978883395862556,0.9140687120627771,0.8773823158385017,0.9635556649521021,0.9799174280314319,0.9587952177454242],[0.946931729989307,0.9529600650740714,1.0,0.9658121270032118,0.9952697899235455,0.9365820319291969,0.9830345073496272,0.8941343907930401,0.9589048391632594,0.9661010100725292,0.9740338196145455,0.9704603865896896,0.9208560127637455,0.9975852485241898,0.973834388674544,0.9343555202256987,0.9581350123718333,0.8952772266443402,0.8204151603787533,0.7057529432344237,0.3623627962290718,0.9697026278291401,0.8782558253682,0.08496841989409677,-0.012515855496335748,0.9117856738876747,0.9718227777712353,0.9745386260089087,0.7757285360877819,0.7866384861538244,0.9306413939736797,0.7811797441612048,0.7214992673566667,0.8807654583138883,0.9541222988055841,0.8841844265266845],[0.9965386216334581,0.9946738844149285,0.9658121270032118,1.0,0.9405562445045528,0.9814546942947188,0.9691832192156407,0.9668049595970893,0.978401521440028,0.9999836901740151,0.9999955555249568,0.999976074087335,0.8990458574026272,0.9868865697477573,0.9999708365921051,0.9798788860214627,0.9962522148896348,0.966551389919427,0.8848441950474184,0.8472008766927603,0.5165351333838181,0.9958588206995055,0.9424758359026553,0.21934294072130806,-0.12074379696303193,0.9163053600017527,0.9237510559715473,0.952971438464158,0.9037536721610785,0.9113199810203718,0.983565247449783,0.9054580990528631,0.8513735486028629,0.9606893358492024,0.9837619351126092,0.9512259055202738],[0.9153646145216344,0.9223626059855634,0.9952697899235455,0.9405562445045528,1.0,0.8999634420017775,0.9639716723249604,0.8512626219588676,0.9305291592377252,0.9414534424200227,0.954403513802741,0.948731233565127,0.9153809104565417,0.9883392363275785,0.9539976923567527,0.8977691729335502,0.9306136027818761,0.8525446534082041,0.7744036660420347,0.6511096577722627,0.3026809919110753,0.9484528733230396,0.8444823776397096,0.05273473991510541,0.012205645604613992,0.8823546605450977,0.9789902422827138,0.9607253160486313,0.7179210375504356,0.7347006805346478,0.8993004076748773,0.7251049323753593,0.6586456466635187,0.837508800922495,0.9244722443983847,0.8422190724251264],[0.989541235560742,0.9860557730915279,0.9365820319291969,0.9814546942947188,0.8999634420017775,1.0,0.9720676085345545,0.982233272965172,0.9825703670909554,0.9811078500318251,0.9766334838931517,0.9792902538381034,0.8651902167583284,0.9507304080294445,0.9766754512050669,0.9999321637050502,0.9907646344351208,0.9831310852989451,0.9135183173352259,0.8548798364307104,0.5398174061377616,0.9747225829408127,0.9310874409811054,0.15849343040886285,-0.0963914825558775,0.934904353278648,0.8755812842936878,0.9364883399991748,0.9266772885693312,0.9170705501721759,0.9724310082140388,0.9280841709589137,0.901139557075054,0.9634242386474612,0.9848372651735144,0.9672135921083304],[0.9631951982129112,0.9656923479154134,0.9830345073496272,0.9691832192156407,0.9639716723249604,0.9720676085345545,1.0,0.9328481831239854,0.9837180413649744,0.9686120726063395,0.9774440893011058,0.9737615365715775,0.9081481263684523,0.9867211066213181,0.9771689018518965,0.9731098952446939,0.9767463319766999,0.9357279756215372,0.8621372862207509,0.7430987523077567,0.3895470236958352,0.9695322114894749,0.9054840205361124,0.03149640553076526,-0.006602161737198269,0.9273303586555648,0.9357097759960532,0.9701243553605484,0.8246385781094795,0.8175394826511049,0.9463507543369643,0.8278737119469695,0.7933629921348578,0.9096172462976437,0.9761598182844173,0.915831452281387],[0.9814847850147717,0.9723365061838692,0.8941343907930401,0.9668049595970893,0.8512626219588676,0.982233272965172,0.9328481831239854,1.0,0.9733889515812083,0.9667217169179912,0.963063940852992,0.9658710588905329,0.8301488871328967,0.9254239488260171,0.9632547435784755,0.9839528055888893,0.9794977537896831,0.9999013914091568,0.9422794336508654,0.9226347507760906,0.530917878146904,0.9553933397285379,0.9263151915615756,0.13285945287462342,-0.18888963000770403,0.9107543188029763,0.8141984988371755,0.9011188189983097,0.963881052708472,0.9507249190328495,0.9718493586449792,0.9565125169975534,0.9143453493402305,0.9718628003894473,0.9598186958302697,0.9745837012187721],[0.980653149349063,0.9785780918583189,0.9589048391632594,0.978401521440028,0.9305291592377252,0.9825703670909554,0.9837180413649744,0.9733889515812083,1.0,0.9781259579721197,0.9753406044277774,0.9772344394511409,0.8823124015788105,0.9651046811107058,0.9752808926347398,0.9818348419401388,0.9799121342235689,0.9739196461038133,0.9108128761262263,0.8296461180517093,0.40724603851184055,0.9724353114623717,0.9290375173696326,-0.0013960419207835301,-0.07602211239852685,0.9287028747213045,0.8862116218692591,0.9619541254248476,0.8863363038969505,0.871550100625751,0.9695591039552918,0.8816075565975902,0.8344242521395692,0.9474203328103443,0.9823598834657447,0.9413013640816544],[0.996647138691362,0.9955997395042534,0.9661010100725292,0.9999836901740151,0.9414534424200227,0.9811078500318251,0.9686120726063395,0.9667217169179912,0.9781259579721197,1.0,0.9999953646488005,0.999985609170865,0.9010748752251986,0.9871266885135213,0.9999719831795971,0.9796991527781139,0.9961581356322898,0.9664892034593651,0.8866465859313829,0.8471839987343155,0.5058158256319281,0.9960474291331471,0.9431691457115826,0.22099016287448298,-0.11465833453076818,0.9175023585639522,0.9237405413300815,0.9523929450685403,0.9015060151083301,0.9085331591871763,0.9830835260848523,0.9031145709834993,0.8478130192856687,0.9594687548892445,0.9835451979796253,0.9504162100929129],[0.9967813931538617,0.9970416442347403,0.9740338196145455,0.9999955555249568,0.954403513802741,0.9766334838931517,0.9774440893011058,0.963063940852992,0.9753406044277774,0.9999953646488005,1.0,0.9999805842815049,0.9010981425539131,0.9869715784424244,0.9999735920409661,0.976299249885203,0.9960890352263483,0.9639309885096504,0.9036718188720267,0.8776840401289354,0.3286620453681867,0.9978101434848455,0.934464001382965,-0.2253826440799061,0.6836883583831623,0.9153956448858431,0.9198705881053397,0.9542925066170967,0.8808961723780999,0.8850824343326501,0.9789651944218591,0.8744592440663268,0.7980196102782343,0.949880136485784,0.9882137920660163,0.9495544853090943],[0.9968822343067387,0.9966159339503893,0.9704603865896896,0.999976074087335,0.948731233565127,0.9792902538381034,0.9737615365715775,0.9658710588905329,0.9772344394511409,0.999985609170865,0.9999805842815049,1.0,0.9025361282226796,0.9872948831320667,0.9999802871182134,0.9791211507681139,0.9960901589337292,0.9664728762601388,0.8950545782486762,0.8645253659611585,0.4127505724062688,0.9973110643893104,0.9420604663319451,-0.03941157243404654,0.15168532140699068,0.9245876339368706,0.9211427410215988,0.950626642737774,0.8892135972574967,0.8936527273175702,0.9808785654904845,0.8885948087450299,0.8285467455657083,0.9554886640742309,0.9840469293053443,0.9508976550534705],[0.888158195818854,0.8980433547003474,0.9208560127637455,0.8990458574026272,0.9153809104565417,0.8651902167583284,0.9081481263684523,0.8301488871328967,0.8823124015788105,0.9010748752251986,0.9010981425539131,0.9025361282226796,1.0,0.9998965629955889,0.9021772819472299,0.8675044347758623,0.8899537779903105,0.83521810164512,0.7780444276505829,0.7012487573474264,0.14764444919485534,0.896692736255795,0.8228256937765561,-0.45771852141503866,0.7273244179513713,0.8315767795003565,0.8960477891288001,0.9051196894240466,0.7039633458183382,0.7052283637253816,0.866977552954687,0.6965869348949252,0.5968278994739002,0.8249308445893205,0.8886748470482965,0.8369853361175104],[0.9802920972854713,0.9844757752363384,0.9975852485241898,0.9868865697477573,0.9883392363275785,0.9507304080294445,0.9867211066213181,0.9254239488260171,0.9651046811107058,0.9871266885135213,0.9869715784424244,0.9872948831320667,0.9998965629955889,1.0,0.9871202424315603,0.950211763868437,0.9785697136710511,0.9283660928423665,0.8660709866152837,0.8314794207377669,0.0455243090489226,0.9780743090339018,0.8851408202547943,-0.6213584502664,0.7689602033165615,0.9016943900291172,0.9607587504463546,0.9717503798437036,0.7859090774218046,0.8005372703485814,0.9469257120003763,0.7980794632897814,0.6588784590619469,0.8969195727254142,0.9695841393566741,0.9267256109522827],[0.9968595468064925,0.9970798812191294,0.973834388674544,0.9999708365921051,0.9539976923567527,0.9766754512050669,0.9771689018518965,0.9632547435784755,0.9752808926347398,0.9999719831795971,0.9999735920409661,0.9999802871182134,0.9021772819472299,0.9871202424315603,1.0,0.9765245454415111,0.996180678176654,0.9644724492657549,0.9051092314383409,0.8781602789683888,0.32859993910791846,0.9977001548811489,0.9344276427181862,-0.22323648072773034,0.6856333865659548,0.9161489557725783,0.919690951861543,0.9542253777657395,0.8815101718817924,0.8856035913706959,0.979134468616335,0.8751971534569079,0.7985242292718189,0.9502493485196898,0.988327646201304,0.950302083986342],[0.9900219210931773,0.985857639276607,0.9343555202256987,0.9798788860214627,0.8977691729335502,0.9999321637050502,0.9731098952446939,0.9839528055888893,0.9818348419401388,0.9796991527781139,0.976299249885203,0.9791211507681139,0.8675044347758623,0.950211763868437,0.9765245454415111,1.0,0.9907197585313819,0.9837043056346675,0.9171352708995368,0.8784542121620306,0.5041630291361651,0.973209672055072,0.9287651729665672,0.0062530383943663085,0.018509779457969815,0.9392603617588905,0.8689284751931756,0.9327846758553644,0.9278691185908116,0.9133144378870134,0.9707795043895929,0.9278449579422612,0.8947259403084588,0.9657624395365195,0.9839412768692175,0.9696202502530121],[0.9997929038022811,0.9980378383753509,0.9581350123718333,0.9962522148896348,0.9306136027818761,0.9907646344351208,0.9767463319766999,0.9794977537896831,0.9799121342235689,0.9961581356322898,0.9960890352263483,0.9960901589337292,0.8899537779903105,0.9785697136710511,0.996180678176654,0.9907197585313819,1.0,0.9802886865864934,0.9264333605299856,0.9018530892850153,0.4024114816415317,0.9916871807638311,0.936513639049562,-0.17652130776154853,0.6682944052158638,0.9292108438273259,0.8955123049361516,0.9463991638591861,0.9144994511095007,0.9097089648673694,0.9810280986183525,0.9077300349930689,0.8476562640672568,0.9650846603895878,0.9920177317307267,0.9680755401899777],[0.9813886484148097,0.9742316173247659,0.8952772266443402,0.966551389919427,0.8525446534082041,0.9831310852989451,0.9357279756215372,0.9999013914091568,0.9739196461038133,0.9664892034593651,0.9639309885096504,0.9664728762601388,0.83521810164512,0.9283660928423665,0.9644724492657549,0.9837043056346675,0.9802886865864934,1.0,0.9452122403559698,0.9276670885801778,0.5220988647890253,0.9547773035039744,0.9294612590604013,0.09325385820077198,-0.08341676869808776,0.9154642451577258,0.8138491066704621,0.9026364558647004,0.9628966774684524,0.9489449904345841,0.9709776629091542,0.9541635244001868,0.9113071983298158,0.9713323538087915,0.9591356514600441,0.9750799433537533],[0.9065106337511536,0.9165263299209049,0.8204151603787533,0.8848441950474184,0.7744036660420347,0.9135183173352259,0.8621372862207509,0.9422794336508654,0.9108128761262263,0.8866465859313829,0.9036718188720267,0.8950545782486762,0.7780444276505829,0.8660709866152837,0.9051092314383409,0.9171352708995368,0.9264333605299856,0.9452122403559698,1.0,0.8439612965769884,0.6040527967999588,0.8632487382841879,0.8467054442434334,0.1770593134325238,0.006781139881190107,0.8759750802041147,0.7266845362788106,0.8409460549849341,0.897149401013707,0.8715368976800215,0.8806255181916601,0.8818362330319474,0.8530261884330379,0.8862841138216965,0.8889436744429826,0.9147275951460853],[0.8788427325788838,0.8638575523437153,0.7057529432344237,0.8472008766927603,0.6511096577722627,0.8548798364307104,0.7430987523077567,0.9226347507760906,0.8296461180517093,0.8471839987343155,0.8776840401289354,0.8645253659611585,0.7012487573474264,0.8314794207377669,0.8781602789683888,0.8784542121620306,0.9018530892850153,0.9276670885801778,0.8439612965769884,1.0,0.800853509291334,0.8024125436735005,0.8666986620521907,0.583916329132533,-0.4406208902794696,0.6945053231680162,0.6615673652873127,0.7207719567379663,0.9634060592363383,0.943538035142192,0.8703847624612181,0.9523325417599734,0.9104570582512187,0.8969119154020154,0.8173254609333596,0.8739413250891731],[0.5676323175615156,0.5891538548945935,0.3623627962290718,0.5165351333838181,0.3026809919110753,0.5398174061377616,0.3895470236958352,0.530917878146904,0.40724603851184055,0.5058158256319281,0.3286620453681867,0.4127505724062688,0.14764444919485534,0.0455243090489226,0.32859993910791846,0.5041630291361651,0.4024114816415317,0.5220988647890253,0.6040527967999588,0.800853509291334,1.0,0.46907020174655856,0.6237647743048341,0.7208918018446172,-0.11462804386415384,0.43455058037193733,0.3590687640523575,0.4322019074541199,0.7439820369926943,0.6658948606091044,0.5238103917141221,0.6988817096688125,0.7363625618594093,0.5980208837520534,0.5213453522982793,0.5937337540962253],[0.9874385959720974,0.9798066275109617,0.9697026278291401,0.9958588206995055,0.9484528733230396,0.9747225829408127,0.9695322114894749,0.9553933397285379,0.9724353114623717,0.9960474291331471,0.9978101434848455,0.9973110643893104,0.896692736255795,0.9780743090339018,0.9977001548811489,0.973209672055072,0.9916871807638311,0.9547773035039744,0.8632487382841879,0.8024125436735005,0.46907020174655856,1.0,0.9225612181392602,0.16142476010129406,-0.10519564699153425,0.9012812758074339,0.9325207213599332,0.9502581830431633,0.8716925124705195,0.8912289593244196,0.9768905291658346,0.8819327108485836,0.8238899489326917,0.9484874191799415,0.974044181976336,0.9356112726215551],[0.9463649406982718,0.9288777015201528,0.8782558253682,0.9424758359026553,0.8444823776397096,0.9310874409811054,0.9054840205361124,0.9263151915615756,0.9290375173696326,0.9431691457115826,0.934464001382965,0.9420604663319451,0.8228256937765561,0.8851408202547943,0.9344276427181862,0.9287651729665672,0.936513639049562,0.9294612590604013,0.8467054442434334,0.8666986620521907,0.6237647743048341,0.9225612181392602,1.0,0.22810479753564392,-0.08623254585720957,0.77316815961691,0.8289083293301089,0.8687886501940127,0.9004867247588165,0.8759773783585206,0.9496406633482003,0.8826781743244014,0.8403879848949273,0.9459972777963762,0.907888600047854,0.8929994526521005],[0.25891905994055625,0.25060435385340823,0.08496841989409677,0.21934294072130806,0.05273473991510541,0.15849343040886285,0.03149640553076526,0.13285945287462342,-0.0013960419207835301,0.22099016287448298,-0.2253826440799061,-0.03941157243404654,-0.45771852141503866,-0.6213584502664,-0.22323648072773034,0.0062530383943663085,-0.17652130776154853,0.09325385820077198,0.1770593134325238,0.583916329132533,0.7208918018446172,0.16142476010129406,0.22810479753564392,1.0,-0.3792371413332337,0.17622297430224723,0.09182933258460055,0.08810263461536763,0.4151231224600192,0.40058863562412217,0.21417550550577477,0.4251475051795983,0.37105086947091276,0.2641529927809441,0.16620898791232577,0.28595674969339907],[-0.14375884882799086,-0.07871260462405165,-0.012515855496335748,-0.12074379696303193,0.012205645604613992,-0.0963914825558775,-0.006602161737198269,-0.18888963000770403,-0.07602211239852685,-0.11465833453076818,0.6836883583831623,0.15168532140699068,0.7273244179513713,0.7689602033165615,0.6856333865659548,0.018509779457969815,0.6682944052158638,-0.08341676869808776,0.006781139881190107,-0.4406208902794696,-0.11462804386415384,-0.10519564699153425,-0.08623254585720957,-0.3792371413332337,1.0,-0.004063325258574627,-0.009771853220850803,0.0075823487719100975,-0.30976446549896264,-0.2943309526916852,-0.16118924397979853,-0.2677652132553657,-0.1633781725609707,-0.2199196515569937,-0.041632558458016146,-0.17966715454425486],[0.9185429420233249,0.9089766193944165,0.9117856738876747,0.9163053600017527,0.8823546605450977,0.934904353278648,0.9273303586555648,0.9107543188029763,0.9287028747213045,0.9175023585639522,0.9153956448858431,0.9245876339368706,0.8315767795003565,0.9016943900291172,0.9161489557725783,0.9392603617588905,0.9292108438273259,0.9154642451577258,0.8759750802041147,0.6945053231680162,0.43455058037193733,0.9012812758074339,0.77316815961691,0.17622297430224723,-0.004063325258574627,1.0,0.8367088203127954,0.9317069539977281,0.7839826038839852,0.822203138426783,0.8728461066705683,0.8262251972358996,0.7905876793826184,0.8699241046276259,0.908637802007321,0.9073603939326644],[0.8991543258136981,0.9047369064862398,0.9718227777712353,0.9237510559715473,0.9789902422827138,0.8755812842936878,0.9357097759960532,0.8141984988371755,0.8862116218692591,0.9237405413300815,0.9198705881053397,0.9211427410215988,0.8960477891288001,0.9607587504463546,0.919690951861543,0.8689284751931756,0.8955123049361516,0.8138491066704621,0.7266845362788106,0.6615673652873127,0.3590687640523575,0.9325207213599332,0.8289083293301089,0.09182933258460055,-0.009771853220850803,0.8367088203127954,1.0,0.9265489578139398,0.7093025658897402,0.7235170644195894,0.8773864828778469,0.712082518188051,0.6487771468087402,0.8152968874483051,0.8980185789522976,0.822420689907246],[0.9423187188143188,0.9474350673634022,0.9745386260089087,0.952971438464158,0.9607253160486313,0.9364883399991748,0.9701243553605484,0.9011188189983097,0.9619541254248476,0.9523929450685403,0.9542925066170967,0.950626642737774,0.9051196894240466,0.9717503798437036,0.9542253777657395,0.9327846758553644,0.9463991638591861,0.9026364558647004,0.8409460549849341,0.7207719567379663,0.4322019074541199,0.9502581830431633,0.8687886501940127,0.08810263461536763,0.0075823487719100975,0.9317069539977281,0.9265489578139398,1.0,0.7984121983232287,0.7987372647715947,0.9227113983393656,0.7937300917745511,0.7517586287913073,0.8928586848385417,0.9567356022902103,0.8790172117567523],[0.9315402370515776,0.9114192105307909,0.7757285360877819,0.9037536721610785,0.7179210375504356,0.9266772885693312,0.8246385781094795,0.963881052708472,0.8863363038969505,0.9015060151083301,0.8808961723780999,0.8892135972574967,0.7039633458183382,0.7859090774218046,0.8815101718817924,0.9278691185908116,0.9144994511095007,0.9628966774684524,0.897149401013707,0.9634060592363383,0.7439820369926943,0.8716925124705195,0.9004867247588165,0.4151231224600192,-0.30976446549896264,0.7839826038839852,0.7093025658897402,0.7984121983232287,1.0,0.9875339162555619,0.9288586452360087,0.9916822392165693,0.9571693968524297,0.9531997889599122,0.8777832525130821,0.9479505228714213],[0.9324224172918598,0.9169147042927678,0.7866384861538244,0.9113199810203718,0.7347006805346478,0.9170705501721759,0.8175394826511049,0.9507249190328495,0.871550100625751,0.9085331591871763,0.8850824343326501,0.8936527273175702,0.7052283637253816,0.8005372703485814,0.8856035913706959,0.9133144378870134,0.9097089648673694,0.9489449904345841,0.8715368976800215,0.943538035142192,0.6658948606091044,0.8912289593244196,0.8759773783585206,0.40058863562412217,-0.2943309526916852,0.822203138426783,0.7235170644195894,0.7987372647715947,0.9875339162555619,1.0,0.9304974540614569,0.9865246250469382,0.957052382463978,0.9424988276316354,0.8956117039254927,0.9508944937921555],[0.9851947331379554,0.978883395862556,0.9306413939736797,0.983565247449783,0.8993004076748773,0.9724310082140388,0.9463507543369643,0.9718493586449792,0.9695591039552918,0.9830835260848523,0.9789651944218591,0.9808785654904845,0.866977552954687,0.9469257120003763,0.979134468616335,0.9707795043895929,0.9810280986183525,0.9709776629091542,0.8806255181916601,0.8703847624612181,0.5238103917141221,0.9768905291658346,0.9496406633482003,0.21417550550577477,-0.16118924397979853,0.8728461066705683,0.8773864828778469,0.9227113983393656,0.9288586452360087,0.9304974540614569,1.0,0.9264682816351011,0.8714740337093124,0.9761262437002447,0.9749909701275089,0.9593367995234742],[0.9322053631813301,0.9140687120627771,0.7811797441612048,0.9054580990528631,0.7251049323753593,0.9280841709589137,0.8278737119469695,0.9565125169975534,0.8816075565975902,0.9031145709834993,0.8744592440663268,0.8885948087450299,0.6965869348949252,0.7980794632897814,0.8751971534569079,0.9278449579422612,0.9077300349930689,0.9541635244001868,0.8818362330319474,0.9523325417599734,0.6988817096688125,0.8819327108485836,0.8826781743244014,0.4251475051795983,-0.2677652132553657,0.8262251972358996,0.712082518188051,0.7937300917745511,0.9916822392165693,0.9865246250469382,0.9264682816351011,1.0,0.9739455316687087,0.9456279445339165,0.8998780705728953,0.9483926365861981],[0.8833034116823132,0.8773823158385017,0.7214992673566667,0.8513735486028629,0.6586456466635187,0.901139557075054,0.7933629921348578,0.9143453493402305,0.8344242521395692,0.8478130192856687,0.7980196102782343,0.8285467455657083,0.5968278994739002,0.6588784590619469,0.7985242292718189,0.8947259403084588,0.8476562640672568,0.9113071983298158,0.8530261884330379,0.9104570582512187,0.7363625618594093,0.8238899489326917,0.8403879848949273,0.37105086947091276,-0.1633781725609707,0.7905876793826184,0.6487771468087402,0.7517586287913073,0.9571693968524297,0.957052382463978,0.8714740337093124,0.9739455316687087,1.0,0.8972500986644067,0.8647399403098633,0.9200720486858629],[0.9730541391335849,0.9635556649521021,0.8807654583138883,0.9606893358492024,0.837508800922495,0.9634242386474612,0.9096172462976437,0.9718628003894473,0.9474203328103443,0.9594687548892445,0.949880136485784,0.9554886640742309,0.8249308445893205,0.8969195727254142,0.9502493485196898,0.9657624395365195,0.9650846603895878,0.9713323538087915,0.8862841138216965,0.8969119154020154,0.5980208837520534,0.9484874191799415,0.9459972777963762,0.2641529927809441,-0.2199196515569937,0.8699241046276259,0.8152968874483051,0.8928586848385417,0.9531997889599122,0.9424988276316354,0.9761262437002447,0.9456279445339165,0.8972500986644067,1.0,0.9549651489503266,0.9564035904884405],[0.9843294753165135,0.9799174280314319,0.9541222988055841,0.9837619351126092,0.9244722443983847,0.9848372651735144,0.9761598182844173,0.9598186958302697,0.9823598834657447,0.9835451979796253,0.9882137920660163,0.9840469293053443,0.8886748470482965,0.9695841393566741,0.988327646201304,0.9839412768692175,0.9920177317307267,0.9591356514600441,0.8889436744429826,0.8173254609333596,0.5213453522982793,0.974044181976336,0.907888600047854,0.16620898791232577,-0.041632558458016146,0.908637802007321,0.8980185789522976,0.9567356022902103,0.8777832525130821,0.8956117039254927,0.9749909701275089,0.8998780705728953,0.8647399403098633,0.9549651489503266,1.0,0.9428766924994597],[0.9641249930435245,0.9587952177454242,0.8841844265266845,0.9512259055202738,0.8422190724251264,0.9672135921083304,0.915831452281387,0.9745837012187721,0.9413013640816544,0.9504162100929129,0.9495544853090943,0.9508976550534705,0.8369853361175104,0.9267256109522827,0.950302083986342,0.9696202502530121,0.9680755401899777,0.9750799433537533,0.9147275951460853,0.8739413250891731,0.5937337540962253,0.9356112726215551,0.8929994526521005,0.28595674969339907,-0.17966715454425486,0.9073603939326644,0.822420689907246,0.8790172117567523,0.9479505228714213,0.9508944937921555,0.9593367995234742,0.9483926365861981,0.9200720486858629,0.9564035904884405,0.9428766924994597,1.0]],"x":["^TAIEX       \u81fa\u7063\u52a0\u6b0a\u5831\u916c\u6307\u6578","^TWII        \u81fa\u7063\u52a0\u6b0a\u6307\u6578","^TAIEXx2     \u81fa\u7063\u52a0\u6b0a\u5831\u916c\u6307\u6578_\u65e5\u6b632","^TAI50I      \u81fa\u706350\u5831\u916c\u6307\u6578","^TAI50Ix2    \u81fa\u706350\u5831\u916c\u6307\u6578_\u65e5\u6b632","^TAI100I     \u81fa\u7063\u4e2d\u578b100\u5831\u916c\u6307\u6578","^TAI100Ix2   \u81fa\u7063\u4e2d\u578b100\u5831\u916c\u6307\u6578_\u65e5\u6b632","^TAIDIVIDI   \u81fa\u7063\u9ad8\u80a1\u606f\u5831\u916c\u6307\u6578","^TAIDIVIDIx2 \u81fa\u7063\u9ad8\u80a1\u606f\u5831\u916c\u6307\u6578_\u65e5\u6b632","0050Fund     \u5143\u5927\u53f0\u7063\u5353\u8d8a50\u57fa\u91d1","006208Fund   \u5bcc\u90a6\u53f0\u7063\u91c6\u540950\u57fa\u91d1","0050         \u5143\u5927\u81fa\u706350","00631L       \u5143\u5927\u53f0\u706350\u6b632","00675L       \u5bcc\u90a6\u81fa\u7063\u52a0\u6b0a\u6b632","006208       \u5bcc\u90a6\u53f050","0051         \u5143\u5927\u4e2d\u578b100","006204       \u6c38\u8c50\u81fa\u7063\u52a0\u6b0a","0056         \u5143\u5927\u9ad8\u80a1\u606f","0056         \u5143\u5927\u9ad8\u80a1\u606f_\u80a1\u606f\u4e0d\u6295\u5165","2412         \u4e2d\u83ef\u96fb\u4fe1","2002         \u4e2d\u92fc","2330         \u53f0\u7a4d\u96fb","2317         \u9d3b\u6d77","6505         \u53f0\u5851\u77f3\u5316","3481         \u7fa4\u5275","2303         \u806f\u96fb","2308         \u53f0\u9054\u96fb","2454         \u806f\u767c\u79d1","2886         \u5146\u8c50\u91d1","2884         \u7389\u5c71\u91d1","2891         \u4e2d\u4fe1\u91d1","2892         \u7b2c\u4e00\u91d1","5880         \u5408\u5eab\u91d1","2881         \u5bcc\u90a6\u91d1","2885         \u5143\u5927\u91d1","2887         \u53f0\u65b0\u91d1"],"y":["^TAIEX       \u81fa\u7063\u52a0\u6b0a\u5831\u916c\u6307\u6578","^TWII        \u81fa\u7063\u52a0\u6b0a\u6307\u6578","^TAIEXx2     \u81fa\u7063\u52a0\u6b0a\u5831\u916c\u6307\u6578_\u65e5\u6b632","^TAI50I      \u81fa\u706350\u5831\u916c\u6307\u6578","^TAI50Ix2    \u81fa\u706350\u5831\u916c\u6307\u6578_\u65e5\u6b632","^TAI100I     \u81fa\u7063\u4e2d\u578b100\u5831\u916c\u6307\u6578","^TAI100Ix2   \u81fa\u7063\u4e2d\u578b100\u5831\u916c\u6307\u6578_\u65e5\u6b632","^TAIDIVIDI   \u81fa\u7063\u9ad8\u80a1\u606f\u5831\u916c\u6307\u6578","^TAIDIVIDIx2 \u81fa\u7063\u9ad8\u80a1\u606f\u5831\u916c\u6307\u6578_\u65e5\u6b632","0050Fund     \u5143\u5927\u53f0\u7063\u5353\u8d8a50\u57fa\u91d1","006208Fund   \u5bcc\u90a6\u53f0\u7063\u91c6\u540950\u57fa\u91d1","0050         \u5143\u5927\u81fa\u706350","00631L       \u5143\u5927\u53f0\u706350\u6b632","00675L       \u5bcc\u90a6\u81fa\u7063\u52a0\u6b0a\u6b632","006208       \u5bcc\u90a6\u53f050","0051         \u5143\u5927\u4e2d\u578b100","006204       \u6c38\u8c50\u81fa\u7063\u52a0\u6b0a","0056         \u5143\u5927\u9ad8\u80a1\u606f","0056         \u5143\u5927\u9ad8\u80a1\u606f_\u80a1\u606f\u4e0d\u6295\u5165","2412         \u4e2d\u83ef\u96fb\u4fe1","2002         \u4e2d\u92fc","2330         \u53f0\u7a4d\u96fb","2317         \u9d3b\u6d77","6505         \u53f0\u5851\u77f3\u5316","3481         \u7fa4\u5275","2303         \u806f\u96fb","2308         \u53f0\u9054\u96fb","2454         \u806f\u767c\u79d1","2886         \u5146\u8c50\u91d1","2884         \u7389\u5c71\u91d1","2891         \u4e2d\u4fe1\u91d1","2892         \u7b2c\u4e00\u91d1","5880         \u5408\u5eab\u91d1","2881         \u5bcc\u90a6\u91d1","2885         \u5143\u5927\u91d1","2887         \u53f0\u65b0\u91d1"],"zmin":-1,"zmax":1,"colorbar":{"x":-0.2}}],"layout":{"autotypenumbers":"strict","colorway":["#636efa","#EF553B","#00cc96","#ab63fa","#FFA15A","#19d3f3","#FF6692","#B6E880","#FF97FF","#FECB52"],"font":{"color":"#f2f5fa","family":"Courier New"},"hovermode":"closest","hoverlabel":{"align":"left"},"paper_bgcolor":"rgb(17,17,17)","plot_bgcolor":"rgb(17,17,17)","polar":{"bgcolor":"rgb(17,17,17)","angularaxis":{"gridcolor":"#506784","linecolor":"#506784","ticks":""},"radialaxis":{"gridcolor":"#506784","linecolor":"#506784","ticks":""}},"ternary":{"bgcolor":"rgb(17,17,17)","aaxis":{"gridcolor":"#506784","linecolor":"#506784","ticks":""},"baxis":{"gridcolor":"#506784","linecolor":"#506784","ticks":""},"caxis":{"gridcolor":"#506784","linecolor":"#506784","ticks":""}},"coloraxis":{"colorbar":{"outlinewidth":0,"ticks":""}},"colorscale":{"sequential":[[0.0,"#0d0887"],[0.1111111111111111,"#46039f"],[0.2222222222222222,"#7201a8"],[0.3333333333333333,"#9c179e"],[0.4444444444444444,"#bd3786"],[0.5555555555555556,"#d8576b"],[0.6666666666666666,"#ed7953"],[0.7777777777777778,"#fb9f3a"],[0.8888888888888888,"#fdca26"],[1.0,"#f0f921"]],"sequentialminus":[[0.0,"#0d0887"],[0.1111111111111111,"#46039f"],[0.2222222222222222,"#7201a8"],[0.3333333333333333,"#9c179e"],[0.4444444444444444,"#bd3786"],[0.5555555555555556,"#d8576b"],[0.6666666666666666,"#ed7953"],[0.7777777777777778,"#fb9f3a"],[0.8888888888888888,"#fdca26"],[1.0,"#f0f921"]],"diverging":[[0,"#8e0152"],[0.1,"#c51b7d"],[0.2,"#de77ae"],[0.3,"#f1b6da"],[0.4,"#fde0ef"],[0.5,"#f7f7f7"],[0.6,"#e6f5d0"],[0.7,"#b8e186"],[0.8,"#7fbc41"],[0.9,"#4d9221"],[1,"#276419"]]},"xaxis":{"gridcolor":"rgba(0, 0, 0, 0)","linecolor":"#506784","ticks":"","title":{"standoff":15},"zerolinecolor":"#283442","automargin":true,"zerolinewidth":2,"tickfont":{"family":"Courier New","size":14},"side":"top","tickangle":-90},"yaxis":{"gridcolor":"rgba(0, 0, 0, 0)","linecolor":"#506784","ticks":"","title":{"standoff":15},"zerolinecolor":"#283442","automargin":true,"zerolinewidth":2,"tickfont":{"family":"Courier New"},"side":"right"},"scene":{"xaxis":{"backgroundcolor":"rgb(17,17,17)","gridcolor":"#506784","linecolor":"#506784","showbackground":true,"ticks":"","zerolinecolor":"#C8D4E3","gridwidth":2},"yaxis":{"backgroundcolor":"rgb(17,17,17)","gridcolor":"#506784","linecolor":"#506784","showbackground":true,"ticks":"","zerolinecolor":"#C8D4E3","gridwidth":2},"zaxis":{"backgroundcolor":"rgb(17,17,17)","gridcolor":"#506784","linecolor":"#506784","showbackground":true,"ticks":"","zerolinecolor":"#C8D4E3","gridwidth":2}},"shapedefaults":{"line":{"color":"#f2f5fa"}},"annotationdefaults":{"arrowcolor":"#f2f5fa","arrowhead":0,"arrowwidth":1},"geo":{"bgcolor":"rgb(17,17,17)","landcolor":"rgb(17,17,17)","subunitcolor":"#506784","showland":true,"showlakes":true,"lakecolor":"rgb(17,17,17)"},"title":{"x":0.05,"font":{"family":"Times New Roman"},"y":0.05,"text":"<b>Correlation of Adj Close<b><br><i>2016-09-23 ~ 2026-07-15<i>"},"updatemenudefaults":{"bgcolor":"#506784","borderwidth":0},"sliderdefaults":{"bgcolor":"#C8D4E3","borderwidth":1,"bordercolor":"rgb(17,17,17)","tickwidth":0},"mapbox":{"style":"dark"},"annotations":[{"text":"<b>@zwindr<b>","textangle":0,"opacity":0.5,"font":{"color":"white","size":12},"xref":"paper","yref":"paper","xanchor":"left","yanchor":"bottom","x":1.0,"y":1.0,"showarrow":false}]},"config":{"responsive":true,"toImageButtonOptions":{"filename":"Correlation of Adj Close_2016-09-23~2026-07-15","scale":5}}};Plotly.newPlot("correlationAdjClose",correlationAdjClose.data,correlationAdjClose.layout||{},correlationAdjClose.config);}else{console.log("style display is none => correlationAdjClose");}