var correlationAdjClose = {"data": [{"type": "heatmap", "z": [[1.0, 0.9939160512411066, 0.9767173376245037, 0.9976861602027008, 0.9648750438611496, 0.9812356985581745, -0.9421377304372284, 0.9898995536935937, 0.9696225530348346, 0.9972616693476234, 0.9972560071426333, 0.9977324300336669, 0.993085213361167, 0.9938081223952331, 0.9972417790617237, 0.983819362864547, 0.9996614240928597, 0.9899336426747581, 0.9197714117310312, 0.7441257540476426, 0.9854200588123571, 0.919913346264872, 0.45072848175245367, -0.3031880934939258, 0.9010773184965656, 0.9743487163298115, 0.9539819766414495, 0.9799001119599415, 0.9632876483418138, 0.9757536160589833, 0.9717646607347086, 0.945310701307105, 0.9794342606281644, 0.9697857817028246, 0.9549856042728578], [0.9939160512411066, 1.0, 0.9721004677662636, 0.9913006999206116, 0.9604219546823746, 0.9765789492347531, -0.9374144354931117, 0.9806288803873099, 0.9626143982773251, 0.9954142735741979, 0.9952658017982137, 0.9944302206134614, 0.9921745535531574, 0.9913913609803544, 0.9951869714482948, 0.9776131189735451, 0.9966031826234092, 0.9833893749908688, 0.9086349097494505, 0.7548430273386421, 0.9668525195775396, 0.8990527012301568, 0.4500043363945449, -0.2267443467854674, 0.8745936872104265, 0.9619140797287247, 0.9536266746869948, 0.9574364984144732, 0.9490249691112346, 0.9654363715966222, 0.9556150863182402, 0.9429868515665868, 0.9680972011921207, 0.960963045233433, 0.9483722196282509], [0.9767173376245037, 0.9721004677662636, 1.0, 0.9827175426979016, 0.9961156712668193, 0.9790753937853749, -0.9755940214685073, 0.9700805333010863, 0.9838192375731842, 0.9884359024954268, 0.9891675925174813, 0.985544043541454, 0.9971102232192772, 0.9969461631060945, 0.988897231841756, 0.9778399738733385, 0.9876573661256111, 0.969982477597939, 0.8264250617951338, 0.6343318455362844, 0.9899990491473103, 0.9103768587328199, 0.28565533349286765, -0.22567363967294346, 0.9076146654012249, 0.9428370458195885, 0.9790537379714859, 0.9292925942145563, 0.910075702548098, 0.963129214787584, 0.9193646208578163, 0.9067804876170716, 0.9660502679460697, 0.9736186289739305, 0.9251758057183608], [0.9976861602027008, 0.9913006999206116, 0.9827175426979016, 1.0, 0.9762980651423043, 0.9735101792506853, -0.9369003762980922, 0.9843414542744003, 0.9670648731708653, 0.9999704610274566, 0.9999890798889336, 0.9999563768996738, 0.9913941406442859, 0.9894868497923783, 0.9999431326250727, 0.973507472903234, 0.9960788738597822, 0.9842277866416101, 0.9061077187314892, 0.714635188571253, 0.9932543420009272, 0.9212654875960814, 0.42737388288771455, -0.29471854485483234, 0.8995993138556543, 0.9689205656450615, 0.9601931095695463, 0.9709049132551724, 0.9604698639857732, 0.9774037516516313, 0.9621232332874374, 0.9344545968387716, 0.977430650877661, 0.968412897183545, 0.9470856062094337], [0.9648750438611496, 0.9604219546823746, 0.9961156712668193, 0.9762980651423043, 1.0, 0.9590413897552587, -0.9572881308429283, 0.9554122131002392, 0.9717836874749426, 0.9848215140917754, 0.9855861784036425, 0.9815754121039549, 0.9869030692821905, 0.9832610783518677, 0.9852552539165976, 0.9568599865906221, 0.9761150157487152, 0.9552847421032957, 0.8064146611060328, 0.5996488536172941, 0.9893737676081737, 0.9065716929460677, 0.2623157415866646, -0.21896102932799058, 0.889842117729012, 0.9286241592173418, 0.9769162514411667, 0.9093564352981626, 0.896568564242611, 0.9566925996285625, 0.8981631293521198, 0.8811745202975534, 0.9561329594286302, 0.9623193269100985, 0.9025607868441577], [0.9812356985581745, 0.9765789492347531, 0.9790753937853749, 0.9735101792506853, 0.9590413897552587, 1.0, -0.9805445561144582, 0.98027724167364, 0.9795920605942902, 0.9687361378370863, 0.9691118777482418, 0.9715695052117878, 0.9769438253998686, 0.9749236705040965, 0.9688499261758734, 0.9999089647824684, 0.9859667927272954, 0.9813591202330353, 0.860216981344434, 0.7105391455545946, 0.967244873105648, 0.8902002242897089, 0.31583142677992815, -0.2141829499134929, 0.9366173110863999, 0.9567954208619289, 0.9592354193699824, 0.9567690562952599, 0.9263515343102373, 0.9522053894590888, 0.9508419643942582, 0.9544416915465802, 0.9560541332292748, 0.9760551861088109, 0.9554054611567185], [-0.9421377304372284, -0.9374144354931117, -0.9755940214685073, -0.9369003762980922, -0.9572881308429283, -0.9805445561144582, 1.0, -0.9510543143771446, -0.9831708375883206, -0.9475298331125874, -0.9487879507121665, -0.9436884103809878, -0.9738205800152896, -0.975627251882069, -0.948315408235209, -0.9837361591376973, -0.9639794990134756, -0.9540451703443896, -0.7720963098955815, -0.6085000033106283, -0.9423647030744747, -0.8803188128419142, -0.17296981824612764, 0.1481339455257424, -0.9047582190688422, -0.9132046988604435, -0.956771048069926, -0.8974851866654656, -0.8557632807108421, -0.9239117736190612, -0.8889027981420533, -0.9083794828076291, -0.9242166397828699, -0.9629806498035706, -0.909331414004128], [0.9898995536935937, 0.9806288803873099, 0.9700805333010863, 0.9843414542744003, 0.9554122131002392, 0.98027724167364, -0.9510543143771446, 1.0, 0.9822245608640363, 0.9800272872918504, 0.9799900029625558, 0.9832155920129587, 0.9756185380188633, 0.9745483383890079, 0.9799441187585302, 0.9822270420679418, 0.9874656800339957, 0.999869557217218, 0.9224712956188348, 0.6789317008523723, 0.9739748254955491, 0.8937849626866113, 0.309808105146923, -0.31113521267554545, 0.9053527412855529, 0.9557467434923964, 0.9369365968654921, 0.977297585908839, 0.9516597629637905, 0.9692576532280696, 0.9620733966759366, 0.9349924773691581, 0.9585124924712648, 0.9567181444624459, 0.965601795080993], [0.9696225530348346, 0.9626143982773251, 0.9838192375731842, 0.9670648731708653, 0.9717836874749426, 0.9795920605942902, -0.9831708375883206, 0.9822245608640363, 1.0, 0.9626352085047417, 0.9633269069045651, 0.9650641885494092, 0.9725313577431587, 0.9695675503866652, 0.9629834850129532, 0.9787180198663764, 0.9696466977770198, 0.9815249650745178, 0.8483880881891237, 0.6038171373168236, 0.9672133382754983, 0.9047260354963037, 0.1667408793162464, -0.22944307551750698, 0.8868373702598377, 0.9323544063062709, 0.9594606154540039, 0.9321098330889697, 0.8931040663103469, 0.9561497872464769, 0.9148789061880114, 0.902064341810709, 0.9441610437031849, 0.9686986980280794, 0.9231749375070123], [0.9972616693476234, 0.9954142735741979, 0.9884359024954268, 0.9999704610274566, 0.9848215140917754, 0.9687361378370863, -0.9475298331125874, 0.9800272872918504, 0.9626352085047417, 1.0, 0.9999872609207747, 0.9999822328100212, 0.9912183016473574, 0.9892741496713037, 0.9999473713634831, 0.9693847524260175, 0.9956562012770219, 0.9810917515373084, 0.9299770736957707, 0.6422631899815873, 0.9966617407159286, 0.8981938372778699, -0.002118511997679283, 0.4435179864673582, 0.9182337964534523, 0.953083731896337, 0.9654464107651776, 0.9614655709205538, 0.9417325982886445, 0.9650135512997492, 0.941178970957975, 0.9208122287262748, 0.9643542891177589, 0.9799211607048146, 0.9449493223827118], [0.9972560071426333, 0.9952658017982137, 0.9891675925174813, 0.9999890798889336, 0.9855861784036425, 0.9691118777482418, -0.9487879507121665, 0.9799900029625558, 0.9633269069045651, 0.9999872609207747, 1.0, 0.9999711074130694, 0.9914138051950752, 0.9894639861301185, 0.9999525237973511, 0.9697373915692108, 0.9957132925594377, 0.9810254364251901, 0.9291103671845414, 0.6386591332983504, 0.9969564784484873, 0.8974034595133107, -0.017041744847728885, 0.43916119210728227, 0.9175722066417755, 0.9529226132628076, 0.9663561143765992, 0.960948412965034, 0.9403860008728853, 0.9651102730027667, 0.9401191624247824, 0.9195389015275507, 0.9645430482865638, 0.9804709658196156, 0.9442698222362215], [0.9977324300336669, 0.9944302206134614, 0.985544043541454, 0.9999563768996738, 0.9815754121039549, 0.9715695052117878, -0.9436884103809878, 0.9832155920129587, 0.9650641885494092, 0.9999822328100212, 0.9999711074130694, 1.0, 0.9911739014097637, 0.9891882712942106, 0.9999611871211714, 0.9720850341552661, 0.9958415222278933, 0.9838346297536797, 0.9213467115731312, 0.6879444530585797, 0.9958379784807349, 0.9147254134020552, 0.19781581986775013, -0.19312566432490116, 0.9249228629684877, 0.961927209164473, 0.9547474613126322, 0.964995500528839, 0.9507726035798418, 0.9717521355371216, 0.952395273961228, 0.933373202336371, 0.9717642654772304, 0.9665452881232518, 0.9536469293480544], [0.993085213361167, 0.9921745535531574, 0.9971102232192772, 0.9913941406442859, 0.9869030692821905, 0.9769438253998686, -0.9738205800152896, 0.9756185380188633, 0.9725313577431587, 0.9912183016473574, 0.9914138051950752, 0.9911739014097637, 1.0, 0.9996755344930847, 0.9913161980640739, 0.9778484027037049, 0.9934237721837363, 0.9770180325237734, 0.9098808265198917, 0.5821285259985564, 0.9861773399263922, 0.8894163934862535, -0.30248394605069534, 0.4672977507409681, 0.907950219241625, 0.953380649698242, 0.9771583931354577, 0.9431592590027383, 0.9015099522252635, 0.9463461186706645, 0.9128312972936926, 0.8892338556635122, 0.9624255853401892, 0.9792840264635205, 0.935956205247651], [0.9938081223952331, 0.9913913609803544, 0.9969461631060945, 0.9894868497923783, 0.9832610783518677, 0.9749236705040965, -0.975627251882069, 0.9745483383890079, 0.9695675503866652, 0.9892741496713037, 0.9894639861301185, 0.9891882712942106, 0.9996755344930847, 1.0, 0.989476461440779, 0.9759137949135928, 0.9939657562349499, 0.9762062408503311, 0.9173154042700177, 0.4651519066602422, 0.9809741721910542, 0.8779586189304517, -0.7002473986023798, 0.44646263293657107, 0.881179345474872, 0.9501929841209757, 0.9764929103032731, 0.9352349442451551, 0.8831842740286173, 0.9373549336367926, 0.9094271793865174, 0.8672284702889428, 0.9646290611102094, 0.9774839459192386, 0.9283582259346924], [0.9972417790617237, 0.9951869714482948, 0.988897231841756, 0.9999431326250727, 0.9852552539165976, 0.9688499261758734, -0.948315408235209, 0.9799441187585302, 0.9629834850129532, 0.9999473713634831, 0.9999525237973511, 0.9999611871211714, 0.9913161980640739, 0.989476461440779, 1.0, 0.9694975105303011, 0.9956638182885998, 0.9810307045464103, 0.9296442455107562, 0.6402721439004199, 0.996799672265664, 0.8972496989361552, -0.01236089912778863, 0.44002023344164354, 0.9174694685101183, 0.9520342993975727, 0.9655591476011635, 0.9611710169111063, 0.9407611174331878, 0.9650961329557484, 0.940635207370004, 0.9200709107362859, 0.9642760839726818, 0.9802553078829415, 0.9445638482633486], [0.983819362864547, 0.9776131189735451, 0.9778399738733385, 0.973507472903234, 0.9568599865906221, 0.9999089647824684, -0.9837361591376973, 0.9822270420679418, 0.9787180198663764, 0.9693847524260175, 0.9697373915692108, 0.9720850341552661, 0.9778484027037049, 0.9759137949135928, 0.9694975105303011, 1.0, 0.9864679073928623, 0.9814914749190372, 0.8837456697239524, 0.7120023120944224, 0.96595072946172, 0.8855518278141737, 0.18935340094927433, -0.19205331571957399, 0.9452256138899333, 0.9592193003428083, 0.9560561192508933, 0.960111143931748, 0.9231012166529912, 0.949206851667931, 0.9516358438045135, 0.9537362782008495, 0.9586430863807767, 0.9756200553467501, 0.9602057895273134], [0.9996614240928597, 0.9966031826234092, 0.9876573661256111, 0.9960788738597822, 0.9761150157487152, 0.9859667927272954, -0.9639794990134756, 0.9874656800339957, 0.9696466977770198, 0.9956562012770219, 0.9957132925594377, 0.9958415222278933, 0.9934237721837363, 0.9939657562349499, 0.9956638182885998, 0.9864679073928623, 1.0, 0.9883597682070248, 0.9353090751480145, 0.6808095798341073, 0.9889781923530082, 0.8945065331617584, 0.03733461523394447, 0.4577193437655363, 0.9360841417941884, 0.9612638765177868, 0.9638639345618357, 0.9741324147223078, 0.9457649020801301, 0.9644455735491259, 0.9557982929527511, 0.9431748055180407, 0.9704926866876327, 0.9843174586715457, 0.965406657562569], [0.9899336426747581, 0.9833893749908688, 0.969982477597939, 0.9842277866416101, 0.9552847421032957, 0.9813591202330353, -0.9540451703443896, 0.999869557217218, 0.9815249650745178, 0.9810917515373084, 0.9810254364251901, 0.9838346297536797, 0.9770180325237734, 0.9762062408503311, 0.9810307045464103, 0.9814914749190372, 0.9883597682070248, 1.0, 0.928655877864829, 0.678553189836965, 0.9730361827348347, 0.8986560293144922, 0.278768888002683, -0.2917962824264714, 0.9108313172522534, 0.9546365680184704, 0.936899094706407, 0.9777150122238883, 0.9509235376630186, 0.9679341390312544, 0.9604191930217949, 0.9347601849650452, 0.9577615964173569, 0.9545005183112403, 0.9667766123738917], [0.9197714117310312, 0.9086349097494505, 0.8264250617951338, 0.9061077187314892, 0.8064146611060328, 0.860216981344434, -0.7720963098955815, 0.9224712956188348, 0.8483880881891237, 0.9299770736957707, 0.9291103671845414, 0.9213467115731312, 0.9098808265198917, 0.9173154042700177, 0.9296442455107562, 0.8837456697239524, 0.9353090751480145, 0.928655877864829, 1.0, 0.8430416693520986, 0.8574674715762731, 0.8717129262148264, 0.6971261566591828, -0.533487371093944, 0.6946438667323015, 0.9166138839554182, 0.7984979716635537, 0.9569946484556016, 0.9346224975388602, 0.9022145891752932, 0.9430063430281103, 0.892328089901853, 0.8970124651709714, 0.8444184002520883, 0.8771906376933535], [0.7441257540476426, 0.7548430273386421, 0.6343318455362844, 0.714635188571253, 0.5996488536172941, 0.7105391455545946, -0.6085000033106283, 0.6789317008523723, 0.6038171373168236, 0.6422631899815873, 0.6386591332983504, 0.6879444530585797, 0.5821285259985564, 0.4651519066602422, 0.6402721439004199, 0.7120023120944224, 0.6808095798341073, 0.678553189836965, 0.8430416693520986, 1.0, 0.6373274145287422, 0.7501428430666599, 0.7324652924561234, -0.11634159794927657, 0.5378135043003461, 0.7569868061021002, 0.6414344656460574, 0.7946036326384487, 0.7311298887745628, 0.6735053353301008, 0.7671025839517425, 0.7685327738123455, 0.7017630023610246, 0.6687280855651772, 0.7029309039929211], [0.9854200588123571, 0.9668525195775396, 0.9899990491473103, 0.9932543420009272, 0.9893737676081737, 0.967244873105648, -0.9423647030744747, 0.9739748254955491, 0.9672133382754983, 0.9966617407159286, 0.9969564784484873, 0.9958379784807349, 0.9861773399263922, 0.9809741721910542, 0.996799672265664, 0.96595072946172, 0.9889781923530082, 0.9730361827348347, 0.8574674715762731, 0.6373274145287422, 1.0, 0.8918964692726045, 0.35485833166158276, -0.2887358636344828, 0.8867592867691589, 0.9516807548678995, 0.9694139801512374, 0.9396860918422144, 0.9431765287044809, 0.968251411779825, 0.9400896097474991, 0.9105902041731506, 0.9677104727575161, 0.9547127269381748, 0.9292320872335176], [0.919913346264872, 0.8990527012301568, 0.9103768587328199, 0.9212654875960814, 0.9065716929460677, 0.8902002242897089, -0.8803188128419142, 0.8937849626866113, 0.9047260354963037, 0.8981938372778699, 0.8974034595133107, 0.9147254134020552, 0.8894163934862535, 0.8779586189304517, 0.8972496989361552, 0.8855518278141737, 0.8945065331617584, 0.8986560293144922, 0.8717129262148264, 0.7501428430666599, 0.8918964692726045, 1.0, 0.4008724349936737, -0.18659726712182348, 0.6966484759888069, 0.9166353025940449, 0.8822158620254028, 0.8950063390767071, 0.8422387495677075, 0.9203662692002609, 0.8638104646275938, 0.8385066838091467, 0.9182291013240191, 0.8631133512956929, 0.8459219409173468], [0.45072848175245367, 0.4500043363945449, 0.28565533349286765, 0.42737388288771455, 0.2623157415866646, 0.31583142677992815, -0.17296981824612764, 0.309808105146923, 0.1667408793162464, -0.002118511997679283, -0.017041744847728885, 0.19781581986775013, -0.30248394605069534, -0.7002473986023798, -0.01236089912778863, 0.18935340094927433, 0.03733461523394447, 0.278768888002683, 0.6971261566591828, 0.7324652924561234, 0.35485833166158276, 0.4008724349936737, 1.0, -0.397835174413766, 0.298377754553135, 0.43388243815803, 0.23265925003605908, 0.526681099034635, 0.5265688016908715, 0.3914055580616695, 0.5438019062436138, 0.45171503572572963, 0.4045024174657708, 0.3231526974098128, 0.4261092392190015], [-0.3031880934939258, -0.2267443467854674, -0.22567363967294346, -0.29471854485483234, -0.21896102932799058, -0.2141829499134929, 0.1481339455257424, -0.31113521267554545, -0.22944307551750698, 0.4435179864673582, 0.43916119210728227, -0.19312566432490116, 0.4672977507409681, 0.44646263293657107, 0.44002023344164354, -0.19205331571957399, 0.4577193437655363, -0.2917962824264714, -0.533487371093944, -0.11634159794927657, -0.2887358636344828, -0.18659726712182348, -0.397835174413766, 1.0, -0.14624123046921841, -0.3329715748243874, -0.1738658590665013, -0.38991737206992655, -0.38009001611690113, -0.32800475818392044, -0.3455060122193143, -0.20109889439667653, -0.3508412756911567, -0.1762056605799017, -0.3152858173889246], [0.9010773184965656, 0.8745936872104265, 0.9076146654012249, 0.8995993138556543, 0.889842117729012, 0.9366173110863999, -0.9047582190688422, 0.9053527412855529, 0.8868373702598377, 0.9182337964534523, 0.9175722066417755, 0.9249228629684877, 0.907950219241625, 0.881179345474872, 0.9174694685101183, 0.9452256138899333, 0.9360841417941884, 0.9108313172522534, 0.6946438667323015, 0.5378135043003461, 0.8867592867691589, 0.6966484759888069, 0.298377754553135, -0.14624123046921841, 1.0, 0.8360104998306991, 0.885844738228589, 0.8081618212700821, 0.8576491733390439, 0.8280790282387883, 0.8648875015239802, 0.8584574991864483, 0.8558901750848167, 0.8658528587059805, 0.8930892816288716], [0.9743487163298115, 0.9619140797287247, 0.9428370458195885, 0.9689205656450615, 0.9286241592173418, 0.9567954208619289, -0.9132046988604435, 0.9557467434923964, 0.9323544063062709, 0.953083731896337, 0.9529226132628076, 0.961927209164473, 0.953380649698242, 0.9501929841209757, 0.9520342993975727, 0.9592193003428083, 0.9612638765177868, 0.9546365680184704, 0.9166138839554182, 0.7569868061021002, 0.9516807548678995, 0.9166353025940449, 0.43388243815803, -0.3329715748243874, 0.8360104998306991, 1.0, 0.9318347251094963, 0.9606041795518336, 0.9342969776031799, 0.9421546122614949, 0.9443215470380861, 0.9170756031150119, 0.9634199471783328, 0.926015559076487, 0.925006937866666], [0.9539819766414495, 0.9536266746869948, 0.9790537379714859, 0.9601931095695463, 0.9769162514411667, 0.9592354193699824, -0.956771048069926, 0.9369365968654921, 0.9594606154540039, 0.9654464107651776, 0.9663561143765992, 0.9547474613126322, 0.9771583931354577, 0.9764929103032731, 0.9655591476011635, 0.9560561192508933, 0.9638639345618357, 0.936899094706407, 0.7984979716635537, 0.6414344656460574, 0.9694139801512374, 0.8822158620254028, 0.23265925003605908, -0.1738658590665013, 0.885844738228589, 0.9318347251094963, 1.0, 0.9018964124763844, 0.8790491220836225, 0.9354595156800966, 0.882038741554899, 0.8831889405126121, 0.942703222489398, 0.9702618870292369, 0.8839371949468157], [0.9799001119599415, 0.9574364984144732, 0.9292925942145563, 0.9709049132551724, 0.9093564352981626, 0.9567690562952599, -0.8974851866654656, 0.977297585908839, 0.9321098330889697, 0.9614655709205538, 0.960948412965034, 0.964995500528839, 0.9431592590027383, 0.9352349442451551, 0.9611710169111063, 0.960111143931748, 0.9741324147223078, 0.9777150122238883, 0.9569946484556016, 0.7946036326384487, 0.9396860918422144, 0.8950063390767071, 0.526681099034635, -0.38991737206992655, 0.8081618212700821, 0.9606041795518336, 0.9018964124763844, 1.0, 0.9853513577291113, 0.965975727810302, 0.9895141116966454, 0.9510299106646799, 0.9577543570940463, 0.9119000543339751, 0.9661348930616895], [0.9632876483418138, 0.9490249691112346, 0.910075702548098, 0.9604698639857732, 0.896568564242611, 0.9263515343102373, -0.8557632807108421, 0.9516597629637905, 0.8931040663103469, 0.9417325982886445, 0.9403860008728853, 0.9507726035798418, 0.9015099522252635, 0.8831842740286173, 0.9407611174331878, 0.9231012166529912, 0.9457649020801301, 0.9509235376630186, 0.9346224975388602, 0.7311298887745628, 0.9431765287044809, 0.8422387495677075, 0.5265688016908715, -0.38009001611690113, 0.8576491733390439, 0.9342969776031799, 0.8790491220836225, 0.9853513577291113, 1.0, 0.9491814331252961, 0.9827349783198979, 0.9545529983866434, 0.9331861421820764, 0.9152992935152081, 0.9617969227992019], [0.9757536160589833, 0.9654363715966222, 0.963129214787584, 0.9774037516516313, 0.9566925996285625, 0.9522053894590888, -0.9239117736190612, 0.9692576532280696, 0.9561497872464769, 0.9650135512997492, 0.9651102730027667, 0.9717521355371216, 0.9463461186706645, 0.9373549336367926, 0.9650961329557484, 0.949206851667931, 0.9644455735491259, 0.9679341390312544, 0.9022145891752932, 0.6735053353301008, 0.968251411779825, 0.9203662692002609, 0.3914055580616695, -0.32800475818392044, 0.8280790282387883, 0.9421546122614949, 0.9354595156800966, 0.965975727810302, 0.9491814331252961, 1.0, 0.9536710689550195, 0.9179155703364662, 0.9756313035688532, 0.955854673535113, 0.9455994467924893], [0.9717646607347086, 0.9556150863182402, 0.9193646208578163, 0.9621232332874374, 0.8981631293521198, 0.9508419643942582, -0.8889027981420533, 0.9620733966759366, 0.9148789061880114, 0.941178970957975, 0.9401191624247824, 0.952395273961228, 0.9128312972936926, 0.9094271793865174, 0.940635207370004, 0.9516358438045135, 0.9557982929527511, 0.9604191930217949, 0.9430063430281103, 0.7671025839517425, 0.9400896097474991, 0.8638104646275938, 0.5438019062436138, -0.3455060122193143, 0.8648875015239802, 0.9443215470380861, 0.882038741554899, 0.9895141116966454, 0.9827349783198979, 0.9536710689550195, 1.0, 0.9730005363782175, 0.9417194697109904, 0.9342632293019933, 0.9615379555459248], [0.945310701307105, 0.9429868515665868, 0.9067804876170716, 0.9344545968387716, 0.8811745202975534, 0.9544416915465802, -0.9083794828076291, 0.9349924773691581, 0.902064341810709, 0.9208122287262748, 0.9195389015275507, 0.933373202336371, 0.8892338556635122, 0.8672284702889428, 0.9200709107362859, 0.9537362782008495, 0.9431748055180407, 0.9347601849650452, 0.892328089901853, 0.7685327738123455, 0.9105902041731506, 0.8385066838091467, 0.45171503572572963, -0.20109889439667653, 0.8584574991864483, 0.9170756031150119, 0.8831889405126121, 0.9510299106646799, 0.9545529983866434, 0.9179155703364662, 0.9730005363782175, 1.0, 0.904427735118339, 0.9324602621587401, 0.9519415366629969], [0.9794342606281644, 0.9680972011921207, 0.9660502679460697, 0.977430650877661, 0.9561329594286302, 0.9560541332292748, -0.9242166397828699, 0.9585124924712648, 0.9441610437031849, 0.9643542891177589, 0.9645430482865638, 0.9717642654772304, 0.9624255853401892, 0.9646290611102094, 0.9642760839726818, 0.9586430863807767, 0.9704926866876327, 0.9577615964173569, 0.8970124651709714, 0.7017630023610246, 0.9677104727575161, 0.9182291013240191, 0.4045024174657708, -0.3508412756911567, 0.8558901750848167, 0.9634199471783328, 0.942703222489398, 0.9577543570940463, 0.9331861421820764, 0.9756313035688532, 0.9417194697109904, 0.904427735118339, 1.0, 0.9519722588846954, 0.9404258445817367], [0.9697857817028246, 0.960963045233433, 0.9736186289739305, 0.968412897183545, 0.9623193269100985, 0.9760551861088109, -0.9629806498035706, 0.9567181444624459, 0.9686986980280794, 0.9799211607048146, 0.9804709658196156, 0.9665452881232518, 0.9792840264635205, 0.9774839459192386, 0.9802553078829415, 0.9756200553467501, 0.9843174586715457, 0.9545005183112403, 0.8444184002520883, 0.6687280855651772, 0.9547127269381748, 0.8631133512956929, 0.3231526974098128, -0.1762056605799017, 0.8658528587059805, 0.926015559076487, 0.9702618870292369, 0.9119000543339751, 0.9152992935152081, 0.955854673535113, 0.9342632293019933, 0.9324602621587401, 0.9519722588846954, 1.0, 0.9164851323648111], [0.9549856042728578, 0.9483722196282509, 0.9251758057183608, 0.9470856062094337, 0.9025607868441577, 0.9554054611567185, -0.909331414004128, 0.965601795080993, 0.9231749375070123, 0.9449493223827118, 0.9442698222362215, 0.9536469293480544, 0.935956205247651, 0.9283582259346924, 0.9445638482633486, 0.9602057895273134, 0.965406657562569, 0.9667766123738917, 0.8771906376933535, 0.7029309039929211, 0.9292320872335176, 0.8459219409173468, 0.4261092392190015, -0.3152858173889246, 0.8930892816288716, 0.925006937866666, 0.8839371949468157, 0.9661348930616895, 0.9617969227992019, 0.9455994467924893, 0.9615379555459248, 0.9519415366629969, 0.9404258445817367, 0.9164851323648111, 1.0]], "x": ["^TAIEX       \u81fa\u7063\u52a0\u6b0a\u5831\u916c\u6307\u6578", "^TWII        \u81fa\u7063\u52a0\u6b0a\u6307\u6578", "^TAIEXx2     \u81fa\u7063\u52a0\u6b0a\u5831\u916c\u6307\u6578_\u65e5\u6b632", "^TAI50I      \u81fa\u706350\u5831\u916c\u6307\u6578", "^TAI50Ix2    \u81fa\u706350\u5831\u916c\u6307\u6578_\u65e5\u6b632", "^TAI100I     \u81fa\u7063\u4e2d\u578b100\u5831\u916c\u6307\u6578", "^TAI100Ix2   \u81fa\u7063\u4e2d\u578b100\u5831\u916c\u6307\u6578_\u65e5\u6b632", "^TAIDIVIDI   \u81fa\u7063\u9ad8\u80a1\u606f\u5831\u916c\u6307\u6578", "^TAIDIVIDIx2 \u81fa\u7063\u9ad8\u80a1\u606f\u5831\u916c\u6307\u6578_\u65e5\u6b632", "0050Fund     \u5143\u5927\u53f0\u7063\u5353\u8d8a50\u57fa\u91d1", "006208Fund   \u5bcc\u90a6\u53f0\u7063\u91c6\u540950\u57fa\u91d1", "0050         \u5143\u5927\u81fa\u706350", "00631L       \u5143\u5927\u53f0\u706350\u6b632", "00675L       \u5bcc\u90a6\u81fa\u7063\u52a0\u6b0a\u6b632", "006208       \u5bcc\u90a6\u53f050", "0051         \u5143\u5927\u4e2d\u578b100", "006204       \u6c38\u8c50\u81fa\u7063\u52a0\u6b0a", "0056         \u5143\u5927\u9ad8\u80a1\u606f", "2412         \u4e2d\u83ef\u96fb\u4fe1", "2002         \u4e2d\u92fc", "2330         \u53f0\u7a4d\u96fb", "2317         \u9d3b\u6d77", "6505         \u53f0\u5851\u77f3\u5316", "3481         \u7fa4\u5275", "2303         \u806f\u96fb", "2308         \u53f0\u9054\u96fb", "2454         \u806f\u767c\u79d1", "2886         \u5146\u8c50\u91d1", "2884         \u7389\u5c71\u91d1", "2891         \u4e2d\u4fe1\u91d1", "2892         \u7b2c\u4e00\u91d1", "5880         \u5408\u5eab\u91d1", "2881         \u5bcc\u90a6\u91d1", "2885         \u5143\u5927\u91d1", "2887         \u53f0\u65b0\u91d1"], "y": ["^TAIEX       \u81fa\u7063\u52a0\u6b0a\u5831\u916c\u6307\u6578", "^TWII        \u81fa\u7063\u52a0\u6b0a\u6307\u6578", "^TAIEXx2     \u81fa\u7063\u52a0\u6b0a\u5831\u916c\u6307\u6578_\u65e5\u6b632", "^TAI50I      \u81fa\u706350\u5831\u916c\u6307\u6578", "^TAI50Ix2    \u81fa\u706350\u5831\u916c\u6307\u6578_\u65e5\u6b632", "^TAI100I     \u81fa\u7063\u4e2d\u578b100\u5831\u916c\u6307\u6578", "^TAI100Ix2   \u81fa\u7063\u4e2d\u578b100\u5831\u916c\u6307\u6578_\u65e5\u6b632", "^TAIDIVIDI   \u81fa\u7063\u9ad8\u80a1\u606f\u5831\u916c\u6307\u6578", "^TAIDIVIDIx2 \u81fa\u7063\u9ad8\u80a1\u606f\u5831\u916c\u6307\u6578_\u65e5\u6b632", "0050Fund     \u5143\u5927\u53f0\u7063\u5353\u8d8a50\u57fa\u91d1", "006208Fund   \u5bcc\u90a6\u53f0\u7063\u91c6\u540950\u57fa\u91d1", "0050         \u5143\u5927\u81fa\u706350", "00631L       \u5143\u5927\u53f0\u706350\u6b632", "00675L       \u5bcc\u90a6\u81fa\u7063\u52a0\u6b0a\u6b632", "006208       \u5bcc\u90a6\u53f050", "0051         \u5143\u5927\u4e2d\u578b100", "006204       \u6c38\u8c50\u81fa\u7063\u52a0\u6b0a", "0056         \u5143\u5927\u9ad8\u80a1\u606f", "2412         \u4e2d\u83ef\u96fb\u4fe1", "2002         \u4e2d\u92fc", "2330         \u53f0\u7a4d\u96fb", "2317         \u9d3b\u6d77", "6505         \u53f0\u5851\u77f3\u5316", "3481         \u7fa4\u5275", "2303         \u806f\u96fb", "2308         \u53f0\u9054\u96fb", "2454         \u806f\u767c\u79d1", "2886         \u5146\u8c50\u91d1", "2884         \u7389\u5c71\u91d1", "2891         \u4e2d\u4fe1\u91d1", "2892         \u7b2c\u4e00\u91d1", "5880         \u5408\u5eab\u91d1", "2881         \u5bcc\u90a6\u91d1", "2885         \u5143\u5927\u91d1", "2887         \u53f0\u65b0\u91d1"], "zmin": -1, "zmax": 1, "colorbar": {"x": -0.2}}], "layout": {"autotypenumbers": "strict", "colorway": ["#636efa", "#EF553B", "#00cc96", "#ab63fa", "#FFA15A", "#19d3f3", "#FF6692", "#B6E880", "#FF97FF", "#FECB52"], "font": {"color": "#f2f5fa", "family": "Courier New"}, "hovermode": "closest", "hoverlabel": {"align": "left"}, "paper_bgcolor": "rgb(17,17,17)", "plot_bgcolor": "rgb(17,17,17)", "polar": {"bgcolor": "rgb(17,17,17)", "angularaxis": {"gridcolor": "#506784", "linecolor": "#506784", "ticks": ""}, "radialaxis": {"gridcolor": "#506784", "linecolor": "#506784", "ticks": ""}}, "ternary": {"bgcolor": "rgb(17,17,17)", "aaxis": {"gridcolor": "#506784", "linecolor": "#506784", "ticks": ""}, "baxis": {"gridcolor": "#506784", "linecolor": "#506784", "ticks": ""}, "caxis": {"gridcolor": "#506784", "linecolor": "#506784", "ticks": ""}}, "coloraxis": {"colorbar": {"outlinewidth": 0, "ticks": ""}}, "colorscale": {"sequential": [[0.0, "#0d0887"], [0.1111111111111111, "#46039f"], [0.2222222222222222, "#7201a8"], [0.3333333333333333, "#9c179e"], [0.4444444444444444, "#bd3786"], [0.5555555555555556, "#d8576b"], [0.6666666666666666, "#ed7953"], [0.7777777777777778, "#fb9f3a"], [0.8888888888888888, "#fdca26"], [1.0, "#f0f921"]], "sequentialminus": [[0.0, "#0d0887"], [0.1111111111111111, "#46039f"], [0.2222222222222222, "#7201a8"], [0.3333333333333333, "#9c179e"], [0.4444444444444444, "#bd3786"], [0.5555555555555556, "#d8576b"], [0.6666666666666666, "#ed7953"], [0.7777777777777778, "#fb9f3a"], [0.8888888888888888, "#fdca26"], [1.0, "#f0f921"]], "diverging": [[0, "#8e0152"], [0.1, "#c51b7d"], [0.2, "#de77ae"], [0.3, "#f1b6da"], [0.4, "#fde0ef"], [0.5, "#f7f7f7"], [0.6, "#e6f5d0"], [0.7, "#b8e186"], [0.8, "#7fbc41"], [0.9, "#4d9221"], [1, "#276419"]]}, "xaxis": {"gridcolor": "rgba(0, 0, 0, 0)", "linecolor": "#506784", "ticks": "", "title": {"standoff": 15}, "zerolinecolor": "#283442", "automargin": true, "zerolinewidth": 2, "tickfont": {"family": "Courier New", "size": 14}, "side": "top", "tickangle": -90}, "yaxis": {"gridcolor": "rgba(0, 0, 0, 0)", "linecolor": "#506784", "ticks": "", "title": {"standoff": 15}, "zerolinecolor": "#283442", "automargin": true, "zerolinewidth": 2, "tickfont": {"family": "Courier New"}, "side": "right"}, "scene": {"xaxis": {"backgroundcolor": "rgb(17,17,17)", "gridcolor": "#506784", "linecolor": "#506784", "showbackground": true, "ticks": "", "zerolinecolor": "#C8D4E3", "gridwidth": 2}, "yaxis": {"backgroundcolor": "rgb(17,17,17)", "gridcolor": "#506784", "linecolor": "#506784", "showbackground": true, "ticks": "", "zerolinecolor": "#C8D4E3", "gridwidth": 2}, "zaxis": {"backgroundcolor": "rgb(17,17,17)", "gridcolor": "#506784", "linecolor": "#506784", "showbackground": true, "ticks": "", "zerolinecolor": "#C8D4E3", "gridwidth": 2}}, "shapedefaults": {"line": {"color": "#f2f5fa"}}, "annotationdefaults": {"arrowcolor": "#f2f5fa", "arrowhead": 0, "arrowwidth": 1}, "geo": {"bgcolor": "rgb(17,17,17)", "landcolor": "rgb(17,17,17)", "subunitcolor": "#506784", "showland": true, "showlakes": true, "lakecolor": "rgb(17,17,17)"}, "title": {"x": 0.05, "font": {"family": "Times New Roman"}, "y": 0.05, "text": "<b>Correlation of Adj Close<b><br><i>2016-09-23 ~ 2025-07-16<i>"}, "updatemenudefaults": {"bgcolor": "#506784", "borderwidth": 0}, "sliderdefaults": {"bgcolor": "#C8D4E3", "borderwidth": 1, "bordercolor": "rgb(17,17,17)", "tickwidth": 0}, "mapbox": {"style": "dark"}}, "config": {"responsive": true, "toImageButtonOptions": {"filename": "Correlation of Adj Close_2016-09-23~2025-07-16", "scale": 5}}};

Plotly.newPlot("correlationAdjClose",
    correlationAdjClose.data,
    correlationAdjClose.layout || {},
    correlationAdjClose.config);