var config = { responsive: true }

var correlationAdjClose = {"data": [{"type": "heatmap", "z": [[1.0, 0.9934662478815475, 0.9750466384979732, 0.9978245255015141, 0.9633816499151364, 0.9798776159294098, -0.9376399900648758, 0.989098353172807, 0.9669226443476097, 0.9965990436108804, 0.9931678284477102, 0.9944156718650429, 0.9972432568822697, 0.9773473929906499, 0.99954416742368, 0.9861065512034868, 0.9111765435087817, 0.763571209253391, 0.9858586425003638, 0.9208398595495461, 0.5028313983617149, -0.3275773801584678, 0.8964303741079869, 0.9726880439918529, 0.950678026632748], [0.9934662478815475, 1.0, 0.970362125002986, 0.9911776444860908, 0.9592997638584198, 0.9748355017183339, -0.9326487404815333, 0.9790948267998231, 0.9595672179568998, 0.9938553851989528, 0.9918227841305041, 0.9911841152554103, 0.9953054293607614, 0.9719227824039003, 0.9962656162613233, 0.9820138908288234, 0.8995405973777718, 0.7690831509453779, 0.9663614828905648, 0.8985437675699811, 0.4996387186081712, -0.24767214560173925, 0.8677301737832837, 0.959603209856918, 0.9513962025575865], [0.9750466384979732, 0.970362125002986, 1.0, 0.9810091387258668, 0.9962867906276677, 0.9782177183933811, -0.9742977925969036, 0.9679361757147648, 0.9824322178702717, 0.985141262119425, 0.9976471796201497, 0.9976468839852485, 0.9881646407079799, 0.9765852630654726, 0.9871449131197648, 0.9746262215872086, 0.8110535673013936, 0.6541888770062211, 0.9892135139202516, 0.9094924969109904, 0.3351933814017719, -0.24556733925447213, 0.9053456079947997, 0.937904851378403, 0.9775035155961317], [0.9978245255015141, 0.9911776444860908, 0.9810091387258668, 1.0, 0.97450849962704, 0.9720483584865902, -0.9321636980827073, 0.9834983803012342, 0.9640095588707608, 0.999236020376702, 0.9927915517616955, 0.9918173816639674, 0.9999005549988956, 0.9671360489153721, 0.9960026572608289, 0.9808525662039331, 0.896872883249473, 0.7368346498765918, 0.9931671076579306, 0.9227915620754068, 0.484027693930333, -0.31887622583294456, 0.8964062620054326, 0.9665949463770088, 0.9562379088019761], [0.9633816499151364, 0.9592997638584198, 0.9962867906276677, 0.97450849962704, 1.0, 0.9580194069297163, -0.9558044845932561, 0.9532260817681844, 0.9700745437601032, 0.9812882218271349, 0.9887047057398235, 0.9852641963896475, 0.9842952017252918, 0.9555637735068375, 0.9755341947264057, 0.9600653292028967, 0.7908313870421709, 0.6227818394879457, 0.987949274050069, 0.906733790691223, 0.31687637132174873, -0.2377713543962031, 0.8892965567997831, 0.922771119295064, 0.9748148958656777], [0.9798776159294098, 0.9748355017183339, 0.9782177183933811, 0.9720483584865902, 0.9580194069297163, 1.0, -0.9790985706018863, 0.9788234450414768, 0.9783347473307547, 0.9711624326169888, 0.9755473921721012, 0.9734809380994716, 0.9678522100010848, 0.9988426777404356, 0.9856053956698875, 0.9853788445288542, 0.8484787694680849, 0.7297167555543455, 0.966752925336791, 0.8875013094175692, 0.36367949918420167, -0.23602471153016882, 0.9344343559113458, 0.9543653399347537, 0.9577670305345455], [-0.9376399900648758, -0.9326487404815333, -0.9742977925969036, -0.9321636980827073, -0.9558044845932561, -0.9790985706018863, 1.0, -0.9473978715744719, -0.9822266915924324, -0.940149715708445, -0.9722253936029535, -0.9743213035479344, -0.9461426213017138, -0.9856093399372252, -0.9624723036259702, -0.963853339942795, -0.7544838522222678, -0.6245344992713482, -0.9390437231016541, -0.8743007311684987, -0.2145953223624126, 0.16619897818512927, -0.9009150722422533, -0.9069575177509771, -0.9553464003194571], [0.989098353172807, 0.9790948267998231, 0.9679361757147648, 0.9834983803012342, 0.9532260817681844, 0.9788234450414768, -0.9473978715744719, 1.0, 0.9808362782459272, 0.9802784909666685, 0.9742612156748433, 0.9734885224160115, 0.9786433938261997, 0.9747666457652278, 0.9865186414406915, 0.9962861070473195, 0.9186323778286666, 0.7027723322546189, 0.9735342654938921, 0.8931264161437369, 0.37857823267813945, -0.335613338710582, 0.9020374998174955, 0.9529576241215009, 0.932073766255289], [0.9669226443476097, 0.9595672179568998, 0.9824322178702717, 0.9640095588707608, 0.9700745437601032, 0.9783347473307547, -0.9822266915924324, 0.9808362782459272, 1.0, 0.9631433982602994, 0.970816840111053, 0.9677821594067816, 0.9600384425040537, 0.976518054330354, 0.9674907260584111, 0.9866419171403775, 0.8396241581108468, 0.6279491958593559, 0.964743927263304, 0.9017494869079473, 0.23133342545690164, -0.24985298184925922, 0.8832557395669058, 0.9267693961575755, 0.9561310401763338], [0.9965990436108804, 0.9938553851989528, 0.985141262119425, 0.999236020376702, 0.9812882218271349, 0.9711624326169888, -0.940149715708445, 0.9802784909666685, 0.9631433982602994, 1.0, 0.9916219983719987, 0.9902458850062349, 0.9998330022874086, 0.9680768030318708, 0.9952018412622055, 0.9809473486940838, 0.9086656353786295, 0.7167199723947592, 0.9955646952699192, 0.9160161832527368, 0.3195421161147052, -0.26677898594211197, 0.9298050468898071, 0.9555204019338184, 0.9541078301478823], [0.9931678284477102, 0.9918227841305041, 0.9976471796201497, 0.9927915517616955, 0.9887047057398235, 0.9755473921721012, -0.9722253936029535, 0.9742612156748433, 0.970816840111053, 0.9916219983719987, 1.0, 0.9996526968179213, 0.9924947046598721, 0.97656990921419, 0.99349739990894, 0.9756609803696422, 0.9036199655092282, 0.6170696034595687, 0.9890622458655371, 0.8866011917380745, -0.23819208273340062, 0.3996181059774943, 0.9068217558564412, 0.9513099407806802, 0.9781693183487405], [0.9944156718650429, 0.9911841152554103, 0.9976468839852485, 0.9918173816639674, 0.9852641963896475, 0.9734809380994716, -0.9743213035479344, 0.9734885224160115, 0.9677821594067816, 0.9902458850062349, 0.9996526968179213, 1.0, 0.9915156206232523, 0.9746016054069432, 0.9944765850848623, 0.9750905234694229, 0.9141527250175733, 0.5098895379992392, 0.9848589677581164, 0.8730799963434336, -0.677567612054336, 0.4051711858651799, 0.8799210831541694, 0.9480738655503317, 0.9780019018584233], [0.9972432568822697, 0.9953054293607614, 0.9881646407079799, 0.9999005549988956, 0.9842952017252918, 0.9678522100010848, -0.9461426213017138, 0.9786433938261997, 0.9600384425040537, 0.9998330022874086, 0.9924947046598721, 0.9915156206232523, 1.0, 0.9686535925291742, 0.9955497819950924, 0.9797253629678139, 0.9258660713677507, 0.681014037871651, 0.9971245055150235, 0.8951076284469602, 0.07455324769749906, 0.34544557296766404, 0.9198491735807578, 0.9474065172256004, 0.9624240065388221], [0.9773473929906499, 0.9719227824039003, 0.9765852630654726, 0.9671360489153721, 0.9555637735068375, 0.9988426777404356, -0.9856093399372252, 0.9747666457652278, 0.976518054330354, 0.9680768030318708, 0.97656990921419, 0.9746016054069432, 0.9686535925291742, 1.0, 0.9857780842277661, 0.9830377552244253, 0.862221196439758, 0.7339003141134022, 0.9621004937397725, 0.8766648732317346, 0.23014132533075535, -0.19257240242474596, 0.9438145089605512, 0.9491491388394113, 0.9569297941432828], [0.99954416742368, 0.9962656162613233, 0.9871449131197648, 0.9960026572608289, 0.9755341947264057, 0.9856053956698875, -0.9624723036259702, 0.9865186414406915, 0.9674907260584111, 0.9952018412622055, 0.99349739990894, 0.9944765850848623, 0.9955497819950924, 0.9857780842277661, 1.0, 0.986839665712699, 0.9331487075319618, 0.7161493368980267, 0.9897127540402094, 0.8917323456964038, 0.11720167279884872, 0.34465887641776377, 0.9372334082783778, 0.9579077220836848, 0.9618631148876418], [0.9861065512034868, 0.9820138908288234, 0.9746262215872086, 0.9808525662039331, 0.9600653292028967, 0.9853788445288542, -0.963853339942795, 0.9962861070473195, 0.9866419171403775, 0.9809473486940838, 0.9756609803696422, 0.9750905234694229, 0.9797253629678139, 0.9830377552244253, 0.986839665712699, 1.0, 0.900407177657719, 0.7050460507594082, 0.9728015495414118, 0.8930479620418786, 0.31266298569756734, -0.26092833634351686, 0.9139426842906418, 0.9423656557253574, 0.943596802779574], [0.9111765435087817, 0.8995405973777718, 0.8110535673013936, 0.896872883249473, 0.7908313870421709, 0.8484787694680849, -0.7544838522222678, 0.9186323778286666, 0.8396241581108468, 0.9086656353786295, 0.9036199655092282, 0.9141527250175733, 0.9258660713677507, 0.862221196439758, 0.9331487075319618, 0.900407177657719, 1.0, 0.8614021987194831, 0.8450889616891724, 0.8693821935931237, 0.7491530680900316, -0.571682991005027, 0.6662472772016726, 0.9087170400822642, 0.783716063227095], [0.763571209253391, 0.7690831509453779, 0.6541888770062211, 0.7368346498765918, 0.6227818394879457, 0.7297167555543455, -0.6245344992713482, 0.7027723322546189, 0.6279491958593559, 0.7167199723947592, 0.6170696034595687, 0.5098895379992392, 0.681014037871651, 0.7339003141134022, 0.7161493368980267, 0.7050460507594082, 0.8614021987194831, 1.0, 0.6573571660982351, 0.7593857504150747, 0.7378153228554778, -0.1378779458174255, 0.5387984494637246, 0.7733481207198853, 0.6617333682494403], [0.9858586425003638, 0.9663614828905648, 0.9892135139202516, 0.9931671076579306, 0.987949274050069, 0.966752925336791, -0.9390437231016541, 0.9735342654938921, 0.964743927263304, 0.9955646952699192, 0.9890622458655371, 0.9848589677581164, 0.9971245055150235, 0.9621004937397725, 0.9897127540402094, 0.9728015495414118, 0.8450889616891724, 0.6573571660982351, 1.0, 0.8936714446742736, 0.41518384122869906, -0.3131633324723921, 0.8851424459654887, 0.9488402503753132, 0.9655841845158661], [0.9208398595495461, 0.8985437675699811, 0.9094924969109904, 0.9227915620754068, 0.906733790691223, 0.8875013094175692, -0.8743007311684987, 0.8931264161437369, 0.9017494869079473, 0.9160161832527368, 0.8866011917380745, 0.8730799963434336, 0.8951076284469602, 0.8766648732317346, 0.8917323456964038, 0.8930479620418786, 0.8693821935931237, 0.7593857504150747, 0.8936714446742736, 1.0, 0.45458248656626676, -0.21942152966819228, 0.6882311079620795, 0.916359620881016, 0.8786526517538661], [0.5028313983617149, 0.4996387186081712, 0.3351933814017719, 0.484027693930333, 0.31687637132174873, 0.36367949918420167, -0.2145953223624126, 0.37857823267813945, 0.23133342545690164, 0.3195421161147052, -0.23819208273340062, -0.677567612054336, 0.07455324769749906, 0.23014132533075535, 0.11720167279884872, 0.31266298569756734, 0.7491530680900316, 0.7378153228554778, 0.41518384122869906, 0.45458248656626676, 1.0, -0.42587189836272893, 0.3289308674661098, 0.4856981494945657, 0.2822189567801654], [-0.3275773801584678, -0.24767214560173925, -0.24556733925447213, -0.31887622583294456, -0.2377713543962031, -0.23602471153016882, 0.16619897818512927, -0.335613338710582, -0.24985298184925922, -0.26677898594211197, 0.3996181059774943, 0.4051711858651799, 0.34544557296766404, -0.19257240242474596, 0.34465887641776377, -0.26092833634351686, -0.571682991005027, -0.1378779458174255, -0.3131633324723921, -0.21942152966819228, -0.42587189836272893, 1.0, -0.16682827377824394, -0.3588661622806464, -0.188228687203711], [0.8964303741079869, 0.8677301737832837, 0.9053456079947997, 0.8964062620054326, 0.8892965567997831, 0.9344343559113458, -0.9009150722422533, 0.9020374998174955, 0.8832557395669058, 0.9298050468898071, 0.9068217558564412, 0.8799210831541694, 0.9198491735807578, 0.9438145089605512, 0.9372334082783778, 0.9139426842906418, 0.6662472772016726, 0.5387984494637246, 0.8851424459654887, 0.6882311079620795, 0.3289308674661098, -0.16682827377824394, 1.0, 0.8280321610621959, 0.8836884142861273], [0.9726880439918529, 0.959603209856918, 0.937904851378403, 0.9665949463770088, 0.922771119295064, 0.9543653399347537, -0.9069575177509771, 0.9529576241215009, 0.9267693961575755, 0.9555204019338184, 0.9513099407806802, 0.9480738655503317, 0.9474065172256004, 0.9491491388394113, 0.9579077220836848, 0.9423656557253574, 0.9087170400822642, 0.7733481207198853, 0.9488402503753132, 0.916359620881016, 0.4856981494945657, -0.3588661622806464, 0.8280321610621959, 1.0, 0.9267429598417811], [0.950678026632748, 0.9513962025575865, 0.9775035155961317, 0.9562379088019761, 0.9748148958656777, 0.9577670305345455, -0.9553464003194571, 0.932073766255289, 0.9561310401763338, 0.9541078301478823, 0.9781693183487405, 0.9780019018584233, 0.9624240065388221, 0.9569297941432828, 0.9618631148876418, 0.943596802779574, 0.783716063227095, 0.6617333682494403, 0.9655841845158661, 0.8786526517538661, 0.2822189567801654, -0.188228687203711, 0.8836884142861273, 0.9267429598417811, 1.0]], "x": ["^TAIEX       \u81fa\u7063\u52a0\u6b0a\u5831\u916c\u6307\u6578", "^TWII        \u81fa\u7063\u52a0\u6b0a\u6307\u6578", "^TAIEXx2     \u81fa\u7063\u52a0\u6b0a\u5831\u916c\u6307\u6578_\u65e5\u6b632", "^TAI50I      \u81fa\u706350\u5831\u916c\u6307\u6578", "^TAI50Ix2    \u81fa\u706350\u5831\u916c\u6307\u6578_\u65e5\u6b632", "^TAI100I     \u81fa\u7063\u4e2d\u578b100\u5831\u916c\u6307\u6578", "^TAI100Ix2   \u81fa\u7063\u4e2d\u578b100\u5831\u916c\u6307\u6578_\u65e5\u6b632", "^TAIDIVIDI   \u81fa\u7063\u9ad8\u80a1\u606f\u5831\u916c\u6307\u6578", "^TAIDIVIDIx2 \u81fa\u7063\u9ad8\u80a1\u606f\u5831\u916c\u6307\u6578_\u65e5\u6b632", "0050         \u5143\u5927\u81fa\u706350", "00631L       \u5143\u5927\u53f0\u706350\u6b632", "00675L       \u5bcc\u90a6\u81fa\u7063\u52a0\u6b0a\u6b632", "006208       \u5bcc\u90a6\u53f050", "0051         \u5143\u5927\u4e2d\u578b100", "006204       \u6c38\u8c50\u81fa\u7063\u52a0\u6b0a", "0056         \u5143\u5927\u9ad8\u80a1\u606f", "2412         \u4e2d\u83ef\u96fb\u4fe1", "2002         \u4e2d\u92fc", "2330         \u53f0\u7a4d\u96fb", "2317         \u9d3b\u6d77", "6505         \u53f0\u5851\u77f3\u5316", "3481         \u7fa4\u5275", "2303         \u806f\u96fb", "2308         \u53f0\u9054\u96fb", "2454         \u806f\u767c\u79d1"], "y": ["^TAIEX       \u81fa\u7063\u52a0\u6b0a\u5831\u916c\u6307\u6578", "^TWII        \u81fa\u7063\u52a0\u6b0a\u6307\u6578", "^TAIEXx2     \u81fa\u7063\u52a0\u6b0a\u5831\u916c\u6307\u6578_\u65e5\u6b632", "^TAI50I      \u81fa\u706350\u5831\u916c\u6307\u6578", "^TAI50Ix2    \u81fa\u706350\u5831\u916c\u6307\u6578_\u65e5\u6b632", "^TAI100I     \u81fa\u7063\u4e2d\u578b100\u5831\u916c\u6307\u6578", "^TAI100Ix2   \u81fa\u7063\u4e2d\u578b100\u5831\u916c\u6307\u6578_\u65e5\u6b632", "^TAIDIVIDI   \u81fa\u7063\u9ad8\u80a1\u606f\u5831\u916c\u6307\u6578", "^TAIDIVIDIx2 \u81fa\u7063\u9ad8\u80a1\u606f\u5831\u916c\u6307\u6578_\u65e5\u6b632", "0050         \u5143\u5927\u81fa\u706350", "00631L       \u5143\u5927\u53f0\u706350\u6b632", "00675L       \u5bcc\u90a6\u81fa\u7063\u52a0\u6b0a\u6b632", "006208       \u5bcc\u90a6\u53f050", "0051         \u5143\u5927\u4e2d\u578b100", "006204       \u6c38\u8c50\u81fa\u7063\u52a0\u6b0a", "0056         \u5143\u5927\u9ad8\u80a1\u606f", "2412         \u4e2d\u83ef\u96fb\u4fe1", "2002         \u4e2d\u92fc", "2330         \u53f0\u7a4d\u96fb", "2317         \u9d3b\u6d77", "6505         \u53f0\u5851\u77f3\u5316", "3481         \u7fa4\u5275", "2303         \u806f\u96fb", "2308         \u53f0\u9054\u96fb", "2454         \u806f\u767c\u79d1"], "zmin": -1, "zmax": 1, "colorbar": {"x": -0.2}}], "layout": {"title": {"text": "<b>Correlation of Adj Close <b><br><i>2016/09/23 ~ 2025/04/24<i>", "y": 0.05, "font": {"family": "Times New Roman"}, "x": 0.05}, "xaxis": {"side": "top", "tickangle": -90, "gridcolor": "rgba(0, 0, 0, 0)", "tickfont": {"family": "Courier New", "size": 14}, "automargin": true}, "yaxis": {"side": "right", "gridcolor": "rgba(0, 0, 0, 0)", "tickfont": {"family": "Courier New"}, "automargin": true}, "height": 600, "font": {"family": "Courier New", "color": "#ffffff"}, "plot_bgcolor": "#000", "paper_bgcolor": "#000"}};

Plotly.newPlot("correlationAdjClose",
    correlationAdjClose.data,
    correlationAdjClose.layout || {},
    config);