var config = { responsive: true }

var correlationAdjClose = {"data": [{"type": "heatmap", "z": [[1.0, 0.9936136917837967, 0.9756801348909349, 0.9978057958146926, 0.964184536232024, 0.9803724467999422, -0.9391441557648215, 0.9893975091647642, 0.9678326565166895, 0.9966282583604605, 0.9929591509488994, 0.9939550110225522, 0.9972501177283699, 0.9778709175897268, 0.999556455390572, 0.9864886030780203, 0.9125301473766565, 0.7589800057267881, 0.9857085925711069, 0.9228905671807641, 0.4846284767659549, -0.2971338560414006, 0.8981802084866146, 0.9732955041066857, 0.9511779189419797], [0.9936136917837967, 1.0, 0.9710322493867877, 0.9912403271255522, 0.9600008763334019, 0.975448477231848, -0.9342527226814155, 0.9796132741596346, 0.9605692226986993, 0.9938630460071155, 0.9918483812615184, 0.9911143839090397, 0.9952470904912134, 0.9725938280969492, 0.9963316289708433, 0.9824479895484144, 0.9010592549961499, 0.7657875605771609, 0.9665133975215228, 0.9007693829303428, 0.4824727688749059, -0.22037653764137266, 0.8700871869501478, 0.9604980230884818, 0.9514203749500618], [0.9756801348909349, 0.9710322493867877, 1.0, 0.9815643380545216, 0.9963056688684653, 0.9786791942795989, -0.9747959516256807, 0.9688225371047112, 0.982949934541945, 0.9855599233674437, 0.9974324686079901, 0.9973656538752542, 0.9884371140822588, 0.9770577591307007, 0.9874945189290064, 0.9753294160915164, 0.8144635574956579, 0.6503809885173287, 0.9894541015481145, 0.9114945166974926, 0.3185479722216374, -0.21407602874034456, 0.9066795354996403, 0.9393073076049577, 0.9774683625314531], [0.9978057958146926, 0.9912403271255522, 0.9815643380545216, 1.0, 0.9752317569848493, 0.9726474793797634, -0.9337424583414544, 0.9839169662094901, 0.965081372784305, 0.9992588114534654, 0.9920806183637374, 0.9907082851009589, 0.9999020367566044, 0.9677906576027681, 0.9960424747055918, 0.9813546558789427, 0.8982210053325971, 0.7316278581780888, 0.9931573857538364, 0.9246216938358257, 0.46453753177192014, -0.28974001423756085, 0.8978372282545405, 0.967192241372448, 0.9571276807571464], [0.964184536232024, 0.9600008763334019, 0.9963056688684653, 0.9752317569848493, 1.0, 0.9588221439677407, -0.9565577212348356, 0.9544499686142663, 0.9709468207812069, 0.9818401902695844, 0.988228299175259, 0.9847160238402479, 0.9847842748195542, 0.9563738771338922, 0.9761363661426478, 0.9611022819721232, 0.794420849848631, 0.6184547904066706, 0.9885250082416516, 0.9085183237494024, 0.29902564998318026, -0.20832915836011762, 0.8905118071209867, 0.9243140931617684, 0.9753572784199563], [0.9803724467999422, 0.975448477231848, 0.9786791942795989, 0.9726474793797634, 0.9588221439677407, 1.0, -0.9795832167759622, 0.9793266728852801, 0.9787715296026767, 0.9717445064318088, 0.9760179578786348, 0.973946304594241, 0.9683929047595784, 0.9988697501375978, 0.9858826623545688, 0.9856981759850234, 0.8514626000892179, 0.7252366006836429, 0.9670315653318866, 0.8901899623011652, 0.34635150816284077, -0.2030005532832275, 0.9353488785503644, 0.9554340441390692, 0.9576890426724747], [-0.9391441557648215, -0.9342527226814155, -0.9747959516256807, -0.9337424583414544, -0.9565577212348356, -0.9795832167759622, 1.0, -0.9486139505215282, -0.9824693900078914, -0.9414274709597203, -0.9727758047076078, -0.974785771886329, -0.9469818017493947, -0.9859267201050225, -0.9631756532297956, -0.9646355116183551, -0.75938757737876, -0.6216385598668365, -0.940181506680076, -0.8770022589006079, -0.1999578595667043, 0.13131828668719758, -0.9025500706690814, -0.9091105870553066, -0.9550735145072198], [0.9893975091647642, 0.9796132741596346, 0.9688225371047112, 0.9839169662094901, 0.9544499686142663, 0.9793266728852801, -0.9486139505215282, 1.0, 0.9813457416123562, 0.9807979007103901, 0.9744690537536642, 0.9734528874504288, 0.9792523305453092, 0.9753477860732769, 0.9868962381266828, 0.9963873819333623, 0.9203114073877451, 0.6966671318330145, 0.9738407636652191, 0.8960593522505179, 0.3535978912819157, -0.30368582065886296, 0.9033660975588006, 0.9540867562438395, 0.933355696750897], [0.9678326565166895, 0.9605692226986993, 0.982949934541945, 0.965081372784305, 0.9709468207812069, 0.9787715296026767, -0.9824693900078914, 0.9813457416123562, 1.0, 0.9642371331780337, 0.9711927526957982, 0.9681219588823214, 0.9612098924884452, 0.9769728074465117, 0.9683992212852248, 0.9869955280643274, 0.8431678271673702, 0.6223001011080811, 0.965686787930287, 0.9042837423250605, 0.2082499668352544, -0.21613967804590917, 0.8848138096268328, 0.9285462782270418, 0.956844658992761], [0.9966282583604605, 0.9938630460071155, 0.9855599233674437, 0.9992588114534654, 0.9818401902695844, 0.9717445064318088, -0.9414274709597203, 0.9807979007103901, 0.9642371331780337, 1.0, 0.991045147616683, 0.9893068633682645, 0.9998377222634854, 0.9687169024342828, 0.995289563252844, 0.9814517220593538, 0.9106180571088053, 0.7091016878606872, 0.9955112296419572, 0.9180925255200815, 0.2921768895089826, -0.21742472515843045, 0.9301397825232289, 0.9564990098698463, 0.9550970317993144], [0.9929591509488994, 0.9918483812615184, 0.9974324686079901, 0.9920806183637374, 0.988228299175259, 0.9760179578786348, -0.9727758047076078, 0.9744690537536642, 0.9711927526957982, 0.991045147616683, 1.0, 0.9996592475692829, 0.9918628911219703, 0.9770214911967408, 0.9932924719318145, 0.9759275713845944, 0.9052400935677676, 0.609739982719117, 0.9877601173017095, 0.8890280511461434, -0.2600305317170547, 0.6221563183075935, 0.9078575279196226, 0.9522469538198056, 0.9764375163632558], [0.9939550110225522, 0.9911143839090397, 0.9973656538752542, 0.9907082851009589, 0.9847160238402479, 0.973946304594241, -0.974785771886329, 0.9734528874504288, 0.9681219588823214, 0.9893068633682645, 0.9996592475692829, 1.0, 0.9905107264028491, 0.9750507559281452, 0.9940520565722177, 0.975157668623969, 0.914289393509443, 0.5001412063895915, 0.9830974475453763, 0.8756275299702058, -0.6824289161794391, 0.641137019237949, 0.8811045616765255, 0.9490000730913798, 0.975902717023462], [0.9972501177283699, 0.9952470904912134, 0.9884371140822588, 0.9999020367566044, 0.9847842748195542, 0.9683929047595784, -0.9469818017493947, 0.9792523305453092, 0.9612098924884452, 0.9998377222634854, 0.9918628911219703, 0.9905107264028491, 1.0, 0.9691038740062039, 0.9956129601258397, 0.980251784438885, 0.9280203707216581, 0.6712037580396237, 0.9970214948437991, 0.897756435394452, 0.04302464712654241, 0.5437654812516429, 0.9198004125612412, 0.9486992786200081, 0.9632595401113402], [0.9778709175897268, 0.9725938280969492, 0.9770577591307007, 0.9677906576027681, 0.9563738771338922, 0.9988697501375978, -0.9859267201050225, 0.9753477860732769, 0.9769728074465117, 0.9687169024342828, 0.9770214911967408, 0.9750507559281452, 0.9691038740062039, 1.0, 0.9860184758239932, 0.9834036748364536, 0.8653067638893727, 0.7281556407760198, 0.9623949760968519, 0.8795268318360309, 0.20798069510697031, -0.13437135889172602, 0.944485142678576, 0.9503455353554174, 0.9566877577689052], [0.999556455390572, 0.9963316289708433, 0.9874945189290064, 0.9960424747055918, 0.9761363661426478, 0.9858826623545688, -0.9631756532297956, 0.9868962381266828, 0.9683992212852248, 0.995289563252844, 0.9932924719318145, 0.9940520565722177, 0.9956129601258397, 0.9860184758239932, 1.0, 0.9872050403971108, 0.9349764177180585, 0.7076340389262463, 0.9895221896111, 0.8944640399876775, 0.08773042259235123, 0.5519281869542881, 0.9374233160772094, 0.9589516261774496, 0.9621891370631486], [0.9864886030780203, 0.9824479895484144, 0.9753294160915164, 0.9813546558789427, 0.9611022819721232, 0.9856981759850234, -0.9646355116183551, 0.9963873819333623, 0.9869955280643274, 0.9814517220593538, 0.9759275713845944, 0.975157668623969, 0.980251784438885, 0.9834036748364536, 0.9872050403971108, 1.0, 0.9026490161340047, 0.6985886866674953, 0.9731620833996972, 0.8957108277142607, 0.2870874656825925, -0.20658363318453715, 0.9149553198097411, 0.9437641917426737, 0.944493320220213], [0.9125301473766565, 0.9010592549961499, 0.8144635574956579, 0.8982210053325971, 0.794420849848631, 0.8514626000892179, -0.75938757737876, 0.9203114073877451, 0.8431678271673702, 0.9106180571088053, 0.9052400935677676, 0.914289393509443, 0.9280203707216581, 0.8653067638893727, 0.9349764177180585, 0.9026490161340047, 1.0, 0.8591003442568715, 0.8464697482483671, 0.8722210050311178, 0.7328567821752956, -0.5457452389184586, 0.6715858506274024, 0.9100932882379262, 0.7865530239737416], [0.7589800057267881, 0.7657875605771609, 0.6503809885173287, 0.7316278581780888, 0.6184547904066706, 0.7252366006836429, -0.6216385598668365, 0.6966671318330145, 0.6223001011080811, 0.7091016878606872, 0.609739982719117, 0.5001412063895915, 0.6712037580396237, 0.7281556407760198, 0.7076340389262463, 0.6985886866674953, 0.8591003442568715, 1.0, 0.6523691355394285, 0.7573668771571332, 0.733729457423589, -0.12428011012545569, 0.5392369428616913, 0.7703433842367621, 0.655089783953449], [0.9857085925711069, 0.9665133975215228, 0.9894541015481145, 0.9931573857538364, 0.9885250082416516, 0.9670315653318866, -0.940181506680076, 0.9738407636652191, 0.965686787930287, 0.9955112296419572, 0.9877601173017095, 0.9830974475453763, 0.9970214948437991, 0.9623949760968519, 0.9895221896111, 0.9731620833996972, 0.8464697482483671, 0.6523691355394285, 1.0, 0.895729330291328, 0.39401178781878543, -0.28300214963719167, 0.8859502860962237, 0.9493019338988102, 0.9667881422022666], [0.9228905671807641, 0.9007693829303428, 0.9114945166974926, 0.9246216938358257, 0.9085183237494024, 0.8901899623011652, -0.8770022589006079, 0.8960593522505179, 0.9042837423250605, 0.9180925255200815, 0.8890280511461434, 0.8756275299702058, 0.897756435394452, 0.8795268318360309, 0.8944640399876775, 0.8957108277142607, 0.8722210050311178, 0.7573668771571332, 0.895729330291328, 1.0, 0.44054863325566984, -0.19216788403208004, 0.6937560722403971, 0.9183731293368248, 0.880351082851994], [0.4846284767659549, 0.4824727688749059, 0.3185479722216374, 0.46453753177192014, 0.29902564998318026, 0.34635150816284077, -0.1999578595667043, 0.3535978912819157, 0.2082499668352544, 0.2921768895089826, -0.2600305317170547, -0.6824289161794391, 0.04302464712654241, 0.20798069510697031, 0.08773042259235123, 0.2870874656825925, 0.7328567821752956, 0.733729457423589, 0.39401178781878543, 0.44054863325566984, 1.0, -0.42702162548691325, 0.31743845378401536, 0.46962183563375404, 0.2621959263748152], [-0.2971338560414006, -0.22037653764137266, -0.21407602874034456, -0.28974001423756085, -0.20832915836011762, -0.2030005532832275, 0.13131828668719758, -0.30368582065886296, -0.21613967804590917, -0.21742472515843045, 0.6221563183075935, 0.641137019237949, 0.5437654812516429, -0.13437135889172602, 0.5519281869542881, -0.20658363318453715, -0.5457452389184586, -0.12428011012545569, -0.28300214963719167, -0.19216788403208004, -0.42702162548691325, 1.0, -0.14210465104742906, -0.3278900946948045, -0.15940121760168624], [0.8981802084866146, 0.8700871869501478, 0.9066795354996403, 0.8978372282545405, 0.8905118071209867, 0.9353488785503644, -0.9025500706690814, 0.9033660975588006, 0.8848138096268328, 0.9301397825232289, 0.9078575279196226, 0.8811045616765255, 0.9198004125612412, 0.944485142678576, 0.9374233160772094, 0.9149553198097411, 0.6715858506274024, 0.5392369428616913, 0.8859502860962237, 0.6937560722403971, 0.31743845378401536, -0.14210465104742906, 1.0, 0.831158170608504, 0.8840537029316179], [0.9732955041066857, 0.9604980230884818, 0.9393073076049577, 0.967192241372448, 0.9243140931617684, 0.9554340441390692, -0.9091105870553066, 0.9540867562438395, 0.9285462782270418, 0.9564990098698463, 0.9522469538198056, 0.9490000730913798, 0.9486992786200081, 0.9503455353554174, 0.9589516261774496, 0.9437641917426737, 0.9100932882379262, 0.7703433842367621, 0.9493019338988102, 0.9183731293368248, 0.46962183563375404, -0.3278900946948045, 0.831158170608504, 1.0, 0.9273188219023369], [0.9511779189419797, 0.9514203749500618, 0.9774683625314531, 0.9571276807571464, 0.9753572784199563, 0.9576890426724747, -0.9550735145072198, 0.933355696750897, 0.956844658992761, 0.9550970317993144, 0.9764375163632558, 0.975902717023462, 0.9632595401113402, 0.9566877577689052, 0.9621891370631486, 0.944493320220213, 0.7865530239737416, 0.655089783953449, 0.9667881422022666, 0.880351082851994, 0.2621959263748152, -0.15940121760168624, 0.8840537029316179, 0.9273188219023369, 1.0]], "x": ["^TAIEX       \u81fa\u7063\u52a0\u6b0a\u5831\u916c\u6307\u6578", "^TWII        \u81fa\u7063\u52a0\u6b0a\u6307\u6578", "^TAIEXx2     \u81fa\u7063\u52a0\u6b0a\u5831\u916c\u6307\u6578_\u65e5\u6b632", "^TAI50I      \u81fa\u706350\u5831\u916c\u6307\u6578", "^TAI50Ix2    \u81fa\u706350\u5831\u916c\u6307\u6578_\u65e5\u6b632", "^TAI100I     \u81fa\u7063\u4e2d\u578b100\u5831\u916c\u6307\u6578", "^TAI100Ix2   \u81fa\u7063\u4e2d\u578b100\u5831\u916c\u6307\u6578_\u65e5\u6b632", "^TAIDIVIDI   \u81fa\u7063\u9ad8\u80a1\u606f\u5831\u916c\u6307\u6578", "^TAIDIVIDIx2 \u81fa\u7063\u9ad8\u80a1\u606f\u5831\u916c\u6307\u6578_\u65e5\u6b632", "0050         \u5143\u5927\u81fa\u706350", "00631L       \u5143\u5927\u53f0\u706350\u6b632", "00675L       \u5bcc\u90a6\u81fa\u7063\u52a0\u6b0a\u6b632", "006208       \u5bcc\u90a6\u53f050", "0051         \u5143\u5927\u4e2d\u578b100", "006204       \u6c38\u8c50\u81fa\u7063\u52a0\u6b0a", "0056         \u5143\u5927\u9ad8\u80a1\u606f", "2412         \u4e2d\u83ef\u96fb\u4fe1", "2002         \u4e2d\u92fc", "2330         \u53f0\u7a4d\u96fb", "2317         \u9d3b\u6d77", "6505         \u53f0\u5851\u77f3\u5316", "3481         \u7fa4\u5275", "2303         \u806f\u96fb", "2308         \u53f0\u9054\u96fb", "2454         \u806f\u767c\u79d1"], "y": ["^TAIEX       \u81fa\u7063\u52a0\u6b0a\u5831\u916c\u6307\u6578", "^TWII        \u81fa\u7063\u52a0\u6b0a\u6307\u6578", "^TAIEXx2     \u81fa\u7063\u52a0\u6b0a\u5831\u916c\u6307\u6578_\u65e5\u6b632", "^TAI50I      \u81fa\u706350\u5831\u916c\u6307\u6578", "^TAI50Ix2    \u81fa\u706350\u5831\u916c\u6307\u6578_\u65e5\u6b632", "^TAI100I     \u81fa\u7063\u4e2d\u578b100\u5831\u916c\u6307\u6578", "^TAI100Ix2   \u81fa\u7063\u4e2d\u578b100\u5831\u916c\u6307\u6578_\u65e5\u6b632", "^TAIDIVIDI   \u81fa\u7063\u9ad8\u80a1\u606f\u5831\u916c\u6307\u6578", "^TAIDIVIDIx2 \u81fa\u7063\u9ad8\u80a1\u606f\u5831\u916c\u6307\u6578_\u65e5\u6b632", "0050         \u5143\u5927\u81fa\u706350", "00631L       \u5143\u5927\u53f0\u706350\u6b632", "00675L       \u5bcc\u90a6\u81fa\u7063\u52a0\u6b0a\u6b632", "006208       \u5bcc\u90a6\u53f050", "0051         \u5143\u5927\u4e2d\u578b100", "006204       \u6c38\u8c50\u81fa\u7063\u52a0\u6b0a", "0056         \u5143\u5927\u9ad8\u80a1\u606f", "2412         \u4e2d\u83ef\u96fb\u4fe1", "2002         \u4e2d\u92fc", "2330         \u53f0\u7a4d\u96fb", "2317         \u9d3b\u6d77", "6505         \u53f0\u5851\u77f3\u5316", "3481         \u7fa4\u5275", "2303         \u806f\u96fb", "2308         \u53f0\u9054\u96fb", "2454         \u806f\u767c\u79d1"], "zmin": -1, "zmax": 1, "colorbar": {"x": -0.2}}], "layout": {"autotypenumbers": "strict", "colorway": ["#636efa", "#EF553B", "#00cc96", "#ab63fa", "#FFA15A", "#19d3f3", "#FF6692", "#B6E880", "#FF97FF", "#FECB52"], "font": {"color": "#f2f5fa", "family": "Courier New"}, "hovermode": "closest", "hoverlabel": {"align": "left"}, "paper_bgcolor": "rgb(17,17,17)", "plot_bgcolor": "rgb(17,17,17)", "polar": {"bgcolor": "rgb(17,17,17)", "angularaxis": {"gridcolor": "#506784", "linecolor": "#506784", "ticks": ""}, "radialaxis": {"gridcolor": "#506784", "linecolor": "#506784", "ticks": ""}}, "ternary": {"bgcolor": "rgb(17,17,17)", "aaxis": {"gridcolor": "#506784", "linecolor": "#506784", "ticks": ""}, "baxis": {"gridcolor": "#506784", "linecolor": "#506784", "ticks": ""}, "caxis": {"gridcolor": "#506784", "linecolor": "#506784", "ticks": ""}}, "coloraxis": {"colorbar": {"outlinewidth": 0, "ticks": ""}}, "colorscale": {"sequential": [[0.0, "#0d0887"], [0.1111111111111111, "#46039f"], [0.2222222222222222, "#7201a8"], [0.3333333333333333, "#9c179e"], [0.4444444444444444, "#bd3786"], [0.5555555555555556, "#d8576b"], [0.6666666666666666, "#ed7953"], [0.7777777777777778, "#fb9f3a"], [0.8888888888888888, "#fdca26"], [1.0, "#f0f921"]], "sequentialminus": [[0.0, "#0d0887"], [0.1111111111111111, "#46039f"], [0.2222222222222222, "#7201a8"], [0.3333333333333333, "#9c179e"], [0.4444444444444444, "#bd3786"], [0.5555555555555556, "#d8576b"], [0.6666666666666666, "#ed7953"], [0.7777777777777778, "#fb9f3a"], [0.8888888888888888, "#fdca26"], [1.0, "#f0f921"]], "diverging": [[0, "#8e0152"], [0.1, "#c51b7d"], [0.2, "#de77ae"], [0.3, "#f1b6da"], [0.4, "#fde0ef"], [0.5, "#f7f7f7"], [0.6, "#e6f5d0"], [0.7, "#b8e186"], [0.8, "#7fbc41"], [0.9, "#4d9221"], [1, "#276419"]]}, "xaxis": {"gridcolor": "rgba(0, 0, 0, 0)", "linecolor": "#506784", "ticks": "", "title": {"standoff": 15}, "zerolinecolor": "#283442", "automargin": true, "zerolinewidth": 2, "tickfont": {"family": "Courier New", "size": 14}, "side": "top", "tickangle": -90}, "yaxis": {"gridcolor": "rgba(0, 0, 0, 0)", "linecolor": "#506784", "ticks": "", "title": {"standoff": 15}, "zerolinecolor": "#283442", "automargin": true, "zerolinewidth": 2, "tickfont": {"family": "Courier New"}, "side": "right"}, "scene": {"xaxis": {"backgroundcolor": "rgb(17,17,17)", "gridcolor": "#506784", "linecolor": "#506784", "showbackground": true, "ticks": "", "zerolinecolor": "#C8D4E3", "gridwidth": 2}, "yaxis": {"backgroundcolor": "rgb(17,17,17)", "gridcolor": "#506784", "linecolor": "#506784", "showbackground": true, "ticks": "", "zerolinecolor": "#C8D4E3", "gridwidth": 2}, "zaxis": {"backgroundcolor": "rgb(17,17,17)", "gridcolor": "#506784", "linecolor": "#506784", "showbackground": true, "ticks": "", "zerolinecolor": "#C8D4E3", "gridwidth": 2}}, "shapedefaults": {"line": {"color": "#f2f5fa"}}, "annotationdefaults": {"arrowcolor": "#f2f5fa", "arrowhead": 0, "arrowwidth": 1}, "geo": {"bgcolor": "rgb(17,17,17)", "landcolor": "rgb(17,17,17)", "subunitcolor": "#506784", "showland": true, "showlakes": true, "lakecolor": "rgb(17,17,17)"}, "title": {"x": 0.05, "font": {"family": "Times New Roman"}, "y": 0.05, "text": "<b>Correlation of Adj Close <b><br><i>2016/09/23 ~ 2025/05/26<i>"}, "updatemenudefaults": {"bgcolor": "#506784", "borderwidth": 0}, "sliderdefaults": {"bgcolor": "#C8D4E3", "borderwidth": 1, "bordercolor": "rgb(17,17,17)", "tickwidth": 0}, "mapbox": {"style": "dark"}, "height": 600}};

Plotly.newPlot("correlationAdjClose",
    correlationAdjClose.data,
    correlationAdjClose.layout || {},
    config);