var element=document.getElementById("correlationAdjClose");if(element.style.display!='none'){var correlationAdjClose={"data":[{"type":"heatmap","z":[[1.0,0.9951739429102491,0.9748342219651114,0.9969847021725282,0.9544953264892743,0.9843551557589354,0.9547355537089077,0.9885525038921649,0.9755882632174832,0.9971390998154687,0.9966038998805812,0.9970712813549855,0.9930837097059902,0.9941479833986139,0.9966626973873665,0.9857765708727879,0.9997255695547478,0.9883306686837248,0.8972797480569531,0.9178396154551482,0.6814582279578227,0.9846770834291982,0.9357397305304114,0.3546537772115129,-0.29756357036160713,0.8991269462011887,0.9259718399830238,0.9611368491760723,0.9761277122980891,0.9647313712684769,0.9795058115302345,0.9699923694954827,0.93945518523184,0.9832623156803596,0.9757838728745828,0.9568212582527533],[0.9951739429102491,1.0,0.9713113219396065,0.9919020973315,0.9506923486159394,0.9806131435099296,0.9509316842186224,0.9810072002969915,0.9699392373744867,0.9931638696258059,0.9949643813917992,0.9945002265027748,0.9922683112345829,0.9922882069157477,0.9949908990057333,0.9809658436730723,0.9973861996864495,0.9831554861207193,0.9175599872910163,0.9082266339841966,0.7035576538663826,0.9696443293663412,0.919326375362476,0.3550884691243578,-0.2304584699151737,0.8779641253447278,0.9206912183575742,0.9604625889821922,0.9575103911043579,0.9529769659823274,0.9709119863546488,0.9567389614164105,0.9388110337694755,0.9740686064758168,0.9673465118373878,0.9518835223670203],[0.9748342219651114,0.9713113219396065,1.0,0.9845994323965246,0.9943766755082536,0.9717262928009626,0.9786056440439501,0.9575822851706511,0.9770150079190936,0.9843105149884592,0.9909430226291804,0.9876724087117464,0.9970695683020321,0.9968563215110277,0.990706246640479,0.9692066848807537,0.9851245556600422,0.9570673942256375,0.8551782201192532,0.8200212928279056,0.5480701724929815,0.9923570756248372,0.9352701785967308,0.18278767706691065,-0.2218400893641537,0.8799150381637562,0.9437612982818461,0.9695105898328128,0.9151311527049328,0.906137140641195,0.9674576356612974,0.908806343647752,0.8831584294076674,0.9637246892651656,0.9717929838118725,0.9159155885947048],[0.9969847021725282,0.9919020973315,0.9845994323965246,1.0,0.9714935645412227,0.975848472687088,0.9524245419026633,0.9794556697449646,0.9717765416490959,0.9999712593960567,0.9999921984854369,0.9999639025864185,0.9937453931617392,0.9925092402304226,0.9999526790659795,0.9745408303603641,0.9957859889060753,0.9788911097782071,0.8793174150958847,0.8988907942984833,0.6418188509026341,0.9940625302133359,0.9406591462330759,0.3209514741261392,-0.2860948315497974,0.8898562530164853,0.9385823216985649,0.9640888084939894,0.9625591957857461,0.9576275764195049,0.9816655099956462,0.9563103858255245,0.9226273924468019,0.9800066873786267,0.9739368841706553,0.9454525283439414],[0.9544953264892743,0.9506923486159394,0.9943766755082536,0.9714935645412227,1.0,0.9431542998697434,0.9574809700014678,0.9297895488224417,0.9548418629916354,0.9715804603645555,0.9809553148442541,0.9770113255831555,0.9833867017995149,0.9807129862194285,0.9805499780797914,0.9391779236696752,0.9655825147562549,0.9289213646769774,0.818818979991406,0.7864662865004878,0.49559110282487273,0.9864485880112165,0.9287854117630782,0.14675385702327562,-0.21010417039224225,0.8437093270534445,0.9513223796864037,0.9529396447357025,0.8815858366872867,0.8797353135983789,0.9539174899215282,0.8753125510036105,0.8426560861013697,0.9436622189150099,0.9515732912571718,0.8823308205060174],[0.9843551557589354,0.9806131435099296,0.9717262928009626,0.975848472687088,0.9431542998697434,1.0,0.9829988358511004,0.982888217723279,0.9832775144289314,0.9753257326406752,0.9699179070396439,0.97339163878758,0.9729519343646885,0.9705105246605683,0.9698708153385839,0.9999038110592354,0.9872319365608072,0.9837668413568111,0.9012227661745909,0.8722430045696679,0.6506665435580227,0.9673509209323726,0.907733663485211,0.23296233398248029,-0.22107499007101916,0.932199956201487,0.8985451958695295,0.9654515273291387,0.9597030370014368,0.9358871138832188,0.9590918824465681,0.955158533283675,0.9516969494052984,0.9643140049364378,0.9800365774417894,0.959104944410527],[0.9547355537089077,0.9509316842186224,0.9786056440439501,0.9524245419026633,0.9574809700014678,0.9829988358511004,1.0,0.9547244518069923,0.9847929305213695,0.9511406937015595,0.9609678092434477,0.9575858990726291,0.9780568133451826,0.9785828909329991,0.9607233301341879,0.9842236227446377,0.9725099842641027,0.9570904195229207,0.8646917080595745,0.7918077229210201,0.539670362306767,0.9561968510834215,0.9105609794752957,0.09324534861699961,-0.16078668789585693,0.893502204905694,0.8991453946948817,0.9611611947145289,0.9037233802634137,0.873739382197193,0.941036261146703,0.8975807689260511,0.9022603580165937,0.9388796652774493,0.9703379454119996,0.9152299755422015],[0.9885525038921649,0.9810072002969915,0.9575822851706511,0.9794556697449646,0.9297895488224417,0.982888217723279,0.9547244518069923,1.0,0.9840772038112939,0.9794545438330311,0.9745836925950435,0.9783118003889687,0.9681414918696472,0.9670908257872125,0.9747276290012529,0.9846793953820562,0.9861985710244067,0.9998858297189398,0.927958615783022,0.9301178073760744,0.6197412720073229,0.9663190437530492,0.9016011243201582,0.20966576621061656,-0.31021241427144985,0.9080036915207627,0.8740502607299842,0.9463278549486717,0.9794777936153599,0.9581625008688669,0.9683928849376334,0.9667035216831633,0.9380240842668638,0.9643237593192516,0.9615443558293394,0.9686811545831745],[0.9755882632174832,0.9699392373744867,0.9770150079190936,0.9717765416490959,0.9548418629916354,0.9832775144289314,0.9847929305213695,0.9840772038112939,1.0,0.9710777351071738,0.967157782233242,0.9698726625487784,0.9712502593321884,0.9678892194149061,0.967045492020581,0.9823643061886497,0.9752267863036839,0.9834511278285,0.9024782994735496,0.8639165266758777,0.5374458017097953,0.968892589056424,0.919896948801861,0.06957525163660319,-0.23345328986927874,0.8861280552826528,0.8821918581330543,0.9660398767927838,0.9385413420308294,0.9080647601088487,0.9631758115280195,0.9246739972216897,0.904587125393082,0.9551752740488927,0.9743702043909535,0.9305071698484251],[0.9971390998154687,0.9931638696258059,0.9843105149884592,0.9999712593960567,0.9715804603645555,0.9753257326406752,0.9511406937015595,0.9794545438330311,0.9710777351071738,1.0,0.9999908090332507,0.9999830952074356,0.9936441423413411,0.9923875317001485,0.9999573164613179,0.9740275163889002,0.9956744818349514,0.978983394608231,0.8810990808639322,0.9001513343019956,0.6385676744234741,0.9942519133126779,0.9405941925672988,0.32595831167612244,-0.2855725489871586,0.8904622948439824,0.9368848691518152,0.9627106196345222,0.9623178727681176,0.9568414616718792,0.9807905257027433,0.9557329360291336,0.9213161489007605,0.9792887177981618,0.9729232217153682,0.9440428423568175],[0.9966038998805812,0.9949643813917992,0.9909430226291804,0.9999921984854369,0.9809553148442541,0.9699179070396439,0.9609678092434477,0.9745836925950435,0.967157782233242,0.9999908090332507,1.0,0.9999744133188537,0.9937691904034197,0.9925079623240584,0.9999598423201852,0.9695734758467495,0.9954635461700352,0.9751533251282726,0.9016693173198228,0.928206855816755,0.5104794358511952,0.9973522369888818,0.9272846917305336,-0.15646432433764176,0.37798477357134996,0.8871055141995677,0.9092101185432998,0.9643557760673196,0.9528776294003541,0.9402639756860353,0.9731936890830367,0.9356011386508253,0.8981391137367015,0.9708306225529415,0.9816985948688979,0.9398812115331557],[0.9970712813549855,0.9945002265027748,0.9876724087117464,0.9999639025864185,0.9770113255831555,0.97339163878758,0.9575858990726291,0.9783118003889687,0.9698726625487784,0.9999830952074356,0.9999744133188537,1.0,0.9936258778332545,0.9923284729353964,0.9999681883895907,0.973144707922655,0.9955818567499641,0.9785205667169142,0.8886838021600798,0.9172101589763408,0.5792286465779396,0.9963677175659009,0.9375678434853664,0.058078119099419366,-0.19296392785571911,0.902524934651376,0.923293229707777,0.9583323670383991,0.9564204070274728,0.9479280446582001,0.9775762487962452,0.9466091967943897,0.9165336359859524,0.9759867983089262,0.9726820462048686,0.9476136390606825],[0.9930837097059902,0.9922683112345829,0.9970695683020321,0.9937453931617392,0.9833867017995149,0.9729519343646885,0.9780568133451826,0.9681414918696472,0.9712502593321884,0.9936441423413411,0.9937691904034197,0.9936258778332545,1.0,0.9997789483463753,0.9937400759703008,0.9726785732367604,0.993228780457125,0.9689960414894248,0.8910731575484262,0.9164507092492875,0.4333333816782732,0.9899735564869105,0.9241714303230143,-0.41809187564492756,0.3897740820943939,0.8682421982479887,0.9097631257122945,0.9666633475481038,0.9354978769276154,0.909772051280994,0.9588444791035511,0.9129732049408783,0.8659709611115605,0.9682636438485719,0.9785707334447468,0.9322816349313037],[0.9941479833986139,0.9922882069157477,0.9968563215110277,0.9925092402304226,0.9807129862194285,0.9705105246605683,0.9785828909329991,0.9670908257872125,0.9678892194149061,0.9923875317001485,0.9925079623240584,0.9923284729353964,0.9997789483463753,1.0,0.9925799225595918,0.9701288388950986,0.9941005406946689,0.9681214737761498,0.875269991699605,0.9264669516353282,0.289622075368311,0.98647333994458,0.9184307615835693,-0.7537430729417476,0.3586218655693837,0.8356109664278937,0.9076586754566296,0.9625551231089268,0.9291629752373739,0.8993434218363866,0.9529759197373239,0.9141278077452594,0.8441518640472229,0.9689195991714018,0.9768982669011093,0.9272344377745455],[0.9966626973873665,0.9949908990057333,0.990706246640479,0.9999526790659795,0.9805499780797914,0.9698708153385839,0.9607233301341879,0.9747276290012529,0.967045492020581,0.9999573164613179,0.9999598423201852,0.9999681883895907,0.9937400759703008,0.9925799225595918,1.0,0.9695675948018829,0.9955136402624314,0.9753517406757268,0.9021439413495099,0.9288572976216203,0.5117262838058073,0.9971858995412213,0.9271627203272104,-0.15340022860201827,0.37837681496690545,0.8873665993395242,0.9082617848516183,0.9638710345494071,0.9532747092218458,0.940734234713256,0.9730935336345871,0.9362433106709566,0.8989010857892978,0.9707501043221036,0.9816445316957304,0.9404130037961936],[0.9857765708727879,0.9809658436730723,0.9692066848807537,0.9745408303603641,0.9391779236696752,0.9999038110592354,0.9842236227446377,0.9846793953820562,0.9823643061886497,0.9740275163889002,0.9695734758467495,0.973144707922655,0.9726785732367604,0.9701288388950986,0.9695675948018829,1.0,0.9872173593995188,0.9839897959300982,0.9041904602657899,0.89605419635429,0.6382904411732344,0.9648283285368215,0.9019869975851673,0.087092081249929,-0.19995476717272323,0.9391971429522109,0.8869387438784373,0.9625749620872585,0.9631547142748046,0.9333079180541973,0.9556118706464354,0.9564197111276275,0.9507983461251298,0.9661934372234521,0.9792029938286433,0.9631281801539117],[0.9997255695547478,0.9973861996864495,0.9851245556600422,0.9957859889060753,0.9655825147562549,0.9872319365608072,0.9725099842641027,0.9861985710244067,0.9752267863036839,0.9956744818349514,0.9954635461700352,0.9955818567499641,0.993228780457125,0.9941005406946689,0.9955136402624314,0.9872173593995188,1.0,0.9867782031624038,0.9217295516721301,0.9387710609321415,0.5712747028322486,0.988409713026001,0.9183759685551968,-0.09494538362478441,0.40707654214783434,0.9168944116529477,0.8978565654901982,0.9672503745525398,0.9704977462072771,0.9495316876505202,0.9710936567485549,0.955058147895323,0.9298800588984882,0.976921789555186,0.9872367814746755,0.9633021260291077],[0.9883306686837248,0.9831554861207193,0.9570673942256375,0.9788911097782071,0.9289213646769774,0.9837668413568111,0.9570904195229207,0.9998858297189398,0.9834511278285,0.978983394608231,0.9751533251282726,0.9785205667169142,0.9689960414894248,0.9681214737761498,0.9753517406757268,0.9839897959300982,0.9867782031624038,1.0,0.9308187022234362,0.9362479797957919,0.6172731906100666,0.964930355742819,0.9051514500729447,0.17381816229171534,-0.29197976681621884,0.9126842869815536,0.8697579642274236,0.9461939575415613,0.9799688131325813,0.9575776588477926,0.9667865601672818,0.9654140638309979,0.9377260968712152,0.963466093640962,0.9596026889695822,0.9697309595181068],[0.8972797480569531,0.9175599872910163,0.8551782201192532,0.8793174150958847,0.818818979991406,0.9012227661745909,0.8646917080595745,0.927958615783022,0.9024782994735496,0.8810990808639322,0.9016693173198228,0.8886838021600798,0.8910731575484262,0.875269991699605,0.9021439413495099,0.9041904602657899,0.9217295516721301,0.9308187022234362,1.0,0.8302742093786913,0.6914287690176285,0.8510629672351571,0.8055522390792097,0.2558988806528764,-0.16627764915292964,0.8591075542712321,0.743442563043587,0.8566516327843421,0.893436377697554,0.8602793798222437,0.8536844379575783,0.872818616784689,0.8593017816296147,0.8548948954998058,0.8739278622157164,0.8961390118811259],[0.9178396154551482,0.9082266339841966,0.8200212928279056,0.8988907942984833,0.7864662865004878,0.8722430045696679,0.7918077229210201,0.9301178073760744,0.8639165266758777,0.9001513343019956,0.928206855816755,0.9172101589763408,0.9164507092492875,0.9264669516353282,0.9288572976216203,0.89605419635429,0.9387710609321415,0.9362479797957919,0.8302742093786913,1.0,0.8222322277509956,0.8492582489478818,0.8663453004060165,0.6295574667785081,-0.524065843258717,0.720009112779706,0.8214847383020089,0.8154643206740891,0.9598980623149752,0.9385317629124746,0.8970395296021935,0.9476105009172818,0.9018533308359713,0.8998912757817182,0.8512411436122694,0.887405539738233],[0.6814582279578227,0.7035576538663826,0.5480701724929815,0.6418188509026341,0.49559110282487273,0.6506665435580227,0.539670362306767,0.6197412720073229,0.5374458017097953,0.6385676744234741,0.5104794358511952,0.5792286465779396,0.4333333816782732,0.289622075368311,0.5117262838058073,0.6382904411732344,0.5712747028322486,0.6172731906100666,0.6914287690176285,0.8222322277509956,1.0,0.5733347483724314,0.6808304548213362,0.7242433568135248,-0.11600244997460489,0.5329099590229205,0.5796986026447335,0.6019803255581196,0.7670728792207847,0.6961595411614143,0.6114867146230485,0.7316805763947302,0.7493141683958969,0.6533631619446011,0.6210790755501842,0.6736213622264116],[0.9846770834291982,0.9696443293663412,0.9923570756248372,0.9940625302133359,0.9864485880112165,0.9673509209323726,0.9561968510834215,0.9663190437530492,0.968892589056424,0.9942519133126779,0.9973522369888818,0.9963677175659009,0.9899735564869105,0.98647333994458,0.9971858995412213,0.9648283285368215,0.988409713026001,0.964930355742819,0.8510629672351571,0.8492582489478818,0.5733347483724314,1.0,0.9193267511871637,0.24914041905319323,-0.27737988752313675,0.8717580997374325,0.9437584109333109,0.9672883158791918,0.9289922181523046,0.937593597718529,0.9736108963294405,0.9317838572268548,0.8940276001727604,0.9690188781827006,0.9597190216277112,0.9247388095064525],[0.9357397305304114,0.919326375362476,0.9352701785967308,0.9406591462330759,0.9287854117630782,0.907733663485211,0.9105609794752957,0.9016011243201582,0.919896948801861,0.9405941925672988,0.9272846917305336,0.9375678434853664,0.9241714303230143,0.9184307615835693,0.9271627203272104,0.9019869975851673,0.9183759685551968,0.9051514500729447,0.8055522390792097,0.8663453004060165,0.6808304548213362,0.9193267511871637,1.0,0.28835808887497,-0.19055361558082468,0.7204785136816483,0.9129764607672401,0.90145322739242,0.8983202498064383,0.8600298985158726,0.937311976535538,0.8728831808481659,0.840574250988927,0.9321653019834062,0.8888381777356159,0.8606062291967252],[0.3546537772115129,0.3550884691243578,0.18278767706691065,0.3209514741261392,0.14675385702327562,0.23296233398248029,0.09324534861699961,0.20966576621061656,0.06957525163660319,0.32595831167612244,-0.15646432433764176,0.058078119099419366,-0.41809187564492756,-0.7537430729417476,-0.15340022860201827,0.087092081249929,-0.09494538362478441,0.17381816229171534,0.2558988806528764,0.6295574667785081,0.7242433568135248,0.24914041905319323,0.28835808887497,1.0,-0.37973753346554245,0.25844926243457994,0.23173363436571248,0.16628483188924587,0.45508625152082544,0.4470455963120696,0.29121430353604744,0.47001624738257375,0.39836741044459584,0.3199380056324187,0.24300708061893608,0.36211058708329413],[-0.29756357036160713,-0.2304584699151737,-0.2218400893641537,-0.2860948315497974,-0.21010417039224225,-0.22107499007101916,-0.16078668789585693,-0.31021241427144985,-0.23345328986927874,-0.2855725489871586,0.37798477357134996,-0.19296392785571911,0.3897740820943939,0.3586218655693837,0.37837681496690545,-0.19995476717272323,0.40707654214783434,-0.29197976681621884,-0.16627764915292964,-0.524065843258717,-0.11600244997460489,-0.27737988752313675,-0.19055361558082468,-0.37973753346554245,1.0,-0.158490655402517,-0.26705130294458473,-0.18486724560975837,-0.3865365671419951,-0.37545449359403216,-0.31586795899451764,-0.34500837666255985,-0.21136009553802376,-0.34211168813872544,-0.1860326096070335,-0.3168804621871427],[0.8991269462011887,0.8779641253447278,0.8799150381637562,0.8898562530164853,0.8437093270534445,0.932199956201487,0.893502204905694,0.9080036915207627,0.8861280552826528,0.8904622948439824,0.8871055141995677,0.902524934651376,0.8682421982479887,0.8356109664278937,0.8873665993395242,0.9391971429522109,0.9168944116529477,0.9126842869815536,0.8591075542712321,0.720009112779706,0.5329099590229205,0.8717580997374325,0.7204785136816483,0.25844926243457994,-0.158490655402517,1.0,0.7668902883014118,0.8880187651664013,0.8250379666887836,0.86800599303317,0.8317566838985521,0.8755601094718833,0.8707201559438721,0.8625360484901222,0.8700671403533415,0.9012407863109839],[0.9259718399830238,0.9206912183575742,0.9437612982818461,0.9385823216985649,0.9513223796864037,0.8985451958695295,0.8991453946948817,0.8740502607299842,0.8821918581330543,0.9368848691518152,0.9092101185432998,0.923293229707777,0.9097631257122945,0.9076586754566296,0.9082617848516183,0.8869387438784373,0.8978565654901982,0.8697579642274236,0.743442563043587,0.8214847383020089,0.5796986026447335,0.9437584109333109,0.9129764607672401,0.23173363436571248,-0.26705130294458473,0.7668902883014118,1.0,0.88900503036784,0.8762385132046382,0.8665562227850105,0.915896476002202,0.8634923665370131,0.8262475394542343,0.9147303690693743,0.897974848435659,0.8580286450974102],[0.9611368491760723,0.9604625889821922,0.9695105898328128,0.9640888084939894,0.9529396447357025,0.9654515273291387,0.9611611947145289,0.9463278549486717,0.9660398767927838,0.9627106196345222,0.9643557760673196,0.9583323670383991,0.9666633475481038,0.9625551231089268,0.9638710345494071,0.9625749620872585,0.9672503745525398,0.9461939575415613,0.8566516327843421,0.8154643206740891,0.6019803255581196,0.9672883158791918,0.90145322739242,0.16628483188924587,-0.18486724560975837,0.8880187651664013,0.88900503036784,1.0,0.9126726438309822,0.8970717922516989,0.9466203201474488,0.8969980381348873,0.8891551434534226,0.9524291034761385,0.9742688192790057,0.896746233288407],[0.9761277122980891,0.9575103911043579,0.9151311527049328,0.9625591957857461,0.8815858366872867,0.9597030370014368,0.9037233802634137,0.9794777936153599,0.9385413420308294,0.9623178727681176,0.9528776294003541,0.9564204070274728,0.9354978769276154,0.9291629752373739,0.9532747092218458,0.9631547142748046,0.9704977462072771,0.9799688131325813,0.893436377697554,0.9598980623149752,0.7670728792207847,0.9289922181523046,0.8983202498064383,0.45508625152082544,-0.3865365671419951,0.8250379666887836,0.8762385132046382,0.9126726438309822,1.0,0.9867020570018411,0.9602805093519401,0.9907802918468477,0.9540791489989944,0.9593587804384797,0.9163753786157073,0.9689126488124258],[0.9647313712684769,0.9529769659823274,0.906137140641195,0.9576275764195049,0.8797353135983789,0.9358871138832188,0.873739382197193,0.9581625008688669,0.9080647601088487,0.9568414616718792,0.9402639756860353,0.9479280446582001,0.909772051280994,0.8993434218363866,0.940734234713256,0.9333079180541973,0.9495316876505202,0.9575776588477926,0.8602793798222437,0.9385317629124746,0.6961595411614143,0.937593597718529,0.8600298985158726,0.4470455963120696,-0.37545449359403216,0.86800599303317,0.8665562227850105,0.8970717922516989,0.9867020570018411,1.0,0.9509072954173908,0.9846343261485749,0.9564710397864417,0.9412242752743689,0.9255622089073204,0.9647346111883314],[0.9795058115302345,0.9709119863546488,0.9674576356612974,0.9816655099956462,0.9539174899215282,0.9590918824465681,0.941036261146703,0.9683928849376334,0.9631758115280195,0.9807905257027433,0.9731936890830367,0.9775762487962452,0.9588444791035511,0.9529759197373239,0.9730935336345871,0.9556118706464354,0.9710936567485549,0.9667865601672818,0.8536844379575783,0.8970395296021935,0.6114867146230485,0.9736108963294405,0.937311976535538,0.29121430353604744,-0.31586795899451764,0.8317566838985521,0.915896476002202,0.9466203201474488,0.9602805093519401,0.9509072954173908,1.0,0.9509939732577349,0.910905955958455,0.9789220966738187,0.9643609635506109,0.9442926191663459],[0.9699923694954827,0.9567389614164105,0.908806343647752,0.9563103858255245,0.8753125510036105,0.955158533283675,0.8975807689260511,0.9667035216831633,0.9246739972216897,0.9557329360291336,0.9356011386508253,0.9466091967943897,0.9129732049408783,0.9141278077452594,0.9362433106709566,0.9564197111276275,0.955058147895323,0.9654140638309979,0.872818616784689,0.9476105009172818,0.7316805763947302,0.9317838572268548,0.8728831808481659,0.47001624738257375,-0.34500837666255985,0.8755601094718833,0.8634923665370131,0.8969980381348873,0.9907802918468477,0.9846343261485749,0.9509939732577349,1.0,0.9743151358300853,0.946689997855088,0.9390033087830348,0.9652143109686195],[0.93945518523184,0.9388110337694755,0.8831584294076674,0.9226273924468019,0.8426560861013697,0.9516969494052984,0.9022603580165937,0.9380240842668638,0.904587125393082,0.9213161489007605,0.8981391137367015,0.9165336359859524,0.8659709611115605,0.8441518640472229,0.8989010857892978,0.9507983461251298,0.9298800588984882,0.9377260968712152,0.8593017816296147,0.9018533308359713,0.7493141683958969,0.8940276001727604,0.840574250988927,0.39836741044459584,-0.21136009553802376,0.8707201559438721,0.8262475394542343,0.8891551434534226,0.9540791489989944,0.9564710397864417,0.910905955958455,0.9743151358300853,1.0,0.9070359918382821,0.9281112321291172,0.9543629996577477],[0.9832623156803596,0.9740686064758168,0.9637246892651656,0.9800066873786267,0.9436622189150099,0.9643140049364378,0.9388796652774493,0.9643237593192516,0.9551752740488927,0.9792887177981618,0.9708306225529415,0.9759867983089262,0.9682636438485719,0.9689195991714018,0.9707501043221036,0.9661934372234521,0.976921789555186,0.963466093640962,0.8548948954998058,0.8998912757817182,0.6533631619446011,0.9690188781827006,0.9321653019834062,0.3199380056324187,-0.34211168813872544,0.8625360484901222,0.9147303690693743,0.9524291034761385,0.9593587804384797,0.9412242752743689,0.9789220966738187,0.946689997855088,0.9070359918382821,1.0,0.9611832205374673,0.9457730180159065],[0.9757838728745828,0.9673465118373878,0.9717929838118725,0.9739368841706553,0.9515732912571718,0.9800365774417894,0.9703379454119996,0.9615443558293394,0.9743702043909535,0.9729232217153682,0.9816985948688979,0.9726820462048686,0.9785707334447468,0.9768982669011093,0.9816445316957304,0.9792029938286433,0.9872367814746755,0.9596026889695822,0.8739278622157164,0.8512411436122694,0.6210790755501842,0.9597190216277112,0.8888381777356159,0.24300708061893608,-0.1860326096070335,0.8700671403533415,0.897974848435659,0.9742688192790057,0.9163753786157073,0.9255622089073204,0.9643609635506109,0.9390033087830348,0.9281112321291172,0.9611832205374673,1.0,0.924972782863166],[0.9568212582527533,0.9518835223670203,0.9159155885947048,0.9454525283439414,0.8823308205060174,0.959104944410527,0.9152299755422015,0.9686811545831745,0.9305071698484251,0.9440428423568175,0.9398812115331557,0.9476136390606825,0.9322816349313037,0.9272344377745455,0.9404130037961936,0.9631281801539117,0.9633021260291077,0.9697309595181068,0.8961390118811259,0.887405539738233,0.6736213622264116,0.9247388095064525,0.8606062291967252,0.36211058708329413,-0.3168804621871427,0.9012407863109839,0.8580286450974102,0.896746233288407,0.9689126488124258,0.9647346111883314,0.9442926191663459,0.9652143109686195,0.9543629996577477,0.9457730180159065,0.924972782863166,1.0]],"x":["^TAIEX       \u81fa\u7063\u52a0\u6b0a\u5831\u916c\u6307\u6578","^TWII        \u81fa\u7063\u52a0\u6b0a\u6307\u6578","^TAIEXx2     \u81fa\u7063\u52a0\u6b0a\u5831\u916c\u6307\u6578_\u65e5\u6b632","^TAI50I      \u81fa\u706350\u5831\u916c\u6307\u6578","^TAI50Ix2    \u81fa\u706350\u5831\u916c\u6307\u6578_\u65e5\u6b632","^TAI100I     \u81fa\u7063\u4e2d\u578b100\u5831\u916c\u6307\u6578","^TAI100Ix2   \u81fa\u7063\u4e2d\u578b100\u5831\u916c\u6307\u6578_\u65e5\u6b632","^TAIDIVIDI   \u81fa\u7063\u9ad8\u80a1\u606f\u5831\u916c\u6307\u6578","^TAIDIVIDIx2 \u81fa\u7063\u9ad8\u80a1\u606f\u5831\u916c\u6307\u6578_\u65e5\u6b632","0050Fund     \u5143\u5927\u53f0\u7063\u5353\u8d8a50\u57fa\u91d1","006208Fund   \u5bcc\u90a6\u53f0\u7063\u91c6\u540950\u57fa\u91d1","0050         \u5143\u5927\u81fa\u706350","00631L       \u5143\u5927\u53f0\u706350\u6b632","00675L       \u5bcc\u90a6\u81fa\u7063\u52a0\u6b0a\u6b632","006208       \u5bcc\u90a6\u53f050","0051         \u5143\u5927\u4e2d\u578b100","006204       \u6c38\u8c50\u81fa\u7063\u52a0\u6b0a","0056         \u5143\u5927\u9ad8\u80a1\u606f","0056         \u5143\u5927\u9ad8\u80a1\u606f_\u80a1\u606f\u4e0d\u6295\u5165","2412         \u4e2d\u83ef\u96fb\u4fe1","2002         \u4e2d\u92fc","2330         \u53f0\u7a4d\u96fb","2317         \u9d3b\u6d77","6505         \u53f0\u5851\u77f3\u5316","3481         \u7fa4\u5275","2303         \u806f\u96fb","2308         \u53f0\u9054\u96fb","2454         \u806f\u767c\u79d1","2886         \u5146\u8c50\u91d1","2884         \u7389\u5c71\u91d1","2891         \u4e2d\u4fe1\u91d1","2892         \u7b2c\u4e00\u91d1","5880         \u5408\u5eab\u91d1","2881         \u5bcc\u90a6\u91d1","2885         \u5143\u5927\u91d1","2887         \u53f0\u65b0\u91d1"],"y":["^TAIEX       \u81fa\u7063\u52a0\u6b0a\u5831\u916c\u6307\u6578","^TWII        \u81fa\u7063\u52a0\u6b0a\u6307\u6578","^TAIEXx2     \u81fa\u7063\u52a0\u6b0a\u5831\u916c\u6307\u6578_\u65e5\u6b632","^TAI50I      \u81fa\u706350\u5831\u916c\u6307\u6578","^TAI50Ix2    \u81fa\u706350\u5831\u916c\u6307\u6578_\u65e5\u6b632","^TAI100I     \u81fa\u7063\u4e2d\u578b100\u5831\u916c\u6307\u6578","^TAI100Ix2   \u81fa\u7063\u4e2d\u578b100\u5831\u916c\u6307\u6578_\u65e5\u6b632","^TAIDIVIDI   \u81fa\u7063\u9ad8\u80a1\u606f\u5831\u916c\u6307\u6578","^TAIDIVIDIx2 \u81fa\u7063\u9ad8\u80a1\u606f\u5831\u916c\u6307\u6578_\u65e5\u6b632","0050Fund     \u5143\u5927\u53f0\u7063\u5353\u8d8a50\u57fa\u91d1","006208Fund   \u5bcc\u90a6\u53f0\u7063\u91c6\u540950\u57fa\u91d1","0050         \u5143\u5927\u81fa\u706350","00631L       \u5143\u5927\u53f0\u706350\u6b632","00675L       \u5bcc\u90a6\u81fa\u7063\u52a0\u6b0a\u6b632","006208       \u5bcc\u90a6\u53f050","0051         \u5143\u5927\u4e2d\u578b100","006204       \u6c38\u8c50\u81fa\u7063\u52a0\u6b0a","0056         \u5143\u5927\u9ad8\u80a1\u606f","0056         \u5143\u5927\u9ad8\u80a1\u606f_\u80a1\u606f\u4e0d\u6295\u5165","2412         \u4e2d\u83ef\u96fb\u4fe1","2002         \u4e2d\u92fc","2330         \u53f0\u7a4d\u96fb","2317         \u9d3b\u6d77","6505         \u53f0\u5851\u77f3\u5316","3481         \u7fa4\u5275","2303         \u806f\u96fb","2308         \u53f0\u9054\u96fb","2454         \u806f\u767c\u79d1","2886         \u5146\u8c50\u91d1","2884         \u7389\u5c71\u91d1","2891         \u4e2d\u4fe1\u91d1","2892         \u7b2c\u4e00\u91d1","5880         \u5408\u5eab\u91d1","2881         \u5bcc\u90a6\u91d1","2885         \u5143\u5927\u91d1","2887         \u53f0\u65b0\u91d1"],"zmin":-1,"zmax":1,"colorbar":{"x":-0.2}}],"layout":{"autotypenumbers":"strict","colorway":["#636efa","#EF553B","#00cc96","#ab63fa","#FFA15A","#19d3f3","#FF6692","#B6E880","#FF97FF","#FECB52"],"font":{"color":"#f2f5fa","family":"Courier New"},"hovermode":"closest","hoverlabel":{"align":"left"},"paper_bgcolor":"rgb(17,17,17)","plot_bgcolor":"rgb(17,17,17)","polar":{"bgcolor":"rgb(17,17,17)","angularaxis":{"gridcolor":"#506784","linecolor":"#506784","ticks":""},"radialaxis":{"gridcolor":"#506784","linecolor":"#506784","ticks":""}},"ternary":{"bgcolor":"rgb(17,17,17)","aaxis":{"gridcolor":"#506784","linecolor":"#506784","ticks":""},"baxis":{"gridcolor":"#506784","linecolor":"#506784","ticks":""},"caxis":{"gridcolor":"#506784","linecolor":"#506784","ticks":""}},"coloraxis":{"colorbar":{"outlinewidth":0,"ticks":""}},"colorscale":{"sequential":[[0.0,"#0d0887"],[0.1111111111111111,"#46039f"],[0.2222222222222222,"#7201a8"],[0.3333333333333333,"#9c179e"],[0.4444444444444444,"#bd3786"],[0.5555555555555556,"#d8576b"],[0.6666666666666666,"#ed7953"],[0.7777777777777778,"#fb9f3a"],[0.8888888888888888,"#fdca26"],[1.0,"#f0f921"]],"sequentialminus":[[0.0,"#0d0887"],[0.1111111111111111,"#46039f"],[0.2222222222222222,"#7201a8"],[0.3333333333333333,"#9c179e"],[0.4444444444444444,"#bd3786"],[0.5555555555555556,"#d8576b"],[0.6666666666666666,"#ed7953"],[0.7777777777777778,"#fb9f3a"],[0.8888888888888888,"#fdca26"],[1.0,"#f0f921"]],"diverging":[[0,"#8e0152"],[0.1,"#c51b7d"],[0.2,"#de77ae"],[0.3,"#f1b6da"],[0.4,"#fde0ef"],[0.5,"#f7f7f7"],[0.6,"#e6f5d0"],[0.7,"#b8e186"],[0.8,"#7fbc41"],[0.9,"#4d9221"],[1,"#276419"]]},"xaxis":{"gridcolor":"rgba(0, 0, 0, 0)","linecolor":"#506784","ticks":"","title":{"standoff":15},"zerolinecolor":"#283442","automargin":true,"zerolinewidth":2,"tickfont":{"family":"Courier New","size":14},"side":"top","tickangle":-90},"yaxis":{"gridcolor":"rgba(0, 0, 0, 0)","linecolor":"#506784","ticks":"","title":{"standoff":15},"zerolinecolor":"#283442","automargin":true,"zerolinewidth":2,"tickfont":{"family":"Courier New"},"side":"right"},"scene":{"xaxis":{"backgroundcolor":"rgb(17,17,17)","gridcolor":"#506784","linecolor":"#506784","showbackground":true,"ticks":"","zerolinecolor":"#C8D4E3","gridwidth":2},"yaxis":{"backgroundcolor":"rgb(17,17,17)","gridcolor":"#506784","linecolor":"#506784","showbackground":true,"ticks":"","zerolinecolor":"#C8D4E3","gridwidth":2},"zaxis":{"backgroundcolor":"rgb(17,17,17)","gridcolor":"#506784","linecolor":"#506784","showbackground":true,"ticks":"","zerolinecolor":"#C8D4E3","gridwidth":2}},"shapedefaults":{"line":{"color":"#f2f5fa"}},"annotationdefaults":{"arrowcolor":"#f2f5fa","arrowhead":0,"arrowwidth":1},"geo":{"bgcolor":"rgb(17,17,17)","landcolor":"rgb(17,17,17)","subunitcolor":"#506784","showland":true,"showlakes":true,"lakecolor":"rgb(17,17,17)"},"title":{"x":0.05,"font":{"family":"Times New Roman"},"y":0.05,"text":"<b>Correlation of Adj Close<b><br><i>2016-09-23 ~ 2025-12-31<i>"},"updatemenudefaults":{"bgcolor":"#506784","borderwidth":0},"sliderdefaults":{"bgcolor":"#C8D4E3","borderwidth":1,"bordercolor":"rgb(17,17,17)","tickwidth":0},"mapbox":{"style":"dark"},"annotations":[{"text":"<b>@zwindr<b>","textangle":0,"opacity":0.5,"font":{"color":"white","size":12},"xref":"paper","yref":"paper","xanchor":"left","yanchor":"bottom","x":1.0,"y":1.0,"showarrow":false}]},"config":{"responsive":true,"toImageButtonOptions":{"filename":"Correlation of Adj Close_2016-09-23~2025-12-31","scale":5}}};Plotly.newPlot("correlationAdjClose",correlationAdjClose.data,correlationAdjClose.layout||{},correlationAdjClose.config);}else{console.log("style display is none => correlationAdjClose");}