var element=document.getElementById("correlationClose");if(element.style.display!='none'){var correlationClose={"data":[{"type":"heatmap","z":[[1.0,0.9999999999999981,1.0,0.9952091959761226,0.9952091959761226,0.9652823306542369,0.9652823306542369,0.9051442502003603,0.9051442502003603,0.8586519617969591,0.9944054197945896,0.8256349700510865,0.9925884210042957,0.9926101993861102,0.994451191314537,0.9740750508580222,0.9990303598783878,0.9214474065922961,0.9214474065922961,0.7838440384492165,-0.1292580489072901,0.9779134728949131,0.14523614801381757,-0.08792916303294913,-0.25147077092693376,0.8156086310438679,0.9111445709923417,0.9132809828781449,0.9271271271794896,0.7804807377724717,0.544133680478337,0.6341493130741777,0.6326998989223254,0.9327085439291872,0.8291431389266986,0.1854886055751137],[0.9999999999999981,1.0,0.9999999999999983,0.9951753688182106,0.9951753688182106,0.9647304080545304,0.9647304080545304,0.9061495089483059,0.9061495089483059,0.8599327165220926,0.9943986539229875,0.8256016771127236,0.9923127041638532,0.9920890210493546,0.9944390698646185,0.9734915043159775,0.9990321830284513,0.9216299376011419,0.9216299376011419,0.8027093432127488,0.0814378371886547,0.9696336831215769,-0.053035106654522664,-0.08025998421274164,-0.25177606899911853,0.6470275717899676,0.912376330515571,0.8881583476440045,0.9216155808332785,0.7913872894824423,0.5357687382381422,0.6312536274336085,0.658721220128394,0.9303160160521056,0.6840805877370487,0.18234830225275842],[1.0,0.9999999999999983,1.0,0.9952091959761226,0.9952091959761226,0.9652823306542369,0.9652823306542369,0.9051442502003603,0.9051442502003603,0.8586519617969591,0.9944054197945896,0.8256349700510865,0.9925884210042957,0.9926101993861102,0.994451191314537,0.9740750508580222,0.9990303598783878,0.9214474065922961,0.9214474065922961,0.7838440384492165,-0.1292580489072901,0.9779134728949131,0.14523614801381757,-0.08792916303294913,-0.25147077092693376,0.8156086310438679,0.9111445709923417,0.9132809828781449,0.9271271271794896,0.7804807377724717,0.544133680478337,0.6341493130741777,0.6326998989223254,0.9327085439291872,0.8291431389266986,0.1854886055751137],[0.9952091959761226,0.9951753688182106,0.9952091959761226,1.0,1.0,0.9519982122547707,0.9519982122547707,0.889977815119283,0.889977815119283,0.8380164012766518,0.9995262571642634,0.8031202636470518,0.9905450494544678,0.9873600899298022,0.9994871880931895,0.956618115720308,0.9947957431058357,0.8984289903530672,0.8984289903530672,0.759714467407693,-0.13686140263214625,0.9902154834659628,0.17083028998499067,-0.12354438191970196,-0.25248394544836855,0.8082948220442666,0.9197761357585852,0.9156035179519085,0.9128108016860706,0.7871642368145998,0.5725223145687561,0.6277781180335746,0.6034512938155893,0.9235512319898865,0.8185934956224757,0.19749420405330226],[0.9952091959761226,0.9951753688182106,0.9952091959761226,1.0,1.0,0.9519982122547707,0.9519982122547707,0.889977815119283,0.889977815119283,0.8380164012766518,0.9995262571642634,0.8031202636470518,0.9905450494544678,0.9873600899298022,0.9994871880931895,0.956618115720308,0.9947957431058357,0.8984289903530672,0.8984289903530672,0.759714467407693,-0.13686140263214625,0.9902154834659628,0.17083028998499067,-0.12354438191970196,-0.25248394544836855,0.8082948220442666,0.9197761357585852,0.9156035179519085,0.9128108016860706,0.7871642368145998,0.5725223145687561,0.6277781180335746,0.6034512938155893,0.9235512319898865,0.8185934956224757,0.19749420405330226],[0.9652823306542369,0.9647304080545304,0.9652823306542369,0.9519982122547707,0.9519982122547707,1.0,1.0,0.9304590565230663,0.9304590565230663,0.8271713800431509,0.9518033130001053,0.8150753197123951,0.9710149549899748,0.968571021550201,0.9516477580588655,0.9990928128279551,0.9736330331966948,0.9199438126253803,0.9199438126253803,0.6433705216400244,-0.07669015086766363,0.9371065040274322,0.3064444071345077,-0.27516959443207206,-0.11678805978376434,0.8854667154942516,0.8629292117341175,0.93142160866429,0.9003086393658843,0.7437521176863046,0.7416831852842302,0.738518680491252,0.7080889411097515,0.8597488908974004,0.860969350330796,0.46773395388816363],[0.9652823306542369,0.9647304080545304,0.9652823306542369,0.9519982122547707,0.9519982122547707,1.0,1.0,0.9304590565230663,0.9304590565230663,0.8271713800431509,0.9518033130001053,0.8150753197123951,0.9710149549899748,0.968571021550201,0.9516477580588655,0.9990928128279551,0.9736330331966948,0.9199438126253803,0.9199438126253803,0.6433705216400244,-0.07669015086766363,0.9371065040274322,0.3064444071345077,-0.27516959443207206,-0.11678805978376434,0.8854667154942516,0.8629292117341175,0.93142160866429,0.9003086393658843,0.7437521176863046,0.7416831852842302,0.738518680491252,0.7080889411097515,0.8597488908974004,0.860969350330796,0.46773395388816363],[0.9051442502003603,0.9061495089483059,0.9051442502003603,0.889977815119283,0.889977815119283,0.9304590565230663,0.9304590565230663,1.0,1.0,0.7698363381444963,0.9380398705348926,0.7902101330732987,0.9433737541472369,0.938263093627617,0.9379129841317946,0.931352726672343,0.9444582468950535,0.9716932746408126,0.9716932746408126,0.5844694630881763,0.04333585060754486,0.8510412074233734,0.5425477336459913,-0.30091983575934483,0.019547170180055903,0.7859711373414366,0.7630794528987872,0.8729817336030798,0.8515981960728106,0.7560597681877685,0.8783268674216951,0.7805581774333387,0.7172054601858487,0.7906371132816242,0.8484000842787103,0.8018856082233214],[0.9051442502003603,0.9061495089483059,0.9051442502003603,0.889977815119283,0.889977815119283,0.9304590565230663,0.9304590565230663,1.0,1.0,0.7698363381444963,0.9380398705348926,0.7902101330732987,0.9433737541472369,0.938263093627617,0.9379129841317946,0.931352726672343,0.9444582468950535,0.9716932746408126,0.9716932746408126,0.5844694630881763,0.04333585060754486,0.8510412074233734,0.5425477336459913,-0.30091983575934483,0.019547170180055903,0.7859711373414366,0.7630794528987872,0.8729817336030798,0.8515981960728106,0.7560597681877685,0.8783268674216951,0.7805581774333387,0.7172054601858487,0.7906371132816242,0.8484000842787103,0.8018856082233214],[0.8586519617969591,0.8599327165220926,0.8586519617969591,0.8380164012766518,0.8380164012766518,0.8271713800431509,0.8271713800431509,0.7698363381444963,0.7698363381444963,1.0,0.7447740242160988,0.9999699324811279,0.693572839944741,0.6180325192763905,0.7465716734542464,0.8230037971485172,0.7912022144290601,0.8378959239078296,0.8378959239078296,0.7050251352811145,-0.10365256910739454,0.81365624621516,0.04385705767646236,0.0450074130967085,-0.24494775124182833,0.7994255072414136,0.6326712865239743,0.7911814457257,0.8331619337489341,0.7005798931469255,0.3809821491528655,0.5423163165061352,0.5693094586779213,0.8235687508308128,0.6905830944701022,0.17564143045084935],[0.9944054197945896,0.9943986539229875,0.9944054197945896,0.9995262571642634,0.9995262571642634,0.9518033130001053,0.9518033130001053,0.9380398705348926,0.9380398705348926,0.7447740242160988,1.0,0.7446680634709762,0.9903181065037103,0.9874508551954683,0.9999247243613676,0.9522062875441639,0.9936327421127474,0.9106737799052392,0.9106737799052392,0.8530833579076423,0.04982344020890226,0.9963905006315015,0.8803133001833013,-0.4966130284634033,0.3455680040376282,0.8291965533211911,0.8827872346650879,0.9367062080592573,0.9071838977869499,0.8108159058939528,0.9099617988938826,0.8701901567716731,0.7846370211057326,0.9010002415897008,0.941722636326482,0.7763852817957185],[0.8256349700510865,0.8256016771127236,0.8256349700510865,0.8031202636470518,0.8031202636470518,0.8150753197123951,0.8150753197123951,0.7902101330732987,0.7902101330732987,0.9999699324811279,0.7446680634709762,1.0,0.6913496496051549,0.6151652447874816,0.7447459946149368,0.8155718444943892,0.7896826423038841,0.8352451026803057,0.8352451026803057,0.6706674309672984,0.020781196978757865,0.780206718713039,0.4738001040134817,-0.18244346318308174,-0.23252455006584974,0.8344556716121178,0.5467828175469741,0.7705609938844021,0.8098182255056303,0.7311804937496081,0.6375727516679247,0.72839225830673,0.6932416995142148,0.7896462523730499,0.6907890923396073,0.6979422667620173],[0.9925884210042957,0.9923127041638532,0.9925884210042957,0.9905450494544678,0.9905450494544678,0.9710149549899748,0.9710149549899748,0.9433737541472369,0.9433737541472369,0.693572839944741,0.9903181065037103,0.6913496496051549,1.0,0.9997522033541275,0.9903212681112309,0.9696498585962895,0.9903106333524959,0.9025386161548202,0.9025386161548202,0.8305087808840488,0.08023856853412004,0.9883612035075728,0.9011326436249091,-0.6581374388265802,0.41508075394933547,0.8031117681400255,0.8884002072086178,0.9471092381681867,0.899411815247389,0.7439653215862035,0.9097816455929427,0.8498571609955511,0.7679980325969351,0.8848734219171823,0.9565946267324302,0.805792992892598],[0.9926101993861102,0.9920890210493546,0.9926101993861102,0.9873600899298022,0.9873600899298022,0.968571021550201,0.968571021550201,0.938263093627617,0.938263093627617,0.6180325192763905,0.9874508551954683,0.6151652447874816,0.9997522033541275,1.0,0.9876104402733333,0.966470529546121,0.9892999078223268,0.8879820420454638,0.8879820420454638,0.8514719677968525,-0.04511816908126696,0.9839247420262702,0.9095186393553657,-0.8388489253982104,0.45376444025348883,0.7530372743947918,0.8928531422191627,0.9416138121839667,0.8857024837541333,0.6726224270113396,0.9183376502961872,0.8403961390740832,0.7120363262229409,0.9112495263594117,0.9572571984604124,0.7739917094249789],[0.994451191314537,0.9944390698646185,0.994451191314537,0.9994871880931895,0.9994871880931895,0.9516477580588655,0.9516477580588655,0.9379129841317946,0.9379129841317946,0.7465716734542464,0.9999247243613676,0.7447459946149368,0.9903212681112309,0.9876104402733333,1.0,0.9521856869804584,0.993689331433239,0.9109127182846194,0.9109127182846194,0.8540198555780203,0.04878858123420581,0.9962705774331151,0.8799280510599258,-0.49379508142995177,0.34443499350732937,0.8291528068899089,0.881180224809813,0.9356427031123392,0.9074626316235695,0.8117123991180873,0.9094838138762994,0.8710889796383221,0.7855031649445693,0.9009668573909185,0.9416610287603845,0.7768724376757216],[0.9740750508580222,0.9734915043159775,0.9740750508580222,0.956618115720308,0.956618115720308,0.9990928128279551,0.9990928128279551,0.931352726672343,0.931352726672343,0.8230037971485172,0.9522062875441639,0.8155718444943892,0.9696498585962895,0.966470529546121,0.9521856869804584,1.0,0.975086886817489,0.9194264892477382,0.9194264892477382,0.6917599169781128,-0.06109948502204341,0.9457850125239257,0.6322575643065849,-0.4076602324225612,-0.16597205370365503,0.8966474425334217,0.8611629158040948,0.9271330208788519,0.9073958556377724,0.7808304536106826,0.8530205189674807,0.7858428311201907,0.7641961999688935,0.8821029981186768,0.8584435154506409,0.7895347197946314],[0.9990303598783878,0.9990321830284513,0.9990303598783878,0.9947957431058357,0.9947957431058357,0.9736330331966948,0.9736330331966948,0.9444582468950535,0.9444582468950535,0.7912022144290601,0.9936327421127474,0.7896826423038841,0.9903106333524959,0.9892999078223268,0.993689331433239,0.975086886817489,1.0,0.9343268040723283,0.9343268040723283,0.8618371018325405,0.06057282204343889,0.9871786708161644,0.8476920895966029,-0.47469217241622846,0.36264769472367436,0.8732800893255701,0.8770220368768274,0.9458905496514116,0.9351383243788634,0.8322759452463473,0.8984000973050053,0.9001821648723768,0.8244590393384891,0.9147705554802601,0.9505520780483133,0.8336353422941354],[0.9214474065922961,0.9216299376011419,0.9214474065922961,0.8984289903530672,0.8984289903530672,0.9199438126253803,0.9199438126253803,0.9716932746408126,0.9716932746408126,0.8378959239078296,0.9106737799052392,0.8352451026803057,0.9025386161548202,0.8879820420454638,0.9109127182846194,0.9194264892477382,0.9343268040723283,1.0,1.0,0.7407011012164888,-0.023350995160453098,0.8618779764517979,0.54406388254352,-0.18829485098254992,-0.2060740971010294,0.8264305944310034,0.7484247797541582,0.8367301807144811,0.916449368505367,0.8376868922818727,0.8009762783844181,0.7552192558031131,0.7055444737374478,0.845209113844153,0.7776431085168662,0.8510921478916964],[0.9214474065922961,0.9216299376011419,0.9214474065922961,0.8984289903530672,0.8984289903530672,0.9199438126253803,0.9199438126253803,0.9716932746408126,0.9716932746408126,0.8378959239078296,0.9106737799052392,0.8352451026803057,0.9025386161548202,0.8879820420454638,0.9109127182846194,0.9194264892477382,0.9343268040723283,1.0,1.0,0.7407011012164888,-0.023350995160453098,0.8618779764517979,0.54406388254352,-0.18829485098254992,-0.2060740971010294,0.8264305944310034,0.7484247797541582,0.8367301807144811,0.916449368505367,0.8376868922818727,0.8009762783844181,0.7552192558031131,0.7055444737374478,0.845209113844153,0.7776431085168662,0.8510921478916964],[0.7838440384492165,0.8027093432127488,0.7838440384492165,0.759714467407693,0.759714467407693,0.6433705216400244,0.6433705216400244,0.5844694630881763,0.5844694630881763,0.7050251352811145,0.8530833579076423,0.6706674309672984,0.8305087808840488,0.8514719677968525,0.8540198555780203,0.6917599169781128,0.8618371018325405,0.7407011012164888,0.7407011012164888,1.0,0.03923249897456456,0.7214311298584676,-0.37793883370130515,0.3259592246773969,-0.6572634544611201,0.3508365130978364,0.7229927231531625,0.5078681015146052,0.8355365731691603,0.6932635249277275,0.10076351908068468,0.30648849022498575,0.5652913675433816,0.7828602064806395,0.47575169099312886,-0.1535707153749722],[-0.1292580489072901,0.0814378371886547,-0.1292580489072901,-0.13686140263214625,-0.13686140263214625,-0.07669015086766363,-0.07669015086766363,0.04333585060754486,0.04333585060754486,-0.10365256910739454,0.04982344020890226,0.020781196978757865,0.08023856853412004,-0.04511816908126696,0.04878858123420581,-0.06109948502204341,0.06057282204343889,-0.023350995160453098,-0.023350995160453098,0.03923249897456456,1.0,-0.08623834312036195,0.1122139888788966,0.1500544558035114,0.7495826579166639,-0.08915196910077687,-0.030456440484147074,-0.00476368624829414,0.16740802643718963,0.006057298744012091,0.06313836438443696,0.341025592914694,0.5716617726716918,-0.11352305405613713,0.11416831147177828,0.16098149528315558],[0.9779134728949131,0.9696336831215769,0.9779134728949131,0.9902154834659628,0.9902154834659628,0.9371065040274322,0.9371065040274322,0.8510412074233734,0.8510412074233734,0.81365624621516,0.9963905006315015,0.780206718713039,0.9883612035075728,0.9839247420262702,0.9962705774331151,0.9457850125239257,0.9871786708161644,0.8618779764517979,0.8618779764517979,0.7214311298584676,-0.08623834312036195,1.0,0.07940193689912765,-0.18270029896023604,-0.30455738456985293,0.6708504561876141,0.9172481987971619,0.8990624804624874,0.8562537674390682,0.7554643753633349,0.5721457223589883,0.5938006223039489,0.5327154041491229,0.9021213511939076,0.6616375137960775,0.17769139344572912],[0.14523614801381757,-0.053035106654522664,0.14523614801381757,0.17083028998499067,0.17083028998499067,0.3064444071345077,0.3064444071345077,0.5425477336459913,0.5425477336459913,0.04385705767646236,0.8803133001833013,0.4738001040134817,0.9011326436249091,0.9095186393553657,0.8799280510599258,0.6322575643065849,0.8476920895966029,0.54406388254352,0.54406388254352,-0.37793883370130515,0.1122139888788966,0.07940193689912765,1.0,-0.45387434994355386,0.7282046653241837,0.3766387343309143,0.08489380407165653,0.30459397857958354,-0.10431630138474134,0.07045041189933066,0.5906553890057993,0.47436113686808673,0.19658415398534498,-0.009553997448457833,0.3861504402605929,0.46754551143569995],[-0.08792916303294913,-0.08025998421274164,-0.08792916303294913,-0.12354438191970196,-0.12354438191970196,-0.27516959443207206,-0.27516959443207206,-0.30091983575934483,-0.30091983575934483,0.0450074130967085,-0.4966130284634033,-0.18244346318308174,-0.6581374388265802,-0.8388489253982104,-0.49379508142995177,-0.4076602324225612,-0.47469217241622846,-0.18829485098254992,-0.18829485098254992,0.3259592246773969,0.1500544558035114,-0.18270029896023604,-0.45387434994355386,1.0,-0.03085551080614383,-0.1594028032925825,-0.17476255214938025,-0.2964951670691055,-0.037118534893118976,-0.06907729622819703,-0.5655665953678551,-0.19625721733432833,-0.02095271929094833,-0.03530865775385501,-0.21138341298785368,-0.40642564417889876],[-0.25147077092693376,-0.25177606899911853,-0.25147077092693376,-0.25248394544836855,-0.25248394544836855,-0.11678805978376434,-0.11678805978376434,0.019547170180055903,0.019547170180055903,-0.24494775124182833,0.3455680040376282,-0.23252455006584974,0.41508075394933547,0.45376444025348883,0.34443499350732937,-0.16597205370365503,0.36264769472367436,-0.2060740971010294,-0.2060740971010294,-0.6572634544611201,0.7495826579166639,-0.30455738456985293,0.7282046653241837,-0.03085551080614383,1.0,-0.10509062577636923,-0.2533883619633335,-0.06367434982868585,-0.3508308883853975,-0.3287666965912824,0.07721104958205678,0.1641698893105598,0.26484827563837243,-0.37992902579611926,0.1187420854343275,0.09482977656605043],[0.8156086310438679,0.6470275717899676,0.8156086310438679,0.8082948220442666,0.8082948220442666,0.8854667154942516,0.8854667154942516,0.7859711373414366,0.7859711373414366,0.7994255072414136,0.8291965533211911,0.8344556716121178,0.8031117681400255,0.7530372743947918,0.8291528068899089,0.8966474425334217,0.8732800893255701,0.8264305944310034,0.8264305944310034,0.3508365130978364,-0.08915196910077687,0.6708504561876141,0.3766387343309143,-0.1594028032925825,-0.10509062577636923,1.0,0.553172600012664,0.838625084542715,0.4929695212189552,0.6257545769760413,0.5448618195639771,0.6560500065460694,0.42394551689383886,0.7032847887618074,0.7028337355352603,0.4160234357981313],[0.9111445709923417,0.912376330515571,0.9111445709923417,0.9197761357585852,0.9197761357585852,0.8629292117341175,0.8629292117341175,0.7630794528987872,0.7630794528987872,0.6326712865239743,0.8827872346650879,0.5467828175469741,0.8884002072086178,0.8928531422191627,0.881180224809813,0.8611629158040948,0.8770220368768274,0.7484247797541582,0.7484247797541582,0.7229927231531625,-0.030456440484147074,0.9172481987971619,0.08489380407165653,-0.17476255214938025,-0.2533883619633335,0.553172600012664,1.0,0.8043062556339264,0.7956013391944935,0.6744773806247435,0.468724224808576,0.5037037050440472,0.5307953807943219,0.8478231936929853,0.62093830659089,0.0962580090998215],[0.9132809828781449,0.8881583476440045,0.9132809828781449,0.9156035179519085,0.9156035179519085,0.93142160866429,0.93142160866429,0.8729817336030798,0.8729817336030798,0.7911814457257,0.9367062080592573,0.7705609938844021,0.9471092381681867,0.9416138121839667,0.9356427031123392,0.9271330208788519,0.9458905496514116,0.8367301807144811,0.8367301807144811,0.5078681015146052,-0.00476368624829414,0.8990624804624874,0.30459397857958354,-0.2964951670691055,-0.06367434982868585,0.838625084542715,0.8043062556339264,1.0,0.7517583441230498,0.6099700219924794,0.5920127770506843,0.6006662332415043,0.5337333854006586,0.8173939128369145,0.8321678138768369,0.2184612068859982],[0.9271271271794896,0.9216155808332785,0.9271271271794896,0.9128108016860706,0.9128108016860706,0.9003086393658843,0.9003086393658843,0.8515981960728106,0.8515981960728106,0.8331619337489341,0.9071838977869499,0.8098182255056303,0.899411815247389,0.8857024837541333,0.9074626316235695,0.9073958556377724,0.9351383243788634,0.916449368505367,0.916449368505367,0.8355365731691603,0.16740802643718963,0.8562537674390682,-0.10431630138474134,-0.037118534893118976,-0.3508308883853975,0.4929695212189552,0.7956013391944935,0.7517583441230498,1.0,0.9062789192061063,0.5423941265980136,0.6870674127151741,0.66638689193978,0.8787617736478113,0.5048668221230538,0.2983124430934653],[0.7804807377724717,0.7913872894824423,0.7804807377724717,0.7871642368145998,0.7871642368145998,0.7437521176863046,0.7437521176863046,0.7560597681877685,0.7560597681877685,0.7005798931469255,0.8108159058939528,0.7311804937496081,0.7439653215862035,0.6726224270113396,0.8117123991180873,0.7808304536106826,0.8322759452463473,0.8376868922818727,0.8376868922818727,0.6932635249277275,0.006057298744012091,0.7554643753633349,0.07045041189933066,-0.06907729622819703,-0.3287666965912824,0.6257545769760413,0.6744773806247435,0.6099700219924794,0.9062789192061063,1.0,0.5783457418921488,0.6693239562049685,0.6096271735876657,0.7310895162190185,0.5842723936505245,0.47290175295646153],[0.544133680478337,0.5357687382381422,0.544133680478337,0.5725223145687561,0.5725223145687561,0.7416831852842302,0.7416831852842302,0.8783268674216951,0.8783268674216951,0.3809821491528655,0.9099617988938826,0.6375727516679247,0.9097816455929427,0.9183376502961872,0.9094838138762994,0.8530205189674807,0.8984000973050053,0.8009762783844181,0.8009762783844181,0.10076351908068468,0.06313836438443696,0.5721457223589883,0.5906553890057993,-0.5655665953678551,0.07721104958205678,0.5448618195639771,0.468724224808576,0.5920127770506843,0.5423941265980136,0.5783457418921488,1.0,0.7453127377768278,0.3823124689139877,0.4912236061597537,0.5750036432351882,0.7618226649977792],[0.6341493130741777,0.6312536274336085,0.6341493130741777,0.6277781180335746,0.6277781180335746,0.738518680491252,0.738518680491252,0.7805581774333387,0.7805581774333387,0.5423163165061352,0.8701901567716731,0.72839225830673,0.8498571609955511,0.8403961390740832,0.8710889796383221,0.7858428311201907,0.9001821648723768,0.7552192558031131,0.7552192558031131,0.30648849022498575,0.341025592914694,0.5938006223039489,0.47436113686808673,-0.19625721733432833,0.1641698893105598,0.6560500065460694,0.5037037050440472,0.6006662332415043,0.6870674127151741,0.6693239562049685,0.7453127377768278,1.0,0.778612245576133,0.49655949425965895,0.7293690330952781,0.5492859924681498],[0.6326998989223254,0.658721220128394,0.6326998989223254,0.6034512938155893,0.6034512938155893,0.7080889411097515,0.7080889411097515,0.7172054601858487,0.7172054601858487,0.5693094586779213,0.7846370211057326,0.6932416995142148,0.7679980325969351,0.7120363262229409,0.7855031649445693,0.7641961999688935,0.8244590393384891,0.7055444737374478,0.7055444737374478,0.5652913675433816,0.5716617726716918,0.5327154041491229,0.19658415398534498,-0.02095271929094833,0.26484827563837243,0.42394551689383886,0.5307953807943219,0.5337333854006586,0.66638689193978,0.6096271735876657,0.3823124689139877,0.778612245576133,1.0,0.49255940245092894,0.6663311599282731,0.20140720030366938],[0.9327085439291872,0.9303160160521056,0.9327085439291872,0.9235512319898865,0.9235512319898865,0.8597488908974004,0.8597488908974004,0.7906371132816242,0.7906371132816242,0.8235687508308128,0.9010002415897008,0.7896462523730499,0.8848734219171823,0.9112495263594117,0.9009668573909185,0.8821029981186768,0.9147705554802601,0.845209113844153,0.845209113844153,0.7828602064806395,-0.11352305405613713,0.9021213511939076,-0.009553997448457833,-0.03530865775385501,-0.37992902579611926,0.7032847887618074,0.8478231936929853,0.8173939128369145,0.8787617736478113,0.7310895162190185,0.4912236061597537,0.49655949425965895,0.49255940245092894,1.0,0.7310685917640091,0.17225352283983092],[0.8291431389266986,0.6840805877370487,0.8291431389266986,0.8185934956224757,0.8185934956224757,0.860969350330796,0.860969350330796,0.8484000842787103,0.8484000842787103,0.6905830944701022,0.941722636326482,0.6907890923396073,0.9565946267324302,0.9572571984604124,0.9416610287603845,0.8584435154506409,0.9505520780483133,0.7776431085168662,0.7776431085168662,0.47575169099312886,0.11416831147177828,0.6616375137960775,0.3861504402605929,-0.21138341298785368,0.1187420854343275,0.7028337355352603,0.62093830659089,0.8321678138768369,0.5048668221230538,0.5842723936505245,0.5750036432351882,0.7293690330952781,0.6663311599282731,0.7310685917640091,1.0,0.18092399195493297],[0.1854886055751137,0.18234830225275842,0.1854886055751137,0.19749420405330226,0.19749420405330226,0.46773395388816363,0.46773395388816363,0.8018856082233214,0.8018856082233214,0.17564143045084935,0.7763852817957185,0.6979422667620173,0.805792992892598,0.7739917094249789,0.7768724376757216,0.7895347197946314,0.8336353422941354,0.8510921478916964,0.8510921478916964,-0.1535707153749722,0.16098149528315558,0.17769139344572912,0.46754551143569995,-0.40642564417889876,0.09482977656605043,0.4160234357981313,0.0962580090998215,0.2184612068859982,0.2983124430934653,0.47290175295646153,0.7618226649977792,0.5492859924681498,0.20140720030366938,0.17225352283983092,0.18092399195493297,1.0]],"x":["^TAIEX       \u81fa\u7063\u52a0\u6b0a\u5831\u916c\u6307\u6578","^TWII        \u81fa\u7063\u52a0\u6b0a\u6307\u6578","^TAIEXx2     \u81fa\u7063\u52a0\u6b0a\u5831\u916c\u6307\u6578_\u65e5\u6b632","^TAI50I      \u81fa\u706350\u5831\u916c\u6307\u6578","^TAI50Ix2    \u81fa\u706350\u5831\u916c\u6307\u6578_\u65e5\u6b632","^TAI100I     \u81fa\u7063\u4e2d\u578b100\u5831\u916c\u6307\u6578","^TAI100Ix2   \u81fa\u7063\u4e2d\u578b100\u5831\u916c\u6307\u6578_\u65e5\u6b632","^TAIDIVIDI   \u81fa\u7063\u9ad8\u80a1\u606f\u5831\u916c\u6307\u6578","^TAIDIVIDIx2 \u81fa\u7063\u9ad8\u80a1\u606f\u5831\u916c\u6307\u6578_\u65e5\u6b632","0050Fund     \u5143\u5927\u53f0\u7063\u5353\u8d8a50\u57fa\u91d1","006208Fund   \u5bcc\u90a6\u53f0\u7063\u91c6\u540950\u57fa\u91d1","0050         \u5143\u5927\u81fa\u706350","00631L       \u5143\u5927\u53f0\u706350\u6b632","00675L       \u5bcc\u90a6\u81fa\u7063\u52a0\u6b0a\u6b632","006208       \u5bcc\u90a6\u53f050","0051         \u5143\u5927\u4e2d\u578b100","006204       \u6c38\u8c50\u81fa\u7063\u52a0\u6b0a","0056         \u5143\u5927\u9ad8\u80a1\u606f","0056         \u5143\u5927\u9ad8\u80a1\u606f_\u80a1\u606f\u4e0d\u6295\u5165","2412         \u4e2d\u83ef\u96fb\u4fe1","2002         \u4e2d\u92fc","2330         \u53f0\u7a4d\u96fb","2317         \u9d3b\u6d77","6505         \u53f0\u5851\u77f3\u5316","3481         \u7fa4\u5275","2303         \u806f\u96fb","2308         \u53f0\u9054\u96fb","2454         \u806f\u767c\u79d1","2886         \u5146\u8c50\u91d1","2884         \u7389\u5c71\u91d1","2891         \u4e2d\u4fe1\u91d1","2892         \u7b2c\u4e00\u91d1","5880         \u5408\u5eab\u91d1","2881         \u5bcc\u90a6\u91d1","2885         \u5143\u5927\u91d1","2887         \u53f0\u65b0\u91d1"],"y":["^TAIEX       \u81fa\u7063\u52a0\u6b0a\u5831\u916c\u6307\u6578","^TWII        \u81fa\u7063\u52a0\u6b0a\u6307\u6578","^TAIEXx2     \u81fa\u7063\u52a0\u6b0a\u5831\u916c\u6307\u6578_\u65e5\u6b632","^TAI50I      \u81fa\u706350\u5831\u916c\u6307\u6578","^TAI50Ix2    \u81fa\u706350\u5831\u916c\u6307\u6578_\u65e5\u6b632","^TAI100I     \u81fa\u7063\u4e2d\u578b100\u5831\u916c\u6307\u6578","^TAI100Ix2   \u81fa\u7063\u4e2d\u578b100\u5831\u916c\u6307\u6578_\u65e5\u6b632","^TAIDIVIDI   \u81fa\u7063\u9ad8\u80a1\u606f\u5831\u916c\u6307\u6578","^TAIDIVIDIx2 \u81fa\u7063\u9ad8\u80a1\u606f\u5831\u916c\u6307\u6578_\u65e5\u6b632","0050Fund     \u5143\u5927\u53f0\u7063\u5353\u8d8a50\u57fa\u91d1","006208Fund   \u5bcc\u90a6\u53f0\u7063\u91c6\u540950\u57fa\u91d1","0050         \u5143\u5927\u81fa\u706350","00631L       \u5143\u5927\u53f0\u706350\u6b632","00675L       \u5bcc\u90a6\u81fa\u7063\u52a0\u6b0a\u6b632","006208       \u5bcc\u90a6\u53f050","0051         \u5143\u5927\u4e2d\u578b100","006204       \u6c38\u8c50\u81fa\u7063\u52a0\u6b0a","0056         \u5143\u5927\u9ad8\u80a1\u606f","0056         \u5143\u5927\u9ad8\u80a1\u606f_\u80a1\u606f\u4e0d\u6295\u5165","2412         \u4e2d\u83ef\u96fb\u4fe1","2002         \u4e2d\u92fc","2330         \u53f0\u7a4d\u96fb","2317         \u9d3b\u6d77","6505         \u53f0\u5851\u77f3\u5316","3481         \u7fa4\u5275","2303         \u806f\u96fb","2308         \u53f0\u9054\u96fb","2454         \u806f\u767c\u79d1","2886         \u5146\u8c50\u91d1","2884         \u7389\u5c71\u91d1","2891         \u4e2d\u4fe1\u91d1","2892         \u7b2c\u4e00\u91d1","5880         \u5408\u5eab\u91d1","2881         \u5bcc\u90a6\u91d1","2885         \u5143\u5927\u91d1","2887         \u53f0\u65b0\u91d1"],"zmin":-1,"zmax":1,"colorbar":{"x":-0.2}}],"layout":{"autotypenumbers":"strict","colorway":["#636efa","#EF553B","#00cc96","#ab63fa","#FFA15A","#19d3f3","#FF6692","#B6E880","#FF97FF","#FECB52"],"font":{"color":"#f2f5fa","family":"Courier New"},"hovermode":"closest","hoverlabel":{"align":"left"},"paper_bgcolor":"rgb(17,17,17)","plot_bgcolor":"rgb(17,17,17)","polar":{"bgcolor":"rgb(17,17,17)","angularaxis":{"gridcolor":"#506784","linecolor":"#506784","ticks":""},"radialaxis":{"gridcolor":"#506784","linecolor":"#506784","ticks":""}},"ternary":{"bgcolor":"rgb(17,17,17)","aaxis":{"gridcolor":"#506784","linecolor":"#506784","ticks":""},"baxis":{"gridcolor":"#506784","linecolor":"#506784","ticks":""},"caxis":{"gridcolor":"#506784","linecolor":"#506784","ticks":""}},"coloraxis":{"colorbar":{"outlinewidth":0,"ticks":""}},"colorscale":{"sequential":[[0.0,"#0d0887"],[0.1111111111111111,"#46039f"],[0.2222222222222222,"#7201a8"],[0.3333333333333333,"#9c179e"],[0.4444444444444444,"#bd3786"],[0.5555555555555556,"#d8576b"],[0.6666666666666666,"#ed7953"],[0.7777777777777778,"#fb9f3a"],[0.8888888888888888,"#fdca26"],[1.0,"#f0f921"]],"sequentialminus":[[0.0,"#0d0887"],[0.1111111111111111,"#46039f"],[0.2222222222222222,"#7201a8"],[0.3333333333333333,"#9c179e"],[0.4444444444444444,"#bd3786"],[0.5555555555555556,"#d8576b"],[0.6666666666666666,"#ed7953"],[0.7777777777777778,"#fb9f3a"],[0.8888888888888888,"#fdca26"],[1.0,"#f0f921"]],"diverging":[[0,"#8e0152"],[0.1,"#c51b7d"],[0.2,"#de77ae"],[0.3,"#f1b6da"],[0.4,"#fde0ef"],[0.5,"#f7f7f7"],[0.6,"#e6f5d0"],[0.7,"#b8e186"],[0.8,"#7fbc41"],[0.9,"#4d9221"],[1,"#276419"]]},"xaxis":{"gridcolor":"rgba(0, 0, 0, 0)","linecolor":"#506784","ticks":"","title":{"standoff":15},"zerolinecolor":"#283442","automargin":true,"zerolinewidth":2,"tickfont":{"family":"Courier New","size":14},"side":"top","tickangle":-90},"yaxis":{"gridcolor":"rgba(0, 0, 0, 0)","linecolor":"#506784","ticks":"","title":{"standoff":15},"zerolinecolor":"#283442","automargin":true,"zerolinewidth":2,"tickfont":{"family":"Courier New"},"side":"right"},"scene":{"xaxis":{"backgroundcolor":"rgb(17,17,17)","gridcolor":"#506784","linecolor":"#506784","showbackground":true,"ticks":"","zerolinecolor":"#C8D4E3","gridwidth":2},"yaxis":{"backgroundcolor":"rgb(17,17,17)","gridcolor":"#506784","linecolor":"#506784","showbackground":true,"ticks":"","zerolinecolor":"#C8D4E3","gridwidth":2},"zaxis":{"backgroundcolor":"rgb(17,17,17)","gridcolor":"#506784","linecolor":"#506784","showbackground":true,"ticks":"","zerolinecolor":"#C8D4E3","gridwidth":2}},"shapedefaults":{"line":{"color":"#f2f5fa"}},"annotationdefaults":{"arrowcolor":"#f2f5fa","arrowhead":0,"arrowwidth":1},"geo":{"bgcolor":"rgb(17,17,17)","landcolor":"rgb(17,17,17)","subunitcolor":"#506784","showland":true,"showlakes":true,"lakecolor":"rgb(17,17,17)"},"title":{"x":0.05,"font":{"family":"Times New Roman"},"y":0.05,"text":"<b>Correlation of Close<b><br><i>2016-09-23 ~ 2025-11-14<i>"},"updatemenudefaults":{"bgcolor":"#506784","borderwidth":0},"sliderdefaults":{"bgcolor":"#C8D4E3","borderwidth":1,"bordercolor":"rgb(17,17,17)","tickwidth":0},"mapbox":{"style":"dark"},"annotations":[{"text":"<b>@zwindr<b>","textangle":0,"opacity":0.5,"font":{"color":"white","size":12},"xref":"paper","yref":"paper","xanchor":"left","yanchor":"bottom","x":1.0,"y":1.0,"showarrow":false}]},"config":{"responsive":true,"toImageButtonOptions":{"filename":"Correlation of Close_2016-09-23~2025-11-14","scale":5}}};Plotly.newPlot("correlationClose",correlationClose.data,correlationClose.layout||{},correlationClose.config);}else{console.log("style display is none => correlationClose");}