var config = { responsive: true }

var correlationAdjClose = {"data": [{"type": "heatmap", "z": [[1.0, 0.9938571470602329, 0.9765458016574375, 0.9977237977618127, 0.9648912318742511, 0.981072796762829, -0.9415142809068097, 0.9898104038026286, 0.9692611162333681, 0.9978031211602666, 0.9930238002294167, 0.993773075315679, 0.9972610349329931, 0.9837398242456517, 0.9996580232689867, 0.9898662031513965, 0.919430532979975, 0.7472786439858962, 0.9854738977503544, 0.919086260746399, 0.4575741487006443, -0.3027862667924012, 0.9007659051162359, 0.9743158236213095, 0.9536019881288326], [0.9938571470602329, 1.0, 0.9719418383711866, 0.9913128964363499, 0.9605288174480625, 0.9763537577664362, -0.9367584721844744, 0.9804299662793406, 0.9622038179555097, 0.993347836826726, 0.9920957419550858, 0.991303234383174, 0.9952365671861048, 0.9774497413812975, 0.9965772563987573, 0.9832486957269332, 0.9081940784132229, 0.7571469574737252, 0.9667975048163854, 0.8981453466207632, 0.45649967124987306, -0.2258659134166737, 0.873994602410039, 0.9618048815177053, 0.9533874569104758], [0.9765458016574375, 0.9719418383711866, 1.0, 0.9824830737256697, 0.9961952400623997, 0.9790910592812225, -0.9754740629272327, 0.9699098743368585, 0.9836706669230354, 0.9845635995599086, 0.9971560846806962, 0.997003122455127, 0.9887541835157178, 0.9778883467669206, 0.9875665307002639, 0.9698504136207766, 0.825516007100282, 0.6378712023064669, 0.9898653640179658, 0.9095022233819792, 0.2925362557011353, -0.22487278367176095, 0.9078256731393419, 0.9419763288785394, 0.9787521252761638], [0.9977237977618127, 0.9913128964363499, 0.9824830737256697, 1.0, 0.976153788439456, 0.973386088679642, -0.9362513438385226, 0.9843096559127545, 0.9666757849407585, 0.9999548415310403, 0.9914589169151238, 0.9896207912649586, 0.9999440597142383, 0.9734764225460214, 0.9961019205113008, 0.984222371904026, 0.9059039579216434, 0.7183231849560354, 0.993216203579076, 0.9204939225787577, 0.4349730131529156, -0.29440080334752255, 0.8995915399458821, 0.9685529855567113, 0.9596706158176141], [0.9648912318742511, 0.9605288174480625, 0.9961952400623997, 0.976153788439456, 1.0, 0.9592534724305916, -0.9573006126801721, 0.9554580511619354, 0.9717565709571547, 0.9803165102345491, 0.9872031386533633, 0.9835794611273188, 0.9851737300258067, 0.9571050217371443, 0.9761594024581748, 0.9553524094214874, 0.8057659214823891, 0.6040076114166186, 0.9892463150025117, 0.905970988152037, 0.27018074734792474, -0.2182394923399484, 0.8906134282421151, 0.9273928565124432, 0.9765767083301747], [0.981072796762829, 0.9763537577664362, 0.9790910592812225, 0.973386088679642, 0.9592534724305916, 1.0, -0.9803590823904281, 0.9800860953071608, 0.9794396112412166, 0.972110300431206, 0.9768101977876393, 0.9747842141520083, 0.9688001843364078, 0.9999096318175182, 0.9859119489251547, 0.9812064990358772, 0.8592105134294004, 0.7136129426563274, 0.9672537343231613, 0.8890985380012764, 0.32199927150878105, -0.21323028511101658, 0.9364960080499172, 0.9568301759169126, 0.9591517249499781], [-0.9415142809068097, -0.9367584721844744, -0.9754740629272327, -0.9362513438385226, -0.9573006126801721, -0.9803590823904281, 1.0, -0.9505522434791918, -0.9830169931735059, -0.9413431982005267, -0.9736511101037075, -0.975508306938428, -0.9480159564964442, -0.9836122252730145, -0.9636977196990112, -0.9536508206237111, -0.7703538345943538, -0.611318847185719, -0.941915628561477, -0.8790535295450521, -0.17856377210438387, 0.14682911215080696, -0.9044800923577857, -0.9124689456043368, -0.9565252519553465], [0.9898104038026286, 0.9804299662793406, 0.9699098743368585, 0.9843096559127545, 0.9554580511619354, 0.9800860953071608, -0.9505522434791918, 1.0, 0.9820647682047181, 0.9836376376051708, 0.9753816728808126, 0.9742893442720869, 0.9798519554264545, 0.9820931029056046, 0.9873572021399794, 0.9998692453281631, 0.9218976674239637, 0.6828511736445246, 0.9739982120530142, 0.8926606145385118, 0.3182725584346662, -0.31073371244474973, 0.9050955742290993, 0.9557700845410585, 0.9364771115028179], [0.9692611162333681, 0.9622038179555097, 0.9836706669230354, 0.9666757849407585, 0.9717565709571547, 0.9794396112412166, -0.9830169931735059, 0.9820647682047181, 1.0, 0.9653809949416403, 0.9722517197316459, 0.9692552989134201, 0.9626263495805224, 0.9786058219203162, 0.9693334646313925, 0.9813905828671806, 0.8471882087584112, 0.6079421379018718, 0.9669184544126518, 0.903628502072315, 0.17489059259118725, -0.22864164330899717, 0.8866367163186084, 0.9316978780080102, 0.9590643184726927], [0.9978031211602666, 0.993347836826726, 0.9845635995599086, 0.9999548415310403, 0.9803165102345491, 0.972110300431206, -0.9413431982005267, 0.9836376376051708, 0.9653809949416403, 1.0, 0.9912201380298215, 0.9892968841031538, 0.9999609224883513, 0.9726096303397483, 0.9958516838289522, 0.9840503948523869, 0.9214968272247042, 0.686162916415462, 0.9953160860262099, 0.9175511235158655, 0.2604619599173511, -0.2580731775738026, 0.9267520156002566, 0.9629965869943011, 0.9545064056508138], [0.9930238002294167, 0.9920957419550858, 0.9971560846806962, 0.9914589169151238, 0.9872031386533633, 0.9768101977876393, -0.9736511101037075, 0.9753816728808126, 0.9722517197316459, 0.9912201380298215, 1.0, 0.9996721945111214, 0.9913471667319841, 0.9777512014239537, 0.9933630937090513, 0.9768018000414692, 0.9089304199902106, 0.587663633772208, 0.9863284537729741, 0.8882802247940185, -0.29483118853574397, 0.4723510723219795, 0.9082602301028007, 0.9535922352801103, 0.9770444836053567], [0.993773075315679, 0.991303234383174, 0.997003122455127, 0.9896207912649586, 0.9835794611273188, 0.9747842141520083, -0.975508306938428, 0.9742893442720869, 0.9692552989134201, 0.9892968841031538, 0.9996721945111214, 1.0, 0.9895639028372195, 0.975817647984038, 0.9939231232697106, 0.9759690718741834, 0.9164577998436327, 0.47210202003830737, 0.9811686718414545, 0.8767153712392841, -0.6964951522396098, 0.4520652505563296, 0.8815602177519728, 0.9504109097941912, 0.976368520320215], [0.9972610349329931, 0.9952365671861048, 0.9887541835157178, 0.9999440597142383, 0.9851737300258067, 0.9688001843364078, -0.9480159564964442, 0.9798519554264545, 0.9626263495805224, 0.9999609224883513, 0.9913471667319841, 0.9895639028372195, 1.0, 0.9695009913928646, 0.995666903070324, 0.9809721122247658, 0.9290545144692006, 0.646180791627936, 0.9968027231187012, 0.896160992063149, -0.002588409961358172, 0.44529268454536036, 0.9181381226317495, 0.951610654249383, 0.9651134721961843], [0.9837398242456517, 0.9774497413812975, 0.9778883467669206, 0.9734764225460214, 0.9571050217371443, 0.9999096318175182, -0.9836122252730145, 0.9820931029056046, 0.9786058219203162, 0.9726096303397483, 0.9777512014239537, 0.975817647984038, 0.9695009913928646, 1.0, 0.9864416706731609, 0.9813479859358596, 0.8829284439201984, 0.7153052559243013, 0.9660377868662627, 0.8846037223009342, 0.1960254801799528, -0.19098671589734648, 0.9451728720078763, 0.9594911987970598, 0.9560484545353524], [0.9996580232689867, 0.9965772563987573, 0.9875665307002639, 0.9961019205113008, 0.9761594024581748, 0.9859119489251547, -0.9636977196990112, 0.9873572021399794, 0.9693334646313925, 0.9958516838289522, 0.9933630937090513, 0.9939231232697106, 0.995666903070324, 0.9864416706731609, 1.0, 0.9882681727534832, 0.9347460483147689, 0.6858180158766884, 0.9890375874556104, 0.8934420489317915, 0.04628254156303194, 0.46222121479952555, 0.9364267661412496, 0.961275734617068, 0.9635694022320253], [0.9898662031513965, 0.9832486957269332, 0.9698504136207766, 0.984222371904026, 0.9553524094214874, 0.9812064990358772, -0.9536508206237111, 0.9998692453281631, 0.9813905828671806, 0.9840503948523869, 0.9768018000414692, 0.9759690718741834, 0.9809721122247658, 0.9813479859358596, 0.9882681727534832, 1.0, 0.92817194197825, 0.6819827702189017, 0.9730823344440422, 0.8977588961059552, 0.2863059484150129, -0.2911604085820814, 0.9106382381146402, 0.9546968206093885, 0.9365476304508862], [0.919430532979975, 0.9081940784132229, 0.825516007100282, 0.9059039579216434, 0.8057659214823891, 0.8592105134294004, -0.7703538345943538, 0.9218976674239637, 0.8471882087584112, 0.9214968272247042, 0.9089304199902106, 0.9164577998436327, 0.9290545144692006, 0.8829284439201984, 0.9347460483147689, 0.92817194197825, 1.0, 0.8444796300814337, 0.8572045214390526, 0.8709663159206418, 0.7027828321065912, -0.5337858011735608, 0.6929691824849086, 0.9170114412546615, 0.7975565401960167], [0.7472786439858962, 0.7571469574737252, 0.6378712023064669, 0.7183231849560354, 0.6040076114166186, 0.7136129426563274, -0.611318847185719, 0.6828511736445246, 0.6079421379018718, 0.686162916415462, 0.587663633772208, 0.47210202003830737, 0.646180791627936, 0.7153052559243013, 0.6858180158766884, 0.6819827702189017, 0.8444796300814337, 1.0, 0.6405437845280442, 0.7521619833463763, 0.7332288157010427, -0.1164442922805633, 0.538197502540953, 0.761159016103294, 0.6449607491705164], [0.9854738977503544, 0.9667975048163854, 0.9898653640179658, 0.993216203579076, 0.9892463150025117, 0.9672537343231613, -0.941915628561477, 0.9739982120530142, 0.9669184544126518, 0.9953160860262099, 0.9863284537729741, 0.9811686718414545, 0.9968027231187012, 0.9660377868662627, 0.9890375874556104, 0.9730823344440422, 0.8572045214390526, 0.6405437845280442, 1.0, 0.8910369620496381, 0.3626736295583626, -0.2885148432346992, 0.8869784238049155, 0.9509211057623554, 0.9689313362992467], [0.919086260746399, 0.8981453466207632, 0.9095022233819792, 0.9204939225787577, 0.905970988152037, 0.8890985380012764, -0.8790535295450521, 0.8926606145385118, 0.903628502072315, 0.9175511235158655, 0.8882802247940185, 0.8767153712392841, 0.896160992063149, 0.8846037223009342, 0.8934420489317915, 0.8977588961059552, 0.8709663159206418, 0.7521619833463763, 0.8910369620496381, 1.0, 0.40695328883391135, -0.18549378960265858, 0.6947332087704523, 0.9160885644636877, 0.8811589325079937], [0.4575741487006443, 0.45649967124987306, 0.2925362557011353, 0.4349730131529156, 0.27018074734792474, 0.32199927150878105, -0.17856377210438387, 0.3182725584346662, 0.17489059259118725, 0.2604619599173511, -0.29483118853574397, -0.6964951522396098, -0.002588409961358172, 0.1960254801799528, 0.04628254156303194, 0.2863059484150129, 0.7027828321065912, 0.7332288157010427, 0.3626736295583626, 0.40695328883391135, 1.0, -0.39988644007712265, 0.3020305357921834, 0.44276495073826827, 0.23942220509231574], [-0.3027862667924012, -0.2258659134166737, -0.22487278367176095, -0.29440080334752255, -0.2182394923399484, -0.21323028511101658, 0.14682911215080696, -0.31073371244474973, -0.22864164330899717, -0.2580731775738026, 0.4723510723219795, 0.4520652505563296, 0.44529268454536036, -0.19098671589734648, 0.46222121479952555, -0.2911604085820814, -0.5337858011735608, -0.1164442922805633, -0.2885148432346992, -0.18549378960265858, -0.39988644007712265, 1.0, -0.14517775378205888, -0.33332971002257833, -0.17267969150686838], [0.9007659051162359, 0.873994602410039, 0.9078256731393419, 0.8995915399458821, 0.8906134282421151, 0.9364960080499172, -0.9044800923577857, 0.9050955742290993, 0.8866367163186084, 0.9267520156002566, 0.9082602301028007, 0.8815602177519728, 0.9181381226317495, 0.9451728720078763, 0.9364267661412496, 0.9106382381146402, 0.6929691824849086, 0.538197502540953, 0.8869784238049155, 0.6947332087704523, 0.3020305357921834, -0.14517775378205888, 1.0, 0.8356999618372, 0.8860370644916322], [0.9743158236213095, 0.9618048815177053, 0.9419763288785394, 0.9685529855567113, 0.9273928565124432, 0.9568301759169126, -0.9124689456043368, 0.9557700845410585, 0.9316978780080102, 0.9629965869943011, 0.9535922352801103, 0.9504109097941912, 0.951610654249383, 0.9594911987970598, 0.961275734617068, 0.9546968206093885, 0.9170114412546615, 0.761159016103294, 0.9509211057623554, 0.9160885644636877, 0.44276495073826827, -0.33332971002257833, 0.8356999618372, 1.0, 0.9307545388104412], [0.9536019881288326, 0.9533874569104758, 0.9787521252761638, 0.9596706158176141, 0.9765767083301747, 0.9591517249499781, -0.9565252519553465, 0.9364771115028179, 0.9590643184726927, 0.9545064056508138, 0.9770444836053567, 0.976368520320215, 0.9651134721961843, 0.9560484545353524, 0.9635694022320253, 0.9365476304508862, 0.7975565401960167, 0.6449607491705164, 0.9689313362992467, 0.8811589325079937, 0.23942220509231574, -0.17267969150686838, 0.8860370644916322, 0.9307545388104412, 1.0]], "x": ["^TAIEX       \u81fa\u7063\u52a0\u6b0a\u5831\u916c\u6307\u6578", "^TWII        \u81fa\u7063\u52a0\u6b0a\u6307\u6578", "^TAIEXx2     \u81fa\u7063\u52a0\u6b0a\u5831\u916c\u6307\u6578_\u65e5\u6b632", "^TAI50I      \u81fa\u706350\u5831\u916c\u6307\u6578", "^TAI50Ix2    \u81fa\u706350\u5831\u916c\u6307\u6578_\u65e5\u6b632", "^TAI100I     \u81fa\u7063\u4e2d\u578b100\u5831\u916c\u6307\u6578", "^TAI100Ix2   \u81fa\u7063\u4e2d\u578b100\u5831\u916c\u6307\u6578_\u65e5\u6b632", "^TAIDIVIDI   \u81fa\u7063\u9ad8\u80a1\u606f\u5831\u916c\u6307\u6578", "^TAIDIVIDIx2 \u81fa\u7063\u9ad8\u80a1\u606f\u5831\u916c\u6307\u6578_\u65e5\u6b632", "0050         \u5143\u5927\u81fa\u706350", "00631L       \u5143\u5927\u53f0\u706350\u6b632", "00675L       \u5bcc\u90a6\u81fa\u7063\u52a0\u6b0a\u6b632", "006208       \u5bcc\u90a6\u53f050", "0051         \u5143\u5927\u4e2d\u578b100", "006204       \u6c38\u8c50\u81fa\u7063\u52a0\u6b0a", "0056         \u5143\u5927\u9ad8\u80a1\u606f", "2412         \u4e2d\u83ef\u96fb\u4fe1", "2002         \u4e2d\u92fc", "2330         \u53f0\u7a4d\u96fb", "2317         \u9d3b\u6d77", "6505         \u53f0\u5851\u77f3\u5316", "3481         \u7fa4\u5275", "2303         \u806f\u96fb", "2308         \u53f0\u9054\u96fb", "2454         \u806f\u767c\u79d1"], "y": ["^TAIEX       \u81fa\u7063\u52a0\u6b0a\u5831\u916c\u6307\u6578", "^TWII        \u81fa\u7063\u52a0\u6b0a\u6307\u6578", "^TAIEXx2     \u81fa\u7063\u52a0\u6b0a\u5831\u916c\u6307\u6578_\u65e5\u6b632", "^TAI50I      \u81fa\u706350\u5831\u916c\u6307\u6578", "^TAI50Ix2    \u81fa\u706350\u5831\u916c\u6307\u6578_\u65e5\u6b632", "^TAI100I     \u81fa\u7063\u4e2d\u578b100\u5831\u916c\u6307\u6578", "^TAI100Ix2   \u81fa\u7063\u4e2d\u578b100\u5831\u916c\u6307\u6578_\u65e5\u6b632", "^TAIDIVIDI   \u81fa\u7063\u9ad8\u80a1\u606f\u5831\u916c\u6307\u6578", "^TAIDIVIDIx2 \u81fa\u7063\u9ad8\u80a1\u606f\u5831\u916c\u6307\u6578_\u65e5\u6b632", "0050         \u5143\u5927\u81fa\u706350", "00631L       \u5143\u5927\u53f0\u706350\u6b632", "00675L       \u5bcc\u90a6\u81fa\u7063\u52a0\u6b0a\u6b632", "006208       \u5bcc\u90a6\u53f050", "0051         \u5143\u5927\u4e2d\u578b100", "006204       \u6c38\u8c50\u81fa\u7063\u52a0\u6b0a", "0056         \u5143\u5927\u9ad8\u80a1\u606f", "2412         \u4e2d\u83ef\u96fb\u4fe1", "2002         \u4e2d\u92fc", "2330         \u53f0\u7a4d\u96fb", "2317         \u9d3b\u6d77", "6505         \u53f0\u5851\u77f3\u5316", "3481         \u7fa4\u5275", "2303         \u806f\u96fb", "2308         \u53f0\u9054\u96fb", "2454         \u806f\u767c\u79d1"], "zmin": -1, "zmax": 1, "colorbar": {"x": -0.2}}], "layout": {"autotypenumbers": "strict", "colorway": ["#636efa", "#EF553B", "#00cc96", "#ab63fa", "#FFA15A", "#19d3f3", "#FF6692", "#B6E880", "#FF97FF", "#FECB52"], "font": {"color": "#f2f5fa", "family": "Courier New"}, "hovermode": "closest", "hoverlabel": {"align": "left"}, "paper_bgcolor": "rgb(17,17,17)", "plot_bgcolor": "rgb(17,17,17)", "polar": {"bgcolor": "rgb(17,17,17)", "angularaxis": {"gridcolor": "#506784", "linecolor": "#506784", "ticks": ""}, "radialaxis": {"gridcolor": "#506784", "linecolor": "#506784", "ticks": ""}}, "ternary": {"bgcolor": "rgb(17,17,17)", "aaxis": {"gridcolor": "#506784", "linecolor": "#506784", "ticks": ""}, "baxis": {"gridcolor": "#506784", "linecolor": "#506784", "ticks": ""}, "caxis": {"gridcolor": "#506784", "linecolor": "#506784", "ticks": ""}}, "coloraxis": {"colorbar": {"outlinewidth": 0, "ticks": ""}}, "colorscale": {"sequential": [[0.0, "#0d0887"], [0.1111111111111111, "#46039f"], [0.2222222222222222, "#7201a8"], [0.3333333333333333, "#9c179e"], [0.4444444444444444, "#bd3786"], [0.5555555555555556, "#d8576b"], [0.6666666666666666, "#ed7953"], [0.7777777777777778, "#fb9f3a"], [0.8888888888888888, "#fdca26"], [1.0, "#f0f921"]], "sequentialminus": [[0.0, "#0d0887"], [0.1111111111111111, "#46039f"], [0.2222222222222222, "#7201a8"], [0.3333333333333333, "#9c179e"], [0.4444444444444444, "#bd3786"], [0.5555555555555556, "#d8576b"], [0.6666666666666666, "#ed7953"], [0.7777777777777778, "#fb9f3a"], [0.8888888888888888, "#fdca26"], [1.0, "#f0f921"]], "diverging": [[0, "#8e0152"], [0.1, "#c51b7d"], [0.2, "#de77ae"], [0.3, "#f1b6da"], [0.4, "#fde0ef"], [0.5, "#f7f7f7"], [0.6, "#e6f5d0"], [0.7, "#b8e186"], [0.8, "#7fbc41"], [0.9, "#4d9221"], [1, "#276419"]]}, "xaxis": {"gridcolor": "rgba(0, 0, 0, 0)", "linecolor": "#506784", "ticks": "", "title": {"standoff": 15}, "zerolinecolor": "#283442", "automargin": true, "zerolinewidth": 2, "tickfont": {"family": "Courier New", "size": 14}, "side": "top", "tickangle": -90}, "yaxis": {"gridcolor": "rgba(0, 0, 0, 0)", "linecolor": "#506784", "ticks": "", "title": {"standoff": 15}, "zerolinecolor": "#283442", "automargin": true, "zerolinewidth": 2, "tickfont": {"family": "Courier New"}, "side": "right"}, "scene": {"xaxis": {"backgroundcolor": "rgb(17,17,17)", "gridcolor": "#506784", "linecolor": "#506784", "showbackground": true, "ticks": "", "zerolinecolor": "#C8D4E3", "gridwidth": 2}, "yaxis": {"backgroundcolor": "rgb(17,17,17)", "gridcolor": "#506784", "linecolor": "#506784", "showbackground": true, "ticks": "", "zerolinecolor": "#C8D4E3", "gridwidth": 2}, "zaxis": {"backgroundcolor": "rgb(17,17,17)", "gridcolor": "#506784", "linecolor": "#506784", "showbackground": true, "ticks": "", "zerolinecolor": "#C8D4E3", "gridwidth": 2}}, "shapedefaults": {"line": {"color": "#f2f5fa"}}, "annotationdefaults": {"arrowcolor": "#f2f5fa", "arrowhead": 0, "arrowwidth": 1}, "geo": {"bgcolor": "rgb(17,17,17)", "landcolor": "rgb(17,17,17)", "subunitcolor": "#506784", "showland": true, "showlakes": true, "lakecolor": "rgb(17,17,17)"}, "title": {"x": 0.05, "font": {"family": "Times New Roman"}, "y": 0.05, "text": "<b>Correlation of Adj Close <b><br><i>2016/09/23 ~ 2025/07/08<i>"}, "updatemenudefaults": {"bgcolor": "#506784", "borderwidth": 0}, "sliderdefaults": {"bgcolor": "#C8D4E3", "borderwidth": 1, "bordercolor": "rgb(17,17,17)", "tickwidth": 0}, "mapbox": {"style": "dark"}, "height": 600}};

Plotly.newPlot("correlationAdjClose",
    correlationAdjClose.data,
    correlationAdjClose.layout || {},
    config);