var element=document.getElementById("correlationClose");if(element.style.display!='none'){var correlationClose={"data":[{"type":"heatmap","z":[[1.0,0.9999999999999979,1.0,0.9952416420977769,0.9952416420977769,0.9764169527079092,0.9764169527079092,0.923250174045031,0.923250174045031,0.6922037114280492,0.9958315089690222,0.6263589717410307,0.8714189404869318,0.9864533421159938,0.9959325925610201,0.980143951399884,0.9993713032106435,0.9068259451961997,0.9068259451961997,0.7547105321853903,-0.2161847883503683,0.9834415702068744,0.3016277552918095,-0.19600033744021372,-0.18914331407791746,0.8438486541613398,0.8819920733531876,0.9219314042427973,0.8819602969842714,0.7732487298904507,0.6948589372044061,0.6472540535463809,0.579400748286107,0.9184086379612119,0.8863769447424548,0.3095332979752198],[0.9999999999999979,1.0,0.999999999999998,0.9951973336727566,0.9951973336727566,0.9760602265562246,0.9760602265562246,0.9237655628397154,0.9237655628397154,0.6912295727281624,0.9958611908220607,0.623796472387533,0.8737362055605631,0.9856610438040577,0.9959848150557737,0.9800286525719862,0.9993793148893413,0.9070691017563012,0.9070691017563012,0.769779030205815,-0.012202028562348963,0.9774639514242051,0.052999300108690854,-0.19136012199123834,-0.18549993000728762,0.7111686566142177,0.8785600277553247,0.9050299043732983,0.8779584062952056,0.7794153894532045,0.6913167254108628,0.6447204776024639,0.6023751398146089,0.9177970742775708,0.77684240763687,0.30970728443690937],[1.0,0.999999999999998,1.0,0.9952416420977769,0.9952416420977769,0.9764169527079092,0.9764169527079092,0.923250174045031,0.923250174045031,0.6922037114280492,0.9958315089690222,0.6263589717410307,0.8714189404869318,0.9864533421159938,0.9959325925610201,0.980143951399884,0.9993713032106435,0.9068259451961997,0.9068259451961997,0.7547105321853903,-0.2161847883503683,0.9834415702068744,0.3016277552918095,-0.19600033744021372,-0.18914331407791746,0.8438486541613398,0.8819920733531876,0.9219314042427973,0.8819602969842714,0.7732487298904507,0.6948589372044061,0.6472540535463809,0.579400748286107,0.9184086379612119,0.8863769447424548,0.3095332979752198],[0.9952416420977769,0.9951973336727566,0.9952416420977769,1.0,1.0,0.9652501982311715,0.9652501982311715,0.9064161866564372,0.9064161866564372,0.6463858161926325,0.9997137732542258,0.5816663350056499,0.8784586003221893,0.9896419367041488,0.99966985575313,0.9646597242148442,0.9954754404722125,0.87725335064963,0.87725335064963,0.7202679044615876,-0.2222959861884608,0.9936578619357687,0.3291554415648574,-0.228763946118798,-0.1813678601054991,0.8316898496379136,0.9068686576687385,0.9261749381857759,0.8528890181036086,0.764249862986257,0.7218058927486944,0.6328878334297918,0.5412288612171895,0.8987288443250327,0.880304902258605,0.3247096523613225],[0.9952416420977769,0.9951973336727566,0.9952416420977769,1.0,1.0,0.9652501982311715,0.9652501982311715,0.9064161866564372,0.9064161866564372,0.6463858161926325,0.9997137732542258,0.5816663350056499,0.8784586003221893,0.9896419367041488,0.99966985575313,0.9646597242148442,0.9954754404722125,0.87725335064963,0.87725335064963,0.7202679044615876,-0.2222959861884608,0.9936578619357687,0.3291554415648574,-0.228763946118798,-0.1813678601054991,0.8316898496379136,0.9068686576687385,0.9261749381857759,0.8528890181036086,0.764249862986257,0.7218058927486944,0.6328878334297918,0.5412288612171895,0.8987288443250327,0.880304902258605,0.3247096523613225],[0.9764169527079092,0.9760602265562246,0.9764169527079092,0.9652501982311715,0.9652501982311715,1.0,1.0,0.9446743114257475,0.9446743114257475,0.6766527747417881,0.9638786999189808,0.6471758830390899,0.8484101062993977,0.9537549410087967,0.9639699730834025,0.9991551468318337,0.981097436055578,0.9152525365579021,0.9152525365579021,0.6543544535258221,-0.178580665402957,0.9550917372951566,0.422800180067108,-0.3532828186645296,-0.08754055669659815,0.8951493668580931,0.8453535448979179,0.9294209118780516,0.8685696109329992,0.748942176761091,0.8268204421096487,0.7338694722720507,0.646874634959999,0.8683839727337879,0.9068833354316829,0.5553737759767712],[0.9764169527079092,0.9760602265562246,0.9764169527079092,0.9652501982311715,0.9652501982311715,1.0,1.0,0.9446743114257475,0.9446743114257475,0.6766527747417881,0.9638786999189808,0.6471758830390899,0.8484101062993977,0.9537549410087967,0.9639699730834025,0.9991551468318337,0.981097436055578,0.9152525365579021,0.9152525365579021,0.6543544535258221,-0.178580665402957,0.9550917372951566,0.422800180067108,-0.3532828186645296,-0.08754055669659815,0.8951493668580931,0.8453535448979179,0.9294209118780516,0.8685696109329992,0.748942176761091,0.8268204421096487,0.7338694722720507,0.646874634959999,0.8683839727337879,0.9068833354316829,0.5553737759767712],[0.923250174045031,0.9237655628397154,0.923250174045031,0.9064161866564372,0.9064161866564372,0.9446743114257475,0.9446743114257475,1.0,1.0,0.6628731520473529,0.940750410527711,0.6657513641630816,0.8112179234864761,0.91543072506103,0.9409612785079909,0.9470111325910525,0.9524642909030812,0.9698658593807111,0.9698658593807111,0.6196513282834627,-0.06214840971427783,0.8791360610971776,0.6237467157956118,-0.3861430061563184,0.026073257222131812,0.8259748323676236,0.7492648471720161,0.8817354530161301,0.8470038787860182,0.7708174558445378,0.9020199781258755,0.7843005702970978,0.6815180090406283,0.8230435429324969,0.8855695290173753,0.839933274335004],[0.923250174045031,0.9237655628397154,0.923250174045031,0.9064161866564372,0.9064161866564372,0.9446743114257475,0.9446743114257475,1.0,1.0,0.6628731520473529,0.940750410527711,0.6657513641630816,0.8112179234864761,0.91543072506103,0.9409612785079909,0.9470111325910525,0.9524642909030812,0.9698658593807111,0.9698658593807111,0.6196513282834627,-0.06214840971427783,0.8791360610971776,0.6237467157956118,-0.3861430061563184,0.026073257222131812,0.8259748323676236,0.7492648471720161,0.8817354530161301,0.8470038787860182,0.7708174558445378,0.9020199781258755,0.7843005702970978,0.6815180090406283,0.8230435429324969,0.8855695290173753,0.839933274335004],[0.6922037114280492,0.6912295727281624,0.6922037114280492,0.6463858161926325,0.6463858161926325,0.6766527747417881,0.6766527747417881,0.6628731520473529,0.6628731520473529,1.0,0.4890386854597015,0.9999689206419666,0.2699816767963212,0.2362720307575818,0.4909737199511936,0.6687745383331702,0.5643528470225523,0.763118100673882,0.763118100673882,0.6821018038423544,-0.10057972341872343,0.6187436930335516,0.04217439721694488,0.04542889736855083,-0.24107990627851478,0.7151953091436573,0.3343718126291921,0.6110391049957049,0.7942967822906345,0.6655547674197426,0.3156996876948608,0.5201387419004673,0.5622411452784263,0.7541603063670718,0.5676330797868551,0.17027789889045652],[0.9958315089690222,0.9958611908220607,0.9958315089690222,0.9997137732542258,0.9997137732542258,0.9638786999189808,0.9638786999189808,0.940750410527711,0.940750410527711,0.4890386854597015,1.0,0.48904582628626103,0.8780377892770368,0.9890101666747303,0.9999521463151296,0.9609615197327126,0.9952657201118672,0.8874847852124196,0.8874847852124196,0.8376275455545323,-0.13995376840465812,0.9972653523852844,0.9117925748645063,-0.545672909670841,0.5934219472696647,0.8363262071487241,0.8937046468254509,0.9366292624844098,0.8323960099788394,0.7830189313320223,0.9450355947510309,0.8147855931380599,0.6670534097194457,0.8807510706961006,0.9625237883541562,0.8459580535871554],[0.6263589717410307,0.623796472387533,0.6263589717410307,0.5816663350056499,0.5816663350056499,0.6471758830390899,0.6471758830390899,0.6657513641630816,0.6657513641630816,0.9999689206419666,0.48904582628626103,1.0,0.26956050812329163,0.2350692689763043,0.49026656767852667,0.6558475148011661,0.5635507561247286,0.7525723525361309,0.7525723525361309,0.6306964268087267,0.030590374619577615,0.5578522544293839,0.37147997190067156,-0.16167259718480417,-0.22233294909731416,0.7298614441858191,0.2436773497982801,0.5649482595894282,0.7606468502582208,0.6807765657225884,0.4691875861846092,0.6752916378258799,0.6748755435518459,0.6995662535092058,0.5291987898537469,0.5880354797693613],[0.8714189404869318,0.8737362055605631,0.8714189404869318,0.8784586003221893,0.8784586003221893,0.8484101062993977,0.8484101062993977,0.8112179234864761,0.8112179234864761,0.2699816767963212,0.8780377892770368,0.26956050812329163,1.0,0.9998674549506583,0.8787191889123268,0.843426037376291,0.8714720342652786,0.7349895904238409,0.7349895904238409,0.6355751136473248,-0.1163589327019765,0.8746111654665948,0.8214433318869523,-0.6350098322204807,0.6599483625171209,0.7030844263045548,0.8612987458735057,0.862385671371657,0.6556352836356657,0.5885729081226948,0.8479651758811042,0.6352644008700372,0.48156257277880676,0.7498133504524274,0.8575047294466672,0.7738204504474878],[0.9864533421159938,0.9856610438040577,0.9864533421159938,0.9896419367041488,0.9896419367041488,0.9537549410087967,0.9537549410087967,0.91543072506103,0.91543072506103,0.2362720307575818,0.9890101666747303,0.2350692689763043,0.9998674549506583,1.0,0.9887975583075428,0.9465138775842005,0.9833082605081632,0.8392001475151072,0.8392001475151072,0.8243768882206111,-0.24683640151870445,0.9823667205058673,0.8954096366081178,-0.732497226924761,0.7178715633170042,0.7716950319753637,0.9454258905324614,0.9412940742634731,0.7361470211906412,0.6509949259605012,0.9330564619047875,0.731498307332172,0.5004324629440106,0.8365493361747703,0.9569457487064246,0.8413521094820346],[0.9959325925610201,0.9959848150557737,0.9959325925610201,0.99966985575313,0.99966985575313,0.9639699730834025,0.9639699730834025,0.9409612785079909,0.9409612785079909,0.4909737199511936,0.9999521463151296,0.49026656767852667,0.8787191889123268,0.9887975583075428,1.0,0.9613119936638407,0.9954076164371967,0.8890044706143952,0.8890044706143952,0.8384661207371211,-0.1404289212530997,0.997145479559014,0.911984162593909,-0.5431465227256911,0.5969838368355143,0.8381568284554353,0.8930620261491763,0.9360248932653396,0.8325742413838696,0.7835890997711304,0.9450762071579261,0.8152025618037291,0.6673284020656183,0.8811576076033506,0.9629023400928642,0.8474049449803814],[0.980143951399884,0.9800286525719862,0.980143951399884,0.9646597242148442,0.9646597242148442,0.9991551468318337,0.9991551468318337,0.9470111325910525,0.9470111325910525,0.6687745383331702,0.9609615197327126,0.6558475148011661,0.843426037376291,0.9465138775842005,0.9613119936638407,1.0,0.9801802686145812,0.9189119753384868,0.9189119753384868,0.7040283851269715,-0.16904401999481652,0.957332434267608,0.7337567868318705,-0.48010746082225575,-0.08417421702212564,0.9056017833963461,0.8304145317633473,0.9221198977580735,0.875332356029429,0.7802510039881254,0.8997554142682156,0.7768641188246541,0.7011282559135202,0.8898545029104222,0.9050206788680298,0.8372522173318299],[0.9993713032106435,0.9993793148893413,0.9993713032106435,0.9954754404722125,0.9954754404722125,0.981097436055578,0.981097436055578,0.9524642909030812,0.9524642909030812,0.5643528470225523,0.9952657201118672,0.5635507561247286,0.8714720342652786,0.9833082605081632,0.9954076164371967,0.9801802686145812,1.0,0.9178974697074824,0.9178974697074824,0.8558505779322974,-0.12212716507321085,0.9907160239517935,0.8951679984410545,-0.5357366655373106,0.5895558206857742,0.8759124653181538,0.8720312402980305,0.9399381762878123,0.8723489808884204,0.8091714520243564,0.9379811714170623,0.854753818954498,0.7217155844732879,0.9013388825671926,0.9695078224768785,0.8822967333146493],[0.9068259451961997,0.9070691017563012,0.9068259451961997,0.87725335064963,0.87725335064963,0.9152525365579021,0.9152525365579021,0.9698658593807111,0.9698658593807111,0.763118100673882,0.8874847852124196,0.7525723525361309,0.7349895904238409,0.8392001475151072,0.8890044706143952,0.9189119753384868,0.9178974697074824,1.0,1.0,0.7604804782863018,-0.10361571423502841,0.8501444373833051,0.6283966624455858,-0.27445800308169277,-0.1482696230436083,0.8511386413857074,0.6729403049969525,0.8260239202035086,0.9148183816340208,0.8466598515817605,0.8173758078084687,0.7711869718374619,0.6936238772233653,0.8651763292840497,0.8072257271998216,0.8700596936213217],[0.9068259451961997,0.9070691017563012,0.9068259451961997,0.87725335064963,0.87725335064963,0.9152525365579021,0.9152525365579021,0.9698658593807111,0.9698658593807111,0.763118100673882,0.8874847852124196,0.7525723525361309,0.7349895904238409,0.8392001475151072,0.8890044706143952,0.9189119753384868,0.9178974697074824,1.0,1.0,0.7604804782863018,-0.10361571423502841,0.8501444373833051,0.6283966624455858,-0.27445800308169277,-0.1482696230436083,0.8511386413857074,0.6729403049969525,0.8260239202035086,0.9148183816340208,0.8466598515817605,0.8173758078084687,0.7711869718374619,0.6936238772233653,0.8651763292840497,0.8072257271998216,0.8700596936213217],[0.7547105321853903,0.769779030205815,0.7547105321853903,0.7202679044615876,0.7202679044615876,0.6543544535258221,0.6543544535258221,0.6196513282834627,0.6196513282834627,0.6821018038423544,0.8376275455545323,0.6306964268087267,0.6355751136473248,0.8243768882206111,0.8384661207371211,0.7040283851269715,0.8558505779322974,0.7604804782863018,0.7604804782863018,1.0,0.0037006208895571436,0.6863144796697446,-0.2753410928241166,0.25328438024304306,-0.6292030207769083,0.4013046752200253,0.5591153590208996,0.510049294467541,0.8456856169538377,0.713759350450394,0.21773506530151857,0.35252902532324804,0.5760585283845895,0.7924617114832482,0.5144179688593815,-0.0754555551276182],[-0.2161847883503683,-0.012202028562348963,-0.2161847883503683,-0.2222959861884608,-0.2222959861884608,-0.178580665402957,-0.178580665402957,-0.06214840971427783,-0.06214840971427783,-0.10057972341872343,-0.13995376840465812,0.030590374619577615,-0.1163589327019765,-0.24683640151870445,-0.1404289212530997,-0.16904401999481652,-0.12212716507321085,-0.10361571423502841,-0.10361571423502841,0.0037006208895571436,1.0,-0.1495943013197092,0.06960879637724664,0.18910663770155006,0.7301770633684667,-0.12915620243653012,-0.12167871315755112,-0.09082468384108776,0.12128009684954678,-0.04454545781153916,-0.04882632697396586,0.2681142697892228,0.5442575836332229,-0.16880358846752233,0.0319202815702591,0.10546877101916373],[0.9834415702068744,0.9774639514242051,0.9834415702068744,0.9936578619357687,0.9936578619357687,0.9550917372951566,0.9550917372951566,0.8791360610971776,0.8791360610971776,0.6187436930335516,0.9972653523852844,0.5578522544293839,0.8746111654665948,0.9823667205058673,0.997145479559014,0.957332434267608,0.9907160239517935,0.8501444373833051,0.8501444373833051,0.6863144796697446,-0.1495943013197092,1.0,0.23879190605982661,-0.2740615867019548,-0.21723127724049832,0.7181588396079697,0.9073599859764456,0.9091051090956799,0.8044389760607775,0.7366088189944419,0.726401366926031,0.6067104312372054,0.4829703073698644,0.8817981803709638,0.7628481360287336,0.3128123552419935],[0.3016277552918095,0.052999300108690854,0.3016277552918095,0.3291554415648574,0.3291554415648574,0.422800180067108,0.422800180067108,0.6237467157956118,0.6237467157956118,0.04217439721694488,0.9117925748645063,0.37147997190067156,0.8214433318869523,0.8954096366081178,0.911984162593909,0.7337567868318705,0.8951679984410545,0.6283966624455858,0.6283966624455858,-0.2753410928241166,0.06960879637724664,0.23879190605982661,1.0,-0.48904590810372445,0.6769078223488474,0.4384765689608908,0.27246193894864107,0.4131604629163004,-0.01659661453124965,0.15851499548698025,0.6434237279044811,0.5189002456654457,0.2229572369141226,0.12051726714281635,0.4595114460999729,0.5119715907209549],[-0.19600033744021372,-0.19136012199123834,-0.19600033744021372,-0.228763946118798,-0.228763946118798,-0.3532828186645296,-0.3532828186645296,-0.3861430061563184,-0.3861430061563184,0.04542889736855083,-0.545672909670841,-0.16167259718480417,-0.6350098322204807,-0.732497226924761,-0.5431465227256911,-0.48010746082225575,-0.5357366655373106,-0.27445800308169277,-0.27445800308169277,0.25328438024304306,0.18910663770155006,-0.2740615867019548,-0.48904590810372445,1.0,-0.0305124755230142,-0.22700763339158597,-0.2591883964769809,-0.3394961376280488,-0.09901514819478624,-0.130165027360881,-0.5749900755034999,-0.24339615306067688,-0.049409581440141695,-0.11846427258547723,-0.2897967154704923,-0.43916759633041497],[-0.18914331407791746,-0.18549993000728762,-0.18914331407791746,-0.1813678601054991,-0.1813678601054991,-0.08754055669659815,-0.08754055669659815,0.026073257222131812,0.026073257222131812,-0.24107990627851478,0.5934219472696647,-0.22233294909731416,0.6599483625171209,0.7178715633170042,0.5969838368355143,-0.08417421702212564,0.5895558206857742,-0.1482696230436083,-0.1482696230436083,-0.6292030207769083,0.7301770633684667,-0.21723127724049832,0.6769078223488474,-0.0305124755230142,1.0,-0.0770052693764675,-0.10127946537662581,-0.024733598640271484,-0.33349540922823995,-0.31085021095548165,0.06909401695342737,0.15850821856180464,0.26154102841895827,-0.3428501165642995,0.10643552701394587,0.09169716655436044],[0.8438486541613398,0.7111686566142177,0.8438486541613398,0.8316898496379136,0.8316898496379136,0.8951493668580931,0.8951493668580931,0.8259748323676236,0.8259748323676236,0.7151953091436573,0.8363262071487241,0.7298614441858191,0.7030844263045548,0.7716950319753637,0.8381568284554353,0.9056017833963461,0.8759124653181538,0.8511386413857074,0.8511386413857074,0.4013046752200253,-0.12915620243653012,0.7181588396079697,0.4384765689608908,-0.22700763339158597,-0.0770052693764675,1.0,0.6101951061673575,0.8627091658039507,0.5330247651585795,0.6483281559568064,0.6442268722688781,0.6675107046969113,0.4266371348662551,0.7382963890134001,0.7536369420595459,0.4743525512748625],[0.8819920733531876,0.8785600277553247,0.8819920733531876,0.9068686576687385,0.9068686576687385,0.8453535448979179,0.8453535448979179,0.7492648471720161,0.7492648471720161,0.3343718126291921,0.8937046468254509,0.2436773497982801,0.8612987458735057,0.9454258905324614,0.8930620261491763,0.8304145317633473,0.8720312402980305,0.6729403049969525,0.6729403049969525,0.5591153590208996,-0.12167871315755112,0.9073599859764456,0.27246193894864107,-0.2591883964769809,-0.10127946537662581,0.6101951061673575,1.0,0.8562521238689679,0.6221492883520953,0.5675122083193114,0.6711800519856229,0.4638013546991982,0.3739885203211939,0.7209216426164423,0.7093899098918565,0.28419864914175297],[0.9219314042427973,0.9050299043732983,0.9219314042427973,0.9261749381857759,0.9261749381857759,0.9294209118780516,0.9294209118780516,0.8817354530161301,0.8817354530161301,0.6110391049957049,0.9366292624844098,0.5649482595894282,0.862385671371657,0.9412940742634731,0.9360248932653396,0.9221198977580735,0.9399381762878123,0.8260239202035086,0.8260239202035086,0.510049294467541,-0.09082468384108776,0.9091051090956799,0.4131604629163004,-0.3394961376280488,-0.024733598640271484,0.8627091658039507,0.8562521238689679,1.0,0.7049985595120017,0.6036007843706651,0.7083847752806843,0.5857153730062937,0.4704109975978684,0.7966535816754943,0.868571994975345,0.3261444178834169],[0.8819602969842714,0.8779584062952056,0.8819602969842714,0.8528890181036086,0.8528890181036086,0.8685696109329992,0.8685696109329992,0.8470038787860182,0.8470038787860182,0.7942967822906345,0.8323960099788394,0.7606468502582208,0.6556352836356657,0.7361470211906412,0.8325742413838696,0.875332356029429,0.8723489808884204,0.9148183816340208,0.9148183816340208,0.8456856169538377,0.12128009684954678,0.8044389760607775,-0.01659661453124965,-0.09901514819478624,-0.33349540922823995,0.5330247651585795,0.6221492883520953,0.7049985595120017,1.0,0.9139286242024292,0.5903695022157335,0.7115982349148207,0.6705543095482881,0.8866527258192962,0.5566475903598318,0.3529550639091588],[0.7732487298904507,0.7794153894532045,0.7732487298904507,0.764249862986257,0.764249862986257,0.748942176761091,0.748942176761091,0.7708174558445378,0.7708174558445378,0.6655547674197426,0.7830189313320223,0.6807765657225884,0.5885729081226948,0.6509949259605012,0.7835890997711304,0.7802510039881254,0.8091714520243564,0.8466598515817605,0.8466598515817605,0.713759350450394,-0.04454545781153916,0.7366088189944419,0.15851499548698025,-0.130165027360881,-0.31085021095548165,0.6483281559568064,0.5675122083193114,0.6036007843706651,0.9139286242024292,1.0,0.6216590549423541,0.6962476945455534,0.6165235816295758,0.7574589926129442,0.6223527809463358,0.5148032500228077],[0.6948589372044061,0.6913167254108628,0.6948589372044061,0.7218058927486944,0.7218058927486944,0.8268204421096487,0.8268204421096487,0.9020199781258755,0.9020199781258755,0.3156996876948608,0.9450355947510309,0.4691875861846092,0.8479651758811042,0.9330564619047875,0.9450762071579261,0.8997554142682156,0.9379811714170623,0.8173758078084687,0.8173758078084687,0.21773506530151857,-0.04882632697396586,0.726401366926031,0.6434237279044811,-0.5749900755034999,0.06909401695342737,0.6442268722688781,0.6711800519856229,0.7083847752806843,0.5903695022157335,0.6216590549423541,1.0,0.7424342904776187,0.3857068561098545,0.594159066313745,0.710102381626272,0.760737190174112],[0.6472540535463809,0.6447204776024639,0.6472540535463809,0.6328878334297918,0.6328878334297918,0.7338694722720507,0.7338694722720507,0.7843005702970978,0.7843005702970978,0.5201387419004673,0.8147855931380599,0.6752916378258799,0.6352644008700372,0.731498307332172,0.8152025618037291,0.7768641188246541,0.854753818954498,0.7711869718374619,0.7711869718374619,0.35252902532324804,0.2681142697892228,0.6067104312372054,0.5189002456654457,-0.24339615306067688,0.15850821856180464,0.6675107046969113,0.4638013546991982,0.5857153730062937,0.7115982349148207,0.6962476945455534,0.7424342904776187,1.0,0.7786459209525091,0.5456620235978826,0.7248537622386554,0.5813374077029821],[0.579400748286107,0.6023751398146089,0.579400748286107,0.5412288612171895,0.5412288612171895,0.646874634959999,0.646874634959999,0.6815180090406283,0.6815180090406283,0.5622411452784263,0.6670534097194457,0.6748755435518459,0.48156257277880676,0.5004324629440106,0.6673284020656183,0.7011282559135202,0.7217155844732879,0.6936238772233653,0.6936238772233653,0.5760585283845895,0.5442575836332229,0.4829703073698644,0.2229572369141226,-0.049409581440141695,0.26154102841895827,0.4266371348662551,0.3739885203211939,0.4704109975978684,0.6705543095482881,0.6165235816295758,0.3857068561098545,0.7786459209525091,1.0,0.5008061818360017,0.6313925819056655,0.22727165434037291],[0.9184086379612119,0.9177970742775708,0.9184086379612119,0.8987288443250327,0.8987288443250327,0.8683839727337879,0.8683839727337879,0.8230435429324969,0.8230435429324969,0.7541603063670718,0.8807510706961006,0.6995662535092058,0.7498133504524274,0.8365493361747703,0.8811576076033506,0.8898545029104222,0.9013388825671926,0.8651763292840497,0.8651763292840497,0.7924617114832482,-0.16880358846752233,0.8817981803709638,0.12051726714281635,-0.11846427258547723,-0.3428501165642995,0.7382963890134001,0.7209216426164423,0.7966535816754943,0.8866527258192962,0.7574589926129442,0.594159066313745,0.5456620235978826,0.5008061818360017,1.0,0.7720330510213735,0.2597689218491113],[0.8863769447424548,0.77684240763687,0.8863769447424548,0.880304902258605,0.880304902258605,0.9068833354316829,0.9068833354316829,0.8855695290173753,0.8855695290173753,0.5676330797868551,0.9625237883541562,0.5291987898537469,0.8575047294466672,0.9569457487064246,0.9629023400928642,0.9050206788680298,0.9695078224768785,0.8072257271998216,0.8072257271998216,0.5144179688593815,0.0319202815702591,0.7628481360287336,0.4595114460999729,-0.2897967154704923,0.10643552701394587,0.7536369420595459,0.7093899098918565,0.868571994975345,0.5566475903598318,0.6223527809463358,0.710102381626272,0.7248537622386554,0.6313925819056655,0.7720330510213735,1.0,0.30216117779851726],[0.3095332979752198,0.30970728443690937,0.3095332979752198,0.3247096523613225,0.3247096523613225,0.5553737759767712,0.5553737759767712,0.839933274335004,0.839933274335004,0.17027789889045652,0.8459580535871554,0.5880354797693613,0.7738204504474878,0.8413521094820346,0.8474049449803814,0.8372522173318299,0.8822967333146493,0.8700596936213217,0.8700596936213217,-0.0754555551276182,0.10546877101916373,0.3128123552419935,0.5119715907209549,-0.43916759633041497,0.09169716655436044,0.4743525512748625,0.28419864914175297,0.3261444178834169,0.3529550639091588,0.5148032500228077,0.760737190174112,0.5813374077029821,0.22727165434037291,0.2597689218491113,0.30216117779851726,1.0]],"x":["^TAIEX       \u81fa\u7063\u52a0\u6b0a\u5831\u916c\u6307\u6578","^TWII        \u81fa\u7063\u52a0\u6b0a\u6307\u6578","^TAIEXx2     \u81fa\u7063\u52a0\u6b0a\u5831\u916c\u6307\u6578_\u65e5\u6b632","^TAI50I      \u81fa\u706350\u5831\u916c\u6307\u6578","^TAI50Ix2    \u81fa\u706350\u5831\u916c\u6307\u6578_\u65e5\u6b632","^TAI100I     \u81fa\u7063\u4e2d\u578b100\u5831\u916c\u6307\u6578","^TAI100Ix2   \u81fa\u7063\u4e2d\u578b100\u5831\u916c\u6307\u6578_\u65e5\u6b632","^TAIDIVIDI   \u81fa\u7063\u9ad8\u80a1\u606f\u5831\u916c\u6307\u6578","^TAIDIVIDIx2 \u81fa\u7063\u9ad8\u80a1\u606f\u5831\u916c\u6307\u6578_\u65e5\u6b632","0050Fund     \u5143\u5927\u53f0\u7063\u5353\u8d8a50\u57fa\u91d1","006208Fund   \u5bcc\u90a6\u53f0\u7063\u91c6\u540950\u57fa\u91d1","0050         \u5143\u5927\u81fa\u706350","00631L       \u5143\u5927\u53f0\u706350\u6b632","00675L       \u5bcc\u90a6\u81fa\u7063\u52a0\u6b0a\u6b632","006208       \u5bcc\u90a6\u53f050","0051         \u5143\u5927\u4e2d\u578b100","006204       \u6c38\u8c50\u81fa\u7063\u52a0\u6b0a","0056         \u5143\u5927\u9ad8\u80a1\u606f","0056         \u5143\u5927\u9ad8\u80a1\u606f_\u80a1\u606f\u4e0d\u6295\u5165","2412         \u4e2d\u83ef\u96fb\u4fe1","2002         \u4e2d\u92fc","2330         \u53f0\u7a4d\u96fb","2317         \u9d3b\u6d77","6505         \u53f0\u5851\u77f3\u5316","3481         \u7fa4\u5275","2303         \u806f\u96fb","2308         \u53f0\u9054\u96fb","2454         \u806f\u767c\u79d1","2886         \u5146\u8c50\u91d1","2884         \u7389\u5c71\u91d1","2891         \u4e2d\u4fe1\u91d1","2892         \u7b2c\u4e00\u91d1","5880         \u5408\u5eab\u91d1","2881         \u5bcc\u90a6\u91d1","2885         \u5143\u5927\u91d1","2887         \u53f0\u65b0\u91d1"],"y":["^TAIEX       \u81fa\u7063\u52a0\u6b0a\u5831\u916c\u6307\u6578","^TWII        \u81fa\u7063\u52a0\u6b0a\u6307\u6578","^TAIEXx2     \u81fa\u7063\u52a0\u6b0a\u5831\u916c\u6307\u6578_\u65e5\u6b632","^TAI50I      \u81fa\u706350\u5831\u916c\u6307\u6578","^TAI50Ix2    \u81fa\u706350\u5831\u916c\u6307\u6578_\u65e5\u6b632","^TAI100I     \u81fa\u7063\u4e2d\u578b100\u5831\u916c\u6307\u6578","^TAI100Ix2   \u81fa\u7063\u4e2d\u578b100\u5831\u916c\u6307\u6578_\u65e5\u6b632","^TAIDIVIDI   \u81fa\u7063\u9ad8\u80a1\u606f\u5831\u916c\u6307\u6578","^TAIDIVIDIx2 \u81fa\u7063\u9ad8\u80a1\u606f\u5831\u916c\u6307\u6578_\u65e5\u6b632","0050Fund     \u5143\u5927\u53f0\u7063\u5353\u8d8a50\u57fa\u91d1","006208Fund   \u5bcc\u90a6\u53f0\u7063\u91c6\u540950\u57fa\u91d1","0050         \u5143\u5927\u81fa\u706350","00631L       \u5143\u5927\u53f0\u706350\u6b632","00675L       \u5bcc\u90a6\u81fa\u7063\u52a0\u6b0a\u6b632","006208       \u5bcc\u90a6\u53f050","0051         \u5143\u5927\u4e2d\u578b100","006204       \u6c38\u8c50\u81fa\u7063\u52a0\u6b0a","0056         \u5143\u5927\u9ad8\u80a1\u606f","0056         \u5143\u5927\u9ad8\u80a1\u606f_\u80a1\u606f\u4e0d\u6295\u5165","2412         \u4e2d\u83ef\u96fb\u4fe1","2002         \u4e2d\u92fc","2330         \u53f0\u7a4d\u96fb","2317         \u9d3b\u6d77","6505         \u53f0\u5851\u77f3\u5316","3481         \u7fa4\u5275","2303         \u806f\u96fb","2308         \u53f0\u9054\u96fb","2454         \u806f\u767c\u79d1","2886         \u5146\u8c50\u91d1","2884         \u7389\u5c71\u91d1","2891         \u4e2d\u4fe1\u91d1","2892         \u7b2c\u4e00\u91d1","5880         \u5408\u5eab\u91d1","2881         \u5bcc\u90a6\u91d1","2885         \u5143\u5927\u91d1","2887         \u53f0\u65b0\u91d1"],"zmin":-1,"zmax":1,"colorbar":{"x":-0.2}}],"layout":{"autotypenumbers":"strict","colorway":["#636efa","#EF553B","#00cc96","#ab63fa","#FFA15A","#19d3f3","#FF6692","#B6E880","#FF97FF","#FECB52"],"font":{"color":"#f2f5fa","family":"Courier New"},"hovermode":"closest","hoverlabel":{"align":"left"},"paper_bgcolor":"rgb(17,17,17)","plot_bgcolor":"rgb(17,17,17)","polar":{"bgcolor":"rgb(17,17,17)","angularaxis":{"gridcolor":"#506784","linecolor":"#506784","ticks":""},"radialaxis":{"gridcolor":"#506784","linecolor":"#506784","ticks":""}},"ternary":{"bgcolor":"rgb(17,17,17)","aaxis":{"gridcolor":"#506784","linecolor":"#506784","ticks":""},"baxis":{"gridcolor":"#506784","linecolor":"#506784","ticks":""},"caxis":{"gridcolor":"#506784","linecolor":"#506784","ticks":""}},"coloraxis":{"colorbar":{"outlinewidth":0,"ticks":""}},"colorscale":{"sequential":[[0.0,"#0d0887"],[0.1111111111111111,"#46039f"],[0.2222222222222222,"#7201a8"],[0.3333333333333333,"#9c179e"],[0.4444444444444444,"#bd3786"],[0.5555555555555556,"#d8576b"],[0.6666666666666666,"#ed7953"],[0.7777777777777778,"#fb9f3a"],[0.8888888888888888,"#fdca26"],[1.0,"#f0f921"]],"sequentialminus":[[0.0,"#0d0887"],[0.1111111111111111,"#46039f"],[0.2222222222222222,"#7201a8"],[0.3333333333333333,"#9c179e"],[0.4444444444444444,"#bd3786"],[0.5555555555555556,"#d8576b"],[0.6666666666666666,"#ed7953"],[0.7777777777777778,"#fb9f3a"],[0.8888888888888888,"#fdca26"],[1.0,"#f0f921"]],"diverging":[[0,"#8e0152"],[0.1,"#c51b7d"],[0.2,"#de77ae"],[0.3,"#f1b6da"],[0.4,"#fde0ef"],[0.5,"#f7f7f7"],[0.6,"#e6f5d0"],[0.7,"#b8e186"],[0.8,"#7fbc41"],[0.9,"#4d9221"],[1,"#276419"]]},"xaxis":{"gridcolor":"rgba(0, 0, 0, 0)","linecolor":"#506784","ticks":"","title":{"standoff":15},"zerolinecolor":"#283442","automargin":true,"zerolinewidth":2,"tickfont":{"family":"Courier New","size":14},"side":"top","tickangle":-90},"yaxis":{"gridcolor":"rgba(0, 0, 0, 0)","linecolor":"#506784","ticks":"","title":{"standoff":15},"zerolinecolor":"#283442","automargin":true,"zerolinewidth":2,"tickfont":{"family":"Courier New"},"side":"right"},"scene":{"xaxis":{"backgroundcolor":"rgb(17,17,17)","gridcolor":"#506784","linecolor":"#506784","showbackground":true,"ticks":"","zerolinecolor":"#C8D4E3","gridwidth":2},"yaxis":{"backgroundcolor":"rgb(17,17,17)","gridcolor":"#506784","linecolor":"#506784","showbackground":true,"ticks":"","zerolinecolor":"#C8D4E3","gridwidth":2},"zaxis":{"backgroundcolor":"rgb(17,17,17)","gridcolor":"#506784","linecolor":"#506784","showbackground":true,"ticks":"","zerolinecolor":"#C8D4E3","gridwidth":2}},"shapedefaults":{"line":{"color":"#f2f5fa"}},"annotationdefaults":{"arrowcolor":"#f2f5fa","arrowhead":0,"arrowwidth":1},"geo":{"bgcolor":"rgb(17,17,17)","landcolor":"rgb(17,17,17)","subunitcolor":"#506784","showland":true,"showlakes":true,"lakecolor":"rgb(17,17,17)"},"title":{"x":0.05,"font":{"family":"Times New Roman"},"y":0.05,"text":"<b>Correlation of Close<b><br><i>2016-09-23 ~ 2026-06-03<i>"},"updatemenudefaults":{"bgcolor":"#506784","borderwidth":0},"sliderdefaults":{"bgcolor":"#C8D4E3","borderwidth":1,"bordercolor":"rgb(17,17,17)","tickwidth":0},"mapbox":{"style":"dark"},"annotations":[{"text":"<b>@zwindr<b>","textangle":0,"opacity":0.5,"font":{"color":"white","size":12},"xref":"paper","yref":"paper","xanchor":"left","yanchor":"bottom","x":1.0,"y":1.0,"showarrow":false}]},"config":{"responsive":true,"toImageButtonOptions":{"filename":"Correlation of Close_2016-09-23~2026-06-03","scale":5}}};Plotly.newPlot("correlationClose",correlationClose.data,correlationClose.layout||{},correlationClose.config);}else{console.log("style display is none => correlationClose");}