var element=document.getElementById("correlationAdjClose");if(element.style.display!='none'){var correlationAdjClose={"data":[{"type":"heatmap","z":[[1.0,0.9959778743207152,0.9662917008209756,0.9965341052273318,0.9377446196756082,0.9868908185308439,0.9619586085686523,0.9834965392567305,0.9785217560077567,0.9966779522817354,0.9963637960861175,0.9967268756873792,0.936207433569771,0.9904388518371167,0.9964671268538933,0.9878052604573896,0.9997545729471051,0.9830045117484993,0.8909985851007115,0.9059638289528676,0.6357240896903682,0.9840761159773341,0.9423563668945627,0.30775626234544373,-0.25865928209254935,0.9068437492523589,0.9042970849263584,0.9668048899524204,0.9601251328797531,0.9574596411838788,0.9830492970037287,0.9586545720390638,0.9213276730308416,0.9789380566783297,0.9801769359093649,0.9623853392549858],[0.9959778743207152,1.0,0.9661726278785137,0.9929469863398156,0.9380564983851107,0.9834669808771351,0.9599547013015749,0.9754591913635288,0.9730988854830895,0.9940560076546017,0.9956744751889731,0.9952571341237493,0.934246571856617,0.9905865581487305,0.9957370259275187,0.9834929698032548,0.9979183397281332,0.9770462150499307,0.9059831681984793,0.8960157141309303,0.6610508627646967,0.9726913694853644,0.9262439427435377,0.3063595164249153,-0.19748137725097248,0.8880638925395805,0.9047833169420696,0.9659030774628714,0.9430807910981791,0.9462149899618115,0.9759063068332555,0.9455339695645335,0.9207643721143848,0.9704549150862548,0.973158447963274,0.9576836728899589],[0.9662917008209756,0.9661726278785137,1.0,0.9806063134745081,0.9937346378050109,0.9606280201309519,0.9791348632831905,0.927645269216087,0.9590870490714154,0.980515065719436,0.98734894085176,0.9841880996658816,0.9157261983960486,0.9970702119908841,0.9871485926893412,0.9579705051199181,0.9778112185934686,0.9271202708677452,0.820837155166987,0.7845313719862812,0.47482833454174966,0.9907939245671005,0.919430151072258,0.1333005694176012,-0.169107360998796,0.8660266062092177,0.956451133646143,0.9560191034247594,0.8654938301603491,0.8729381005104854,0.9601434806477412,0.8680524332816327,0.8282722630339341,0.9304370009197526,0.9657127953624873,0.9109050478635161],[0.9965341052273318,0.9929469863398156,0.9806063134745081,1.0,0.9599302157967096,0.9783948012590422,0.9627285768816496,0.9701820424136903,0.9727180170473969,0.999977503728043,0.9999940207788584,0.9999705843476429,0.9328761072011813,0.9932278952052811,0.9999615196636317,0.97674862126209,0.9960308198113108,0.9692826004245381,0.8677100498280352,0.8808587694560693,0.5894004106251879,0.9945055400195937,0.943396703102383,0.26967087080401825,-0.2422164257097338,0.8945437732378668,0.9256243559024464,0.9675057714692185,0.9394569681661376,0.9442840380324964,0.9841019732828807,0.9388990947518544,0.897219957611826,0.970688969039193,0.9785019743870632,0.9505201848889037],[0.9377446196756082,0.9380564983851107,0.9937346378050109,0.9599302157967096,1.0,0.9252601949725283,0.955593432850598,0.8865190076231604,0.9262781819372957,0.9602869133789039,0.9705378063069086,0.9663159134757238,0.8899135589255686,0.9823304316952292,0.9701738236729491,0.9215867900579305,0.951786641103323,0.8856717771183451,0.7710062185646783,0.7367979530552667,0.4131471159937486,0.9780949658964687,0.896893219822444,0.09552025507706607,-0.1495031521760822,0.8204639093700791,0.9687638042298617,0.9279236545741141,0.8151783798360336,0.8311070824225796,0.9365334208699535,0.8196079795289763,0.7720352529785455,0.8942207289918309,0.9379041805577277,0.8712276934919875],[0.9868908185308439,0.9834669808771351,0.9606280201309519,0.9783948012590422,0.9252601949725283,1.0,0.9824778868676507,0.9811684667373282,0.9856321868624514,0.9779785674352081,0.9726288804120709,0.9759196560985286,0.9212094844232852,0.9643152773938877,0.9726184089066852,0.9999160614623179,0.9886322560977598,0.9818866441315269,0.8981260252965232,0.8696797110597861,0.6058365799856754,0.968716198641739,0.9196331516010984,0.1950152756491731,-0.19317458370182553,0.9356226471263797,0.8790333370753802,0.9704339757463982,0.9482449519283569,0.9340496791208989,0.9659495015188291,0.9479346192100288,0.9352061827021185,0.9640129567028021,0.9830569822356383,0.9648354634014289],[0.9619586085686523,0.9599547013015749,0.9791348632831905,0.9627285768816496,0.955593432850598,0.9824778868676507,1.0,0.9470061635020965,0.981355328967699,0.9617457523079779,0.9702393344103856,0.9670894709841599,0.918179067020817,0.9798921590940779,0.9699223377048521,0.9836160065398311,0.9778173928149791,0.9491837308061667,0.8530843990425409,0.7862157854904389,0.4862889165206977,0.9663182292926611,0.9163889659196769,0.06159317928233031,-0.13068274071880764,0.8932301754536287,0.9070789582450958,0.9629410210017394,0.8826757855008825,0.8680607457139257,0.950400546146745,0.8831824448397884,0.8727410411737949,0.9313175783913508,0.974880987616288,0.9238683752168236],[0.9834965392567305,0.9754591913635288,0.927645269216087,0.9701820424136903,0.8865190076231604,0.9811684667373282,0.9470061635020965,1.0,0.9840540009380866,0.9701486842343953,0.9642088388447596,0.9689555673124086,0.9185727651128598,0.9421345111242097,0.9647016264366319,0.9830599715634829,0.979955620873949,0.9998953641614995,0.9306858449105863,0.9323208976496625,0.5889603688356979,0.9533135890327349,0.9121101596450438,0.17223527569731953,-0.28568636015179,0.917086616272929,0.8239322655399256,0.9502929664223299,0.9770087869321897,0.9607228677465874,0.9669189767085283,0.9672809376713665,0.935084024715519,0.9678999464436229,0.9595206071300875,0.9712416127366963],[0.9785217560077567,0.9730988854830895,0.9590870490714154,0.9727180170473969,0.9262781819372957,0.9856321868624514,0.981355328967699,0.9840540009380866,1.0,0.9721385015463446,0.9670964764513231,0.9706408435621329,0.9237622659850737,0.95457019421829,0.9670970205175495,0.9848638372481211,0.977111856902528,0.983445697767969,0.9022976697655102,0.8671082412831609,0.4996696602042912,0.9667025731014443,0.9307769778452263,0.03471417441536365,-0.20658582359411343,0.8968414581644413,0.8563070922914382,0.9709449976868847,0.9328783046452537,0.9119402904663978,0.9682764895704968,0.9241099708121833,0.8961862079093831,0.9581574945004601,0.9769526066941372,0.9407160371291833],[0.9966779522817354,0.9940560076546017,0.980515065719436,0.999977503728043,0.9602869133789039,0.9779785674352081,0.9617457523079779,0.9701486842343953,0.9721385015463446,1.0,0.9999931794643473,0.9999852713104246,0.9326113310648736,0.993241215263108,0.9999639991598891,0.9763305554795927,0.9959240793350463,0.9693341636772429,0.8691886448994552,0.8821558561114086,0.5841769005263698,0.9947174451090128,0.943665357858799,0.2741671760753906,-0.24167018907570498,0.8946810493238798,0.9244197077798115,0.9663444671719822,0.938913987318324,0.9433046245125251,0.9834670574839459,0.9381574081829143,0.8957590948446542,0.9698507233191492,0.97781322079823,0.949513696415515],[0.9963637960861175,0.9956744751889731,0.98734894085176,0.9999940207788584,0.9705378063069086,0.9726288804120709,0.9702393344103856,0.9642088388447596,0.9670964764513231,0.9999931794643473,1.0,0.9999788255233564,0.9327856076071984,0.9932637114361768,0.9999660692314626,0.9720243585643857,0.9957662960658682,0.9645410246672542,0.8848286173739178,0.9115659500917165,0.4320055439406507,0.9975663684053766,0.9324729281419535,-0.20054259565579904,0.5063641255788603,0.8843687084767783,0.9068726760930711,0.9649162592280538,0.9232097659919785,0.9251491662765529,0.9780230973562167,0.9144261863307637,0.8604985270376684,0.9592781660884753,0.9841878965607005,0.9476265011454519],[0.9967268756873792,0.9952571341237493,0.9841880996658816,0.9999705843476429,0.9663159134757238,0.9759196560985286,0.9670894709841599,0.9689555673124086,0.9706408435621329,0.9999852713104246,0.9999788255233564,1.0,0.932692089273541,0.9931874917015555,0.9999739618856117,0.9755154121757487,0.9958532583606334,0.9688078983628349,0.8763440429420668,0.9000760370894373,0.5109630163626757,0.996631579173261,0.9417361745495441,0.0050062077833616546,-0.10825012324347902,0.9007436277997463,0.9151304807325278,0.9619021412628336,0.9304009391188828,0.9329745555035543,0.980957756120019,0.9274020214923238,0.8854562449269666,0.965910659259938,0.9777924405956502,0.9517021589112561],[0.936207433569771,0.934246571856617,0.9157261983960486,0.9328761072011813,0.8899135589255686,0.9212094844232852,0.918179067020817,0.9185727651128598,0.9237622659850737,0.9326113310648736,0.9327856076071984,0.932692089273541,1.0,0.915784683193384,0.9327911258847249,0.9209496002852386,0.9367830594278039,0.9189696007076196,0.8423429688303848,0.8728024386348765,0.3559715627307605,0.9271167478034544,0.8985465418158833,-0.4245486002026065,0.4691871229182838,0.8362802666519006,0.7980143142396529,0.9261108831708099,0.8803227597542953,0.871366697766352,0.9116968798632097,0.8678996576589301,0.8077801479024718,0.9235309101514525,0.9235693854008992,0.8917494167974394],[0.9904388518371167,0.9905865581487305,0.9970702119908841,0.9932278952052811,0.9823304316952292,0.9643152773938877,0.9798921590940779,0.9421345111242097,0.95457019421829,0.993241215263108,0.9932637114361768,0.9931874917015555,0.915784683193384,1.0,0.9932408535667206,0.9635712034045355,0.9908517792880635,0.9425127417812281,0.8384105130661106,0.9013449348636934,0.18304745858443183,0.9903455415731606,0.9120577344462624,-0.7210888401903961,0.5158646226129077,0.8241111568929927,0.9299886908566513,0.948777117322484,0.8750740640937487,0.8800004596389993,0.9593423687713599,0.8795609590445811,0.7796262240363043,0.936152505948977,0.9740039615209627,0.9372122104137296],[0.9964671268538933,0.9957370259275187,0.9871485926893412,0.9999615196636317,0.9701738236729491,0.9726184089066852,0.9699223377048521,0.9647016264366319,0.9670970205175495,0.9999639991598891,0.9999660692314626,0.9999739618856117,0.9327911258847249,0.9932408535667206,1.0,0.9721443830138483,0.9958655106249867,0.9649481659778888,0.8855401154313068,0.9127340991680972,0.43467130480084376,0.9973767145553155,0.9326396799240788,-0.19729777229766335,0.5045232603997931,0.8846064054556273,0.9063492643172658,0.9645943612344364,0.9245234508901664,0.9262330417133108,0.9780024473560509,0.9157874138936105,0.8622444441858543,0.9598381420682857,0.9841738398882216,0.9481389277463551],[0.9878052604573896,0.9834929698032548,0.9579705051199181,0.97674862126209,0.9215867900579305,0.9999160614623179,0.9836160065398311,0.9830599715634829,0.9848638372481211,0.9763305554795927,0.9720243585643857,0.9755154121757487,0.9209496002852386,0.9635712034045355,0.9721443830138483,1.0,0.9884953018042782,0.9822730776644762,0.9010483078154159,0.8939612697754444,0.5861864750413028,0.9660635675824129,0.9150408695973271,0.045094528974249516,-0.15278931877877736,0.9409746740268622,0.8681110848040796,0.9679725470804194,0.9515709095638374,0.9318776669362505,0.9629893215185971,0.9494487737038985,0.9334364306597799,0.966191427234698,0.9821344371032396,0.9681702075818456],[0.9997545729471051,0.9979183397281332,0.9778112185934686,0.9960308198113108,0.951786641103323,0.9886322560977598,0.9778173928149791,0.979955620873949,0.977111856902528,0.9959240793350463,0.9957662960658682,0.9958532583606334,0.9367830594278039,0.9908517792880635,0.9958655106249867,0.9884953018042782,1.0,0.9802334129236736,0.9106452227431717,0.9279426869155771,0.5009018333333777,0.9886906924119665,0.9283377818408861,-0.14165253044566004,0.5190007549351056,0.9155345748573351,0.888295338606395,0.9704983557915553,0.9487261817709904,0.9402988927744951,0.9769515054486614,0.9399013607604086,0.9005548218684287,0.970750099798789,0.9896947623131926,0.9680462245048809],[0.9830045117484993,0.9770462150499307,0.9271202708677452,0.9692826004245381,0.8856717771183451,0.9818866441315269,0.9491837308061667,0.9998953641614995,0.983445697767969,0.9693341636772429,0.9645410246672542,0.9688078983628349,0.9189696007076196,0.9425127417812281,0.9649481659778888,0.9822730776644762,0.9802334129236736,1.0,0.9334180173790824,0.9384871332389872,0.5861511984327071,0.9515975095643121,0.914948832752286,0.13581484426122536,-0.2517064212567308,0.9210336556887535,0.8205222696718396,0.9500216166977467,0.9776658177664884,0.9602678870203485,0.9651583053009893,0.9662461128015651,0.9347590038610464,0.9671095892844226,0.9576435778081045,0.9719986991759989],[0.8909985851007115,0.9059831681984793,0.820837155166987,0.8677100498280352,0.7710062185646783,0.8981260252965232,0.8530843990425409,0.9306858449105863,0.9022976697655102,0.8691886448994552,0.8848286173739178,0.8763440429420668,0.8423429688303848,0.8384105130661106,0.8855401154313068,0.9010483078154159,0.9106452227431717,0.9334180173790824,1.0,0.8410435222760057,0.6718347887546072,0.8365929088987724,0.8160264370022822,0.22567668510855618,-0.14280474869579687,0.8680251922328315,0.6936517165581455,0.8598902397719197,0.8998922463728093,0.8696255738438292,0.8531447876676721,0.8811212408927533,0.865922376769931,0.8636694276581155,0.8689145874467489,0.8977716887866815],[0.9059638289528676,0.8960157141309303,0.7845313719862812,0.8808587694560693,0.7367979530552667,0.8696797110597861,0.7862157854904389,0.9323208976496625,0.8671082412831609,0.8821558561114086,0.9115659500917165,0.9000760370894373,0.8728024386348765,0.9013449348636934,0.9127340991680972,0.8939612697754444,0.9279426869155771,0.9384871332389872,0.8410435222760057,1.0,0.8128430505539866,0.8280870148073723,0.8684080891867302,0.6050635866686644,-0.5029562816049262,0.7357666469199463,0.7442103038677454,0.8179707502049504,0.9618528896050345,0.9408144972752549,0.8874438303275566,0.9501268955735199,0.9064440654441153,0.9023791681131318,0.8448570453557537,0.8858519175370463],[0.6357240896903682,0.6610508627646967,0.47482833454174966,0.5894004106251879,0.4131471159937486,0.6058365799856754,0.4862889165206977,0.5889603688356979,0.4996696602042912,0.5841769005263698,0.4320055439406507,0.5109630163626757,0.3559715627307605,0.18304745858443183,0.43467130480084376,0.5861864750413028,0.5009018333333777,0.5861511984327071,0.6718347887546072,0.8128430505539866,1.0,0.5256300856220661,0.6573070272813328,0.7219273839921749,-0.11568040054576094,0.5228003323260164,0.47243578654346796,0.5732195021033039,0.7576452421813888,0.681540891188379,0.57441988383117,0.7170793010272872,0.7434263492701542,0.6341088450124275,0.5856878157367976,0.6427402653326467],[0.9840761159773341,0.9726913694853644,0.9907939245671005,0.9945055400195937,0.9780949658964687,0.968716198641739,0.9663182292926611,0.9533135890327349,0.9667025731014443,0.9947174451090128,0.9975663684053766,0.996631579173261,0.9271167478034544,0.9903455415731606,0.9973767145553155,0.9660635675824129,0.9886906924119665,0.9515975095643121,0.8365929088987724,0.8280870148073723,0.5256300856220661,1.0,0.9196339011969213,0.2008862731791154,-0.22890206224848694,0.874906182382137,0.9407558388154776,0.966475130716861,0.9007119966031074,0.9190929023761766,0.9751351337955273,0.909220379615385,0.8630385189526403,0.9546245703638073,0.9651895331729873,0.9295263416925393],[0.9423563668945627,0.9262439427435377,0.919430151072258,0.943396703102383,0.896893219822444,0.9196331516010984,0.9163889659196769,0.9121101596450438,0.9307769778452263,0.943665357858799,0.9324729281419535,0.9417361745495441,0.8985465418158833,0.9120577344462624,0.9326396799240788,0.9150408695973271,0.9283377818408861,0.914948832752286,0.8160264370022822,0.8684080891867302,0.6573070272813328,0.9196339011969213,1.0,0.2567512786045658,-0.16926867426024594,0.7505934878538542,0.8657843906325811,0.9133590421832816,0.900610561091846,0.871113490769936,0.9437256521736659,0.8801360714534551,0.8437489292881671,0.9392294915606203,0.900832653264695,0.8778382354384362],[0.30775626234544373,0.3063595164249153,0.1333005694176012,0.26967087080401825,0.09552025507706607,0.1950152756491731,0.06159317928233031,0.17223527569731953,0.03471417441536365,0.2741671760753906,-0.20054259565579904,0.0050062077833616546,-0.4245486002026065,-0.7210888401903961,-0.19729777229766335,0.045094528974249516,-0.14165253044566004,0.13581484426122536,0.22567668510855618,0.6050635866686644,0.7219273839921749,0.2008862731791154,0.2567512786045658,1.0,-0.3794463034174865,0.23561415543201727,0.15301848383212785,0.14126423857742323,0.4336927846326365,0.42013179494176917,0.2505866952148602,0.44507029793062236,0.3823805811248085,0.29265097533108697,0.20609560119005793,0.3240619415794578],[-0.25865928209254935,-0.19748137725097248,-0.169107360998796,-0.2422164257097338,-0.1495031521760822,-0.19317458370182553,-0.13068274071880764,-0.28568636015179,-0.20658582359411343,-0.24167018907570498,0.5063641255788603,-0.10825012324347902,0.4691871229182838,0.5158646226129077,0.5045232603997931,-0.15278931877877736,0.5190007549351056,-0.2517064212567308,-0.14280474869579687,-0.5029562816049262,-0.11568040054576094,-0.22890206224848694,-0.16926867426024594,-0.3794463034174865,1.0,-0.1444955068984382,-0.18009694359179576,-0.1616591351774507,-0.3700439608438033,-0.35474987828824334,-0.27626064767533154,-0.3274800554495689,-0.2026300270014697,-0.31701365990924846,-0.15795145511119338,-0.2857633099692872],[0.9068437492523589,0.8880638925395805,0.8660266062092177,0.8945437732378668,0.8204639093700791,0.9356226471263797,0.8932301754536287,0.917086616272929,0.8968414581644413,0.8946810493238798,0.8843687084767783,0.9007436277997463,0.8362802666519006,0.8241111568929927,0.8846064054556273,0.9409746740268622,0.9155345748573351,0.9210336556887535,0.8680251922328315,0.7357666469199463,0.5228003323260164,0.874906182382137,0.7505934878538542,0.23561415543201727,-0.1444955068984382,1.0,0.7536226512204561,0.898876938477814,0.8349073025444834,0.8786393711829199,0.8487716735514953,0.8839530120823368,0.8735616786870919,0.8759514215462891,0.8812355824838327,0.9108813545401445],[0.9042970849263584,0.9047833169420696,0.956451133646143,0.9256243559024464,0.9687638042298617,0.8790333370753802,0.9070789582450958,0.8239322655399256,0.8563070922914382,0.9244197077798115,0.9068726760930711,0.9151304807325278,0.7980143142396529,0.9299886908566513,0.9063492643172658,0.8681110848040796,0.888295338606395,0.8205222696718396,0.6936517165581455,0.7442103038677454,0.47243578654346796,0.9407558388154776,0.8657843906325811,0.15301848383212785,-0.18009694359179576,0.7536226512204561,1.0,0.8687901276231311,0.7930481431548019,0.803115511964546,0.8965375424511668,0.7909746628855626,0.7436033972643848,0.8550119052043154,0.8899351953266742,0.840254830577411],[0.9668048899524204,0.9659030774628714,0.9560191034247594,0.9675057714692185,0.9279236545741141,0.9704339757463982,0.9629410210017394,0.9502929664223299,0.9709449976868847,0.9663444671719822,0.9649162592280538,0.9619021412628336,0.9261108831708099,0.948777117322484,0.9645943612344364,0.9679725470804194,0.9704983557915553,0.9500216166977467,0.8598902397719197,0.8179707502049504,0.5732195021033039,0.966475130716861,0.9133590421832816,0.14126423857742323,-0.1616591351774507,0.898876938477814,0.8687901276231311,1.0,0.9082513531548706,0.9013161924646962,0.954366002042631,0.8981251830856936,0.8814439942552559,0.9545894443260802,0.9772255593858372,0.9113683981802893],[0.9601251328797531,0.9430807910981791,0.8654938301603491,0.9394569681661376,0.8151783798360336,0.9482449519283569,0.8826757855008825,0.9770087869321897,0.9328783046452537,0.938913987318324,0.9232097659919785,0.9304009391188828,0.8803227597542953,0.8750740640937487,0.9245234508901664,0.9515709095638374,0.9487261817709904,0.9776658177664884,0.8998922463728093,0.9618528896050345,0.7576452421813888,0.9007119966031074,0.900610561091846,0.4336927846326365,-0.3700439608438033,0.8349073025444834,0.7930481431548019,0.9082513531548706,1.0,0.9867697929722411,0.9467002078805843,0.9911525680373873,0.9560887277735287,0.9591076350315805,0.9061069769361662,0.961922337138231],[0.9574596411838788,0.9462149899618115,0.8729381005104854,0.9442840380324964,0.8311070824225796,0.9340496791208989,0.8680607457139257,0.9607228677465874,0.9119402904663978,0.9433046245125251,0.9251491662765529,0.9329745555035543,0.871366697766352,0.8800004596389993,0.9262330417133108,0.9318776669362505,0.9402988927744951,0.9602678870203485,0.8696255738438292,0.9408144972752549,0.681540891188379,0.9190929023761766,0.871113490769936,0.42013179494176917,-0.35474987828824334,0.8786393711829199,0.803115511964546,0.9013161924646962,0.9867697929722411,1.0,0.9457564810873131,0.9855729319416935,0.9567101767821725,0.9456114849636587,0.9224890661126677,0.9633018962230249],[0.9830492970037287,0.9759063068332555,0.9601434806477412,0.9841019732828807,0.9365334208699535,0.9659495015188291,0.950400546146745,0.9669189767085283,0.9682764895704968,0.9834670574839459,0.9780230973562167,0.980957756120019,0.9116968798632097,0.9593423687713599,0.9780024473560509,0.9629893215185971,0.9769515054486614,0.9651583053009893,0.8531447876676721,0.8874438303275566,0.57441988383117,0.9751351337955273,0.9437256521736659,0.2505866952148602,-0.27626064767533154,0.8487716735514953,0.8965375424511668,0.954366002042631,0.9467002078805843,0.9457564810873131,1.0,0.9422705145276657,0.8966354550651389,0.9757885683441249,0.9705764941327883,0.9516457711643254],[0.9586545720390638,0.9455339695645335,0.8680524332816327,0.9388990947518544,0.8196079795289763,0.9479346192100288,0.8831824448397884,0.9672809376713665,0.9241099708121833,0.9381574081829143,0.9144261863307637,0.9274020214923238,0.8678996576589301,0.8795609590445811,0.9157874138936105,0.9494487737038985,0.9399013607604086,0.9662461128015651,0.8811212408927533,0.9501268955735199,0.7170793010272872,0.909220379615385,0.8801360714534551,0.44507029793062236,-0.3274800554495689,0.8839530120823368,0.7909746628855626,0.8981251830856936,0.9911525680373873,0.9855729319416935,0.9422705145276657,1.0,0.9744878551861638,0.9493868585082651,0.9301321775464987,0.9611886209113427],[0.9213276730308416,0.9207643721143848,0.8282722630339341,0.897219957611826,0.7720352529785455,0.9352061827021185,0.8727410411737949,0.935084024715519,0.8961862079093831,0.8957590948446542,0.8604985270376684,0.8854562449269666,0.8077801479024718,0.7796262240363043,0.8622444441858543,0.9334364306597799,0.9005548218684287,0.9347590038610464,0.865922376769931,0.9064440654441153,0.7434263492701542,0.8630385189526403,0.8437489292881671,0.3823805811248085,-0.2026300270014697,0.8735616786870919,0.7436033972643848,0.8814439942552559,0.9560887277735287,0.9567101767821725,0.8966354550651389,0.9744878551861638,1.0,0.9075357924861879,0.9103734768720528,0.944007105829947],[0.9789380566783297,0.9704549150862548,0.9304370009197526,0.970688969039193,0.8942207289918309,0.9640129567028021,0.9313175783913508,0.9678999464436229,0.9581574945004601,0.9698507233191492,0.9592781660884753,0.965910659259938,0.9235309101514525,0.936152505948977,0.9598381420682857,0.966191427234698,0.970750099798789,0.9671095892844226,0.8636694276581155,0.9023791681131318,0.6341088450124275,0.9546245703638073,0.9392294915606203,0.29265097533108697,-0.31701365990924846,0.8759514215462891,0.8550119052043154,0.9545894443260802,0.9591076350315805,0.9456114849636587,0.9757885683441249,0.9493868585082651,0.9075357924861879,1.0,0.9593378520093211,0.9500573105067925],[0.9801769359093649,0.973158447963274,0.9657127953624873,0.9785019743870632,0.9379041805577277,0.9830569822356383,0.974880987616288,0.9595206071300875,0.9769526066941372,0.97781322079823,0.9841878965607005,0.9777924405956502,0.9235693854008992,0.9740039615209627,0.9841738398882216,0.9821344371032396,0.9896947623131926,0.9576435778081045,0.8689145874467489,0.8448570453557537,0.5856878157367976,0.9651895331729873,0.900832653264695,0.20609560119005793,-0.15795145511119338,0.8812355824838327,0.8899351953266742,0.9772255593858372,0.9061069769361662,0.9224890661126677,0.9705764941327883,0.9301321775464987,0.9103734768720528,0.9593378520093211,1.0,0.9352760438256478],[0.9623853392549858,0.9576836728899589,0.9109050478635161,0.9505201848889037,0.8712276934919875,0.9648354634014289,0.9238683752168236,0.9712416127366963,0.9407160371291833,0.949513696415515,0.9476265011454519,0.9517021589112561,0.8917494167974394,0.9372122104137296,0.9481389277463551,0.9681702075818456,0.9680462245048809,0.9719986991759989,0.8977716887866815,0.8858519175370463,0.6427402653326467,0.9295263416925393,0.8778382354384362,0.3240619415794578,-0.2857633099692872,0.9108813545401445,0.840254830577411,0.9113683981802893,0.961922337138231,0.9633018962230249,0.9516457711643254,0.9611886209113427,0.944007105829947,0.9500573105067925,0.9352760438256478,1.0]],"x":["^TAIEX       \u81fa\u7063\u52a0\u6b0a\u5831\u916c\u6307\u6578","^TWII        \u81fa\u7063\u52a0\u6b0a\u6307\u6578","^TAIEXx2     \u81fa\u7063\u52a0\u6b0a\u5831\u916c\u6307\u6578_\u65e5\u6b632","^TAI50I      \u81fa\u706350\u5831\u916c\u6307\u6578","^TAI50Ix2    \u81fa\u706350\u5831\u916c\u6307\u6578_\u65e5\u6b632","^TAI100I     \u81fa\u7063\u4e2d\u578b100\u5831\u916c\u6307\u6578","^TAI100Ix2   \u81fa\u7063\u4e2d\u578b100\u5831\u916c\u6307\u6578_\u65e5\u6b632","^TAIDIVIDI   \u81fa\u7063\u9ad8\u80a1\u606f\u5831\u916c\u6307\u6578","^TAIDIVIDIx2 \u81fa\u7063\u9ad8\u80a1\u606f\u5831\u916c\u6307\u6578_\u65e5\u6b632","0050Fund     \u5143\u5927\u53f0\u7063\u5353\u8d8a50\u57fa\u91d1","006208Fund   \u5bcc\u90a6\u53f0\u7063\u91c6\u540950\u57fa\u91d1","0050         \u5143\u5927\u81fa\u706350","00631L       \u5143\u5927\u53f0\u706350\u6b632","00675L       \u5bcc\u90a6\u81fa\u7063\u52a0\u6b0a\u6b632","006208       \u5bcc\u90a6\u53f050","0051         \u5143\u5927\u4e2d\u578b100","006204       \u6c38\u8c50\u81fa\u7063\u52a0\u6b0a","0056         \u5143\u5927\u9ad8\u80a1\u606f","0056         \u5143\u5927\u9ad8\u80a1\u606f_\u80a1\u606f\u4e0d\u6295\u5165","2412         \u4e2d\u83ef\u96fb\u4fe1","2002         \u4e2d\u92fc","2330         \u53f0\u7a4d\u96fb","2317         \u9d3b\u6d77","6505         \u53f0\u5851\u77f3\u5316","3481         \u7fa4\u5275","2303         \u806f\u96fb","2308         \u53f0\u9054\u96fb","2454         \u806f\u767c\u79d1","2886         \u5146\u8c50\u91d1","2884         \u7389\u5c71\u91d1","2891         \u4e2d\u4fe1\u91d1","2892         \u7b2c\u4e00\u91d1","5880         \u5408\u5eab\u91d1","2881         \u5bcc\u90a6\u91d1","2885         \u5143\u5927\u91d1","2887         \u53f0\u65b0\u91d1"],"y":["^TAIEX       \u81fa\u7063\u52a0\u6b0a\u5831\u916c\u6307\u6578","^TWII        \u81fa\u7063\u52a0\u6b0a\u6307\u6578","^TAIEXx2     \u81fa\u7063\u52a0\u6b0a\u5831\u916c\u6307\u6578_\u65e5\u6b632","^TAI50I      \u81fa\u706350\u5831\u916c\u6307\u6578","^TAI50Ix2    \u81fa\u706350\u5831\u916c\u6307\u6578_\u65e5\u6b632","^TAI100I     \u81fa\u7063\u4e2d\u578b100\u5831\u916c\u6307\u6578","^TAI100Ix2   \u81fa\u7063\u4e2d\u578b100\u5831\u916c\u6307\u6578_\u65e5\u6b632","^TAIDIVIDI   \u81fa\u7063\u9ad8\u80a1\u606f\u5831\u916c\u6307\u6578","^TAIDIVIDIx2 \u81fa\u7063\u9ad8\u80a1\u606f\u5831\u916c\u6307\u6578_\u65e5\u6b632","0050Fund     \u5143\u5927\u53f0\u7063\u5353\u8d8a50\u57fa\u91d1","006208Fund   \u5bcc\u90a6\u53f0\u7063\u91c6\u540950\u57fa\u91d1","0050         \u5143\u5927\u81fa\u706350","00631L       \u5143\u5927\u53f0\u706350\u6b632","00675L       \u5bcc\u90a6\u81fa\u7063\u52a0\u6b0a\u6b632","006208       \u5bcc\u90a6\u53f050","0051         \u5143\u5927\u4e2d\u578b100","006204       \u6c38\u8c50\u81fa\u7063\u52a0\u6b0a","0056         \u5143\u5927\u9ad8\u80a1\u606f","0056         \u5143\u5927\u9ad8\u80a1\u606f_\u80a1\u606f\u4e0d\u6295\u5165","2412         \u4e2d\u83ef\u96fb\u4fe1","2002         \u4e2d\u92fc","2330         \u53f0\u7a4d\u96fb","2317         \u9d3b\u6d77","6505         \u53f0\u5851\u77f3\u5316","3481         \u7fa4\u5275","2303         \u806f\u96fb","2308         \u53f0\u9054\u96fb","2454         \u806f\u767c\u79d1","2886         \u5146\u8c50\u91d1","2884         \u7389\u5c71\u91d1","2891         \u4e2d\u4fe1\u91d1","2892         \u7b2c\u4e00\u91d1","5880         \u5408\u5eab\u91d1","2881         \u5bcc\u90a6\u91d1","2885         \u5143\u5927\u91d1","2887         \u53f0\u65b0\u91d1"],"zmin":-1,"zmax":1,"colorbar":{"x":-0.2}}],"layout":{"autotypenumbers":"strict","colorway":["#636efa","#EF553B","#00cc96","#ab63fa","#FFA15A","#19d3f3","#FF6692","#B6E880","#FF97FF","#FECB52"],"font":{"color":"#f2f5fa","family":"Courier New"},"hovermode":"closest","hoverlabel":{"align":"left"},"paper_bgcolor":"rgb(17,17,17)","plot_bgcolor":"rgb(17,17,17)","polar":{"bgcolor":"rgb(17,17,17)","angularaxis":{"gridcolor":"#506784","linecolor":"#506784","ticks":""},"radialaxis":{"gridcolor":"#506784","linecolor":"#506784","ticks":""}},"ternary":{"bgcolor":"rgb(17,17,17)","aaxis":{"gridcolor":"#506784","linecolor":"#506784","ticks":""},"baxis":{"gridcolor":"#506784","linecolor":"#506784","ticks":""},"caxis":{"gridcolor":"#506784","linecolor":"#506784","ticks":""}},"coloraxis":{"colorbar":{"outlinewidth":0,"ticks":""}},"colorscale":{"sequential":[[0.0,"#0d0887"],[0.1111111111111111,"#46039f"],[0.2222222222222222,"#7201a8"],[0.3333333333333333,"#9c179e"],[0.4444444444444444,"#bd3786"],[0.5555555555555556,"#d8576b"],[0.6666666666666666,"#ed7953"],[0.7777777777777778,"#fb9f3a"],[0.8888888888888888,"#fdca26"],[1.0,"#f0f921"]],"sequentialminus":[[0.0,"#0d0887"],[0.1111111111111111,"#46039f"],[0.2222222222222222,"#7201a8"],[0.3333333333333333,"#9c179e"],[0.4444444444444444,"#bd3786"],[0.5555555555555556,"#d8576b"],[0.6666666666666666,"#ed7953"],[0.7777777777777778,"#fb9f3a"],[0.8888888888888888,"#fdca26"],[1.0,"#f0f921"]],"diverging":[[0,"#8e0152"],[0.1,"#c51b7d"],[0.2,"#de77ae"],[0.3,"#f1b6da"],[0.4,"#fde0ef"],[0.5,"#f7f7f7"],[0.6,"#e6f5d0"],[0.7,"#b8e186"],[0.8,"#7fbc41"],[0.9,"#4d9221"],[1,"#276419"]]},"xaxis":{"gridcolor":"rgba(0, 0, 0, 0)","linecolor":"#506784","ticks":"","title":{"standoff":15},"zerolinecolor":"#283442","automargin":true,"zerolinewidth":2,"tickfont":{"family":"Courier New","size":14},"side":"top","tickangle":-90},"yaxis":{"gridcolor":"rgba(0, 0, 0, 0)","linecolor":"#506784","ticks":"","title":{"standoff":15},"zerolinecolor":"#283442","automargin":true,"zerolinewidth":2,"tickfont":{"family":"Courier New"},"side":"right"},"scene":{"xaxis":{"backgroundcolor":"rgb(17,17,17)","gridcolor":"#506784","linecolor":"#506784","showbackground":true,"ticks":"","zerolinecolor":"#C8D4E3","gridwidth":2},"yaxis":{"backgroundcolor":"rgb(17,17,17)","gridcolor":"#506784","linecolor":"#506784","showbackground":true,"ticks":"","zerolinecolor":"#C8D4E3","gridwidth":2},"zaxis":{"backgroundcolor":"rgb(17,17,17)","gridcolor":"#506784","linecolor":"#506784","showbackground":true,"ticks":"","zerolinecolor":"#C8D4E3","gridwidth":2}},"shapedefaults":{"line":{"color":"#f2f5fa"}},"annotationdefaults":{"arrowcolor":"#f2f5fa","arrowhead":0,"arrowwidth":1},"geo":{"bgcolor":"rgb(17,17,17)","landcolor":"rgb(17,17,17)","subunitcolor":"#506784","showland":true,"showlakes":true,"lakecolor":"rgb(17,17,17)"},"title":{"x":0.05,"font":{"family":"Times New Roman"},"y":0.05,"text":"<b>Correlation of Adj Close<b><br><i>2016-09-23 ~ 2026-04-16<i>"},"updatemenudefaults":{"bgcolor":"#506784","borderwidth":0},"sliderdefaults":{"bgcolor":"#C8D4E3","borderwidth":1,"bordercolor":"rgb(17,17,17)","tickwidth":0},"mapbox":{"style":"dark"},"annotations":[{"text":"<b>@zwindr<b>","textangle":0,"opacity":0.5,"font":{"color":"white","size":12},"xref":"paper","yref":"paper","xanchor":"left","yanchor":"bottom","x":1.0,"y":1.0,"showarrow":false}]},"config":{"responsive":true,"toImageButtonOptions":{"filename":"Correlation of Adj Close_2016-09-23~2026-04-16","scale":5}}};Plotly.newPlot("correlationAdjClose",correlationAdjClose.data,correlationAdjClose.layout||{},correlationAdjClose.config);}else{console.log("style display is none => correlationAdjClose");}