var element=document.getElementById("correlationClose");if(element.style.display!='none'){var correlationClose={"data":[{"type":"heatmap","z":[[1.0,0.9999999999999983,1.0,0.9951382089612809,0.9951382089612809,0.9666896801815115,0.9666896801815115,0.9071330098340652,0.9071330098340652,0.8315661138573102,0.9945389251840523,0.7923010991441463,0.9925807193730217,0.9927544979724973,0.9945840588923656,0.9747154718540704,0.9990833126767105,0.9184759517224979,0.9184759517224979,0.7824481137540975,-0.14575753209575795,0.9783768823038362,0.17145275342381244,-0.10621237966151309,-0.25129274782800115,0.8143189340816391,0.9066554597464354,0.915333140167394,0.9254760325969782,0.7817436226805079,0.564530386450783,0.6382983654813649,0.6296849137888589,0.9344238023259465,0.8358518628558228,0.19357436556934693],[0.9999999999999983,1.0,0.9999999999999986,0.99510651897753,0.99510651897753,0.9661634065923556,0.9661634065923556,0.9080684544741785,0.9080684544741785,0.8330025524381146,0.9945322275748081,0.7925566545759227,0.99230793580407,0.9922576490375821,0.9945848215475953,0.9741611053668632,0.9990843418595883,0.9186460088061238,0.9186460088061238,0.8009412927065854,0.0660213338189258,0.9703440458379895,-0.037513969145394746,-0.09885171669698695,-0.25162572300139774,0.6484386530002842,0.9077057628003705,0.8912403650172135,0.9201566558879545,0.7923702602052212,0.5564701907495255,0.635656184553177,0.6553173545892732,0.9322143465365571,0.6940249910017685,0.19081753705040558],[1.0,0.9999999999999986,1.0,0.9951382089612809,0.9951382089612809,0.9666896801815115,0.9666896801815115,0.9071330098340652,0.9071330098340652,0.8315661138573102,0.9945389251840523,0.7923010991441463,0.9925807193730217,0.9927544979724973,0.9945840588923656,0.9747154718540704,0.9990833126767105,0.9184759517224979,0.9184759517224979,0.7824481137540975,-0.14575753209575795,0.9783768823038362,0.17145275342381244,-0.10621237966151309,-0.25129274782800115,0.8143189340816391,0.9066554597464354,0.915333140167394,0.9254760325969782,0.7817436226805079,0.564530386450783,0.6382983654813649,0.6296849137888589,0.9344238023259465,0.8358518628558228,0.19357436556934693],[0.9951382089612809,0.99510651897753,0.9951382089612809,1.0,1.0,0.9535354436919627,0.9535354436919627,0.8914508584518416,0.8914508584518416,0.8062047959606622,0.9995438153817331,0.7651560837280308,0.9912498594950411,0.9883898193784345,0.9995049854605738,0.9572764336532271,0.994820705166794,0.8939605510468376,0.8939605510468376,0.7570174501819583,-0.1538590788848915,0.9907065200099096,0.19843508857277223,-0.14227138026515354,-0.25154484113449943,0.8049715490296366,0.9185462771256278,0.9164739014234814,0.9096347851368848,0.7864674926682831,0.5932915265965294,0.631124863230381,0.5993326270173166,0.9246619665721919,0.825572466220202,0.20561335873835873],[0.9951382089612809,0.99510651897753,0.9951382089612809,1.0,1.0,0.9535354436919627,0.9535354436919627,0.8914508584518416,0.8914508584518416,0.8062047959606622,0.9995438153817331,0.7651560837280308,0.9912498594950411,0.9883898193784345,0.9995049854605738,0.9572764336532271,0.994820705166794,0.8939605510468376,0.8939605510468376,0.7570174501819583,-0.1538590788848915,0.9907065200099096,0.19843508857277223,-0.14227138026515354,-0.25154484113449943,0.8049715490296366,0.9185462771256278,0.9164739014234814,0.9096347851368848,0.7864674926682831,0.5932915265965294,0.631124863230381,0.5993326270173166,0.9246619665721919,0.825572466220202,0.20561335873835873],[0.9666896801815115,0.9661634065923556,0.9666896801815115,0.9535354436919627,0.9535354436919627,1.0,1.0,0.9321685346549208,0.9321685346549208,0.8030126847266854,0.953012037157718,0.7876627441408273,0.9699932847714196,0.9674576179262462,0.952871769981859,0.9990850379597198,0.974446731326505,0.9187359802531488,0.9187359802531488,0.6470811921465218,-0.09478544628283268,0.938996883932793,0.32637504182913263,-0.28932292689682737,-0.12009930444061656,0.8831337660422692,0.8588918921779074,0.9330619816940052,0.9004331500238788,0.7466211618322388,0.753208709206998,0.7404200995911558,0.704544063320591,0.8644593237921321,0.866414400938379,0.4724691064061647],[0.9666896801815115,0.9661634065923556,0.9666896801815115,0.9535354436919627,0.9535354436919627,1.0,1.0,0.9321685346549208,0.9321685346549208,0.8030126847266854,0.953012037157718,0.7876627441408273,0.9699932847714196,0.9674576179262462,0.952871769981859,0.9990850379597198,0.974446731326505,0.9187359802531488,0.9187359802531488,0.6470811921465218,-0.09478544628283268,0.938996883932793,0.32637504182913263,-0.28932292689682737,-0.12009930444061656,0.8831337660422692,0.8588918921779074,0.9330619816940052,0.9004331500238788,0.7466211618322388,0.753208709206998,0.7404200995911558,0.704544063320591,0.8644593237921321,0.866414400938379,0.4724691064061647],[0.9071330098340652,0.9080684544741785,0.9071330098340652,0.8914508584518416,0.8914508584518416,0.9321685346549208,0.9321685346549208,1.0,1.0,0.7520266329375151,0.9377303869898292,0.7694480753084755,0.9409013371903767,0.9356316653713406,0.9376175770006742,0.9332721517716559,0.9451708454851817,0.971144666853354,0.971144666853354,0.5905016301972752,0.026169516130308,0.8536889558640673,0.5558762834305092,-0.3152641546361016,0.014636973892813154,0.787791158820785,0.7580910268194125,0.8764602669042244,0.8541355264791956,0.75971346619183,0.8808864994327607,0.7830877160969553,0.7163841238150084,0.7968654208663215,0.8529817074943378,0.8045394521394386],[0.9071330098340652,0.9080684544741785,0.9071330098340652,0.8914508584518416,0.8914508584518416,0.9321685346549208,0.9321685346549208,1.0,1.0,0.7520266329375151,0.9377303869898292,0.7694480753084755,0.9409013371903767,0.9356316653713406,0.9376175770006742,0.9332721517716559,0.9451708454851817,0.971144666853354,0.971144666853354,0.5905016301972752,0.026169516130308,0.8536889558640673,0.5558762834305092,-0.3152641546361016,0.014636973892813154,0.787791158820785,0.7580910268194125,0.8764602669042244,0.8541355264791956,0.75971346619183,0.8808864994327607,0.7830877160969553,0.7163841238150084,0.7968654208663215,0.8529817074943378,0.8045394521394386],[0.8315661138573102,0.8330025524381146,0.8315661138573102,0.8062047959606622,0.8062047959606622,0.8030126847266854,0.8030126847266854,0.7520266329375151,0.7520266329375151,1.0,0.6998381409343977,0.9999698475275361,0.6359732994406002,0.5498599991457329,0.7015462142336217,0.7984354080052982,0.7526334778946064,0.8259891717506898,0.8259891717506898,0.6988372966414419,-0.10052782363548514,0.7794623873281115,0.03956114898252329,0.047469237086260156,-0.2435724399778278,0.7922651810669112,0.5770901689789267,0.774819946351985,0.8222520342100034,0.6926046084511222,0.3672071758739223,0.5363127369614897,0.5663463503244202,0.8057131603083924,0.672454800378897,0.17369734244520132],[0.9945389251840523,0.9945322275748081,0.9945389251840523,0.9995438153817331,0.9995438153817331,0.953012037157718,0.953012037157718,0.9377303869898292,0.9377303869898292,0.6998381409343977,1.0,0.6997412414238534,0.9909852854190846,0.9884440142309924,0.9999284845129505,0.952765393687665,0.993824549697406,0.9052703619153126,0.9052703619153126,0.8536361542451709,0.014414753029784531,0.9965080784310935,0.8886851984000408,-0.5100076814513758,0.3366329564641602,0.8214464843701357,0.8828028801193263,0.9350654159411782,0.903849784169,0.8099616084577762,0.9157563984127801,0.8668308427290182,0.7754197672131943,0.9042054524872283,0.9435855744474939,0.7794188060098903],[0.7923010991441463,0.7925566545759227,0.7923010991441463,0.7651560837280308,0.7651560837280308,0.7876627441408273,0.7876627441408273,0.7694480753084755,0.7694480753084755,0.9999698475275361,0.6997412414238534,1.0,0.6341497730751424,0.5474855351058974,0.7001213851262241,0.7901074080055115,0.7513468287601837,0.8222771446867253,0.8222771446867253,0.6609689207483125,0.026337310584681445,0.7401585890410126,0.44372317119530946,-0.1747908260352047,-0.2310542029935548,0.8248463714391656,0.4842181892443259,0.7507315122074966,0.7960801923807516,0.7198601914002214,0.605182192861433,0.7159846690155064,0.6870526764747007,0.766288033860332,0.66592175718409,0.6851398223658428],[0.9925807193730217,0.99230793580407,0.9925807193730217,0.9912498594950411,0.9912498594950411,0.9699932847714196,0.9699932847714196,0.9409013371903767,0.9409013371903767,0.6359732994406002,0.9909852854190846,0.6341497730751424,1.0,0.99977087476482,0.9909805262254084,0.9678709077063259,0.9904568158816275,0.8942955882989642,0.8942955882989642,0.8324719697541312,0.0412431357131633,0.9892369986757016,0.9088031883280908,-0.6653386991224224,0.4021624675776524,0.7924136587523082,0.890836969868001,0.9429609247344694,0.8939907585344508,0.7450144390711925,0.9159310725353212,0.8447388487178689,0.7547435302423716,0.8888539899055696,0.9566202619010896,0.8066208018626356],[0.9927544979724973,0.9922576490375821,0.9927544979724973,0.9883898193784345,0.9883898193784345,0.9674576179262462,0.9674576179262462,0.9356316653713406,0.9356316653713406,0.5498599991457329,0.9884440142309924,0.5474855351058974,0.99977087476482,1.0,0.9885859737029988,0.9645410089573246,0.9896880762292711,0.8787669814029013,0.8787669814029013,0.8538173757836222,-0.08477317736820286,0.9851999974793276,0.9167426227244243,-0.8382059840024946,0.4379015616219699,0.741012483302078,0.8957424184409026,0.9364762472013521,0.8797938052218823,0.6765236709698602,0.9240131051211216,0.8354261734744789,0.6965939028543743,0.913425960564993,0.9572505205716068,0.7758170268822586],[0.9945840588923656,0.9945848215475953,0.9945840588923656,0.9995049854605738,0.9995049854605738,0.952871769981859,0.952871769981859,0.9376175770006742,0.9376175770006742,0.7015462142336217,0.9999284845129505,0.7001213851262241,0.9909805262254084,0.9885859737029988,1.0,0.9527580295404192,0.99389093462417,0.9056648109613452,0.9056648109613452,0.8544919401609891,0.013691506073621115,0.996390339898904,0.8882453870323735,-0.5075214396059959,0.33553371807862764,0.8217882529991761,0.8814497494065029,0.9343315299530758,0.9042796801628789,0.811270496619662,0.9153319290931227,0.8679288742160569,0.7764987990176434,0.9042898949801762,0.9436831156918313,0.7803485124824682],[0.9747154718540704,0.9741611053668632,0.9747154718540704,0.9572764336532271,0.9572764336532271,0.9990850379597198,0.9990850379597198,0.9332721517716559,0.9332721517716559,0.7984354080052982,0.952765393687665,0.7901074080055115,0.9678709077063259,0.9645410089573246,0.9527580295404192,1.0,0.97544033560642,0.9188055557447457,0.9188055557447457,0.6953970211380756,-0.07964043206783628,0.9463836097351622,0.6488563718537614,-0.42142329320952987,-0.1680354622068025,0.8946380650745637,0.8539015017889087,0.9290678328714438,0.9076325504278888,0.7832772083675066,0.8588454155918289,0.7875406323200094,0.7610566089810896,0.8861979556142179,0.8638508987518331,0.7924008808652289],[0.9990833126767105,0.9990843418595883,0.9990833126767105,0.994820705166794,0.994820705166794,0.974446731326505,0.974446731326505,0.9451708454851817,0.9451708454851817,0.7526334778946064,0.993824549697406,0.7513468287601837,0.9904568158816275,0.9896880762292711,0.99389093462417,0.97544033560642,1.0,0.93060738651674,0.93060738651674,0.8632836389364132,0.027832176497384828,0.9873515786836364,0.856697180754005,-0.4889611918902791,0.35485370544092715,0.8673004055290807,0.8744183254044283,0.945648779346389,0.9327184605239534,0.8322142665631814,0.9041892235624904,0.8980065722231206,0.8171770820414109,0.9177618875106943,0.9526435466008473,0.8357602300990379],[0.9184759517224979,0.9186460088061238,0.9184759517224979,0.8939605510468376,0.8939605510468376,0.9187359802531488,0.9187359802531488,0.971144666853354,0.971144666853354,0.8259891717506898,0.9052703619153126,0.8222771446867253,0.8942955882989642,0.8787669814029013,0.9056648109613452,0.9188055557447457,0.93060738651674,1.0,1.0,0.7439420355608557,-0.03553653805285772,0.8576422536240058,0.5533430670175702,-0.20089491858074232,-0.2077595418554582,0.8283846462767974,0.7317223196038494,0.8390096374432398,0.9177237399419692,0.8399293353392459,0.8007734251506616,0.7584088500943021,0.7069379828344685,0.8470143462266263,0.7806181476453453,0.8532341574325263],[0.9184759517224979,0.9186460088061238,0.9184759517224979,0.8939605510468376,0.8939605510468376,0.9187359802531488,0.9187359802531488,0.971144666853354,0.971144666853354,0.8259891717506898,0.9052703619153126,0.8222771446867253,0.8942955882989642,0.8787669814029013,0.9056648109613452,0.9188055557447457,0.93060738651674,1.0,1.0,0.7439420355608557,-0.03553653805285772,0.8576422536240058,0.5533430670175702,-0.20089491858074232,-0.2077595418554582,0.8283846462767974,0.7317223196038494,0.8390096374432398,0.9177237399419692,0.8399293353392459,0.8007734251506616,0.7584088500943021,0.7069379828344685,0.8470143462266263,0.7806181476453453,0.8532341574325263],[0.7824481137540975,0.8009412927065854,0.7824481137540975,0.7570174501819583,0.7570174501819583,0.6470811921465218,0.6470811921465218,0.5905016301972752,0.5905016301972752,0.6988372966414419,0.8536361542451709,0.6609689207483125,0.8324719697541312,0.8538173757836222,0.8544919401609891,0.6953970211380756,0.8632836389364132,0.7439420355608557,0.7439420355608557,1.0,0.03273184852393978,0.7185670643396986,-0.36074490093409306,0.3137465581272805,-0.6564346454413421,0.3568097250069505,0.7049549781639352,0.5140558111719702,0.8370421988415772,0.6963701709347495,0.11773536813154975,0.3134667619831965,0.5675241464987011,0.7837811012578505,0.4828103257282861,-0.1469877287608441],[-0.14575753209575795,0.0660213338189258,-0.14575753209575795,-0.1538590788848915,-0.1538590788848915,-0.09478544628283268,-0.09478544628283268,0.026169516130308,0.026169516130308,-0.10052782363548514,0.014414753029784531,0.026337310584681445,0.0412431357131633,-0.08477317736820286,0.013691506073621115,-0.07964043206783628,0.027832176497384828,-0.03553653805285772,-0.03553653805285772,0.03273184852393978,1.0,-0.09904513323264277,0.10384377310700114,0.15789217782193027,0.7484675491526844,-0.09400328973576334,-0.05082144419290846,-0.016755542492357965,0.15797859842198694,-0.0030107644043642985,0.044373553046889384,0.32803830473753204,0.5658271700259142,-0.12504614400278177,0.10254963066072863,0.15542596703675837],[0.9783768823038362,0.9703440458379895,0.9783768823038362,0.9907065200099096,0.9907065200099096,0.938996883932793,0.938996883932793,0.8536889558640673,0.8536889558640673,0.7794623873281115,0.9965080784310935,0.7401585890410126,0.9892369986757016,0.9851999974793276,0.996390339898904,0.9463836097351622,0.9873515786836364,0.8576422536240058,0.8576422536240058,0.7185670643396986,-0.09904513323264277,1.0,0.10628300658244239,-0.19993984166912657,-0.30145226200222286,0.6683735005572807,0.9188692088767261,0.8999396420678607,0.853466835872078,0.7548198995193104,0.5939391373408105,0.5978307157202154,0.5294594198137431,0.9035665435479213,0.6722890662040643,0.18668389855872206],[0.17145275342381244,-0.037513969145394746,0.17145275342381244,0.19843508857277223,0.19843508857277223,0.32637504182913263,0.32637504182913263,0.5558762834305092,0.5558762834305092,0.03956114898252329,0.8886851984000408,0.44372317119530946,0.9088031883280908,0.9167426227244243,0.8882453870323735,0.6488563718537614,0.856697180754005,0.5533430670175702,0.5533430670175702,-0.36074490093409306,0.10384377310700114,0.10628300658244239,1.0,-0.4606306984769398,0.7132839027398408,0.3827845256974122,0.1213746248390295,0.32051854107149624,-0.08796721460849016,0.08506883466000359,0.6010583618279867,0.4818174792492413,0.20188506901660025,0.014910317986555682,0.39736166754196417,0.47039220603707477],[-0.10621237966151309,-0.09885171669698695,-0.10621237966151309,-0.14227138026515354,-0.14227138026515354,-0.28932292689682737,-0.28932292689682737,-0.3152641546361016,-0.3152641546361016,0.047469237086260156,-0.5100076814513758,-0.1747908260352047,-0.6653386991224224,-0.8382059840024946,-0.5075214396059959,-0.42142329320952987,-0.4889611918902791,-0.20089491858074232,-0.20089491858074232,0.3137465581272805,0.15789217782193027,-0.19993984166912657,-0.4606306984769398,1.0,-0.027047234181489733,-0.16758805367467453,-0.19652294925035454,-0.3069252599214082,-0.04899618044323811,-0.0792843489362532,-0.570320299995858,-0.2042112019593194,-0.026700289261152164,-0.05130409862033604,-0.22482474908216862,-0.4096652364194198],[-0.25129274782800115,-0.25162572300139774,-0.25129274782800115,-0.25154484113449943,-0.25154484113449943,-0.12009930444061656,-0.12009930444061656,0.014636973892813154,0.014636973892813154,-0.2435724399778278,0.3366329564641602,-0.2310542029935548,0.4021624675776524,0.4379015616219699,0.33553371807862764,-0.1680354622068025,0.35485370544092715,-0.2077595418554582,-0.2077595418554582,-0.6564346454413421,0.7484675491526844,-0.30145226200222286,0.7132839027398408,-0.027047234181489733,1.0,-0.10740087206697131,-0.24458445371777757,-0.06752742532818198,-0.3514330277260194,-0.32968734708502345,0.06813474156375451,0.16002443262563368,0.26235716568998524,-0.37867622141010704,0.1106960788147139,0.09086275478278946],[0.8143189340816391,0.6484386530002842,0.8143189340816391,0.8049715490296366,0.8049715490296366,0.8831337660422692,0.8831337660422692,0.787791158820785,0.787791158820785,0.7922651810669112,0.8214464843701357,0.8248463714391656,0.7924136587523082,0.741012483302078,0.8217882529991761,0.8946380650745637,0.8673004055290807,0.8283846462767974,0.8283846462767974,0.3568097250069505,-0.09400328973576334,0.6683735005572807,0.3827845256974122,-0.16758805367467453,-0.10740087206697131,1.0,0.5449752608934546,0.8392242291867998,0.49808221864173324,0.6300304848281842,0.5515121516548567,0.6597658327618418,0.4267553451205537,0.7065344739773884,0.705023883967427,0.41920921534079447],[0.9066554597464354,0.9077057628003705,0.9066554597464354,0.9185462771256278,0.9185462771256278,0.8588918921779074,0.8588918921779074,0.7580910268194125,0.7580910268194125,0.5770901689789267,0.8828028801193263,0.4842181892443259,0.890836969868001,0.8957424184409026,0.8814497494065029,0.8539015017889087,0.8744183254044283,0.7317223196038494,0.7317223196038494,0.7049549781639352,-0.05082144419290846,0.9188692088767261,0.1213746248390295,-0.19652294925035454,-0.24458445371777757,0.5449752608934546,1.0,0.8002094057547541,0.7811029505019098,0.665433856076514,0.5023233830366062,0.5044372792833727,0.5154265139686528,0.8412815889628933,0.6291505362802838,0.11111227257597556],[0.915333140167394,0.8912403650172135,0.915333140167394,0.9164739014234814,0.9164739014234814,0.9330619816940052,0.9330619816940052,0.8764602669042244,0.8764602669042244,0.774819946351985,0.9350654159411782,0.7507315122074966,0.9429609247344694,0.9364762472013521,0.9343315299530758,0.9290678328714438,0.945648779346389,0.8390096374432398,0.8390096374432398,0.5140558111719702,-0.016755542492357965,0.8999396420678607,0.32051854107149624,-0.3069252599214082,-0.06752742532818198,0.8392242291867998,0.8002094057547541,1.0,0.756294108005353,0.616500100052413,0.6059982256674762,0.6063543767986019,0.5352796882193653,0.822741455128822,0.837263364575,0.22506631424927873],[0.9254760325969782,0.9201566558879545,0.9254760325969782,0.9096347851368848,0.9096347851368848,0.9004331500238788,0.9004331500238788,0.8541355264791956,0.8541355264791956,0.8222520342100034,0.903849784169,0.7960801923807516,0.8939907585344508,0.8797938052218823,0.9042796801628789,0.9076325504278888,0.9327184605239534,0.9177237399419692,0.9177237399419692,0.8370421988415772,0.15797859842198694,0.853466835872078,-0.08796721460849016,-0.04899618044323811,-0.3514330277260194,0.49808221864173324,0.7811029505019098,0.756294108005353,1.0,0.9075152494964552,0.5528936772193035,0.6911190611486254,0.667422550943924,0.8804846769408804,0.514466243725679,0.30296638531446585],[0.7817436226805079,0.7923702602052212,0.7817436226805079,0.7864674926682831,0.7864674926682831,0.7466211618322388,0.7466211618322388,0.75971346619183,0.75971346619183,0.6926046084511222,0.8099616084577762,0.7198601914002214,0.7450144390711925,0.6765236709698602,0.811270496619662,0.7832772083675066,0.8322142665631814,0.8399293353392459,0.8399293353392459,0.6963701709347495,-0.0030107644043642985,0.7548198995193104,0.08506883466000359,-0.0792843489362532,-0.32968734708502345,0.6300304848281842,0.665433856076514,0.616500100052413,0.9075152494964552,1.0,0.5858411100101112,0.673313283238958,0.6115016463840549,0.7350462235624796,0.5915645843797145,0.475815985878038],[0.564530386450783,0.5564701907495255,0.564530386450783,0.5932915265965294,0.5932915265965294,0.753208709206998,0.753208709206998,0.8808864994327607,0.8808864994327607,0.3672071758739223,0.9157563984127801,0.605182192861433,0.9159310725353212,0.9240131051211216,0.9153319290931227,0.8588454155918289,0.9041892235624904,0.8007734251506616,0.8007734251506616,0.11773536813154975,0.044373553046889384,0.5939391373408105,0.6010583618279867,-0.570320299995858,0.06813474156375451,0.5515121516548567,0.5023233830366062,0.6059982256674762,0.5528936772193035,0.5858411100101112,1.0,0.7468953000384552,0.3860293522283148,0.5094874116933978,0.5914279413518928,0.75634700087385],[0.6382983654813649,0.635656184553177,0.6382983654813649,0.631124863230381,0.631124863230381,0.7404200995911558,0.7404200995911558,0.7830877160969553,0.7830877160969553,0.5363127369614897,0.8668308427290182,0.7159846690155064,0.8447388487178689,0.8354261734744789,0.8679288742160569,0.7875406323200094,0.8980065722231206,0.7584088500943021,0.7584088500943021,0.3134667619831965,0.32803830473753204,0.5978307157202154,0.4818174792492413,-0.2042112019593194,0.16002443262563368,0.6597658327618418,0.5044372792833727,0.6063543767986019,0.6911190611486254,0.673313283238958,0.7468953000384552,1.0,0.7793010093462168,0.5046122056236022,0.7320747074051491,0.5515334853300999],[0.6296849137888589,0.6553173545892732,0.6296849137888589,0.5993326270173166,0.5993326270173166,0.704544063320591,0.704544063320591,0.7163841238150084,0.7163841238150084,0.5663463503244202,0.7754197672131943,0.6870526764747007,0.7547435302423716,0.6965939028543743,0.7764987990176434,0.7610566089810896,0.8171770820414109,0.7069379828344685,0.7069379828344685,0.5675241464987011,0.5658271700259142,0.5294594198137431,0.20188506901660025,-0.026700289261152164,0.26235716568998524,0.4267553451205537,0.5154265139686528,0.5352796882193653,0.667422550943924,0.6115016463840549,0.3860293522283148,0.7793010093462168,1.0,0.4947686005068598,0.6661037432384437,0.20434210711509396],[0.9344238023259465,0.9322143465365571,0.9344238023259465,0.9246619665721919,0.9246619665721919,0.8644593237921321,0.8644593237921321,0.7968654208663215,0.7968654208663215,0.8057131603083924,0.9042054524872283,0.766288033860332,0.8888539899055696,0.913425960564993,0.9042898949801762,0.8861979556142179,0.9177618875106943,0.8470143462266263,0.8470143462266263,0.7837811012578505,-0.12504614400278177,0.9035665435479213,0.014910317986555682,-0.05130409862033604,-0.37867622141010704,0.7065344739773884,0.8412815889628933,0.822741455128822,0.8804846769408804,0.7350462235624796,0.5094874116933978,0.5046122056236022,0.4947686005068598,1.0,0.7398460560278055,0.17978187173023166],[0.8358518628558228,0.6940249910017685,0.8358518628558228,0.825572466220202,0.825572466220202,0.866414400938379,0.866414400938379,0.8529817074943378,0.8529817074943378,0.672454800378897,0.9435855744474939,0.66592175718409,0.9566202619010896,0.9572505205716068,0.9436831156918313,0.8638508987518331,0.9526435466008473,0.7806181476453453,0.7806181476453453,0.4828103257282861,0.10254963066072863,0.6722890662040643,0.39736166754196417,-0.22482474908216862,0.1106960788147139,0.705023883967427,0.6291505362802838,0.837263364575,0.514466243725679,0.5915645843797145,0.5914279413518928,0.7320747074051491,0.6661037432384437,0.7398460560278055,1.0,0.18863005259830354],[0.19357436556934693,0.19081753705040558,0.19357436556934693,0.20561335873835873,0.20561335873835873,0.4724691064061647,0.4724691064061647,0.8045394521394386,0.8045394521394386,0.17369734244520132,0.7794188060098903,0.6851398223658428,0.8066208018626356,0.7758170268822586,0.7803485124824682,0.7924008808652289,0.8357602300990379,0.8532341574325263,0.8532341574325263,-0.1469877287608441,0.15542596703675837,0.18668389855872206,0.47039220603707477,-0.4096652364194198,0.09086275478278946,0.41920921534079447,0.11111227257597556,0.22506631424927873,0.30296638531446585,0.475815985878038,0.75634700087385,0.5515334853300999,0.20434210711509396,0.17978187173023166,0.18863005259830354,1.0]],"x":["^TAIEX       \u81fa\u7063\u52a0\u6b0a\u5831\u916c\u6307\u6578","^TWII        \u81fa\u7063\u52a0\u6b0a\u6307\u6578","^TAIEXx2     \u81fa\u7063\u52a0\u6b0a\u5831\u916c\u6307\u6578_\u65e5\u6b632","^TAI50I      \u81fa\u706350\u5831\u916c\u6307\u6578","^TAI50Ix2    \u81fa\u706350\u5831\u916c\u6307\u6578_\u65e5\u6b632","^TAI100I     \u81fa\u7063\u4e2d\u578b100\u5831\u916c\u6307\u6578","^TAI100Ix2   \u81fa\u7063\u4e2d\u578b100\u5831\u916c\u6307\u6578_\u65e5\u6b632","^TAIDIVIDI   \u81fa\u7063\u9ad8\u80a1\u606f\u5831\u916c\u6307\u6578","^TAIDIVIDIx2 \u81fa\u7063\u9ad8\u80a1\u606f\u5831\u916c\u6307\u6578_\u65e5\u6b632","0050Fund     \u5143\u5927\u53f0\u7063\u5353\u8d8a50\u57fa\u91d1","006208Fund   \u5bcc\u90a6\u53f0\u7063\u91c6\u540950\u57fa\u91d1","0050         \u5143\u5927\u81fa\u706350","00631L       \u5143\u5927\u53f0\u706350\u6b632","00675L       \u5bcc\u90a6\u81fa\u7063\u52a0\u6b0a\u6b632","006208       \u5bcc\u90a6\u53f050","0051         \u5143\u5927\u4e2d\u578b100","006204       \u6c38\u8c50\u81fa\u7063\u52a0\u6b0a","0056         \u5143\u5927\u9ad8\u80a1\u606f","0056         \u5143\u5927\u9ad8\u80a1\u606f_\u80a1\u606f\u4e0d\u6295\u5165","2412         \u4e2d\u83ef\u96fb\u4fe1","2002         \u4e2d\u92fc","2330         \u53f0\u7a4d\u96fb","2317         \u9d3b\u6d77","6505         \u53f0\u5851\u77f3\u5316","3481         \u7fa4\u5275","2303         \u806f\u96fb","2308         \u53f0\u9054\u96fb","2454         \u806f\u767c\u79d1","2886         \u5146\u8c50\u91d1","2884         \u7389\u5c71\u91d1","2891         \u4e2d\u4fe1\u91d1","2892         \u7b2c\u4e00\u91d1","5880         \u5408\u5eab\u91d1","2881         \u5bcc\u90a6\u91d1","2885         \u5143\u5927\u91d1","2887         \u53f0\u65b0\u91d1"],"y":["^TAIEX       \u81fa\u7063\u52a0\u6b0a\u5831\u916c\u6307\u6578","^TWII        \u81fa\u7063\u52a0\u6b0a\u6307\u6578","^TAIEXx2     \u81fa\u7063\u52a0\u6b0a\u5831\u916c\u6307\u6578_\u65e5\u6b632","^TAI50I      \u81fa\u706350\u5831\u916c\u6307\u6578","^TAI50Ix2    \u81fa\u706350\u5831\u916c\u6307\u6578_\u65e5\u6b632","^TAI100I     \u81fa\u7063\u4e2d\u578b100\u5831\u916c\u6307\u6578","^TAI100Ix2   \u81fa\u7063\u4e2d\u578b100\u5831\u916c\u6307\u6578_\u65e5\u6b632","^TAIDIVIDI   \u81fa\u7063\u9ad8\u80a1\u606f\u5831\u916c\u6307\u6578","^TAIDIVIDIx2 \u81fa\u7063\u9ad8\u80a1\u606f\u5831\u916c\u6307\u6578_\u65e5\u6b632","0050Fund     \u5143\u5927\u53f0\u7063\u5353\u8d8a50\u57fa\u91d1","006208Fund   \u5bcc\u90a6\u53f0\u7063\u91c6\u540950\u57fa\u91d1","0050         \u5143\u5927\u81fa\u706350","00631L       \u5143\u5927\u53f0\u706350\u6b632","00675L       \u5bcc\u90a6\u81fa\u7063\u52a0\u6b0a\u6b632","006208       \u5bcc\u90a6\u53f050","0051         \u5143\u5927\u4e2d\u578b100","006204       \u6c38\u8c50\u81fa\u7063\u52a0\u6b0a","0056         \u5143\u5927\u9ad8\u80a1\u606f","0056         \u5143\u5927\u9ad8\u80a1\u606f_\u80a1\u606f\u4e0d\u6295\u5165","2412         \u4e2d\u83ef\u96fb\u4fe1","2002         \u4e2d\u92fc","2330         \u53f0\u7a4d\u96fb","2317         \u9d3b\u6d77","6505         \u53f0\u5851\u77f3\u5316","3481         \u7fa4\u5275","2303         \u806f\u96fb","2308         \u53f0\u9054\u96fb","2454         \u806f\u767c\u79d1","2886         \u5146\u8c50\u91d1","2884         \u7389\u5c71\u91d1","2891         \u4e2d\u4fe1\u91d1","2892         \u7b2c\u4e00\u91d1","5880         \u5408\u5eab\u91d1","2881         \u5bcc\u90a6\u91d1","2885         \u5143\u5927\u91d1","2887         \u53f0\u65b0\u91d1"],"zmin":-1,"zmax":1,"colorbar":{"x":-0.2}}],"layout":{"autotypenumbers":"strict","colorway":["#636efa","#EF553B","#00cc96","#ab63fa","#FFA15A","#19d3f3","#FF6692","#B6E880","#FF97FF","#FECB52"],"font":{"color":"#f2f5fa","family":"Courier New"},"hovermode":"closest","hoverlabel":{"align":"left"},"paper_bgcolor":"rgb(17,17,17)","plot_bgcolor":"rgb(17,17,17)","polar":{"bgcolor":"rgb(17,17,17)","angularaxis":{"gridcolor":"#506784","linecolor":"#506784","ticks":""},"radialaxis":{"gridcolor":"#506784","linecolor":"#506784","ticks":""}},"ternary":{"bgcolor":"rgb(17,17,17)","aaxis":{"gridcolor":"#506784","linecolor":"#506784","ticks":""},"baxis":{"gridcolor":"#506784","linecolor":"#506784","ticks":""},"caxis":{"gridcolor":"#506784","linecolor":"#506784","ticks":""}},"coloraxis":{"colorbar":{"outlinewidth":0,"ticks":""}},"colorscale":{"sequential":[[0.0,"#0d0887"],[0.1111111111111111,"#46039f"],[0.2222222222222222,"#7201a8"],[0.3333333333333333,"#9c179e"],[0.4444444444444444,"#bd3786"],[0.5555555555555556,"#d8576b"],[0.6666666666666666,"#ed7953"],[0.7777777777777778,"#fb9f3a"],[0.8888888888888888,"#fdca26"],[1.0,"#f0f921"]],"sequentialminus":[[0.0,"#0d0887"],[0.1111111111111111,"#46039f"],[0.2222222222222222,"#7201a8"],[0.3333333333333333,"#9c179e"],[0.4444444444444444,"#bd3786"],[0.5555555555555556,"#d8576b"],[0.6666666666666666,"#ed7953"],[0.7777777777777778,"#fb9f3a"],[0.8888888888888888,"#fdca26"],[1.0,"#f0f921"]],"diverging":[[0,"#8e0152"],[0.1,"#c51b7d"],[0.2,"#de77ae"],[0.3,"#f1b6da"],[0.4,"#fde0ef"],[0.5,"#f7f7f7"],[0.6,"#e6f5d0"],[0.7,"#b8e186"],[0.8,"#7fbc41"],[0.9,"#4d9221"],[1,"#276419"]]},"xaxis":{"gridcolor":"rgba(0, 0, 0, 0)","linecolor":"#506784","ticks":"","title":{"standoff":15},"zerolinecolor":"#283442","automargin":true,"zerolinewidth":2,"tickfont":{"family":"Courier New","size":14},"side":"top","tickangle":-90},"yaxis":{"gridcolor":"rgba(0, 0, 0, 0)","linecolor":"#506784","ticks":"","title":{"standoff":15},"zerolinecolor":"#283442","automargin":true,"zerolinewidth":2,"tickfont":{"family":"Courier New"},"side":"right"},"scene":{"xaxis":{"backgroundcolor":"rgb(17,17,17)","gridcolor":"#506784","linecolor":"#506784","showbackground":true,"ticks":"","zerolinecolor":"#C8D4E3","gridwidth":2},"yaxis":{"backgroundcolor":"rgb(17,17,17)","gridcolor":"#506784","linecolor":"#506784","showbackground":true,"ticks":"","zerolinecolor":"#C8D4E3","gridwidth":2},"zaxis":{"backgroundcolor":"rgb(17,17,17)","gridcolor":"#506784","linecolor":"#506784","showbackground":true,"ticks":"","zerolinecolor":"#C8D4E3","gridwidth":2}},"shapedefaults":{"line":{"color":"#f2f5fa"}},"annotationdefaults":{"arrowcolor":"#f2f5fa","arrowhead":0,"arrowwidth":1},"geo":{"bgcolor":"rgb(17,17,17)","landcolor":"rgb(17,17,17)","subunitcolor":"#506784","showland":true,"showlakes":true,"lakecolor":"rgb(17,17,17)"},"title":{"x":0.05,"font":{"family":"Times New Roman"},"y":0.05,"text":"<b>Correlation of Close<b><br><i>2016-09-23 ~ 2025-12-16<i>"},"updatemenudefaults":{"bgcolor":"#506784","borderwidth":0},"sliderdefaults":{"bgcolor":"#C8D4E3","borderwidth":1,"bordercolor":"rgb(17,17,17)","tickwidth":0},"mapbox":{"style":"dark"},"annotations":[{"text":"<b>@zwindr<b>","textangle":0,"opacity":0.5,"font":{"color":"white","size":12},"xref":"paper","yref":"paper","xanchor":"left","yanchor":"bottom","x":1.0,"y":1.0,"showarrow":false}]},"config":{"responsive":true,"toImageButtonOptions":{"filename":"Correlation of Close_2016-09-23~2025-12-16","scale":5}}};Plotly.newPlot("correlationClose",correlationClose.data,correlationClose.layout||{},correlationClose.config);}else{console.log("style display is none => correlationClose");}