var config = { responsive: true }

var correlationAdjClose = {"data": [{"type": "heatmap", "z": [[1.0, 0.9935814744732397, 0.9755562837211669, 0.9978090632896072, 0.9640371364755236, 0.9802727497647713, -0.938823769622237, 0.9893362306692437, 0.9676485874334612, 0.996622792225349, 0.9929727410928865, 0.9940125142601421, 0.9972473545432476, 0.9777663948900605, 0.9995538568280473, 0.986410106075196, 0.9122605392662732, 0.7600968344154886, 0.9858272982347284, 0.923191005451103, 0.48816324929522537, -0.3442948958677746, 0.8977999885150301, 0.9731663316151098, 0.9509818293808381], [0.9935814744732397, 1.0, 0.970899172844647, 0.9912206673645367, 0.9598683057569896, 0.9753224974959243, -0.9339135887560603, 0.9795030933642751, 0.9603633557737112, 0.9938567835184716, 0.9918371878831874, 0.9911168772697135, 0.9952477115026287, 0.9724925026054136, 0.996318646891574, 0.982379420808965, 0.9008317302053455, 0.7664290398383112, 0.9665897902596068, 0.9011765348461415, 0.48500570226191275, -0.26644288920837267, 0.8697197165509462, 0.9603593515997967, 0.9513181650746286], [0.9755562837211669, 0.970899172844647, 1.0, 0.9814462056011126, 0.9963012592838312, 0.9785969274099072, -0.97469231799769, 0.968639796568592, 0.9828383939743943, 0.9854657363104313, 0.997476331587943, 0.9974240365953803, 0.9883654350868062, 0.9769752199004273, 0.9874207207606833, 0.975182786847014, 0.8137864339552919, 0.6514285156169233, 0.9893729586528509, 0.9117669848823806, 0.32187696054353293, -0.26240225729311323, 0.9063986865557284, 0.9390206883768136, 0.9773529193586499], [0.9978090632896072, 0.9912206673645367, 0.9814462056011126, 1.0, 0.9750917858243843, 0.9725274555105133, -0.9333988970798233, 0.9838304952368987, 0.9648540112532953, 0.9992540736312605, 0.9921786771597262, 0.9908751017118281, 0.9999016677666335, 0.967660735455843, 0.9960340794369149, 0.9812491142202727, 0.8979537105830364, 0.7328764527860951, 0.9932119266869937, 0.9250407452142067, 0.4683193163059821, -0.3360822004678483, 0.897514171240671, 0.9670613657929623, 0.956882578394847], [0.9640371364755236, 0.9598683057569896, 0.9963012592838312, 0.9750917858243843, 1.0, 0.9586809822847974, -0.95640089372078, 0.9542074127773678, 0.970758969330385, 0.9817302126429419, 0.9883231632125117, 0.9848239991890415, 0.9846829520202517, 0.956233887308969, 0.9760228526926459, 0.9608945558600074, 0.7937172158077553, 0.619626198955566, 0.9883402706239822, 0.9088716125765504, 0.30259611522140184, -0.25496755765074114, 0.8902562547244647, 0.9240051876759874, 0.9751715775878204], [0.9802727497647713, 0.9753224974959243, 0.9785969274099072, 0.9725274555105133, 0.9586809822847974, 1.0, -0.9794796398849706, 0.9792255840492025, 0.9786963888246664, 0.9716296296335545, 0.9759047501462463, 0.9738283294838769, 0.9682841908446521, 0.9988642809406407, 0.9858271458576692, 0.9856358468129292, 0.850858771128323, 0.7263452788527188, 0.9670569178508169, 0.890240870208079, 0.3496803233554972, -0.2538966943897247, 0.9351409508435549, 0.9552118431639256, 0.9575964579121472], [-0.938823769622237, -0.9339135887560603, -0.97469231799769, -0.9333988970798233, -0.95640089372078, -0.9794796398849706, 1.0, -0.9483504406625964, -0.982420355460215, -0.9411444066296639, -0.9726534984351632, -0.9746804745117558, -0.9467783925753652, -0.9858570575441649, -0.9630121009436247, -0.9644627318640582, -0.7583777556318321, -0.6224799508782968, -0.9399200784414947, -0.8768125380781444, -0.20284345943609206, 0.18321016429482484, -0.9022009233788251, -0.9086562785512455, -0.9549619538721965], [0.9893362306692437, 0.9795030933642751, 0.968639796568592, 0.9838304952368987, 0.9542074127773678, 0.9792255840492025, -0.9483504406625964, 1.0, 0.9812446992098547, 0.9806914585741338, 0.974389829964446, 0.9734127503190296, 0.9791251562433375, 0.9752317913969185, 0.9868184780141568, 0.99636657770577, 0.9199706711494254, 0.6981796311781397, 0.9738604307152908, 0.896266655551343, 0.35841164748713017, -0.35224773328675696, 0.903067978599232, 0.9538476832835107, 0.9330069384538485], [0.9676485874334612, 0.9603633557737112, 0.9828383939743943, 0.9648540112532953, 0.970758969330385, 0.9786963888246664, -0.982420355460215, 0.9812446992098547, 1.0, 0.964004370219482, 0.9711026319459035, 0.9680359803430236, 0.9609527748814871, 0.9768960204146009, 0.9682107864503442, 0.9869251425631034, 0.8424473353582544, 0.623813696214534, 0.9654751543853638, 0.9042058076414442, 0.21281523967952448, -0.26645062049063706, 0.8844842773193525, 0.9281756778645818, 0.9565770643017502], [0.996622792225349, 0.9938567835184716, 0.9854657363104313, 0.9992540736312605, 0.9817302126429419, 0.9716296296335545, -0.9411444066296639, 0.9806914585741338, 0.964004370219482, 1.0, 0.9911056811553453, 0.9894157988139248, 0.9998369223244573, 0.9686237210363945, 0.9952761711093595, 0.9813731448986132, 0.9103159768117358, 0.7105374642082976, 0.9955735710399223, 0.9185595935037328, 0.29612348402450506, -0.2973671089571929, 0.9300741659468501, 0.9563424727948527, 0.9548908928825212], [0.9929727410928865, 0.9918371878831874, 0.997476331587943, 0.9921786771597262, 0.9883231632125117, 0.9759047501462463, -0.9726534984351632, 0.974389829964446, 0.9711026319459035, 0.9911056811553453, 1.0, 0.9996581610921497, 0.9919276720768984, 0.9769429625859531, 0.9933038526141604, 0.9758688252737824, 0.904944565738729, 0.6112277689191028, 0.9880396278370777, 0.8891868350579215, -0.25672572113102987, 0.31808359244548423, 0.9076908790318758, 0.9520821974489049, 0.9764959099234747], [0.9940125142601421, 0.9911168772697135, 0.9974240365953803, 0.9908751017118281, 0.9848239991890415, 0.9738283294838769, -0.9746804745117558, 0.9734127503190296, 0.9680359803430236, 0.9894157988139248, 0.9996581610921497, 1.0, 0.990624144517758, 0.9749689875273686, 0.9940920389833773, 0.9751251186427, 0.9142090081508478, 0.5020696312521414, 0.9834782800818391, 0.87520984508957, -0.6812908606678488, 0.34939181384229867, 0.8809063421601767, 0.9488318941495449, 0.9759824549809194], [0.9972473545432476, 0.9952477115026287, 0.9883654350868062, 0.9999016677666335, 0.9846829520202517, 0.9682841908446521, -0.9467783925753652, 0.9791251562433375, 0.9609527748814871, 0.9998369223244573, 0.9919276720768984, 0.990624144517758, 1.0, 0.9690385420932889, 0.9956023322393112, 0.9801676360306772, 0.9276823728149475, 0.6730243002698134, 0.997093439515816, 0.8981916913957555, 0.04753958707816624, 0.2385841794111807, 0.919783475780652, 0.9484888250790531, 0.9630788237652859], [0.9777663948900605, 0.9724925026054136, 0.9769752199004273, 0.967660735455843, 0.956233887308969, 0.9988642809406407, -0.9858570575441649, 0.9752317913969185, 0.9768960204146009, 0.9686237210363945, 0.9769429625859531, 0.9749689875273686, 0.9690385420932889, 1.0, 0.9859846214579588, 0.9833516355067236, 0.8648362900216613, 0.7292534534098539, 0.9624543852831818, 0.8796073098847443, 0.21114652123217711, -0.22289245483067024, 0.9443713084872879, 0.9501615262059425, 0.9566318733131269], [0.9995538568280473, 0.996318646891574, 0.9874207207606833, 0.9960340794369149, 0.9760228526926459, 0.9858271458576692, -0.9630121009436247, 0.9868184780141568, 0.9682107864503442, 0.9952761711093595, 0.9933038526141604, 0.9940920389833773, 0.9956023322393112, 0.9859846214579588, 1.0, 0.9871486759301156, 0.9346920272147131, 0.7092367638235605, 0.9896521663841016, 0.8948401995128908, 0.09196220765311798, 0.23563626642754612, 0.9373789019219856, 0.9587849605584129, 0.962058506722304], [0.986410106075196, 0.982379420808965, 0.975182786847014, 0.9812491142202727, 0.9608945558600074, 0.9856358468129292, -0.9644627318640582, 0.99636657770577, 0.9869251425631034, 0.9813731448986132, 0.9758688252737824, 0.9751251186427, 0.9801676360306772, 0.9833516355067236, 0.9871486759301156, 1.0, 0.9023040749879383, 0.6998463811956721, 0.9731903014693934, 0.8960520199975255, 0.2907969617344226, -0.29071882313643743, 0.9147920968698935, 0.9435449988117068, 0.9442793601913447], [0.9122605392662732, 0.9008317302053455, 0.8137864339552919, 0.8979537105830364, 0.7937172158077553, 0.850858771128323, -0.7583777556318321, 0.9199706711494254, 0.8424473353582544, 0.9103159768117358, 0.904944565738729, 0.9142090081508478, 0.9276823728149475, 0.8648362900216613, 0.9346920272147131, 0.9023040749879383, 1.0, 0.8595418718326981, 0.8464841354345423, 0.8720556335316287, 0.7352273203227468, -0.5844946307196358, 0.6707685633865806, 0.9098860360803643, 0.7860581369717587], [0.7600968344154886, 0.7664290398383112, 0.6514285156169233, 0.7328764527860951, 0.619626198955566, 0.7263452788527188, -0.6224799508782968, 0.6981796311781397, 0.623813696214534, 0.7105374642082976, 0.6112277689191028, 0.5020696312521414, 0.6730243002698134, 0.7292534534098539, 0.7092367638235605, 0.6998463811956721, 0.8595418718326981, 1.0, 0.6536395740291538, 0.7572180970914354, 0.7341969705974705, -0.15556024732556992, 0.5392879945699305, 0.7709281188407925, 0.6560929071989857], [0.9858272982347284, 0.9665897902596068, 0.9893729586528509, 0.9932119266869937, 0.9883402706239822, 0.9670569178508169, -0.9399200784414947, 0.9738604307152908, 0.9654751543853638, 0.9955735710399223, 0.9880396278370777, 0.9834782800818391, 0.997093439515816, 0.9624543852831818, 0.9896521663841016, 0.9731903014693934, 0.8464841354345423, 0.6536395740291538, 1.0, 0.8963640423021966, 0.39770595040573065, -0.32995072187209296, 0.8859895152690294, 0.9493486385276422, 0.9665189906091743], [0.923191005451103, 0.9011765348461415, 0.9117669848823806, 0.9250407452142067, 0.9088716125765504, 0.890240870208079, -0.8768125380781444, 0.896266655551343, 0.9042058076414442, 0.9185595935037328, 0.8891868350579215, 0.87520984508957, 0.8981916913957555, 0.8796073098847443, 0.8948401995128908, 0.8960520199975255, 0.8720556335316287, 0.7572180970914354, 0.8963640423021966, 1.0, 0.44345974771977203, -0.2352351395313004, 0.6943038239414271, 0.9183882293010818, 0.8803374133636512], [0.48816324929522537, 0.48500570226191275, 0.32187696054353293, 0.4683193163059821, 0.30259611522140184, 0.3496803233554972, -0.20284345943609206, 0.35841164748713017, 0.21281523967952448, 0.29612348402450506, -0.25672572113102987, -0.6812908606678488, 0.04753958707816624, 0.21114652123217711, 0.09196220765311798, 0.2907969617344226, 0.7352273203227468, 0.7341969705974705, 0.39770595040573065, 0.44345974771977203, 1.0, -0.42992047764301217, 0.31912740467864836, 0.4719825516491144, 0.26485046151424696], [-0.3442948958677746, -0.26644288920837267, -0.26240225729311323, -0.3360822004678483, -0.25496755765074114, -0.2538966943897247, 0.18321016429482484, -0.35224773328675696, -0.26645062049063706, -0.2973671089571929, 0.31808359244548423, 0.34939181384229867, 0.2385841794111807, -0.22289245483067024, 0.23563626642754612, -0.29071882313643743, -0.5844946307196358, -0.15556024732556992, -0.32995072187209296, -0.2352351395313004, -0.42992047764301217, 1.0, -0.18770315827312253, -0.37490884740722297, -0.2061846531903174], [0.8977999885150301, 0.8697197165509462, 0.9063986865557284, 0.897514171240671, 0.8902562547244647, 0.9351409508435549, -0.9022009233788251, 0.903067978599232, 0.8844842773193525, 0.9300741659468501, 0.9076908790318758, 0.8809063421601767, 0.919783475780652, 0.9443713084872879, 0.9373789019219856, 0.9147920968698935, 0.6707685633865806, 0.5392879945699305, 0.8859895152690294, 0.6943038239414271, 0.31912740467864836, -0.18770315827312253, 1.0, 0.8306706719459848, 0.8838728261970595], [0.9731663316151098, 0.9603593515997967, 0.9390206883768136, 0.9670613657929623, 0.9240051876759874, 0.9552118431639256, -0.9086562785512455, 0.9538476832835107, 0.9281756778645818, 0.9563424727948527, 0.9520821974489049, 0.9488318941495449, 0.9484888250790531, 0.9501615262059425, 0.9587849605584129, 0.9435449988117068, 0.9098860360803643, 0.7709281188407925, 0.9493486385276422, 0.9183882293010818, 0.4719825516491144, -0.37490884740722297, 0.8306706719459848, 1.0, 0.927136664905799], [0.9509818293808381, 0.9513181650746286, 0.9773529193586499, 0.956882578394847, 0.9751715775878204, 0.9575964579121472, -0.9549619538721965, 0.9330069384538485, 0.9565770643017502, 0.9548908928825212, 0.9764959099234747, 0.9759824549809194, 0.9630788237652859, 0.9566318733131269, 0.962058506722304, 0.9442793601913447, 0.7860581369717587, 0.6560929071989857, 0.9665189906091743, 0.8803374133636512, 0.26485046151424696, -0.2061846531903174, 0.8838728261970595, 0.927136664905799, 1.0]], "x": ["^TAIEX       \u81fa\u7063\u52a0\u6b0a\u5831\u916c\u6307\u6578", "^TWII        \u81fa\u7063\u52a0\u6b0a\u6307\u6578", "^TAIEXx2     \u81fa\u7063\u52a0\u6b0a\u5831\u916c\u6307\u6578_\u65e5\u6b632", "^TAI50I      \u81fa\u706350\u5831\u916c\u6307\u6578", "^TAI50Ix2    \u81fa\u706350\u5831\u916c\u6307\u6578_\u65e5\u6b632", "^TAI100I     \u81fa\u7063\u4e2d\u578b100\u5831\u916c\u6307\u6578", "^TAI100Ix2   \u81fa\u7063\u4e2d\u578b100\u5831\u916c\u6307\u6578_\u65e5\u6b632", "^TAIDIVIDI   \u81fa\u7063\u9ad8\u80a1\u606f\u5831\u916c\u6307\u6578", "^TAIDIVIDIx2 \u81fa\u7063\u9ad8\u80a1\u606f\u5831\u916c\u6307\u6578_\u65e5\u6b632", "0050         \u5143\u5927\u81fa\u706350", "00631L       \u5143\u5927\u53f0\u706350\u6b632", "00675L       \u5bcc\u90a6\u81fa\u7063\u52a0\u6b0a\u6b632", "006208       \u5bcc\u90a6\u53f050", "0051         \u5143\u5927\u4e2d\u578b100", "006204       \u6c38\u8c50\u81fa\u7063\u52a0\u6b0a", "0056         \u5143\u5927\u9ad8\u80a1\u606f", "2412         \u4e2d\u83ef\u96fb\u4fe1", "2002         \u4e2d\u92fc", "2330         \u53f0\u7a4d\u96fb", "2317         \u9d3b\u6d77", "6505         \u53f0\u5851\u77f3\u5316", "3481         \u7fa4\u5275", "2303         \u806f\u96fb", "2308         \u53f0\u9054\u96fb", "2454         \u806f\u767c\u79d1"], "y": ["^TAIEX       \u81fa\u7063\u52a0\u6b0a\u5831\u916c\u6307\u6578", "^TWII        \u81fa\u7063\u52a0\u6b0a\u6307\u6578", "^TAIEXx2     \u81fa\u7063\u52a0\u6b0a\u5831\u916c\u6307\u6578_\u65e5\u6b632", "^TAI50I      \u81fa\u706350\u5831\u916c\u6307\u6578", "^TAI50Ix2    \u81fa\u706350\u5831\u916c\u6307\u6578_\u65e5\u6b632", "^TAI100I     \u81fa\u7063\u4e2d\u578b100\u5831\u916c\u6307\u6578", "^TAI100Ix2   \u81fa\u7063\u4e2d\u578b100\u5831\u916c\u6307\u6578_\u65e5\u6b632", "^TAIDIVIDI   \u81fa\u7063\u9ad8\u80a1\u606f\u5831\u916c\u6307\u6578", "^TAIDIVIDIx2 \u81fa\u7063\u9ad8\u80a1\u606f\u5831\u916c\u6307\u6578_\u65e5\u6b632", "0050         \u5143\u5927\u81fa\u706350", "00631L       \u5143\u5927\u53f0\u706350\u6b632", "00675L       \u5bcc\u90a6\u81fa\u7063\u52a0\u6b0a\u6b632", "006208       \u5bcc\u90a6\u53f050", "0051         \u5143\u5927\u4e2d\u578b100", "006204       \u6c38\u8c50\u81fa\u7063\u52a0\u6b0a", "0056         \u5143\u5927\u9ad8\u80a1\u606f", "2412         \u4e2d\u83ef\u96fb\u4fe1", "2002         \u4e2d\u92fc", "2330         \u53f0\u7a4d\u96fb", "2317         \u9d3b\u6d77", "6505         \u53f0\u5851\u77f3\u5316", "3481         \u7fa4\u5275", "2303         \u806f\u96fb", "2308         \u53f0\u9054\u96fb", "2454         \u806f\u767c\u79d1"], "zmin": -1, "zmax": 1, "colorbar": {"x": -0.2}}], "layout": {"autotypenumbers": "strict", "colorway": ["#636efa", "#EF553B", "#00cc96", "#ab63fa", "#FFA15A", "#19d3f3", "#FF6692", "#B6E880", "#FF97FF", "#FECB52"], "font": {"color": "#f2f5fa", "family": "Courier New"}, "hovermode": "closest", "hoverlabel": {"align": "left"}, "paper_bgcolor": "rgb(17,17,17)", "plot_bgcolor": "rgb(17,17,17)", "polar": {"bgcolor": "rgb(17,17,17)", "angularaxis": {"gridcolor": "#506784", "linecolor": "#506784", "ticks": ""}, "radialaxis": {"gridcolor": "#506784", "linecolor": "#506784", "ticks": ""}}, "ternary": {"bgcolor": "rgb(17,17,17)", "aaxis": {"gridcolor": "#506784", "linecolor": "#506784", "ticks": ""}, "baxis": {"gridcolor": "#506784", "linecolor": "#506784", "ticks": ""}, "caxis": {"gridcolor": "#506784", "linecolor": "#506784", "ticks": ""}}, "coloraxis": {"colorbar": {"outlinewidth": 0, "ticks": ""}}, "colorscale": {"sequential": [[0.0, "#0d0887"], [0.1111111111111111, "#46039f"], [0.2222222222222222, "#7201a8"], [0.3333333333333333, "#9c179e"], [0.4444444444444444, "#bd3786"], [0.5555555555555556, "#d8576b"], [0.6666666666666666, "#ed7953"], [0.7777777777777778, "#fb9f3a"], [0.8888888888888888, "#fdca26"], [1.0, "#f0f921"]], "sequentialminus": [[0.0, "#0d0887"], [0.1111111111111111, "#46039f"], [0.2222222222222222, "#7201a8"], [0.3333333333333333, "#9c179e"], [0.4444444444444444, "#bd3786"], [0.5555555555555556, "#d8576b"], [0.6666666666666666, "#ed7953"], [0.7777777777777778, "#fb9f3a"], [0.8888888888888888, "#fdca26"], [1.0, "#f0f921"]], "diverging": [[0, "#8e0152"], [0.1, "#c51b7d"], [0.2, "#de77ae"], [0.3, "#f1b6da"], [0.4, "#fde0ef"], [0.5, "#f7f7f7"], [0.6, "#e6f5d0"], [0.7, "#b8e186"], [0.8, "#7fbc41"], [0.9, "#4d9221"], [1, "#276419"]]}, "xaxis": {"gridcolor": "rgba(0, 0, 0, 0)", "linecolor": "#506784", "ticks": "", "title": {"standoff": 15}, "zerolinecolor": "#283442", "automargin": true, "zerolinewidth": 2, "tickfont": {"family": "Courier New", "size": 14}, "side": "top", "tickangle": -90}, "yaxis": {"gridcolor": "rgba(0, 0, 0, 0)", "linecolor": "#506784", "ticks": "", "title": {"standoff": 15}, "zerolinecolor": "#283442", "automargin": true, "zerolinewidth": 2, "tickfont": {"family": "Courier New"}, "side": "right"}, "scene": {"xaxis": {"backgroundcolor": "rgb(17,17,17)", "gridcolor": "#506784", "linecolor": "#506784", "showbackground": true, "ticks": "", "zerolinecolor": "#C8D4E3", "gridwidth": 2}, "yaxis": {"backgroundcolor": "rgb(17,17,17)", "gridcolor": "#506784", "linecolor": "#506784", "showbackground": true, "ticks": "", "zerolinecolor": "#C8D4E3", "gridwidth": 2}, "zaxis": {"backgroundcolor": "rgb(17,17,17)", "gridcolor": "#506784", "linecolor": "#506784", "showbackground": true, "ticks": "", "zerolinecolor": "#C8D4E3", "gridwidth": 2}}, "shapedefaults": {"line": {"color": "#f2f5fa"}}, "annotationdefaults": {"arrowcolor": "#f2f5fa", "arrowhead": 0, "arrowwidth": 1}, "geo": {"bgcolor": "rgb(17,17,17)", "landcolor": "rgb(17,17,17)", "subunitcolor": "#506784", "showland": true, "showlakes": true, "lakecolor": "rgb(17,17,17)"}, "title": {"x": 0.05, "font": {"family": "Times New Roman"}, "y": 0.05, "text": "<b>Correlation of Adj Close <b><br><i>2016/09/23 ~ 2025/05/20<i>"}, "updatemenudefaults": {"bgcolor": "#506784", "borderwidth": 0}, "sliderdefaults": {"bgcolor": "#C8D4E3", "borderwidth": 1, "bordercolor": "rgb(17,17,17)", "tickwidth": 0}, "mapbox": {"style": "dark"}, "height": 600}};

Plotly.newPlot("correlationAdjClose",
    correlationAdjClose.data,
    correlationAdjClose.layout || {},
    config);