var config = { responsive: true }

var correlationAdjClose = {"data": [{"type": "heatmap", "z": [[1.0, 0.9935256539161504, 0.9753374114021894, 0.9978172254334566, 0.9637813512894943, 0.9800992310235301, -0.9382698246445944, 0.9892290166182761, 0.9673233135188559, 0.9966140352188428, 0.9929966577401862, 0.994109910761079, 0.9972465856235487, 0.9775837723757995, 0.9995492977574378, 0.9862727507863444, 0.9118444453916309, 0.7616457816502991, 0.9855864778637055, 0.9227353658511945, 0.494270551823732, -0.3061594555577526, 0.8972040118852451, 0.9729563275507385, 0.9507183643388235], [0.9935256539161504, 1.0, 0.9706653685406759, 0.991191119811165, 0.9596424712776004, 0.9751030696149479, -0.9333261183198266, 0.9793111264207454, 0.9600009407826517, 0.9938461701622984, 0.9917991315245192, 0.9911037600345932, 0.9952580788002049, 0.9722510169384416, 0.9962875876787385, 0.9822153138693467, 0.9003555101280502, 0.7676323369816704, 0.966221654494887, 0.9005993684583903, 0.49091874015430664, -0.2288832945701363, 0.868882773822033, 0.9600418743869709, 0.9511693727793299], [0.9753374114021894, 0.9706653685406759, 1.0, 0.9812389437605783, 0.9962983631724935, 0.9784520588114278, -0.9745168302468713, 0.9683214760388348, 0.9826446959528063, 0.9853024521096857, 0.997545880727205, 0.9975146650401137, 0.9882453138614311, 0.9768278806553786, 0.9872909236920501, 0.9749279289983732, 0.8126855816220615, 0.6527878697341789, 0.9893308026366844, 0.9111268303206038, 0.3275996101856059, -0.22244389063156308, 0.9059917704485368, 0.9385531951888152, 0.9772162732961688], [0.9978172254334566, 0.991191119811165, 0.9812389437605783, 1.0, 0.974843928290289, 0.9723222884356855, -0.9328102627369421, 0.9836826215769701, 0.9644568331486346, 0.9992456618584787, 0.9923608223459014, 0.9911774344144046, 0.9999008275338443, 0.9674376049422987, 0.996022000261969, 0.9810682909326836, 0.8975624634760605, 0.734652273492162, 0.9930434211969488, 0.924629708302622, 0.47488529300120363, -0.29906119580567153, 0.8970421019602361, 0.9668654416767412, 0.9564958978151531], [0.9637813512894943, 0.9596424712776004, 0.9962983631724935, 0.974843928290289, 1.0, 0.95844080429619, -0.9561446463760909, 0.9537892114322605, 0.9704386771059739, 0.9815379171622864, 0.9884927486650101, 0.9850128993738895, 0.9845033391236574, 0.9559933153131994, 0.9758258971144937, 0.9605383828891708, 0.7925942443894262, 0.6212012751010094, 0.9883775103306933, 0.9082940044948362, 0.30877682891566705, -0.21684754598140024, 0.8899300289993677, 0.9235218621242979, 0.9748629127107498], [0.9800992310235301, 0.9751030696149479, 0.9784520588114278, 0.9723222884356855, 0.95844080429619, 1.0, -0.9793001496391301, 0.9790489503872076, 0.9785594227251823, 0.9714322440400027, 0.975709287688005, 0.9736245575514021, 0.9681052268380811, 0.9988546601891855, 0.985732358844155, 0.9855264509400553, 0.8498606225769799, 0.7277957990659478, 0.9666767764913637, 0.8893411639155641, 0.35541823917860865, -0.21146846542297892, 0.9348314890491606, 0.954834864545101, 0.9575412666083347], [-0.9382698246445944, -0.9333261183198266, -0.9745168302468713, -0.9328102627369421, -0.9561446463760909, -0.9793001496391301, 1.0, -0.94789669484209, -0.9823356554285098, -0.9406626361011869, -0.9724449702252829, -0.9745033484347977, -0.9464474050486698, -0.9857364972376758, -0.962736440269323, -0.9641665771018165, -0.7566917421275058, -0.6234369090869925, -0.939455518963847, -0.8756724910933044, -0.20778219114599564, 0.13914030071626954, -0.9016484602107523, -0.907885253120423, -0.9548895835953746], [0.9892290166182761, 0.9793111264207454, 0.9683214760388348, 0.9836826215769701, 0.9537892114322605, 0.9790489503872076, -0.94789669484209, 1.0, 0.9810663387197829, 0.980507427383494, 0.9742489587673776, 0.9733348807982287, 0.9789064892837489, 0.9750279611528263, 0.9866820793509414, 0.9963303205235157, 0.9194291935783057, 0.7001622903456961, 0.9734085233399226, 0.895471151441719, 0.36672904859153305, -0.31393855210563937, 0.9026249146090587, 0.9534510842976343, 0.9324712782981465], [0.9673233135188559, 0.9600009407826517, 0.9826446959528063, 0.9644568331486346, 0.9704386771059739, 0.9785594227251823, -0.9823356554285098, 0.9810663387197829, 1.0, 0.9635990283219532, 0.970934218784283, 0.9678694719514652, 0.9605078807635521, 0.9767538862609313, 0.9678790577703419, 0.9868007248192323, 0.8412726637606927, 0.6257215568919001, 0.9650305573327316, 0.9033284347811141, 0.2206631583582741, -0.22573244933188547, 0.8839981083005152, 0.9275634652763153, 0.9561770331174552], [0.9966140352188428, 0.9938461701622984, 0.9853024521096857, 0.9992456618584787, 0.9815379171622864, 0.9714322440400027, -0.9406626361011869, 0.980507427383494, 0.9635990283219532, 1.0, 0.9912374842663011, 0.9896548056375348, 0.999835144433904, 0.9684062155312992, 0.995247384598558, 0.9811895030304235, 0.9096985098085857, 0.7131560334890914, 0.995432797567823, 0.9178603758144303, 0.3054058163176582, -0.2328351347540079, 0.929983746406176, 0.9560091055168672, 0.9544386558593015], [0.9929966577401862, 0.9917991315245192, 0.997545880727205, 0.9923608223459014, 0.9884927486650101, 0.975709287688005, -0.9724449702252829, 0.9742489587673776, 0.970934218784283, 0.9912374842663011, 1.0, 0.99965542816297, 0.9920778974144575, 0.9767546460048194, 0.9933158555674316, 0.975708325363089, 0.9041387311744089, 0.6138906634626906, 0.9881036597991543, 0.8882137036204975, -0.24880183679441367, 0.5679180134831843, 0.9073596115510482, 0.9516719366886864, 0.9767477148774901], [0.994109910761079, 0.9911037600345932, 0.9975146650401137, 0.9911774344144046, 0.9850128993738895, 0.9736245575514021, -0.9745033484347977, 0.9733348807982287, 0.9678694719514652, 0.9896548056375348, 0.99965542816297, 1.0, 0.9908858432055195, 0.974771352242942, 0.9941630818073673, 0.9750139707017706, 0.9137471155007203, 0.5055773904611538, 0.9835652383423245, 0.8741547686639491, -0.6783857380609513, 0.5923818169852169, 0.8805160761044645, 0.9484108046028614, 0.9762941369216225], [0.9972465856235487, 0.9952580788002049, 0.9882453138614311, 0.9999008275338443, 0.9845033391236574, 0.9681052268380811, -0.9464474050486698, 0.9789064892837489, 0.9605078807635521, 0.999835144433904, 0.9920778974144575, 0.9908858432055195, 1.0, 0.9688957155211451, 0.9955829946576166, 0.9799739188104514, 0.9269568651939241, 0.6764026820089059, 0.9969591938567048, 0.8972236795712536, 0.05824379479234687, 0.4905109561730099, 0.9198403108245454, 0.9480354116267892, 0.9626731492736063], [0.9775837723757995, 0.9722510169384416, 0.9768278806553786, 0.9674376049422987, 0.9559933153131994, 0.9988546601891855, -0.9857364972376758, 0.9750279611528263, 0.9767538862609313, 0.9684062155312992, 0.9767546460048194, 0.974771352242942, 0.9688957155211451, 1.0, 0.985903946837494, 0.9832257327949792, 0.86377859042603, 0.731153197967393, 0.9620451913884583, 0.878532487657421, 0.21854315851289055, -0.14923646672311028, 0.9441320417599816, 0.9497313440913049, 0.9566150516162745], [0.9995492977574378, 0.9962875876787385, 0.9872909236920501, 0.996022000261969, 0.9758258971144937, 0.985732358844155, -0.962736440269323, 0.9866820793509414, 0.9678790577703419, 0.995247384598558, 0.9933158555674316, 0.9941630818073673, 0.9955829946576166, 0.985903946837494, 1.0, 0.9870143526445644, 0.9340582433238517, 0.7121240555729876, 0.9894074482840262, 0.8938532713643287, 0.1018999128590771, 0.49973041524192213, 0.9373269908152683, 0.9584107624573293, 0.9618243183523943], [0.9862727507863444, 0.9822153138693467, 0.9749279289983732, 0.9810682909326836, 0.9605383828891708, 0.9855264509400553, -0.9641665771018165, 0.9963303205235157, 0.9868007248192323, 0.9811895030304235, 0.975708325363089, 0.9750139707017706, 0.9799739188104514, 0.9832257327949792, 0.9870143526445644, 1.0, 0.9015607621552323, 0.7020411554713203, 0.9727397793182488, 0.8951151908533914, 0.29944882772336673, -0.22298459656966937, 0.9144473367224143, 0.9430489723405097, 0.9438477228839929], [0.9118444453916309, 0.9003555101280502, 0.8126855816220615, 0.8975624634760605, 0.7925942443894262, 0.8498606225769799, -0.7566917421275058, 0.9194291935783057, 0.8412726637606927, 0.9096985098085857, 0.9041387311744089, 0.9137471155007203, 0.9269568651939241, 0.86377859042603, 0.9340582433238517, 0.9015607621552323, 1.0, 0.8602547870254839, 0.8454666547113737, 0.8716502471900989, 0.740504032573467, -0.555106650466383, 0.668927277224509, 0.9094346610126768, 0.7851226437533938], [0.7616457816502991, 0.7676323369816704, 0.6527878697341789, 0.734652273492162, 0.6212012751010094, 0.7277957990659478, -0.6234369090869925, 0.7001622903456961, 0.6257215568919001, 0.7131560334890914, 0.6138906634626906, 0.5055773904611538, 0.6764026820089059, 0.731153197967393, 0.7121240555729876, 0.7020411554713203, 0.8602547870254839, 1.0, 0.6544310683548776, 0.7580645877186126, 0.735561856023548, -0.12925724577751907, 0.5391088560468946, 0.771941550316987, 0.6582357995456849], [0.9855864778637055, 0.966221654494887, 0.9893308026366844, 0.9930434211969488, 0.9883775103306933, 0.9666767764913637, -0.939455518963847, 0.9734085233399226, 0.9650305573327316, 0.995432797567823, 0.9881036597991543, 0.9835652383423245, 0.9969591938567048, 0.9620451913884583, 0.9894074482840262, 0.9727397793182488, 0.8454666547113737, 0.6544310683548776, 1.0, 0.8959124402007224, 0.4032908156858001, -0.29239486330202585, 0.8850851944693733, 0.9488945420968699, 0.966231879374336], [0.9227353658511945, 0.9005993684583903, 0.9111268303206038, 0.924629708302622, 0.9082940044948362, 0.8893411639155641, -0.8756724910933044, 0.895471151441719, 0.9033284347811141, 0.9178603758144303, 0.8882137036204975, 0.8741547686639491, 0.8972236795712536, 0.878532487657421, 0.8938532713643287, 0.8951151908533914, 0.8716502471900989, 0.7580645877186126, 0.8959124402007224, 1.0, 0.4494368369287384, -0.19971669630391947, 0.6924988477019816, 0.9179368957062951, 0.8795482738997957], [0.494270551823732, 0.49091874015430664, 0.3275996101856059, 0.47488529300120363, 0.30877682891566705, 0.35541823917860865, -0.20778219114599564, 0.36672904859153305, 0.2206631583582741, 0.3054058163176582, -0.24880183679441367, -0.6783857380609513, 0.05824379479234687, 0.21854315851289055, 0.1018999128590771, 0.29944882772336673, 0.740504032573467, 0.735561856023548, 0.4032908156858001, 0.4494368369287384, 1.0, -0.4320320821212185, 0.32296377976950585, 0.4773462447218188, 0.2713560593223894], [-0.3061594555577526, -0.2288832945701363, -0.22244389063156308, -0.29906119580567153, -0.21684754598140024, -0.21146846542297892, 0.13914030071626954, -0.31393855210563937, -0.22573244933188547, -0.2328351347540079, 0.5679180134831843, 0.5923818169852169, 0.4905109561730099, -0.14923646672311028, 0.49973041524192213, -0.22298459656966937, -0.555106650466383, -0.12925724577751907, -0.29239486330202585, -0.19971669630391947, -0.4320320821212185, 1.0, -0.14891180329839968, -0.3360997943093133, -0.1669137326829249], [0.8972040118852451, 0.868882773822033, 0.9059917704485368, 0.8970421019602361, 0.8899300289993677, 0.9348314890491606, -0.9016484602107523, 0.9026249146090587, 0.8839981083005152, 0.929983746406176, 0.9073596115510482, 0.8805160761044645, 0.9198403108245454, 0.9441320417599816, 0.9373269908152683, 0.9144473367224143, 0.668927277224509, 0.5391088560468946, 0.8850851944693733, 0.6924988477019816, 0.32296377976950585, -0.14891180329839968, 1.0, 0.8295561366058528, 0.8836449696616017], [0.9729563275507385, 0.9600418743869709, 0.9385531951888152, 0.9668654416767412, 0.9235218621242979, 0.954834864545101, -0.907885253120423, 0.9534510842976343, 0.9275634652763153, 0.9560091055168672, 0.9516719366886864, 0.9484108046028614, 0.9480354116267892, 0.9497313440913049, 0.9584107624573293, 0.9430489723405097, 0.9094346610126768, 0.771941550316987, 0.9488945420968699, 0.9179368957062951, 0.4773462447218188, -0.3360997943093133, 0.8295561366058528, 1.0, 0.9268628394689304], [0.9507183643388235, 0.9511693727793299, 0.9772162732961688, 0.9564958978151531, 0.9748629127107498, 0.9575412666083347, -0.9548895835953746, 0.9324712782981465, 0.9561770331174552, 0.9544386558593015, 0.9767477148774901, 0.9762941369216225, 0.9626731492736063, 0.9566150516162745, 0.9618243183523943, 0.9438477228839929, 0.7851226437533938, 0.6582357995456849, 0.966231879374336, 0.8795482738997957, 0.2713560593223894, -0.1669137326829249, 0.8836449696616017, 0.9268628394689304, 1.0]], "x": ["^TAIEX       \u81fa\u7063\u52a0\u6b0a\u5831\u916c\u6307\u6578", "^TWII        \u81fa\u7063\u52a0\u6b0a\u6307\u6578", "^TAIEXx2     \u81fa\u7063\u52a0\u6b0a\u5831\u916c\u6307\u6578_\u65e5\u6b632", "^TAI50I      \u81fa\u706350\u5831\u916c\u6307\u6578", "^TAI50Ix2    \u81fa\u706350\u5831\u916c\u6307\u6578_\u65e5\u6b632", "^TAI100I     \u81fa\u7063\u4e2d\u578b100\u5831\u916c\u6307\u6578", "^TAI100Ix2   \u81fa\u7063\u4e2d\u578b100\u5831\u916c\u6307\u6578_\u65e5\u6b632", "^TAIDIVIDI   \u81fa\u7063\u9ad8\u80a1\u606f\u5831\u916c\u6307\u6578", "^TAIDIVIDIx2 \u81fa\u7063\u9ad8\u80a1\u606f\u5831\u916c\u6307\u6578_\u65e5\u6b632", "0050         \u5143\u5927\u81fa\u706350", "00631L       \u5143\u5927\u53f0\u706350\u6b632", "00675L       \u5bcc\u90a6\u81fa\u7063\u52a0\u6b0a\u6b632", "006208       \u5bcc\u90a6\u53f050", "0051         \u5143\u5927\u4e2d\u578b100", "006204       \u6c38\u8c50\u81fa\u7063\u52a0\u6b0a", "0056         \u5143\u5927\u9ad8\u80a1\u606f", "2412         \u4e2d\u83ef\u96fb\u4fe1", "2002         \u4e2d\u92fc", "2330         \u53f0\u7a4d\u96fb", "2317         \u9d3b\u6d77", "6505         \u53f0\u5851\u77f3\u5316", "3481         \u7fa4\u5275", "2303         \u806f\u96fb", "2308         \u53f0\u9054\u96fb", "2454         \u806f\u767c\u79d1"], "y": ["^TAIEX       \u81fa\u7063\u52a0\u6b0a\u5831\u916c\u6307\u6578", "^TWII        \u81fa\u7063\u52a0\u6b0a\u6307\u6578", "^TAIEXx2     \u81fa\u7063\u52a0\u6b0a\u5831\u916c\u6307\u6578_\u65e5\u6b632", "^TAI50I      \u81fa\u706350\u5831\u916c\u6307\u6578", "^TAI50Ix2    \u81fa\u706350\u5831\u916c\u6307\u6578_\u65e5\u6b632", "^TAI100I     \u81fa\u7063\u4e2d\u578b100\u5831\u916c\u6307\u6578", "^TAI100Ix2   \u81fa\u7063\u4e2d\u578b100\u5831\u916c\u6307\u6578_\u65e5\u6b632", "^TAIDIVIDI   \u81fa\u7063\u9ad8\u80a1\u606f\u5831\u916c\u6307\u6578", "^TAIDIVIDIx2 \u81fa\u7063\u9ad8\u80a1\u606f\u5831\u916c\u6307\u6578_\u65e5\u6b632", "0050         \u5143\u5927\u81fa\u706350", "00631L       \u5143\u5927\u53f0\u706350\u6b632", "00675L       \u5bcc\u90a6\u81fa\u7063\u52a0\u6b0a\u6b632", "006208       \u5bcc\u90a6\u53f050", "0051         \u5143\u5927\u4e2d\u578b100", "006204       \u6c38\u8c50\u81fa\u7063\u52a0\u6b0a", "0056         \u5143\u5927\u9ad8\u80a1\u606f", "2412         \u4e2d\u83ef\u96fb\u4fe1", "2002         \u4e2d\u92fc", "2330         \u53f0\u7a4d\u96fb", "2317         \u9d3b\u6d77", "6505         \u53f0\u5851\u77f3\u5316", "3481         \u7fa4\u5275", "2303         \u806f\u96fb", "2308         \u53f0\u9054\u96fb", "2454         \u806f\u767c\u79d1"], "zmin": -1, "zmax": 1, "colorbar": {"x": -0.2}}], "layout": {"title": {"text": "<b>Correlation of Adj Close <b><br><i>2016/09/23 ~ 2025/05/09<i>", "y": 0.05, "font": {"family": "Times New Roman"}, "x": 0.05}, "xaxis": {"side": "top", "tickangle": -90, "gridcolor": "rgba(0, 0, 0, 0)", "tickfont": {"family": "Courier New", "size": 14}, "automargin": true}, "yaxis": {"side": "right", "gridcolor": "rgba(0, 0, 0, 0)", "tickfont": {"family": "Courier New"}, "automargin": true}, "height": 600, "font": {"family": "Courier New", "color": "#ffffff"}, "plot_bgcolor": "#000", "paper_bgcolor": "#000"}};

Plotly.newPlot("correlationAdjClose",
    correlationAdjClose.data,
    correlationAdjClose.layout || {},
    config);