var element=document.getElementById("correlationAdjClose");if(element.style.display!='none'){var correlationAdjClose={"data":[{"type":"heatmap","z":[[1.0,0.9944476158062849,0.9770657095928775,0.9974674917265953,0.9630152722043019,0.982730727038551,-0.9477351223591707,0.9900722653127102,0.9725188160899509,0.997607126601594,0.9970598479183523,0.9975459537527928,0.9937172852124616,0.994465623936374,0.9971175072700398,0.9847974995996115,0.999689308336384,0.9899932200933647,0.9016744678484709,0.9215123257513352,0.7211046670846835,0.9854445258479461,0.9268625160683541,0.4017070227534431,-0.30250464935974386,0.8998218028523698,0.9542223670406452,0.9579786869535982,0.9801832388878088,0.9661213798964114,0.9768372266001001,0.9728499229428151,0.9449997024541011,0.9812222126999518,0.9725623518283164,0.9546696858571394],[0.9944476158062849,1.0,0.9725231048637106,0.9914815876284877,0.9582125078392455,0.978531324641277,-0.9432107157387206,0.9817621766628594,0.9661054849853861,0.9928227311603691,0.9949955212171917,0.9943772186865094,0.9926980630852749,0.9921857333133067,0.9950086987253405,0.9793428800260714,0.9969257403656977,0.9842482334164171,0.9245524589061243,0.9111313624761415,0.736353287839941,0.9681033657646889,0.9078173160223796,0.4015436467186362,-0.2301139307482439,0.875928222617714,0.9440828037058463,0.9571774188578309,0.9595103238729824,0.9530128720715793,0.9670782127173253,0.9581920366611002,0.9434900855288734,0.9708093428713643,0.963129618164241,0.9491527282709841],[0.9770657095928775,0.9725231048637106,1.0,0.984097482617938,0.9956414483177448,0.9778448798182494,-0.9773509183952619,0.9683581239930784,0.9832994069464793,0.9837117669030172,0.9903556437173536,0.9869552630131518,0.9969340230159978,0.9967145109102075,0.9900819502354781,0.9760310156225553,0.9874386667997348,0.9680414209757535,0.8740073338680993,0.8302658073485314,0.6049625609434184,0.9911525057114002,0.9214941684926109,0.23370902377506372,-0.2268775052247871,0.8975187104314601,0.9416810240592693,0.9801242616611834,0.9293604741760199,0.9155914718400224,0.9672798785064558,0.9208178616840046,0.9027825235688625,0.967067038738795,0.9746900557675855,0.9208449971790507],[0.9974674917265953,0.9914815876284877,0.984097482617938,1.0,0.9759953916677336,0.9749599086823495,-0.9435773293456448,0.9836643498416178,0.9698874939348329,0.9999662566550369,0.9999904310866413,0.9999596996009514,0.9922230164519075,0.9903520779347338,0.9999448558646912,0.9743453458577617,0.9959417367696851,0.9833317713163928,0.8884740727729835,0.9065817531707181,0.6880296744937988,0.9936905945303751,0.9296281474867876,0.3736244429472294,-0.2931017423498696,0.89526913588044,0.9559994658757148,0.9641045056200955,0.9703129037551502,0.962812975804283,0.9795223351761775,0.9625393963905439,0.9325256264948328,0.9790340369423486,0.9712772160967498,0.9451139699735427],[0.9630152722043019,0.9582125078392455,0.9956414483177448,0.9759953916677336,1.0,0.9559061616883273,-0.9587966043458296,0.9504588326077509,0.9690282978386334,0.9759966425285203,0.985213019327075,0.9812501703917343,0.9852609760792417,0.9818573063235319,0.984749386102477,0.9528336261135956,0.9737309205140176,0.949920523776831,0.8504018226191088,0.8071053823170977,0.5643716686224427,0.9891677848323233,0.9176360402918138,0.20425163340459865,-0.21879198631486704,0.8734750289339382,0.9368407767012303,0.9754771456492597,0.9065969495913101,0.9000476824627254,0.960529380043246,0.8973033996141476,0.8734922084932026,0.9547088582401702,0.9614072918623712,0.8944109784521476],[0.982730727038551,0.978531324641277,0.9778448798182494,0.9749599086823495,0.9559061616883273,1.0,-0.98166646387251,0.9817153182959704,0.9812219762476079,0.9743082402843967,0.9700495942901162,0.9729043622922884,0.9772588786656418,0.9752239473625222,0.9699622074772261,0.999899882059054,0.9868006550840117,0.9827004013662963,0.9015626089753961,0.8675735420964888,0.688187492326348,0.9681444730772959,0.898431824053064,0.27153970009706696,-0.2184667747910664,0.9339242062626212,0.9333921190301391,0.9620704165415211,0.9593971861738556,0.9322761143807459,0.9544208625412274,0.9540441382106696,0.9547489318398924,0.9597171824803297,0.9778790435240536,0.9559058288683211],[-0.9477351223591707,-0.9432107157387206,-0.9773509183952619,-0.9435773293456448,-0.9587966043458296,-0.98166646387251,1.0,-0.9541141256182094,-0.9845005223045038,-0.9420612228807832,-0.9538509052282039,-0.9496474472068901,-0.9761343246528769,-0.9774835759590511,-0.9535366866968535,-0.984419031858386,-0.967628084204932,-0.9568052961884373,-0.8697030695438169,-0.7847581040403683,-0.5847542855068422,-0.9482323851587631,-0.8933280012606017,-0.1301303831033762,0.15520876137396483,-0.9001075975887752,-0.9068588588353894,-0.9608315050320759,-0.9036468895417517,-0.8679879104535457,-0.9315534113772038,-0.8960739924266088,-0.9092556554442518,-0.9310742345347038,-0.9665881040071905,-0.9106999697540398],[0.9900722653127102,0.9817621766628594,0.9683581239930784,0.9836643498416178,0.9504588326077509,0.9817153182959704,-0.9541141256182094,1.0,0.9832597585050789,0.9836081093878848,0.9794373184346018,0.9826597679823459,0.9759802101232651,0.9751955553893544,0.9795656024463796,0.9835706365699345,0.9879718668481537,0.999875554349595,0.9272305420913842,0.9268800510004959,0.6555340613053326,0.9728712565406312,0.8990385371857536,0.25468015434034175,-0.311573075252669,0.9052760671355479,0.9238224881524149,0.9410076742333875,0.97877702428559,0.9553253356754733,0.9683114531215717,0.9646979686491073,0.9371298484038779,0.961490228925032,0.9595433562865207,0.9659415838187667],[0.9725188160899509,0.9661054849853861,0.9832994069464793,0.9698874939348329,0.9690282978386334,0.9812219762476079,-0.9845005223045038,0.9832597585050789,1.0,0.9690411796901464,0.9660769773037658,0.9680664305083926,0.9743972891413963,0.9715940613837484,0.9659189804420233,0.9802824668854456,0.9725926299357701,0.9825751548947734,0.9036109694753263,0.8573752912710074,0.5783057011483944,0.9692488241197074,0.9123928693134982,0.11296348245442445,-0.23241921215208894,0.885185388500156,0.9131964987874377,0.962928586782552,0.936443276008712,0.9020462508007996,0.9590929562766173,0.9207309225332394,0.9047181046061915,0.9492423977721183,0.971577600447731,0.9246095725475828],[0.997607126601594,0.9928227311603691,0.9837117669030172,0.9999662566550369,0.9759966425285203,0.9743082402843967,-0.9420612228807832,0.9836081093878848,0.9690411796901464,1.0,0.9999887147103973,0.999983370546672,0.9920860556384473,0.9901866669983057,0.9999506159393232,0.9737055059354108,0.9958016955512561,0.9833753684633255,0.8903910378662337,0.9076461202082037,0.6870986209842145,0.9938836387032218,0.9294429617448363,0.378878411569109,-0.29247494845221045,0.8963875926055404,0.9545693311834563,0.9626100094854135,0.9700405495656182,0.9620368447898846,0.9784307824072681,0.9619302698123043,0.9310474577198787,0.978189668842928,0.9699744623876878,0.9434315798257206],[0.9970598479183523,0.9949955212171917,0.9903556437173536,0.9999904310866413,0.985213019327075,0.9700495942901162,-0.9538509052282039,0.9794373184346018,0.9660769773037658,0.9999887147103973,1.0,0.9999727864937906,0.9922493886135958,0.9903483263575265,0.9999537376817302,0.9701109074645602,0.9955969029956682,0.9801856419127188,0.9162287768800309,0.9334108406255038,0.5907533731062495,0.9971900584420333,0.9103235710628397,-0.0935931878553957,0.40866868353639446,0.9041457536161419,0.9282878506464992,0.9694397419412433,0.9617524077450763,0.9456784467844627,0.9690085022122485,0.9424795613238065,0.9148497478292669,0.9679230630447038,0.9817670644746592,0.9399715060431738],[0.9975459537527928,0.9943772186865094,0.9869552630131518,0.9999596996009514,0.9812501703917343,0.9729043622922884,-0.9496474472068901,0.9826597679823459,0.9680664305083926,0.999983370546672,0.9999727864937906,1.0,0.9920982203978669,0.9901720848529731,0.9999626903030735,0.9729763186560036,0.9957362900687488,0.9829586941467104,0.898519182517688,0.9237690646586727,0.6465038027036053,0.9961270068337873,0.9248185280304891,0.12157717053299133,-0.1960424080534655,0.9149681380563094,0.9421889360514916,0.9594241433399178,0.9649399343305133,0.9541301607852192,0.9747551378409911,0.95350637154157,0.9298286119465324,0.9742272232099256,0.9698988914633299,0.9493822242934518],[0.9937172852124616,0.9926980630852749,0.9969340230159978,0.9922230164519075,0.9852609760792417,0.9772588786656418,-0.9761343246528769,0.9759802101232651,0.9743972891413963,0.9920860556384473,0.9922493886135958,0.9920982203978669,1.0,0.9997197613442866,0.9922647100731505,0.9774679806667025,0.993884057094801,0.9769769658508437,0.9134490579949723,0.919072864353608,0.5283205793199047,0.9873405324423858,0.9035507069194134,-0.37010949963767675,0.43179068551404953,0.8929581192454729,0.9208616647293094,0.9784650933013567,0.9465264814242436,0.9125139162391009,0.951672653629856,0.9195534822410253,0.886829645529475,0.9662989129844515,0.9808547934436844,0.933168868678684],[0.994465623936374,0.9921857333133067,0.9967145109102075,0.9903520779347338,0.9818573063235319,0.9752239473625222,-0.9774835759590511,0.9751955553893544,0.9715940613837484,0.9901866669983057,0.9903483263575265,0.9901720848529731,0.9997197613442866,1.0,0.9905029741716711,0.9753879170385354,0.99448071227392,0.9764044849405353,0.8998334884149576,0.9273413397196838,0.39970286550251444,0.9826567013532422,0.8946084256726732,-0.7381352568980617,0.40618025977029887,0.8632648139307207,0.9157008319500313,0.9774955660572993,0.9400778833608259,0.8980066641229852,0.9437707530898584,0.9185314930292724,0.8659036974266552,0.9681053909736334,0.9793050599188836,0.925731717515035],[0.9971175072700398,0.9950086987253405,0.9900819502354781,0.9999448558646912,0.984749386102477,0.9699622074772261,-0.9535366866968535,0.9795656024463796,0.9659189804420233,0.9999506159393232,0.9999537376817302,0.9999626903030735,0.9922647100731505,0.9905029741716711,1.0,0.9700297113186584,0.9956314442386862,0.9802889696097107,0.9164107187462217,0.9340916966944474,0.5908213430517821,0.9970009305526315,0.9104674064752496,-0.09178050734607952,0.4087846903932357,0.9040158502214689,0.9263003890456537,0.9687580474002525,0.9620996401915615,0.9462124883447588,0.9689915606790658,0.9431414876999032,0.9154213828632745,0.9678491135694116,0.981684948910109,0.9405164531589671],[0.9847974995996115,0.9793428800260714,0.9760310156225553,0.9743453458577617,0.9528336261135956,0.999899882059054,-0.984419031858386,0.9835706365699345,0.9802824668854456,0.9737055059354108,0.9701109074645602,0.9729763186560036,0.9774679806667025,0.9753879170385354,0.9700297113186584,1.0,0.9870284780379772,0.9829130195641511,0.9046298677457584,0.8913025266095015,0.6838150423420086,0.9662009699715686,0.8933344850074834,0.132661599168292,-0.19732749008444858,0.9419363077954084,0.926789957183561,0.9588916394830871,0.9628135518123746,0.9294215422769099,0.9508885174957875,0.9551045717984321,0.9541222774807318,0.9619662721056175,0.9772417854437527,0.9604986928451736],[0.999689308336384,0.9969257403656977,0.9874386667997348,0.9959417367696851,0.9737309205140176,0.9868006550840117,-0.967628084204932,0.9879718668481537,0.9725926299357701,0.9958016955512561,0.9955969029956682,0.9957362900687488,0.993884057094801,0.99448071227392,0.9956314442386862,0.9870284780379772,1.0,0.9886942958687347,0.9297622575875546,0.9400655033516665,0.6401086306677518,0.9888875860010782,0.9046550514905474,-0.03468945093232294,0.43195642875297646,0.9276069326193841,0.9287352931230768,0.9673414586362308,0.9753987234867576,0.9508499132262478,0.9664191820526813,0.9584078571835576,0.9409016131164913,0.973478069589173,0.9858822520622567,0.9629649382541614],[0.9899932200933647,0.9842482334164171,0.9680414209757535,0.9833317713163928,0.949920523776831,0.9827004013662963,-0.9568052961884373,0.999875554349595,0.9825751548947734,0.9833753684633255,0.9801856419127188,0.9829586941467104,0.9769769658508437,0.9764044849405353,0.9802889696097107,0.9829130195641511,0.9886942958687347,1.0,0.9302629797966562,0.9331137680755787,0.6535865245636535,0.9716188407445541,0.9033097876591357,0.2194235393413034,-0.29320523881536487,0.9104633688047604,0.9195952325854581,0.9409860024835482,0.9792594013103929,0.9547270709274462,0.9667204613992436,0.9632906639803565,0.9369690506684931,0.9607708263982587,0.9575169343613716,0.9671421085076188],[0.9016744678484709,0.9245524589061243,0.8740073338680993,0.8884740727729835,0.8504018226191088,0.9015626089753961,-0.8697030695438169,0.9272305420913842,0.9036109694753263,0.8903910378662337,0.9162287768800309,0.898519182517688,0.9134490579949723,0.8998334884149576,0.9164107187462217,0.9046298677457584,0.9297622575875546,0.9302629797966562,1.0,0.821467456179317,0.7119897094546095,0.8626236232118084,0.81259325046712,0.2887166112141929,-0.1612239803696177,0.8524800379786772,0.804107061142923,0.8512730444323534,0.8883259818047986,0.8534353547847352,0.8553225061054854,0.8665631136236699,0.8525109288785729,0.8529409879057532,0.8757683314851981,0.8925369804636525],[0.9215123257513352,0.9111313624761415,0.8302658073485314,0.9065817531707181,0.8071053823170977,0.8675735420964888,-0.7847581040403683,0.9268800510004959,0.8573752912710074,0.9076461202082037,0.9334108406255038,0.9237690646586727,0.919072864353608,0.9273413397196838,0.9340916966944474,0.8913025266095015,0.9400655033516665,0.9331137680755787,0.821467456179317,1.0,0.8335815462965704,0.8584518804199838,0.8728765552748687,0.6580488035783403,-0.5287582894072885,0.7062409810961358,0.8831636360750289,0.8069270214771466,0.9584571209020084,0.9363093877605935,0.900586567848174,0.9453982348453739,0.8971561384363652,0.9001660261785952,0.8490762578496162,0.8829018274860949],[0.7211046670846835,0.736353287839941,0.6049625609434184,0.6880296744937988,0.5643716686224427,0.688187492326348,-0.5847542855068422,0.6555340613053326,0.5783057011483944,0.6870986209842145,0.5907533731062495,0.6465038027036053,0.5283205793199047,0.39970286550251444,0.5908213430517821,0.6838150423420086,0.6401086306677518,0.6535865245636535,0.7119897094546095,0.8335815462965704,1.0,0.6139973928290144,0.723659054603305,0.7263880134645981,-0.11677371742487797,0.5375903491790738,0.6862151969707047,0.6215300280433521,0.7817090488556947,0.7135408793729584,0.6454238429530661,0.7509266667045906,0.7590144851674249,0.6827325874537029,0.6474151376701258,0.6944539367867326],[0.9854445258479461,0.9681033657646889,0.9911525057114002,0.9936905945303751,0.9891677848323233,0.9681444730772959,-0.9482323851587631,0.9728712565406312,0.9692488241197074,0.9938836387032218,0.9971900584420333,0.9961270068337873,0.9873405324423858,0.9826567013532422,0.9970009305526315,0.9662009699715686,0.9888875860010782,0.9716188407445541,0.8626236232118084,0.8584518804199838,0.6139973928290144,1.0,0.9040749093779197,0.29998622418247123,-0.2861402729847779,0.8803368528585183,0.9480072475994128,0.9719903690994798,0.9391735594866569,0.9458142962177599,0.9719640896686111,0.9405798104639882,0.9071369473688777,0.9692807994050984,0.9570852561608276,0.9259824514276699],[0.9268625160683541,0.9078173160223796,0.9214941684926109,0.9296281474867876,0.9176360402918138,0.898431824053064,-0.8933280012606017,0.8990385371857536,0.9123928693134982,0.9294429617448363,0.9103235710628397,0.9248185280304891,0.9035507069194134,0.8946084256726732,0.9104674064752496,0.8933344850074834,0.9046550514905474,0.9033097876591357,0.81259325046712,0.8728765552748687,0.723659054603305,0.9040749093779197,1.0,0.3420714438236128,-0.19017252330890957,0.7064227113208948,0.9166944009536832,0.8941033947177285,0.8996326714724451,0.8550702206140323,0.9291633465230332,0.8715510036502552,0.8418331564675694,0.9250913652485534,0.8736526788340131,0.8506343042507346],[0.4017070227534431,0.4015436467186362,0.23370902377506372,0.3736244429472294,0.20425163340459865,0.27153970009706696,-0.1301303831033762,0.25468015434034175,0.11296348245442445,0.378878411569109,-0.0935931878553957,0.12157717053299133,-0.37010949963767675,-0.7381352568980617,-0.09178050734607952,0.132661599168292,-0.03468945093232294,0.2194235393413034,0.2887166112141929,0.6580488035783403,0.7263880134645981,0.29998622418247123,0.3420714438236128,1.0,-0.3865366308749925,0.27676765399950753,0.33040807959030566,0.19126887012341376,0.4848778305965527,0.478538091841166,0.333758627599284,0.5010237789622867,0.4205039523397153,0.3586759924967193,0.27923665182532986,0.3945233043369],[-0.30250464935974386,-0.2301139307482439,-0.2268775052247871,-0.2931017423498696,-0.21879198631486704,-0.2184667747910664,0.15520876137396483,-0.311573075252669,-0.23241921215208894,-0.29247494845221045,0.40866868353639446,-0.1960424080534655,0.43179068551404953,0.40618025977029887,0.4087846903932357,-0.19732749008444858,0.43195642875297646,-0.29320523881536487,-0.1612239803696177,-0.5287582894072885,-0.11677371742487797,-0.2861402729847779,-0.19017252330890957,-0.3865366308749925,1.0,-0.15227449047114727,-0.3061939616225711,-0.17973035536389906,-0.38833534117575896,-0.3773648505873786,-0.32264695451596326,-0.3454514235025227,-0.2064927744220507,-0.34816383177496163,-0.18196172609645267,-0.317566664057262],[0.8998218028523698,0.875928222617714,0.8975187104314601,0.89526913588044,0.8734750289339382,0.9339242062626212,-0.9001075975887752,0.9052760671355479,0.885185388500156,0.8963875926055404,0.9041457536161419,0.9149681380563094,0.8929581192454729,0.8632648139307207,0.9040158502214689,0.9419363077954084,0.9276069326193841,0.9104633688047604,0.8524800379786772,0.7062409810961358,0.5375903491790738,0.8803368528585183,0.7064227113208948,0.27676765399950753,-0.15227449047114727,1.0,0.8061309671066449,0.8832952330687114,0.8151476267760135,0.8606131586788704,0.8266939855451355,0.8686745300737901,0.8641731127505773,0.857787474356108,0.8669748762303469,0.8966471739731523],[0.9542223670406452,0.9440828037058463,0.9416810240592693,0.9559994658757148,0.9368407767012303,0.9333921190301391,-0.9068588588353894,0.9238224881524149,0.9131964987874377,0.9545693311834563,0.9282878506464992,0.9421889360514916,0.9208616647293094,0.9157008319500313,0.9263003890456537,0.926789957183561,0.9287352931230768,0.9195952325854581,0.804107061142923,0.8831636360750289,0.6862151969707047,0.9480072475994128,0.9166944009536832,0.33040807959030566,-0.3061939616225711,0.8061309671066449,1.0,0.9235884864499708,0.9319309959110919,0.9158302796594877,0.936545418716362,0.9172470602705114,0.8843777351507232,0.9446693699206411,0.9157962377864436,0.8931043036923232],[0.9579786869535982,0.9571774188578309,0.9801242616611834,0.9641045056200955,0.9754771456492597,0.9620704165415211,-0.9608315050320759,0.9410076742333875,0.962928586782552,0.9626100094854135,0.9694397419412433,0.9594241433399178,0.9784650933013567,0.9774955660572993,0.9687580474002525,0.9588916394830871,0.9673414586362308,0.9409860024835482,0.8512730444323534,0.8069270214771466,0.6215300280433521,0.9719903690994798,0.8941033947177285,0.19126887012341376,-0.17973035536389906,0.8832952330687114,0.9235884864499708,1.0,0.9072551812476297,0.8890955592631742,0.9422730325200066,0.889637641571685,0.8854363230976563,0.947699307832879,0.9725662056399633,0.8871469993297652],[0.9801832388878088,0.9595103238729824,0.9293604741760199,0.9703129037551502,0.9065969495913101,0.9593971861738556,-0.9036468895417517,0.97877702428559,0.936443276008712,0.9700405495656182,0.9617524077450763,0.9649399343305133,0.9465264814242436,0.9400778833608259,0.9620996401915615,0.9628135518123746,0.9753987234867576,0.9792594013103929,0.8883259818047986,0.9584571209020084,0.7817090488556947,0.9391735594866569,0.8996326714724451,0.4848778305965527,-0.38833534117575896,0.8151476267760135,0.9319309959110919,0.9072551812476297,1.0,0.9859563814794386,0.9640591302248848,0.990180071704547,0.9519703863799,0.9598785171192011,0.914305292902914,0.9674011086297606],[0.9661213798964114,0.9530128720715793,0.9155914718400224,0.962812975804283,0.9000476824627254,0.9322761143807459,-0.8679879104535457,0.9553253356754733,0.9020462508007996,0.9620368447898846,0.9456784467844627,0.9541301607852192,0.9125139162391009,0.8980066641229852,0.9462124883447588,0.9294215422769099,0.9508499132262478,0.9547270709274462,0.8534353547847352,0.9363093877605935,0.7135408793729584,0.9458142962177599,0.8550702206140323,0.478538091841166,-0.3773648505873786,0.8606131586788704,0.9158302796594877,0.8890955592631742,0.9859563814794386,1.0,0.9516934043972065,0.9836173023568171,0.9550269573124415,0.9386261034218469,0.9221585278384157,0.9622475434672035],[0.9768372266001001,0.9670782127173253,0.9672798785064558,0.9795223351761775,0.960529380043246,0.9544208625412274,-0.9315534113772038,0.9683114531215717,0.9590929562766173,0.9784307824072681,0.9690085022122485,0.9747551378409911,0.951672653629856,0.9437707530898584,0.9689915606790658,0.9508885174957875,0.9664191820526813,0.9667204613992436,0.8553225061054854,0.900586567848174,0.6454238429530661,0.9719640896686111,0.9291633465230332,0.333758627599284,-0.32264695451596326,0.8266939855451355,0.936545418716362,0.9422730325200066,0.9640591302248848,0.9516934043972065,1.0,0.9530724312786075,0.9149685618098694,0.9766460057980063,0.959344665611873,0.9412475489749305],[0.9728499229428151,0.9581920366611002,0.9208178616840046,0.9625393963905439,0.8973033996141476,0.9540441382106696,-0.8960739924266088,0.9646979686491073,0.9207309225332394,0.9619302698123043,0.9424795613238065,0.95350637154157,0.9195534822410253,0.9185314930292724,0.9431414876999032,0.9551045717984321,0.9584078571835576,0.9632906639803565,0.8665631136236699,0.9453982348453739,0.7509266667045906,0.9405798104639882,0.8715510036502552,0.5010237789622867,-0.3454514235025227,0.8686745300737901,0.9172470602705114,0.889637641571685,0.990180071704547,0.9836173023568171,0.9530724312786075,1.0,0.9735968113162675,0.9453411503067806,0.9381647098625642,0.9630767926360165],[0.9449997024541011,0.9434900855288734,0.9027825235688625,0.9325256264948328,0.8734922084932026,0.9547489318398924,-0.9092556554442518,0.9371298484038779,0.9047181046061915,0.9310474577198787,0.9148497478292669,0.9298286119465324,0.886829645529475,0.8659036974266552,0.9154213828632745,0.9541222774807318,0.9409016131164913,0.9369690506684931,0.8525109288785729,0.8971561384363652,0.7590144851674249,0.9071369473688777,0.8418331564675694,0.4205039523397153,-0.2064927744220507,0.8641731127505773,0.8843777351507232,0.8854363230976563,0.9519703863799,0.9550269573124415,0.9149685618098694,0.9735968113162675,1.0,0.9071509089938459,0.9316486539944969,0.9540434615696998],[0.9812222126999518,0.9708093428713643,0.967067038738795,0.9790340369423486,0.9547088582401702,0.9597171824803297,-0.9310742345347038,0.961490228925032,0.9492423977721183,0.978189668842928,0.9679230630447038,0.9742272232099256,0.9662989129844515,0.9681053909736334,0.9678491135694116,0.9619662721056175,0.973478069589173,0.9607708263982587,0.8529409879057532,0.9001660261785952,0.6827325874537029,0.9692807994050984,0.9250913652485534,0.3586759924967193,-0.34816383177496163,0.857787474356108,0.9446693699206411,0.947699307832879,0.9598785171192011,0.9386261034218469,0.9766460057980063,0.9453411503067806,0.9071509089938459,1.0,0.9562124023418639,0.9414117003848271],[0.9725623518283164,0.963129618164241,0.9746900557675855,0.9712772160967498,0.9614072918623712,0.9778790435240536,-0.9665881040071905,0.9595433562865207,0.971577600447731,0.9699744623876878,0.9817670644746592,0.9698988914633299,0.9808547934436844,0.9793050599188836,0.981684948910109,0.9772417854437527,0.9858822520622567,0.9575169343613716,0.8757683314851981,0.8490762578496162,0.6474151376701258,0.9570852561608276,0.8736526788340131,0.27923665182532986,-0.18196172609645267,0.8669748762303469,0.9157962377864436,0.9725662056399633,0.914305292902914,0.9221585278384157,0.959344665611873,0.9381647098625642,0.9316486539944969,0.9562124023418639,1.0,0.9187855212106201],[0.9546696858571394,0.9491527282709841,0.9208449971790507,0.9451139699735427,0.8944109784521476,0.9559058288683211,-0.9106999697540398,0.9659415838187667,0.9246095725475828,0.9434315798257206,0.9399715060431738,0.9493822242934518,0.933168868678684,0.925731717515035,0.9405164531589671,0.9604986928451736,0.9629649382541614,0.9671421085076188,0.8925369804636525,0.8829018274860949,0.6944539367867326,0.9259824514276699,0.8506343042507346,0.3945233043369,-0.317566664057262,0.8966471739731523,0.8931043036923232,0.8871469993297652,0.9674011086297606,0.9622475434672035,0.9412475489749305,0.9630767926360165,0.9540434615696998,0.9414117003848271,0.9187855212106201,1.0]],"x":["^TAIEX       \u81fa\u7063\u52a0\u6b0a\u5831\u916c\u6307\u6578","^TWII        \u81fa\u7063\u52a0\u6b0a\u6307\u6578","^TAIEXx2     \u81fa\u7063\u52a0\u6b0a\u5831\u916c\u6307\u6578_\u65e5\u6b632","^TAI50I      \u81fa\u706350\u5831\u916c\u6307\u6578","^TAI50Ix2    \u81fa\u706350\u5831\u916c\u6307\u6578_\u65e5\u6b632","^TAI100I     \u81fa\u7063\u4e2d\u578b100\u5831\u916c\u6307\u6578","^TAI100Ix2   \u81fa\u7063\u4e2d\u578b100\u5831\u916c\u6307\u6578_\u65e5\u6b632","^TAIDIVIDI   \u81fa\u7063\u9ad8\u80a1\u606f\u5831\u916c\u6307\u6578","^TAIDIVIDIx2 \u81fa\u7063\u9ad8\u80a1\u606f\u5831\u916c\u6307\u6578_\u65e5\u6b632","0050Fund     \u5143\u5927\u53f0\u7063\u5353\u8d8a50\u57fa\u91d1","006208Fund   \u5bcc\u90a6\u53f0\u7063\u91c6\u540950\u57fa\u91d1","0050         \u5143\u5927\u81fa\u706350","00631L       \u5143\u5927\u53f0\u706350\u6b632","00675L       \u5bcc\u90a6\u81fa\u7063\u52a0\u6b0a\u6b632","006208       \u5bcc\u90a6\u53f050","0051         \u5143\u5927\u4e2d\u578b100","006204       \u6c38\u8c50\u81fa\u7063\u52a0\u6b0a","0056         \u5143\u5927\u9ad8\u80a1\u606f","0056         \u5143\u5927\u9ad8\u80a1\u606f_\u80a1\u606f\u4e0d\u6295\u5165","2412         \u4e2d\u83ef\u96fb\u4fe1","2002         \u4e2d\u92fc","2330         \u53f0\u7a4d\u96fb","2317         \u9d3b\u6d77","6505         \u53f0\u5851\u77f3\u5316","3481         \u7fa4\u5275","2303         \u806f\u96fb","2308         \u53f0\u9054\u96fb","2454         \u806f\u767c\u79d1","2886         \u5146\u8c50\u91d1","2884         \u7389\u5c71\u91d1","2891         \u4e2d\u4fe1\u91d1","2892         \u7b2c\u4e00\u91d1","5880         \u5408\u5eab\u91d1","2881         \u5bcc\u90a6\u91d1","2885         \u5143\u5927\u91d1","2887         \u53f0\u65b0\u91d1"],"y":["^TAIEX       \u81fa\u7063\u52a0\u6b0a\u5831\u916c\u6307\u6578","^TWII        \u81fa\u7063\u52a0\u6b0a\u6307\u6578","^TAIEXx2     \u81fa\u7063\u52a0\u6b0a\u5831\u916c\u6307\u6578_\u65e5\u6b632","^TAI50I      \u81fa\u706350\u5831\u916c\u6307\u6578","^TAI50Ix2    \u81fa\u706350\u5831\u916c\u6307\u6578_\u65e5\u6b632","^TAI100I     \u81fa\u7063\u4e2d\u578b100\u5831\u916c\u6307\u6578","^TAI100Ix2   \u81fa\u7063\u4e2d\u578b100\u5831\u916c\u6307\u6578_\u65e5\u6b632","^TAIDIVIDI   \u81fa\u7063\u9ad8\u80a1\u606f\u5831\u916c\u6307\u6578","^TAIDIVIDIx2 \u81fa\u7063\u9ad8\u80a1\u606f\u5831\u916c\u6307\u6578_\u65e5\u6b632","0050Fund     \u5143\u5927\u53f0\u7063\u5353\u8d8a50\u57fa\u91d1","006208Fund   \u5bcc\u90a6\u53f0\u7063\u91c6\u540950\u57fa\u91d1","0050         \u5143\u5927\u81fa\u706350","00631L       \u5143\u5927\u53f0\u706350\u6b632","00675L       \u5bcc\u90a6\u81fa\u7063\u52a0\u6b0a\u6b632","006208       \u5bcc\u90a6\u53f050","0051         \u5143\u5927\u4e2d\u578b100","006204       \u6c38\u8c50\u81fa\u7063\u52a0\u6b0a","0056         \u5143\u5927\u9ad8\u80a1\u606f","0056         \u5143\u5927\u9ad8\u80a1\u606f_\u80a1\u606f\u4e0d\u6295\u5165","2412         \u4e2d\u83ef\u96fb\u4fe1","2002         \u4e2d\u92fc","2330         \u53f0\u7a4d\u96fb","2317         \u9d3b\u6d77","6505         \u53f0\u5851\u77f3\u5316","3481         \u7fa4\u5275","2303         \u806f\u96fb","2308         \u53f0\u9054\u96fb","2454         \u806f\u767c\u79d1","2886         \u5146\u8c50\u91d1","2884         \u7389\u5c71\u91d1","2891         \u4e2d\u4fe1\u91d1","2892         \u7b2c\u4e00\u91d1","5880         \u5408\u5eab\u91d1","2881         \u5bcc\u90a6\u91d1","2885         \u5143\u5927\u91d1","2887         \u53f0\u65b0\u91d1"],"zmin":-1,"zmax":1,"colorbar":{"x":-0.2}}],"layout":{"autotypenumbers":"strict","colorway":["#636efa","#EF553B","#00cc96","#ab63fa","#FFA15A","#19d3f3","#FF6692","#B6E880","#FF97FF","#FECB52"],"font":{"color":"#f2f5fa","family":"Courier New"},"hovermode":"closest","hoverlabel":{"align":"left"},"paper_bgcolor":"rgb(17,17,17)","plot_bgcolor":"rgb(17,17,17)","polar":{"bgcolor":"rgb(17,17,17)","angularaxis":{"gridcolor":"#506784","linecolor":"#506784","ticks":""},"radialaxis":{"gridcolor":"#506784","linecolor":"#506784","ticks":""}},"ternary":{"bgcolor":"rgb(17,17,17)","aaxis":{"gridcolor":"#506784","linecolor":"#506784","ticks":""},"baxis":{"gridcolor":"#506784","linecolor":"#506784","ticks":""},"caxis":{"gridcolor":"#506784","linecolor":"#506784","ticks":""}},"coloraxis":{"colorbar":{"outlinewidth":0,"ticks":""}},"colorscale":{"sequential":[[0.0,"#0d0887"],[0.1111111111111111,"#46039f"],[0.2222222222222222,"#7201a8"],[0.3333333333333333,"#9c179e"],[0.4444444444444444,"#bd3786"],[0.5555555555555556,"#d8576b"],[0.6666666666666666,"#ed7953"],[0.7777777777777778,"#fb9f3a"],[0.8888888888888888,"#fdca26"],[1.0,"#f0f921"]],"sequentialminus":[[0.0,"#0d0887"],[0.1111111111111111,"#46039f"],[0.2222222222222222,"#7201a8"],[0.3333333333333333,"#9c179e"],[0.4444444444444444,"#bd3786"],[0.5555555555555556,"#d8576b"],[0.6666666666666666,"#ed7953"],[0.7777777777777778,"#fb9f3a"],[0.8888888888888888,"#fdca26"],[1.0,"#f0f921"]],"diverging":[[0,"#8e0152"],[0.1,"#c51b7d"],[0.2,"#de77ae"],[0.3,"#f1b6da"],[0.4,"#fde0ef"],[0.5,"#f7f7f7"],[0.6,"#e6f5d0"],[0.7,"#b8e186"],[0.8,"#7fbc41"],[0.9,"#4d9221"],[1,"#276419"]]},"xaxis":{"gridcolor":"rgba(0, 0, 0, 0)","linecolor":"#506784","ticks":"","title":{"standoff":15},"zerolinecolor":"#283442","automargin":true,"zerolinewidth":2,"tickfont":{"family":"Courier New","size":14},"side":"top","tickangle":-90},"yaxis":{"gridcolor":"rgba(0, 0, 0, 0)","linecolor":"#506784","ticks":"","title":{"standoff":15},"zerolinecolor":"#283442","automargin":true,"zerolinewidth":2,"tickfont":{"family":"Courier New"},"side":"right"},"scene":{"xaxis":{"backgroundcolor":"rgb(17,17,17)","gridcolor":"#506784","linecolor":"#506784","showbackground":true,"ticks":"","zerolinecolor":"#C8D4E3","gridwidth":2},"yaxis":{"backgroundcolor":"rgb(17,17,17)","gridcolor":"#506784","linecolor":"#506784","showbackground":true,"ticks":"","zerolinecolor":"#C8D4E3","gridwidth":2},"zaxis":{"backgroundcolor":"rgb(17,17,17)","gridcolor":"#506784","linecolor":"#506784","showbackground":true,"ticks":"","zerolinecolor":"#C8D4E3","gridwidth":2}},"shapedefaults":{"line":{"color":"#f2f5fa"}},"annotationdefaults":{"arrowcolor":"#f2f5fa","arrowhead":0,"arrowwidth":1},"geo":{"bgcolor":"rgb(17,17,17)","landcolor":"rgb(17,17,17)","subunitcolor":"#506784","showland":true,"showlakes":true,"lakecolor":"rgb(17,17,17)"},"title":{"x":0.05,"font":{"family":"Times New Roman"},"y":0.05,"text":"<b>Correlation of Adj Close<b><br><i>2016-09-23 ~ 2025-10-01<i>"},"updatemenudefaults":{"bgcolor":"#506784","borderwidth":0},"sliderdefaults":{"bgcolor":"#C8D4E3","borderwidth":1,"bordercolor":"rgb(17,17,17)","tickwidth":0},"mapbox":{"style":"dark"},"annotations":[{"text":"<b>@zwindr<b>","textangle":0,"opacity":0.5,"font":{"color":"white","size":12},"xref":"paper","yref":"paper","xanchor":"left","yanchor":"bottom","x":1.0,"y":1.0,"showarrow":false}]},"config":{"responsive":true,"toImageButtonOptions":{"filename":"Correlation of Adj Close_2016-09-23~2025-10-01","scale":5}}};Plotly.newPlot("correlationAdjClose",correlationAdjClose.data,correlationAdjClose.layout||{},correlationAdjClose.config);}else{console.log("style display is none => correlationAdjClose");}