var correlationClose = {"data": [{"type": "heatmap", "z": [[1.0, 0.9999999999999983, 1.0, 0.9955864897552917, 0.9955864897552917, 0.9611323265626338, 0.9611323265626338, 0.8964093161365344, 0.8964093161365344, 0.9269216315755524, 0.9950917158022778, 0.9413281228287697, 0.9925881503512843, 0.9921648190445076, 0.9950366675467848, 0.9715838258081395, 0.9988816215945577, 0.9268016017093426, 0.7828633137453124, -0.07974448975649874, 0.9766816046341911, 0.06089611453159899, -0.003631857971189518, -0.2517521712002167, 0.8243669185698469, 0.9511420373186895, 0.90429924184147, 0.9275116143814427, 0.7679943252241093, 0.47751520258280167, 0.6104145889315921, 0.6388606815701694, 0.9281638543072105, 0.810785460370795, 0.16916492247359277], [0.9999999999999983, 1.0, 0.9999999999999984, 0.9955342054422255, 0.9955342054422255, 0.9604872028642232, 0.9604872028642232, 0.8976851948179112, 0.8976851948179112, 0.9273114298146966, 0.9950651987025252, 0.94042014409562, 0.9923349792362326, 0.9915910665788829, 0.9950007616774609, 0.9708492672967813, 0.998884730999768, 0.9273187651867913, 0.8035093352943743, 0.1272498681150208, 0.9676354510622368, -0.10146111637067945, 0.0038542653975215994, -0.25208052362167954, 0.6483243581579424, 0.9511010438621775, 0.8762575104181889, 0.9220900654317363, 0.781246115439376, 0.46899767848710056, 0.6074012002827233, 0.6696769201636613, 0.9252215970067101, 0.6730126390456039, 0.1653647271928721], [1.0, 0.9999999999999984, 1.0, 0.9955864897552917, 0.9955864897552917, 0.9611323265626338, 0.9611323265626338, 0.8964093161365344, 0.8964093161365344, 0.9269216315755524, 0.9950917158022778, 0.9413281228287697, 0.9925881503512843, 0.9921648190445076, 0.9950366675467848, 0.9715838258081395, 0.9988816215945577, 0.9268016017093426, 0.7828633137453124, -0.07974448975649874, 0.9766816046341911, 0.06089611453159899, -0.003631857971189518, -0.2517521712002167, 0.8243669185698469, 0.9511420373186895, 0.90429924184147, 0.9275116143814427, 0.7679943252241093, 0.47751520258280167, 0.6104145889315921, 0.6388606815701694, 0.9281638543072105, 0.810785460370795, 0.16916492247359277], [0.9955864897552917, 0.9955342054422255, 0.9955864897552917, 1.0, 1.0, 0.9480482903888762, 0.9480482903888762, 0.8823549377622383, 0.8823549377622383, 0.9202794915082432, 0.9994624441207185, 0.9366360413485911, 0.9881379024360324, 0.9838736286727549, 0.9993984767264603, 0.954021548819394, 0.9947331042929036, 0.9081922072892011, 0.7623509679498609, -0.08538824449852706, 0.988577328528324, 0.08060911536263797, -0.034541112027769945, -0.25535688385025074, 0.8248138797697223, 0.9426925566837131, 0.9095086959534792, 0.9170849952722407, 0.7797201166220097, 0.5039251834777676, 0.6048291803846517, 0.6131280291860507, 0.9216376865567901, 0.8006222824919285, 0.18163959422778295], [0.9955864897552917, 0.9955342054422255, 0.9955864897552917, 1.0, 1.0, 0.9480482903888762, 0.9480482903888762, 0.8823549377622383, 0.8823549377622383, 0.9202794915082432, 0.9994624441207185, 0.9366360413485911, 0.9881379024360324, 0.9838736286727549, 0.9993984767264603, 0.954021548819394, 0.9947331042929036, 0.9081922072892011, 0.7623509679498609, -0.08538824449852706, 0.988577328528324, 0.08060911536263797, -0.034541112027769945, -0.25535688385025074, 0.8248138797697223, 0.9426925566837131, 0.9095086959534792, 0.9170849952722407, 0.7797201166220097, 0.5039251834777676, 0.6048291803846517, 0.6131280291860507, 0.9216376865567901, 0.8006222824919285, 0.18163959422778295], [0.9611323265626338, 0.9604872028642232, 0.9611323265626338, 0.9480482903888762, 0.9480482903888762, 1.0, 1.0, 0.9233406214877178, 0.9233406214877178, 0.8962597786771342, 0.9515740485682711, 0.9064841048387465, 0.976519068667796, 0.9752894459663183, 0.9511953902674375, 0.9989767632878666, 0.9720050534865999, 0.9196733031208982, 0.6251962337240949, -0.023062833469954837, 0.9324484087421163, 0.24383472980714607, -0.20889623519880396, -0.1060863885962204, 0.8954851429145386, 0.9108521335192886, 0.924347223894279, 0.8948435220802673, 0.7261864657818172, 0.7046706519344786, 0.7233461953262188, 0.7145763303261576, 0.8455423025431675, 0.8455713546673111, 0.4611329752552891], [0.9611323265626338, 0.9604872028642232, 0.9611323265626338, 0.9480482903888762, 0.9480482903888762, 1.0, 1.0, 0.9233406214877178, 0.9233406214877178, 0.8962597786771342, 0.9515740485682711, 0.9064841048387465, 0.976519068667796, 0.9752894459663183, 0.9511953902674375, 0.9989767632878666, 0.9720050534865999, 0.9196733031208982, 0.6251962337240949, -0.023062833469954837, 0.9324484087421163, 0.24383472980714607, -0.20889623519880396, -0.1060863885962204, 0.8954851429145386, 0.9108521335192886, 0.924347223894279, 0.8948435220802673, 0.7261864657818172, 0.7046706519344786, 0.7233461953262188, 0.7145763303261576, 0.8455423025431675, 0.8455713546673111, 0.4611329752552891], [0.8964093161365344, 0.8976851948179112, 0.8964093161365344, 0.8823549377622383, 0.8823549377622383, 0.9233406214877178, 0.9233406214877178, 1.0, 1.0, 0.8756037166989198, 0.9384091008607193, 0.8690538165921032, 0.9473107424267871, 0.9424245817810165, 0.9380258627516639, 0.9241465967951749, 0.9400334709585386, 0.9728651663311522, 0.5599430254525902, 0.097675802322574, 0.8391943665022927, 0.49699009744973976, -0.2334604317107407, 0.03583953068950557, 0.7847736407174498, 0.8033382249139879, 0.8608125148984973, 0.8408440956899353, 0.7394409536245894, 0.8685842040120071, 0.7672311892744033, 0.718641830926002, 0.7703039965079473, 0.8332329345429474, 0.8002101042947911], [0.8964093161365344, 0.8976851948179112, 0.8964093161365344, 0.8823549377622383, 0.8823549377622383, 0.9233406214877178, 0.9233406214877178, 1.0, 1.0, 0.8756037166989198, 0.9384091008607193, 0.8690538165921032, 0.9473107424267871, 0.9424245817810165, 0.9380258627516639, 0.9241465967951749, 0.9400334709585386, 0.9728651663311522, 0.5599430254525902, 0.097675802322574, 0.8391943665022927, 0.49699009744973976, -0.2334604317107407, 0.03583953068950557, 0.7847736407174498, 0.8033382249139879, 0.8608125148984973, 0.8408440956899353, 0.7394409536245894, 0.8685842040120071, 0.7672311892744033, 0.718641830926002, 0.7703039965079473, 0.8332329345429474, 0.8002101042947911], [0.9269216315755524, 0.9273114298146966, 0.9269216315755524, 0.9202794915082432, 0.9202794915082432, 0.8962597786771342, 0.8962597786771342, 0.8756037166989198, 0.8756037166989198, 1.0, 0.9164695514315683, 0.9999756832050782, 0.8996779517278026, 0.8706797840529416, 0.9175366715223022, 0.8981686917461146, 0.9243670419707891, 0.8950003911250363, 0.7757907401912321, 0.23261265758366478, 0.9071124933337635, 0.7686476203507174, -0.31033914010077734, 0.3967005004658549, 0.855420825708942, 0.820210976103224, 0.8730671853430318, 0.8541966247160933, 0.7467416918603454, 0.7607228497462702, 0.8167589088847015, 0.7932536567553269, 0.8340331919803252, 0.8778564179615775, 0.773104693672324], [0.9950917158022778, 0.9950651987025252, 0.9950917158022778, 0.9994624441207185, 0.9994624441207185, 0.9515740485682711, 0.9515740485682711, 0.9384091008607193, 0.9384091008607193, 0.9164695514315683, 1.0, 0.9162841688895612, 0.9878850191411845, 0.9842006187908741, 0.9999132524819447, 0.9519843559643943, 0.9938377448307228, 0.9265598993654763, 0.8413140631019714, 0.16370651889266827, 0.9955481942559505, 0.848290009645689, -0.4207562270764072, 0.3696839567893384, 0.8672708386381437, 0.9174114267560496, 0.9407210978987279, 0.9123404421244141, 0.8018873447562569, 0.8902459933245358, 0.8715518592395286, 0.8146266427677811, 0.8951164367729911, 0.94213940302291, 0.7833780339466773], [0.9413281228287697, 0.94042014409562, 0.9413281228287697, 0.9366360413485911, 0.9366360413485911, 0.9064841048387465, 0.9064841048387465, 0.8690538165921032, 0.8690538165921032, 0.9999756832050782, 0.9162841688895612, 1.0, 0.8971591953118352, 0.8673887802571376, 0.9153461719764073, 0.9070975207203523, 0.9267530499576573, 0.886954784003412, 0.7136473626026856, 0.001051512032406518, 0.9214774315998006, 0.5975667433435713, -0.22410739629147505, -0.23797392379149676, 0.8630093180536726, 0.8551958524386712, 0.8501520330781693, 0.8687139208418609, 0.7844275921079465, 0.7555892706417209, 0.7857250958762576, 0.7187991169896985, 0.8653710547719563, 0.7651886861248215, 0.7319222107539344], [0.9925881503512843, 0.9923349792362326, 0.9925881503512843, 0.9881379024360324, 0.9881379024360324, 0.976519068667796, 0.976519068667796, 0.9473107424267871, 0.9473107424267871, 0.8996779517278026, 0.9878850191411845, 0.8971591953118352, 1.0, 0.9996833126358657, 0.9878120629836225, 0.9747342281114652, 0.9896564468430241, 0.9221375055945153, 0.8080198006264986, 0.2006914279729123, 0.985462700271222, 0.8735826255893644, -0.6081639532900213, 0.4470510956089961, 0.8479024442701658, 0.9328222398248415, 0.9576001857978489, 0.9067387613200971, 0.7243656728904608, 0.8909529009776186, 0.8514799460302808, 0.8061187183583739, 0.8758288531365699, 0.9629305500796576, 0.8191405510117168], [0.9921648190445076, 0.9915910665788829, 0.9921648190445076, 0.9838736286727549, 0.9838736286727549, 0.9752894459663183, 0.9752894459663183, 0.9424245817810165, 0.9424245817810165, 0.8706797840529416, 0.9842006187908741, 0.8673887802571376, 0.9996833126358657, 1.0, 0.9842895277803912, 0.9723946505748723, 0.9878920750968051, 0.909847489383811, 0.8265149897969518, 0.08073004234062994, 0.9796665889469762, 0.8825427976616583, -0.8200259675543136, 0.4948184858304526, 0.8056924419720553, 0.9387144988645849, 0.955406382114471, 0.8929486291583209, 0.6387335524178984, 0.9015493872815706, 0.8377432291042917, 0.7572799928952323, 0.9089466989669543, 0.9653592152263372, 0.7890213757881556], [0.9950366675467848, 0.9950007616774609, 0.9950366675467848, 0.9993984767264603, 0.9993984767264603, 0.9511953902674375, 0.9511953902674375, 0.9380258627516639, 0.9380258627516639, 0.9175366715223022, 0.9999132524819447, 0.9153461719764073, 0.9878120629836225, 0.9842895277803912, 1.0, 0.9517309227740023, 0.9938151033413918, 0.9266439326433846, 0.8424477473827156, 0.16256477120776947, 0.9954287458248857, 0.8478742838160961, -0.41827387637562985, 0.367901928321224, 0.8668626167855078, 0.9156406621502371, 0.939664017147729, 0.9128553180185961, 0.8033553545992709, 0.8898070348511352, 0.8727887157775478, 0.8156335735956294, 0.8948547518723046, 0.9418705524841366, 0.7830582356136946], [0.9715838258081395, 0.9708492672967813, 0.9715838258081395, 0.954021548819394, 0.954021548819394, 0.9989767632878666, 0.9989767632878666, 0.9241465967951749, 0.9241465967951749, 0.8981686917461146, 0.9519843559643943, 0.9070975207203523, 0.9747342281114652, 0.9723946505748723, 0.9517309227740023, 1.0, 0.9736465146103581, 0.9193160362966348, 0.6740031194137179, -0.004053329731233105, 0.9434445485128563, 0.5732087079018527, -0.34259336781966465, -0.15992060467629882, 0.9083504990842506, 0.9227907390402639, 0.9197451451152098, 0.9032685417333209, 0.7668972875621968, 0.8330412344087025, 0.7736690179503166, 0.7723412590350129, 0.8696284078297947, 0.8426222954539797, 0.7885762811255627], [0.9988816215945577, 0.998884730999768, 0.9988816215945577, 0.9947331042929036, 0.9947331042929036, 0.9720050534865999, 0.9720050534865999, 0.9400334709585386, 0.9400334709585386, 0.9243670419707891, 0.9938377448307228, 0.9267530499576573, 0.9896564468430241, 0.9878920750968051, 0.9938151033413918, 0.9736465146103581, 1.0, 0.942413725710482, 0.8478053860668482, 0.1616030740546517, 0.9867560226970176, 0.8180255626630979, -0.4023742687736943, 0.38086249804363786, 0.9000206205226924, 0.9314316180845004, 0.9444743727741598, 0.9369567893203947, 0.8229372797882217, 0.8791837673116425, 0.8982822301586785, 0.8447763046223727, 0.9070460743058714, 0.9465910400106781, 0.8385527821206706], [0.9268016017093426, 0.9273187651867913, 0.9268016017093426, 0.9081922072892011, 0.9081922072892011, 0.9196733031208982, 0.9196733031208982, 0.9728651663311522, 0.9728651663311522, 0.8950003911250363, 0.9265598993654763, 0.886954784003412, 0.9221375055945153, 0.909847489383811, 0.9266439326433846, 0.9193160362966348, 0.942413725710482, 1.0, 0.7278080896517384, 0.01600355400556222, 0.8710091436799287, 0.5080277903917975, -0.12980302262764729, -0.20110914431853308, 0.8226279180633279, 0.8372303581477699, 0.828791535286567, 0.9120184188450828, 0.8294081145610147, 0.7975449571316766, 0.7420137270109567, 0.7005198062841295, 0.8365766786091893, 0.7637538657994645, 0.8466867163220245], [0.7828633137453124, 0.8035093352943743, 0.7828633137453124, 0.7623509679498609, 0.7623509679498609, 0.6251962337240949, 0.6251962337240949, 0.5599430254525902, 0.5599430254525902, 0.7757907401912321, 0.8413140631019714, 0.7136473626026856, 0.8080198006264986, 0.8265149897969518, 0.8424477473827156, 0.6740031194137179, 0.8478053860668482, 0.7278080896517384, 1.0, 0.06021647488531401, 0.7248706077721644, -0.4376237406175176, 0.3868573390190832, -0.6619967521904923, 0.33305407332146175, 0.8011945821316613, 0.48256993790135977, 0.8295793332114471, 0.6804711585151986, 0.03931848238888611, 0.2768440685884039, 0.5571092495623667, 0.7756579981363406, 0.45763423089759975, -0.17072764510798108], [-0.07974448975649874, 0.1272498681150208, -0.07974448975649874, -0.08538824449852706, -0.08538824449852706, -0.023062833469954837, -0.023062833469954837, 0.097675802322574, 0.097675802322574, 0.23261265758366478, 0.16370651889266827, 0.001051512032406518, 0.2006914279729123, 0.08073004234062994, 0.16256477120776947, -0.004053329731233105, 0.1616030740546517, 0.01600355400556222, 0.06021647488531401, 1.0, -0.04795041230578462, 0.13636742376427105, 0.11810304697972698, 0.7524169223111303, -0.07717057288408583, 0.04224313949461444, 0.0339815033779503, 0.19867692334469692, 0.03765475863074408, 0.11910144819395087, 0.38799709384200093, 0.5959810527700244, -0.08055025259321295, 0.1606239540433883, 0.17314715684838441], [0.9766816046341911, 0.9676354510622368, 0.9766816046341911, 0.988577328528324, 0.988577328528324, 0.9324484087421163, 0.9324484087421163, 0.8391943665022927, 0.8391943665022927, 0.9071124933337635, 0.9955481942559505, 0.9214774315998006, 0.985462700271222, 0.9796665889469762, 0.9954287458248857, 0.9434445485128563, 0.9867560226970176, 0.8710091436799287, 0.7248706077721644, -0.04795041230578462, 1.0, -0.009753282508437107, -0.09843833890768511, -0.31488744454427536, 0.6870114356807896, 0.924690621223112, 0.8931504823909969, 0.8593841676796258, 0.7483115903160424, 0.5006115675989007, 0.5681853947289366, 0.543033122237926, 0.8999475561069873, 0.6481868073760799, 0.16017552597441992], [0.06089611453159899, -0.10146111637067945, 0.06089611453159899, 0.08060911536263797, 0.08060911536263797, 0.24383472980714607, 0.24383472980714607, 0.49699009744973976, 0.49699009744973976, 0.7686476203507174, 0.848290009645689, 0.5975667433435713, 0.8735826255893644, 0.8825427976616583, 0.8478742838160961, 0.5732087079018527, 0.8180255626630979, 0.5080277903917975, -0.4376237406175176, 0.13636742376427105, -0.009753282508437107, 1.0, -0.42337233439887206, 0.7769585624879094, 0.3608385262856672, -0.058962798766651475, 0.25045129851281916, -0.16139897351012047, 0.01655506629151942, 0.5576792835294231, 0.4457998656936454, 0.1718870779513611, -0.08536328927250991, 0.3450983276341327, 0.46392805827412986], [-0.003631857971189518, 0.0038542653975215994, -0.003631857971189518, -0.034541112027769945, -0.034541112027769945, -0.20889623519880396, -0.20889623519880396, -0.2334604317107407, -0.2334604317107407, -0.31033914010077734, -0.4207562270764072, -0.22410739629147505, -0.6081639532900213, -0.8200259675543136, -0.41827387637562985, -0.34259336781966465, -0.4023742687736943, -0.12980302262764729, 0.3868573390190832, 0.11810304697972698, -0.09843833890768511, -0.42337233439887206, 1.0, -0.04768223875185702, -0.12912475715684488, -0.042714647104758884, -0.24270389902534448, 0.022433020732000007, -0.01478840662759481, -0.5331091338494145, -0.15408446089870545, 0.006281651164604257, 0.03286251694853117, -0.1540630285757502, -0.4012489874849327], [-0.2517521712002167, -0.25208052362167954, -0.2517521712002167, -0.25535688385025074, -0.25535688385025074, -0.1060863885962204, -0.1060863885962204, 0.03583953068950557, 0.03583953068950557, 0.3967005004658549, 0.3696839567893384, -0.23797392379149676, 0.4470510956089961, 0.4948184858304526, 0.367901928321224, -0.15992060467629882, 0.38086249804363786, -0.20110914431853308, -0.6619967521904923, 0.7524169223111303, -0.31488744454427536, 0.7769585624879094, -0.04768223875185702, 1.0, -0.09868071768677655, -0.301598258867895, -0.05034324756822351, -0.3499848109182254, -0.3269066939215584, 0.10701800862380356, 0.18045415757413408, 0.2735530671663922, -0.3827823742411578, 0.14102747893752532, 0.10439514348336475], [0.8243669185698469, 0.6483243581579424, 0.8243669185698469, 0.8248138797697223, 0.8248138797697223, 0.8954851429145386, 0.8954851429145386, 0.7847736407174498, 0.7847736407174498, 0.855420825708942, 0.8672708386381437, 0.8630093180536726, 0.8479024442701658, 0.8056924419720553, 0.8668626167855078, 0.9083504990842506, 0.9000206205226924, 0.8226279180633279, 0.33305407332146175, -0.07717057288408583, 0.6870114356807896, 0.3608385262856672, -0.12912475715684488, -0.09868071768677655, 1.0, 0.6140804249768688, 0.8439512547661192, 0.4800406476074285, 0.6146926201784442, 0.5299475795935488, 0.6454094850208576, 0.40829676843453155, 0.6968636373174634, 0.6951564403972195, 0.41033581559136423], [0.9511420373186895, 0.9511010438621775, 0.9511420373186895, 0.9426925566837131, 0.9426925566837131, 0.9108521335192886, 0.9108521335192886, 0.8033382249139879, 0.8033382249139879, 0.820210976103224, 0.9174114267560496, 0.8551958524386712, 0.9328222398248415, 0.9387144988645849, 0.9156406621502371, 0.9227907390402639, 0.9314316180845004, 0.8372303581477699, 0.8011945821316613, 0.04224313949461444, 0.924690621223112, -0.058962798766651475, -0.042714647104758884, -0.301598258867895, 0.6140804249768688, 1.0, 0.8301524033328047, 0.8588484185127105, 0.7082419123714335, 0.34833629820379536, 0.4896978191809976, 0.6023910483961057, 0.9011705403448625, 0.6344396467719788, 0.059324193074056945], [0.90429924184147, 0.8762575104181889, 0.90429924184147, 0.9095086959534792, 0.9095086959534792, 0.924347223894279, 0.924347223894279, 0.8608125148984973, 0.8608125148984973, 0.8730671853430318, 0.9407210978987279, 0.8501520330781693, 0.9576001857978489, 0.955406382114471, 0.939664017147729, 0.9197451451152098, 0.9444743727741598, 0.828791535286567, 0.48256993790135977, 0.0339815033779503, 0.8931504823909969, 0.25045129851281916, -0.24270389902534448, -0.05034324756822351, 0.8439512547661192, 0.8301524033328047, 1.0, 0.7330021032078305, 0.5808526672747815, 0.5415151393843223, 0.5740299796700024, 0.5278677982936512, 0.7997455246531673, 0.8180125316302181, 0.20663847811502856], [0.9275116143814427, 0.9220900654317363, 0.9275116143814427, 0.9170849952722407, 0.9170849952722407, 0.8948435220802673, 0.8948435220802673, 0.8408440956899353, 0.8408440956899353, 0.8541966247160933, 0.9123404421244141, 0.8687139208418609, 0.9067387613200971, 0.8929486291583209, 0.9128553180185961, 0.9032685417333209, 0.9369567893203947, 0.9120184188450828, 0.8295793332114471, 0.19867692334469692, 0.8593841676796258, -0.16139897351012047, 0.022433020732000007, -0.3499848109182254, 0.4800406476074285, 0.8588484185127105, 0.7330021032078305, 1.0, 0.9008076306840721, 0.5013106389736882, 0.6690580341340773, 0.6690128885797123, 0.8703158832103369, 0.492023496921493, 0.2898668961166183], [0.7679943252241093, 0.781246115439376, 0.7679943252241093, 0.7797201166220097, 0.7797201166220097, 0.7261864657818172, 0.7261864657818172, 0.7394409536245894, 0.7394409536245894, 0.7467416918603454, 0.8018873447562569, 0.7844275921079465, 0.7243656728904608, 0.6387335524178984, 0.8033553545992709, 0.7668972875621968, 0.8229372797882217, 0.8294081145610147, 0.6804711585151986, 0.03765475863074408, 0.7483115903160424, 0.01655506629151942, -0.01478840662759481, -0.3269066939215584, 0.6146926201784442, 0.7082419123714335, 0.5808526672747815, 0.9008076306840721, 1.0, 0.5448662503725291, 0.6512227464721265, 0.6033705555041723, 0.7134278525460926, 0.555597480571508, 0.4709546951645882], [0.47751520258280167, 0.46899767848710056, 0.47751520258280167, 0.5039251834777676, 0.5039251834777676, 0.7046706519344786, 0.7046706519344786, 0.8685842040120071, 0.8685842040120071, 0.7607228497462702, 0.8902459933245358, 0.7555892706417209, 0.8909529009776186, 0.9015493872815706, 0.8898070348511352, 0.8330412344087025, 0.8791837673116425, 0.7975449571316766, 0.03931848238888611, 0.11910144819395087, 0.5006115675989007, 0.5576792835294231, -0.5331091338494145, 0.10701800862380356, 0.5299475795935488, 0.34833629820379536, 0.5415151393843223, 0.5013106389736882, 0.5448662503725291, 1.0, 0.7314736213171794, 0.3671528762774681, 0.4348868424768129, 0.5279536221713739, 0.7876309147173264], [0.6104145889315921, 0.6074012002827233, 0.6104145889315921, 0.6048291803846517, 0.6048291803846517, 0.7233461953262188, 0.7233461953262188, 0.7672311892744033, 0.7672311892744033, 0.8167589088847015, 0.8715518592395286, 0.7857250958762576, 0.8514799460302808, 0.8377432291042917, 0.8727887157775478, 0.7736690179503166, 0.8982822301586785, 0.7420137270109567, 0.2768440685884039, 0.38799709384200093, 0.5681853947289366, 0.4457998656936454, -0.15408446089870545, 0.18045415757413408, 0.6454094850208576, 0.4896978191809976, 0.5740299796700024, 0.6690580341340773, 0.6512227464721265, 0.7314736213171794, 1.0, 0.7771940766373283, 0.4638208341878013, 0.7131880926952662, 0.5482317640010156], [0.6388606815701694, 0.6696769201636613, 0.6388606815701694, 0.6131280291860507, 0.6131280291860507, 0.7145763303261576, 0.7145763303261576, 0.718641830926002, 0.718641830926002, 0.7932536567553269, 0.8146266427677811, 0.7187991169896985, 0.8061187183583739, 0.7572799928952323, 0.8156335735956294, 0.7723412590350129, 0.8447763046223727, 0.7005198062841295, 0.5571092495623667, 0.5959810527700244, 0.543033122237926, 0.1718870779513611, 0.006281651164604257, 0.2735530671663922, 0.40829676843453155, 0.6023910483961057, 0.5278677982936512, 0.6690128885797123, 0.6033705555041723, 0.3671528762774681, 0.7771940766373283, 1.0, 0.4829864414495577, 0.6697611516043231, 0.19490196755422304], [0.9281638543072105, 0.9252215970067101, 0.9281638543072105, 0.9216376865567901, 0.9216376865567901, 0.8455423025431675, 0.8455423025431675, 0.7703039965079473, 0.7703039965079473, 0.8340331919803252, 0.8951164367729911, 0.8653710547719563, 0.8758288531365699, 0.9089466989669543, 0.8948547518723046, 0.8696284078297947, 0.9070460743058714, 0.8365766786091893, 0.7756579981363406, -0.08055025259321295, 0.8999475561069873, -0.08536328927250991, 0.03286251694853117, -0.3827823742411578, 0.6968636373174634, 0.9011705403448625, 0.7997455246531673, 0.8703158832103369, 0.7134278525460926, 0.4348868424768129, 0.4638208341878013, 0.4829864414495577, 1.0, 0.7067314408235582, 0.15748605794285025], [0.810785460370795, 0.6730126390456039, 0.810785460370795, 0.8006222824919285, 0.8006222824919285, 0.8455713546673111, 0.8455713546673111, 0.8332329345429474, 0.8332329345429474, 0.8778564179615775, 0.94213940302291, 0.7651886861248215, 0.9629305500796576, 0.9653592152263372, 0.9418705524841366, 0.8426222954539797, 0.9465910400106781, 0.7637538657994645, 0.45763423089759975, 0.1606239540433883, 0.6481868073760799, 0.3450983276341327, -0.1540630285757502, 0.14102747893752532, 0.6951564403972195, 0.6344396467719788, 0.8180125316302181, 0.492023496921493, 0.555597480571508, 0.5279536221713739, 0.7131880926952662, 0.6697611516043231, 0.7067314408235582, 1.0, 0.16644578391653445], [0.16916492247359277, 0.1653647271928721, 0.16916492247359277, 0.18163959422778295, 0.18163959422778295, 0.4611329752552891, 0.4611329752552891, 0.8002101042947911, 0.8002101042947911, 0.773104693672324, 0.7833780339466773, 0.7319222107539344, 0.8191405510117168, 0.7890213757881556, 0.7830582356136946, 0.7885762811255627, 0.8385527821206706, 0.8466867163220245, -0.17072764510798108, 0.17314715684838441, 0.16017552597441992, 0.46392805827412986, -0.4012489874849327, 0.10439514348336475, 0.41033581559136423, 0.059324193074056945, 0.20663847811502856, 0.2898668961166183, 0.4709546951645882, 0.7876309147173264, 0.5482317640010156, 0.19490196755422304, 0.15748605794285025, 0.16644578391653445, 1.0]], "x": ["^TAIEX       \u81fa\u7063\u52a0\u6b0a\u5831\u916c\u6307\u6578", "^TWII        \u81fa\u7063\u52a0\u6b0a\u6307\u6578", "^TAIEXx2     \u81fa\u7063\u52a0\u6b0a\u5831\u916c\u6307\u6578_\u65e5\u6b632", "^TAI50I      \u81fa\u706350\u5831\u916c\u6307\u6578", "^TAI50Ix2    \u81fa\u706350\u5831\u916c\u6307\u6578_\u65e5\u6b632", "^TAI100I     \u81fa\u7063\u4e2d\u578b100\u5831\u916c\u6307\u6578", "^TAI100Ix2   \u81fa\u7063\u4e2d\u578b100\u5831\u916c\u6307\u6578_\u65e5\u6b632", "^TAIDIVIDI   \u81fa\u7063\u9ad8\u80a1\u606f\u5831\u916c\u6307\u6578", "^TAIDIVIDIx2 \u81fa\u7063\u9ad8\u80a1\u606f\u5831\u916c\u6307\u6578_\u65e5\u6b632", "0050Fund     \u5143\u5927\u53f0\u7063\u5353\u8d8a50\u57fa\u91d1", "006208Fund   \u5bcc\u90a6\u53f0\u7063\u91c6\u540950\u57fa\u91d1", "0050         \u5143\u5927\u81fa\u706350", "00631L       \u5143\u5927\u53f0\u706350\u6b632", "00675L       \u5bcc\u90a6\u81fa\u7063\u52a0\u6b0a\u6b632", "006208       \u5bcc\u90a6\u53f050", "0051         \u5143\u5927\u4e2d\u578b100", "006204       \u6c38\u8c50\u81fa\u7063\u52a0\u6b0a", "0056         \u5143\u5927\u9ad8\u80a1\u606f", "2412         \u4e2d\u83ef\u96fb\u4fe1", "2002         \u4e2d\u92fc", "2330         \u53f0\u7a4d\u96fb", "2317         \u9d3b\u6d77", "6505         \u53f0\u5851\u77f3\u5316", "3481         \u7fa4\u5275", "2303         \u806f\u96fb", "2308         \u53f0\u9054\u96fb", "2454         \u806f\u767c\u79d1", "2886         \u5146\u8c50\u91d1", "2884         \u7389\u5c71\u91d1", "2891         \u4e2d\u4fe1\u91d1", "2892         \u7b2c\u4e00\u91d1", "5880         \u5408\u5eab\u91d1", "2881         \u5bcc\u90a6\u91d1", "2885         \u5143\u5927\u91d1", "2887         \u53f0\u65b0\u91d1"], "y": ["^TAIEX       \u81fa\u7063\u52a0\u6b0a\u5831\u916c\u6307\u6578", "^TWII        \u81fa\u7063\u52a0\u6b0a\u6307\u6578", "^TAIEXx2     \u81fa\u7063\u52a0\u6b0a\u5831\u916c\u6307\u6578_\u65e5\u6b632", "^TAI50I      \u81fa\u706350\u5831\u916c\u6307\u6578", "^TAI50Ix2    \u81fa\u706350\u5831\u916c\u6307\u6578_\u65e5\u6b632", "^TAI100I     \u81fa\u7063\u4e2d\u578b100\u5831\u916c\u6307\u6578", "^TAI100Ix2   \u81fa\u7063\u4e2d\u578b100\u5831\u916c\u6307\u6578_\u65e5\u6b632", "^TAIDIVIDI   \u81fa\u7063\u9ad8\u80a1\u606f\u5831\u916c\u6307\u6578", "^TAIDIVIDIx2 \u81fa\u7063\u9ad8\u80a1\u606f\u5831\u916c\u6307\u6578_\u65e5\u6b632", "0050Fund     \u5143\u5927\u53f0\u7063\u5353\u8d8a50\u57fa\u91d1", "006208Fund   \u5bcc\u90a6\u53f0\u7063\u91c6\u540950\u57fa\u91d1", "0050         \u5143\u5927\u81fa\u706350", "00631L       \u5143\u5927\u53f0\u706350\u6b632", "00675L       \u5bcc\u90a6\u81fa\u7063\u52a0\u6b0a\u6b632", "006208       \u5bcc\u90a6\u53f050", "0051         \u5143\u5927\u4e2d\u578b100", "006204       \u6c38\u8c50\u81fa\u7063\u52a0\u6b0a", "0056         \u5143\u5927\u9ad8\u80a1\u606f", "2412         \u4e2d\u83ef\u96fb\u4fe1", "2002         \u4e2d\u92fc", "2330         \u53f0\u7a4d\u96fb", "2317         \u9d3b\u6d77", "6505         \u53f0\u5851\u77f3\u5316", "3481         \u7fa4\u5275", "2303         \u806f\u96fb", "2308         \u53f0\u9054\u96fb", "2454         \u806f\u767c\u79d1", "2886         \u5146\u8c50\u91d1", "2884         \u7389\u5c71\u91d1", "2891         \u4e2d\u4fe1\u91d1", "2892         \u7b2c\u4e00\u91d1", "5880         \u5408\u5eab\u91d1", "2881         \u5bcc\u90a6\u91d1", "2885         \u5143\u5927\u91d1", "2887         \u53f0\u65b0\u91d1"], "zmin": -1, "zmax": 1, "colorbar": {"x": -0.2}}], "layout": {"autotypenumbers": "strict", "colorway": ["#636efa", "#EF553B", "#00cc96", "#ab63fa", "#FFA15A", "#19d3f3", "#FF6692", "#B6E880", "#FF97FF", "#FECB52"], "font": {"color": "#f2f5fa", "family": "Courier New"}, "hovermode": "closest", "hoverlabel": {"align": "left"}, "paper_bgcolor": "rgb(17,17,17)", "plot_bgcolor": "rgb(17,17,17)", "polar": {"bgcolor": "rgb(17,17,17)", "angularaxis": {"gridcolor": "#506784", "linecolor": "#506784", "ticks": ""}, "radialaxis": {"gridcolor": "#506784", "linecolor": "#506784", "ticks": ""}}, "ternary": {"bgcolor": "rgb(17,17,17)", "aaxis": {"gridcolor": "#506784", "linecolor": "#506784", "ticks": ""}, "baxis": {"gridcolor": "#506784", "linecolor": "#506784", "ticks": ""}, "caxis": {"gridcolor": "#506784", "linecolor": "#506784", "ticks": ""}}, "coloraxis": {"colorbar": {"outlinewidth": 0, "ticks": ""}}, "colorscale": {"sequential": [[0.0, "#0d0887"], [0.1111111111111111, "#46039f"], [0.2222222222222222, "#7201a8"], [0.3333333333333333, "#9c179e"], [0.4444444444444444, "#bd3786"], [0.5555555555555556, "#d8576b"], [0.6666666666666666, "#ed7953"], [0.7777777777777778, "#fb9f3a"], [0.8888888888888888, "#fdca26"], [1.0, "#f0f921"]], "sequentialminus": [[0.0, "#0d0887"], [0.1111111111111111, "#46039f"], [0.2222222222222222, "#7201a8"], [0.3333333333333333, "#9c179e"], [0.4444444444444444, "#bd3786"], [0.5555555555555556, "#d8576b"], [0.6666666666666666, "#ed7953"], [0.7777777777777778, "#fb9f3a"], [0.8888888888888888, "#fdca26"], [1.0, "#f0f921"]], "diverging": [[0, "#8e0152"], [0.1, "#c51b7d"], [0.2, "#de77ae"], [0.3, "#f1b6da"], [0.4, "#fde0ef"], [0.5, "#f7f7f7"], [0.6, "#e6f5d0"], [0.7, "#b8e186"], [0.8, "#7fbc41"], [0.9, "#4d9221"], [1, "#276419"]]}, "xaxis": {"gridcolor": "rgba(0, 0, 0, 0)", "linecolor": "#506784", "ticks": "", "title": {"standoff": 15}, "zerolinecolor": "#283442", "automargin": true, "zerolinewidth": 2, "tickfont": {"family": "Courier New", "size": 14}, "side": "top", "tickangle": -90}, "yaxis": {"gridcolor": "rgba(0, 0, 0, 0)", "linecolor": "#506784", "ticks": "", "title": {"standoff": 15}, "zerolinecolor": "#283442", "automargin": true, "zerolinewidth": 2, "tickfont": {"family": "Courier New"}, "side": "right"}, "scene": {"xaxis": {"backgroundcolor": "rgb(17,17,17)", "gridcolor": "#506784", "linecolor": "#506784", "showbackground": true, "ticks": "", "zerolinecolor": "#C8D4E3", "gridwidth": 2}, "yaxis": {"backgroundcolor": "rgb(17,17,17)", "gridcolor": "#506784", "linecolor": "#506784", "showbackground": true, "ticks": "", "zerolinecolor": "#C8D4E3", "gridwidth": 2}, "zaxis": {"backgroundcolor": "rgb(17,17,17)", "gridcolor": "#506784", "linecolor": "#506784", "showbackground": true, "ticks": "", "zerolinecolor": "#C8D4E3", "gridwidth": 2}}, "shapedefaults": {"line": {"color": "#f2f5fa"}}, "annotationdefaults": {"arrowcolor": "#f2f5fa", "arrowhead": 0, "arrowwidth": 1}, "geo": {"bgcolor": "rgb(17,17,17)", "landcolor": "rgb(17,17,17)", "subunitcolor": "#506784", "showland": true, "showlakes": true, "lakecolor": "rgb(17,17,17)"}, "title": {"x": 0.05, "font": {"family": "Times New Roman"}, "y": 0.05, "text": "<b>Correlation of Close<b><br><i>2016-09-23 ~ 2025-07-31<i>"}, "updatemenudefaults": {"bgcolor": "#506784", "borderwidth": 0}, "sliderdefaults": {"bgcolor": "#C8D4E3", "borderwidth": 1, "bordercolor": "rgb(17,17,17)", "tickwidth": 0}, "mapbox": {"style": "dark"}, "annotations": [{"text": "<b>@zwindr<b>", "textangle": 0, "opacity": 0.5, "font": {"color": "white", "size": 12}, "xref": "paper", "yref": "paper", "xanchor": "left", "yanchor": "bottom", "x": 1.0, "y": 1.0, "showarrow": false}]}, "config": {"responsive": true, "toImageButtonOptions": {"filename": "Correlation of Close_2016-09-23~2025-07-31", "scale": 5}}};

Plotly.newPlot("correlationClose",
    correlationClose.data,
    correlationClose.layout || {},
    correlationClose.config);