var element=document.getElementById("correlationClose");if(element.style.display!='none'){var correlationClose={"data":[{"type":"heatmap","z":[[1.0,0.9999999999999981,1.0,0.9953441723601317,0.9953441723601317,0.9642659428772515,0.9642659428772515,0.9029241297151526,0.9029241297151526,0.8816069772467117,0.9946066626778084,0.8540078083637496,0.992848656634693,0.9927165029591367,0.9946689035645269,0.9734813016038733,0.9989861104197941,0.9233152090331165,0.9233152090331165,0.7851077409300584,-0.1156534656919919,0.9776286621753927,0.11815401969283192,-0.0702241580490715,-0.25199979494474645,0.8178426718009021,0.920467059229353,0.9122380521827291,0.9287114621286754,0.7808399766517278,0.5283524330021574,0.6299521045227886,0.6359366423222147,0.931735006924647,0.8247191141230261,0.1782754823404045],[0.9999999999999981,1.0,0.9999999999999984,0.9953061464903222,0.9953061464903222,0.9636846079131809,0.9636846079131809,0.9039961415682188,0.9039961415682188,0.8827334730701559,0.9945959344850531,0.8536679297814982,0.9925637563162598,0.9921691081999364,0.9946418027455268,0.972844978922124,0.9989879872614299,0.9236732526795808,0.9236732526795808,0.8042766263984947,0.0942817882168618,0.9691509892742765,-0.0691405775705693,-0.06285822344316895,-0.25224519205683477,0.647092456491609,0.9211249090018365,0.8863735595652668,0.9231102721031512,0.7921893737840352,0.5199478766962478,0.6270536407418669,0.6622276652385286,0.929175005626014,0.6775004475725516,0.1752697324868666],[1.0,0.9999999999999984,1.0,0.9953441723601317,0.9953441723601317,0.9642659428772515,0.9642659428772515,0.9029241297151526,0.9029241297151526,0.8816069772467117,0.9946066626778084,0.8540078083637496,0.992848656634693,0.9927165029591367,0.9946689035645269,0.9734813016038733,0.9989861104197941,0.9233152090331165,0.9233152090331165,0.7851077409300584,-0.1156534656919919,0.9776286621753927,0.11815401969283192,-0.0702241580490715,-0.25199979494474645,0.8178426718009021,0.920467059229353,0.9122380521827291,0.9287114621286754,0.7808399766517278,0.5283524330021574,0.6299521045227886,0.6359366423222147,0.931735006924647,0.8247191141230261,0.1782754823404045],[0.9953441723601317,0.9953061464903222,0.9953441723601317,1.0,1.0,0.9511710861848974,0.9511710861848974,0.8881864780308689,0.8881864780308689,0.8657719451186834,0.9995067848146129,0.8363372881336122,0.9898637478906032,0.9863133140640142,0.9994677135461996,0.9561176723226752,0.9949112407665338,0.9017253420012684,0.9017253420012684,0.7623721801880857,-0.12269044950698862,0.9897700945299417,0.14169076977961764,-0.10501371694269059,-0.2538231379251863,0.8127737103254047,0.9246784211219479,0.9160699525677032,0.9160242680108205,0.7897055139749554,0.5565650714890894,0.6242939441959034,0.607976808965528,0.923497368310226,0.8145380538385382,0.19017187954484635],[0.9953441723601317,0.9953061464903222,0.9953441723601317,1.0,1.0,0.9511710861848974,0.9511710861848974,0.8881864780308689,0.8881864780308689,0.8657719451186834,0.9995067848146129,0.8363372881336122,0.9898637478906032,0.9863133140640142,0.9994677135461996,0.9561176723226752,0.9949112407665338,0.9017253420012684,0.9017253420012684,0.7623721801880857,-0.12269044950698862,0.9897700945299417,0.14169076977961764,-0.10501371694269059,-0.2538231379251863,0.8127737103254047,0.9246784211219479,0.9160699525677032,0.9160242680108205,0.7897055139749554,0.5565650714890894,0.6242939441959034,0.607976808965528,0.923497368310226,0.8145380538385382,0.19017187954484635],[0.9642659428772515,0.9636846079131809,0.9642659428772515,0.9511710861848974,0.9511710861848974,1.0,1.0,0.9285903824850692,0.9285903824850692,0.8460808557887478,0.9520554725168248,0.8365074962218813,0.973476040973111,0.9714400494909786,0.9519192335899873,0.9990630833473967,0.9732086617305922,0.9199870422271749,0.9199870422271749,0.6399198972007941,-0.06227870607071213,0.9361321616638874,0.28651958222877,-0.26185192202974383,-0.11425330917141407,0.8878272257150281,0.8744864355550187,0.9303448610733425,0.8999505182664794,0.7422830042102645,0.7328197895652435,0.7361045383582802,0.7111478578294476,0.8560845750656659,0.8571778767550238,0.46338817472025123],[0.9642659428772515,0.9636846079131809,0.9642659428772515,0.9511710861848974,0.9511710861848974,1.0,1.0,0.9285903824850692,0.9285903824850692,0.8460808557887478,0.9520554725168248,0.8365074962218813,0.973476040973111,0.9714400494909786,0.9519192335899873,0.9990630833473967,0.9732086617305922,0.9199870422271749,0.9199870422271749,0.6399198972007941,-0.06227870607071213,0.9361321616638874,0.28651958222877,-0.26185192202974383,-0.11425330917141407,0.8878272257150281,0.8744864355550187,0.9303448610733425,0.8999505182664794,0.7422830042102645,0.7328197895652435,0.7361045383582802,0.7111478578294476,0.8560845750656659,0.8571778767550238,0.46338817472025123],[0.9029241297151526,0.9039961415682188,0.9029241297151526,0.8881864780308689,0.8881864780308689,0.9285903824850692,0.9285903824850692,1.0,1.0,0.7856801689757327,0.9384760831223458,0.8086944985847933,0.9454754356617285,0.9404478187013764,0.9383685007833881,0.9294490442200022,0.9432933178677152,0.9720903280402526,0.9720903280402526,0.5791355934432248,0.05818936875769813,0.8481047749842454,0.5285468109134427,-0.28669994429391377,0.02371968650536949,0.7854022287191536,0.7720576476785965,0.8701627095902704,0.8495793599343412,0.7540000966164875,0.8749629565009632,0.7781668191928574,0.7187809392809036,0.7852450486191278,0.8444836634784567,0.7996684845392491],[0.9029241297151526,0.9039961415682188,0.9029241297151526,0.8881864780308689,0.8881864780308689,0.9285903824850692,0.9285903824850692,1.0,1.0,0.7856801689757327,0.9384760831223458,0.8086944985847933,0.9454754356617285,0.9404478187013764,0.9383685007833881,0.9294490442200022,0.9432933178677152,0.9720903280402526,0.9720903280402526,0.5791355934432248,0.05818936875769813,0.8481047749842454,0.5285468109134427,-0.28669994429391377,0.02371968650536949,0.7854022287191536,0.7720576476785965,0.8701627095902704,0.8495793599343412,0.7540000966164875,0.8749629565009632,0.7781668191928574,0.7187809392809036,0.7852450486191278,0.8444836634784567,0.7996684845392491],[0.8816069772467117,0.8827334730701559,0.8816069772467117,0.8657719451186834,0.8657719451186834,0.8460808557887478,0.8460808557887478,0.7856801689757327,0.7856801689757327,1.0,0.7868523807188954,0.99997007954824,0.7461018459379591,0.6808611583244223,0.7888778226210827,0.8438085262291468,0.8237501587819983,0.8486305546782437,0.8486305546782437,0.7099731557054555,-0.10591530211286063,0.8437732581035077,0.04777347259115268,0.0429985325807004,-0.24592968701035908,0.8044304595996986,0.6922036329062727,0.8028080461551985,0.8419542538511923,0.7060049646153544,0.39037893434287146,0.5474218304419789,0.5714360460067509,0.8369654205140867,0.7025714571595727,0.17716770927591458],[0.9946066626778084,0.9945959344850531,0.9946066626778084,0.9995067848146129,0.9995067848146129,0.9520554725168248,0.9520554725168248,0.9384760831223458,0.9384760831223458,0.7868523807188954,1.0,0.7866504509882943,0.9895801975103812,0.9863969283672551,0.9999204935984862,0.9523814810386344,0.9938430684693235,0.9156820539337216,0.9156820539337216,0.853018667118516,0.08183418501756012,0.9961604863580733,0.8718475236349493,-0.4826508972004699,0.35330233258272903,0.8395551593546603,0.8869114983475563,0.9409682081879519,0.9116672712025873,0.8155361672313657,0.9057639670446431,0.8738208498206189,0.795661296018769,0.8998910939013276,0.9428785150653501,0.7742402621267913],[0.8540078083637496,0.8536679297814982,0.8540078083637496,0.8363372881336122,0.8363372881336122,0.8365074962218813,0.8365074962218813,0.8086944985847933,0.8086944985847933,0.99997007954824,0.7866504509882943,1.0,0.7432550963356178,0.6772480340452939,0.7865917222400898,0.8372254534972035,0.8218718334981473,0.8466872208690226,0.8466872208690226,0.6786060337289347,0.01664177535084164,0.8155370622801966,0.5070248835033382,-0.1889323901030624,-0.23353420250509374,0.841073184057271,0.6143276007582092,0.7842904919995308,0.8206900621486672,0.7385909269846536,0.660135478389976,0.7387821582042022,0.6977158603824339,0.8070696963602653,0.707202978276029,0.7079379769898382],[0.992848656634693,0.9925637563162598,0.992848656634693,0.9898637478906032,0.9898637478906032,0.973476040973111,0.973476040973111,0.9454754356617285,0.9454754356617285,0.7461018459379591,0.9895801975103812,0.7432550963356178,1.0,0.9997329085386164,0.9895845273807011,0.9717756519527466,0.9905258501391038,0.9097549723138345,0.9097549723138345,0.8282676672079824,0.11540877777195672,0.9874660058553398,0.8932194608944423,-0.6508079330531216,0.426501802606273,0.8163601194473001,0.8907761460121844,0.9542555689836737,0.9057616997818677,0.7483185173261698,0.9059576058842618,0.8547798358756726,0.7824664005712632,0.8832715962435459,0.9600680137630146,0.806171285914886],[0.9927165029591367,0.9921691081999364,0.9927165029591367,0.9863133140640142,0.9863133140640142,0.9714400494909786,0.9714400494909786,0.9404478187013764,0.9404478187013764,0.6808611583244223,0.9863969283672551,0.6772480340452939,0.9997329085386164,1.0,0.986578749697346,0.968850552801589,0.9892843858717426,0.8958922881082776,0.8958922881082776,0.8485863248764893,-0.009004110972391014,0.982586972821894,0.9016469606030956,-0.8393898578295106,0.4681761906626449,0.7682201472126674,0.8945737207729391,0.9504292020374985,0.8927889126710634,0.6757134479437406,0.9152785312358004,0.8449605708727043,0.7290333980997604,0.9116661398402225,0.961425938162455,0.7735633945831991],[0.9946689035645269,0.9946418027455268,0.9946689035645269,0.9994677135461996,0.9994677135461996,0.9519192335899873,0.9519192335899873,0.9383685007833881,0.9383685007833881,0.7888778226210827,0.9999204935984862,0.7865917222400898,0.9895845273807011,0.986578749697346,1.0,0.9523184984282151,0.9939139464640151,0.91613177325636,0.91613177325636,0.8540518583296333,0.08087660662503895,0.996033456263925,0.8714460916450307,-0.4801518451435436,0.35243243788113077,0.8395122399064495,0.8842450397754364,0.9399588904778665,0.9121140955578813,0.8167662296883227,0.9052662249650865,0.8748720360495744,0.7964962681069537,0.899843509321832,0.9427642377688784,0.7749657333939277],[0.9734813016038733,0.972844978922124,0.9734813016038733,0.9561176723226752,0.9561176723226752,0.9990630833473967,0.9990630833473967,0.9294490442200022,0.9294490442200022,0.8438085262291468,0.9523814810386344,0.8372254534972035,0.9717756519527466,0.968850552801589,0.9523184984282151,1.0,0.9746475557129641,0.9196312324757956,0.9196312324757956,0.6885255208415153,-0.04545841843762265,0.9453438908981051,0.6160906595330866,-0.39469329302008416,-0.16453819800328898,0.899564181622076,0.87411331689078,0.9260641603807372,0.9074836277173233,0.780305436479582,0.8476434031488377,0.7841846779080834,0.7676999669170154,0.878881154735902,0.8544984840278093,0.787281768037527],[0.9989861104197941,0.9989879872614299,0.9989861104197941,0.9949112407665338,0.9949112407665338,0.9732086617305922,0.9732086617305922,0.9432933178677152,0.9432933178677152,0.8237501587819983,0.9938430684693235,0.8218718334981473,0.9905258501391038,0.9892843858717426,0.9939139464640151,0.9746475557129641,1.0,0.9367339047715222,0.9367339047715222,0.8600305690666836,0.0883403649502775,0.9872550640181896,0.8408556428811004,-0.46100940675236335,0.368549215308724,0.8799505924258523,0.8869058362457718,0.947309592831524,0.9374426378088584,0.8346941532038568,0.8935640723549948,0.9016460782463954,0.8315987774515355,0.9128174968892774,0.9498793289661144,0.831899302195322],[0.9233152090331165,0.9236732526795808,0.9233152090331165,0.9017253420012684,0.9017253420012684,0.9199870422271749,0.9199870422271749,0.9720903280402526,0.9720903280402526,0.8486305546782437,0.9156820539337216,0.8466872208690226,0.9097549723138345,0.8958922881082776,0.91613177325636,0.9196312324757956,0.9367339047715222,1.0,1.0,0.7377694503197452,-0.01274051257206608,0.8651911057066958,0.5354290283718548,-0.1761434197040587,-0.20483094678828387,0.8252097927297095,0.7694649821636299,0.8341918082911899,0.9152988079886312,0.8361931644980544,0.7989625371886452,0.7522479695468656,0.7048081025695071,0.8429859791065045,0.7740935641944838,0.8491593963763642],[0.9233152090331165,0.9236732526795808,0.9233152090331165,0.9017253420012684,0.9017253420012684,0.9199870422271749,0.9199870422271749,0.9720903280402526,0.9720903280402526,0.8486305546782437,0.9156820539337216,0.8466872208690226,0.9097549723138345,0.8958922881082776,0.91613177325636,0.9196312324757956,0.9367339047715222,1.0,1.0,0.7377694503197452,-0.01274051257206608,0.8651911057066958,0.5354290283718548,-0.1761434197040587,-0.20483094678828387,0.8252097927297095,0.7694649821636299,0.8341918082911899,0.9152988079886312,0.8361931644980544,0.7989625371886452,0.7522479695468656,0.7048081025695071,0.8429859791065045,0.7740935641944838,0.8491593963763642],[0.7851077409300584,0.8042766263984947,0.7851077409300584,0.7623721801880857,0.7623721801880857,0.6399198972007941,0.6399198972007941,0.5791355934432248,0.5791355934432248,0.7099731557054555,0.853018667118516,0.6786060337289347,0.8282676672079824,0.8485863248764893,0.8540518583296333,0.6885255208415153,0.8600305690666836,0.7377694503197452,0.7377694503197452,1.0,0.044504163550937066,0.7243627921092507,-0.3955273756713589,0.3371238469975905,-0.6581237471052434,0.3462813282175368,0.7451955614920497,0.5026190694787329,0.8342358502255207,0.690829515368291,0.08773478400502231,0.30038824947768883,0.5635883122326615,0.7816994146694555,0.4699275244321957,-0.15903728500431835],[-0.1156534656919919,0.0942817882168618,-0.1156534656919919,-0.12269044950698862,-0.12269044950698862,-0.06227870607071213,-0.06227870607071213,0.05818936875769813,0.05818936875769813,-0.10591530211286063,0.08183418501756012,0.01664177535084164,0.11540877777195672,-0.009004110972391014,0.08087660662503895,-0.04545841843762265,0.0883403649502775,-0.01274051257206608,-0.01274051257206608,0.044504163550937066,1.0,-0.07547223033857095,0.12042384510873182,0.1432095172620185,0.7504963730519348,-0.08560876920511158,-0.011413149390366712,0.004199581382634099,0.1749668627581267,0.012543305493243732,0.07675866541302832,0.3519587437157385,0.5761040247641871,-0.10454814255672924,0.12232594563141429,0.16540755025479084],[0.9776286621753927,0.9691509892742765,0.9776286621753927,0.9897700945299417,0.9897700945299417,0.9361321616638874,0.9361321616638874,0.8481047749842454,0.8481047749842454,0.8437732581035077,0.9961604863580733,0.8155370622801966,0.9874660058553398,0.982586972821894,0.996033456263925,0.9453438908981051,0.9872550640181896,0.8651911057066958,0.8651911057066958,0.7243627921092507,-0.07547223033857095,1.0,0.050717343676422284,-0.16600425783067796,-0.30788584033913274,0.6750079719516606,0.918160882118281,0.900065368561091,0.8594325506251843,0.7586228759416213,0.5558179103382183,0.5899708912330539,0.5366078406635474,0.9020586791462092,0.6553864192768024,0.17008335746152475],[0.11815401969283192,-0.0691405775705693,0.11815401969283192,0.14169076977961764,0.14169076977961764,0.28651958222877,0.28651958222877,0.5285468109134427,0.5285468109134427,0.04777347259115268,0.8718475236349493,0.5070248835033382,0.8932194608944423,0.9016469606030956,0.8714460916450307,0.6160906595330866,0.8408556428811004,0.5354290283718548,0.5354290283718548,-0.3955273756713589,0.12042384510873182,0.050717343676422284,1.0,-0.4468687287787782,0.7444350512566634,0.37154046594606577,0.041469951393627254,0.28974199927241806,-0.12055536774661747,0.057677937900435836,0.580114683547682,0.46697811231808745,0.19184421337580565,-0.03294016087419593,0.3759902058211722,0.46546893961985886],[-0.0702241580490715,-0.06285822344316895,-0.0702241580490715,-0.10501371694269059,-0.10501371694269059,-0.26185192202974383,-0.26185192202974383,-0.28669994429391377,-0.28669994429391377,0.0429985325807004,-0.4826508972004699,-0.1889323901030624,-0.6508079330531216,-0.8393898578295106,-0.4801518451435436,-0.39469329302008416,-0.46100940675236335,-0.1761434197040587,-0.1761434197040587,0.3371238469975905,0.1432095172620185,-0.16600425783067796,-0.4468687287787782,1.0,-0.034117346634693055,-0.1526867048152597,-0.15157332015050892,-0.28743823269060503,-0.026430436671903933,-0.06101588801612461,-0.5604177452493047,-0.18879241506783645,-0.01611832811368018,-0.021486186998341934,-0.20025601371938212,-0.40368048880270385],[-0.25199979494474645,-0.25224519205683477,-0.25199979494474645,-0.2538231379251863,-0.2538231379251863,-0.11425330917141407,-0.11425330917141407,0.02371968650536949,0.02371968650536949,-0.24592968701035908,0.35330233258272903,-0.23353420250509374,0.426501802606273,0.4681761906626449,0.35243243788113077,-0.16453819800328898,0.368549215308724,-0.20483094678828387,-0.20483094678828387,-0.6581237471052434,0.7504963730519348,-0.30788584033913274,0.7444350512566634,-0.034117346634693055,1.0,-0.10340698291829176,-0.26513191262328933,-0.06081126242162444,-0.3504488010764633,-0.32799941395670584,0.08370635760645573,0.16763448684109575,0.26668685722776897,-0.3808457258985307,0.12424635571778392,0.0979523874467914],[0.8178426718009021,0.647092456491609,0.8178426718009021,0.8127737103254047,0.8127737103254047,0.8878272257150281,0.8878272257150281,0.7854022287191536,0.7854022287191536,0.8044304595996986,0.8395551593546603,0.841073184057271,0.8163601194473001,0.7682201472126674,0.8395122399064495,0.899564181622076,0.8799505924258523,0.8252097927297095,0.8252097927297095,0.3462813282175368,-0.08560876920511158,0.6750079719516606,0.37154046594606577,-0.1526867048152597,-0.10340698291829176,1.0,0.5674741837959433,0.8381865848974535,0.48931653818543225,0.6229035939669606,0.5402070788680221,0.6531764218807647,0.4219277303410747,0.7011983929923583,0.7012709746179661,0.4135892822303102],[0.920467059229353,0.9211249090018365,0.920467059229353,0.9246784211219479,0.9246784211219479,0.8744864355550187,0.8744864355550187,0.7720576476785965,0.7720576476785965,0.6922036329062727,0.8869114983475563,0.6143276007582092,0.8907761460121844,0.8945737207729391,0.8842450397754364,0.87411331689078,0.8869058362457718,0.7694649821636299,0.7694649821636299,0.7451955614920497,-0.011413149390366712,0.918160882118281,0.041469951393627254,-0.15157332015050892,-0.26513191262328933,0.5674741837959433,1.0,0.8164022963123437,0.8151106276223721,0.6916423703840942,0.4440504847241832,0.5050634243544992,0.5504079109406621,0.8611792686567946,0.6220086141029284,0.08253076928238608],[0.9122380521827291,0.8863735595652668,0.9122380521827291,0.9160699525677032,0.9160699525677032,0.9303448610733425,0.9303448610733425,0.8701627095902704,0.8701627095902704,0.8028080461551985,0.9409682081879519,0.7842904919995308,0.9542555689836737,0.9504292020374985,0.9399588904778665,0.9260641603807372,0.947309592831524,0.8341918082911899,0.8341918082911899,0.5026190694787329,0.004199581382634099,0.900065368561091,0.28974199927241806,-0.28743823269060503,-0.06081126242162444,0.8381865848974535,0.8164022963123437,1.0,0.7479527533074469,0.6056471462264182,0.5822453163774935,0.595499107861405,0.5323697915120493,0.8134547685662423,0.8286168662822907,0.2133388962938118],[0.9287114621286754,0.9231102721031512,0.9287114621286754,0.9160242680108205,0.9160242680108205,0.8999505182664794,0.8999505182664794,0.8495793599343412,0.8495793599343412,0.8419542538511923,0.9116672712025873,0.8206900621486672,0.9057616997818677,0.8927889126710634,0.9121140955578813,0.9074836277173233,0.9374426378088584,0.9152988079886312,0.9152988079886312,0.8342358502255207,0.1749668627581267,0.8594325506251843,-0.12055536774661747,-0.026430436671903933,-0.3504488010764633,0.48931653818543225,0.8151106276223721,0.7479527533074469,1.0,0.9055614362705332,0.5340238837742877,0.6834863203395452,0.665721871663643,0.8771961660749776,0.49772476019288187,0.29451063350322554],[0.7808399766517278,0.7921893737840352,0.7808399766517278,0.7897055139749554,0.7897055139749554,0.7422830042102645,0.7422830042102645,0.7540000966164875,0.7540000966164875,0.7060049646153544,0.8155361672313657,0.7385909269846536,0.7483185173261698,0.6757134479437406,0.8167662296883227,0.780305436479582,0.8346941532038568,0.8361931644980544,0.8361931644980544,0.690829515368291,0.012543305493243732,0.7586228759416213,0.057677937900435836,-0.06101588801612461,-0.32799941395670584,0.6229035939669606,0.6916423703840942,0.6056471462264182,0.9055614362705332,1.0,0.5734691423926758,0.666257159602348,0.6081958154119752,0.7286844707517658,0.5795180336192729,0.4706498109220625],[0.5283524330021574,0.5199478766962478,0.5283524330021574,0.5565650714890894,0.5565650714890894,0.7328197895652435,0.7328197895652435,0.8749629565009632,0.8749629565009632,0.39037893434287146,0.9057639670446431,0.660135478389976,0.9059576058842618,0.9152785312358004,0.9052662249650865,0.8476434031488377,0.8935640723549948,0.7989625371886452,0.7989625371886452,0.08773478400502231,0.07675866541302832,0.5558179103382183,0.580114683547682,-0.5604177452493047,0.08370635760645573,0.5402070788680221,0.4440504847241832,0.5822453163774935,0.5340238837742877,0.5734691423926758,1.0,0.7428066784790769,0.37935910918252025,0.47796100522445467,0.5640736213777208,0.7647772278697462],[0.6299521045227886,0.6270536407418669,0.6299521045227886,0.6242939441959034,0.6242939441959034,0.7361045383582802,0.7361045383582802,0.7781668191928574,0.7781668191928574,0.5474218304419789,0.8738208498206189,0.7387821582042022,0.8547798358756726,0.8449605708727043,0.8748720360495744,0.7841846779080834,0.9016460782463954,0.7522479695468656,0.7522479695468656,0.30038824947768883,0.3519587437157385,0.5899708912330539,0.46697811231808745,-0.18879241506783645,0.16763448684109575,0.6531764218807647,0.5050634243544992,0.595499107861405,0.6834863203395452,0.666257159602348,0.7428066784790769,1.0,0.7782948811966712,0.48953747383033747,0.7262753322630526,0.5474610091859569],[0.6359366423222147,0.6622276652385286,0.6359366423222147,0.607976808965528,0.607976808965528,0.7111478578294476,0.7111478578294476,0.7187809392809036,0.7187809392809036,0.5714360460067509,0.795661296018769,0.6977158603824339,0.7824664005712632,0.7290333980997604,0.7964962681069537,0.7676999669170154,0.8315987774515355,0.7048081025695071,0.7048081025695071,0.5635883122326615,0.5761040247641871,0.5366078406635474,0.19184421337580565,-0.01611832811368018,0.26668685722776897,0.4219277303410747,0.5504079109406621,0.5323697915120493,0.665721871663643,0.6081958154119752,0.37935910918252025,0.7782948811966712,1.0,0.4909087026393639,0.6660867837466695,0.19914076217390042],[0.931735006924647,0.929175005626014,0.931735006924647,0.923497368310226,0.923497368310226,0.8560845750656659,0.8560845750656659,0.7852450486191278,0.7852450486191278,0.8369654205140867,0.8998910939013276,0.8070696963602653,0.8832715962435459,0.9116661398402225,0.899843509321832,0.878881154735902,0.9128174968892774,0.8429859791065045,0.8429859791065045,0.7816994146694555,-0.10454814255672924,0.9020586791462092,-0.03294016087419593,-0.021486186998341934,-0.3808457258985307,0.7011983929923583,0.8611792686567946,0.8134547685662423,0.8771961660749776,0.7286844707517658,0.47796100522445467,0.48953747383033747,0.4909087026393639,1.0,0.7248050160641728,0.16628739820956362],[0.8247191141230261,0.6775004475725516,0.8247191141230261,0.8145380538385382,0.8145380538385382,0.8571778767550238,0.8571778767550238,0.8444836634784567,0.8444836634784567,0.7025714571595727,0.9428785150653501,0.707202978276029,0.9600680137630146,0.961425938162455,0.9427642377688784,0.8544984840278093,0.9498793289661144,0.7740935641944838,0.7740935641944838,0.4699275244321957,0.12232594563141429,0.6553864192768024,0.3759902058211722,-0.20025601371938212,0.12424635571778392,0.7012709746179661,0.6220086141029284,0.8286168662822907,0.49772476019288187,0.5795180336192729,0.5640736213777208,0.7262753322630526,0.6660867837466695,0.7248050160641728,1.0,0.17512356181507066],[0.1782754823404045,0.1752697324868666,0.1782754823404045,0.19017187954484635,0.19017187954484635,0.46338817472025123,0.46338817472025123,0.7996684845392491,0.7996684845392491,0.17716770927591458,0.7742402621267913,0.7079379769898382,0.806171285914886,0.7735633945831991,0.7749657333939277,0.787281768037527,0.831899302195322,0.8491593963763642,0.8491593963763642,-0.15903728500431835,0.16540755025479084,0.17008335746152475,0.46546893961985886,-0.40368048880270385,0.0979523874467914,0.4135892822303102,0.08253076928238608,0.2133388962938118,0.29451063350322554,0.4706498109220625,0.7647772278697462,0.5474610091859569,0.19914076217390042,0.16628739820956362,0.17512356181507066,1.0]],"x":["^TAIEX       \u81fa\u7063\u52a0\u6b0a\u5831\u916c\u6307\u6578","^TWII        \u81fa\u7063\u52a0\u6b0a\u6307\u6578","^TAIEXx2     \u81fa\u7063\u52a0\u6b0a\u5831\u916c\u6307\u6578_\u65e5\u6b632","^TAI50I      \u81fa\u706350\u5831\u916c\u6307\u6578","^TAI50Ix2    \u81fa\u706350\u5831\u916c\u6307\u6578_\u65e5\u6b632","^TAI100I     \u81fa\u7063\u4e2d\u578b100\u5831\u916c\u6307\u6578","^TAI100Ix2   \u81fa\u7063\u4e2d\u578b100\u5831\u916c\u6307\u6578_\u65e5\u6b632","^TAIDIVIDI   \u81fa\u7063\u9ad8\u80a1\u606f\u5831\u916c\u6307\u6578","^TAIDIVIDIx2 \u81fa\u7063\u9ad8\u80a1\u606f\u5831\u916c\u6307\u6578_\u65e5\u6b632","0050Fund     \u5143\u5927\u53f0\u7063\u5353\u8d8a50\u57fa\u91d1","006208Fund   \u5bcc\u90a6\u53f0\u7063\u91c6\u540950\u57fa\u91d1","0050         \u5143\u5927\u81fa\u706350","00631L       \u5143\u5927\u53f0\u706350\u6b632","00675L       \u5bcc\u90a6\u81fa\u7063\u52a0\u6b0a\u6b632","006208       \u5bcc\u90a6\u53f050","0051         \u5143\u5927\u4e2d\u578b100","006204       \u6c38\u8c50\u81fa\u7063\u52a0\u6b0a","0056         \u5143\u5927\u9ad8\u80a1\u606f","0056         \u5143\u5927\u9ad8\u80a1\u606f_\u80a1\u606f\u4e0d\u6295\u5165","2412         \u4e2d\u83ef\u96fb\u4fe1","2002         \u4e2d\u92fc","2330         \u53f0\u7a4d\u96fb","2317         \u9d3b\u6d77","6505         \u53f0\u5851\u77f3\u5316","3481         \u7fa4\u5275","2303         \u806f\u96fb","2308         \u53f0\u9054\u96fb","2454         \u806f\u767c\u79d1","2886         \u5146\u8c50\u91d1","2884         \u7389\u5c71\u91d1","2891         \u4e2d\u4fe1\u91d1","2892         \u7b2c\u4e00\u91d1","5880         \u5408\u5eab\u91d1","2881         \u5bcc\u90a6\u91d1","2885         \u5143\u5927\u91d1","2887         \u53f0\u65b0\u91d1"],"y":["^TAIEX       \u81fa\u7063\u52a0\u6b0a\u5831\u916c\u6307\u6578","^TWII        \u81fa\u7063\u52a0\u6b0a\u6307\u6578","^TAIEXx2     \u81fa\u7063\u52a0\u6b0a\u5831\u916c\u6307\u6578_\u65e5\u6b632","^TAI50I      \u81fa\u706350\u5831\u916c\u6307\u6578","^TAI50Ix2    \u81fa\u706350\u5831\u916c\u6307\u6578_\u65e5\u6b632","^TAI100I     \u81fa\u7063\u4e2d\u578b100\u5831\u916c\u6307\u6578","^TAI100Ix2   \u81fa\u7063\u4e2d\u578b100\u5831\u916c\u6307\u6578_\u65e5\u6b632","^TAIDIVIDI   \u81fa\u7063\u9ad8\u80a1\u606f\u5831\u916c\u6307\u6578","^TAIDIVIDIx2 \u81fa\u7063\u9ad8\u80a1\u606f\u5831\u916c\u6307\u6578_\u65e5\u6b632","0050Fund     \u5143\u5927\u53f0\u7063\u5353\u8d8a50\u57fa\u91d1","006208Fund   \u5bcc\u90a6\u53f0\u7063\u91c6\u540950\u57fa\u91d1","0050         \u5143\u5927\u81fa\u706350","00631L       \u5143\u5927\u53f0\u706350\u6b632","00675L       \u5bcc\u90a6\u81fa\u7063\u52a0\u6b0a\u6b632","006208       \u5bcc\u90a6\u53f050","0051         \u5143\u5927\u4e2d\u578b100","006204       \u6c38\u8c50\u81fa\u7063\u52a0\u6b0a","0056         \u5143\u5927\u9ad8\u80a1\u606f","0056         \u5143\u5927\u9ad8\u80a1\u606f_\u80a1\u606f\u4e0d\u6295\u5165","2412         \u4e2d\u83ef\u96fb\u4fe1","2002         \u4e2d\u92fc","2330         \u53f0\u7a4d\u96fb","2317         \u9d3b\u6d77","6505         \u53f0\u5851\u77f3\u5316","3481         \u7fa4\u5275","2303         \u806f\u96fb","2308         \u53f0\u9054\u96fb","2454         \u806f\u767c\u79d1","2886         \u5146\u8c50\u91d1","2884         \u7389\u5c71\u91d1","2891         \u4e2d\u4fe1\u91d1","2892         \u7b2c\u4e00\u91d1","5880         \u5408\u5eab\u91d1","2881         \u5bcc\u90a6\u91d1","2885         \u5143\u5927\u91d1","2887         \u53f0\u65b0\u91d1"],"zmin":-1,"zmax":1,"colorbar":{"x":-0.2}}],"layout":{"autotypenumbers":"strict","colorway":["#636efa","#EF553B","#00cc96","#ab63fa","#FFA15A","#19d3f3","#FF6692","#B6E880","#FF97FF","#FECB52"],"font":{"color":"#f2f5fa","family":"Courier New"},"hovermode":"closest","hoverlabel":{"align":"left"},"paper_bgcolor":"rgb(17,17,17)","plot_bgcolor":"rgb(17,17,17)","polar":{"bgcolor":"rgb(17,17,17)","angularaxis":{"gridcolor":"#506784","linecolor":"#506784","ticks":""},"radialaxis":{"gridcolor":"#506784","linecolor":"#506784","ticks":""}},"ternary":{"bgcolor":"rgb(17,17,17)","aaxis":{"gridcolor":"#506784","linecolor":"#506784","ticks":""},"baxis":{"gridcolor":"#506784","linecolor":"#506784","ticks":""},"caxis":{"gridcolor":"#506784","linecolor":"#506784","ticks":""}},"coloraxis":{"colorbar":{"outlinewidth":0,"ticks":""}},"colorscale":{"sequential":[[0.0,"#0d0887"],[0.1111111111111111,"#46039f"],[0.2222222222222222,"#7201a8"],[0.3333333333333333,"#9c179e"],[0.4444444444444444,"#bd3786"],[0.5555555555555556,"#d8576b"],[0.6666666666666666,"#ed7953"],[0.7777777777777778,"#fb9f3a"],[0.8888888888888888,"#fdca26"],[1.0,"#f0f921"]],"sequentialminus":[[0.0,"#0d0887"],[0.1111111111111111,"#46039f"],[0.2222222222222222,"#7201a8"],[0.3333333333333333,"#9c179e"],[0.4444444444444444,"#bd3786"],[0.5555555555555556,"#d8576b"],[0.6666666666666666,"#ed7953"],[0.7777777777777778,"#fb9f3a"],[0.8888888888888888,"#fdca26"],[1.0,"#f0f921"]],"diverging":[[0,"#8e0152"],[0.1,"#c51b7d"],[0.2,"#de77ae"],[0.3,"#f1b6da"],[0.4,"#fde0ef"],[0.5,"#f7f7f7"],[0.6,"#e6f5d0"],[0.7,"#b8e186"],[0.8,"#7fbc41"],[0.9,"#4d9221"],[1,"#276419"]]},"xaxis":{"gridcolor":"rgba(0, 0, 0, 0)","linecolor":"#506784","ticks":"","title":{"standoff":15},"zerolinecolor":"#283442","automargin":true,"zerolinewidth":2,"tickfont":{"family":"Courier New","size":14},"side":"top","tickangle":-90},"yaxis":{"gridcolor":"rgba(0, 0, 0, 0)","linecolor":"#506784","ticks":"","title":{"standoff":15},"zerolinecolor":"#283442","automargin":true,"zerolinewidth":2,"tickfont":{"family":"Courier New"},"side":"right"},"scene":{"xaxis":{"backgroundcolor":"rgb(17,17,17)","gridcolor":"#506784","linecolor":"#506784","showbackground":true,"ticks":"","zerolinecolor":"#C8D4E3","gridwidth":2},"yaxis":{"backgroundcolor":"rgb(17,17,17)","gridcolor":"#506784","linecolor":"#506784","showbackground":true,"ticks":"","zerolinecolor":"#C8D4E3","gridwidth":2},"zaxis":{"backgroundcolor":"rgb(17,17,17)","gridcolor":"#506784","linecolor":"#506784","showbackground":true,"ticks":"","zerolinecolor":"#C8D4E3","gridwidth":2}},"shapedefaults":{"line":{"color":"#f2f5fa"}},"annotationdefaults":{"arrowcolor":"#f2f5fa","arrowhead":0,"arrowwidth":1},"geo":{"bgcolor":"rgb(17,17,17)","landcolor":"rgb(17,17,17)","subunitcolor":"#506784","showland":true,"showlakes":true,"lakecolor":"rgb(17,17,17)"},"title":{"x":0.05,"font":{"family":"Times New Roman"},"y":0.05,"text":"<b>Correlation of Close<b><br><i>2016-09-23 ~ 2025-10-21<i>"},"updatemenudefaults":{"bgcolor":"#506784","borderwidth":0},"sliderdefaults":{"bgcolor":"#C8D4E3","borderwidth":1,"bordercolor":"rgb(17,17,17)","tickwidth":0},"mapbox":{"style":"dark"},"annotations":[{"text":"<b>@zwindr<b>","textangle":0,"opacity":0.5,"font":{"color":"white","size":12},"xref":"paper","yref":"paper","xanchor":"left","yanchor":"bottom","x":1.0,"y":1.0,"showarrow":false}]},"config":{"responsive":true,"toImageButtonOptions":{"filename":"Correlation of Close_2016-09-23~2025-10-21","scale":5}}};Plotly.newPlot("correlationClose",correlationClose.data,correlationClose.layout||{},correlationClose.config);}else{console.log("style display is none => correlationClose");}