var config = { responsive: true }

var correlationClose = {"data": [{"type": "heatmap", "z": [[1.0, 0.9999999999999981, 1.0, 0.9957217174392007, 0.9957217174392007, 0.9587580132844065, 0.9587580132844065, 0.8898943944497278, 0.8898943944497278, 0.9959718540254903, 0.9921248434761206, 0.9917694941946263, 0.995257785607263, 0.9702887775256406, 0.9988067790091167, 0.9282481983458167, 0.8089313139796391, 0.26948987420920434, 0.9775737492623494, 0.8025076217243238, 0.09655769794658177, -0.27909354621015964, 0.7624977129635001, 0.9468822929231655, 0.9185384452098905], [0.9999999999999981, 1.0, 0.9999999999999982, 0.9956552246155537, 0.9956552246155537, 0.9580785035623195, 0.9580785035623195, 0.8913745997625292, 0.8913745997625292, 0.9959343015594653, 0.9918412418790894, 0.9911164160440484, 0.9952119065833497, 0.9694743103667834, 0.998812428531613, 0.928923967440041, 0.8168718772765153, 0.40426421731125295, 0.9702416609771095, 0.7742929406107617, 0.10347432453126598, -0.2788047054285411, 0.6579234899999243, 0.9476322240165821, 0.9245718822116351], [1.0, 0.9999999999999982, 1.0, 0.9957217174392007, 0.9957217174392007, 0.9587580132844065, 0.9587580132844065, 0.8898943944497278, 0.8898943944497278, 0.9959718540254903, 0.9921248434761206, 0.9917694941946263, 0.995257785607263, 0.9702887775256406, 0.9988067790091167, 0.9282481983458167, 0.8089313139796391, 0.26948987420920434, 0.9775737492623494, 0.8025076217243238, 0.09655769794658177, -0.27909354621015964, 0.7624977129635001, 0.9468822929231655, 0.9185384452098905], [0.9957217174392007, 0.9956552246155537, 0.9957217174392007, 1.0, 1.0, 0.9454373438312261, 0.9454373438312261, 0.8754239366418133, 0.8754239366418133, 0.9996141340615262, 0.988154177206284, 0.984087533169708, 0.9993459691940101, 0.9525582067102103, 0.9946451205659442, 0.9114128427577763, 0.7857257932952968, 0.24376405815749166, 0.9887520087430508, 0.7950098818510257, 0.06749416689041365, -0.2837179262335181, 0.7720904702462822, 0.9351641451485, 0.9189481135744488], [0.9957217174392007, 0.9956552246155537, 0.9957217174392007, 1.0, 1.0, 0.9454373438312261, 0.9454373438312261, 0.8754239366418133, 0.8754239366418133, 0.9996141340615262, 0.988154177206284, 0.984087533169708, 0.9993459691940101, 0.9525582067102103, 0.9946451205659442, 0.9114128427577763, 0.7857257932952968, 0.24376405815749166, 0.9887520087430508, 0.7950098818510257, 0.06749416689041365, -0.2837179262335181, 0.7720904702462822, 0.9351641451485, 0.9189481135744488], [0.9587580132844065, 0.9580785035623195, 0.9587580132844065, 0.9454373438312261, 0.9454373438312261, 1.0, 1.0, 0.9188512552739405, 0.9188512552739405, 0.9491240049419558, 0.9759769718385511, 0.9748935795714662, 0.9500128820265934, 0.998950332188855, 0.970827262146722, 0.919065040414833, 0.6801111029831381, 0.20372918996896416, 0.9293885838252224, 0.7286730721335103, -0.13411771294445857, -0.13022574721921257, 0.8716083024189063, 0.9009412071328218, 0.9203115379686171], [0.9587580132844065, 0.9580785035623195, 0.9587580132844065, 0.9454373438312261, 0.9454373438312261, 1.0, 1.0, 0.9188512552739405, 0.9188512552739405, 0.9491240049419558, 0.9759769718385511, 0.9748935795714662, 0.9500128820265934, 0.998950332188855, 0.970827262146722, 0.919065040414833, 0.6801111029831381, 0.20372918996896416, 0.9293885838252224, 0.7286730721335103, -0.13411771294445857, -0.13022574721921257, 0.8716083024189063, 0.9009412071328218, 0.9203115379686171], [0.8898943944497278, 0.8913745997625292, 0.8898943944497278, 0.8754239366418133, 0.8754239366418133, 0.9188512552739405, 0.9188512552739405, 1.0, 1.0, 0.8973217485493208, 0.9443388538603715, 0.939187665959981, 0.9346662455331455, 0.9197318006045819, 0.9360007421206932, 0.9746378741728308, 0.6228600814217171, 0.2501156122314504, 0.8292396968170437, 0.7433556633592305, -0.16977563767692655, 0.016717407879411235, 0.7822122612762454, 0.7878836187968572, 0.8519238002951037], [0.8898943944497278, 0.8913745997625292, 0.8898943944497278, 0.8754239366418133, 0.8754239366418133, 0.9188512552739405, 0.9188512552739405, 1.0, 1.0, 0.8973217485493208, 0.9443388538603715, 0.939187665959981, 0.9346662455331455, 0.9197318006045819, 0.9360007421206932, 0.9746378741728308, 0.6228600814217171, 0.2501156122314504, 0.8292396968170437, 0.7433556633592305, -0.16977563767692655, 0.016717407879411235, 0.7822122612762454, 0.7878836187968572, 0.8519238002951037], [0.9959718540254903, 0.9959343015594653, 0.9959718540254903, 0.9996141340615262, 0.9996141340615262, 0.9491240049419558, 0.9491240049419558, 0.8973217485493208, 0.8973217485493208, 1.0, 0.9869539927917645, 0.9830708432266063, 0.9993857666010649, 0.951076717789443, 0.9945030374536308, 0.9112047601040066, 0.8277480751060501, 0.07450811698337853, 0.9916511984312598, 0.7927451638678541, -0.19625138652937538, -0.31604231722445686, 0.8862140656552563, 0.9296222322734508, 0.9055207960851085], [0.9921248434761206, 0.9918412418790894, 0.9921248434761206, 0.988154177206284, 0.988154177206284, 0.9759769718385511, 0.9759769718385511, 0.9443388538603715, 0.9443388538603715, 0.9869539927917645, 1.0, 0.9996585356612798, 0.9879328473751997, 0.9744527432963275, 0.988916364128295, 0.9250354619783898, 0.7933891390968916, 0.2629097003278367, 0.98644358939838, 0.7160540022502647, -0.5717197808337113, 0.23236207621581834, 0.8546729518650618, 0.9303921404709685, 0.9545295216845187], [0.9917694941946263, 0.9911164160440484, 0.9917694941946263, 0.984087533169708, 0.984087533169708, 0.9748935795714662, 0.9748935795714662, 0.939187665959981, 0.939187665959981, 0.9830708432266063, 0.9996585356612798, 1.0, 0.9848230595547479, 0.9722447597968755, 0.9871099189347792, 0.9134802268265577, 0.8147775910235824, 0.1470651780807128, 0.9810245940158393, 0.7206084742436801, -0.8058597303151646, 0.2758164624323059, 0.8141472068301133, 0.936964966279407, 0.9522883475847261], [0.995257785607263, 0.9952119065833497, 0.995257785607263, 0.9993459691940101, 0.9993459691940101, 0.9500128820265934, 0.9500128820265934, 0.9346662455331455, 0.9346662455331455, 0.9993857666010649, 0.9879328473751997, 0.9848230595547479, 1.0, 0.9513089160168284, 0.9937524257124015, 0.9324574562935318, 0.8301913779867385, 0.25974551312500743, 0.9951409080593923, 0.7577368233099857, -0.35710161670841134, 0.17624721234236682, 0.8767737796146915, 0.90812204701292, 0.9349966720406175], [0.9702887775256406, 0.9694743103667834, 0.9702887775256406, 0.9525582067102103, 0.9525582067102103, 0.998950332188855, 0.998950332188855, 0.9197318006045819, 0.9197318006045819, 0.951076717789443, 0.9744527432963275, 0.9722447597968755, 0.9513089160168284, 1.0, 0.9729473213117851, 0.9182975052533013, 0.7534996293490481, 0.17084201437606017, 0.9425052814382804, 0.7255695248140068, -0.28479641634833286, -0.20401440745682997, 0.9094627996704511, 0.9206077162381652, 0.9168078480763105], [0.9988067790091167, 0.998812428531613, 0.9988067790091167, 0.9946451205659442, 0.9946451205659442, 0.970827262146722, 0.970827262146722, 0.9360007421206932, 0.9360007421206932, 0.9945030374536308, 0.988916364128295, 0.9871099189347792, 0.9937524257124015, 0.9729473213117851, 1.0, 0.9451852240697123, 0.8368809606089023, 0.2688381104598053, 0.9868080791526319, 0.7437948999590546, -0.3468161166601787, 0.18767868850684177, 0.9065345295152067, 0.9277357897561753, 0.940093796983216], [0.9282481983458167, 0.928923967440041, 0.9282481983458167, 0.9114128427577763, 0.9114128427577763, 0.919065040414833, 0.919065040414833, 0.9746378741728308, 0.9746378741728308, 0.9112047601040066, 0.9250354619783898, 0.9134802268265577, 0.9324574562935318, 0.9182975052533013, 0.9451852240697123, 1.0, 0.7666002064998961, 0.2079371877768676, 0.8745510434753129, 0.7185482118293922, -0.07183957238934169, -0.2379675836581913, 0.8188201974543693, 0.839614072255264, 0.8288802078949332], [0.8089313139796391, 0.8168718772765153, 0.8089313139796391, 0.7857257932952968, 0.7857257932952968, 0.6801111029831381, 0.6801111029831381, 0.6228600814217171, 0.6228600814217171, 0.8277480751060501, 0.7933891390968916, 0.8147775910235824, 0.8301913779867385, 0.7534996293490481, 0.8368809606089023, 0.7666002064998961, 1.0, 0.526379020544307, 0.7398568377398996, 0.7767124886017537, 0.4879451598731078, -0.5807591953162808, 0.2649862250025123, 0.8287964045056961, 0.6519360383511792], [0.26948987420920434, 0.40426421731125295, 0.26948987420920434, 0.24376405815749166, 0.24376405815749166, 0.20372918996896416, 0.20372918996896416, 0.2501156122314504, 0.2501156122314504, 0.07450811698337853, 0.2629097003278367, 0.1470651780807128, 0.25974551312500743, 0.17084201437606017, 0.2688381104598053, 0.2079371877768676, 0.526379020544307, 1.0, 0.2533296130809159, 0.5651345024433353, 0.38497632443778046, 0.5544491389000389, 0.024885540885604993, 0.41906275969311707, 0.38641327701520917], [0.9775737492623494, 0.9702416609771095, 0.9775737492623494, 0.9887520087430508, 0.9887520087430508, 0.9293885838252224, 0.9293885838252224, 0.8292396968170437, 0.8292396968170437, 0.9916511984312598, 0.98644358939838, 0.9810245940158393, 0.9951409080593923, 0.9425052814382804, 0.9868080791526319, 0.8745510434753129, 0.7398568377398996, 0.2533296130809159, 1.0, 0.7372666878357534, 0.009072368646534226, -0.348119836264328, 0.6714475557593907, 0.9181098322533122, 0.9094002746260426], [0.8025076217243238, 0.7742929406107617, 0.8025076217243238, 0.7950098818510257, 0.7950098818510257, 0.7286730721335103, 0.7286730721335103, 0.7433556633592305, 0.7433556633592305, 0.7927451638678541, 0.7160540022502647, 0.7206084742436801, 0.7577368233099857, 0.7255695248140068, 0.7437948999590546, 0.7185482118293922, 0.7767124886017537, 0.5651345024433353, 0.7372666878357534, 1.0, 0.2048423861594622, -0.04809279709905845, 0.2319635579807448, 0.8280980016139414, 0.7394847360452307], [0.09655769794658177, 0.10347432453126598, 0.09655769794658177, 0.06749416689041365, 0.06749416689041365, -0.13411771294445857, -0.13411771294445857, -0.16977563767692655, -0.16977563767692655, -0.19625138652937538, -0.5717197808337113, -0.8058597303151646, -0.35710161670841134, -0.28479641634833286, -0.3468161166601787, -0.07183957238934169, 0.4879451598731078, 0.38497632443778046, 0.009072368646534226, 0.2048423861594622, 1.0, -0.0853689591984535, -0.16598168185176862, 0.09169940211529584, -0.1024071108064758], [-0.27909354621015964, -0.2788047054285411, -0.27909354621015964, -0.2837179262335181, -0.2837179262335181, -0.13022574721921257, -0.13022574721921257, 0.016717407879411235, 0.016717407879411235, -0.31604231722445686, 0.23236207621581834, 0.2758164624323059, 0.17624721234236682, -0.20401440745682997, 0.18767868850684177, -0.2379675836581913, -0.5807591953162808, 0.5544491389000389, -0.348119836264328, -0.04809279709905845, -0.0853689591984535, 1.0, -0.06301107240390615, -0.3469982809720816, -0.07940760382512357], [0.7624977129635001, 0.6579234899999243, 0.7624977129635001, 0.7720904702462822, 0.7720904702462822, 0.8716083024189063, 0.8716083024189063, 0.7822122612762454, 0.7822122612762454, 0.8862140656552563, 0.8546729518650618, 0.8141472068301133, 0.8767737796146915, 0.9094627996704511, 0.9065345295152067, 0.8188201974543693, 0.2649862250025123, 0.024885540885604993, 0.6714475557593907, 0.2319635579807448, -0.16598168185176862, -0.06301107240390615, 1.0, 0.5343865251368061, 0.7319132115463507], [0.9468822929231655, 0.9476322240165821, 0.9468822929231655, 0.9351641451485, 0.9351641451485, 0.9009412071328218, 0.9009412071328218, 0.7878836187968572, 0.7878836187968572, 0.9296222322734508, 0.9303921404709685, 0.936964966279407, 0.90812204701292, 0.9206077162381652, 0.9277357897561753, 0.839614072255264, 0.8287964045056961, 0.41906275969311707, 0.9181098322533122, 0.8280980016139414, 0.09169940211529584, -0.3469982809720816, 0.5343865251368061, 1.0, 0.8812502224063109], [0.9185384452098905, 0.9245718822116351, 0.9185384452098905, 0.9189481135744488, 0.9189481135744488, 0.9203115379686171, 0.9203115379686171, 0.8519238002951037, 0.8519238002951037, 0.9055207960851085, 0.9545295216845187, 0.9522883475847261, 0.9349966720406175, 0.9168078480763105, 0.940093796983216, 0.8288802078949332, 0.6519360383511792, 0.38641327701520917, 0.9094002746260426, 0.7394847360452307, -0.1024071108064758, -0.07940760382512357, 0.7319132115463507, 0.8812502224063109, 1.0]], "x": ["^TAIEX       \u81fa\u7063\u52a0\u6b0a\u5831\u916c\u6307\u6578", "^TWII        \u81fa\u7063\u52a0\u6b0a\u6307\u6578", "^TAIEXx2     \u81fa\u7063\u52a0\u6b0a\u5831\u916c\u6307\u6578_\u65e5\u6b632", "^TAI50I      \u81fa\u706350\u5831\u916c\u6307\u6578", "^TAI50Ix2    \u81fa\u706350\u5831\u916c\u6307\u6578_\u65e5\u6b632", "^TAI100I     \u81fa\u7063\u4e2d\u578b100\u5831\u916c\u6307\u6578", "^TAI100Ix2   \u81fa\u7063\u4e2d\u578b100\u5831\u916c\u6307\u6578_\u65e5\u6b632", "^TAIDIVIDI   \u81fa\u7063\u9ad8\u80a1\u606f\u5831\u916c\u6307\u6578", "^TAIDIVIDIx2 \u81fa\u7063\u9ad8\u80a1\u606f\u5831\u916c\u6307\u6578_\u65e5\u6b632", "0050         \u5143\u5927\u81fa\u706350", "00631L       \u5143\u5927\u53f0\u706350\u6b632", "00675L       \u5bcc\u90a6\u81fa\u7063\u52a0\u6b0a\u6b632", "006208       \u5bcc\u90a6\u53f050", "0051         \u5143\u5927\u4e2d\u578b100", "006204       \u6c38\u8c50\u81fa\u7063\u52a0\u6b0a", "0056         \u5143\u5927\u9ad8\u80a1\u606f", "2412         \u4e2d\u83ef\u96fb\u4fe1", "2002         \u4e2d\u92fc", "2330         \u53f0\u7a4d\u96fb", "2317         \u9d3b\u6d77", "6505         \u53f0\u5851\u77f3\u5316", "3481         \u7fa4\u5275", "2303         \u806f\u96fb", "2308         \u53f0\u9054\u96fb", "2454         \u806f\u767c\u79d1"], "y": ["^TAIEX       \u81fa\u7063\u52a0\u6b0a\u5831\u916c\u6307\u6578", "^TWII        \u81fa\u7063\u52a0\u6b0a\u6307\u6578", "^TAIEXx2     \u81fa\u7063\u52a0\u6b0a\u5831\u916c\u6307\u6578_\u65e5\u6b632", "^TAI50I      \u81fa\u706350\u5831\u916c\u6307\u6578", "^TAI50Ix2    \u81fa\u706350\u5831\u916c\u6307\u6578_\u65e5\u6b632", "^TAI100I     \u81fa\u7063\u4e2d\u578b100\u5831\u916c\u6307\u6578", "^TAI100Ix2   \u81fa\u7063\u4e2d\u578b100\u5831\u916c\u6307\u6578_\u65e5\u6b632", "^TAIDIVIDI   \u81fa\u7063\u9ad8\u80a1\u606f\u5831\u916c\u6307\u6578", "^TAIDIVIDIx2 \u81fa\u7063\u9ad8\u80a1\u606f\u5831\u916c\u6307\u6578_\u65e5\u6b632", "0050         \u5143\u5927\u81fa\u706350", "00631L       \u5143\u5927\u53f0\u706350\u6b632", "00675L       \u5bcc\u90a6\u81fa\u7063\u52a0\u6b0a\u6b632", "006208       \u5bcc\u90a6\u53f050", "0051         \u5143\u5927\u4e2d\u578b100", "006204       \u6c38\u8c50\u81fa\u7063\u52a0\u6b0a", "0056         \u5143\u5927\u9ad8\u80a1\u606f", "2412         \u4e2d\u83ef\u96fb\u4fe1", "2002         \u4e2d\u92fc", "2330         \u53f0\u7a4d\u96fb", "2317         \u9d3b\u6d77", "6505         \u53f0\u5851\u77f3\u5316", "3481         \u7fa4\u5275", "2303         \u806f\u96fb", "2308         \u53f0\u9054\u96fb", "2454         \u806f\u767c\u79d1"], "zmin": -1, "zmax": 1, "colorbar": {"x": -0.2}}], "layout": {"autotypenumbers": "strict", "colorway": ["#636efa", "#EF553B", "#00cc96", "#ab63fa", "#FFA15A", "#19d3f3", "#FF6692", "#B6E880", "#FF97FF", "#FECB52"], "font": {"color": "#f2f5fa", "family": "Courier New"}, "hovermode": "closest", "hoverlabel": {"align": "left"}, "paper_bgcolor": "rgb(17,17,17)", "plot_bgcolor": "rgb(17,17,17)", "polar": {"bgcolor": "rgb(17,17,17)", "angularaxis": {"gridcolor": "#506784", "linecolor": "#506784", "ticks": ""}, "radialaxis": {"gridcolor": "#506784", "linecolor": "#506784", "ticks": ""}}, "ternary": {"bgcolor": "rgb(17,17,17)", "aaxis": {"gridcolor": "#506784", "linecolor": "#506784", "ticks": ""}, "baxis": {"gridcolor": "#506784", "linecolor": "#506784", "ticks": ""}, "caxis": {"gridcolor": "#506784", "linecolor": "#506784", "ticks": ""}}, "coloraxis": {"colorbar": {"outlinewidth": 0, "ticks": ""}}, "colorscale": {"sequential": [[0.0, "#0d0887"], [0.1111111111111111, "#46039f"], [0.2222222222222222, "#7201a8"], [0.3333333333333333, "#9c179e"], [0.4444444444444444, "#bd3786"], [0.5555555555555556, "#d8576b"], [0.6666666666666666, "#ed7953"], [0.7777777777777778, "#fb9f3a"], [0.8888888888888888, "#fdca26"], [1.0, "#f0f921"]], "sequentialminus": [[0.0, "#0d0887"], [0.1111111111111111, "#46039f"], [0.2222222222222222, "#7201a8"], [0.3333333333333333, "#9c179e"], [0.4444444444444444, "#bd3786"], [0.5555555555555556, "#d8576b"], [0.6666666666666666, "#ed7953"], [0.7777777777777778, "#fb9f3a"], [0.8888888888888888, "#fdca26"], [1.0, "#f0f921"]], "diverging": [[0, "#8e0152"], [0.1, "#c51b7d"], [0.2, "#de77ae"], [0.3, "#f1b6da"], [0.4, "#fde0ef"], [0.5, "#f7f7f7"], [0.6, "#e6f5d0"], [0.7, "#b8e186"], [0.8, "#7fbc41"], [0.9, "#4d9221"], [1, "#276419"]]}, "xaxis": {"gridcolor": "rgba(0, 0, 0, 0)", "linecolor": "#506784", "ticks": "", "title": {"standoff": 15}, "zerolinecolor": "#283442", "automargin": true, "zerolinewidth": 2, "tickfont": {"family": "Courier New", "size": 14}, "side": "top", "tickangle": -90}, "yaxis": {"gridcolor": "rgba(0, 0, 0, 0)", "linecolor": "#506784", "ticks": "", "title": {"standoff": 15}, "zerolinecolor": "#283442", "automargin": true, "zerolinewidth": 2, "tickfont": {"family": "Courier New"}, "side": "right"}, "scene": {"xaxis": {"backgroundcolor": "rgb(17,17,17)", "gridcolor": "#506784", "linecolor": "#506784", "showbackground": true, "ticks": "", "zerolinecolor": "#C8D4E3", "gridwidth": 2}, "yaxis": {"backgroundcolor": "rgb(17,17,17)", "gridcolor": "#506784", "linecolor": "#506784", "showbackground": true, "ticks": "", "zerolinecolor": "#C8D4E3", "gridwidth": 2}, "zaxis": {"backgroundcolor": "rgb(17,17,17)", "gridcolor": "#506784", "linecolor": "#506784", "showbackground": true, "ticks": "", "zerolinecolor": "#C8D4E3", "gridwidth": 2}}, "shapedefaults": {"line": {"color": "#f2f5fa"}}, "annotationdefaults": {"arrowcolor": "#f2f5fa", "arrowhead": 0, "arrowwidth": 1}, "geo": {"bgcolor": "rgb(17,17,17)", "landcolor": "rgb(17,17,17)", "subunitcolor": "#506784", "showland": true, "showlakes": true, "lakecolor": "rgb(17,17,17)"}, "title": {"x": 0.05, "font": {"family": "Times New Roman"}, "y": 0.05, "text": "<b>Correlation of Close<b><br><i>2016/09/23 ~ 2025/05/21<i>"}, "updatemenudefaults": {"bgcolor": "#506784", "borderwidth": 0}, "sliderdefaults": {"bgcolor": "#C8D4E3", "borderwidth": 1, "bordercolor": "rgb(17,17,17)", "tickwidth": 0}, "mapbox": {"style": "dark"}, "height": 600}};

Plotly.newPlot("correlationClose",
    correlationClose.data,
    correlationClose.layout || {},
    config);