var element=document.getElementById("correlationClose");if(element.style.display!='none'){var correlationClose={"data":[{"type":"heatmap","z":[[1.0,0.9999999999999981,1.0,0.995372112615022,0.995372112615022,0.9774808109364085,0.9774808109364085,0.9274667344681691,0.9274667344681691,0.6798170416454336,0.9960562188309463,0.613859522320579,0.88036063636205,0.9856412910072334,0.9961336577151423,0.9807464713634384,0.9993987542828607,0.9098018704565904,0.9098018704565904,0.750642122188516,-0.22308217354093487,0.9843045251304983,0.3204899020228119,-0.20392550465744202,-0.1718900353643206,0.8528962633909806,0.8851295273377875,0.9187733596878774,0.8766760739315006,0.7707169532051732,0.7119326152506011,0.6484020016428992,0.5722304637274964,0.9201631431452193,0.8928515128934843,0.3325147382324524],[0.9999999999999981,1.0,0.9999999999999982,0.995310160396764,0.995310160396764,0.977033888756403,0.977033888756403,0.9275073938383043,0.9275073938383043,0.6801724161068436,0.9960588999069101,0.6129080623775837,0.8813344388342943,0.9852255453813903,0.996156825215052,0.9805673254092245,0.9994021430778246,0.9095679340800514,0.9095679340800514,0.7664319763092662,-0.018959487411413935,0.9783621030732312,0.06359288169643419,-0.19798359346406863,-0.17261011188973602,0.7234962119252016,0.8808078196875879,0.9036282244158285,0.8740572677837071,0.7772627782808287,0.7046670377026316,0.645766810643867,0.5966230202938958,0.9193917682179115,0.7858586072999333,0.32739768456656654],[1.0,0.9999999999999982,1.0,0.995372112615022,0.995372112615022,0.9774808109364085,0.9774808109364085,0.9274667344681691,0.9274667344681691,0.6798170416454336,0.9960562188309463,0.613859522320579,0.88036063636205,0.9856412910072334,0.9961336577151423,0.9807464713634384,0.9993987542828607,0.9098018704565904,0.9098018704565904,0.750642122188516,-0.22308217354093487,0.9843045251304983,0.3204899020228119,-0.20392550465744202,-0.1718900353643206,0.8528962633909806,0.8851295273377875,0.9187733596878774,0.8766760739315006,0.7707169532051732,0.7119326152506011,0.6484020016428992,0.5722304637274964,0.9201631431452193,0.8928515128934843,0.3325147382324524],[0.995372112615022,0.995310160396764,0.995372112615022,1.0,1.0,0.9666272820851484,0.9666272820851484,0.911570666959188,0.911570666959188,0.6331441459565679,0.999733354262465,0.5688271895732886,0.887687423748269,0.9892115997245038,0.9996886086482538,0.9656770344355775,0.9956143842513582,0.8810899538646336,0.8810899538646336,0.7156544711983054,-0.22865651975561835,0.9937892956826249,0.3477188042952883,-0.23575795460179927,-0.1631737766383262,0.842457627050328,0.9099141239842348,0.9251987632628932,0.8467655569063363,0.7604049441093993,0.7383906666614143,0.6335041424496825,0.5336804122657977,0.9005832159665499,0.8877424291622414,0.3481728061178037],[0.995372112615022,0.995310160396764,0.995372112615022,1.0,1.0,0.9666272820851484,0.9666272820851484,0.911570666959188,0.911570666959188,0.6331441459565679,0.999733354262465,0.5688271895732886,0.887687423748269,0.9892115997245038,0.9996886086482538,0.9656770344355775,0.9956143842513582,0.8810899538646336,0.8810899538646336,0.7156544711983054,-0.22865651975561835,0.9937892956826249,0.3477188042952883,-0.23575795460179927,-0.1631737766383262,0.842457627050328,0.9099141239842348,0.9251987632628932,0.8467655569063363,0.7604049441093993,0.7383906666614143,0.6335041424496825,0.5336804122657977,0.9005832159665499,0.8877424291622414,0.3481728061178037],[0.9774808109364085,0.977033888756403,0.9774808109364085,0.9666272820851484,0.9666272820851484,1.0,1.0,0.9474388491809583,0.9474388491809583,0.6660540604124453,0.9652434285449761,0.6368589246159829,0.8557427445254492,0.9522381788044638,0.9652047413420932,0.9991822215268624,0.9817836294491648,0.9181920946542121,0.9181920946542121,0.6550348843827748,-0.1871245025324715,0.9572980757196036,0.4372175822187761,-0.3581891893564578,-0.07490703706941021,0.9001630804435704,0.8493307273225293,0.9230988723360584,0.865085343467539,0.7481014103137623,0.8358938664727615,0.7333319054591635,0.6392590679360558,0.8726829183223489,0.9113589697752327,0.5720437309666784],[0.9774808109364085,0.977033888756403,0.9774808109364085,0.9666272820851484,0.9666272820851484,1.0,1.0,0.9474388491809583,0.9474388491809583,0.6660540604124453,0.9652434285449761,0.6368589246159829,0.8557427445254492,0.9522381788044638,0.9652047413420932,0.9991822215268624,0.9817836294491648,0.9181920946542121,0.9181920946542121,0.6550348843827748,-0.1871245025324715,0.9572980757196036,0.4372175822187761,-0.3581891893564578,-0.07490703706941021,0.9001630804435704,0.8493307273225293,0.9230988723360584,0.865085343467539,0.7481014103137623,0.8358938664727615,0.7333319054591635,0.6392590679360558,0.8726829183223489,0.9113589697752327,0.5720437309666784],[0.9274667344681691,0.9275073938383043,0.9274667344681691,0.911570666959188,0.911570666959188,0.9474388491809583,0.9474388491809583,1.0,1.0,0.6507181273418399,0.9444956970578601,0.6531991853733834,0.8233448141101531,0.9199746970076705,0.9443212081197602,0.9492887761739759,0.9551013505482993,0.9704405853969732,0.9704405853969732,0.6218169772849736,-0.07409881084067597,0.8855456144266384,0.634406450111456,-0.3922718156048568,0.036398863036705614,0.8359260600309285,0.7633189600979904,0.8813774886430737,0.8430635748356925,0.7685800931415624,0.9074103250466521,0.7816628672108596,0.6720545613929926,0.8295333708830955,0.8919370658792437,0.8478682806525284],[0.9274667344681691,0.9275073938383043,0.9274667344681691,0.911570666959188,0.911570666959188,0.9474388491809583,0.9474388491809583,1.0,1.0,0.6507181273418399,0.9444956970578601,0.6531991853733834,0.8233448141101531,0.9199746970076705,0.9443212081197602,0.9492887761739759,0.9551013505482993,0.9704405853969732,0.9704405853969732,0.6218169772849736,-0.07409881084067597,0.8855456144266384,0.634406450111456,-0.3922718156048568,0.036398863036705614,0.8359260600309285,0.7633189600979904,0.8813774886430737,0.8430635748356925,0.7685800931415624,0.9074103250466521,0.7816628672108596,0.6720545613929926,0.8295333708830955,0.8919370658792437,0.8478682806525284],[0.6798170416454336,0.6801724161068436,0.6798170416454336,0.6331441459565679,0.6331441459565679,0.6660540604124453,0.6660540604124453,0.6507181273418399,0.6507181273418399,1.0,0.4745990199185887,0.9999688502198657,0.2585259816300432,0.21995368740528726,0.47789974214970393,0.6590821751977688,0.5516681351125123,0.7541093628952165,0.7541093628952165,0.6819146906202616,-0.10210576170670924,0.6091567448090252,0.04557640176694333,0.04364053866453548,-0.23953113676219265,0.6975450473051901,0.3241429078055227,0.578902670210733,0.7929319442740135,0.6650875299289453,0.3134198775090739,0.5203928775239657,0.5627237801835423,0.7471807931874962,0.5561705688090263,0.17272407074886206],[0.9960562188309463,0.9960588999069101,0.9960562188309463,0.999733354262465,0.999733354262465,0.9652434285449761,0.9652434285449761,0.9444956970578601,0.9444956970578601,0.4745990199185887,1.0,0.4759888931355822,0.8870706855843175,0.9886254060582872,0.9999544188289166,0.9621292642559796,0.9954480285992897,0.8921468728832368,0.8921468728832368,0.8374748579592618,-0.15468847977141403,0.9970753945648132,0.9151676067455335,-0.545632926836253,0.6308554812328001,0.8480554892540845,0.8997623826755607,0.9361528622281924,0.8268127619390879,0.7794944600279534,0.9489828473820133,0.8099493439257259,0.6546457773668265,0.8857231962171628,0.965237313574065,0.8570154760500106],[0.613859522320579,0.6129080623775837,0.613859522320579,0.5688271895732886,0.5688271895732886,0.6368589246159829,0.6368589246159829,0.6531991853733834,0.6531991853733834,0.9999688502198657,0.4759888931355822,1.0,0.2595670185309038,0.22084786398974007,0.47875108647263775,0.6471137415873826,0.5524050577711785,0.7439317726708654,0.7439317726708654,0.6297222720693546,0.029242462671919125,0.5495879654890354,0.368807339893037,-0.16257554153732376,-0.21736648740045994,0.7135265233729691,0.23729633788024884,0.5384535725463041,0.7591133513682128,0.6797716499850652,0.46037964027631567,0.6738821577462052,0.674956283223689,0.6921495701040216,0.5180705286291726,0.5783151155795285],[0.88036063636205,0.8813344388342943,0.88036063636205,0.887687423748269,0.887687423748269,0.8557427445254492,0.8557427445254492,0.8233448141101531,0.8233448141101531,0.2585259816300432,0.8870706855843175,0.2595670185309038,1.0,0.9998766362415883,0.8865754879567458,0.8498086695680334,0.8789519633839954,0.7469987952555301,0.7469987952555301,0.6452024683389891,-0.12991766475675598,0.8809586558914991,0.8271690434236207,-0.6298772143326457,0.6909382088146341,0.7232695727360935,0.8722801033449441,0.8728740604268657,0.6546993041982796,0.5912211605723181,0.8578006135202167,0.6351452277034434,0.4726278502828831,0.7613321359862162,0.8668518611116092,0.7892849436663054],[0.9856412910072334,0.9852255453813903,0.9856412910072334,0.9892115997245038,0.9892115997245038,0.9522381788044638,0.9522381788044638,0.9199746970076705,0.9199746970076705,0.21995368740528726,0.9886254060582872,0.22084786398974007,0.9998766362415883,1.0,0.9885959668329029,0.9457241890907795,0.9828019441043087,0.8464227051167811,0.8464227051167811,0.8251827641889631,-0.2576613037500798,0.9807466345689289,0.894802169755754,-0.7202743872436237,0.7479678928044956,0.7894256209930229,0.9504206416436066,0.946075779470963,0.7287984374484224,0.6494011334613203,0.9367920505632509,0.7258821266689861,0.4848507049328997,0.8425278620034387,0.9594543200918689,0.8538895251246678],[0.9961336577151423,0.996156825215052,0.9961336577151423,0.9996886086482538,0.9996886086482538,0.9652047413420932,0.9652047413420932,0.9443212081197602,0.9443212081197602,0.47789974214970393,0.9999544188289166,0.47875108647263775,0.8865754879567458,0.9885959668329029,1.0,0.9623407358996017,0.9955667976333684,0.8929814917279782,0.8929814917279782,0.8384575161177921,-0.15227809040563617,0.9970262291264893,0.9145418435307414,-0.5436090345370094,0.626295069838258,0.847354795593567,0.8978392480533756,0.9356338928899028,0.8282706996119925,0.7808712773127064,0.948184927531883,0.8114442969514598,0.6574966991345128,0.885302843824897,0.9650182523382774,0.8560549770521151],[0.9807464713634384,0.9805673254092245,0.9807464713634384,0.9656770344355775,0.9656770344355775,0.9991822215268624,0.9991822215268624,0.9492887761739759,0.9492887761739759,0.6590821751977688,0.9621292642559796,0.6471137415873826,0.8498086695680334,0.9457241890907795,0.9623407358996017,1.0,0.9807100017837123,0.921355878386635,0.921355878386635,0.7049730206902596,-0.17639985336508668,0.9589020032580925,0.7420511492590967,-0.4834955001742318,-0.06574789186665891,0.9088614135776346,0.8340361519028812,0.9169751007349451,0.8726724236387082,0.779174422124554,0.9034130353345077,0.7759937079069447,0.6948112100702207,0.8931040538094455,0.9083279523435006,0.843329978175839],[0.9993987542828607,0.9994021430778246,0.9993987542828607,0.9956143842513582,0.9956143842513582,0.9817836294491648,0.9817836294491648,0.9551013505482993,0.9551013505482993,0.5516681351125123,0.9954480285992897,0.5524050577711785,0.8789519633839954,0.9828019441043087,0.9955667976333684,0.9807100017837123,1.0,0.9207980621160476,0.9207980621160476,0.8560623475105428,-0.1340863600444023,0.9911095277277262,0.8988101726832463,-0.5373263663880552,0.6158611265260014,0.8822640250699527,0.8766510870200724,0.9374101060465045,0.8681946869138791,0.8065053219260883,0.9410754357199249,0.851262512296686,0.7125091707979793,0.9045599656574224,0.9708947993927103,0.8881998518603079],[0.9098018704565904,0.9095679340800514,0.9098018704565904,0.8810899538646336,0.8810899538646336,0.9181920946542121,0.9181920946542121,0.9704405853969732,0.9704405853969732,0.7541093628952165,0.8921468728832368,0.7439317726708654,0.7469987952555301,0.8464227051167811,0.8929814917279782,0.921355878386635,0.9207980621160476,1.0,1.0,0.7612571192811285,-0.11151577592803529,0.8548583736383759,0.6389962793790299,-0.28172759412212806,-0.13074768224623784,0.8552241371810831,0.6831880926371253,0.8241682686853377,0.9129080639929315,0.8455926992053988,0.8230061987062419,0.771598617126391,0.6893014960356763,0.8690083263215436,0.8131753649970737,0.8740017837794459],[0.9098018704565904,0.9095679340800514,0.9098018704565904,0.8810899538646336,0.8810899538646336,0.9181920946542121,0.9181920946542121,0.9704405853969732,0.9704405853969732,0.7541093628952165,0.8921468728832368,0.7439317726708654,0.7469987952555301,0.8464227051167811,0.8929814917279782,0.921355878386635,0.9207980621160476,1.0,1.0,0.7612571192811285,-0.11151577592803529,0.8548583736383759,0.6389962793790299,-0.28172759412212806,-0.13074768224623784,0.8552241371810831,0.6831880926371253,0.8241682686853377,0.9129080639929315,0.8455926992053988,0.8230061987062419,0.771598617126391,0.6893014960356763,0.8690083263215436,0.8131753649970737,0.8740017837794459],[0.750642122188516,0.7664319763092662,0.750642122188516,0.7156544711983054,0.7156544711983054,0.6550348843827748,0.6550348843827748,0.6218169772849736,0.6218169772849736,0.6819146906202616,0.8374748579592618,0.6297222720693546,0.6452024683389891,0.8251827641889631,0.8384575161177921,0.7049730206902596,0.8560623475105428,0.7612571192811285,0.7612571192811285,1.0,0.0007763578006037974,0.6846404385607486,-0.2646194393790807,0.24760225808294253,-0.6223609683330209,0.40621190544775504,0.5522521002803904,0.503202915058819,0.8466175910451013,0.7156006566915999,0.2287195448289057,0.35698100391702353,0.5768485194882449,0.7916187743007481,0.5162591132978104,-0.06374795893097088],[-0.22308217354093487,-0.018959487411413935,-0.22308217354093487,-0.22865651975561835,-0.22865651975561835,-0.1871245025324715,-0.1871245025324715,-0.07409881084067597,-0.07409881084067597,-0.10210576170670924,-0.15468847977141403,0.029242462671919125,-0.12991766475675598,-0.2576613037500798,-0.15227809040563617,-0.17639985336508668,-0.1340863600444023,-0.11151577592803529,-0.11151577592803529,0.0007763578006037974,1.0,-0.15385496039423963,0.06545988141133023,0.19171755049310987,0.7257905327738036,-0.1339981831865539,-0.12692024761785248,-0.09968203207000041,0.11739462042573634,-0.04840450607040835,-0.05859567817976536,0.2618558542033642,0.542214176020587,-0.17390150965688808,0.02334459295177127,0.09764053640863028],[0.9843045251304983,0.9783621030732312,0.9843045251304983,0.9937892956826249,0.9937892956826249,0.9572980757196036,0.9572980757196036,0.8855456144266384,0.8855456144266384,0.6091567448090252,0.9970753945648132,0.5495879654890354,0.8809586558914991,0.9807466345689289,0.9970262291264893,0.9589020032580925,0.9911095277277262,0.8548583736383759,0.8548583736383759,0.6846404385607486,-0.15385496039423963,1.0,0.25380754813029266,-0.279279764160174,-0.20239730579123064,0.7317283086377623,0.9080528161352355,0.9071141715765435,0.8020604729686658,0.7355973208298038,0.7395392538365797,0.6093994316833726,0.47931988843433837,0.8850847841371222,0.7735975498287145,0.3326435012287351],[0.3204899020228119,0.06359288169643419,0.3204899020228119,0.3477188042952883,0.3477188042952883,0.4372175822187761,0.4372175822187761,0.634406450111456,0.634406450111456,0.04557640176694333,0.9151676067455335,0.368807339893037,0.8271690434236207,0.894802169755754,0.9145418435307414,0.7420511492590967,0.8988101726832463,0.6389962793790299,0.6389962793790299,-0.2646194393790807,0.06545988141133023,0.25380754813029266,1.0,-0.4914672478416568,0.6760914658944753,0.44793263242686526,0.2894547711383449,0.4249462895078286,-0.007227998021256728,0.1669849338443268,0.648841712114682,0.5236844121302028,0.22532111588846124,0.137444212971457,0.4683798343368113,0.519762904768268],[-0.20392550465744202,-0.19798359346406863,-0.20392550465744202,-0.23575795460179927,-0.23575795460179927,-0.3581891893564578,-0.3581891893564578,-0.3922718156048568,-0.3922718156048568,0.04364053866453548,-0.545632926836253,-0.16257554153732376,-0.6298772143326457,-0.7202743872436237,-0.5436090345370094,-0.4834955001742318,-0.5373263663880552,-0.28172759412212806,-0.28172759412212806,0.24760225808294253,0.19171755049310987,-0.279279764160174,-0.4914672478416568,1.0,-0.03356039006678168,-0.2334055365638047,-0.2630365443548598,-0.3373212135557228,-0.10376743192514656,-0.1344676889007262,-0.5716917403221472,-0.2470387781757664,-0.05138833016098974,-0.12609690980527025,-0.2942409301038145,-0.44192060420382734],[-0.1718900353643206,-0.17261011188973602,-0.1718900353643206,-0.1631737766383262,-0.1631737766383262,-0.07490703706941021,-0.07490703706941021,0.036398863036705614,0.036398863036705614,-0.23953113676219265,0.6308554812328001,-0.21736648740045994,0.6909382088146341,0.7479678928044956,0.626295069838258,-0.06574789186665891,0.6158611265260014,-0.13074768224623784,-0.13074768224623784,-0.6223609683330209,0.7257905327738036,-0.20239730579123064,0.6760914658944753,-0.03356039006678168,1.0,-0.06347093969188801,-0.08145317937417759,-0.007731284469335027,-0.3275226799190132,-0.30532761113797596,0.07758235487208198,0.16168181052745695,0.2627688470826818,-0.32937283639607884,0.11389079423543795,0.0987442327128117],[0.8528962633909806,0.7234962119252016,0.8528962633909806,0.842457627050328,0.842457627050328,0.9001630804435704,0.9001630804435704,0.8359260600309285,0.8359260600309285,0.6975450473051901,0.8480554892540845,0.7135265233729691,0.7232695727360935,0.7894256209930229,0.847354795593567,0.9088614135776346,0.8822640250699527,0.8552241371810831,0.8552241371810831,0.40621190544775504,-0.1339981831865539,0.7317283086377623,0.44793263242686526,-0.2334055365638047,-0.06347093969188801,1.0,0.6358829838651749,0.8699673309377517,0.5373750493596193,0.6472862524373533,0.664248391227017,0.6659975860799722,0.4232429414215311,0.7467089337854536,0.7655839260649034,0.49008075235895826],[0.8851295273377875,0.8808078196875879,0.8851295273377875,0.9099141239842348,0.9099141239842348,0.8493307273225293,0.8493307273225293,0.7633189600979904,0.7633189600979904,0.3241429078055227,0.8997623826755607,0.23729633788024884,0.8722801033449441,0.9504206416436066,0.8978392480533756,0.8340361519028812,0.8766510870200724,0.6831880926371253,0.6831880926371253,0.5522521002803904,-0.12692024761785248,0.9080528161352355,0.2894547711383449,-0.2630365443548598,-0.08145317937417759,0.6358829838651749,1.0,0.8715584579501587,0.6160648493247943,0.5636285611013284,0.6919030493442855,0.4660770728989442,0.3657510853145388,0.7270331619314749,0.7249149216104103,0.3115917525651951],[0.9187733596878774,0.9036282244158285,0.9187733596878774,0.9251987632628932,0.9251987632628932,0.9230988723360584,0.9230988723360584,0.8813774886430737,0.8813774886430737,0.578902670210733,0.9361528622281924,0.5384535725463041,0.8728740604268657,0.946075779470963,0.9356338928899028,0.9169751007349451,0.9374101060465045,0.8241682686853377,0.8241682686853377,0.503202915058819,-0.09968203207000041,0.9071141715765435,0.4249462895078286,-0.3373212135557228,-0.007731284469335027,0.8699673309377517,0.8715584579501587,1.0,0.6907337030278631,0.5945484134992224,0.725927463017247,0.5782339324237127,0.454074130247303,0.7951329195473916,0.8732739286694919,0.35189576851655835],[0.8766760739315006,0.8740572677837071,0.8766760739315006,0.8467655569063363,0.8467655569063363,0.865085343467539,0.865085343467539,0.8430635748356925,0.8430635748356925,0.7929319442740135,0.8268127619390879,0.7591133513682128,0.6546993041982796,0.7287984374484224,0.8282706996119925,0.8726724236387082,0.8681946869138791,0.9129080639929315,0.9129080639929315,0.8466175910451013,0.11739462042573634,0.8020604729686658,-0.007227998021256728,-0.10376743192514656,-0.3275226799190132,0.5373750493596193,0.6160648493247943,0.6907337030278631,1.0,0.9146151238458369,0.5936828990086584,0.7140265618657649,0.6706415660520727,0.8858886350612917,0.5608635588736843,0.3610991542809754],[0.7707169532051732,0.7772627782808287,0.7707169532051732,0.7604049441093993,0.7604049441093993,0.7481014103137623,0.7481014103137623,0.7685800931415624,0.7685800931415624,0.6650875299289453,0.7794944600279534,0.6797716499850652,0.5912211605723181,0.6494011334613203,0.7808712773127064,0.779174422124554,0.8065053219260883,0.8455926992053988,0.8455926992053988,0.7156006566915999,-0.04840450607040835,0.7355973208298038,0.1669849338443268,-0.1344676889007262,-0.30532761113797596,0.6472862524373533,0.5636285611013284,0.5945484134992224,0.9146151238458369,1.0,0.6230417943894528,0.6986822892272101,0.6169879226693601,0.7585153097336151,0.6232136492574638,0.5200545286496132],[0.7119326152506011,0.7046670377026316,0.7119326152506011,0.7383906666614143,0.7383906666614143,0.8358938664727615,0.8358938664727615,0.9074103250466521,0.9074103250466521,0.3134198775090739,0.9489828473820133,0.46037964027631567,0.8578006135202167,0.9367920505632509,0.948184927531883,0.9034130353345077,0.9410754357199249,0.8230061987062419,0.8230061987062419,0.2287195448289057,-0.05859567817976536,0.7395392538365797,0.648841712114682,-0.5716917403221472,0.07758235487208198,0.664248391227017,0.6919030493442855,0.725927463017247,0.5936828990086584,0.6230417943894528,1.0,0.7403864242041307,0.38376600848839215,0.6086321932286302,0.7255668737575696,0.7655210059433721],[0.6484020016428992,0.645766810643867,0.6484020016428992,0.6335041424496825,0.6335041424496825,0.7333319054591635,0.7333319054591635,0.7816628672108596,0.7816628672108596,0.5203928775239657,0.8099493439257259,0.6738821577462052,0.6351452277034434,0.7258821266689861,0.8114442969514598,0.7759937079069447,0.851262512296686,0.771598617126391,0.771598617126391,0.35698100391702353,0.2618558542033642,0.6093994316833726,0.5236844121302028,-0.2470387781757664,0.16168181052745695,0.6659975860799722,0.4660770728989442,0.5782339324237127,0.7140265618657649,0.6986822892272101,0.7403864242041307,1.0,0.7783142566026499,0.550788468245158,0.7223595651199917,0.5858553154201823],[0.5722304637274964,0.5966230202938958,0.5722304637274964,0.5336804122657977,0.5336804122657977,0.6392590679360558,0.6392590679360558,0.6720545613929926,0.6720545613929926,0.5627237801835423,0.6546457773668265,0.674956283223689,0.4726278502828831,0.4848507049328997,0.6574966991345128,0.6948112100702207,0.7125091707979793,0.6893014960356763,0.6893014960356763,0.5768485194882449,0.542214176020587,0.47931988843433837,0.22532111588846124,-0.05138833016098974,0.2627688470826818,0.4232429414215311,0.3657510853145388,0.454074130247303,0.6706415660520727,0.6169879226693601,0.38376600848839215,0.7783142566026499,1.0,0.499583390715937,0.6241158668852418,0.23009927684246648],[0.9201631431452193,0.9193917682179115,0.9201631431452193,0.9005832159665499,0.9005832159665499,0.8726829183223489,0.8726829183223489,0.8295333708830955,0.8295333708830955,0.7471807931874962,0.8857231962171628,0.6921495701040216,0.7613321359862162,0.8425278620034387,0.885302843824897,0.8931040538094455,0.9045599656574224,0.8690083263215436,0.8690083263215436,0.7916187743007481,-0.17390150965688808,0.8850847841371222,0.137444212971457,-0.12609690980527025,-0.32937283639607884,0.7467089337854536,0.7270331619314749,0.7951329195473916,0.8858886350612917,0.7585153097336151,0.6086321932286302,0.550788468245158,0.499583390715937,1.0,0.779235249120684,0.2773676362690347],[0.8928515128934843,0.7858586072999333,0.8928515128934843,0.8877424291622414,0.8877424291622414,0.9113589697752327,0.9113589697752327,0.8919370658792437,0.8919370658792437,0.5561705688090263,0.965237313574065,0.5180705286291726,0.8668518611116092,0.9594543200918689,0.9650182523382774,0.9083279523435006,0.9708947993927103,0.8131753649970737,0.8131753649970737,0.5162591132978104,0.02334459295177127,0.7735975498287145,0.4683798343368113,-0.2942409301038145,0.11389079423543795,0.7655839260649034,0.7249149216104103,0.8732739286694919,0.5608635588736843,0.6232136492574638,0.7255668737575696,0.7223595651199917,0.6241158668852418,0.779235249120684,1.0,0.32393598578324156],[0.3325147382324524,0.32739768456656654,0.3325147382324524,0.3481728061178037,0.3481728061178037,0.5720437309666784,0.5720437309666784,0.8478682806525284,0.8478682806525284,0.17272407074886206,0.8570154760500106,0.5783151155795285,0.7892849436663054,0.8538895251246678,0.8560549770521151,0.843329978175839,0.8881998518603079,0.8740017837794459,0.8740017837794459,-0.06374795893097088,0.09764053640863028,0.3326435012287351,0.519762904768268,-0.44192060420382734,0.0987442327128117,0.49008075235895826,0.3115917525651951,0.35189576851655835,0.3610991542809754,0.5200545286496132,0.7655210059433721,0.5858553154201823,0.23009927684246648,0.2773676362690347,0.32393598578324156,1.0]],"x":["^TAIEX       \u81fa\u7063\u52a0\u6b0a\u5831\u916c\u6307\u6578","^TWII        \u81fa\u7063\u52a0\u6b0a\u6307\u6578","^TAIEXx2     \u81fa\u7063\u52a0\u6b0a\u5831\u916c\u6307\u6578_\u65e5\u6b632","^TAI50I      \u81fa\u706350\u5831\u916c\u6307\u6578","^TAI50Ix2    \u81fa\u706350\u5831\u916c\u6307\u6578_\u65e5\u6b632","^TAI100I     \u81fa\u7063\u4e2d\u578b100\u5831\u916c\u6307\u6578","^TAI100Ix2   \u81fa\u7063\u4e2d\u578b100\u5831\u916c\u6307\u6578_\u65e5\u6b632","^TAIDIVIDI   \u81fa\u7063\u9ad8\u80a1\u606f\u5831\u916c\u6307\u6578","^TAIDIVIDIx2 \u81fa\u7063\u9ad8\u80a1\u606f\u5831\u916c\u6307\u6578_\u65e5\u6b632","0050Fund     \u5143\u5927\u53f0\u7063\u5353\u8d8a50\u57fa\u91d1","006208Fund   \u5bcc\u90a6\u53f0\u7063\u91c6\u540950\u57fa\u91d1","0050         \u5143\u5927\u81fa\u706350","00631L       \u5143\u5927\u53f0\u706350\u6b632","00675L       \u5bcc\u90a6\u81fa\u7063\u52a0\u6b0a\u6b632","006208       \u5bcc\u90a6\u53f050","0051         \u5143\u5927\u4e2d\u578b100","006204       \u6c38\u8c50\u81fa\u7063\u52a0\u6b0a","0056         \u5143\u5927\u9ad8\u80a1\u606f","0056         \u5143\u5927\u9ad8\u80a1\u606f_\u80a1\u606f\u4e0d\u6295\u5165","2412         \u4e2d\u83ef\u96fb\u4fe1","2002         \u4e2d\u92fc","2330         \u53f0\u7a4d\u96fb","2317         \u9d3b\u6d77","6505         \u53f0\u5851\u77f3\u5316","3481         \u7fa4\u5275","2303         \u806f\u96fb","2308         \u53f0\u9054\u96fb","2454         \u806f\u767c\u79d1","2886         \u5146\u8c50\u91d1","2884         \u7389\u5c71\u91d1","2891         \u4e2d\u4fe1\u91d1","2892         \u7b2c\u4e00\u91d1","5880         \u5408\u5eab\u91d1","2881         \u5bcc\u90a6\u91d1","2885         \u5143\u5927\u91d1","2887         \u53f0\u65b0\u91d1"],"y":["^TAIEX       \u81fa\u7063\u52a0\u6b0a\u5831\u916c\u6307\u6578","^TWII        \u81fa\u7063\u52a0\u6b0a\u6307\u6578","^TAIEXx2     \u81fa\u7063\u52a0\u6b0a\u5831\u916c\u6307\u6578_\u65e5\u6b632","^TAI50I      \u81fa\u706350\u5831\u916c\u6307\u6578","^TAI50Ix2    \u81fa\u706350\u5831\u916c\u6307\u6578_\u65e5\u6b632","^TAI100I     \u81fa\u7063\u4e2d\u578b100\u5831\u916c\u6307\u6578","^TAI100Ix2   \u81fa\u7063\u4e2d\u578b100\u5831\u916c\u6307\u6578_\u65e5\u6b632","^TAIDIVIDI   \u81fa\u7063\u9ad8\u80a1\u606f\u5831\u916c\u6307\u6578","^TAIDIVIDIx2 \u81fa\u7063\u9ad8\u80a1\u606f\u5831\u916c\u6307\u6578_\u65e5\u6b632","0050Fund     \u5143\u5927\u53f0\u7063\u5353\u8d8a50\u57fa\u91d1","006208Fund   \u5bcc\u90a6\u53f0\u7063\u91c6\u540950\u57fa\u91d1","0050         \u5143\u5927\u81fa\u706350","00631L       \u5143\u5927\u53f0\u706350\u6b632","00675L       \u5bcc\u90a6\u81fa\u7063\u52a0\u6b0a\u6b632","006208       \u5bcc\u90a6\u53f050","0051         \u5143\u5927\u4e2d\u578b100","006204       \u6c38\u8c50\u81fa\u7063\u52a0\u6b0a","0056         \u5143\u5927\u9ad8\u80a1\u606f","0056         \u5143\u5927\u9ad8\u80a1\u606f_\u80a1\u606f\u4e0d\u6295\u5165","2412         \u4e2d\u83ef\u96fb\u4fe1","2002         \u4e2d\u92fc","2330         \u53f0\u7a4d\u96fb","2317         \u9d3b\u6d77","6505         \u53f0\u5851\u77f3\u5316","3481         \u7fa4\u5275","2303         \u806f\u96fb","2308         \u53f0\u9054\u96fb","2454         \u806f\u767c\u79d1","2886         \u5146\u8c50\u91d1","2884         \u7389\u5c71\u91d1","2891         \u4e2d\u4fe1\u91d1","2892         \u7b2c\u4e00\u91d1","5880         \u5408\u5eab\u91d1","2881         \u5bcc\u90a6\u91d1","2885         \u5143\u5927\u91d1","2887         \u53f0\u65b0\u91d1"],"zmin":-1,"zmax":1,"colorbar":{"x":-0.2}}],"layout":{"autotypenumbers":"strict","colorway":["#636efa","#EF553B","#00cc96","#ab63fa","#FFA15A","#19d3f3","#FF6692","#B6E880","#FF97FF","#FECB52"],"font":{"color":"#f2f5fa","family":"Courier New"},"hovermode":"closest","hoverlabel":{"align":"left"},"paper_bgcolor":"rgb(17,17,17)","plot_bgcolor":"rgb(17,17,17)","polar":{"bgcolor":"rgb(17,17,17)","angularaxis":{"gridcolor":"#506784","linecolor":"#506784","ticks":""},"radialaxis":{"gridcolor":"#506784","linecolor":"#506784","ticks":""}},"ternary":{"bgcolor":"rgb(17,17,17)","aaxis":{"gridcolor":"#506784","linecolor":"#506784","ticks":""},"baxis":{"gridcolor":"#506784","linecolor":"#506784","ticks":""},"caxis":{"gridcolor":"#506784","linecolor":"#506784","ticks":""}},"coloraxis":{"colorbar":{"outlinewidth":0,"ticks":""}},"colorscale":{"sequential":[[0.0,"#0d0887"],[0.1111111111111111,"#46039f"],[0.2222222222222222,"#7201a8"],[0.3333333333333333,"#9c179e"],[0.4444444444444444,"#bd3786"],[0.5555555555555556,"#d8576b"],[0.6666666666666666,"#ed7953"],[0.7777777777777778,"#fb9f3a"],[0.8888888888888888,"#fdca26"],[1.0,"#f0f921"]],"sequentialminus":[[0.0,"#0d0887"],[0.1111111111111111,"#46039f"],[0.2222222222222222,"#7201a8"],[0.3333333333333333,"#9c179e"],[0.4444444444444444,"#bd3786"],[0.5555555555555556,"#d8576b"],[0.6666666666666666,"#ed7953"],[0.7777777777777778,"#fb9f3a"],[0.8888888888888888,"#fdca26"],[1.0,"#f0f921"]],"diverging":[[0,"#8e0152"],[0.1,"#c51b7d"],[0.2,"#de77ae"],[0.3,"#f1b6da"],[0.4,"#fde0ef"],[0.5,"#f7f7f7"],[0.6,"#e6f5d0"],[0.7,"#b8e186"],[0.8,"#7fbc41"],[0.9,"#4d9221"],[1,"#276419"]]},"xaxis":{"gridcolor":"rgba(0, 0, 0, 0)","linecolor":"#506784","ticks":"","title":{"standoff":15},"zerolinecolor":"#283442","automargin":true,"zerolinewidth":2,"tickfont":{"family":"Courier New","size":14},"side":"top","tickangle":-90},"yaxis":{"gridcolor":"rgba(0, 0, 0, 0)","linecolor":"#506784","ticks":"","title":{"standoff":15},"zerolinecolor":"#283442","automargin":true,"zerolinewidth":2,"tickfont":{"family":"Courier New"},"side":"right"},"scene":{"xaxis":{"backgroundcolor":"rgb(17,17,17)","gridcolor":"#506784","linecolor":"#506784","showbackground":true,"ticks":"","zerolinecolor":"#C8D4E3","gridwidth":2},"yaxis":{"backgroundcolor":"rgb(17,17,17)","gridcolor":"#506784","linecolor":"#506784","showbackground":true,"ticks":"","zerolinecolor":"#C8D4E3","gridwidth":2},"zaxis":{"backgroundcolor":"rgb(17,17,17)","gridcolor":"#506784","linecolor":"#506784","showbackground":true,"ticks":"","zerolinecolor":"#C8D4E3","gridwidth":2}},"shapedefaults":{"line":{"color":"#f2f5fa"}},"annotationdefaults":{"arrowcolor":"#f2f5fa","arrowhead":0,"arrowwidth":1},"geo":{"bgcolor":"rgb(17,17,17)","landcolor":"rgb(17,17,17)","subunitcolor":"#506784","showland":true,"showlakes":true,"lakecolor":"rgb(17,17,17)"},"title":{"x":0.05,"font":{"family":"Times New Roman"},"y":0.05,"text":"<b>Correlation of Close<b><br><i>2016-09-23 ~ 2026-06-16<i>"},"updatemenudefaults":{"bgcolor":"#506784","borderwidth":0},"sliderdefaults":{"bgcolor":"#C8D4E3","borderwidth":1,"bordercolor":"rgb(17,17,17)","tickwidth":0},"mapbox":{"style":"dark"},"annotations":[{"text":"<b>@zwindr<b>","textangle":0,"opacity":0.5,"font":{"color":"white","size":12},"xref":"paper","yref":"paper","xanchor":"left","yanchor":"bottom","x":1.0,"y":1.0,"showarrow":false}]},"config":{"responsive":true,"toImageButtonOptions":{"filename":"Correlation of Close_2016-09-23~2026-06-16","scale":5}}};Plotly.newPlot("correlationClose",correlationClose.data,correlationClose.layout||{},correlationClose.config);}else{console.log("style display is none => correlationClose");}