var config = { responsive: true }

var correlationAdjClose = {"data": [{"type": "heatmap", "z": [[1.0, 0.9934443921356653, 0.9749058770327564, 0.9978263638603163, 0.963162724792207, 0.979762614053424, -0.9373595739388638, 0.9890343011380655, 0.9667225747217001, 0.9965895716065488, 0.9933278893832846, 0.9946591457777095, 0.997241814888442, 0.9772244293537251, 0.9995418276816584, 0.9860250614326709, 0.9107640387942192, 0.7646524777350513, 0.9855192845834707, 0.9204834244677919, 0.507682391173963, -0.32341866780927503, 0.895972525121216, 0.9725872006335878, 0.9510113072848967], [0.9934443921356653, 1.0, 0.9702091053846468, 0.9911857478947327, 0.9591089941216411, 0.9747085415279542, -0.9323334551222746, 0.9790123098873788, 0.9593645208201991, 0.9938730176954897, 0.9918536416635474, 0.9912392684397578, 0.9953453349003766, 0.9718056121112896, 0.9962717497375924, 0.9819635090159275, 0.8991784980738814, 0.7696307095468493, 0.9660121164371932, 0.8981764724862218, 0.5032884781327414, -0.24458300847796918, 0.8672480185197579, 0.959449406936993, 0.9518871771404795], [0.9749058770327564, 0.9702091053846468, 1.0, 0.9809207922264348, 0.9962774917905142, 0.9780973330111226, -0.9741917136333587, 0.9677703482078094, 0.9823421768618456, 0.9850948777038158, 0.9976939704143102, 0.9977085400917519, 0.9881770656876335, 0.9764608165222259, 0.9871009110020906, 0.9745052471301985, 0.8101344305209008, 0.6548663209949431, 0.9893258763356284, 0.9090732780025703, 0.339255836222842, -0.24037402338921104, 0.9049280655967568, 0.9376149225803736, 0.9781888107459277], [0.9978263638603163, 0.9911857478947327, 0.9809207922264348, 1.0, 0.9743477665797958, 0.9719010613345822, -0.9318883419463848, 0.9833942233421508, 0.963790236145855, 0.9992312016560123, 0.9931011933443966, 0.9922521981790108, 0.9999001416750991, 0.9669736828760626, 0.9959898191836757, 0.9807309589432459, 0.8964209323580726, 0.7380353450226573, 0.9929579841827623, 0.9224863626259409, 0.4891699834579819, -0.31552220025856803, 0.8959980118052491, 0.9665164875483032, 0.9563999242658536], [0.963162724792207, 0.9591089941216411, 0.9962774917905142, 0.9743477665797958, 1.0, 0.9577807903896806, -0.9556321338338537, 0.9529398526585344, 0.969894893097657, 0.9811788575402725, 0.9887924425874562, 0.9853736638894638, 0.9842243858358026, 0.9553210562773632, 0.9753953815496813, 0.9598241764992654, 0.7898052039558492, 0.6235140343440569, 0.9881884729794187, 0.9063259724101568, 0.3211501135512086, -0.23355323476712594, 0.888836371211546, 0.9224337073718484, 0.9752514192609087], [0.979762614053424, 0.9747085415279542, 0.9780973330111226, 0.9719010613345822, 0.9577807903896806, 1.0, -0.9790208923344423, 0.9787118012526163, 0.9782153253613173, 0.9710165134971551, 0.9755345097005808, 0.9734963832279229, 0.9677156837733599, 0.9988364911192421, 0.9855384976348528, 0.9853097924341468, 0.8477007176964041, 0.7308762085373196, 0.9662969467557203, 0.8869557907066539, 0.36845897806159966, -0.23051182777237364, 0.9341837020726244, 0.9541647280347796, 0.9582592114258529], [-0.9373595739388638, -0.9323334551222746, -0.9741917136333587, -0.9318883419463848, -0.9556321338338537, -0.9790208923344423, 1.0, -0.9472049148777438, -0.9821989856661792, -0.9399434016050183, -0.9721375656781372, -0.9742545704047322, -0.9460577103034898, -0.9855696701429957, -0.962391124762832, -0.9637580266132616, -0.7533371923714031, -0.6251505630357314, -0.9388569469422565, -0.8737299833641756, -0.21834555192019903, 0.15899194364598965, -0.9005004142840136, -0.9065375458984485, -0.9561889286224101], [0.9890343011380655, 0.9790123098873788, 0.9677703482078094, 0.9833942233421508, 0.9529398526585344, 0.9787118012526163, -0.9472049148777438, 1.0, 0.9807201330507216, 0.9801529926596743, 0.9744168366937817, 0.973761643294399, 0.9785044369900648, 0.9746372416332898, 0.9864402290438297, 0.9962626433775313, 0.9181715422833143, 0.7044430426811977, 0.9729998914992954, 0.892612106808664, 0.38557651295480966, -0.3315651727293929, 0.9016817104424776, 0.9527784344695931, 0.932130498121488], [0.9667225747217001, 0.9593645208201991, 0.9823421768618456, 0.963790236145855, 0.969894893097657, 0.9782153253613173, -0.9821989856661792, 0.9807201330507216, 1.0, 0.9629205915455435, 0.9708291369807407, 0.9678290578981013, 0.9598173523609222, 0.9763921316044267, 0.9673032732894444, 0.9865632335102266, 0.8387151280637399, 0.6292966678788834, 0.964454903583653, 0.9012761626635315, 0.2374058072935785, -0.24427512166589008, 0.8827909222925938, 0.9264366227308379, 0.9565183395365903], [0.9965895716065488, 0.9938730176954897, 0.9850948777038158, 0.9992312016560123, 0.9811788575402725, 0.9710165134971551, -0.9399434016050183, 0.9801529926596743, 0.9629205915455435, 1.0, 0.9918461482730608, 0.9905655852146968, 0.999832382025582, 0.967944474915769, 0.9951827517810065, 0.9808465934771293, 0.9082145762539622, 0.7182940331552197, 0.9953922121140385, 0.9157027003992766, 0.3256792371634141, -0.2619967987145705, 0.9296540158357871, 0.9553953032342284, 0.9542831658807392], [0.9933278893832846, 0.9918536416635474, 0.9976939704143102, 0.9931011933443966, 0.9887924425874562, 0.9755345097005808, -0.9721375656781372, 0.9744168366937817, 0.9708291369807407, 0.9918461482730608, 1.0, 0.9996519665683712, 0.9927395549567627, 0.9765558466966463, 0.9936411908362472, 0.9757688268383732, 0.9037547490613844, 0.618352299205392, 0.9891465820370527, 0.8862905798759411, -0.2343014953163344, 0.43641716782804457, 0.9065931699300502, 0.9511933303855705, 0.9795969365016685], [0.9946591457777095, 0.9912392684397578, 0.9977085400917519, 0.9922521981790108, 0.9853736638894638, 0.9734963832279229, -0.9742545704047322, 0.973761643294399, 0.9678290578981013, 0.9905655852146968, 0.9996519665683712, 1.0, 0.9918609233732012, 0.9746089646669117, 0.9946879952980745, 0.9752855177876414, 0.9148465903617435, 0.511635507861129, 0.9849471549484391, 0.8727900828616215, -0.6791867938229758, 0.4581909922679833, 0.8796792695868043, 0.9479761697833404, 0.9797101585224681], [0.997241814888442, 0.9953453349003766, 0.9881770656876335, 0.9999001416750991, 0.9842243858358026, 0.9677156837733599, -0.9460577103034898, 0.9785044369900648, 0.9598173523609222, 0.999832382025582, 0.9927395549567627, 0.9918609233732012, 1.0, 0.9685535882983197, 0.995535848469551, 0.9796207870281949, 0.9254444245999917, 0.6830475511373632, 0.9969461136255358, 0.8947324606745222, 0.0816164245944629, 0.37863826074387374, 0.9197505512991305, 0.9472596458668039, 0.9626572502589832], [0.9772244293537251, 0.9718056121112896, 0.9764608165222259, 0.9669736828760626, 0.9553210562773632, 0.9988364911192421, -0.9855696701429957, 0.9746372416332898, 0.9763921316044267, 0.967944474915769, 0.9765558466966463, 0.9746089646669117, 0.9685535882983197, 1.0, 0.9857277002127872, 0.9829716095988084, 0.86159054655561, 0.7351865172815516, 0.9616370835800648, 0.8761687117834905, 0.23528568361660546, -0.18396462975880834, 0.943652294513119, 0.9489558578047239, 0.9574219366976827], [0.9995418276816584, 0.9962717497375924, 0.9871009110020906, 0.9959898191836757, 0.9753953815496813, 0.9855384976348528, -0.962391124762832, 0.9864402290438297, 0.9673032732894444, 0.9951827517810065, 0.9936411908362472, 0.9946879952980745, 0.995535848469551, 0.9857277002127872, 1.0, 0.9867747698612298, 0.9328103756747181, 0.7179636668720814, 0.9893640010836166, 0.8913171479471595, 0.12389408527255796, 0.3839381406579057, 0.9371265171012517, 0.957774817208575, 0.962244738378848], [0.9860250614326709, 0.9819635090159275, 0.9745052471301985, 0.9807309589432459, 0.9598241764992654, 0.9853097924341468, -0.9637580266132616, 0.9962626433775313, 0.9865632335102266, 0.9808465934771293, 0.9757688268383732, 0.9752855177876414, 0.9796207870281949, 0.9829716095988084, 0.9867747698612298, 1.0, 0.8999169065364705, 0.706517076282906, 0.972324011754473, 0.8926224256208211, 0.3186353861056502, -0.25460168155678875, 0.913705758513542, 0.9421691641695763, 0.9437416187079057], [0.9107640387942192, 0.8991784980738814, 0.8101344305209008, 0.8964209323580726, 0.7898052039558492, 0.8477007176964041, -0.7533371923714031, 0.9181715422833143, 0.8387151280637399, 0.9082145762539622, 0.9037547490613844, 0.9148465903617435, 0.9254444245999917, 0.86159054655561, 0.9328103756747181, 0.8999169065364705, 1.0, 0.8619938135942052, 0.8438729452619474, 0.8689297807559393, 0.7532011736827849, -0.5687225273205441, 0.6650943758286857, 0.908396363856393, 0.7832125816790162], [0.7646524777350513, 0.7696307095468493, 0.6548663209949431, 0.7380353450226573, 0.6235140343440569, 0.7308762085373196, -0.6251505630357314, 0.7044430426811977, 0.6292966678788834, 0.7182940331552197, 0.618352299205392, 0.511635507861129, 0.6830475511373632, 0.7351865172815516, 0.7179636668720814, 0.706517076282906, 0.8619938135942052, 1.0, 0.6571073049324616, 0.7597671458541013, 0.7387867091198812, -0.14031154000507548, 0.5387507847582887, 0.7738100907756011, 0.6637392769941075], [0.9855192845834707, 0.9660121164371932, 0.9893258763356284, 0.9929579841827623, 0.9881884729794187, 0.9662969467557203, -0.9388569469422565, 0.9729998914992954, 0.964454903583653, 0.9953922121140385, 0.9891465820370527, 0.9849471549484391, 0.9969461136255358, 0.9616370835800648, 0.9893640010836166, 0.972324011754473, 0.8438729452619474, 0.6571073049324616, 1.0, 0.8933790906132827, 0.4178413600670217, -0.309420194653957, 0.8840992091963019, 0.9484384826001198, 0.9658320072286387], [0.9204834244677919, 0.8981764724862218, 0.9090732780025703, 0.9224863626259409, 0.9063259724101568, 0.8869557907066539, -0.8737299833641756, 0.892612106808664, 0.9012761626635315, 0.9157027003992766, 0.8862905798759411, 0.8727900828616215, 0.8947324606745222, 0.8761687117834905, 0.8913171479471595, 0.8926224256208211, 0.8689297807559393, 0.7597671458541013, 0.8933790906132827, 1.0, 0.4578395005039124, -0.21089051434637782, 0.6871487148269501, 0.9160595273235685, 0.8787988292829093], [0.507682391173963, 0.5032884781327414, 0.339255836222842, 0.4891699834579819, 0.3211501135512086, 0.36845897806159966, -0.21834555192019903, 0.38557651295480966, 0.2374058072935785, 0.3256792371634141, -0.2343014953163344, -0.6791867938229758, 0.0816164245944629, 0.23528568361660546, 0.12389408527255796, 0.3186353861056502, 0.7532011736827849, 0.7387867091198812, 0.4178413600670217, 0.4578395005039124, 1.0, -0.4318184389790505, 0.3317194816647351, 0.48904212685280735, 0.2877019319813397], [-0.32341866780927503, -0.24458300847796918, -0.24037402338921104, -0.31552220025856803, -0.23355323476712594, -0.23051182777237364, 0.15899194364598965, -0.3315651727293929, -0.24427512166589008, -0.2619967987145705, 0.43641716782804457, 0.4581909922679833, 0.37863826074387374, -0.18396462975880834, 0.3839381406579057, -0.25460168155678875, -0.5687225273205441, -0.14031154000507548, -0.309420194653957, -0.21089051434637782, -0.4318184389790505, 1.0, -0.1650902344125463, -0.3538312986741709, -0.184760892618644], [0.895972525121216, 0.8672480185197579, 0.9049280655967568, 0.8959980118052491, 0.888836371211546, 0.9341837020726244, -0.9005004142840136, 0.9016817104424776, 0.8827909222925938, 0.9296540158357871, 0.9065931699300502, 0.8796792695868043, 0.9197505512991305, 0.943652294513119, 0.9371265171012517, 0.913705758513542, 0.6650943758286857, 0.5387507847582887, 0.8840992091963019, 0.6871487148269501, 0.3317194816647351, -0.1650902344125463, 1.0, 0.8274194462138152, 0.8839153997040438], [0.9725872006335878, 0.959449406936993, 0.9376149225803736, 0.9665164875483032, 0.9224337073718484, 0.9541647280347796, -0.9065375458984485, 0.9527784344695931, 0.9264366227308379, 0.9553953032342284, 0.9511933303855705, 0.9479761697833404, 0.9472596458668039, 0.9489558578047239, 0.957774817208575, 0.9421691641695763, 0.908396363856393, 0.7738100907756011, 0.9484384826001198, 0.9160595273235685, 0.48904212685280735, -0.3538312986741709, 0.8274194462138152, 1.0, 0.9271783379284053], [0.9510113072848967, 0.9518871771404795, 0.9781888107459277, 0.9563999242658536, 0.9752514192609087, 0.9582592114258529, -0.9561889286224101, 0.932130498121488, 0.9565183395365903, 0.9542831658807392, 0.9795969365016685, 0.9797101585224681, 0.9626572502589832, 0.9574219366976827, 0.962244738378848, 0.9437416187079057, 0.7832125816790162, 0.6637392769941075, 0.9658320072286387, 0.8787988292829093, 0.2877019319813397, -0.184760892618644, 0.8839153997040438, 0.9271783379284053, 1.0]], "x": ["^TAIEX       \u81fa\u7063\u52a0\u6b0a\u5831\u916c\u6307\u6578", "^TWII        \u81fa\u7063\u52a0\u6b0a\u6307\u6578", "^TAIEXx2     \u81fa\u7063\u52a0\u6b0a\u5831\u916c\u6307\u6578_\u65e5\u6b632", "^TAI50I      \u81fa\u706350\u5831\u916c\u6307\u6578", "^TAI50Ix2    \u81fa\u706350\u5831\u916c\u6307\u6578_\u65e5\u6b632", "^TAI100I     \u81fa\u7063\u4e2d\u578b100\u5831\u916c\u6307\u6578", "^TAI100Ix2   \u81fa\u7063\u4e2d\u578b100\u5831\u916c\u6307\u6578_\u65e5\u6b632", "^TAIDIVIDI   \u81fa\u7063\u9ad8\u80a1\u606f\u5831\u916c\u6307\u6578", "^TAIDIVIDIx2 \u81fa\u7063\u9ad8\u80a1\u606f\u5831\u916c\u6307\u6578_\u65e5\u6b632", "0050         \u5143\u5927\u81fa\u706350", "00631L       \u5143\u5927\u53f0\u706350\u6b632", "00675L       \u5bcc\u90a6\u81fa\u7063\u52a0\u6b0a\u6b632", "006208       \u5bcc\u90a6\u53f050", "0051         \u5143\u5927\u4e2d\u578b100", "006204       \u6c38\u8c50\u81fa\u7063\u52a0\u6b0a", "0056         \u5143\u5927\u9ad8\u80a1\u606f", "2412         \u4e2d\u83ef\u96fb\u4fe1", "2002         \u4e2d\u92fc", "2330         \u53f0\u7a4d\u96fb", "2317         \u9d3b\u6d77", "6505         \u53f0\u5851\u77f3\u5316", "3481         \u7fa4\u5275", "2303         \u806f\u96fb", "2308         \u53f0\u9054\u96fb", "2454         \u806f\u767c\u79d1"], "y": ["^TAIEX       \u81fa\u7063\u52a0\u6b0a\u5831\u916c\u6307\u6578", "^TWII        \u81fa\u7063\u52a0\u6b0a\u6307\u6578", "^TAIEXx2     \u81fa\u7063\u52a0\u6b0a\u5831\u916c\u6307\u6578_\u65e5\u6b632", "^TAI50I      \u81fa\u706350\u5831\u916c\u6307\u6578", "^TAI50Ix2    \u81fa\u706350\u5831\u916c\u6307\u6578_\u65e5\u6b632", "^TAI100I     \u81fa\u7063\u4e2d\u578b100\u5831\u916c\u6307\u6578", "^TAI100Ix2   \u81fa\u7063\u4e2d\u578b100\u5831\u916c\u6307\u6578_\u65e5\u6b632", "^TAIDIVIDI   \u81fa\u7063\u9ad8\u80a1\u606f\u5831\u916c\u6307\u6578", "^TAIDIVIDIx2 \u81fa\u7063\u9ad8\u80a1\u606f\u5831\u916c\u6307\u6578_\u65e5\u6b632", "0050         \u5143\u5927\u81fa\u706350", "00631L       \u5143\u5927\u53f0\u706350\u6b632", "00675L       \u5bcc\u90a6\u81fa\u7063\u52a0\u6b0a\u6b632", "006208       \u5bcc\u90a6\u53f050", "0051         \u5143\u5927\u4e2d\u578b100", "006204       \u6c38\u8c50\u81fa\u7063\u52a0\u6b0a", "0056         \u5143\u5927\u9ad8\u80a1\u606f", "2412         \u4e2d\u83ef\u96fb\u4fe1", "2002         \u4e2d\u92fc", "2330         \u53f0\u7a4d\u96fb", "2317         \u9d3b\u6d77", "6505         \u53f0\u5851\u77f3\u5316", "3481         \u7fa4\u5275", "2303         \u806f\u96fb", "2308         \u53f0\u9054\u96fb", "2454         \u806f\u767c\u79d1"], "zmin": -1, "zmax": 1, "colorbar": {"x": -0.2}}], "layout": {"title": {"text": "<b>Correlation of Adj Close <b><br><i>2016/09/23 ~ 2025/04/16<i>", "y": 0.05, "font": {"family": "Times New Roman"}, "x": 0.05}, "xaxis": {"side": "top", "tickangle": -90, "gridcolor": "rgba(0, 0, 0, 0)", "tickfont": {"family": "Courier New", "size": 14}, "automargin": true}, "yaxis": {"side": "right", "gridcolor": "rgba(0, 0, 0, 0)", "tickfont": {"family": "Courier New"}, "automargin": true}, "height": 600, "font": {"family": "Courier New", "color": "#ffffff"}, "plot_bgcolor": "#000", "paper_bgcolor": "#000"}};

Plotly.newPlot("correlationAdjClose",
    correlationAdjClose.data,
    correlationAdjClose.layout || {},
    config);