var element=document.getElementById("correlationClose");if(element.style.display!='none'){var correlationClose={"data":[{"type":"heatmap","z":[[1.0,0.9999999999999979,1.0,0.995344079393138,0.995344079393138,0.9772693279915703,0.9772693279915703,0.9266093806026965,0.9266093806026965,0.6822600067770025,0.9960104096275727,0.615232853057015,0.8793503768316151,0.9857382541865043,0.9960869359886437,0.9806879274434734,0.99939698406412,0.9091313721067488,0.9091313721067488,0.7514117276976807,-0.22167066386790082,0.9841298198821753,0.31677318734507603,-0.20229726092730368,-0.17583997018739464,0.8510376738017615,0.8840777381377892,0.9193687836010921,0.8775802313417765,0.7710225593093191,0.7083801527179202,0.647692452104018,0.5734739362989697,0.9195563849885139,0.8915276772699672,0.3269437176990785],[0.9999999999999979,1.0,0.9999999999999981,0.9952842898795664,0.9952842898795664,0.9768228737287697,0.9768228737287697,0.9266629877919109,0.9266629877919109,0.682600308120164,0.9960148186737334,0.6142581477119068,0.8803567623275586,0.9853084568137193,0.9961341145949844,0.9805090480073477,0.9994005689218002,0.9092444338043133,0.9092444338043133,0.7668612090753993,-0.018098532891480997,0.9782432542535384,0.06223250828703478,-0.19715110990789725,-0.17437012404470273,0.7218234555067659,0.8803332414372611,0.9038872893223436,0.874542521485816,0.7774896306683237,0.7028999402202114,0.6454786935245671,0.5973170322204056,0.9191119032724893,0.7846971559852084,0.3248031677845609],[1.0,0.9999999999999981,1.0,0.995344079393138,0.995344079393138,0.9772693279915703,0.9772693279915703,0.9266093806026965,0.9266093806026965,0.6822600067770025,0.9960104096275727,0.615232853057015,0.8793503768316151,0.9857382541865043,0.9960869359886437,0.9806879274434734,0.99939698406412,0.9091313721067488,0.9091313721067488,0.7514117276976807,-0.22167066386790082,0.9841298198821753,0.31677318734507603,-0.20229726092730368,-0.17583997018739464,0.8510376738017615,0.8840777381377892,0.9193687836010921,0.8775802313417765,0.7710225593093191,0.7083801527179202,0.647692452104018,0.5734739362989697,0.9195563849885139,0.8915276772699672,0.3269437176990785],[0.995344079393138,0.9952842898795664,0.995344079393138,1.0,1.0,0.9663545653408266,0.9663545653408266,0.9105252033640515,0.9105252033640515,0.6357400509675545,0.9997292579365143,0.5702366618124942,0.88664183475748,0.989262234942228,0.9996847063802543,0.9655772494922991,0.9956044810120155,0.880225781829621,0.880225781829621,0.7165213907506308,-0.2273579000746424,0.9937661731225624,0.34408306626304536,-0.23432534762088716,-0.16732357796156014,0.8401927674693506,0.9089346384609589,0.9253742878179427,0.8478107318189276,0.7609539162923534,0.7349396769303472,0.6328526323967588,0.5349803256598927,0.8998841234092928,0.8862210860083398,0.3424580030032657],[0.995344079393138,0.9952842898795664,0.995344079393138,1.0,1.0,0.9663545653408266,0.9663545653408266,0.9105252033640515,0.9105252033640515,0.6357400509675545,0.9997292579365143,0.5702366618124942,0.88664183475748,0.989262234942228,0.9996847063802543,0.9655772494922991,0.9956044810120155,0.880225781829621,0.880225781829621,0.7165213907506308,-0.2273579000746424,0.9937661731225624,0.34408306626304536,-0.23432534762088716,-0.16732357796156014,0.8401927674693506,0.9089346384609589,0.9253742878179427,0.8478107318189276,0.7609539162923534,0.7349396769303472,0.6328526323967588,0.5349803256598927,0.8998841234092928,0.8862210860083398,0.3424580030032657],[0.9772693279915703,0.9768228737287697,0.9772693279915703,0.9663545653408266,0.9663545653408266,1.0,1.0,0.94687820133787,0.94687820133787,0.6681021679473526,0.964977587077657,0.6379527070711726,0.8549600719064133,0.9524647187773162,0.9649433389255746,0.9991792296335826,0.9817086275113149,0.9175217194415941,0.9175217194415941,0.654796275350874,-0.1853771991260831,0.9568509481120229,0.43439840983807854,-0.3571810052059943,-0.07784893673899068,0.8992187504396592,0.8481213054930944,0.9243743547407008,0.8656011326399827,0.7480490320126612,0.8340450538219665,0.7330064872382756,0.6405301404530918,0.8715651481915268,0.9104667090885398,0.5680319755623141],[0.9772693279915703,0.9768228737287697,0.9772693279915703,0.9663545653408266,0.9663545653408266,1.0,1.0,0.94687820133787,0.94687820133787,0.6681021679473526,0.964977587077657,0.6379527070711726,0.8549600719064133,0.9524647187773162,0.9649433389255746,0.9991792296335826,0.9817086275113149,0.9175217194415941,0.9175217194415941,0.654796275350874,-0.1853771991260831,0.9568509481120229,0.43439840983807854,-0.3571810052059943,-0.07784893673899068,0.8992187504396592,0.8481213054930944,0.9243743547407008,0.8656011326399827,0.7480490320126612,0.8340450538219665,0.7330064872382756,0.6405301404530918,0.8715651481915268,0.9104667090885398,0.5680319755623141],[0.9266093806026965,0.9266629877919109,0.9266093806026965,0.9105252033640515,0.9105252033640515,0.94687820133787,0.94687820133787,1.0,1.0,0.6530794031205845,0.9437410624500335,0.6545600859870448,0.8219951589796616,0.9194947771289409,0.9435690345292684,0.9490354316950633,0.9548054237275958,0.9703072636357201,0.9703072636357201,0.6212499854607686,-0.07165093800393464,0.88424300012255,0.6323582257430189,-0.39102025154568937,0.03391998048536852,0.8338834858463295,0.7602940705289166,0.88144151931634,0.8436541967086232,0.7688075726604261,0.906319057901027,0.7817589766147306,0.6736967411956886,0.8278987973985378,0.8906511952519409,0.846028720923588],[0.9266093806026965,0.9266629877919109,0.9266093806026965,0.9105252033640515,0.9105252033640515,0.94687820133787,0.94687820133787,1.0,1.0,0.6530794031205845,0.9437410624500335,0.6545600859870448,0.8219951589796616,0.9194947771289409,0.9435690345292684,0.9490354316950633,0.9548054237275958,0.9703072636357201,0.9703072636357201,0.6212499854607686,-0.07165093800393464,0.88424300012255,0.6323582257430189,-0.39102025154568937,0.03391998048536852,0.8338834858463295,0.7602940705289166,0.88144151931634,0.8436541967086232,0.7688075726604261,0.906319057901027,0.7817589766147306,0.6736967411956886,0.8278987973985378,0.8906511952519409,0.846028720923588],[0.6822600067770025,0.682600308120164,0.6822600067770025,0.6357400509675545,0.6357400509675545,0.6681021679473526,0.6681021679473526,0.6530794031205845,0.6530794031205845,1.0,0.4773647291695055,0.9999688679621231,0.2596901102097815,0.22160561977484883,0.48068046101647244,0.6600954563463849,0.5529926066254984,0.7560645413765168,0.7560645413765168,0.6819285381384342,-0.10175702583221863,0.6110001984598094,0.044822101267874226,0.04404753986231538,-0.23994552489739443,0.7015184092218133,0.32558480826570724,0.5851868372109699,0.79323602973123,0.6651877899568733,0.3138038764183649,0.5203470743829558,0.562600138016535,0.7489159903137799,0.5584385554582619,0.17211415735972416],[0.9960104096275727,0.9960148186737334,0.9960104096275727,0.9997292579365143,0.9997292579365143,0.964977587077657,0.964977587077657,0.9437410624500335,0.9437410624500335,0.4773647291695055,1.0,0.4774043539249995,0.8860431159640545,0.9886685873085749,0.9999541346932636,0.9620165416644881,0.9954333590285983,0.8910999103003565,0.8910999103003565,0.8372831631712669,-0.15165385853280852,0.9971202115298176,0.9146074064735753,-0.5456667666328805,0.623488212207836,0.8455467482898367,0.8982335989141248,0.9362083932966698,0.8276009977791936,0.7798243315430768,0.9481677173521563,0.8103398834889944,0.6568148175870768,0.8843097616611407,0.9646860974113568,0.8545915080100515],[0.615232853057015,0.6142581477119068,0.615232853057015,0.5702366618124942,0.5702366618124942,0.6379527070711726,0.6379527070711726,0.6545600859870448,0.6545600859870448,0.9999688679621231,0.4774043539249995,1.0,0.2595586254720651,0.22082940270791113,0.4801452384656951,0.6470863749200629,0.5523830646674096,0.7450012995099279,0.7450012995099279,0.6297146183140484,0.029254342848405026,0.549626163157924,0.3688037777791556,-0.16256728058676592,-0.21739352828921452,0.7134573634187967,0.2372631002514246,0.5386051096425478,0.7591096738208961,0.6797753869471698,0.460399696654102,0.6738961944247567,0.6749565598156864,0.692263740332464,0.5180485353816917,0.5783039499547091],[0.8793503768316151,0.8803567623275586,0.8793503768316151,0.88664183475748,0.88664183475748,0.8549600719064133,0.8549600719064133,0.8219951589796616,0.8219951589796616,0.2596901102097815,0.8860431159640545,0.2595586254720651,1.0,0.9998763124744834,0.8855621494247554,0.8498347231421471,0.8789566183152506,0.7454567643083573,0.7454567643083573,0.6452105787206217,-0.12982983222798902,0.8809066354241986,0.8271475194663388,-0.6298660690709337,0.6908601998804039,0.7232734327398653,0.8722584460288472,0.8728681080873738,0.6547051178414695,0.591145565545562,0.8577627420619709,0.6350483069985026,0.4725627636472838,0.7611391450820015,0.8668501390991403,0.7892542112498246],[0.9857382541865043,0.9853084568137193,0.9857382541865043,0.989262234942228,0.989262234942228,0.9524647187773162,0.9524647187773162,0.9194947771289409,0.9194947771289409,0.22160561977484883,0.9886685873085749,0.22082940270791113,0.9998763124744834,1.0,0.9886476120641762,0.9457641818437275,0.9828206869922849,0.8455224762694694,0.8455224762694694,0.8252067503135129,-0.25757491404187155,0.9807027954731157,0.8947844326657688,-0.7202651220411651,0.7479095489571103,0.789444948930635,0.9504190177130649,0.9460972373630582,0.7288056785369665,0.6493013280246364,0.93676368287494,0.7257479762151611,0.48474948495613224,0.8423203447091083,0.9594659524973322,0.8538697170205864],[0.9960869359886437,0.9961341145949844,0.9960869359886437,0.9996847063802543,0.9996847063802543,0.9649433389255746,0.9649433389255746,0.9435690345292684,0.9435690345292684,0.48068046101647244,0.9999541346932636,0.4801452384656951,0.8855621494247554,0.9886476120641762,1.0,0.9622266014833003,0.9955505039994978,0.892466001451055,0.892466001451055,0.8383840319802569,-0.15079138837665196,0.9970321642827417,0.9142597077520261,-0.5436019112583185,0.6225563945559318,0.8461082565867383,0.8970850129210688,0.9357578834434107,0.8287530446404702,0.7811045735840038,0.9477766811724013,0.8117389403961837,0.6586486119658567,0.884639430553844,0.9647452889523881,0.8548607988549027],[0.9806879274434734,0.9805090480073477,0.9806879274434734,0.9655772494922991,0.9655772494922991,0.9991792296335826,0.9991792296335826,0.9490354316950633,0.9490354316950633,0.6600954563463849,0.9620165416644881,0.6470863749200629,0.8498347231421471,0.9457641818437275,0.9622266014833003,1.0,0.9807131581200949,0.92103571953199,0.92103571953199,0.704968493340678,-0.17636923133556945,0.9589076661431448,0.7420338425437204,-0.48346127925066923,-0.06576679927056617,0.9088583670858819,0.8340440487450327,0.9171282990325982,0.872657045818725,0.7791364177027728,0.9034288949919962,0.7759370856872957,0.6947509846132118,0.8930643467276344,0.9083342699154802,0.843335740283362],[0.99939698406412,0.9994005689218002,0.99939698406412,0.9956044810120155,0.9956044810120155,0.9817086275113149,0.9817086275113149,0.9548054237275958,0.9548054237275958,0.5529926066254984,0.9954333590285983,0.5523830646674096,0.8789566183152506,0.9828206869922849,0.9955505039994978,0.9807131581200949,1.0,0.920416941324489,0.920416941324489,0.8560623475105428,-0.13402788807303265,0.9911020508806351,0.8987920450686738,-0.5372884138555838,0.6158697072248793,0.8822622435663814,0.8766464168913438,0.9375286554805348,0.8681826627245098,0.8064566961139673,0.9410796136155001,0.8511968623102325,0.7124440522872577,0.9044943060813349,0.9708947993927103,0.8882016688834748],[0.9091313721067488,0.9092444338043133,0.9091313721067488,0.880225781829621,0.880225781829621,0.9175217194415941,0.9175217194415941,0.9703072636357201,0.9703072636357201,0.7560645413765168,0.8910999103003565,0.7450012995099279,0.7454567643083573,0.8455224762694694,0.892466001451055,0.92103571953199,0.920416941324489,1.0,1.0,0.7611280129463674,-0.11051314497376725,0.8542452348497284,0.637650057543086,-0.280808930246762,-0.13313305615437743,0.85475168685833,0.6817532270716237,0.8245054730576068,0.9131270467580472,0.8456850682882192,0.8222835211847946,0.7714360982725655,0.6897846150586904,0.868474825773107,0.8123944474922684,0.8735025366042266],[0.9091313721067488,0.9092444338043133,0.9091313721067488,0.880225781829621,0.880225781829621,0.9175217194415941,0.9175217194415941,0.9703072636357201,0.9703072636357201,0.7560645413765168,0.8910999103003565,0.7450012995099279,0.7454567643083573,0.8455224762694694,0.892466001451055,0.92103571953199,0.920416941324489,1.0,1.0,0.7611280129463674,-0.11051314497376725,0.8542452348497284,0.637650057543086,-0.280808930246762,-0.13313305615437743,0.85475168685833,0.6817532270716237,0.8245054730576068,0.9131270467580472,0.8456850682882192,0.8222835211847946,0.7714360982725655,0.6897846150586904,0.868474825773107,0.8123944474922684,0.8735025366042266],[0.7514117276976807,0.7668612090753993,0.7514117276976807,0.7165213907506308,0.7165213907506308,0.654796275350874,0.654796275350874,0.6212499854607686,0.6212499854607686,0.6819285381384342,0.8372831631712669,0.6297146183140484,0.6452105787206217,0.8252067503135129,0.8383840319802569,0.704968493340678,0.8560623475105428,0.7611280129463674,0.7611280129463674,1.0,0.0011220584259554027,0.6848472105881062,-0.2658881017875648,0.2482723350904395,-0.6233480935338478,0.4056558652370867,0.5526827079640941,0.504006564329985,0.8465102900064982,0.7153730458922835,0.2274160783580392,0.35636818409204446,0.5767188114279344,0.7918868507408925,0.5160574316992419,-0.06532111930733173],[-0.22167066386790082,-0.018098532891480997,-0.22167066386790082,-0.2273579000746424,-0.2273579000746424,-0.1853771991260831,-0.1853771991260831,-0.07165093800393464,-0.07165093800393464,-0.10175702583221863,-0.15165385853280852,0.029254342848405026,-0.12982983222798902,-0.25757491404187155,-0.15079138837665196,-0.17636923133556945,-0.13402788807303265,-0.11051314497376725,-0.11051314497376725,0.0011220584259554027,1.0,-0.15335420167369934,0.06595157771118876,0.19141292587050948,0.7264373941705233,-0.13342283801363264,-0.126300716342281,-0.09866340951292563,0.11788404625065635,-0.047914391284540156,-0.05743271570745596,0.26274534541101685,0.5424951443842126,-0.17326421383378665,0.024364845943411838,0.09870183843172428],[0.9841298198821753,0.9782432542535384,0.9841298198821753,0.9937661731225624,0.9937661731225624,0.9568509481120229,0.9568509481120229,0.88424300012255,0.88424300012255,0.6110001984598094,0.9971202115298176,0.549626163157924,0.8809066354241986,0.9807027954731157,0.9970321642827417,0.9589076661431448,0.9911020508806351,0.8542452348497284,0.8542452348497284,0.6848472105881062,-0.15335420167369934,1.0,0.2520371075036965,-0.2786766537306473,-0.20448038796666282,0.7300991363996538,0.9076886781729204,0.9073294984434603,0.802262107419412,0.735601508845396,0.737969695770654,0.6087794244222371,0.4796240631536647,0.8845432108095252,0.7723260575480938,0.32993170207926237],[0.31677318734507603,0.06223250828703478,0.31677318734507603,0.34408306626304536,0.34408306626304536,0.43439840983807854,0.43439840983807854,0.6323582257430189,0.6323582257430189,0.044822101267874226,0.9146074064735753,0.3688037777791556,0.8271475194663388,0.8947844326657688,0.9142597077520261,0.7420338425437204,0.8987920450686738,0.637650057543086,0.637650057543086,-0.2658881017875648,0.06595157771118876,0.2520371075036965,1.0,-0.49118384167817486,0.6760437645096733,0.44681527461136405,0.2875273962104958,0.4235964828853736,-0.008403489456845761,0.1658987910766677,0.6482285366131836,0.5229820102356108,0.22497590968476772,0.13520782256298086,0.4673371800808608,0.5187483934283532],[-0.20229726092730368,-0.19715110990789725,-0.20229726092730368,-0.23432534762088716,-0.23432534762088716,-0.3571810052059943,-0.3571810052059943,-0.39102025154568937,-0.39102025154568937,0.04404753986231538,-0.5456667666328805,-0.16256728058676592,-0.6298660690709337,-0.7202651220411651,-0.5436019112583185,-0.48346127925066923,-0.5372884138555838,-0.280808930246762,-0.280808930246762,0.2482723350904395,0.19141292587050948,-0.2786766537306473,-0.49118384167817486,1.0,-0.033101088586935896,-0.23266213720991055,-0.2624988550241579,-0.3375943920371637,-0.10317498779559066,-0.13392251961825793,-0.5721412364271125,-0.24654751350888138,-0.05110440937656425,-0.12511390295492616,-0.2937347520333263,-0.44162347180735145],[-0.17583997018739464,-0.17437012404470273,-0.17583997018739464,-0.16732357796156014,-0.16732357796156014,-0.07784893673899068,-0.07784893673899068,0.03391998048536852,0.03391998048536852,-0.23994552489739443,0.623488212207836,-0.21739352828921452,0.6908601998804039,0.7479095489571103,0.6225563945559318,-0.06576679927056617,0.6158697072248793,-0.13313305615437743,-0.13313305615437743,-0.6233480935338478,0.7264373941705233,-0.20448038796666282,0.6760437645096733,-0.033101088586935896,1.0,-0.06546924768859676,-0.08392549072654037,-0.01021127182776021,-0.3284579663516056,-0.3062068299332658,0.07621700791788212,0.16111090781756804,0.2625409731868975,-0.3315758936829261,0.11265486323363955,0.09752494174228349],[0.8510376738017615,0.7218234555067659,0.8510376738017615,0.8401927674693506,0.8401927674693506,0.8992187504396592,0.8992187504396592,0.8338834858463295,0.8338834858463295,0.7015184092218133,0.8455467482898367,0.7134573634187967,0.7232734327398653,0.789444948930635,0.8461082565867383,0.9088583670858819,0.8822622435663814,0.85475168685833,0.85475168685833,0.4056558652370867,-0.13342283801363264,0.7300991363996538,0.44681527461136405,-0.23266213720991055,-0.06546924768859676,1.0,0.6329429447731962,0.8690482104377878,0.5367675186683941,0.6472855266098095,0.6618079706185586,0.6658332713308944,0.4235300848562241,0.7453848741332054,0.7641409609440983,0.4878227390658272],[0.8840777381377892,0.8803332414372611,0.8840777381377892,0.9089346384609589,0.9089346384609589,0.8481213054930944,0.8481213054930944,0.7602940705289166,0.7602940705289166,0.32558480826570724,0.8982335989141248,0.2372631002514246,0.8722584460288472,0.9504190177130649,0.8970850129210688,0.8340440487450327,0.8766464168913438,0.6817532270716237,0.6817532270716237,0.5526827079640941,-0.126300716342281,0.9076886781729204,0.2875273962104958,-0.2624988550241579,-0.08392549072654037,0.6329429447731962,1.0,0.8701183259872586,0.6162341725948524,0.5635310566877215,0.6894680543031951,0.4650799839056666,0.366215707782874,0.7256252109667037,0.7230465310216895,0.3080058191586696],[0.9193687836010921,0.9038872893223436,0.9193687836010921,0.9253742878179427,0.9253742878179427,0.9243743547407008,0.9243743547407008,0.88144151931634,0.88144151931634,0.5851868372109699,0.9362083932966698,0.5386051096425478,0.8728681080873738,0.9460972373630582,0.9357578834434107,0.9171282990325982,0.9375286554805348,0.8245054730576068,0.8245054730576068,0.504006564329985,-0.09866340951292563,0.9073294984434603,0.4235964828853736,-0.3375943920371637,-0.01021127182776021,0.8690482104377878,0.8701183259872586,1.0,0.692206688224839,0.5953574866248735,0.7238006036787237,0.5785225404317272,0.45573619071493865,0.7947479564458096,0.8727135084559012,0.34824851474113433],[0.8775802313417765,0.874542521485816,0.8775802313417765,0.8478107318189276,0.8478107318189276,0.8656011326399827,0.8656011326399827,0.8436541967086232,0.8436541967086232,0.79323602973123,0.8276009977791936,0.7591096738208961,0.6547051178414695,0.7288056785369665,0.8287530446404702,0.872657045818725,0.8681826627245098,0.9131270467580472,0.9131270467580472,0.8465102900064982,0.11788404625065635,0.802262107419412,-0.008403489456845761,-0.10317498779559066,-0.3284579663516056,0.5367675186683941,0.6162341725948524,0.692206688224839,1.0,0.9145208926331689,0.5932017657630979,0.7136636331171209,0.6706006936892156,0.8860764236859807,0.5602737270864732,0.3599638984939738],[0.7710225593093191,0.7774896306683237,0.7710225593093191,0.7609539162923534,0.7609539162923534,0.7480490320126612,0.7480490320126612,0.7688075726604261,0.7688075726604261,0.6651877899568733,0.7798243315430768,0.6797753869471698,0.591145565545562,0.6493013280246364,0.7811045735840038,0.7791364177027728,0.8064566961139673,0.8456850682882192,0.8456850682882192,0.7153730458922835,-0.047914391284540156,0.735601508845396,0.1658987910766677,-0.13392251961825793,-0.3062068299332658,0.6472855266098095,0.5635310566877215,0.5953574866248735,0.9145208926331689,1.0,0.6227677682205437,0.6983159941667788,0.6168968492662167,0.7584165793522549,0.6229755815357592,0.5193186844153879],[0.7083801527179202,0.7028999402202114,0.7083801527179202,0.7349396769303472,0.7349396769303472,0.8340450538219665,0.8340450538219665,0.906319057901027,0.906319057901027,0.3138038764183649,0.9481677173521563,0.460399696654102,0.8577627420619709,0.93676368287494,0.9477766811724013,0.9034288949919962,0.9410796136155001,0.8222835211847946,0.8222835211847946,0.2274160783580392,-0.05743271570745596,0.737969695770654,0.6482285366131836,-0.5721412364271125,0.07621700791788212,0.6618079706185586,0.6894680543031951,0.7238006036787237,0.5932017657630979,0.6227677682205437,1.0,0.7403629235216291,0.3838591162781235,0.6065845794444351,0.7237091702311939,0.7647111417144727],[0.647692452104018,0.6454786935245671,0.647692452104018,0.6328526323967588,0.6328526323967588,0.7330064872382756,0.7330064872382756,0.7817589766147306,0.7817589766147306,0.5203470743829558,0.8103398834889944,0.6738961944247567,0.6350483069985026,0.7257479762151611,0.8117389403961837,0.7759370856872957,0.8511968623102325,0.7714360982725655,0.7714360982725655,0.35636818409204446,0.26274534541101685,0.6087794244222371,0.5229820102356108,-0.24654751350888138,0.16111090781756804,0.6658332713308944,0.4650799839056666,0.5785225404317272,0.7136636331171209,0.6983159941667788,0.7403629235216291,1.0,0.7783668925878501,0.5499479074314341,0.7223271394420703,0.5851182263493993],[0.5734739362989697,0.5973170322204056,0.5734739362989697,0.5349803256598927,0.5349803256598927,0.6405301404530918,0.6405301404530918,0.6736967411956886,0.6736967411956886,0.562600138016535,0.6568148175870768,0.6749565598156864,0.4725627636472838,0.48474948495613224,0.6586486119658567,0.6947509846132118,0.7124440522872577,0.6897846150586904,0.6897846150586904,0.5767188114279344,0.5424951443842126,0.4796240631536647,0.22497590968476772,-0.05110440937656425,0.2625409731868975,0.4235300848562241,0.366215707782874,0.45573619071493865,0.6706006936892156,0.6168968492662167,0.3838591162781235,0.7783668925878501,1.0,0.4997414173290675,0.6248690969385143,0.22964625148740098],[0.9195563849885139,0.9191119032724893,0.9195563849885139,0.8998841234092928,0.8998841234092928,0.8715651481915268,0.8715651481915268,0.8278987973985378,0.8278987973985378,0.7489159903137799,0.8843097616611407,0.692263740332464,0.7611391450820015,0.8423203447091083,0.884639430553844,0.8930643467276344,0.9044943060813349,0.868474825773107,0.868474825773107,0.7918868507408925,-0.17326421383378665,0.8845432108095252,0.13520782256298086,-0.12511390295492616,-0.3315758936829261,0.7453848741332054,0.7256252109667037,0.7947479564458096,0.8860764236859807,0.7584165793522549,0.6065845794444351,0.5499479074314341,0.4997414173290675,1.0,0.7781236347073608,0.27471670238176027],[0.8915276772699672,0.7846971559852084,0.8915276772699672,0.8862210860083398,0.8862210860083398,0.9104667090885398,0.9104667090885398,0.8906511952519409,0.8906511952519409,0.5584385554582619,0.9646860974113568,0.5180485353816917,0.8668501390991403,0.9594659524973322,0.9647452889523881,0.9083342699154802,0.9708947993927103,0.8123944474922684,0.8123944474922684,0.5160574316992419,0.024364845943411838,0.7723260575480938,0.4673371800808608,-0.2937347520333263,0.11265486323363955,0.7641409609440983,0.7230465310216895,0.8727135084559012,0.5602737270864732,0.6229755815357592,0.7237091702311939,0.7223271394420703,0.6248690969385143,0.7781236347073608,1.0,0.3209418552937984],[0.3269437176990785,0.3248031677845609,0.3269437176990785,0.3424580030032657,0.3424580030032657,0.5680319755623141,0.5680319755623141,0.846028720923588,0.846028720923588,0.17211415735972416,0.8545915080100515,0.5783039499547091,0.7892542112498246,0.8538697170205864,0.8548607988549027,0.843335740283362,0.8882016688834748,0.8735025366042266,0.8735025366042266,-0.06532111930733173,0.09870183843172428,0.32993170207926237,0.5187483934283532,-0.44162347180735145,0.09752494174228349,0.4878227390658272,0.3080058191586696,0.34824851474113433,0.3599638984939738,0.5193186844153879,0.7647111417144727,0.5851182263493993,0.22964625148740098,0.27471670238176027,0.3209418552937984,1.0]],"x":["^TAIEX       \u81fa\u7063\u52a0\u6b0a\u5831\u916c\u6307\u6578","^TWII        \u81fa\u7063\u52a0\u6b0a\u6307\u6578","^TAIEXx2     \u81fa\u7063\u52a0\u6b0a\u5831\u916c\u6307\u6578_\u65e5\u6b632","^TAI50I      \u81fa\u706350\u5831\u916c\u6307\u6578","^TAI50Ix2    \u81fa\u706350\u5831\u916c\u6307\u6578_\u65e5\u6b632","^TAI100I     \u81fa\u7063\u4e2d\u578b100\u5831\u916c\u6307\u6578","^TAI100Ix2   \u81fa\u7063\u4e2d\u578b100\u5831\u916c\u6307\u6578_\u65e5\u6b632","^TAIDIVIDI   \u81fa\u7063\u9ad8\u80a1\u606f\u5831\u916c\u6307\u6578","^TAIDIVIDIx2 \u81fa\u7063\u9ad8\u80a1\u606f\u5831\u916c\u6307\u6578_\u65e5\u6b632","0050Fund     \u5143\u5927\u53f0\u7063\u5353\u8d8a50\u57fa\u91d1","006208Fund   \u5bcc\u90a6\u53f0\u7063\u91c6\u540950\u57fa\u91d1","0050         \u5143\u5927\u81fa\u706350","00631L       \u5143\u5927\u53f0\u706350\u6b632","00675L       \u5bcc\u90a6\u81fa\u7063\u52a0\u6b0a\u6b632","006208       \u5bcc\u90a6\u53f050","0051         \u5143\u5927\u4e2d\u578b100","006204       \u6c38\u8c50\u81fa\u7063\u52a0\u6b0a","0056         \u5143\u5927\u9ad8\u80a1\u606f","0056         \u5143\u5927\u9ad8\u80a1\u606f_\u80a1\u606f\u4e0d\u6295\u5165","2412         \u4e2d\u83ef\u96fb\u4fe1","2002         \u4e2d\u92fc","2330         \u53f0\u7a4d\u96fb","2317         \u9d3b\u6d77","6505         \u53f0\u5851\u77f3\u5316","3481         \u7fa4\u5275","2303         \u806f\u96fb","2308         \u53f0\u9054\u96fb","2454         \u806f\u767c\u79d1","2886         \u5146\u8c50\u91d1","2884         \u7389\u5c71\u91d1","2891         \u4e2d\u4fe1\u91d1","2892         \u7b2c\u4e00\u91d1","5880         \u5408\u5eab\u91d1","2881         \u5bcc\u90a6\u91d1","2885         \u5143\u5927\u91d1","2887         \u53f0\u65b0\u91d1"],"y":["^TAIEX       \u81fa\u7063\u52a0\u6b0a\u5831\u916c\u6307\u6578","^TWII        \u81fa\u7063\u52a0\u6b0a\u6307\u6578","^TAIEXx2     \u81fa\u7063\u52a0\u6b0a\u5831\u916c\u6307\u6578_\u65e5\u6b632","^TAI50I      \u81fa\u706350\u5831\u916c\u6307\u6578","^TAI50Ix2    \u81fa\u706350\u5831\u916c\u6307\u6578_\u65e5\u6b632","^TAI100I     \u81fa\u7063\u4e2d\u578b100\u5831\u916c\u6307\u6578","^TAI100Ix2   \u81fa\u7063\u4e2d\u578b100\u5831\u916c\u6307\u6578_\u65e5\u6b632","^TAIDIVIDI   \u81fa\u7063\u9ad8\u80a1\u606f\u5831\u916c\u6307\u6578","^TAIDIVIDIx2 \u81fa\u7063\u9ad8\u80a1\u606f\u5831\u916c\u6307\u6578_\u65e5\u6b632","0050Fund     \u5143\u5927\u53f0\u7063\u5353\u8d8a50\u57fa\u91d1","006208Fund   \u5bcc\u90a6\u53f0\u7063\u91c6\u540950\u57fa\u91d1","0050         \u5143\u5927\u81fa\u706350","00631L       \u5143\u5927\u53f0\u706350\u6b632","00675L       \u5bcc\u90a6\u81fa\u7063\u52a0\u6b0a\u6b632","006208       \u5bcc\u90a6\u53f050","0051         \u5143\u5927\u4e2d\u578b100","006204       \u6c38\u8c50\u81fa\u7063\u52a0\u6b0a","0056         \u5143\u5927\u9ad8\u80a1\u606f","0056         \u5143\u5927\u9ad8\u80a1\u606f_\u80a1\u606f\u4e0d\u6295\u5165","2412         \u4e2d\u83ef\u96fb\u4fe1","2002         \u4e2d\u92fc","2330         \u53f0\u7a4d\u96fb","2317         \u9d3b\u6d77","6505         \u53f0\u5851\u77f3\u5316","3481         \u7fa4\u5275","2303         \u806f\u96fb","2308         \u53f0\u9054\u96fb","2454         \u806f\u767c\u79d1","2886         \u5146\u8c50\u91d1","2884         \u7389\u5c71\u91d1","2891         \u4e2d\u4fe1\u91d1","2892         \u7b2c\u4e00\u91d1","5880         \u5408\u5eab\u91d1","2881         \u5bcc\u90a6\u91d1","2885         \u5143\u5927\u91d1","2887         \u53f0\u65b0\u91d1"],"zmin":-1,"zmax":1,"colorbar":{"x":-0.2}}],"layout":{"autotypenumbers":"strict","colorway":["#636efa","#EF553B","#00cc96","#ab63fa","#FFA15A","#19d3f3","#FF6692","#B6E880","#FF97FF","#FECB52"],"font":{"color":"#f2f5fa","family":"Courier New"},"hovermode":"closest","hoverlabel":{"align":"left"},"paper_bgcolor":"rgb(17,17,17)","plot_bgcolor":"rgb(17,17,17)","polar":{"bgcolor":"rgb(17,17,17)","angularaxis":{"gridcolor":"#506784","linecolor":"#506784","ticks":""},"radialaxis":{"gridcolor":"#506784","linecolor":"#506784","ticks":""}},"ternary":{"bgcolor":"rgb(17,17,17)","aaxis":{"gridcolor":"#506784","linecolor":"#506784","ticks":""},"baxis":{"gridcolor":"#506784","linecolor":"#506784","ticks":""},"caxis":{"gridcolor":"#506784","linecolor":"#506784","ticks":""}},"coloraxis":{"colorbar":{"outlinewidth":0,"ticks":""}},"colorscale":{"sequential":[[0.0,"#0d0887"],[0.1111111111111111,"#46039f"],[0.2222222222222222,"#7201a8"],[0.3333333333333333,"#9c179e"],[0.4444444444444444,"#bd3786"],[0.5555555555555556,"#d8576b"],[0.6666666666666666,"#ed7953"],[0.7777777777777778,"#fb9f3a"],[0.8888888888888888,"#fdca26"],[1.0,"#f0f921"]],"sequentialminus":[[0.0,"#0d0887"],[0.1111111111111111,"#46039f"],[0.2222222222222222,"#7201a8"],[0.3333333333333333,"#9c179e"],[0.4444444444444444,"#bd3786"],[0.5555555555555556,"#d8576b"],[0.6666666666666666,"#ed7953"],[0.7777777777777778,"#fb9f3a"],[0.8888888888888888,"#fdca26"],[1.0,"#f0f921"]],"diverging":[[0,"#8e0152"],[0.1,"#c51b7d"],[0.2,"#de77ae"],[0.3,"#f1b6da"],[0.4,"#fde0ef"],[0.5,"#f7f7f7"],[0.6,"#e6f5d0"],[0.7,"#b8e186"],[0.8,"#7fbc41"],[0.9,"#4d9221"],[1,"#276419"]]},"xaxis":{"gridcolor":"rgba(0, 0, 0, 0)","linecolor":"#506784","ticks":"","title":{"standoff":15},"zerolinecolor":"#283442","automargin":true,"zerolinewidth":2,"tickfont":{"family":"Courier New","size":14},"side":"top","tickangle":-90},"yaxis":{"gridcolor":"rgba(0, 0, 0, 0)","linecolor":"#506784","ticks":"","title":{"standoff":15},"zerolinecolor":"#283442","automargin":true,"zerolinewidth":2,"tickfont":{"family":"Courier New"},"side":"right"},"scene":{"xaxis":{"backgroundcolor":"rgb(17,17,17)","gridcolor":"#506784","linecolor":"#506784","showbackground":true,"ticks":"","zerolinecolor":"#C8D4E3","gridwidth":2},"yaxis":{"backgroundcolor":"rgb(17,17,17)","gridcolor":"#506784","linecolor":"#506784","showbackground":true,"ticks":"","zerolinecolor":"#C8D4E3","gridwidth":2},"zaxis":{"backgroundcolor":"rgb(17,17,17)","gridcolor":"#506784","linecolor":"#506784","showbackground":true,"ticks":"","zerolinecolor":"#C8D4E3","gridwidth":2}},"shapedefaults":{"line":{"color":"#f2f5fa"}},"annotationdefaults":{"arrowcolor":"#f2f5fa","arrowhead":0,"arrowwidth":1},"geo":{"bgcolor":"rgb(17,17,17)","landcolor":"rgb(17,17,17)","subunitcolor":"#506784","showland":true,"showlakes":true,"lakecolor":"rgb(17,17,17)"},"title":{"x":0.05,"font":{"family":"Times New Roman"},"y":0.05,"text":"<b>Correlation of Close<b><br><i>2016-09-23 ~ 2026-06-12<i>"},"updatemenudefaults":{"bgcolor":"#506784","borderwidth":0},"sliderdefaults":{"bgcolor":"#C8D4E3","borderwidth":1,"bordercolor":"rgb(17,17,17)","tickwidth":0},"mapbox":{"style":"dark"},"annotations":[{"text":"<b>@zwindr<b>","textangle":0,"opacity":0.5,"font":{"color":"white","size":12},"xref":"paper","yref":"paper","xanchor":"left","yanchor":"bottom","x":1.0,"y":1.0,"showarrow":false}]},"config":{"responsive":true,"toImageButtonOptions":{"filename":"Correlation of Close_2016-09-23~2026-06-12","scale":5}}};Plotly.newPlot("correlationClose",correlationClose.data,correlationClose.layout||{},correlationClose.config);}else{console.log("style display is none => correlationClose");}