var config = { responsive: true }

var correlationAdjClose = {"data": [{"type": "heatmap", "z": [[1.0, 0.9936989542307858, 0.9760105962922663, 0.9977940452847569, 0.9645363174284431, 0.9806172117373757, -0.9399191694478084, 0.9895409127048016, 0.9682810958571397, 0.9966379883068781, 0.9929256426969606, 0.9938099755730171, 0.9972466684005465, 0.9781559151585678, 0.9995634923822442, 0.9866932357375661, 0.9131825648114132, 0.7552404962528759, 0.9860141806600282, 0.9236191727833722, 0.4746613653377847, -0.29835286164579483, 0.8989723509118783, 0.9736736254480378, 0.9517829329889851], [0.9936989542307858, 1.0, 0.9713880861809159, 0.9912793514262949, 0.960312569825663, 0.975752837867645, -0.9350694449441176, 0.9798736236239928, 0.9610724433855925, 0.9938729285659702, 0.9918998274751599, 0.9911252579730615, 0.9952256156441749, 0.9729610460810247, 0.996376844536364, 0.9826929513006968, 0.9018044551561669, 0.7630489504390516, 0.9670186974022452, 0.9017578092454289, 0.4729468741128642, -0.22179752746851128, 0.8712238668764161, 0.9610178530087227, 0.9518670734834263], [0.9760105962922663, 0.9713880861809159, 1.0, 0.9818463265608429, 0.9963073856335828, 0.9788965589812392, -0.9750633304080376, 0.9692416819923134, 0.9832035751347437, 0.9857797982926816, 0.9973280560302609, 0.9972268703154061, 0.9886167153722272, 0.9772875234711413, 0.9876895233503163, 0.9756927540357073, 0.8161650684427111, 0.646766544295438, 0.9895784837848645, 0.9124989411891795, 0.3091763849331503, -0.2163304243990658, 0.9071416534358573, 0.9401859285137877, 0.9778096846642593], [0.9977940452847569, 0.9912793514262949, 0.9818463265608429, 1.0, 0.975571748402802, 0.9729436518803918, -0.9345758877538345, 0.9841042991537904, 0.9656080418681438, 0.999270188034695, 0.991823727728354, 0.9902841160418027, 0.9999032939845749, 0.9681146061624594, 0.9960599037156006, 0.9815898596033883, 0.898788701144345, 0.7279003154221, 0.9933726590095707, 0.9252025332566898, 0.4548735793477712, -0.2907200601408781, 0.8983618766186515, 0.9675809676986838, 0.9577566275939133], [0.9645363174284431, 0.960312569825663, 0.9963073856335828, 0.975571748402802, 1.0, 0.9591802181355407, -0.9569508738318149, 0.9549890707233808, 0.9713451485203118, 0.9821036550923797, 0.9879943952935033, 0.9844511591084286, 0.9850280256854598, 0.9567334717209137, 0.9764062041880932, 0.9615631085340917, 0.7960102983702516, 0.6148714644789737, 0.9885401874081831, 0.9093333274148037, 0.2899344926758908, -0.21030845264765807, 0.8908053426694245, 0.925218271185162, 0.9757866240870331], [0.9806172117373757, 0.975752837867645, 0.9788965589812392, 0.9729436518803918, 0.9591802181355407, 1.0, -0.9798341767400627, 0.9795803879046721, 0.9789975376900368, 0.9720307431829044, 0.976282015067212, 0.9742184665049706, 0.9686598689139808, 0.9988831567505709, 0.9860242406246112, 0.9858619865968684, 0.8528561527266305, 0.721697722210128, 0.9675571846802684, 0.891423714676789, 0.3377451273745352, -0.205180440139409, 0.9356770384947763, 0.9559872807119529, 0.9580289604703365], [-0.9399191694478084, -0.9350694449441176, -0.9750633304080376, -0.9345758877538345, -0.9569508738318149, -0.9798341767400627, 1.0, -0.9492511799044772, -0.9826312857544729, -0.9421159691393003, -0.9730694908624528, -0.9750390273585778, -0.9474734155689019, -0.9860951244380042, -0.9635762715358231, -0.9650594336731568, -0.7617454758055014, -0.6187547054444287, -0.9409035996063463, -0.8785650056648092, -0.19248334115140872, 0.13468670479626915, -0.9032011019110516, -0.9102529454263736, -0.9554469177302009], [0.9895409127048016, 0.9798736236239928, 0.9692416819923134, 0.9841042991537904, 0.9549890707233808, 0.9795803879046721, -0.9492511799044772, 1.0, 0.9815897486430417, 0.9810336021184614, 0.9746657258203116, 0.9735691084610317, 0.9795303422671449, 0.9756415898128358, 0.9870798675451148, 0.9964359213561116, 0.921084343733158, 0.692021713634394, 0.9743804917447871, 0.8970868303049777, 0.34148365721435964, -0.305617349871927, 0.903890326122635, 0.954690048979368, 0.9342054951486861], [0.9682810958571397, 0.9610724433855925, 0.9832035751347437, 0.9656080418681438, 0.9713451485203118, 0.9789975376900368, -0.9826312857544729, 0.9815897486430417, 1.0, 0.9647751211385128, 0.9714402411820904, 0.9683679945372051, 0.9617871329040324, 0.9772083165418612, 0.9688511950161475, 0.9871682698694036, 0.8448229443197742, 0.6176961994038193, 0.9662518759478614, 0.9053743055848911, 0.19690627081486747, -0.219174709679886, 0.8854022676106262, 0.9295295635279662, 0.9574601446319937], [0.9966379883068781, 0.9938729285659702, 0.9857797982926816, 0.999270188034695, 0.9821036550923797, 0.9720307431829044, -0.9421159691393003, 0.9810336021184614, 0.9647751211385128, 1.0, 0.9908388110258564, 0.9889460946068414, 0.999839984465601, 0.9690308416376388, 0.9953288078402888, 0.9816874532810346, 0.9114871205565259, 0.7034065183232033, 0.995688871178029, 0.9190242974510635, 0.27872693523908665, -0.21864417049445772, 0.9301025516934951, 0.9570870247553017, 0.9557962505694967], [0.9929256426969606, 0.9918998274751599, 0.9973280560302609, 0.991823727728354, 0.9879943952935033, 0.976282015067212, -0.9730694908624528, 0.9746657258203116, 0.9714402411820904, 0.9908388110258564, 1.0, 0.9996632650690817, 0.9916150234128229, 0.9772974992810886, 0.993261125718048, 0.9761646178997335, 0.9064024405021407, 0.6030161360793155, 0.9876910040565724, 0.8904462637653743, -0.2722463245381808, 0.5927672314689795, 0.9081704094637162, 0.9527775604431492, 0.9763808918560122], [0.9938099755730171, 0.9911252579730615, 0.9972268703154061, 0.9902841160418027, 0.9844511591084286, 0.9742184665049706, -0.9750390273585778, 0.9735691084610317, 0.9683679945372051, 0.9889460946068414, 0.9996632650690817, 1.0, 0.990086604597001, 0.9753372968178812, 0.9939261305945332, 0.9753256329767972, 0.9148993413744787, 0.49151394330375425, 0.9829917415923557, 0.8771383355190117, -0.686412800193949, 0.5997842174730662, 0.8814572403855134, 0.9495411265027517, 0.9757952531924444], [0.9972466684005465, 0.9952256156441749, 0.9886167153722272, 0.9999032939845749, 0.9850280256854598, 0.9686598689139808, -0.9474734155689019, 0.9795303422671449, 0.9617871329040324, 0.999839984465601, 0.9916150234128229, 0.990086604597001, 1.0, 0.9693337004950835, 0.9956404323488037, 0.9805115787906784, 0.929118816721598, 0.6631467653387895, 0.9971880950046237, 0.8991116094016899, 0.02608579482598646, 0.5264045584383706, 0.9194567908178456, 0.9495616712631078, 0.9639401778339989], [0.9781559151585678, 0.9729610460810247, 0.9772875234711413, 0.9681146061624594, 0.9567334717209137, 0.9988831567505709, -0.9860951244380042, 0.9756415898128358, 0.9772083165418612, 0.9690308416376388, 0.9772974992810886, 0.9753372968178812, 0.9693337004950835, 1.0, 0.9861490706493599, 0.9836107859115745, 0.8669258351793476, 0.7231581169808917, 0.962967816060822, 0.8811283227207644, 0.19598336373316627, -0.1374158929302347, 0.944716589110141, 0.9510126160605219, 0.9570230480017986], [0.9995634923822442, 0.996376844536364, 0.9876895233503163, 0.9960599037156006, 0.9764062041880932, 0.9860242406246112, -0.9635762715358231, 0.9870798675451148, 0.9688511950161475, 0.9953288078402888, 0.993261125718048, 0.9939261305945332, 0.9956404323488037, 0.9861490706493599, 1.0, 0.9873999124450237, 0.9359355181831207, 0.7005939581920332, 0.9898253646882627, 0.8958920465242927, 0.07195394530208633, 0.5366384499018425, 0.937310542564755, 0.9595918877777456, 0.9627209475296222], [0.9866932357375661, 0.9826929513006968, 0.9756927540357073, 0.9815898596033883, 0.9615631085340917, 0.9858619865968684, -0.9650594336731568, 0.9964359213561116, 0.9871682698694036, 0.9816874532810346, 0.9761646178997335, 0.9753256329767972, 0.9805115787906784, 0.9836107859115745, 0.9873999124450237, 1.0, 0.9037999603254846, 0.6931580805022863, 0.9737148384112837, 0.8970976631280037, 0.27338140746000894, -0.20921091467982791, 0.9153520960248572, 0.9445964582204466, 0.9452672578231495], [0.9131825648114132, 0.9018044551561669, 0.8161650684427111, 0.898788701144345, 0.7960102983702516, 0.8528561527266305, -0.7617454758055014, 0.921084343733158, 0.8448229443197742, 0.9114871205565259, 0.9064024405021407, 0.9148993413744787, 0.929118816721598, 0.8669258351793476, 0.9359355181831207, 0.9037999603254846, 1.0, 0.8572952675347312, 0.8478785900738015, 0.8727707347460438, 0.7242202853387102, -0.5459848990176336, 0.674310047527483, 0.910693526519386, 0.7882578596637729], [0.7552404962528759, 0.7630489504390516, 0.646766544295438, 0.7279003154221, 0.6148714644789737, 0.721697722210128, -0.6187547054444287, 0.692021713634394, 0.6176961994038193, 0.7034065183232033, 0.6030161360793155, 0.49151394330375425, 0.6631467653387895, 0.7231581169808917, 0.7005939581920332, 0.6931580805022863, 0.8572952675347312, 1.0, 0.6498229712834764, 0.7550822571341079, 0.7322546977459435, -0.12092275780521347, 0.5388470353493637, 0.7674878331685718, 0.6511374116450916], [0.9860141806600282, 0.9670186974022452, 0.9895784837848645, 0.9933726590095707, 0.9885401874081831, 0.9675571846802684, -0.9409035996063463, 0.9743804917447871, 0.9662518759478614, 0.995688871178029, 0.9876910040565724, 0.9829917415923557, 0.9971880950046237, 0.962967816060822, 0.9898253646882627, 0.9737148384112837, 0.8478785900738015, 0.6498229712834764, 1.0, 0.8965828320276917, 0.38468048480746303, -0.2844223995793406, 0.8869395549070027, 0.9501566531892547, 0.9671982325026287], [0.9236191727833722, 0.9017578092454289, 0.9124989411891795, 0.9252025332566898, 0.9093333274148037, 0.891423714676789, -0.8785650056648092, 0.8970868303049777, 0.9053743055848911, 0.9190242974510635, 0.8904462637653743, 0.8771383355190117, 0.8991116094016899, 0.8811283227207644, 0.8958920465242927, 0.8970976631280037, 0.8727707347460438, 0.7550822571341079, 0.8965828320276917, 1.0, 0.4311615827376011, -0.1932733034968336, 0.6966692411058774, 0.9190793652400882, 0.8816136004659407], [0.4746613653377847, 0.4729468741128642, 0.3091763849331503, 0.4548735793477712, 0.2899344926758908, 0.3377451273745352, -0.19248334115140872, 0.34148365721435964, 0.19690627081486747, 0.27872693523908665, -0.2722463245381808, -0.686412800193949, 0.02608579482598646, 0.19598336373316627, 0.07195394530208633, 0.27338140746000894, 0.7242202853387102, 0.7322546977459435, 0.38468048480746303, 0.4311615827376011, 1.0, -0.42082944173061343, 0.3114485281478194, 0.4601613614382039, 0.2525404218501438], [-0.29835286164579483, -0.22179752746851128, -0.2163304243990658, -0.2907200601408781, -0.21030845264765807, -0.205180440139409, 0.13468670479626915, -0.305617349871927, -0.219174709679886, -0.21864417049445772, 0.5927672314689795, 0.5997842174730662, 0.5264045584383706, -0.1374158929302347, 0.5366384499018425, -0.20921091467982791, -0.5459848990176336, -0.12092275780521347, -0.2844223995793406, -0.1932733034968336, -0.42082944173061343, 1.0, -0.14237491616357104, -0.3285662249883793, -0.1613550741789071], [0.8989723509118783, 0.8712238668764161, 0.9071416534358573, 0.8983618766186515, 0.8908053426694245, 0.9356770384947763, -0.9032011019110516, 0.903890326122635, 0.8854022676106262, 0.9301025516934951, 0.9081704094637162, 0.8814572403855134, 0.9194567908178456, 0.944716589110141, 0.937310542564755, 0.9153520960248572, 0.674310047527483, 0.5388470353493637, 0.8869395549070027, 0.6966692411058774, 0.3114485281478194, -0.14237491616357104, 1.0, 0.8326989214424295, 0.8844927934242299], [0.9736736254480378, 0.9610178530087227, 0.9401859285137877, 0.9675809676986838, 0.925218271185162, 0.9559872807119529, -0.9102529454263736, 0.954690048979368, 0.9295295635279662, 0.9570870247553017, 0.9527775604431492, 0.9495411265027517, 0.9495616712631078, 0.9510126160605219, 0.9595918877777456, 0.9445964582204466, 0.910693526519386, 0.7674878331685718, 0.9501566531892547, 0.9190793652400882, 0.4601613614382039, -0.3285662249883793, 0.8326989214424295, 1.0, 0.9282245191878923], [0.9517829329889851, 0.9518670734834263, 0.9778096846642593, 0.9577566275939133, 0.9757866240870331, 0.9580289604703365, -0.9554469177302009, 0.9342054951486861, 0.9574601446319937, 0.9557962505694967, 0.9763808918560122, 0.9757952531924444, 0.9639401778339989, 0.9570230480017986, 0.9627209475296222, 0.9452672578231495, 0.7882578596637729, 0.6511374116450916, 0.9671982325026287, 0.8816136004659407, 0.2525404218501438, -0.1613550741789071, 0.8844927934242299, 0.9282245191878923, 1.0]], "x": ["^TAIEX       \u81fa\u7063\u52a0\u6b0a\u5831\u916c\u6307\u6578", "^TWII        \u81fa\u7063\u52a0\u6b0a\u6307\u6578", "^TAIEXx2     \u81fa\u7063\u52a0\u6b0a\u5831\u916c\u6307\u6578_\u65e5\u6b632", "^TAI50I      \u81fa\u706350\u5831\u916c\u6307\u6578", "^TAI50Ix2    \u81fa\u706350\u5831\u916c\u6307\u6578_\u65e5\u6b632", "^TAI100I     \u81fa\u7063\u4e2d\u578b100\u5831\u916c\u6307\u6578", "^TAI100Ix2   \u81fa\u7063\u4e2d\u578b100\u5831\u916c\u6307\u6578_\u65e5\u6b632", "^TAIDIVIDI   \u81fa\u7063\u9ad8\u80a1\u606f\u5831\u916c\u6307\u6578", "^TAIDIVIDIx2 \u81fa\u7063\u9ad8\u80a1\u606f\u5831\u916c\u6307\u6578_\u65e5\u6b632", "0050         \u5143\u5927\u81fa\u706350", "00631L       \u5143\u5927\u53f0\u706350\u6b632", "00675L       \u5bcc\u90a6\u81fa\u7063\u52a0\u6b0a\u6b632", "006208       \u5bcc\u90a6\u53f050", "0051         \u5143\u5927\u4e2d\u578b100", "006204       \u6c38\u8c50\u81fa\u7063\u52a0\u6b0a", "0056         \u5143\u5927\u9ad8\u80a1\u606f", "2412         \u4e2d\u83ef\u96fb\u4fe1", "2002         \u4e2d\u92fc", "2330         \u53f0\u7a4d\u96fb", "2317         \u9d3b\u6d77", "6505         \u53f0\u5851\u77f3\u5316", "3481         \u7fa4\u5275", "2303         \u806f\u96fb", "2308         \u53f0\u9054\u96fb", "2454         \u806f\u767c\u79d1"], "y": ["^TAIEX       \u81fa\u7063\u52a0\u6b0a\u5831\u916c\u6307\u6578", "^TWII        \u81fa\u7063\u52a0\u6b0a\u6307\u6578", "^TAIEXx2     \u81fa\u7063\u52a0\u6b0a\u5831\u916c\u6307\u6578_\u65e5\u6b632", "^TAI50I      \u81fa\u706350\u5831\u916c\u6307\u6578", "^TAI50Ix2    \u81fa\u706350\u5831\u916c\u6307\u6578_\u65e5\u6b632", "^TAI100I     \u81fa\u7063\u4e2d\u578b100\u5831\u916c\u6307\u6578", "^TAI100Ix2   \u81fa\u7063\u4e2d\u578b100\u5831\u916c\u6307\u6578_\u65e5\u6b632", "^TAIDIVIDI   \u81fa\u7063\u9ad8\u80a1\u606f\u5831\u916c\u6307\u6578", "^TAIDIVIDIx2 \u81fa\u7063\u9ad8\u80a1\u606f\u5831\u916c\u6307\u6578_\u65e5\u6b632", "0050         \u5143\u5927\u81fa\u706350", "00631L       \u5143\u5927\u53f0\u706350\u6b632", "00675L       \u5bcc\u90a6\u81fa\u7063\u52a0\u6b0a\u6b632", "006208       \u5bcc\u90a6\u53f050", "0051         \u5143\u5927\u4e2d\u578b100", "006204       \u6c38\u8c50\u81fa\u7063\u52a0\u6b0a", "0056         \u5143\u5927\u9ad8\u80a1\u606f", "2412         \u4e2d\u83ef\u96fb\u4fe1", "2002         \u4e2d\u92fc", "2330         \u53f0\u7a4d\u96fb", "2317         \u9d3b\u6d77", "6505         \u53f0\u5851\u77f3\u5316", "3481         \u7fa4\u5275", "2303         \u806f\u96fb", "2308         \u53f0\u9054\u96fb", "2454         \u806f\u767c\u79d1"], "zmin": -1, "zmax": 1, "colorbar": {"x": -0.2}}], "layout": {"autotypenumbers": "strict", "colorway": ["#636efa", "#EF553B", "#00cc96", "#ab63fa", "#FFA15A", "#19d3f3", "#FF6692", "#B6E880", "#FF97FF", "#FECB52"], "font": {"color": "#f2f5fa", "family": "Courier New"}, "hovermode": "closest", "hoverlabel": {"align": "left"}, "paper_bgcolor": "rgb(17,17,17)", "plot_bgcolor": "rgb(17,17,17)", "polar": {"bgcolor": "rgb(17,17,17)", "angularaxis": {"gridcolor": "#506784", "linecolor": "#506784", "ticks": ""}, "radialaxis": {"gridcolor": "#506784", "linecolor": "#506784", "ticks": ""}}, "ternary": {"bgcolor": "rgb(17,17,17)", "aaxis": {"gridcolor": "#506784", "linecolor": "#506784", "ticks": ""}, "baxis": {"gridcolor": "#506784", "linecolor": "#506784", "ticks": ""}, "caxis": {"gridcolor": "#506784", "linecolor": "#506784", "ticks": ""}}, "coloraxis": {"colorbar": {"outlinewidth": 0, "ticks": ""}}, "colorscale": {"sequential": [[0.0, "#0d0887"], [0.1111111111111111, "#46039f"], [0.2222222222222222, "#7201a8"], [0.3333333333333333, "#9c179e"], [0.4444444444444444, "#bd3786"], [0.5555555555555556, "#d8576b"], [0.6666666666666666, "#ed7953"], [0.7777777777777778, "#fb9f3a"], [0.8888888888888888, "#fdca26"], [1.0, "#f0f921"]], "sequentialminus": [[0.0, "#0d0887"], [0.1111111111111111, "#46039f"], [0.2222222222222222, "#7201a8"], [0.3333333333333333, "#9c179e"], [0.4444444444444444, "#bd3786"], [0.5555555555555556, "#d8576b"], [0.6666666666666666, "#ed7953"], [0.7777777777777778, "#fb9f3a"], [0.8888888888888888, "#fdca26"], [1.0, "#f0f921"]], "diverging": [[0, "#8e0152"], [0.1, "#c51b7d"], [0.2, "#de77ae"], [0.3, "#f1b6da"], [0.4, "#fde0ef"], [0.5, "#f7f7f7"], [0.6, "#e6f5d0"], [0.7, "#b8e186"], [0.8, "#7fbc41"], [0.9, "#4d9221"], [1, "#276419"]]}, "xaxis": {"gridcolor": "rgba(0, 0, 0, 0)", "linecolor": "#506784", "ticks": "", "title": {"standoff": 15}, "zerolinecolor": "#283442", "automargin": true, "zerolinewidth": 2, "tickfont": {"family": "Courier New", "size": 14}, "side": "top", "tickangle": -90}, "yaxis": {"gridcolor": "rgba(0, 0, 0, 0)", "linecolor": "#506784", "ticks": "", "title": {"standoff": 15}, "zerolinecolor": "#283442", "automargin": true, "zerolinewidth": 2, "tickfont": {"family": "Courier New"}, "side": "right"}, "scene": {"xaxis": {"backgroundcolor": "rgb(17,17,17)", "gridcolor": "#506784", "linecolor": "#506784", "showbackground": true, "ticks": "", "zerolinecolor": "#C8D4E3", "gridwidth": 2}, "yaxis": {"backgroundcolor": "rgb(17,17,17)", "gridcolor": "#506784", "linecolor": "#506784", "showbackground": true, "ticks": "", "zerolinecolor": "#C8D4E3", "gridwidth": 2}, "zaxis": {"backgroundcolor": "rgb(17,17,17)", "gridcolor": "#506784", "linecolor": "#506784", "showbackground": true, "ticks": "", "zerolinecolor": "#C8D4E3", "gridwidth": 2}}, "shapedefaults": {"line": {"color": "#f2f5fa"}}, "annotationdefaults": {"arrowcolor": "#f2f5fa", "arrowhead": 0, "arrowwidth": 1}, "geo": {"bgcolor": "rgb(17,17,17)", "landcolor": "rgb(17,17,17)", "subunitcolor": "#506784", "showland": true, "showlakes": true, "lakecolor": "rgb(17,17,17)"}, "title": {"x": 0.05, "font": {"family": "Times New Roman"}, "y": 0.05, "text": "<b>Correlation of Adj Close <b><br><i>2016/09/23 ~ 2025/06/10<i>"}, "updatemenudefaults": {"bgcolor": "#506784", "borderwidth": 0}, "sliderdefaults": {"bgcolor": "#C8D4E3", "borderwidth": 1, "bordercolor": "rgb(17,17,17)", "tickwidth": 0}, "mapbox": {"style": "dark"}, "height": 600}};

Plotly.newPlot("correlationAdjClose",
    correlationAdjClose.data,
    correlationAdjClose.layout || {},
    config);