var element=document.getElementById("correlationClose");if(element.style.display!='none'){var correlationClose={"data":[{"type":"heatmap","z":[[1.0,0.9999999999999972,1.0,0.9949756537759717,0.9949756537759717,0.9715875965112099,0.9715875965112099,0.9136288093199035,0.9136288093199035,0.7524873457221742,0.9950525662024768,0.6964755806287818,0.9903021196342576,0.9911255518399794,0.9951491423073787,0.9771368285460472,0.9992542669968251,0.9084767429189033,0.9084767429189033,0.7725642409687787,-0.18479310843214775,0.9801469513082525,0.24155588841879808,-0.15840061068932462,-0.2291593261861624,0.8215155768082921,0.8992580651634433,0.9259487490750338,0.909367090662773,0.7869942624722874,0.6373498214980857,0.6520762313677366,0.6103268973369349,0.9314879594594374,0.8612021830169871,0.25530007839235924],[0.9999999999999972,1.0,0.9999999999999973,0.9949422649794498,0.9949422649794498,0.9711489745019934,0.9711489745019934,0.9143460857402773,0.9143460857402773,0.7541160642924066,0.9950455513998028,0.6968790180676073,0.9900214297557193,0.9906959401198416,0.995155321296022,0.9767555412091532,0.9992542022235547,0.9083317642945204,0.9083317642945204,0.7898573073899836,0.025695207859744496,0.9729136849170926,0.007066083244515282,-0.15153814592000442,-0.22917995782328515,0.6666691461446156,0.8978019670690011,0.9051178767160061,0.9051417307579684,0.7954313163006373,0.629812584549347,0.6497311897312119,0.6349436291837076,0.9299644379786689,0.7330280158076956,0.2525600235472975],[1.0,0.9999999999999973,1.0,0.9949756537759717,0.9949756537759717,0.9715875965112099,0.9715875965112099,0.9136288093199035,0.9136288093199035,0.7524873457221742,0.9950525662024768,0.6964755806287818,0.9903021196342576,0.9911255518399794,0.9951491423073787,0.9771368285460472,0.9992542669968251,0.9084767429189033,0.9084767429189033,0.7725642409687787,-0.18479310843214775,0.9801469513082525,0.24155588841879808,-0.15840061068932462,-0.2291593261861624,0.8215155768082921,0.8992580651634433,0.9259487490750338,0.909367090662773,0.7869942624722874,0.6373498214980857,0.6520762313677366,0.6103268973369349,0.9314879594594374,0.8612021830169871,0.25530007839235924],[0.9949756537759717,0.9949422649794498,0.9949756537759717,1.0,1.0,0.9590981165308291,0.9590981165308291,0.8962544043403503,0.8962544043403503,0.713681676788233,0.999628473270461,0.6569272135775287,0.9925895200858432,0.9910639258788906,0.9995812276204987,0.9600697859932612,0.9951766715572891,0.8794414472013823,0.8794414472013823,0.7420899295440946,-0.19255192428673737,0.9923424544837842,0.2702286053162926,-0.19404829155183856,-0.2251150031730922,0.8076896981127761,0.919179116989925,0.9246643366587131,0.8864644060919753,0.7851962167976775,0.6670479640650487,0.6419481837373872,0.5754781909306289,0.9169871966385678,0.85285189054829,0.2701761553697454],[0.9949756537759717,0.9949422649794498,0.9949756537759717,1.0,1.0,0.9590981165308291,0.9590981165308291,0.8962544043403503,0.8962544043403503,0.713681676788233,0.999628473270461,0.6569272135775287,0.9925895200858432,0.9910639258788906,0.9995812276204987,0.9600697859932612,0.9951766715572891,0.8794414472013823,0.8794414472013823,0.7420899295440946,-0.19255192428673737,0.9923424544837842,0.2702286053162926,-0.19404829155183856,-0.2251150031730922,0.8076896981127761,0.919179116989925,0.9246643366587131,0.8864644060919753,0.7851962167976775,0.6670479640650487,0.6419481837373872,0.5754781909306289,0.9169871966385678,0.85285189054829,0.2701761553697454],[0.9715875965112099,0.9711489745019934,0.9715875965112099,0.9590981165308291,0.9590981165308291,1.0,1.0,0.9376053518150144,0.9376053518150144,0.7318439036699319,0.9578010111920348,0.7077981215274571,0.9635653863660566,0.9610911318722478,0.9578235437279343,0.9990834728065907,0.9773814020931462,0.9141514478488559,0.9141514478488559,0.6549315620404239,-0.14019657759794762,0.946001795814988,0.37856001018122226,-0.3280001125199377,-0.11218246823681118,0.8840867431325152,0.8562001260341778,0.9413680870651843,0.8903758300929702,0.7570802452144917,0.793488661225143,0.7457650280914262,0.6823036904003295,0.8716650832030086,0.8866811634293155,0.5179570482813838],[0.9715875965112099,0.9711489745019934,0.9715875965112099,0.9590981165308291,0.9590981165308291,1.0,1.0,0.9376053518150144,0.9376053518150144,0.7318439036699319,0.9578010111920348,0.7077981215274571,0.9635653863660566,0.9610911318722478,0.9578235437279343,0.9990834728065907,0.9773814020931462,0.9141514478488559,0.9141514478488559,0.6549315620404239,-0.14019657759794762,0.946001795814988,0.37856001018122226,-0.3280001125199377,-0.11218246823681118,0.8840867431325152,0.8562001260341778,0.9413680870651843,0.8903758300929702,0.7570802452144917,0.793488661225143,0.7457650280914262,0.6823036904003295,0.8716650832030086,0.8866811634293155,0.5179570482813838],[0.9136288093199035,0.9143460857402773,0.9136288093199035,0.8962544043403503,0.8962544043403503,0.9376053518150144,0.9376053518150144,1.0,1.0,0.7031112399779965,0.9362181154803942,0.7124406630245368,0.9262077928195572,0.9209493434579333,0.9363571162144338,0.9396042429766256,0.9468212438167602,0.9696350750871491,0.9696350750871491,0.6088103259264205,-0.019027770167470835,0.8626578205930984,0.5918698550926118,-0.35610132713659604,0.012900320734320375,0.8016492574870715,0.751357574589853,0.8892925402391023,0.85671127536939,0.7733884364574858,0.8880165805110778,0.7916709779134893,0.7068241895522251,0.8136906059471998,0.8682061784718513,0.8243851581664619],[0.9136288093199035,0.9143460857402773,0.9136288093199035,0.8962544043403503,0.8962544043403503,0.9376053518150144,0.9376053518150144,1.0,1.0,0.7031112399779965,0.9362181154803942,0.7124406630245368,0.9262077928195572,0.9209493434579333,0.9363571162144338,0.9396042429766256,0.9468212438167602,0.9696350750871491,0.9696350750871491,0.6088103259264205,-0.019027770167470835,0.8626578205930984,0.5918698550926118,-0.35610132713659604,0.012900320734320375,0.8016492574870715,0.751357574589853,0.8892925402391023,0.85671127536939,0.7733884364574858,0.8880165805110778,0.7916709779134893,0.7068241895522251,0.8136906059471998,0.8682061784718513,0.8243851581664619],[0.7524873457221742,0.7541160642924066,0.7524873457221742,0.713681676788233,0.713681676788233,0.7318439036699319,0.7318439036699319,0.7031112399779965,0.7031112399779965,1.0,0.5746646051543536,0.9999696662872379,0.466881542246346,0.35819393022301976,0.5767352796799158,0.7269300305125524,0.6421954266063835,0.793711213660356,0.793711213660356,0.6862241644867658,-0.09743622329512125,0.6813642432897595,0.035351225617787495,0.049741695936595436,-0.24291453569720992,0.7640560955576219,0.4393437278009921,0.7194817764584532,0.8017929961490105,0.6712206220492217,0.3290195105343277,0.5222956069047688,0.5620890599427031,0.7696268064008984,0.6146974451489872,0.1676417209046447],[0.9950525662024768,0.9950455513998028,0.9950525662024768,0.999628473270461,0.999628473270461,0.9578010111920348,0.9578010111920348,0.9362181154803942,0.9362181154803942,0.5746646051543536,1.0,0.5745356034522454,0.9920193701540859,0.9907859072899767,0.999940783075195,0.9554960023543602,0.9946350327745991,0.8884017826081644,0.8884017826081644,0.8506186463455354,-0.06924377974153875,0.9970433460310604,0.9059119108080855,-0.5381695068783379,0.4521217304388456,0.8129687427726751,0.8938605217036876,0.9368846862494635,0.8753443889350901,0.8111441591816398,0.9346523935858978,0.8526878002242024,0.729224648706737,0.8993718973854304,0.9524487221903886,0.8214037928611916],[0.6964755806287818,0.6968790180676073,0.6964755806287818,0.6569272135775287,0.6569272135775287,0.7077981215274571,0.7077981215274571,0.7124406630245368,0.7124406630245368,0.9999696662872379,0.5745356034522454,1.0,0.4676846423579714,0.3561857815790058,0.57553232372081,0.7156291438683725,0.6410283009058384,0.7869851224903198,0.7869851224903198,0.6394838160590887,0.033241604495747076,0.626944270015752,0.3914881536263013,-0.1618380497943373,-0.23226006308340735,0.7890099576399668,0.3373031786705656,0.686003270084146,0.7703861623434204,0.6900370441011353,0.5140271369463508,0.6851979306779605,0.6768419012002027,0.7199804969915414,0.5892837946479035,0.6219962300830967],[0.9903021196342576,0.9900214297557193,0.9903021196342576,0.9925895200858432,0.9925895200858432,0.9635653863660566,0.9635653863660566,0.9262077928195572,0.9262077928195572,0.466881542246346,0.9920193701540859,0.4676846423579714,1.0,0.9998379588662785,0.9919100722443708,0.9587432533002017,0.9890591303629932,0.8608969866898571,0.8608969866898571,0.829183047917391,-0.054417672713664475,0.9916531139639997,0.9149378604993612,-0.6627832048680242,0.5252439473626505,0.7722782513434742,0.9160968084555643,0.9319922287981739,0.8445224316902904,0.7486650830047299,0.9343710304714504,0.8165578601968128,0.682292426127225,0.8744180278225849,0.9560678242394127,0.844864379568352],[0.9911255518399794,0.9906959401198416,0.9911255518399794,0.9910639258788906,0.9910639258788906,0.9610911318722478,0.9610911318722478,0.9209493434579333,0.9209493434579333,0.35819393022301976,0.9907859072899767,0.3561857815790058,0.9998379588662785,1.0,0.9908427674010116,0.9554468879414822,0.9892828760007929,0.8443088777373332,0.8443088777373332,0.8521834821156994,-0.1769995130520352,0.9892516105458048,0.9173327371256723,-0.8038149134331191,0.563078823352867,0.7233822128590529,0.9227062304380329,0.9234840594792808,0.8236405919860713,0.6951503560144003,0.9406274440960088,0.8091741876392865,0.6133936971922789,0.888970016025393,0.9572849926275501,0.8279873288131252],[0.9951491423073787,0.995155321296022,0.9951491423073787,0.9995812276204987,0.9995812276204987,0.9578235437279343,0.9578235437279343,0.9363571162144338,0.9363571162144338,0.5767352796799158,0.999940783075195,0.57553232372081,0.9919100722443708,0.9908427674010116,1.0,0.9557496633505018,0.9947550635276847,0.8890678166071708,0.8890678166071708,0.8516191947681788,-0.0696160815567769,0.9969024119237172,0.9052944098447896,-0.5358070335006436,0.4535792682343726,0.8135806482934482,0.8920572167909632,0.936431639152595,0.8757292092271478,0.8121050295538805,0.9343419655584275,0.8536205625373932,0.7300970123456721,0.8992761071348009,0.952682205837259,0.8224439764909227],[0.9771368285460472,0.9767555412091532,0.9771368285460472,0.9600697859932612,0.9600697859932612,0.9990834728065907,0.9990834728065907,0.9396042429766256,0.9396042429766256,0.7269300305125524,0.9554960023543602,0.7156291438683725,0.9587432533002017,0.9554468879414822,0.9557496633505018,1.0,0.9769452556168456,0.9161429089914922,0.9161429089914922,0.7040007934458782,-0.12640327326249864,0.9494681309440994,0.6944735271891441,-0.45749209037907157,-0.1423947564461173,0.8954110682667124,0.8434047568389664,0.9380427724351716,0.8981162043324115,0.791198664650493,0.87908631919921,0.7911908325287548,0.73927560194135,0.8926363329170163,0.8838645336556944,0.8182767214087229],[0.9992542669968251,0.9992542022235547,0.9992542669968251,0.9951766715572891,0.9951766715572891,0.9773814020931462,0.9773814020931462,0.9468212438167602,0.9468212438167602,0.6421954266063835,0.9946350327745991,0.6410283009058384,0.9890591303629932,0.9892828760007929,0.9947550635276847,0.9769452556168456,1.0,0.9177712834584058,0.9177712834584058,0.8638364235878675,-0.052514245744573536,0.9885027005873833,0.8801755255042047,-0.5215488619320164,0.46140261905365726,0.8595533633037086,0.8784640435321166,0.9491666256311296,0.9087473357991275,0.8326657243231557,0.9236333391889054,0.8865044188556394,0.7769247841734043,0.9147625455820219,0.9609162667421642,0.8646894030981238],[0.9084767429189033,0.9083317642945204,0.9084767429189033,0.8794414472013823,0.8794414472013823,0.9141514478488559,0.9141514478488559,0.9696350750871491,0.9696350750871491,0.793711213660356,0.8884017826081644,0.7869851224903198,0.8608969866898571,0.8443088777373332,0.8890678166071708,0.9161429089914922,0.9177712834584058,1.0,1.0,0.7546141026121435,-0.06801426832828887,0.844280890349637,0.5863142756454622,-0.23887158722796714,-0.19352864117199028,0.8378173532432679,0.6913205875445633,0.8455220617771328,0.9206194617186279,0.8481772983395521,0.799990247412614,0.7697501985199187,0.7071939176756546,0.8557072353214643,0.7895962396055876,0.8593020506796774],[0.9084767429189033,0.9083317642945204,0.9084767429189033,0.8794414472013823,0.8794414472013823,0.9141514478488559,0.9141514478488559,0.9696350750871491,0.9696350750871491,0.793711213660356,0.8884017826081644,0.7869851224903198,0.8608969866898571,0.8443088777373332,0.8890678166071708,0.9161429089914922,0.9177712834584058,1.0,1.0,0.7546141026121435,-0.06801426832828887,0.844280890349637,0.5863142756454622,-0.23887158722796714,-0.19352864117199028,0.8378173532432679,0.6913205875445633,0.8455220617771328,0.9206194617186279,0.8481772983395521,0.799990247412614,0.7697501985199187,0.7071939176756546,0.8557072353214643,0.7895962396055876,0.8593020506796774],[0.7725642409687787,0.7898573073899836,0.7725642409687787,0.7420899295440946,0.7420899295440946,0.6549315620404239,0.6549315620404239,0.6088103259264205,0.6088103259264205,0.6862241644867658,0.8506186463455354,0.6394838160590887,0.829183047917391,0.8521834821156994,0.8516191947681788,0.7040007934458782,0.8638364235878675,0.7546141026121435,0.7546141026121435,1.0,0.01708937463416756,0.7028402140919343,-0.3154677838799469,0.27945369120328273,-0.64595103398546,0.3805285699620562,0.644350983899267,0.5317883192039478,0.8417338289999919,0.7061710936976252,0.1736105180358177,0.3362267539620579,0.5728949412723446,0.7883099453058067,0.502903470168936,-0.10940965746766411],[-0.18479310843214775,0.025695207859744496,-0.18479310843214775,-0.19255192428673737,-0.19255192428673737,-0.14019657759794762,-0.14019657759794762,-0.019027770167470835,-0.019027770167470835,-0.09743622329512125,-0.06924377974153875,0.033241604495747076,-0.054417672713664475,-0.1769995130520352,-0.0696160815567769,-0.12640327326249864,-0.052514245744573536,-0.06801426832828887,-0.06801426832828887,0.01708937463416756,1.0,-0.12703272867532958,0.08597304151200313,0.17568406848555093,0.7417877830402898,-0.10952505154294626,-0.0921452207660389,-0.050218329714058214,0.13747980057719925,-0.027273559910834293,-0.007457531476947746,0.29277477927254275,0.5533521350613326,-0.1495166634245429,0.06833855830430066,0.1294130341016928],[0.9801469513082525,0.9729136849170926,0.9801469513082525,0.9923424544837842,0.9923424544837842,0.946001795814988,0.946001795814988,0.8626578205930984,0.8626578205930984,0.6813642432897595,0.9970433460310604,0.626944270015752,0.9916531139639997,0.9892516105458048,0.9969024119237172,0.9494681309440994,0.9885027005873833,0.844280890349637,0.844280890349637,0.7028402140919343,-0.12703272867532958,1.0,0.17757452889621392,-0.24499747850802067,-0.26633448977733765,0.6770435173532809,0.9252694149038856,0.9088339205276256,0.8305396623453283,0.7526754961092283,0.6700909221939805,0.6102978099617091,0.5084287740354999,0.8949301008246213,0.715193293224284,0.2548650550680847],[0.24155588841879808,0.007066083244515282,0.24155588841879808,0.2702286053162926,0.2702286053162926,0.37856001018122226,0.37856001018122226,0.5918698550926118,0.5918698550926118,0.035351225617787495,0.9059119108080855,0.3914881536263013,0.9149378604993612,0.9173327371256723,0.9052944098447896,0.6944735271891441,0.8801755255042047,0.5863142756454622,0.5863142756454622,-0.3154677838799469,0.08597304151200313,0.17757452889621392,1.0,-0.47750261252343196,0.6885913507589092,0.4062182040588052,0.20509468573056838,0.3668380029234187,-0.048799416163348146,0.12807450144385704,0.6236388791216568,0.5042858159087817,0.214561182875142,0.07277250447842544,0.4287162010051404,0.49176888656504775],[-0.15840061068932462,-0.15153814592000442,-0.15840061068932462,-0.19404829155183856,-0.19404829155183856,-0.3280001125199377,-0.3280001125199377,-0.35610132713659604,-0.35610132713659604,0.049741695936595436,-0.5381695068783379,-0.1618380497943373,-0.6627832048680242,-0.8038149134331191,-0.5358070335006436,-0.45749209037907157,-0.5215488619320164,-0.23887158722796714,-0.23887158722796714,0.27945369120328273,0.17568406848555093,-0.24499747850802067,-0.47750261252343196,1.0,-0.025084763151379506,-0.19740080324929551,-0.2433948032167052,-0.3362757433780999,-0.07852112475313737,-0.11054596888909406,-0.5759158697170016,-0.22819313009969916,-0.04084812287384079,-0.09112939865364918,-0.2630960588455539,-0.4259372563522148],[-0.2291593261861624,-0.22917995782328515,-0.2291593261861624,-0.2251150031730922,-0.2251150031730922,-0.11218246823681118,-0.11218246823681118,0.012900320734320375,0.012900320734320375,-0.24291453569720992,0.4521217304388456,-0.23226006308340735,0.5252439473626505,0.563078823352867,0.4535792682343726,-0.1423947564461173,0.46140261905365726,-0.19352864117199028,-0.19352864117199028,-0.64595103398546,0.7417877830402898,-0.26633448977733765,0.6885913507589092,-0.025084763151379506,1.0,-0.10476534129413886,-0.18676376221955884,-0.06430101764510653,-0.34539082978234165,-0.3222719390617648,0.05849413367445277,0.15541783254960603,0.26032007116364475,-0.3650570539039462,0.09984708768303516,0.08496385647777521],[0.8215155768082921,0.6666691461446156,0.8215155768082921,0.8076896981127761,0.8076896981127761,0.8840867431325152,0.8840867431325152,0.8016492574870715,0.8016492574870715,0.7640560955576219,0.8129687427726751,0.7890099576399668,0.7722782513434742,0.7233822128590529,0.8135806482934482,0.8954110682667124,0.8595533633037086,0.8378173532432679,0.8378173532432679,0.3805285699620562,-0.10952505154294626,0.6770435173532809,0.4062182040588052,-0.19740080324929551,-0.10476534129413886,1.0,0.5492366060900493,0.8469334938223255,0.5183720518665327,0.6489010486467917,0.5879259572519385,0.674883985167294,0.4342606676844929,0.7244184199898311,0.7203889582398016,0.4467651470836127],[0.8992580651634433,0.8978019670690011,0.8992580651634433,0.919179116989925,0.919179116989925,0.8562001260341778,0.8562001260341778,0.751357574589853,0.751357574589853,0.4393437278009921,0.8938605217036876,0.3373031786705656,0.9160968084555643,0.9227062304380329,0.8920572167909632,0.8434047568389664,0.8784640435321166,0.6913205875445633,0.6913205875445633,0.644350983899267,-0.0921452207660389,0.9252694149038856,0.20509468573056838,-0.2433948032167052,-0.18676376221955884,0.5492366060900493,1.0,0.8039681380026723,0.7181327821747672,0.6408432071540298,0.6112195820713217,0.507039674184077,0.45670768422007824,0.7984477266791843,0.6691188789728387,0.2102290060534002],[0.9259487490750338,0.9051178767160061,0.9259487490750338,0.9246643366587131,0.9246643366587131,0.9413680870651843,0.9413680870651843,0.8892925402391023,0.8892925402391023,0.7194817764584532,0.9368846862494635,0.686003270084146,0.9319922287981739,0.9234840594792808,0.936431639152595,0.9380427724351716,0.9491666256311296,0.8455220617771328,0.8455220617771328,0.5317883192039478,-0.050218329714058214,0.9088339205276256,0.3668380029234187,-0.3362757433780999,-0.06430101764510653,0.8469334938223255,0.8039681380026723,1.0,0.7625469509661017,0.6394930379253724,0.6613676349174868,0.6254068097130991,0.5312728757877281,0.8355283121509232,0.8581128500157775,0.276822783931082],[0.909367090662773,0.9051417307579684,0.909367090662773,0.8864644060919753,0.8864644060919753,0.8903758300929702,0.8903758300929702,0.85671127536939,0.85671127536939,0.8017929961490105,0.8753443889350901,0.7703861623434204,0.8445224316902904,0.8236405919860713,0.8757292092271478,0.8981162043324115,0.9087473357991275,0.9206194617186279,0.9206194617186279,0.8417338289999919,0.13747980057719925,0.8305396623453283,-0.048799416163348146,-0.07852112475313737,-0.34539082978234165,0.5183720518665327,0.7181327821747672,0.7625469509661017,1.0,0.911330048605891,0.5763079418208963,0.7036135011300786,0.6697684027151464,0.8844308005868011,0.540446431982109,0.32993217968103317],[0.7869942624722874,0.7954313163006373,0.7869942624722874,0.7851962167976775,0.7851962167976775,0.7570802452144917,0.7570802452144917,0.7733884364574858,0.7733884364574858,0.6712206220492217,0.8111441591816398,0.6900370441011353,0.7486650830047299,0.6951503560144003,0.8121050295538805,0.791198664650493,0.8326657243231557,0.8481772983395521,0.8481772983395521,0.7061710936976252,-0.027273559910834293,0.7526754961092283,0.12807450144385704,-0.11054596888909406,-0.3222719390617648,0.6489010486467917,0.6408432071540298,0.6394930379253724,0.911330048605891,1.0,0.6115380821884858,0.687719442649951,0.6146646062720804,0.7496899789697339,0.6168725408565288,0.49784156713329],[0.6373498214980857,0.629812584549347,0.6373498214980857,0.6670479640650487,0.6670479640650487,0.793488661225143,0.793488661225143,0.8880165805110778,0.8880165805110778,0.3290195105343277,0.9346523935858978,0.5140271369463508,0.9343710304714504,0.9406274440960088,0.9343419655584275,0.87908631919921,0.9236333391889054,0.799990247412614,0.799990247412614,0.1736105180358177,-0.007457531476947746,0.6700909221939805,0.6236388791216568,-0.5759158697170016,0.05849413367445277,0.5879259572519385,0.6112195820713217,0.6613676349174868,0.5763079418208963,0.6115380821884858,1.0,0.7494141059983784,0.3891486758675783,0.5590414791798091,0.6537663567389915,0.7571180354824978],[0.6520762313677366,0.6497311897312119,0.6520762313677366,0.6419481837373872,0.6419481837373872,0.7457650280914262,0.7457650280914262,0.7916709779134893,0.7916709779134893,0.5222956069047688,0.8526878002242024,0.6851979306779605,0.8165578601968128,0.8091741876392865,0.8536205625373932,0.7911908325287548,0.8865044188556394,0.7697501985199187,0.7697501985199187,0.3362267539620579,0.29277477927254275,0.6102978099617091,0.5042858159087817,-0.22819313009969916,0.15541783254960603,0.674883985167294,0.507039674184077,0.6254068097130991,0.7036135011300786,0.687719442649951,0.7494141059983784,1.0,0.7790392025922594,0.5303544811586427,0.7386385759743861,0.5684647152193887],[0.6103268973369349,0.6349436291837076,0.6103268973369349,0.5754781909306289,0.5754781909306289,0.6823036904003295,0.6823036904003295,0.7068241895522251,0.7068241895522251,0.5620890599427031,0.729224648706737,0.6768419012002027,0.682292426127225,0.6133936971922789,0.7300970123456721,0.73927560194135,0.7769247841734043,0.7071939176756546,0.7071939176756546,0.5728949412723446,0.5533521350613326,0.5084287740354999,0.214561182875142,-0.04084812287384079,0.26032007116364475,0.4342606676844929,0.45670768422007824,0.5312728757877281,0.6697684027151464,0.6146646062720804,0.3891486758675783,0.7790392025922594,1.0,0.499639775734577,0.6561305626848605,0.2175640150416809],[0.9314879594594374,0.9299644379786689,0.9314879594594374,0.9169871966385678,0.9169871966385678,0.8716650832030086,0.8716650832030086,0.8136906059471998,0.8136906059471998,0.7696268064008984,0.8993718973854304,0.7199804969915414,0.8744180278225849,0.888970016025393,0.8992761071348009,0.8926363329170163,0.9147625455820219,0.8557072353214643,0.8557072353214643,0.7883099453058067,-0.1495166634245429,0.8949301008246213,0.07277250447842544,-0.09112939865364918,-0.3650570539039462,0.7244184199898311,0.7984477266791843,0.8355283121509232,0.8844308005868011,0.7496899789697339,0.5590414791798091,0.5303544811586427,0.499639775734577,1.0,0.7615459576720871,0.22274295233452734],[0.8612021830169871,0.7330280158076956,0.8612021830169871,0.85285189054829,0.85285189054829,0.8866811634293155,0.8866811634293155,0.8682061784718513,0.8682061784718513,0.6146974451489872,0.9524487221903886,0.5892837946479035,0.9560678242394127,0.9572849926275501,0.952682205837259,0.8838645336556944,0.9609162667421642,0.7895962396055876,0.7895962396055876,0.502903470168936,0.06833855830430066,0.715193293224284,0.4287162010051404,-0.2630960588455539,0.09984708768303516,0.7203889582398016,0.6691188789728387,0.8581128500157775,0.540446431982109,0.6168725408565288,0.6537663567389915,0.7386385759743861,0.6561305626848605,0.7615459576720871,1.0,0.24611010465589014],[0.25530007839235924,0.2525600235472975,0.25530007839235924,0.2701761553697454,0.2701761553697454,0.5179570482813838,0.5179570482813838,0.8243851581664619,0.8243851581664619,0.1676417209046447,0.8214037928611916,0.6219962300830967,0.844864379568352,0.8279873288131252,0.8224439764909227,0.8182767214087229,0.8646894030981238,0.8593020506796774,0.8593020506796774,-0.10940965746766411,0.1294130341016928,0.2548650550680847,0.49176888656504775,-0.4259372563522148,0.08496385647777521,0.4467651470836127,0.2102290060534002,0.276822783931082,0.32993217968103317,0.49784156713329,0.7571180354824978,0.5684647152193887,0.2175640150416809,0.22274295233452734,0.24611010465589014,1.0]],"x":["^TAIEX       \u81fa\u7063\u52a0\u6b0a\u5831\u916c\u6307\u6578","^TWII        \u81fa\u7063\u52a0\u6b0a\u6307\u6578","^TAIEXx2     \u81fa\u7063\u52a0\u6b0a\u5831\u916c\u6307\u6578_\u65e5\u6b632","^TAI50I      \u81fa\u706350\u5831\u916c\u6307\u6578","^TAI50Ix2    \u81fa\u706350\u5831\u916c\u6307\u6578_\u65e5\u6b632","^TAI100I     \u81fa\u7063\u4e2d\u578b100\u5831\u916c\u6307\u6578","^TAI100Ix2   \u81fa\u7063\u4e2d\u578b100\u5831\u916c\u6307\u6578_\u65e5\u6b632","^TAIDIVIDI   \u81fa\u7063\u9ad8\u80a1\u606f\u5831\u916c\u6307\u6578","^TAIDIVIDIx2 \u81fa\u7063\u9ad8\u80a1\u606f\u5831\u916c\u6307\u6578_\u65e5\u6b632","0050Fund     \u5143\u5927\u53f0\u7063\u5353\u8d8a50\u57fa\u91d1","006208Fund   \u5bcc\u90a6\u53f0\u7063\u91c6\u540950\u57fa\u91d1","0050         \u5143\u5927\u81fa\u706350","00631L       \u5143\u5927\u53f0\u706350\u6b632","00675L       \u5bcc\u90a6\u81fa\u7063\u52a0\u6b0a\u6b632","006208       \u5bcc\u90a6\u53f050","0051         \u5143\u5927\u4e2d\u578b100","006204       \u6c38\u8c50\u81fa\u7063\u52a0\u6b0a","0056         \u5143\u5927\u9ad8\u80a1\u606f","0056         \u5143\u5927\u9ad8\u80a1\u606f_\u80a1\u606f\u4e0d\u6295\u5165","2412         \u4e2d\u83ef\u96fb\u4fe1","2002         \u4e2d\u92fc","2330         \u53f0\u7a4d\u96fb","2317         \u9d3b\u6d77","6505         \u53f0\u5851\u77f3\u5316","3481         \u7fa4\u5275","2303         \u806f\u96fb","2308         \u53f0\u9054\u96fb","2454         \u806f\u767c\u79d1","2886         \u5146\u8c50\u91d1","2884         \u7389\u5c71\u91d1","2891         \u4e2d\u4fe1\u91d1","2892         \u7b2c\u4e00\u91d1","5880         \u5408\u5eab\u91d1","2881         \u5bcc\u90a6\u91d1","2885         \u5143\u5927\u91d1","2887         \u53f0\u65b0\u91d1"],"y":["^TAIEX       \u81fa\u7063\u52a0\u6b0a\u5831\u916c\u6307\u6578","^TWII        \u81fa\u7063\u52a0\u6b0a\u6307\u6578","^TAIEXx2     \u81fa\u7063\u52a0\u6b0a\u5831\u916c\u6307\u6578_\u65e5\u6b632","^TAI50I      \u81fa\u706350\u5831\u916c\u6307\u6578","^TAI50Ix2    \u81fa\u706350\u5831\u916c\u6307\u6578_\u65e5\u6b632","^TAI100I     \u81fa\u7063\u4e2d\u578b100\u5831\u916c\u6307\u6578","^TAI100Ix2   \u81fa\u7063\u4e2d\u578b100\u5831\u916c\u6307\u6578_\u65e5\u6b632","^TAIDIVIDI   \u81fa\u7063\u9ad8\u80a1\u606f\u5831\u916c\u6307\u6578","^TAIDIVIDIx2 \u81fa\u7063\u9ad8\u80a1\u606f\u5831\u916c\u6307\u6578_\u65e5\u6b632","0050Fund     \u5143\u5927\u53f0\u7063\u5353\u8d8a50\u57fa\u91d1","006208Fund   \u5bcc\u90a6\u53f0\u7063\u91c6\u540950\u57fa\u91d1","0050         \u5143\u5927\u81fa\u706350","00631L       \u5143\u5927\u53f0\u706350\u6b632","00675L       \u5bcc\u90a6\u81fa\u7063\u52a0\u6b0a\u6b632","006208       \u5bcc\u90a6\u53f050","0051         \u5143\u5927\u4e2d\u578b100","006204       \u6c38\u8c50\u81fa\u7063\u52a0\u6b0a","0056         \u5143\u5927\u9ad8\u80a1\u606f","0056         \u5143\u5927\u9ad8\u80a1\u606f_\u80a1\u606f\u4e0d\u6295\u5165","2412         \u4e2d\u83ef\u96fb\u4fe1","2002         \u4e2d\u92fc","2330         \u53f0\u7a4d\u96fb","2317         \u9d3b\u6d77","6505         \u53f0\u5851\u77f3\u5316","3481         \u7fa4\u5275","2303         \u806f\u96fb","2308         \u53f0\u9054\u96fb","2454         \u806f\u767c\u79d1","2886         \u5146\u8c50\u91d1","2884         \u7389\u5c71\u91d1","2891         \u4e2d\u4fe1\u91d1","2892         \u7b2c\u4e00\u91d1","5880         \u5408\u5eab\u91d1","2881         \u5bcc\u90a6\u91d1","2885         \u5143\u5927\u91d1","2887         \u53f0\u65b0\u91d1"],"zmin":-1,"zmax":1,"colorbar":{"x":-0.2}}],"layout":{"autotypenumbers":"strict","colorway":["#636efa","#EF553B","#00cc96","#ab63fa","#FFA15A","#19d3f3","#FF6692","#B6E880","#FF97FF","#FECB52"],"font":{"color":"#f2f5fa","family":"Courier New"},"hovermode":"closest","hoverlabel":{"align":"left"},"paper_bgcolor":"rgb(17,17,17)","plot_bgcolor":"rgb(17,17,17)","polar":{"bgcolor":"rgb(17,17,17)","angularaxis":{"gridcolor":"#506784","linecolor":"#506784","ticks":""},"radialaxis":{"gridcolor":"#506784","linecolor":"#506784","ticks":""}},"ternary":{"bgcolor":"rgb(17,17,17)","aaxis":{"gridcolor":"#506784","linecolor":"#506784","ticks":""},"baxis":{"gridcolor":"#506784","linecolor":"#506784","ticks":""},"caxis":{"gridcolor":"#506784","linecolor":"#506784","ticks":""}},"coloraxis":{"colorbar":{"outlinewidth":0,"ticks":""}},"colorscale":{"sequential":[[0.0,"#0d0887"],[0.1111111111111111,"#46039f"],[0.2222222222222222,"#7201a8"],[0.3333333333333333,"#9c179e"],[0.4444444444444444,"#bd3786"],[0.5555555555555556,"#d8576b"],[0.6666666666666666,"#ed7953"],[0.7777777777777778,"#fb9f3a"],[0.8888888888888888,"#fdca26"],[1.0,"#f0f921"]],"sequentialminus":[[0.0,"#0d0887"],[0.1111111111111111,"#46039f"],[0.2222222222222222,"#7201a8"],[0.3333333333333333,"#9c179e"],[0.4444444444444444,"#bd3786"],[0.5555555555555556,"#d8576b"],[0.6666666666666666,"#ed7953"],[0.7777777777777778,"#fb9f3a"],[0.8888888888888888,"#fdca26"],[1.0,"#f0f921"]],"diverging":[[0,"#8e0152"],[0.1,"#c51b7d"],[0.2,"#de77ae"],[0.3,"#f1b6da"],[0.4,"#fde0ef"],[0.5,"#f7f7f7"],[0.6,"#e6f5d0"],[0.7,"#b8e186"],[0.8,"#7fbc41"],[0.9,"#4d9221"],[1,"#276419"]]},"xaxis":{"gridcolor":"rgba(0, 0, 0, 0)","linecolor":"#506784","ticks":"","title":{"standoff":15},"zerolinecolor":"#283442","automargin":true,"zerolinewidth":2,"tickfont":{"family":"Courier New","size":14},"side":"top","tickangle":-90},"yaxis":{"gridcolor":"rgba(0, 0, 0, 0)","linecolor":"#506784","ticks":"","title":{"standoff":15},"zerolinecolor":"#283442","automargin":true,"zerolinewidth":2,"tickfont":{"family":"Courier New"},"side":"right"},"scene":{"xaxis":{"backgroundcolor":"rgb(17,17,17)","gridcolor":"#506784","linecolor":"#506784","showbackground":true,"ticks":"","zerolinecolor":"#C8D4E3","gridwidth":2},"yaxis":{"backgroundcolor":"rgb(17,17,17)","gridcolor":"#506784","linecolor":"#506784","showbackground":true,"ticks":"","zerolinecolor":"#C8D4E3","gridwidth":2},"zaxis":{"backgroundcolor":"rgb(17,17,17)","gridcolor":"#506784","linecolor":"#506784","showbackground":true,"ticks":"","zerolinecolor":"#C8D4E3","gridwidth":2}},"shapedefaults":{"line":{"color":"#f2f5fa"}},"annotationdefaults":{"arrowcolor":"#f2f5fa","arrowhead":0,"arrowwidth":1},"geo":{"bgcolor":"rgb(17,17,17)","landcolor":"rgb(17,17,17)","subunitcolor":"#506784","showland":true,"showlakes":true,"lakecolor":"rgb(17,17,17)"},"title":{"x":0.05,"font":{"family":"Times New Roman"},"y":0.05,"text":"<b>Correlation of Close<b><br><i>2016-09-23 ~ 2026-03-24<i>"},"updatemenudefaults":{"bgcolor":"#506784","borderwidth":0},"sliderdefaults":{"bgcolor":"#C8D4E3","borderwidth":1,"bordercolor":"rgb(17,17,17)","tickwidth":0},"mapbox":{"style":"dark"},"annotations":[{"text":"<b>@zwindr<b>","textangle":0,"opacity":0.5,"font":{"color":"white","size":12},"xref":"paper","yref":"paper","xanchor":"left","yanchor":"bottom","x":1.0,"y":1.0,"showarrow":false}]},"config":{"responsive":true,"toImageButtonOptions":{"filename":"Correlation of Close_2016-09-23~2026-03-24","scale":5}}};Plotly.newPlot("correlationClose",correlationClose.data,correlationClose.layout||{},correlationClose.config);}else{console.log("style display is none => correlationClose");}