var element = document.getElementById("correlationAdjClose");

if (element.style.display != 'none') {
    var correlationAdjClose = {"data": [{"type": "heatmap", "z": [[1.0, 0.9940826900112792, 0.9770382672244255, 0.997596671329813, 0.9645630476335354, 0.9816957562158252, -0.9439308663680338, 0.9900710460623706, 0.9705965220703061, 0.9971777236554862, 0.9971629519295453, 0.9976549921826294, 0.993350444543096, 0.9940451614726964, 0.9971772536467792, 0.9840992194388077, 0.9996732768637788, 0.9900852293677881, 0.9204315559005135, 0.7368017097689497, 0.9853362424059252, 0.922190752891183, 0.43517000274160983, -0.3038638010777811, 0.9011239463877448, 0.9724859097102793, 0.9551850324577021, 0.9801790882034928, 0.9642716011625967, 0.9757293806428436, 0.972177114362912, 0.9455962136308121, 0.9800196491084456, 0.970647824352467, 0.9546367344994815], [0.9940826900112792, 1.0, 0.9724004949561251, 0.9913075339996941, 0.9599069825076573, 0.9772011654292997, -0.939275938846271, 0.9811152373841587, 0.9637532598341549, 0.9952532322021869, 0.9950971833219485, 0.9943572951417031, 0.9924346045234872, 0.9917255258502403, 0.9950511016332684, 0.9781909443005827, 0.9967058408441589, 0.9838198767466342, 0.9096174030571613, 0.748962338435284, 0.9671128763408414, 0.9017984237556841, 0.4342347187241243, -0.2287557388179703, 0.8754477027363265, 0.9601815428982403, 0.9546637293698982, 0.9583174000192461, 0.9504201626677199, 0.9655135472334705, 0.9565460330468039, 0.9435503014322756, 0.9689888038693799, 0.9607904651154482, 0.9484231425207328], [0.9770382672244255, 0.9724004949561251, 1.0, 0.9832976257467215, 0.9959200149328384, 0.9788593136884881, -0.9760145603549618, 0.9701393603929122, 0.984014767860094, 0.9889223042227959, 0.9896273078192908, 0.9861222010100094, 0.9970237086956637, 0.9968284538521758, 0.989382650779013, 0.9774307385839698, 0.9878397301819178, 0.9699974468310006, 0.8281637416428834, 0.6255880531020037, 0.9903902333970742, 0.9132761043195262, 0.26963684372094415, -0.2272450170785568, 0.9056089661411111, 0.9445232410899443, 0.9797412505414513, 0.930090817215041, 0.9123406742485853, 0.9645977254568786, 0.9202933574291753, 0.9066100361982746, 0.9667170436536292, 0.9740469419694974, 0.9238021161086853], [0.997596671329813, 0.9913075339996941, 0.9832976257467215, 1.0, 0.9764743685740067, 0.9739000378162592, -0.938891319272332, 0.9842925828779274, 0.9680671209271982, 0.9999714723214821, 0.999989511832166, 0.999957568356428, 0.9915076365173595, 0.9895012205994916, 0.9999431870974268, 0.9736616411690809, 0.9960315868979481, 0.9841143299410433, 0.9063645390595334, 0.7060612818600035, 0.9933664163955741, 0.9236978564048158, 0.4101363426656235, -0.29515420481857096, 0.8987141878531809, 0.9685452082257083, 0.9615312326954841, 0.9709872151431106, 0.9613772359793099, 0.9779509614235149, 0.9623372986611758, 0.9343009114235673, 0.9779941008356041, 0.9692569752460352, 0.9460958399008773], [0.9645630476335354, 0.9599069825076573, 0.9959200149328384, 0.9764743685740067, 1.0, 0.958216352322191, -0.9574466601193239, 0.9546308274278412, 0.9714389475610861, 0.9849689987189831, 0.9857219435725264, 0.9817227019340763, 0.9861417535274827, 0.982495656309045, 0.9853525163536412, 0.9556902008293977, 0.9757048610825527, 0.9543672852308696, 0.8072744526810247, 0.5888981796228493, 0.989552994940151, 0.9091047991554586, 0.2440951243210385, -0.2202413557642291, 0.886005207683072, 0.9321144097866209, 0.9771961288765029, 0.9095039661375951, 0.8984484898464774, 0.9585890213491216, 0.8984932596558329, 0.8800552606696734, 0.9562037785242973, 0.9621512345553113, 0.8998756619298415], [0.9816957562158252, 0.9772011654292997, 0.9788593136884881, 0.9739000378162592, 0.958216352322191, 1.0, -0.9810147646078655, 0.9807990735428953, 0.9800689808471673, 0.968930834146759, 0.9692620566134098, 0.9719215381281857, 0.9772242705576775, 0.9752169790578908, 0.9690785365611556, 0.9999049556136781, 0.9861769418902123, 0.9818725696743956, 0.8626228830348478, 0.7035338247562264, 0.9673328332420044, 0.8930036748687755, 0.3019336199299235, -0.21633011242761557, 0.9362689686446092, 0.9543351531813395, 0.9598904957105681, 0.9577512064087889, 0.9282394177213659, 0.9522987958779725, 0.9519088593701195, 0.9549159861078969, 0.9571717747775358, 0.9766136617601232, 0.9554076688660469], [-0.9439308663680338, -0.939275938846271, -0.9760145603549618, -0.938891319272332, -0.9574466601193239, -0.9810147646078655, 1.0, -0.9523632612995021, -0.9836808143344541, -0.9488670973718887, -0.9500558664201822, -0.9454337810087226, -0.9744581745885091, -0.97609334916081, -0.9496981462904953, -0.9840931197122782, -0.9651077042924175, -0.9553145294127664, -0.7763234933828067, -0.6017003545238538, -0.9438611126140521, -0.8839604050734178, -0.16005052874583334, 0.1512238277848897, -0.9044045212118847, -0.9139085922081731, -0.9578956929905533, -0.899886287936919, -0.8597444001191232, -0.9257763312630275, -0.8914006168925811, -0.9095306842711555, -0.9264135682196989, -0.9640612465999772, -0.9098145679223211], [0.9900710460623706, 0.9811152373841587, 0.9701393603929122, 0.9842925828779274, 0.9546308274278412, 0.9807990735428953, -0.9523632612995021, 1.0, 0.9826133111354118, 0.9800879654381492, 0.9800291219785241, 0.9832350207156533, 0.9762304438256714, 0.9752845565471161, 0.9800501592911651, 0.9827008130697897, 0.9877466611240043, 0.9998716771659331, 0.9238491931132164, 0.6707210477155672, 0.9737671671708465, 0.8963603357933517, 0.2914376992700913, -0.3119320589847298, 0.9054879878576266, 0.9524698617617695, 0.9382557600244205, 0.9778166616399492, 0.9528928272575193, 0.9686011878960812, 0.9629074807020906, 0.9358302497285751, 0.959540568625777, 0.9577834179253846, 0.965353466846363], [0.9705965220703061, 0.9637532598341549, 0.984014767860094, 0.9680671209271982, 0.9714389475610861, 0.9800689808471673, -0.9836808143344541, 0.9826133111354118, 1.0, 0.9636883305826773, 0.9643381872701935, 0.966179702039608, 0.9734297163280539, 0.9705729119547009, 0.9640974920572875, 0.9791585148736178, 0.9706868166158661, 0.9819343285909437, 0.8512585681400996, 0.5950260204751108, 0.9679132054703393, 0.9076085648327445, 0.14895190936766725, -0.23118530721035077, 0.8866029419953831, 0.9317530312233485, 0.9605953423319294, 0.9336588117944037, 0.8960967214449405, 0.9568779103257311, 0.916754937609377, 0.9032175496897866, 0.9458326842318578, 0.9696391949283174, 0.9231631625236286], [0.9971777236554862, 0.9952532322021869, 0.9889223042227959, 0.9999714723214821, 0.9849689987189831, 0.968930834146759, -0.9488670973718887, 0.9800879654381492, 0.9636883305826773, 1.0, 0.9999877079355615, 0.9999827214094382, 0.991351286981445, 0.9893121441743482, 0.999948422654378, 0.9693684833033629, 0.995629876512058, 0.9810644252565208, 0.9313791357457407, 0.6265982676432906, 0.9967136003835888, 0.902052809276703, -0.027537654731158625, 0.42860855414175775, 0.9147677006099425, 0.9515663579765725, 0.9666879097939179, 0.9620812263910871, 0.9435828563793658, 0.9660102960187281, 0.9419894101775522, 0.9200350277833064, 0.965508037459527, 0.9802545451433182, 0.9429619163831786], [0.9971629519295453, 0.9950971833219485, 0.9896273078192908, 0.999989511832166, 0.9857219435725264, 0.9692620566134098, -0.9500558664201822, 0.9800291219785241, 0.9643381872701935, 0.9999877079355615, 1.0, 0.9999719571903871, 0.99153335788975, 0.9894907188637914, 0.9999526460555949, 0.9696707058469418, 0.9956741152165828, 0.9809751517843148, 0.9305683812863841, 0.6228197180727166, 0.997004025702799, 0.9013194284176492, -0.042397572710920914, 0.4241242879894463, 0.9140086042474197, 0.9513792341698782, 0.9675631239333818, 0.9615750773350035, 0.9423007362389103, 0.9661157830082884, 0.9409568971183009, 0.9187375341033653, 0.9656935667197306, 0.9807677056442717, 0.9422494587581269], [0.9976549921826294, 0.9943572951417031, 0.9861222010100094, 0.999957568356428, 0.9817227019340763, 0.9719215381281857, -0.9454337810087226, 0.9832350207156533, 0.966179702039608, 0.9999827214094382, 0.9999719571903871, 1.0, 0.9913280404396078, 0.9892506322950447, 0.9999620213698964, 0.9722730630190967, 0.9958160197917122, 0.9837525206456054, 0.9223464068441128, 0.6733715903884437, 0.9959025655141822, 0.9180734180190308, 0.17106709483199267, -0.19638885478036694, 0.9221771615967901, 0.960623875593581, 0.9565570501937302, 0.9653655040900639, 0.952203615046956, 0.972599233479965, 0.9529110178564676, 0.9328293904884667, 0.9727019758583412, 0.9676190725227666, 0.9517662286424119], [0.993350444543096, 0.9924346045234872, 0.9970237086956637, 0.9915076365173595, 0.9861417535274827, 0.9772242705576775, -0.9744581745885091, 0.9762304438256714, 0.9734297163280539, 0.991351286981445, 0.99153335788975, 0.9913280404396078, 1.0, 0.9996891267338056, 0.9914959676823326, 0.9779272997777795, 0.9936820322262674, 0.9775421243868186, 0.9132214537625835, 0.5644493337635674, 0.9862255767917795, 0.8938637912071451, -0.3259465720552215, 0.450112698172644, 0.9045638168343852, 0.9486768464278497, 0.9779444320017837, 0.9449535088422334, 0.9054544778479271, 0.9471233117843902, 0.9154188348957021, 0.8898648608917387, 0.9638929414274823, 0.9799000491186266, 0.9348357248205736], [0.9940451614726964, 0.9917255258502403, 0.9968284538521758, 0.9895012205994916, 0.982495656309045, 0.9752169790578908, -0.97609334916081, 0.9752845565471161, 0.9705729119547009, 0.9893121441743482, 0.9894907188637914, 0.9892506322950447, 0.9996891267338056, 1.0, 0.98957549804447, 0.9759656421087773, 0.9942137810924742, 0.9768474762973856, 0.9207754399306484, 0.4432946979251624, 0.9810536424486257, 0.8830190081111144, -0.7134007473828721, 0.4272991653857021, 0.8771077284462987, 0.9450725988974754, 0.9773025145643973, 0.9375327965830814, 0.8881691117097171, 0.9381574989914085, 0.9126853619454756, 0.8684332323057519, 0.9660296063582242, 0.9781853326004096, 0.9271001146234886], [0.9971772536467792, 0.9950511016332684, 0.989382650779013, 0.9999431870974268, 0.9853525163536412, 0.9690785365611556, -0.9496981462904953, 0.9800501592911651, 0.9640974920572875, 0.999948422654378, 0.9999526460555949, 0.9999620213698964, 0.9914959676823326, 0.98957549804447, 1.0, 0.9695047448140672, 0.9956581794581584, 0.9810172887916631, 0.9313255227759266, 0.6227787716025847, 0.9968324476509229, 0.9015979612795498, -0.04061859209953492, 0.4235128179074241, 0.9136228179860809, 0.9500254498911841, 0.9669344738859861, 0.9619107277503371, 0.9429269500448308, 0.9661345805352795, 0.9416196023876541, 0.9192673953473763, 0.9656022134468039, 0.9806471788698097, 0.9425588246603354], [0.9840992194388077, 0.9781909443005827, 0.9774307385839698, 0.9736616411690809, 0.9556902008293977, 0.9999049556136781, -0.9840931197122782, 0.9827008130697897, 0.9791585148736178, 0.9693684833033629, 0.9696707058469418, 0.9722730630190967, 0.9779272997777795, 0.9759656421087773, 0.9695047448140672, 1.0, 0.9865669305846207, 0.9820124258064277, 0.8863758143687402, 0.7024353628273414, 0.9657651397887388, 0.8885486591087233, 0.17001561476631114, -0.19518551336153628, 0.9446657389204763, 0.9545706534998445, 0.9566875042926754, 0.9611491414730678, 0.9252278188536964, 0.9489258420477528, 0.9528516097716583, 0.9542956532294852, 0.9596732463522076, 0.9761402683530673, 0.9601709235896986], [0.9996732768637788, 0.9967058408441589, 0.9878397301819178, 0.9960315868979481, 0.9757048610825527, 0.9861769418902123, -0.9651077042924175, 0.9877466611240043, 0.9706868166158661, 0.995629876512058, 0.9956741152165828, 0.9958160197917122, 0.9936820322262674, 0.9942137810924742, 0.9956581794581584, 0.9865669305846207, 1.0, 0.9885883474086957, 0.9370316439160817, 0.66606032641299, 0.9888689961761067, 0.8983178864733096, 0.011359469659965852, 0.4436577077587051, 0.933696705221668, 0.9572547461345746, 0.9650958477286955, 0.9747890614425384, 0.9476541895347638, 0.9645584520385491, 0.9567622602499412, 0.9429186367853075, 0.9715554610934783, 0.9848349103180821, 0.964127922300676], [0.9900852293677881, 0.9838198767466342, 0.9699974468310006, 0.9841143299410433, 0.9543672852308696, 0.9818725696743956, -0.9553145294127664, 0.9998716771659331, 0.9819343285909437, 0.9810644252565208, 0.9809751517843148, 0.9837525206456054, 0.9775421243868186, 0.9768474762973856, 0.9810172887916631, 0.9820124258064277, 0.9885883474086957, 1.0, 0.9301843215934698, 0.6691981444301651, 0.9727109369396552, 0.9012640298095951, 0.2574928104428058, -0.2934985577545717, 0.9108687916213345, 0.9503806354655328, 0.9383167071049779, 0.9782962328827838, 0.9522976436153472, 0.9670681818883663, 0.9614115710522315, 0.9357018568240809, 0.9588754421139793, 0.9557169595025118, 0.9665458713672194], [0.9204315559005135, 0.9096174030571613, 0.8281637416428834, 0.9063645390595334, 0.8072744526810247, 0.8626228830348478, -0.7763234933828067, 0.9238491931132164, 0.8512585681400996, 0.9313791357457407, 0.9305683812863841, 0.9223464068441128, 0.9132214537625835, 0.9207754399306484, 0.9313255227759266, 0.8863758143687402, 0.9370316439160817, 0.9301843215934698, 1.0, 0.8398060126488984, 0.8578771364564405, 0.8730423237938905, 0.6840682046266177, -0.5325372547034697, 0.6986326438536229, 0.9119070535391531, 0.8011464492032272, 0.9574093522838387, 0.9351038090014804, 0.90103666172165, 0.9438009748513971, 0.8939686313697645, 0.898067573816897, 0.8452532182366156, 0.8790088555614087], [0.7368017097689497, 0.748962338435284, 0.6255880531020037, 0.7060612818600035, 0.5888981796228493, 0.7035338247562264, -0.6017003545238538, 0.6707210477155672, 0.5950260204751108, 0.6265982676432906, 0.6228197180727166, 0.6733715903884437, 0.5644493337635674, 0.4432946979251624, 0.6227787716025847, 0.7024353628273414, 0.66606032641299, 0.6691981444301651, 0.8398060126488984, 1.0, 0.629421695274724, 0.7433690982823762, 0.7305448886020427, -0.1163960156725062, 0.5375422622014068, 0.7412258828957724, 0.6340664799620687, 0.7899016615920496, 0.7248510417472406, 0.6627242950155845, 0.761540378514046, 0.7636336990479989, 0.6952363242219468, 0.6586760781125289, 0.7004103053038738], [0.9853362424059252, 0.9671128763408414, 0.9903902333970742, 0.9933664163955741, 0.989552994940151, 0.9673328332420044, -0.9438611126140521, 0.9737671671708465, 0.9679132054703393, 0.9967136003835888, 0.997004025702799, 0.9959025655141822, 0.9862255767917795, 0.9810536424486257, 0.9968324476509229, 0.9657651397887388, 0.9888689961761067, 0.9727109369396552, 0.8578771364564405, 0.629421695274724, 1.0, 0.8952076769890763, 0.3363205736966355, -0.2888941871633903, 0.8850419167978616, 0.9531302272979408, 0.9705164109652602, 0.9398433445806821, 0.9442890053296058, 0.9696162077473507, 0.9403025750793631, 0.9096117832901405, 0.9682923126320064, 0.9544452798668216, 0.9275557263355552], [0.922190752891183, 0.9017984237556841, 0.9132761043195262, 0.9236978564048158, 0.9091047991554586, 0.8930036748687755, -0.8839604050734178, 0.8963603357933517, 0.9076085648327445, 0.902052809276703, 0.9013194284176492, 0.9180734180190308, 0.8938637912071451, 0.8830190081111144, 0.9015979612795498, 0.8885486591087233, 0.8983178864733096, 0.9012640298095951, 0.8730423237938905, 0.7433690982823762, 0.8952076769890763, 1.0, 0.3838607965846987, -0.18910462789513205, 0.7007346472554435, 0.9179591213832876, 0.8859114172942483, 0.8972410860369321, 0.8467188383414547, 0.9227635913718276, 0.8668846953785091, 0.8398236186863057, 0.9206469456470444, 0.8641486633862396, 0.8476427244392846], [0.43517000274160983, 0.4342347187241243, 0.26963684372094415, 0.4101363426656235, 0.2440951243210385, 0.3019336199299235, -0.16005052874583334, 0.2914376992700913, 0.14895190936766725, -0.027537654731158625, -0.042397572710920914, 0.17106709483199267, -0.3259465720552215, -0.7134007473828721, -0.04061859209953492, 0.17001561476631114, 0.011359469659965852, 0.2574928104428058, 0.6840682046266177, 0.7305448886020427, 0.3363205736966355, 0.3838607965846987, 1.0, -0.39353708988387476, 0.2908316301591447, 0.406676671100066, 0.2181003541596046, 0.5121309871651192, 0.510068385481819, 0.3705355383734821, 0.5294580346591192, 0.44073029176110584, 0.38906276575450793, 0.30890505238040733, 0.41623860318705685], [-0.3038638010777811, -0.2287557388179703, -0.2272450170785568, -0.29515420481857096, -0.2202413557642291, -0.21633011242761557, 0.1512238277848897, -0.3119320589847298, -0.23118530721035077, 0.42860855414175775, 0.4241242879894463, -0.19638885478036694, 0.450112698172644, 0.4272991653857021, 0.4235128179074241, -0.19518551336153628, 0.4436577077587051, -0.2934985577545717, -0.5325372547034697, -0.1163960156725062, -0.2888941871633903, -0.18910462789513205, -0.39353708988387476, 1.0, -0.14874840741173248, -0.3292377599547666, -0.1766922418239342, -0.3899478000648425, -0.3798508712725412, -0.3267611796868347, -0.346184468743116, -0.20346540267930294, -0.35077391116257217, -0.17900929090282391, -0.316691586995439], [0.9011239463877448, 0.8754477027363265, 0.9056089661411111, 0.8987141878531809, 0.886005207683072, 0.9362689686446092, -0.9044045212118847, 0.9054879878576266, 0.8866029419953831, 0.9147677006099425, 0.9140086042474197, 0.9221771615967901, 0.9045638168343852, 0.8771077284462987, 0.9136228179860809, 0.9446657389204763, 0.933696705221668, 0.9108687916213345, 0.6986326438536229, 0.5375422622014068, 0.8850419167978616, 0.7007346472554435, 0.2908316301591447, -0.14874840741173248, 1.0, 0.8324152655736374, 0.8850599085659614, 0.81064220700643, 0.8588137156526104, 0.8274022387089641, 0.8663434900820197, 0.8608585048642781, 0.8568082160451885, 0.8670605013748911, 0.8944164260181643], [0.9724859097102793, 0.9601815428982403, 0.9445232410899443, 0.9685452082257083, 0.9321144097866209, 0.9543351531813395, -0.9139085922081731, 0.9524698617617695, 0.9317530312233485, 0.9515663579765725, 0.9513792341698782, 0.960623875593581, 0.9486768464278497, 0.9450725988974754, 0.9500254498911841, 0.9545706534998445, 0.9572547461345746, 0.9503806354655328, 0.9119070535391531, 0.7412258828957724, 0.9531302272979408, 0.9179591213832876, 0.406676671100066, -0.3292377599547666, 0.8324152655736374, 1.0, 0.9332367249418262, 0.9572925245605317, 0.9335211521961017, 0.9442906843276938, 0.9412139621681604, 0.9125021317260605, 0.9620531838228584, 0.92447414903169, 0.919532020703178], [0.9551850324577021, 0.9546637293698982, 0.9797412505414513, 0.9615312326954841, 0.9771961288765029, 0.9598904957105681, -0.9578956929905533, 0.9382557600244205, 0.9605953423319294, 0.9666879097939179, 0.9675631239333818, 0.9565570501937302, 0.9779444320017837, 0.9773025145643973, 0.9669344738859861, 0.9566875042926754, 0.9650958477286955, 0.9383167071049779, 0.8011464492032272, 0.6340664799620687, 0.9705164109652602, 0.8859114172942483, 0.2181003541596046, -0.1766922418239342, 0.8850599085659614, 0.9332367249418262, 1.0, 0.9038070692492128, 0.8825357886742399, 0.9379184407908197, 0.8844834247132264, 0.8840791745709259, 0.9443669425581982, 0.9707712719170332, 0.8842930021192674], [0.9801790882034928, 0.9583174000192461, 0.930090817215041, 0.9709872151431106, 0.9095039661375951, 0.9577512064087889, -0.899886287936919, 0.9778166616399492, 0.9336588117944037, 0.9620812263910871, 0.9615750773350035, 0.9653655040900639, 0.9449535088422334, 0.9375327965830814, 0.9619107277503371, 0.9611491414730678, 0.9747890614425384, 0.9782962328827838, 0.9574093522838387, 0.7899016615920496, 0.9398433445806821, 0.8972410860369321, 0.5121309871651192, -0.3899478000648425, 0.81064220700643, 0.9572925245605317, 0.9038070692492128, 1.0, 0.9855920300178862, 0.9650694571387542, 0.9897449523153732, 0.9506649686474865, 0.9585896859112079, 0.9110931229142499, 0.9663265379736193], [0.9642716011625967, 0.9504201626677199, 0.9123406742485853, 0.9613772359793099, 0.8984484898464774, 0.9282394177213659, -0.8597444001191232, 0.9528928272575193, 0.8960967214449405, 0.9435828563793658, 0.9423007362389103, 0.952203615046956, 0.9054544778479271, 0.8881691117097171, 0.9429269500448308, 0.9252278188536964, 0.9476541895347638, 0.9522976436153472, 0.9351038090014804, 0.7248510417472406, 0.9442890053296058, 0.8467188383414547, 0.510068385481819, -0.3798508712725412, 0.8588137156526104, 0.9335211521961017, 0.8825357886742399, 0.9855920300178862, 1.0, 0.9498393709215336, 0.9829999800399712, 0.9548410094780827, 0.9350675855575774, 0.9176718599596556, 0.9616130357903663], [0.9757293806428436, 0.9655135472334705, 0.9645977254568786, 0.9779509614235149, 0.9585890213491216, 0.9522987958779725, -0.9257763312630275, 0.9686011878960812, 0.9568779103257311, 0.9660102960187281, 0.9661157830082884, 0.972599233479965, 0.9471233117843902, 0.9381574989914085, 0.9661345805352795, 0.9489258420477528, 0.9645584520385491, 0.9670681818883663, 0.90103666172165, 0.6627242950155845, 0.9696162077473507, 0.9227635913718276, 0.3705355383734821, -0.3267611796868347, 0.8274022387089641, 0.9442906843276938, 0.9379184407908197, 0.9650694571387542, 0.9498393709215336, 1.0, 0.9529587167548683, 0.9167222306992517, 0.9756781554964793, 0.9566193861060314, 0.9428677682032415], [0.972177114362912, 0.9565460330468039, 0.9202933574291753, 0.9623372986611758, 0.8984932596558329, 0.9519088593701195, -0.8914006168925811, 0.9629074807020906, 0.916754937609377, 0.9419894101775522, 0.9409568971183009, 0.9529110178564676, 0.9154188348957021, 0.9126853619454756, 0.9416196023876541, 0.9528516097716583, 0.9567622602499412, 0.9614115710522315, 0.9438009748513971, 0.761540378514046, 0.9403025750793631, 0.8668846953785091, 0.5294580346591192, -0.346184468743116, 0.8663434900820197, 0.9412139621681604, 0.8844834247132264, 0.9897449523153732, 0.9829999800399712, 0.9529587167548683, 1.0, 0.9733290774023551, 0.942931807917661, 0.9356656545100914, 0.9618590267366334], [0.9455962136308121, 0.9435503014322756, 0.9066100361982746, 0.9343009114235673, 0.8800552606696734, 0.9549159861078969, -0.9095306842711555, 0.9358302497285751, 0.9032175496897866, 0.9200350277833064, 0.9187375341033653, 0.9328293904884667, 0.8898648608917387, 0.8684332323057519, 0.9192673953473763, 0.9542956532294852, 0.9429186367853075, 0.9357018568240809, 0.8939686313697645, 0.7636336990479989, 0.9096117832901405, 0.8398236186863057, 0.44073029176110584, -0.20346540267930294, 0.8608585048642781, 0.9125021317260605, 0.8840791745709259, 0.9506649686474865, 0.9548410094780827, 0.9167222306992517, 0.9733290774023551, 1.0, 0.9056199682817211, 0.9320027075974006, 0.9526482947604155], [0.9800196491084456, 0.9689888038693799, 0.9667170436536292, 0.9779941008356041, 0.9562037785242973, 0.9571717747775358, -0.9264135682196989, 0.959540568625777, 0.9458326842318578, 0.965508037459527, 0.9656935667197306, 0.9727019758583412, 0.9638929414274823, 0.9660296063582242, 0.9656022134468039, 0.9596732463522076, 0.9715554610934783, 0.9588754421139793, 0.898067573816897, 0.6952363242219468, 0.9682923126320064, 0.9206469456470444, 0.38906276575450793, -0.35077391116257217, 0.8568082160451885, 0.9620531838228584, 0.9443669425581982, 0.9585896859112079, 0.9350675855575774, 0.9756781554964793, 0.942931807917661, 0.9056199682817211, 1.0, 0.9533504816038193, 0.9403963602753495], [0.970647824352467, 0.9607904651154482, 0.9740469419694974, 0.9692569752460352, 0.9621512345553113, 0.9766136617601232, -0.9640612465999772, 0.9577834179253846, 0.9696391949283174, 0.9802545451433182, 0.9807677056442717, 0.9676190725227666, 0.9799000491186266, 0.9781853326004096, 0.9806471788698097, 0.9761402683530673, 0.9848349103180821, 0.9557169595025118, 0.8452532182366156, 0.6586760781125289, 0.9544452798668216, 0.8641486633862396, 0.30890505238040733, -0.17900929090282391, 0.8670605013748911, 0.92447414903169, 0.9707712719170332, 0.9110931229142499, 0.9176718599596556, 0.9566193861060314, 0.9356656545100914, 0.9320027075974006, 0.9533504816038193, 1.0, 0.9170178082019932], [0.9546367344994815, 0.9484231425207328, 0.9238021161086853, 0.9460958399008773, 0.8998756619298415, 0.9554076688660469, -0.9098145679223211, 0.965353466846363, 0.9231631625236286, 0.9429619163831786, 0.9422494587581269, 0.9517662286424119, 0.9348357248205736, 0.9271001146234886, 0.9425588246603354, 0.9601709235896986, 0.964127922300676, 0.9665458713672194, 0.8790088555614087, 0.7004103053038738, 0.9275557263355552, 0.8476427244392846, 0.41623860318705685, -0.316691586995439, 0.8944164260181643, 0.919532020703178, 0.8842930021192674, 0.9663265379736193, 0.9616130357903663, 0.9428677682032415, 0.9618590267366334, 0.9526482947604155, 0.9403963602753495, 0.9170178082019932, 1.0]], "x": ["^TAIEX       \u81fa\u7063\u52a0\u6b0a\u5831\u916c\u6307\u6578", "^TWII        \u81fa\u7063\u52a0\u6b0a\u6307\u6578", "^TAIEXx2     \u81fa\u7063\u52a0\u6b0a\u5831\u916c\u6307\u6578_\u65e5\u6b632", "^TAI50I      \u81fa\u706350\u5831\u916c\u6307\u6578", "^TAI50Ix2    \u81fa\u706350\u5831\u916c\u6307\u6578_\u65e5\u6b632", "^TAI100I     \u81fa\u7063\u4e2d\u578b100\u5831\u916c\u6307\u6578", "^TAI100Ix2   \u81fa\u7063\u4e2d\u578b100\u5831\u916c\u6307\u6578_\u65e5\u6b632", "^TAIDIVIDI   \u81fa\u7063\u9ad8\u80a1\u606f\u5831\u916c\u6307\u6578", "^TAIDIVIDIx2 \u81fa\u7063\u9ad8\u80a1\u606f\u5831\u916c\u6307\u6578_\u65e5\u6b632", "0050Fund     \u5143\u5927\u53f0\u7063\u5353\u8d8a50\u57fa\u91d1", "006208Fund   \u5bcc\u90a6\u53f0\u7063\u91c6\u540950\u57fa\u91d1", "0050         \u5143\u5927\u81fa\u706350", "00631L       \u5143\u5927\u53f0\u706350\u6b632", "00675L       \u5bcc\u90a6\u81fa\u7063\u52a0\u6b0a\u6b632", "006208       \u5bcc\u90a6\u53f050", "0051         \u5143\u5927\u4e2d\u578b100", "006204       \u6c38\u8c50\u81fa\u7063\u52a0\u6b0a", "0056         \u5143\u5927\u9ad8\u80a1\u606f", "2412         \u4e2d\u83ef\u96fb\u4fe1", "2002         \u4e2d\u92fc", "2330         \u53f0\u7a4d\u96fb", "2317         \u9d3b\u6d77", "6505         \u53f0\u5851\u77f3\u5316", "3481         \u7fa4\u5275", "2303         \u806f\u96fb", "2308         \u53f0\u9054\u96fb", "2454         \u806f\u767c\u79d1", "2886         \u5146\u8c50\u91d1", "2884         \u7389\u5c71\u91d1", "2891         \u4e2d\u4fe1\u91d1", "2892         \u7b2c\u4e00\u91d1", "5880         \u5408\u5eab\u91d1", "2881         \u5bcc\u90a6\u91d1", "2885         \u5143\u5927\u91d1", "2887         \u53f0\u65b0\u91d1"], "y": ["^TAIEX       \u81fa\u7063\u52a0\u6b0a\u5831\u916c\u6307\u6578", "^TWII        \u81fa\u7063\u52a0\u6b0a\u6307\u6578", "^TAIEXx2     \u81fa\u7063\u52a0\u6b0a\u5831\u916c\u6307\u6578_\u65e5\u6b632", "^TAI50I      \u81fa\u706350\u5831\u916c\u6307\u6578", "^TAI50Ix2    \u81fa\u706350\u5831\u916c\u6307\u6578_\u65e5\u6b632", "^TAI100I     \u81fa\u7063\u4e2d\u578b100\u5831\u916c\u6307\u6578", "^TAI100Ix2   \u81fa\u7063\u4e2d\u578b100\u5831\u916c\u6307\u6578_\u65e5\u6b632", "^TAIDIVIDI   \u81fa\u7063\u9ad8\u80a1\u606f\u5831\u916c\u6307\u6578", "^TAIDIVIDIx2 \u81fa\u7063\u9ad8\u80a1\u606f\u5831\u916c\u6307\u6578_\u65e5\u6b632", "0050Fund     \u5143\u5927\u53f0\u7063\u5353\u8d8a50\u57fa\u91d1", "006208Fund   \u5bcc\u90a6\u53f0\u7063\u91c6\u540950\u57fa\u91d1", "0050         \u5143\u5927\u81fa\u706350", "00631L       \u5143\u5927\u53f0\u706350\u6b632", "00675L       \u5bcc\u90a6\u81fa\u7063\u52a0\u6b0a\u6b632", "006208       \u5bcc\u90a6\u53f050", "0051         \u5143\u5927\u4e2d\u578b100", "006204       \u6c38\u8c50\u81fa\u7063\u52a0\u6b0a", "0056         \u5143\u5927\u9ad8\u80a1\u606f", "2412         \u4e2d\u83ef\u96fb\u4fe1", "2002         \u4e2d\u92fc", "2330         \u53f0\u7a4d\u96fb", "2317         \u9d3b\u6d77", "6505         \u53f0\u5851\u77f3\u5316", "3481         \u7fa4\u5275", "2303         \u806f\u96fb", "2308         \u53f0\u9054\u96fb", "2454         \u806f\u767c\u79d1", "2886         \u5146\u8c50\u91d1", "2884         \u7389\u5c71\u91d1", "2891         \u4e2d\u4fe1\u91d1", "2892         \u7b2c\u4e00\u91d1", "5880         \u5408\u5eab\u91d1", "2881         \u5bcc\u90a6\u91d1", "2885         \u5143\u5927\u91d1", "2887         \u53f0\u65b0\u91d1"], "zmin": -1, "zmax": 1, "colorbar": {"x": -0.2}}], "layout": {"autotypenumbers": "strict", "colorway": ["#636efa", "#EF553B", "#00cc96", "#ab63fa", "#FFA15A", "#19d3f3", "#FF6692", "#B6E880", "#FF97FF", "#FECB52"], "font": {"color": "#f2f5fa", "family": "Courier New"}, "hovermode": "closest", "hoverlabel": {"align": "left"}, "paper_bgcolor": "rgb(17,17,17)", "plot_bgcolor": "rgb(17,17,17)", "polar": {"bgcolor": "rgb(17,17,17)", "angularaxis": {"gridcolor": "#506784", "linecolor": "#506784", "ticks": ""}, "radialaxis": {"gridcolor": "#506784", "linecolor": "#506784", "ticks": ""}}, "ternary": {"bgcolor": "rgb(17,17,17)", "aaxis": {"gridcolor": "#506784", "linecolor": "#506784", "ticks": ""}, "baxis": {"gridcolor": "#506784", "linecolor": "#506784", "ticks": ""}, "caxis": {"gridcolor": "#506784", "linecolor": "#506784", "ticks": ""}}, "coloraxis": {"colorbar": {"outlinewidth": 0, "ticks": ""}}, "colorscale": {"sequential": [[0.0, "#0d0887"], [0.1111111111111111, "#46039f"], [0.2222222222222222, "#7201a8"], [0.3333333333333333, "#9c179e"], [0.4444444444444444, "#bd3786"], [0.5555555555555556, "#d8576b"], [0.6666666666666666, "#ed7953"], [0.7777777777777778, "#fb9f3a"], [0.8888888888888888, "#fdca26"], [1.0, "#f0f921"]], "sequentialminus": [[0.0, "#0d0887"], [0.1111111111111111, "#46039f"], [0.2222222222222222, "#7201a8"], [0.3333333333333333, "#9c179e"], [0.4444444444444444, "#bd3786"], [0.5555555555555556, "#d8576b"], [0.6666666666666666, "#ed7953"], [0.7777777777777778, "#fb9f3a"], [0.8888888888888888, "#fdca26"], [1.0, "#f0f921"]], "diverging": [[0, "#8e0152"], [0.1, "#c51b7d"], [0.2, "#de77ae"], [0.3, "#f1b6da"], [0.4, "#fde0ef"], [0.5, "#f7f7f7"], [0.6, "#e6f5d0"], [0.7, "#b8e186"], [0.8, "#7fbc41"], [0.9, "#4d9221"], [1, "#276419"]]}, "xaxis": {"gridcolor": "rgba(0, 0, 0, 0)", "linecolor": "#506784", "ticks": "", "title": {"standoff": 15}, "zerolinecolor": "#283442", "automargin": true, "zerolinewidth": 2, "tickfont": {"family": "Courier New", "size": 14}, "side": "top", "tickangle": -90}, "yaxis": {"gridcolor": "rgba(0, 0, 0, 0)", "linecolor": "#506784", "ticks": "", "title": {"standoff": 15}, "zerolinecolor": "#283442", "automargin": true, "zerolinewidth": 2, "tickfont": {"family": "Courier New"}, "side": "right"}, "scene": {"xaxis": {"backgroundcolor": "rgb(17,17,17)", "gridcolor": "#506784", "linecolor": "#506784", "showbackground": true, "ticks": "", "zerolinecolor": "#C8D4E3", "gridwidth": 2}, "yaxis": {"backgroundcolor": "rgb(17,17,17)", "gridcolor": "#506784", "linecolor": "#506784", "showbackground": true, "ticks": "", "zerolinecolor": "#C8D4E3", "gridwidth": 2}, "zaxis": {"backgroundcolor": "rgb(17,17,17)", "gridcolor": "#506784", "linecolor": "#506784", "showbackground": true, "ticks": "", "zerolinecolor": "#C8D4E3", "gridwidth": 2}}, "shapedefaults": {"line": {"color": "#f2f5fa"}}, "annotationdefaults": {"arrowcolor": "#f2f5fa", "arrowhead": 0, "arrowwidth": 1}, "geo": {"bgcolor": "rgb(17,17,17)", "landcolor": "rgb(17,17,17)", "subunitcolor": "#506784", "showland": true, "showlakes": true, "lakecolor": "rgb(17,17,17)"}, "title": {"x": 0.05, "font": {"family": "Times New Roman"}, "y": 0.05, "text": "<b>Correlation of Adj Close<b><br><i>2016-09-23 ~ 2025-08-12<i>"}, "updatemenudefaults": {"bgcolor": "#506784", "borderwidth": 0}, "sliderdefaults": {"bgcolor": "#C8D4E3", "borderwidth": 1, "bordercolor": "rgb(17,17,17)", "tickwidth": 0}, "mapbox": {"style": "dark"}, "annotations": [{"text": "<b>@zwindr<b>", "textangle": 0, "opacity": 0.5, "font": {"color": "white", "size": 12}, "xref": "paper", "yref": "paper", "xanchor": "left", "yanchor": "bottom", "x": 1.0, "y": 1.0, "showarrow": false}]}, "config": {"responsive": true, "toImageButtonOptions": {"filename": "Correlation of Adj Close_2016-09-23~2025-08-12", "scale": 5}}};

    Plotly.newPlot("correlationAdjClose",
        correlationAdjClose.data,
        correlationAdjClose.layout || {},
        correlationAdjClose.config);
} else {
    // The element with the specified ID does not exist
    console.log("style display is none => correlationAdjClose");
}