var element = document.getElementById("correlationClose");

if (element.style.display != 'none') {
    var correlationClose = {"data": [{"type": "heatmap", "z": [[1.0, 0.999999999999998, 1.0, 0.9955437242357253, 0.9955437242357253, 0.9617169481003875, 0.9617169481003875, 0.8977387708880429, 0.8977387708880429, 0.9057110360438991, 0.9950006053564655, 0.9243485273744994, 0.9927226894842396, 0.9923383939220614, 0.9949711103611028, 0.9719323331030134, 0.9988966008062244, 0.9261255418230863, 0.7836166981592928, -0.08622667182904059, 0.9768486773225314, 0.06932214565023627, -0.015811655574622017, -0.2523634483773491, 0.8232143409692592, 0.9488247926268327, 0.9058798015573378, 0.9281101273805062, 0.770646703600581, 0.48711640368137693, 0.6141422159018182, 0.6397452440089898, 0.9289622556000346, 0.8131978549955411, 0.16951435776696017], [0.999999999999998, 1.0, 0.9999999999999981, 0.9954946357485158, 0.9954946357485158, 0.9610829838576963, 0.9610829838576963, 0.8989733236093614, 0.8989733236093614, 0.9062204158193867, 0.9949776993213593, 0.9250972282987188, 0.9924572232968997, 0.9917581257527829, 0.994944779101497, 0.9711843476685519, 0.9988982470346398, 0.9266725115789128, 0.8039735773848435, 0.12203741132882316, 0.9678802408679078, -0.09736826430361718, -0.007193094110764096, -0.2526115096071234, 0.6480130953664656, 0.9490481487473134, 0.8780241573982138, 0.9225756152915673, 0.783363094350095, 0.4777071085450786, 0.610717568000518, 0.6672579757468166, 0.9260047149063009, 0.6607667621959701, 0.1657581410409787], [1.0, 0.9999999999999981, 1.0, 0.9955437242357253, 0.9955437242357253, 0.9617169481003875, 0.9617169481003875, 0.8977387708880429, 0.8977387708880429, 0.9057110360438991, 0.9950006053564655, 0.9243485273744994, 0.9927226894842396, 0.9923383939220614, 0.9949711103611028, 0.9719323331030134, 0.9988966008062244, 0.9261255418230863, 0.7836166981592928, -0.08622667182904059, 0.9768486773225314, 0.06932214565023627, -0.015811655574622017, -0.2523634483773491, 0.8232143409692592, 0.9488247926268327, 0.9058798015573378, 0.9281101273805062, 0.770646703600581, 0.48711640368137693, 0.6141422159018182, 0.6397452440089898, 0.9289622556000346, 0.8131978549955411, 0.16951435776696017], [0.9955437242357253, 0.9954946357485158, 0.9955437242357253, 1.0, 1.0, 0.9486536002353496, 0.9486536002353496, 0.8836267504931803, 0.8836267504931803, 0.8958945451742252, 0.9994711136370964, 0.9171184134162951, 0.9883933170383297, 0.9842055129290485, 0.9994120152785, 0.9544135449709601, 0.9947831576345412, 0.9069537869941234, 0.7628196973839589, -0.09216638957148836, 0.9887831275752883, 0.08960639544004595, -0.04752915172201832, -0.2557326289116933, 0.8227213103313749, 0.9420266651266871, 0.9110030489533801, 0.9174659574473997, 0.7820245697475794, 0.5140425207482257, 0.6086584739322701, 0.6138267367513167, 0.9222473701895934, 0.8030728957124508, 0.1817628587337975], [0.9955437242357253, 0.9954946357485158, 0.9955437242357253, 1.0, 1.0, 0.9486536002353496, 0.9486536002353496, 0.8836267504931803, 0.8836267504931803, 0.8958945451742252, 0.9994711136370964, 0.9171184134162951, 0.9883933170383297, 0.9842055129290485, 0.9994120152785, 0.9544135449709601, 0.9947831576345412, 0.9069537869941234, 0.7628196973839589, -0.09216638957148836, 0.9887831275752883, 0.08960639544004595, -0.04752915172201832, -0.2557326289116933, 0.8227213103313749, 0.9420266651266871, 0.9110030489533801, 0.9174659574473997, 0.7820245697475794, 0.5140425207482257, 0.6086584739322701, 0.6138267367513167, 0.9222473701895934, 0.8030728957124508, 0.1817628587337975], [0.9617169481003875, 0.9610829838576963, 0.9617169481003875, 0.9486536002353496, 0.9486536002353496, 1.0, 1.0, 0.924352710866424, 0.924352710866424, 0.879509855635102, 0.9517136227082816, 0.8927783575336833, 0.9763024799920318, 0.9749749974709344, 0.9513849342770745, 0.9989917435128781, 0.9722261605007949, 0.9196768825390217, 0.6279927432389061, -0.03004877945765066, 0.9331149774417377, 0.25000920454159564, -0.21858045920575953, -0.10791194116269782, 0.8941611905091885, 0.9080093969673637, 0.925459380615754, 0.8960009329943147, 0.7292762374134756, 0.7096682343969903, 0.7257814827715591, 0.7153406854717695, 0.8474838812210167, 0.8475304759719072, 0.46044495172517974], [0.9617169481003875, 0.9610829838576963, 0.9617169481003875, 0.9486536002353496, 0.9486536002353496, 1.0, 1.0, 0.924352710866424, 0.924352710866424, 0.879509855635102, 0.9517136227082816, 0.8927783575336833, 0.9763024799920318, 0.9749749974709344, 0.9513849342770745, 0.9989917435128781, 0.9722261605007949, 0.9196768825390217, 0.6279927432389061, -0.03004877945765066, 0.9331149774417377, 0.25000920454159564, -0.21858045920575953, -0.10791194116269782, 0.8941611905091885, 0.9080093969673637, 0.925459380615754, 0.8960009329943147, 0.7292762374134756, 0.7096682343969903, 0.7257814827715591, 0.7153406854717695, 0.8474838812210167, 0.8475304759719072, 0.46044495172517974], [0.8977387708880429, 0.8989733236093614, 0.8977387708880429, 0.8836267504931803, 0.8836267504931803, 0.924352710866424, 0.924352710866424, 1.0, 1.0, 0.8595197613891552, 0.9386870709881501, 0.8565980167046578, 0.9475222568036512, 0.942671865337379, 0.9383546934756839, 0.9251794145499583, 0.9407629183762228, 0.972593431032439, 0.5635245658946133, 0.09044520809958695, 0.8409378740611174, 0.5018211754721172, -0.24351964911112234, 0.03331258004726587, 0.7847286044194595, 0.8017081630739173, 0.8625569987565183, 0.8425707326107779, 0.7422320316004719, 0.8692998900818216, 0.7692952258842767, 0.7197454768160144, 0.773013495303945, 0.8351958267761906, 0.7992206414920157], [0.8977387708880429, 0.8989733236093614, 0.8977387708880429, 0.8836267504931803, 0.8836267504931803, 0.924352710866424, 0.924352710866424, 1.0, 1.0, 0.8595197613891552, 0.9386870709881501, 0.8565980167046578, 0.9475222568036512, 0.942671865337379, 0.9383546934756839, 0.9251794145499583, 0.9407629183762228, 0.972593431032439, 0.5635245658946133, 0.09044520809958695, 0.8409378740611174, 0.5018211754721172, -0.24351964911112234, 0.03331258004726587, 0.7847286044194595, 0.8017081630739173, 0.8625569987565183, 0.8425707326107779, 0.7422320316004719, 0.8692998900818216, 0.7692952258842767, 0.7197454768160144, 0.773013495303945, 0.8351958267761906, 0.7992206414920157], [0.9057110360438991, 0.9062204158193867, 0.9057110360438991, 0.8958945451742252, 0.8958945451742252, 0.879509855635102, 0.879509855635102, 0.8595197613891552, 0.8595197613891552, 1.0, 0.8910604723983394, 0.9999757625723105, 0.870769703235339, 0.834288720837164, 0.8923493225728923, 0.8815974183296182, 0.9024594255564178, 0.8844837863018776, 0.7604819751740401, 0.23626197439051824, 0.8833830726758451, 0.7444301999472985, -0.29888562599626206, 0.39678965714585485, 0.8501285449133529, 0.7734334945127418, 0.8568846751368375, 0.8396510057424373, 0.7325017146581407, 0.7345293554715332, 0.8035558030357535, 0.7850862628055691, 0.8193475247811866, 0.8627379208248603, 0.7679845277037355], [0.9950006053564655, 0.9949776993213593, 0.9950006053564655, 0.9994711136370964, 0.9994711136370964, 0.9517136227082816, 0.9517136227082816, 0.9386870709881501, 0.9386870709881501, 0.8910604723983394, 1.0, 0.8908415557902783, 0.9881087205944873, 0.984451201410864, 0.9999145195843503, 0.9520630675352383, 0.9938631697046159, 0.9244731484997676, 0.8440114048539741, 0.14903806196812014, 0.9956526807355522, 0.8523181863966717, -0.43262650383365786, 0.36270984356961, 0.8625561361086468, 0.9153270774904206, 0.941344848697726, 0.913052003059718, 0.8050952643388248, 0.8931003354964567, 0.8725435300786737, 0.8136696951355131, 0.8963518951868229, 0.9424295688106155, 0.7798340467325336], [0.9243485273744994, 0.9250972282987188, 0.9243485273744994, 0.9171184134162951, 0.9171184134162951, 0.8927783575336833, 0.8927783575336833, 0.8565980167046578, 0.8565980167046578, 0.9999757625723105, 0.8908415557902783, 1.0, 0.8707913124790916, 0.8341891004988952, 0.8924036956170207, 0.8947615062776613, 0.907902239316891, 0.8797758901055776, 0.7071987197464334, 0.004036113966145123, 0.9042513718297388, 0.5835552509791377, -0.21732226859544748, -0.23679161028128717, 0.8593130159219767, 0.8218702647198383, 0.8384033895001299, 0.8595753680547915, 0.7758592249772657, 0.7365965726684519, 0.7771343481789881, 0.7136971855672, 0.8549895693038111, 0.755387951008208, 0.7288670435359863], [0.9927226894842396, 0.9924572232968997, 0.9927226894842396, 0.9883933170383297, 0.9883933170383297, 0.9763024799920318, 0.9763024799920318, 0.9475222568036512, 0.9475222568036512, 0.870769703235339, 0.9881087205944873, 0.8707913124790916, 1.0, 0.9996907256488382, 0.9880376175327609, 0.9745271020969241, 0.9898742444913989, 0.9203929356661383, 0.8118888027735468, 0.1877106470568309, 0.9856777627603321, 0.8763947578973144, -0.6155916308965889, 0.4404792615672119, 0.8435735526771982, 0.928285197895502, 0.9579099915011169, 0.9075817652754868, 0.729064657686743, 0.8932121140510616, 0.8526981903624156, 0.8051969766068361, 0.8775526290936092, 0.9629184169957434, 0.8155322958541289], [0.9923383939220614, 0.9917581257527829, 0.9923383939220614, 0.9842055129290485, 0.9842055129290485, 0.9749749974709344, 0.9749749974709344, 0.942671865337379, 0.942671865337379, 0.834288720837164, 0.984451201410864, 0.8341891004988952, 0.9996907256488382, 1.0, 0.9845447206780356, 0.9721210967694304, 0.9881741804022134, 0.907777555503347, 0.8305649078246966, 0.06690033720142097, 0.9799723435278, 0.8852520110318776, -0.8237835932177336, 0.48715270515716314, 0.8004532945228451, 0.9336979710156026, 0.9556357746631629, 0.8940593859700932, 0.645568242267585, 0.9036023441492534, 0.83953782833472, 0.7563358379572002, 0.9100750693494744, 0.9652446500968073, 0.7844746792421865], [0.9949711103611028, 0.994944779101497, 0.9949711103611028, 0.9994120152785, 0.9994120152785, 0.9513849342770745, 0.9513849342770745, 0.9383546934756839, 0.9383546934756839, 0.8923493225728923, 0.9999145195843503, 0.8924036956170207, 0.9880376175327609, 0.9845447206780356, 1.0, 0.9518491461588388, 0.9938554682643159, 0.9248123176478749, 0.8449674841665173, 0.14947216583023692, 0.9955207119700085, 0.8515206737225596, -0.42903038772045105, 0.36186159171416427, 0.8626584011365747, 0.9135455242598206, 0.9402590949904825, 0.9134660472328014, 0.8062979938979042, 0.8923573176428464, 0.8736019282480025, 0.8147798082632164, 0.8960465027007846, 0.9421876789188338, 0.7799319806262828], [0.9719323331030134, 0.9711843476685519, 0.9719323331030134, 0.9544135449709601, 0.9544135449709601, 0.9989917435128781, 0.9989917435128781, 0.9251794145499583, 0.9251794145499583, 0.8815974183296182, 0.9520630675352383, 0.8947615062776613, 0.9745271020969241, 0.9721210967694304, 0.9518491461588388, 1.0, 0.9737939237325008, 0.9193458710784321, 0.6765594464350888, -0.010655571711425742, 0.9437582107992356, 0.579451582463375, -0.3512445007172494, -0.16129030591197924, 0.9070120070260267, 0.9185940787708523, 0.920791026984481, 0.9041815024772086, 0.7692924381309149, 0.8349433980758063, 0.7754853358910457, 0.7728666022913839, 0.8711625602925248, 0.8444460754484132, 0.787558779515993], [0.9988966008062244, 0.9988982470346398, 0.9988966008062244, 0.9947831576345412, 0.9947831576345412, 0.9722261605007949, 0.9722261605007949, 0.9407629183762228, 0.9407629183762228, 0.9024594255564178, 0.9938631697046159, 0.907902239316891, 0.9898742444913989, 0.9881741804022134, 0.9938554682643159, 0.9737939237325008, 1.0, 0.9413455278746715, 0.8501624934685249, 0.14979619730059565, 0.9868598247396755, 0.82164708742274, -0.41243614442163273, 0.3756619137303234, 0.8968578108802281, 0.9278265526517354, 0.9452320015552639, 0.9374760145094108, 0.8253332491923131, 0.8812466939075675, 0.8990897837249977, 0.8443786362292823, 0.9081849106734351, 0.9471739080654306, 0.8360742503932004], [0.9261255418230863, 0.9266725115789128, 0.9261255418230863, 0.9069537869941234, 0.9069537869941234, 0.9196768825390217, 0.9196768825390217, 0.972593431032439, 0.972593431032439, 0.8844837863018776, 0.9244731484997676, 0.8797758901055776, 0.9203929356661383, 0.907777555503347, 0.9248123176478749, 0.9193458710784321, 0.9413455278746715, 1.0, 0.7294143797902017, 0.011506647991913702, 0.8700575804662173, 0.5120078003580794, -0.1373210917944571, -0.20211042164746726, 0.8229905250629326, 0.8301804491668914, 0.829468569585244, 0.9124087542813659, 0.8304290979299692, 0.7967637129763556, 0.7435662326070946, 0.701806461090953, 0.8374369280648947, 0.7652451254501914, 0.8466799027103574], [0.7836166981592928, 0.8039735773848435, 0.7836166981592928, 0.7628196973839589, 0.7628196973839589, 0.6279927432389061, 0.6279927432389061, 0.5635245658946133, 0.5635245658946133, 0.7604819751740401, 0.8440114048539741, 0.7071987197464334, 0.8118888027735468, 0.8305649078246966, 0.8449674841665173, 0.6765594464350888, 0.8501624934685249, 0.7294143797902017, 1.0, 0.05755361424853859, 0.7253231450845603, -0.4317129449947803, 0.3781651030510421, -0.6615023720423331, 0.3350857853867402, 0.7966132951159324, 0.48603620695398525, 0.8303535911243988, 0.6822538617522087, 0.04805319467929568, 0.28083116583124423, 0.5585674021850253, 0.7767233917871513, 0.452973147567547, -0.1694464762686075], [-0.08622667182904059, 0.12203741132882316, -0.08622667182904059, -0.09216638957148836, -0.09216638957148836, -0.03004877945765066, -0.03004877945765066, 0.09044520809958695, 0.09044520809958695, 0.23626197439051824, 0.14903806196812014, 0.004036113966145123, 0.1877106470568309, 0.06690033720142097, 0.14947216583023692, -0.010655571711425742, 0.14979619730059565, 0.011506647991913702, 0.05755361424853859, 1.0, -0.05242205153408304, 0.1342226939787991, 0.1224766495626622, 0.7522087460704514, -0.07845490687724431, 0.03446564707680369, 0.028929635494837114, 0.19453808173957127, 0.03330612100236246, 0.11145107631894267, 0.3818995085942788, 0.5868402998665826, -0.08458731483754897, 0.14072372712876063, 0.17235626157092163], [0.9768486773225314, 0.9678802408679078, 0.9768486773225314, 0.9887831275752883, 0.9887831275752883, 0.9331149774417377, 0.9331149774417377, 0.8409378740611174, 0.8409378740611174, 0.8833830726758451, 0.9956526807355522, 0.9042513718297388, 0.9856777627603321, 0.9799723435278, 0.9955207119700085, 0.9437582107992356, 0.9868598247396755, 0.8700575804662173, 0.7253231450845603, -0.05242205153408304, 1.0, -0.0017760899123369137, -0.10982264888427055, -0.3144326693649461, 0.6850445408380472, 0.9254058618544538, 0.8946733284379118, 0.8600113416285488, 0.7506079479651288, 0.5103728605283816, 0.5720040888556568, 0.5414452250565136, 0.9006408563471039, 0.6383895946904999, 0.16034514831884314], [0.06932214565023627, -0.09736826430361718, 0.06932214565023627, 0.08960639544004595, 0.08960639544004595, 0.25000920454159564, 0.25000920454159564, 0.5018211754721172, 0.5018211754721172, 0.7444301999472985, 0.8523181863966717, 0.5835552509791377, 0.8763947578973144, 0.8852520110318776, 0.8515206737225596, 0.579451582463375, 0.82164708742274, 0.5120078003580794, -0.4317129449947803, 0.1342226939787991, -0.0017760899123369137, 1.0, -0.4267223506474974, 0.7724709606279531, 0.3621933974528216, -0.04681571823193546, 0.25586711767478454, -0.15550513442393257, 0.022526774611712368, 0.5603415435880131, 0.4487096553942663, 0.18133318625155043, -0.07795925006452983, 0.35699561097072074, 0.46370923291871735], [-0.015811655574622017, -0.007193094110764096, -0.015811655574622017, -0.04752915172201832, -0.04752915172201832, -0.21858045920575953, -0.21858045920575953, -0.24351964911112234, -0.24351964911112234, -0.29888562599626206, -0.43262650383365786, -0.21732226859544748, -0.6155916308965889, -0.8237835932177336, -0.42903038772045105, -0.3512445007172494, -0.41243614442163273, -0.1373210917944571, 0.3781651030510421, 0.1224766495626622, -0.10982264888427055, -0.4267223506474974, 1.0, -0.044983817384132985, -0.13285760474134778, -0.06002453841711836, -0.2505421939580929, 0.013628501745910281, -0.023014128939240656, -0.5380906171394279, -0.1601050915440865, 0.001379894410949427, 0.02345338056276462, -0.16179075280549535, -0.4008743102488006], [-0.2523634483773491, -0.2526115096071234, -0.2523634483773491, -0.2557326289116933, -0.2557326289116933, -0.10791194116269782, -0.10791194116269782, 0.03331258004726587, 0.03331258004726587, 0.39678965714585485, 0.36270984356961, -0.23679161028128717, 0.4404792615672119, 0.48715270515716314, 0.36186159171416427, -0.16129030591197924, 0.3756619137303234, -0.20211042164746726, -0.6615023720423331, 0.7522087460704514, -0.3144326693649461, 0.7724709606279531, -0.044983817384132985, 1.0, -0.09955545669924948, -0.2985015093658199, -0.05243985847637732, -0.3502594170452905, -0.32730650888514196, 0.10226122190704147, 0.17805099572841265, 0.271815791853863, -0.38274978798826675, 0.13806342032034666, 0.10353105226011347], [0.8232143409692592, 0.6480130953664656, 0.8232143409692592, 0.8227213103313749, 0.8227213103313749, 0.8941611905091885, 0.8941611905091885, 0.7847286044194595, 0.7847286044194595, 0.8501285449133529, 0.8625561361086468, 0.8593130159219767, 0.8435735526771982, 0.8004532945228451, 0.8626584011365747, 0.9070120070260267, 0.8968578108802281, 0.8229905250629326, 0.3350857853867402, -0.07845490687724431, 0.6850445408380472, 0.3621933974528216, -0.13285760474134778, -0.09955545669924948, 1.0, 0.609224012459698, 0.8427314505719024, 0.481324152983706, 0.6158376131794867, 0.5311467743106085, 0.646506232385131, 0.4168569826237746, 0.6973279600145572, 0.698623195823034, 0.41044427612846235], [0.9488247926268327, 0.9490481487473134, 0.9488247926268327, 0.9420266651266871, 0.9420266651266871, 0.9080093969673637, 0.9080093969673637, 0.8017081630739173, 0.8017081630739173, 0.7734334945127418, 0.9153270774904206, 0.8218702647198383, 0.928285197895502, 0.9336979710156026, 0.9135455242598206, 0.9185940787708523, 0.9278265526517354, 0.8301804491668914, 0.7966132951159324, 0.03446564707680369, 0.9254058618544538, -0.04681571823193546, -0.06002453841711836, -0.2985015093658199, 0.609224012459698, 1.0, 0.8313338352144927, 0.8562848787306786, 0.7092951261774603, 0.36534821720607863, 0.49424304026491644, 0.5973377252089644, 0.8987351114955616, 0.6234790739065597, 0.06069631182247653], [0.9058798015573378, 0.8780241573982138, 0.9058798015573378, 0.9110030489533801, 0.9110030489533801, 0.925459380615754, 0.925459380615754, 0.8625569987565183, 0.8625569987565183, 0.8568846751368375, 0.941344848697726, 0.8384033895001299, 0.9579099915011169, 0.9556357746631629, 0.9402590949904825, 0.920791026984481, 0.9452320015552639, 0.829468569585244, 0.48603620695398525, 0.028929635494837114, 0.8946733284379118, 0.25586711767478454, -0.2505421939580929, -0.05243985847637732, 0.8427314505719024, 0.8313338352144927, 1.0, 0.7357298845071741, 0.5852317726697569, 0.5488650138857786, 0.5776665603757399, 0.5295058402733835, 0.8021008388882376, 0.8182032999008628, 0.20669295600677837], [0.9281101273805062, 0.9225756152915673, 0.9281101273805062, 0.9174659574473997, 0.9174659574473997, 0.8960009329943147, 0.8960009329943147, 0.8425707326107779, 0.8425707326107779, 0.8396510057424373, 0.913052003059718, 0.8595753680547915, 0.9075817652754868, 0.8940593859700932, 0.9134660472328014, 0.9041815024772086, 0.9374760145094108, 0.9124087542813659, 0.8303535911243988, 0.19453808173957127, 0.8600113416285488, -0.15550513442393257, 0.013628501745910281, -0.3502594170452905, 0.481324152983706, 0.8562848787306786, 0.7357298845071741, 1.0, 0.9016581316770462, 0.5073587632057287, 0.6715623103235745, 0.663997554074219, 0.8715457944782904, 0.47745361867924424, 0.28975802756330066], [0.770646703600581, 0.783363094350095, 0.770646703600581, 0.7820245697475794, 0.7820245697475794, 0.7292762374134756, 0.7292762374134756, 0.7422320316004719, 0.7422320316004719, 0.7325017146581407, 0.8050952643388248, 0.7758592249772657, 0.729064657686743, 0.645568242267585, 0.8062979938979042, 0.7692924381309149, 0.8253332491923131, 0.8304290979299692, 0.6822538617522087, 0.03330612100236246, 0.7506079479651288, 0.022526774611712368, -0.023014128939240656, -0.32730650888514196, 0.6158376131794867, 0.7092951261774603, 0.5852317726697569, 0.9016581316770462, 1.0, 0.5500713624856027, 0.6537863858810113, 0.6047452125532146, 0.7161065940347409, 0.5594926734578394, 0.47009510514878494], [0.48711640368137693, 0.4777071085450786, 0.48711640368137693, 0.5140425207482257, 0.5140425207482257, 0.7096682343969903, 0.7096682343969903, 0.8692998900818216, 0.8692998900818216, 0.7345293554715332, 0.8931003354964567, 0.7365965726684519, 0.8932121140510616, 0.9036023441492534, 0.8923573176428464, 0.8349433980758063, 0.8812466939075675, 0.7967637129763556, 0.04805319467929568, 0.11145107631894267, 0.5103728605283816, 0.5603415435880131, -0.5380906171394279, 0.10226122190704147, 0.5311467743106085, 0.36534821720607863, 0.5488650138857786, 0.5073587632057287, 0.5500713624856027, 1.0, 0.7332851856927414, 0.3703319729703266, 0.4425232668373921, 0.5340230168644512, 0.7820855201270229], [0.6141422159018182, 0.610717568000518, 0.6141422159018182, 0.6086584739322701, 0.6086584739322701, 0.7257814827715591, 0.7257814827715591, 0.7692952258842767, 0.7692952258842767, 0.8035558030357535, 0.8725435300786737, 0.7771343481789881, 0.8526981903624156, 0.83953782833472, 0.8736019282480025, 0.7754853358910457, 0.8990897837249977, 0.7435662326070946, 0.28083116583124423, 0.3818995085942788, 0.5720040888556568, 0.4487096553942663, -0.1601050915440865, 0.17805099572841265, 0.646506232385131, 0.49424304026491644, 0.5776665603757399, 0.6715623103235745, 0.6537863858810113, 0.7332851856927414, 1.0, 0.7778140685235709, 0.4681363245463348, 0.7153503965464235, 0.5474168223068326], [0.6397452440089898, 0.6672579757468166, 0.6397452440089898, 0.6138267367513167, 0.6138267367513167, 0.7153406854717695, 0.7153406854717695, 0.7197454768160144, 0.7197454768160144, 0.7850862628055691, 0.8136696951355131, 0.7136971855672, 0.8051969766068361, 0.7563358379572002, 0.8147798082632164, 0.7728666022913839, 0.8443786362292823, 0.701806461090953, 0.5585674021850253, 0.5868402998665826, 0.5414452250565136, 0.18133318625155043, 0.001379894410949427, 0.271815791853863, 0.4168569826237746, 0.5973377252089644, 0.5295058402733835, 0.663997554074219, 0.6047452125532146, 0.3703319729703266, 0.7778140685235709, 1.0, 0.4850783120211531, 0.6644051674182732, 0.1953013332123053], [0.9289622556000346, 0.9260047149063009, 0.9289622556000346, 0.9222473701895934, 0.9222473701895934, 0.8474838812210167, 0.8474838812210167, 0.773013495303945, 0.773013495303945, 0.8193475247811866, 0.8963518951868229, 0.8549895693038111, 0.8775526290936092, 0.9100750693494744, 0.8960465027007846, 0.8711625602925248, 0.9081849106734351, 0.8374369280648947, 0.7767233917871513, -0.08458731483754897, 0.9006408563471039, -0.07795925006452983, 0.02345338056276462, -0.38274978798826675, 0.6973279600145572, 0.8987351114955616, 0.8021008388882376, 0.8715457944782904, 0.7161065940347409, 0.4425232668373921, 0.4681363245463348, 0.4850783120211531, 1.0, 0.7091999028252752, 0.15796203614351215], [0.8131978549955411, 0.6607667621959701, 0.8131978549955411, 0.8030728957124508, 0.8030728957124508, 0.8475304759719072, 0.8475304759719072, 0.8351958267761906, 0.8351958267761906, 0.8627379208248603, 0.9424295688106155, 0.755387951008208, 0.9629184169957434, 0.9652446500968073, 0.9421876789188338, 0.8444460754484132, 0.9471739080654306, 0.7652451254501914, 0.452973147567547, 0.14072372712876063, 0.6383895946904999, 0.35699561097072074, -0.16179075280549535, 0.13806342032034666, 0.698623195823034, 0.6234790739065597, 0.8182032999008628, 0.47745361867924424, 0.5594926734578394, 0.5340230168644512, 0.7153503965464235, 0.6644051674182732, 0.7091999028252752, 1.0, 0.16689749578194707], [0.16951435776696017, 0.1657581410409787, 0.16951435776696017, 0.1817628587337975, 0.1817628587337975, 0.46044495172517974, 0.46044495172517974, 0.7992206414920157, 0.7992206414920157, 0.7679845277037355, 0.7798340467325336, 0.7288670435359863, 0.8155322958541289, 0.7844746792421865, 0.7799319806262828, 0.787558779515993, 0.8360742503932004, 0.8466799027103574, -0.1694464762686075, 0.17235626157092163, 0.16034514831884314, 0.46370923291871735, -0.4008743102488006, 0.10353105226011347, 0.41044427612846235, 0.06069631182247653, 0.20669295600677837, 0.28975802756330066, 0.47009510514878494, 0.7820855201270229, 0.5474168223068326, 0.1953013332123053, 0.15796203614351215, 0.16689749578194707, 1.0]], "x": ["^TAIEX       \u81fa\u7063\u52a0\u6b0a\u5831\u916c\u6307\u6578", "^TWII        \u81fa\u7063\u52a0\u6b0a\u6307\u6578", "^TAIEXx2     \u81fa\u7063\u52a0\u6b0a\u5831\u916c\u6307\u6578_\u65e5\u6b632", "^TAI50I      \u81fa\u706350\u5831\u916c\u6307\u6578", "^TAI50Ix2    \u81fa\u706350\u5831\u916c\u6307\u6578_\u65e5\u6b632", "^TAI100I     \u81fa\u7063\u4e2d\u578b100\u5831\u916c\u6307\u6578", "^TAI100Ix2   \u81fa\u7063\u4e2d\u578b100\u5831\u916c\u6307\u6578_\u65e5\u6b632", "^TAIDIVIDI   \u81fa\u7063\u9ad8\u80a1\u606f\u5831\u916c\u6307\u6578", "^TAIDIVIDIx2 \u81fa\u7063\u9ad8\u80a1\u606f\u5831\u916c\u6307\u6578_\u65e5\u6b632", "0050Fund     \u5143\u5927\u53f0\u7063\u5353\u8d8a50\u57fa\u91d1", "006208Fund   \u5bcc\u90a6\u53f0\u7063\u91c6\u540950\u57fa\u91d1", "0050         \u5143\u5927\u81fa\u706350", "00631L       \u5143\u5927\u53f0\u706350\u6b632", "00675L       \u5bcc\u90a6\u81fa\u7063\u52a0\u6b0a\u6b632", "006208       \u5bcc\u90a6\u53f050", "0051         \u5143\u5927\u4e2d\u578b100", "006204       \u6c38\u8c50\u81fa\u7063\u52a0\u6b0a", "0056         \u5143\u5927\u9ad8\u80a1\u606f", "2412         \u4e2d\u83ef\u96fb\u4fe1", "2002         \u4e2d\u92fc", "2330         \u53f0\u7a4d\u96fb", "2317         \u9d3b\u6d77", "6505         \u53f0\u5851\u77f3\u5316", "3481         \u7fa4\u5275", "2303         \u806f\u96fb", "2308         \u53f0\u9054\u96fb", "2454         \u806f\u767c\u79d1", "2886         \u5146\u8c50\u91d1", "2884         \u7389\u5c71\u91d1", "2891         \u4e2d\u4fe1\u91d1", "2892         \u7b2c\u4e00\u91d1", "5880         \u5408\u5eab\u91d1", "2881         \u5bcc\u90a6\u91d1", "2885         \u5143\u5927\u91d1", "2887         \u53f0\u65b0\u91d1"], "y": ["^TAIEX       \u81fa\u7063\u52a0\u6b0a\u5831\u916c\u6307\u6578", "^TWII        \u81fa\u7063\u52a0\u6b0a\u6307\u6578", "^TAIEXx2     \u81fa\u7063\u52a0\u6b0a\u5831\u916c\u6307\u6578_\u65e5\u6b632", "^TAI50I      \u81fa\u706350\u5831\u916c\u6307\u6578", "^TAI50Ix2    \u81fa\u706350\u5831\u916c\u6307\u6578_\u65e5\u6b632", "^TAI100I     \u81fa\u7063\u4e2d\u578b100\u5831\u916c\u6307\u6578", "^TAI100Ix2   \u81fa\u7063\u4e2d\u578b100\u5831\u916c\u6307\u6578_\u65e5\u6b632", "^TAIDIVIDI   \u81fa\u7063\u9ad8\u80a1\u606f\u5831\u916c\u6307\u6578", "^TAIDIVIDIx2 \u81fa\u7063\u9ad8\u80a1\u606f\u5831\u916c\u6307\u6578_\u65e5\u6b632", "0050Fund     \u5143\u5927\u53f0\u7063\u5353\u8d8a50\u57fa\u91d1", "006208Fund   \u5bcc\u90a6\u53f0\u7063\u91c6\u540950\u57fa\u91d1", "0050         \u5143\u5927\u81fa\u706350", "00631L       \u5143\u5927\u53f0\u706350\u6b632", "00675L       \u5bcc\u90a6\u81fa\u7063\u52a0\u6b0a\u6b632", "006208       \u5bcc\u90a6\u53f050", "0051         \u5143\u5927\u4e2d\u578b100", "006204       \u6c38\u8c50\u81fa\u7063\u52a0\u6b0a", "0056         \u5143\u5927\u9ad8\u80a1\u606f", "2412         \u4e2d\u83ef\u96fb\u4fe1", "2002         \u4e2d\u92fc", "2330         \u53f0\u7a4d\u96fb", "2317         \u9d3b\u6d77", "6505         \u53f0\u5851\u77f3\u5316", "3481         \u7fa4\u5275", "2303         \u806f\u96fb", "2308         \u53f0\u9054\u96fb", "2454         \u806f\u767c\u79d1", "2886         \u5146\u8c50\u91d1", "2884         \u7389\u5c71\u91d1", "2891         \u4e2d\u4fe1\u91d1", "2892         \u7b2c\u4e00\u91d1", "5880         \u5408\u5eab\u91d1", "2881         \u5bcc\u90a6\u91d1", "2885         \u5143\u5927\u91d1", "2887         \u53f0\u65b0\u91d1"], "zmin": -1, "zmax": 1, "colorbar": {"x": -0.2}}], "layout": {"autotypenumbers": "strict", "colorway": ["#636efa", "#EF553B", "#00cc96", "#ab63fa", "#FFA15A", "#19d3f3", "#FF6692", "#B6E880", "#FF97FF", "#FECB52"], "font": {"color": "#f2f5fa", "family": "Courier New"}, "hovermode": "closest", "hoverlabel": {"align": "left"}, "paper_bgcolor": "rgb(17,17,17)", "plot_bgcolor": "rgb(17,17,17)", "polar": {"bgcolor": "rgb(17,17,17)", "angularaxis": {"gridcolor": "#506784", "linecolor": "#506784", "ticks": ""}, "radialaxis": {"gridcolor": "#506784", "linecolor": "#506784", "ticks": ""}}, "ternary": {"bgcolor": "rgb(17,17,17)", "aaxis": {"gridcolor": "#506784", "linecolor": "#506784", "ticks": ""}, "baxis": {"gridcolor": "#506784", "linecolor": "#506784", "ticks": ""}, "caxis": {"gridcolor": "#506784", "linecolor": "#506784", "ticks": ""}}, "coloraxis": {"colorbar": {"outlinewidth": 0, "ticks": ""}}, "colorscale": {"sequential": [[0.0, "#0d0887"], [0.1111111111111111, "#46039f"], [0.2222222222222222, "#7201a8"], [0.3333333333333333, "#9c179e"], [0.4444444444444444, "#bd3786"], [0.5555555555555556, "#d8576b"], [0.6666666666666666, "#ed7953"], [0.7777777777777778, "#fb9f3a"], [0.8888888888888888, "#fdca26"], [1.0, "#f0f921"]], "sequentialminus": [[0.0, "#0d0887"], [0.1111111111111111, "#46039f"], [0.2222222222222222, "#7201a8"], [0.3333333333333333, "#9c179e"], [0.4444444444444444, "#bd3786"], [0.5555555555555556, "#d8576b"], [0.6666666666666666, "#ed7953"], [0.7777777777777778, "#fb9f3a"], [0.8888888888888888, "#fdca26"], [1.0, "#f0f921"]], "diverging": [[0, "#8e0152"], [0.1, "#c51b7d"], [0.2, "#de77ae"], [0.3, "#f1b6da"], [0.4, "#fde0ef"], [0.5, "#f7f7f7"], [0.6, "#e6f5d0"], [0.7, "#b8e186"], [0.8, "#7fbc41"], [0.9, "#4d9221"], [1, "#276419"]]}, "xaxis": {"gridcolor": "rgba(0, 0, 0, 0)", "linecolor": "#506784", "ticks": "", "title": {"standoff": 15}, "zerolinecolor": "#283442", "automargin": true, "zerolinewidth": 2, "tickfont": {"family": "Courier New", "size": 14}, "side": "top", "tickangle": -90}, "yaxis": {"gridcolor": "rgba(0, 0, 0, 0)", "linecolor": "#506784", "ticks": "", "title": {"standoff": 15}, "zerolinecolor": "#283442", "automargin": true, "zerolinewidth": 2, "tickfont": {"family": "Courier New"}, "side": "right"}, "scene": {"xaxis": {"backgroundcolor": "rgb(17,17,17)", "gridcolor": "#506784", "linecolor": "#506784", "showbackground": true, "ticks": "", "zerolinecolor": "#C8D4E3", "gridwidth": 2}, "yaxis": {"backgroundcolor": "rgb(17,17,17)", "gridcolor": "#506784", "linecolor": "#506784", "showbackground": true, "ticks": "", "zerolinecolor": "#C8D4E3", "gridwidth": 2}, "zaxis": {"backgroundcolor": "rgb(17,17,17)", "gridcolor": "#506784", "linecolor": "#506784", "showbackground": true, "ticks": "", "zerolinecolor": "#C8D4E3", "gridwidth": 2}}, "shapedefaults": {"line": {"color": "#f2f5fa"}}, "annotationdefaults": {"arrowcolor": "#f2f5fa", "arrowhead": 0, "arrowwidth": 1}, "geo": {"bgcolor": "rgb(17,17,17)", "landcolor": "rgb(17,17,17)", "subunitcolor": "#506784", "showland": true, "showlakes": true, "lakecolor": "rgb(17,17,17)"}, "title": {"x": 0.05, "font": {"family": "Times New Roman"}, "y": 0.05, "text": "<b>Correlation of Close<b><br><i>2016-09-23 ~ 2025-08-15<i>"}, "updatemenudefaults": {"bgcolor": "#506784", "borderwidth": 0}, "sliderdefaults": {"bgcolor": "#C8D4E3", "borderwidth": 1, "bordercolor": "rgb(17,17,17)", "tickwidth": 0}, "mapbox": {"style": "dark"}, "annotations": [{"text": "<b>@zwindr<b>", "textangle": 0, "opacity": 0.5, "font": {"color": "white", "size": 12}, "xref": "paper", "yref": "paper", "xanchor": "left", "yanchor": "bottom", "x": 1.0, "y": 1.0, "showarrow": false}]}, "config": {"responsive": true, "toImageButtonOptions": {"filename": "Correlation of Close_2016-09-23~2025-08-15", "scale": 5}}};

    Plotly.newPlot("correlationClose",
        correlationClose.data,
        correlationClose.layout || {},
        correlationClose.config);
} else {
    // The element with the specified ID does not exist
    console.log("style display is none => correlationClose");
}