var element=document.getElementById("correlationClose");if(element.style.display!='none'){var correlationClose={"data":[{"type":"heatmap","z":[[1.0,0.9999999999999982,1.0,0.9951518721984538,0.9951518721984538,0.9663659902745633,0.9663659902745633,0.9066502953244274,0.9066502953244274,0.8377181674567973,0.994505273574253,0.7998601541890495,0.9926001617569984,0.9927370812595258,0.994549617602073,0.9745774228178018,0.9990708783865818,0.9190921375677514,0.9190921375677514,0.7828631166602399,-0.1421251969878564,0.9782524089009657,0.1656532516467293,-0.10160872309417283,-0.25137007632302427,0.8144136017544316,0.9070592396987843,0.9146493376256317,0.9257944940427895,0.7810004742240876,0.5595493098786862,0.6372240294465281,0.6302280400887025,0.933962780719153,0.8341810130905996,0.19130058814693965],[0.9999999999999982,1.0,0.9999999999999984,0.9951198366089379,0.9951198366089379,0.965833692159744,0.965833692159744,0.9076019313585705,0.9076019313585705,0.839122536849084,0.9944985948559539,0.7999711908537975,0.9923191575624668,0.992229726696041,0.9945525126536185,0.9740088901971533,0.9990723927195069,0.9192596619955437,0.9192596619955437,0.8013856666070527,0.06941221208462348,0.9701623028616868,-0.04083733114602228,-0.09422098419282449,-0.2516493867726496,0.6478823524712041,0.90809671665338,0.890359348661052,0.9204232479257747,0.7916734832542311,0.5513772023607615,0.6343958841250732,0.6559148572932763,0.9316999800175972,0.6915072282261975,0.18825121910768172],[1.0,0.9999999999999984,1.0,0.9951518721984538,0.9951518721984538,0.9663659902745633,0.9663659902745633,0.9066502953244274,0.9066502953244274,0.8377181674567973,0.994505273574253,0.7998601541890495,0.9926001617569984,0.9927370812595258,0.994549617602073,0.9745774228178018,0.9990708783865818,0.9190921375677514,0.9190921375677514,0.7828631166602399,-0.1421251969878564,0.9782524089009657,0.1656532516467293,-0.10160872309417283,-0.25137007632302427,0.8144136017544316,0.9070592396987843,0.9146493376256317,0.9257944940427895,0.7810004742240876,0.5595493098786862,0.6372240294465281,0.6302280400887025,0.933962780719153,0.8341810130905996,0.19130058814693965],[0.9951518721984538,0.9951198366089379,0.9951518721984538,1.0,1.0,0.9531800950601252,0.9531800950601252,0.8910738587091913,0.8910738587091913,0.8134048784911649,0.9995389934081161,0.7737306555023703,0.9910904056420146,0.9881511808462844,0.9995002711322772,0.9571372422221481,0.9948128797819967,0.8948933742909883,0.8948933742909883,0.7577403982733028,-0.15013975630056403,0.99058915409802,0.1923622646635679,-0.13754881806289807,-0.2517985977251754,0.805491415069473,0.918339388946637,0.9159843577588648,0.9102810330551745,0.7860977028161539,0.5881965986996387,0.6302173933702745,0.600106545132862,0.9243064359324914,0.8237874682925865,0.20329636138888643],[0.9951518721984538,0.9951198366089379,0.9951518721984538,1.0,1.0,0.9531800950601252,0.9531800950601252,0.8910738587091913,0.8910738587091913,0.8134048784911649,0.9995389934081161,0.7737306555023703,0.9910904056420146,0.9881511808462844,0.9995002711322772,0.9571372422221481,0.9948128797819967,0.8948933742909883,0.8948933742909883,0.7577403982733028,-0.15013975630056403,0.99058915409802,0.1923622646635679,-0.13754881806289807,-0.2517985977251754,0.805491415069473,0.918339388946637,0.9159843577588648,0.9102810330551745,0.7860977028161539,0.5881965986996387,0.6302173933702745,0.600106545132862,0.9243064359324914,0.8237874682925865,0.20329636138888643],[0.9663659902745633,0.965833692159744,0.9663659902745633,0.9531800950601252,0.9531800950601252,1.0,1.0,0.9317567919539934,0.9317567919539934,0.8084879459218794,0.9527294573549904,0.7938717522962762,0.9702681340933951,0.9677526737514709,0.952583789397388,0.9990871836771015,0.9742583189259117,0.9189560215785828,0.9189560215785828,0.6463127936184587,-0.09077991644659736,0.9385437498498177,0.3219790820242586,-0.28572922293448416,-0.11936005656924052,0.883501846327866,0.8591396011514756,0.9325219236526991,0.9003411291612483,0.7455280831123117,0.7504594486120636,0.739880984593174,0.7051852038190652,0.8633041229501243,0.8650817833087705,0.471005157055558],[0.9663659902745633,0.965833692159744,0.9663659902745633,0.9531800950601252,0.9531800950601252,1.0,1.0,0.9317567919539934,0.9317567919539934,0.8084879459218794,0.9527294573549904,0.7938717522962762,0.9702681340933951,0.9677526737514709,0.952583789397388,0.9990871836771015,0.9742583189259117,0.9189560215785828,0.9189560215785828,0.6463127936184587,-0.09077991644659736,0.9385437498498177,0.3219790820242586,-0.28572922293448416,-0.11936005656924052,0.883501846327866,0.8591396011514756,0.9325219236526991,0.9003411291612483,0.7455280831123117,0.7504594486120636,0.739880984593174,0.7051852038190652,0.8633041229501243,0.8650817833087705,0.471005157055558],[0.9066502953244274,0.9076019313585705,0.9066502953244274,0.8910738587091913,0.8910738587091913,0.9317567919539934,0.9317567919539934,1.0,1.0,0.7561007932526354,0.9377633878334555,0.7741974808279478,0.9414846837566432,0.9362388468844738,0.9376439152292019,0.9328088431932852,0.9449812324466915,0.9712520511505857,0.9712520511505857,0.5891702782832112,0.030031793506104337,0.8530106415727889,0.5528790624625375,-0.31166375988805534,0.015768057112988024,0.7872434142355611,0.7583993029550682,0.8755746528156495,0.8535064363286895,0.7585848289361448,0.8804005524926093,0.7824396626914456,0.7164525705726297,0.7953740549273253,0.8519131233879522,0.8037370169627341],[0.9066502953244274,0.9076019313585705,0.9066502953244274,0.8910738587091913,0.8910738587091913,0.9317567919539934,0.9317567919539934,1.0,1.0,0.7561007932526354,0.9377633878334555,0.7741974808279478,0.9414846837566432,0.9362388468844738,0.9376439152292019,0.9328088431932852,0.9449812324466915,0.9712520511505857,0.9712520511505857,0.5891702782832112,0.030031793506104337,0.8530106415727889,0.5528790624625375,-0.31166375988805534,0.015768057112988024,0.7872434142355611,0.7583993029550682,0.8755746528156495,0.8535064363286895,0.7585848289361448,0.8804005524926093,0.7824396626914456,0.7164525705726297,0.7953740549273253,0.8519131233879522,0.8037370169627341],[0.8377181674567973,0.839122536849084,0.8377181674567973,0.8134048784911649,0.8134048784911649,0.8084879459218794,0.8084879459218794,0.7561007932526354,0.7561007932526354,1.0,0.7099509150639268,0.9999698544999013,0.649081549178493,0.5652719705492741,0.7116691217913917,0.8039470981417106,0.7613400420588307,0.8287579563343443,0.8287579563343443,0.7001563349247655,-0.10116259047078777,0.7871022076838723,0.04043470621598001,0.04691179237841425,-0.24386112904292326,0.7940305507279374,0.5882819857259585,0.7790028335391481,0.8248031144440757,0.6947865103487163,0.3705715816485707,0.537706627359627,0.5670520544610322,0.8099670256149678,0.676901170645528,0.174185916881254],[0.994505273574253,0.9944985948559539,0.994505273574253,0.9995389934081161,0.9995389934081161,0.9527294573549904,0.9527294573549904,0.9377633878334555,0.9377633878334555,0.7099509150639268,1.0,0.7098588503731696,0.9908374947057575,0.9882174238670942,0.9999275487518364,0.9526511006960203,0.9937790423873918,0.906390005936087,0.906390005936087,0.8536893435570799,0.02214599179928281,0.9964722977521111,0.8867975330206578,-0.5065516043549569,0.33860452595796453,0.8229236481314153,0.8820410994104321,0.935054342479789,0.9044621758509713,0.8093147710136903,0.9143735139944269,0.8674758613441934,0.7773018806029839,0.9033184765459974,0.9430138306973619,0.7781853923086394],[0.7998601541890495,0.7999711908537975,0.7998601541890495,0.7737306555023703,0.7737306555023703,0.7938717522962762,0.7938717522962762,0.7741974808279478,0.7741974808279478,0.9999698544999013,0.7098588503731696,1.0,0.6469665037161632,0.5625662553913889,0.7100969713754649,0.7958220606769176,0.7599233656593752,0.8252728076950467,0.8252728076950467,0.6630782688677637,0.0251664042502644,0.7489627199497305,0.4497996596431887,-0.17663625105733866,-0.23138510619378586,0.8272144042093253,0.4963817100839498,0.7556727759132678,0.7992976789431894,0.723012437582132,0.6134013605592158,0.7190274551107821,0.6885963112915973,0.7719402736065238,0.6721434075703342,0.6887667862077588],[0.9926001617569984,0.9923191575624668,0.9926001617569984,0.9910904056420146,0.9910904056420146,0.9702681340933951,0.9702681340933951,0.9414846837566432,0.9414846837566432,0.649081549178493,0.9908374947057575,0.6469665037161632,1.0,0.9997666547810186,0.9908344642817367,0.9682896636892392,0.9904351408077143,0.8960695458283465,0.8960695458283465,0.8321833382916077,0.04970455446137429,0.9890345150110681,0.9071799319700488,-0.663320577479536,0.40540021040568425,0.7944675648164204,0.8894590816453568,0.9435247774610465,0.8950332347314109,0.7434753569941192,0.9143919235737933,0.8455113121659776,0.7573543768202246,0.8877043752245495,0.9563665937820898,0.8054523797690338],[0.9927370812595258,0.992229726696041,0.9927370812595258,0.9881511808462844,0.9881511808462844,0.9677526737514709,0.9677526737514709,0.9362388468844738,0.9362388468844738,0.5652719705492741,0.9882174238670942,0.5625662553913889,0.9997666547810186,1.0,0.9883678973841798,0.9649916690406316,0.9896120668802217,0.8807162145603062,0.8807162145603062,0.8534612595814965,-0.07622066235426797,0.9849024809389452,0.9152542796755305,-0.8380318042992801,0.4418357196365662,0.7432684440492269,0.8942578718631897,0.9371875674946202,0.8808863084492584,0.6738998276088906,0.9225630350233706,0.8360142584299101,0.6995376818432397,0.9126662061099624,0.9569656829197184,0.7741792112881458],[0.994549617602073,0.9945525126536185,0.994549617602073,0.9995002711322772,0.9995002711322772,0.952583789397388,0.952583789397388,0.9376439152292019,0.9376439152292019,0.7116691217913917,0.9999275487518364,0.7100969713754649,0.9908344642817367,0.9883678973841798,1.0,0.9526289901070736,0.9938465720567686,0.9067540071536737,0.9067540071536737,0.854488511263892,0.02127720899931626,0.9963516175816022,0.8864205050290775,-0.5039978876082403,0.3377838900338497,0.8231357273497469,0.8805611820277185,0.9342975173650823,0.9048424807862174,0.8104424990668485,0.913966863921248,0.8683377601767713,0.7781966407315648,0.9033486582000098,0.9430425278145409,0.778726960328827],[0.9745774228178018,0.9740088901971533,0.9745774228178018,0.9571372422221481,0.9571372422221481,0.9990871836771015,0.9990871836771015,0.9328088431932852,0.9328088431932852,0.8039470981417106,0.9526511006960203,0.7958220606769176,0.9682896636892392,0.9649916690406316,0.9526289901070736,1.0,0.9753580315552014,0.9188966147518275,0.9188966147518275,0.6946196339247082,-0.07558503558197885,0.9462150648010837,0.6452445002445414,-0.41798634358887204,-0.16754104927745792,0.8949215857839818,0.8546131205108789,0.9284969896100481,0.907507897905342,0.7822910815408329,0.8576401913914893,0.7869662290771952,0.7615448141835885,0.8852039280199984,0.8625656836452705,0.7913403305192784],[0.9990708783865818,0.9990723927195069,0.9990708783865818,0.9948128797819967,0.9948128797819967,0.9742583189259117,0.9742583189259117,0.9449812324466915,0.9449812324466915,0.7613400420588307,0.9937790423873918,0.7599233656593752,0.9904351408077143,0.9896120668802217,0.9938465720567686,0.9753580315552014,1.0,0.9313681104069882,0.9313681104069882,0.8630323367915705,0.0349287712975883,0.9872898071308674,0.8546617537541711,-0.48535307617999507,0.3568332074538023,0.8683874736599393,0.8741232682557873,0.9454545288970965,0.9331430594744708,0.8315060679858858,0.9029286858718824,0.898252615984834,0.8185301298701627,0.9169527572668654,0.9520731640279936,0.834666457967023],[0.9190921375677514,0.9192596619955437,0.9190921375677514,0.8948933742909883,0.8948933742909883,0.9189560215785828,0.9189560215785828,0.9712520511505857,0.9712520511505857,0.8287579563343443,0.906390005936087,0.8252728076950467,0.8960695458283465,0.8807162145603062,0.9067540071536737,0.9188966147518275,0.9313681104069882,1.0,1.0,0.7432036468376458,-0.0327925852980667,0.8584452767877264,0.5511043686447404,-0.19774643598545752,-0.20735278113677583,0.827875983481103,0.7342099308895587,0.8385021962456223,0.917418476163838,0.839322113844836,0.8011111975953014,0.7575977945950467,0.7065089769170649,0.846628835641691,0.7800115954080681,0.8527038323725401],[0.9190921375677514,0.9192596619955437,0.9190921375677514,0.8948933742909883,0.8948933742909883,0.9189560215785828,0.9189560215785828,0.9712520511505857,0.9712520511505857,0.8287579563343443,0.906390005936087,0.8252728076950467,0.8960695458283465,0.8807162145603062,0.9067540071536737,0.9188966147518275,0.9313681104069882,1.0,1.0,0.7432036468376458,-0.0327925852980667,0.8584452767877264,0.5511043686447404,-0.19774643598545752,-0.20735278113677583,0.827875983481103,0.7342099308895587,0.8385021962456223,0.917418476163838,0.839322113844836,0.8011111975953014,0.7575977945950467,0.7065089769170649,0.846628835641691,0.7800115954080681,0.8527038323725401],[0.7828631166602399,0.8013856666070527,0.7828631166602399,0.7577403982733028,0.7577403982733028,0.6463127936184587,0.6463127936184587,0.5891702782832112,0.5891702782832112,0.7001563349247655,0.8536893435570799,0.6630782688677637,0.8321833382916077,0.8534612595814965,0.854488511263892,0.6946196339247082,0.8630323367915705,0.7432036468376458,0.7432036468376458,1.0,0.034143473671052846,0.7192208450353827,-0.36438961690253513,0.3167420891967805,-0.6566061307524468,0.35536443908978266,0.7081868199932924,0.5126413411921229,0.8367205040347334,0.6956315406325844,0.11363515554810061,0.3117906028939647,0.566955836038714,0.7836803582891343,0.48123596263180646,-0.1487989254545125],[-0.1421251969878564,0.06941221208462348,-0.1421251969878564,-0.15013975630056403,-0.15013975630056403,-0.09077991644659736,-0.09077991644659736,0.030031793506104337,0.030031793506104337,-0.10116259047078777,0.02214599179928281,0.0251664042502644,0.04970455446137429,-0.07622066235426797,0.02127720899931626,-0.07558503558197885,0.0349287712975883,-0.0327925852980667,-0.0327925852980667,0.034143473671052846,1.0,-0.09630088754261824,0.10557718346756512,0.15600374429905892,0.7486858861628732,-0.09285189633081184,-0.046698605464054854,-0.0139214557131414,0.16011709358926246,-0.0007043860690429301,0.04890271499450629,0.33112632895820565,0.5672093303052165,-0.12242703219788285,0.10532464948954894,0.15693451940457756],[0.9782524089009657,0.9701623028616868,0.9782524089009657,0.99058915409802,0.99058915409802,0.9385437498498177,0.9385437498498177,0.8530106415727889,0.8530106415727889,0.7871022076838723,0.9964722977521111,0.7489627199497305,0.9890345150110681,0.9849024809389452,0.9963516175816022,0.9462150648010837,0.9872898071308674,0.8584452767877264,0.8584452767877264,0.7192208450353827,-0.09630088754261824,1.0,0.10063042947216895,-0.19560935016251374,-0.30211480001686886,0.668588671536397,0.9181565481309462,0.8994113447571228,0.8539434356389273,0.7542753182368496,0.5885162491677726,0.5965604107949992,0.5299272949274064,0.9030456748994944,0.6694902925391656,0.183896783184774],[0.1656532516467293,-0.04083733114602228,0.1656532516467293,0.1923622646635679,0.1923622646635679,0.3219790820242586,0.3219790820242586,0.5528790624625375,0.5528790624625375,0.04043470621598001,0.8867975330206578,0.4497996596431887,0.9071799319700488,0.9152542796755305,0.8864205050290775,0.6452445002445414,0.8546617537541711,0.5511043686447404,0.5511043686447404,-0.36438961690253513,0.10557718346756512,0.10063042947216895,1.0,-0.45896457822096115,0.7164013125424412,0.3813222269079022,0.11417043372161367,0.31689602737114553,-0.0915791488978081,0.08143137115414856,0.5989124296471753,0.4800438077671868,0.20062476816266944,0.009424621153286187,0.3948572226552997,0.4694220319003072],[-0.10160872309417283,-0.09422098419282449,-0.10160872309417283,-0.13754881806289807,-0.13754881806289807,-0.28572922293448416,-0.28572922293448416,-0.31166375988805534,-0.31166375988805534,0.04691179237841425,-0.5065516043549569,-0.17663625105733866,-0.663320577479536,-0.8380318042992801,-0.5039978876082403,-0.41798634358887204,-0.48535307617999507,-0.19774643598545752,-0.19774643598545752,0.3167420891967805,0.15600374429905892,-0.19560935016251374,-0.45896457822096115,1.0,-0.027994374748816702,-0.16541181471737035,-0.19113504979484086,-0.3041413118887102,-0.04596541299909021,-0.07635934488034724,-0.5690534025765265,-0.2020882005782459,-0.0251311769528468,-0.04716497693865445,-0.22125492990548237,-0.4086505519545791],[-0.25137007632302427,-0.2516493867726496,-0.25137007632302427,-0.2517985977251754,-0.2517985977251754,-0.11936005656924052,-0.11936005656924052,0.015768057112988024,0.015768057112988024,-0.24386112904292326,0.33860452595796453,-0.23138510619378586,0.40540021040568425,0.4418357196365662,0.3377838900338497,-0.16754104927745792,0.3568332074538023,-0.20735278113677583,-0.20735278113677583,-0.6566061307524468,0.7486858861628732,-0.30211480001686886,0.7164013125424412,-0.027994374748816702,1.0,-0.10683472796740202,-0.24610147703177232,-0.06657799343542775,-0.35130411415410534,-0.3295203967449246,0.07042439132577248,0.16106083584167086,0.26300470135203424,-0.3790309674137221,0.11271684517014506,0.0919665664705296],[0.8144136017544316,0.6478823524712041,0.8144136017544316,0.805491415069473,0.805491415069473,0.883501846327866,0.883501846327866,0.7872434142355611,0.7872434142355611,0.7940305507279374,0.8229236481314153,0.8272144042093253,0.7944675648164204,0.7432684440492269,0.8231357273497469,0.8949215857839818,0.8683874736599393,0.827875983481103,0.827875983481103,0.35536443908978266,-0.09285189633081184,0.668588671536397,0.3813222269079022,-0.16541181471737035,-0.10683472796740202,1.0,0.5457409585675631,0.8390409039677804,0.4967708071039807,0.628851938928894,0.549799918087119,0.6587854402133306,0.42600968487373125,0.7056591743690203,0.7044426796364595,0.4182049174583158],[0.9070592396987843,0.90809671665338,0.9070592396987843,0.918339388946637,0.918339388946637,0.8591396011514756,0.8591396011514756,0.7583993029550682,0.7583993029550682,0.5882819857259585,0.8820410994104321,0.4963817100839498,0.8894590816453568,0.8942578718631897,0.8805611820277185,0.8546131205108789,0.8741232682557873,0.7342099308895587,0.7342099308895587,0.7081868199932924,-0.046698605464054854,0.9181565481309462,0.11417043372161367,-0.19113504979484086,-0.24610147703177232,0.5457409585675631,1.0,0.799883025866175,0.7833019522144911,0.665653902605891,0.49393196569927555,0.5032873356198547,0.5178374371990636,0.8416616176669575,0.6262862762022452,0.1068200483603618],[0.9146493376256317,0.890359348661052,0.9146493376256317,0.9159843577588648,0.9159843577588648,0.9325219236526991,0.9325219236526991,0.8755746528156495,0.8755746528156495,0.7790028335391481,0.935054342479789,0.7556727759132678,0.9435247774610465,0.9371875674946202,0.9342975173650823,0.9284969896100481,0.9454545288970965,0.8385021962456223,0.8385021962456223,0.5126413411921229,-0.0139214557131414,0.8994113447571228,0.31689602737114553,-0.3041413118887102,-0.06657799343542775,0.8390409039677804,0.799883025866175,1.0,0.7551904560229976,0.6145646088065433,0.6023112684663537,0.604815691287059,0.534832778786768,0.8213603389627051,0.8359184445635446,0.22298284412080493],[0.9257944940427895,0.9204232479257747,0.9257944940427895,0.9102810330551745,0.9102810330551745,0.9003411291612483,0.9003411291612483,0.8535064363286895,0.8535064363286895,0.8248031144440757,0.9044621758509713,0.7992976789431894,0.8950332347314109,0.8808863084492584,0.9048424807862174,0.907507897905342,0.9331430594744708,0.917418476163838,0.917418476163838,0.8367205040347334,0.16011709358926246,0.8539434356389273,-0.0915791488978081,-0.04596541299909021,-0.35130411415410534,0.4967708071039807,0.7833019522144911,0.7551904560229976,1.0,0.9071494845505794,0.5503608171733158,0.690084103655906,0.6671142621936689,0.8800940024075858,0.5120999635759502,0.3015456878192783],[0.7810004742240876,0.7916734832542311,0.7810004742240876,0.7860977028161539,0.7860977028161539,0.7455280831123117,0.7455280831123117,0.7585848289361448,0.7585848289361448,0.6947865103487163,0.8093147710136903,0.723012437582132,0.7434753569941192,0.6738998276088906,0.8104424990668485,0.7822910815408329,0.8315060679858858,0.839322113844836,0.839322113844836,0.6956315406325844,-0.0007043860690429301,0.7542753182368496,0.08143137115414856,-0.07635934488034724,-0.3295203967449246,0.628851938928894,0.665653902605891,0.6145646088065433,0.9071494845505794,1.0,0.5835824314949087,0.6722017704060548,0.6110187166232949,0.7338063181260825,0.5894072449916725,0.47483946484632616],[0.5595493098786862,0.5513772023607615,0.5595493098786862,0.5881965986996387,0.5881965986996387,0.7504594486120636,0.7504594486120636,0.8804005524926093,0.8804005524926093,0.3705715816485707,0.9143735139944269,0.6134013605592158,0.9143919235737933,0.9225630350233706,0.913966863921248,0.8576401913914893,0.9029286858718824,0.8011111975953014,0.8011111975953014,0.11363515554810061,0.04890271499450629,0.5885162491677726,0.5989124296471753,-0.5690534025765265,0.07042439132577248,0.549799918087119,0.49393196569927555,0.6023112684663537,0.5503608171733158,0.5835824314949087,1.0,0.7465310939417553,0.38505079584128094,0.504826257375476,0.58711433119066,0.7575003563825967],[0.6372240294465281,0.6343958841250732,0.6372240294465281,0.6302173933702745,0.6302173933702745,0.739880984593174,0.739880984593174,0.7824396626914456,0.7824396626914456,0.537706627359627,0.8674758613441934,0.7190274551107821,0.8455113121659776,0.8360142584299101,0.8683377601767713,0.7869662290771952,0.898252615984834,0.7575977945950467,0.7575977945950467,0.3117906028939647,0.33112632895820565,0.5965604107949992,0.4800438077671868,-0.2020882005782459,0.16106083584167086,0.6587854402133306,0.5032873356198547,0.604815691287059,0.690084103655906,0.6722017704060548,0.7465310939417553,1.0,0.7791064547230551,0.502522514695432,0.7313549618330865,0.5507746722385269],[0.6302280400887025,0.6559148572932763,0.6302280400887025,0.600106545132862,0.600106545132862,0.7051852038190652,0.7051852038190652,0.7164525705726297,0.7164525705726297,0.5670520544610322,0.7773018806029839,0.6885963112915973,0.7573543768202246,0.6995376818432397,0.7781966407315648,0.7615448141835885,0.8185301298701627,0.7065089769170649,0.7065089769170649,0.566955836038714,0.5672093303052165,0.5299272949274064,0.20062476816266944,-0.0251311769528468,0.26300470135203424,0.42600968487373125,0.5178374371990636,0.534832778786768,0.6671142621936689,0.6110187166232949,0.38505079584128094,0.7791064547230551,1.0,0.4941410435513074,0.6661585111282857,0.20345260191819106],[0.933962780719153,0.9316999800175972,0.933962780719153,0.9243064359324914,0.9243064359324914,0.8633041229501243,0.8633041229501243,0.7953740549273253,0.7953740549273253,0.8099670256149678,0.9033184765459974,0.7719402736065238,0.8877043752245495,0.9126662061099624,0.9033486582000098,0.8852039280199984,0.9169527572668654,0.846628835641691,0.846628835641691,0.7836803582891343,-0.12242703219788285,0.9030456748994944,0.009424621153286187,-0.04716497693865445,-0.3790309674137221,0.7056591743690203,0.8416616176669575,0.8213603389627051,0.8800940024075858,0.7338063181260825,0.504826257375476,0.502522514695432,0.4941410435513074,1.0,0.7376405220233277,0.1774809231904617],[0.8341810130905996,0.6915072282261975,0.8341810130905996,0.8237874682925865,0.8237874682925865,0.8650817833087705,0.8650817833087705,0.8519131233879522,0.8519131233879522,0.676901170645528,0.9430138306973619,0.6721434075703342,0.9563665937820898,0.9569656829197184,0.9430425278145409,0.8625656836452705,0.9520731640279936,0.7800115954080681,0.7800115954080681,0.48123596263180646,0.10532464948954894,0.6694902925391656,0.3948572226552997,-0.22125492990548237,0.11271684517014506,0.7044426796364595,0.6262862762022452,0.8359184445635446,0.5120999635759502,0.5894072449916725,0.58711433119066,0.7313549618330865,0.6661585111282857,0.7376405220233277,1.0,0.1862173499658308],[0.19130058814693965,0.18825121910768172,0.19130058814693965,0.20329636138888643,0.20329636138888643,0.471005157055558,0.471005157055558,0.8037370169627341,0.8037370169627341,0.174185916881254,0.7781853923086394,0.6887667862077588,0.8054523797690338,0.7741792112881458,0.778726960328827,0.7913403305192784,0.834666457967023,0.8527038323725401,0.8527038323725401,-0.1487989254545125,0.15693451940457756,0.183896783184774,0.4694220319003072,-0.4086505519545791,0.0919665664705296,0.4182049174583158,0.1068200483603618,0.22298284412080493,0.3015456878192783,0.47483946484632616,0.7575003563825967,0.5507746722385269,0.20345260191819106,0.1774809231904617,0.1862173499658308,1.0]],"x":["^TAIEX       \u81fa\u7063\u52a0\u6b0a\u5831\u916c\u6307\u6578","^TWII        \u81fa\u7063\u52a0\u6b0a\u6307\u6578","^TAIEXx2     \u81fa\u7063\u52a0\u6b0a\u5831\u916c\u6307\u6578_\u65e5\u6b632","^TAI50I      \u81fa\u706350\u5831\u916c\u6307\u6578","^TAI50Ix2    \u81fa\u706350\u5831\u916c\u6307\u6578_\u65e5\u6b632","^TAI100I     \u81fa\u7063\u4e2d\u578b100\u5831\u916c\u6307\u6578","^TAI100Ix2   \u81fa\u7063\u4e2d\u578b100\u5831\u916c\u6307\u6578_\u65e5\u6b632","^TAIDIVIDI   \u81fa\u7063\u9ad8\u80a1\u606f\u5831\u916c\u6307\u6578","^TAIDIVIDIx2 \u81fa\u7063\u9ad8\u80a1\u606f\u5831\u916c\u6307\u6578_\u65e5\u6b632","0050Fund     \u5143\u5927\u53f0\u7063\u5353\u8d8a50\u57fa\u91d1","006208Fund   \u5bcc\u90a6\u53f0\u7063\u91c6\u540950\u57fa\u91d1","0050         \u5143\u5927\u81fa\u706350","00631L       \u5143\u5927\u53f0\u706350\u6b632","00675L       \u5bcc\u90a6\u81fa\u7063\u52a0\u6b0a\u6b632","006208       \u5bcc\u90a6\u53f050","0051         \u5143\u5927\u4e2d\u578b100","006204       \u6c38\u8c50\u81fa\u7063\u52a0\u6b0a","0056         \u5143\u5927\u9ad8\u80a1\u606f","0056         \u5143\u5927\u9ad8\u80a1\u606f_\u80a1\u606f\u4e0d\u6295\u5165","2412         \u4e2d\u83ef\u96fb\u4fe1","2002         \u4e2d\u92fc","2330         \u53f0\u7a4d\u96fb","2317         \u9d3b\u6d77","6505         \u53f0\u5851\u77f3\u5316","3481         \u7fa4\u5275","2303         \u806f\u96fb","2308         \u53f0\u9054\u96fb","2454         \u806f\u767c\u79d1","2886         \u5146\u8c50\u91d1","2884         \u7389\u5c71\u91d1","2891         \u4e2d\u4fe1\u91d1","2892         \u7b2c\u4e00\u91d1","5880         \u5408\u5eab\u91d1","2881         \u5bcc\u90a6\u91d1","2885         \u5143\u5927\u91d1","2887         \u53f0\u65b0\u91d1"],"y":["^TAIEX       \u81fa\u7063\u52a0\u6b0a\u5831\u916c\u6307\u6578","^TWII        \u81fa\u7063\u52a0\u6b0a\u6307\u6578","^TAIEXx2     \u81fa\u7063\u52a0\u6b0a\u5831\u916c\u6307\u6578_\u65e5\u6b632","^TAI50I      \u81fa\u706350\u5831\u916c\u6307\u6578","^TAI50Ix2    \u81fa\u706350\u5831\u916c\u6307\u6578_\u65e5\u6b632","^TAI100I     \u81fa\u7063\u4e2d\u578b100\u5831\u916c\u6307\u6578","^TAI100Ix2   \u81fa\u7063\u4e2d\u578b100\u5831\u916c\u6307\u6578_\u65e5\u6b632","^TAIDIVIDI   \u81fa\u7063\u9ad8\u80a1\u606f\u5831\u916c\u6307\u6578","^TAIDIVIDIx2 \u81fa\u7063\u9ad8\u80a1\u606f\u5831\u916c\u6307\u6578_\u65e5\u6b632","0050Fund     \u5143\u5927\u53f0\u7063\u5353\u8d8a50\u57fa\u91d1","006208Fund   \u5bcc\u90a6\u53f0\u7063\u91c6\u540950\u57fa\u91d1","0050         \u5143\u5927\u81fa\u706350","00631L       \u5143\u5927\u53f0\u706350\u6b632","00675L       \u5bcc\u90a6\u81fa\u7063\u52a0\u6b0a\u6b632","006208       \u5bcc\u90a6\u53f050","0051         \u5143\u5927\u4e2d\u578b100","006204       \u6c38\u8c50\u81fa\u7063\u52a0\u6b0a","0056         \u5143\u5927\u9ad8\u80a1\u606f","0056         \u5143\u5927\u9ad8\u80a1\u606f_\u80a1\u606f\u4e0d\u6295\u5165","2412         \u4e2d\u83ef\u96fb\u4fe1","2002         \u4e2d\u92fc","2330         \u53f0\u7a4d\u96fb","2317         \u9d3b\u6d77","6505         \u53f0\u5851\u77f3\u5316","3481         \u7fa4\u5275","2303         \u806f\u96fb","2308         \u53f0\u9054\u96fb","2454         \u806f\u767c\u79d1","2886         \u5146\u8c50\u91d1","2884         \u7389\u5c71\u91d1","2891         \u4e2d\u4fe1\u91d1","2892         \u7b2c\u4e00\u91d1","5880         \u5408\u5eab\u91d1","2881         \u5bcc\u90a6\u91d1","2885         \u5143\u5927\u91d1","2887         \u53f0\u65b0\u91d1"],"zmin":-1,"zmax":1,"colorbar":{"x":-0.2}}],"layout":{"autotypenumbers":"strict","colorway":["#636efa","#EF553B","#00cc96","#ab63fa","#FFA15A","#19d3f3","#FF6692","#B6E880","#FF97FF","#FECB52"],"font":{"color":"#f2f5fa","family":"Courier New"},"hovermode":"closest","hoverlabel":{"align":"left"},"paper_bgcolor":"rgb(17,17,17)","plot_bgcolor":"rgb(17,17,17)","polar":{"bgcolor":"rgb(17,17,17)","angularaxis":{"gridcolor":"#506784","linecolor":"#506784","ticks":""},"radialaxis":{"gridcolor":"#506784","linecolor":"#506784","ticks":""}},"ternary":{"bgcolor":"rgb(17,17,17)","aaxis":{"gridcolor":"#506784","linecolor":"#506784","ticks":""},"baxis":{"gridcolor":"#506784","linecolor":"#506784","ticks":""},"caxis":{"gridcolor":"#506784","linecolor":"#506784","ticks":""}},"coloraxis":{"colorbar":{"outlinewidth":0,"ticks":""}},"colorscale":{"sequential":[[0.0,"#0d0887"],[0.1111111111111111,"#46039f"],[0.2222222222222222,"#7201a8"],[0.3333333333333333,"#9c179e"],[0.4444444444444444,"#bd3786"],[0.5555555555555556,"#d8576b"],[0.6666666666666666,"#ed7953"],[0.7777777777777778,"#fb9f3a"],[0.8888888888888888,"#fdca26"],[1.0,"#f0f921"]],"sequentialminus":[[0.0,"#0d0887"],[0.1111111111111111,"#46039f"],[0.2222222222222222,"#7201a8"],[0.3333333333333333,"#9c179e"],[0.4444444444444444,"#bd3786"],[0.5555555555555556,"#d8576b"],[0.6666666666666666,"#ed7953"],[0.7777777777777778,"#fb9f3a"],[0.8888888888888888,"#fdca26"],[1.0,"#f0f921"]],"diverging":[[0,"#8e0152"],[0.1,"#c51b7d"],[0.2,"#de77ae"],[0.3,"#f1b6da"],[0.4,"#fde0ef"],[0.5,"#f7f7f7"],[0.6,"#e6f5d0"],[0.7,"#b8e186"],[0.8,"#7fbc41"],[0.9,"#4d9221"],[1,"#276419"]]},"xaxis":{"gridcolor":"rgba(0, 0, 0, 0)","linecolor":"#506784","ticks":"","title":{"standoff":15},"zerolinecolor":"#283442","automargin":true,"zerolinewidth":2,"tickfont":{"family":"Courier New","size":14},"side":"top","tickangle":-90},"yaxis":{"gridcolor":"rgba(0, 0, 0, 0)","linecolor":"#506784","ticks":"","title":{"standoff":15},"zerolinecolor":"#283442","automargin":true,"zerolinewidth":2,"tickfont":{"family":"Courier New"},"side":"right"},"scene":{"xaxis":{"backgroundcolor":"rgb(17,17,17)","gridcolor":"#506784","linecolor":"#506784","showbackground":true,"ticks":"","zerolinecolor":"#C8D4E3","gridwidth":2},"yaxis":{"backgroundcolor":"rgb(17,17,17)","gridcolor":"#506784","linecolor":"#506784","showbackground":true,"ticks":"","zerolinecolor":"#C8D4E3","gridwidth":2},"zaxis":{"backgroundcolor":"rgb(17,17,17)","gridcolor":"#506784","linecolor":"#506784","showbackground":true,"ticks":"","zerolinecolor":"#C8D4E3","gridwidth":2}},"shapedefaults":{"line":{"color":"#f2f5fa"}},"annotationdefaults":{"arrowcolor":"#f2f5fa","arrowhead":0,"arrowwidth":1},"geo":{"bgcolor":"rgb(17,17,17)","landcolor":"rgb(17,17,17)","subunitcolor":"#506784","showland":true,"showlakes":true,"lakecolor":"rgb(17,17,17)"},"title":{"x":0.05,"font":{"family":"Times New Roman"},"y":0.05,"text":"<b>Correlation of Close<b><br><i>2016-09-23 ~ 2025-12-09<i>"},"updatemenudefaults":{"bgcolor":"#506784","borderwidth":0},"sliderdefaults":{"bgcolor":"#C8D4E3","borderwidth":1,"bordercolor":"rgb(17,17,17)","tickwidth":0},"mapbox":{"style":"dark"},"annotations":[{"text":"<b>@zwindr<b>","textangle":0,"opacity":0.5,"font":{"color":"white","size":12},"xref":"paper","yref":"paper","xanchor":"left","yanchor":"bottom","x":1.0,"y":1.0,"showarrow":false}]},"config":{"responsive":true,"toImageButtonOptions":{"filename":"Correlation of Close_2016-09-23~2025-12-09","scale":5}}};Plotly.newPlot("correlationClose",correlationClose.data,correlationClose.layout||{},correlationClose.config);}else{console.log("style display is none => correlationClose");}