var element=document.getElementById("correlationAdjClose");if(element.style.display!='none'){var correlationAdjClose={"data":[{"type":"heatmap","z":[[1.0,0.9945354549530879,0.976788022728872,0.9973920410637701,0.9617394910997707,0.9828907846714002,-0.948615248231895,0.9899522959280597,0.9729373498216135,0.9975339237973573,0.9969766477194516,0.9974657475634634,0.9936633140501578,0.9944458607312151,0.9970461196363906,0.9848571909454102,0.9996918591328813,0.9898649384960677,0.9015184586741632,0.9212549267079263,0.716767167891908,0.9852731427016351,0.927999631029662,0.39439534916017427,-0.3016319163730622,0.8995350481281971,0.9474648073852088,0.9584251240098162,0.9799379532833723,0.96622245497897,0.9772035918842101,0.9726959129128219,0.9444180616627441,0.9814240898163162,0.972950091467589,0.9548251539115881],[0.9945354549530879,1.0,0.9723426749421195,0.9915070362868438,0.9570222865522119,0.9787514486241581,-0.9441634032586855,0.9817545564942386,0.9666238839337823,0.9928403822921348,0.9949525778222645,0.994360711596776,0.9926421710992813,0.9921933980535238,0.9949769400126024,0.9794778685093314,0.9969878359218775,0.9841795579576684,0.9240402489482599,0.9109380255328264,0.7326613509456824,0.9681849639779482,0.9092381506839563,0.39423502036799246,-0.22986039318179122,0.8759830119126518,0.9379759038372226,0.9576467668677809,0.9594999307829066,0.9532771609800565,0.9675901758040122,0.958207561871328,0.9429838602008651,0.9711694090862819,0.9636452945760581,0.9494383461646325],[0.976788022728872,0.9723426749421195,1.0,0.9841899447163842,0.9953918747753561,0.9769439128789787,-0.977355052055112,0.9671908293985957,0.982687435688581,0.9838162457608634,0.9904649482555633,0.9870816214572189,0.9969347346319614,0.9967164315800924,0.9901832567344951,0.9749991268883343,0.9870438990884439,0.9668683811998694,0.8723022044444602,0.8293477692905493,0.5985486849978079,0.9913399032792403,0.9231663545210553,0.225358952829193,-0.22589483109815084,0.8950233444582714,0.9401282555330126,0.9789504104392476,0.9281439831123013,0.9150333413696928,0.9672435441996899,0.9197574193063249,0.9005331286689775,0.9664279402591068,0.9741459198853262,0.919972348202823],[0.9973920410637701,0.9915070362868438,0.9841899447163842,1.0,0.9753283026986055,0.9749663241663727,-0.9446207696218679,0.9832088802103669,0.97018960550181,0.999966872138455,0.9999906571214799,0.9999603183113682,0.9924294949272221,0.9906329298574619,0.9999457903632611,0.9742253985553476,0.9958521629270163,0.982859167181038,0.887761694894889,0.9058342891410797,0.6828223134927567,0.9937161034670514,0.9310129064834818,0.36537041696876854,-0.29191629097560196,0.8943121277293481,0.9512415112304904,0.9641664242273732,0.96966733406169,0.96252256744772,0.9797855913233613,0.9620076390791523,0.9313834404991369,0.9790246546686407,0.9715180037559036,0.9449622018968076],[0.9617394910997707,0.9570222865522119,0.9953918747753561,0.9753283026986055,1.0,0.9538554866819332,-0.9581769298872918,0.9478225565767626,0.9672651533907297,0.9753385579791246,0.9845602172216958,0.9806176000939151,0.9847703434086491,0.9814250235072653,0.9840697778237038,0.9505817705513857,0.9722695760683195,0.9472619039331157,0.8469104553389648,0.8047100742782541,0.5561328150481886,0.9888130975118854,0.9188199509813387,0.1945008950174282,-0.217198742007822,0.8690452609238047,0.9380105058752196,0.9725842050461839,0.9039166540924739,0.898069015887135,0.959394252830315,0.8948544407877169,0.8695629573106799,0.9527655708903848,0.9596582010901686,0.8922984570350047],[0.9828907846714002,0.9787514486241581,0.9769439128789787,0.9749663241663727,0.9538554866819332,1.0,-0.9817431095475735,0.9819150985095348,0.9814502382557042,0.9743318814378744,0.9698464884262293,0.972828107991918,0.9765798174914871,0.9744256148632091,0.9697877254917858,0.9998997177427215,0.9868328771502429,0.9828907205445888,0.9018909606750101,0.868349281549206,0.6843551231824012,0.9678355676361035,0.8995248182887662,0.2654306200451269,-0.21853849379262374,0.9336404206221328,0.9248665656984575,0.9625320714696056,0.9596756713863892,0.9329606309429174,0.9549894641002333,0.9543757476048529,0.9545378880756296,0.9602455806355509,0.9781601065961659,0.9562530695375924],[-0.948615248231895,-0.9441634032586855,-0.977355052055112,-0.9446207696218679,-0.9581769298872918,-0.9817431095475735,1.0,-0.954429663668679,-0.9846989445958869,-0.9431338114690285,-0.9546016671299448,-0.9505493061963789,-0.9762249110525271,-0.977417020874026,-0.9543047029312326,-0.9844323321186437,-0.9682094410871875,-0.9570925142271224,-0.8697725634437508,-0.7860234329689113,-0.5802478034331333,-0.9490797389803609,-0.8953519093625294,-0.12398603303252985,0.15558499115288144,-0.8993226615624617,-0.902472573645937,-0.9610982815353526,-0.9042024907008585,-0.869254748541718,-0.9327138319071909,-0.8967199655279873,-0.9087734283884958,-0.9319646167531451,-0.9670392841780637,-0.9112255254008026],[0.9899522959280597,0.9817545564942386,0.9671908293985957,0.9832088802103669,0.9478225565767626,0.9819150985095348,-0.954429663668679,1.0,0.9833548838249918,0.9831600675079506,0.9789012698532951,0.9821836518041459,0.975222505394711,0.9744011328996658,0.979058513818656,0.9837578214445969,0.9878990268820733,0.9998769357655103,0.9274706991572123,0.9273415480933811,0.6515950602585291,0.9720664946898822,0.8996145372469581,0.24726760292543573,-0.31113457625856816,0.9053988031042833,0.9132504453254748,0.9417005976641255,0.9789406272828326,0.9557839560615891,0.9685103866343727,0.9650041775575465,0.9372316954979318,0.9619283469638799,0.9599649670232103,0.9662314664026805],[0.9729373498216135,0.9666238839337823,0.982687435688581,0.97018960550181,0.9672651533907297,0.9814502382557042,-0.9846989445958869,0.9833548838249918,1.0,0.9693617966343822,0.9662955277622018,0.9683615462012941,0.9742097201781885,0.9713456097356477,0.9661600670362341,0.9805011241840846,0.9730047098116997,0.9826822275885301,0.9036647194122316,0.8582845706641172,0.5737238999171276,0.9692518239107878,0.9135601248683967,0.10553005974522331,-0.23222248610949145,0.8849728634594056,0.9057535527310753,0.9633344434024218,0.9368653502826602,0.9030199321592143,0.9597251253746212,0.9213356236046624,0.9046699402337647,0.9499513302940817,0.9720032259941433,0.9251622823708295],[0.9975339237973573,0.9928403822921348,0.9838162457608634,0.999966872138455,0.9753385579791246,0.9743318814378744,-0.9431338114690285,0.9831600675079506,0.9693617966343822,1.0,0.999988980383412,0.9999833996096715,0.9922966724661946,0.9904722310400886,0.9999514266111108,0.9736024839832561,0.9957162247850444,0.9829093858281701,0.889661942102701,0.9069271753930853,0.6816393999864897,0.993908863444048,0.9308527924547884,0.37060154632575726,-0.291302523747435,0.8953623778644015,0.9496747769062512,0.9626872959121677,0.9694043224243882,0.9617521704198324,0.9787233251655794,0.9614052808724745,0.9299258543624229,0.9781933237709564,0.9702527400151808,0.9433089620997706],[0.9969766477194516,0.9949525778222645,0.9904649482555633,0.9999906571214799,0.9845602172216958,0.9698464884262293,-0.9546016671299448,0.9789012698532951,0.9662955277622018,0.999988980383412,1.0,0.9999730941168136,0.9924554271746153,0.9906292857086477,0.9999543899586202,0.9698289092309432,0.9955041945178829,0.9796416207333489,0.9149249316541662,0.933072927059126,0.5816401675014591,0.9971928217858004,0.912545014290628,-0.10439334655411597,0.40733212204361424,0.9015631457374601,0.9210523792330509,0.9688641346194468,0.9611094459111593,0.9455425063950513,0.9695349452171801,0.9419664761097316,0.9128298515695591,0.96807768773035,0.9815874573155164,0.9396300416470653],[0.9974657475634634,0.994360711596776,0.9870816214572189,0.9999603183113682,0.9806176000939151,0.972828107991918,-0.9505493061963789,0.9821836518041459,0.9683615462012941,0.9999833996096715,0.9999730941168136,1.0,0.9922913510247027,0.9904366973805732,0.9999628696680752,0.9728068169341517,0.9956345067682352,0.9824494192499456,0.8977048923359169,0.9231228062050723,0.6386397397083158,0.9961340055011315,0.9264954682314902,0.11087508347278732,-0.19476696730942908,0.9129914423472983,0.9357316069015958,0.9593392227432029,0.9642042358977289,0.9537487910388239,0.9750912880329774,0.9528708772616056,0.9281312009962479,0.9742734991081532,0.9701192456682356,0.9489628964705756],[0.9936633140501578,0.9926421710992813,0.9969347346319614,0.9924294949272221,0.9847703434086491,0.9765798174914871,-0.9762249110525271,0.975222505394711,0.9742097201781885,0.9922966724661946,0.9924554271746153,0.9922913510247027,1.0,0.9997269917961673,0.9924491083311829,0.97665853533857,0.9937318256365331,0.9761379306209479,0.9114532320394948,0.9192107459215344,0.517260955528967,0.9876573132094656,0.9062199176716362,-0.3792820545602891,0.4293898266304089,0.8893517133272117,0.9135294708472848,0.9771257353506546,0.9458326953117913,0.9129931127758807,0.9525866830546841,0.9192543857305273,0.8843024037852831,0.9663258133039305,0.9803518740711443,0.9328566080384504],[0.9944458607312151,0.9921933980535238,0.9967164315800924,0.9906329298574619,0.9814250235072653,0.9744256148632091,-0.977417020874026,0.9744011328996658,0.9713456097356477,0.9904722310400886,0.9906292857086477,0.9904366973805732,0.9997269917961673,1.0,0.990757905008437,0.9744388623236888,0.9943549712609088,0.9755127766917651,0.8976782468289907,0.9277676183908127,0.38671498638777235,0.9831192364533027,0.8976969609694269,-0.7427337325736478,0.40330569043824527,0.8590790776975683,0.908404621216026,0.975731577704881,0.9395119054279946,0.8991832314627386,0.9449555384006045,0.9185977716520399,0.8632059654524434,0.9679148297806137,0.9787238068133977,0.9256612306868681],[0.9970461196363906,0.9949769400126024,0.9901832567344951,0.9999457903632611,0.9840697778237038,0.9697877254917858,-0.9543047029312326,0.979058513818656,0.9661600670362341,0.9999514266111108,0.9999543899586202,0.9999628696680752,0.9924491083311829,0.990757905008437,1.0,0.9697444461063444,0.9955429434182685,0.9797330257610775,0.9151660505321444,0.9336897188766018,0.5815571869607657,0.9969911455450913,0.9126616761779367,-0.10254801819815669,0.4074255417431702,0.9014296157197293,0.918700941214309,0.9682023048610015,0.9614271680416203,0.9460460329215397,0.9695078607617542,0.942584157382621,0.913321249967562,0.9680166606854194,0.981500555918112,0.9402877999972897],[0.9848571909454102,0.9794778685093314,0.9749991268883343,0.9742253985553476,0.9505817705513857,0.9998997177427215,-0.9844323321186437,0.9837578214445969,0.9805011241840846,0.9736024839832561,0.9698289092309432,0.9728068169341517,0.97665853533857,0.9744388623236888,0.9697444461063444,1.0,0.9870060352430947,0.9830775427010856,0.9049071733760335,0.8920935208456663,0.6790851529132244,0.9656886122217491,0.8944037332982904,0.12528968514860145,-0.19721103416325986,0.9415642013199546,0.9159873858435919,0.9593974471520155,0.9631035935075051,0.9301553461594971,0.9514679911232014,0.9554665359140598,0.9538849023882211,0.9624566829265279,0.9775059286862706,0.9608233230659248],[0.9996918591328813,0.9969878359218775,0.9870438990884439,0.9958521629270163,0.9722695760683195,0.9868328771502429,-0.9682094410871875,0.9878990268820733,0.9730047098116997,0.9957162247850444,0.9955041945178829,0.9956345067682352,0.9937318256365331,0.9943549712609088,0.9955429434182685,0.9870060352430947,1.0,0.9885813139979366,0.929291787846433,0.9402622833601869,0.6317136697689298,0.9886066203818186,0.9065788273309058,-0.04588827186079614,0.4310300313772888,0.9259600397616388,0.9176853054403328,0.9674970971839412,0.9752231717578322,0.951217356136873,0.9671150594843295,0.958366334048186,0.9396447763458802,0.9739064056759225,0.9860636007637146,0.9629785346826285],[0.9898649384960677,0.9841795579576684,0.9668683811998694,0.982859167181038,0.9472619039331157,0.9828907205445888,-0.9570925142271224,0.9998769357655103,0.9826822275885301,0.9829093858281701,0.9796416207333489,0.9824494192499456,0.9761379306209479,0.9755127766917651,0.9797330257610775,0.9830775427010856,0.9885813139979366,1.0,0.9304544128437752,0.9335621760372094,0.6494707609352779,0.9706984679211987,0.9038960872353924,0.21180527190499987,-0.29259395093537666,0.910536178442713,0.9081166448413899,0.941679487862621,0.979425524028334,0.9551951975025655,0.9669330042073866,0.9636151877161743,0.9370418383875386,0.9612039439037079,0.9579577793589137,0.9674354634274326],[0.9015184586741632,0.9240402489482599,0.8723022044444602,0.887761694894889,0.8469104553389648,0.9018909606750101,-0.8697725634437508,0.9274706991572123,0.9036647194122316,0.889661942102701,0.9149249316541662,0.8977048923359169,0.9114532320394948,0.8976782468289907,0.9151660505321444,0.9049071733760335,0.929291787846433,0.9304544128437752,1.0,0.8226687094704446,0.7095253431004371,0.8614257857281311,0.8125417880101329,0.2829570678783495,-0.16151996374686628,0.8532763039267801,0.7919457870812814,0.8521467205377431,0.8890257026156653,0.854389290433465,0.8556706003159944,0.8674355601511018,0.8533986130192511,0.8536265550501204,0.876106261180694,0.8931779833440665],[0.9212549267079263,0.9109380255328264,0.8293477692905493,0.9058342891410797,0.8047100742782541,0.868349281549206,-0.7860234329689113,0.9273415480933811,0.8582845706641172,0.9069271753930853,0.933072927059126,0.9231228062050723,0.9192107459215344,0.9277676183908127,0.9336897188766018,0.8920935208456663,0.9402622833601869,0.9335621760372094,0.8226687094704446,1.0,0.8322503513212133,0.8573309477253885,0.8725439983762091,0.6533113419716905,-0.5279271517713788,0.7078732918318184,0.871547535115324,0.8080808958726721,0.9586099162881105,0.9365570803803844,0.9004831601960451,0.945670512604085,0.8977431842688054,0.9003952968258148,0.8496528738228385,0.8835657529277753],[0.716767167891908,0.7326613509456824,0.5985486849978079,0.6828223134927567,0.5561328150481886,0.6843551231824012,-0.5802478034331333,0.6515950602585291,0.5737238999171276,0.6816393999864897,0.5816401675014591,0.6386397397083158,0.517260955528967,0.38671498638777235,0.5815571869607657,0.6790851529132244,0.6317136697689298,0.6494707609352779,0.7095253431004371,0.8322503513212133,1.0,0.6090227913615012,0.7191978347473078,0.7257905374279309,-0.11674838979430358,0.5372589946801153,0.6687113035987894,0.6193058783841772,0.7798175660727791,0.7112729083337355,0.6418435540086102,0.748571803659714,0.7579578577383741,0.679734102575125,0.6447793852452167,0.692298842453828],[0.9852731427016351,0.9681849639779482,0.9913399032792403,0.9937161034670514,0.9888130975118854,0.9678355676361035,-0.9490797389803609,0.9720664946898822,0.9692518239107878,0.993908863444048,0.9971928217858004,0.9961340055011315,0.9876573132094656,0.9831192364533027,0.9969911455450913,0.9656886122217491,0.9886066203818186,0.9706984679211987,0.8614257857281311,0.8573309477253885,0.6090227913615012,1.0,0.9058296208826851,0.2914764785792326,-0.28458915428368275,0.8787458770676081,0.945707379797525,0.9713701189040534,0.938113098805117,0.9450806683843053,0.9720400474823101,0.9396077965326713,0.9053586361094893,0.968955296399054,0.9571656874693554,0.9255433142827971],[0.927999631029662,0.9092381506839563,0.9231663545210553,0.9310129064834818,0.9188199509813387,0.8995248182887662,-0.8953519093625294,0.8996145372469581,0.9135601248683967,0.9308527924547884,0.912545014290628,0.9264954682314902,0.9062199176716362,0.8976969609694269,0.9126616761779367,0.8944037332982904,0.9065788273309058,0.9038960872353924,0.8125417880101329,0.8725439983762091,0.7191978347473078,0.9058296208826851,1.0,0.33397216922605366,-0.18994504084032893,0.7079879650139993,0.9132048269688966,0.8952869199337731,0.9000110058850571,0.8563328732285085,0.9302729841099934,0.8722401715461874,0.841987245659189,0.9259459526814146,0.8754807628588779,0.8518911810312668],[0.39439534916017427,0.39423502036799246,0.225358952829193,0.36537041696876854,0.1945008950174282,0.2654306200451269,-0.12398603303252985,0.24726760292543573,0.10553005974522331,0.37060154632575726,-0.10439334655411597,0.11087508347278732,-0.3792820545602891,-0.7427337325736478,-0.10254801819815669,0.12528968514860145,-0.04588827186079614,0.21180527190499987,0.2829570678783495,0.6533113419716905,0.7257905374279309,0.2914764785792326,0.33397216922605366,1.0,-0.385352516993103,0.2737472862747934,0.3111451647469981,0.18679275772950457,0.4796437564738285,0.47297049249242473,0.3271097334672698,0.4957271971117221,0.41675420505316874,0.3527260306956026,0.27352475776646346,0.38943757917470745],[-0.3016319163730622,-0.22986039318179122,-0.22589483109815084,-0.29191629097560196,-0.217198742007822,-0.21853849379262374,0.15558499115288144,-0.31113457625856816,-0.23222248610949145,-0.291302523747435,0.40733212204361424,-0.19476696730942908,0.4293898266304089,0.40330569043824527,0.4074255417431702,-0.19721103416325986,0.4310300313772888,-0.29259395093537666,-0.16151996374686628,-0.5279271517713788,-0.11674838979430358,-0.28458915428368275,-0.18994504084032893,-0.385352516993103,1.0,-0.15282872097494393,-0.29813803457000115,-0.1800959716636532,-0.3877745749331941,-0.37676795300635924,-0.3216420269912328,-0.34510466862010075,-0.2068922013741097,-0.3472972345374026,-0.18221495016115308,-0.317308118477763],[0.8995350481281971,0.8759830119126518,0.8950233444582714,0.8943121277293481,0.8690452609238047,0.9336404206221328,-0.8993226615624617,0.9053988031042833,0.8849728634594056,0.8953623778644015,0.9015631457374601,0.9129914423472983,0.8893517133272117,0.8590790776975683,0.9014296157197293,0.9415642013199546,0.9259600397616388,0.910536178442713,0.8532763039267801,0.7078732918318184,0.5372589946801153,0.8787458770676081,0.7079879650139993,0.2737472862747934,-0.15282872097494393,1.0,0.7970643767758938,0.8836827913273743,0.8162586179244655,0.8613474093226497,0.8271707988117889,0.8693867192785488,0.864927199561549,0.8582736706425889,0.8672901920968803,0.8971104582136634],[0.9474648073852088,0.9379759038372226,0.9401282555330126,0.9512415112304904,0.9380105058752196,0.9248665656984575,-0.902472573645937,0.9132504453254748,0.9057535527310753,0.9496747769062512,0.9210523792330509,0.9357316069015958,0.9135294708472848,0.908404621216026,0.918700941214309,0.9159873858435919,0.9176853054403328,0.9081166448413899,0.7919457870812814,0.871547535115324,0.6687113035987894,0.945707379797525,0.9132048269688966,0.3111451647469981,-0.29813803457000115,0.7970643767758938,1.0,0.9159186936574227,0.9216953684137328,0.9066558799056559,0.9304739932605076,0.9067839749916867,0.8730850232660623,0.9368101608136968,0.9101100923475236,0.8846541028600724],[0.9584251240098162,0.9576467668677809,0.9789504104392476,0.9641664242273732,0.9725842050461839,0.9625320714696056,-0.9610982815353526,0.9417005976641255,0.9633344434024218,0.9626872959121677,0.9688641346194468,0.9593392227432029,0.9771257353506546,0.975731577704881,0.9682023048610015,0.9593974471520155,0.9674970971839412,0.941679487862621,0.8521467205377431,0.8080808958726721,0.6193058783841772,0.9713701189040534,0.8952869199337731,0.18679275772950457,-0.1800959716636532,0.8836827913273743,0.9159186936574227,1.0,0.9080733178997414,0.8902407442735097,0.9429309785843842,0.8906709391924781,0.8859013446835172,0.9483323632671046,0.9728767056870087,0.8882898631504405],[0.9799379532833723,0.9594999307829066,0.9281439831123013,0.96966733406169,0.9039166540924739,0.9596756713863892,-0.9042024907008585,0.9789406272828326,0.9368653502826602,0.9694043224243882,0.9611094459111593,0.9642042358977289,0.9458326953117913,0.9395119054279946,0.9614271680416203,0.9631035935075051,0.9752231717578322,0.979425524028334,0.8890257026156653,0.9586099162881105,0.7798175660727791,0.938113098805117,0.9000110058850571,0.4796437564738285,-0.3877745749331941,0.8162586179244655,0.9216953684137328,0.9080733178997414,1.0,0.9860709720672924,0.9639932013382455,0.9902667723049904,0.9521880361733805,0.9600967880477038,0.9149185157598004,0.9676812898397056],[0.96622245497897,0.9532771609800565,0.9150333413696928,0.96252256744772,0.898069015887135,0.9329606309429174,-0.869254748541718,0.9557839560615891,0.9030199321592143,0.9617521704198324,0.9455425063950513,0.9537487910388239,0.9129931127758807,0.8991832314627386,0.9460460329215397,0.9301553461594971,0.951217356136873,0.9551951975025655,0.854389290433465,0.9365570803803844,0.7112729083337355,0.9450806683843053,0.8563328732285085,0.47297049249242473,-0.37676795300635924,0.8613474093226497,0.9066558799056559,0.8902407442735097,0.9860709720672924,1.0,0.9519596864625915,0.9837566651449132,0.9551207971371236,0.9392065890584191,0.9228987744934797,0.9626064522489467],[0.9772035918842101,0.9675901758040122,0.9672435441996899,0.9797855913233613,0.959394252830315,0.9549894641002333,-0.9327138319071909,0.9685103866343727,0.9597251253746212,0.9787233251655794,0.9695349452171801,0.9750912880329774,0.9525866830546841,0.9449555384006045,0.9695078607617542,0.9514679911232014,0.9671150594843295,0.9669330042073866,0.8556706003159944,0.9004831601960451,0.6418435540086102,0.9720400474823101,0.9302729841099934,0.3271097334672698,-0.3216420269912328,0.8271707988117889,0.9304739932605076,0.9429309785843842,0.9639932013382455,0.9519596864625915,1.0,0.9531393057490762,0.914679269291292,0.9769154784809376,0.959915252344723,0.9416191318406919],[0.9726959129128219,0.958207561871328,0.9197574193063249,0.9620076390791523,0.8948544407877169,0.9543757476048529,-0.8967199655279873,0.9650041775575465,0.9213356236046624,0.9614052808724745,0.9419664761097316,0.9528708772616056,0.9192543857305273,0.9185977716520399,0.942584157382621,0.9554665359140598,0.958366334048186,0.9636151877161743,0.8674355601511018,0.945670512604085,0.748571803659714,0.9396077965326713,0.8722401715461874,0.4957271971117221,-0.34510466862010075,0.8693867192785488,0.9067839749916867,0.8906709391924781,0.9902667723049904,0.9837566651449132,0.9531393057490762,1.0,0.9736385376914418,0.9457339651501321,0.9385728623717589,0.9634017107803633],[0.9444180616627441,0.9429838602008651,0.9005331286689775,0.9313834404991369,0.8695629573106799,0.9545378880756296,-0.9087734283884958,0.9372316954979318,0.9046699402337647,0.9299258543624229,0.9128298515695591,0.9281312009962479,0.8843024037852831,0.8632059654524434,0.913321249967562,0.9538849023882211,0.9396447763458802,0.9370418383875386,0.8533986130192511,0.8977431842688054,0.7579578577383741,0.9053586361094893,0.841987245659189,0.41675420505316874,-0.2068922013741097,0.864927199561549,0.8730850232660623,0.8859013446835172,0.9521880361733805,0.9551207971371236,0.914679269291292,0.9736385376914418,1.0,0.9073039980893767,0.9314580712032061,0.9541476578329464],[0.9814240898163162,0.9711694090862819,0.9664279402591068,0.9790246546686407,0.9527655708903848,0.9602455806355509,-0.9319646167531451,0.9619283469638799,0.9499513302940817,0.9781933237709564,0.96807768773035,0.9742734991081532,0.9663258133039305,0.9679148297806137,0.9680166606854194,0.9624566829265279,0.9739064056759225,0.9612039439037079,0.8536265550501204,0.9003952968258148,0.679734102575125,0.968955296399054,0.9259459526814146,0.3527260306956026,-0.3472972345374026,0.8582736706425889,0.9368101608136968,0.9483323632671046,0.9600967880477038,0.9392065890584191,0.9769154784809376,0.9457339651501321,0.9073039980893767,1.0,0.9567899472862601,0.941944156959276],[0.972950091467589,0.9636452945760581,0.9741459198853262,0.9715180037559036,0.9596582010901686,0.9781601065961659,-0.9670392841780637,0.9599649670232103,0.9720032259941433,0.9702527400151808,0.9815874573155164,0.9701192456682356,0.9803518740711443,0.9787238068133977,0.981500555918112,0.9775059286862706,0.9860636007637146,0.9579577793589137,0.876106261180694,0.8496528738228385,0.6447793852452167,0.9571656874693554,0.8754807628588779,0.27352475776646346,-0.18221495016115308,0.8672901920968803,0.9101100923475236,0.9728767056870087,0.9149185157598004,0.9228987744934797,0.959915252344723,0.9385728623717589,0.9314580712032061,0.9567899472862601,1.0,0.9195421364918115],[0.9548251539115881,0.9494383461646325,0.919972348202823,0.9449622018968076,0.8922984570350047,0.9562530695375924,-0.9112255254008026,0.9662314664026805,0.9251622823708295,0.9433089620997706,0.9396300416470653,0.9489628964705756,0.9328566080384504,0.9256612306868681,0.9402877999972897,0.9608233230659248,0.9629785346826285,0.9674354634274326,0.8931779833440665,0.8835657529277753,0.692298842453828,0.9255433142827971,0.8518911810312668,0.38943757917470745,-0.317308118477763,0.8971104582136634,0.8846541028600724,0.8882898631504405,0.9676812898397056,0.9626064522489467,0.9416191318406919,0.9634017107803633,0.9541476578329464,0.941944156959276,0.9195421364918115,1.0]],"x":["^TAIEX       \u81fa\u7063\u52a0\u6b0a\u5831\u916c\u6307\u6578","^TWII        \u81fa\u7063\u52a0\u6b0a\u6307\u6578","^TAIEXx2     \u81fa\u7063\u52a0\u6b0a\u5831\u916c\u6307\u6578_\u65e5\u6b632","^TAI50I      \u81fa\u706350\u5831\u916c\u6307\u6578","^TAI50Ix2    \u81fa\u706350\u5831\u916c\u6307\u6578_\u65e5\u6b632","^TAI100I     \u81fa\u7063\u4e2d\u578b100\u5831\u916c\u6307\u6578","^TAI100Ix2   \u81fa\u7063\u4e2d\u578b100\u5831\u916c\u6307\u6578_\u65e5\u6b632","^TAIDIVIDI   \u81fa\u7063\u9ad8\u80a1\u606f\u5831\u916c\u6307\u6578","^TAIDIVIDIx2 \u81fa\u7063\u9ad8\u80a1\u606f\u5831\u916c\u6307\u6578_\u65e5\u6b632","0050Fund     \u5143\u5927\u53f0\u7063\u5353\u8d8a50\u57fa\u91d1","006208Fund   \u5bcc\u90a6\u53f0\u7063\u91c6\u540950\u57fa\u91d1","0050         \u5143\u5927\u81fa\u706350","00631L       \u5143\u5927\u53f0\u706350\u6b632","00675L       \u5bcc\u90a6\u81fa\u7063\u52a0\u6b0a\u6b632","006208       \u5bcc\u90a6\u53f050","0051         \u5143\u5927\u4e2d\u578b100","006204       \u6c38\u8c50\u81fa\u7063\u52a0\u6b0a","0056         \u5143\u5927\u9ad8\u80a1\u606f","0056         \u5143\u5927\u9ad8\u80a1\u606f_\u80a1\u606f\u4e0d\u6295\u5165","2412         \u4e2d\u83ef\u96fb\u4fe1","2002         \u4e2d\u92fc","2330         \u53f0\u7a4d\u96fb","2317         \u9d3b\u6d77","6505         \u53f0\u5851\u77f3\u5316","3481         \u7fa4\u5275","2303         \u806f\u96fb","2308         \u53f0\u9054\u96fb","2454         \u806f\u767c\u79d1","2886         \u5146\u8c50\u91d1","2884         \u7389\u5c71\u91d1","2891         \u4e2d\u4fe1\u91d1","2892         \u7b2c\u4e00\u91d1","5880         \u5408\u5eab\u91d1","2881         \u5bcc\u90a6\u91d1","2885         \u5143\u5927\u91d1","2887         \u53f0\u65b0\u91d1"],"y":["^TAIEX       \u81fa\u7063\u52a0\u6b0a\u5831\u916c\u6307\u6578","^TWII        \u81fa\u7063\u52a0\u6b0a\u6307\u6578","^TAIEXx2     \u81fa\u7063\u52a0\u6b0a\u5831\u916c\u6307\u6578_\u65e5\u6b632","^TAI50I      \u81fa\u706350\u5831\u916c\u6307\u6578","^TAI50Ix2    \u81fa\u706350\u5831\u916c\u6307\u6578_\u65e5\u6b632","^TAI100I     \u81fa\u7063\u4e2d\u578b100\u5831\u916c\u6307\u6578","^TAI100Ix2   \u81fa\u7063\u4e2d\u578b100\u5831\u916c\u6307\u6578_\u65e5\u6b632","^TAIDIVIDI   \u81fa\u7063\u9ad8\u80a1\u606f\u5831\u916c\u6307\u6578","^TAIDIVIDIx2 \u81fa\u7063\u9ad8\u80a1\u606f\u5831\u916c\u6307\u6578_\u65e5\u6b632","0050Fund     \u5143\u5927\u53f0\u7063\u5353\u8d8a50\u57fa\u91d1","006208Fund   \u5bcc\u90a6\u53f0\u7063\u91c6\u540950\u57fa\u91d1","0050         \u5143\u5927\u81fa\u706350","00631L       \u5143\u5927\u53f0\u706350\u6b632","00675L       \u5bcc\u90a6\u81fa\u7063\u52a0\u6b0a\u6b632","006208       \u5bcc\u90a6\u53f050","0051         \u5143\u5927\u4e2d\u578b100","006204       \u6c38\u8c50\u81fa\u7063\u52a0\u6b0a","0056         \u5143\u5927\u9ad8\u80a1\u606f","0056         \u5143\u5927\u9ad8\u80a1\u606f_\u80a1\u606f\u4e0d\u6295\u5165","2412         \u4e2d\u83ef\u96fb\u4fe1","2002         \u4e2d\u92fc","2330         \u53f0\u7a4d\u96fb","2317         \u9d3b\u6d77","6505         \u53f0\u5851\u77f3\u5316","3481         \u7fa4\u5275","2303         \u806f\u96fb","2308         \u53f0\u9054\u96fb","2454         \u806f\u767c\u79d1","2886         \u5146\u8c50\u91d1","2884         \u7389\u5c71\u91d1","2891         \u4e2d\u4fe1\u91d1","2892         \u7b2c\u4e00\u91d1","5880         \u5408\u5eab\u91d1","2881         \u5bcc\u90a6\u91d1","2885         \u5143\u5927\u91d1","2887         \u53f0\u65b0\u91d1"],"zmin":-1,"zmax":1,"colorbar":{"x":-0.2}}],"layout":{"autotypenumbers":"strict","colorway":["#636efa","#EF553B","#00cc96","#ab63fa","#FFA15A","#19d3f3","#FF6692","#B6E880","#FF97FF","#FECB52"],"font":{"color":"#f2f5fa","family":"Courier New"},"hovermode":"closest","hoverlabel":{"align":"left"},"paper_bgcolor":"rgb(17,17,17)","plot_bgcolor":"rgb(17,17,17)","polar":{"bgcolor":"rgb(17,17,17)","angularaxis":{"gridcolor":"#506784","linecolor":"#506784","ticks":""},"radialaxis":{"gridcolor":"#506784","linecolor":"#506784","ticks":""}},"ternary":{"bgcolor":"rgb(17,17,17)","aaxis":{"gridcolor":"#506784","linecolor":"#506784","ticks":""},"baxis":{"gridcolor":"#506784","linecolor":"#506784","ticks":""},"caxis":{"gridcolor":"#506784","linecolor":"#506784","ticks":""}},"coloraxis":{"colorbar":{"outlinewidth":0,"ticks":""}},"colorscale":{"sequential":[[0.0,"#0d0887"],[0.1111111111111111,"#46039f"],[0.2222222222222222,"#7201a8"],[0.3333333333333333,"#9c179e"],[0.4444444444444444,"#bd3786"],[0.5555555555555556,"#d8576b"],[0.6666666666666666,"#ed7953"],[0.7777777777777778,"#fb9f3a"],[0.8888888888888888,"#fdca26"],[1.0,"#f0f921"]],"sequentialminus":[[0.0,"#0d0887"],[0.1111111111111111,"#46039f"],[0.2222222222222222,"#7201a8"],[0.3333333333333333,"#9c179e"],[0.4444444444444444,"#bd3786"],[0.5555555555555556,"#d8576b"],[0.6666666666666666,"#ed7953"],[0.7777777777777778,"#fb9f3a"],[0.8888888888888888,"#fdca26"],[1.0,"#f0f921"]],"diverging":[[0,"#8e0152"],[0.1,"#c51b7d"],[0.2,"#de77ae"],[0.3,"#f1b6da"],[0.4,"#fde0ef"],[0.5,"#f7f7f7"],[0.6,"#e6f5d0"],[0.7,"#b8e186"],[0.8,"#7fbc41"],[0.9,"#4d9221"],[1,"#276419"]]},"xaxis":{"gridcolor":"rgba(0, 0, 0, 0)","linecolor":"#506784","ticks":"","title":{"standoff":15},"zerolinecolor":"#283442","automargin":true,"zerolinewidth":2,"tickfont":{"family":"Courier New","size":14},"side":"top","tickangle":-90},"yaxis":{"gridcolor":"rgba(0, 0, 0, 0)","linecolor":"#506784","ticks":"","title":{"standoff":15},"zerolinecolor":"#283442","automargin":true,"zerolinewidth":2,"tickfont":{"family":"Courier New"},"side":"right"},"scene":{"xaxis":{"backgroundcolor":"rgb(17,17,17)","gridcolor":"#506784","linecolor":"#506784","showbackground":true,"ticks":"","zerolinecolor":"#C8D4E3","gridwidth":2},"yaxis":{"backgroundcolor":"rgb(17,17,17)","gridcolor":"#506784","linecolor":"#506784","showbackground":true,"ticks":"","zerolinecolor":"#C8D4E3","gridwidth":2},"zaxis":{"backgroundcolor":"rgb(17,17,17)","gridcolor":"#506784","linecolor":"#506784","showbackground":true,"ticks":"","zerolinecolor":"#C8D4E3","gridwidth":2}},"shapedefaults":{"line":{"color":"#f2f5fa"}},"annotationdefaults":{"arrowcolor":"#f2f5fa","arrowhead":0,"arrowwidth":1},"geo":{"bgcolor":"rgb(17,17,17)","landcolor":"rgb(17,17,17)","subunitcolor":"#506784","showland":true,"showlakes":true,"lakecolor":"rgb(17,17,17)"},"title":{"x":0.05,"font":{"family":"Times New Roman"},"y":0.05,"text":"<b>Correlation of Adj Close<b><br><i>2016-09-23 ~ 2025-10-14<i>"},"updatemenudefaults":{"bgcolor":"#506784","borderwidth":0},"sliderdefaults":{"bgcolor":"#C8D4E3","borderwidth":1,"bordercolor":"rgb(17,17,17)","tickwidth":0},"mapbox":{"style":"dark"},"annotations":[{"text":"<b>@zwindr<b>","textangle":0,"opacity":0.5,"font":{"color":"white","size":12},"xref":"paper","yref":"paper","xanchor":"left","yanchor":"bottom","x":1.0,"y":1.0,"showarrow":false}]},"config":{"responsive":true,"toImageButtonOptions":{"filename":"Correlation of Adj Close_2016-09-23~2025-10-14","scale":5}}};Plotly.newPlot("correlationAdjClose",correlationAdjClose.data,correlationAdjClose.layout||{},correlationAdjClose.config);}else{console.log("style display is none => correlationAdjClose");}