var element=document.getElementById("correlationClose");if(element.style.display!='none'){var correlationClose={"data":[{"type":"heatmap","z":[[1.0,0.9999999999999981,1.0,0.9952004183319152,0.9952004183319152,0.9654068026310569,0.9654068026310569,0.905280494815759,0.905280494815759,0.8561753199634918,0.9944042318711168,0.8225886546072494,0.9925894818483391,0.9926235213579454,0.9944479984314454,0.9741525131812069,0.999035065697764,0.9211274441409971,0.9211274441409971,0.7837699378358828,-0.13086044056485913,0.9779419148934704,0.14778277839968945,-0.08945226712049467,-0.25149816607110087,0.8153537645665921,0.9107277089450121,0.9133195997912527,0.9269370022772366,0.7804830617973336,0.5458516664650781,0.6345384818651733,0.6324326764386914,0.9328358882206564,0.8296847114298997,0.1861741922159132],[0.9999999999999981,1.0,0.9999999999999983,0.9951668759315455,0.9951668759315455,0.9648572688341316,0.9648572688341316,0.9062798337720088,0.9062798337720088,0.85747176008755,0.9943976101211857,0.8226708111742398,0.9923222637483483,0.99210875190109,0.9944453874207531,0.9735701671543466,0.9990365914079479,0.9212914120248977,0.9212914120248977,0.8026148379346383,0.07997665219135822,0.9696770146850541,-0.051616319929754795,-0.08179929555427812,-0.25183514036669535,0.6470357133127865,0.9119190338782066,0.8882482792021869,0.9214617664069504,0.7913770187999858,0.5374856255016358,0.6316389660451391,0.658429372059418,0.9304381011095268,0.6848518560644863,0.18296243777607013],[1.0,0.9999999999999983,1.0,0.9952004183319152,0.9952004183319152,0.9654068026310569,0.9654068026310569,0.905280494815759,0.905280494815759,0.8561753199634918,0.9944042318711168,0.8225886546072494,0.9925894818483391,0.9926235213579454,0.9944479984314454,0.9741525131812069,0.999035065697764,0.9211274441409971,0.9211274441409971,0.7837699378358828,-0.13086044056485913,0.9779419148934704,0.14778277839968945,-0.08945226712049467,-0.25149816607110087,0.8153537645665921,0.9107277089450121,0.9133195997912527,0.9269370022772366,0.7804830617973336,0.5458516664650781,0.6345384818651733,0.6324326764386914,0.9328358882206564,0.8296847114298997,0.1861741922159132],[0.9952004183319152,0.9951668759315455,0.9952004183319152,1.0,1.0,0.9521287884141076,0.9521287884141076,0.8900477770032329,0.8900477770032329,0.8350839220321601,0.9995279453538869,0.7996208025516542,0.9906109251815088,0.9874553604419741,0.9994895299705472,0.9567077067990505,0.9947997158957209,0.8979511334851564,0.8979511334851564,0.759523858356841,-0.13852711902558057,0.9902568659059605,0.17353493204563458,-0.12510616620908785,-0.2524438356258282,0.8078238745810151,0.9196776974768949,0.9154783273737043,0.9124644511527973,0.7869650030876316,0.5742635191729694,0.6280940417901175,0.6030774032265407,0.9236068547898052,0.819133397939445,0.19818114903108944],[0.9952004183319152,0.9951668759315455,0.9952004183319152,1.0,1.0,0.9521287884141076,0.9521287884141076,0.8900477770032329,0.8900477770032329,0.8350839220321601,0.9995279453538869,0.7996208025516542,0.9906109251815088,0.9874553604419741,0.9994895299705472,0.9567077067990505,0.9947997158957209,0.8979511334851564,0.8979511334851564,0.759523858356841,-0.13852711902558057,0.9902568659059605,0.17353493204563458,-0.12510616620908785,-0.2524438356258282,0.8078238745810151,0.9196776974768949,0.9154783273737043,0.9124644511527973,0.7869650030876316,0.5742635191729694,0.6280940417901175,0.6030774032265407,0.9236068547898052,0.819133397939445,0.19818114903108944],[0.9654068026310569,0.9648572688341316,0.9654068026310569,0.9521287884141076,0.9521287884141076,1.0,1.0,0.9305882844898835,0.9305882844898835,0.824985167914971,0.9518786695698783,0.8125994481504931,0.9709129237057885,0.9684525251167405,0.9517201294727134,0.9990960741331454,0.9736973554480239,0.9198019704148575,0.9198019704148575,0.6437622533884125,-0.07842251724116088,0.9372547286331434,0.30837782552323184,-0.27633247556147855,-0.11712289367402805,0.885150208060301,0.8625221868258711,0.9314598349244707,0.9002873879008375,0.7439102260229382,0.7426685943442419,0.7387091958274414,0.7077821958293847,0.8601463935304318,0.8614174272291879,0.4681274237944906],[0.9654068026310569,0.9648572688341316,0.9654068026310569,0.9521287884141076,0.9521287884141076,1.0,1.0,0.9305882844898835,0.9305882844898835,0.824985167914971,0.9518786695698783,0.8125994481504931,0.9709129237057885,0.9684525251167405,0.9517201294727134,0.9990960741331454,0.9736973554480239,0.9198019704148575,0.9198019704148575,0.6437622533884125,-0.07842251724116088,0.9372547286331434,0.30837782552323184,-0.27633247556147855,-0.11712289367402805,0.885150208060301,0.8625221868258711,0.9314598349244707,0.9002873879008375,0.7439102260229382,0.7426685943442419,0.7387091958274414,0.7077821958293847,0.8601463935304318,0.8614174272291879,0.4681274237944906],[0.905280494815759,0.9062798337720088,0.905280494815759,0.8900477770032329,0.8900477770032329,0.9305882844898835,0.9305882844898835,1.0,1.0,0.7682955467944073,0.9379103140326418,0.7884182290303268,0.9430741832065896,0.9379231867867611,0.937777739612496,0.9314927718346996,0.9444701770519738,0.971644986606596,0.971644986606596,0.5850512011676272,0.04175635874814648,0.8511891346407058,0.5437721865560441,-0.30208682540886805,0.019094049213073023,0.7860629010485558,0.7624461511295707,0.8732338121863858,0.8518072880722566,0.7563264574744462,0.8785581627452971,0.7808075296666465,0.7171639884777448,0.791157909574471,0.8487820645351617,0.8021199259856073],[0.905280494815759,0.9062798337720088,0.905280494815759,0.8900477770032329,0.8900477770032329,0.9305882844898835,0.9305882844898835,1.0,1.0,0.7682955467944073,0.9379103140326418,0.7884182290303268,0.9430741832065896,0.9379231867867611,0.937777739612496,0.9314927718346996,0.9444701770519738,0.971644986606596,0.971644986606596,0.5850512011676272,0.04175635874814648,0.8511891346407058,0.5437721865560441,-0.30208682540886805,0.019094049213073023,0.7860629010485558,0.7624461511295707,0.8732338121863858,0.8518072880722566,0.7563264574744462,0.8785581627452971,0.7808075296666465,0.7171639884777448,0.791157909574471,0.8487820645351617,0.8021199259856073],[0.8561753199634918,0.85747176008755,0.8561753199634918,0.8350839220321601,0.8350839220321601,0.824985167914971,0.824985167914971,0.7682955467944073,0.7682955467944073,1.0,0.7404858462922768,0.9999699153804522,0.688249806043011,0.61167234028524,0.7422492200074597,0.8206427450793637,0.7876158514311533,0.8368648452536616,0.8368648452536616,0.7044191136288102,-0.10333360601124895,0.8104326002221598,0.043414024747774,0.04523083599786152,-0.2448087199606609,0.7988695138746292,0.627488412681173,0.7900231555395033,0.8322184218748796,0.6999377613957716,0.3798293076466529,0.5417535237788423,0.5690312543866594,0.8220230826534142,0.6890825689632617,0.17546376825370322],[0.9944042318711168,0.9943976101211857,0.9944042318711168,0.9995279453538869,0.9995279453538869,0.9518786695698783,0.9518786695698783,0.9379103140326418,0.9379103140326418,0.7404858462922768,1.0,0.7403937389495601,0.9903850262950776,0.9875448185987569,0.9999251297952595,0.9522710965330594,0.9936420463241253,0.910037717731384,0.910037717731384,0.853218231640137,0.0462603607577811,0.9964022571134903,0.8811174781750264,-0.4976997269839319,0.3443414165361256,0.8282156525717226,0.8828631901045408,0.9362352977940132,0.9067317503987943,0.810471579296538,0.9104487233590616,0.8698574103392911,0.7837399524751619,0.9012036311960085,0.9417844395845493,0.776584751513718],[0.8225886546072494,0.8226708111742398,0.8225886546072494,0.7996208025516542,0.7996208025516542,0.8125994481504931,0.8125994481504931,0.7884182290303268,0.7884182290303268,0.9999699153804522,0.7403937389495601,1.0,0.6863269392938224,0.6091261231899343,0.7406861851997654,0.8131705558949633,0.786253209973768,0.8341903493956704,0.8341903493956704,0.6697163028714822,0.02137555220610087,0.7765111447423829,0.470719836199912,-0.18174084016557432,-0.23234393426005434,0.8336784866119696,0.5409471443808155,0.7692435614133196,0.8086505386081306,0.7302761711892186,0.6347860235943983,0.7272549852507859,0.6926772148614453,0.7877511618582111,0.6887470770970406,0.6968914563555327],[0.9925894818483391,0.9923222637483483,0.9925894818483391,0.9906109251815088,0.9906109251815088,0.9709129237057885,0.9709129237057885,0.9430741832065896,0.9430741832065896,0.688249806043011,0.9903850262950776,0.6863269392938224,1.0,0.9997538473824855,0.9903824992612268,0.9695837085830303,0.9903355895385534,0.9017118538967837,0.9017118538967837,0.8308542457126518,0.07651617999604012,0.9884266165001157,0.9017966785792132,-0.6587612581937132,0.41343847586013965,0.8020620125032546,0.8884316969977267,0.9464146527319035,0.8988740750499615,0.7437851174977251,0.9102962910915742,0.8494896625734635,0.7669099797244954,0.8850961665407551,0.9565459183984711,0.8057492420478628],[0.9926235213579454,0.99210875190109,0.9926235213579454,0.9874553604419741,0.9874553604419741,0.9684525251167405,0.9684525251167405,0.9379231867867611,0.9379231867867611,0.61167234028524,0.9875448185987569,0.6091261231899343,0.9997538473824855,1.0,0.9876954816311139,0.9663933694520633,0.9893409156307592,0.8869926211060435,0.8869926211060435,0.8518631718188363,-0.048960281081309114,0.9840213688103269,0.9101675917423223,-0.8388308688844536,0.4518116859150793,0.751802786679861,0.8929393993963768,0.9407464260353723,0.8850682212776508,0.6725517102639393,0.9188114052002491,0.84001906125482,0.7107159149646184,0.9113038099786703,0.957183411637484,0.7739752381252666],[0.9944479984314454,0.9944453874207531,0.9944479984314454,0.9994895299705472,0.9994895299705472,0.9517201294727134,0.9517201294727134,0.937777739612496,0.937777739612496,0.7422492200074597,0.9999251297952595,0.7406861851997654,0.9903824992612268,0.9876954816311139,1.0,0.9522673668838025,0.9937024457781767,0.9102967891762911,0.9102967891762911,0.8541570097677867,0.04533466190272957,0.9962762697747697,0.88066134894548,-0.4949458677942207,0.3431350321702766,0.8283389736328398,0.8811622330961093,0.9351930678072128,0.9070736570764525,0.8114425444908535,0.9099874458936662,0.8708162895501134,0.7846915780032501,0.9011391070493392,0.9417662354808294,0.7770291892353268],[0.9741525131812069,0.9735701671543466,0.9741525131812069,0.9567077067990505,0.9567077067990505,0.9990960741331454,0.9990960741331454,0.9314927718346996,0.9314927718346996,0.8206427450793637,0.9522710965330594,0.8131705558949633,0.9695837085830303,0.9663933694520633,0.9522673668838025,1.0,0.9751428206049049,0.919268270050929,0.919268270050929,0.6921159870873721,-0.06293509176473129,0.9458576960565753,0.6338276978508447,-0.40883671491946416,-0.1662421698373291,0.8963462579013328,0.860583622588202,0.927152465179597,0.9073471008276681,0.7809230205037188,0.8535753544237438,0.785970990020473,0.7638670542072051,0.8824186870850341,0.8588939877807329,0.789696970094536],[0.999035065697764,0.9990365914079479,0.999035065697764,0.9947997158957209,0.9947997158957209,0.9736973554480239,0.9736973554480239,0.9444701770519738,0.9444701770519738,0.7876158514311533,0.9936420463241253,0.786253209973768,0.9903355895385534,0.9893409156307592,0.9937024457781767,0.9751428206049049,1.0,0.9338965913241924,0.9338965913241924,0.8620504101188452,0.057397789051083656,0.9871756366186147,0.8484387402657957,-0.4758884469498359,0.361511145182295,0.8726416904463775,0.8767019737068432,0.945629588591186,0.9348616358463693,0.8321094643362567,0.8989041417317492,0.9000142081089668,0.8238274118696217,0.9149556389929031,0.9506972958379937,0.8337261726695028],[0.9211274441409971,0.9212914120248977,0.9211274441409971,0.8979511334851564,0.8979511334851564,0.9198019704148575,0.9198019704148575,0.971644986606596,0.971644986606596,0.8368648452536616,0.910037717731384,0.8341903493956704,0.9017118538967837,0.8869926211060435,0.9102967891762911,0.919268270050929,0.9338965913241924,1.0,1.0,0.7409793339602113,-0.024425360792580866,0.8613395905770888,0.5446822451155816,-0.18926829059962674,-0.2062683612117975,0.8265669304558492,0.7466274117634385,0.8369230110223037,0.9165429031420809,0.8378493065710519,0.800894429999782,0.7554783215895619,0.705668044362169,0.8453364719356279,0.7778541971241771,0.8512562527969206],[0.9211274441409971,0.9212914120248977,0.9211274441409971,0.8979511334851564,0.8979511334851564,0.9198019704148575,0.9198019704148575,0.971644986606596,0.971644986606596,0.8368648452536616,0.910037717731384,0.8341903493956704,0.9017118538967837,0.8869926211060435,0.9102967891762911,0.919268270050929,0.9338965913241924,1.0,1.0,0.7409793339602113,-0.024425360792580866,0.8613395905770888,0.5446822451155816,-0.18926829059962674,-0.2062683612117975,0.8265669304558492,0.7466274117634385,0.8369230110223037,0.9165429031420809,0.8378493065710519,0.800894429999782,0.7554783215895619,0.705668044362169,0.8453364719356279,0.7778541971241771,0.8512562527969206],[0.7837699378358828,0.8026148379346383,0.7837699378358828,0.759523858356841,0.759523858356841,0.6437622533884125,0.6437622533884125,0.5850512011676272,0.5850512011676272,0.7044191136288102,0.853218231640137,0.6697163028714822,0.8308542457126518,0.8518631718188363,0.8541570097677867,0.6921159870873721,0.8620504101188452,0.7409793339602113,0.7409793339602113,1.0,0.03858624140758518,0.7212205355836481,-0.376291732115007,0.3249001733614231,-0.6572021189843079,0.35132071265069637,0.7214807924631249,0.5084090652183707,0.8356846707562517,0.6935329448241015,0.10224403086956449,0.3071128908870135,0.5654825445607934,0.7830092248317844,0.47640030003767614,-0.15304004696253165],[-0.13086044056485913,0.07997665219135822,-0.13086044056485913,-0.13852711902558057,-0.13852711902558057,-0.07842251724116088,-0.07842251724116088,0.04175635874814648,0.04175635874814648,-0.10333360601124895,0.0462603607577811,0.02137555220610087,0.07651617999604012,-0.048960281081309114,0.04533466190272957,-0.06293509176473129,0.057397789051083656,-0.024425360792580866,-0.024425360792580866,0.03858624140758518,1.0,-0.0875240052782807,0.11136022802136734,0.15077168557281906,0.7494700130197419,-0.08957302781623573,-0.03250051726354322,-0.005719227563313901,0.16654606828512647,0.005264960828283621,0.06142811101311866,0.3398015087877442,0.5711071073012061,-0.11458310217815122,0.113137303764969,0.1605046656121688],[0.9779419148934704,0.9696770146850541,0.9779419148934704,0.9902568659059605,0.9902568659059605,0.9372547286331434,0.9372547286331434,0.8511891346407058,0.8511891346407058,0.8104326002221598,0.9964022571134903,0.7765111447423829,0.9884266165001157,0.9840213688103269,0.9962762697747697,0.9458576960565753,0.9871756366186147,0.8613395905770888,0.8613395905770888,0.7212205355836481,-0.0875240052782807,1.0,0.0819426094528139,-0.18414681718379952,-0.3043499765904578,0.6704528995854894,0.9174276895519368,0.898824244744215,0.855923689736406,0.7552388155866182,0.573970141395813,0.5941337627529298,0.5323972624457133,0.902139641358283,0.6624280330493408,0.1783369396214921],[0.14778277839968945,-0.051616319929754795,0.14778277839968945,0.17353493204563458,0.17353493204563458,0.30837782552323184,0.30837782552323184,0.5437721865560441,0.5437721865560441,0.043414024747774,0.8811174781750264,0.470719836199912,0.9017966785792132,0.9101675917423223,0.88066134894548,0.6338276978508447,0.8484387402657957,0.5446822451155816,0.5446822451155816,-0.376291732115007,0.11136022802136734,0.0819426094528139,1.0,-0.45445182409641666,0.7267171710960945,0.377124186446013,0.08838395760595658,0.3058264216763747,-0.1028670210191601,0.07167951352939467,0.5916458937297285,0.4750337473865851,0.1970584560401681,-0.007424626191096703,0.38714122346645896,0.46772142871663064],[-0.08945226712049467,-0.08179929555427812,-0.08945226712049467,-0.12510616620908785,-0.12510616620908785,-0.27633247556147855,-0.27633247556147855,-0.30208682540886805,-0.30208682540886805,0.04523083599786152,-0.4976997269839319,-0.18174084016557432,-0.6587612581937132,-0.8388308688844536,-0.4949458677942207,-0.40883671491946416,-0.4758884469498359,-0.18926829059962674,-0.18926829059962674,0.3249001733614231,0.15077168557281906,-0.18414681718379952,-0.45445182409641666,1.0,-0.030500070200108698,-0.1600187104224065,-0.17660041719100109,-0.2972391863969597,-0.03806275781904252,-0.06984416832258508,-0.5659549916201551,-0.1969139400562109,-0.021417052443480057,-0.03656068639520628,-0.21244278218497303,-0.4066577658113335],[-0.25149816607110087,-0.25183514036669535,-0.25149816607110087,-0.2524438356258282,-0.2524438356258282,-0.11712289367402805,-0.11712289367402805,0.019094049213073023,0.019094049213073023,-0.2448087199606609,0.3443414165361256,-0.23234393426005434,0.41343847586013965,0.4518116859150793,0.3431350321702766,-0.1662421698373291,0.361511145182295,-0.2062683612117975,-0.2062683612117975,-0.6572021189843079,0.7494700130197419,-0.3043499765904578,0.7267171710960945,-0.030500070200108698,1.0,-0.1053013195145162,-0.2527105141953276,-0.0640011614674193,-0.3509251248613136,-0.3288847173908115,0.07638860248182548,0.16378278119810447,0.2646214272014083,-0.3799088885749323,0.11804731485990826,0.09448613856283981],[0.8153537645665921,0.6470357133127865,0.8153537645665921,0.8078238745810151,0.8078238745810151,0.885150208060301,0.885150208060301,0.7860629010485558,0.7860629010485558,0.7988695138746292,0.8282156525717226,0.8336784866119696,0.8020620125032546,0.751802786679861,0.8283389736328398,0.8963462579013328,0.8726416904463775,0.8265669304558492,0.8265669304558492,0.35132071265069637,-0.08957302781623573,0.6704528995854894,0.377124186446013,-0.1600187104224065,-0.1053013195145162,1.0,0.5521832453928257,0.8387128172568843,0.49333767090662095,0.6260581428867488,0.5453241207883008,0.6563371729628706,0.4241647675285254,0.7035015682571092,0.702970961303451,0.4162406021921909],[0.9107277089450121,0.9119190338782066,0.9107277089450121,0.9196776974768949,0.9196776974768949,0.8625221868258711,0.8625221868258711,0.7624461511295707,0.7624461511295707,0.627488412681173,0.8828631901045408,0.5409471443808155,0.8884316969977267,0.8929393993963768,0.8811622330961093,0.860583622588202,0.8767019737068432,0.7466274117634385,0.7466274117634385,0.7214807924631249,-0.03250051726354322,0.9174276895519368,0.08838395760595658,-0.17660041719100109,-0.2527105141953276,0.5521832453928257,1.0,0.8032907924967894,0.7941911622670588,0.6734154076152364,0.47152865633553015,0.5037566436731252,0.5294044531151336,0.8470256186154576,0.6214220832942281,0.09737240923021469],[0.9133195997912527,0.8882482792021869,0.9133195997912527,0.9154783273737043,0.9154783273737043,0.9314598349244707,0.9314598349244707,0.8732338121863858,0.8732338121863858,0.7900231555395033,0.9362352977940132,0.7692435614133196,0.9464146527319035,0.9407464260353723,0.9351930678072128,0.927152465179597,0.945629588591186,0.8369230110223037,0.8369230110223037,0.5084090652183707,-0.005719227563313901,0.898824244744215,0.3058264216763747,-0.2972391863969597,-0.0640011614674193,0.8387128172568843,0.8032907924967894,1.0,0.7521150410339025,0.6104269915267018,0.5929194836086074,0.6011416799603129,0.5339262877374786,0.8177374296257891,0.8324806245830746,0.21888986780613726],[0.9269370022772366,0.9214617664069504,0.9269370022772366,0.9124644511527973,0.9124644511527973,0.9002873879008375,0.9002873879008375,0.8518072880722566,0.8518072880722566,0.8322184218748796,0.9067317503987943,0.8086505386081306,0.8988740750499615,0.8850682212776508,0.9070736570764525,0.9073471008276681,0.9348616358463693,0.9165429031420809,0.9165429031420809,0.8356846707562517,0.16654606828512647,0.855923689736406,-0.1028670210191601,-0.03806275781904252,-0.3509251248613136,0.49333767090662095,0.7941911622670588,0.7521150410339025,1.0,0.9063678312428213,0.54323478458237,0.68740802716736,0.6664802479967623,0.8789072214625793,0.505621303438823,0.2986434766454579],[0.7804830617973336,0.7913770187999858,0.7804830617973336,0.7869650030876316,0.7869650030876316,0.7439102260229382,0.7439102260229382,0.7563264574744462,0.7563264574744462,0.6999377613957716,0.810471579296538,0.7302761711892186,0.7437851174977251,0.6725517102639393,0.8114425444908535,0.7809230205037188,0.8321094643362567,0.8378493065710519,0.8378493065710519,0.6935329448241015,0.005264960828283621,0.7552388155866182,0.07167951352939467,-0.06984416832258508,-0.3288847173908115,0.6260581428867488,0.6734154076152364,0.6104269915267018,0.9063678312428213,1.0,0.5788779005856038,0.6696398817354856,0.6097886090359593,0.7313688684625782,0.5847986862512499,0.4730983250615854],[0.5458516664650781,0.5374856255016358,0.5458516664650781,0.5742635191729694,0.5742635191729694,0.7426685943442419,0.7426685943442419,0.8785581627452971,0.8785581627452971,0.3798293076466529,0.9104487233590616,0.6347860235943983,0.9102962910915742,0.9188114052002491,0.9099874458936662,0.8535753544237438,0.8989041417317492,0.800894429999782,0.800894429999782,0.10224403086956449,0.06142811101311866,0.573970141395813,0.5916458937297285,-0.5659549916201551,0.07638860248182548,0.5453241207883008,0.47152865633553015,0.5929194836086074,0.54323478458237,0.5788779005856038,1.0,0.7454836052703161,0.38263281364679086,0.49265107263734853,0.5762871736090645,0.7613324595513093],[0.6345384818651733,0.6316389660451391,0.6345384818651733,0.6280940417901175,0.6280940417901175,0.7387091958274414,0.7387091958274414,0.7808075296666465,0.7808075296666465,0.5417535237788423,0.8698574103392911,0.7272549852507859,0.8494896625734635,0.84001906125482,0.8708162895501134,0.785970990020473,0.9000142081089668,0.7554783215895619,0.7554783215895619,0.3071128908870135,0.3398015087877442,0.5941337627529298,0.4750337473865851,-0.1969139400562109,0.16378278119810447,0.6563371729628706,0.5037566436731252,0.6011416799603129,0.68740802716736,0.6696398817354856,0.7454836052703161,1.0,0.778666782526624,0.4972344795484622,0.7296314676758688,0.5494368894638497],[0.6324326764386914,0.658429372059418,0.6324326764386914,0.6030774032265407,0.6030774032265407,0.7077821958293847,0.7077821958293847,0.7171639884777448,0.7171639884777448,0.5690312543866594,0.7837399524751619,0.6926772148614453,0.7669099797244954,0.7107159149646184,0.7846915780032501,0.7638670542072051,0.8238274118696217,0.705668044362169,0.705668044362169,0.5654825445607934,0.5711071073012061,0.5323972624457133,0.1970584560401681,-0.021417052443480057,0.2646214272014083,0.4241647675285254,0.5294044531151336,0.5339262877374786,0.6664802479967623,0.6097886090359593,0.38263281364679086,0.778666782526624,1.0,0.49276123993344323,0.6663452048538214,0.20162666699747],[0.9328358882206564,0.9304381011095268,0.9328358882206564,0.9236068547898052,0.9236068547898052,0.8601463935304318,0.8601463935304318,0.791157909574471,0.791157909574471,0.8220230826534142,0.9012036311960085,0.7877511618582111,0.8850961665407551,0.9113038099786703,0.9011391070493392,0.8824186870850341,0.9149556389929031,0.8453364719356279,0.8453364719356279,0.7830092248317844,-0.11458310217815122,0.902139641358283,-0.007424626191096703,-0.03656068639520628,-0.3799088885749323,0.7035015682571092,0.8470256186154576,0.8177374296257891,0.8789072214625793,0.7313688684625782,0.49265107263734853,0.4972344795484622,0.49276123993344323,1.0,0.7317447953954009,0.1727849363812335],[0.8296847114298997,0.6848518560644863,0.8296847114298997,0.819133397939445,0.819133397939445,0.8614174272291879,0.8614174272291879,0.8487820645351617,0.8487820645351617,0.6890825689632617,0.9417844395845493,0.6887470770970406,0.9565459183984711,0.957183411637484,0.9417662354808294,0.8588939877807329,0.9506972958379937,0.7778541971241771,0.7778541971241771,0.47640030003767614,0.113137303764969,0.6624280330493408,0.38714122346645896,-0.21244278218497303,0.11804731485990826,0.702970961303451,0.6214220832942281,0.8324806245830746,0.505621303438823,0.5847986862512499,0.5762871736090645,0.7296314676758688,0.6663452048538214,0.7317447953954009,1.0,0.18146442450425967],[0.1861741922159132,0.18296243777607013,0.1861741922159132,0.19818114903108944,0.19818114903108944,0.4681274237944906,0.4681274237944906,0.8021199259856073,0.8021199259856073,0.17546376825370322,0.776584751513718,0.6968914563555327,0.8057492420478628,0.7739752381252666,0.7770291892353268,0.789696970094536,0.8337261726695028,0.8512562527969206,0.8512562527969206,-0.15304004696253165,0.1605046656121688,0.1783369396214921,0.46772142871663064,-0.4066577658113335,0.09448613856283981,0.4162406021921909,0.09737240923021469,0.21888986780613726,0.2986434766454579,0.4730983250615854,0.7613324595513093,0.5494368894638497,0.20162666699747,0.1727849363812335,0.18146442450425967,1.0]],"x":["^TAIEX       \u81fa\u7063\u52a0\u6b0a\u5831\u916c\u6307\u6578","^TWII        \u81fa\u7063\u52a0\u6b0a\u6307\u6578","^TAIEXx2     \u81fa\u7063\u52a0\u6b0a\u5831\u916c\u6307\u6578_\u65e5\u6b632","^TAI50I      \u81fa\u706350\u5831\u916c\u6307\u6578","^TAI50Ix2    \u81fa\u706350\u5831\u916c\u6307\u6578_\u65e5\u6b632","^TAI100I     \u81fa\u7063\u4e2d\u578b100\u5831\u916c\u6307\u6578","^TAI100Ix2   \u81fa\u7063\u4e2d\u578b100\u5831\u916c\u6307\u6578_\u65e5\u6b632","^TAIDIVIDI   \u81fa\u7063\u9ad8\u80a1\u606f\u5831\u916c\u6307\u6578","^TAIDIVIDIx2 \u81fa\u7063\u9ad8\u80a1\u606f\u5831\u916c\u6307\u6578_\u65e5\u6b632","0050Fund     \u5143\u5927\u53f0\u7063\u5353\u8d8a50\u57fa\u91d1","006208Fund   \u5bcc\u90a6\u53f0\u7063\u91c6\u540950\u57fa\u91d1","0050         \u5143\u5927\u81fa\u706350","00631L       \u5143\u5927\u53f0\u706350\u6b632","00675L       \u5bcc\u90a6\u81fa\u7063\u52a0\u6b0a\u6b632","006208       \u5bcc\u90a6\u53f050","0051         \u5143\u5927\u4e2d\u578b100","006204       \u6c38\u8c50\u81fa\u7063\u52a0\u6b0a","0056         \u5143\u5927\u9ad8\u80a1\u606f","0056         \u5143\u5927\u9ad8\u80a1\u606f_\u80a1\u606f\u4e0d\u6295\u5165","2412         \u4e2d\u83ef\u96fb\u4fe1","2002         \u4e2d\u92fc","2330         \u53f0\u7a4d\u96fb","2317         \u9d3b\u6d77","6505         \u53f0\u5851\u77f3\u5316","3481         \u7fa4\u5275","2303         \u806f\u96fb","2308         \u53f0\u9054\u96fb","2454         \u806f\u767c\u79d1","2886         \u5146\u8c50\u91d1","2884         \u7389\u5c71\u91d1","2891         \u4e2d\u4fe1\u91d1","2892         \u7b2c\u4e00\u91d1","5880         \u5408\u5eab\u91d1","2881         \u5bcc\u90a6\u91d1","2885         \u5143\u5927\u91d1","2887         \u53f0\u65b0\u91d1"],"y":["^TAIEX       \u81fa\u7063\u52a0\u6b0a\u5831\u916c\u6307\u6578","^TWII        \u81fa\u7063\u52a0\u6b0a\u6307\u6578","^TAIEXx2     \u81fa\u7063\u52a0\u6b0a\u5831\u916c\u6307\u6578_\u65e5\u6b632","^TAI50I      \u81fa\u706350\u5831\u916c\u6307\u6578","^TAI50Ix2    \u81fa\u706350\u5831\u916c\u6307\u6578_\u65e5\u6b632","^TAI100I     \u81fa\u7063\u4e2d\u578b100\u5831\u916c\u6307\u6578","^TAI100Ix2   \u81fa\u7063\u4e2d\u578b100\u5831\u916c\u6307\u6578_\u65e5\u6b632","^TAIDIVIDI   \u81fa\u7063\u9ad8\u80a1\u606f\u5831\u916c\u6307\u6578","^TAIDIVIDIx2 \u81fa\u7063\u9ad8\u80a1\u606f\u5831\u916c\u6307\u6578_\u65e5\u6b632","0050Fund     \u5143\u5927\u53f0\u7063\u5353\u8d8a50\u57fa\u91d1","006208Fund   \u5bcc\u90a6\u53f0\u7063\u91c6\u540950\u57fa\u91d1","0050         \u5143\u5927\u81fa\u706350","00631L       \u5143\u5927\u53f0\u706350\u6b632","00675L       \u5bcc\u90a6\u81fa\u7063\u52a0\u6b0a\u6b632","006208       \u5bcc\u90a6\u53f050","0051         \u5143\u5927\u4e2d\u578b100","006204       \u6c38\u8c50\u81fa\u7063\u52a0\u6b0a","0056         \u5143\u5927\u9ad8\u80a1\u606f","0056         \u5143\u5927\u9ad8\u80a1\u606f_\u80a1\u606f\u4e0d\u6295\u5165","2412         \u4e2d\u83ef\u96fb\u4fe1","2002         \u4e2d\u92fc","2330         \u53f0\u7a4d\u96fb","2317         \u9d3b\u6d77","6505         \u53f0\u5851\u77f3\u5316","3481         \u7fa4\u5275","2303         \u806f\u96fb","2308         \u53f0\u9054\u96fb","2454         \u806f\u767c\u79d1","2886         \u5146\u8c50\u91d1","2884         \u7389\u5c71\u91d1","2891         \u4e2d\u4fe1\u91d1","2892         \u7b2c\u4e00\u91d1","5880         \u5408\u5eab\u91d1","2881         \u5bcc\u90a6\u91d1","2885         \u5143\u5927\u91d1","2887         \u53f0\u65b0\u91d1"],"zmin":-1,"zmax":1,"colorbar":{"x":-0.2}}],"layout":{"autotypenumbers":"strict","colorway":["#636efa","#EF553B","#00cc96","#ab63fa","#FFA15A","#19d3f3","#FF6692","#B6E880","#FF97FF","#FECB52"],"font":{"color":"#f2f5fa","family":"Courier New"},"hovermode":"closest","hoverlabel":{"align":"left"},"paper_bgcolor":"rgb(17,17,17)","plot_bgcolor":"rgb(17,17,17)","polar":{"bgcolor":"rgb(17,17,17)","angularaxis":{"gridcolor":"#506784","linecolor":"#506784","ticks":""},"radialaxis":{"gridcolor":"#506784","linecolor":"#506784","ticks":""}},"ternary":{"bgcolor":"rgb(17,17,17)","aaxis":{"gridcolor":"#506784","linecolor":"#506784","ticks":""},"baxis":{"gridcolor":"#506784","linecolor":"#506784","ticks":""},"caxis":{"gridcolor":"#506784","linecolor":"#506784","ticks":""}},"coloraxis":{"colorbar":{"outlinewidth":0,"ticks":""}},"colorscale":{"sequential":[[0.0,"#0d0887"],[0.1111111111111111,"#46039f"],[0.2222222222222222,"#7201a8"],[0.3333333333333333,"#9c179e"],[0.4444444444444444,"#bd3786"],[0.5555555555555556,"#d8576b"],[0.6666666666666666,"#ed7953"],[0.7777777777777778,"#fb9f3a"],[0.8888888888888888,"#fdca26"],[1.0,"#f0f921"]],"sequentialminus":[[0.0,"#0d0887"],[0.1111111111111111,"#46039f"],[0.2222222222222222,"#7201a8"],[0.3333333333333333,"#9c179e"],[0.4444444444444444,"#bd3786"],[0.5555555555555556,"#d8576b"],[0.6666666666666666,"#ed7953"],[0.7777777777777778,"#fb9f3a"],[0.8888888888888888,"#fdca26"],[1.0,"#f0f921"]],"diverging":[[0,"#8e0152"],[0.1,"#c51b7d"],[0.2,"#de77ae"],[0.3,"#f1b6da"],[0.4,"#fde0ef"],[0.5,"#f7f7f7"],[0.6,"#e6f5d0"],[0.7,"#b8e186"],[0.8,"#7fbc41"],[0.9,"#4d9221"],[1,"#276419"]]},"xaxis":{"gridcolor":"rgba(0, 0, 0, 0)","linecolor":"#506784","ticks":"","title":{"standoff":15},"zerolinecolor":"#283442","automargin":true,"zerolinewidth":2,"tickfont":{"family":"Courier New","size":14},"side":"top","tickangle":-90},"yaxis":{"gridcolor":"rgba(0, 0, 0, 0)","linecolor":"#506784","ticks":"","title":{"standoff":15},"zerolinecolor":"#283442","automargin":true,"zerolinewidth":2,"tickfont":{"family":"Courier New"},"side":"right"},"scene":{"xaxis":{"backgroundcolor":"rgb(17,17,17)","gridcolor":"#506784","linecolor":"#506784","showbackground":true,"ticks":"","zerolinecolor":"#C8D4E3","gridwidth":2},"yaxis":{"backgroundcolor":"rgb(17,17,17)","gridcolor":"#506784","linecolor":"#506784","showbackground":true,"ticks":"","zerolinecolor":"#C8D4E3","gridwidth":2},"zaxis":{"backgroundcolor":"rgb(17,17,17)","gridcolor":"#506784","linecolor":"#506784","showbackground":true,"ticks":"","zerolinecolor":"#C8D4E3","gridwidth":2}},"shapedefaults":{"line":{"color":"#f2f5fa"}},"annotationdefaults":{"arrowcolor":"#f2f5fa","arrowhead":0,"arrowwidth":1},"geo":{"bgcolor":"rgb(17,17,17)","landcolor":"rgb(17,17,17)","subunitcolor":"#506784","showland":true,"showlakes":true,"lakecolor":"rgb(17,17,17)"},"title":{"x":0.05,"font":{"family":"Times New Roman"},"y":0.05,"text":"<b>Correlation of Close<b><br><i>2016-09-23 ~ 2025-11-18<i>"},"updatemenudefaults":{"bgcolor":"#506784","borderwidth":0},"sliderdefaults":{"bgcolor":"#C8D4E3","borderwidth":1,"bordercolor":"rgb(17,17,17)","tickwidth":0},"mapbox":{"style":"dark"},"annotations":[{"text":"<b>@zwindr<b>","textangle":0,"opacity":0.5,"font":{"color":"white","size":12},"xref":"paper","yref":"paper","xanchor":"left","yanchor":"bottom","x":1.0,"y":1.0,"showarrow":false}]},"config":{"responsive":true,"toImageButtonOptions":{"filename":"Correlation of Close_2016-09-23~2025-11-18","scale":5}}};Plotly.newPlot("correlationClose",correlationClose.data,correlationClose.layout||{},correlationClose.config);}else{console.log("style display is none => correlationClose");}