var element=document.getElementById("correlationClose");if(element.style.display!='none'){var correlationClose={"data":[{"type":"heatmap","z":[[1.0,0.999999999999998,1.0,0.9951983121993103,0.9951983121993103,0.97602154469604,0.97602154469604,0.9217556240541751,0.9217556240541751,0.6963215723460158,0.9957507075295422,0.6309384892283688,0.8678818707763446,0.987389111647589,0.9958536484246122,0.9798900647070587,0.999360272149367,0.9055289421719617,0.9055289421719617,0.756523789702934,-0.21418850472192807,0.983148550250878,0.293966142391722,-0.19373859826109263,-0.19571582044791194,0.8407260103094103,0.8815896932008322,0.9240489994749361,0.8844554966221576,0.7751039790125086,0.6895395491011093,0.6485341693235451,0.5824627583865635,0.9187257715290834,0.8842959870243289,0.3044229983217009],[0.999999999999998,1.0,0.9999999999999981,0.9951550251247093,0.9951550251247093,0.9756576576858437,0.9756576576858437,0.9222893589489939,0.9222893589489939,0.682600308120164,0.9960148186737334,0.6169701187044896,0.8784526684545572,0.9854441567383553,0.9960888629142785,0.9803698783396967,0.9993941084876229,0.9086013211474139,0.9086013211474139,0.7672617565701915,-0.017243541919460342,0.978128226159029,0.06090090561336812,-0.1963556123404126,-0.1761800243752023,0.7201289800287737,0.879908265151687,0.9040799419498944,0.8750006228911097,0.7777168761751406,0.7011446315205125,0.6452210148424202,0.5980148228452425,0.9188753882836325,0.7835196297030734,0.32208775844012805],[1.0,0.9999999999999981,1.0,0.9951983121993103,0.9951983121993103,0.97602154469604,0.97602154469604,0.9217556240541751,0.9217556240541751,0.6963215723460158,0.9957507075295422,0.6309384892283688,0.8678818707763446,0.987389111647589,0.9958536484246122,0.9798900647070587,0.999360272149367,0.9055289421719617,0.9055289421719617,0.756523789702934,-0.21418850472192807,0.983148550250878,0.293966142391722,-0.19373859826109263,-0.19571582044791194,0.8407260103094103,0.8815896932008322,0.9240489994749361,0.8844554966221576,0.7751039790125086,0.6895395491011093,0.6485341693235451,0.5824627583865635,0.9187257715290834,0.8842959870243289,0.3044229983217009],[0.9951983121993103,0.9951550251247093,0.9951983121993103,1.0,1.0,0.9647254856478091,0.9647254856478091,0.9045739518709267,0.9045739518709267,0.650810172144881,0.9997070229626447,0.5863716563118517,0.8747291320123756,0.9903349672990122,0.9996623123432367,0.9642334860300763,0.9954210875600901,0.8755751842188078,0.8755751842188078,0.7223207984429678,-0.22049277082265945,0.9936278477565386,0.32149898526086684,-0.2268399227594469,-0.18831526862594178,0.827849695854451,0.9064193695963907,0.9273628298844712,0.8557664968406063,0.7666508851099566,0.7167096697552433,0.6345163039825633,0.5444714491410066,0.8992267972400657,0.8780448611351129,0.31960107173912644],[0.9951983121993103,0.9951550251247093,0.9951983121993103,1.0,1.0,0.9647254856478091,0.9647254856478091,0.9045739518709267,0.9045739518709267,0.650810172144881,0.9997070229626447,0.5863716563118517,0.8747291320123756,0.9903349672990122,0.9996623123432367,0.9642334860300763,0.9954210875600901,0.8755751842188078,0.8755751842188078,0.7223207984429678,-0.22049277082265945,0.9936278477565386,0.32149898526086684,-0.2268399227594469,-0.18831526862594178,0.827849695854451,0.9064193695963907,0.9273628298844712,0.8557664968406063,0.7666508851099566,0.7167096697552433,0.6345163039825633,0.5444714491410066,0.8992267972400657,0.8780448611351129,0.31960107173912644],[0.97602154469604,0.9756576576858437,0.97602154469604,0.9647254856478091,0.9647254856478091,1.0,1.0,0.9436894951198226,0.9436894951198226,0.6803043023084243,0.9633359235943943,0.651072039392235,0.8455680462081219,0.9550428164493692,0.9634269175681884,0.9991472107420409,0.9807943491570263,0.914035426207771,0.914035426207771,0.6546595334576764,-0.17600568026865482,0.9543097959398958,0.4167856942710942,-0.3520516882739589,-0.09253023699702097,0.8934411127385105,0.8444528139875096,0.932555493924159,0.8705509028025735,0.7502863785243269,0.8238126983014485,0.7356778841302064,0.6502926783133972,0.8678372127541912,0.9052274157438795,0.5518447243681702],[0.97602154469604,0.9756576576858437,0.97602154469604,0.9647254856478091,0.9647254856478091,1.0,1.0,0.9436894951198226,0.9436894951198226,0.6803043023084243,0.9633359235943943,0.651072039392235,0.8455680462081219,0.9550428164493692,0.9634269175681884,0.9991472107420409,0.9807943491570263,0.914035426207771,0.914035426207771,0.6546595334576764,-0.17600568026865482,0.9543097959398958,0.4167856942710942,-0.3520516882739589,-0.09253023699702097,0.8934411127385105,0.8444528139875096,0.932555493924159,0.8705509028025735,0.7502863785243269,0.8238126983014485,0.7356778841302064,0.6502926783133972,0.8678372127541912,0.9052274157438795,0.5518447243681702],[0.9217556240541751,0.9222893589489939,0.9217556240541751,0.9045739518709267,0.9045739518709267,0.9436894951198226,0.9436894951198226,1.0,1.0,0.6670255348110717,0.9393855193812028,0.670489115388846,0.8062671896112086,0.9139149795791909,0.9396021371058514,0.9461193604952924,0.9514186685679639,0.9695759903249769,0.9695759903249769,0.6195191635867878,-0.05841397259168096,0.8769039058154509,0.6191279890148462,-0.38455595989757657,0.021891326576402068,0.8224348335466157,0.7444406312462523,0.882627293508852,0.8492103249317853,0.7726907506654602,0.90017758444761,0.7868898274696673,0.6856110020196876,0.8219400545695749,0.8833597127729383,0.8385226447428973],[0.9217556240541751,0.9222893589489939,0.9217556240541751,0.9045739518709267,0.9045739518709267,0.9436894951198226,0.9436894951198226,1.0,1.0,0.6670255348110717,0.9393855193812028,0.670489115388846,0.8062671896112086,0.9139149795791909,0.9396021371058514,0.9461193604952924,0.9514186685679639,0.9695759903249769,0.9695759903249769,0.6195191635867878,-0.05841397259168096,0.8769039058154509,0.6191279890148462,-0.38455595989757657,0.021891326576402068,0.8224348335466157,0.7444406312462523,0.882627293508852,0.8492103249317853,0.7726907506654602,0.90017758444761,0.7868898274696673,0.6856110020196876,0.8219400545695749,0.8833597127729383,0.8385226447428973],[0.6963215723460158,0.682600308120164,0.6963215723460158,0.650810172144881,0.650810172144881,0.6803043023084243,0.6803043023084243,0.6670255348110717,0.6670255348110717,1.0,0.47877262659353137,0.9999688672387613,0.26213455978605354,0.22506854857220285,0.48208261776117,0.6622093823022933,0.5557419465229414,0.7570405588207829,0.7570405588207829,0.6819414318486448,-0.1015947171690552,0.611941714980275,0.044466057336852084,0.04423891769900718,-0.2401126403567751,0.7036260024602372,0.32639690864975035,0.5884215719074903,0.7933747273934117,0.6652302570358637,0.3140123953445406,0.5203155491046793,0.562545158341406,0.7496529172712532,0.5595565527673255,0.17183133499491884],[0.9957507075295422,0.9960148186737334,0.9957507075295422,0.9997070229626447,0.9997070229626447,0.9633359235943943,0.9633359235943943,0.9393855193812028,0.9393855193812028,0.47877262659353137,1.0,0.4802384928069253,0.8840816022142368,0.9887368030410136,0.9999539748986129,0.9617573172643119,0.9953928985648874,0.8906060012248443,0.8906060012248443,0.8371976701749521,-0.15022978680989546,0.9971398982875255,0.914342128907197,-0.5457062464122462,0.6197203183381285,0.844278799932738,0.8975012408080089,0.9362758723363064,0.8280893497310114,0.7801068733188878,0.9477619782509794,0.8107026396139498,0.6580324156182636,0.8837260388518269,0.9644110631053788,0.8533879661449908],[0.6309384892283688,0.6169701187044896,0.6309384892283688,0.5863716563118517,0.5863716563118517,0.651072039392235,0.651072039392235,0.670489115388846,0.670489115388846,0.9999688672387613,0.4802384928069253,1.0,0.26322390260736794,0.2260252612238185,0.48296904553926934,0.6503368751760473,0.5565084854956163,0.7471803040931807,0.7471803040931807,0.6300992306759118,0.029793121102151807,0.5526387308155278,0.369611003527995,-0.16218877362994832,-0.21944767098550305,0.7204510952198417,0.23921891563709752,0.5482763788654635,0.7597148848650349,0.6801678573336591,0.46365979289288173,0.6744919160443372,0.6749189458052863,0.6950835957520041,0.5221649127635548,0.5826871510602318],[0.8678818707763446,0.8784526684545572,0.8678818707763446,0.8747291320123756,0.8747291320123756,0.8455680462081219,0.8455680462081219,0.8062671896112086,0.8062671896112086,0.26213455978605354,0.8840816022142368,0.26322390260736794,1.0,0.9998731001062929,0.8836062292936776,0.8474503963518162,0.8761413697101762,0.7424114286237982,0.7424114286237982,0.640923938764671,-0.12486672015000704,0.8785732430807961,0.8253916062859138,-0.6321227009403136,0.6790799536836235,0.715004891987876,0.8680201450273067,0.8687799627078608,0.6547363833981182,0.5897523829960376,0.8539998062734195,0.634538029320838,0.4757038768224372,0.7566585397979412,0.8633223017339937,0.7827145379921874],[0.987389111647589,0.9854441567383553,0.987389111647589,0.9903349672990122,0.9903349672990122,0.9550428164493692,0.9550428164493692,0.9139149795791909,0.9139149795791909,0.22506854857220285,0.9887368030410136,0.2260252612238185,0.9998731001062929,1.0,0.9887348933080603,0.946144537824792,0.9830753392094583,0.8437031641945794,0.8437031641945794,0.8242237948221831,-0.25374780700281657,0.9814381912102998,0.8955448198207911,-0.7252872118451235,0.736530125781866,0.7820856780858132,0.9485042744663665,0.94417273329474,0.7311783915698634,0.6493906504005853,0.9353522023150693,0.7270998846501882,0.49026527629427563,0.839973087466699,0.958571248658594,0.8484306556303437],[0.9958536484246122,0.9960888629142785,0.9958536484246122,0.9996623123432367,0.9996623123432367,0.9634269175681884,0.9634269175681884,0.9396021371058514,0.9396021371058514,0.48208261776117,0.9999539748986129,0.48296904553926934,0.8836062292936776,0.9887348933080603,1.0,0.9619535198293255,0.995506477616281,0.8914428319538308,0.8914428319538308,0.8380989788688598,-0.1478911206019297,0.9970669696375455,0.9137471319251327,-0.5435572609818464,0.6152938218097239,0.8436966224231952,0.8957642857434827,0.9357815743756448,0.829632710353574,0.7815703213294064,0.9469935770572683,0.8123833805734555,0.6609113072751307,0.8835659844273642,0.96421710507591,0.8525661917207652],[0.9798900647070587,0.9803698783396967,0.9798900647070587,0.9642334860300763,0.9642334860300763,0.9991472107420409,0.9991472107420409,0.9461193604952924,0.9461193604952924,0.6622093823022933,0.9617573172643119,0.6503368751760473,0.8474503963518162,0.946144537824792,0.9619535198293255,1.0,0.980509751490203,0.9204119905168067,0.9204119905168067,0.7044258125946136,-0.17366366751823997,0.9583064585423542,0.7390430108125385,-0.4822873306651003,-0.07302723411348871,0.9077658950765274,0.8323083160153562,0.9189393677892268,0.8735386828052423,0.7794089018569893,0.9020342276551394,0.775998001797905,0.6969821279168149,0.8917871735907626,0.9070758622125706,0.8408835859845365],[0.999360272149367,0.9993941084876229,0.999360272149367,0.9954210875600901,0.9954210875600901,0.9807943491570263,0.9807943491570263,0.9514186685679639,0.9514186685679639,0.5557419465229414,0.9953928985648874,0.5565084854956163,0.8761413697101762,0.9830753392094583,0.995506477616281,0.980509751490203,1.0,0.9196752718409857,0.9196752718409857,0.8556800097970058,-0.12964302387101417,0.9909569545112222,0.897567119548879,-0.5368323921575101,0.6059874074806556,0.8798149973108279,0.8745936475759236,0.9383689000534093,0.8695496737589903,0.8072465753068664,0.9399011513327199,0.8521772469463632,0.7157229078616149,0.903214706441959,0.9703671973915006,0.8859100568041994],[0.9055289421719617,0.9086013211474139,0.9055289421719617,0.8755751842188078,0.8755751842188078,0.914035426207771,0.914035426207771,0.9695759903249769,0.9695759903249769,0.7570405588207829,0.8906060012248443,0.7471803040931807,0.7424114286237982,0.8437031641945794,0.8914428319538308,0.9204119905168067,0.9196752718409857,1.0,1.0,0.7608256517944954,-0.10854539689236793,0.8530401318193652,0.6350744607453228,-0.279020785886123,-0.13771484335753512,0.8538193194764119,0.679023376314768,0.8248128334268073,0.9135462255436636,0.8458846635937368,0.8208394356590029,0.7711836416294796,0.6907740488344991,0.8674915666048981,0.8108801318052645,0.8725274012039476],[0.9055289421719617,0.9086013211474139,0.9055289421719617,0.8755751842188078,0.8755751842188078,0.914035426207771,0.914035426207771,0.9695759903249769,0.9695759903249769,0.7570405588207829,0.8906060012248443,0.7471803040931807,0.7424114286237982,0.8437031641945794,0.8914428319538308,0.9204119905168067,0.9196752718409857,1.0,1.0,0.7608256517944954,-0.10854539689236793,0.8530401318193652,0.6350744607453228,-0.279020785886123,-0.13771484335753512,0.8538193194764119,0.679023376314768,0.8248128334268073,0.9135462255436636,0.8458846635937368,0.8208394356590029,0.7711836416294796,0.6907740488344991,0.8674915666048981,0.8108801318052645,0.8725274012039476],[0.756523789702934,0.7672617565701915,0.756523789702934,0.7223207984429678,0.7223207984429678,0.6546595334576764,0.6546595334576764,0.6195191635867878,0.6195191635867878,0.6819414318486448,0.8371976701749521,0.6300992306759118,0.640923938764671,0.8242237948221831,0.8380989788688598,0.7044258125946136,0.8556800097970058,0.7608256517944954,0.7608256517944954,1.0,0.0017863876087217277,0.6851448857215259,-0.26832816143866817,0.24956533151187324,-0.6250375256242365,0.40455498546848107,0.5538068334154042,0.5054885024815804,0.8462854885292594,0.7149285242773914,0.22479700030900296,0.35527129926379675,0.576521528886896,0.7920547310044829,0.5155502994100799,-0.06837317748424933],[-0.21418850472192807,-0.017243541919460342,-0.21418850472192807,-0.22049277082265945,-0.22049277082265945,-0.17600568026865482,-0.17600568026865482,-0.05841397259168096,-0.05841397259168096,-0.1015947171690552,-0.15022978680989546,0.029793121102151807,-0.12486672015000704,-0.25374780700281657,-0.1478911206019297,-0.17366366751823997,-0.12964302387101417,-0.10854539689236793,-0.10854539689236793,0.0017863876087217277,1.0,-0.1524429333842752,0.06684505156509259,0.1908568888175534,0.7274455546259532,-0.13236589582999006,-0.12519343356515272,-0.09677087621776585,0.11877174123607516,-0.04703782248814064,-0.055264721574308416,0.26421485831378727,0.5429666684515186,-0.17214406966567827,0.0262622601012405,0.10065724332707907],[0.983148550250878,0.978128226159029,0.983148550250878,0.9936278477565386,0.9936278477565386,0.9543097959398958,0.9543097959398958,0.8769039058154509,0.8769039058154509,0.611941714980275,0.9971398982875255,0.5526387308155278,0.8785732430807961,0.9814381912102998,0.9970669696375455,0.9583064585423542,0.9909569545112222,0.8530401318193652,0.8530401318193652,0.6851448857215259,-0.1524429333842752,1.0,0.24874684702916844,-0.27758939442039576,-0.20794613185107497,0.7268745369959263,0.9073155547070386,0.9078832684859239,0.802712450629842,0.73574177320802,0.734969650834047,0.6079910078035692,0.4803759820551235,0.8837516810207999,0.7698934202017408,0.32483699200325555],[0.293966142391722,0.06090090561336812,0.293966142391722,0.32149898526086684,0.32149898526086684,0.4167856942710942,0.4167856942710942,0.6191279890148462,0.6191279890148462,0.044466057336852084,0.914342128907197,0.369611003527995,0.8253916062859138,0.8955448198207911,0.9137471319251327,0.7390430108125385,0.897567119548879,0.6350744607453228,0.6350744607453228,-0.26832816143866817,0.06684505156509259,0.24874684702916844,1.0,-0.4906716056013878,0.6761470194678242,0.44480575627998387,0.2839065728169142,0.42119536765174287,-0.010545968817808801,0.16395708669150227,0.6471284361374418,0.5218282879763176,0.22440816602561953,0.1314081840400179,0.46542782467274313,0.516881773157612],[-0.19373859826109263,-0.1963556123404126,-0.19373859826109263,-0.2268399227594469,-0.2268399227594469,-0.3520516882739589,-0.3520516882739589,-0.38455595989757657,-0.38455595989757657,0.04423891769900718,-0.5457062464122462,-0.16218877362994832,-0.6321227009403136,-0.7252872118451235,-0.5435572609818464,-0.4822873306651003,-0.5368323921575101,-0.279020785886123,-0.279020785886123,0.24956533151187324,0.1908568888175534,-0.27758939442039576,-0.4906716056013878,1.0,-0.03239461600756355,-0.23135055239597307,-0.2617005145878902,-0.33831231244869864,-0.10210498198452614,-0.1329551173189615,-0.5730514272849102,-0.24571791001933022,-0.05064225152735752,-0.12343661134161191,-0.29284070275567786,-0.4410928900620439],[-0.19571582044791194,-0.1761800243752023,-0.19571582044791194,-0.18831526862594178,-0.18831526862594178,-0.09253023699702097,-0.09253023699702097,0.021891326576402068,0.021891326576402068,-0.2401126403567751,0.6197203183381285,-0.21944767098550305,0.6790799536836235,0.736530125781866,0.6152938218097239,-0.07302723411348871,0.6059874074806556,-0.13771484335753512,-0.13771484335753512,-0.6250375256242365,0.7274455546259532,-0.20794613185107497,0.6761470194678242,-0.03239461600756355,1.0,-0.06891411721553173,-0.08834573842016893,-0.014244516646595947,-0.3299246051445329,-0.30755593557573924,0.07415878102896657,0.16031732820651265,0.2622276812801196,-0.3347888707594306,0.11085271046575751,0.09572075878126785],[0.8407260103094103,0.7201289800287737,0.8407260103094103,0.827849695854451,0.827849695854451,0.8934411127385105,0.8934411127385105,0.8224348335466157,0.8224348335466157,0.7036260024602372,0.844278799932738,0.7204510952198417,0.715004891987876,0.7820856780858132,0.8436966224231952,0.9077658950765274,0.8798149973108279,0.8538193194764119,0.8538193194764119,0.40455498546848107,-0.13236589582999006,0.7268745369959263,0.44480575627998387,-0.23135055239597307,-0.06891411721553173,1.0,0.626558440383332,0.8669046281961345,0.5358179635905465,0.6477455049386343,0.6569486513706371,0.6663163812348,0.42448254834236,0.743497520171188,0.7612903172809575,0.48349844790793556],[0.8815896932008322,0.879908265151687,0.8815896932008322,0.9064193695963907,0.9064193695963907,0.8444528139875096,0.8444528139875096,0.7444406312462523,0.7444406312462523,0.32639690864975035,0.8975012408080089,0.23921891563709752,0.8680201450273067,0.9485042744663665,0.8957642857434827,0.8323083160153562,0.8745936475759236,0.679023376314768,0.679023376314768,0.5538068334154042,-0.12519343356515272,0.9073155547070386,0.2839065728169142,-0.2617005145878902,-0.08834573842016893,0.626558440383332,1.0,0.8669040785904993,0.6171438393593716,0.5639824713295907,0.6847026314728368,0.4640744431588383,0.36772600697205354,0.7239270399376183,0.7194844022977513,0.3009390116938376],[0.9240489994749361,0.9040799419498944,0.9240489994749361,0.9273628298844712,0.9273628298844712,0.932555493924159,0.932555493924159,0.882627293508852,0.882627293508852,0.5884215719074903,0.9362758723363064,0.5482763788654635,0.8687799627078608,0.94417273329474,0.9357815743756448,0.9189393677892268,0.9383689000534093,0.8248128334268073,0.8248128334268073,0.5054885024815804,-0.09677087621776585,0.9078832684859239,0.42119536765174287,-0.33831231244869864,-0.014244516646595947,0.8669046281961345,0.8669040785904993,1.0,0.6953754543559195,0.5973383354152088,0.7197531812300912,0.5799840045245896,0.4593959767874245,0.7950646714097488,0.871717952944277,0.34134056581754296],[0.8844554966221576,0.8750006228911097,0.8844554966221576,0.8557664968406063,0.8557664968406063,0.8705509028025735,0.8705509028025735,0.8492103249317853,0.8492103249317853,0.7933747273934117,0.8280893497310114,0.7597148848650349,0.6547363833981182,0.7311783915698634,0.829632710353574,0.8735386828052423,0.8695496737589903,0.9135462255436636,0.9135462255436636,0.8462854885292594,0.11877174123607516,0.802712450629842,-0.010545968817808801,-0.10210498198452614,-0.3299246051445329,0.5358179635905465,0.6171438393593716,0.6953754543559195,1.0,0.9143553407380774,0.592373877718102,0.7130635170080191,0.67057120124633,0.8862276590815481,0.5592249923133844,0.35789035550386333],[0.7751039790125086,0.7777168761751406,0.7751039790125086,0.7666508851099566,0.7666508851099566,0.7502863785243269,0.7502863785243269,0.7726907506654602,0.7726907506654602,0.6652302570358637,0.7801068733188878,0.6801678573336591,0.5897523829960376,0.6493906504005853,0.7815703213294064,0.7794089018569893,0.8072465753068664,0.8458846635937368,0.8458846635937368,0.7149285242773914,-0.04703782248814064,0.73574177320802,0.16395708669150227,-0.1329551173189615,-0.30755593557573924,0.6477455049386343,0.5639824713295907,0.5973383354152088,0.9143553407380774,1.0,0.622399699477682,0.6977159908271949,0.6167746037530839,0.7581418021688083,0.6226835482450723,0.5180240064594576],[0.6895395491011093,0.7011446315205125,0.6895395491011093,0.7167096697552433,0.7167096697552433,0.8238126983014485,0.8238126983014485,0.90017758444761,0.90017758444761,0.3140123953445406,0.9477619782509794,0.46365979289288173,0.8539998062734195,0.9353522023150693,0.9469935770572683,0.9020342276551394,0.9399011513327199,0.8208394356590029,0.8208394356590029,0.22479700030900296,-0.055264721574308416,0.734969650834047,0.6471284361374418,-0.5730514272849102,0.07415878102896657,0.6569486513706371,0.6847026314728368,0.7197531812300912,0.592373877718102,0.622399699477682,1.0,0.7407197580038923,0.38425077393650714,0.6032165317842849,0.7201576090013738,0.7632198482920457],[0.6485341693235451,0.6452210148424202,0.6485341693235451,0.6345163039825633,0.6345163039825633,0.7356778841302064,0.7356778841302064,0.7868898274696673,0.7868898274696673,0.5203155491046793,0.8107026396139498,0.6744919160443372,0.634538029320838,0.7270998846501882,0.8123833805734555,0.775998001797905,0.8521772469463632,0.7711836416294796,0.7711836416294796,0.35527129926379675,0.26421485831378727,0.6079910078035692,0.5218282879763176,-0.24571791001933022,0.16031732820651265,0.6663163812348,0.4640744431588383,0.5799840045245896,0.7130635170080191,0.6977159908271949,0.7407197580038923,1.0,0.7784484845199393,0.5486635373821673,0.7227067811364647,0.5839808918034044],[0.5824627583865635,0.5980148228452425,0.5824627583865635,0.5444714491410066,0.5444714491410066,0.6502926783133972,0.6502926783133972,0.6856110020196876,0.6856110020196876,0.562545158341406,0.6580324156182636,0.6749189458052863,0.4757038768224372,0.49026527629427563,0.6609113072751307,0.6969821279168149,0.7157229078616149,0.6907740488344991,0.6907740488344991,0.576521528886896,0.5429666684515186,0.4803759820551235,0.22440816602561953,-0.05064225152735752,0.2622276812801196,0.42448254834236,0.36772600697205354,0.4593959767874245,0.67057120124633,0.6167746037530839,0.38425077393650714,0.7784484845199393,1.0,0.49998813773607736,0.6264673751761433,0.22893477284172412],[0.9187257715290834,0.9188753882836325,0.9187257715290834,0.8992267972400657,0.8992267972400657,0.8678372127541912,0.8678372127541912,0.8219400545695749,0.8219400545695749,0.7496529172712532,0.8837260388518269,0.6950835957520041,0.7566585397979412,0.839973087466699,0.8835659844273642,0.8917871735907626,0.903214706441959,0.8674915666048981,0.8674915666048981,0.7920547310044829,-0.17214406966567827,0.8837516810207999,0.1314081840400179,-0.12343661134161191,-0.3347888707594306,0.743497520171188,0.7239270399376183,0.7950646714097488,0.8862276590815481,0.7581418021688083,0.6032165317842849,0.5486635373821673,0.49998813773607736,1.0,0.7764281570344326,0.2702072958295147],[0.8842959870243289,0.7835196297030734,0.8842959870243289,0.8780448611351129,0.8780448611351129,0.9052274157438795,0.9052274157438795,0.8833597127729383,0.8833597127729383,0.5595565527673255,0.9644110631053788,0.5221649127635548,0.8633223017339937,0.958571248658594,0.96421710507591,0.9070758622125706,0.9703671973915006,0.8108801318052645,0.8108801318052645,0.5155502994100799,0.0262622601012405,0.7698934202017408,0.46542782467274313,-0.29284070275567786,0.11085271046575751,0.7612903172809575,0.7194844022977513,0.871717952944277,0.5592249923133844,0.6226835482450723,0.7201576090013738,0.7227067811364647,0.6264673751761433,0.7764281570344326,1.0,0.31531618984710563],[0.3044229983217009,0.32208775844012805,0.3044229983217009,0.31960107173912644,0.31960107173912644,0.5518447243681702,0.5518447243681702,0.8385226447428973,0.8385226447428973,0.17183133499491884,0.8533879661449908,0.5826871510602318,0.7827145379921874,0.8484306556303437,0.8525661917207652,0.8408835859845365,0.8859100568041994,0.8725274012039476,0.8725274012039476,-0.06837317748424933,0.10065724332707907,0.32483699200325555,0.516881773157612,-0.4410928900620439,0.09572075878126785,0.48349844790793556,0.3009390116938376,0.34134056581754296,0.35789035550386333,0.5180240064594576,0.7632198482920457,0.5839808918034044,0.22893477284172412,0.2702072958295147,0.31531618984710563,1.0]],"x":["^TAIEX       \u81fa\u7063\u52a0\u6b0a\u5831\u916c\u6307\u6578","^TWII        \u81fa\u7063\u52a0\u6b0a\u6307\u6578","^TAIEXx2     \u81fa\u7063\u52a0\u6b0a\u5831\u916c\u6307\u6578_\u65e5\u6b632","^TAI50I      \u81fa\u706350\u5831\u916c\u6307\u6578","^TAI50Ix2    \u81fa\u706350\u5831\u916c\u6307\u6578_\u65e5\u6b632","^TAI100I     \u81fa\u7063\u4e2d\u578b100\u5831\u916c\u6307\u6578","^TAI100Ix2   \u81fa\u7063\u4e2d\u578b100\u5831\u916c\u6307\u6578_\u65e5\u6b632","^TAIDIVIDI   \u81fa\u7063\u9ad8\u80a1\u606f\u5831\u916c\u6307\u6578","^TAIDIVIDIx2 \u81fa\u7063\u9ad8\u80a1\u606f\u5831\u916c\u6307\u6578_\u65e5\u6b632","0050Fund     \u5143\u5927\u53f0\u7063\u5353\u8d8a50\u57fa\u91d1","006208Fund   \u5bcc\u90a6\u53f0\u7063\u91c6\u540950\u57fa\u91d1","0050         \u5143\u5927\u81fa\u706350","00631L       \u5143\u5927\u53f0\u706350\u6b632","00675L       \u5bcc\u90a6\u81fa\u7063\u52a0\u6b0a\u6b632","006208       \u5bcc\u90a6\u53f050","0051         \u5143\u5927\u4e2d\u578b100","006204       \u6c38\u8c50\u81fa\u7063\u52a0\u6b0a","0056         \u5143\u5927\u9ad8\u80a1\u606f","0056         \u5143\u5927\u9ad8\u80a1\u606f_\u80a1\u606f\u4e0d\u6295\u5165","2412         \u4e2d\u83ef\u96fb\u4fe1","2002         \u4e2d\u92fc","2330         \u53f0\u7a4d\u96fb","2317         \u9d3b\u6d77","6505         \u53f0\u5851\u77f3\u5316","3481         \u7fa4\u5275","2303         \u806f\u96fb","2308         \u53f0\u9054\u96fb","2454         \u806f\u767c\u79d1","2886         \u5146\u8c50\u91d1","2884         \u7389\u5c71\u91d1","2891         \u4e2d\u4fe1\u91d1","2892         \u7b2c\u4e00\u91d1","5880         \u5408\u5eab\u91d1","2881         \u5bcc\u90a6\u91d1","2885         \u5143\u5927\u91d1","2887         \u53f0\u65b0\u91d1"],"y":["^TAIEX       \u81fa\u7063\u52a0\u6b0a\u5831\u916c\u6307\u6578","^TWII        \u81fa\u7063\u52a0\u6b0a\u6307\u6578","^TAIEXx2     \u81fa\u7063\u52a0\u6b0a\u5831\u916c\u6307\u6578_\u65e5\u6b632","^TAI50I      \u81fa\u706350\u5831\u916c\u6307\u6578","^TAI50Ix2    \u81fa\u706350\u5831\u916c\u6307\u6578_\u65e5\u6b632","^TAI100I     \u81fa\u7063\u4e2d\u578b100\u5831\u916c\u6307\u6578","^TAI100Ix2   \u81fa\u7063\u4e2d\u578b100\u5831\u916c\u6307\u6578_\u65e5\u6b632","^TAIDIVIDI   \u81fa\u7063\u9ad8\u80a1\u606f\u5831\u916c\u6307\u6578","^TAIDIVIDIx2 \u81fa\u7063\u9ad8\u80a1\u606f\u5831\u916c\u6307\u6578_\u65e5\u6b632","0050Fund     \u5143\u5927\u53f0\u7063\u5353\u8d8a50\u57fa\u91d1","006208Fund   \u5bcc\u90a6\u53f0\u7063\u91c6\u540950\u57fa\u91d1","0050         \u5143\u5927\u81fa\u706350","00631L       \u5143\u5927\u53f0\u706350\u6b632","00675L       \u5bcc\u90a6\u81fa\u7063\u52a0\u6b0a\u6b632","006208       \u5bcc\u90a6\u53f050","0051         \u5143\u5927\u4e2d\u578b100","006204       \u6c38\u8c50\u81fa\u7063\u52a0\u6b0a","0056         \u5143\u5927\u9ad8\u80a1\u606f","0056         \u5143\u5927\u9ad8\u80a1\u606f_\u80a1\u606f\u4e0d\u6295\u5165","2412         \u4e2d\u83ef\u96fb\u4fe1","2002         \u4e2d\u92fc","2330         \u53f0\u7a4d\u96fb","2317         \u9d3b\u6d77","6505         \u53f0\u5851\u77f3\u5316","3481         \u7fa4\u5275","2303         \u806f\u96fb","2308         \u53f0\u9054\u96fb","2454         \u806f\u767c\u79d1","2886         \u5146\u8c50\u91d1","2884         \u7389\u5c71\u91d1","2891         \u4e2d\u4fe1\u91d1","2892         \u7b2c\u4e00\u91d1","5880         \u5408\u5eab\u91d1","2881         \u5bcc\u90a6\u91d1","2885         \u5143\u5927\u91d1","2887         \u53f0\u65b0\u91d1"],"zmin":-1,"zmax":1,"colorbar":{"x":-0.2}}],"layout":{"autotypenumbers":"strict","colorway":["#636efa","#EF553B","#00cc96","#ab63fa","#FFA15A","#19d3f3","#FF6692","#B6E880","#FF97FF","#FECB52"],"font":{"color":"#f2f5fa","family":"Courier New"},"hovermode":"closest","hoverlabel":{"align":"left"},"paper_bgcolor":"rgb(17,17,17)","plot_bgcolor":"rgb(17,17,17)","polar":{"bgcolor":"rgb(17,17,17)","angularaxis":{"gridcolor":"#506784","linecolor":"#506784","ticks":""},"radialaxis":{"gridcolor":"#506784","linecolor":"#506784","ticks":""}},"ternary":{"bgcolor":"rgb(17,17,17)","aaxis":{"gridcolor":"#506784","linecolor":"#506784","ticks":""},"baxis":{"gridcolor":"#506784","linecolor":"#506784","ticks":""},"caxis":{"gridcolor":"#506784","linecolor":"#506784","ticks":""}},"coloraxis":{"colorbar":{"outlinewidth":0,"ticks":""}},"colorscale":{"sequential":[[0.0,"#0d0887"],[0.1111111111111111,"#46039f"],[0.2222222222222222,"#7201a8"],[0.3333333333333333,"#9c179e"],[0.4444444444444444,"#bd3786"],[0.5555555555555556,"#d8576b"],[0.6666666666666666,"#ed7953"],[0.7777777777777778,"#fb9f3a"],[0.8888888888888888,"#fdca26"],[1.0,"#f0f921"]],"sequentialminus":[[0.0,"#0d0887"],[0.1111111111111111,"#46039f"],[0.2222222222222222,"#7201a8"],[0.3333333333333333,"#9c179e"],[0.4444444444444444,"#bd3786"],[0.5555555555555556,"#d8576b"],[0.6666666666666666,"#ed7953"],[0.7777777777777778,"#fb9f3a"],[0.8888888888888888,"#fdca26"],[1.0,"#f0f921"]],"diverging":[[0,"#8e0152"],[0.1,"#c51b7d"],[0.2,"#de77ae"],[0.3,"#f1b6da"],[0.4,"#fde0ef"],[0.5,"#f7f7f7"],[0.6,"#e6f5d0"],[0.7,"#b8e186"],[0.8,"#7fbc41"],[0.9,"#4d9221"],[1,"#276419"]]},"xaxis":{"gridcolor":"rgba(0, 0, 0, 0)","linecolor":"#506784","ticks":"","title":{"standoff":15},"zerolinecolor":"#283442","automargin":true,"zerolinewidth":2,"tickfont":{"family":"Courier New","size":14},"side":"top","tickangle":-90},"yaxis":{"gridcolor":"rgba(0, 0, 0, 0)","linecolor":"#506784","ticks":"","title":{"standoff":15},"zerolinecolor":"#283442","automargin":true,"zerolinewidth":2,"tickfont":{"family":"Courier New"},"side":"right"},"scene":{"xaxis":{"backgroundcolor":"rgb(17,17,17)","gridcolor":"#506784","linecolor":"#506784","showbackground":true,"ticks":"","zerolinecolor":"#C8D4E3","gridwidth":2},"yaxis":{"backgroundcolor":"rgb(17,17,17)","gridcolor":"#506784","linecolor":"#506784","showbackground":true,"ticks":"","zerolinecolor":"#C8D4E3","gridwidth":2},"zaxis":{"backgroundcolor":"rgb(17,17,17)","gridcolor":"#506784","linecolor":"#506784","showbackground":true,"ticks":"","zerolinecolor":"#C8D4E3","gridwidth":2}},"shapedefaults":{"line":{"color":"#f2f5fa"}},"annotationdefaults":{"arrowcolor":"#f2f5fa","arrowhead":0,"arrowwidth":1},"geo":{"bgcolor":"rgb(17,17,17)","landcolor":"rgb(17,17,17)","subunitcolor":"#506784","showland":true,"showlakes":true,"lakecolor":"rgb(17,17,17)"},"title":{"x":0.05,"font":{"family":"Times New Roman"},"y":0.05,"text":"<b>Correlation of Close<b><br><i>2016-09-23 ~ 2026-05-28<i>"},"updatemenudefaults":{"bgcolor":"#506784","borderwidth":0},"sliderdefaults":{"bgcolor":"#C8D4E3","borderwidth":1,"bordercolor":"rgb(17,17,17)","tickwidth":0},"mapbox":{"style":"dark"},"annotations":[{"text":"<b>@zwindr<b>","textangle":0,"opacity":0.5,"font":{"color":"white","size":12},"xref":"paper","yref":"paper","xanchor":"left","yanchor":"bottom","x":1.0,"y":1.0,"showarrow":false}]},"config":{"responsive":true,"toImageButtonOptions":{"filename":"Correlation of Close_2016-09-23~2026-05-28","scale":5}}};Plotly.newPlot("correlationClose",correlationClose.data,correlationClose.layout||{},correlationClose.config);}else{console.log("style display is none => correlationClose");}