var element=document.getElementById("correlationAdjClose");if(element.style.display!='none'){var correlationAdjClose={"data":[{"type":"heatmap","z":[[1.0,0.9951393498448996,0.9749652694373441,0.9970049984510613,0.9548947042620596,0.9842743185112801,0.9544065216601262,0.9886632565670855,0.9754620757592001,0.9971588876555468,0.9966198719165943,0.9970851453273457,0.9931315500154411,0.9941821151174189,0.9966745673343422,0.9857261575097445,0.9997238093153223,0.9884529038235053,0.8975345698921221,0.9180942635263161,0.6832532933958679,0.9846956318949783,0.935262097258507,0.3569221535062776,-0.2980780816261273,0.8990631011517869,0.9262555778134585,0.9609329383448062,0.976425093709558,0.9647088586406949,0.9794152311940691,0.9701153004226779,0.9397520303135299,0.9831560884439664,0.9756108638682442,0.9566477063575409],[0.9951393498448996,1.0,0.9713789111786473,0.9918747451097283,0.951023146942738,0.9805137550988655,0.950573775316583,0.9810939129439079,0.9697831719591319,0.9931409804694254,0.9949547239133218,0.9944881966970965,0.992286294689771,0.9922898947147277,0.994982315564543,0.9809135697636656,0.9973712634522023,0.983227131910849,0.9178287331591276,0.9083861254511298,0.70459802116186,0.9695779065251636,0.9189505507640657,0.3566426079444475,-0.2306797309800242,0.8778448437910431,0.9208111162787551,0.960325038915417,0.9576514550191348,0.9529210739850863,0.9708009759864806,0.9567805031675896,0.9389977923590234,0.9739602706444397,0.9671949375637734,0.9517519189173254],[0.9749652694373441,0.9713789111786473,1.0,0.984598426590291,0.9944180775801701,0.9720394993743096,0.9788011507545283,0.9582281884338449,0.9774243456252468,0.9843047575111195,0.9909385020664424,0.9876705005141431,0.9970612964352048,0.9968456018792679,0.9907068686677617,0.9695545833407535,0.9852402065891932,0.957732248175516,0.856200503316206,0.8206926043469881,0.5506553855903877,0.9923192172607525,0.93480451692416,0.18521304786900397,-0.22245596759569547,0.8806355137255041,0.9431336389110773,0.9699226087498414,0.9160649688895891,0.9064270095711365,0.9672084878858709,0.9093891765796345,0.8841939560795776,0.9638764488025602,0.9717698139628598,0.9160156848243051],[0.9970049984510613,0.9918747451097283,0.984598426590291,1.0,0.9717161127891739,0.9757965811849654,0.9520955532206118,0.979707034181829,0.971725106302958,0.9999710199784978,0.9999921168848346,0.9999636869379104,0.9936826828864033,0.9924150797557245,0.999952386701786,0.9745204324628473,0.9957822012622751,0.9791594970125032,0.8798002266050747,0.8993502254246576,0.6438985441385112,0.9940392746125362,0.9401572657826374,0.3234620457818665,-0.2867309980091707,0.8899889505765795,0.93856216105901,0.9640077782545005,0.9630614823371165,0.9577486194986169,0.9815054897471827,0.9565836807373866,0.923132562563262,0.9799398503324857,0.9737324439224707,0.9453301661931615],[0.9548947042620596,0.951023146942738,0.9944180775801701,0.9717161127891739,1.0,0.9437393260237545,0.9579432778803221,0.9308876863399264,0.9556253291610166,0.9717981425080465,0.9811608483887203,0.9772372012484729,0.9834252844750262,0.9807026139564282,0.9807671232015088,0.9398016739478873,0.9659222439484164,0.9300456649462757,0.8203975980332208,0.7876175019696027,0.4986248446442749,0.9866031695732628,0.9285795714763874,0.14940734264203756,-0.21092306631691488,0.8449057592420173,0.9505078416641907,0.9538211983882368,0.8830403216374658,0.8804361245190547,0.9537902135764135,0.8763120453007696,0.8441768767089738,0.944129759422386,0.9517438393003806,0.882676718617985],[0.9842743185112801,0.9805137550988655,0.9720394993743096,0.9757965811849654,0.9437393260237545,1.0,0.9829016503469741,0.9828523891003564,0.9831739594224778,0.9752680772444972,0.9698996242703903,0.9733451414224549,0.9731660436586689,0.9707370211269036,0.969842682398705,0.9999036526847344,0.9872123010071049,0.9837379306581258,0.9012760198813173,0.8720868714443124,0.6523397466562719,0.96735903981106,0.9071620886221841,0.23483212268650921,-0.22119694387697625,0.9322089617630751,0.8989400286455876,0.9652524833097581,0.959771728194826,0.9356315527419286,0.958967296851032,0.9550885238910145,0.9518715495707798,0.9640885884873239,0.9799657726526566,0.9588996846513699],[0.9544065216601262,0.950573775316583,0.9788011507545283,0.9520955532206118,0.9579432778803221,0.9829016503469741,1.0,0.9545828294529457,0.9847103175640659,0.9508005801756316,0.9607932757082971,0.9573243506321151,0.9782406608263802,0.9788601426066,0.9605393724000155,0.9841365750305681,0.9723310832431404,0.9569647905803653,0.8646988591669919,0.7913800663002508,0.5412225698678775,0.9559724382666237,0.9098925916598476,0.09479133221380853,-0.1607473718967037,0.8934450457034547,0.8991894281535845,0.9609550113510018,0.9036301268609118,0.873186080685603,0.9406409350499074,0.8972915437983804,0.9023459476163019,0.9384625037995847,0.9701303478549861,0.914794027931048],[0.9886632565670855,0.9810939129439079,0.9582281884338449,0.979707034181829,0.9308876863399264,0.9828523891003564,0.9545828294529457,1.0,0.9840393959930336,0.9797037822728931,0.9748714669204372,0.9785579526899896,0.9686493645795905,0.9676256098611624,0.9750022771379268,0.98464215783723,0.9863408321984726,0.9998853949832137,0.9279127953401829,0.9299803874789228,0.621203481344438,0.966671884655043,0.9013230856803154,0.21174670838866347,-0.3104665687754353,0.9077788840372288,0.8750376212124886,0.9460729809692928,0.9794695322521015,0.9579757298300302,0.9686624719135246,0.9665837275777305,0.9379634843046244,0.9642218468537658,0.9615744989874322,0.9685316631442829],[0.9754620757592001,0.9697831719591319,0.9774243456252468,0.971725106302958,0.9556253291610166,0.9831739594224778,0.9847103175640659,0.9840393959930336,1.0,0.9710196650389051,0.9671541735926095,0.9698198373215814,0.9715122162773073,0.968192493723722,0.9670310377544136,0.9822560789759376,0.9751358784710794,0.983412455381715,0.9025164401898927,0.863636113597954,0.539104520967914,0.9689465855762741,0.9194531197150513,0.07156321167771798,-0.2336246201819387,0.8859399758320533,0.8825421798886403,0.9658421712750223,0.9384940685425199,0.9076566320112636,0.9631162344938184,0.9244341813228315,0.9045628957616006,0.9548936793440633,0.9742802299541972,0.9301429332572286],[0.9971588876555468,0.9931409804694254,0.9843047575111195,0.9999710199784978,0.9717981425080465,0.9752680772444972,0.9508005801756316,0.9797037822728931,0.9710196650389051,1.0,0.9999907120099238,0.9999830400141466,0.993579598663564,0.9922909902349003,0.9999570847942593,0.9740015478212091,0.995669555648646,0.979249949514135,0.881589264319184,0.9006032257508656,0.640741334384749,0.9942287879715102,0.9400800288448933,0.32848253484720835,-0.2862044841404462,0.8906173718988795,0.9368504494017534,0.9626219046073569,0.9628212067526801,0.9569597053499339,0.9806218165539926,0.9560042974464009,0.9218132748096654,0.979215519817053,0.9727053259355108,0.9439050980464189],[0.9966198719165943,0.9949547239133218,0.9909385020664424,0.9999921168848346,0.9811608483887203,0.9698996242703903,0.9607932757082971,0.9748714669204372,0.9671541735926095,0.9999907120099238,1.0,0.9999742954688168,0.9937066212479061,0.992413683466408,0.9999596502248534,0.9695765474562978,0.995457595415689,0.97545601602371,0.9024030870164731,0.928579664111843,0.5139158902809573,0.9973398126665575,0.9265150727961347,-0.15360703240833443,0.3775762390893403,0.8877108678427843,0.908768307282852,0.9644491443805707,0.9534853676477417,0.9402899951295597,0.9729088957006072,0.9358608636363018,0.8989486810093276,0.9706591810081062,0.9815646750035969,0.9397072666281107],[0.9970851453273457,0.9944881966970965,0.9876705005141431,0.9999636869379104,0.9772372012484729,0.9733451414224549,0.9573243506321151,0.9785579526899896,0.9698198373215814,0.9999830400141466,0.9999742954688168,1.0,0.9935841585001387,0.9922648511126536,0.9999679685037356,0.9731241121365644,0.9955759745816382,0.9786943635144328,0.8890206630974417,0.9174938742255521,0.581177568483034,0.9963596651575111,0.9371679353092198,0.06010116830006541,-0.19365920375107212,0.9028175557387343,0.9231753537371982,0.958283588431764,0.9567930924408233,0.9479961096483748,0.9774324209930746,0.9467883973492593,0.9169747705162157,0.9759158656389386,0.9725270200974014,0.9475686578876399],[0.9931315500154411,0.992286294689771,0.9970612964352048,0.9936826828864033,0.9834252844750262,0.9731660436586689,0.9782406608263802,0.9686493645795905,0.9715122162773073,0.993579598663564,0.9937066212479061,0.9935841585001387,1.0,0.9997770145479836,0.9936997553948941,0.9728392744495601,0.9932517574133468,0.9693477834256385,0.8918831532821487,0.9167090891712542,0.4361235886174947,0.9898884898942963,0.9235835346987059,-0.41663875941860185,0.38932733123336977,0.8689198648441872,0.9091871077718036,0.9669442422076348,0.9360722549634786,0.9096610100217314,0.9584923510265548,0.9131488476213635,0.8667133167854144,0.9682022907350103,0.9785255169874264,0.9321735543697205],[0.9941821151174189,0.9922898947147277,0.9968456018792679,0.9924150797557245,0.9807026139564282,0.9707370211269036,0.9788601426066,0.9676256098611624,0.968192493723722,0.9922909902349003,0.992413683466408,0.9922648511126536,0.9997770145479836,1.0,0.9925188348464065,0.9702997757970891,0.9941148854805615,0.9684931401817364,0.8761498678261368,0.9266950165881822,0.29277335233236185,0.9863494435546262,0.9177815524197214,-0.7533755046321107,0.3581586400313254,0.8363339736477102,0.9069618446554398,0.9629087778440816,0.9297717959450642,0.8990446782542277,0.9525405456135295,0.9142116256362828,0.8449167721268004,0.9688927279097591,0.9768324381667607,0.9270167100812767],[0.9966745673343422,0.994982315564543,0.9907068686677617,0.999952386701786,0.9807671232015088,0.969842682398705,0.9605393724000155,0.9750022771379268,0.9670310377544136,0.9999570847942593,0.9999596502248534,0.9999679685037356,0.9936997553948941,0.9925188348464065,1.0,0.9695619889768256,0.9955072703696247,0.975546514276998,0.9026231696725145,0.92911550198525,0.5139960579320987,0.997178773039943,0.9266546803437915,-0.1514711740269185,0.37778216008054777,0.8877648513536021,0.9079687352667682,0.9639212057368742,0.9536787466262907,0.9407424081101899,0.972905147297773,0.93640702505595,0.8994419875979741,0.9706412633332077,0.9815563663330962,0.9402914464314368],[0.9857261575097445,0.9809135697636656,0.9695545833407535,0.9745204324628473,0.9398016739478873,0.9999036526847344,0.9841365750305681,0.98464215783723,0.9822560789759376,0.9740015478212091,0.9695765474562978,0.9731241121365644,0.9728392744495601,0.9702997757970891,0.9695619889768256,1.0,0.9872124540850279,0.983966537670259,0.9042224819178412,0.8959496459353561,0.6396419542589856,0.9648500942815205,0.9015944089306278,0.08859936360615606,-0.20021146161698306,0.9392396721385203,0.8872330347774576,0.9624296700839017,0.9632010731824809,0.9331203509108497,0.9555352187368679,0.9563617818224,0.9509289764064791,0.9660536817089568,0.9791648102528054,0.9630066426760411],[0.9997238093153223,0.9973712634522023,0.9852402065891932,0.9957822012622751,0.9659222439484164,0.9872123010071049,0.9723310832431404,0.9863408321984726,0.9751358784710794,0.995669555648646,0.995457595415689,0.9955759745816382,0.9932517574133468,0.9941148854805615,0.9955072703696247,0.9872124540850279,1.0,0.9868815484447624,0.9220346228507436,0.938906105747988,0.5732949864887452,0.9884038070032862,0.917883796117661,-0.09304501017865957,0.40650931516342625,0.9171652848523748,0.8977729053908263,0.9671987137532192,0.970770780472205,0.9494761913178114,0.9709606670375173,0.9551495895633199,0.9302794727854922,0.9768101735378419,0.9871636535037999,0.9632239765311207],[0.9884529038235053,0.983227131910849,0.957732248175516,0.9791594970125032,0.9300456649462757,0.9837379306581258,0.9569647905803653,0.9998853949832137,0.983412455381715,0.979249949514135,0.97545601602371,0.9786943635144328,0.9693477834256385,0.9684931401817364,0.975546514276998,0.983966537670259,0.9868815484447624,1.0,0.9307907390152445,0.9361612559177366,0.6182695063822751,0.9651786750331449,0.9049834701255505,0.17526498672076612,-0.292300190954744,0.9125507621477037,0.8704214744038443,0.9460258788827222,0.9799630455553477,0.9574503571045857,0.9669718052941291,0.9653281129297329,0.9376910123954786,0.9633987166646175,0.9596165887008745,0.9696358825547723],[0.8975345698921221,0.9178287331591276,0.856200503316206,0.8798002266050747,0.8203975980332208,0.9012760198813173,0.8646988591669919,0.9279127953401829,0.9025164401898927,0.881589264319184,0.9024030870164731,0.8890206630974417,0.8918831532821487,0.8761498678261368,0.9026231696725145,0.9042224819178412,0.9220346228507436,0.9307907390152445,1.0,0.8299901377086356,0.6919920624555465,0.8514503134583821,0.8055858007188891,0.2569569566116079,-0.16631274576003,0.8588749507049148,0.744374432766135,0.8565165530762716,0.8932630520793798,0.8600760897361823,0.8539909144254619,0.8726211295431522,0.859077208775873,0.8548530214153391,0.8741165438005979,0.8960602583566766],[0.9180942635263161,0.9083861254511298,0.8206926043469881,0.8993502254246576,0.7876175019696027,0.8720868714443124,0.7913800663002508,0.9299803874789228,0.863636113597954,0.9006032257508656,0.928579664111843,0.9174938742255521,0.9167090891712542,0.9266950165881822,0.92911550198525,0.8959496459353561,0.938906105747988,0.9361612559177366,0.8299901377086356,1.0,0.8225362656322335,0.8496180789592043,0.8664598685188749,0.6304516820559083,-0.5243202039447842,0.7195502628779153,0.8226979311452033,0.8152389616723186,0.9598486622377007,0.9385035043995346,0.8974311913880394,0.9475585530240418,0.9017048650061552,0.8999506121888113,0.8513047430991113,0.8873133174306446],[0.6832532933958679,0.70459802116186,0.5506553855903877,0.6438985441385112,0.4986248446442749,0.6523397466562719,0.5412225698678775,0.621203481344438,0.539104520967914,0.640741334384749,0.5139158902809573,0.581177568483034,0.4361235886174947,0.29277335233236185,0.5139960579320987,0.6396419542589856,0.5732949864887452,0.6182695063822751,0.6919920624555465,0.8225362656322335,1.0,0.5745518440571225,0.6819109510394487,0.7243298319849338,-0.116002061814927,0.5330496353716832,0.5820366550054529,0.6026291524348854,0.7674485014224979,0.6967653729510478,0.6128267508240371,0.7322740065333491,0.7495867803454004,0.6542663486434029,0.622029125954518,0.6743319312679156],[0.9846956318949783,0.9695779065251636,0.9923192172607525,0.9940392746125362,0.9866031695732628,0.96735903981106,0.9559724382666237,0.966671884655043,0.9689465855762741,0.9942287879715102,0.9973398126665575,0.9963596651575111,0.9898884898942963,0.9863494435546262,0.997178773039943,0.9648500942815205,0.9884038070032862,0.9651786750331449,0.8514503134583821,0.8496180789592043,0.5745518440571225,1.0,0.9189213403723827,0.25077511713771045,-0.27792208605217367,0.8719268380788348,0.9435390857417321,0.967355334467627,0.9294135417325956,0.9377316920722365,0.973448624437945,0.9320266259504376,0.8944649969891483,0.9690083122108875,0.9595434557513168,0.9246733339995935],[0.935262097258507,0.9189505507640657,0.93480451692416,0.9401572657826374,0.9285795714763874,0.9071620886221841,0.9098925916598476,0.9013230856803154,0.9194531197150513,0.9400800288448933,0.9265150727961347,0.9371679353092198,0.9235835346987059,0.9177815524197214,0.9266546803437915,0.9015944089306278,0.917883796117661,0.9049834701255505,0.8055858007188891,0.8664598685188749,0.6819109510394487,0.9189213403723827,1.0,0.2898839589358376,-0.1907321390859751,0.7198589848164725,0.912908780239663,0.9010794570115785,0.8983188154297205,0.8596553278318376,0.9369656691267865,0.8726802658737312,0.8405056080775191,0.9318744192906615,0.8882803470993536,0.8601215293199092],[0.3569221535062776,0.3566426079444475,0.18521304786900397,0.3234620457818665,0.14940734264203756,0.23483212268650921,0.09479133221380853,0.21174670838866347,0.07156321167771798,0.32848253484720835,-0.15360703240833443,0.06010116830006541,-0.41663875941860185,-0.7533755046321107,-0.1514711740269185,0.08859936360615606,-0.09304501017865957,0.17526498672076612,0.2569569566116079,0.6304516820559083,0.7243298319849338,0.25077511713771045,0.2898839589358376,1.0,-0.3798976649764158,0.25910695574540543,0.23414429234658804,0.1671615283544704,0.4559881945159022,0.44819773241364863,0.29288832992121705,0.4710721550799471,0.39909410715666077,0.3212365940620791,0.24433390589738674,0.3632790131100845],[-0.2980780816261273,-0.2306797309800242,-0.22245596759569547,-0.2867309980091707,-0.21092306631691488,-0.22119694387697625,-0.1607473718967037,-0.3104665687754353,-0.2336246201819387,-0.2862044841404462,0.3775762390893403,-0.19365920375107212,0.38932733123336977,0.3581586400313254,0.37778216008054777,-0.20021146161698306,0.40650931516342625,-0.292300190954744,-0.16631274576003,-0.5243202039447842,-0.116002061814927,-0.27792208605217367,-0.1907321390859751,-0.3798976649764158,1.0,-0.1584099474182235,-0.2681653671742526,-0.18489254895086582,-0.3867038896971396,-0.3757191629322289,-0.316486452422516,-0.3451836455653251,-0.21132168053174497,-0.34252663497624053,-0.18615679041785535,-0.31711082668631063],[0.8990631011517869,0.8778448437910431,0.8806355137255041,0.8899889505765795,0.8449057592420173,0.9322089617630751,0.8934450457034547,0.9077788840372288,0.8859399758320533,0.8906173718988795,0.8877108678427843,0.9028175557387343,0.8689198648441872,0.8363339736477102,0.8877648513536021,0.9392396721385203,0.9171652848523748,0.9125507621477037,0.8588749507049148,0.7195502628779153,0.5330496353716832,0.8719268380788348,0.7198589848164725,0.25910695574540543,-0.1584099474182235,1.0,0.7672800076994538,0.8878402223733318,0.824697667337126,0.8677319982395036,0.8316660940815491,0.8753025529969827,0.8704967303375483,0.8623278914701639,0.86997602256149,0.901071911106354],[0.9262555778134585,0.9208111162787551,0.9431336389110773,0.93856216105901,0.9505078416641907,0.8989400286455876,0.8991894281535845,0.8750376212124886,0.8825421798886403,0.9368504494017534,0.908768307282852,0.9231753537371982,0.9091871077718036,0.9069618446554398,0.9079687352667682,0.8872330347774576,0.8977729053908263,0.8704214744038443,0.744374432766135,0.8226979311452033,0.5820366550054529,0.9435390857417321,0.912908780239663,0.23414429234658804,-0.2681653671742526,0.7672800076994538,1.0,0.8892455853580743,0.8773591982555651,0.8670892426823243,0.9155825565583762,0.8642712275479209,0.8273069557097472,0.9149755121086064,0.8977590445261416,0.8582303343726513],[0.9609329383448062,0.960325038915417,0.9699226087498414,0.9640077782545005,0.9538211983882368,0.9652524833097581,0.9609550113510018,0.9460729809692928,0.9658421712750223,0.9626219046073569,0.9644491443805707,0.958283588431764,0.9669442422076348,0.9629087778440816,0.9639212057368742,0.9624296700839017,0.9671987137532192,0.9460258788827222,0.8565165530762716,0.8152389616723186,0.6026291524348854,0.967355334467627,0.9010794570115785,0.1671615283544704,-0.18489254895086582,0.8878402223733318,0.8892455853580743,1.0,0.9125557380424201,0.8967663809912713,0.9465116179307281,0.8967467415880179,0.8890705649523878,0.9522491574983684,0.9742119725998981,0.8963892843159977],[0.976425093709558,0.9576514550191348,0.9160649688895891,0.9630614823371165,0.8830403216374658,0.959771728194826,0.9036301268609118,0.9794695322521015,0.9384940685425199,0.9628212067526801,0.9534853676477417,0.9567930924408233,0.9360722549634786,0.9297717959450642,0.9536787466262907,0.9632010731824809,0.970770780472205,0.9799630455553477,0.8932630520793798,0.9598486622377007,0.7674485014224979,0.9294135417325956,0.8983188154297205,0.4559881945159022,-0.3867038896971396,0.824697667337126,0.8773591982555651,0.9125557380424201,1.0,0.9867045326566752,0.9606827001902183,0.9907693695754879,0.9540044364849277,0.9594344404189755,0.9164487790272825,0.9689117028822548],[0.9647088586406949,0.9529210739850863,0.9064270095711365,0.9577486194986169,0.8804361245190547,0.9356315527419286,0.873186080685603,0.9579757298300302,0.9076566320112636,0.9569597053499339,0.9402899951295597,0.9479961096483748,0.9096610100217314,0.8990446782542277,0.9407424081101899,0.9331203509108497,0.9494761913178114,0.9574503571045857,0.8600760897361823,0.9385035043995346,0.6967653729510478,0.9377316920722365,0.8596553278318376,0.44819773241364863,-0.3757191629322289,0.8677319982395036,0.8670892426823243,0.8967663809912713,0.9867045326566752,1.0,0.9510063581974509,0.9846013994269459,0.956454054546637,0.9410870921916834,0.925434132769476,0.964636448757675],[0.9794152311940691,0.9708009759864806,0.9672084878858709,0.9815054897471827,0.9537902135764135,0.958967296851032,0.9406409350499074,0.9686624719135246,0.9631162344938184,0.9806218165539926,0.9729088957006072,0.9774324209930746,0.9584923510265548,0.9525405456135295,0.972905147297773,0.9555352187368679,0.9709606670375173,0.9669718052941291,0.8539909144254619,0.8974311913880394,0.6128267508240371,0.973448624437945,0.9369656691267865,0.29288832992121705,-0.316486452422516,0.8316660940815491,0.9155825565583762,0.9465116179307281,0.9606827001902183,0.9510063581974509,1.0,0.9512188690285053,0.9112792007815386,0.978904584302956,0.964184202678077,0.9442438052698422],[0.9701153004226779,0.9567805031675896,0.9093891765796345,0.9565836807373866,0.8763120453007696,0.9550885238910145,0.8972915437983804,0.9665837275777305,0.9244341813228315,0.9560042974464009,0.9358608636363018,0.9467883973492593,0.9131488476213635,0.9142116256362828,0.93640702505595,0.9563617818224,0.9551495895633199,0.9653281129297329,0.8726211295431522,0.9475585530240418,0.7322740065333491,0.9320266259504376,0.8726802658737312,0.4710721550799471,-0.3451836455653251,0.8753025529969827,0.8642712275479209,0.8967467415880179,0.9907693695754879,0.9846013994269459,0.9512188690285053,1.0,0.9743007586636689,0.9466339947622098,0.9390260588172776,0.965150005431679],[0.9397520303135299,0.9389977923590234,0.8841939560795776,0.923132562563262,0.8441768767089738,0.9518715495707798,0.9023459476163019,0.9379634843046244,0.9045628957616006,0.9218132748096654,0.8989486810093276,0.9169747705162157,0.8667133167854144,0.8449167721268004,0.8994419875979741,0.9509289764064791,0.9302794727854922,0.9376910123954786,0.859077208775873,0.9017048650061552,0.7495867803454004,0.8944649969891483,0.8405056080775191,0.39909410715666077,-0.21132168053174497,0.8704967303375483,0.8273069557097472,0.8890705649523878,0.9540044364849277,0.956454054546637,0.9112792007815386,0.9743007586636689,1.0,0.9070628178133653,0.9283466355665926,0.9543965479870619],[0.9831560884439664,0.9739602706444397,0.9638764488025602,0.9799398503324857,0.944129759422386,0.9640885884873239,0.9384625037995847,0.9642218468537658,0.9548936793440633,0.979215519817053,0.9706591810081062,0.9759158656389386,0.9682022907350103,0.9688927279097591,0.9706412633332077,0.9660536817089568,0.9768101735378419,0.9633987166646175,0.8548530214153391,0.8999506121888113,0.6542663486434029,0.9690083122108875,0.9318744192906615,0.3212365940620791,-0.34252663497624053,0.8623278914701639,0.9149755121086064,0.9522491574983684,0.9594344404189755,0.9410870921916834,0.978904584302956,0.9466339947622098,0.9070628178133653,1.0,0.9610238672371553,0.9455955063539958],[0.9756108638682442,0.9671949375637734,0.9717698139628598,0.9737324439224707,0.9517438393003806,0.9799657726526566,0.9701303478549861,0.9615744989874322,0.9742802299541972,0.9727053259355108,0.9815646750035969,0.9725270200974014,0.9785255169874264,0.9768324381667607,0.9815563663330962,0.9791648102528054,0.9871636535037999,0.9596165887008745,0.8741165438005979,0.8513047430991113,0.622029125954518,0.9595434557513168,0.8882803470993536,0.24433390589738674,-0.18615679041785535,0.86997602256149,0.8977590445261416,0.9742119725998981,0.9164487790272825,0.925434132769476,0.964184202678077,0.9390260588172776,0.9283466355665926,0.9610238672371553,1.0,0.924751986537983],[0.9566477063575409,0.9517519189173254,0.9160156848243051,0.9453301661931615,0.882676718617985,0.9588996846513699,0.914794027931048,0.9685316631442829,0.9301429332572286,0.9439050980464189,0.9397072666281107,0.9475686578876399,0.9321735543697205,0.9270167100812767,0.9402914464314368,0.9630066426760411,0.9632239765311207,0.9696358825547723,0.8960602583566766,0.8873133174306446,0.6743319312679156,0.9246733339995935,0.8601215293199092,0.3632790131100845,-0.31711082668631063,0.901071911106354,0.8582303343726513,0.8963892843159977,0.9689117028822548,0.964636448757675,0.9442438052698422,0.965150005431679,0.9543965479870619,0.9455955063539958,0.924751986537983,1.0]],"x":["^TAIEX       \u81fa\u7063\u52a0\u6b0a\u5831\u916c\u6307\u6578","^TWII        \u81fa\u7063\u52a0\u6b0a\u6307\u6578","^TAIEXx2     \u81fa\u7063\u52a0\u6b0a\u5831\u916c\u6307\u6578_\u65e5\u6b632","^TAI50I      \u81fa\u706350\u5831\u916c\u6307\u6578","^TAI50Ix2    \u81fa\u706350\u5831\u916c\u6307\u6578_\u65e5\u6b632","^TAI100I     \u81fa\u7063\u4e2d\u578b100\u5831\u916c\u6307\u6578","^TAI100Ix2   \u81fa\u7063\u4e2d\u578b100\u5831\u916c\u6307\u6578_\u65e5\u6b632","^TAIDIVIDI   \u81fa\u7063\u9ad8\u80a1\u606f\u5831\u916c\u6307\u6578","^TAIDIVIDIx2 \u81fa\u7063\u9ad8\u80a1\u606f\u5831\u916c\u6307\u6578_\u65e5\u6b632","0050Fund     \u5143\u5927\u53f0\u7063\u5353\u8d8a50\u57fa\u91d1","006208Fund   \u5bcc\u90a6\u53f0\u7063\u91c6\u540950\u57fa\u91d1","0050         \u5143\u5927\u81fa\u706350","00631L       \u5143\u5927\u53f0\u706350\u6b632","00675L       \u5bcc\u90a6\u81fa\u7063\u52a0\u6b0a\u6b632","006208       \u5bcc\u90a6\u53f050","0051         \u5143\u5927\u4e2d\u578b100","006204       \u6c38\u8c50\u81fa\u7063\u52a0\u6b0a","0056         \u5143\u5927\u9ad8\u80a1\u606f","0056         \u5143\u5927\u9ad8\u80a1\u606f_\u80a1\u606f\u4e0d\u6295\u5165","2412         \u4e2d\u83ef\u96fb\u4fe1","2002         \u4e2d\u92fc","2330         \u53f0\u7a4d\u96fb","2317         \u9d3b\u6d77","6505         \u53f0\u5851\u77f3\u5316","3481         \u7fa4\u5275","2303         \u806f\u96fb","2308         \u53f0\u9054\u96fb","2454         \u806f\u767c\u79d1","2886         \u5146\u8c50\u91d1","2884         \u7389\u5c71\u91d1","2891         \u4e2d\u4fe1\u91d1","2892         \u7b2c\u4e00\u91d1","5880         \u5408\u5eab\u91d1","2881         \u5bcc\u90a6\u91d1","2885         \u5143\u5927\u91d1","2887         \u53f0\u65b0\u91d1"],"y":["^TAIEX       \u81fa\u7063\u52a0\u6b0a\u5831\u916c\u6307\u6578","^TWII        \u81fa\u7063\u52a0\u6b0a\u6307\u6578","^TAIEXx2     \u81fa\u7063\u52a0\u6b0a\u5831\u916c\u6307\u6578_\u65e5\u6b632","^TAI50I      \u81fa\u706350\u5831\u916c\u6307\u6578","^TAI50Ix2    \u81fa\u706350\u5831\u916c\u6307\u6578_\u65e5\u6b632","^TAI100I     \u81fa\u7063\u4e2d\u578b100\u5831\u916c\u6307\u6578","^TAI100Ix2   \u81fa\u7063\u4e2d\u578b100\u5831\u916c\u6307\u6578_\u65e5\u6b632","^TAIDIVIDI   \u81fa\u7063\u9ad8\u80a1\u606f\u5831\u916c\u6307\u6578","^TAIDIVIDIx2 \u81fa\u7063\u9ad8\u80a1\u606f\u5831\u916c\u6307\u6578_\u65e5\u6b632","0050Fund     \u5143\u5927\u53f0\u7063\u5353\u8d8a50\u57fa\u91d1","006208Fund   \u5bcc\u90a6\u53f0\u7063\u91c6\u540950\u57fa\u91d1","0050         \u5143\u5927\u81fa\u706350","00631L       \u5143\u5927\u53f0\u706350\u6b632","00675L       \u5bcc\u90a6\u81fa\u7063\u52a0\u6b0a\u6b632","006208       \u5bcc\u90a6\u53f050","0051         \u5143\u5927\u4e2d\u578b100","006204       \u6c38\u8c50\u81fa\u7063\u52a0\u6b0a","0056         \u5143\u5927\u9ad8\u80a1\u606f","0056         \u5143\u5927\u9ad8\u80a1\u606f_\u80a1\u606f\u4e0d\u6295\u5165","2412         \u4e2d\u83ef\u96fb\u4fe1","2002         \u4e2d\u92fc","2330         \u53f0\u7a4d\u96fb","2317         \u9d3b\u6d77","6505         \u53f0\u5851\u77f3\u5316","3481         \u7fa4\u5275","2303         \u806f\u96fb","2308         \u53f0\u9054\u96fb","2454         \u806f\u767c\u79d1","2886         \u5146\u8c50\u91d1","2884         \u7389\u5c71\u91d1","2891         \u4e2d\u4fe1\u91d1","2892         \u7b2c\u4e00\u91d1","5880         \u5408\u5eab\u91d1","2881         \u5bcc\u90a6\u91d1","2885         \u5143\u5927\u91d1","2887         \u53f0\u65b0\u91d1"],"zmin":-1,"zmax":1,"colorbar":{"x":-0.2}}],"layout":{"autotypenumbers":"strict","colorway":["#636efa","#EF553B","#00cc96","#ab63fa","#FFA15A","#19d3f3","#FF6692","#B6E880","#FF97FF","#FECB52"],"font":{"color":"#f2f5fa","family":"Courier New"},"hovermode":"closest","hoverlabel":{"align":"left"},"paper_bgcolor":"rgb(17,17,17)","plot_bgcolor":"rgb(17,17,17)","polar":{"bgcolor":"rgb(17,17,17)","angularaxis":{"gridcolor":"#506784","linecolor":"#506784","ticks":""},"radialaxis":{"gridcolor":"#506784","linecolor":"#506784","ticks":""}},"ternary":{"bgcolor":"rgb(17,17,17)","aaxis":{"gridcolor":"#506784","linecolor":"#506784","ticks":""},"baxis":{"gridcolor":"#506784","linecolor":"#506784","ticks":""},"caxis":{"gridcolor":"#506784","linecolor":"#506784","ticks":""}},"coloraxis":{"colorbar":{"outlinewidth":0,"ticks":""}},"colorscale":{"sequential":[[0.0,"#0d0887"],[0.1111111111111111,"#46039f"],[0.2222222222222222,"#7201a8"],[0.3333333333333333,"#9c179e"],[0.4444444444444444,"#bd3786"],[0.5555555555555556,"#d8576b"],[0.6666666666666666,"#ed7953"],[0.7777777777777778,"#fb9f3a"],[0.8888888888888888,"#fdca26"],[1.0,"#f0f921"]],"sequentialminus":[[0.0,"#0d0887"],[0.1111111111111111,"#46039f"],[0.2222222222222222,"#7201a8"],[0.3333333333333333,"#9c179e"],[0.4444444444444444,"#bd3786"],[0.5555555555555556,"#d8576b"],[0.6666666666666666,"#ed7953"],[0.7777777777777778,"#fb9f3a"],[0.8888888888888888,"#fdca26"],[1.0,"#f0f921"]],"diverging":[[0,"#8e0152"],[0.1,"#c51b7d"],[0.2,"#de77ae"],[0.3,"#f1b6da"],[0.4,"#fde0ef"],[0.5,"#f7f7f7"],[0.6,"#e6f5d0"],[0.7,"#b8e186"],[0.8,"#7fbc41"],[0.9,"#4d9221"],[1,"#276419"]]},"xaxis":{"gridcolor":"rgba(0, 0, 0, 0)","linecolor":"#506784","ticks":"","title":{"standoff":15},"zerolinecolor":"#283442","automargin":true,"zerolinewidth":2,"tickfont":{"family":"Courier New","size":14},"side":"top","tickangle":-90},"yaxis":{"gridcolor":"rgba(0, 0, 0, 0)","linecolor":"#506784","ticks":"","title":{"standoff":15},"zerolinecolor":"#283442","automargin":true,"zerolinewidth":2,"tickfont":{"family":"Courier New"},"side":"right"},"scene":{"xaxis":{"backgroundcolor":"rgb(17,17,17)","gridcolor":"#506784","linecolor":"#506784","showbackground":true,"ticks":"","zerolinecolor":"#C8D4E3","gridwidth":2},"yaxis":{"backgroundcolor":"rgb(17,17,17)","gridcolor":"#506784","linecolor":"#506784","showbackground":true,"ticks":"","zerolinecolor":"#C8D4E3","gridwidth":2},"zaxis":{"backgroundcolor":"rgb(17,17,17)","gridcolor":"#506784","linecolor":"#506784","showbackground":true,"ticks":"","zerolinecolor":"#C8D4E3","gridwidth":2}},"shapedefaults":{"line":{"color":"#f2f5fa"}},"annotationdefaults":{"arrowcolor":"#f2f5fa","arrowhead":0,"arrowwidth":1},"geo":{"bgcolor":"rgb(17,17,17)","landcolor":"rgb(17,17,17)","subunitcolor":"#506784","showland":true,"showlakes":true,"lakecolor":"rgb(17,17,17)"},"title":{"x":0.05,"font":{"family":"Times New Roman"},"y":0.05,"text":"<b>Correlation of Adj Close<b><br><i>2016-09-23 ~ 2025-12-26<i>"},"updatemenudefaults":{"bgcolor":"#506784","borderwidth":0},"sliderdefaults":{"bgcolor":"#C8D4E3","borderwidth":1,"bordercolor":"rgb(17,17,17)","tickwidth":0},"mapbox":{"style":"dark"},"annotations":[{"text":"<b>@zwindr<b>","textangle":0,"opacity":0.5,"font":{"color":"white","size":12},"xref":"paper","yref":"paper","xanchor":"left","yanchor":"bottom","x":1.0,"y":1.0,"showarrow":false}]},"config":{"responsive":true,"toImageButtonOptions":{"filename":"Correlation of Adj Close_2016-09-23~2025-12-26","scale":5}}};Plotly.newPlot("correlationAdjClose",correlationAdjClose.data,correlationAdjClose.layout||{},correlationAdjClose.config);}else{console.log("style display is none => correlationAdjClose");}