var element=document.getElementById("correlationAdjClose");if(element.style.display!='none'){var correlationAdjClose={"data":[{"type":"heatmap","z":[[1.0,0.99564926295565,0.9693786850163585,0.9966564101647157,0.9429943769692116,0.9856914419804884,0.9591376432419643,0.985879781997218,0.9773298580104609,0.9968051325871038,0.9963637275625096,0.9967813560266205,0.9899110003888225,0.9912670647180993,0.9964680508648064,0.986831606196659,0.9997408148910888,0.9853374601312046,0.8934821011964463,0.9113192205618219,0.6563055255755165,0.9839631718107911,0.9414205434960173,0.32456710922128806,-0.2776463364857752,0.9044369441622206,0.9179335723785426,0.9647361990600022,0.9679259835829221,0.9617757561018594,0.9816275295308561,0.9645060755449166,0.9300484290140731,0.982124658975507,0.9783342428923371,0.9598183345816487],[0.99564926295565,1.0,0.9677580141301524,0.9924396926312749,0.941477562082751,0.9821260835176521,0.9562836765383086,0.9780561027375432,0.9718946965844857,0.9936196706866908,0.995302809704816,0.9948870582689588,0.9901910116310051,0.9907054526159557,0.9953804220913004,0.9822796183507111,0.9977178604782696,0.9797552300030142,0.9107258946972684,0.9014505397440271,0.6798209349334365,0.971126186019138,0.9253816471167636,0.32349984713386276,-0.2136275863983012,0.884881885293809,0.9153663725084835,0.9640656619819348,0.9500753506192876,0.9502893465494643,0.9739499940718669,0.9512735042919594,0.9292923576266334,0.9733521728088003,0.9707476472125708,0.9550427284759405],[0.9693786850163585,0.9677580141301524,1.0,0.982216180794708,0.9936051338654349,0.9642524759338786,0.9777871734096216,0.9402103306822341,0.9665652416598539,0.9820406706483235,0.9887714066628347,0.9854616432027259,0.9972484048928896,0.9970849548801686,0.9883814282250051,0.9611527439126547,0.9803632955981856,0.9387378857466936,0.8337255725069845,0.7991539601101364,0.5061289369797225,0.9916199296720128,0.930940006457184,0.1490851617979124,-0.1938332412494153,0.8735532978281213,0.9541397157700459,0.9629630192676775,0.887263493059901,0.8887286688082823,0.963607395671789,0.8863718437258495,0.8520830927906069,0.94707532260358,0.9675298170050434,0.9118714578334259],[0.9966564101647157,0.9924396926312749,0.982216180794708,1.0,0.9636126637229127,0.9769572405239039,0.9583461885838075,0.9742039607922085,0.972327971182277,0.9999748317997517,0.99999324214135,0.9999679427877722,0.9934274130772625,0.9928007514877062,0.9999577053075597,0.9754124070521212,0.9958861804213425,0.9733284130509652,0.8722603746890745,0.8888320063727111,0.613320803760698,0.9942114019505197,0.9447687039828885,0.28833627765879416,-0.263932334867179,0.8935232442912212,0.9357764375958465,0.9665642153227878,0.9505424590895333,0.9514227880347019,0.9832537543709972,0.9475781456555918,0.9092946949791134,0.9764643205657382,0.9763997130260476,0.947808416016988],[0.9429943769692116,0.941477562082751,0.9936051338654349,0.9636126637229127,1.0,0.9299877124600145,0.9536112776128524,0.9028026825051878,0.9366337339866211,0.9638504267681426,0.9735783830799418,0.9694612989811429,0.9830218071463461,0.9812684933866732,0.9729893510929764,0.9258331392131862,0.9556723922537914,0.9014020750125984,0.7880556292385291,0.7561847011297462,0.4478920066101827,0.9810684972684638,0.9152735167800954,0.11122806094118118,-0.17771659989714386,0.8312217439578653,0.9633451448491558,0.9389530496173814,0.8430892811363837,0.8525643410555267,0.9433794231867169,0.8433571738306546,0.8015612599721518,0.917256608736434,0.9415171519733282,0.8731732768506218],[0.9856914419804884,0.9821260835176521,0.9642524759338786,0.9769572405239039,0.9299877124600145,1.0,0.9829796460796674,0.9823208216110931,0.9847055391728063,0.9764955422521566,0.9708764360277798,0.9744390674068231,0.9673755271883732,0.9649088243052186,0.9709457934758845,0.999910345916016,0.9878169577136844,0.9830698440495317,0.8997790625550869,0.871431412092322,0.627634784976283,0.9673612258031958,0.9160409781916921,0.2087272676176952,-0.20812269914152137,0.9351430198298735,0.8908453063429382,0.9684907174191715,0.9547411184850789,0.936367190948106,0.962835046835976,0.9525179782822155,0.9440354844370527,0.9656292436691241,0.9816584698395164,0.9622082015520873],[0.9591376432419643,0.9562836765383086,0.9777871734096216,0.9583461885838075,0.9536112776128524,0.9829796460796674,1.0,0.9517484313455834,0.9838012089007474,0.9572310371971157,0.9660566217416394,0.9630352082349769,0.9779061605180096,0.9777416220892332,0.9658696348294222,0.9841066789818297,0.9757787507816159,0.9538000572339749,0.8591835495411527,0.7901833502261174,0.5128469873836381,0.9617068463965833,0.9179649964481214,0.071854357036516,-0.14718178982938804,0.8959947477192155,0.9051076831635481,0.9638711113951849,0.8948511921243567,0.8736694900223027,0.9470766113274989,0.8924030270585113,0.8887768399273435,0.9380758776108606,0.9731051054949059,0.9203176126659323],[0.985879781997218,0.9780561027375432,0.9402103306822341,0.9742039607922085,0.9028026825051878,0.9823208216110931,0.9517484313455834,1.0,0.9840569922241174,0.9741857658875137,0.9685501948047706,0.9728882778789049,0.9529838978621354,0.9511323777210002,0.9688867490814532,0.9841284269698052,0.9826839039201954,0.999891045191393,0.9293578513250415,0.9313425460995731,0.6034930671062054,0.9584613523503667,0.9072298623852217,0.18527863877591466,-0.2983406678182226,0.9131879327501153,0.8515685815566711,0.9481408617384142,0.9784808685575977,0.959997553935638,0.9673089935050023,0.967386653986569,0.93684214933115,0.9664732472283815,0.9608127508698214,0.970283582171971],[0.9773298580104609,0.9718946965844857,0.9665652416598539,0.972327971182277,0.9366337339866211,0.9847055391728063,0.9838012089007474,0.9840569922241174,1.0,0.9716982253027995,0.9670562057054535,0.9703361038588376,0.9632360611738562,0.9590755438222432,0.9670915641462885,0.9838879141642745,0.9763886554889173,0.9834193968515174,0.9021017446780721,0.8656871370414045,0.5173832189822047,0.9673573925030087,0.9269477878687515,0.04596732710851842,-0.22050140693232925,0.8927008584397608,0.8730130997799573,0.9687822071368044,0.9360337819773265,0.9111314440723273,0.9660316768550291,0.925064860071154,0.9005640495309801,0.9577386603250516,0.9760633616577604,0.936087691962261],[0.9968051325871038,0.9936196706866908,0.9820406706483235,0.9999748317997517,0.9638504267681426,0.9764955422521566,0.9572310371971157,0.9741857658875137,0.9716982253027995,1.0,0.9999921960728612,0.9999845695866221,0.9933967983297699,0.9927696493962945,0.9999608453544758,0.9749536912877608,0.995776840947085,0.9733982997166202,0.8738695129579905,0.890100673100012,0.609004323354077,0.9944172306850005,0.9449275181505533,0.29306622999614995,-0.2634038685733657,0.8938810962324226,0.9343644695672484,0.9653266557924913,0.9501407432878575,0.9505482903918948,0.9825212113656538,0.9469177276972347,0.9079098915513858,0.9757112963442556,0.9755773149931547,0.9466210373372236],[0.9963637275625096,0.995302809704816,0.9887714066628347,0.99999324214135,0.9735783830799418,0.9708764360277798,0.9660566217416394,0.9685501948047706,0.9670562057054535,0.9999921960728612,1.0,0.9999772386366963,0.9934725666518474,0.9928265252463968,0.9999630732619049,0.9704050474337165,0.9955930221911057,0.9688656614373411,0.8913219320413993,0.9186326531900598,0.4674648443204901,0.9973934927373647,0.9340003857424526,-0.18788849323831247,0.4436116390581121,0.8868286585585929,0.912730282587936,0.9654581955122137,0.9373040458946884,0.9335124696882106,0.976279709993085,0.9249853615862274,0.8778899154125589,0.9667019910915456,0.9828517514737597,0.943568399882505],[0.9967813560266205,0.9948870582689588,0.9854616432027259,0.9999679427877722,0.9694612989811429,0.9744390674068231,0.9630352082349769,0.9728882778789049,0.9703361038588376,0.9999845695866221,0.9999772386366963,1.0,0.9933968391728608,0.9927533433466875,0.9999708624334629,0.9740877540547399,0.9956963329792037,0.9726807992666774,0.8809208482218507,0.9070390756363792,0.5402647479698788,0.996447403931973,0.9429866180212054,0.02138812648661655,-0.14900893877574806,0.902703081733385,0.9230334225014529,0.9612008159972762,0.9420253072792617,0.940541921058141,0.9797792797629191,0.9363441755533226,0.8990969015621445,0.9719161842124787,0.9755817156235272,0.9493500381687866],[0.9899110003888225,0.9901910116310051,0.9972484048928896,0.9934274130772625,0.9830218071463461,0.9673755271883732,0.9779061605180096,0.9529838978621354,0.9632360611738562,0.9933967983297699,0.9934725666518474,0.9933968391728608,1.0,0.9998252100822124,0.9933702961980855,0.9666813382180881,0.9905281890979871,0.953018089488089,0.866980094842494,0.8999140985909968,0.3733250604183577,0.9914577330589057,0.9270929984754307,-0.4342208465244637,0.46681806544940285,0.8605280126470017,0.92573201141508,0.9604984235170589,0.906270523086303,0.8977131585332894,0.961635847039332,0.8930336031184013,0.8304664294138554,0.9545737070829313,0.9753848337941526,0.9336182614296389],[0.9912670647180993,0.9907054526159557,0.9970849548801686,0.9928007514877062,0.9812684933866732,0.9649088243052186,0.9777416220892332,0.9511323777210002,0.9590755438222432,0.9927696493962945,0.9928265252463968,0.9927533433466875,0.9998252100822124,1.0,0.9928406840212466,0.9641103967402646,0.9916777827002148,0.9512764017284027,0.8505586665177032,0.9101213831656587,0.2266035057350484,0.9889518095443425,0.9206617333852739,-0.7399350778928424,0.44420319095899563,0.8304762690372264,0.926486558291074,0.9552612067249949,0.8972071643874419,0.89023788810055,0.957178427707785,0.894572455358412,0.8056595571439603,0.952081775405363,0.9739181936159023,0.9318275323417932],[0.9964680508648064,0.9953804220913004,0.9883814282250051,0.9999577053075597,0.9729893510929764,0.9709457934758845,0.9658696348294222,0.9688867490814532,0.9670915641462885,0.9999608453544758,0.9999630732619049,0.9999708624334629,0.9933702961980855,0.9928406840212466,1.0,0.9705220091419445,0.995694517948934,0.9690604227237052,0.8917292618069376,0.9192468656271908,0.4676272169659602,0.9972042578735267,0.9340604679868995,-0.18542646544810892,0.4460059122734486,0.8872141503303567,0.9117242389388849,0.9652191116713367,0.9374393512666042,0.9339512299178052,0.9762786170009969,0.9254498512010835,0.8782651374430175,0.9665713683133241,0.9829286515751563,0.9443139738762416],[0.986831606196659,0.9822796183507111,0.9611527439126547,0.9754124070521212,0.9258331392131862,0.999910345916016,0.9841066789818297,0.9841284269698052,0.9838879141642745,0.9749536912877608,0.9704050474337165,0.9740877540547399,0.9666813382180881,0.9641103967402646,0.9705220091419445,1.0,0.9877170314142443,0.9833632519744122,0.9026965799560361,0.8954481237607826,0.6101780943780735,0.964692640227169,0.911231836914798,0.05874923698860832,-0.1767117993010488,0.9414227051585575,0.8787815359653464,0.966013559039476,0.957833563080024,0.9340175813294991,0.9597707310881304,0.9537380095912088,0.9422399961023715,0.9676091136910154,0.980819871465432,0.9659650451902376],[0.9997408148910888,0.9977178604782696,0.9803632955981856,0.9958861804213425,0.9556723922537914,0.9878169577136844,0.9757787507816159,0.9826839039201954,0.9763886554889173,0.995776840947085,0.9955930221911057,0.9956963329792037,0.9905281890979871,0.9916777827002148,0.995694517948934,0.9877170314142443,1.0,0.9829447378451973,0.9149046214151142,0.932489414036945,0.5314672707563475,0.9883220491979023,0.9269820797444844,-0.12790240669936898,0.4669716752284768,0.917337821780069,0.8967689303193908,0.969808426740707,0.9588040003938586,0.945647943722262,0.9747011331599921,0.9473260107041788,0.9137026108913794,0.9750716601357144,0.9886718246045694,0.965702557695207],[0.9853374601312046,0.9797552300030142,0.9387378857466936,0.9733284130509652,0.9014020750125984,0.9830698440495317,0.9538000572339749,0.999891045191393,0.9834193968515174,0.9733982997166202,0.9688656614373411,0.9726807992666774,0.953018089488089,0.9512764017284027,0.9690604227237052,0.9833632519744122,0.9829447378451973,1.0,0.9321979600094026,0.9375595028824965,0.6000605411035435,0.9565035253857296,0.9105938356416354,0.14823574494348526,-0.2716021105864723,0.9176906316611091,0.8462103318672654,0.9479657812095055,0.9789852754887661,0.9595422645827765,0.9656022342455953,0.9662389149756117,0.936436961010133,0.965701688928996,0.9588135271506283,0.9712254599494617],[0.8934821011964463,0.9107258946972684,0.8337255725069845,0.8722603746890745,0.7880556292385291,0.8997790625550869,0.8591835495411527,0.9293578513250415,0.9021017446780721,0.8738695129579905,0.8913219320413993,0.8809208482218507,0.866980094842494,0.8505586665177032,0.8917292618069376,0.9026965799560361,0.9149046214151142,0.9321979600094026,1.0,0.8364442142283779,0.6809247878995619,0.8415122437771911,0.8102360878117927,0.23590318775983485,-0.15504986639227444,0.8638689426325725,0.7184548523214007,0.8574827697428559,0.897253635244881,0.8656559454451271,0.8527679191162337,0.8776356384143567,0.863342643965762,0.8594347643819922,0.8711746988022012,0.8973519889698359],[0.9113192205618219,0.9014505397440271,0.7991539601101364,0.8888320063727111,0.7561847011297462,0.871431412092322,0.7901833502261174,0.9313425460995731,0.8656871370414045,0.890100673100012,0.9186326531900598,0.9070390756363792,0.8999140985909968,0.9101213831656587,0.9192468656271908,0.8954481237607826,0.932489414036945,0.9375595028824965,0.8364442142283779,1.0,0.8171411760625293,0.8365363185755489,0.8660849775722353,0.613770707448821,-0.5133569691208802,0.7287642555436117,0.7834224112372226,0.8161808963018384,0.9609751013353731,0.9396077044091777,0.891191491343995,0.9489446581397787,0.904539850464951,0.9006295085904171,0.848140644081796,0.8869819888103918],[0.6563055255755165,0.6798209349334365,0.5061289369797225,0.613320803760698,0.4478920066101827,0.627634784976283,0.5128469873836381,0.6034930671062054,0.5173832189822047,0.609004323354077,0.4674648443204901,0.5402647479698788,0.3733250604183577,0.2266035057350484,0.4676272169659602,0.6101780943780735,0.5314672707563475,0.6000605411035435,0.6809247878995619,0.8171411760625293,1.0,0.5458991405416125,0.6648959493693722,0.7224102972631695,-0.11586640748547694,0.5268137354101868,0.5240044313523521,0.5850117440831712,0.7615584535643096,0.6874079799055121,0.5903868252898359,0.7231315206003578,0.7458992211000124,0.641232209316404,0.602052924529533,0.6574613493217449],[0.9839631718107911,0.971126186019138,0.9916199296720128,0.9942114019505197,0.9810684972684638,0.9673612258031958,0.9617068463965833,0.9584613523503667,0.9673573925030087,0.9944172306850005,0.9973934927373647,0.996447403931973,0.9914577330589057,0.9889518095443425,0.9972042578735267,0.964692640227169,0.9883220491979023,0.9565035253857296,0.8415122437771911,0.8365363185755489,0.5458991405416125,1.0,0.9225752028667508,0.21681136206007817,-0.2514890078933727,0.874558398256535,0.9465968200401347,0.967384406957739,0.913047818541949,0.9279059457028211,0.9746063889768041,0.9193562344216193,0.8764444304170567,0.9623190550817384,0.962475806143098,0.9265523391788574],[0.9414205434960173,0.9253816471167636,0.930940006457184,0.9447687039828885,0.9152735167800954,0.9160409781916921,0.9179649964481214,0.9072298623852217,0.9269477878687515,0.9449275181505533,0.9340003857424526,0.9429866180212054,0.9270929984754307,0.9206617333852739,0.9340604679868995,0.911231836914798,0.9269820797444844,0.9105938356416354,0.8102360878117927,0.8660849775722353,0.6648959493693722,0.9225752028667508,1.0,0.26495655982170935,-0.1784901748538788,0.7391863552214655,0.8989551100923393,0.909349142800891,0.898818984686685,0.8664954770991794,0.9426966449713652,0.876597652217238,0.8415080470540398,0.9365788864217527,0.89812810480716,0.8715154162030464],[0.32456710922128806,0.32349984713386276,0.1490851617979124,0.28833627765879416,0.11122806094118118,0.2087272676176952,0.071854357036516,0.18527863877591466,0.04596732710851842,0.29306622999614995,-0.18788849323831247,0.02138812648661655,-0.4342208465244637,-0.7399350778928424,-0.18542646544810892,0.05874923698860832,-0.12790240669936898,0.14823574494348526,0.23590318775983485,0.613770707448821,0.7224102972631695,0.21681136206007817,0.26495655982170935,1.0,-0.3791960596653671,0.24235985340561897,0.18278578216145264,0.14833507614758445,0.4404896997033125,0.42861919676013827,0.2641084389619278,0.4530771706595492,0.38725374491344416,0.30049009851311265,0.2188205858763935,0.33814338631069013],[-0.2776463364857752,-0.2136275863983012,-0.1938332412494153,-0.263932334867179,-0.17771659989714386,-0.20812269914152137,-0.14718178982938804,-0.2983406678182226,-0.22050140693232925,-0.2634038685733657,0.4436116390581121,-0.14900893877574806,0.46681806544940285,0.44420319095899563,0.4460059122734486,-0.1767117993010488,0.4669716752284768,-0.2716021105864723,-0.15504986639227444,-0.5133569691208802,-0.11586640748547694,-0.2514890078933727,-0.1784901748538788,-0.3791960596653671,1.0,-0.15162193778183033,-0.22255423870544933,-0.17305003223867846,-0.37799267525123703,-0.36438265646966583,-0.2949026009630929,-0.33590984859139855,-0.20727251576558586,-0.3280889202974597,-0.1724261841842764,-0.3016352166707222],[0.9044369441622206,0.884881885293809,0.8735532978281213,0.8935232442912212,0.8312217439578653,0.9351430198298735,0.8959947477192155,0.9131879327501153,0.8927008584397608,0.8938810962324226,0.8868286585585929,0.902703081733385,0.8605280126470017,0.8304762690372264,0.8872141503303567,0.9414227051585575,0.917337821780069,0.9176906316611091,0.8638689426325725,0.7287642555436117,0.5268137354101868,0.874558398256535,0.7391863552214655,0.24235985340561897,-0.15162193778183033,1.0,0.7674962184911495,0.894541415667882,0.8306951353284835,0.874338203368631,0.8423364794551729,0.8803963998714237,0.8721207818180513,0.8706111715308588,0.8775339807991852,0.907341144782023],[0.9179335723785426,0.9153663725084835,0.9541397157700459,0.9357764375958465,0.9633451448491558,0.8908453063429382,0.9051076831635481,0.8515685815566711,0.8730130997799573,0.9343644695672484,0.912730282587936,0.9230334225014529,0.92573201141508,0.926486558291074,0.9117242389388849,0.8787815359653464,0.8967689303193908,0.8462103318672654,0.7184548523214007,0.7834224112372226,0.5240044313523521,0.9465968200401347,0.8989551100923393,0.18278578216145264,-0.22255423870544933,0.7674962184911495,1.0,0.8854169864265792,0.8367124496750795,0.839327910085726,0.9106484011027492,0.8303113060595593,0.7866242326075903,0.8910182872173159,0.896912549233456,0.8514810970254986],[0.9647361990600022,0.9640656619819348,0.9629630192676775,0.9665642153227878,0.9389530496173814,0.9684907174191715,0.9638711113951849,0.9481408617384142,0.9687822071368044,0.9653266557924913,0.9654581955122137,0.9612008159972762,0.9604984235170589,0.9552612067249949,0.9652191116713367,0.966013559039476,0.969808426740707,0.9479657812095055,0.8574827697428559,0.8161808963018384,0.5850117440831712,0.967384406957739,0.909349142800891,0.14833507614758445,-0.17305003223867846,0.894541415667882,0.8854169864265792,1.0,0.9098630067352321,0.8998017061621725,0.9514443125406297,0.8975843571596951,0.8843718493171187,0.9540331883178493,0.9764535711590573,0.9051005813031894],[0.9679259835829221,0.9500753506192876,0.887263493059901,0.9505424590895333,0.8430892811363837,0.9547411184850789,0.8948511921243567,0.9784808685575977,0.9360337819773265,0.9501407432878575,0.9373040458946884,0.9420253072792617,0.906270523086303,0.8972071643874419,0.9374393512666042,0.957833563080024,0.9588040003938586,0.9789852754887661,0.897253635244881,0.9609751013353731,0.7615584535643096,0.913047818541949,0.898818984686685,0.4404896997033125,-0.37799267525123703,0.8306951353284835,0.8367124496750795,0.9098630067352321,1.0,0.9866767910795078,0.9527966625020307,0.9909972083901835,0.9552670126272876,0.9588424876684503,0.9117683789683124,0.9659060657363864],[0.9617757561018594,0.9502893465494643,0.8887286688082823,0.9514227880347019,0.8525643410555267,0.936367190948106,0.8736694900223027,0.959997553935638,0.9111314440723273,0.9505482903918948,0.9335124696882106,0.940541921058141,0.8977131585332894,0.89023788810055,0.9339512299178052,0.9340175813294991,0.945647943722262,0.9595422645827765,0.8656559454451271,0.9396077044091777,0.6874079799055121,0.9279059457028211,0.8664954770991794,0.42861919676013827,-0.36438265646966583,0.874338203368631,0.839327910085726,0.8998017061621725,0.9866767910795078,1.0,0.9486466637008257,0.9851714697518578,0.9565072251587543,0.9438033451078174,0.9253230953180492,0.9648956779789117],[0.9816275295308561,0.9739499940718669,0.963607395671789,0.9832537543709972,0.9433794231867169,0.962835046835976,0.9470766113274989,0.9673089935050023,0.9660316768550291,0.9825212113656538,0.976279709993085,0.9797792797629191,0.961635847039332,0.957178427707785,0.9762786170009969,0.9597707310881304,0.9747011331599921,0.9656022342455953,0.8527679191162337,0.891191491343995,0.5903868252898359,0.9746063889768041,0.9426966449713652,0.2641084389619278,-0.2949026009630929,0.8423364794551729,0.9106484011027492,0.9514443125406297,0.9527966625020307,0.9486466637008257,1.0,0.9464315943091521,0.9030034344795109,0.9780651203031326,0.9680453380551495,0.9481177681391977],[0.9645060755449166,0.9512735042919594,0.8863718437258495,0.9475781456555918,0.8433571738306546,0.9525179782822155,0.8924030270585113,0.967386653986569,0.925064860071154,0.9469177276972347,0.9249853615862274,0.9363441755533226,0.8930336031184013,0.894572455358412,0.9254498512010835,0.9537380095912088,0.9473260107041788,0.9662389149756117,0.8776356384143567,0.9489446581397787,0.7231315206003578,0.9193562344216193,0.876597652217238,0.4530771706595492,-0.33590984859139855,0.8803963998714237,0.8303113060595593,0.8975843571596951,0.9909972083901835,0.9851714697518578,0.9464315943091521,1.0,0.9743993679061802,0.9480967203601295,0.9352866920544037,0.9638536307420312],[0.9300484290140731,0.9292923576266334,0.8520830927906069,0.9092946949791134,0.8015612599721518,0.9440354844370527,0.8887768399273435,0.93684214933115,0.9005640495309801,0.9079098915513858,0.8778899154125589,0.8990969015621445,0.8304664294138554,0.8056595571439603,0.8782651374430175,0.9422399961023715,0.9137026108913794,0.936436961010133,0.863342643965762,0.904539850464951,0.7458992211000124,0.8764444304170567,0.8415080470540398,0.38725374491344416,-0.20727251576558586,0.8721207818180513,0.7866242326075903,0.8843718493171187,0.9552670126272876,0.9565072251587543,0.9030034344795109,0.9743993679061802,1.0,0.90688383610482,0.9192569570461195,0.949563643397179],[0.982124658975507,0.9733521728088003,0.94707532260358,0.9764643205657382,0.917256608736434,0.9656292436691241,0.9380758776108606,0.9664732472283815,0.9577386603250516,0.9757112963442556,0.9667019910915456,0.9719161842124787,0.9545737070829313,0.952081775405363,0.9665713683133241,0.9676091136910154,0.9750716601357144,0.965701688928996,0.8594347643819922,0.9006295085904171,0.641232209316404,0.9623190550817384,0.9365788864217527,0.30049009851311265,-0.3280889202974597,0.8706111715308588,0.8910182872173159,0.9540331883178493,0.9588424876684503,0.9438033451078174,0.9780651203031326,0.9480967203601295,0.90688383610482,1.0,0.9617536570270604,0.9489993158641756],[0.9783342428923371,0.9707476472125708,0.9675298170050434,0.9763997130260476,0.9415171519733282,0.9816584698395164,0.9731051054949059,0.9608127508698214,0.9760633616577604,0.9755773149931547,0.9828517514737597,0.9755817156235272,0.9753848337941526,0.9739181936159023,0.9829286515751563,0.980819871465432,0.9886718246045694,0.9588135271506283,0.8711746988022012,0.848140644081796,0.602052924529533,0.962475806143098,0.89812810480716,0.2188205858763935,-0.1724261841842764,0.8775339807991852,0.896912549233456,0.9764535711590573,0.9117683789683124,0.9253230953180492,0.9680453380551495,0.9352866920544037,0.9192569570461195,0.9617536570270604,1.0,0.9307325034831276],[0.9598183345816487,0.9550427284759405,0.9118714578334259,0.947808416016988,0.8731732768506218,0.9622082015520873,0.9203176126659323,0.970283582171971,0.936087691962261,0.9466210373372236,0.943568399882505,0.9493500381687866,0.9336182614296389,0.9318275323417932,0.9443139738762416,0.9659650451902376,0.965702557695207,0.9712254599494617,0.8973519889698359,0.8869819888103918,0.6574613493217449,0.9265523391788574,0.8715154162030464,0.33814338631069013,-0.3016352166707222,0.907341144782023,0.8514810970254986,0.9051005813031894,0.9659060657363864,0.9648956779789117,0.9481177681391977,0.9638536307420312,0.949563643397179,0.9489993158641756,0.9307325034831276,1.0]],"x":["^TAIEX       \u81fa\u7063\u52a0\u6b0a\u5831\u916c\u6307\u6578","^TWII        \u81fa\u7063\u52a0\u6b0a\u6307\u6578","^TAIEXx2     \u81fa\u7063\u52a0\u6b0a\u5831\u916c\u6307\u6578_\u65e5\u6b632","^TAI50I      \u81fa\u706350\u5831\u916c\u6307\u6578","^TAI50Ix2    \u81fa\u706350\u5831\u916c\u6307\u6578_\u65e5\u6b632","^TAI100I     \u81fa\u7063\u4e2d\u578b100\u5831\u916c\u6307\u6578","^TAI100Ix2   \u81fa\u7063\u4e2d\u578b100\u5831\u916c\u6307\u6578_\u65e5\u6b632","^TAIDIVIDI   \u81fa\u7063\u9ad8\u80a1\u606f\u5831\u916c\u6307\u6578","^TAIDIVIDIx2 \u81fa\u7063\u9ad8\u80a1\u606f\u5831\u916c\u6307\u6578_\u65e5\u6b632","0050Fund     \u5143\u5927\u53f0\u7063\u5353\u8d8a50\u57fa\u91d1","006208Fund   \u5bcc\u90a6\u53f0\u7063\u91c6\u540950\u57fa\u91d1","0050         \u5143\u5927\u81fa\u706350","00631L       \u5143\u5927\u53f0\u706350\u6b632","00675L       \u5bcc\u90a6\u81fa\u7063\u52a0\u6b0a\u6b632","006208       \u5bcc\u90a6\u53f050","0051         \u5143\u5927\u4e2d\u578b100","006204       \u6c38\u8c50\u81fa\u7063\u52a0\u6b0a","0056         \u5143\u5927\u9ad8\u80a1\u606f","0056         \u5143\u5927\u9ad8\u80a1\u606f_\u80a1\u606f\u4e0d\u6295\u5165","2412         \u4e2d\u83ef\u96fb\u4fe1","2002         \u4e2d\u92fc","2330         \u53f0\u7a4d\u96fb","2317         \u9d3b\u6d77","6505         \u53f0\u5851\u77f3\u5316","3481         \u7fa4\u5275","2303         \u806f\u96fb","2308         \u53f0\u9054\u96fb","2454         \u806f\u767c\u79d1","2886         \u5146\u8c50\u91d1","2884         \u7389\u5c71\u91d1","2891         \u4e2d\u4fe1\u91d1","2892         \u7b2c\u4e00\u91d1","5880         \u5408\u5eab\u91d1","2881         \u5bcc\u90a6\u91d1","2885         \u5143\u5927\u91d1","2887         \u53f0\u65b0\u91d1"],"y":["^TAIEX       \u81fa\u7063\u52a0\u6b0a\u5831\u916c\u6307\u6578","^TWII        \u81fa\u7063\u52a0\u6b0a\u6307\u6578","^TAIEXx2     \u81fa\u7063\u52a0\u6b0a\u5831\u916c\u6307\u6578_\u65e5\u6b632","^TAI50I      \u81fa\u706350\u5831\u916c\u6307\u6578","^TAI50Ix2    \u81fa\u706350\u5831\u916c\u6307\u6578_\u65e5\u6b632","^TAI100I     \u81fa\u7063\u4e2d\u578b100\u5831\u916c\u6307\u6578","^TAI100Ix2   \u81fa\u7063\u4e2d\u578b100\u5831\u916c\u6307\u6578_\u65e5\u6b632","^TAIDIVIDI   \u81fa\u7063\u9ad8\u80a1\u606f\u5831\u916c\u6307\u6578","^TAIDIVIDIx2 \u81fa\u7063\u9ad8\u80a1\u606f\u5831\u916c\u6307\u6578_\u65e5\u6b632","0050Fund     \u5143\u5927\u53f0\u7063\u5353\u8d8a50\u57fa\u91d1","006208Fund   \u5bcc\u90a6\u53f0\u7063\u91c6\u540950\u57fa\u91d1","0050         \u5143\u5927\u81fa\u706350","00631L       \u5143\u5927\u53f0\u706350\u6b632","00675L       \u5bcc\u90a6\u81fa\u7063\u52a0\u6b0a\u6b632","006208       \u5bcc\u90a6\u53f050","0051         \u5143\u5927\u4e2d\u578b100","006204       \u6c38\u8c50\u81fa\u7063\u52a0\u6b0a","0056         \u5143\u5927\u9ad8\u80a1\u606f","0056         \u5143\u5927\u9ad8\u80a1\u606f_\u80a1\u606f\u4e0d\u6295\u5165","2412         \u4e2d\u83ef\u96fb\u4fe1","2002         \u4e2d\u92fc","2330         \u53f0\u7a4d\u96fb","2317         \u9d3b\u6d77","6505         \u53f0\u5851\u77f3\u5316","3481         \u7fa4\u5275","2303         \u806f\u96fb","2308         \u53f0\u9054\u96fb","2454         \u806f\u767c\u79d1","2886         \u5146\u8c50\u91d1","2884         \u7389\u5c71\u91d1","2891         \u4e2d\u4fe1\u91d1","2892         \u7b2c\u4e00\u91d1","5880         \u5408\u5eab\u91d1","2881         \u5bcc\u90a6\u91d1","2885         \u5143\u5927\u91d1","2887         \u53f0\u65b0\u91d1"],"zmin":-1,"zmax":1,"colorbar":{"x":-0.2}}],"layout":{"autotypenumbers":"strict","colorway":["#636efa","#EF553B","#00cc96","#ab63fa","#FFA15A","#19d3f3","#FF6692","#B6E880","#FF97FF","#FECB52"],"font":{"color":"#f2f5fa","family":"Courier New"},"hovermode":"closest","hoverlabel":{"align":"left"},"paper_bgcolor":"rgb(17,17,17)","plot_bgcolor":"rgb(17,17,17)","polar":{"bgcolor":"rgb(17,17,17)","angularaxis":{"gridcolor":"#506784","linecolor":"#506784","ticks":""},"radialaxis":{"gridcolor":"#506784","linecolor":"#506784","ticks":""}},"ternary":{"bgcolor":"rgb(17,17,17)","aaxis":{"gridcolor":"#506784","linecolor":"#506784","ticks":""},"baxis":{"gridcolor":"#506784","linecolor":"#506784","ticks":""},"caxis":{"gridcolor":"#506784","linecolor":"#506784","ticks":""}},"coloraxis":{"colorbar":{"outlinewidth":0,"ticks":""}},"colorscale":{"sequential":[[0.0,"#0d0887"],[0.1111111111111111,"#46039f"],[0.2222222222222222,"#7201a8"],[0.3333333333333333,"#9c179e"],[0.4444444444444444,"#bd3786"],[0.5555555555555556,"#d8576b"],[0.6666666666666666,"#ed7953"],[0.7777777777777778,"#fb9f3a"],[0.8888888888888888,"#fdca26"],[1.0,"#f0f921"]],"sequentialminus":[[0.0,"#0d0887"],[0.1111111111111111,"#46039f"],[0.2222222222222222,"#7201a8"],[0.3333333333333333,"#9c179e"],[0.4444444444444444,"#bd3786"],[0.5555555555555556,"#d8576b"],[0.6666666666666666,"#ed7953"],[0.7777777777777778,"#fb9f3a"],[0.8888888888888888,"#fdca26"],[1.0,"#f0f921"]],"diverging":[[0,"#8e0152"],[0.1,"#c51b7d"],[0.2,"#de77ae"],[0.3,"#f1b6da"],[0.4,"#fde0ef"],[0.5,"#f7f7f7"],[0.6,"#e6f5d0"],[0.7,"#b8e186"],[0.8,"#7fbc41"],[0.9,"#4d9221"],[1,"#276419"]]},"xaxis":{"gridcolor":"rgba(0, 0, 0, 0)","linecolor":"#506784","ticks":"","title":{"standoff":15},"zerolinecolor":"#283442","automargin":true,"zerolinewidth":2,"tickfont":{"family":"Courier New","size":14},"side":"top","tickangle":-90},"yaxis":{"gridcolor":"rgba(0, 0, 0, 0)","linecolor":"#506784","ticks":"","title":{"standoff":15},"zerolinecolor":"#283442","automargin":true,"zerolinewidth":2,"tickfont":{"family":"Courier New"},"side":"right"},"scene":{"xaxis":{"backgroundcolor":"rgb(17,17,17)","gridcolor":"#506784","linecolor":"#506784","showbackground":true,"ticks":"","zerolinecolor":"#C8D4E3","gridwidth":2},"yaxis":{"backgroundcolor":"rgb(17,17,17)","gridcolor":"#506784","linecolor":"#506784","showbackground":true,"ticks":"","zerolinecolor":"#C8D4E3","gridwidth":2},"zaxis":{"backgroundcolor":"rgb(17,17,17)","gridcolor":"#506784","linecolor":"#506784","showbackground":true,"ticks":"","zerolinecolor":"#C8D4E3","gridwidth":2}},"shapedefaults":{"line":{"color":"#f2f5fa"}},"annotationdefaults":{"arrowcolor":"#f2f5fa","arrowhead":0,"arrowwidth":1},"geo":{"bgcolor":"rgb(17,17,17)","landcolor":"rgb(17,17,17)","subunitcolor":"#506784","showland":true,"showlakes":true,"lakecolor":"rgb(17,17,17)"},"title":{"x":0.05,"font":{"family":"Times New Roman"},"y":0.05,"text":"<b>Correlation of Adj Close<b><br><i>2016-09-23 ~ 2026-03-04<i>"},"updatemenudefaults":{"bgcolor":"#506784","borderwidth":0},"sliderdefaults":{"bgcolor":"#C8D4E3","borderwidth":1,"bordercolor":"rgb(17,17,17)","tickwidth":0},"mapbox":{"style":"dark"},"annotations":[{"text":"<b>@zwindr<b>","textangle":0,"opacity":0.5,"font":{"color":"white","size":12},"xref":"paper","yref":"paper","xanchor":"left","yanchor":"bottom","x":1.0,"y":1.0,"showarrow":false}]},"config":{"responsive":true,"toImageButtonOptions":{"filename":"Correlation of Adj Close_2016-09-23~2026-03-04","scale":5}}};Plotly.newPlot("correlationAdjClose",correlationAdjClose.data,correlationAdjClose.layout||{},correlationAdjClose.config);}else{console.log("style display is none => correlationAdjClose");}