var element=document.getElementById("correlationAdjClose");if(element.style.display!='none'){var correlationAdjClose={"data":[{"type":"heatmap","z":[[1.0,0.9942103075385992,0.9771781459913964,0.9975622664179011,0.9643442046643916,0.9820758619344506,-0.9452946802798191,0.9900878963574619,0.9712656718102398,0.9971593378909859,0.9971404420708286,0.9976307064043757,0.9935319414720628,0.9942312958460346,0.9971655502533134,0.9843613741062209,0.9996807392486236,0.9900687766434504,0.9210714802461765,0.7318233551297705,0.9854190038494293,0.9238267396756613,0.4236079574118915,-0.3036986410203492,0.9006600887480432,0.9682592141219901,0.9562310366105071,0.9803054834998636,0.9650545132485917,0.9759807021868394,0.9724612505422383,0.9455859599456605,0.9804764308189243,0.9713328405892399,0.9544501926224243],[0.9942103075385992,1.0,0.9725418202019384,0.9913659093791161,0.9595844334053445,0.9776888612508843,-0.9406692779680432,0.98137710580718,0.9645755000120994,0.9952117291997352,0.9950538359098119,0.9943654675546167,0.9925836789327909,0.9919342933685958,0.9950293110806542,0.9786307977108161,0.9967812680397832,0.9840066768001104,0.9104325802784109,0.7451087167803108,0.9674894697848111,0.9038920430213558,0.4231033699637384,-0.22955496342699855,0.8756585823994159,0.9565553089895276,0.9555716237826789,0.958878046408734,0.951459249867258,0.9658840478487731,0.9571951472493414,0.9437394469919648,0.969639608291944,0.9616108175868977,0.9485404968982895],[0.9771781459913964,0.9725418202019384,1.0,0.9836404611212813,0.9958677462675349,0.9787020739086653,-0.9765128077873638,0.9697434444751005,0.9838224982485457,0.9892361112722307,0.9899244628971029,0.9864636068331536,0.9969791774092476,0.9967699397149973,0.989677349223739,0.9771541966521726,0.9878558815395514,0.969542570351298,0.8295946103652607,0.6193692660635503,0.9906773617367973,0.9162395880956398,0.25753491623589064,-0.22759468229232294,0.9030361126688707,0.9446385669434789,0.980163578198031,0.9303498886712572,0.9140698022594222,0.9657476809066967,0.9207849626093924,0.9058639176108569,0.9672205728722225,0.9743518149520185,0.9226284307499962],[0.9975622664179011,0.9913659093791161,0.9836404611212813,1.0,0.9765214293344949,0.9743188693520088,-0.9405349547147481,0.9841232647578823,0.9686844707489295,0.9999722618367746,0.9999898319151656,0.9999583775308399,0.9917254259245316,0.9897347495633789,0.9999441980000355,0.9739527368241946,0.9960300347307811,0.9838905646444862,0.9068079332531325,0.7003636731253248,0.9934922019910388,0.9257958035440012,0.39757375357187713,-0.29479630955792724,0.8975336940332301,0.9659524148111357,0.962558724131637,0.9709722406332894,0.9621344095295721,0.9784693435269075,0.9625094021457465,0.9339706162028575,0.9784869918903237,0.9699705390558829,0.94552647494304],[0.9643442046643916,0.9595844334053445,0.9958677462675349,0.9765214293344949,1.0,0.9578318022869766,-0.9580643866124189,0.9536376395264843,0.9708049655336821,0.9850026962056239,0.9857459272231738,0.981756593042239,0.9858789315674789,0.9823030088809903,0.9853594847213955,0.9551380103037272,0.9754012333694919,0.9532822012033778,0.8082276495979658,0.581594597028377,0.989551745468961,0.91234832401088,0.2307822283953718,-0.22033141040730844,0.8821280363960697,0.9343319650920847,0.9771719164671989,0.909330188756252,0.8999632664222723,0.9598194488563228,0.8986378301205158,0.8786787076992291,0.9563918461578488,0.962131814290064,0.8979524500877752],[0.9820758619344506,0.9776888612508843,0.9787020739086653,0.9743188693520088,0.9578318022869766,1.0,-0.9813054532609481,0.9811271458906876,0.9804961662630212,0.9692988835718959,0.9696054016979256,0.9723261293303589,0.9774362433817824,0.9754489111930538,0.9694478706356682,0.9999028557525774,0.9864033044889171,0.9821685935763018,0.864615799068483,0.6986943235680345,0.9677100345300153,0.8949353193429538,0.2913831851895024,-0.21736768124334485,0.9353984770467199,0.9495374172314428,0.9606849656600381,0.9584187893223216,0.929777603308999,0.9528819172135201,0.952686789438529,0.9549951276699613,0.9580806237984927,0.9770879506304063,0.955385831881551],[-0.9452946802798191,-0.9406692779680432,-0.9765128077873638,-0.9405349547147481,-0.9580643866124189,-0.9813054532609481,1.0,-0.9530555930724345,-0.9839619650467728,-0.9502057258255815,-0.9513548385948339,-0.9469000624055058,-0.9750738777422328,-0.9766208190938526,-0.9510139601592257,-0.9842711273318836,-0.9660029609084396,-0.955914570120113,-0.7797625643578951,-0.5966442920933224,-0.9453878331219463,-0.8872134593274213,-0.14990087706106064,0.1529758685353881,-0.9030135024108963,-0.9131124781577223,-0.959016978766976,-0.901489935332593,-0.8629968608516678,-0.9277807125052363,-0.893174966428972,-0.9097902430714465,-0.9282165165226222,-0.9649452866903034,-0.9099259247298477],[0.9900878963574619,0.98137710580718,0.9697434444751005,0.9841232647578823,0.9536376395264843,0.9811271458906876,-0.9530555930724345,1.0,0.9828836766384265,0.9799584914353339,0.979882096514119,0.9830911852151085,0.9763379661628503,0.9754599408294347,0.9799297150327294,0.9830113454152304,0.98782504749042,0.999873045149132,0.9250701654103005,0.6660343326897171,0.9735543752851111,0.8972388397353226,0.27861099130878697,-0.3120600885024535,0.9053865848093379,0.9452824032533657,0.9392458856365468,0.9781981058629946,0.9537794391187304,0.9682087857663462,0.9635589700467838,0.9364263333395193,0.9601771319915064,0.95845567961838,0.9654112576483274],[0.9712656718102398,0.9645755000120994,0.9838224982485457,0.9686844707489295,0.9708049655336821,0.9804961662630212,-0.9839619650467728,0.9828836766384265,1.0,0.9642886903030372,0.9649054162243699,0.9668172423164305,0.973812576814959,0.9709758746238999,0.9646888177952326,0.9795809500980941,0.9713328023743012,0.9822037224250683,0.8537504331905713,0.5900984719531891,0.9683683048305652,0.9091016227982935,0.1366302617387518,-0.23195707746746366,0.8861972220831612,0.9273515262569801,0.961441501314801,0.9348282386322012,0.8984004912716875,0.9574333057687741,0.9182447641025882,0.904045717248146,0.9470685434705617,0.9703139430566053,0.9235137258468826],[0.9971593378909859,0.9952117291997352,0.9892361112722307,0.9999722618367746,0.9850026962056239,0.9692988835718959,-0.9502057258255815,0.9799584914353339,0.9642886903030372,1.0,0.9999880517668849,0.9999826815388203,0.9915772970736735,0.9895557740125432,0.9999495887081273,0.969614442848295,0.9956420249888711,0.9808634018174895,0.9327717623367204,0.6165862023115085,0.9967923484351985,0.9051257715544807,-0.04561319480389867,0.42169975144565247,0.9114123588230001,0.9460864390854491,0.9675900211105811,0.9624466304218646,0.9450903600515962,0.9669547991993455,0.9426377327624547,0.9191233687336795,0.9664808923236349,0.9806231814402574,0.9417704765383217],[0.9971404420708286,0.9950538359098119,0.9899244628971029,0.9999898319151656,0.9857459272231738,0.9696054016979256,-0.9513548385948339,0.979882096514119,0.9649054162243699,0.9999880517668849,1.0,0.9999723097383652,0.9917523519370622,0.9897283133924211,0.9999534780167842,0.9698904157040492,0.9956796584426651,0.9807564819700523,0.9320097771546489,0.6127010478105948,0.9970771928943651,0.9044499651562236,-0.060407087683917074,0.41715792314268524,0.9105743956646679,0.9458182360829189,0.9684354115979525,0.9619485536736118,0.9438596550132481,0.967066119915728,0.9416290190632117,0.9178061315300612,0.9666663186056488,0.9811129628103498,0.941044788936608],[0.9976307064043757,0.9943654675546167,0.9864636068331536,0.9999583775308399,0.981756593042239,0.9723261293303589,-0.9469000624055058,0.9830911852151085,0.9668172423164305,0.9999826815388203,0.9999723097383652,1.0,0.9915492005252189,0.989488899248882,0.999962757933761,0.9726170659536787,0.9958275060163319,0.983561024940467,0.9233172170600505,0.6651604005692606,0.9959889573430871,0.9203680065957698,0.15392468906738685,-0.19691895452136357,0.9197566604689803,0.9564643994592619,0.9577699485801598,0.9655139380767429,0.9532406246302377,0.9733154386223696,0.9532757679694343,0.9321763591770778,0.973395516061603,0.9684326567114022,0.950682697079476],[0.9935319414720628,0.9925836789327909,0.9969791774092476,0.9917254259245316,0.9858789315674789,0.9774362433817824,-0.9750738777422328,0.9763379661628503,0.973812576814959,0.9915772970736735,0.9917523519370622,0.9915492005252189,1.0,0.9996988627552914,0.9917216788075492,0.9780562084960749,0.9938366628333021,0.9775803511299852,0.9157231851940144,0.5537690291632581,0.9865555534802218,0.896843059526398,-0.3413105025232045,0.44267437731302867,0.9009894823419321,0.9409594557074087,0.9785163056244501,0.9459760135473274,0.9083311457504091,0.9484457894408161,0.9171215178406258,0.889587363594691,0.9649462623934014,0.980330185051268,0.9340292850177446],[0.9942312958460346,0.9919342933685958,0.9967699397149973,0.9897347495633789,0.9823030088809903,0.9754489111930538,-0.9766208190938526,0.9754599408294347,0.9709758746238999,0.9895557740125432,0.9897283133924211,0.989488899248882,0.9996988627552914,1.0,0.9898203240053591,0.9760991125642025,0.9943807295703654,0.9769394676843202,0.9233305490977939,0.43024687102451675,0.9815224935270991,0.8866154759315583,-0.7221883709834115,0.41880814939911654,0.8727958341808513,0.9367231550666516,0.9778633011504431,0.9389204963000393,0.8918967590152045,0.9397516372250823,0.9149226356419261,0.8684342996827326,0.9670342442944238,0.9786805365667972,0.9262576895335862],[0.9971655502533134,0.9950293110806542,0.989677349223739,0.9999441980000355,0.9853594847213955,0.9694478706356682,-0.9510139601592257,0.9799297150327294,0.9646888177952326,0.9999495887081273,0.9999534780167842,0.999962757933761,0.9917216788075492,0.9898203240053591,1.0,0.9697998047432351,0.9956812018427621,0.9808405474528078,0.9327656466621944,0.6129164332781052,0.9969030389009383,0.9046362391409815,-0.058553155213263326,0.4170651270101933,0.9103410259315307,0.9443839581131418,0.9678326885594251,0.9622933137694885,0.9444657536499763,0.9670568246032195,0.9423107921183344,0.9183717935282109,0.9665690173254509,0.9810253767646754,0.9414691055448225],[0.9843613741062209,0.9786307977108161,0.9771541966521726,0.9739527368241946,0.9551380103037272,0.9999028557525774,-0.9842711273318836,0.9830113454152304,0.9795809500980941,0.969614442848295,0.9698904157040492,0.9726170659536787,0.9780562084960749,0.9760991125642025,0.9697998047432351,1.0,0.9867494638035463,0.9823173417014317,0.8883223556750558,0.696620373335191,0.9660730301997608,0.8902623736574392,0.15690576194438124,-0.19631725742510975,0.9436353031169318,0.9480186180181758,0.9574925318009309,0.9617957698673145,0.9268081477244976,0.9494349373341187,0.9536580757762833,0.954349298713214,0.9604578529043927,0.9765695143396476,0.9600678354204555],[0.9996807392486236,0.9967812680397832,0.9878558815395514,0.9960300347307811,0.9754012333694919,0.9864033044889171,-0.9660029609084396,0.98782504749042,0.9713328023743012,0.9956420249888711,0.9956796584426651,0.9958275060163319,0.9938366628333021,0.9943807295703654,0.9956812018427621,0.9867494638035463,1.0,0.988622788001005,0.9383741708965907,0.6576341586880813,0.9889498838924741,0.9005889175962462,-0.005389298456889162,0.4382479214646773,0.931432249438522,0.9501034540853518,0.9660118684499392,0.9751396273057038,0.9489847074715081,0.9650523809182557,0.9574000842989533,0.9424125679488956,0.9722846854986045,0.9852139696244377,0.9633824430638377],[0.9900687766434504,0.9840066768001104,0.969542570351298,0.9838905646444862,0.9532822012033778,0.9821685935763018,-0.955914570120113,0.999873045149132,0.9822037224250683,0.9808634018174895,0.9807564819700523,0.983561024940467,0.9775803511299852,0.9769394676843202,0.9808405474528078,0.9823173417014317,0.988622788001005,1.0,0.9313546014460427,0.6644824243751561,0.9724612890618393,0.9019055427439255,0.24422000382223372,-0.29375675244285465,0.9107062485693929,0.9427219173489136,0.9392606220721478,0.9786692945648445,0.9531663980130761,0.9666400578973768,0.9620904152775828,0.936281747978832,0.9594726271872919,0.9563888343091201,0.9666092938667498],[0.9210714802461765,0.9104325802784109,0.8295946103652607,0.9068079332531325,0.8082276495979658,0.864615799068483,-0.7797625643578951,0.9250701654103005,0.8537504331905713,0.9327717623367204,0.9320097771546489,0.9233172170600505,0.9157231851940144,0.9233305490977939,0.9327656466621944,0.8883223556750558,0.9383741708965907,0.9313546014460427,1.0,0.8376594743387732,0.8586338598177796,0.8733161223361058,0.6745423723083032,-0.5311739084418245,0.7013901083068278,0.9053529058767115,0.8034845973957899,0.9578302782035947,0.9355551220786725,0.9008964131155911,0.9444739289093494,0.8951817580276626,0.8989244716783463,0.846943466866482,0.880437634860511],[0.7318233551297705,0.7451087167803108,0.6193692660635503,0.7003636731253248,0.581594597028377,0.6986943235680345,-0.5966442920933224,0.6660343326897171,0.5900984719531891,0.6165862023115085,0.6127010478105948,0.6651604005692606,0.5537690291632581,0.43024687102451675,0.6129164332781052,0.696620373335191,0.6576341586880813,0.6644824243751561,0.8376594743387732,1.0,0.6247881604566897,0.7368213413090722,0.7289021268503721,-0.11666202188349904,0.5378505623768175,0.7259302667660901,0.6299301324688766,0.7871217718822658,0.7208498016973854,0.6566226453940791,0.7581908060847371,0.7621487924500836,0.6909667591408672,0.6552937267157385,0.6989586763367834],[0.9854190038494293,0.9674894697848111,0.9906773617367973,0.9934922019910388,0.989551745468961,0.9677100345300153,-0.9453878331219463,0.9735543752851111,0.9683683048305652,0.9967923484351985,0.9970771928943651,0.9959889573430871,0.9865555534802218,0.9815224935270991,0.9969030389009383,0.9660730301997608,0.9889498838924741,0.9724612890618393,0.8586338598177796,0.6247881604566897,1.0,0.8983874064571894,0.3239896301868028,-0.2883563015280027,0.8835261956398236,0.9526706875931985,0.9712739325391789,0.9399797318189124,0.9452608937361355,0.9705396293672949,0.940613281609506,0.9091746205597332,0.9688876834787653,0.9554115437929901,0.9268174432776626],[0.9238267396756613,0.9038920430213558,0.9162395880956398,0.9257958035440012,0.91234832401088,0.8949353193429538,-0.8872134593274213,0.8972388397353226,0.9091016227982935,0.9051257715544807,0.9044499651562236,0.9203680065957698,0.896843059526398,0.8866154759315583,0.9046362391409815,0.8902623736574392,0.9005889175962462,0.9019055427439255,0.8733161223361058,0.7368213413090722,0.8983874064571894,1.0,0.369108583955637,-0.18983753632624067,0.7026862535909681,0.9191762870284443,0.8890885451460923,0.8983041938935815,0.8501396849551521,0.9252412947138076,0.8686137922458346,0.8407805878743199,0.9224412109770322,0.867519309523324,0.8482577770407187],[0.4236079574118915,0.4231033699637384,0.25753491623589064,0.39757375357187713,0.2307822283953718,0.2913831851895024,-0.14990087706106064,0.27861099130878697,0.1366302617387518,-0.04561319480389867,-0.060407087683917074,0.15392468906738685,-0.3413105025232045,-0.7221883709834115,-0.058553155213263326,0.15690576194438124,-0.005389298456889162,0.24422000382223372,0.6745423723083032,0.7289021268503721,0.3239896301868028,0.369108583955637,1.0,-0.39100486470594337,0.2860598548115654,0.3828370206458985,0.20857050093926244,0.5023071085996929,0.49840692494119015,0.35701906766718433,0.5195076310584827,0.4335007378694686,0.3780718408240973,0.2987756211009563,0.4092013897360856],[-0.3036986410203492,-0.22955496342699855,-0.22759468229232294,-0.29479630955792724,-0.22033141040730844,-0.21736768124334485,0.1529758685353881,-0.3120600885024535,-0.23195707746746366,0.42169975144565247,0.41715792314268524,-0.19691895452136357,0.44267437731302867,0.41880814939911654,0.4170651270101933,-0.19631725742510975,0.4382479214646773,-0.29375675244285465,-0.5311739084418245,-0.11666202188349904,-0.2883563015280027,-0.18983753632624067,-0.39100486470594337,1.0,-0.15014659320084173,-0.3232015769388345,-0.17804275203583847,-0.3894883155136559,-0.3789972408103935,-0.3253531969903039,-0.3461324987713191,-0.2047270622274239,-0.3499602022110684,-0.18036675718043987,-0.3172684050317261],[0.9006600887480432,0.8756585823994159,0.9030361126688707,0.8975336940332301,0.8821280363960697,0.9353984770467199,-0.9030135024108963,0.9053865848093379,0.8861972220831612,0.9114123588230001,0.9105743956646679,0.9197566604689803,0.9009894823419321,0.8727958341808513,0.9103410259315307,0.9436353031169318,0.931432249438522,0.9107062485693929,0.7013901083068278,0.5378505623768175,0.8835261956398236,0.7026862535909681,0.2860598548115654,-0.15014659320084173,1.0,0.825721553642219,0.8842713963804921,0.8121821816766442,0.8592364727053189,0.8267450961519844,0.8671292498908949,0.8620232425306669,0.8569400202008826,0.8670656069120161,0.8952481981472523],[0.9682592141219901,0.9565553089895276,0.9446385669434789,0.9659524148111357,0.9343319650920847,0.9495374172314428,-0.9131124781577223,0.9452824032533657,0.9273515262569801,0.9460864390854491,0.9458182360829189,0.9564643994592619,0.9409594557074087,0.9367231550666516,0.9443839581131418,0.9480186180181758,0.9501034540853518,0.9427219173489136,0.9053529058767115,0.7259302667660901,0.9526706875931985,0.9191762870284443,0.3828370206458985,-0.3232015769388345,0.825721553642219,1.0,0.9323997757263848,0.9515538511057506,0.9306471595387265,0.9441395037078879,0.9356810239468952,0.9059012257670338,0.9588574195790142,0.923225245349255,0.912268822107428],[0.9562310366105071,0.9555716237826789,0.980163578198031,0.962558724131637,0.9771719164671989,0.9606849656600381,-0.959016978766976,0.9392458856365468,0.961441501314801,0.9675900211105811,0.9684354115979525,0.9577699485801598,0.9785163056244501,0.9778633011504431,0.9678326885594251,0.9574925318009309,0.9660118684499392,0.9392606220721478,0.8034845973957899,0.6299301324688766,0.9712739325391789,0.8890885451460923,0.20857050093926244,-0.17804275203583847,0.8842713963804921,0.9323997757263848,1.0,0.9051823894672044,0.8851466324997629,0.9395923300513339,0.8863614778822816,0.8846750887707107,0.9456894665121016,0.9714422675981583,0.8849685296009787],[0.9803054834998636,0.958878046408734,0.9303498886712572,0.9709722406332894,0.909330188756252,0.9584187893223216,-0.901489935332593,0.9781981058629946,0.9348282386322012,0.9624466304218646,0.9619485536736118,0.9655139380767429,0.9459760135473274,0.9389204963000393,0.9622933137694885,0.9617957698673145,0.9751396273057038,0.9786692945648445,0.9578302782035947,0.7871217718822658,0.9399797318189124,0.8983041938935815,0.5023071085996929,-0.3894883155136559,0.8121821816766442,0.9515538511057506,0.9051823894672044,1.0,0.9857021152071032,0.9646256474989621,0.9899123604281503,0.9511578342820359,0.9590728032813366,0.9124198202582913,0.9665921392097866],[0.9650545132485917,0.951459249867258,0.9140698022594222,0.9621344095295721,0.8999632664222723,0.929777603308999,-0.8629968608516678,0.9537794391187304,0.8984004912716875,0.9450903600515962,0.9438596550132481,0.9532406246302377,0.9083311457504091,0.8918967590152045,0.9444657536499763,0.9268081477244976,0.9489847074715081,0.9531663980130761,0.9355551220786725,0.7208498016973854,0.9452608937361355,0.8501396849551521,0.49840692494119015,-0.3789972408103935,0.8592364727053189,0.9306471595387265,0.8851466324997629,0.9857021152071032,1.0,0.9506061733573938,0.9831701650664865,0.9548495308815749,0.9364637668954934,0.919452819018206,0.9615451998990205],[0.9759807021868394,0.9658840478487731,0.9657476809066967,0.9784693435269075,0.9598194488563228,0.9528819172135201,-0.9277807125052363,0.9682087857663462,0.9574333057687741,0.9669547991993455,0.967066119915728,0.9733154386223696,0.9484457894408161,0.9397516372250823,0.9670568246032195,0.9494349373341187,0.9650523809182557,0.9666400578973768,0.9008964131155911,0.6566226453940791,0.9705396293672949,0.9252412947138076,0.35701906766718433,-0.3253531969903039,0.8267450961519844,0.9441395037078879,0.9395923300513339,0.9646256474989621,0.9506061733573938,1.0,0.9527990274603517,0.9159821519776634,0.9760261644565047,0.9574797150278552,0.9416183410055494],[0.9724612505422383,0.9571951472493414,0.9207849626093924,0.9625094021457465,0.8986378301205158,0.952686789438529,-0.893174966428972,0.9635589700467838,0.9182447641025882,0.9426377327624547,0.9416290190632117,0.9532757679694343,0.9171215178406258,0.9149226356419261,0.9423107921183344,0.9536580757762833,0.9574000842989533,0.9620904152775828,0.9444739289093494,0.7581908060847371,0.940613281609506,0.8686137922458346,0.5195076310584827,-0.3461324987713191,0.8671292498908949,0.9356810239468952,0.8863614778822816,0.9899123604281503,0.9831701650664865,0.9527990274603517,1.0,0.9734850675207976,0.9437608757152746,0.9366267547164606,0.9621844138628952],[0.9455859599456605,0.9437394469919648,0.9058639176108569,0.9339706162028575,0.8786787076992291,0.9549951276699613,-0.9097902430714465,0.9364263333395193,0.904045717248146,0.9191233687336795,0.9178061315300612,0.9321763591770778,0.889587363594691,0.8684342996827326,0.9183717935282109,0.954349298713214,0.9424125679488956,0.936281747978832,0.8951817580276626,0.7621487924500836,0.9091746205597332,0.8407805878743199,0.4335007378694686,-0.2047270622274239,0.8620232425306669,0.9059012257670338,0.8846750887707107,0.9511578342820359,0.9548495308815749,0.9159821519776634,0.9734850675207976,1.0,0.9061937983554478,0.9321113160238984,0.953190204357687],[0.9804764308189243,0.969639608291944,0.9672205728722225,0.9784869918903237,0.9563918461578488,0.9580806237984927,-0.9282165165226222,0.9601771319915064,0.9470685434705617,0.9664808923236349,0.9666663186056488,0.973395516061603,0.9649462623934014,0.9670342442944238,0.9665690173254509,0.9604578529043927,0.9722846854986045,0.9594726271872919,0.8989244716783463,0.6909667591408672,0.9688876834787653,0.9224412109770322,0.3780718408240973,-0.3499602022110684,0.8569400202008826,0.9588574195790142,0.9456894665121016,0.9590728032813366,0.9364637668954934,0.9760261644565047,0.9437608757152746,0.9061937983554478,1.0,0.9544237540790954,0.9404083684366877],[0.9713328405892399,0.9616108175868977,0.9743518149520185,0.9699705390558829,0.962131814290064,0.9770879506304063,-0.9649452866903034,0.95845567961838,0.9703139430566053,0.9806231814402574,0.9811129628103498,0.9684326567114022,0.980330185051268,0.9786805365667972,0.9810253767646754,0.9765695143396476,0.9852139696244377,0.9563888343091201,0.846943466866482,0.6552937267157385,0.9554115437929901,0.867519309523324,0.2987756211009563,-0.18036675718043987,0.8670656069120161,0.923225245349255,0.9714422675981583,0.9124198202582913,0.919452819018206,0.9574797150278552,0.9366267547164606,0.9321113160238984,0.9544237540790954,1.0,0.9174549673356469],[0.9544501926224243,0.9485404968982895,0.9226284307499962,0.94552647494304,0.8979524500877752,0.955385831881551,-0.9099259247298477,0.9654112576483274,0.9235137258468826,0.9417704765383217,0.941044788936608,0.950682697079476,0.9340292850177446,0.9262576895335862,0.9414691055448225,0.9600678354204555,0.9633824430638377,0.9666092938667498,0.880437634860511,0.6989586763367834,0.9268174432776626,0.8482577770407187,0.4092013897360856,-0.3172684050317261,0.8952481981472523,0.912268822107428,0.8849685296009787,0.9665921392097866,0.9615451998990205,0.9416183410055494,0.9621844138628952,0.953190204357687,0.9404083684366877,0.9174549673356469,1.0]],"x":["^TAIEX       \u81fa\u7063\u52a0\u6b0a\u5831\u916c\u6307\u6578","^TWII        \u81fa\u7063\u52a0\u6b0a\u6307\u6578","^TAIEXx2     \u81fa\u7063\u52a0\u6b0a\u5831\u916c\u6307\u6578_\u65e5\u6b632","^TAI50I      \u81fa\u706350\u5831\u916c\u6307\u6578","^TAI50Ix2    \u81fa\u706350\u5831\u916c\u6307\u6578_\u65e5\u6b632","^TAI100I     \u81fa\u7063\u4e2d\u578b100\u5831\u916c\u6307\u6578","^TAI100Ix2   \u81fa\u7063\u4e2d\u578b100\u5831\u916c\u6307\u6578_\u65e5\u6b632","^TAIDIVIDI   \u81fa\u7063\u9ad8\u80a1\u606f\u5831\u916c\u6307\u6578","^TAIDIVIDIx2 \u81fa\u7063\u9ad8\u80a1\u606f\u5831\u916c\u6307\u6578_\u65e5\u6b632","0050Fund     \u5143\u5927\u53f0\u7063\u5353\u8d8a50\u57fa\u91d1","006208Fund   \u5bcc\u90a6\u53f0\u7063\u91c6\u540950\u57fa\u91d1","0050         \u5143\u5927\u81fa\u706350","00631L       \u5143\u5927\u53f0\u706350\u6b632","00675L       \u5bcc\u90a6\u81fa\u7063\u52a0\u6b0a\u6b632","006208       \u5bcc\u90a6\u53f050","0051         \u5143\u5927\u4e2d\u578b100","006204       \u6c38\u8c50\u81fa\u7063\u52a0\u6b0a","0056         \u5143\u5927\u9ad8\u80a1\u606f","2412         \u4e2d\u83ef\u96fb\u4fe1","2002         \u4e2d\u92fc","2330         \u53f0\u7a4d\u96fb","2317         \u9d3b\u6d77","6505         \u53f0\u5851\u77f3\u5316","3481         \u7fa4\u5275","2303         \u806f\u96fb","2308         \u53f0\u9054\u96fb","2454         \u806f\u767c\u79d1","2886         \u5146\u8c50\u91d1","2884         \u7389\u5c71\u91d1","2891         \u4e2d\u4fe1\u91d1","2892         \u7b2c\u4e00\u91d1","5880         \u5408\u5eab\u91d1","2881         \u5bcc\u90a6\u91d1","2885         \u5143\u5927\u91d1","2887         \u53f0\u65b0\u91d1"],"y":["^TAIEX       \u81fa\u7063\u52a0\u6b0a\u5831\u916c\u6307\u6578","^TWII        \u81fa\u7063\u52a0\u6b0a\u6307\u6578","^TAIEXx2     \u81fa\u7063\u52a0\u6b0a\u5831\u916c\u6307\u6578_\u65e5\u6b632","^TAI50I      \u81fa\u706350\u5831\u916c\u6307\u6578","^TAI50Ix2    \u81fa\u706350\u5831\u916c\u6307\u6578_\u65e5\u6b632","^TAI100I     \u81fa\u7063\u4e2d\u578b100\u5831\u916c\u6307\u6578","^TAI100Ix2   \u81fa\u7063\u4e2d\u578b100\u5831\u916c\u6307\u6578_\u65e5\u6b632","^TAIDIVIDI   \u81fa\u7063\u9ad8\u80a1\u606f\u5831\u916c\u6307\u6578","^TAIDIVIDIx2 \u81fa\u7063\u9ad8\u80a1\u606f\u5831\u916c\u6307\u6578_\u65e5\u6b632","0050Fund     \u5143\u5927\u53f0\u7063\u5353\u8d8a50\u57fa\u91d1","006208Fund   \u5bcc\u90a6\u53f0\u7063\u91c6\u540950\u57fa\u91d1","0050         \u5143\u5927\u81fa\u706350","00631L       \u5143\u5927\u53f0\u706350\u6b632","00675L       \u5bcc\u90a6\u81fa\u7063\u52a0\u6b0a\u6b632","006208       \u5bcc\u90a6\u53f050","0051         \u5143\u5927\u4e2d\u578b100","006204       \u6c38\u8c50\u81fa\u7063\u52a0\u6b0a","0056         \u5143\u5927\u9ad8\u80a1\u606f","2412         \u4e2d\u83ef\u96fb\u4fe1","2002         \u4e2d\u92fc","2330         \u53f0\u7a4d\u96fb","2317         \u9d3b\u6d77","6505         \u53f0\u5851\u77f3\u5316","3481         \u7fa4\u5275","2303         \u806f\u96fb","2308         \u53f0\u9054\u96fb","2454         \u806f\u767c\u79d1","2886         \u5146\u8c50\u91d1","2884         \u7389\u5c71\u91d1","2891         \u4e2d\u4fe1\u91d1","2892         \u7b2c\u4e00\u91d1","5880         \u5408\u5eab\u91d1","2881         \u5bcc\u90a6\u91d1","2885         \u5143\u5927\u91d1","2887         \u53f0\u65b0\u91d1"],"zmin":-1,"zmax":1,"colorbar":{"x":-0.2}}],"layout":{"autotypenumbers":"strict","colorway":["#636efa","#EF553B","#00cc96","#ab63fa","#FFA15A","#19d3f3","#FF6692","#B6E880","#FF97FF","#FECB52"],"font":{"color":"#f2f5fa","family":"Courier New"},"hovermode":"closest","hoverlabel":{"align":"left"},"paper_bgcolor":"rgb(17,17,17)","plot_bgcolor":"rgb(17,17,17)","polar":{"bgcolor":"rgb(17,17,17)","angularaxis":{"gridcolor":"#506784","linecolor":"#506784","ticks":""},"radialaxis":{"gridcolor":"#506784","linecolor":"#506784","ticks":""}},"ternary":{"bgcolor":"rgb(17,17,17)","aaxis":{"gridcolor":"#506784","linecolor":"#506784","ticks":""},"baxis":{"gridcolor":"#506784","linecolor":"#506784","ticks":""},"caxis":{"gridcolor":"#506784","linecolor":"#506784","ticks":""}},"coloraxis":{"colorbar":{"outlinewidth":0,"ticks":""}},"colorscale":{"sequential":[[0.0,"#0d0887"],[0.1111111111111111,"#46039f"],[0.2222222222222222,"#7201a8"],[0.3333333333333333,"#9c179e"],[0.4444444444444444,"#bd3786"],[0.5555555555555556,"#d8576b"],[0.6666666666666666,"#ed7953"],[0.7777777777777778,"#fb9f3a"],[0.8888888888888888,"#fdca26"],[1.0,"#f0f921"]],"sequentialminus":[[0.0,"#0d0887"],[0.1111111111111111,"#46039f"],[0.2222222222222222,"#7201a8"],[0.3333333333333333,"#9c179e"],[0.4444444444444444,"#bd3786"],[0.5555555555555556,"#d8576b"],[0.6666666666666666,"#ed7953"],[0.7777777777777778,"#fb9f3a"],[0.8888888888888888,"#fdca26"],[1.0,"#f0f921"]],"diverging":[[0,"#8e0152"],[0.1,"#c51b7d"],[0.2,"#de77ae"],[0.3,"#f1b6da"],[0.4,"#fde0ef"],[0.5,"#f7f7f7"],[0.6,"#e6f5d0"],[0.7,"#b8e186"],[0.8,"#7fbc41"],[0.9,"#4d9221"],[1,"#276419"]]},"xaxis":{"gridcolor":"rgba(0, 0, 0, 0)","linecolor":"#506784","ticks":"","title":{"standoff":15},"zerolinecolor":"#283442","automargin":true,"zerolinewidth":2,"tickfont":{"family":"Courier New","size":14},"side":"top","tickangle":-90},"yaxis":{"gridcolor":"rgba(0, 0, 0, 0)","linecolor":"#506784","ticks":"","title":{"standoff":15},"zerolinecolor":"#283442","automargin":true,"zerolinewidth":2,"tickfont":{"family":"Courier New"},"side":"right"},"scene":{"xaxis":{"backgroundcolor":"rgb(17,17,17)","gridcolor":"#506784","linecolor":"#506784","showbackground":true,"ticks":"","zerolinecolor":"#C8D4E3","gridwidth":2},"yaxis":{"backgroundcolor":"rgb(17,17,17)","gridcolor":"#506784","linecolor":"#506784","showbackground":true,"ticks":"","zerolinecolor":"#C8D4E3","gridwidth":2},"zaxis":{"backgroundcolor":"rgb(17,17,17)","gridcolor":"#506784","linecolor":"#506784","showbackground":true,"ticks":"","zerolinecolor":"#C8D4E3","gridwidth":2}},"shapedefaults":{"line":{"color":"#f2f5fa"}},"annotationdefaults":{"arrowcolor":"#f2f5fa","arrowhead":0,"arrowwidth":1},"geo":{"bgcolor":"rgb(17,17,17)","landcolor":"rgb(17,17,17)","subunitcolor":"#506784","showland":true,"showlakes":true,"lakecolor":"rgb(17,17,17)"},"title":{"x":0.05,"font":{"family":"Times New Roman"},"y":0.05,"text":"<b>Correlation of Adj Close<b><br><i>2016-09-23 ~ 2025-08-29<i>"},"updatemenudefaults":{"bgcolor":"#506784","borderwidth":0},"sliderdefaults":{"bgcolor":"#C8D4E3","borderwidth":1,"bordercolor":"rgb(17,17,17)","tickwidth":0},"mapbox":{"style":"dark"},"annotations":[{"text":"<b>@zwindr<b>","textangle":0,"opacity":0.5,"font":{"color":"white","size":12},"xref":"paper","yref":"paper","xanchor":"left","yanchor":"bottom","x":1.0,"y":1.0,"showarrow":false}]},"config":{"responsive":true,"toImageButtonOptions":{"filename":"Correlation of Adj Close_2016-09-23~2025-08-29","scale":5}}};Plotly.newPlot("correlationAdjClose",correlationAdjClose.data,correlationAdjClose.layout||{},correlationAdjClose.config);}else{console.log("style display is none => correlationAdjClose");}