var config = { responsive: true }

var correlationAdjClose = {"data": [{"type": "heatmap", "z": [[1.0, 0.9934312761114438, 0.9748283252430744, 0.9978283237681329, 0.9630469351112487, 0.9797032415339122, -0.9372112468753456, 0.9889994318016414, 0.9666148517539874, 0.9965868662706567, 0.9934028378976301, 0.9947761321909079, 0.9972424989085026, 0.9771607196835744, 0.9995405191297319, 0.985980860952952, 0.9105523320519885, 0.7651112809518124, 0.9858404039749284, 0.9202911046872557, 0.5101628277160369, -0.30390913068287195, 0.8957341093955523, 0.9725285910321827, 0.9512245878059632], [0.9934312761114438, 1.0, 0.9701271286324635, 0.9911889104213549, 0.9590109733910571, 0.974638639579229, -0.9321658268264744, 0.9789631982908172, 0.9592538810450983, 0.9938834051369079, 0.9918701051955909, 0.991270279078821, 0.9953681500631565, 0.9717294054667212, 0.9962738385537149, 0.9819285724991366, 0.8989516656719273, 0.7699300889506439, 0.966311034915967, 0.8979499381561126, 0.5055175329223885, -0.2244228064149103, 0.8669453888042502, 0.959354348062176, 0.9521891638095937], [0.9748283252430744, 0.9701271286324635, 1.0, 0.9808682887395557, 0.9962740938107499, 0.97803245583348, -0.9741400437330074, 0.967673911514356, 0.982290345525177, 0.985065805509294, 0.9977214865014057, 0.9977440724415335, 0.9881760146130606, 0.9763931892591128, 0.9870709435589144, 0.9744325773727222, 0.8096509449688535, 0.6551323247593566, 0.9892488990201246, 0.9088488605264947, 0.34137224112818393, -0.22015483941035788, 0.9047125881601803, 0.937457267535271, 0.9785614653749044], [0.9978283237681329, 0.9911889104213549, 0.9808682887395557, 1.0, 0.9742578354717614, 0.9718283018870086, -0.9317448454920179, 0.9833397452614606, 0.9636710907819388, 0.9992284380063765, 0.9932585663382303, 0.9924749296164013, 0.9998998151076447, 0.9668923556049599, 0.9959835275895931, 0.9806664630365803, 0.8961926168892143, 0.738559329421669, 0.9931334416643293, 0.9223221707349887, 0.4918160743073376, -0.2959222109025467, 0.8957891236287169, 0.9664690172587261, 0.9565090787318941], [0.9630469351112487, 0.9590109733910571, 0.9962740938107499, 0.9742578354717614, 1.0, 0.9576591003386283, -0.95555133547231, 0.9527819616192473, 0.9697959446429465, 0.9811151067387008, 0.9888492798757349, 0.985442560433062, 0.9841777993636024, 0.9551957775367849, 0.9753163567995798, 0.9596895227494595, 0.7892688532179362, 0.6238161052566907, 0.9878644647990426, 0.9061125651346668, 0.32340044281326075, -0.2134674943529724, 0.8886055170750533, 0.9222530533047301, 0.9754732249825107], [0.9797032415339122, 0.974638639579229, 0.97803245583348, 0.9718283018870086, 0.9576591003386283, 1.0, -0.9789772728040703, 0.9786548119592938, 0.9781549732895989, 0.9709470341357883, 0.9755109874794331, 0.9734829449098061, 0.9676528027110343, 0.9988332100929, 0.9855068134414763, 0.985275934738388, 0.8472969475682203, 0.731325497526844, 0.9665669907646224, 0.8866624693555524, 0.37085924528821934, -0.2094895750005162, 0.9340515375720558, 0.9540509170185055, 0.9585857103595471], [-0.9372112468753456, -0.9321658268264744, -0.9741400437330074, -0.9317448454920179, -0.95555133547231, -0.9789772728040703, 1.0, -0.9471009003449877, -0.9821883113172716, -0.9398406720857013, -0.9720874317006032, -0.9742150269008348, -0.9460202343396823, -0.9855466295377511, -0.9623504253076078, -0.9637068593325456, -0.7527345869669004, -0.6253415456109844, -0.9388027136218678, -0.8734244520361849, -0.2202448553675019, 0.13809710784559878, -0.9002826020858353, -0.9063114701452006, -0.9566904336251913], [0.9889994318016414, 0.9789631982908172, 0.967673911514356, 0.9833397452614606, 0.9527819616192473, 0.9786548119592938, -0.9471009003449877, 1.0, 0.980657060649891, 0.9800871897281637, 0.9744773488973619, 0.9738777741907921, 0.9784303678744315, 0.9745700086684286, 0.9863970623113222, 0.9962502123250576, 0.9179314228188828, 0.7051102879404666, 0.9733167735942998, 0.8923316681506872, 0.38912828323808396, -0.311699426645417, 0.9014967093268346, 0.9526718613531187, 0.9322051229541773], [0.9666148517539874, 0.9592538810450983, 0.982290345525177, 0.9636710907819388, 0.9697959446429465, 0.9781549732895989, -0.9821883113172716, 0.980657060649891, 1.0, 0.9627998545989755, 0.9708271731748825, 0.9678424371131992, 0.9596960819755596, 0.9763276520322403, 0.9672007664282416, 0.9865199020626675, 0.838234777919059, 0.6298167306770123, 0.9644468610379578, 0.9010196374183573, 0.24052641774711597, -0.22375655275591624, 0.8825516511177701, 0.9262512859075808, 0.9567507188380628], [0.9965868662706567, 0.9938834051369079, 0.985065805509294, 0.9992284380063765, 0.9811151067387008, 0.9709470341357883, -0.9398406720857013, 0.9800871897281637, 0.9627998545989755, 1.0, 0.9919812327602298, 0.99075951256187, 0.9998319165421028, 0.9678594418075557, 0.9951708247655949, 0.9807822088071002, 0.9079286362489702, 0.7191367890234269, 0.9955561470305786, 0.9155138617167383, 0.32942726414355017, -0.22672183277531077, 0.9295673238986993, 0.9553240155698376, 0.954384252943214], [0.9934028378976301, 0.9918701051955909, 0.9977214865014057, 0.9932585663382303, 0.9888492798757349, 0.9755109874794331, -0.9720874317006032, 0.9744773488973619, 0.9708271731748825, 0.9919812327602298, 1.0, 0.9996514525827955, 0.992884386987869, 0.9765386660841505, 0.9937232067941989, 0.9758232348550596, 0.9038053255191262, 0.6190267221121201, 0.9896781023654715, 0.8860806023548263, -0.2317927489835158, 0.5567894060202705, 0.9064448909496433, 0.951109254175025, 0.9804597175775914], [0.9947761321909079, 0.991270279078821, 0.9977440724415335, 0.9924749296164013, 0.985442560433062, 0.9734829449098061, -0.9742150269008348, 0.9738777741907921, 0.9678424371131992, 0.99075951256187, 0.9996514525827955, 1.0, 0.992066528836224, 0.9746027405566297, 0.9948104236320647, 0.9753909633609787, 0.9152422529498686, 0.512574765826259, 0.9856674199441866, 0.8725884278173485, -0.6798910305303302, 0.5600915274085613, 0.8795195647241857, 0.9479009165558645, 0.9807368806837364], [0.9972424989085026, 0.9953681500631565, 0.9881760146130606, 0.9998998151076447, 0.9841777993636024, 0.9676528027110343, -0.9460202343396823, 0.9784303678744315, 0.9596960819755596, 0.9998319165421028, 0.992884386987869, 0.992066528836224, 1.0, 0.9684880294796847, 0.9955268282957052, 0.9795534596452957, 0.9251704683137829, 0.6841420153803638, 0.9971274797112915, 0.8945044978431296, 0.08595568648550213, 0.49771211103939644, 0.9196979992415324, 0.9471736308305423, 0.9627954058831529], [0.9771607196835744, 0.9717294054667212, 0.9763931892591128, 0.9668923556049599, 0.9551957775367849, 0.9988332100929, -0.9855466295377511, 0.9745700086684286, 0.9763276520322403, 0.9678594418075557, 0.9765386660841505, 0.9746027405566297, 0.9684880294796847, 1.0, 0.9856947633214305, 0.9829284851802889, 0.8611885030208338, 0.7358598278924711, 0.961918252089091, 0.8758585960458956, 0.238417097012654, -0.14662071734365212, 0.9435541808385411, 0.9488355750359243, 0.9577260749235091], [0.9995405191297319, 0.9962738385537149, 0.9870709435589144, 0.9959835275895931, 0.9753163567995798, 0.9855068134414763, -0.9623504253076078, 0.9863970623113222, 0.9672007664282416, 0.9951708247655949, 0.9937232067941989, 0.9948104236320647, 0.9955268282957052, 0.9856947633214305, 1.0, 0.9867327912486052, 0.9325903808166652, 0.7189324081215069, 0.9897078837827638, 0.8910607295118681, 0.1279938727708927, 0.5026402681958635, 0.9370660990507225, 0.9576952163752659, 0.9624787302129384], [0.985980860952952, 0.9819285724991366, 0.9744325773727222, 0.9806664630365803, 0.9596895227494595, 0.985275934738388, -0.9637068593325456, 0.9962502123250576, 0.9865199020626675, 0.9807822088071002, 0.9758232348550596, 0.9753909633609787, 0.9795534596452957, 0.9829284851802889, 0.9867327912486052, 1.0, 0.8996066034916498, 0.707288715133963, 0.9725984740264789, 0.8923606570928587, 0.3222647658226446, -0.21828035237548982, 0.9135617213733808, 0.9420494678264949, 0.9438311666802162], [0.9105523320519885, 0.8989516656719273, 0.8096509449688535, 0.8961926168892143, 0.7892688532179362, 0.8472969475682203, -0.7527345869669004, 0.9179314228188828, 0.838234777919059, 0.9079286362489702, 0.9038053255191262, 0.9152422529498686, 0.9251704683137829, 0.8611885030208338, 0.9325903808166652, 0.8996066034916498, 1.0, 0.8623100894632115, 0.8442663281257804, 0.8686488819192482, 0.7556372442626007, -0.554317830929233, 0.6643766295326547, 0.9081960532413984, 0.7829099688872857], [0.7651112809518124, 0.7699300889506439, 0.6551323247593566, 0.738559329421669, 0.6238161052566907, 0.731325497526844, -0.6253415456109844, 0.7051102879404666, 0.6298167306770123, 0.7191367890234269, 0.6190267221121201, 0.512574765826259, 0.6841420153803638, 0.7358598278924711, 0.7189324081215069, 0.707288715133963, 0.8623100894632115, 1.0, 0.658602461127276, 0.7599490114544244, 0.7394278245796739, -0.12307964427379853, 0.5386672445136063, 0.7740428009906075, 0.6648975369079297], [0.9858404039749284, 0.966311034915967, 0.9892488990201246, 0.9931334416643293, 0.9878644647990426, 0.9665669907646224, -0.9388027136218678, 0.9733167735942998, 0.9644468610379578, 0.9955561470305786, 0.9896781023654715, 0.9856674199441866, 0.9971274797112915, 0.961918252089091, 0.9897078837827638, 0.9725984740264789, 0.8442663281257804, 0.658602461127276, 1.0, 0.8932015702431313, 0.42234919128424225, -0.2900444297979051, 0.8846418215883634, 0.9487434148686017, 0.9655541966852067], [0.9202911046872557, 0.8979499381561126, 0.9088488605264947, 0.9223221707349887, 0.9061125651346668, 0.8866624693555524, -0.8734244520361849, 0.8923316681506872, 0.9010196374183573, 0.9155138617167383, 0.8860806023548263, 0.8725884278173485, 0.8945044978431296, 0.8758585960458956, 0.8910607295118681, 0.8923606570928587, 0.8686488819192482, 0.7599490114544244, 0.8932015702431313, 1.0, 0.45977966906172957, -0.1960439771963665, 0.6864778447538474, 0.9158737909081143, 0.8789171550243641], [0.5101628277160369, 0.5055175329223885, 0.34137224112818393, 0.4918160743073376, 0.32340044281326075, 0.37085924528821934, -0.2202448553675019, 0.38912828323808396, 0.24052641774711597, 0.32942726414355017, -0.2317927489835158, -0.6798910305303302, 0.08595568648550213, 0.238417097012654, 0.1279938727708927, 0.3222647658226446, 0.7556372442626007, 0.7394278245796739, 0.42234919128424225, 0.45977966906172957, 1.0, -0.4290442634346944, 0.33338668646590836, 0.4910414438143036, 0.2910456575451696], [-0.30390913068287195, -0.2244228064149103, -0.22015483941035788, -0.2959222109025467, -0.2134674943529724, -0.2094895750005162, 0.13809710784559878, -0.311699426645417, -0.22375655275591624, -0.22672183277531077, 0.5567894060202705, 0.5600915274085613, 0.49771211103939644, -0.14662071734365212, 0.5026402681958635, -0.21828035237548982, -0.554317830929233, -0.12307964427379853, -0.2900444297979051, -0.1960439771963665, -0.4290442634346944, 1.0, -0.14363005782756932, -0.3352897882904017, -0.1633634496297077], [0.8957341093955523, 0.8669453888042502, 0.9047125881601803, 0.8957891236287169, 0.8886055170750533, 0.9340515375720558, -0.9002826020858353, 0.9014967093268346, 0.8825516511177701, 0.9295673238986993, 0.9064448909496433, 0.8795195647241857, 0.9196979992415324, 0.9435541808385411, 0.9370660990507225, 0.9135617213733808, 0.6643766295326547, 0.5386672445136063, 0.8846418215883634, 0.6864778447538474, 0.33338668646590836, -0.14363005782756932, 1.0, 0.8270379078358434, 0.8840740196809297], [0.9725285910321827, 0.959354348062176, 0.937457267535271, 0.9664690172587261, 0.9222530533047301, 0.9540509170185055, -0.9063114701452006, 0.9526718613531187, 0.9262512859075808, 0.9553240155698376, 0.951109254175025, 0.9479009165558645, 0.9471736308305423, 0.9488355750359243, 0.9576952163752659, 0.9420494678264949, 0.9081960532413984, 0.7740428009906075, 0.9487434148686017, 0.9158737909081143, 0.4910414438143036, -0.3352897882904017, 0.8270379078358434, 1.0, 0.9274724424872544], [0.9512245878059632, 0.9521891638095937, 0.9785614653749044, 0.9565090787318941, 0.9754732249825107, 0.9585857103595471, -0.9566904336251913, 0.9322051229541773, 0.9567507188380628, 0.954384252943214, 0.9804597175775914, 0.9807368806837364, 0.9627954058831529, 0.9577260749235091, 0.9624787302129384, 0.9438311666802162, 0.7829099688872857, 0.6648975369079297, 0.9655541966852067, 0.8789171550243641, 0.2910456575451696, -0.1633634496297077, 0.8840740196809297, 0.9274724424872544, 1.0]], "x": ["^TAIEX       \u81fa\u7063\u52a0\u6b0a\u5831\u916c\u6307\u6578", "^TWII        \u81fa\u7063\u52a0\u6b0a\u6307\u6578", "^TAIEXx2     \u81fa\u7063\u52a0\u6b0a\u5831\u916c\u6307\u6578_\u65e5\u6b632", "^TAI50I      \u81fa\u706350\u5831\u916c\u6307\u6578", "^TAI50Ix2    \u81fa\u706350\u5831\u916c\u6307\u6578_\u65e5\u6b632", "^TAI100I     \u81fa\u7063\u4e2d\u578b100\u5831\u916c\u6307\u6578", "^TAI100Ix2   \u81fa\u7063\u4e2d\u578b100\u5831\u916c\u6307\u6578_\u65e5\u6b632", "^TAIDIVIDI   \u81fa\u7063\u9ad8\u80a1\u606f\u5831\u916c\u6307\u6578", "^TAIDIVIDIx2 \u81fa\u7063\u9ad8\u80a1\u606f\u5831\u916c\u6307\u6578_\u65e5\u6b632", "0050         \u5143\u5927\u81fa\u706350", "00631L       \u5143\u5927\u53f0\u706350\u6b632", "00675L       \u5bcc\u90a6\u81fa\u7063\u52a0\u6b0a\u6b632", "006208       \u5bcc\u90a6\u53f050", "0051         \u5143\u5927\u4e2d\u578b100", "006204       \u6c38\u8c50\u81fa\u7063\u52a0\u6b0a", "0056         \u5143\u5927\u9ad8\u80a1\u606f", "2412         \u4e2d\u83ef\u96fb\u4fe1", "2002         \u4e2d\u92fc", "2330         \u53f0\u7a4d\u96fb", "2317         \u9d3b\u6d77", "6505         \u53f0\u5851\u77f3\u5316", "3481         \u7fa4\u5275", "2303         \u806f\u96fb", "2308         \u53f0\u9054\u96fb", "2454         \u806f\u767c\u79d1"], "y": ["^TAIEX       \u81fa\u7063\u52a0\u6b0a\u5831\u916c\u6307\u6578", "^TWII        \u81fa\u7063\u52a0\u6b0a\u6307\u6578", "^TAIEXx2     \u81fa\u7063\u52a0\u6b0a\u5831\u916c\u6307\u6578_\u65e5\u6b632", "^TAI50I      \u81fa\u706350\u5831\u916c\u6307\u6578", "^TAI50Ix2    \u81fa\u706350\u5831\u916c\u6307\u6578_\u65e5\u6b632", "^TAI100I     \u81fa\u7063\u4e2d\u578b100\u5831\u916c\u6307\u6578", "^TAI100Ix2   \u81fa\u7063\u4e2d\u578b100\u5831\u916c\u6307\u6578_\u65e5\u6b632", "^TAIDIVIDI   \u81fa\u7063\u9ad8\u80a1\u606f\u5831\u916c\u6307\u6578", "^TAIDIVIDIx2 \u81fa\u7063\u9ad8\u80a1\u606f\u5831\u916c\u6307\u6578_\u65e5\u6b632", "0050         \u5143\u5927\u81fa\u706350", "00631L       \u5143\u5927\u53f0\u706350\u6b632", "00675L       \u5bcc\u90a6\u81fa\u7063\u52a0\u6b0a\u6b632", "006208       \u5bcc\u90a6\u53f050", "0051         \u5143\u5927\u4e2d\u578b100", "006204       \u6c38\u8c50\u81fa\u7063\u52a0\u6b0a", "0056         \u5143\u5927\u9ad8\u80a1\u606f", "2412         \u4e2d\u83ef\u96fb\u4fe1", "2002         \u4e2d\u92fc", "2330         \u53f0\u7a4d\u96fb", "2317         \u9d3b\u6d77", "6505         \u53f0\u5851\u77f3\u5316", "3481         \u7fa4\u5275", "2303         \u806f\u96fb", "2308         \u53f0\u9054\u96fb", "2454         \u806f\u767c\u79d1"], "zmin": -1, "zmax": 1, "colorbar": {"x": -0.2}}], "layout": {"title": {"text": "<b>Correlation of Adj Close <b><br><i>2016/09/23 ~ 2025/04/11<i>", "y": 0.05, "font": {"family": "Times New Roman"}, "x": 0.05}, "xaxis": {"side": "top", "tickangle": -90, "gridcolor": "rgba(0, 0, 0, 0)", "tickfont": {"family": "Courier New", "size": 14}, "automargin": true}, "yaxis": {"side": "right", "gridcolor": "rgba(0, 0, 0, 0)", "tickfont": {"family": "Courier New"}, "automargin": true}, "height": 600, "font": {"family": "Courier New", "color": "#ffffff"}, "plot_bgcolor": "#000", "paper_bgcolor": "#000"}};

Plotly.newPlot("correlationAdjClose",
    correlationAdjClose.data,
    correlationAdjClose.layout || {},
    config);