var element=document.getElementById("correlationClose");if(element.style.display!='none'){var correlationClose={"data":[{"type":"heatmap","z":[[1.0,0.9999999999999983,1.0,0.995525474098854,0.995525474098854,0.9629904501327593,0.9629904501327593,0.8999777795719371,0.8999777795719371,0.8654123080298132,0.9949291572226483,0.8903152522811969,0.9929493660142154,0.9926549683600513,0.9949364343164304,0.9728258470139266,0.9989350509857241,0.9245564579811498,0.7853462835589042,-0.09978139646787104,0.9773699414369914,0.09105786966057877,-0.04226978640936551,-0.25283723230994243,0.8205045374591855,0.9394570053208409,0.9095144475731053,0.9288245005664508,0.7765955789255767,0.5071101914627656,0.6219809610954998,0.638603340191891,0.9306691629426014,0.8187005106090965,0.17118533351244183],[0.9999999999999983,1.0,0.9999999999999984,0.995480098659511,0.995480098659511,0.9623725914344561,0.9623725914344561,0.901139717150362,0.901139717150362,0.866119630275828,0.9949108391765793,0.891379132571313,0.9926845479475231,0.9920939889065773,0.99491566318398,0.9721086946690813,0.9989358287534715,0.9250457490691705,0.805080990143659,0.1097747952888621,0.9686260775069983,-0.08552937025375523,-0.03366021493854858,-0.25309818537630024,0.6472182132930656,0.9402174809261473,0.8825274115812825,0.923256462344657,0.7885481669134107,0.49770120094565556,0.6186353856394835,0.6655953489067217,0.927831384327341,0.6684502645937153,0.16758309757483922],[1.0,0.9999999999999984,1.0,0.995525474098854,0.995525474098854,0.9629904501327593,0.9629904501327593,0.8999777795719371,0.8999777795719371,0.8654123080298132,0.9949291572226483,0.8903152522811969,0.9929493660142154,0.9926549683600513,0.9949364343164304,0.9728258470139266,0.9989350509857241,0.9245564579811498,0.7853462835589042,-0.09978139646787104,0.9773699414369914,0.09105786966057877,-0.04226978640936551,-0.25283723230994243,0.8205045374591855,0.9394570053208409,0.9095144475731053,0.9288245005664508,0.7765955789255767,0.5071101914627656,0.6219809610954998,0.638603340191891,0.9306691629426014,0.8187005106090965,0.17118533351244183],[0.995525474098854,0.995480098659511,0.995525474098854,1.0,1.0,0.9501774469278609,0.9501774469278609,0.8857412335937277,0.8857412335937277,0.8507962588359036,0.9994862117284758,0.8808229313715752,0.9889700055890295,0.9850018412427313,0.9994363417558317,0.9556094119167742,0.9949057349660658,0.9045906101886418,0.764088421835378,-0.10537027793490891,0.9892213822579161,0.11132775986858864,-0.07386495622210733,-0.25570356344432843,0.8184705787968001,0.9371046751241052,0.914386755853389,0.917642787312626,0.7870521431897987,0.5336029375572229,0.6162168071296572,0.6121898866523415,0.9235616742491346,0.808422442697384,0.18287686945381812],[0.995525474098854,0.995480098659511,0.995525474098854,1.0,1.0,0.9501774469278609,0.9501774469278609,0.8857412335937277,0.8857412335937277,0.8507962588359036,0.9994862117284758,0.8808229313715752,0.9889700055890295,0.9850018412427313,0.9994363417558317,0.9556094119167742,0.9949057349660658,0.9045906101886418,0.764088421835378,-0.10537027793490891,0.9892213822579161,0.11132775986858864,-0.07386495622210733,-0.25570356344432843,0.8184705787968001,0.9371046751241052,0.914386755853389,0.917642787312626,0.7870521431897987,0.5336029375572229,0.6162168071296572,0.6121898866523415,0.9235616742491346,0.808422442697384,0.18287686945381812],[0.9629904501327593,0.9623725914344561,0.9629904501327593,0.9501774469278609,0.9501774469278609,1.0,1.0,0.9260513689237012,0.9260513689237012,0.8458509560066815,0.9525983241760323,0.8650707809787458,0.9761572292401397,0.9747070106500539,0.9523501254476875,0.9990241922177837,0.9729383395870628,0.9191848639616572,0.6340877592794277,-0.04453447642099863,0.9350533308487008,0.2658094087876592,-0.23925576059066844,-0.11113498892645603,0.8906988900170043,0.8990454044607472,0.9279831663574662,0.8978588083622266,0.7360358646378846,0.7204912253915668,0.7305637329771001,0.713511677956162,0.8515887719653349,0.8518288575722991,0.4593493880265633],[0.9629904501327593,0.9623725914344561,0.9629904501327593,0.9501774469278609,0.9501774469278609,1.0,1.0,0.9260513689237012,0.9260513689237012,0.8458509560066815,0.9525983241760323,0.8650707809787458,0.9761572292401397,0.9747070106500539,0.9523501254476875,0.9990241922177837,0.9729383395870628,0.9191848639616572,0.6340877592794277,-0.04453447642099863,0.9350533308487008,0.2658094087876592,-0.23925576059066844,-0.11113498892645603,0.8906988900170043,0.8990454044607472,0.9279831663574662,0.8978588083622266,0.7360358646378846,0.7204912253915668,0.7305637329771001,0.713511677956162,0.8515887719653349,0.8518288575722991,0.4593493880265633],[0.8999777795719371,0.901139717150362,0.8999777795719371,0.8857412335937277,0.8857412335937277,0.9260513689237012,0.9260513689237012,1.0,1.0,0.8306858841122662,0.9388815951416795,0.8341929579995058,0.9472624018480268,0.9423625129618453,0.9386587975170745,0.9269545188975842,0.9418671289689636,0.9722162710990216,0.5711681284473626,0.07647220822356807,0.8442617613410882,0.5131741087576197,-0.2634058887604568,0.02877057015521985,0.7848466346818161,0.792740434395542,0.8659120442620786,0.8458208856018312,0.7480522854718694,0.8711107082532032,0.7734305982521965,0.7197651953712328,0.77852853640081,0.8392342139922135,0.7979979344289598],[0.8999777795719371,0.901139717150362,0.8999777795719371,0.8857412335937277,0.8857412335937277,0.9260513689237012,0.9260513689237012,1.0,1.0,0.8306858841122662,0.9388815951416795,0.8341929579995058,0.9472624018480268,0.9423625129618453,0.9386587975170745,0.9269545188975842,0.9418671289689636,0.9722162710990216,0.5711681284473626,0.07647220822356807,0.8442617613410882,0.5131741087576197,-0.2634058887604568,0.02877057015521985,0.7848466346818161,0.792740434395542,0.8659120442620786,0.8458208856018312,0.7480522854718694,0.8711107082532032,0.7734305982521965,0.7197651953712328,0.77852853640081,0.8392342139922135,0.7979979344289598],[0.8654123080298132,0.866119630275828,0.8654123080298132,0.8507962588359036,0.8507962588359036,0.8458509560066815,0.8458509560066815,0.8306858841122662,0.8306858841122662,1.0,0.8440514247157527,0.9999758616136668,0.8153607853751268,0.7653072880138236,0.8457663369729901,0.8480823622422083,0.8613265938810232,0.8650047576738289,0.7276466271663149,0.24312695707374316,0.8359203390517805,0.6888852792179159,-0.276323167302094,0.393928942301559,0.8392512151462503,0.6667861403075234,0.8215281639627379,0.8127760424951257,0.7025091031909203,0.6863475464023633,0.7778796328391288,0.7728868975977063,0.7889601525199709,0.831018902279082,0.756385905026149],[0.9949291572226483,0.9949108391765793,0.9949291572226483,0.9994862117284758,0.9994862117284758,0.9525983241760323,0.9525983241760323,0.9388815951416795,0.9388815951416795,0.8440514247157527,1.0,0.8437861015859089,0.9886625409170621,0.9851497833246969,0.9999161859911371,0.9528938878366859,0.9939478780968038,0.9205126489288622,0.8499584678328447,0.12081663114760081,0.9958741919801104,0.8605546938911781,-0.45620666538218063,0.3563700027690154,0.8529272071760777,0.9054148173595218,0.9431459736236919,0.9135589094599255,0.812005281215961,0.8988981079891979,0.8743183139167017,0.8074902117295025,0.8989839908711978,0.9432881116515701,0.7740178644490819],[0.8903152522811969,0.891379132571313,0.8903152522811969,0.8808229313715752,0.8808229313715752,0.8650707809787458,0.8650707809787458,0.8341929579995058,0.8341929579995058,0.9999758616136668,0.8437861015859089,1.0,0.8125749862210886,0.7617143309697778,0.8434811226250215,0.8659303212515584,0.8670801389794227,0.8643585357945076,0.69143275150312,0.010666087875780291,0.8638631924251614,0.5460489464987544,-0.20179596435842978,-0.2347352900327026,0.8504257906462203,0.7314455934219488,0.8080677227173456,0.8395579802768498,0.7551106859566601,0.6961312338000756,0.7572765957764361,0.7051065360230049,0.8301905312431107,0.7314028455469604,0.7207538444216911],[0.9929493660142154,0.9926845479475231,0.9929493660142154,0.9889700055890295,0.9889700055890295,0.9761572292401397,0.9761572292401397,0.9472624018480268,0.9472624018480268,0.8153607853751268,0.9886625409170621,0.8125749862210886,1.0,0.9997079201635706,0.9886467491204621,0.9743823159198735,0.9903047286738634,0.9159191428251819,0.8212732133514242,0.1573147700460437,0.9863797184095425,0.8832583862383525,-0.6330652434290532,0.43227725404509443,0.8323440064865746,0.9123510845853624,0.9589963407948031,0.9083179520078674,0.7405205332968218,0.8991594317985014,0.8553465209633704,0.7975628723520021,0.881461930329303,0.9628118075521648,0.8079410010014886],[0.9926549683600513,0.9920939889065773,0.9926549683600513,0.9850018412427313,0.9850018412427313,0.9747070106500539,0.9747070106500539,0.9423625129618453,0.9423625129618453,0.7653072880138236,0.9851497833246969,0.7617143309697778,0.9997079201635706,1.0,0.9853116618075562,0.9719118444650792,0.9887679217539453,0.9025031321259402,0.8403199975514499,0.03468381227509266,0.9809849974894274,0.8919368205190741,-0.8325247184929363,0.4768308511962172,0.7869172019583324,0.9165250455325454,0.9565964284827874,0.8951991858807978,0.6623549750379073,0.9091530293797854,0.8437268722349663,0.7469303768325398,0.9124377213177194,0.964882836347254,0.7749967011341233],[0.9949364343164304,0.99491566318398,0.9949364343164304,0.9994363417558317,0.9994363417558317,0.9523501254476875,0.9523501254476875,0.9386587975170745,0.9386587975170745,0.8457663369729901,0.9999161859911371,0.8434811226250215,0.9886467491204621,0.9853116618075562,1.0,0.9527722361880826,0.9939773381913435,0.9208427979547485,0.8510995979056152,0.11988941904367482,0.9957498497210352,0.8601111476822654,-0.45383469297715695,0.355296167906113,0.852685057263963,0.9026350570626867,0.9422749266312851,0.9140184038282472,0.8134254338029631,0.8984312047944553,0.8755028819068974,0.8083904018197295,0.8988677247715471,0.9431793133331107,0.7741720829937984],[0.9728258470139266,0.9721086946690813,0.9728258470139266,0.9556094119167742,0.9556094119167742,0.9990241922177837,0.9990241922177837,0.9269545188975842,0.9269545188975842,0.8480823622422083,0.9528938878366859,0.8659303212515584,0.9743823159198735,0.9719118444650792,0.9527722361880826,1.0,0.9744460409524546,0.9189010709547737,0.6829377321239095,-0.026694566618822357,0.9451622146347604,0.596586202454371,-0.3726898325934588,-0.1634165411349444,0.9029645218344043,0.9046909318990476,0.9235673324657976,0.9058219609224584,0.7752697632016801,0.8408566654651219,0.7797310319789402,0.7706866445673705,0.8749175594062057,0.8491082904097149,0.7852130509530479],[0.9989350509857241,0.9989358287534715,0.9989350509857241,0.9949057349660658,0.9949057349660658,0.9729383395870628,0.9729383395870628,0.9418671289689636,0.9418671289689636,0.8613265938810232,0.9939478780968038,0.8670801389794227,0.9903047286738634,0.9887679217539453,0.9939773381913435,0.9744460409524546,1.0,0.9388798619998416,0.8558875616132793,0.12276458598211502,0.9872037111506584,0.8300996206207115,-0.4359699822827676,0.3701538706876219,0.8891213719902559,0.9133255568964761,0.9473479689503731,0.9380548913387423,0.831164176232952,0.8866876785076151,0.9009672752564356,0.8396835478487286,0.910861463133243,0.9486739111662786,0.8312764150261247],[0.9245564579811498,0.9250457490691705,0.9245564579811498,0.9045906101886418,0.9045906101886418,0.9191848639616572,0.9191848639616572,0.9722162710990216,0.9722162710990216,0.8650047576738289,0.9205126489288622,0.8643585357945076,0.9159191428251819,0.9025031321259402,0.9208427979547485,0.9189010709547737,0.9388798619998416,1.0,0.7333374518052623,0.0011013928323208107,0.8679202112366122,0.5217064585588239,-0.15506342431112036,-0.2037869919565852,0.8238971810944304,0.8066691838037529,0.830651728425341,0.9135161236701972,0.8328712256850832,0.7961683370422482,0.7473910380324492,0.7034900456478472,0.839502097993845,0.7688178851392319,0.8470704941393069],[0.7853462835589042,0.805080990143659,0.7853462835589042,0.764088421835378,0.764088421835378,0.6340877592794277,0.6340877592794277,0.5711681284473626,0.5711681284473626,0.7276466271663149,0.8499584678328447,0.69143275150312,0.8212732133514242,0.8403199975514499,0.8510995979056152,0.6829377321239095,0.8558875616132793,0.7333374518052623,1.0,0.051305541529077146,0.7266594488878888,-0.4149950159832698,0.35719913530414893,-0.6598097192428108,0.34016367439070333,0.7805590619439468,0.4946710680183548,0.8324150859952354,0.6866984202144261,0.0682359757556996,0.2905783248223586,0.5610381792410791,0.779410265983332,0.46143443814802876,-0.16575037196722653],[-0.09978139646787104,0.1097747952888621,-0.09978139646787104,-0.10537027793490891,-0.10537027793490891,-0.04453447642099863,-0.04453447642099863,0.07647220822356807,0.07647220822356807,0.24312695707374316,0.12081663114760081,0.010666087875780291,0.1573147700460437,0.03468381227509266,0.11988941904367482,-0.026694566618822357,0.12276458598211502,0.0011013928323208107,0.051305541529077146,1.0,-0.06248803671976722,0.1283750924137928,0.13239884215485953,0.7516001314766148,-0.08146425238472346,0.014943131938801974,0.016629610164987874,0.18546778136660672,0.023105403183515633,0.09490468171323131,0.36791292465902675,0.5818471315011077,-0.09388259221145669,0.13246149242339544,0.17019244252122287],[0.9773699414369914,0.9686260775069983,0.9773699414369914,0.9892213822579161,0.9892213822579161,0.9350533308487008,0.9350533308487008,0.8442617613410882,0.8442617613410882,0.8359203390517805,0.9958741919801104,0.8638631924251614,0.9863797184095425,0.9809849974894274,0.9957498497210352,0.9451622146347604,0.9872037111506584,0.8679202112366122,0.7266594488878888,-0.06248803671976722,1.0,0.02029165707249585,-0.1363772480788182,-0.31256288037404223,0.6805850194306465,0.9239922999121971,0.8988612378557728,0.860878112350682,0.7563049896571605,0.531975307928958,0.5810206151159852,0.5403793836462306,0.9023548287403574,0.6464602134965381,0.16182438922753972],[0.09105786966057877,-0.08552937025375523,0.09105786966057877,0.11132775986858864,0.11132775986858864,0.2658094087876592,0.2658094087876592,0.5131741087576197,0.5131741087576197,0.6888852792179159,0.8605546938911781,0.5460489464987544,0.8832583862383525,0.8919368205190741,0.8601111476822654,0.596586202454371,0.8300996206207115,0.5217064585588239,-0.4149950159832698,0.1283750924137928,0.02029165707249585,1.0,-0.436066579285092,0.7599696648859992,0.3659778956797572,-0.010385919090195853,0.2719216607513018,-0.13988011562446406,0.03925513192522992,0.5689472793334448,0.4569545597633136,0.18611977515408049,-0.05752534210300358,0.3651810269324892,0.46325087459381853],[-0.04226978640936551,-0.03366021493854858,-0.04226978640936551,-0.07386495622210733,-0.07386495622210733,-0.23925576059066844,-0.23925576059066844,-0.2634058887604568,-0.2634058887604568,-0.276323167302094,-0.45620666538218063,-0.20179596435842978,-0.6330652434290532,-0.8325247184929363,-0.45383469297715695,-0.3726898325934588,-0.4359699822827676,-0.15506342431112036,0.35719913530414893,0.13239884215485953,-0.1363772480788182,-0.436066579285092,1.0,-0.03928512381935704,-0.14187957741054277,-0.10340482757575752,-0.26988178636911736,-0.006135328693575581,-0.04279599046176932,-0.549384478763722,-0.17421085405669232,-0.007303050878207219,0.0011047851303847486,-0.1804458576151191,-0.4006257386827755],[-0.25283723230994243,-0.25309818537630024,-0.25283723230994243,-0.25570356344432843,-0.25570356344432843,-0.11113498892645603,-0.11113498892645603,0.02877057015521985,0.02877057015521985,0.393928942301559,0.3563700027690154,-0.2347352900327026,0.43227725404509443,0.4768308511962172,0.355296167906113,-0.1634165411349444,0.3701538706876219,-0.2037869919565852,-0.6598097192428108,0.7516001314766148,-0.31256288037404223,0.7599696648859992,-0.03928512381935704,1.0,-0.10143268961270908,-0.28691865842875414,-0.05700261984090679,-0.3506011380766859,-0.3277167274706744,0.09262286109505993,0.172826874047046,0.26920432232768143,-0.3820857104350795,0.13132139292809997,0.10142024877338615],[0.8205045374591855,0.6472182132930656,0.8205045374591855,0.8184705787968001,0.8184705787968001,0.8906988900170043,0.8906988900170043,0.7848466346818161,0.7848466346818161,0.8392512151462503,0.8529272071760777,0.8504257906462203,0.8323440064865746,0.7869172019583324,0.852685057263963,0.9029645218344043,0.8891213719902559,0.8238971810944304,0.34016367439070333,-0.08146425238472346,0.6805850194306465,0.3659778956797572,-0.14187957741054277,-0.10143268961270908,1.0,0.5932231597731771,0.8390044758637524,0.48457234145642164,0.6186885752093276,0.534539366330637,0.6492828933225454,0.4191351894030062,0.6985358045586836,0.6994907912939256,0.41100041903987355],[0.9394570053208409,0.9402174809261473,0.9394570053208409,0.9371046751241052,0.9371046751241052,0.8990454044607472,0.8990454044607472,0.792740434395542,0.792740434395542,0.6667861403075234,0.9054148173595218,0.7314455934219488,0.9123510845853624,0.9165250455325454,0.9026350570626867,0.9046909318990476,0.9133255568964761,0.8066691838037529,0.7805590619439468,0.014943131938801974,0.9239922999121971,-0.010385919090195853,-0.10340482757575752,-0.28691865842875414,0.5932231597731771,1.0,0.832775950455947,0.8437177405929391,0.7086081670495403,0.4041956182113017,0.50293606986809,0.5812167131083653,0.8880186811128216,0.6262166529801932,0.06569888278726826],[0.9095144475731053,0.8825274115812825,0.9095144475731053,0.914386755853389,0.914386755853389,0.9279831663574662,0.9279831663574662,0.8659120442620786,0.8659120442620786,0.8215281639627379,0.9431459736236919,0.8080677227173456,0.9589963407948031,0.9565964284827874,0.9422749266312851,0.9235673324657976,0.9473479689503731,0.830651728425341,0.4946710680183548,0.016629610164987874,0.8988612378557728,0.2719216607513018,-0.26988178636911736,-0.05700261984090679,0.8390044758637524,0.832775950455947,1.0,0.7416834944660093,0.5962148797515888,0.5664192473110206,0.5864672227937444,0.5305730591448017,0.8078054656167224,0.8232018196734019,0.2075508729857912],[0.9288245005664508,0.923256462344657,0.9288245005664508,0.917642787312626,0.917642787312626,0.8978588083622266,0.8978588083622266,0.8458208856018312,0.8458208856018312,0.8127760424951257,0.9135589094599255,0.8395579802768498,0.9083179520078674,0.8951991858807978,0.9140184038282472,0.9058219609224584,0.9380548913387423,0.9135161236701972,0.8324150859952354,0.18546778136660672,0.860878112350682,-0.13988011562446406,-0.006135328693575581,-0.3506011380766859,0.48457234145642164,0.8437177405929391,0.7416834944660093,1.0,0.9036612350123068,0.5203839185042921,0.6772819152223213,0.6648908667190606,0.8742743448549203,0.48694786728870865,0.2902685628804744],[0.7765955789255767,0.7885481669134107,0.7765955789255767,0.7870521431897987,0.7870521431897987,0.7360358646378846,0.7360358646378846,0.7480522854718694,0.7480522854718694,0.7025091031909203,0.812005281215961,0.7551106859566601,0.7405205332968218,0.6623549750379073,0.8134254338029631,0.7752697632016801,0.831164176232952,0.8328712256850832,0.6866984202144261,0.023105403183515633,0.7563049896571605,0.03925513192522992,-0.04279599046176932,-0.3277167274706744,0.6186885752093276,0.7086081670495403,0.5962148797515888,0.9036612350123068,1.0,0.5623936460656789,0.660005772144191,0.606304541937752,0.7226613120212877,0.5696152409107245,0.4685383026000611],[0.5071101914627656,0.49770120094565556,0.5071101914627656,0.5336029375572229,0.5336029375572229,0.7204912253915668,0.7204912253915668,0.8711107082532032,0.8711107082532032,0.6863475464023633,0.8988981079891979,0.6961312338000756,0.8991594317985014,0.9091530293797854,0.8984312047944553,0.8408566654651219,0.8866876785076151,0.7961683370422482,0.0682359757556996,0.09490468171323131,0.531975307928958,0.5689472793334448,-0.549384478763722,0.09262286109505993,0.534539366330637,0.4041956182113017,0.5664192473110206,0.5203839185042921,0.5623936460656789,1.0,0.7377871799180337,0.3747714110725774,0.4600483852433168,0.5483540947935156,0.7711561953355123],[0.6219809610954998,0.6186353856394835,0.6219809610954998,0.6162168071296572,0.6162168071296572,0.7305637329771001,0.7305637329771001,0.7734305982521965,0.7734305982521965,0.7778796328391288,0.8743183139167017,0.7572765957764361,0.8553465209633704,0.8437268722349663,0.8755028819068974,0.7797310319789402,0.9009672752564356,0.7473910380324492,0.2905783248223586,0.36791292465902675,0.5810206151159852,0.4569545597633136,-0.17421085405669232,0.172826874047046,0.6492828933225454,0.50293606986809,0.5864672227937444,0.6772819152223213,0.660005772144191,0.7377871799180337,1.0,0.7781001022693675,0.4784731779092633,0.7205780287147322,0.5460799208470318],[0.638603340191891,0.6655953489067217,0.638603340191891,0.6121898866523415,0.6121898866523415,0.713511677956162,0.713511677956162,0.7197651953712328,0.7197651953712328,0.7728868975977063,0.8074902117295025,0.7051065360230049,0.7975628723520021,0.7469303768325398,0.8083904018197295,0.7706866445673705,0.8396835478487286,0.7034900456478472,0.5610381792410791,0.5818471315011077,0.5403793836462306,0.18611977515408049,-0.007303050878207219,0.26920432232768143,0.4191351894030062,0.5812167131083653,0.5305730591448017,0.6648908667190606,0.606304541937752,0.3747714110725774,0.7781001022693675,1.0,0.48796140633317586,0.6653844921838621,0.19642055193312796],[0.9306691629426014,0.927831384327341,0.9306691629426014,0.9235616742491346,0.9235616742491346,0.8515887719653349,0.8515887719653349,0.77852853640081,0.77852853640081,0.7889601525199709,0.8989839908711978,0.8301905312431107,0.881461930329303,0.9124377213177194,0.8988677247715471,0.8749175594062057,0.910861463133243,0.839502097993845,0.779410265983332,-0.09388259221145669,0.9023548287403574,-0.05752534210300358,0.0011047851303847486,-0.3820857104350795,0.6985358045586836,0.8880186811128216,0.8078054656167224,0.8742743448549203,0.7226613120212877,0.4600483852433168,0.4784731779092633,0.48796140633317586,1.0,0.7166198008646648,0.15985213438899662],[0.8187005106090965,0.6684502645937153,0.8187005106090965,0.808422442697384,0.808422442697384,0.8518288575722991,0.8518288575722991,0.8392342139922135,0.8392342139922135,0.831018902279082,0.9432881116515701,0.7314028455469604,0.9628118075521648,0.964882836347254,0.9431793133331107,0.8491082904097149,0.9486739111662786,0.7688178851392319,0.46143443814802876,0.13246149242339544,0.6464602134965381,0.3651810269324892,-0.1804458576151191,0.13132139292809997,0.6994907912939256,0.6262166529801932,0.8232018196734019,0.48694786728870865,0.5696152409107245,0.5483540947935156,0.7205780287147322,0.6653844921838621,0.7166198008646648,1.0,0.16871655712181496],[0.17118533351244183,0.16758309757483922,0.17118533351244183,0.18287686945381812,0.18287686945381812,0.4593493880265633,0.4593493880265633,0.7979979344289598,0.7979979344289598,0.756385905026149,0.7740178644490819,0.7207538444216911,0.8079410010014886,0.7749967011341233,0.7741720829937984,0.7852130509530479,0.8312764150261247,0.8470704941393069,-0.16575037196722653,0.17019244252122287,0.16182438922753972,0.46325087459381853,-0.4006257386827755,0.10142024877338615,0.41100041903987355,0.06569888278726826,0.2075508729857912,0.2902685628804744,0.4685383026000611,0.7711561953355123,0.5460799208470318,0.19642055193312796,0.15985213438899662,0.16871655712181496,1.0]],"x":["^TAIEX       \u81fa\u7063\u52a0\u6b0a\u5831\u916c\u6307\u6578","^TWII        \u81fa\u7063\u52a0\u6b0a\u6307\u6578","^TAIEXx2     \u81fa\u7063\u52a0\u6b0a\u5831\u916c\u6307\u6578_\u65e5\u6b632","^TAI50I      \u81fa\u706350\u5831\u916c\u6307\u6578","^TAI50Ix2    \u81fa\u706350\u5831\u916c\u6307\u6578_\u65e5\u6b632","^TAI100I     \u81fa\u7063\u4e2d\u578b100\u5831\u916c\u6307\u6578","^TAI100Ix2   \u81fa\u7063\u4e2d\u578b100\u5831\u916c\u6307\u6578_\u65e5\u6b632","^TAIDIVIDI   \u81fa\u7063\u9ad8\u80a1\u606f\u5831\u916c\u6307\u6578","^TAIDIVIDIx2 \u81fa\u7063\u9ad8\u80a1\u606f\u5831\u916c\u6307\u6578_\u65e5\u6b632","0050Fund     \u5143\u5927\u53f0\u7063\u5353\u8d8a50\u57fa\u91d1","006208Fund   \u5bcc\u90a6\u53f0\u7063\u91c6\u540950\u57fa\u91d1","0050         \u5143\u5927\u81fa\u706350","00631L       \u5143\u5927\u53f0\u706350\u6b632","00675L       \u5bcc\u90a6\u81fa\u7063\u52a0\u6b0a\u6b632","006208       \u5bcc\u90a6\u53f050","0051         \u5143\u5927\u4e2d\u578b100","006204       \u6c38\u8c50\u81fa\u7063\u52a0\u6b0a","0056         \u5143\u5927\u9ad8\u80a1\u606f","2412         \u4e2d\u83ef\u96fb\u4fe1","2002         \u4e2d\u92fc","2330         \u53f0\u7a4d\u96fb","2317         \u9d3b\u6d77","6505         \u53f0\u5851\u77f3\u5316","3481         \u7fa4\u5275","2303         \u806f\u96fb","2308         \u53f0\u9054\u96fb","2454         \u806f\u767c\u79d1","2886         \u5146\u8c50\u91d1","2884         \u7389\u5c71\u91d1","2891         \u4e2d\u4fe1\u91d1","2892         \u7b2c\u4e00\u91d1","5880         \u5408\u5eab\u91d1","2881         \u5bcc\u90a6\u91d1","2885         \u5143\u5927\u91d1","2887         \u53f0\u65b0\u91d1"],"y":["^TAIEX       \u81fa\u7063\u52a0\u6b0a\u5831\u916c\u6307\u6578","^TWII        \u81fa\u7063\u52a0\u6b0a\u6307\u6578","^TAIEXx2     \u81fa\u7063\u52a0\u6b0a\u5831\u916c\u6307\u6578_\u65e5\u6b632","^TAI50I      \u81fa\u706350\u5831\u916c\u6307\u6578","^TAI50Ix2    \u81fa\u706350\u5831\u916c\u6307\u6578_\u65e5\u6b632","^TAI100I     \u81fa\u7063\u4e2d\u578b100\u5831\u916c\u6307\u6578","^TAI100Ix2   \u81fa\u7063\u4e2d\u578b100\u5831\u916c\u6307\u6578_\u65e5\u6b632","^TAIDIVIDI   \u81fa\u7063\u9ad8\u80a1\u606f\u5831\u916c\u6307\u6578","^TAIDIVIDIx2 \u81fa\u7063\u9ad8\u80a1\u606f\u5831\u916c\u6307\u6578_\u65e5\u6b632","0050Fund     \u5143\u5927\u53f0\u7063\u5353\u8d8a50\u57fa\u91d1","006208Fund   \u5bcc\u90a6\u53f0\u7063\u91c6\u540950\u57fa\u91d1","0050         \u5143\u5927\u81fa\u706350","00631L       \u5143\u5927\u53f0\u706350\u6b632","00675L       \u5bcc\u90a6\u81fa\u7063\u52a0\u6b0a\u6b632","006208       \u5bcc\u90a6\u53f050","0051         \u5143\u5927\u4e2d\u578b100","006204       \u6c38\u8c50\u81fa\u7063\u52a0\u6b0a","0056         \u5143\u5927\u9ad8\u80a1\u606f","2412         \u4e2d\u83ef\u96fb\u4fe1","2002         \u4e2d\u92fc","2330         \u53f0\u7a4d\u96fb","2317         \u9d3b\u6d77","6505         \u53f0\u5851\u77f3\u5316","3481         \u7fa4\u5275","2303         \u806f\u96fb","2308         \u53f0\u9054\u96fb","2454         \u806f\u767c\u79d1","2886         \u5146\u8c50\u91d1","2884         \u7389\u5c71\u91d1","2891         \u4e2d\u4fe1\u91d1","2892         \u7b2c\u4e00\u91d1","5880         \u5408\u5eab\u91d1","2881         \u5bcc\u90a6\u91d1","2885         \u5143\u5927\u91d1","2887         \u53f0\u65b0\u91d1"],"zmin":-1,"zmax":1,"colorbar":{"x":-0.2}}],"layout":{"autotypenumbers":"strict","colorway":["#636efa","#EF553B","#00cc96","#ab63fa","#FFA15A","#19d3f3","#FF6692","#B6E880","#FF97FF","#FECB52"],"font":{"color":"#f2f5fa","family":"Courier New"},"hovermode":"closest","hoverlabel":{"align":"left"},"paper_bgcolor":"rgb(17,17,17)","plot_bgcolor":"rgb(17,17,17)","polar":{"bgcolor":"rgb(17,17,17)","angularaxis":{"gridcolor":"#506784","linecolor":"#506784","ticks":""},"radialaxis":{"gridcolor":"#506784","linecolor":"#506784","ticks":""}},"ternary":{"bgcolor":"rgb(17,17,17)","aaxis":{"gridcolor":"#506784","linecolor":"#506784","ticks":""},"baxis":{"gridcolor":"#506784","linecolor":"#506784","ticks":""},"caxis":{"gridcolor":"#506784","linecolor":"#506784","ticks":""}},"coloraxis":{"colorbar":{"outlinewidth":0,"ticks":""}},"colorscale":{"sequential":[[0.0,"#0d0887"],[0.1111111111111111,"#46039f"],[0.2222222222222222,"#7201a8"],[0.3333333333333333,"#9c179e"],[0.4444444444444444,"#bd3786"],[0.5555555555555556,"#d8576b"],[0.6666666666666666,"#ed7953"],[0.7777777777777778,"#fb9f3a"],[0.8888888888888888,"#fdca26"],[1.0,"#f0f921"]],"sequentialminus":[[0.0,"#0d0887"],[0.1111111111111111,"#46039f"],[0.2222222222222222,"#7201a8"],[0.3333333333333333,"#9c179e"],[0.4444444444444444,"#bd3786"],[0.5555555555555556,"#d8576b"],[0.6666666666666666,"#ed7953"],[0.7777777777777778,"#fb9f3a"],[0.8888888888888888,"#fdca26"],[1.0,"#f0f921"]],"diverging":[[0,"#8e0152"],[0.1,"#c51b7d"],[0.2,"#de77ae"],[0.3,"#f1b6da"],[0.4,"#fde0ef"],[0.5,"#f7f7f7"],[0.6,"#e6f5d0"],[0.7,"#b8e186"],[0.8,"#7fbc41"],[0.9,"#4d9221"],[1,"#276419"]]},"xaxis":{"gridcolor":"rgba(0, 0, 0, 0)","linecolor":"#506784","ticks":"","title":{"standoff":15},"zerolinecolor":"#283442","automargin":true,"zerolinewidth":2,"tickfont":{"family":"Courier New","size":14},"side":"top","tickangle":-90},"yaxis":{"gridcolor":"rgba(0, 0, 0, 0)","linecolor":"#506784","ticks":"","title":{"standoff":15},"zerolinecolor":"#283442","automargin":true,"zerolinewidth":2,"tickfont":{"family":"Courier New"},"side":"right"},"scene":{"xaxis":{"backgroundcolor":"rgb(17,17,17)","gridcolor":"#506784","linecolor":"#506784","showbackground":true,"ticks":"","zerolinecolor":"#C8D4E3","gridwidth":2},"yaxis":{"backgroundcolor":"rgb(17,17,17)","gridcolor":"#506784","linecolor":"#506784","showbackground":true,"ticks":"","zerolinecolor":"#C8D4E3","gridwidth":2},"zaxis":{"backgroundcolor":"rgb(17,17,17)","gridcolor":"#506784","linecolor":"#506784","showbackground":true,"ticks":"","zerolinecolor":"#C8D4E3","gridwidth":2}},"shapedefaults":{"line":{"color":"#f2f5fa"}},"annotationdefaults":{"arrowcolor":"#f2f5fa","arrowhead":0,"arrowwidth":1},"geo":{"bgcolor":"rgb(17,17,17)","landcolor":"rgb(17,17,17)","subunitcolor":"#506784","showland":true,"showlakes":true,"lakecolor":"rgb(17,17,17)"},"title":{"x":0.05,"font":{"family":"Times New Roman"},"y":0.05,"text":"<b>Correlation of Close<b><br><i>2016-09-23 ~ 2025-09-15<i>"},"updatemenudefaults":{"bgcolor":"#506784","borderwidth":0},"sliderdefaults":{"bgcolor":"#C8D4E3","borderwidth":1,"bordercolor":"rgb(17,17,17)","tickwidth":0},"mapbox":{"style":"dark"},"annotations":[{"text":"<b>@zwindr<b>","textangle":0,"opacity":0.5,"font":{"color":"white","size":12},"xref":"paper","yref":"paper","xanchor":"left","yanchor":"bottom","x":1.0,"y":1.0,"showarrow":false}]},"config":{"responsive":true,"toImageButtonOptions":{"filename":"Correlation of Close_2016-09-23~2025-09-15","scale":5}}};Plotly.newPlot("correlationClose",correlationClose.data,correlationClose.layout||{},correlationClose.config);}else{console.log("style display is none => correlationClose");}