var config = { responsive: true }

var correlationAdjClose = {"data": [{"type": "heatmap", "z": [[1.0, 0.9935064831176725, 0.9752478587216987, 0.9978190139855031, 0.9636605089412864, 0.9800299260818323, -0.9380660776185826, 0.9891884079196542, 0.9671986615164296, 0.9966096679636801, 0.9930385451897676, 0.9941893392424231, 0.997245855227229, 0.9775111457491181, 0.9995477513422082, 0.98622107380533, 0.9116374526074036, 0.7621831146583885, 0.9857897412390237, 0.9220528297888299, 0.4967076711616126, -0.2991201289974295, 0.8969715810835087, 0.9728598141353243, 0.950640555768945], [0.9935064831176725, 1.0, 0.970572053163755, 0.9911842253705985, 0.9595377960896789, 0.9750195600570144, -0.9331102041952717, 0.9792427718782576, 0.9598661736446957, 0.9938475233586146, 0.9917962374830066, 0.9911138757661768, 0.9952693583705525, 0.9721561129445367, 0.9962797139450135, 0.9821554279999607, 0.9001313143874401, 0.7680393894101849, 0.9663811640299322, 0.8997716940204588, 0.4931944441280705, -0.22043766001672918, 0.8685628697647415, 0.9599104245632335, 0.9511558889038818], [0.9752478587216987, 0.970572053163755, 1.0, 0.981165158173096, 0.9962940821472475, 0.9783796714198497, -0.9744442018522754, 0.9682000328648206, 0.9825770103957436, 0.9852491684808058, 0.997575983599837, 0.9975533114452226, 0.988215128419842, 0.9767547396291979, 0.9872436871573944, 0.9748325117464621, 0.8121811603229231, 0.65317740774847, 0.9892572960027314, 0.9103023723025865, 0.32977749524714284, -0.21612151287144685, 0.9058044391793263, 0.9383283027591199, 0.9772217749108558], [0.9978190139855031, 0.9911842253705985, 0.981165158173096, 1.0, 0.9747411020717917, 0.9722351459472584, -0.9325963410153786, 0.9836244669286933, 0.964313931658922, 0.9992428260253333, 0.9924752327193782, 0.9913495431190817, 0.9999009700649696, 0.9673446878090286, 0.9960149828069471, 0.9810004692518219, 0.8973477025490444, 0.7352627640906793, 0.9931520069772249, 0.9238850766759988, 0.4774873580353513, -0.29126155851307417, 0.896852803613343, 0.9667532992712091, 0.956367771669076], [0.9636605089412864, 0.9595377960896789, 0.9962940821472475, 0.9747411020717917, 1.0, 0.9583107906965694, -0.9560302964233482, 0.9536142734068288, 0.9703216975945158, 0.9814604894826021, 0.9885535388144507, 0.985082962472091, 0.9844375190244874, 0.955864574172608, 0.9757357397269046, 0.9603916642860788, 0.7920506488831786, 0.6216412518408475, 0.988140868913317, 0.9074546704259195, 0.3110971939018214, -0.2097199109016843, 0.8897499414471208, 0.9232507919889792, 0.9747877313443962], [0.9800299260818323, 0.9750195600570144, 0.9783796714198497, 0.9722351459472584, 0.9583107906965694, 1.0, -0.9792339964432826, 0.9789781906487816, 0.9784908983856637, 0.9713465804359118, 0.9756530602566805, 0.9735717024768975, 0.9680235178395434, 0.9988510797627047, 0.9856916394436996, 0.9854797786217159, 0.8494319103371857, 0.7283247488930642, 0.9668114235457013, 0.888530578191603, 0.35776980933011376, -0.20532649893837318, 0.9347164013752453, 0.9546773326849929, 0.9575286814764676], [-0.9380660776185826, -0.9331102041952717, -0.9744442018522754, -0.9325963410153786, -0.9560302964233482, -0.9792339964432826, 1.0, -0.9477325508113789, -0.9822982576702004, -0.9404895644456277, -0.9723731657522171, -0.9744427348558068, -0.9463345213608509, -0.9856928935537425, -0.9626429721479889, -0.964060503978355, -0.7559977225324959, -0.623730197705289, -0.9393115261556835, -0.8748692722834767, -0.20974047848927407, 0.13451862956078145, -0.9014299195027667, -0.9075793553810757, -0.9549135260113683], [0.9891884079196542, 0.9792427718782576, 0.9682000328648206, 0.9836244669286933, 0.9536142734068288, 0.9789781906487816, -0.9477325508113789, 1.0, 0.9809947232545119, 0.9804358071552176, 0.9742403581576472, 0.9733654412112993, 0.978823659843162, 0.9749478773453567, 0.986630846899655, 0.9963165809362678, 0.9191814972201807, 0.7008709563911447, 0.9735803496958032, 0.894682543435975, 0.37009887408900266, -0.3069825678922513, 0.9024523570398097, 0.9532775828753423, 0.9322840371338028], [0.9671986615164296, 0.9598661736446957, 0.9825770103957436, 0.964313931658922, 0.9703216975945158, 0.9784908983856637, -0.9822982576702004, 0.9809947232545119, 1.0, 0.9634534408496355, 0.9708938707139606, 0.9678362531011802, 0.9603548420476323, 0.9766842656204759, 0.9677558679542915, 0.986751418403556, 0.8407587335806885, 0.626331029907509, 0.9649570946833417, 0.9027228256277711, 0.2237290448055955, -0.21983524469992477, 0.8837846622993256, 0.927288053700367, 0.9560771986241541], [0.9966096679636801, 0.9938475233586146, 0.9852491684808058, 0.9992428260253333, 0.9814604894826021, 0.9713465804359118, -0.9404895644456277, 0.9804358071552176, 0.9634534408496355, 1.0, 0.9913255239436699, 0.9897951385223037, 0.9998344833141363, 0.9683135120095858, 0.9952348045773244, 0.9811198780232883, 0.9094113244101606, 0.7141149383119478, 0.99553493285575, 0.9169697336032274, 0.30907155084432725, -0.218596615111059, 0.9299526569324491, 0.9558409097645203, 0.9542849437431864], [0.9930385451897676, 0.9917962374830066, 0.997575983599837, 0.9924752327193782, 0.9885535388144507, 0.9756530602566805, -0.9723731657522171, 0.9742403581576472, 0.9708938707139606, 0.9913255239436699, 1.0, 0.9996545363249371, 0.9921735090098587, 0.9766904811611994, 0.9933489925407739, 0.9756734866468321, 0.903929898094015, 0.6147789591172714, 0.9884498464212798, 0.8874336261684403, -0.24585587049761495, 0.5764590862907322, 0.9072215215381538, 0.951570422334024, 0.9769708873628594], [0.9941893392424231, 0.9911138757661768, 0.9975533114452226, 0.9913495431190817, 0.985082962472091, 0.9735717024768975, -0.9744427348558068, 0.9733654412112993, 0.9678362531011802, 0.9897951385223037, 0.9996545363249371, 1.0, 0.9910351444867269, 0.9747077345408912, 0.9942280970392856, 0.9750072944942011, 0.9137672679614657, 0.5067798875346292, 0.9840364686350183, 0.8738115439493002, -0.6776451667780654, 0.5773137678492722, 0.8803618959527829, 0.9483139947871587, 0.9765639856954129], [0.997245855227229, 0.9952693583705525, 0.988215128419842, 0.9999009700649696, 0.9844375190244874, 0.9680235178395434, -0.9463345213608509, 0.978823659843162, 0.9603548420476323, 0.9998344833141363, 0.9921735090098587, 0.9910351444867269, 1.0, 0.9688283932100797, 0.9955737418808828, 0.9799018053878155, 0.9266445684704749, 0.6776441764277668, 0.9970747432688281, 0.896111310561417, 0.062486450218097275, 0.5186510095054502, 0.9198676249837142, 0.94781726966007, 0.9625399696531798], [0.9775111457491181, 0.9721561129445367, 0.9767547396291979, 0.9673446878090286, 0.955864574172608, 0.9988510797627047, -0.9856928935537425, 0.9749478773453567, 0.9766842656204759, 0.9683135120095858, 0.9766904811611994, 0.9747077345408912, 0.9688283932100797, 1.0, 0.9858684397804429, 0.9831721161214894, 0.8633369053223554, 0.7318741366527408, 0.9621898433685284, 0.8776682178034978, 0.22151860881200516, -0.13854162618954935, 0.9440504500907262, 0.9495567028941798, 0.9566269663133502], [0.9995477513422082, 0.9962797139450135, 0.9872436871573944, 0.9960149828069471, 0.9757357397269046, 0.9856916394436996, -0.9626429721479889, 0.986630846899655, 0.9677558679542915, 0.9952348045773244, 0.9933489925407739, 0.9942280970392856, 0.9955737418808828, 0.9858684397804429, 1.0, 0.9869634112073039, 0.9337964601139355, 0.713199387991867, 0.989622745839757, 0.8927876469082001, 0.10586504961054058, 0.5258687203095491, 0.937317182071989, 0.9582466175734417, 0.9617608809681785], [0.98622107380533, 0.9821554279999607, 0.9748325117464621, 0.9810004692518219, 0.9603916642860788, 0.9854797786217159, -0.964060503978355, 0.9963165809362678, 0.986751418403556, 0.9811198780232883, 0.9756734866468321, 0.9750072944942011, 0.9799018053878155, 0.9831721161214894, 0.9869634112073039, 1.0, 0.9012360155363517, 0.7028361714758213, 0.9728832987124771, 0.8941683165638981, 0.30285826751608635, -0.21035823298476422, 0.9143172625742614, 0.9428322683668189, 0.9437117554033145], [0.9116374526074036, 0.9001313143874401, 0.8121811603229231, 0.8973477025490444, 0.7920506488831786, 0.8494319103371857, -0.7559977225324959, 0.9191814972201807, 0.8407587335806885, 0.9094113244101606, 0.903929898094015, 0.9137672679614657, 0.9266445684704749, 0.8633369053223554, 0.9337964601139355, 0.9012360155363517, 1.0, 0.8605546418244644, 0.8456536583857932, 0.8715000721434659, 0.7427120116154837, -0.5487234163496139, 0.6681798185790544, 0.9092466974957792, 0.7846923871099007], [0.7621831146583885, 0.7680393894101849, 0.65317740774847, 0.7352627640906793, 0.6216412518408475, 0.7283247488930642, -0.623730197705289, 0.7008709563911447, 0.626331029907509, 0.7141149383119478, 0.6147789591172714, 0.5067798875346292, 0.6776441764277668, 0.7318741366527408, 0.713199387991867, 0.7028361714758213, 0.8605546418244644, 1.0, 0.6556622081588093, 0.758843020589107, 0.7361272152747226, -0.11879931664910978, 0.5389990703147856, 0.7723936650023572, 0.659075087393783], [0.9857897412390237, 0.9663811640299322, 0.9892572960027314, 0.9931520069772249, 0.988140868913317, 0.9668114235457013, -0.9393115261556835, 0.9735803496958032, 0.9649570946833417, 0.99553493285575, 0.9884498464212798, 0.9840364686350183, 0.9970747432688281, 0.9621898433685284, 0.989622745839757, 0.9728832987124771, 0.8456536583857932, 0.6556622081588093, 1.0, 0.8948726317725538, 0.40711565155522117, -0.28516389407638154, 0.885378286896209, 0.9489781164771597, 0.9659424723890986], [0.9220528297888299, 0.8997716940204588, 0.9103023723025865, 0.9238850766759988, 0.9074546704259195, 0.888530578191603, -0.8748692722834767, 0.894682543435975, 0.9027228256277711, 0.9169697336032274, 0.8874336261684403, 0.8738115439493002, 0.896111310561417, 0.8776682178034978, 0.8927876469082001, 0.8941683165638981, 0.8715000721434659, 0.758843020589107, 0.8948726317725538, 1.0, 0.4512354497943241, -0.19679033753254, 0.6905333498347245, 0.9176523849169045, 0.8790111295054656], [0.4967076711616126, 0.4931944441280705, 0.32977749524714284, 0.4774873580353513, 0.3110971939018214, 0.35776980933011376, -0.20974047848927407, 0.37009887408900266, 0.2237290448055955, 0.30907155084432725, -0.24585587049761495, -0.6776451667780654, 0.062486450218097275, 0.22151860881200516, 0.10586504961054058, 0.30285826751608635, 0.7427120116154837, 0.7361272152747226, 0.40711565155522117, 0.4512354497943241, 1.0, -0.42322821468657684, 0.3244551582002113, 0.47964188484751863, 0.273998842182744], [-0.2991201289974295, -0.22043766001672918, -0.21612151287144685, -0.29126155851307417, -0.2097199109016843, -0.20532649893837318, 0.13451862956078145, -0.3069825678922513, -0.21983524469992477, -0.218596615111059, 0.5764590862907322, 0.5773137678492722, 0.5186510095054502, -0.13854162618954935, 0.5258687203095491, -0.21035823298476422, -0.5487234163496139, -0.11879931664910978, -0.28516389407638154, -0.19679033753254, -0.42322821468657684, 1.0, -0.1397527368748048, -0.33076671172775474, -0.15987984358091717], [0.8969715810835087, 0.8685628697647415, 0.9058044391793263, 0.896852803613343, 0.8897499414471208, 0.9347164013752453, -0.9014299195027667, 0.9024523570398097, 0.8837846622993256, 0.9299526569324491, 0.9072215215381538, 0.8803618959527829, 0.9198676249837142, 0.9440504500907262, 0.937317182071989, 0.9143172625742614, 0.6681798185790544, 0.5389990703147856, 0.885378286896209, 0.6905333498347245, 0.3244551582002113, -0.1397527368748048, 1.0, 0.8291276628104638, 0.8836055027936905], [0.9728598141353243, 0.9599104245632335, 0.9383283027591199, 0.9667532992712091, 0.9232507919889792, 0.9546773326849929, -0.9075793553810757, 0.9532775828753423, 0.927288053700367, 0.9558409097645203, 0.951570422334024, 0.9483139947871587, 0.94781726966007, 0.9495567028941798, 0.9582466175734417, 0.9428322683668189, 0.9092466974957792, 0.7723936650023572, 0.9489781164771597, 0.9176523849169045, 0.47964188484751863, -0.33076671172775474, 0.8291276628104638, 1.0, 0.926694430328798], [0.950640555768945, 0.9511558889038818, 0.9772217749108558, 0.956367771669076, 0.9747877313443962, 0.9575286814764676, -0.9549135260113683, 0.9322840371338028, 0.9560771986241541, 0.9542849437431864, 0.9769708873628594, 0.9765639856954129, 0.9625399696531798, 0.9566269663133502, 0.9617608809681785, 0.9437117554033145, 0.7846923871099007, 0.659075087393783, 0.9659424723890986, 0.8790111295054656, 0.273998842182744, -0.15987984358091717, 0.8836055027936905, 0.926694430328798, 1.0]], "x": ["^TAIEX       \u81fa\u7063\u52a0\u6b0a\u5831\u916c\u6307\u6578", "^TWII        \u81fa\u7063\u52a0\u6b0a\u6307\u6578", "^TAIEXx2     \u81fa\u7063\u52a0\u6b0a\u5831\u916c\u6307\u6578_\u65e5\u6b632", "^TAI50I      \u81fa\u706350\u5831\u916c\u6307\u6578", "^TAI50Ix2    \u81fa\u706350\u5831\u916c\u6307\u6578_\u65e5\u6b632", "^TAI100I     \u81fa\u7063\u4e2d\u578b100\u5831\u916c\u6307\u6578", "^TAI100Ix2   \u81fa\u7063\u4e2d\u578b100\u5831\u916c\u6307\u6578_\u65e5\u6b632", "^TAIDIVIDI   \u81fa\u7063\u9ad8\u80a1\u606f\u5831\u916c\u6307\u6578", "^TAIDIVIDIx2 \u81fa\u7063\u9ad8\u80a1\u606f\u5831\u916c\u6307\u6578_\u65e5\u6b632", "0050         \u5143\u5927\u81fa\u706350", "00631L       \u5143\u5927\u53f0\u706350\u6b632", "00675L       \u5bcc\u90a6\u81fa\u7063\u52a0\u6b0a\u6b632", "006208       \u5bcc\u90a6\u53f050", "0051         \u5143\u5927\u4e2d\u578b100", "006204       \u6c38\u8c50\u81fa\u7063\u52a0\u6b0a", "0056         \u5143\u5927\u9ad8\u80a1\u606f", "2412         \u4e2d\u83ef\u96fb\u4fe1", "2002         \u4e2d\u92fc", "2330         \u53f0\u7a4d\u96fb", "2317         \u9d3b\u6d77", "6505         \u53f0\u5851\u77f3\u5316", "3481         \u7fa4\u5275", "2303         \u806f\u96fb", "2308         \u53f0\u9054\u96fb", "2454         \u806f\u767c\u79d1"], "y": ["^TAIEX       \u81fa\u7063\u52a0\u6b0a\u5831\u916c\u6307\u6578", "^TWII        \u81fa\u7063\u52a0\u6b0a\u6307\u6578", "^TAIEXx2     \u81fa\u7063\u52a0\u6b0a\u5831\u916c\u6307\u6578_\u65e5\u6b632", "^TAI50I      \u81fa\u706350\u5831\u916c\u6307\u6578", "^TAI50Ix2    \u81fa\u706350\u5831\u916c\u6307\u6578_\u65e5\u6b632", "^TAI100I     \u81fa\u7063\u4e2d\u578b100\u5831\u916c\u6307\u6578", "^TAI100Ix2   \u81fa\u7063\u4e2d\u578b100\u5831\u916c\u6307\u6578_\u65e5\u6b632", "^TAIDIVIDI   \u81fa\u7063\u9ad8\u80a1\u606f\u5831\u916c\u6307\u6578", "^TAIDIVIDIx2 \u81fa\u7063\u9ad8\u80a1\u606f\u5831\u916c\u6307\u6578_\u65e5\u6b632", "0050         \u5143\u5927\u81fa\u706350", "00631L       \u5143\u5927\u53f0\u706350\u6b632", "00675L       \u5bcc\u90a6\u81fa\u7063\u52a0\u6b0a\u6b632", "006208       \u5bcc\u90a6\u53f050", "0051         \u5143\u5927\u4e2d\u578b100", "006204       \u6c38\u8c50\u81fa\u7063\u52a0\u6b0a", "0056         \u5143\u5927\u9ad8\u80a1\u606f", "2412         \u4e2d\u83ef\u96fb\u4fe1", "2002         \u4e2d\u92fc", "2330         \u53f0\u7a4d\u96fb", "2317         \u9d3b\u6d77", "6505         \u53f0\u5851\u77f3\u5316", "3481         \u7fa4\u5275", "2303         \u806f\u96fb", "2308         \u53f0\u9054\u96fb", "2454         \u806f\u767c\u79d1"], "zmin": -1, "zmax": 1, "colorbar": {"x": -0.2}}], "layout": {"title": {"text": "<b>Correlation of Adj Close <b><br><i>2016/09/23 ~ 2025/05/06<i>", "y": 0.05, "font": {"family": "Times New Roman"}, "x": 0.05}, "xaxis": {"side": "top", "tickangle": -90, "gridcolor": "rgba(0, 0, 0, 0)", "tickfont": {"family": "Courier New", "size": 14}, "automargin": true}, "yaxis": {"side": "right", "gridcolor": "rgba(0, 0, 0, 0)", "tickfont": {"family": "Courier New"}, "automargin": true}, "height": 600, "font": {"family": "Courier New", "color": "#ffffff"}, "plot_bgcolor": "#000", "paper_bgcolor": "#000"}};

Plotly.newPlot("correlationAdjClose",
    correlationAdjClose.data,
    correlationAdjClose.layout || {},
    config);