var config = { responsive: true }

var correlationClose = {"data": [{"type": "heatmap", "z": [[1.0, 0.9999999999999982, 1.0, 0.9957259861164592, 0.9957259861164592, 0.9589999210077654, 0.9589999210077654, 0.8905936378407644, 0.8905936378407644, 0.9959868601539421, 0.9921387676538513, 0.9917572267935875, 0.9952642415714138, 0.9704175633939998, 0.9988146539503465, 0.9281447161243842, 0.8096229416709919, 0.26622897521393524, 0.9776513423758966, 0.8032704324002664, 0.09077163058381163, -0.27967154785224174, 0.7631500706351215, 0.9471709113909406, 0.9190705365799541], [0.9999999999999982, 1.0, 0.9999999999999984, 0.995660354218653, 0.995660354218653, 0.9583224682927108, 0.9583224682927108, 0.8920512154647341, 0.8920512154647341, 0.9959465212059196, 0.9918546958371599, 0.9911122807514356, 0.9952172841238898, 0.9695827417964414, 0.9988185236641021, 0.9288261637194409, 0.8173108067525209, 0.40243718130950706, 0.9703287727107697, 0.7748762006936728, 0.09888748534649927, -0.27927479287430396, 0.6585995764173852, 0.9478440111715714, 0.9249426495419454], [1.0, 0.9999999999999984, 1.0, 0.9957259861164592, 0.9957259861164592, 0.9589999210077654, 0.9589999210077654, 0.8905936378407644, 0.8905936378407644, 0.9959868601539421, 0.9921387676538513, 0.9917572267935875, 0.9952642415714138, 0.9704175633939998, 0.9988146539503465, 0.9281447161243842, 0.8096229416709919, 0.26622897521393524, 0.9776513423758966, 0.8032704324002664, 0.09077163058381163, -0.27967154785224174, 0.7631500706351215, 0.9471709113909406, 0.9190705365799541], [0.9957259861164592, 0.995660354218653, 0.9957259861164592, 1.0, 1.0, 0.9457387219586844, 0.9457387219586844, 0.8762271962674371, 0.8762271962674371, 0.9996159245020516, 0.9880995464578378, 0.9839903088908393, 0.999350890352236, 0.9527392457735026, 0.9946584872066655, 0.9112192315448209, 0.786452956985814, 0.24046481286552518, 0.9888190942109121, 0.7957449671804423, 0.06145296112847799, -0.28424867217631566, 0.7725784440139595, 0.9354799557365279, 0.9195400515275968], [0.9957259861164592, 0.995660354218653, 0.9957259861164592, 1.0, 1.0, 0.9457387219586844, 0.9457387219586844, 0.8762271962674371, 0.8762271962674371, 0.9996159245020516, 0.9880995464578378, 0.9839903088908393, 0.999350890352236, 0.9527392457735026, 0.9946584872066655, 0.9112192315448209, 0.786452956985814, 0.24046481286552518, 0.9888190942109121, 0.7957449671804423, 0.06145296112847799, -0.28424867217631566, 0.7725784440139595, 0.9354799557365279, 0.9195400515275968], [0.9589999210077654, 0.9583224682927108, 0.9589999210077654, 0.9457387219586844, 0.9457387219586844, 1.0, 1.0, 0.9193203418779656, 0.9193203418779656, 0.9493981756347398, 0.9761010252850493, 0.975016913430198, 0.9502246141229648, 0.9989494543453437, 0.9709777222011985, 0.9191053060308085, 0.681611621091965, 0.20010270515929665, 0.9297546854923029, 0.7299049029875098, -0.1390352467044777, -0.13126391489195466, 0.871826452087448, 0.9014954732318348, 0.9207717059234941], [0.9589999210077654, 0.9583224682927108, 0.9589999210077654, 0.9457387219586844, 0.9457387219586844, 1.0, 1.0, 0.9193203418779656, 0.9193203418779656, 0.9493981756347398, 0.9761010252850493, 0.975016913430198, 0.9502246141229648, 0.9989494543453437, 0.9709777222011985, 0.9191053060308085, 0.681611621091965, 0.20010270515929665, 0.9297546854923029, 0.7299049029875098, -0.1390352467044777, -0.13126391489195466, 0.871826452087448, 0.9014954732318348, 0.9207717059234941], [0.8905936378407644, 0.8920512154647341, 0.8905936378407644, 0.8762271962674371, 0.8762271962674371, 0.9193203418779656, 0.9193203418779656, 1.0, 1.0, 0.8979970597782169, 0.9446494808650008, 0.9395005719581689, 0.9351398539587944, 0.9201543503679882, 0.9364320347334776, 0.9743445643108555, 0.624928448146857, 0.24577153236445817, 0.8303780474723141, 0.744576250893622, -0.17579584725868283, 0.015207222906285681, 0.7828008701100946, 0.789134981376305, 0.8528922236366453], [0.8905936378407644, 0.8920512154647341, 0.8905936378407644, 0.8762271962674371, 0.8762271962674371, 0.9193203418779656, 0.9193203418779656, 1.0, 1.0, 0.8979970597782169, 0.9446494808650008, 0.9395005719581689, 0.9351398539587944, 0.9201543503679882, 0.9364320347334776, 0.9743445643108555, 0.624928448146857, 0.24577153236445817, 0.8303780474723141, 0.744576250893622, -0.17579584725868283, 0.015207222906285681, 0.7828008701100946, 0.789134981376305, 0.8528922236366453], [0.9959868601539421, 0.9959465212059196, 0.9959868601539421, 0.9996159245020516, 0.9996159245020516, 0.9493981756347398, 0.9493981756347398, 0.8979970597782169, 0.8979970597782169, 1.0, 0.9869332628807679, 0.9830172806191133, 0.9993880009431245, 0.9512408465632988, 0.994521438781817, 0.9110723017960856, 0.8285532676575604, 0.07126433856165831, 0.9916820586155276, 0.7935419929318888, -0.20143022647779796, -0.3165643389576008, 0.8861832328441841, 0.9299459491212734, 0.9060745286901145], [0.9921387676538513, 0.9918546958371599, 0.9921387676538513, 0.9880995464578378, 0.9880995464578378, 0.9761010252850493, 0.9761010252850493, 0.9446494808650008, 0.9446494808650008, 0.9869332628807679, 1.0, 0.9996599182250813, 0.9878819900774888, 0.9745362245663186, 0.9889459530246597, 0.9249757142875589, 0.7943715068429371, 0.25914112486623736, 0.9863234402030469, 0.71711264642242, -0.5742067401269784, 0.22967944907926346, 0.8547010982910523, 0.9307066311181936, 0.9547160735539685], [0.9917572267935875, 0.9911122807514356, 0.9917572267935875, 0.9839903088908393, 0.9839903088908393, 0.975016913430198, 0.975016913430198, 0.9395005719581689, 0.9395005719581689, 0.9830172806191133, 0.9996599182250813, 1.0, 0.9847236638540069, 0.9723290774954532, 0.9871277680745235, 0.9133837437396186, 0.8152800146717524, 0.1430379223480441, 0.9808546341582899, 0.7215733958319777, -0.8064198167866843, 0.2729982447603293, 0.8141519781139228, 0.9372338154709972, 0.9524709654253638], [0.9952642415714138, 0.9952172841238898, 0.9952642415714138, 0.999350890352236, 0.999350890352236, 0.9502246141229648, 0.9502246141229648, 0.9351398539587944, 0.9351398539587944, 0.9993880009431245, 0.9878819900774888, 0.9847236638540069, 1.0, 0.9514035331376438, 0.9937645646354635, 0.9321452157341361, 0.8312730183055886, 0.25516904564469906, 0.9951616304232433, 0.7587089517882384, -0.361802278569975, 0.1731771503797205, 0.8765464790987738, 0.9085917330783346, 0.9353875363784235], [0.9704175633939998, 0.9695827417964414, 0.9704175633939998, 0.9527392457735026, 0.9527392457735026, 0.9989494543453437, 0.9989494543453437, 0.9201543503679882, 0.9201543503679882, 0.9512408465632988, 0.9745362245663186, 0.9723290774954532, 0.9514035331376438, 1.0, 0.9730226924001077, 0.9183712813566393, 0.7545201298416329, 0.16787273288858728, 0.9426394359842126, 0.726578151877974, -0.28860035830914677, -0.20481362202750472, 0.9095659682413285, 0.9209403950680033, 0.9171258027034735], [0.9988146539503465, 0.9988185236641021, 0.9988146539503465, 0.9946584872066655, 0.9946584872066655, 0.9709777222011985, 0.9709777222011985, 0.9364320347334776, 0.9364320347334776, 0.994521438781817, 0.9889459530246597, 0.9871277680745235, 0.9937645646354635, 0.9730226924001077, 1.0, 0.9450358508108283, 0.837792159591103, 0.26463230955488287, 0.9868209169975981, 0.7448182172614093, -0.35110994457110567, 0.1848789645886755, 0.906415562811773, 0.9280876420677103, 0.9404153254016739], [0.9281447161243842, 0.9288261637194409, 0.9281447161243842, 0.9112192315448209, 0.9112192315448209, 0.9191053060308085, 0.9191053060308085, 0.9743445643108555, 0.9743445643108555, 0.9110723017960856, 0.9249757142875589, 0.9133837437396186, 0.9321452157341361, 0.9183712813566393, 0.9450358508108283, 1.0, 0.7671259226248198, 0.20580503175872913, 0.8744024193445923, 0.7192215340633108, -0.07533322225605237, -0.23856540030973805, 0.8191870100031124, 0.8398896916070082, 0.8290313476227219], [0.8096229416709919, 0.8173108067525209, 0.8096229416709919, 0.786452956985814, 0.786452956985814, 0.681611621091965, 0.681611621091965, 0.624928448146857, 0.624928448146857, 0.8285532676575604, 0.7943715068429371, 0.8152800146717524, 0.8312730183055886, 0.7545201298416329, 0.837792159591103, 0.7671259226248198, 1.0, 0.5250454620189843, 0.7404661159988022, 0.7772490278990533, 0.48327755894418006, -0.5806095589745224, 0.26648341371351736, 0.8292239834353854, 0.6529621021477263], [0.26622897521393524, 0.40243718130950706, 0.26622897521393524, 0.24046481286552518, 0.24046481286552518, 0.20010270515929665, 0.20010270515929665, 0.24577153236445817, 0.24577153236445817, 0.07126433856165831, 0.25914112486623736, 0.1430379223480441, 0.25516904564469906, 0.16787273288858728, 0.26463230955488287, 0.20580503175872913, 0.5250454620189843, 1.0, 0.25152014375084913, 0.5638246150421117, 0.3859784340390527, 0.5546145727555148, 0.02439698399090174, 0.4174656388025469, 0.3840049920172375], [0.9776513423758966, 0.9703287727107697, 0.9776513423758966, 0.9888190942109121, 0.9888190942109121, 0.9297546854923029, 0.9297546854923029, 0.8303780474723141, 0.8303780474723141, 0.9916820586155276, 0.9863234402030469, 0.9808546341582899, 0.9951616304232433, 0.9426394359842126, 0.9868209169975981, 0.8744024193445923, 0.7404661159988022, 0.25152014375084913, 1.0, 0.7379482488315706, 0.004276513050324433, -0.3482988154536436, 0.6719377707300779, 0.9183731865167828, 0.9099430889455132], [0.8032704324002664, 0.7748762006936728, 0.8032704324002664, 0.7957449671804423, 0.7957449671804423, 0.7299049029875098, 0.7299049029875098, 0.744576250893622, 0.744576250893622, 0.7935419929318888, 0.71711264642242, 0.7215733958319777, 0.7587089517882384, 0.726578151877974, 0.7448182172614093, 0.7192215340633108, 0.7772490278990533, 0.5638246150421117, 0.7379482488315706, 1.0, 0.20104401777453326, -0.048991928976310224, 0.23347201797833866, 0.8285581675074775, 0.740247030529569], [0.09077163058381163, 0.09888748534649927, 0.09077163058381163, 0.06145296112847799, 0.06145296112847799, -0.1390352467044777, -0.1390352467044777, -0.17579584725868283, -0.17579584725868283, -0.20143022647779796, -0.5742067401269784, -0.8064198167866843, -0.361802278569975, -0.28860035830914677, -0.35110994457110567, -0.07533322225605237, 0.48327755894418006, 0.3859784340390527, 0.004276513050324433, 0.20104401777453326, 1.0, -0.08365716155374728, -0.1680932959298643, 0.08758091128119468, -0.10640531055136523], [-0.27967154785224174, -0.27927479287430396, -0.27967154785224174, -0.28424867217631566, -0.28424867217631566, -0.13126391489195466, -0.13126391489195466, 0.015207222906285681, 0.015207222906285681, -0.3165643389576008, 0.22967944907926346, 0.2729982447603293, 0.1731771503797205, -0.20481362202750472, 0.1848789645886755, -0.23856540030973805, -0.5806095589745224, 0.5546145727555148, -0.3482988154536436, -0.048991928976310224, -0.08365716155374728, 1.0, -0.0637046179154639, -0.34731258633181794, -0.08048600068306222], [0.7631500706351215, 0.6585995764173852, 0.7631500706351215, 0.7725784440139595, 0.7725784440139595, 0.871826452087448, 0.871826452087448, 0.7828008701100946, 0.7828008701100946, 0.8861832328441841, 0.8547010982910523, 0.8141519781139228, 0.8765464790987738, 0.9095659682413285, 0.906415562811773, 0.8191870100031124, 0.26648341371351736, 0.02439698399090174, 0.6719377707300779, 0.23347201797833866, -0.1680932959298643, -0.0637046179154639, 1.0, 0.5354163778783356, 0.7323808031881295], [0.9471709113909406, 0.9478440111715714, 0.9471709113909406, 0.9354799557365279, 0.9354799557365279, 0.9014954732318348, 0.9014954732318348, 0.789134981376305, 0.789134981376305, 0.9299459491212734, 0.9307066311181936, 0.9372338154709972, 0.9085917330783346, 0.9209403950680033, 0.9280876420677103, 0.8398896916070082, 0.8292239834353854, 0.4174656388025469, 0.9183731865167828, 0.8285581675074775, 0.08758091128119468, -0.34731258633181794, 0.5354163778783356, 1.0, 0.8817463037800132], [0.9190705365799541, 0.9249426495419454, 0.9190705365799541, 0.9195400515275968, 0.9195400515275968, 0.9207717059234941, 0.9207717059234941, 0.8528922236366453, 0.8528922236366453, 0.9060745286901145, 0.9547160735539685, 0.9524709654253638, 0.9353875363784235, 0.9171258027034735, 0.9404153254016739, 0.8290313476227219, 0.6529621021477263, 0.3840049920172375, 0.9099430889455132, 0.740247030529569, -0.10640531055136523, -0.08048600068306222, 0.7323808031881295, 0.8817463037800132, 1.0]], "x": ["^TAIEX       \u81fa\u7063\u52a0\u6b0a\u5831\u916c\u6307\u6578", "^TWII        \u81fa\u7063\u52a0\u6b0a\u6307\u6578", "^TAIEXx2     \u81fa\u7063\u52a0\u6b0a\u5831\u916c\u6307\u6578_\u65e5\u6b632", "^TAI50I      \u81fa\u706350\u5831\u916c\u6307\u6578", "^TAI50Ix2    \u81fa\u706350\u5831\u916c\u6307\u6578_\u65e5\u6b632", "^TAI100I     \u81fa\u7063\u4e2d\u578b100\u5831\u916c\u6307\u6578", "^TAI100Ix2   \u81fa\u7063\u4e2d\u578b100\u5831\u916c\u6307\u6578_\u65e5\u6b632", "^TAIDIVIDI   \u81fa\u7063\u9ad8\u80a1\u606f\u5831\u916c\u6307\u6578", "^TAIDIVIDIx2 \u81fa\u7063\u9ad8\u80a1\u606f\u5831\u916c\u6307\u6578_\u65e5\u6b632", "0050         \u5143\u5927\u81fa\u706350", "00631L       \u5143\u5927\u53f0\u706350\u6b632", "00675L       \u5bcc\u90a6\u81fa\u7063\u52a0\u6b0a\u6b632", "006208       \u5bcc\u90a6\u53f050", "0051         \u5143\u5927\u4e2d\u578b100", "006204       \u6c38\u8c50\u81fa\u7063\u52a0\u6b0a", "0056         \u5143\u5927\u9ad8\u80a1\u606f", "2412         \u4e2d\u83ef\u96fb\u4fe1", "2002         \u4e2d\u92fc", "2330         \u53f0\u7a4d\u96fb", "2317         \u9d3b\u6d77", "6505         \u53f0\u5851\u77f3\u5316", "3481         \u7fa4\u5275", "2303         \u806f\u96fb", "2308         \u53f0\u9054\u96fb", "2454         \u806f\u767c\u79d1"], "y": ["^TAIEX       \u81fa\u7063\u52a0\u6b0a\u5831\u916c\u6307\u6578", "^TWII        \u81fa\u7063\u52a0\u6b0a\u6307\u6578", "^TAIEXx2     \u81fa\u7063\u52a0\u6b0a\u5831\u916c\u6307\u6578_\u65e5\u6b632", "^TAI50I      \u81fa\u706350\u5831\u916c\u6307\u6578", "^TAI50Ix2    \u81fa\u706350\u5831\u916c\u6307\u6578_\u65e5\u6b632", "^TAI100I     \u81fa\u7063\u4e2d\u578b100\u5831\u916c\u6307\u6578", "^TAI100Ix2   \u81fa\u7063\u4e2d\u578b100\u5831\u916c\u6307\u6578_\u65e5\u6b632", "^TAIDIVIDI   \u81fa\u7063\u9ad8\u80a1\u606f\u5831\u916c\u6307\u6578", "^TAIDIVIDIx2 \u81fa\u7063\u9ad8\u80a1\u606f\u5831\u916c\u6307\u6578_\u65e5\u6b632", "0050         \u5143\u5927\u81fa\u706350", "00631L       \u5143\u5927\u53f0\u706350\u6b632", "00675L       \u5bcc\u90a6\u81fa\u7063\u52a0\u6b0a\u6b632", "006208       \u5bcc\u90a6\u53f050", "0051         \u5143\u5927\u4e2d\u578b100", "006204       \u6c38\u8c50\u81fa\u7063\u52a0\u6b0a", "0056         \u5143\u5927\u9ad8\u80a1\u606f", "2412         \u4e2d\u83ef\u96fb\u4fe1", "2002         \u4e2d\u92fc", "2330         \u53f0\u7a4d\u96fb", "2317         \u9d3b\u6d77", "6505         \u53f0\u5851\u77f3\u5316", "3481         \u7fa4\u5275", "2303         \u806f\u96fb", "2308         \u53f0\u9054\u96fb", "2454         \u806f\u767c\u79d1"], "zmin": -1, "zmax": 1, "colorbar": {"x": -0.2}}], "layout": {"autotypenumbers": "strict", "colorway": ["#636efa", "#EF553B", "#00cc96", "#ab63fa", "#FFA15A", "#19d3f3", "#FF6692", "#B6E880", "#FF97FF", "#FECB52"], "font": {"color": "#f2f5fa", "family": "Courier New"}, "hovermode": "closest", "hoverlabel": {"align": "left"}, "paper_bgcolor": "rgb(17,17,17)", "plot_bgcolor": "rgb(17,17,17)", "polar": {"bgcolor": "rgb(17,17,17)", "angularaxis": {"gridcolor": "#506784", "linecolor": "#506784", "ticks": ""}, "radialaxis": {"gridcolor": "#506784", "linecolor": "#506784", "ticks": ""}}, "ternary": {"bgcolor": "rgb(17,17,17)", "aaxis": {"gridcolor": "#506784", "linecolor": "#506784", "ticks": ""}, "baxis": {"gridcolor": "#506784", "linecolor": "#506784", "ticks": ""}, "caxis": {"gridcolor": "#506784", "linecolor": "#506784", "ticks": ""}}, "coloraxis": {"colorbar": {"outlinewidth": 0, "ticks": ""}}, "colorscale": {"sequential": [[0.0, "#0d0887"], [0.1111111111111111, "#46039f"], [0.2222222222222222, "#7201a8"], [0.3333333333333333, "#9c179e"], [0.4444444444444444, "#bd3786"], [0.5555555555555556, "#d8576b"], [0.6666666666666666, "#ed7953"], [0.7777777777777778, "#fb9f3a"], [0.8888888888888888, "#fdca26"], [1.0, "#f0f921"]], "sequentialminus": [[0.0, "#0d0887"], [0.1111111111111111, "#46039f"], [0.2222222222222222, "#7201a8"], [0.3333333333333333, "#9c179e"], [0.4444444444444444, "#bd3786"], [0.5555555555555556, "#d8576b"], [0.6666666666666666, "#ed7953"], [0.7777777777777778, "#fb9f3a"], [0.8888888888888888, "#fdca26"], [1.0, "#f0f921"]], "diverging": [[0, "#8e0152"], [0.1, "#c51b7d"], [0.2, "#de77ae"], [0.3, "#f1b6da"], [0.4, "#fde0ef"], [0.5, "#f7f7f7"], [0.6, "#e6f5d0"], [0.7, "#b8e186"], [0.8, "#7fbc41"], [0.9, "#4d9221"], [1, "#276419"]]}, "xaxis": {"gridcolor": "rgba(0, 0, 0, 0)", "linecolor": "#506784", "ticks": "", "title": {"standoff": 15}, "zerolinecolor": "#283442", "automargin": true, "zerolinewidth": 2, "tickfont": {"family": "Courier New", "size": 14}, "side": "top", "tickangle": -90}, "yaxis": {"gridcolor": "rgba(0, 0, 0, 0)", "linecolor": "#506784", "ticks": "", "title": {"standoff": 15}, "zerolinecolor": "#283442", "automargin": true, "zerolinewidth": 2, "tickfont": {"family": "Courier New"}, "side": "right"}, "scene": {"xaxis": {"backgroundcolor": "rgb(17,17,17)", "gridcolor": "#506784", "linecolor": "#506784", "showbackground": true, "ticks": "", "zerolinecolor": "#C8D4E3", "gridwidth": 2}, "yaxis": {"backgroundcolor": "rgb(17,17,17)", "gridcolor": "#506784", "linecolor": "#506784", "showbackground": true, "ticks": "", "zerolinecolor": "#C8D4E3", "gridwidth": 2}, "zaxis": {"backgroundcolor": "rgb(17,17,17)", "gridcolor": "#506784", "linecolor": "#506784", "showbackground": true, "ticks": "", "zerolinecolor": "#C8D4E3", "gridwidth": 2}}, "shapedefaults": {"line": {"color": "#f2f5fa"}}, "annotationdefaults": {"arrowcolor": "#f2f5fa", "arrowhead": 0, "arrowwidth": 1}, "geo": {"bgcolor": "rgb(17,17,17)", "landcolor": "rgb(17,17,17)", "subunitcolor": "#506784", "showland": true, "showlakes": true, "lakecolor": "rgb(17,17,17)"}, "title": {"x": 0.05, "font": {"family": "Times New Roman"}, "y": 0.05, "text": "<b>Correlation of Close<b><br><i>2016/09/23 ~ 2025/05/28<i>"}, "updatemenudefaults": {"bgcolor": "#506784", "borderwidth": 0}, "sliderdefaults": {"bgcolor": "#C8D4E3", "borderwidth": 1, "bordercolor": "rgb(17,17,17)", "tickwidth": 0}, "mapbox": {"style": "dark"}, "height": 600}};

Plotly.newPlot("correlationClose",
    correlationClose.data,
    correlationClose.layout || {},
    config);