var element=document.getElementById("correlationAdjClose");if(element.style.display!='none'){var correlationAdjClose={"data":[{"type":"heatmap","z":[[1.0,0.9949039094463471,0.9755110515290226,0.9971132838362137,0.9567602028251712,0.9836482479047552,0.9522301944227379,0.9891917407552597,0.9745084210684594,0.997262674359883,0.9966959513676946,0.9971620175254556,0.9932494605316328,0.9941998745873993,0.99674445502059,0.9852608427415342,0.9997122822638911,0.989042374135145,0.8992150188929009,0.9195151310982619,0.6961969920421892,0.9847248196022242,0.9320567041183512,0.3711252812350551,-0.29945676877948313,0.8984052013945768,0.9304690971965508,0.9593959608121185,0.9778005817268144,0.9648668060449623,0.9786406156175466,0.9711730076290628,0.9414036511851891,0.9823881779356064,0.9744861558749317,0.9557247512572219],[0.9949039094463471,1.0,0.9715917471243616,0.9916906541567084,0.9525737347717347,0.9797338178558983,0.94813976304996,0.9813861424879188,0.968592666410585,0.9929855517049568,0.994893901745004,0.994375749314562,0.9923420907942921,0.99217443213127,0.9949112069624438,0.9802401533002317,0.9972218175862044,0.9836617736667936,0.9203966869474042,0.9095848799360692,0.715506270714028,0.9688587230615203,0.9150988879345874,0.3711500810517847,-0.2303880818378928,0.8762941821219515,0.9241114301280621,0.9587724098786791,0.9583999853851914,0.9525898157779024,0.9696123266657064,0.957368960733011,0.9404276345435382,0.9727755122879008,0.9657212417976032,0.9506062420166685],[0.9755110515290226,0.9715917471243616,1.0,0.984423694386061,0.9945841238538664,0.9733885236522428,0.9778329912205583,0.9615115231293097,0.9794090459463273,0.984101371147286,0.9907626086026614,0.9874772915842027,0.9970075735704887,0.9967907829410517,0.9905301063719671,0.9710177720200098,0.9857030838753499,0.961108301656812,0.8623482169228299,0.8241043742975657,0.5685765203232408,0.9919963937052148,0.9311462620879013,0.19988449487879384,-0.22366742572504464,0.8844721938923452,0.9402850627982426,0.9717242327774722,0.9204626171688594,0.9085449832084901,0.9661830521357659,0.9132140675014658,0.8898959679464895,0.9641375093752567,0.9714418864369073,0.9167248240374123],[0.9971132838362137,0.9916906541567084,0.984423694386061,1.0,0.9726561875034281,0.9752237105190098,0.9491366400791648,0.9809941535985396,0.9711397468523335,0.9999694409409454,0.9999915629199043,0.9999622284092746,0.993218790200756,0.9917601542058987,0.9999500360590441,0.9740857307605537,0.9957275046377126,0.9805372329257436,0.8828866927454897,0.9019664488425617,0.6586674805218347,0.9938627708842981,0.9366874160203658,0.33910963628353064,-0.28866286309033773,0.8904958283680284,0.9404471777493306,0.9631238737596772,0.965509230712296,0.9588993621404054,0.9805840902911044,0.9586319707003098,0.9259825550731644,0.9792910624335199,0.9724023686763732,0.9447604037014953],[0.9567602028251712,0.9525737347717347,0.9945841238538664,0.9726561875034281,1.0,0.9462335055660804,0.9568674247290156,0.936447457946611,0.9594331736723045,0.972711949794421,0.9820093140085435,0.9781664835665544,0.9835234386279514,0.9805229849050087,0.9816194240368269,0.9423896138612364,0.9674022800709793,0.9357337829350257,0.8296779396246986,0.79359491735292,0.5192523376000706,0.9872720660339506,0.9260591652066047,0.16531626268397845,-0.2129688305469918,0.8512617552375371,0.9455621493077068,0.958001254049856,0.8899983049081541,0.8849573852411388,0.9537439676420993,0.8825013621377487,0.8524038093770179,0.9458163180510587,0.9522938979892575,0.8846582136530778],[0.9836482479047552,0.9797338178558983,0.9733885236522428,0.9752237105190098,0.9462335055660804,1.0,0.9829862229156169,0.982574777842388,0.9824522185492951,0.9746554242458544,0.969446471761469,0.9727887621806418,0.9738557568718892,0.9713868162322905,0.9693663616215332,0.9999011118721922,0.9869402846528665,0.983504298238315,0.901867176480876,0.8709598654014713,0.6651772618659687,0.9670329470885759,0.9031528947576567,0.24671321417330286,-0.2202172644494727,0.9323015079649296,0.9034914525734937,0.9638369716806241,0.9598800572509305,0.9343060663747238,0.9575980910132308,0.9549942735640959,0.95300395632746,0.9625167669570922,0.9794068578497963,0.9578061453169107],[0.9522301944227379,0.94813976304996,0.9778329912205583,0.9491366400791648,0.9568674247290156,0.9829862229156169,1.0,0.9549136627910364,0.9849779611278651,0.9477690608587878,0.9581661692464409,0.9545749496164246,0.9770186185754448,0.9777363563486613,0.9578934347753661,0.9843096677831598,0.9707225141810218,0.9574299024371037,0.8674366978479757,0.7899576135687212,0.5570101899335952,0.9530632534678911,0.9041022923318094,0.10604636355268303,-0.1588040079506386,0.8951875104614663,0.8961629167205717,0.9602810812719368,0.9042700149261401,0.8712285536514476,0.9372209006575741,0.8975417111004088,0.9051766509444225,0.9357286643977539,0.9685968104314708,0.9133092992473065],[0.9891917407552597,0.9813861424879188,0.9615115231293097,0.9809941535985396,0.936447457946611,0.982574777842388,0.9549136627910364,1.0,0.9837422128089124,0.9809729273427593,0.9763092900377388,0.9798249581885488,0.971027958370984,0.9700321051025061,0.9764180143125225,0.9843741329055794,0.9870292585468062,0.9998822636916519,0.9277812181799777,0.9290318039459774,0.6328084890772836,0.9684561477894751,0.8993380252612787,0.22511079338871218,-0.3106930828201621,0.9062587487200054,0.8841561542308325,0.9442966906681162,0.9792376706515654,0.9568857464000852,0.9693138689607891,0.9659728560277216,0.937516368131076,0.9635027353249958,0.9615038288128442,0.9676163400515553],[0.9745084210684594,0.968592666410585,0.9794090459463273,0.9711397468523335,0.9594331736723045,0.9824522185492951,0.9849779611278651,0.9837422128089124,1.0,0.9703874235116134,0.9668070038438514,0.9692283832488009,0.9725211832301339,0.9693401255028666,0.9666583106909772,0.9814999805507857,0.9743755298106399,0.9831048819787312,0.9029712584835522,0.8616369105594699,0.552143947011172,0.9689280403563588,0.9163872202385013,0.08410464821638072,-0.23299783382478914,0.8846346721706502,0.8870270417524515,0.9644448190970271,0.9377576679328137,0.9052991903519074,0.9620888190820872,0.9231741535528504,0.9042824734076196,0.9529363548661937,0.9735667269152379,0.927949009042306],[0.997262674359883,0.9929855517049568,0.984101371147286,0.9999694409409454,0.972711949794421,0.9746554242458544,0.9477690608587878,0.9809729273427593,0.9703874235116134,1.0,0.999990061973566,0.9999827659813604,0.9931053809813601,0.9916230469459983,0.999955097062768,0.9735275257099517,0.9956055954972336,0.9806118088074713,0.8847177556352441,0.9031591766701254,0.6562432705935674,0.9940549049950889,0.936539107808396,0.3442133676704197,-0.2881019555154078,0.891264567392174,0.9386970323746412,0.9616763041213158,0.9652543987704824,0.9580982632817094,0.9796370675688888,0.9580405066222535,0.9245965220765863,0.9785191170818268,0.9712862700551942,0.9432383954022633],[0.9966959513676946,0.994893901745004,0.9907626086026614,0.9999915629199043,0.9820093140085435,0.969446471761469,0.9581661692464409,0.9763092900377388,0.9668070038438514,0.999990061973566,1.0,0.9999735401873038,0.9932443142722487,0.9917585052436941,0.9999578687519364,0.969208835980247,0.995386499180743,0.9769780151138088,0.9071896390652341,0.9305366629560852,0.5392672165449793,0.9972412470234883,0.9212168850807609,-0.13562145547786084,0.38877361889154727,0.8912698040105377,0.9086371693680868,0.9645365995468499,0.9561981488456577,0.9411252901590265,0.9712276757388788,0.9380837492599211,0.903658414342735,0.9692287883472376,0.9807311572871341,0.9390040610742127],[0.9971620175254556,0.994375749314562,0.9874772915842027,0.9999622284092746,0.9781664835665544,0.9727887621806418,0.9545749496164246,0.9798249581885488,0.9692283832488009,0.9999827659813604,0.9999735401873038,1.0,0.9931168975195184,0.9915966502604595,0.9999657947559545,0.9726560357343825,0.9955009535103648,0.9800612334176114,0.8923025872784035,0.9197887875429611,0.6026211922427401,0.9962497380175894,0.933030959766297,0.0791495790584611,-0.19416670453293047,0.9052616503148369,0.9243170457739316,0.9573837601338582,0.9594486341741014,0.949143963926401,0.9761701939892751,0.9489440498536081,0.9207476822378294,0.9749090231891053,0.9709830512439259,0.9474317311363829],[0.9932494605316328,0.9923420907942921,0.9970075735704887,0.993218790200756,0.9835234386279514,0.9738557568718892,0.9770186185754448,0.971027958370984,0.9725211832301339,0.9931053809813601,0.9932443142722487,0.9931168975195184,1.0,0.9997586870618704,0.9932442176342909,0.9737153653591742,0.9933114155779538,0.9719072955764128,0.8994037301360396,0.9181085197007045,0.46634884751708316,0.9890406962542979,0.9173650486201099,-0.4029786238370824,0.4041064969652798,0.8745254420446948,0.9063332746121062,0.9687399526370849,0.9395985604442092,0.9091846460756144,0.9554698707161441,0.9152976358032527,0.8726823250469391,0.9668557710825674,0.9779002539929832,0.9314505636632255],[0.9941998745873993,0.99217443213127,0.9967907829410517,0.9917601542058987,0.9805229849050087,0.9713868162322905,0.9777363563486613,0.9700321051025061,0.9693401255028666,0.9916230469459983,0.9917585052436941,0.9915966502604595,0.9997586870618704,1.0,0.9918741473464497,0.9711550820017106,0.9940796518542296,0.9711045125971468,0.8843676711618035,0.9276506626898768,0.32749515854408723,0.9851283821102632,0.9108400500979382,-0.7498424419350452,0.3747297369582048,0.8422305083773387,0.9029777434153815,0.9652242257324216,0.9332079098986173,0.8969503906647397,0.9487799366175896,0.9156768391141075,0.8508775980965949,0.9677346102190514,0.9759866294535964,0.9253689341080131],[0.99674445502059,0.9949112069624438,0.9905301063719671,0.9999500360590441,0.9816194240368269,0.9693663616215332,0.9578934347753661,0.9764180143125225,0.9666583106909772,0.999955097062768,0.9999578687519364,0.9999657947559545,0.9932442176342909,0.9918741473464497,1.0,0.9691905763286468,0.9954289985185744,0.9770697523195983,0.9073719237198289,0.9310941151073896,0.539138408092826,0.9970777397136049,0.9213682938669562,-0.13325278822014136,0.388615059177216,0.8912163804715973,0.9076045645993565,0.9639369219362558,0.9564303958509497,0.94145853460396,0.9712060977822845,0.9385650873531342,0.9041256642793576,0.9691936593251265,0.9806859815912409,0.9395045764633756],[0.9852608427415342,0.9802401533002317,0.9710177720200098,0.9740857307605537,0.9423896138612364,0.9999011118721922,0.9843096677831598,0.9843741329055794,0.9814999805507857,0.9735275257099517,0.969208835980247,0.9726560357343825,0.9737153653591742,0.9711550820017106,0.9691905763286468,1.0,0.9870065363703928,0.9837015250473549,0.9047693949030662,0.8947628190426147,0.6552852522682919,0.9646352209765039,0.897455364319482,0.10300878242217969,-0.19915074685847814,0.9396574309538129,0.8922431862319085,0.9608790226683659,0.9633027092638198,0.9316034999217212,0.9541922551363137,0.9561608160928239,0.9521599052459988,0.9646099912114293,0.9787255429930225,0.9620600743820463],[0.9997122822638911,0.9972218175862044,0.9857030838753499,0.9957275046377126,0.9674022800709793,0.9869402846528665,0.9707225141810218,0.9870292585468062,0.9743755298106399,0.9956055954972336,0.995386499180743,0.9955009535103648,0.9933114155779538,0.9940796518542296,0.9954289985185744,0.9870065363703928,1.0,0.9876511788571574,0.9250859540687031,0.939822231580649,0.5957242486569493,0.9882557581261012,0.9128850603559637,-0.07507116451381549,0.41578765316071264,0.9194981334505815,0.8997085287891691,0.9663802668283228,0.9725754066863258,0.9494164528558307,0.9695282263040206,0.9564853213067828,0.9337440836753006,0.9755512007948451,0.9864931847725789,0.9627973356771397],[0.989042374135145,0.9836617736667936,0.961108301656812,0.9805372329257436,0.9357337829350257,0.983504298238315,0.9574299024371037,0.9998822636916519,0.9831048819787312,0.9806118088074713,0.9769780151138088,0.9800612334176114,0.9719072955764128,0.9711045125971468,0.9770697523195983,0.9837015250473549,0.9876511788571574,1.0,0.9306708518930228,0.935220408024543,0.6300638572578954,0.9670797078217681,0.9031914099669506,0.18921183385368545,-0.2924440534681334,0.911147859439134,0.8795271781791048,0.94426121375491,0.9797214346201867,0.9563038565962849,0.9677729617232385,0.964641958747709,0.9372526348207056,0.9627498040616924,0.9595742999838504,0.968752255582882],[0.8992150188929009,0.9203966869474042,0.8623482169228299,0.8828866927454897,0.8296779396246986,0.901867176480876,0.8674366978479757,0.9277812181799777,0.9029712584835522,0.8847177556352441,0.9071896390652341,0.8923025872784035,0.8994037301360396,0.8843676711618035,0.9073719237198289,0.9047693949030662,0.9250859540687031,0.9306708518930228,1.0,0.8271040220840856,0.6985615737136537,0.8550544665125416,0.8063647329757705,0.2668365024885002,-0.1644145249406923,0.8565222609382078,0.7572305064274917,0.8554129694988905,0.8916074419849639,0.8579497179310466,0.8559521938581172,0.8706003467574102,0.8567747888701832,0.8548397927939031,0.8761117418189591,0.8952296912376766],[0.9195151310982619,0.9095848799360692,0.8241043742975657,0.9019664488425617,0.79359491735292,0.8709598654014713,0.7899576135687212,0.9290318039459774,0.8616369105594699,0.9031591766701254,0.9305366629560852,0.9197887875429611,0.9181085197007045,0.9276506626898768,0.9310941151073896,0.8947628190426147,0.939822231580649,0.935220408024543,0.8271040220840856,1.0,0.8261305115100713,0.8525180412423436,0.8675803249224959,0.6391277528152463,-0.5256725294325373,0.7147093769509173,0.837304209810812,0.8128620468038728,0.959398305123085,0.9379544740071412,0.8999460978054873,0.946874684847503,0.9001334827798428,0.9006393184089309,0.8516449521517472,0.8861393256612293],[0.6961969920421892,0.715506270714028,0.5685765203232408,0.6586674805218347,0.5192523376000706,0.6651772618659687,0.5570101899335952,0.6328084890772836,0.552143947011172,0.6562432705935674,0.5392672165449793,0.6026211922427401,0.46634884751708316,0.32749515854408723,0.539138408092826,0.6552852522682919,0.5957242486569493,0.6300638572578954,0.6985615737136537,0.8261305115100713,1.0,0.5872685191093134,0.6939684373659574,0.7248802397868653,-0.11621532585135973,0.5349722219351367,0.6100404874656029,0.6102939799924455,0.7722136357640332,0.7030071548125197,0.6257400427735746,0.7385374570356001,0.7529147669052016,0.6647719537297557,0.632313308807568,0.6818643700278277],[0.9847248196022242,0.9688587230615203,0.9919963937052148,0.9938627708842981,0.9872720660339506,0.9670329470885759,0.9530632534678911,0.9684561477894751,0.9689280403563588,0.9940549049950889,0.9972412470234883,0.9962497380175894,0.9890406962542979,0.9851283821102632,0.9970777397136049,0.9646352209765039,0.9882557581261012,0.9670797078217681,0.8550544665125416,0.8525180412423436,0.5872685191093134,1.0,0.9145056631115558,0.26590186364337354,-0.28038071985455054,0.8729816165126807,0.9427371395134418,0.9675107987268166,0.9324481819185088,0.9394116838711013,0.9721913679647554,0.9346342176172113,0.8980592667194528,0.9684175017479384,0.9576971032058404,0.9241961722950255],[0.9320567041183512,0.9150988879345874,0.9311462620879013,0.9366874160203658,0.9260591652066047,0.9031528947576567,0.9041022923318094,0.8993380252612787,0.9163872202385013,0.936539107808396,0.9212168850807609,0.933030959766297,0.9173650486201099,0.9108400500979382,0.9213682938669562,0.897455364319482,0.9128850603559637,0.9031914099669506,0.8063647329757705,0.8675803249224959,0.6939684373659574,0.9145056631115558,1.0,0.30468229617310305,-0.1899261953577233,0.7132844881393913,0.9131474073983497,0.8970375770284824,0.8978069517834109,0.8564741701649524,0.9336180659491158,0.8712401594833672,0.8396178734703448,0.9287402822927577,0.882546716957925,0.8556532237412104],[0.3711252812350551,0.3711500810517847,0.19988449487879384,0.33910963628353064,0.16531626268397845,0.24671321417330286,0.10604636355268303,0.22511079338871218,0.08410464821638072,0.3442133676704197,-0.13562145547786084,0.0791495790584611,-0.4029786238370824,-0.7498424419350452,-0.13325278822014136,0.10300878242217969,-0.07507116451381549,0.18921183385368545,0.2668365024885002,0.6391277528152463,0.7248802397868653,0.26590186364337354,0.30468229617310305,1.0,-0.3819793285855379,0.2652769762429584,0.2593734591051012,0.17542444016436082,0.46513196054042033,0.4585578980462374,0.30753730019442754,0.4806439900756476,0.4060978543433498,0.3339811546037175,0.2567961525002019,0.3739898993447918],[-0.29945676877948313,-0.2303880818378928,-0.22366742572504464,-0.28866286309033773,-0.2129688305469918,-0.2202172644494727,-0.1588040079506386,-0.3106930828201621,-0.23299783382478914,-0.2881019555154078,0.38877361889154727,-0.19416670453293047,0.4041064969652798,0.3747297369582048,0.388615059177216,-0.19915074685847814,0.41578765316071264,-0.2924440534681334,-0.1644145249406923,-0.5256725294325373,-0.11621532585135973,-0.28038071985455054,-0.1899261953577233,-0.3819793285855379,1.0,-0.15611586091143193,-0.27716625093519653,-0.18308329723498862,-0.38714472657638127,-0.3764087976356297,-0.3192880143544866,-0.34516878992115635,-0.20955841055063093,-0.3447480138403945,-0.18483695053191454,-0.31739073304826754],[0.8984052013945768,0.8762941821219515,0.8844721938923452,0.8904958283680284,0.8512617552375371,0.9323015079649296,0.8951875104614663,0.9062587487200054,0.8846346721706502,0.891264567392174,0.8912698040105377,0.9052616503148369,0.8745254420446948,0.8422305083773387,0.8912163804715973,0.9396574309538129,0.9194981334505815,0.911147859439134,0.8565222609382078,0.7147093769509173,0.5349722219351367,0.8729816165126807,0.7132844881393913,0.2652769762429584,-0.15611586091143193,1.0,0.7727262635947959,0.8860017932110577,0.8210102663286539,0.8648221748997843,0.8296408878352628,0.8726217662251652,0.8681134954637574,0.8601679284913301,0.8687561327698988,0.8991659990810612],[0.9304690971965508,0.9241114301280621,0.9402850627982426,0.9404471777493306,0.9455621493077068,0.9034914525734937,0.8961629167205717,0.8841561542308325,0.8870270417524515,0.9386970323746412,0.9086371693680868,0.9243170457739316,0.9063332746121062,0.9029777434153815,0.9076045645993565,0.8922431862319085,0.8997085287891691,0.8795271781791048,0.7572305064274917,0.837304209810812,0.6100404874656029,0.9427371395134418,0.9131474073983497,0.2593734591051012,-0.27716625093519653,0.7727262635947959,1.0,0.8928310194516796,0.889962810760994,0.8761587131949359,0.9157391994676827,0.8758989697579309,0.8400105243015142,0.9186277188733274,0.8970908910639707,0.8632960528463973],[0.9593959608121185,0.9587724098786791,0.9717242327774722,0.9631238737596772,0.958001254049856,0.9638369716806241,0.9602810812719368,0.9442966906681162,0.9644448190970271,0.9616763041213158,0.9645365995468499,0.9573837601338582,0.9687399526370849,0.9652242257324216,0.9639369219362558,0.9608790226683659,0.9663802668283228,0.94426121375491,0.8554129694988905,0.8128620468038728,0.6102939799924455,0.9675107987268166,0.8970375770284824,0.17542444016436082,-0.18308329723498862,0.8860017932110577,0.8928310194516796,1.0,0.9110501246670809,0.8939810003978685,0.9448385281792225,0.8945304845002621,0.8881409922356734,0.9503355774601978,0.9735301942386592,0.8929448871327251],[0.9778005817268144,0.9583999853851914,0.9204626171688594,0.965509230712296,0.8899983049081541,0.9598800572509305,0.9042700149261401,0.9792376706515654,0.9377576679328137,0.9652543987704824,0.9561981488456577,0.9594486341741014,0.9395985604442092,0.9332079098986173,0.9564303958509497,0.9633027092638198,0.9725754066863258,0.9797214346201867,0.8916074419849639,0.959398305123085,0.7722136357640332,0.9324481819185088,0.8978069517834109,0.46513196054042033,-0.38714472657638127,0.8210102663286539,0.889962810760994,0.9110501246670809,1.0,0.9865067484831623,0.9629806147922724,0.9905829812167909,0.9532327350426125,0.9599799083313822,0.9165292143269451,0.968591427293151],[0.9648668060449623,0.9525898157779024,0.9085449832084901,0.9588993621404054,0.8849573852411388,0.9343060663747238,0.8712285536514476,0.9568857464000852,0.9052991903519074,0.9580982632817094,0.9411252901590265,0.949143963926401,0.9091846460756144,0.8969503906647397,0.94145853460396,0.9316034999217212,0.9494164528558307,0.9563038565962849,0.8579497179310466,0.9379544740071412,0.7030071548125197,0.9394116838711013,0.8564741701649524,0.4585578980462374,-0.3764087976356297,0.8648221748997843,0.8761587131949359,0.8939810003978685,0.9865067484831623,1.0,0.9516244948468195,0.9842782778153941,0.9560021691641246,0.9401182656365975,0.9244753988700247,0.9637390826629542],[0.9786406156175466,0.9696123266657064,0.9661830521357659,0.9805840902911044,0.9537439676420993,0.9575980910132308,0.9372209006575741,0.9693138689607891,0.9620888190820872,0.9796370675688888,0.9712276757388788,0.9761701939892751,0.9554698707161441,0.9487799366175896,0.9712060977822845,0.9541922551363137,0.9695282263040206,0.9677729617232385,0.8559521938581172,0.8999460978054873,0.6257400427735746,0.9721913679647554,0.9336180659491158,0.30753730019442754,-0.3192880143544866,0.8296408878352628,0.9157391994676827,0.9448385281792225,0.9629806147922724,0.9516244948468195,1.0,0.9528720114474037,0.9135108076882263,0.9782097853963643,0.9622906293059669,0.943359875533833],[0.9711730076290628,0.957368960733011,0.9132140675014658,0.9586319707003098,0.8825013621377487,0.9549942735640959,0.8975417111004088,0.9659728560277216,0.9231741535528504,0.9580405066222535,0.9380837492599211,0.9489440498536081,0.9152976358032527,0.9156768391141075,0.9385650873531342,0.9561608160928239,0.9564853213067828,0.964641958747709,0.8706003467574102,0.946874684847503,0.7385374570356001,0.9346342176172113,0.8712401594833672,0.4806439900756476,-0.34516878992115635,0.8726217662251652,0.8758989697579309,0.8945304845002621,0.9905829812167909,0.9842782778153941,0.9528720114474037,1.0,0.9739871345237939,0.9465298404419101,0.9395497557957696,0.9645665834052441],[0.9414036511851891,0.9404276345435382,0.8898959679464895,0.9259825550731644,0.8524038093770179,0.95300395632746,0.9051766509444225,0.937516368131076,0.9042824734076196,0.9245965220765863,0.903658414342735,0.9207476822378294,0.8726823250469391,0.8508775980965949,0.9041256642793576,0.9521599052459988,0.9337440836753006,0.9372526348207056,0.8567747888701832,0.9001334827798428,0.7529147669052016,0.8980592667194528,0.8396178734703448,0.4060978543433498,-0.20955841055063093,0.8681134954637574,0.8400105243015142,0.8881409922356734,0.9532327350426125,0.9560021691641246,0.9135108076882263,0.9739871345237939,1.0,0.9073218058259522,0.9303699371972796,0.9544407103993462],[0.9823881779356064,0.9727755122879008,0.9641375093752567,0.9792910624335199,0.9458163180510587,0.9625167669570922,0.9357286643977539,0.9635027353249958,0.9529363548661937,0.9785191170818268,0.9692287883472376,0.9749090231891053,0.9668557710825674,0.9677346102190514,0.9691936593251265,0.9646099912114293,0.9755512007948451,0.9627498040616924,0.8548397927939031,0.9006393184089309,0.6647719537297557,0.9684175017479384,0.9287402822927577,0.3339811546037175,-0.3447480138403945,0.8601679284913301,0.9186277188733274,0.9503355774601978,0.9599799083313822,0.9401182656365975,0.9782097853963643,0.9465298404419101,0.9073218058259522,1.0,0.959257929600668,0.9440425246457148],[0.9744861558749317,0.9657212417976032,0.9714418864369073,0.9724023686763732,0.9522938979892575,0.9794068578497963,0.9685968104314708,0.9615038288128442,0.9735667269152379,0.9712862700551942,0.9807311572871341,0.9709830512439259,0.9779002539929832,0.9759866294535964,0.9806859815912409,0.9787255429930225,0.9864931847725789,0.9595742999838504,0.8761117418189591,0.8516449521517472,0.632313308807568,0.9576971032058404,0.882546716957925,0.2567961525002019,-0.18483695053191454,0.8687561327698988,0.8970908910639707,0.9735301942386592,0.9165292143269451,0.9244753988700247,0.9622906293059669,0.9395497557957696,0.9303699371972796,0.959257929600668,1.0,0.9226874477466629],[0.9557247512572219,0.9506062420166685,0.9167248240374123,0.9447604037014953,0.8846582136530778,0.9578061453169107,0.9133092992473065,0.9676163400515553,0.927949009042306,0.9432383954022633,0.9390040610742127,0.9474317311363829,0.9314505636632255,0.9253689341080131,0.9395045764633756,0.9620600743820463,0.9627973356771397,0.968752255582882,0.8952296912376766,0.8861393256612293,0.6818643700278277,0.9241961722950255,0.8556532237412104,0.3739898993447918,-0.31739073304826754,0.8991659990810612,0.8632960528463973,0.8929448871327251,0.968591427293151,0.9637390826629542,0.943359875533833,0.9645665834052441,0.9544407103993462,0.9440425246457148,0.9226874477466629,1.0]],"x":["^TAIEX       \u81fa\u7063\u52a0\u6b0a\u5831\u916c\u6307\u6578","^TWII        \u81fa\u7063\u52a0\u6b0a\u6307\u6578","^TAIEXx2     \u81fa\u7063\u52a0\u6b0a\u5831\u916c\u6307\u6578_\u65e5\u6b632","^TAI50I      \u81fa\u706350\u5831\u916c\u6307\u6578","^TAI50Ix2    \u81fa\u706350\u5831\u916c\u6307\u6578_\u65e5\u6b632","^TAI100I     \u81fa\u7063\u4e2d\u578b100\u5831\u916c\u6307\u6578","^TAI100Ix2   \u81fa\u7063\u4e2d\u578b100\u5831\u916c\u6307\u6578_\u65e5\u6b632","^TAIDIVIDI   \u81fa\u7063\u9ad8\u80a1\u606f\u5831\u916c\u6307\u6578","^TAIDIVIDIx2 \u81fa\u7063\u9ad8\u80a1\u606f\u5831\u916c\u6307\u6578_\u65e5\u6b632","0050Fund     \u5143\u5927\u53f0\u7063\u5353\u8d8a50\u57fa\u91d1","006208Fund   \u5bcc\u90a6\u53f0\u7063\u91c6\u540950\u57fa\u91d1","0050         \u5143\u5927\u81fa\u706350","00631L       \u5143\u5927\u53f0\u706350\u6b632","00675L       \u5bcc\u90a6\u81fa\u7063\u52a0\u6b0a\u6b632","006208       \u5bcc\u90a6\u53f050","0051         \u5143\u5927\u4e2d\u578b100","006204       \u6c38\u8c50\u81fa\u7063\u52a0\u6b0a","0056         \u5143\u5927\u9ad8\u80a1\u606f","0056         \u5143\u5927\u9ad8\u80a1\u606f_\u80a1\u606f\u4e0d\u6295\u5165","2412         \u4e2d\u83ef\u96fb\u4fe1","2002         \u4e2d\u92fc","2330         \u53f0\u7a4d\u96fb","2317         \u9d3b\u6d77","6505         \u53f0\u5851\u77f3\u5316","3481         \u7fa4\u5275","2303         \u806f\u96fb","2308         \u53f0\u9054\u96fb","2454         \u806f\u767c\u79d1","2886         \u5146\u8c50\u91d1","2884         \u7389\u5c71\u91d1","2891         \u4e2d\u4fe1\u91d1","2892         \u7b2c\u4e00\u91d1","5880         \u5408\u5eab\u91d1","2881         \u5bcc\u90a6\u91d1","2885         \u5143\u5927\u91d1","2887         \u53f0\u65b0\u91d1"],"y":["^TAIEX       \u81fa\u7063\u52a0\u6b0a\u5831\u916c\u6307\u6578","^TWII        \u81fa\u7063\u52a0\u6b0a\u6307\u6578","^TAIEXx2     \u81fa\u7063\u52a0\u6b0a\u5831\u916c\u6307\u6578_\u65e5\u6b632","^TAI50I      \u81fa\u706350\u5831\u916c\u6307\u6578","^TAI50Ix2    \u81fa\u706350\u5831\u916c\u6307\u6578_\u65e5\u6b632","^TAI100I     \u81fa\u7063\u4e2d\u578b100\u5831\u916c\u6307\u6578","^TAI100Ix2   \u81fa\u7063\u4e2d\u578b100\u5831\u916c\u6307\u6578_\u65e5\u6b632","^TAIDIVIDI   \u81fa\u7063\u9ad8\u80a1\u606f\u5831\u916c\u6307\u6578","^TAIDIVIDIx2 \u81fa\u7063\u9ad8\u80a1\u606f\u5831\u916c\u6307\u6578_\u65e5\u6b632","0050Fund     \u5143\u5927\u53f0\u7063\u5353\u8d8a50\u57fa\u91d1","006208Fund   \u5bcc\u90a6\u53f0\u7063\u91c6\u540950\u57fa\u91d1","0050         \u5143\u5927\u81fa\u706350","00631L       \u5143\u5927\u53f0\u706350\u6b632","00675L       \u5bcc\u90a6\u81fa\u7063\u52a0\u6b0a\u6b632","006208       \u5bcc\u90a6\u53f050","0051         \u5143\u5927\u4e2d\u578b100","006204       \u6c38\u8c50\u81fa\u7063\u52a0\u6b0a","0056         \u5143\u5927\u9ad8\u80a1\u606f","0056         \u5143\u5927\u9ad8\u80a1\u606f_\u80a1\u606f\u4e0d\u6295\u5165","2412         \u4e2d\u83ef\u96fb\u4fe1","2002         \u4e2d\u92fc","2330         \u53f0\u7a4d\u96fb","2317         \u9d3b\u6d77","6505         \u53f0\u5851\u77f3\u5316","3481         \u7fa4\u5275","2303         \u806f\u96fb","2308         \u53f0\u9054\u96fb","2454         \u806f\u767c\u79d1","2886         \u5146\u8c50\u91d1","2884         \u7389\u5c71\u91d1","2891         \u4e2d\u4fe1\u91d1","2892         \u7b2c\u4e00\u91d1","5880         \u5408\u5eab\u91d1","2881         \u5bcc\u90a6\u91d1","2885         \u5143\u5927\u91d1","2887         \u53f0\u65b0\u91d1"],"zmin":-1,"zmax":1,"colorbar":{"x":-0.2}}],"layout":{"autotypenumbers":"strict","colorway":["#636efa","#EF553B","#00cc96","#ab63fa","#FFA15A","#19d3f3","#FF6692","#B6E880","#FF97FF","#FECB52"],"font":{"color":"#f2f5fa","family":"Courier New"},"hovermode":"closest","hoverlabel":{"align":"left"},"paper_bgcolor":"rgb(17,17,17)","plot_bgcolor":"rgb(17,17,17)","polar":{"bgcolor":"rgb(17,17,17)","angularaxis":{"gridcolor":"#506784","linecolor":"#506784","ticks":""},"radialaxis":{"gridcolor":"#506784","linecolor":"#506784","ticks":""}},"ternary":{"bgcolor":"rgb(17,17,17)","aaxis":{"gridcolor":"#506784","linecolor":"#506784","ticks":""},"baxis":{"gridcolor":"#506784","linecolor":"#506784","ticks":""},"caxis":{"gridcolor":"#506784","linecolor":"#506784","ticks":""}},"coloraxis":{"colorbar":{"outlinewidth":0,"ticks":""}},"colorscale":{"sequential":[[0.0,"#0d0887"],[0.1111111111111111,"#46039f"],[0.2222222222222222,"#7201a8"],[0.3333333333333333,"#9c179e"],[0.4444444444444444,"#bd3786"],[0.5555555555555556,"#d8576b"],[0.6666666666666666,"#ed7953"],[0.7777777777777778,"#fb9f3a"],[0.8888888888888888,"#fdca26"],[1.0,"#f0f921"]],"sequentialminus":[[0.0,"#0d0887"],[0.1111111111111111,"#46039f"],[0.2222222222222222,"#7201a8"],[0.3333333333333333,"#9c179e"],[0.4444444444444444,"#bd3786"],[0.5555555555555556,"#d8576b"],[0.6666666666666666,"#ed7953"],[0.7777777777777778,"#fb9f3a"],[0.8888888888888888,"#fdca26"],[1.0,"#f0f921"]],"diverging":[[0,"#8e0152"],[0.1,"#c51b7d"],[0.2,"#de77ae"],[0.3,"#f1b6da"],[0.4,"#fde0ef"],[0.5,"#f7f7f7"],[0.6,"#e6f5d0"],[0.7,"#b8e186"],[0.8,"#7fbc41"],[0.9,"#4d9221"],[1,"#276419"]]},"xaxis":{"gridcolor":"rgba(0, 0, 0, 0)","linecolor":"#506784","ticks":"","title":{"standoff":15},"zerolinecolor":"#283442","automargin":true,"zerolinewidth":2,"tickfont":{"family":"Courier New","size":14},"side":"top","tickangle":-90},"yaxis":{"gridcolor":"rgba(0, 0, 0, 0)","linecolor":"#506784","ticks":"","title":{"standoff":15},"zerolinecolor":"#283442","automargin":true,"zerolinewidth":2,"tickfont":{"family":"Courier New"},"side":"right"},"scene":{"xaxis":{"backgroundcolor":"rgb(17,17,17)","gridcolor":"#506784","linecolor":"#506784","showbackground":true,"ticks":"","zerolinecolor":"#C8D4E3","gridwidth":2},"yaxis":{"backgroundcolor":"rgb(17,17,17)","gridcolor":"#506784","linecolor":"#506784","showbackground":true,"ticks":"","zerolinecolor":"#C8D4E3","gridwidth":2},"zaxis":{"backgroundcolor":"rgb(17,17,17)","gridcolor":"#506784","linecolor":"#506784","showbackground":true,"ticks":"","zerolinecolor":"#C8D4E3","gridwidth":2}},"shapedefaults":{"line":{"color":"#f2f5fa"}},"annotationdefaults":{"arrowcolor":"#f2f5fa","arrowhead":0,"arrowwidth":1},"geo":{"bgcolor":"rgb(17,17,17)","landcolor":"rgb(17,17,17)","subunitcolor":"#506784","showland":true,"showlakes":true,"lakecolor":"rgb(17,17,17)"},"title":{"x":0.05,"font":{"family":"Times New Roman"},"y":0.05,"text":"<b>Correlation of Adj Close<b><br><i>2016-09-23 ~ 2025-11-26<i>"},"updatemenudefaults":{"bgcolor":"#506784","borderwidth":0},"sliderdefaults":{"bgcolor":"#C8D4E3","borderwidth":1,"bordercolor":"rgb(17,17,17)","tickwidth":0},"mapbox":{"style":"dark"},"annotations":[{"text":"<b>@zwindr<b>","textangle":0,"opacity":0.5,"font":{"color":"white","size":12},"xref":"paper","yref":"paper","xanchor":"left","yanchor":"bottom","x":1.0,"y":1.0,"showarrow":false}]},"config":{"responsive":true,"toImageButtonOptions":{"filename":"Correlation of Adj Close_2016-09-23~2025-11-26","scale":5}}};Plotly.newPlot("correlationAdjClose",correlationAdjClose.data,correlationAdjClose.layout||{},correlationAdjClose.config);}else{console.log("style display is none => correlationAdjClose");}