var element=document.getElementById("correlationAdjClose");if(element.style.display!='none'){var correlationAdjClose={"data":[{"type":"heatmap","z":[[1.0,0.9943668273338908,0.9771854515621987,0.9975146998344986,0.9637328568727557,0.9825369762001315,-0.9469128002648086,0.9900896532262796,0.9720906324122847,0.9971297349999887,0.9971067697622159,0.9975972091855406,0.9936952193116881,0.9944180380012796,0.9971556289658683,0.984685900477593,0.9996859475019539,0.9900258426811325,0.9017331216294695,0.9215166341334988,0.7247698650535859,0.9854994857059415,0.9258749198033196,0.4088348708469898,-0.3030926247935677,0.8999449832256703,0.9593656611353976,0.9574423314824254,0.9802692692232539,0.9658528911037381,0.9765126319062661,0.9727800242040755,0.9452850251048727,0.9809905268173439,0.9721523398270194,0.9545842274299516],[0.9943668273338908,1.0,0.9725923063588428,0.9914505588733149,0.9589165581821771,0.9782729600879962,-0.94233754049161,0.9816539427169456,0.965583798681528,0.99518367275213,0.9950255012941459,0.9943894689440731,0.9926992214128978,0.9921359584972239,0.9950318704985155,0.979141007708626,0.9968817957026977,0.9841866589426497,0.9248477984229763,0.9110454788091855,0.7393857753854823,0.9679551319164815,0.9065095012559877,0.40857421129455346,-0.23012514296734216,0.8757024808394883,0.9483186644185274,0.9566603084602864,0.9593472604444017,0.9525829443365684,0.9666280487364508,0.9579334094864956,0.9436641078302181,0.9704321728134879,0.9626169990654351,0.9489399824923872],[0.9771854515621987,0.9725923063588428,1.0,0.9839669899765388,0.9957732445676055,0.9783392118426868,-0.9771672181075357,0.9689785913114324,0.9835230117454195,0.9895549610943032,0.990224067701319,0.986799053132246,0.9969340015322198,0.9967139584857452,0.9899561895491215,0.9766263538571408,0.9876545661219915,0.9686900162945093,0.8751795451523289,0.830454029633499,0.6101040007718603,0.9909857546777925,0.9197110757905783,0.2416276105023703,-0.22740885211615997,0.8993141133362058,0.9427331205795301,0.9806536321123867,0.9299302797971974,0.9154594444072078,0.9668952734954788,0.921079273498613,0.904138007342852,0.9673037398947859,0.9746987734209538,0.9215633021748393],[0.9975146998344986,0.9914505588733149,0.9839669899765388,1.0,0.976329864430676,0.9748247053660232,-0.9425706592970953,0.9838749956285613,0.9694771825441983,0.9999732611362284,0.9999902230376048,0.9999592174486891,0.9920387391504006,0.9901119704806972,0.9999441850274923,0.9743077903230154,0.9959892711614263,0.9835697946536108,0.8889426655197519,0.9069003177256316,0.6923419435315806,0.9936390432908871,0.9283301325564297,0.3815303719016598,-0.29390906526747496,0.8959002121928481,0.9596001010089011,0.9637946656293888,0.9706411276865263,0.9627632191120411,0.9791703130766216,0.9626576503465377,0.9331784948684563,0.9789135943379986,0.9708669970435262,0.9452806686933038],[0.9637328568727557,0.9589165581821771,0.9957732445676055,0.976329864430676,1.0,0.9570173412400522,-0.9588411534352211,0.9519265629927616,0.9698470404275478,0.9848101063122895,0.9855405421205093,0.9815526297838852,0.9855388409107413,0.9820730589335365,0.9850961266407743,0.9540934200409523,0.9745691705238897,0.9514378490693763,0.852754750941035,0.8081753675100755,0.5707383918848019,0.9893666138744572,0.9159051679074799,0.2132582877423774,-0.21971072563666402,0.8765529383351746,0.9358228041319896,0.9770281777618555,0.9080126120937823,0.9006960503800171,0.960644721213634,0.8982875803707322,0.8758485635349668,0.9557028022240448,0.9619834079157694,0.8959466971963871],[0.9825369762001315,0.9782729600879962,0.9783392118426868,0.9748247053660232,0.9570173412400522,1.0,-0.9815658898357609,0.9815077509685652,0.9810044118055299,0.9697529592026242,0.9700322474337275,0.9728195705917256,0.9775374864389345,0.9755555265683618,0.9699237175758259,0.9999003266189453,0.986707717002667,0.9825070454329,0.9012785221258066,0.8666948259270166,0.691582771227965,0.9681606287094702,0.897436668509268,0.27776894653431117,-0.2182415421661921,0.9341797749320861,0.9395925196369438,0.9615901508712034,0.9590753751093527,0.9315212608465189,0.9539171701432715,0.9536157599123914,0.954832501030002,0.9591943580649976,0.9776375431398089,0.9556698082536724],[-0.9469128002648086,-0.94233754049161,-0.9771672181075357,-0.9425706592970953,-0.9588411534352211,-0.9815658898357609,1.0,-0.9537352129429932,-0.9842811899397481,-0.9519580388404659,-0.953063932401148,-0.9487526018571215,-0.975869181319575,-0.9773166815460421,-0.9527381336310262,-0.9843827949132102,-0.9670772428467916,-0.9564709375432721,-0.869638227272761,-0.7832897812606702,-0.5886519326360575,-0.9473314667662357,-0.8913803150880287,-0.1363625800376659,0.1546464222508731,-0.9007768420685414,-0.9095759423278567,-0.9604246442941868,-0.9029589625130456,-0.8665229807495519,-0.9303494691734013,-0.8951791425245154,-0.9094695466365392,-0.9301630983313323,-0.9660540770781695,-0.91035575967236],[0.9900896532262796,0.9816539427169456,0.9689785913114324,0.9838749956285613,0.9519265629927616,0.9815077509685652,-0.9537352129429932,1.0,0.9831580004667582,0.9797518304423594,0.9796560338531414,0.9828775771074635,0.9762472807914271,0.9754399994456232,0.9797637065169127,0.9833781468969014,0.987937129088722,0.9998744552020735,0.9270545737179586,0.9263600939278093,0.6590610674651156,0.9732318672572711,0.8985282244437489,0.26235021299813327,-0.3118834917138184,0.9051664001473334,0.9315821295368856,0.9403062972696582,0.9785974912902065,0.9548304530968726,0.9681901095718478,0.9643389573614916,0.9369465594730059,0.9610439625386501,0.9591678204544718,0.9657468856965947],[0.9720906324122847,0.965583798681528,0.9835230117454195,0.9694771825441983,0.9698470404275478,0.9810044118055299,-0.9842811899397481,0.9831580004667582,1.0,0.9650942460248805,0.9656746687732487,0.9676458498119346,0.9742451203263969,0.9714353001830406,0.9655015486742575,0.9800788895008319,0.9721564189198284,0.9824711962290054,0.9036415576092567,0.8563494857656325,0.5823945180874797,0.968980399419511,0.9112707141893438,0.12066095406468362,-0.23246022006499795,0.8854018600661128,0.9182072588366252,0.9624641038803179,0.9359701652940734,0.9009565081359623,0.9584680374154425,0.919983647104479,0.9046274458267203,0.9485317747028001,0.9711365044732927,0.9242543373983749],[0.9971297349999887,0.99518367275213,0.9895549610943032,0.9999732611362284,0.9848101063122895,0.9697529592026242,-0.9519580388404659,0.9797518304423594,0.9650942460248805,1.0,0.9999884799435776,0.999982715146688,0.9918984369461028,0.9899425677704319,0.9999499812152409,0.9699211267429039,0.9956143831563715,0.9805629613149619,0.9183929917589906,0.9339310200762737,0.6023420215810735,0.9968859492851098,0.9089264944699773,-0.06820128970871797,0.4153368705723341,0.907075867769065,0.9346069669320496,0.9687200406556672,0.9624496686291679,0.9464970069144603,0.9682334003701358,0.9433542244523937,0.9174405873215014,0.9674076868203206,0.9811409308197835,0.9410785798875743],[0.9971067697622159,0.9950255012941459,0.990224067701319,0.9999902230376048,0.9855405421205093,0.9700322474337275,-0.953063932401148,0.9796560338531414,0.9656746687732487,0.9999884799435776,1.0,0.9999726884660152,0.992065676478977,0.9901079875981516,0.9999532726129253,0.9701681834771484,0.9956440548882844,0.9804364825986301,0.9171977434832628,0.9332232928796279,0.5983215445998166,0.997163657343461,0.9083146992829867,-0.08289472047135887,0.41074678904467654,0.906145836972928,0.9341939626795557,0.9695321563201075,0.9619563355567076,0.9453216016282523,0.9683510382120494,0.942376160627954,0.9160952892381024,0.96758936849345,0.9816060946942691,0.9403568073791423],[0.9975972091855406,0.9943894689440731,0.986799053132246,0.9999592174486891,0.9815526297838852,0.9728195705917256,-0.9487526018571215,0.9828775771074635,0.9676458498119346,0.999982715146688,0.9999726884660152,1.0,0.9918853518999107,0.9898997664986502,0.9999628872254583,0.9729725974492731,0.9957936516025845,0.9832524131067938,0.8991730222268398,0.9239001616112817,0.6529749630153485,0.9960916529424607,0.9232962249631459,0.1320784750456026,-0.19678400188526907,0.9164656254896213,0.946668393656587,0.9592428204641459,0.9652646840011082,0.9540790165216755,0.974282477501797,0.9536155312357943,0.9308394413822342,0.9740302356627403,0.9694635136362525,0.9498532878525874],[0.9936952193116881,0.9926992214128978,0.9969340015322198,0.9920387391504006,0.9855388409107413,0.9775374864389345,-0.975869181319575,0.9762472807914271,0.9742451203263969,0.9918984369461028,0.992065676478977,0.9918853518999107,1.0,0.9997117697416457,0.9920557828670963,0.9779206887952419,0.9939114203618239,0.9773367666992275,0.9150934415988623,0.9182524302927975,0.5372522487481344,0.9870614198159894,0.9011602028488215,-0.36087088169877307,0.4346360364387821,0.895603617074363,0.926513737493246,0.9791407178777736,0.9465419284745823,0.9114155456869621,0.9505540884536038,0.919006165530019,0.8881441958547525,0.9659722829595007,0.9808159706724373,0.9335283105954653],[0.9944180380012796,0.9921359584972239,0.9967139584857452,0.9901119704806972,0.9820730589335365,0.9755555265683618,-0.9773166815460421,0.9754399994456232,0.9714353001830406,0.9899425677704319,0.9901079875981516,0.9898997664986502,0.9997117697416457,1.0,0.9902324247266489,0.9759259459369122,0.9944871382070594,0.9767472542230057,0.9015963295267521,0.9262378000786127,0.41031034724778165,0.9822509920524325,0.8917541907244693,-0.7331249771825492,0.40953780270479384,0.8663556056743295,0.9214034017116657,0.978445284840128,0.9398948922974395,0.8962222951298638,0.942362474691889,0.9175687428493922,0.867181823804645,0.9679095480310057,0.9792518536637406,0.9259508920057357],[0.9971556289658683,0.9950318704985155,0.9899561895491215,0.9999441850274923,0.9850961266407743,0.9699237175758259,-0.9527381336310262,0.9797637065169127,0.9655015486742575,0.9999499812152409,0.9999532726129253,0.9999628872254583,0.9920557828670963,0.9902324247266489,1.0,0.9701019441910159,0.9956718246038366,0.9805683125810348,0.9175008409680351,0.9339334508212493,0.5984490086990841,0.996981246200531,0.9084694351772051,-0.08109536606899308,0.4107221094142957,0.9059960177621587,0.9317706012478766,0.9689345589091776,0.9623019020586789,0.9458926633931628,0.9683375886804972,0.9430729789221681,0.9166707427629381,0.9675103962386923,0.9815463587153418,0.9408509956434474],[0.984685900477593,0.979141007708626,0.9766263538571408,0.9743077903230154,0.9540934200409523,0.9999003266189453,-0.9843827949132102,0.9833781468969014,0.9800788895008319,0.9699211267429039,0.9701681834771484,0.9729725974492731,0.9779206887952419,0.9759259459369122,0.9701019441910159,1.0,0.9869780370968813,0.982688980337327,0.9042793162531894,0.8904104760853219,0.6879512685489535,0.9663514652308394,0.8925128481531641,0.14022394870756316,-0.19722452445356395,0.942270100982583,0.934204609398727,0.9583871233236378,0.9624792028717437,0.9286284726200705,0.9503988069056907,0.9546547906237636,0.9542014620982066,0.9614856188290446,0.9770305552564028,0.9602897437660519],[0.9996859475019539,0.9968817957026977,0.9876545661219915,0.9959892711614263,0.9745691705238897,0.986707717002667,-0.9670772428467916,0.987937129088722,0.9721564189198284,0.9956143831563715,0.9956440548882844,0.9957936516025845,0.9939114203618239,0.9944871382070594,0.9956718246038366,0.9869780370968813,1.0,0.9886778884010556,0.9300624759113515,0.9396810414788075,0.6453971757595794,0.9889692291816835,0.9034696549861693,-0.026317716220610386,0.4331362402620371,0.9285545764655233,0.9349545324401187,0.9670826640685188,0.9753581929849838,0.9503936085755245,0.9659532236819893,0.9581795338777596,0.9414568623244912,0.9731366722366681,0.985685171620287,0.9630640897784167],[0.9900258426811325,0.9841866589426497,0.9686900162945093,0.9835697946536108,0.9514378490693763,0.9825070454329,-0.9564709375432721,0.9998744552020735,0.9824711962290054,0.9805629613149619,0.9804364825986301,0.9832524131067938,0.9773367666992275,0.9767472542230057,0.9805683125810348,0.982688980337327,0.9886778884010556,1.0,0.9300743257562257,0.9326029508750273,0.6572407472993844,0.9720467804704909,0.9029412236063238,0.22733115414726404,-0.2936235562403591,0.9103999166887824,0.9273744412908731,0.9402918268047035,0.9790735276175615,0.9542262300417435,0.9665923649217191,0.9629139477268365,0.936790654319897,0.9603259762387922,0.9571134626220281,0.9669419366371632],[0.9017331216294695,0.9248477984229763,0.8751795451523289,0.8889426655197519,0.852754750941035,0.9012785221258066,-0.869638227272761,0.9270545737179586,0.9036415576092567,0.9183929917589906,0.9171977434832628,0.8991730222268398,0.9150934415988623,0.9015963295267521,0.9175008409680351,0.9042793162531894,0.9300624759113515,0.9300743257562257,1.0,0.8202806574087375,0.7140494504760658,0.8632844852492644,0.8130846796308928,0.29460163079646473,-0.1607855186079392,0.8516926676412946,0.812840516784065,0.8504649611292995,0.8876698507449841,0.8525450421849331,0.8551907207020742,0.865748941698209,0.8515997736271166,0.852284344862848,0.8755943366944319,0.8918599626572933],[0.9215166341334988,0.9110454788091855,0.830454029633499,0.9069003177256316,0.8081753675100755,0.8666948259270166,-0.7832897812606702,0.9263600939278093,0.8563494857656325,0.9339310200762737,0.9332232928796279,0.9239001616112817,0.9182524302927975,0.9262378000786127,0.9339334508212493,0.8904104760853219,0.9396810414788075,0.9326029508750273,0.8202806574087375,1.0,0.834841778411262,0.8588815254548997,0.8733106418452852,0.6630984764025443,-0.529575112214042,0.7045809759680056,0.8911793025763595,0.8057012915212948,0.9582874389382278,0.9360559891826561,0.9007246048850192,0.9451269226398296,0.8965363815964049,0.8998351415364125,0.8484768354137546,0.8821403371333422],[0.7247698650535859,0.7393857753854823,0.6101040007718603,0.6923419435315806,0.5707383918848019,0.691582771227965,-0.5886519326360575,0.6590610674651156,0.5823945180874797,0.6023420215810735,0.5983215445998166,0.6529749630153485,0.5372522487481344,0.41031034724778165,0.5984490086990841,0.6879512685489535,0.6453971757595794,0.6572407472993844,0.7140494504760658,0.834841778411262,1.0,0.6179085003284241,0.7282623132685363,0.7271512386045332,-0.11674252197666753,0.5377718784938043,0.6997682046529909,0.6235514583167171,0.7834921045860334,0.7157275807532653,0.6489505050338722,0.753238302191901,0.7600326860170789,0.6854117201276115,0.6499835653852317,0.6960451175331371],[0.9854994857059415,0.9679551319164815,0.9909857546777925,0.9936390432908871,0.9893666138744572,0.9681606287094702,-0.9473314667662357,0.9732318672572711,0.968980399419511,0.9968859492851098,0.997163657343461,0.9960916529424607,0.9870614198159894,0.9822509920524325,0.996981246200531,0.9663514652308394,0.9889692291816835,0.9720467804704909,0.8632844852492644,0.8588815254548997,0.6179085003284241,1.0,0.9021363882644763,0.3079908248561454,-0.2871975125700632,0.8813528442243072,0.9493864889233595,0.9721915353028845,0.9396533943076594,0.9459511178001448,0.97157393752071,0.9408492942040276,0.9081051492251627,0.9693000460764245,0.9566383932474604,0.9263599742182813],[0.9258749198033196,0.9065095012559877,0.9197110757905783,0.9283301325564297,0.9159051679074799,0.897436668509268,-0.8913803150880287,0.8985282244437489,0.9112707141893438,0.9089264944699773,0.9083146992829867,0.9232962249631459,0.9011602028488215,0.8917541907244693,0.9084694351772051,0.8925128481531641,0.9034696549861693,0.9029412236063238,0.8130846796308928,0.8733106418452852,0.7282623132685363,0.9021363882644763,1.0,0.35095199063131843,-0.19033503062880727,0.7049734132824191,0.9174842092417862,0.8929508759011973,0.8993228083119805,0.8537408366520868,0.9279575024980181,0.8707950119416289,0.8416743042600547,0.9243271847276527,0.8716942999233931,0.8498562463188343],[0.4088348708469898,0.40857421129455346,0.2416276105023703,0.3815303719016598,0.2132582877423774,0.27776894653431117,-0.1363625800376659,0.26235021299813327,0.12066095406468362,-0.06820128970871797,-0.08289472047135887,0.1320784750456026,-0.36087088169877307,-0.7331249771825492,-0.08109536606899308,0.14022394870756316,-0.026317716220610386,0.22733115414726404,0.29460163079646473,0.6630984764025443,0.7271512386045332,0.3079908248561454,0.35095199063131843,1.0,-0.3878475471878206,0.2798985068242451,0.3474850210583027,0.195978975009708,0.4903940783911186,0.48451109013657034,0.34093834201711737,0.5067731275608756,0.4245710055600901,0.36477173806425883,0.2853690801650858,0.399315310856861],[-0.3030926247935677,-0.23012514296734216,-0.22740885211615997,-0.29390906526747496,-0.21971072563666402,-0.2182415421661921,0.1546464222508731,-0.3118834917138184,-0.23246022006499795,0.4153368705723341,0.41074678904467654,-0.19678400188526907,0.4346360364387821,0.40953780270479384,0.4107221094142957,-0.19722452445356395,0.4331362402620371,-0.2936235562403591,-0.1607855186079392,-0.529575112214042,-0.11674252197666753,-0.2871975125700632,-0.19033503062880727,-0.3878475471878206,1.0,-0.1516470769348158,-0.3122584454065616,-0.17925208264857234,-0.3888329054870545,-0.3779287197318669,-0.3236333396563702,-0.3457731992408941,-0.2060199002693744,-0.34888354653725995,-0.18160417397717837,-0.31761315075059615],[0.8999449832256703,0.8757024808394883,0.8993141133362058,0.8959002121928481,0.8765529383351746,0.9341797749320861,-0.9007768420685414,0.9051664001473334,0.8854018600661128,0.907075867769065,0.906145836972928,0.9164656254896213,0.895603617074363,0.8663556056743295,0.9059960177621587,0.942270100982583,0.9285545764655233,0.9103999166887824,0.8516926676412946,0.7045809759680056,0.5377718784938043,0.8813528442243072,0.7049734132824191,0.2798985068242451,-0.1516470769348158,1.0,0.8123597127378244,0.8829405081214925,0.8140450367657706,0.8599208936657066,0.8263500767628319,0.8680036345860835,0.8634042774307741,0.8572911104895272,0.8667571191948709,0.8961089398302112],[0.9593656611353976,0.9483186644185274,0.9427331205795301,0.9596001010089011,0.9358228041319896,0.9395925196369438,-0.9095759423278567,0.9315821295368856,0.9182072588366252,0.9346069669320496,0.9341939626795557,0.946668393656587,0.926513737493246,0.9214034017116657,0.9317706012478766,0.934204609398727,0.9349545324401187,0.9273744412908731,0.812840516784065,0.8911793025763595,0.6997682046529909,0.9493864889233595,0.9174842092417862,0.3474850210583027,-0.3122584454065616,0.8123597127378244,1.0,0.9283093611619018,0.9388215280978245,0.9215464430610576,0.9395819545582257,0.9238987078659973,0.8919924392036209,0.9497664266677112,0.918648963327733,0.8995363322358947],[0.9574423314824254,0.9566603084602864,0.9806536321123867,0.9637946656293888,0.9770281777618555,0.9615901508712034,-0.9604246442941868,0.9403062972696582,0.9624641038803179,0.9687200406556672,0.9695321563201075,0.9592428204641459,0.9791407178777736,0.978445284840128,0.9689345589091776,0.9583871233236378,0.9670826640685188,0.9402918268047035,0.8504649611292995,0.8057012915212948,0.6235514583167171,0.9721915353028845,0.8929508759011973,0.195978975009708,-0.17925208264857234,0.8829405081214925,0.9283093611619018,1.0,0.9064115255333133,0.887892144133214,0.9416343737445367,0.8885199704889877,0.8848841059091612,0.9470624347546496,0.9722642568320298,0.8861644976587948],[0.9802692692232539,0.9593472604444017,0.9299302797971974,0.9706411276865263,0.9080126120937823,0.9590753751093527,-0.9029589625130456,0.9785974912902065,0.9359701652940734,0.9624496686291679,0.9619563355567076,0.9652646840011082,0.9465419284745823,0.9398948922974395,0.9623019020586789,0.9624792028717437,0.9753581929849838,0.9790735276175615,0.8876698507449841,0.9582874389382278,0.7834921045860334,0.9396533943076594,0.8993228083119805,0.4903940783911186,-0.3888329054870545,0.8140450367657706,0.9388215280978245,0.9064115255333133,1.0,0.9858442793790365,0.9641820868893582,0.9900909435396684,0.9517171968363423,0.9596131142455427,0.9136926452357367,0.967122639597669],[0.9658528911037381,0.9525829443365684,0.9154594444072078,0.9627632191120411,0.9006960503800171,0.9315212608465189,-0.8665229807495519,0.9548304530968726,0.9009565081359623,0.9464970069144603,0.9453216016282523,0.9540790165216755,0.9114155456869621,0.8962222951298638,0.9458926633931628,0.9286284726200705,0.9503936085755245,0.9542262300417435,0.8525450421849331,0.9360559891826561,0.7157275807532653,0.9459511178001448,0.8537408366520868,0.48451109013657034,-0.3779287197318669,0.8599208936657066,0.9215464430610576,0.887892144133214,0.9858442793790365,1.0,0.9514164497632223,0.9834632684015558,0.9549111851327887,0.9379835904988214,0.9213699002849833,0.9619433070126362],[0.9765126319062661,0.9666280487364508,0.9668952734954788,0.9791703130766216,0.960644721213634,0.9539171701432715,-0.9303494691734013,0.9681901095718478,0.9584680374154425,0.9682334003701358,0.9683510382120494,0.974282477501797,0.9505540884536038,0.942362474691889,0.9683375886804972,0.9503988069056907,0.9659532236819893,0.9665923649217191,0.8551907207020742,0.9007246048850192,0.6489505050338722,0.97157393752071,0.9279575024980181,0.34093834201711737,-0.3236333396563702,0.8263500767628319,0.9395819545582257,0.9416343737445367,0.9641820868893582,0.9514164497632223,1.0,0.9529766401889701,0.9152510504648039,0.9764276414546714,0.9587419020856724,0.9412058662922396],[0.9727800242040755,0.9579334094864956,0.921079273498613,0.9626576503465377,0.8982875803707322,0.9536157599123914,-0.8951791425245154,0.9643389573614916,0.919983647104479,0.9433542244523937,0.942376160627954,0.9536155312357943,0.919006165530019,0.9175687428493922,0.9430729789221681,0.9546547906237636,0.9581795338777596,0.9629139477268365,0.865748941698209,0.9451269226398296,0.753238302191901,0.9408492942040276,0.8707950119416289,0.5067731275608756,-0.3457731992408941,0.8680036345860835,0.9238987078659973,0.8885199704889877,0.9900909435396684,0.9834632684015558,0.9529766401889701,1.0,0.9735528240543753,0.9448530446466519,0.9376990271408054,0.962758722926477],[0.9452850251048727,0.9436641078302181,0.904138007342852,0.9331784948684563,0.8758485635349668,0.954832501030002,-0.9094695466365392,0.9369465594730059,0.9046274458267203,0.9174405873215014,0.9160952892381024,0.9308394413822342,0.8881441958547525,0.867181823804645,0.9166707427629381,0.9542014620982066,0.9414568623244912,0.936790654319897,0.8515997736271166,0.8965363815964049,0.7600326860170789,0.9081051492251627,0.8416743042600547,0.4245710055600901,-0.2060199002693744,0.8634042774307741,0.8919924392036209,0.8848841059091612,0.9517171968363423,0.9549111851327887,0.9152510504648039,0.9735528240543753,1.0,0.9068563944805659,0.9318140694535996,0.9537892832428868],[0.9809905268173439,0.9704321728134879,0.9673037398947859,0.9789135943379986,0.9557028022240448,0.9591943580649976,-0.9301630983313323,0.9610439625386501,0.9485317747028001,0.9674076868203206,0.96758936849345,0.9740302356627403,0.9659722829595007,0.9679095480310057,0.9675103962386923,0.9614856188290446,0.9731366722366681,0.9603259762387922,0.852284344862848,0.8998351415364125,0.6854117201276115,0.9693000460764245,0.9243271847276527,0.36477173806425883,-0.34888354653725995,0.8572911104895272,0.9497664266677112,0.9470624347546496,0.9596131142455427,0.9379835904988214,0.9764276414546714,0.9448530446466519,0.9068563944805659,1.0,0.9556409572637522,0.9410196331716393],[0.9721523398270194,0.9626169990654351,0.9746987734209538,0.9708669970435262,0.9619834079157694,0.9776375431398089,-0.9660540770781695,0.9591678204544718,0.9711365044732927,0.9811409308197835,0.9816060946942691,0.9694635136362525,0.9808159706724373,0.9792518536637406,0.9815463587153418,0.9770305552564028,0.985685171620287,0.9571134626220281,0.8755943366944319,0.8484768354137546,0.6499835653852317,0.9566383932474604,0.8716942999233931,0.2853690801650858,-0.18160417397717837,0.8667571191948709,0.918648963327733,0.9722642568320298,0.9136926452357367,0.9213699002849833,0.9587419020856724,0.9376990271408054,0.9318140694535996,0.9556409572637522,1.0,0.9182698003107476],[0.9545842274299516,0.9489399824923872,0.9215633021748393,0.9452806686933038,0.8959466971963871,0.9556698082536724,-0.91035575967236,0.9657468856965947,0.9242543373983749,0.9410785798875743,0.9403568073791423,0.9498532878525874,0.9335283105954653,0.9259508920057357,0.9408509956434474,0.9602897437660519,0.9630640897784167,0.9669419366371632,0.8918599626572933,0.8821403371333422,0.6960451175331371,0.9263599742182813,0.8498562463188343,0.399315310856861,-0.31761315075059615,0.8961089398302112,0.8995363322358947,0.8861644976587948,0.967122639597669,0.9619433070126362,0.9412058662922396,0.962758722926477,0.9537892832428868,0.9410196331716393,0.9182698003107476,1.0]],"x":["^TAIEX       \u81fa\u7063\u52a0\u6b0a\u5831\u916c\u6307\u6578","^TWII        \u81fa\u7063\u52a0\u6b0a\u6307\u6578","^TAIEXx2     \u81fa\u7063\u52a0\u6b0a\u5831\u916c\u6307\u6578_\u65e5\u6b632","^TAI50I      \u81fa\u706350\u5831\u916c\u6307\u6578","^TAI50Ix2    \u81fa\u706350\u5831\u916c\u6307\u6578_\u65e5\u6b632","^TAI100I     \u81fa\u7063\u4e2d\u578b100\u5831\u916c\u6307\u6578","^TAI100Ix2   \u81fa\u7063\u4e2d\u578b100\u5831\u916c\u6307\u6578_\u65e5\u6b632","^TAIDIVIDI   \u81fa\u7063\u9ad8\u80a1\u606f\u5831\u916c\u6307\u6578","^TAIDIVIDIx2 \u81fa\u7063\u9ad8\u80a1\u606f\u5831\u916c\u6307\u6578_\u65e5\u6b632","0050Fund     \u5143\u5927\u53f0\u7063\u5353\u8d8a50\u57fa\u91d1","006208Fund   \u5bcc\u90a6\u53f0\u7063\u91c6\u540950\u57fa\u91d1","0050         \u5143\u5927\u81fa\u706350","00631L       \u5143\u5927\u53f0\u706350\u6b632","00675L       \u5bcc\u90a6\u81fa\u7063\u52a0\u6b0a\u6b632","006208       \u5bcc\u90a6\u53f050","0051         \u5143\u5927\u4e2d\u578b100","006204       \u6c38\u8c50\u81fa\u7063\u52a0\u6b0a","0056         \u5143\u5927\u9ad8\u80a1\u606f","0056         \u5143\u5927\u9ad8\u80a1\u606f_\u80a1\u606f\u4e0d\u6295\u5165","2412         \u4e2d\u83ef\u96fb\u4fe1","2002         \u4e2d\u92fc","2330         \u53f0\u7a4d\u96fb","2317         \u9d3b\u6d77","6505         \u53f0\u5851\u77f3\u5316","3481         \u7fa4\u5275","2303         \u806f\u96fb","2308         \u53f0\u9054\u96fb","2454         \u806f\u767c\u79d1","2886         \u5146\u8c50\u91d1","2884         \u7389\u5c71\u91d1","2891         \u4e2d\u4fe1\u91d1","2892         \u7b2c\u4e00\u91d1","5880         \u5408\u5eab\u91d1","2881         \u5bcc\u90a6\u91d1","2885         \u5143\u5927\u91d1","2887         \u53f0\u65b0\u91d1"],"y":["^TAIEX       \u81fa\u7063\u52a0\u6b0a\u5831\u916c\u6307\u6578","^TWII        \u81fa\u7063\u52a0\u6b0a\u6307\u6578","^TAIEXx2     \u81fa\u7063\u52a0\u6b0a\u5831\u916c\u6307\u6578_\u65e5\u6b632","^TAI50I      \u81fa\u706350\u5831\u916c\u6307\u6578","^TAI50Ix2    \u81fa\u706350\u5831\u916c\u6307\u6578_\u65e5\u6b632","^TAI100I     \u81fa\u7063\u4e2d\u578b100\u5831\u916c\u6307\u6578","^TAI100Ix2   \u81fa\u7063\u4e2d\u578b100\u5831\u916c\u6307\u6578_\u65e5\u6b632","^TAIDIVIDI   \u81fa\u7063\u9ad8\u80a1\u606f\u5831\u916c\u6307\u6578","^TAIDIVIDIx2 \u81fa\u7063\u9ad8\u80a1\u606f\u5831\u916c\u6307\u6578_\u65e5\u6b632","0050Fund     \u5143\u5927\u53f0\u7063\u5353\u8d8a50\u57fa\u91d1","006208Fund   \u5bcc\u90a6\u53f0\u7063\u91c6\u540950\u57fa\u91d1","0050         \u5143\u5927\u81fa\u706350","00631L       \u5143\u5927\u53f0\u706350\u6b632","00675L       \u5bcc\u90a6\u81fa\u7063\u52a0\u6b0a\u6b632","006208       \u5bcc\u90a6\u53f050","0051         \u5143\u5927\u4e2d\u578b100","006204       \u6c38\u8c50\u81fa\u7063\u52a0\u6b0a","0056         \u5143\u5927\u9ad8\u80a1\u606f","0056         \u5143\u5927\u9ad8\u80a1\u606f_\u80a1\u606f\u4e0d\u6295\u5165","2412         \u4e2d\u83ef\u96fb\u4fe1","2002         \u4e2d\u92fc","2330         \u53f0\u7a4d\u96fb","2317         \u9d3b\u6d77","6505         \u53f0\u5851\u77f3\u5316","3481         \u7fa4\u5275","2303         \u806f\u96fb","2308         \u53f0\u9054\u96fb","2454         \u806f\u767c\u79d1","2886         \u5146\u8c50\u91d1","2884         \u7389\u5c71\u91d1","2891         \u4e2d\u4fe1\u91d1","2892         \u7b2c\u4e00\u91d1","5880         \u5408\u5eab\u91d1","2881         \u5bcc\u90a6\u91d1","2885         \u5143\u5927\u91d1","2887         \u53f0\u65b0\u91d1"],"zmin":-1,"zmax":1,"colorbar":{"x":-0.2}}],"layout":{"autotypenumbers":"strict","colorway":["#636efa","#EF553B","#00cc96","#ab63fa","#FFA15A","#19d3f3","#FF6692","#B6E880","#FF97FF","#FECB52"],"font":{"color":"#f2f5fa","family":"Courier New"},"hovermode":"closest","hoverlabel":{"align":"left"},"paper_bgcolor":"rgb(17,17,17)","plot_bgcolor":"rgb(17,17,17)","polar":{"bgcolor":"rgb(17,17,17)","angularaxis":{"gridcolor":"#506784","linecolor":"#506784","ticks":""},"radialaxis":{"gridcolor":"#506784","linecolor":"#506784","ticks":""}},"ternary":{"bgcolor":"rgb(17,17,17)","aaxis":{"gridcolor":"#506784","linecolor":"#506784","ticks":""},"baxis":{"gridcolor":"#506784","linecolor":"#506784","ticks":""},"caxis":{"gridcolor":"#506784","linecolor":"#506784","ticks":""}},"coloraxis":{"colorbar":{"outlinewidth":0,"ticks":""}},"colorscale":{"sequential":[[0.0,"#0d0887"],[0.1111111111111111,"#46039f"],[0.2222222222222222,"#7201a8"],[0.3333333333333333,"#9c179e"],[0.4444444444444444,"#bd3786"],[0.5555555555555556,"#d8576b"],[0.6666666666666666,"#ed7953"],[0.7777777777777778,"#fb9f3a"],[0.8888888888888888,"#fdca26"],[1.0,"#f0f921"]],"sequentialminus":[[0.0,"#0d0887"],[0.1111111111111111,"#46039f"],[0.2222222222222222,"#7201a8"],[0.3333333333333333,"#9c179e"],[0.4444444444444444,"#bd3786"],[0.5555555555555556,"#d8576b"],[0.6666666666666666,"#ed7953"],[0.7777777777777778,"#fb9f3a"],[0.8888888888888888,"#fdca26"],[1.0,"#f0f921"]],"diverging":[[0,"#8e0152"],[0.1,"#c51b7d"],[0.2,"#de77ae"],[0.3,"#f1b6da"],[0.4,"#fde0ef"],[0.5,"#f7f7f7"],[0.6,"#e6f5d0"],[0.7,"#b8e186"],[0.8,"#7fbc41"],[0.9,"#4d9221"],[1,"#276419"]]},"xaxis":{"gridcolor":"rgba(0, 0, 0, 0)","linecolor":"#506784","ticks":"","title":{"standoff":15},"zerolinecolor":"#283442","automargin":true,"zerolinewidth":2,"tickfont":{"family":"Courier New","size":14},"side":"top","tickangle":-90},"yaxis":{"gridcolor":"rgba(0, 0, 0, 0)","linecolor":"#506784","ticks":"","title":{"standoff":15},"zerolinecolor":"#283442","automargin":true,"zerolinewidth":2,"tickfont":{"family":"Courier New"},"side":"right"},"scene":{"xaxis":{"backgroundcolor":"rgb(17,17,17)","gridcolor":"#506784","linecolor":"#506784","showbackground":true,"ticks":"","zerolinecolor":"#C8D4E3","gridwidth":2},"yaxis":{"backgroundcolor":"rgb(17,17,17)","gridcolor":"#506784","linecolor":"#506784","showbackground":true,"ticks":"","zerolinecolor":"#C8D4E3","gridwidth":2},"zaxis":{"backgroundcolor":"rgb(17,17,17)","gridcolor":"#506784","linecolor":"#506784","showbackground":true,"ticks":"","zerolinecolor":"#C8D4E3","gridwidth":2}},"shapedefaults":{"line":{"color":"#f2f5fa"}},"annotationdefaults":{"arrowcolor":"#f2f5fa","arrowhead":0,"arrowwidth":1},"geo":{"bgcolor":"rgb(17,17,17)","landcolor":"rgb(17,17,17)","subunitcolor":"#506784","showland":true,"showlakes":true,"lakecolor":"rgb(17,17,17)"},"title":{"x":0.05,"font":{"family":"Times New Roman"},"y":0.05,"text":"<b>Correlation of Adj Close<b><br><i>2016-09-23 ~ 2025-09-19<i>"},"updatemenudefaults":{"bgcolor":"#506784","borderwidth":0},"sliderdefaults":{"bgcolor":"#C8D4E3","borderwidth":1,"bordercolor":"rgb(17,17,17)","tickwidth":0},"mapbox":{"style":"dark"},"annotations":[{"text":"<b>@zwindr<b>","textangle":0,"opacity":0.5,"font":{"color":"white","size":12},"xref":"paper","yref":"paper","xanchor":"left","yanchor":"bottom","x":1.0,"y":1.0,"showarrow":false}]},"config":{"responsive":true,"toImageButtonOptions":{"filename":"Correlation of Adj Close_2016-09-23~2025-09-19","scale":5}}};Plotly.newPlot("correlationAdjClose",correlationAdjClose.data,correlationAdjClose.layout||{},correlationAdjClose.config);}else{console.log("style display is none => correlationAdjClose");}