var element=document.getElementById("correlationClose");if(element.style.display!='none'){var correlationClose={"data":[{"type":"heatmap","z":[[1.0,0.9999999999999983,1.0,0.9951402993122557,0.9951402993122557,0.9666287863057251,0.9666287863057251,0.9070402379361379,0.9070402379361379,0.8327519988818751,0.9945325788374072,0.7937512834057295,0.99258086611918,0.9927487746914282,0.9945790293563069,0.9746890660354334,0.9990810015799437,0.918590133564549,0.918590133564549,0.7825031512449929,-0.14504815641476743,0.9783530102603849,0.1704152610962547,-0.10531643452560564,-0.2512858079539722,0.814312196933084,0.9066934288678326,0.9151931239091057,0.9255398792848589,0.7815653802525295,0.5635401655440954,0.6380194653145277,0.6297546038120477,0.934323963733241,0.8355082556192461,0.19303622698005948],[0.9999999999999983,1.0,0.9999999999999986,0.9951085526469035,0.9951085526469035,0.9661013948123343,0.9661013948123343,0.9079787705661733,0.9079787705661733,0.8341822615669525,0.9945258894036383,0.7939932379286204,0.9923068475479736,0.992248129350154,0.9945788585731837,0.9741327233394557,0.9990820750318222,0.9187496659386921,0.9187496659386921,0.8010247948716506,0.06669924905530139,0.9703082134058987,-0.038121678647737973,-0.0979220746834626,-0.25161141524282044,0.6482873842304068,0.9077396936301496,0.8910584832405766,0.9202139275553115,0.792193503720651,0.5553997518704271,0.6353371285253789,0.6554056248398981,0.9321016734754323,0.6934964109984678,0.1901094855851714],[1.0,0.9999999999999986,1.0,0.9951402993122557,0.9951402993122557,0.9666287863057251,0.9666287863057251,0.9070402379361379,0.9070402379361379,0.8327519988818751,0.9945325788374072,0.7937512834057295,0.99258086611918,0.9927487746914282,0.9945790293563069,0.9746890660354334,0.9990810015799437,0.918590133564549,0.918590133564549,0.7825031512449929,-0.14504815641476743,0.9783530102603849,0.1704152610962547,-0.10531643452560564,-0.2512858079539722,0.814312196933084,0.9066934288678326,0.9151931239091057,0.9255398792848589,0.7815653802525295,0.5635401655440954,0.6380194653145277,0.6297546038120477,0.934323963733241,0.8355082556192461,0.19303622698005948],[0.9951402993122557,0.9951085526469035,0.9951402993122557,1.0,1.0,0.9534678327475384,0.9534678327475384,0.8913762060937044,0.8913762060937044,0.8075855224438983,0.9995428799372731,0.7667945510030847,0.9912202074940938,0.9883464620652799,0.9995036932067574,0.9572486889528898,0.9948184159702655,0.8941321396020466,0.8941321396020466,0.7571248531108513,-0.15313257950418918,0.9906846482414604,0.1973534334581285,-0.141351892475056,-0.2515683270015169,0.8050387644876285,0.9184803269529267,0.916364252242043,0.909759371030052,0.786351131618014,0.5922720708257925,0.63086408329562,0.5994401860168856,0.9245741806706825,0.8251918767201417,0.20505605891408923],[0.9951402993122557,0.9951085526469035,0.9951402993122557,1.0,1.0,0.9534678327475384,0.9534678327475384,0.8913762060937044,0.8913762060937044,0.8075855224438983,0.9995428799372731,0.7667945510030847,0.9912202074940938,0.9883464620652799,0.9995036932067574,0.9572486889528898,0.9948184159702655,0.8941321396020466,0.8941321396020466,0.7571248531108513,-0.15313257950418918,0.9906846482414604,0.1973534334581285,-0.141351892475056,-0.2515683270015169,0.8050387644876285,0.9184803269529267,0.916364252242043,0.909759371030052,0.786351131618014,0.5922720708257925,0.63086408329562,0.5994401860168856,0.9245741806706825,0.8251918767201417,0.20505605891408923],[0.9666287863057251,0.9661013948123343,0.9666287863057251,0.9534678327475384,0.9534678327475384,1.0,1.0,0.9320900954514793,0.9320900954514793,0.8040721708067201,0.9529580750027211,0.7888602725178553,0.9700346274266257,0.9675030353911962,0.952820022011189,0.9990854281842638,0.9744114661942359,0.9187771055264353,0.9187771055264353,0.6469133247751403,-0.09400555071838854,0.9389109555654054,0.3255909920721239,-0.2886195892758095,-0.1199414031920922,0.88318261362742,0.8588957799317231,0.9329525701285147,0.9004203435102359,0.7463804649572792,0.7526775729138067,0.7402550534146896,0.7046323827721482,0.8642299674741385,0.8661497357230662,0.47209073385457706],[0.9666287863057251,0.9661013948123343,0.9666287863057251,0.9534678327475384,0.9534678327475384,1.0,1.0,0.9320900954514793,0.9320900954514793,0.8040721708067201,0.9529580750027211,0.7888602725178553,0.9700346274266257,0.9675030353911962,0.952820022011189,0.9990854281842638,0.9744114661942359,0.9187771055264353,0.9187771055264353,0.6469133247751403,-0.09400555071838854,0.9389109555654054,0.3255909920721239,-0.2886195892758095,-0.1199414031920922,0.88318261362742,0.8588957799317231,0.9329525701285147,0.9004203435102359,0.7463804649572792,0.7526775729138067,0.7402550534146896,0.7046323827721482,0.8642299674741385,0.8661497357230662,0.47209073385457706],[0.9070402379361379,0.9079787705661733,0.9070402379361379,0.8913762060937044,0.8913762060937044,0.9320900954514793,0.9320900954514793,1.0,1.0,0.7528247537471972,0.9377322039358363,0.7703729454025928,0.9409938867544673,0.9357291092542012,0.9376230396876679,0.9331842690297624,0.9451336836552414,0.9711658875631993,0.9711658875631993,0.5902318743836523,0.026921245974014758,0.8535578846833478,0.5553337192883147,-0.31456165496077865,0.014866203011943824,0.7876731313058434,0.7580965279541962,0.8762913139344026,0.8540207473037285,0.7594782907504896,0.880828108327049,0.7829242686923125,0.716373004112092,0.7965788402623243,0.8527871777689103,0.804336885179427],[0.9070402379361379,0.9079787705661733,0.9070402379361379,0.8913762060937044,0.8913762060937044,0.9320900954514793,0.9320900954514793,1.0,1.0,0.7528247537471972,0.9377322039358363,0.7703729454025928,0.9409938867544673,0.9357291092542012,0.9376230396876679,0.9331842690297624,0.9451336836552414,0.9711658875631993,0.9711658875631993,0.5902318743836523,0.026921245974014758,0.8535578846833478,0.5553337192883147,-0.31456165496077865,0.014866203011943824,0.7876731313058434,0.7580965279541962,0.8762913139344026,0.8540207473037285,0.7594782907504896,0.880828108327049,0.7829242686923125,0.716373004112092,0.7965788402623243,0.8527871777689103,0.804336885179427],[0.8327519988818751,0.8341822615669525,0.8327519988818751,0.8075855224438983,0.8075855224438983,0.8040721708067201,0.8040721708067201,0.7528247537471972,0.7528247537471972,1.0,0.7017816840996027,0.9999698549212142,0.6384599649086508,0.5527901232373528,0.7035108401697135,0.7995042547175881,0.75431523832027,0.8265332114339529,0.8265332114339529,0.6991141019172108,-0.10066393575975832,0.7809275707618748,0.03973456191458339,0.04734817586933799,-0.24363624570134565,0.7926344663370313,0.5791483886594326,0.7756708987170209,0.8227445130738444,0.6930722368980725,0.3679302071862788,0.5366346784453191,0.5665010779310189,0.8065860540089337,0.6734189676518962,0.17381885500711114],[0.9945325788374072,0.9945258894036383,0.9945325788374072,0.9995428799372731,0.9995428799372731,0.9529580750027211,0.9529580750027211,0.9377322039358363,0.9377322039358363,0.7017816840996027,1.0,0.7016782849644536,0.9909571474608054,0.9884023307348645,0.999928308882239,0.9527424221437668,0.9938155850112133,0.9054779442713717,0.9054779442713717,0.8536024066907489,0.015904612751911757,0.9965014683274592,0.8883423598075786,-0.5093223736443634,0.33713232485797295,0.8216844338036526,0.8826254762713732,0.9350386464792276,0.9039752920724875,0.8097766703006372,0.9154915493432472,0.8668541167893757,0.7757177535152725,0.9040141958451587,0.9434436718721553,0.7790381354546527],[0.7937512834057295,0.7939932379286204,0.7937512834057295,0.7667945510030847,0.7667945510030847,0.7888602725178553,0.7888602725178553,0.7703729454025928,0.7703729454025928,0.9999698549212142,0.7016782849644536,1.0,0.6365985248774951,0.5503513939333808,0.7020539284452182,0.7912140848628538,0.7530136122036823,0.8228814806212039,0.8228814806212039,0.6613810348151111,0.026092824024420834,0.7418556681340263,0.4448555407033888,-0.1751744243065172,-0.2311302460503527,0.8253575606981066,0.4864607288136503,0.7517449119489693,0.7966945641941822,0.7205434392611157,0.6070629029009221,0.7166706591535243,0.6873818643032658,0.7674668726603117,0.6672636122394893,0.6861466039578884],[0.99258086611918,0.9923068475479736,0.99258086611918,0.9912202074940938,0.9912202074940938,0.9700346274266257,0.9700346274266257,0.9409938867544673,0.9409938867544673,0.6384599649086508,0.9909571474608054,0.6365985248774951,1.0,0.9997701805892296,0.9909519296467619,0.9679437351108304,0.9904487055311486,0.8945940820908641,0.8945940820908641,0.8324266938031472,0.04291574753687226,0.9891992642535022,0.9085102140602748,-0.6648988524324099,0.40292483655838646,0.7927109123904548,0.8905572163714942,0.9430224049036834,0.8942012921475422,0.7446086942961645,0.9156280224336661,0.8447496390093359,0.7551645394159935,0.8885893533050503,0.9565210220771613,0.8060928967592668],[0.9927487746914282,0.992248129350154,0.9927487746914282,0.9883464620652799,0.9883464620652799,0.9675030353911962,0.9675030353911962,0.9357291092542012,0.9357291092542012,0.5527901232373528,0.9884023307348645,0.5503513939333808,0.9997701805892296,1.0,0.9885447200194318,0.9646151241422565,0.9896688010370666,0.8790851435792251,0.8790851435792251,0.8537608389121828,-0.08308680884957644,0.985145834799494,0.9164773640434526,-0.8381097307706252,0.43879848827481926,0.7413245582625527,0.8954542989204448,0.9365523872560008,0.8800140178866048,0.6758837787439896,0.9237282512646579,0.8353615483566049,0.6970539034161941,0.913228745325718,0.9571384751352969,0.7751339280943401],[0.9945790293563069,0.9945788585731837,0.9945790293563069,0.9995036932067574,0.9995036932067574,0.952820022011189,0.952820022011189,0.9376230396876679,0.9376230396876679,0.7035108401697135,0.999928308882239,0.7020539284452182,0.9909519296467619,0.9885447200194318,1.0,0.9527351212138707,0.9938822148182165,0.9058531336348168,0.9058531336348168,0.8545019185729352,0.015209665428132527,0.9963825752060349,0.887906120997858,-0.5067995582142646,0.3361017230213245,0.8219822782603596,0.8812385369463973,0.9342985997268755,0.9044049657636435,0.8110356930583276,0.9150840110960192,0.8679128243377294,0.7767733486619102,0.9040801188260362,0.9435317800736487,0.779790445623496],[0.9746890660354334,0.9741327233394557,0.9746890660354334,0.9572486889528898,0.9572486889528898,0.9990854281842638,0.9990854281842638,0.9331842690297624,0.9331842690297624,0.7995042547175881,0.9527424221437668,0.7912140848628538,0.9679437351108304,0.9646151241422565,0.9527351212138707,1.0,0.9754261844908708,0.9188124102766224,0.9188124102766224,0.6952494055133672,-0.07882971919926628,0.9463514955823349,0.6481832459775392,-0.4207323217989149,-0.16791547601699472,0.8946583018687343,0.8539866837227457,0.9289520772240727,0.907614620223036,0.7830510503476852,0.8586696179923119,0.7873743544015066,0.7611182762880083,0.8860001580055227,0.8636022776019151,0.7920789960345284],[0.9990810015799437,0.9990820750318222,0.9990810015799437,0.9948184159702655,0.9948184159702655,0.9744114661942359,0.9744114661942359,0.9451336836552414,0.9451336836552414,0.75431523832027,0.9938155850112133,0.7530136122036823,0.9904487055311486,0.9896688010370666,0.9938822148182165,0.9754261844908708,1.0,0.9307385119628451,0.9307385119628451,0.8632448213884736,0.029254065639726632,0.9873383438360785,0.856312149898435,-0.4882278393243198,0.3553593133960897,0.8674575200012193,0.8743114716112255,0.9455936236272466,0.9328140956214045,0.8320201848360917,0.9039846103879072,0.8979811995808689,0.8173949712826434,0.9175875667317158,0.9525229867639066,0.8353803017153009],[0.918590133564549,0.9187496659386921,0.918590133564549,0.8941321396020466,0.8941321396020466,0.9187771055264353,0.9187771055264353,0.9711658875631993,0.9711658875631993,0.8265332114339529,0.9054779442713717,0.8228814806212039,0.8945940820908641,0.8790851435792251,0.9058531336348168,0.9188124102766224,0.9307385119628451,1.0,1.0,0.7437997437373701,-0.03497628355486525,0.8577746044100969,0.5528962731245041,-0.20025456488578555,-0.20766554756203137,0.828275359916472,0.7320972528500833,0.8389113411398754,0.9176636675836929,0.8398055700467696,0.8009398194721961,0.7582322617672154,0.7068416830193477,0.8469459393396431,0.7805182754843664,0.8531431854812264],[0.918590133564549,0.9187496659386921,0.918590133564549,0.8941321396020466,0.8941321396020466,0.9187771055264353,0.9187771055264353,0.9711658875631993,0.9711658875631993,0.8265332114339529,0.9054779442713717,0.8228814806212039,0.8945940820908641,0.8790851435792251,0.9058531336348168,0.9188124102766224,0.9307385119628451,1.0,1.0,0.7437997437373701,-0.03497628355486525,0.8577746044100969,0.5528962731245041,-0.20025456488578555,-0.20766554756203137,0.828275359916472,0.7320972528500833,0.8389113411398754,0.9176636675836929,0.8398055700467696,0.8009398194721961,0.7582322617672154,0.7068416830193477,0.8469459393396431,0.7805182754843664,0.8531431854812264],[0.7825031512449929,0.8010247948716506,0.7825031512449929,0.7571248531108513,0.7571248531108513,0.6469133247751403,0.6469133247751403,0.5902318743836523,0.5902318743836523,0.6991141019172108,0.8536024066907489,0.6613810348151111,0.8324266938031472,0.8537608389121828,0.8545019185729352,0.6952494055133672,0.8632448213884736,0.7437997437373701,0.7437997437373701,1.0,0.033016197665872424,0.7186871033803508,-0.36141891229336126,0.3143479820313547,-0.656460285441732,0.35651391148915285,0.7055086302103163,0.5137835317816988,0.8369786842532422,0.6962278023245747,0.11687331456677941,0.313113707394966,0.5674063286960565,0.7837784985745969,0.48250910114856704,-0.14744809382666713],[-0.14504815641476743,0.06669924905530139,-0.14504815641476743,-0.15313257950418918,-0.15313257950418918,-0.09400555071838854,-0.09400555071838854,0.026921245974014758,0.026921245974014758,-0.10066393575975832,0.015904612751911757,0.026092824024420834,0.04291574753687226,-0.08308680884957644,0.015209665428132527,-0.07882971919926628,0.029254065639726632,-0.03497628355486525,-0.03497628355486525,0.033016197665872424,1.0,-0.09848936176283947,0.10417734885562313,0.1574981576487766,0.7485107005758235,-0.09375576867572015,-0.05000772727276451,-0.016169440734246806,0.15840137186838435,-0.0025179074557375508,0.04538332085105635,0.3287236933730019,0.5661199887370387,-0.12450003797043371,0.10314476730221288,0.15582632363548007],[0.9783530102603849,0.9703082134058987,0.9783530102603849,0.9906846482414604,0.9906846482414604,0.9389109555654054,0.9389109555654054,0.8535578846833478,0.8535578846833478,0.7809275707618748,0.9965014683274592,0.7418556681340263,0.9891992642535022,0.985145834799494,0.9963825752060349,0.9463514955823349,0.9873383438360785,0.8577746044100969,0.8577746044100969,0.7186871033803508,-0.09848936176283947,1.0,0.10524976376342816,-0.19906504242119524,-0.30155619218724644,0.6683565203846772,0.9187114475075367,0.8998140948230597,0.8535645266421449,0.7546536920226636,0.5927749968002783,0.5974869501283563,0.5295133214769014,0.9034366021538454,0.6716843453725246,0.18589613146059128],[0.1704152610962547,-0.038121678647737973,0.1704152610962547,0.1973534334581285,0.1973534334581285,0.3255909920721239,0.3255909920721239,0.5553337192883147,0.5553337192883147,0.03973456191458339,0.8883423598075786,0.4448555407033888,0.9085102140602748,0.9164773640434526,0.887906120997858,0.6481832459775392,0.856312149898435,0.5528962731245041,0.5528962731245041,-0.36141891229336126,0.10417734885562313,0.10524976376342816,1.0,-0.46030271367004666,0.7138655358417276,0.38249223551811634,0.12008994819971483,0.3198354552732122,-0.08862634373757369,0.08435011342294106,0.6006920194206026,0.48144724159733027,0.201636295255127,0.013854562056107704,0.39688570157555697,0.47011217467819355],[-0.10531643452560564,-0.0979220746834626,-0.10531643452560564,-0.141351892475056,-0.141351892475056,-0.2886195892758095,-0.2886195892758095,-0.31456165496077865,-0.31456165496077865,0.04734817586933799,-0.5093223736443634,-0.1751744243065172,-0.6648988524324099,-0.8381097307706252,-0.5067995582142646,-0.4207323217989149,-0.4882278393243198,-0.20025456488578555,-0.20025456488578555,0.3143479820313547,0.1574981576487766,-0.19906504242119524,-0.46030271367004666,1.0,-0.027248520360075936,-0.16712286189946052,-0.195440916652036,-0.3063480065180545,-0.04839682374942838,-0.07865812896061092,-0.5700772803164219,-0.20374097139857,-0.026366044436541714,-0.05044109306671693,-0.22406735670614186,-0.40938644135311075],[-0.2512858079539722,-0.25161141524282044,-0.2512858079539722,-0.2515683270015169,-0.2515683270015169,-0.1199414031920922,-0.1199414031920922,0.014866203011943824,0.014866203011943824,-0.24363624570134565,0.33713232485797295,-0.2311302460503527,0.40292483655838646,0.43879848827481926,0.3361017230213245,-0.16791547601699472,0.3553593133960897,-0.20766554756203137,-0.20766554756203137,-0.656460285441732,0.7485107005758235,-0.30155619218724644,0.7138655358417276,-0.027248520360075936,1.0,-0.10727742270244281,-0.24481544482766043,-0.06732566001864936,-0.3513964450750331,-0.3296514216711883,0.06865581546322566,0.16026024215061319,0.2624982048962561,-0.3787448351466835,0.11113599604403511,0.09115601124557962],[0.814312196933084,0.6482873842304068,0.814312196933084,0.8050387644876285,0.8050387644876285,0.88318261362742,0.88318261362742,0.7876731313058434,0.7876731313058434,0.7926344663370313,0.8216844338036526,0.8253575606981066,0.7927109123904548,0.7413245582625527,0.8219822782603596,0.8946583018687343,0.8674575200012193,0.828275359916472,0.828275359916472,0.35651391148915285,-0.09375576867572015,0.6683565203846772,0.38249223551811634,-0.16712286189946052,-0.10727742270244281,1.0,0.5449980037126119,0.8391706281311273,0.49780886470984603,0.6297730198861861,0.5511468023154376,0.6595444833144685,0.42659470646741254,0.7063383939297396,0.704894939663375,0.4189231274005533],[0.9066934288678326,0.9077396936301496,0.9066934288678326,0.9184803269529267,0.9184803269529267,0.8588957799317231,0.8588957799317231,0.7580965279541962,0.7580965279541962,0.5791483886594326,0.8826254762713732,0.4864607288136503,0.8905572163714942,0.8954542989204448,0.8812385369463973,0.8539866837227457,0.8743114716112255,0.7320972528500833,0.7320972528500833,0.7055086302103163,-0.05000772727276451,0.9187114475075367,0.12008994819971483,-0.195440916652036,-0.24481544482766043,0.5449980037126119,1.0,0.8000581199936391,0.7814820451654116,0.6653347683040971,0.5004850986417534,0.5040355370402261,0.5157943162508645,0.8412469101234249,0.6284668994940052,0.10994730393659752],[0.9151931239091057,0.8910584832405766,0.9151931239091057,0.916364252242043,0.916364252242043,0.9329525701285147,0.9329525701285147,0.8762913139344026,0.8762913139344026,0.7756708987170209,0.9350386464792276,0.7517449119489693,0.9430224049036834,0.9365523872560008,0.9342985997268755,0.9289520772240727,0.9455936236272466,0.8389113411398754,0.8389113411398754,0.5137835317816988,-0.016169440734246806,0.8998140948230597,0.3198354552732122,-0.3063480065180545,-0.06732566001864936,0.8391706281311273,0.8000581199936391,1.0,0.7560908799500353,0.6160841775804988,0.6052125411654179,0.6059971149220599,0.5351786053158042,0.8224574480172271,0.8369852431443131,0.22447956169937075],[0.9255398792848589,0.9202139275553115,0.9255398792848589,0.909759371030052,0.909759371030052,0.9004203435102359,0.9004203435102359,0.8540207473037285,0.8540207473037285,0.8227445130738444,0.9039752920724875,0.7966945641941822,0.8942012921475422,0.8800140178866048,0.9044049657636435,0.907614620223036,0.9328140956214045,0.9176636675836929,0.9176636675836929,0.8369786842532422,0.15840137186838435,0.8535645266421449,-0.08862634373757369,-0.04839682374942838,-0.3513964450750331,0.49780886470984603,0.7814820451654116,0.7560908799500353,1.0,0.9074422097387189,0.5524198292354249,0.6908943852660868,0.6673491354418225,0.8804259729486074,0.5140003398681009,0.3025830019952697],[0.7815653802525295,0.792193503720651,0.7815653802525295,0.786351131618014,0.786351131618014,0.7463804649572792,0.7463804649572792,0.7594782907504896,0.7594782907504896,0.6930722368980725,0.8097766703006372,0.7205434392611157,0.7446086942961645,0.6758837787439896,0.8110356930583276,0.7830510503476852,0.8320201848360917,0.8398055700467696,0.8398055700467696,0.6962278023245747,-0.0025179074557375508,0.7546536920226636,0.08435011342294106,-0.07865812896061092,-0.3296514216711883,0.6297730198861861,0.6653347683040971,0.6160841775804988,0.9074422097387189,1.0,0.5853505837330087,0.6730586909037138,0.6113993762531801,0.7347751757896581,0.5910949087081214,0.4755202011457687],[0.5635401655440954,0.5553997518704271,0.5635401655440954,0.5922720708257925,0.5922720708257925,0.7526775729138067,0.7526775729138067,0.880828108327049,0.880828108327049,0.3679302071862788,0.9154915493432472,0.6070629029009221,0.9156280224336661,0.9237282512646579,0.9150840110960192,0.8586696179923119,0.9039846103879072,0.8009398194721961,0.8009398194721961,0.11687331456677941,0.04538332085105635,0.5927749968002783,0.6006920194206026,-0.5700772803164219,0.06865581546322566,0.5511468023154376,0.5004850986417534,0.6052125411654179,0.5524198292354249,0.5853505837330087,1.0,0.7468136289729801,0.38583374519047425,0.5084725137783767,0.5904617166848275,0.7564918475698703],[0.6380194653145277,0.6353371285253789,0.6380194653145277,0.63086408329562,0.63086408329562,0.7402550534146896,0.7402550534146896,0.7829242686923125,0.7829242686923125,0.5366346784453191,0.8668541167893757,0.7166706591535243,0.8447496390093359,0.8353615483566049,0.8679128243377294,0.7873743544015066,0.8979811995808689,0.7582322617672154,0.7582322617672154,0.313113707394966,0.3287236933730019,0.5974869501283563,0.48144724159733027,-0.20374097139857,0.16026024215061319,0.6595444833144685,0.5040355370402261,0.6059971149220599,0.6908943852660868,0.6730586909037138,0.7468136289729801,1.0,0.7792646574944557,0.5041355272716443,0.7318921709251889,0.5513019732600956],[0.6297546038120477,0.6554056248398981,0.6297546038120477,0.5994401860168856,0.5994401860168856,0.7046323827721482,0.7046323827721482,0.716373004112092,0.716373004112092,0.5665010779310189,0.7757177535152725,0.6873818643032658,0.7551645394159935,0.6970539034161941,0.7767733486619102,0.7611182762880083,0.8173949712826434,0.7068416830193477,0.7068416830193477,0.5674063286960565,0.5661199887370387,0.5295133214769014,0.201636295255127,-0.026366044436541714,0.2624982048962561,0.42659470646741254,0.5157943162508645,0.5351786053158042,0.6673491354418225,0.6113993762531801,0.38583374519047425,0.7792646574944557,1.0,0.4946315663784907,0.6661203362946184,0.20410606708003493],[0.934323963733241,0.9321016734754323,0.934323963733241,0.9245741806706825,0.9245741806706825,0.8642299674741385,0.8642299674741385,0.7965788402623243,0.7965788402623243,0.8065860540089337,0.9040141958451587,0.7674668726603117,0.8885893533050503,0.913228745325718,0.9040801188260362,0.8860001580055227,0.9175875667317158,0.8469459393396431,0.8469459393396431,0.7837784985745969,-0.12450003797043371,0.9034366021538454,0.013854562056107704,-0.05044109306671693,-0.3787448351466835,0.7063383939297396,0.8412469101234249,0.8224574480172271,0.8804259729486074,0.7347751757896581,0.5084725137783767,0.5041355272716443,0.4946315663784907,1.0,0.7393810099277461,0.17914143531109689],[0.8355082556192461,0.6934964109984678,0.8355082556192461,0.8251918767201417,0.8251918767201417,0.8661497357230662,0.8661497357230662,0.8527871777689103,0.8527871777689103,0.6734189676518962,0.9434436718721553,0.6672636122394893,0.9565210220771613,0.9571384751352969,0.9435317800736487,0.8636022776019151,0.9525229867639066,0.7805182754843664,0.7805182754843664,0.48250910114856704,0.10314476730221288,0.6716843453725246,0.39688570157555697,-0.22406735670614186,0.11113599604403511,0.704894939663375,0.6284668994940052,0.8369852431443131,0.5140003398681009,0.5910949087081214,0.5904617166848275,0.7318921709251889,0.6661203362946184,0.7393810099277461,1.0,0.18794122630956886],[0.19303622698005948,0.1901094855851714,0.19303622698005948,0.20505605891408923,0.20505605891408923,0.47209073385457706,0.47209073385457706,0.804336885179427,0.804336885179427,0.17381885500711114,0.7790381354546527,0.6861466039578884,0.8060928967592668,0.7751339280943401,0.779790445623496,0.7920789960345284,0.8353803017153009,0.8531431854812264,0.8531431854812264,-0.14744809382666713,0.15582632363548007,0.18589613146059128,0.47011217467819355,-0.40938644135311075,0.09115601124557962,0.4189231274005533,0.10994730393659752,0.22447956169937075,0.3025830019952697,0.4755202011457687,0.7564918475698703,0.5513019732600956,0.20410606708003493,0.17914143531109689,0.18794122630956886,1.0]],"x":["^TAIEX       \u81fa\u7063\u52a0\u6b0a\u5831\u916c\u6307\u6578","^TWII        \u81fa\u7063\u52a0\u6b0a\u6307\u6578","^TAIEXx2     \u81fa\u7063\u52a0\u6b0a\u5831\u916c\u6307\u6578_\u65e5\u6b632","^TAI50I      \u81fa\u706350\u5831\u916c\u6307\u6578","^TAI50Ix2    \u81fa\u706350\u5831\u916c\u6307\u6578_\u65e5\u6b632","^TAI100I     \u81fa\u7063\u4e2d\u578b100\u5831\u916c\u6307\u6578","^TAI100Ix2   \u81fa\u7063\u4e2d\u578b100\u5831\u916c\u6307\u6578_\u65e5\u6b632","^TAIDIVIDI   \u81fa\u7063\u9ad8\u80a1\u606f\u5831\u916c\u6307\u6578","^TAIDIVIDIx2 \u81fa\u7063\u9ad8\u80a1\u606f\u5831\u916c\u6307\u6578_\u65e5\u6b632","0050Fund     \u5143\u5927\u53f0\u7063\u5353\u8d8a50\u57fa\u91d1","006208Fund   \u5bcc\u90a6\u53f0\u7063\u91c6\u540950\u57fa\u91d1","0050         \u5143\u5927\u81fa\u706350","00631L       \u5143\u5927\u53f0\u706350\u6b632","00675L       \u5bcc\u90a6\u81fa\u7063\u52a0\u6b0a\u6b632","006208       \u5bcc\u90a6\u53f050","0051         \u5143\u5927\u4e2d\u578b100","006204       \u6c38\u8c50\u81fa\u7063\u52a0\u6b0a","0056         \u5143\u5927\u9ad8\u80a1\u606f","0056         \u5143\u5927\u9ad8\u80a1\u606f_\u80a1\u606f\u4e0d\u6295\u5165","2412         \u4e2d\u83ef\u96fb\u4fe1","2002         \u4e2d\u92fc","2330         \u53f0\u7a4d\u96fb","2317         \u9d3b\u6d77","6505         \u53f0\u5851\u77f3\u5316","3481         \u7fa4\u5275","2303         \u806f\u96fb","2308         \u53f0\u9054\u96fb","2454         \u806f\u767c\u79d1","2886         \u5146\u8c50\u91d1","2884         \u7389\u5c71\u91d1","2891         \u4e2d\u4fe1\u91d1","2892         \u7b2c\u4e00\u91d1","5880         \u5408\u5eab\u91d1","2881         \u5bcc\u90a6\u91d1","2885         \u5143\u5927\u91d1","2887         \u53f0\u65b0\u91d1"],"y":["^TAIEX       \u81fa\u7063\u52a0\u6b0a\u5831\u916c\u6307\u6578","^TWII        \u81fa\u7063\u52a0\u6b0a\u6307\u6578","^TAIEXx2     \u81fa\u7063\u52a0\u6b0a\u5831\u916c\u6307\u6578_\u65e5\u6b632","^TAI50I      \u81fa\u706350\u5831\u916c\u6307\u6578","^TAI50Ix2    \u81fa\u706350\u5831\u916c\u6307\u6578_\u65e5\u6b632","^TAI100I     \u81fa\u7063\u4e2d\u578b100\u5831\u916c\u6307\u6578","^TAI100Ix2   \u81fa\u7063\u4e2d\u578b100\u5831\u916c\u6307\u6578_\u65e5\u6b632","^TAIDIVIDI   \u81fa\u7063\u9ad8\u80a1\u606f\u5831\u916c\u6307\u6578","^TAIDIVIDIx2 \u81fa\u7063\u9ad8\u80a1\u606f\u5831\u916c\u6307\u6578_\u65e5\u6b632","0050Fund     \u5143\u5927\u53f0\u7063\u5353\u8d8a50\u57fa\u91d1","006208Fund   \u5bcc\u90a6\u53f0\u7063\u91c6\u540950\u57fa\u91d1","0050         \u5143\u5927\u81fa\u706350","00631L       \u5143\u5927\u53f0\u706350\u6b632","00675L       \u5bcc\u90a6\u81fa\u7063\u52a0\u6b0a\u6b632","006208       \u5bcc\u90a6\u53f050","0051         \u5143\u5927\u4e2d\u578b100","006204       \u6c38\u8c50\u81fa\u7063\u52a0\u6b0a","0056         \u5143\u5927\u9ad8\u80a1\u606f","0056         \u5143\u5927\u9ad8\u80a1\u606f_\u80a1\u606f\u4e0d\u6295\u5165","2412         \u4e2d\u83ef\u96fb\u4fe1","2002         \u4e2d\u92fc","2330         \u53f0\u7a4d\u96fb","2317         \u9d3b\u6d77","6505         \u53f0\u5851\u77f3\u5316","3481         \u7fa4\u5275","2303         \u806f\u96fb","2308         \u53f0\u9054\u96fb","2454         \u806f\u767c\u79d1","2886         \u5146\u8c50\u91d1","2884         \u7389\u5c71\u91d1","2891         \u4e2d\u4fe1\u91d1","2892         \u7b2c\u4e00\u91d1","5880         \u5408\u5eab\u91d1","2881         \u5bcc\u90a6\u91d1","2885         \u5143\u5927\u91d1","2887         \u53f0\u65b0\u91d1"],"zmin":-1,"zmax":1,"colorbar":{"x":-0.2}}],"layout":{"autotypenumbers":"strict","colorway":["#636efa","#EF553B","#00cc96","#ab63fa","#FFA15A","#19d3f3","#FF6692","#B6E880","#FF97FF","#FECB52"],"font":{"color":"#f2f5fa","family":"Courier New"},"hovermode":"closest","hoverlabel":{"align":"left"},"paper_bgcolor":"rgb(17,17,17)","plot_bgcolor":"rgb(17,17,17)","polar":{"bgcolor":"rgb(17,17,17)","angularaxis":{"gridcolor":"#506784","linecolor":"#506784","ticks":""},"radialaxis":{"gridcolor":"#506784","linecolor":"#506784","ticks":""}},"ternary":{"bgcolor":"rgb(17,17,17)","aaxis":{"gridcolor":"#506784","linecolor":"#506784","ticks":""},"baxis":{"gridcolor":"#506784","linecolor":"#506784","ticks":""},"caxis":{"gridcolor":"#506784","linecolor":"#506784","ticks":""}},"coloraxis":{"colorbar":{"outlinewidth":0,"ticks":""}},"colorscale":{"sequential":[[0.0,"#0d0887"],[0.1111111111111111,"#46039f"],[0.2222222222222222,"#7201a8"],[0.3333333333333333,"#9c179e"],[0.4444444444444444,"#bd3786"],[0.5555555555555556,"#d8576b"],[0.6666666666666666,"#ed7953"],[0.7777777777777778,"#fb9f3a"],[0.8888888888888888,"#fdca26"],[1.0,"#f0f921"]],"sequentialminus":[[0.0,"#0d0887"],[0.1111111111111111,"#46039f"],[0.2222222222222222,"#7201a8"],[0.3333333333333333,"#9c179e"],[0.4444444444444444,"#bd3786"],[0.5555555555555556,"#d8576b"],[0.6666666666666666,"#ed7953"],[0.7777777777777778,"#fb9f3a"],[0.8888888888888888,"#fdca26"],[1.0,"#f0f921"]],"diverging":[[0,"#8e0152"],[0.1,"#c51b7d"],[0.2,"#de77ae"],[0.3,"#f1b6da"],[0.4,"#fde0ef"],[0.5,"#f7f7f7"],[0.6,"#e6f5d0"],[0.7,"#b8e186"],[0.8,"#7fbc41"],[0.9,"#4d9221"],[1,"#276419"]]},"xaxis":{"gridcolor":"rgba(0, 0, 0, 0)","linecolor":"#506784","ticks":"","title":{"standoff":15},"zerolinecolor":"#283442","automargin":true,"zerolinewidth":2,"tickfont":{"family":"Courier New","size":14},"side":"top","tickangle":-90},"yaxis":{"gridcolor":"rgba(0, 0, 0, 0)","linecolor":"#506784","ticks":"","title":{"standoff":15},"zerolinecolor":"#283442","automargin":true,"zerolinewidth":2,"tickfont":{"family":"Courier New"},"side":"right"},"scene":{"xaxis":{"backgroundcolor":"rgb(17,17,17)","gridcolor":"#506784","linecolor":"#506784","showbackground":true,"ticks":"","zerolinecolor":"#C8D4E3","gridwidth":2},"yaxis":{"backgroundcolor":"rgb(17,17,17)","gridcolor":"#506784","linecolor":"#506784","showbackground":true,"ticks":"","zerolinecolor":"#C8D4E3","gridwidth":2},"zaxis":{"backgroundcolor":"rgb(17,17,17)","gridcolor":"#506784","linecolor":"#506784","showbackground":true,"ticks":"","zerolinecolor":"#C8D4E3","gridwidth":2}},"shapedefaults":{"line":{"color":"#f2f5fa"}},"annotationdefaults":{"arrowcolor":"#f2f5fa","arrowhead":0,"arrowwidth":1},"geo":{"bgcolor":"rgb(17,17,17)","landcolor":"rgb(17,17,17)","subunitcolor":"#506784","showland":true,"showlakes":true,"lakecolor":"rgb(17,17,17)"},"title":{"x":0.05,"font":{"family":"Times New Roman"},"y":0.05,"text":"<b>Correlation of Close<b><br><i>2016-09-23 ~ 2025-12-15<i>"},"updatemenudefaults":{"bgcolor":"#506784","borderwidth":0},"sliderdefaults":{"bgcolor":"#C8D4E3","borderwidth":1,"bordercolor":"rgb(17,17,17)","tickwidth":0},"mapbox":{"style":"dark"},"annotations":[{"text":"<b>@zwindr<b>","textangle":0,"opacity":0.5,"font":{"color":"white","size":12},"xref":"paper","yref":"paper","xanchor":"left","yanchor":"bottom","x":1.0,"y":1.0,"showarrow":false}]},"config":{"responsive":true,"toImageButtonOptions":{"filename":"Correlation of Close_2016-09-23~2025-12-15","scale":5}}};Plotly.newPlot("correlationClose",correlationClose.data,correlationClose.layout||{},correlationClose.config);}else{console.log("style display is none => correlationClose");}