var element=document.getElementById("correlationAdjClose");if(element.style.display!='none'){var correlationAdjClose={"data":[{"type":"heatmap","z":[[1.0,0.995598183044216,0.9701003472106391,0.9966846916101797,0.9441251218431372,0.9855813865275119,0.9587620373624528,0.9861655881430037,0.9771866727087377,0.9968344210966084,0.9963818538119634,0.9968199226876031,0.9903103969710612,0.9916324567244852,0.9964989122186336,0.9867211983862596,0.9997408351777117,0.9857387404192487,0.8939258615384481,0.9120849504564853,0.6593398955004485,0.9840166453826104,0.9408777952333162,0.3268641773645886,-0.28042802012514345,0.903934945839777,0.9189518829319396,0.9642775733476944,0.9690750279274171,0.9621889722176037,0.9813976924045545,0.9653337644504572,0.9313440916576763,0.9824692093526488,0.9780467843778501,0.9593890761356013],[0.995598183044216,1.0,0.9682223799672512,0.9923857446974044,0.9423589248099746,0.9820112098270657,0.9558092055061467,0.978395747851791,0.9717448252681617,0.9935737421240678,0.9952645271965965,0.9948562864635243,0.9903176984977492,0.9907947082457897,0.9953508611502953,0.9821951002781335,0.9976908486657599,0.9801014424242346,0.9113710141312654,0.9020217028532623,0.6819640710222153,0.9709851915832616,0.925001257664667,0.32523640974711626,-0.21531401005273934,0.8844022058781629,0.9157686688809263,0.9637373787327078,0.9508445075414194,0.9505658182579537,0.9737182806993236,0.9518785509269612,0.9302383527017504,0.9735722667552574,0.9704620521685291,0.9546965453904762],[0.9701003472106391,0.9682223799672512,1.0,0.9825116482370098,0.9936600004465815,0.9650871250821835,0.9778748937750409,0.9420238729848425,0.9676467955329772,0.9823241536694813,0.9890415661560538,0.9857681430163955,0.9972369132811656,0.9970653954472429,0.9886860276828314,0.9622340494523781,0.980949042718994,0.9411110487350792,0.8363329665949245,0.8017155354728703,0.5112567829522825,0.9917888297122852,0.9319540688948766,0.15134041682564875,-0.1977664160890947,0.8747534175165329,0.9529901881794652,0.9636406497187286,0.89102488074547,0.8910338402985553,0.9644103581634185,0.8895110200614623,0.8561902673719909,0.9497173730451488,0.9679761438850144,0.9121150627803111],[0.9966846916101797,0.9923857446974044,0.9825116482370098,1.0,0.9644139356418931,0.9768796584017866,0.9578207760949176,0.974733871839604,0.9722961200483264,0.9999745191985846,0.9999931569177615,0.9999677199880668,0.993502009896256,0.9928263219413388,0.9999571564255998,0.9753432361130114,0.9958677894511074,0.9738831141473699,0.8728779423495577,0.8897571044719281,0.6159432586440284,0.9941889447182448,0.9445428578943684,0.2901929364246856,-0.26634178719235957,0.8933277577788331,0.9361008295459369,0.9662763526875638,0.9518135251403933,0.9520510893987649,0.9831676843689893,0.9485588655966058,0.9106778441944071,0.9770209328886955,0.9761522720927038,0.9474818117722985],[0.9441251218431372,0.9423589248099746,0.9936600004465815,0.9644139356418931,1.0,0.93135143435431,0.9539541790131869,0.9054745689460437,0.9384038485627223,0.9646344770826629,0.9743096444479631,0.97019356943004,0.9830363128499034,0.9811866283841864,0.9736940272604249,0.9271611936734161,0.9565791736597381,0.9041102318302618,0.7908876408237718,0.7590565464930825,0.4523270135780877,0.9816736063574601,0.9170132888350324,0.11285569156126728,-0.18123598105111857,0.8328324632336107,0.9623194588121288,0.9401044360315015,0.8470448103786277,0.8552822705595948,0.9447152524249302,0.8467545739851441,0.8057052810025378,0.9203498988796164,0.9423338565838896,0.8737620479346001],[0.9855813865275119,0.9820112098270657,0.9650871250821835,0.9768796584017866,0.93135143435431,1.0,0.9830346851976672,0.9823846450362471,0.9845776840820453,0.976413508503068,0.9708147272171993,0.9743782327239561,0.9679934163534715,0.9655356289629665,0.9708906203954799,0.999909530158567,0.9877893677776881,0.983143341727491,0.8998675111507394,0.871489244955343,0.6297090649341686,0.9673694693687854,0.9153444540739093,0.2098985464832797,-0.20962521149035415,0.9349344352153377,0.8916973207040773,0.9682070866397463,0.955290608422264,0.9363501339422203,0.9624983861040055,0.9528602491645829,0.944821284420732,0.9656277973957846,0.9815496708515362,0.9618895139881611],[0.9587620373624528,0.9558092055061467,0.9778748937750409,0.9578207760949176,0.9539541790131869,0.9830346851976672,1.0,0.9521328402028421,0.9839291116538694,0.9566904008999992,0.9655866392244861,0.9625436989668585,0.9778955087872434,0.9777841471717588,0.9653976874144952,0.9841586250882332,0.9754836862844575,0.954209624558009,0.8597259111646457,0.7904105507087443,0.5154101870861261,0.9612014973897164,0.9174488288834501,0.07264387949906086,-0.1488707363838508,0.8960042383396586,0.9045778142054027,0.9635925739997252,0.8959356494950673,0.8738166639689865,0.9466255657664668,0.8931533293142423,0.8902706147441227,0.9384676967914577,0.9728360042005431,0.9197690598613659],[0.9861655881430037,0.978395747851791,0.9420238729848425,0.974733871839604,0.9054745689460437,0.9823846450362471,0.9521328402028421,1.0,0.9840798492252559,0.9747192538425743,0.9691502442648393,0.9734531762847655,0.9545384951288675,0.9527634381879769,0.9695009770214743,0.9841995546971115,0.9830763504032622,0.9998905816145837,0.9292048908668851,0.931213989594233,0.6049221777792545,0.9591927203214156,0.9067006897400964,0.18644280747742614,-0.2996640433438735,0.9127247346191303,0.8537692205741106,0.9480428401759818,0.9786171021307976,0.9598408470312689,0.9673474495799632,0.9673712024234231,0.9370046028054719,0.9662900747279843,0.9610127699522644,0.9702036930394861],[0.9771866727087377,0.9717448252681617,0.9676467955329772,0.9722961200483264,0.9384038485627223,0.9845776840820453,0.9839291116538694,0.9840798492252559,1.0,0.9716614653277894,0.9670782156691543,0.9703230599785898,0.964046955846985,0.9599564035018366,0.9671209334550622,0.983752403483876,0.9763110297060522,0.983442532616209,0.9021147836036546,0.8655270592277045,0.5192048634371875,0.9674862992661163,0.9263341272749167,0.046930967929551794,-0.22200745739294458,0.8921802790770078,0.8739377137467168,0.968529960918246,0.9363854040386372,0.9108984310059091,0.9657521061830603,0.925156734367721,0.9010535284847948,0.9576236039483091,0.9759636829579781,0.9355560891740821],[0.9968344210966084,0.9935737421240678,0.9823241536694813,0.9999745191985846,0.9646344770826629,0.976413508503068,0.9566904008999992,0.9747192538425743,0.9716614653277894,1.0,0.9999920782736054,0.9999845172776046,0.9934636294003982,0.9927854883815846,0.9999602727532834,0.9748807574984106,0.9957585884017683,0.9739570952721924,0.8745047642420634,0.8910250381885244,0.6117222575786057,0.9943930374215371,0.9446831257796529,0.29495092315590143,-0.26581701043438094,0.893711332847933,0.9346583194361192,0.9650248517624468,0.9514316772464456,0.951186765339586,0.9824238445437663,0.9479103699243391,0.909305335052067,0.9762777711978031,0.9753137008908103,0.9462729812573489],[0.9963818538119634,0.9952645271965965,0.9890415661560538,0.9999931569177615,0.9743096444479631,0.9708147272171993,0.9655866392244861,0.9691502442648393,0.9670782156691543,0.9999920782736054,1.0,0.9999770984977425,0.9935445042531731,0.9928488721973423,0.9999625448136259,0.970336039060925,0.9955714189263013,0.9694836323832167,0.8922025559199008,0.919448482037744,0.471308974225509,0.9973807285121195,0.9336059369231862,-0.18694569732624025,0.4363468570826003,0.8870248800136925,0.9124623945088015,0.9652373972057254,0.938954891858762,0.9341880133125734,0.9760901584277504,0.9262024257032645,0.8799305159444087,0.9674156547154035,0.9826916945118784,0.9430629323799643],[0.9968199226876031,0.9948562864635243,0.9857681430163955,0.9999677199880668,0.97019356943004,0.9743782327239561,0.9625436989668585,0.9734531762847655,0.9703230599785898,0.9999845172776046,0.9999770984977425,1.0,0.9933888964863777,0.9926987547451791,0.9999705172206422,0.974052799725149,0.9956881414725918,0.9732501852794816,0.8816606636615568,0.9078564418936879,0.5437779088630195,0.9964292604161135,0.9427414532140552,0.02295474011415227,-0.15334816275934252,0.9028463286941628,0.9229635330135436,0.9609083321629459,0.9434469645706824,0.9412272955507317,0.9796744929025197,0.9374139804905757,0.9007646491364829,0.972527626182787,0.975313279996927,0.949040328169069],[0.9903103969710612,0.9903176984977492,0.9972369132811656,0.993502009896256,0.9830363128499034,0.9679934163534715,0.9778955087872434,0.9545384951288675,0.964046955846985,0.9934636294003982,0.9935445042531731,0.9933888964863777,1.0,0.9998215492570778,0.9933691279799146,0.9671820759562955,0.9907029570584769,0.9543534789774496,0.8689594272835434,0.9010260037235841,0.3784798413872534,0.9913397020353741,0.9272126735243921,-0.43490093610229197,0.45937405513752877,0.8613683597914953,0.9245340198321018,0.9608253187391267,0.9088922000356614,0.8986907232749766,0.9615625677569377,0.8949063075633144,0.8335612788474102,0.9560845430530173,0.9754708764666487,0.9331235207535471],[0.9916324567244852,0.9907947082457897,0.9970653954472429,0.9928263219413388,0.9811866283841864,0.9655356289629665,0.9777841471717588,0.9527634381879769,0.9599564035018366,0.9927854883815846,0.9928488721973423,0.9926987547451791,0.9998215492570778,1.0,0.9927945140791039,0.9646105143817357,0.9918304769897375,0.952674257759292,0.8525672172232112,0.911147227938133,0.23200679881702357,0.9887615750854396,0.9208943898500431,-0.7430147572399078,0.43596691715057256,0.831144635509799,0.9250895992909184,0.9556371702933556,0.9000807580999245,0.8909682684772584,0.9570226823579382,0.8964592090634056,0.8090237337812246,0.9538964723658454,0.9739611093228979,0.931040335007546],[0.9964989122186336,0.9953508611502953,0.9886860276828314,0.9999571564255998,0.9736940272604249,0.9708906203954799,0.9653976874144952,0.9695009770214743,0.9671209334550622,0.9999602727532834,0.9999625448136259,0.9999705172206422,0.9933691279799146,0.9927945140791039,1.0,0.9704960710888068,0.995682660875315,0.9696787114170077,0.8926979605067764,0.9199891163088304,0.4715857949520548,0.9971885462946157,0.9337433197441014,-0.18445890980296048,0.4394430956312345,0.8874157109829149,0.9113201490471645,0.965039973464462,0.9390214988439861,0.9345920239820024,0.9761070416627401,0.926603050295243,0.8802293146679085,0.9672457693674056,0.9827807366502097,0.9438063783996014],[0.9867211983862596,0.9821951002781335,0.9622340494523781,0.9753432361130114,0.9271611936734161,0.999909530158567,0.9841586250882332,0.9841995546971115,0.983752403483876,0.9748807574984106,0.970336039060925,0.974052799725149,0.9671820759562955,0.9646105143817357,0.9704960710888068,1.0,0.9877005647203326,0.9834205712229366,0.9028236859964556,0.8954290180752464,0.612653317874172,0.964729624809865,0.9105188795581879,0.0599377992551373,-0.1790138980176702,0.9412802303423238,0.8795124068883567,0.9657192977659116,0.9583474200247959,0.9339558163343328,0.9594211177814004,0.9540294872581304,0.9430190729562832,0.9675756998662773,0.9807316526393445,0.9656780930000393],[0.9997408351777117,0.9976908486657599,0.980949042718994,0.9958677894511074,0.9565791736597381,0.9877893677776881,0.9754836862844575,0.9830763504032622,0.9763110297060522,0.9957585884017683,0.9955714189263013,0.9956881414725918,0.9907029570584769,0.9918304769897375,0.995682660875315,0.9877005647203326,1.0,0.9833272267922591,0.915548600210145,0.9329625449813032,0.5350470135912542,0.9883065950514697,0.9264305985678083,-0.126681621063402,0.46118261919087494,0.9174311665164491,0.8967475135233228,0.9695448159048657,0.9599787812778371,0.9460234602365599,0.9744348297221483,0.948160276154543,0.9152451904106402,0.9754502703802418,0.9885399567813172,0.965387681995247],[0.9857387404192487,0.9801014424242346,0.9411110487350792,0.9738831141473699,0.9041102318302618,0.983143341727491,0.954209624558009,0.9998905816145837,0.983442532616209,0.9739570952721924,0.9694836323832167,0.9732501852794816,0.9543534789774496,0.952674257759292,0.9696787114170077,0.9834205712229366,0.9833272267922591,1.0,0.9320830277790924,0.9374141809013669,0.6015911482450773,0.957244960844218,0.9101043577111133,0.14939283784342677,-0.27359317370212083,0.9172718779709881,0.8481899061271208,0.9478578691974656,0.9791022976796792,0.9593793403449564,0.9656425815289396,0.9662027473783663,0.9365887108565799,0.9655175335172517,0.959010486133788,0.9711796269658949],[0.8939258615384481,0.9113710141312654,0.8363329665949245,0.8728779423495577,0.7908876408237718,0.8998675111507394,0.8597259111646457,0.9292048908668851,0.9021147836036546,0.8745047642420634,0.8922025559199008,0.8816606636615568,0.8689594272835434,0.8525672172232112,0.8926979605067764,0.9028236859964556,0.915548600210145,0.9320830277790924,1.0,0.8359265457133155,0.6818838886752651,0.8423461923166012,0.8097473804722243,0.23683368773293312,-0.15621632914453154,0.8634378538570157,0.7205370302057388,0.8574824799257056,0.8969511772204718,0.8652164047512481,0.8527591904557019,0.8772445874144794,0.8630361687684742,0.8590038335280036,0.8715729216992053,0.8974174425773535],[0.9120849504564853,0.9020217028532623,0.8017155354728703,0.8897571044719281,0.7590565464930825,0.871489244955343,0.7904105507087443,0.931213989594233,0.8655270592277045,0.8910250381885244,0.919448482037744,0.9078564418936879,0.9010260037235841,0.911147227938133,0.9199891163088304,0.8954290180752464,0.9329625449813032,0.9374141809013669,0.8359265457133155,1.0,0.8176321853161985,0.8375396611575608,0.8659570131364671,0.6146268069364328,-0.51443092580096,0.7279732192297338,0.7864678721033832,0.816119588894803,0.9608770986338877,0.9395005143679892,0.8915191739570355,0.9488123157542843,0.9043296420816073,0.900459234259222,0.8484781777485473,0.8871303281527088],[0.6593398955004485,0.6819640710222153,0.5112567829522825,0.6159432586440284,0.4523270135780877,0.6297090649341686,0.5154101870861261,0.6049221777792545,0.5192048634371875,0.6117222575786057,0.471308974225509,0.5437779088630195,0.3784798413872534,0.23200679881702357,0.4715857949520548,0.612653317874172,0.5350470135912542,0.6015911482450773,0.6818838886752651,0.8176321853161985,1.0,0.5482990052461358,0.666075750260402,0.7224364060426568,-0.11588106194220046,0.5273150023498876,0.5287548081728684,0.5866300351664508,0.7620002624735333,0.6881940803445423,0.5920952292625643,0.7238243998045687,0.7461803976321573,0.6421216843461651,0.6039026780076279,0.6591804576142437],[0.9840166453826104,0.9709851915832616,0.9917888297122852,0.9941889447182448,0.9816736063574601,0.9673694693687854,0.9612014973897164,0.9591927203214156,0.9674862992661163,0.9943930374215371,0.9973807285121195,0.9964292604161135,0.9913397020353741,0.9887615750854396,0.9971885462946157,0.964729624809865,0.9883065950514697,0.957244960844218,0.8423461923166012,0.8375396611575608,0.5482990052461358,1.0,0.9225300952636273,0.21839310174929738,-0.2539174258697351,0.8744676947548029,0.9464001640411104,0.9672964775842566,0.9145249045155516,0.9287375414903979,0.9746147501626357,0.9205494008563936,0.878049929302457,0.9631204888164674,0.9621807853156826,0.9261856822317098],[0.9408777952333162,0.925001257664667,0.9319540688948766,0.9445428578943684,0.9170132888350324,0.9153444540739093,0.9174488288834501,0.9067006897400964,0.9263341272749167,0.9446831257796529,0.9336059369231862,0.9427414532140552,0.9272126735243921,0.9208943898500431,0.9337433197441014,0.9105188795581879,0.9264305985678083,0.9101043577111133,0.8097473804722243,0.8659570131364671,0.666075750260402,0.9225300952636273,1.0,0.2659231785143141,-0.17959314165420587,0.7377378933035625,0.9005348592223053,0.908736723932946,0.8987518501520929,0.8659286550605304,0.9423242139153307,0.8762920310310846,0.8414045170394691,0.9362716378385023,0.8975091845607144,0.8706029099856127],[0.3268641773645886,0.32523640974711626,0.15134041682564875,0.2901929364246856,0.11285569156126728,0.2098985464832797,0.07264387949906086,0.18644280747742614,0.046930967929551794,0.29495092315590143,-0.18694569732624025,0.02295474011415227,-0.43490093610229197,-0.7430147572399078,-0.18445890980296048,0.0599377992551373,-0.126681621063402,0.14939283784342677,0.23683368773293312,0.6146268069364328,0.7224364060426568,0.21839310174929738,0.2659231785143141,1.0,-0.37917556964530297,0.24298510437191792,0.18529161747562337,0.14903914571504007,0.4411216915990526,0.4295358519091844,0.26534839087636397,0.453848154045057,0.38768328991801904,0.3012654344317697,0.22001291400689188,0.33956135585226216],[-0.28042802012514345,-0.21531401005273934,-0.1977664160890947,-0.26634178719235957,-0.18123598105111857,-0.20962521149035415,-0.1488707363838508,-0.2996640433438735,-0.22200745739294458,-0.26581701043438094,0.4363468570826003,-0.15334816275934252,0.45937405513752877,0.43596691715057256,0.4394430956312345,-0.1790138980176702,0.46118261919087494,-0.27359317370212083,-0.15621632914453154,-0.51443092580096,-0.11588106194220046,-0.2539174258697351,-0.17959314165420587,-0.37917556964530297,1.0,-0.15232472147065187,-0.22651417852740738,-0.1743248413841606,-0.3787847129647876,-0.3654649983088068,-0.296766048988317,-0.3367595395745277,-0.20771088325146952,-0.3292837832990236,-0.17389343705426566,-0.303307821625888],[0.903934945839777,0.8844022058781629,0.8747534175165329,0.8933277577788331,0.8328324632336107,0.9349344352153377,0.8960042383396586,0.9127247346191303,0.8921802790770078,0.893711332847933,0.8870248800136925,0.9028463286941628,0.8613683597914953,0.831144635509799,0.8874157109829149,0.9412802303423238,0.9174311665164491,0.9172718779709881,0.8634378538570157,0.7279732192297338,0.5273150023498876,0.8744676947548029,0.7377378933035625,0.24298510437191792,-0.15232472147065187,1.0,0.7678455030226865,0.8940773098068105,0.8302298860943427,0.8737863243667127,0.8415084337250646,0.8799877958536033,0.8719794526811846,0.8699633636825171,0.8770370565723818,0.9069013133639408],[0.9189518829319396,0.9157686688809263,0.9529901881794652,0.9361008295459369,0.9623194588121288,0.8916973207040773,0.9045778142054027,0.8537692205741106,0.8739377137467168,0.9346583194361192,0.9124623945088015,0.9229635330135436,0.9245340198321018,0.9250895992909184,0.9113201490471645,0.8795124068883567,0.8967475135233228,0.8481899061271208,0.7205370302057388,0.7864678721033832,0.5287548081728684,0.9464001640411104,0.9005348592223053,0.18529161747562337,-0.22651417852740738,0.7678455030226865,1.0,0.8856057404399721,0.8402191378295923,0.8416235659951994,0.9113466385775726,0.833300726438197,0.7901240526239219,0.8934426300148752,0.896821612400988,0.8515736194222998],[0.9642775733476944,0.9637373787327078,0.9636406497187286,0.9662763526875638,0.9401044360315015,0.9682070866397463,0.9635925739997252,0.9480428401759818,0.968529960918246,0.9650248517624468,0.9652373972057254,0.9609083321629459,0.9608253187391267,0.9556371702933556,0.965039973464462,0.9657192977659116,0.9695448159048657,0.9478578691974656,0.8574824799257056,0.816119588894803,0.5866300351664508,0.9672964775842566,0.908736723932946,0.14903914571504007,-0.1743248413841606,0.8940773098068105,0.8856057404399721,1.0,0.9102346298630446,0.8996145723901492,0.9510091722966669,0.8976621130999611,0.8849201445034193,0.9540071018808796,0.9762478836196627,0.9043141225937285],[0.9690750279274171,0.9508445075414194,0.89102488074547,0.9518135251403933,0.8470448103786277,0.955290608422264,0.8959356494950673,0.9786171021307976,0.9363854040386372,0.9514316772464456,0.938954891858762,0.9434469645706824,0.9088922000356614,0.9000807580999245,0.9390214988439861,0.9583474200247959,0.9599787812778371,0.9791022976796792,0.8969511772204718,0.9608770986338877,0.7620002624735333,0.9145249045155516,0.8987518501520929,0.4411216915990526,-0.3787847129647876,0.8302298860943427,0.8402191378295923,0.9102346298630446,1.0,0.9867003400412541,0.9533965688062225,0.990981351384482,0.955176758394851,0.9588484287970002,0.9123907727729191,0.9663924281035023],[0.9621889722176037,0.9505658182579537,0.8910338402985553,0.9520510893987649,0.8552822705595948,0.9363501339422203,0.8738166639689865,0.9598408470312689,0.9108984310059091,0.951186765339586,0.9341880133125734,0.9412272955507317,0.8986907232749766,0.8909682684772584,0.9345920239820024,0.9339558163343328,0.9460234602365599,0.9593793403449564,0.8652164047512481,0.9395005143679892,0.6881940803445423,0.9287375414903979,0.8659286550605304,0.4295358519091844,-0.3654649983088068,0.8737863243667127,0.8416235659951994,0.8996145723901492,0.9867003400412541,1.0,0.9487636668093503,0.9851409180022901,0.9565368539297014,0.9435681184046593,0.9254567096290025,0.9649915435360461],[0.9813976924045545,0.9737182806993236,0.9644103581634185,0.9831676843689893,0.9447152524249302,0.9624983861040055,0.9466255657664668,0.9673474495799632,0.9657521061830603,0.9824238445437663,0.9760901584277504,0.9796744929025197,0.9615625677569377,0.9570226823579382,0.9761070416627401,0.9594211177814004,0.9744348297221483,0.9656425815289396,0.8527591904557019,0.8915191739570355,0.5920952292625643,0.9746147501626357,0.9423242139153307,0.26534839087636397,-0.296766048988317,0.8415084337250646,0.9113466385775726,0.9510091722966669,0.9533965688062225,0.9487636668093503,1.0,0.9468040254773802,0.903635081157539,0.9781953154055877,0.9677616927123648,0.9476926176668832],[0.9653337644504572,0.9518785509269612,0.8895110200614623,0.9485588655966058,0.8467545739851441,0.9528602491645829,0.8931533293142423,0.9673712024234231,0.925156734367721,0.9479103699243391,0.9262024257032645,0.9374139804905757,0.8949063075633144,0.8964592090634056,0.926603050295243,0.9540294872581304,0.948160276154543,0.9662027473783663,0.8772445874144794,0.9488123157542843,0.7238243998045687,0.9205494008563936,0.8762920310310846,0.453848154045057,-0.3367595395745277,0.8799877958536033,0.833300726438197,0.8976621130999611,0.990981351384482,0.9851409180022901,0.9468040254773802,1.0,0.9743933246195372,0.9479685308756511,0.935827288326798,0.9641743062518904],[0.9313440916576763,0.9302383527017504,0.8561902673719909,0.9106778441944071,0.8057052810025378,0.944821284420732,0.8902706147441227,0.9370046028054719,0.9010535284847948,0.909305335052067,0.8799305159444087,0.9007646491364829,0.8335612788474102,0.8090237337812246,0.8802293146679085,0.9430190729562832,0.9152451904106402,0.9365887108565799,0.8630361687684742,0.9043296420816073,0.7461803976321573,0.878049929302457,0.8414045170394691,0.38768328991801904,-0.20771088325146952,0.8719794526811846,0.7901240526239219,0.8849201445034193,0.955176758394851,0.9565368539297014,0.903635081157539,0.9743933246195372,1.0,0.9068551965046756,0.9202461222167291,0.9502336917239235],[0.9824692093526488,0.9735722667552574,0.9497173730451488,0.9770209328886955,0.9203498988796164,0.9656277973957846,0.9384676967914577,0.9662900747279843,0.9576236039483091,0.9762777711978031,0.9674156547154035,0.972527626182787,0.9560845430530173,0.9538964723658454,0.9672457693674056,0.9675756998662773,0.9754502703802418,0.9655175335172517,0.8590038335280036,0.900459234259222,0.6421216843461651,0.9631204888164674,0.9362716378385023,0.3012654344317697,-0.3292837832990236,0.8699633636825171,0.8934426300148752,0.9540071018808796,0.9588484287970002,0.9435681184046593,0.9781953154055877,0.9479685308756511,0.9068551965046756,1.0,0.9619189378088437,0.9488403130737851],[0.9780467843778501,0.9704620521685291,0.9679761438850144,0.9761522720927038,0.9423338565838896,0.9815496708515362,0.9728360042005431,0.9610127699522644,0.9759636829579781,0.9753137008908103,0.9826916945118784,0.975313279996927,0.9754708764666487,0.9739611093228979,0.9827807366502097,0.9807316526393445,0.9885399567813172,0.959010486133788,0.8715729216992053,0.8484781777485473,0.6039026780076279,0.9621807853156826,0.8975091845607144,0.22001291400689188,-0.17389343705426566,0.8770370565723818,0.896821612400988,0.9762478836196627,0.9123907727729191,0.9254567096290025,0.9677616927123648,0.935827288326798,0.9202461222167291,0.9619189378088437,1.0,0.9301747631728737],[0.9593890761356013,0.9546965453904762,0.9121150627803111,0.9474818117722985,0.8737620479346001,0.9618895139881611,0.9197690598613659,0.9702036930394861,0.9355560891740821,0.9462729812573489,0.9430629323799643,0.949040328169069,0.9331235207535471,0.931040335007546,0.9438063783996014,0.9656780930000393,0.965387681995247,0.9711796269658949,0.8974174425773535,0.8871303281527088,0.6591804576142437,0.9261856822317098,0.8706029099856127,0.33956135585226216,-0.303307821625888,0.9069013133639408,0.8515736194222998,0.9043141225937285,0.9663924281035023,0.9649915435360461,0.9476926176668832,0.9641743062518904,0.9502336917239235,0.9488403130737851,0.9301747631728737,1.0]],"x":["^TAIEX       \u81fa\u7063\u52a0\u6b0a\u5831\u916c\u6307\u6578","^TWII        \u81fa\u7063\u52a0\u6b0a\u6307\u6578","^TAIEXx2     \u81fa\u7063\u52a0\u6b0a\u5831\u916c\u6307\u6578_\u65e5\u6b632","^TAI50I      \u81fa\u706350\u5831\u916c\u6307\u6578","^TAI50Ix2    \u81fa\u706350\u5831\u916c\u6307\u6578_\u65e5\u6b632","^TAI100I     \u81fa\u7063\u4e2d\u578b100\u5831\u916c\u6307\u6578","^TAI100Ix2   \u81fa\u7063\u4e2d\u578b100\u5831\u916c\u6307\u6578_\u65e5\u6b632","^TAIDIVIDI   \u81fa\u7063\u9ad8\u80a1\u606f\u5831\u916c\u6307\u6578","^TAIDIVIDIx2 \u81fa\u7063\u9ad8\u80a1\u606f\u5831\u916c\u6307\u6578_\u65e5\u6b632","0050Fund     \u5143\u5927\u53f0\u7063\u5353\u8d8a50\u57fa\u91d1","006208Fund   \u5bcc\u90a6\u53f0\u7063\u91c6\u540950\u57fa\u91d1","0050         \u5143\u5927\u81fa\u706350","00631L       \u5143\u5927\u53f0\u706350\u6b632","00675L       \u5bcc\u90a6\u81fa\u7063\u52a0\u6b0a\u6b632","006208       \u5bcc\u90a6\u53f050","0051         \u5143\u5927\u4e2d\u578b100","006204       \u6c38\u8c50\u81fa\u7063\u52a0\u6b0a","0056         \u5143\u5927\u9ad8\u80a1\u606f","0056         \u5143\u5927\u9ad8\u80a1\u606f_\u80a1\u606f\u4e0d\u6295\u5165","2412         \u4e2d\u83ef\u96fb\u4fe1","2002         \u4e2d\u92fc","2330         \u53f0\u7a4d\u96fb","2317         \u9d3b\u6d77","6505         \u53f0\u5851\u77f3\u5316","3481         \u7fa4\u5275","2303         \u806f\u96fb","2308         \u53f0\u9054\u96fb","2454         \u806f\u767c\u79d1","2886         \u5146\u8c50\u91d1","2884         \u7389\u5c71\u91d1","2891         \u4e2d\u4fe1\u91d1","2892         \u7b2c\u4e00\u91d1","5880         \u5408\u5eab\u91d1","2881         \u5bcc\u90a6\u91d1","2885         \u5143\u5927\u91d1","2887         \u53f0\u65b0\u91d1"],"y":["^TAIEX       \u81fa\u7063\u52a0\u6b0a\u5831\u916c\u6307\u6578","^TWII        \u81fa\u7063\u52a0\u6b0a\u6307\u6578","^TAIEXx2     \u81fa\u7063\u52a0\u6b0a\u5831\u916c\u6307\u6578_\u65e5\u6b632","^TAI50I      \u81fa\u706350\u5831\u916c\u6307\u6578","^TAI50Ix2    \u81fa\u706350\u5831\u916c\u6307\u6578_\u65e5\u6b632","^TAI100I     \u81fa\u7063\u4e2d\u578b100\u5831\u916c\u6307\u6578","^TAI100Ix2   \u81fa\u7063\u4e2d\u578b100\u5831\u916c\u6307\u6578_\u65e5\u6b632","^TAIDIVIDI   \u81fa\u7063\u9ad8\u80a1\u606f\u5831\u916c\u6307\u6578","^TAIDIVIDIx2 \u81fa\u7063\u9ad8\u80a1\u606f\u5831\u916c\u6307\u6578_\u65e5\u6b632","0050Fund     \u5143\u5927\u53f0\u7063\u5353\u8d8a50\u57fa\u91d1","006208Fund   \u5bcc\u90a6\u53f0\u7063\u91c6\u540950\u57fa\u91d1","0050         \u5143\u5927\u81fa\u706350","00631L       \u5143\u5927\u53f0\u706350\u6b632","00675L       \u5bcc\u90a6\u81fa\u7063\u52a0\u6b0a\u6b632","006208       \u5bcc\u90a6\u53f050","0051         \u5143\u5927\u4e2d\u578b100","006204       \u6c38\u8c50\u81fa\u7063\u52a0\u6b0a","0056         \u5143\u5927\u9ad8\u80a1\u606f","0056         \u5143\u5927\u9ad8\u80a1\u606f_\u80a1\u606f\u4e0d\u6295\u5165","2412         \u4e2d\u83ef\u96fb\u4fe1","2002         \u4e2d\u92fc","2330         \u53f0\u7a4d\u96fb","2317         \u9d3b\u6d77","6505         \u53f0\u5851\u77f3\u5316","3481         \u7fa4\u5275","2303         \u806f\u96fb","2308         \u53f0\u9054\u96fb","2454         \u806f\u767c\u79d1","2886         \u5146\u8c50\u91d1","2884         \u7389\u5c71\u91d1","2891         \u4e2d\u4fe1\u91d1","2892         \u7b2c\u4e00\u91d1","5880         \u5408\u5eab\u91d1","2881         \u5bcc\u90a6\u91d1","2885         \u5143\u5927\u91d1","2887         \u53f0\u65b0\u91d1"],"zmin":-1,"zmax":1,"colorbar":{"x":-0.2}}],"layout":{"autotypenumbers":"strict","colorway":["#636efa","#EF553B","#00cc96","#ab63fa","#FFA15A","#19d3f3","#FF6692","#B6E880","#FF97FF","#FECB52"],"font":{"color":"#f2f5fa","family":"Courier New"},"hovermode":"closest","hoverlabel":{"align":"left"},"paper_bgcolor":"rgb(17,17,17)","plot_bgcolor":"rgb(17,17,17)","polar":{"bgcolor":"rgb(17,17,17)","angularaxis":{"gridcolor":"#506784","linecolor":"#506784","ticks":""},"radialaxis":{"gridcolor":"#506784","linecolor":"#506784","ticks":""}},"ternary":{"bgcolor":"rgb(17,17,17)","aaxis":{"gridcolor":"#506784","linecolor":"#506784","ticks":""},"baxis":{"gridcolor":"#506784","linecolor":"#506784","ticks":""},"caxis":{"gridcolor":"#506784","linecolor":"#506784","ticks":""}},"coloraxis":{"colorbar":{"outlinewidth":0,"ticks":""}},"colorscale":{"sequential":[[0.0,"#0d0887"],[0.1111111111111111,"#46039f"],[0.2222222222222222,"#7201a8"],[0.3333333333333333,"#9c179e"],[0.4444444444444444,"#bd3786"],[0.5555555555555556,"#d8576b"],[0.6666666666666666,"#ed7953"],[0.7777777777777778,"#fb9f3a"],[0.8888888888888888,"#fdca26"],[1.0,"#f0f921"]],"sequentialminus":[[0.0,"#0d0887"],[0.1111111111111111,"#46039f"],[0.2222222222222222,"#7201a8"],[0.3333333333333333,"#9c179e"],[0.4444444444444444,"#bd3786"],[0.5555555555555556,"#d8576b"],[0.6666666666666666,"#ed7953"],[0.7777777777777778,"#fb9f3a"],[0.8888888888888888,"#fdca26"],[1.0,"#f0f921"]],"diverging":[[0,"#8e0152"],[0.1,"#c51b7d"],[0.2,"#de77ae"],[0.3,"#f1b6da"],[0.4,"#fde0ef"],[0.5,"#f7f7f7"],[0.6,"#e6f5d0"],[0.7,"#b8e186"],[0.8,"#7fbc41"],[0.9,"#4d9221"],[1,"#276419"]]},"xaxis":{"gridcolor":"rgba(0, 0, 0, 0)","linecolor":"#506784","ticks":"","title":{"standoff":15},"zerolinecolor":"#283442","automargin":true,"zerolinewidth":2,"tickfont":{"family":"Courier New","size":14},"side":"top","tickangle":-90},"yaxis":{"gridcolor":"rgba(0, 0, 0, 0)","linecolor":"#506784","ticks":"","title":{"standoff":15},"zerolinecolor":"#283442","automargin":true,"zerolinewidth":2,"tickfont":{"family":"Courier New"},"side":"right"},"scene":{"xaxis":{"backgroundcolor":"rgb(17,17,17)","gridcolor":"#506784","linecolor":"#506784","showbackground":true,"ticks":"","zerolinecolor":"#C8D4E3","gridwidth":2},"yaxis":{"backgroundcolor":"rgb(17,17,17)","gridcolor":"#506784","linecolor":"#506784","showbackground":true,"ticks":"","zerolinecolor":"#C8D4E3","gridwidth":2},"zaxis":{"backgroundcolor":"rgb(17,17,17)","gridcolor":"#506784","linecolor":"#506784","showbackground":true,"ticks":"","zerolinecolor":"#C8D4E3","gridwidth":2}},"shapedefaults":{"line":{"color":"#f2f5fa"}},"annotationdefaults":{"arrowcolor":"#f2f5fa","arrowhead":0,"arrowwidth":1},"geo":{"bgcolor":"rgb(17,17,17)","landcolor":"rgb(17,17,17)","subunitcolor":"#506784","showland":true,"showlakes":true,"lakecolor":"rgb(17,17,17)"},"title":{"x":0.05,"font":{"family":"Times New Roman"},"y":0.05,"text":"<b>Correlation of Adj Close<b><br><i>2016-09-23 ~ 2026-02-26<i>"},"updatemenudefaults":{"bgcolor":"#506784","borderwidth":0},"sliderdefaults":{"bgcolor":"#C8D4E3","borderwidth":1,"bordercolor":"rgb(17,17,17)","tickwidth":0},"mapbox":{"style":"dark"},"annotations":[{"text":"<b>@zwindr<b>","textangle":0,"opacity":0.5,"font":{"color":"white","size":12},"xref":"paper","yref":"paper","xanchor":"left","yanchor":"bottom","x":1.0,"y":1.0,"showarrow":false}]},"config":{"responsive":true,"toImageButtonOptions":{"filename":"Correlation of Adj Close_2016-09-23~2026-02-26","scale":5}}};Plotly.newPlot("correlationAdjClose",correlationAdjClose.data,correlationAdjClose.layout||{},correlationAdjClose.config);}else{console.log("style display is none => correlationAdjClose");}