var config = { responsive: true }

var correlationAdjClose = {"data": [{"type": "heatmap", "z": [[1.0, 0.993452030455254, 0.974954212189011, 0.9978261251113092, 0.9632372793630765, 0.9798019336912872, -0.9374577717584175, 0.9890560391131337, 0.9667908675996829, 0.9965928294059027, 0.9932771393906488, 0.9945800790991777, 0.9972422480349036, 0.9772666845081306, 0.9995426484343674, 0.9860527039672384, 0.910904479718471, 0.7642921805694254, 0.9856397156284306, 0.9205987753092915, 0.5060598683053215, -0.2748709040278427, 0.8961264726344721, 0.9726180888986737, 0.9508908825947991], [0.993452030455254, 1.0, 0.970261072929948, 0.9911841035924366, 0.9591740727012165, 0.9747517892522981, -0.932442240016072, 0.9790405995421035, 0.9594331158473078, 0.9938657660979454, 0.9918409862103036, 0.9912166540939176, 0.9953289994768307, 0.9718525122287004, 0.9962688994201041, 0.9819820631272002, 0.8993243871334765, 0.7694023986947094, 0.9661390831005344, 0.8983237484791918, 0.5018372566389647, -0.19559211020194142, 0.8674399455532419, 0.9595087508337414, 0.951665648361236], [0.974954212189011, 0.970261072929948, 1.0, 0.9809523304292322, 0.9962811957861984, 0.9781388766559005, -0.9742290646425789, 0.9678280141459588, 0.982373052194784, 0.9851121331973604, 0.9976786406465451, 0.997687874597707, 0.9881746527294581, 0.9765038868376592, 0.9871171542041582, 0.9745475818209863, 0.8104480489071593, 0.6546388237201101, 0.9893029921391364, 0.9092101984808638, 0.3378906106678554, -0.19286341653169767, 0.9050688436893447, 0.9377093473739154, 0.97795355793225], [0.9978261251113092, 0.9911841035924366, 0.9809523304292322, 1.0, 0.974402616432823, 0.9719521634397562, -0.9319865905205987, 0.9834300116463407, 0.9638661407895769, 0.9992328907909606, 0.9930034933786543, 0.9921130148529008, 0.9999003536627433, 0.9670303214895231, 0.9959947867988846, 0.9807728614507132, 0.896575365396001, 0.7376377926389318, 0.9930309691127084, 0.9225833190843653, 0.4874548829299888, -0.26710865890627455, 0.8961353618668139, 0.9665389077302041, 0.9563361569040798], [0.9632372793630765, 0.9591740727012165, 0.9962811957861984, 0.974402616432823, 1.0, 0.9578628547224839, -0.9556937617385729, 0.9530379818272766, 0.9699567497110306, 0.981216482312211, 0.9887657446133566, 0.9853397087091064, 0.984248953666198, 0.9554047758563073, 0.9754432773651007, 0.9599071653117286, 0.7901548332334721, 0.6232713163235647, 0.9881164239757965, 0.9064575246980953, 0.3197199441121534, -0.18698291814361964, 0.8889914962270582, 0.9225427107442271, 0.9750978069232753], [0.9798019336912872, 0.9747517892522981, 0.9781388766559005, 0.9719521634397562, 0.9578628547224839, 1.0, -0.9790488160263014, 0.9787500957375516, 0.9782560129872978, 0.9710669081865537, 0.9755409886897402, 0.9734931193822292, 0.9677631900383765, 0.9988386148179843, 0.9855617127404012, 0.9853334193335371, 0.847965657780819, 0.7304883621034636, 0.9664634545633387, 0.8871353221042968, 0.3668557629679465, -0.18027764450255207, 0.9342671065936258, 0.9542291217721591, 0.958087846661164], [-0.9374577717584175, -0.932442240016072, -0.9742290646425789, -0.9319865905205987, -0.9556937617385729, -0.9790488160263014, 1.0, -0.9472738468528487, -0.9822093920523494, -0.9400178453870939, -0.9721681687621914, -0.9742778877611378, -0.9460917774788002, -0.9855846170716697, -0.9624224162928243, -0.9637932504091713, -0.7537311688532383, -0.6249427250919988, -0.93894641524261, -0.8739222672053039, -0.2170801696599795, 0.11048106652815584, -0.9006413689125281, -0.9066790771997857, -0.9559054087135432], [0.9890560391131337, 0.9790405995421035, 0.9678280141459588, 0.9834300116463407, 0.9530379818272766, 0.9787500957375516, -0.9472738468528487, 1.0, 0.9807602420554828, 0.9801958865633539, 0.974367504184457, 0.9736719610608983, 0.9785520566731469, 0.9746816447089895, 0.9864668738366748, 0.9962706548548228, 0.918328667793431, 0.7038869415718162, 0.9731910326312415, 0.892778921677762, 0.38322988486547727, -0.2824857088302949, 0.901799910600294, 0.9528339748152514, 0.932106982464162], [0.9667908675996829, 0.9594331158473078, 0.982373052194784, 0.9638661407895769, 0.9699567497110306, 0.9782560129872978, -0.9822093920523494, 0.9807602420554828, 1.0, 0.9629975690240011, 0.97082556078003, 0.9678131658834663, 0.9598945718432256, 0.9764350469225819, 0.9673679098058047, 0.9865905979262379, 0.8390263980648851, 0.6288445173085655, 0.9645730726272932, 0.9014296195208482, 0.23535921706359636, -0.19607038887418143, 0.8829457319037676, 0.9265436444985966, 0.9563873951439654], [0.9965928294059027, 0.9938657660979454, 0.9851121331973604, 0.9992328907909606, 0.981216482312211, 0.9710669081865537, -0.9400178453870939, 0.9801958865633539, 0.9629975690240011, 1.0, 0.9917554557483067, 0.9904359765332412, 0.9998326201368913, 0.9679961096026934, 0.9951905846350455, 0.9808875377335353, 0.9083965036421063, 0.7176362655693431, 0.9954545758030696, 0.9158293910766486, 0.3232328655364465, -0.17683586031035864, 0.9297133275627046, 0.9554379596751925, 0.9541915706712517], [0.9932771393906488, 0.9918409862103036, 0.9976786406465451, 0.9930034933786543, 0.9887657446133566, 0.9755409886897402, -0.9721681687621914, 0.974367504184457, 0.97082556078003, 0.9917554557483067, 1.0, 0.9996522514143669, 0.9926402583622067, 0.9765625493409675, 0.9935818178036344, 0.975719659379815, 0.9036966838158323, 0.6178141700273679, 0.9891257615331595, 0.8864123843246847, -0.2358493712047144, 0.6284777081120769, 0.9066847774670126, 0.9512418703415729, 0.9789778021316757], [0.9945800790991777, 0.9912166540939176, 0.997687874597707, 0.9921130148529008, 0.9853397087091064, 0.9734931193822292, -0.9742778877611378, 0.9736719610608983, 0.9678131658834663, 0.9904359765332412, 0.9996522514143669, 1.0, 0.991720625709174, 0.9746071460848722, 0.9946006428790637, 0.9751987460250205, 0.9145603600311853, 0.5109077004581588, 0.9849265598108269, 0.872902869578034, -0.6785133275867252, 0.6155391511573692, 0.8797760006757346, 0.9480174469190765, 0.9789689769479022], [0.9972422480349036, 0.9953289994768307, 0.9881746527294581, 0.9999003536627433, 0.984248953666198, 0.9677631900383765, -0.9460917774788002, 0.9785520566731469, 0.9598945718432256, 0.9998326201368913, 0.9926402583622067, 0.991720625709174, 1.0, 0.9685917318948747, 0.9955416262363005, 0.9796636135148689, 0.9256143017558774, 0.682199344822578, 0.9970120946719154, 0.894884104737704, 0.0787955743283745, 0.6019278892005931, 0.9197883700617379, 0.9473082544399625, 0.9625407776383145], [0.9772666845081306, 0.9718525122287004, 0.9765038868376592, 0.9670303214895231, 0.9554047758563073, 0.9988386148179843, -0.9855846170716697, 0.9746816447089895, 0.9764350469225819, 0.9679961096026934, 0.9765625493409675, 0.9746071460848722, 0.9685917318948747, 1.0, 0.9857466365335762, 0.9829959397307632, 0.8618416857633077, 0.7346526674686612, 0.9618128013813346, 0.8763671604830915, 0.23324552083165795, -0.09595406738507391, 0.9437172000618888, 0.9490296229341654, 0.9571924187852415], [0.9995426484343674, 0.9962688994201041, 0.9871171542041582, 0.9959947867988846, 0.9754432773651007, 0.9855617127404012, -0.9624224162928243, 0.9864668738366748, 0.9673679098058047, 0.9951905846350455, 0.9935818178036344, 0.9946006428790637, 0.9955416262363005, 0.9857466365335762, 1.0, 0.9868005869148151, 0.9329466147024762, 0.7172035663077204, 0.9894932951671118, 0.8914842962097335, 0.12121829815662805, 0.6169200707449068, 0.9371674477674908, 0.9578208310801047, 0.9620680795549725], [0.9860527039672384, 0.9819820631272002, 0.9745475818209863, 0.9807728614507132, 0.9599071653117286, 0.9853334193335371, -0.9637932504091713, 0.9962706548548228, 0.9865905979262379, 0.9808875377335353, 0.975719659379815, 0.9751987460250205, 0.9796636135148689, 0.9829959397307632, 0.9868005869148151, 1.0, 0.9001146046036006, 0.7058907531242484, 0.9725067718547888, 0.8927933804157613, 0.31623573559819096, -0.16872990346134342, 0.9137967370920197, 0.9422392508102271, 0.9436708651505304], [0.910904479718471, 0.8993243871334765, 0.8104480489071593, 0.896575365396001, 0.7901548332334721, 0.847965657780819, -0.7537311688532383, 0.918328667793431, 0.8390263980648851, 0.9083965036421063, 0.9036966838158323, 0.9145603600311853, 0.9256143017558774, 0.8618416857633077, 0.9329466147024762, 0.9001146046036006, 1.0, 0.8617462912002017, 0.8443140903262651, 0.8691119966041979, 0.7515843039484417, -0.5261999351816403, 0.6655540257288546, 0.9085243578401155, 0.7834022513126958], [0.7642921805694254, 0.7694023986947094, 0.6546388237201101, 0.7376377926389318, 0.6232713163235647, 0.7304883621034636, -0.6249427250919988, 0.7038869415718162, 0.6288445173085655, 0.7176362655693431, 0.6178141700273679, 0.5109077004581588, 0.682199344822578, 0.7346526674686612, 0.7172035663077204, 0.7058907531242484, 0.8617462912002017, 1.0, 0.6571344473321726, 0.7596030724600391, 0.7384146846289941, -0.09888980301304447, 0.5387608737084735, 0.7736270160411042, 0.6628804880581992], [0.9856397156284306, 0.9661390831005344, 0.9893029921391364, 0.9930309691127084, 0.9881164239757965, 0.9664634545633387, -0.93894641524261, 0.9731910326312415, 0.9645730726272932, 0.9954545758030696, 0.9891257615331595, 0.9849265598108269, 0.9970120946719154, 0.9618128013813346, 0.9894932951671118, 0.9725067718547888, 0.8443140903262651, 0.6571344473321726, 1.0, 0.8935499096880527, 0.4167047817616578, -0.2616577860959357, 0.8844963887280425, 0.9485701237892584, 0.9656934320953386], [0.9205987753092915, 0.8983237484791918, 0.9092101984808638, 0.9225833190843653, 0.9064575246980953, 0.8871353221042968, -0.8739222672053039, 0.892778921677762, 0.9014296195208482, 0.9158293910766486, 0.8864123843246847, 0.872902869578034, 0.894884104737704, 0.8763671604830915, 0.8914842962097335, 0.8927933804157613, 0.8691119966041979, 0.7596030724600391, 0.8935499096880527, 1.0, 0.4565369042841611, -0.16841644520472956, 0.6875807696886428, 0.9161783023007322, 0.8787228706698653], [0.5060598683053215, 0.5018372566389647, 0.3378906106678554, 0.4874548829299888, 0.3197199441121534, 0.3668557629679465, -0.2170801696599795, 0.38322988486547727, 0.23535921706359636, 0.3232328655364465, -0.2358493712047144, -0.6785133275867252, 0.0787955743283745, 0.23324552083165795, 0.12121829815662805, 0.31623573559819096, 0.7515843039484417, 0.7384146846289941, 0.4167047817616578, 0.4565369042841611, 1.0, -0.4128899321780054, 0.33061427080003136, 0.4877378201018981, 0.2854708731619629], [-0.2748709040278427, -0.19559211020194142, -0.19286341653169767, -0.26710865890627455, -0.18698291814361964, -0.18027764450255207, 0.11048106652815584, -0.2824857088302949, -0.19607038887418143, -0.17683586031035864, 0.6284777081120769, 0.6155391511573692, 0.6019278892005931, -0.09595406738507391, 0.6169200707449068, -0.16872990346134342, -0.5261999351816403, -0.09888980301304447, -0.2616577860959357, -0.16841644520472956, -0.4128899321780054, 1.0, -0.1155065217717152, -0.3062552470174274, -0.1390874555447133], [0.8961264726344721, 0.8674399455532419, 0.9050688436893447, 0.8961353618668139, 0.8889914962270582, 0.9342671065936258, -0.9006413689125281, 0.901799910600294, 0.8829457319037676, 0.9297133275627046, 0.9066847774670126, 0.8797760006757346, 0.9197883700617379, 0.9437172000618888, 0.9371674477674908, 0.9137967370920197, 0.6655540257288546, 0.5387608737084735, 0.8844963887280425, 0.6875807696886428, 0.33061427080003136, -0.1155065217717152, 1.0, 0.8276605332445652, 0.8837975857518353], [0.9726180888986737, 0.9595087508337414, 0.9377093473739154, 0.9665389077302041, 0.9225427107442271, 0.9542291217721591, -0.9066790771997857, 0.9528339748152514, 0.9265436444985966, 0.9554379596751925, 0.9512418703415729, 0.9480174469190765, 0.9473082544399625, 0.9490296229341654, 0.9578208310801047, 0.9422392508102271, 0.9085243578401155, 0.7736270160411042, 0.9485701237892584, 0.9161783023007322, 0.4877378201018981, -0.3062552470174274, 0.8276605332445652, 1.0, 0.9269610267498619], [0.9508908825947991, 0.951665648361236, 0.97795355793225, 0.9563361569040798, 0.9750978069232753, 0.958087846661164, -0.9559054087135432, 0.932106982464162, 0.9563873951439654, 0.9541915706712517, 0.9789778021316757, 0.9789689769479022, 0.9625407776383145, 0.9571924187852415, 0.9620680795549725, 0.9436708651505304, 0.7834022513126958, 0.6628804880581992, 0.9656934320953386, 0.8787228706698653, 0.2854708731619629, -0.1390874555447133, 0.8837975857518353, 0.9269610267498619, 1.0]], "x": ["^TAIEX       \u81fa\u7063\u52a0\u6b0a\u5831\u916c\u6307\u6578", "^TWII        \u81fa\u7063\u52a0\u6b0a\u6307\u6578", "^TAIEXx2     \u81fa\u7063\u52a0\u6b0a\u5831\u916c\u6307\u6578_\u65e5\u6b632", "^TAI50I      \u81fa\u706350\u5831\u916c\u6307\u6578", "^TAI50Ix2    \u81fa\u706350\u5831\u916c\u6307\u6578_\u65e5\u6b632", "^TAI100I     \u81fa\u7063\u4e2d\u578b100\u5831\u916c\u6307\u6578", "^TAI100Ix2   \u81fa\u7063\u4e2d\u578b100\u5831\u916c\u6307\u6578_\u65e5\u6b632", "^TAIDIVIDI   \u81fa\u7063\u9ad8\u80a1\u606f\u5831\u916c\u6307\u6578", "^TAIDIVIDIx2 \u81fa\u7063\u9ad8\u80a1\u606f\u5831\u916c\u6307\u6578_\u65e5\u6b632", "0050         \u5143\u5927\u81fa\u706350", "00631L       \u5143\u5927\u53f0\u706350\u6b632", "00675L       \u5bcc\u90a6\u81fa\u7063\u52a0\u6b0a\u6b632", "006208       \u5bcc\u90a6\u53f050", "0051         \u5143\u5927\u4e2d\u578b100", "006204       \u6c38\u8c50\u81fa\u7063\u52a0\u6b0a", "0056         \u5143\u5927\u9ad8\u80a1\u606f", "2412         \u4e2d\u83ef\u96fb\u4fe1", "2002         \u4e2d\u92fc", "2330         \u53f0\u7a4d\u96fb", "2317         \u9d3b\u6d77", "6505         \u53f0\u5851\u77f3\u5316", "3481         \u7fa4\u5275", "2303         \u806f\u96fb", "2308         \u53f0\u9054\u96fb", "2454         \u806f\u767c\u79d1"], "y": ["^TAIEX       \u81fa\u7063\u52a0\u6b0a\u5831\u916c\u6307\u6578", "^TWII        \u81fa\u7063\u52a0\u6b0a\u6307\u6578", "^TAIEXx2     \u81fa\u7063\u52a0\u6b0a\u5831\u916c\u6307\u6578_\u65e5\u6b632", "^TAI50I      \u81fa\u706350\u5831\u916c\u6307\u6578", "^TAI50Ix2    \u81fa\u706350\u5831\u916c\u6307\u6578_\u65e5\u6b632", "^TAI100I     \u81fa\u7063\u4e2d\u578b100\u5831\u916c\u6307\u6578", "^TAI100Ix2   \u81fa\u7063\u4e2d\u578b100\u5831\u916c\u6307\u6578_\u65e5\u6b632", "^TAIDIVIDI   \u81fa\u7063\u9ad8\u80a1\u606f\u5831\u916c\u6307\u6578", "^TAIDIVIDIx2 \u81fa\u7063\u9ad8\u80a1\u606f\u5831\u916c\u6307\u6578_\u65e5\u6b632", "0050         \u5143\u5927\u81fa\u706350", "00631L       \u5143\u5927\u53f0\u706350\u6b632", "00675L       \u5bcc\u90a6\u81fa\u7063\u52a0\u6b0a\u6b632", "006208       \u5bcc\u90a6\u53f050", "0051         \u5143\u5927\u4e2d\u578b100", "006204       \u6c38\u8c50\u81fa\u7063\u52a0\u6b0a", "0056         \u5143\u5927\u9ad8\u80a1\u606f", "2412         \u4e2d\u83ef\u96fb\u4fe1", "2002         \u4e2d\u92fc", "2330         \u53f0\u7a4d\u96fb", "2317         \u9d3b\u6d77", "6505         \u53f0\u5851\u77f3\u5316", "3481         \u7fa4\u5275", "2303         \u806f\u96fb", "2308         \u53f0\u9054\u96fb", "2454         \u806f\u767c\u79d1"], "zmin": -1, "zmax": 1, "colorbar": {"x": -0.2}}], "layout": {"title": {"text": "<b>Correlation of Adj Close <b><br><i>2016/09/23 ~ 2025/04/18<i>", "y": 0.05, "font": {"family": "Times New Roman"}, "x": 0.05}, "xaxis": {"side": "top", "tickangle": -90, "gridcolor": "rgba(0, 0, 0, 0)", "tickfont": {"family": "Courier New", "size": 14}, "automargin": true}, "yaxis": {"side": "right", "gridcolor": "rgba(0, 0, 0, 0)", "tickfont": {"family": "Courier New"}, "automargin": true}, "height": 600, "font": {"family": "Courier New", "color": "#ffffff"}, "plot_bgcolor": "#000", "paper_bgcolor": "#000"}};

Plotly.newPlot("correlationAdjClose",
    correlationAdjClose.data,
    correlationAdjClose.layout || {},
    config);