var element=document.getElementById("correlationAdjClose");if(element.style.display!='none'){var correlationAdjClose={"data":[{"type":"heatmap","z":[[1.0,0.9950943849535407,0.975092518913011,0.9970268210184865,0.9552967366245629,0.9841635530106776,0.9539828075766301,0.9887764022382257,0.9752824700948463,0.9971798694693955,0.9966351697502469,0.9970959923107751,0.993164422373354,0.9941953586576021,0.9966843292075336,0.9856480501516925,0.9997213577823894,0.9885796897307769,0.8978344192959047,0.9183872709098715,0.6857210591375964,0.9847021792255551,0.9346422378671586,0.35984900612493276,-0.2983091455361231,0.8988811902416273,0.9267461671864526,0.9606818922917083,0.9767055185941619,0.9646424674602706,0.9793337696660198,0.970223722525628,0.9400409821493974,0.983004355340817,0.9754081833346294,0.9563506461843839],[0.9950943849535407,1.0,0.9714360336092001,0.9918386515125979,0.9513553637823688,0.9803758001875109,0.9500986417464412,0.981166616825506,0.9695600364287854,0.9931105004172602,0.9949414907974345,0.9944613759218912,0.992305707749282,0.9922764288453821,0.9949627465294633,0.9808025217887485,0.9973419369136648,0.9833436465274341,0.9183373239136856,0.9086477839469917,0.7067182143073747,0.9694416857670171,0.9182143732236799,0.3596303920386997,-0.2306670849366484,0.8775411742155773,0.9211307157613345,0.9600699889224226,0.9578466829127771,0.9527802780135153,0.9706085373404878,0.9568376911630143,0.9392871370091068,0.9737284898055528,0.9669130896583119,0.9514500871964203],[0.975092518913011,0.9714360336092001,1.0,0.9845782592554383,0.9944534119646509,0.9723658033299841,0.9786514460372792,0.9589214986007929,0.9778421828972038,0.9842790736075414,0.9909170840594773,0.9876558604707074,0.9970529122783419,0.9968369396736928,0.9906922548722985,0.9699035462743933,0.9853537219404254,0.9584477722547087,0.8573891997185933,0.821421681966709,0.5541085543002724,0.9922659370060396,0.9342069781808363,0.188294454332685,-0.2226576159126036,0.8813136183773421,0.9424144913561457,0.9704363422083466,0.9169816348016346,0.9066474295088958,0.9668203911259649,0.909960423746315,0.8852794496912055,0.9639146211299737,0.9715914985032061,0.915871400620396],[0.9970268210184865,0.9918386515125979,0.9845782592554383,1.0,0.9719286503629216,0.9757092621303888,0.951534375722474,0.9799743908982586,0.9716204611936698,0.9999707171714721,0.9999920113398839,0.9999635434084752,0.9935967347674438,0.9922915111120858,0.9999519721639778,0.9744610932726278,0.9957740330921975,0.9794469554172401,0.8803695033443568,0.8998819744924166,0.6467198212157347,0.994005094671479,0.9395172507659475,0.3266830587998457,-0.28706728761973715,0.8900210049420294,0.938656911729018,0.9639163410455043,0.9635571605015889,0.957839498358777,0.9813112722713682,0.9568529241802632,0.9236494964396589,0.9798027659315893,0.9734416933875923,0.9450440564965361],[0.9552967366245629,0.9513553637823688,0.9944534119646509,0.9719286503629216,1.0,0.9443275505449584,0.9578165003045576,0.9320503862948498,0.9564193704086603,0.9720055016308549,0.9813544677089642,0.9774652961760267,0.983453160890981,0.9806760687749759,0.98097605289964,0.9404074006881321,0.9662546990993782,0.9312385899507619,0.8222003561221916,0.7888679010280988,0.5026022305821787,0.9867586938999259,0.9282748364175728,0.1527494992554699,-0.21128564495023863,0.8460658059288825,0.94949379732208,0.9548726699769524,0.8844803797471587,0.8810769424640005,0.9534572444004104,0.8773029350184067,0.8457572238333515,0.9444465865451132,0.9516675616334228,0.8826943699169227],[0.9841635530106776,0.9803758001875109,0.9723658033299841,0.9757092621303888,0.9443275505449584,1.0,0.9829205664554227,0.9827948769717256,0.9830365558740853,0.9751730722519805,0.969845365038478,0.9732566775070044,0.9733593372312633,0.9709298419884732,0.9697755755845909,0.9999030976737882,0.9871747842478908,0.983689492103429,0.9013394139160567,0.8718658255446916,0.6547165688450475,0.9673282229010116,0.9063955917632145,0.23727231009320446,-0.22096717264508509,0.9321538102177942,0.8995443912292294,0.9650033137299356,0.9597846230012147,0.9352762966234294,0.9588410626261158,0.9549667260328442,0.9520333934610553,0.9637947694693462,0.9799268765708181,0.9585930166355641],[0.9539828075766301,0.9500986417464412,0.9786514460372792,0.951534375722474,0.9578165003045576,0.9829205664554227,1.0,0.9546332505857006,0.9847430619786234,0.9502254531853148,0.9603051909663911,0.9568088723123452,0.9780368106485596,0.9786809947620393,0.9600474458622109,0.9841690563620048,0.9720224475816845,0.9570425677469679,0.8651447851139418,0.7911019230136014,0.5441408407934034,0.95543207143882,0.9088391252508556,0.09714611910040488,-0.16032766518603103,0.8936549733748459,0.8984781836242778,0.960894431141026,0.9037393760871306,0.8726027288402471,0.9399071728649675,0.89713987581902,0.9027956725182372,0.9379063821826359,0.969779512326571,0.9142548342004946],[0.9887764022382257,0.981166616825506,0.9589214986007929,0.9799743908982586,0.9320503862948498,0.9827948769717256,0.9546332505857006,1.0,0.983987044693704,0.9799677756911848,0.9751700166076147,0.9788076858402959,0.9691557226952686,0.9681399025204488,0.9752834484232055,0.9845875487335566,0.986483648068111,0.9998848166965696,0.9278630511102071,0.9298011681111445,0.6233682120138268,0.9670373004652544,0.9008849926878773,0.2145004838400276,-0.31047537937099134,0.9074443603497371,0.8763772201156028,0.9457267549591687,0.9794256969715506,0.9577250079979487,0.9690520826895546,0.9664171208048645,0.9378482690083128,0.9641086108483827,0.9616909440254032,0.968339044757993],[0.9752824700948463,0.9695600364287854,0.9778421828972038,0.9716204611936698,0.9564193704086603,0.9830365558740853,0.9847430619786234,0.983987044693704,1.0,0.970906114322782,0.9670956270418296,0.9697054802689652,0.9717316752575483,0.9684393566723105,0.9669584200171968,0.9821125397427142,0.9749921752463631,0.9833590141481984,0.9025789882572166,0.8632655276902895,0.5415537267938875,0.9689515926628619,0.9188265795339425,0.07418765458654417,-0.2334688748796451,0.8856316930568756,0.8830374106227589,0.9655950526245054,0.9383620506357531,0.9071037368060089,0.9630602006637003,0.9240945028755259,0.9044728379380322,0.954521601446151,0.9742097047206522,0.929616269555979],[0.9971798694693955,0.9931105004172602,0.9842790736075414,0.9999707171714721,0.9720055016308549,0.9751730722519805,0.9502254531853148,0.9799677756911848,0.970906114322782,1.0,0.999990587988253,0.9999830581163864,0.993491641160524,0.9921648416743617,0.9999567286298778,0.9739346743136422,0.995659652568658,0.9795344339181014,0.8821669716303672,0.9011235812807356,0.6436990215351471,0.9941950896102737,0.9394238975811847,0.33171965671851766,-0.2865341946600677,0.8906752676950302,0.9369309425533991,0.9625206080017356,0.9633143426264739,0.9570451865687974,0.9804181227668409,0.9562693629974268,0.9223159759095758,0.9790690938556055,0.972398806850411,0.9435966996418084],[0.9966351697502469,0.9949414907974345,0.9909170840594773,0.9999920113398839,0.9813544677089642,0.969845365038478,0.9603051909663911,0.9751700166076147,0.9670956270418296,0.999990587988253,1.0,0.9999742804736585,0.9936210053964997,0.992290087512774,0.9999593512826608,0.9695365919073837,0.995446324481695,0.9757736599778716,0.9032853153017582,0.9289849480685719,0.5186960683331865,0.997320676181605,0.9255352097602245,-0.1498777075399661,0.3801358259061736,0.8882922299890019,0.9083673964882079,0.9645907809584945,0.9540343446314162,0.9402300778987764,0.9725648600869314,0.9360731960620987,0.8997911213358025,0.9703661215819477,0.9813373925339597,0.9392971615422304],[0.9970959923107751,0.9944613759218912,0.9876558604707074,0.9999635434084752,0.9774652961760267,0.9732566775070044,0.9568088723123452,0.9788076858402959,0.9697054802689652,0.9999830581163864,0.9999742804736585,1.0,0.9935004450056903,0.9921396543169113,0.999967550293077,0.9730612560736495,0.9955605858844372,0.9789893014929708,0.8896423512624593,0.9179525563574613,0.5852238773401728,0.9963442862566684,0.9363874584355285,0.06398979044218803,-0.1938276477194103,0.9032692008251171,0.9230632523658149,0.9582130547593151,0.9573678674328615,0.9480641171525729,0.9771633344435244,0.9470887799593547,0.9176947793859127,0.9757135756445098,0.9721940866159765,0.947386054832959],[0.993164422373354,0.992305707749282,0.9970529122783419,0.9935967347674438,0.983453160890981,0.9733593372312633,0.9780368106485596,0.9691557226952686,0.9717316752575483,0.993491641160524,0.9936210053964997,0.9935004450056903,1.0,0.9997733789099773,0.993617918717208,0.9730940957639646,0.9932806670976416,0.9699399583892635,0.8933814722018419,0.9170411920236662,0.44188868686518445,0.9897234609612894,0.9224351960427373,-0.4138186917932883,0.39208192672647396,0.8700272005333535,0.9082089471524928,0.9675123647141985,0.9369099842797518,0.9093255180674534,0.957806173709061,0.9133961745980925,0.8679042719296143,0.9679466066043064,0.9783200674273685,0.9317953163472104],[0.9941953586576021,0.9922764288453821,0.9968369396736928,0.9922915111120858,0.9806760687749759,0.9709298419884732,0.9786809947620393,0.9681399025204488,0.9684393566723105,0.9921648416743617,0.992290087512774,0.9921396543169113,0.9997733789099773,1.0,0.992397959080851,0.9705635093001975,0.9941258753975516,0.9691077681238485,0.8777736378837041,0.9269411410592608,0.2993392187467546,0.9861109228870191,0.9165126812583432,-0.7526111617727397,0.3612445128450759,0.8374871749671208,0.9057567506484266,0.9636197788594014,0.9306158810645423,0.8983310996128224,0.9516997166678681,0.9142698666900088,0.8460901494570495,0.9686750984237192,0.9765720203314188,0.9264063585722473],[0.9966843292075336,0.9949627465294633,0.9906922548722985,0.9999519721639778,0.98097605289964,0.9697755755845909,0.9600474458622109,0.9752834484232055,0.9669584200171968,0.9999567286298778,0.9999593512826608,0.999967550293077,0.993617918717208,0.992397959080851,1.0,0.9695253598687605,0.9954918066678099,0.9758780646884877,0.9035235100709585,0.9295120464352835,0.5187289810098639,0.9971642768798457,0.9256627791409183,-0.14774770803349108,0.3797418591424247,0.88840410004892,0.9075203806657892,0.9640528439875226,0.9542849197339299,0.9406863132163059,0.9725542530934371,0.9366733276631278,0.9003321808132955,0.9703529254951108,0.9813343328353321,0.9399462242077803],[0.9856480501516925,0.9808025217887485,0.9699035462743933,0.9744610932726278,0.9404074006881321,0.9999030976737882,0.9841690563620048,0.9845875487335566,0.9821125397427142,0.9739346743136422,0.9695365919073837,0.9730612560736495,0.9730940957639646,0.9705635093001975,0.9695253598687605,1.0,0.9871924839604057,0.9839153106333908,0.9042890372798527,0.8957085400619662,0.64252646460795,0.9648630219915186,0.9008061166343684,0.09152290680324555,-0.20004245613450145,0.9392784159520919,0.8878853331789583,0.9621547887462727,0.9632312622745913,0.9327331039529486,0.9554168592754073,0.9562402046862253,0.9511287345239077,0.9657871636855806,0.9791505580735231,0.9627456206265783],[0.9997213577823894,0.9973419369136648,0.9853537219404254,0.9957740330921975,0.9662546990993782,0.9871747842478908,0.9720224475816845,0.986483648068111,0.9749921752463631,0.995659652568658,0.995446324481695,0.9955605858844372,0.9932806670976416,0.9941258753975516,0.9954918066678099,0.9871924839604057,1.0,0.9870571499649601,0.9226142494637315,0.9390970019930602,0.5775302518059071,0.9883858390821767,0.9169198210276118,-0.08937111555509392,0.40819061546514934,0.917596569787615,0.8977274552297604,0.9671264833166395,0.9711772702599802,0.9493227481579367,0.9707362692310748,0.9552971153566423,0.9309409631042229,0.9765620902912285,0.9870254984855321,0.9630078461035476],[0.9885796897307769,0.9833436465274341,0.9584477722547087,0.9794469554172401,0.9312385899507619,0.983689492103429,0.9570425677469679,0.9998848166965696,0.9833590141481984,0.9795344339181014,0.9757736599778716,0.9789893014929708,0.9699399583892635,0.9691077681238485,0.9758780646884877,0.9839153106333908,0.9870571499649601,1.0,0.9307447404561666,0.9359741031118693,0.6204440813316136,0.9656106718299435,0.9046150027176623,0.17808948843947828,-0.2923559294495076,0.9122589709380863,0.8717830043131651,0.9456838375268618,0.979923760804929,0.9571936290218381,0.9673772492535758,0.9651564935738706,0.9375869898743091,0.9633000611098476,0.959728633570741,0.9694497223589336],[0.8978344192959047,0.9183373239136856,0.8573891997185933,0.8803695033443568,0.8222003561221916,0.9013394139160567,0.8651447851139418,0.9278630511102071,0.9025789882572166,0.8821669716303672,0.9032853153017582,0.8896423512624593,0.8933814722018419,0.8777736378837041,0.9035235100709585,0.9042890372798527,0.9226142494637315,0.9307447404561666,1.0,0.8294258247356724,0.6932321472982248,0.852169135739791,0.8056275217938368,0.2590031211209684,-0.16596887657773748,0.8584122177285124,0.7463200633538444,0.8562208079739019,0.8929305033097449,0.8596857303360541,0.8546742076287901,0.8722344837493462,0.8586251006235027,0.8548550290118114,0.874647631490705,0.8959483892922906],[0.9183872709098715,0.9086477839469917,0.821421681966709,0.8998819744924166,0.7888679010280988,0.8718658255446916,0.7911019230136014,0.9298011681111445,0.8632655276902895,0.9011235812807356,0.9289849480685719,0.9179525563574613,0.9170411920236662,0.9269411410592608,0.9295120464352835,0.8957085400619662,0.9390970019930602,0.9359741031118693,0.8294258247356724,1.0,0.8232126794430663,0.8502317714425732,0.8666229551770502,0.6322223590335916,-0.5245991753575666,0.7186132511407738,0.8251023580265425,0.8147397059144147,0.9597563867756921,0.9384423709846056,0.898224360695797,0.9474457734883376,0.9014018305313192,0.9001103271789145,0.8515023759817034,0.887141961819764],[0.6857210591375964,0.7067182143073747,0.5541085543002724,0.6467198212157347,0.5026022305821787,0.6547165688450475,0.5441408407934034,0.6233682120138268,0.5415537267938875,0.6436990215351471,0.5186960683331865,0.5852238773401728,0.44188868686518445,0.2993392187467546,0.5187289810098639,0.64252646460795,0.5775302518059071,0.6204440813316136,0.6932321472982248,0.8232126794430663,1.0,0.5770222708241569,0.6841066687427682,0.724464433569441,-0.11603291141576222,0.5334158022621188,0.5869141594296823,0.6039452326450616,0.7683194720483799,0.6980859736124473,0.615707795010563,0.73355313561068,0.7502238987466738,0.6562970175796572,0.6241876993992723,0.675927543833127],[0.9847021792255551,0.9694416857670171,0.9922659370060396,0.994005094671479,0.9867586938999259,0.9673282229010116,0.95543207143882,0.9670373004652544,0.9689515926628619,0.9941950896102737,0.997320676181605,0.9963442862566684,0.9897234609612894,0.9861109228870191,0.9971642768798457,0.9648630219915186,0.9883858390821767,0.9656106718299435,0.852169135739791,0.8502317714425732,0.5770222708241569,1.0,0.9181252418625487,0.25390281211747445,-0.2784575726121012,0.8721380447252871,0.9431702500866729,0.9675109579165456,0.9300921816393531,0.9379327831145606,0.9731129771023243,0.9324486044417014,0.8951883814040291,0.9688962970349886,0.959125144341687,0.9244376811528864],[0.9346422378671586,0.9182143732236799,0.9342069781808363,0.9395172507659475,0.9282748364175728,0.9063955917632145,0.9088391252508556,0.9008849926878773,0.9188265795339425,0.9394238975811847,0.9255352097602245,0.9363874584355285,0.9224351960427373,0.9165126812583432,0.9256627791409183,0.9008061166343684,0.9169198210276118,0.9046150027176623,0.8056275217938368,0.8666229551770502,0.6841066687427682,0.9181252418625487,1.0,0.29281073790174844,-0.1905924590952356,0.7185518646480316,0.9128548824297248,0.9003709589992311,0.8982160786363071,0.8588740302511946,0.9362924025035672,0.8722479084898985,0.8402759822725223,0.9312545699061411,0.8871551645987049,0.8590956558515527],[0.35984900612493276,0.3596303920386997,0.188294454332685,0.3266830587998457,0.1527494992554699,0.23727231009320446,0.09714611910040488,0.2145004838400276,0.07418765458654417,0.33171965671851766,-0.1498777075399661,0.06398979044218803,-0.4138186917932883,-0.7526111617727397,-0.14774770803349108,0.09152290680324555,-0.08937111555509392,0.17808948843947828,0.2590031211209684,0.6322223590335916,0.724464433569441,0.25390281211747445,0.29281073790174844,1.0,-0.38032793233140855,0.2604103766421995,0.2389080522648191,0.16880440656272047,0.4578223151354695,0.45046958950361976,0.2962102847705823,0.47313226768140965,0.4005531224637592,0.3238690920481376,0.24704187546148262,0.36563064114615923],[-0.2983091455361231,-0.2306670849366484,-0.2226576159126036,-0.28706728761973715,-0.21128564495023863,-0.22096717264508509,-0.16032766518603103,-0.31047537937099134,-0.2334688748796451,-0.2865341946600677,0.3801358259061736,-0.1938276477194103,0.39208192672647396,0.3612445128450759,0.3797418591424247,-0.20004245613450145,0.40819061546514934,-0.2923559294495076,-0.16596887657773748,-0.5245991753575666,-0.11603291141576222,-0.2784575726121012,-0.1905924590952356,-0.38032793233140855,1.0,-0.15798502493488276,-0.2697227641880141,-0.1845597286209857,-0.38679532320465443,-0.37593570843109386,-0.3172550311730121,-0.3452341586647665,-0.2109999806279005,-0.3430044541744324,-0.18597330532300127,-0.3172460930877142],[0.8988811902416273,0.8775411742155773,0.8813136183773421,0.8900210049420294,0.8460658059288825,0.9321538102177942,0.8936549733748459,0.9074443603497371,0.8856316930568756,0.8906752676950302,0.8882922299890019,0.9032692008251171,0.8700272005333535,0.8374871749671208,0.88840410004892,0.9392784159520919,0.917596569787615,0.9122589709380863,0.8584122177285124,0.7186132511407738,0.5334158022621188,0.8721380447252871,0.7185518646480316,0.2604103766421995,-0.15798502493488276,1.0,0.7679666327047571,0.8874283824799425,0.8239880293258897,0.8671634542255654,0.8314475348214919,0.8747717016776498,0.8700319822469701,0.8619073847942197,0.869818696329091,0.9007249309609284],[0.9267461671864526,0.9211307157613345,0.9424144913561457,0.938656911729018,0.94949379732208,0.8995443912292294,0.8984781836242778,0.8763772201156028,0.8830374106227589,0.9369309425533991,0.9083673964882079,0.9230632523658149,0.9082089471524928,0.9057567506484266,0.9075203806657892,0.8878853331789583,0.8977274552297604,0.8717830043131651,0.7463200633538444,0.8251023580265425,0.5869141594296823,0.9431702500866729,0.9128548824297248,0.2389080522648191,-0.2697227641880141,0.7679666327047571,1.0,0.8898934951103172,0.8794726231660422,0.8681389423925524,0.9149122667309638,0.865858745240803,0.8293273342789386,0.9153342455737948,0.8971600837431066,0.8585206509344573],[0.9606818922917083,0.9600699889224226,0.9704363422083466,0.9639163410455043,0.9548726699769524,0.9650033137299356,0.960894431141026,0.9457267549591687,0.9655950526245054,0.9625206080017356,0.9645907809584945,0.9582130547593151,0.9675123647141985,0.9636197788594014,0.9640528439875226,0.9621547887462727,0.9671264833166395,0.9456838375268618,0.8562208079739019,0.8147397059144147,0.6039452326450616,0.9675109579165456,0.9003709589992311,0.16880440656272047,-0.1845597286209857,0.8874283824799425,0.8898934951103172,1.0,0.9122506833251356,0.896146874213392,0.94637353487289,0.8962315001358019,0.8888250112011302,0.9519192185831945,0.9741812879335404,0.8956704130848349],[0.9767055185941619,0.9578466829127771,0.9169816348016346,0.9635571605015889,0.8844803797471587,0.9597846230012147,0.9037393760871306,0.9794256969715506,0.9383620506357531,0.9633143426264739,0.9540343446314162,0.9573678674328615,0.9369099842797518,0.9306158810645423,0.9542849197339299,0.9632312622745913,0.9711772702599802,0.979923760804929,0.8929305033097449,0.9597563867756921,0.7683194720483799,0.9300921816393531,0.8982160786363071,0.4578223151354695,-0.38679532320465443,0.8239880293258897,0.8794726231660422,0.9122506833251356,1.0,0.9866936101062778,0.9614396111500586,0.9907369679630963,0.9538496374954345,0.959586025018,0.9166116754330554,0.9688995767595746],[0.9646424674602706,0.9527802780135153,0.9066474295088958,0.957839498358777,0.8810769424640005,0.9352762966234294,0.8726027288402471,0.9577250079979487,0.9071037368060089,0.9570451865687974,0.9402300778987764,0.9480641171525729,0.9093255180674534,0.8983310996128224,0.9406863132163059,0.9327331039529486,0.9493227481579367,0.9571936290218381,0.8596857303360541,0.9384423709846056,0.6980859736124473,0.9379327831145606,0.8588740302511946,0.45046958950361976,-0.37593570843109386,0.8671634542255654,0.8681389423925524,0.896146874213392,0.9866936101062778,1.0,0.9512155548744909,0.9845382553360256,0.9564017853563306,0.9408298964648442,0.9252215652917931,0.9644432171722753],[0.9793337696660198,0.9706085373404878,0.9668203911259649,0.9813112722713682,0.9534572444004104,0.9588410626261158,0.9399071728649675,0.9690520826895546,0.9630602006637003,0.9804181227668409,0.9725648600869314,0.9771633344435244,0.957806173709061,0.9516997166678681,0.9725542530934371,0.9554168592754073,0.9707362692310748,0.9673772492535758,0.8546742076287901,0.898224360695797,0.615707795010563,0.9731129771023243,0.9362924025035672,0.2962102847705823,-0.3172550311730121,0.8314475348214919,0.9149122667309638,0.94637353487289,0.9614396111500586,0.9512155548744909,1.0,0.9517039764956248,0.9119910020174873,0.9788386602319276,0.9637964671376211,0.9441130161777123],[0.970223722525628,0.9568376911630143,0.909960423746315,0.9568529241802632,0.8773029350184067,0.9549667260328442,0.89713987581902,0.9664171208048645,0.9240945028755259,0.9562693629974268,0.9360731960620987,0.9470887799593547,0.9133961745980925,0.9142698666900088,0.9366733276631278,0.9562402046862253,0.9552971153566423,0.9651564935738706,0.8722344837493462,0.9474457734883376,0.73355313561068,0.9324486044417014,0.8722479084898985,0.47313226768140965,-0.3452341586647665,0.8747717016776498,0.865858745240803,0.8962315001358019,0.9907369679630963,0.9845382553360256,0.9517039764956248,1.0,0.9742546715469793,0.9465631873002085,0.9391552353277105,0.9650387283844735],[0.9400409821493974,0.9392871370091068,0.8852794496912055,0.9236494964396589,0.8457572238333515,0.9520333934610553,0.9027956725182372,0.9378482690083128,0.9044728379380322,0.9223159759095758,0.8997911213358025,0.9176947793859127,0.8679042719296143,0.8460901494570495,0.9003321808132955,0.9511287345239077,0.9309409631042229,0.9375869898743091,0.8586251006235027,0.9014018305313192,0.7502238987466738,0.8951883814040291,0.8402759822725223,0.4005531224637592,-0.2109999806279005,0.8700319822469701,0.8293273342789386,0.8888250112011302,0.9538496374954345,0.9564017853563306,0.9119910020174873,0.9742546715469793,1.0,0.9071232323417755,0.9288672084477676,0.9544625057608254],[0.983004355340817,0.9737284898055528,0.9639146211299737,0.9798027659315893,0.9444465865451132,0.9637947694693462,0.9379063821826359,0.9641086108483827,0.954521601446151,0.9790690938556055,0.9703661215819477,0.9757135756445098,0.9679466066043064,0.9686750984237192,0.9703529254951108,0.9657871636855806,0.9765620902912285,0.9633000611098476,0.8548550290118114,0.9001103271789145,0.6562970175796572,0.9688962970349886,0.9312545699061411,0.3238690920481376,-0.3430044541744324,0.8619073847942197,0.9153342455737948,0.9519192185831945,0.959586025018,0.9408298964648442,0.9788386602319276,0.9465631873002085,0.9071232323417755,1.0,0.9606924541623545,0.9452288884358788],[0.9754081833346294,0.9669130896583119,0.9715914985032061,0.9734416933875923,0.9516675616334228,0.9799268765708181,0.969779512326571,0.9616909440254032,0.9742097047206522,0.972398806850411,0.9813373925339597,0.9721940866159765,0.9783200674273685,0.9765720203314188,0.9813343328353321,0.9791505580735231,0.9870254984855321,0.959728633570741,0.874647631490705,0.8515023759817034,0.6241876993992723,0.959125144341687,0.8871551645987049,0.24704187546148262,-0.18597330532300127,0.869818696329091,0.8971600837431066,0.9741812879335404,0.9166116754330554,0.9252215652917931,0.9637964671376211,0.9391552353277105,0.9288672084477676,0.9606924541623545,1.0,0.9243044846034619],[0.9563506461843839,0.9514500871964203,0.915871400620396,0.9450440564965361,0.8826943699169227,0.9585930166355641,0.9142548342004946,0.968339044757993,0.929616269555979,0.9435966996418084,0.9392971615422304,0.947386054832959,0.9317953163472104,0.9264063585722473,0.9399462242077803,0.9627456206265783,0.9630078461035476,0.9694497223589336,0.8959483892922906,0.887141961819764,0.675927543833127,0.9244376811528864,0.8590956558515527,0.36563064114615923,-0.3172460930877142,0.9007249309609284,0.8585206509344573,0.8956704130848349,0.9688995767595746,0.9644432171722753,0.9441130161777123,0.9650387283844735,0.9544625057608254,0.9452288884358788,0.9243044846034619,1.0]],"x":["^TAIEX       \u81fa\u7063\u52a0\u6b0a\u5831\u916c\u6307\u6578","^TWII        \u81fa\u7063\u52a0\u6b0a\u6307\u6578","^TAIEXx2     \u81fa\u7063\u52a0\u6b0a\u5831\u916c\u6307\u6578_\u65e5\u6b632","^TAI50I      \u81fa\u706350\u5831\u916c\u6307\u6578","^TAI50Ix2    \u81fa\u706350\u5831\u916c\u6307\u6578_\u65e5\u6b632","^TAI100I     \u81fa\u7063\u4e2d\u578b100\u5831\u916c\u6307\u6578","^TAI100Ix2   \u81fa\u7063\u4e2d\u578b100\u5831\u916c\u6307\u6578_\u65e5\u6b632","^TAIDIVIDI   \u81fa\u7063\u9ad8\u80a1\u606f\u5831\u916c\u6307\u6578","^TAIDIVIDIx2 \u81fa\u7063\u9ad8\u80a1\u606f\u5831\u916c\u6307\u6578_\u65e5\u6b632","0050Fund     \u5143\u5927\u53f0\u7063\u5353\u8d8a50\u57fa\u91d1","006208Fund   \u5bcc\u90a6\u53f0\u7063\u91c6\u540950\u57fa\u91d1","0050         \u5143\u5927\u81fa\u706350","00631L       \u5143\u5927\u53f0\u706350\u6b632","00675L       \u5bcc\u90a6\u81fa\u7063\u52a0\u6b0a\u6b632","006208       \u5bcc\u90a6\u53f050","0051         \u5143\u5927\u4e2d\u578b100","006204       \u6c38\u8c50\u81fa\u7063\u52a0\u6b0a","0056         \u5143\u5927\u9ad8\u80a1\u606f","0056         \u5143\u5927\u9ad8\u80a1\u606f_\u80a1\u606f\u4e0d\u6295\u5165","2412         \u4e2d\u83ef\u96fb\u4fe1","2002         \u4e2d\u92fc","2330         \u53f0\u7a4d\u96fb","2317         \u9d3b\u6d77","6505         \u53f0\u5851\u77f3\u5316","3481         \u7fa4\u5275","2303         \u806f\u96fb","2308         \u53f0\u9054\u96fb","2454         \u806f\u767c\u79d1","2886         \u5146\u8c50\u91d1","2884         \u7389\u5c71\u91d1","2891         \u4e2d\u4fe1\u91d1","2892         \u7b2c\u4e00\u91d1","5880         \u5408\u5eab\u91d1","2881         \u5bcc\u90a6\u91d1","2885         \u5143\u5927\u91d1","2887         \u53f0\u65b0\u91d1"],"y":["^TAIEX       \u81fa\u7063\u52a0\u6b0a\u5831\u916c\u6307\u6578","^TWII        \u81fa\u7063\u52a0\u6b0a\u6307\u6578","^TAIEXx2     \u81fa\u7063\u52a0\u6b0a\u5831\u916c\u6307\u6578_\u65e5\u6b632","^TAI50I      \u81fa\u706350\u5831\u916c\u6307\u6578","^TAI50Ix2    \u81fa\u706350\u5831\u916c\u6307\u6578_\u65e5\u6b632","^TAI100I     \u81fa\u7063\u4e2d\u578b100\u5831\u916c\u6307\u6578","^TAI100Ix2   \u81fa\u7063\u4e2d\u578b100\u5831\u916c\u6307\u6578_\u65e5\u6b632","^TAIDIVIDI   \u81fa\u7063\u9ad8\u80a1\u606f\u5831\u916c\u6307\u6578","^TAIDIVIDIx2 \u81fa\u7063\u9ad8\u80a1\u606f\u5831\u916c\u6307\u6578_\u65e5\u6b632","0050Fund     \u5143\u5927\u53f0\u7063\u5353\u8d8a50\u57fa\u91d1","006208Fund   \u5bcc\u90a6\u53f0\u7063\u91c6\u540950\u57fa\u91d1","0050         \u5143\u5927\u81fa\u706350","00631L       \u5143\u5927\u53f0\u706350\u6b632","00675L       \u5bcc\u90a6\u81fa\u7063\u52a0\u6b0a\u6b632","006208       \u5bcc\u90a6\u53f050","0051         \u5143\u5927\u4e2d\u578b100","006204       \u6c38\u8c50\u81fa\u7063\u52a0\u6b0a","0056         \u5143\u5927\u9ad8\u80a1\u606f","0056         \u5143\u5927\u9ad8\u80a1\u606f_\u80a1\u606f\u4e0d\u6295\u5165","2412         \u4e2d\u83ef\u96fb\u4fe1","2002         \u4e2d\u92fc","2330         \u53f0\u7a4d\u96fb","2317         \u9d3b\u6d77","6505         \u53f0\u5851\u77f3\u5316","3481         \u7fa4\u5275","2303         \u806f\u96fb","2308         \u53f0\u9054\u96fb","2454         \u806f\u767c\u79d1","2886         \u5146\u8c50\u91d1","2884         \u7389\u5c71\u91d1","2891         \u4e2d\u4fe1\u91d1","2892         \u7b2c\u4e00\u91d1","5880         \u5408\u5eab\u91d1","2881         \u5bcc\u90a6\u91d1","2885         \u5143\u5927\u91d1","2887         \u53f0\u65b0\u91d1"],"zmin":-1,"zmax":1,"colorbar":{"x":-0.2}}],"layout":{"autotypenumbers":"strict","colorway":["#636efa","#EF553B","#00cc96","#ab63fa","#FFA15A","#19d3f3","#FF6692","#B6E880","#FF97FF","#FECB52"],"font":{"color":"#f2f5fa","family":"Courier New"},"hovermode":"closest","hoverlabel":{"align":"left"},"paper_bgcolor":"rgb(17,17,17)","plot_bgcolor":"rgb(17,17,17)","polar":{"bgcolor":"rgb(17,17,17)","angularaxis":{"gridcolor":"#506784","linecolor":"#506784","ticks":""},"radialaxis":{"gridcolor":"#506784","linecolor":"#506784","ticks":""}},"ternary":{"bgcolor":"rgb(17,17,17)","aaxis":{"gridcolor":"#506784","linecolor":"#506784","ticks":""},"baxis":{"gridcolor":"#506784","linecolor":"#506784","ticks":""},"caxis":{"gridcolor":"#506784","linecolor":"#506784","ticks":""}},"coloraxis":{"colorbar":{"outlinewidth":0,"ticks":""}},"colorscale":{"sequential":[[0.0,"#0d0887"],[0.1111111111111111,"#46039f"],[0.2222222222222222,"#7201a8"],[0.3333333333333333,"#9c179e"],[0.4444444444444444,"#bd3786"],[0.5555555555555556,"#d8576b"],[0.6666666666666666,"#ed7953"],[0.7777777777777778,"#fb9f3a"],[0.8888888888888888,"#fdca26"],[1.0,"#f0f921"]],"sequentialminus":[[0.0,"#0d0887"],[0.1111111111111111,"#46039f"],[0.2222222222222222,"#7201a8"],[0.3333333333333333,"#9c179e"],[0.4444444444444444,"#bd3786"],[0.5555555555555556,"#d8576b"],[0.6666666666666666,"#ed7953"],[0.7777777777777778,"#fb9f3a"],[0.8888888888888888,"#fdca26"],[1.0,"#f0f921"]],"diverging":[[0,"#8e0152"],[0.1,"#c51b7d"],[0.2,"#de77ae"],[0.3,"#f1b6da"],[0.4,"#fde0ef"],[0.5,"#f7f7f7"],[0.6,"#e6f5d0"],[0.7,"#b8e186"],[0.8,"#7fbc41"],[0.9,"#4d9221"],[1,"#276419"]]},"xaxis":{"gridcolor":"rgba(0, 0, 0, 0)","linecolor":"#506784","ticks":"","title":{"standoff":15},"zerolinecolor":"#283442","automargin":true,"zerolinewidth":2,"tickfont":{"family":"Courier New","size":14},"side":"top","tickangle":-90},"yaxis":{"gridcolor":"rgba(0, 0, 0, 0)","linecolor":"#506784","ticks":"","title":{"standoff":15},"zerolinecolor":"#283442","automargin":true,"zerolinewidth":2,"tickfont":{"family":"Courier New"},"side":"right"},"scene":{"xaxis":{"backgroundcolor":"rgb(17,17,17)","gridcolor":"#506784","linecolor":"#506784","showbackground":true,"ticks":"","zerolinecolor":"#C8D4E3","gridwidth":2},"yaxis":{"backgroundcolor":"rgb(17,17,17)","gridcolor":"#506784","linecolor":"#506784","showbackground":true,"ticks":"","zerolinecolor":"#C8D4E3","gridwidth":2},"zaxis":{"backgroundcolor":"rgb(17,17,17)","gridcolor":"#506784","linecolor":"#506784","showbackground":true,"ticks":"","zerolinecolor":"#C8D4E3","gridwidth":2}},"shapedefaults":{"line":{"color":"#f2f5fa"}},"annotationdefaults":{"arrowcolor":"#f2f5fa","arrowhead":0,"arrowwidth":1},"geo":{"bgcolor":"rgb(17,17,17)","landcolor":"rgb(17,17,17)","subunitcolor":"#506784","showland":true,"showlakes":true,"lakecolor":"rgb(17,17,17)"},"title":{"x":0.05,"font":{"family":"Times New Roman"},"y":0.05,"text":"<b>Correlation of Adj Close<b><br><i>2016-09-23 ~ 2025-12-19<i>"},"updatemenudefaults":{"bgcolor":"#506784","borderwidth":0},"sliderdefaults":{"bgcolor":"#C8D4E3","borderwidth":1,"bordercolor":"rgb(17,17,17)","tickwidth":0},"mapbox":{"style":"dark"},"annotations":[{"text":"<b>@zwindr<b>","textangle":0,"opacity":0.5,"font":{"color":"white","size":12},"xref":"paper","yref":"paper","xanchor":"left","yanchor":"bottom","x":1.0,"y":1.0,"showarrow":false}]},"config":{"responsive":true,"toImageButtonOptions":{"filename":"Correlation of Adj Close_2016-09-23~2025-12-19","scale":5}}};Plotly.newPlot("correlationAdjClose",correlationAdjClose.data,correlationAdjClose.layout||{},correlationAdjClose.config);}else{console.log("style display is none => correlationAdjClose");}