var element=document.getElementById("correlationAdjClose");if(element.style.display!='none'){var correlationAdjClose={"data":[{"type":"heatmap","z":[[1.0,0.9947934813733228,0.9756718567630197,0.9971717719871673,0.95755067472376,0.9833538213227122,0.9511750196372768,0.9894665861893496,0.9741373214631726,0.9973181738021314,0.9967447328479779,0.9972217236528568,0.9932431156476027,0.9941531357137285,0.9967992424308314,0.9850563649855472,0.9997070770211137,0.989334939521125,0.9004067642479177,0.9198894457736227,0.702857003495624,0.984826491821825,0.9307198519661076,0.37671668902269007,-0.29972821767041796,0.8986858611526694,0.9332942076829045,0.9592889087364319,0.9784577781789958,0.9652202133266896,0.9781850006557702,0.9715893650577044,0.9421105552504413,0.9820502781906476,0.973950134548326,0.9554711248161146],[0.9947934813733228,1.0,0.9716325675601014,0.9916236895919455,0.953270647200227,0.9793609279180149,0.9469857644258365,0.9815275130996391,0.9681051593345351,0.9929301937708329,0.9948937250494773,0.9943573852344003,0.9923145734558815,0.992074403727027,0.9949162796296351,0.9799243034737023,0.9971549470154947,0.9838427955723559,0.9219289740910824,0.9098146946403693,0.7208889835865762,0.9686282504609585,0.9133116977701745,0.3768260954399762,-0.22984316470502744,0.8760885934925761,0.92647483748605,0.9585480053602059,0.9586868920455359,0.9526828931017378,0.9689801405179979,0.9575423387825747,0.9409814242320718,0.972245189202029,0.9650280147964456,0.9502482149149902],[0.9756718567630197,0.9716325675601014,1.0,0.9842656552361676,0.9946910861006487,0.9739048471091243,0.9773952914127402,0.9629588762750192,0.9804335088707367,0.9839309882035255,0.9906132679020484,0.9872927266196219,0.9969896371110447,0.9967741555032985,0.9903687661438114,0.9716314054724108,0.9858381864784441,0.9625708451378968,0.8656354453876642,0.8250222316144917,0.5775814293628002,0.9917751666007267,0.9289040409266718,0.2053725296962365,-0.22370382374015874,0.8870834938893573,0.9394746391400841,0.9739104553591094,0.9223807353985155,0.9099970063319824,0.9659636579390134,0.9146931563869712,0.8922691994016889,0.9643104148882485,0.971597918855056,0.917410889278349],[0.9971717719871673,0.9916236895919455,0.9842656552361676,1.0,0.9729996969696806,0.9749634281723952,0.9477464636415456,0.9816624238469956,0.9710132341196313,0.9999687112065632,0.9999912976209391,0.9999616984628564,0.9929883944583202,0.9914566159104754,0.9999487491689973,0.9739229003502339,0.9957128425234885,0.9812332489267447,0.8848587959402511,0.9028558112540411,0.6662812831768753,0.9938143521532792,0.93499263816243,0.34534146525573406,-0.2891710648521843,0.8914858495270108,0.9419574998294834,0.9636471182686732,0.9666978065566176,0.9598437351603087,0.9801979663985367,0.9595117449557203,0.9272612943709926,0.9790609846658662,0.9719147209115551,0.9447934291481876],[0.95755067472376,0.953270647200227,0.9946910861006487,0.9729996969696806,1.0,0.947307771760649,0.9564351930811243,0.9390404144346243,0.9614532171670124,0.9730459241151538,0.9823174190648554,0.9784622333215378,0.9836604953461369,0.9805481394176309,0.9819018733325353,0.9435847856503595,0.9680336613289895,0.9383523863587097,0.834666179557699,0.7956534205494703,0.5297547073921655,0.9874115022858577,0.9239290494476425,0.17134045278832225,-0.21335607576860058,0.8553683579484902,0.9433545649293953,0.9618985358895367,0.8931837827399005,0.8877641941117828,0.9542274598999757,0.8851038318895112,0.8560045707934384,0.9467495074719587,0.9531168609367959,0.8861579359763412],[0.9833538213227122,0.9793609279180149,0.9739048471091243,0.9749634281723952,0.947307771760649,1.0,0.9829532388075983,0.982462482168423,0.9821394379151024,0.9743750281141152,0.9692609696324334,0.9725650370908963,0.9740699292671091,0.9715855585609237,0.9691869914116553,0.9999013882135055,0.9868140237545489,0.9834051628830708,0.9024813647545049,0.8701566293257955,0.6719270507436653,0.9669827239717083,0.9016056114501726,0.25122702360147314,-0.21942598284050505,0.9328456846797305,0.906600407948547,0.9636292130361307,0.9599480122602302,0.9339446246287885,0.9567887880472012,0.9548790489762589,0.9534768010076428,0.9617808936982496,0.9790259604548931,0.9574136142725159],[0.9511750196372768,0.9469857644258365,0.9773952914127402,0.9477464636415456,0.9564351930811243,0.9829532388075983,1.0,0.9550007290858286,0.9851444966375492,0.9463447085291303,0.9569748307434108,0.9532970596724447,0.9764685287913774,0.977240751531938,0.956696249061444,0.9843441812397432,0.9699597660735121,0.9575602576091639,0.8690164804982057,0.7887313537953012,0.5650748908973224,0.9517429333199964,0.9013030090178699,0.11002565077472148,-0.15747415206536536,0.8966308766313513,0.8955941250074787,0.9609437456835082,0.9044672149603848,0.8707121654626058,0.9357512438213255,0.8974097515186443,0.9062467501065923,0.9344978772803282,0.9680213177663054,0.9128582759352905],[0.9894665861893496,0.9815275130996391,0.9629588762750192,0.9816624238469956,0.9390404144346243,0.982462482168423,0.9550007290858286,1.0,0.9835714815447164,0.9816299403264594,0.9770890971622324,0.9805318546126597,0.9720770508485285,0.971123137009947,0.9772132690953964,0.98425295530265,0.9873931609963266,0.9998806969882107,0.9279300860776828,0.9284135020658865,0.6390220734174086,0.9695243771650279,0.8992073450864653,0.23020563412842115,-0.3104941568873822,0.9059123197184413,0.8898998768760771,0.9435862859656997,0.9791283308266742,0.9564923813629658,0.9692749763424141,0.965641149723807,0.9372545035642715,0.963130220151824,0.9612116542642056,0.9671920827067878],[0.9741373214631726,0.9681051593345351,0.9804335088707367,0.9710132341196313,0.9614532171670124,0.9821394379151024,0.9851444966375492,0.9835714815447164,1.0,0.9702367173648149,0.9668679902852482,0.969142560862516,0.9731187312909099,0.9700534528117997,0.9667266401981361,0.9811666560086054,0.9741368015128182,0.9829227854997117,0.9033412574765184,0.8603554989793317,0.5588973381975528,0.9692301490605718,0.9156851066789841,0.08864181473475898,-0.23233721856936357,0.8844492352108535,0.8907856177190139,0.964155455368984,0.937349239577431,0.904421390809478,0.9615044654978108,0.9224507319640788,0.9039809356454331,0.9520724919619594,0.9731644975952431,0.927038147292663],[0.9973181738021314,0.9929301937708329,0.9839309882035255,0.9999687112065632,0.9730459241151538,0.9743750281141152,0.9463447085291303,0.9816299403264594,0.9702367173648149,1.0,0.9999897553169066,0.9999830210632523,0.9928706019026207,0.991314225834334,0.9999540212949404,0.9733443599972611,0.9955855964130863,0.9812974381373111,0.8867034954184906,0.9040108285886528,0.6642704879260926,0.9940083367301596,0.9348362828559968,0.3504817917874294,-0.28859214341806894,0.8923300468158801,0.9402163311841368,0.9621922538274028,0.9664361293429764,0.9590447539753681,0.9792163339023123,0.9589118488738919,0.9258420194153433,0.978267119046075,0.9707529689741325,0.9432303772465447],[0.9967447328479779,0.9948937250494773,0.9906132679020484,0.9999912976209391,0.9823174190648554,0.9692609696324334,0.9569748307434108,0.9770890971622324,0.9668679902852482,0.9999897553169066,1.0,0.9999735001767248,0.9930145961847313,0.9914546763655776,0.9999568360671374,0.9691026137853334,0.9953648939913294,0.9777733821408381,0.9101345247536293,0.9309554051234913,0.5528411081662261,0.997227362536591,0.9186771292158603,-0.12869615312696486,0.3963184918773795,0.894050500029661,0.9095871941049389,0.9661058895913291,0.9575924899646686,0.9422245327161076,0.9705004308366534,0.9390430890966601,0.9058360125277658,0.9686689745820606,0.9805930551261897,0.9391567135695345],[0.9972217236528568,0.9943573852344003,0.9872927266196219,0.9999616984628564,0.9784622333215378,0.9725650370908963,0.9532970596724447,0.9805318546126597,0.969142560862516,0.9999830210632523,0.9999735001767248,1.0,0.9928823047621651,0.9912932509301053,0.9999649007376183,0.972489596850836,0.9954875672349137,0.980766961210262,0.8944421586627478,0.9204499817551758,0.6140728879860454,0.9962190009579867,0.9310636776035601,0.08668441791963495,-0.19349291176993966,0.9072794898862924,0.9256302885084786,0.9581374891168337,0.9607333283810554,0.9502541501874202,0.9756358619923255,0.9499188895411551,0.922487090243239,0.9745371832654418,0.9704193288970686,0.9478175806208791],[0.9932431156476027,0.9923145734558815,0.9969896371110447,0.9929883944583202,0.9836604953461369,0.9740699292671091,0.9764685287913774,0.9720770508485285,0.9731187312909099,0.9928706019026207,0.9930145961847313,0.9928823047621651,1.0,0.9997503251379244,0.9930144059567751,0.9740004405992073,0.9932669358591488,0.9729265087004921,0.9033736775976646,0.917835555420104,0.4818839075133986,0.9886945760205823,0.9143720220936369,-0.39790654681390414,0.413289672531833,0.8780810420207188,0.9065564770749672,0.971076311971837,0.9409990530674905,0.9097010559898662,0.9541960729260166,0.9159646844024921,0.8750595952258328,0.9662742662247906,0.9778488388281891,0.9315966488613249],[0.9941531357137285,0.992074403727027,0.9967741555032985,0.9914566159104754,0.9805481394176309,0.9715855585609237,0.977240751531938,0.971123137009947,0.9700534528117997,0.991314225834334,0.9914546763655776,0.9912932509301053,0.9997503251379244,1.0,0.9915795654745327,0.9714354907283533,0.9939978777866105,0.972162461102673,0.8889297038473534,0.9270856676802995,0.34570544131479064,0.9846386539338924,0.907395432094546,-0.7489310603487778,0.3849907563900158,0.8462486852333214,0.9027287059299576,0.968122578628396,0.9345937660250387,0.8969724423392131,0.9471835896342781,0.9160415930915923,0.8532840952381283,0.9672535557665708,0.9758814589222798,0.925211876961065],[0.9967992424308314,0.9949162796296351,0.9903687661438114,0.9999487491689973,0.9819018733325353,0.9691869914116553,0.956696249061444,0.9772132690953964,0.9667266401981361,0.9999540212949404,0.9999568360671374,0.9999649007376183,0.9930144059567751,0.9915795654745327,1.0,0.9690844386462405,0.995411519566286,0.9778657010035581,0.910327034009743,0.9315149846136345,0.5526097423298195,0.9970545719177868,0.9188107112630255,-0.12614283176461472,0.3960506651962874,0.8939027042792496,0.9083849303561964,0.9653840291094586,0.9577804519580261,0.942523358777214,0.9704605087098771,0.9395413289397049,0.9062960303761264,0.9686334549852792,0.9805124540369943,0.9396851319364691],[0.9850563649855472,0.9799243034737023,0.9716314054724108,0.9739229003502339,0.9435847856503595,0.9999013882135055,0.9843441812397432,0.98425295530265,0.9811666560086054,0.9733443599972611,0.9691026137853334,0.972489596850836,0.9740004405992073,0.9714354907283533,0.9690844386462405,1.0,0.986923532043297,0.9835763906780519,0.9053365543013935,0.8939133579430448,0.66352309156992,0.9646710385353722,0.8959182500525226,0.10852741861573495,-0.19810345096029974,0.9403054780293184,0.8958202321131682,0.9605812106615997,0.9633232810001091,0.9311625907833508,0.9533626652902656,0.9559969790786351,0.9526483704456649,0.9639339133406503,0.9783708943082269,0.9617484678796863],[0.9997070770211137,0.9971549470154947,0.9858381864784441,0.9957128425234885,0.9680336613289895,0.9868140237545489,0.9699597660735121,0.9873931609963266,0.9741368015128182,0.9955855964130863,0.9953648939913294,0.9954875672349137,0.9932669358591488,0.9939978777866105,0.995411519566286,0.986923532043297,1.0,0.9880214690520698,0.9270099160054488,0.9398168409366865,0.607569713690013,0.9882742744858187,0.9107264830198691,-0.06805568188162821,0.42215421538837866,0.9213492809753239,0.9018516812217752,0.9669657703151128,0.9733990856413388,0.9498629894321394,0.9687529415028029,0.9570183329197925,0.9352583170782824,0.9750025959711472,0.9862211265659343,0.9629037641968863],[0.989334939521125,0.9838427955723559,0.9625708451378968,0.9812332489267447,0.9383523863587097,0.9834051628830708,0.9575602576091639,0.9998806969882107,0.9829227854997117,0.9812974381373111,0.9777733821408381,0.980766961210262,0.9729265087004921,0.972162461102673,0.9778657010035581,0.9835763906780519,0.9880214690520698,1.0,0.9308463158725842,0.9346185182433079,0.6364166002850741,0.9681512238889959,0.9030221021608634,0.19460954497920915,-0.29202633269465156,0.9108524405907744,0.8851907201517779,0.9435487419503157,0.9796017449853415,0.9558938856316556,0.9677469022899798,0.9642928183362627,0.9370089310807124,0.9623964913740802,0.9592767166236519,0.9683497176985467],[0.9004067642479177,0.9219289740910824,0.8656354453876642,0.8848587959402511,0.834666179557699,0.9024813647545049,0.8690164804982057,0.9279300860776828,0.9033412574765184,0.8867034954184906,0.9101345247536293,0.8944421586627478,0.9033736775976646,0.8889297038473534,0.910327034009743,0.9053365543013935,0.9270099160054488,0.9308463158725842,1.0,0.8259619906811005,0.7018816284895079,0.8575412615536739,0.8083151268592682,0.2703406878935367,-0.16327185083898463,0.8556061038365793,0.7657674810576791,0.8546619643215094,0.8910285389660849,0.8570873426267203,0.8567236025595072,0.8698794828372176,0.8558365566856687,0.8551108676893319,0.8769450555874186,0.8948616659004872],[0.9198894457736227,0.9098146946403693,0.8250222316144917,0.9028558112540411,0.7956534205494703,0.8701566293257955,0.7887313537953012,0.9284135020658865,0.8603554989793317,0.9040108285886528,0.9309554051234913,0.9204499817551758,0.917835555420104,0.9270856676802995,0.9315149846136345,0.8939133579430448,0.9398168409366865,0.9346185182433079,0.8259619906811005,1.0,0.8282779137576791,0.8535958829243934,0.8683829711476108,0.6428205900038245,-0.5262208518858577,0.712532333768695,0.8445036356791796,0.8112849801109636,0.9591209789222359,0.9374871718591717,0.9002430331376107,0.9464714722784539,0.8993579955116641,0.9005747848158966,0.8511251467717528,0.8852639395789954],[0.702857003495624,0.7208889835865762,0.5775814293628002,0.6662812831768753,0.5297547073921655,0.6719270507436653,0.5650748908973224,0.6390220734174086,0.5588973381975528,0.6642704879260926,0.5528411081662261,0.6140728879860454,0.4818839075133986,0.34570544131479064,0.5526097423298195,0.66352309156992,0.607569713690013,0.6364166002850741,0.7018816284895079,0.8282779137576791,1.0,0.5939513344827376,0.7011434065938673,0.7249510657580602,-0.11650036952616913,0.5358449044412124,0.6251885784591408,0.6130386965410091,0.7747109515386414,0.7058356241257893,0.6315055746730284,0.7419317415456896,0.754744842411648,0.6699237887196166,0.6368565732830066,0.6852545397429585],[0.984826491821825,0.9686282504609585,0.9917751666007267,0.9938143521532792,0.9874115022858577,0.9669827239717083,0.9517429333199964,0.9695243771650279,0.9692301490605718,0.9940083367301596,0.997227362536591,0.9962190009579867,0.9886945760205823,0.9846386539338924,0.9970545719177868,0.9646710385353722,0.9882742744858187,0.9681512238889959,0.8575412615536739,0.8535958829243934,0.5939513344827376,1.0,0.912085207370539,0.2719936655564908,-0.28113804204794635,0.8744552076748484,0.9425632634133814,0.9688228229776398,0.9339901275446059,0.940845343797341,0.9718365112420011,0.9359123581594041,0.8998106039091945,0.9683275336339331,0.9571439503819217,0.9245300361689115],[0.9307198519661076,0.9133116977701745,0.9289040409266718,0.93499263816243,0.9239290494476425,0.9016056114501726,0.9013030090178699,0.8992073450864653,0.9156851066789841,0.9348362828559968,0.9186771292158603,0.9310636776035601,0.9143720220936369,0.907395432094546,0.9188107112630255,0.8959182500525226,0.9107264830198691,0.9030221021608634,0.8083151268592682,0.8683829711476108,0.7011434065938673,0.912085207370539,1.0,0.3113657710249073,-0.1892927294464763,0.7113113959098291,0.9126478676988955,0.8964814365320257,0.8980551769041804,0.8558877102031581,0.9321738638219332,0.8710110681926497,0.8396398655105074,0.9275158902725886,0.879993454361782,0.8542580272710789],[0.37671668902269007,0.3768260954399762,0.2053725296962365,0.34534146525573406,0.17134045278832225,0.25122702360147314,0.11002565077472148,0.23020563412842115,0.08864181473475898,0.3504817917874294,-0.12869615312696486,0.08668441791963495,-0.39790654681390414,-0.7489310603487778,-0.12614283176461472,0.10852741861573495,-0.06805568188162821,0.19460954497920915,0.2703406878935367,0.6428205900038245,0.7249510657580602,0.2719936655564908,0.3113657710249073,1.0,-0.3827891522244473,0.2671890818000999,0.2705942792281664,0.1777660205682657,0.46867407020194707,0.4621416444339901,0.3126911185817912,0.4844018606108984,0.4087518361579938,0.3387850444823004,0.2611234110392116,0.3776733432943239],[-0.29972821767041796,-0.22984316470502744,-0.22370382374015874,-0.2891710648521843,-0.21335607576860058,-0.21942598284050505,-0.15747415206536536,-0.3104941568873822,-0.23233721856936357,-0.28859214341806894,0.3963184918773795,-0.19349291176993966,0.413289672531833,0.3849907563900158,0.3960506651962874,-0.19810345096029974,0.42215421538837866,-0.29202633269465156,-0.16327185083898463,-0.5262208518858577,-0.11650036952616913,-0.28113804204794635,-0.1892927294464763,-0.3827891522244473,1.0,-0.1549019474125819,-0.2813040543421323,-0.18189234893519163,-0.3870961616249802,-0.3763011693591209,-0.3198467228079453,-0.3449172961819381,-0.20853028478471017,-0.34531121720591146,-0.18374907338568702,-0.31708379978190654],[0.8986858611526694,0.8760885934925761,0.8870834938893573,0.8914858495270108,0.8553683579484902,0.9328456846797305,0.8966308766313513,0.9059123197184413,0.8844492352108535,0.8923300468158801,0.894050500029661,0.9072794898862924,0.8780810420207188,0.8462486852333214,0.8939027042792496,0.9403054780293184,0.9213492809753239,0.9108524405907744,0.8556061038365793,0.712532333768695,0.5358449044412124,0.8744552076748484,0.7113113959098291,0.2671890818000999,-0.1549019474125819,1.0,0.7775768484936554,0.8851938700354394,0.8195203784679657,0.8637188948661131,0.8290172673658758,0.8716023386134494,0.867090983309617,0.8596341351196358,0.8684706002336231,0.898482886645891],[0.9332942076829045,0.92647483748605,0.9394746391400841,0.9419574998294834,0.9433545649293953,0.906600407948547,0.8955941250074787,0.8898998768760771,0.8907856177190139,0.9402163311841368,0.9095871941049389,0.9256302885084786,0.9065564770749672,0.9027287059299576,0.9083849303561964,0.8958202321131682,0.9018516812217752,0.8851907201517779,0.7657674810576791,0.8445036356791796,0.6251885784591408,0.9425632634133814,0.9126478676988955,0.2705942792281664,-0.2813040543421323,0.7775768484936554,1.0,0.8980266874229742,0.8968480528999231,0.8823997625645341,0.9172882278857395,0.8822438104578344,0.846807646694812,0.9214057700020375,0.8981898675503907,0.8674807280208239],[0.9592889087364319,0.9585480053602059,0.9739104553591094,0.9636471182686732,0.9618985358895367,0.9636292130361307,0.9609437456835082,0.9435862859656997,0.964155455368984,0.9621922538274028,0.9661058895913291,0.9581374891168337,0.971076311971837,0.968122578628396,0.9653840291094586,0.9605812106615997,0.9669657703151128,0.9435487419503157,0.8546619643215094,0.8112849801109636,0.6130386965410091,0.9688228229776398,0.8964814365320257,0.1777660205682657,-0.18189234893519163,0.8851938700354394,0.8980266874229742,1.0,0.9101307722036367,0.8928140396861379,0.9445529220950634,0.8933562191092009,0.8872917456177828,0.9498891134925916,0.973576352386585,0.8915960129770895],[0.9784577781789958,0.9586868920455359,0.9223807353985155,0.9666978065566176,0.8931837827399005,0.9599480122602302,0.9044672149603848,0.9791283308266742,0.937349239577431,0.9664361293429764,0.9575924899646686,0.9607333283810554,0.9409990530674905,0.9345937660250387,0.9577804519580261,0.9633232810001091,0.9733990856413388,0.9796017449853415,0.8910285389660849,0.9591209789222359,0.7747109515386414,0.9339901275446059,0.8980551769041804,0.46867407020194707,-0.3870961616249802,0.8195203784679657,0.8968480528999231,0.9101307722036367,1.0,0.9863693002603183,0.9635282520617945,0.9904885616805507,0.9528669887128766,0.9601204804467824,0.9162187930072291,0.9683070651605108],[0.9652202133266896,0.9526828931017378,0.9099970063319824,0.9598437351603087,0.8877641941117828,0.9339446246287885,0.8707121654626058,0.9564923813629658,0.904421390809478,0.9590447539753681,0.9422245327161076,0.9502541501874202,0.9097010559898662,0.8969724423392131,0.942523358777214,0.9311625907833508,0.9498629894321394,0.9558938856316556,0.8570873426267203,0.9374871718591717,0.7058356241257893,0.940845343797341,0.8558877102031581,0.4621416444339901,-0.3763011693591209,0.8637188948661131,0.8823997625645341,0.8928140396861379,0.9863693002603183,1.0,0.9518807044793959,0.9841095341626199,0.9556832682254778,0.9398725814700523,0.9241072078726704,0.9633668067990735],[0.9781850006557702,0.9689801405179979,0.9659636579390134,0.9801979663985367,0.9542274598999757,0.9567887880472012,0.9357512438213255,0.9692749763424141,0.9615044654978108,0.9792163339023123,0.9705004308366534,0.9756358619923255,0.9541960729260166,0.9471835896342781,0.9704605087098771,0.9533626652902656,0.9687529415028029,0.9677469022899798,0.8567236025595072,0.9002430331376107,0.6315055746730284,0.9718365112420011,0.9321738638219332,0.3126911185817912,-0.3198467228079453,0.8290172673658758,0.9172882278857395,0.9445529220950634,0.9635282520617945,0.9518807044793959,1.0,0.9531416238493561,0.9139625591596956,0.9778128548940296,0.9614938247679423,0.9430049889139552],[0.9715893650577044,0.9575423387825747,0.9146931563869712,0.9595117449557203,0.8851038318895112,0.9548790489762589,0.8974097515186443,0.965641149723807,0.9224507319640788,0.9589118488738919,0.9390430890966601,0.9499188895411551,0.9159646844024921,0.9160415930915923,0.9395413289397049,0.9559969790786351,0.9570183329197925,0.9642928183362627,0.8698794828372176,0.9464714722784539,0.7419317415456896,0.9359123581594041,0.8710110681926497,0.4844018606108984,-0.3449172961819381,0.8716023386134494,0.8822438104578344,0.8933562191092009,0.9904885616805507,0.9841095341626199,0.9531416238493561,1.0,0.9738375573609886,0.9463546627699594,0.939416292116622,0.9641947385642572],[0.9421105552504413,0.9409814242320718,0.8922691994016889,0.9272612943709926,0.8560045707934384,0.9534768010076428,0.9062467501065923,0.9372545035642715,0.9039809356454331,0.9258420194153433,0.9058360125277658,0.922487090243239,0.8750595952258328,0.8532840952381283,0.9062960303761264,0.9526483704456649,0.9352583170782824,0.9370089310807124,0.8558365566856687,0.8993579955116641,0.754744842411648,0.8998106039091945,0.8396398655105074,0.4087518361579938,-0.20853028478471017,0.867090983309617,0.846807646694812,0.8872917456177828,0.9528669887128766,0.9556832682254778,0.9139625591596956,0.9738375573609886,1.0,0.9072843394858304,0.9308267099994108,0.9542447655090618],[0.9820502781906476,0.972245189202029,0.9643104148882485,0.9790609846658662,0.9467495074719587,0.9617808936982496,0.9344978772803282,0.963130220151824,0.9520724919619594,0.978267119046075,0.9686689745820606,0.9745371832654418,0.9662742662247906,0.9672535557665708,0.9686334549852792,0.9639339133406503,0.9750025959711472,0.9623964913740802,0.8551108676893319,0.9005747848158966,0.6699237887196166,0.9683275336339331,0.9275158902725886,0.3387850444823004,-0.34531121720591146,0.8596341351196358,0.9214057700020375,0.9498891134925916,0.9601204804467824,0.9398725814700523,0.9778128548940296,0.9463546627699594,0.9072843394858304,1.0,0.9584600922209414,0.9434794822031553],[0.973950134548326,0.9650280147964456,0.971597918855056,0.9719147209115551,0.9531168609367959,0.9790259604548931,0.9680213177663054,0.9612116542642056,0.9731644975952431,0.9707529689741325,0.9805930551261897,0.9704193288970686,0.9778488388281891,0.9758814589222798,0.9805124540369943,0.9783708943082269,0.9862211265659343,0.9592767166236519,0.8769450555874186,0.8511251467717528,0.6368565732830066,0.9571439503819217,0.879993454361782,0.2611234110392116,-0.18374907338568702,0.8684706002336231,0.8981898675503907,0.973576352386585,0.9162187930072291,0.9241072078726704,0.9614938247679423,0.939416292116622,0.9308267099994108,0.9584600922209414,1.0,0.9218537736972302],[0.9554711248161146,0.9502482149149902,0.917410889278349,0.9447934291481876,0.8861579359763412,0.9574136142725159,0.9128582759352905,0.9671920827067878,0.927038147292663,0.9432303772465447,0.9391567135695345,0.9478175806208791,0.9315966488613249,0.925211876961065,0.9396851319364691,0.9617484678796863,0.9629037641968863,0.9683497176985467,0.8948616659004872,0.8852639395789954,0.6852545397429585,0.9245300361689115,0.8542580272710789,0.3776733432943239,-0.31708379978190654,0.898482886645891,0.8674807280208239,0.8915960129770895,0.9683070651605108,0.9633668067990735,0.9430049889139552,0.9641947385642572,0.9542447655090618,0.9434794822031553,0.9218537736972302,1.0]],"x":["^TAIEX       \u81fa\u7063\u52a0\u6b0a\u5831\u916c\u6307\u6578","^TWII        \u81fa\u7063\u52a0\u6b0a\u6307\u6578","^TAIEXx2     \u81fa\u7063\u52a0\u6b0a\u5831\u916c\u6307\u6578_\u65e5\u6b632","^TAI50I      \u81fa\u706350\u5831\u916c\u6307\u6578","^TAI50Ix2    \u81fa\u706350\u5831\u916c\u6307\u6578_\u65e5\u6b632","^TAI100I     \u81fa\u7063\u4e2d\u578b100\u5831\u916c\u6307\u6578","^TAI100Ix2   \u81fa\u7063\u4e2d\u578b100\u5831\u916c\u6307\u6578_\u65e5\u6b632","^TAIDIVIDI   \u81fa\u7063\u9ad8\u80a1\u606f\u5831\u916c\u6307\u6578","^TAIDIVIDIx2 \u81fa\u7063\u9ad8\u80a1\u606f\u5831\u916c\u6307\u6578_\u65e5\u6b632","0050Fund     \u5143\u5927\u53f0\u7063\u5353\u8d8a50\u57fa\u91d1","006208Fund   \u5bcc\u90a6\u53f0\u7063\u91c6\u540950\u57fa\u91d1","0050         \u5143\u5927\u81fa\u706350","00631L       \u5143\u5927\u53f0\u706350\u6b632","00675L       \u5bcc\u90a6\u81fa\u7063\u52a0\u6b0a\u6b632","006208       \u5bcc\u90a6\u53f050","0051         \u5143\u5927\u4e2d\u578b100","006204       \u6c38\u8c50\u81fa\u7063\u52a0\u6b0a","0056         \u5143\u5927\u9ad8\u80a1\u606f","0056         \u5143\u5927\u9ad8\u80a1\u606f_\u80a1\u606f\u4e0d\u6295\u5165","2412         \u4e2d\u83ef\u96fb\u4fe1","2002         \u4e2d\u92fc","2330         \u53f0\u7a4d\u96fb","2317         \u9d3b\u6d77","6505         \u53f0\u5851\u77f3\u5316","3481         \u7fa4\u5275","2303         \u806f\u96fb","2308         \u53f0\u9054\u96fb","2454         \u806f\u767c\u79d1","2886         \u5146\u8c50\u91d1","2884         \u7389\u5c71\u91d1","2891         \u4e2d\u4fe1\u91d1","2892         \u7b2c\u4e00\u91d1","5880         \u5408\u5eab\u91d1","2881         \u5bcc\u90a6\u91d1","2885         \u5143\u5927\u91d1","2887         \u53f0\u65b0\u91d1"],"y":["^TAIEX       \u81fa\u7063\u52a0\u6b0a\u5831\u916c\u6307\u6578","^TWII        \u81fa\u7063\u52a0\u6b0a\u6307\u6578","^TAIEXx2     \u81fa\u7063\u52a0\u6b0a\u5831\u916c\u6307\u6578_\u65e5\u6b632","^TAI50I      \u81fa\u706350\u5831\u916c\u6307\u6578","^TAI50Ix2    \u81fa\u706350\u5831\u916c\u6307\u6578_\u65e5\u6b632","^TAI100I     \u81fa\u7063\u4e2d\u578b100\u5831\u916c\u6307\u6578","^TAI100Ix2   \u81fa\u7063\u4e2d\u578b100\u5831\u916c\u6307\u6578_\u65e5\u6b632","^TAIDIVIDI   \u81fa\u7063\u9ad8\u80a1\u606f\u5831\u916c\u6307\u6578","^TAIDIVIDIx2 \u81fa\u7063\u9ad8\u80a1\u606f\u5831\u916c\u6307\u6578_\u65e5\u6b632","0050Fund     \u5143\u5927\u53f0\u7063\u5353\u8d8a50\u57fa\u91d1","006208Fund   \u5bcc\u90a6\u53f0\u7063\u91c6\u540950\u57fa\u91d1","0050         \u5143\u5927\u81fa\u706350","00631L       \u5143\u5927\u53f0\u706350\u6b632","00675L       \u5bcc\u90a6\u81fa\u7063\u52a0\u6b0a\u6b632","006208       \u5bcc\u90a6\u53f050","0051         \u5143\u5927\u4e2d\u578b100","006204       \u6c38\u8c50\u81fa\u7063\u52a0\u6b0a","0056         \u5143\u5927\u9ad8\u80a1\u606f","0056         \u5143\u5927\u9ad8\u80a1\u606f_\u80a1\u606f\u4e0d\u6295\u5165","2412         \u4e2d\u83ef\u96fb\u4fe1","2002         \u4e2d\u92fc","2330         \u53f0\u7a4d\u96fb","2317         \u9d3b\u6d77","6505         \u53f0\u5851\u77f3\u5316","3481         \u7fa4\u5275","2303         \u806f\u96fb","2308         \u53f0\u9054\u96fb","2454         \u806f\u767c\u79d1","2886         \u5146\u8c50\u91d1","2884         \u7389\u5c71\u91d1","2891         \u4e2d\u4fe1\u91d1","2892         \u7b2c\u4e00\u91d1","5880         \u5408\u5eab\u91d1","2881         \u5bcc\u90a6\u91d1","2885         \u5143\u5927\u91d1","2887         \u53f0\u65b0\u91d1"],"zmin":-1,"zmax":1,"colorbar":{"x":-0.2}}],"layout":{"autotypenumbers":"strict","colorway":["#636efa","#EF553B","#00cc96","#ab63fa","#FFA15A","#19d3f3","#FF6692","#B6E880","#FF97FF","#FECB52"],"font":{"color":"#f2f5fa","family":"Courier New"},"hovermode":"closest","hoverlabel":{"align":"left"},"paper_bgcolor":"rgb(17,17,17)","plot_bgcolor":"rgb(17,17,17)","polar":{"bgcolor":"rgb(17,17,17)","angularaxis":{"gridcolor":"#506784","linecolor":"#506784","ticks":""},"radialaxis":{"gridcolor":"#506784","linecolor":"#506784","ticks":""}},"ternary":{"bgcolor":"rgb(17,17,17)","aaxis":{"gridcolor":"#506784","linecolor":"#506784","ticks":""},"baxis":{"gridcolor":"#506784","linecolor":"#506784","ticks":""},"caxis":{"gridcolor":"#506784","linecolor":"#506784","ticks":""}},"coloraxis":{"colorbar":{"outlinewidth":0,"ticks":""}},"colorscale":{"sequential":[[0.0,"#0d0887"],[0.1111111111111111,"#46039f"],[0.2222222222222222,"#7201a8"],[0.3333333333333333,"#9c179e"],[0.4444444444444444,"#bd3786"],[0.5555555555555556,"#d8576b"],[0.6666666666666666,"#ed7953"],[0.7777777777777778,"#fb9f3a"],[0.8888888888888888,"#fdca26"],[1.0,"#f0f921"]],"sequentialminus":[[0.0,"#0d0887"],[0.1111111111111111,"#46039f"],[0.2222222222222222,"#7201a8"],[0.3333333333333333,"#9c179e"],[0.4444444444444444,"#bd3786"],[0.5555555555555556,"#d8576b"],[0.6666666666666666,"#ed7953"],[0.7777777777777778,"#fb9f3a"],[0.8888888888888888,"#fdca26"],[1.0,"#f0f921"]],"diverging":[[0,"#8e0152"],[0.1,"#c51b7d"],[0.2,"#de77ae"],[0.3,"#f1b6da"],[0.4,"#fde0ef"],[0.5,"#f7f7f7"],[0.6,"#e6f5d0"],[0.7,"#b8e186"],[0.8,"#7fbc41"],[0.9,"#4d9221"],[1,"#276419"]]},"xaxis":{"gridcolor":"rgba(0, 0, 0, 0)","linecolor":"#506784","ticks":"","title":{"standoff":15},"zerolinecolor":"#283442","automargin":true,"zerolinewidth":2,"tickfont":{"family":"Courier New","size":14},"side":"top","tickangle":-90},"yaxis":{"gridcolor":"rgba(0, 0, 0, 0)","linecolor":"#506784","ticks":"","title":{"standoff":15},"zerolinecolor":"#283442","automargin":true,"zerolinewidth":2,"tickfont":{"family":"Courier New"},"side":"right"},"scene":{"xaxis":{"backgroundcolor":"rgb(17,17,17)","gridcolor":"#506784","linecolor":"#506784","showbackground":true,"ticks":"","zerolinecolor":"#C8D4E3","gridwidth":2},"yaxis":{"backgroundcolor":"rgb(17,17,17)","gridcolor":"#506784","linecolor":"#506784","showbackground":true,"ticks":"","zerolinecolor":"#C8D4E3","gridwidth":2},"zaxis":{"backgroundcolor":"rgb(17,17,17)","gridcolor":"#506784","linecolor":"#506784","showbackground":true,"ticks":"","zerolinecolor":"#C8D4E3","gridwidth":2}},"shapedefaults":{"line":{"color":"#f2f5fa"}},"annotationdefaults":{"arrowcolor":"#f2f5fa","arrowhead":0,"arrowwidth":1},"geo":{"bgcolor":"rgb(17,17,17)","landcolor":"rgb(17,17,17)","subunitcolor":"#506784","showland":true,"showlakes":true,"lakecolor":"rgb(17,17,17)"},"title":{"x":0.05,"font":{"family":"Times New Roman"},"y":0.05,"text":"<b>Correlation of Adj Close<b><br><i>2016-09-23 ~ 2025-11-12<i>"},"updatemenudefaults":{"bgcolor":"#506784","borderwidth":0},"sliderdefaults":{"bgcolor":"#C8D4E3","borderwidth":1,"bordercolor":"rgb(17,17,17)","tickwidth":0},"mapbox":{"style":"dark"},"annotations":[{"text":"<b>@zwindr<b>","textangle":0,"opacity":0.5,"font":{"color":"white","size":12},"xref":"paper","yref":"paper","xanchor":"left","yanchor":"bottom","x":1.0,"y":1.0,"showarrow":false}]},"config":{"responsive":true,"toImageButtonOptions":{"filename":"Correlation of Adj Close_2016-09-23~2025-11-12","scale":5}}};Plotly.newPlot("correlationAdjClose",correlationAdjClose.data,correlationAdjClose.layout||{},correlationAdjClose.config);}else{console.log("style display is none => correlationAdjClose");}