var element=document.getElementById("correlationAdjClose");if(element.style.display!='none'){var correlationAdjClose={"data":[{"type":"heatmap","z":[[1.0,0.9948501866795006,0.9755606173879461,0.9971417960493545,0.957089745601534,0.9835057587627101,0.9517089665253994,0.9893207230129252,0.974330109173735,0.9972896734019447,0.9967197367752644,0.9971880819824047,0.9932304147839263,0.994161820709174,0.9967688078557239,0.9851593493076606,0.9997094536416676,0.9891845500969354,0.8998251185283509,0.9196683291333441,0.6994477108040136,0.9847759064651186,0.9313594040767362,0.37392004281734714,-0.2995438294807805,0.8984571384624256,0.9318725969376841,0.9593461966897615,0.9780858616166815,0.9650012502887655,0.9784191655731796,0.9713386124938553,0.9417202918814633,0.9822217567102649,0.9742170598945223,0.9556051899744874],[0.9948501866795006,1.0,0.9715875267699539,0.9916594484230693,0.952864597820951,0.9795527257458782,0.9475735485842871,0.9814476407156472,0.9683572858487821,0.9929599263285737,0.9948957085589419,0.9943639775655758,0.9923182451201905,0.9921155701650444,0.9949106722999653,0.9800790549101102,0.9971891215913373,0.9837383516414144,0.9211242887556127,0.9096841333413734,0.718119115846938,0.9687378972460539,0.9142165254134609,0.37408140213156643,-0.23011405757592807,0.8761094683247562,0.9252594740940402,0.9586243620315011,0.9585022634917092,0.952604537413824,0.9693040291307748,0.9574301117160744,0.940685454390189,0.9725050266245914,0.9653776646879348,0.9504297961937873],[0.9755606173879461,0.9715875267699539,1.0,0.9843288995948526,0.9946334365659731,0.9736085305659375,0.9776268670063925,0.962156212587304,0.9798770381114335,0.9840007700186904,0.9906760060720545,0.9873774391108929,0.9970000238081191,0.9967853969501993,0.9904408053274016,0.9712717637845548,0.9857520762106561,0.9617704033976999,0.8639275815995289,0.8244486430300249,0.5728855271488035,0.9918808931646167,0.930125531158523,0.20260399142514676,-0.2236103525603015,0.8855443150646121,0.9399719578655029,0.9727341385297743,0.9212703812693165,0.9091228599034237,0.9659846916689661,0.9138048997232838,0.8909425402903974,0.9641708974988809,0.9714177194453528,0.9170230876025786],[0.9971417960493545,0.9916594484230693,0.9843288995948526,1.0,0.9727799428158872,0.9750991299812162,0.948464365341769,0.9813125725702595,0.9710832034686275,0.9999690877559314,0.9999914341308938,0.9999620064010974,0.9931063732764044,0.9916172720127493,0.9999494238841498,0.9740028079826938,0.9957244195542868,0.9808759907748414,0.8838833442488544,0.9023636927958769,0.6623821121592236,0.9938400204427101,0.935856247058645,0.3422216343162127,-0.2888611877310402,0.8908750519929751,0.9412080881573416,0.9633808777670828,0.9660417898186386,0.9593097715868367,0.9803741117405054,0.9590098946229638,0.9265710126245279,0.9791708508386531,0.9721341088649459,0.9447824794711416],[0.957089745601534,0.952864597820951,0.9946334365659731,0.9727799428158872,1.0,0.9467016546141631,0.956664707889415,0.9376158395427415,0.9603612325929533,0.9728313532695162,0.9821177540888053,0.9782798323510474,0.9835894429332394,0.9805410464498556,0.9817227141503821,0.9428973985779835,0.9676729841385351,0.9369283135027878,0.8320636457826006,0.794457436320008,0.5242642107034758,0.9873060993547129,0.9251422502086032,0.16829722486200904,-0.21306849709992137,0.8529992709675278,0.9445545808305381,0.9598083904757221,0.8913739024202066,0.8861443526273434,0.9538220005141255,0.883588260144745,0.8540078666364558,0.9461827157640417,0.952528144284516,0.8853303587335366],[0.9835057587627101,0.9795527257458782,0.9736085305659375,0.9750991299812162,0.9467016546141631,1.0,0.9829546949623466,0.9825160976586074,0.9823003622458504,0.9745209605482059,0.9693588988391597,0.9726773380244131,0.9739298486331547,0.9714470829640728,0.9692774909800712,0.9999009192053426,0.9868761220385709,0.9834551542350094,0.9021896133333938,0.8705377998304545,0.6684713613595378,0.9670137360823756,0.9023273804886792,0.24898296545582627,-0.21978858089659414,0.9324892248973508,0.9050428059732112,0.9637378097731033,0.9598792712287835,0.9340920219123889,0.9572148795095442,0.9549026583173353,0.95320684014502,0.9621591315002989,0.9792297243532118,0.9576166177398566],[0.9517089665253994,0.9475735485842871,0.9776268670063925,0.948464365341769,0.956664707889415,0.9829546949623466,1.0,0.9549194223124573,0.9850430684304884,0.9470801930286348,0.9576009614001036,0.9539631346382977,0.9767592343410558,0.977502383821347,0.9573250441144807,0.9843025000317621,0.9703529780338074,0.9574640386193248,0.868194773796812,0.7892842722040196,0.5608756699605214,0.9524357952370307,0.9027730073256706,0.10804363230532267,-0.15810068058413662,0.8957273582851527,0.8959978901997256,0.9605684851477664,0.9042703121357979,0.8708788136088733,0.9364616676961718,0.8973796788607344,0.9056109197506856,0.9351056664505074,0.9682671967891168,0.9130664256764454],[0.9893207230129252,0.9814476407156472,0.962156212587304,0.9813125725702595,0.9376158395427415,0.9825160976586074,0.9549194223124573,1.0,0.9836540744227775,0.9812856984824827,0.9766790356348705,0.9801523748433537,0.9714804393213017,0.9704942341011352,0.9767882322679441,0.9843144460564215,0.9871920770080581,0.9998815403567138,0.9278767225487213,0.9287160294034373,0.6358671361807569,0.9689705239697123,0.8991113120147026,0.22768654273906352,-0.3105626764849624,0.9060362599969287,0.886956845711652,0.9439548321417673,0.9791701371320705,0.9566756827077301,0.9693350547537487,0.9657957404921244,0.9373736964743631,0.9633277558180957,0.9613924733544357,0.9674109073385079],[0.974330109173735,0.9683572858487821,0.9798770381114335,0.9710832034686275,0.9603612325929533,0.9823003622458504,0.9850430684304884,0.9836540744227775,1.0,0.9703189987618235,0.9668429923837896,0.9691860680079231,0.9727819960779999,0.9696480383481232,0.9666924295587759,0.9813383436096568,0.9742579538555267,0.9830134913862751,0.9031689867592919,0.8609802674289373,0.5554372231338143,0.9690848034982975,0.9159403746073644,0.08639889497292264,-0.23263236338300713,0.8844590695387896,0.8889094161391062,0.9643029753920137,0.9375216387542147,0.904829039686469,0.9618264166097561,0.9227829769877562,0.9041016142300714,0.9525217293929442,0.973387814897131,0.9275047458172218],[0.9972896734019447,0.9929599263285737,0.9840007700186904,0.9999690877559314,0.9728313532695162,0.9745209605482059,0.9470801930286348,0.9812856984824827,0.9703189987618235,1.0,0.9999899132556619,0.9999828838490754,0.992990965554371,0.9914778646095491,0.9999545761199294,0.9734346227647444,0.9955998145772101,0.9809453094291417,0.8857205784425337,0.9035371419366248,0.6601603988192977,0.994033175111846,0.9356986284487997,0.34734275465260606,-0.28829133055852807,0.8916786608275517,0.9394627459936901,0.9619295155779752,0.9657824009117864,0.9585083290712161,0.9794105307898586,0.9584134249083268,0.9251677099757705,0.9783880985299729,0.9709959777459372,0.943240542107285],[0.9967197367752644,0.9948957085589419,0.9906760060720545,0.9999914341308938,0.9821177540888053,0.9693588988391597,0.9576009614001036,0.9766790356348705,0.9668429923837896,0.9999899132556619,1.0,0.9999735525479975,0.9931322692132708,0.9916154873222457,0.9999573870998062,0.9691514618185342,0.9953801880080018,0.9773646075398246,0.9086679122187548,0.9306921307128733,0.5458954424189331,0.9972358392314219,0.9199629706519226,-0.13210970121284601,0.3926818442505531,0.892472893916217,0.9091257588694759,0.9652985136059723,0.9568022734298326,0.9415795361867311,0.9708408851828985,0.9384690464931161,0.9046625728156429,0.9689461945117009,0.9806113548862713,0.9390891340757421],[0.9971880819824047,0.9943639775655758,0.9873774391108929,0.9999620064010974,0.9782798323510474,0.9726773380244131,0.9539631346382977,0.9801523748433537,0.9691860680079231,0.9999828838490754,0.9999735525479975,1.0,0.9930045487315107,0.9914534936189918,0.9999653669271554,0.9725550970912052,0.9954941180568834,0.9803782129721182,0.8933056970238479,0.9200805834377435,0.6081475244114322,0.9962340219706938,0.9320599663875642,0.08307476227088954,-0.19383417722117519,0.9061075649854337,0.9249657794995648,0.9576645834470777,0.9599935987902528,0.9496196828944715,0.9758803329448923,0.9493666961470311,0.9215595182927212,0.9746861205676098,0.9706734424851612,0.9476082368904476],[0.9932304147839263,0.9923182451201905,0.9970000238081191,0.9931063732764044,0.9835894429332394,0.9739298486331547,0.9767592343410558,0.9714804393213017,0.9727819960779999,0.992990965554371,0.9931322692132708,0.9930045487315107,1.0,0.9997547483675701,0.9931334987333885,0.9738073802872408,0.993284896972508,0.9723449592987891,0.9012475915028475,0.9179303998626258,0.4737958741474182,0.9888777688862234,0.9159266354907847,-0.4002028274919446,0.4084989334362239,0.8760230317157717,0.9064944388145644,0.969712432446103,0.9401326915915168,0.9093169545117852,0.9548019931896633,0.9155272811204601,0.8737628778008212,0.9665005772551302,0.9778006778916037,0.9314946731480607],[0.994161820709174,0.9921155701650444,0.9967853969501993,0.9916172720127493,0.9805410464498556,0.9714470829640728,0.977502383821347,0.9704942341011352,0.9696480383481232,0.9914778646095491,0.9916154873222457,0.9914534936189918,0.9997547483675701,1.0,0.9917346338105489,0.9712349665867663,0.9940354162404508,0.9715491700002673,0.8864770026269967,0.9273316345084891,0.3362193766526858,0.9848994878611202,0.9092040773894905,-0.7490936798028154,0.37962811099380056,0.8438983830568726,0.9029284102297086,0.9664311166249642,0.9337021968344633,0.8968202827761889,0.9479503190870925,0.9157456424987271,0.8519568244236342,0.9674110975898853,0.9758479696875071,0.9252643419732068],[0.9967688078557239,0.9949106722999653,0.9904408053274016,0.9999494238841498,0.9817227141503821,0.9692774909800712,0.9573250441144807,0.9767882322679441,0.9666924295587759,0.9999545761199294,0.9999573870998062,0.9999653669271554,0.9931334987333885,0.9917346338105489,1.0,0.9691140191309117,0.9954207067683656,0.9774258075956489,0.9087652388485603,0.9312688928221864,0.5456396161009389,0.9970654146953633,0.9201167676581707,-0.12950291560230506,0.39220158999211807,0.8923602967817597,0.9079881693282877,0.9645346720040933,0.9569896509065704,0.9418987294428458,0.9708104915686233,0.9389783597309246,0.9051412420449171,0.9688705230794352,0.9805551463701268,0.9395820741067402],[0.9851593493076606,0.9800790549101102,0.9712717637845548,0.9740028079826938,0.9428973985779835,0.9999009192053426,0.9843025000317621,0.9843144460564215,0.9813383436096568,0.9734346227647444,0.9691514618185342,0.9725550970912052,0.9738073802872408,0.9712349665867663,0.9691140191309117,1.0,0.9869527562524396,0.983639424618755,0.9050468563935301,0.894343583295704,0.6593214355100653,0.964622659122351,0.8966000138581405,0.10592537715964814,-0.1986361859544818,0.9399153343827662,0.8939115386818947,0.9607086063816916,0.9632870861165973,0.9313663695818075,0.953793210874385,0.9560700554539601,0.9524016078646405,0.9642777340177334,0.9785590022054537,0.9619139950204252],[0.9997094536416676,0.9971891215913373,0.9857520762106561,0.9957244195542868,0.9676729841385351,0.9868761220385709,0.9703529780338074,0.9871920770080581,0.9742579538555267,0.9955998145772101,0.9953801880080018,0.9954941180568834,0.993284896972508,0.9940354162404508,0.9954207067683656,0.9869527562524396,1.0,0.9878109451249442,0.925987469361807,0.9397969576708286,0.6014441810289369,0.9882625442013887,0.9117912384084539,-0.07139298650272789,0.41886088571686003,0.9202691231067216,0.9007537586193842,0.9665906032769989,0.9729054236081057,0.9495753510030972,0.9691455660738442,0.9566996581526473,0.9344496477653091,0.9752628971938168,0.9863424101971917,0.9628414274284],[0.9891845500969354,0.9837383516414144,0.9617704033976999,0.9808759907748414,0.9369283135027878,0.9834551542350094,0.9574640386193248,0.9998815403567138,0.9830134913862751,0.9809453094291417,0.9773646075398246,0.9803782129721182,0.9723449592987891,0.9715491700002673,0.9774258075956489,0.983639424618755,0.9878109451249442,1.0,0.930755916213262,0.9349227952340633,0.6331738911014024,0.9675638353849106,0.9029507029979968,0.19205190046625942,-0.2922407945745839,0.9109533347829827,0.8822078812409183,0.9439020188439987,0.9796491281207141,0.956090516961944,0.9677911805584682,0.9644642840828509,0.9371313308169522,0.9625941120213606,0.9594469939265337,0.968555977496811],[0.8998251185283509,0.9211242887556127,0.8639275815995289,0.8838833442488544,0.8320636457826006,0.9021896133333938,0.868194773796812,0.9278767225487213,0.9031689867592919,0.8857205784425337,0.9086679122187548,0.8933056970238479,0.9012475915028475,0.8864770026269967,0.9087652388485603,0.9050468563935301,0.925987469361807,0.930755916213262,1.0,0.8265358172498247,0.7001838977872079,0.8562162445247785,0.8070887521337796,0.26869171155663574,-0.16384914328002526,0.856058602719323,0.7613112279290251,0.8550611408214558,0.891328247355447,0.8575244920338012,0.8563890413464244,0.8702473102270871,0.8563086988181036,0.8550162677042196,0.8765674701376088,0.8950389165216012],[0.9196683291333441,0.9096841333413734,0.8244486430300249,0.9023636927958769,0.794457436320008,0.8705377998304545,0.7892842722040196,0.9287160294034373,0.8609802674289373,0.9035371419366248,0.9306921307128733,0.9200805834377435,0.9179303998626258,0.9273316345084891,0.9312688928221864,0.894343583295704,0.9397969576708286,0.9349227952340633,0.8265358172498247,1.0,0.8271830062406713,0.8530054122556449,0.8678294660059412,0.6410531876506826,-0.5259454250068814,0.7136013172713046,0.8407753271212217,0.8120924551052147,0.9592656634234737,0.9377258394557846,0.9001382411922374,0.9466770994646948,0.8997479002472091,0.9006391173670732,0.8514145792028707,0.8857014518236689],[0.6994477108040136,0.718119115846938,0.5728855271488035,0.6623821121592236,0.5242642107034758,0.6684713613595378,0.5608756699605214,0.6358671361807569,0.5554372231338143,0.6601603988192977,0.5458954424189331,0.6081475244114322,0.4737958741474182,0.3362193766526858,0.5456396161009389,0.6593214355100653,0.6014441810289369,0.6331738911014024,0.7001838977872079,0.8271830062406713,1.0,0.5904819572326027,0.6972408939680552,0.7249285650478664,-0.11634961264420952,0.5354248230939737,0.6173835306012564,0.6116936080827604,0.7734734891278923,0.704417930806083,0.6286542871709879,0.7402219348739512,0.7538113589339721,0.6673721381813257,0.6346031869270347,0.6835069063997076],[0.9847759064651186,0.9687378972460539,0.9918808931646167,0.9938400204427101,0.9873060993547129,0.9670137360823756,0.9524357952370307,0.9689705239697123,0.9690848034982975,0.994033175111846,0.9972358392314219,0.9962340219706938,0.9888777688862234,0.9848994878611202,0.9970654146953633,0.964622659122351,0.9882625442013887,0.9675638353849106,0.8562162445247785,0.8530054122556449,0.5904819572326027,1.0,0.9133778738945226,0.26904370728671373,-0.28073492673530265,0.8735584087059968,0.9426730416049004,0.9680597851449135,0.9331170648668722,0.9400417005448564,0.9719677654209941,0.9351990330220817,0.8988739419108341,0.9683120288726189,0.9573753067278213,0.9243425345201514],[0.9313594040767362,0.9142165254134609,0.930125531158523,0.935856247058645,0.9251422502086032,0.9023273804886792,0.9027730073256706,0.8991113120147026,0.9159403746073644,0.9356986284487997,0.9199629706519226,0.9320599663875642,0.9159266354907847,0.9092040773894905,0.9201167676581707,0.8966000138581405,0.9117912384084539,0.9029507029979968,0.8070887521337796,0.8678294660059412,0.6972408939680552,0.9133778738945226,1.0,0.3079702577607926,-0.1895693190820983,0.7121230619855864,0.9131034191136139,0.8966043429201562,0.8977648608359095,0.8560354192337536,0.932843561888323,0.8709737053074378,0.8395030852357781,0.9280528183540007,0.8812474155525504,0.8548957625579677],[0.37392004281734714,0.37408140213156643,0.20260399142514676,0.3422216343162127,0.16829722486200904,0.24898296545582627,0.10804363230532267,0.22768654273906352,0.08639889497292264,0.34734275465260606,-0.13210970121284601,0.08307476227088954,-0.4002028274919446,-0.7490936798028154,-0.12950291560230506,0.10592537715964814,-0.07139298650272789,0.19205190046625942,0.26869171155663574,0.6410531876506826,0.7249285650478664,0.26904370728671373,0.3079702577607926,1.0,-0.38241920284857206,0.2663436325472351,0.2650927934507065,0.1767290080204824,0.4670270272490289,0.4604628576172352,0.31029434157052477,0.48262929549375977,0.40750478955441877,0.3365485946024013,0.259120987233476,0.3759127649179104],[-0.2995438294807805,-0.23011405757592807,-0.2236103525603015,-0.2888611877310402,-0.21306849709992137,-0.21978858089659414,-0.15810068058413662,-0.3105626764849624,-0.23263236338300713,-0.28829133055852807,0.3926818442505531,-0.19383417722117519,0.4084989334362239,0.37962811099380056,0.39220158999211807,-0.1986361859544818,0.41886088571686003,-0.2922407945745839,-0.16384914328002526,-0.5259454250068814,-0.11634961264420952,-0.28073492673530265,-0.1895693190820983,-0.38241920284857206,1.0,-0.15550459161950508,-0.27916572497390324,-0.1824969448122311,-0.3871346646217198,-0.3763645245560845,-0.3195972673573998,-0.34504931737378514,-0.20904783198749743,-0.3450557367356809,-0.18430478344703372,-0.3172350258931539],[0.8984571384624256,0.8761094683247562,0.8855443150646121,0.8908750519929751,0.8529992709675278,0.9324892248973508,0.8957273582851527,0.9060362599969287,0.8844590695387896,0.8916786608275517,0.892472893916217,0.9061075649854337,0.8760230317157717,0.8438983830568726,0.8923602967817597,0.9399153343827662,0.9202691231067216,0.9109533347829827,0.856058602719323,0.7136013172713046,0.5354248230939737,0.8735584087059968,0.7121230619855864,0.2663436325472351,-0.15550459161950508,1.0,0.7748647395759984,0.8855836862378038,0.8202373774918296,0.8642455110346868,0.8292868719577575,0.8720867269259619,0.8675907002231047,0.8598622549057606,0.8685728508129842,0.8987855851708547],[0.9318725969376841,0.9252594740940402,0.9399719578655029,0.9412080881573416,0.9445545808305381,0.9050428059732112,0.8959978901997256,0.886956845711652,0.8889094161391062,0.9394627459936901,0.9091257588694759,0.9249657794995648,0.9064944388145644,0.9029284102297086,0.9079881693282877,0.8939115386818947,0.9007537586193842,0.8822078812409183,0.7613112279290251,0.8407753271212217,0.6173835306012564,0.9426730416049004,0.9131034191136139,0.2650927934507065,-0.27916572497390324,0.7748647395759984,1.0,0.8951777466027524,0.8931902406993357,0.8790890057790243,0.9163325789600464,0.8788983021249258,0.8432821190938592,0.9198251687093465,0.897489047336118,0.8653255488474976],[0.9593461966897615,0.9586243620315011,0.9727341385297743,0.9633808777670828,0.9598083904757221,0.9637378097731033,0.9605684851477664,0.9439548321417673,0.9643029753920137,0.9619295155779752,0.9652985136059723,0.9576645834470777,0.969712432446103,0.9664311166249642,0.9645346720040933,0.9607086063816916,0.9665906032769989,0.9439020188439987,0.8550611408214558,0.8120924551052147,0.6116936080827604,0.9680597851449135,0.8966043429201562,0.1767290080204824,-0.1824969448122311,0.8855836862378038,0.8951777466027524,1.0,0.9105913609506127,0.8934009063997772,0.9446948664584017,0.8939532514337093,0.8877401817502094,0.9501084038764877,0.9735505462076232,0.8922769153184675],[0.9780858616166815,0.9585022634917092,0.9212703812693165,0.9660417898186386,0.8913739024202066,0.9598792712287835,0.9042703121357979,0.9791701371320705,0.9375216387542147,0.9657824009117864,0.9568022734298326,0.9599935987902528,0.9401326915915168,0.9337021968344633,0.9569896509065704,0.9632870861165973,0.9729054236081057,0.9796491281207141,0.891328247355447,0.9592656634234737,0.7734734891278923,0.9331170648668722,0.8977648608359095,0.4670270272490289,-0.3871346646217198,0.8202373774918296,0.8931902406993357,0.9105913609506127,1.0,0.986436640620923,0.9632630888888841,0.990535181416949,0.953053953256377,0.9600524532718954,0.9163704441661772,0.9684388361219065],[0.9650012502887655,0.952604537413824,0.9091228599034237,0.9593097715868367,0.8861443526273434,0.9340920219123889,0.8708788136088733,0.9566756827077301,0.904829039686469,0.9585083290712161,0.9415795361867311,0.9496196828944715,0.9093169545117852,0.8968202827761889,0.9418987294428458,0.9313663695818075,0.9495753510030972,0.956090516961944,0.8575244920338012,0.9377258394557846,0.704417930806083,0.9400417005448564,0.8560354192337536,0.4604628576172352,-0.3763645245560845,0.8642455110346868,0.8790890057790243,0.8934009063997772,0.986436640620923,1.0,0.9517687080534142,0.9841935487681053,0.9558469780825171,0.9400022274148834,0.9242962784992776,0.9635468039690844],[0.9784191655731796,0.9693040291307748,0.9659846916689661,0.9803741117405054,0.9538220005141255,0.9572148795095442,0.9364616676961718,0.9693350547537487,0.9618264166097561,0.9794105307898586,0.9708408851828985,0.9758803329448923,0.9548019931896633,0.9479503190870925,0.9708104915686233,0.953793210874385,0.9691455660738442,0.9677911805584682,0.8563890413464244,0.9001382411922374,0.6286542871709879,0.9719677654209941,0.932843561888323,0.31029434157052477,-0.3195972673573998,0.8292868719577575,0.9163325789600464,0.9446948664584017,0.9632630888888841,0.9517687080534142,1.0,0.9530302274783827,0.9137788404266934,0.9780071872959215,0.9618869371294463,0.9432214485089868],[0.9713386124938553,0.9574301117160744,0.9138048997232838,0.9590098946229638,0.883588260144745,0.9549026583173353,0.8973796788607344,0.9657957404921244,0.9227829769877562,0.9584134249083268,0.9384690464931161,0.9493666961470311,0.9155272811204601,0.9157456424987271,0.9389783597309246,0.9560700554539601,0.9566996581526473,0.9644642840828509,0.8702473102270871,0.9466770994646948,0.7402219348739512,0.9351990330220817,0.8709737053074378,0.48262929549375977,-0.34504931737378514,0.8720867269259619,0.8788983021249258,0.8939532514337093,0.990535181416949,0.9841935487681053,0.9530302274783827,1.0,0.9739156412233344,0.9464563305309898,0.9394967745495355,0.96437671815917],[0.9417202918814633,0.940685454390189,0.8909425402903974,0.9265710126245279,0.8540078666364558,0.95320684014502,0.9056109197506856,0.9373736964743631,0.9041016142300714,0.9251677099757705,0.9046625728156429,0.9215595182927212,0.8737628778008212,0.8519568244236342,0.9051412420449171,0.9524016078646405,0.9344496477653091,0.9371313308169522,0.8563086988181036,0.8997479002472091,0.7538113589339721,0.8988739419108341,0.8395030852357781,0.40750478955441877,-0.20904783198749743,0.8675907002231047,0.8432821190938592,0.8877401817502094,0.953053953256377,0.9558469780825171,0.9137788404266934,0.9739156412233344,1.0,0.9073335760385413,0.9306294307184059,0.9543378121997065],[0.9822217567102649,0.9725050266245914,0.9641708974988809,0.9791708508386531,0.9461827157640417,0.9621591315002989,0.9351056664505074,0.9633277558180957,0.9525217293929442,0.9783880985299729,0.9689461945117009,0.9746861205676098,0.9665005772551302,0.9674110975898853,0.9688705230794352,0.9642777340177334,0.9752628971938168,0.9625941120213606,0.8550162677042196,0.9006391173670732,0.6673721381813257,0.9683120288726189,0.9280528183540007,0.3365485946024013,-0.3450557367356809,0.8598622549057606,0.9198251687093465,0.9501084038764877,0.9600524532718954,0.9400022274148834,0.9780071872959215,0.9464563305309898,0.9073335760385413,1.0,0.958851592873321,0.9437878902009113],[0.9742170598945223,0.9653776646879348,0.9714177194453528,0.9721341088649459,0.952528144284516,0.9792297243532118,0.9682671967891168,0.9613924733544357,0.973387814897131,0.9709959777459372,0.9806113548862713,0.9706734424851612,0.9778006778916037,0.9758479696875071,0.9805551463701268,0.9785590022054537,0.9863424101971917,0.9594469939265337,0.8765674701376088,0.8514145792028707,0.6346031869270347,0.9573753067278213,0.8812474155525504,0.259120987233476,-0.18430478344703372,0.8685728508129842,0.897489047336118,0.9735505462076232,0.9163704441661772,0.9242962784992776,0.9618869371294463,0.9394967745495355,0.9306294307184059,0.958851592873321,1.0,0.9222991217252948],[0.9556051899744874,0.9504297961937873,0.9170230876025786,0.9447824794711416,0.8853303587335366,0.9576166177398566,0.9130664256764454,0.9674109073385079,0.9275047458172218,0.943240542107285,0.9390891340757421,0.9476082368904476,0.9314946731480607,0.9252643419732068,0.9395820741067402,0.9619139950204252,0.9628414274284,0.968555977496811,0.8950389165216012,0.8857014518236689,0.6835069063997076,0.9243425345201514,0.8548957625579677,0.3759127649179104,-0.3172350258931539,0.8987855851708547,0.8653255488474976,0.8922769153184675,0.9684388361219065,0.9635468039690844,0.9432214485089868,0.96437671815917,0.9543378121997065,0.9437878902009113,0.9222991217252948,1.0]],"x":["^TAIEX       \u81fa\u7063\u52a0\u6b0a\u5831\u916c\u6307\u6578","^TWII        \u81fa\u7063\u52a0\u6b0a\u6307\u6578","^TAIEXx2     \u81fa\u7063\u52a0\u6b0a\u5831\u916c\u6307\u6578_\u65e5\u6b632","^TAI50I      \u81fa\u706350\u5831\u916c\u6307\u6578","^TAI50Ix2    \u81fa\u706350\u5831\u916c\u6307\u6578_\u65e5\u6b632","^TAI100I     \u81fa\u7063\u4e2d\u578b100\u5831\u916c\u6307\u6578","^TAI100Ix2   \u81fa\u7063\u4e2d\u578b100\u5831\u916c\u6307\u6578_\u65e5\u6b632","^TAIDIVIDI   \u81fa\u7063\u9ad8\u80a1\u606f\u5831\u916c\u6307\u6578","^TAIDIVIDIx2 \u81fa\u7063\u9ad8\u80a1\u606f\u5831\u916c\u6307\u6578_\u65e5\u6b632","0050Fund     \u5143\u5927\u53f0\u7063\u5353\u8d8a50\u57fa\u91d1","006208Fund   \u5bcc\u90a6\u53f0\u7063\u91c6\u540950\u57fa\u91d1","0050         \u5143\u5927\u81fa\u706350","00631L       \u5143\u5927\u53f0\u706350\u6b632","00675L       \u5bcc\u90a6\u81fa\u7063\u52a0\u6b0a\u6b632","006208       \u5bcc\u90a6\u53f050","0051         \u5143\u5927\u4e2d\u578b100","006204       \u6c38\u8c50\u81fa\u7063\u52a0\u6b0a","0056         \u5143\u5927\u9ad8\u80a1\u606f","0056         \u5143\u5927\u9ad8\u80a1\u606f_\u80a1\u606f\u4e0d\u6295\u5165","2412         \u4e2d\u83ef\u96fb\u4fe1","2002         \u4e2d\u92fc","2330         \u53f0\u7a4d\u96fb","2317         \u9d3b\u6d77","6505         \u53f0\u5851\u77f3\u5316","3481         \u7fa4\u5275","2303         \u806f\u96fb","2308         \u53f0\u9054\u96fb","2454         \u806f\u767c\u79d1","2886         \u5146\u8c50\u91d1","2884         \u7389\u5c71\u91d1","2891         \u4e2d\u4fe1\u91d1","2892         \u7b2c\u4e00\u91d1","5880         \u5408\u5eab\u91d1","2881         \u5bcc\u90a6\u91d1","2885         \u5143\u5927\u91d1","2887         \u53f0\u65b0\u91d1"],"y":["^TAIEX       \u81fa\u7063\u52a0\u6b0a\u5831\u916c\u6307\u6578","^TWII        \u81fa\u7063\u52a0\u6b0a\u6307\u6578","^TAIEXx2     \u81fa\u7063\u52a0\u6b0a\u5831\u916c\u6307\u6578_\u65e5\u6b632","^TAI50I      \u81fa\u706350\u5831\u916c\u6307\u6578","^TAI50Ix2    \u81fa\u706350\u5831\u916c\u6307\u6578_\u65e5\u6b632","^TAI100I     \u81fa\u7063\u4e2d\u578b100\u5831\u916c\u6307\u6578","^TAI100Ix2   \u81fa\u7063\u4e2d\u578b100\u5831\u916c\u6307\u6578_\u65e5\u6b632","^TAIDIVIDI   \u81fa\u7063\u9ad8\u80a1\u606f\u5831\u916c\u6307\u6578","^TAIDIVIDIx2 \u81fa\u7063\u9ad8\u80a1\u606f\u5831\u916c\u6307\u6578_\u65e5\u6b632","0050Fund     \u5143\u5927\u53f0\u7063\u5353\u8d8a50\u57fa\u91d1","006208Fund   \u5bcc\u90a6\u53f0\u7063\u91c6\u540950\u57fa\u91d1","0050         \u5143\u5927\u81fa\u706350","00631L       \u5143\u5927\u53f0\u706350\u6b632","00675L       \u5bcc\u90a6\u81fa\u7063\u52a0\u6b0a\u6b632","006208       \u5bcc\u90a6\u53f050","0051         \u5143\u5927\u4e2d\u578b100","006204       \u6c38\u8c50\u81fa\u7063\u52a0\u6b0a","0056         \u5143\u5927\u9ad8\u80a1\u606f","0056         \u5143\u5927\u9ad8\u80a1\u606f_\u80a1\u606f\u4e0d\u6295\u5165","2412         \u4e2d\u83ef\u96fb\u4fe1","2002         \u4e2d\u92fc","2330         \u53f0\u7a4d\u96fb","2317         \u9d3b\u6d77","6505         \u53f0\u5851\u77f3\u5316","3481         \u7fa4\u5275","2303         \u806f\u96fb","2308         \u53f0\u9054\u96fb","2454         \u806f\u767c\u79d1","2886         \u5146\u8c50\u91d1","2884         \u7389\u5c71\u91d1","2891         \u4e2d\u4fe1\u91d1","2892         \u7b2c\u4e00\u91d1","5880         \u5408\u5eab\u91d1","2881         \u5bcc\u90a6\u91d1","2885         \u5143\u5927\u91d1","2887         \u53f0\u65b0\u91d1"],"zmin":-1,"zmax":1,"colorbar":{"x":-0.2}}],"layout":{"autotypenumbers":"strict","colorway":["#636efa","#EF553B","#00cc96","#ab63fa","#FFA15A","#19d3f3","#FF6692","#B6E880","#FF97FF","#FECB52"],"font":{"color":"#f2f5fa","family":"Courier New"},"hovermode":"closest","hoverlabel":{"align":"left"},"paper_bgcolor":"rgb(17,17,17)","plot_bgcolor":"rgb(17,17,17)","polar":{"bgcolor":"rgb(17,17,17)","angularaxis":{"gridcolor":"#506784","linecolor":"#506784","ticks":""},"radialaxis":{"gridcolor":"#506784","linecolor":"#506784","ticks":""}},"ternary":{"bgcolor":"rgb(17,17,17)","aaxis":{"gridcolor":"#506784","linecolor":"#506784","ticks":""},"baxis":{"gridcolor":"#506784","linecolor":"#506784","ticks":""},"caxis":{"gridcolor":"#506784","linecolor":"#506784","ticks":""}},"coloraxis":{"colorbar":{"outlinewidth":0,"ticks":""}},"colorscale":{"sequential":[[0.0,"#0d0887"],[0.1111111111111111,"#46039f"],[0.2222222222222222,"#7201a8"],[0.3333333333333333,"#9c179e"],[0.4444444444444444,"#bd3786"],[0.5555555555555556,"#d8576b"],[0.6666666666666666,"#ed7953"],[0.7777777777777778,"#fb9f3a"],[0.8888888888888888,"#fdca26"],[1.0,"#f0f921"]],"sequentialminus":[[0.0,"#0d0887"],[0.1111111111111111,"#46039f"],[0.2222222222222222,"#7201a8"],[0.3333333333333333,"#9c179e"],[0.4444444444444444,"#bd3786"],[0.5555555555555556,"#d8576b"],[0.6666666666666666,"#ed7953"],[0.7777777777777778,"#fb9f3a"],[0.8888888888888888,"#fdca26"],[1.0,"#f0f921"]],"diverging":[[0,"#8e0152"],[0.1,"#c51b7d"],[0.2,"#de77ae"],[0.3,"#f1b6da"],[0.4,"#fde0ef"],[0.5,"#f7f7f7"],[0.6,"#e6f5d0"],[0.7,"#b8e186"],[0.8,"#7fbc41"],[0.9,"#4d9221"],[1,"#276419"]]},"xaxis":{"gridcolor":"rgba(0, 0, 0, 0)","linecolor":"#506784","ticks":"","title":{"standoff":15},"zerolinecolor":"#283442","automargin":true,"zerolinewidth":2,"tickfont":{"family":"Courier New","size":14},"side":"top","tickangle":-90},"yaxis":{"gridcolor":"rgba(0, 0, 0, 0)","linecolor":"#506784","ticks":"","title":{"standoff":15},"zerolinecolor":"#283442","automargin":true,"zerolinewidth":2,"tickfont":{"family":"Courier New"},"side":"right"},"scene":{"xaxis":{"backgroundcolor":"rgb(17,17,17)","gridcolor":"#506784","linecolor":"#506784","showbackground":true,"ticks":"","zerolinecolor":"#C8D4E3","gridwidth":2},"yaxis":{"backgroundcolor":"rgb(17,17,17)","gridcolor":"#506784","linecolor":"#506784","showbackground":true,"ticks":"","zerolinecolor":"#C8D4E3","gridwidth":2},"zaxis":{"backgroundcolor":"rgb(17,17,17)","gridcolor":"#506784","linecolor":"#506784","showbackground":true,"ticks":"","zerolinecolor":"#C8D4E3","gridwidth":2}},"shapedefaults":{"line":{"color":"#f2f5fa"}},"annotationdefaults":{"arrowcolor":"#f2f5fa","arrowhead":0,"arrowwidth":1},"geo":{"bgcolor":"rgb(17,17,17)","landcolor":"rgb(17,17,17)","subunitcolor":"#506784","showland":true,"showlakes":true,"lakecolor":"rgb(17,17,17)"},"title":{"x":0.05,"font":{"family":"Times New Roman"},"y":0.05,"text":"<b>Correlation of Adj Close<b><br><i>2016-09-23 ~ 2025-11-19<i>"},"updatemenudefaults":{"bgcolor":"#506784","borderwidth":0},"sliderdefaults":{"bgcolor":"#C8D4E3","borderwidth":1,"bordercolor":"rgb(17,17,17)","tickwidth":0},"mapbox":{"style":"dark"},"annotations":[{"text":"<b>@zwindr<b>","textangle":0,"opacity":0.5,"font":{"color":"white","size":12},"xref":"paper","yref":"paper","xanchor":"left","yanchor":"bottom","x":1.0,"y":1.0,"showarrow":false}]},"config":{"responsive":true,"toImageButtonOptions":{"filename":"Correlation of Adj Close_2016-09-23~2025-11-19","scale":5}}};Plotly.newPlot("correlationAdjClose",correlationAdjClose.data,correlationAdjClose.layout||{},correlationAdjClose.config);}else{console.log("style display is none => correlationAdjClose");}