var element = document.getElementById("correlationClose");

if (element.style.display != 'none') {
    var correlationClose = {"data": [{"type": "heatmap", "z": [[1.0, 0.999999999999998, 1.0, 0.9955547964980105, 0.9955547964980105, 0.9615537351939668, 0.9615537351939668, 0.8974043459057403, 0.8974043459057403, 0.9116088392096126, 0.9950248765035096, 0.930636919216404, 0.9926768674064227, 0.9922757641463676, 0.9949962290755264, 0.9718067858832095, 0.9988904976333614, 0.9264283100456395, 0.7833776025264706, -0.08438918377538392, 0.9767894228150232, 0.06648468597457809, -0.012219716370163086, -0.25221650385766164, 0.8235942827028184, 0.9497621883971467, 0.9053880818253242, 0.9279149081827412, 0.7697540414704578, 0.4841860484878961, 0.6130379388410258, 0.6397521762141726, 0.9286846731584424, 0.8125027657681093, 0.16949192609434777], [0.999999999999998, 1.0, 0.9999999999999981, 0.9955048658116836, 0.9955048658116836, 0.9609164506312594, 0.9609164506312594, 0.8986497690496257, 0.8986497690496257, 0.9120862353929928, 0.9950009977043786, 0.9313232329152389, 0.9924113255667854, 0.9916919392621489, 0.9949683847365993, 0.9710515853093888, 0.9988923121361971, 0.9269852871217794, 0.8038200602704103, 0.12369479310886745, 0.9677903466967731, -0.0988881763950449, -0.00360114408182168, -0.25246343763910695, 0.6481301838419833, 0.9499243844385612, 0.8774153807557544, 0.9223935357966762, 0.7825827283961259, 0.47478178634282014, 0.609602885013146, 0.6673652177291456, 0.9257134469229946, 0.6597998861876327, 0.16570945186682404], [1.0, 0.9999999999999981, 1.0, 0.9955547964980105, 0.9955547964980105, 0.9615537351939668, 0.9615537351939668, 0.8974043459057403, 0.8974043459057403, 0.9116088392096126, 0.9950248765035096, 0.930636919216404, 0.9926768674064227, 0.9922757641463676, 0.9949962290755264, 0.9718067858832095, 0.9988904976333614, 0.9264283100456395, 0.7833776025264706, -0.08438918377538392, 0.9767894228150232, 0.06648468597457809, -0.012219716370163086, -0.25221650385766164, 0.8235942827028184, 0.9497621883971467, 0.9053880818253242, 0.9279149081827412, 0.7697540414704578, 0.4841860484878961, 0.6130379388410258, 0.6397521762141726, 0.9286846731584424, 0.8125027657681093, 0.16949192609434777], [0.9955547964980105, 0.9955048658116836, 0.9955547964980105, 1.0, 1.0, 0.9484858555455132, 0.9484858555455132, 0.8833247727887382, 0.8833247727887382, 0.9026595802346181, 0.9994687731402181, 0.9243371519282902, 0.9882853914766797, 0.9840604712072055, 0.9994072075536411, 0.9542745517472067, 0.9947643095152076, 0.9074755224166368, 0.7626663335116367, -0.09025479650079953, 0.9887173779858242, 0.08657626958184747, -0.04370992436653413, -0.255662335419898, 0.8233924658898025, 0.942407032519569, 0.9105373092131497, 0.91733557735943, 0.7812237416830845, 0.5109663940251137, 0.607535385973779, 0.6139273198415194, 0.9220116577707896, 0.8023847859550332, 0.18181942625364683], [0.9955547964980105, 0.9955048658116836, 0.9955547964980105, 1.0, 1.0, 0.9484858555455132, 0.9484858555455132, 0.8833247727887382, 0.8833247727887382, 0.9026595802346181, 0.9994687731402181, 0.9243371519282902, 0.9882853914766797, 0.9840604712072055, 0.9994072075536411, 0.9542745517472067, 0.9947643095152076, 0.9074755224166368, 0.7626663335116367, -0.09025479650079953, 0.9887173779858242, 0.08657626958184747, -0.04370992436653413, -0.255662335419898, 0.8233924658898025, 0.942407032519569, 0.9105373092131497, 0.91733557735943, 0.7812237416830845, 0.5109663940251137, 0.607535385973779, 0.6139273198415194, 0.9220116577707896, 0.8023847859550332, 0.18181942625364683], [0.9615537351939668, 0.9609164506312594, 0.9615537351939668, 0.9484858555455132, 0.9484858555455132, 1.0, 1.0, 0.9240865692279241, 0.9240865692279241, 0.8841190443042942, 0.9516810238229924, 0.8978087115329233, 0.97642028787254, 0.9751378085266496, 0.9513253194833021, 0.9989861679811695, 0.9721468095735919, 0.9197035097824182, 0.6271133098135194, -0.028057398566041843, 0.9329055106422998, 0.24791787746289065, -0.21573814686046305, -0.10738233898812431, 0.8945839866680225, 0.909167389225066, 0.9251154582544433, 0.8956309478735353, 0.7282549897553102, 0.7081340086452007, 0.725059037928488, 0.7153793996745033, 0.8468514493515653, 0.8469579297622439, 0.46074627023036135], [0.9615537351939668, 0.9609164506312594, 0.9615537351939668, 0.9484858555455132, 0.9484858555455132, 1.0, 1.0, 0.9240865692279241, 0.9240865692279241, 0.8841190443042942, 0.9516810238229924, 0.8978087115329233, 0.97642028787254, 0.9751378085266496, 0.9513253194833021, 0.9989861679811695, 0.9721468095735919, 0.9197035097824182, 0.6271133098135194, -0.028057398566041843, 0.9329055106422998, 0.24791787746289065, -0.21573814686046305, -0.10738233898812431, 0.8945839866680225, 0.909167389225066, 0.9251154582544433, 0.8956309478735353, 0.7282549897553102, 0.7081340086452007, 0.725059037928488, 0.7153793996745033, 0.8468514493515653, 0.8469579297622439, 0.46074627023036135], [0.8974043459057403, 0.8986497690496257, 0.8974043459057403, 0.8833247727887382, 0.8833247727887382, 0.9240865692279241, 0.9240865692279241, 1.0, 1.0, 0.86375166626413, 0.9386764402886352, 0.8609972019720322, 0.9475405325174853, 0.9426942752900218, 0.9383081464970946, 0.9248102720771403, 0.9405349332971175, 0.9726833975577467, 0.5624172018463391, 0.09245377978558118, 0.8404582638742318, 0.5002402599373957, -0.24064335303730222, 0.034038494936373245, 0.7847235096594869, 0.8026427635208474, 0.8620509527801306, 0.8420395501677175, 0.7413447003162079, 0.8691152535577079, 0.768682608138565, 0.7196180746978642, 0.7721745964089575, 0.8346272152645323, 0.7995661936224546], [0.8974043459057403, 0.8986497690496257, 0.8974043459057403, 0.8833247727887382, 0.8833247727887382, 0.9240865692279241, 0.9240865692279241, 1.0, 1.0, 0.86375166626413, 0.9386764402886352, 0.8609972019720322, 0.9475405325174853, 0.9426942752900218, 0.9383081464970946, 0.9248102720771403, 0.9405349332971175, 0.9726833975577467, 0.5624172018463391, 0.09245377978558118, 0.8404582638742318, 0.5002402599373957, -0.24064335303730222, 0.034038494936373245, 0.7847235096594869, 0.8026427635208474, 0.8620509527801306, 0.8420395501677175, 0.7413447003162079, 0.8691152535577079, 0.768682608138565, 0.7196180746978642, 0.7721745964089575, 0.8346272152645323, 0.7995661936224546], [0.9116088392096126, 0.9120862353929928, 0.9116088392096126, 0.9026595802346181, 0.9026595802346181, 0.8841190443042942, 0.8841190443042942, 0.86375166626413, 0.86375166626413, 1.0, 0.8981180299181842, 0.9999757408148646, 0.8816272146451024, 0.8479232283805542, 0.9016890287190905, 0.8876560184227248, 0.9105498839199363, 0.8882276932494565, 0.765231743312516, 0.23528437514414272, 0.8905340793322271, 0.7523470626638405, -0.3021233122796873, 0.3968585665452141, 0.8516853404975405, 0.7886505324723964, 0.8618129864240169, 0.8440847898860819, 0.7371319721117572, 0.7422237842588308, 0.8073441147795963, 0.7870643081359643, 0.8240597316627758, 0.8670737019104762, 0.7693587644141946], [0.9950248765035096, 0.9950009977043786, 0.9950248765035096, 0.9994687731402181, 0.9994687731402181, 0.9516810238229924, 0.9516810238229924, 0.9386764402886352, 0.9386764402886352, 0.8981180299181842, 1.0, 0.9002487434216977, 0.9880100192812915, 0.9843330178392055, 0.9999139174447222, 0.9520471764775954, 0.993854176701848, 0.9253336523421295, 0.8431347503586165, 0.1531735597782815, 0.9956188797530475, 0.8510461076753049, -0.42914992933618745, 0.36458271498501854, 0.8640555903324879, 0.9162955543345589, 0.9411480530971077, 0.9128026026926986, 0.8039701263575961, 0.8922011595390894, 0.8722823346533894, 0.8143993902197004, 0.8958842333883758, 0.9424146543574459, 0.7811394728354992], [0.930636919216404, 0.9313232329152389, 0.930636919216404, 0.9243371519282902, 0.9243371519282902, 0.8978087115329233, 0.8978087115329233, 0.8609972019720322, 0.8609972019720322, 0.9999757408148646, 0.9002487434216977, 1.0, 0.8816324227581687, 0.8478089677166083, 0.9017321302843068, 0.8997163871755781, 0.9155418541961333, 0.8825828408788907, 0.7101009342722364, 0.0028087374455768605, 0.9119411373287114, 0.5901627872168255, -0.220158857220259, -0.2372808301203358, 0.8609307527402912, 0.8373722896741554, 0.8437043079898844, 0.8636675228943839, 0.7798087892560146, 0.7448027456471626, 0.7807651000009597, 0.715635419053814, 0.8598020159484009, 0.759507753426914, 0.7300439722852669], [0.9926768674064227, 0.9924113255667854, 0.9926768674064227, 0.9882853914766797, 0.9882853914766797, 0.97642028787254, 0.97642028787254, 0.9475405325174853, 0.9475405325174853, 0.8816272146451024, 0.9880100192812915, 0.8816324227581687, 1.0, 0.9996875337010198, 0.9879342649909719, 0.9746499802733208, 0.989785949899393, 0.9212362771754002, 0.810081277714767, 0.19331156243917424, 0.9855620907174751, 0.8750904906515217, -0.6123531369821409, 0.4432553687264086, 0.8456386758122532, 0.9305149276691888, 0.9577775102134599, 0.9071712184592495, 0.7268052627427342, 0.892106535083362, 0.8522132708716386, 0.8060555325893489, 0.8767002142012436, 0.963039912484769, 0.8176087165145073], [0.9922757641463676, 0.9916919392621489, 0.9922757641463676, 0.9840604712072055, 0.9840604712072055, 0.9751378085266496, 0.9751378085266496, 0.9426942752900218, 0.9426942752900218, 0.8479232283805542, 0.9843330178392055, 0.8478089677166083, 0.9996875337010198, 1.0, 0.984422193955097, 0.972278994782101, 0.988055985526425, 0.9087811646507745, 0.828669541380822, 0.07286928298159358, 0.9798067405651021, 0.8839858625572401, -0.8221385690523181, 0.49042624882878744, 0.8029487906062013, 0.9361426375101829, 0.955543209269948, 0.8935116574978376, 0.6422656920235735, 0.9025738872685828, 0.8387721725241961, 0.7573385868284783, 0.9094986870490985, 0.9654345331256136, 0.7870843129594813], [0.9949962290755264, 0.9949683847365993, 0.9949962290755264, 0.9994072075536411, 0.9994072075536411, 0.9513253194833021, 0.9513253194833021, 0.9383081464970946, 0.9383081464970946, 0.9016890287190905, 0.9999139174447222, 0.9017321302843068, 0.9879342649909719, 0.984422193955097, 1.0, 0.9518168723805446, 0.9938404259540785, 0.9256459092364424, 0.8437933043380669, 0.1550527174225597, 0.9954766340988768, 0.8498408564827021, -0.42438475796245195, 0.3643532640565722, 0.8646156647390154, 0.9146962426428793, 0.9399825071357708, 0.9131599831549246, 0.8048759297435644, 0.8911700646329599, 0.8732986598306839, 0.8155536511679312, 0.8954373900311701, 0.9421490668917161, 0.7817229844992296], [0.9718067858832095, 0.9710515853093888, 0.9718067858832095, 0.9542745517472067, 0.9542745517472067, 0.9989861679811695, 0.9989861679811695, 0.9248102720771403, 0.9248102720771403, 0.8876560184227248, 0.9520471764775954, 0.8997163871755781, 0.9746499802733208, 0.972278994782101, 0.9518168723805446, 1.0, 0.9737401789093457, 0.9193577259711276, 0.6753824377523838, -0.007844418600459315, 0.943618599994049, 0.5765451605217163, -0.3475047345301795, -0.16071785413686, 0.9076248529195312, 0.9207515851536135, 0.9203185131398768, 0.903752531891072, 0.7681688294164646, 0.8340520433149187, 0.7746983220044947, 0.7728508265674762, 0.8704443319277189, 0.8436665862705384, 0.7881877713479959], [0.9988904976333614, 0.9988923121361971, 0.9988904976333614, 0.9947643095152076, 0.9947643095152076, 0.9721468095735919, 0.9721468095735919, 0.9405349332971175, 0.9405349332971175, 0.9105498839199363, 0.993854176701848, 0.9155418541961333, 0.989785949899393, 0.988055985526425, 0.9938404259540785, 0.9737401789093457, 1.0, 0.9418394530838667, 0.8490709758380884, 0.1548224339770672, 0.9868070202792054, 0.82000502337105, -0.4080766541114892, 0.3777901055949989, 0.8983258638927996, 0.9296917629307008, 0.9448819203773835, 0.9372162877113387, 0.8241849792935022, 0.8802622176708196, 0.8987578449463999, 0.8448658435161107, 0.9076211608729112, 0.9469728620275539, 0.8374914316370781], [0.9264283100456395, 0.9269852871217794, 0.9264283100456395, 0.9074755224166368, 0.9074755224166368, 0.9197035097824182, 0.9197035097824182, 0.9726833975577467, 0.9726833975577467, 0.8882276932494565, 0.9253336523421295, 0.8825828408788907, 0.9212362771754002, 0.9087811646507745, 0.9256459092364424, 0.9193577259711276, 0.9418394530838667, 1.0, 0.7286955030063024, 0.013392882611251702, 0.8705350531089443, 0.5102471602840768, -0.1341182722484204, -0.20169106971375267, 0.8228238842525052, 0.8337597489561012, 0.8292072242803579, 0.9122455367812465, 0.829993795394519, 0.7970948636642707, 0.7428778700002588, 0.7013379710159328, 0.8370932130202646, 0.7645869923922026, 0.8467563757863208], [0.7833776025264706, 0.8038200602704103, 0.7833776025264706, 0.7626663335116367, 0.7626663335116367, 0.6271133098135194, 0.6271133098135194, 0.5624172018463391, 0.5624172018463391, 0.765231743312516, 0.8431347503586165, 0.7101009342722364, 0.810081277714767, 0.828669541380822, 0.8437933043380669, 0.6753824377523838, 0.8490709758380884, 0.7286955030063024, 1.0, 0.05839034098210617, 0.7251653187081262, -0.4338718199826019, 0.3809797669427499, -0.6616899760163575, 0.3343961629026264, 0.7984170754561078, 0.48485207967313376, 0.8300903449646199, 0.6816402491611008, 0.04512850178757702, 0.2794825637123854, 0.5581728413969977, 0.776373752619774, 0.45184480179627223, -0.16983611955447706], [-0.08438918377538392, 0.12369479310886745, -0.08438918377538392, -0.09025479650079953, -0.09025479650079953, -0.028057398566041843, -0.028057398566041843, 0.09245377978558118, 0.09245377978558118, 0.23528437514414272, 0.1531735597782815, 0.0028087374455768605, 0.19331156243917424, 0.07286928298159358, 0.1550527174225597, -0.007844418600459315, 0.1548224339770672, 0.013392882611251702, 0.05839034098210617, 1.0, -0.05104724239372296, 0.13495246207282993, 0.12116281894393381, 0.7522604885778498, -0.07805642907982736, 0.03700485843612323, 0.030536736572973545, 0.19586965755917962, 0.03473723315423867, 0.11383344094242002, 0.3838071038987557, 0.5875783497412135, -0.08329100330509465, 0.14176953403650971, 0.17256901350374312], [0.9767894228150232, 0.9677903466967731, 0.9767894228150232, 0.9887173779858242, 0.9887173779858242, 0.9329055106422998, 0.9329055106422998, 0.8404582638742318, 0.8404582638742318, 0.8905340793322271, 0.9956188797530475, 0.9119411373287114, 0.9855620907174751, 0.9798067405651021, 0.9954766340988768, 0.943618599994049, 0.9868070202792054, 0.8705350531089443, 0.7251653187081262, -0.05104724239372296, 1.0, -0.004689889866855842, -0.10616122825135821, -0.3146202718287389, 0.6857142871112747, 0.9252848279984461, 0.8941406020106694, 0.8597619756502252, 0.7497323678504952, 0.5071297049236487, 0.570730325555405, 0.5414634388609924, 0.9003486850137752, 0.6374094261809577, 0.1603863403792856], [0.06648468597457809, -0.0988881763950449, 0.06648468597457809, 0.08657626958184747, 0.08657626958184747, 0.24791787746289065, 0.24791787746289065, 0.5002402599373957, 0.5002402599373957, 0.7523470626638405, 0.8510461076753049, 0.5901627872168255, 0.8750904906515217, 0.8839858625572401, 0.8498408564827021, 0.5765451605217163, 0.82000502337105, 0.5102471602840768, -0.4338718199826019, 0.13495246207282993, -0.004689889866855842, 1.0, -0.425533635667912, 0.774122088659382, 0.3617025501114202, -0.051402206758617223, 0.25385051934993574, -0.1576913761035066, 0.02026714713685779, 0.5592741570112015, 0.4476314884532759, 0.18064972763172976, -0.08073321209526356, 0.35599579957661026, 0.4638533054920547], [-0.012219716370163086, -0.00360114408182168, -0.012219716370163086, -0.04370992436653413, -0.04370992436653413, -0.21573814686046305, -0.21573814686046305, -0.24064335303730222, -0.24064335303730222, -0.3021233122796873, -0.42914992933618745, -0.220158857220259, -0.6123531369821409, -0.8221385690523181, -0.42438475796245195, -0.3475047345301795, -0.4080766541114892, -0.1341182722484204, 0.3809797669427499, 0.12116281894393381, -0.10616122825135821, -0.425533635667912, 1.0, -0.045826975877314595, -0.1316496958780337, -0.05425892739058122, -0.24799790725197973, 0.016521051154525263, -0.020235458723765344, -0.5365416064032009, -0.15818635568893774, 0.0026895783983659793, 0.026599806618097115, -0.15938617349903428, -0.40102910757502314], [-0.25221650385766164, -0.25246343763910695, -0.25221650385766164, -0.255662335419898, -0.255662335419898, -0.10738233898812431, -0.10738233898812431, 0.034038494936373245, 0.034038494936373245, 0.3968585665452141, 0.36458271498501854, -0.2372808301203358, 0.4432553687264086, 0.49042624882878744, 0.3643532640565722, -0.16071785413686, 0.3777901055949989, -0.20169106971375267, -0.6616899760163575, 0.7522604885778498, -0.3146202718287389, 0.774122088659382, -0.045826975877314595, 1.0, -0.0992697438640327, -0.2997529218908727, -0.05174823228896476, -0.3501938686198131, -0.3272081714638048, 0.10379851897217648, 0.17883089519813103, 0.272264050227601, -0.3828099347843915, 0.13899886603481276, 0.10378830212646381], [0.8235942827028184, 0.6481301838419833, 0.8235942827028184, 0.8233924658898025, 0.8233924658898025, 0.8945839866680225, 0.8945839866680225, 0.7847235096594869, 0.7847235096594869, 0.8516853404975405, 0.8640555903324879, 0.8609307527402912, 0.8456386758122532, 0.8029487906062013, 0.8646156647390154, 0.9076248529195312, 0.8983258638927996, 0.8228238842525052, 0.3343961629026264, -0.07805642907982736, 0.6857142871112747, 0.3617025501114202, -0.1316496958780337, -0.0992697438640327, 1.0, 0.6111027895732428, 0.8431739319504523, 0.4808916725844307, 0.6154633030312386, 0.5307305583752727, 0.6461278447160832, 0.41651813373205826, 0.6972010694757405, 0.6984826299624978, 0.41043725141168114], [0.9497621883971467, 0.9499243844385612, 0.9497621883971467, 0.942407032519569, 0.942407032519569, 0.909167389225066, 0.909167389225066, 0.8026427635208474, 0.8026427635208474, 0.7886505324723964, 0.9162955543345589, 0.8373722896741554, 0.9305149276691888, 0.9361426375101829, 0.9146962426428793, 0.9207515851536135, 0.9296917629307008, 0.8337597489561012, 0.7984170754561078, 0.03700485843612323, 0.9252848279984461, -0.051402206758617223, -0.05425892739058122, -0.2997529218908727, 0.6111027895732428, 1.0, 0.8310285811833696, 0.8573162678576843, 0.7089055924070371, 0.35955987654259414, 0.49282348175693574, 0.5989858474436651, 0.8996556892984305, 0.6231022154308763, 0.060372461344203286], [0.9053880818253242, 0.8774153807557544, 0.9053880818253242, 0.9105373092131497, 0.9105373092131497, 0.9251154582544433, 0.9251154582544433, 0.8620509527801306, 0.8620509527801306, 0.8618129864240169, 0.9411480530971077, 0.8437043079898844, 0.9577775102134599, 0.955543209269948, 0.9399825071357708, 0.9203185131398768, 0.9448819203773835, 0.8292072242803579, 0.48485207967313376, 0.030536736572973545, 0.8941406020106694, 0.25385051934993574, -0.24799790725197973, -0.05174823228896476, 0.8431739319504523, 0.8310285811833696, 1.0, 0.7347714432887127, 0.583651647933107, 0.5463802291908079, 0.5764401364084532, 0.529191170239029, 0.8012589321266167, 0.8175730247731269, 0.20676058497309896], [0.9279149081827412, 0.9223935357966762, 0.9279149081827412, 0.91733557735943, 0.91733557735943, 0.8956309478735353, 0.8956309478735353, 0.8420395501677175, 0.8420395501677175, 0.8440847898860819, 0.9128026026926986, 0.8636675228943839, 0.9071712184592495, 0.8935116574978376, 0.9131599831549246, 0.903752531891072, 0.9372162877113387, 0.9122455367812465, 0.8300903449646199, 0.19586965755917962, 0.8597619756502252, -0.1576913761035066, 0.016521051154525263, -0.3501938686198131, 0.4808916725844307, 0.8573162678576843, 0.7347714432887127, 1.0, 0.9013459839712039, 0.5052850376149681, 0.670721854177846, 0.663838214622928, 0.8711079579459088, 0.476128897583206, 0.2898665393271372], [0.7697540414704578, 0.7825827283961259, 0.7697540414704578, 0.7812237416830845, 0.7812237416830845, 0.7282549897553102, 0.7282549897553102, 0.7413447003162079, 0.7413447003162079, 0.7371319721117572, 0.8039701263575961, 0.7798087892560146, 0.7268052627427342, 0.6422656920235735, 0.8048759297435644, 0.7681688294164646, 0.8241849792935022, 0.829993795394519, 0.6816402491611008, 0.03473723315423867, 0.7497323678504952, 0.02026714713685779, -0.020235458723765344, -0.3272081714638048, 0.6154633030312386, 0.7089055924070371, 0.583651647933107, 0.9013459839712039, 1.0, 0.5482109681206386, 0.6528938594668069, 0.604452463789289, 0.7151277872932525, 0.5580963099251353, 0.4704877207372043], [0.4841860484878961, 0.47478178634282014, 0.4841860484878961, 0.5109663940251137, 0.5109663940251137, 0.7081340086452007, 0.7081340086452007, 0.8691152535577079, 0.8691152535577079, 0.7422237842588308, 0.8922011595390894, 0.7448027456471626, 0.892106535083362, 0.9025738872685828, 0.8911700646329599, 0.8340520433149187, 0.8802622176708196, 0.7970948636642707, 0.04512850178757702, 0.11383344094242002, 0.5071297049236487, 0.5592741570112015, -0.5365416064032009, 0.10379851897217648, 0.5307305583752727, 0.35955987654259414, 0.5463802291908079, 0.5052850376149681, 0.5482109681206386, 1.0, 0.7326763607959104, 0.36956909886207795, 0.4398680860726913, 0.5320846387441784, 0.7839839996272153], [0.6130379388410258, 0.609602885013146, 0.6130379388410258, 0.607535385973779, 0.607535385973779, 0.725059037928488, 0.725059037928488, 0.768682608138565, 0.768682608138565, 0.8073441147795963, 0.8722823346533894, 0.7807651000009597, 0.8522132708716386, 0.8387721725241961, 0.8732986598306839, 0.7746983220044947, 0.8987578449463999, 0.7428778700002588, 0.2794825637123854, 0.3838071038987557, 0.570730325555405, 0.4476314884532759, -0.15818635568893774, 0.17883089519813103, 0.6461278447160832, 0.49282348175693574, 0.5764401364084532, 0.670721854177846, 0.6528938594668069, 0.7326763607959104, 1.0, 0.7777074803406108, 0.4666485538162579, 0.7146307426311307, 0.5477282380722645], [0.6397521762141726, 0.6673652177291456, 0.6397521762141726, 0.6139273198415194, 0.6139273198415194, 0.7153793996745033, 0.7153793996745033, 0.7196180746978642, 0.7196180746978642, 0.7870643081359643, 0.8143993902197004, 0.715635419053814, 0.8060555325893489, 0.7573385868284783, 0.8155536511679312, 0.7728508265674762, 0.8448658435161107, 0.7013379710159328, 0.5581728413969977, 0.5875783497412135, 0.5414634388609924, 0.18064972763172976, 0.0026895783983659793, 0.272264050227601, 0.41651813373205826, 0.5989858474436651, 0.529191170239029, 0.663838214622928, 0.604452463789289, 0.36956909886207795, 0.7777074803406108, 1.0, 0.48457741909750235, 0.664178069991805, 0.1952055654972565], [0.9286846731584424, 0.9257134469229946, 0.9286846731584424, 0.9220116577707896, 0.9220116577707896, 0.8468514493515653, 0.8468514493515653, 0.7721745964089575, 0.7721745964089575, 0.8240597316627758, 0.8958842333883758, 0.8598020159484009, 0.8767002142012436, 0.9094986870490985, 0.8954373900311701, 0.8704443319277189, 0.9076211608729112, 0.8370932130202646, 0.776373752619774, -0.08329100330509465, 0.9003486850137752, -0.08073321209526356, 0.026599806618097115, -0.3828099347843915, 0.6972010694757405, 0.8996556892984305, 0.8012589321266167, 0.8711079579459088, 0.7151277872932525, 0.4398680860726913, 0.4666485538162579, 0.48457741909750235, 1.0, 0.7081910078172826, 0.15787382712543854], [0.8125027657681093, 0.6597998861876327, 0.8125027657681093, 0.8023847859550332, 0.8023847859550332, 0.8469579297622439, 0.8469579297622439, 0.8346272152645323, 0.8346272152645323, 0.8670737019104762, 0.9424146543574459, 0.759507753426914, 0.963039912484769, 0.9654345331256136, 0.9421490668917161, 0.8436665862705384, 0.9469728620275539, 0.7645869923922026, 0.45184480179627223, 0.14176953403650971, 0.6374094261809577, 0.35599579957661026, -0.15938617349903428, 0.13899886603481276, 0.6984826299624978, 0.6231022154308763, 0.8175730247731269, 0.476128897583206, 0.5580963099251353, 0.5320846387441784, 0.7146307426311307, 0.664178069991805, 0.7081910078172826, 1.0, 0.16680682246423034], [0.16949192609434777, 0.16570945186682404, 0.16949192609434777, 0.18181942625364683, 0.18181942625364683, 0.46074627023036135, 0.46074627023036135, 0.7995661936224546, 0.7995661936224546, 0.7693587644141946, 0.7811394728354992, 0.7300439722852669, 0.8176087165145073, 0.7870843129594813, 0.7817229844992296, 0.7881877713479959, 0.8374914316370781, 0.8467563757863208, -0.16983611955447706, 0.17256901350374312, 0.1603863403792856, 0.4638533054920547, -0.40102910757502314, 0.10378830212646381, 0.41043725141168114, 0.060372461344203286, 0.20676058497309896, 0.2898665393271372, 0.4704877207372043, 0.7839839996272153, 0.5477282380722645, 0.1952055654972565, 0.15787382712543854, 0.16680682246423034, 1.0]], "x": ["^TAIEX       \u81fa\u7063\u52a0\u6b0a\u5831\u916c\u6307\u6578", "^TWII        \u81fa\u7063\u52a0\u6b0a\u6307\u6578", "^TAIEXx2     \u81fa\u7063\u52a0\u6b0a\u5831\u916c\u6307\u6578_\u65e5\u6b632", "^TAI50I      \u81fa\u706350\u5831\u916c\u6307\u6578", "^TAI50Ix2    \u81fa\u706350\u5831\u916c\u6307\u6578_\u65e5\u6b632", "^TAI100I     \u81fa\u7063\u4e2d\u578b100\u5831\u916c\u6307\u6578", "^TAI100Ix2   \u81fa\u7063\u4e2d\u578b100\u5831\u916c\u6307\u6578_\u65e5\u6b632", "^TAIDIVIDI   \u81fa\u7063\u9ad8\u80a1\u606f\u5831\u916c\u6307\u6578", "^TAIDIVIDIx2 \u81fa\u7063\u9ad8\u80a1\u606f\u5831\u916c\u6307\u6578_\u65e5\u6b632", "0050Fund     \u5143\u5927\u53f0\u7063\u5353\u8d8a50\u57fa\u91d1", "006208Fund   \u5bcc\u90a6\u53f0\u7063\u91c6\u540950\u57fa\u91d1", "0050         \u5143\u5927\u81fa\u706350", "00631L       \u5143\u5927\u53f0\u706350\u6b632", "00675L       \u5bcc\u90a6\u81fa\u7063\u52a0\u6b0a\u6b632", "006208       \u5bcc\u90a6\u53f050", "0051         \u5143\u5927\u4e2d\u578b100", "006204       \u6c38\u8c50\u81fa\u7063\u52a0\u6b0a", "0056         \u5143\u5927\u9ad8\u80a1\u606f", "2412         \u4e2d\u83ef\u96fb\u4fe1", "2002         \u4e2d\u92fc", "2330         \u53f0\u7a4d\u96fb", "2317         \u9d3b\u6d77", "6505         \u53f0\u5851\u77f3\u5316", "3481         \u7fa4\u5275", "2303         \u806f\u96fb", "2308         \u53f0\u9054\u96fb", "2454         \u806f\u767c\u79d1", "2886         \u5146\u8c50\u91d1", "2884         \u7389\u5c71\u91d1", "2891         \u4e2d\u4fe1\u91d1", "2892         \u7b2c\u4e00\u91d1", "5880         \u5408\u5eab\u91d1", "2881         \u5bcc\u90a6\u91d1", "2885         \u5143\u5927\u91d1", "2887         \u53f0\u65b0\u91d1"], "y": ["^TAIEX       \u81fa\u7063\u52a0\u6b0a\u5831\u916c\u6307\u6578", "^TWII        \u81fa\u7063\u52a0\u6b0a\u6307\u6578", "^TAIEXx2     \u81fa\u7063\u52a0\u6b0a\u5831\u916c\u6307\u6578_\u65e5\u6b632", "^TAI50I      \u81fa\u706350\u5831\u916c\u6307\u6578", "^TAI50Ix2    \u81fa\u706350\u5831\u916c\u6307\u6578_\u65e5\u6b632", "^TAI100I     \u81fa\u7063\u4e2d\u578b100\u5831\u916c\u6307\u6578", "^TAI100Ix2   \u81fa\u7063\u4e2d\u578b100\u5831\u916c\u6307\u6578_\u65e5\u6b632", "^TAIDIVIDI   \u81fa\u7063\u9ad8\u80a1\u606f\u5831\u916c\u6307\u6578", "^TAIDIVIDIx2 \u81fa\u7063\u9ad8\u80a1\u606f\u5831\u916c\u6307\u6578_\u65e5\u6b632", "0050Fund     \u5143\u5927\u53f0\u7063\u5353\u8d8a50\u57fa\u91d1", "006208Fund   \u5bcc\u90a6\u53f0\u7063\u91c6\u540950\u57fa\u91d1", "0050         \u5143\u5927\u81fa\u706350", "00631L       \u5143\u5927\u53f0\u706350\u6b632", "00675L       \u5bcc\u90a6\u81fa\u7063\u52a0\u6b0a\u6b632", "006208       \u5bcc\u90a6\u53f050", "0051         \u5143\u5927\u4e2d\u578b100", "006204       \u6c38\u8c50\u81fa\u7063\u52a0\u6b0a", "0056         \u5143\u5927\u9ad8\u80a1\u606f", "2412         \u4e2d\u83ef\u96fb\u4fe1", "2002         \u4e2d\u92fc", "2330         \u53f0\u7a4d\u96fb", "2317         \u9d3b\u6d77", "6505         \u53f0\u5851\u77f3\u5316", "3481         \u7fa4\u5275", "2303         \u806f\u96fb", "2308         \u53f0\u9054\u96fb", "2454         \u806f\u767c\u79d1", "2886         \u5146\u8c50\u91d1", "2884         \u7389\u5c71\u91d1", "2891         \u4e2d\u4fe1\u91d1", "2892         \u7b2c\u4e00\u91d1", "5880         \u5408\u5eab\u91d1", "2881         \u5bcc\u90a6\u91d1", "2885         \u5143\u5927\u91d1", "2887         \u53f0\u65b0\u91d1"], "zmin": -1, "zmax": 1, "colorbar": {"x": -0.2}}], "layout": {"autotypenumbers": "strict", "colorway": ["#636efa", "#EF553B", "#00cc96", "#ab63fa", "#FFA15A", "#19d3f3", "#FF6692", "#B6E880", "#FF97FF", "#FECB52"], "font": {"color": "#f2f5fa", "family": "Courier New"}, "hovermode": "closest", "hoverlabel": {"align": "left"}, "paper_bgcolor": "rgb(17,17,17)", "plot_bgcolor": "rgb(17,17,17)", "polar": {"bgcolor": "rgb(17,17,17)", "angularaxis": {"gridcolor": "#506784", "linecolor": "#506784", "ticks": ""}, "radialaxis": {"gridcolor": "#506784", "linecolor": "#506784", "ticks": ""}}, "ternary": {"bgcolor": "rgb(17,17,17)", "aaxis": {"gridcolor": "#506784", "linecolor": "#506784", "ticks": ""}, "baxis": {"gridcolor": "#506784", "linecolor": "#506784", "ticks": ""}, "caxis": {"gridcolor": "#506784", "linecolor": "#506784", "ticks": ""}}, "coloraxis": {"colorbar": {"outlinewidth": 0, "ticks": ""}}, "colorscale": {"sequential": [[0.0, "#0d0887"], [0.1111111111111111, "#46039f"], [0.2222222222222222, "#7201a8"], [0.3333333333333333, "#9c179e"], [0.4444444444444444, "#bd3786"], [0.5555555555555556, "#d8576b"], [0.6666666666666666, "#ed7953"], [0.7777777777777778, "#fb9f3a"], [0.8888888888888888, "#fdca26"], [1.0, "#f0f921"]], "sequentialminus": [[0.0, "#0d0887"], [0.1111111111111111, "#46039f"], [0.2222222222222222, "#7201a8"], [0.3333333333333333, "#9c179e"], [0.4444444444444444, "#bd3786"], [0.5555555555555556, "#d8576b"], [0.6666666666666666, "#ed7953"], [0.7777777777777778, "#fb9f3a"], [0.8888888888888888, "#fdca26"], [1.0, "#f0f921"]], "diverging": [[0, "#8e0152"], [0.1, "#c51b7d"], [0.2, "#de77ae"], [0.3, "#f1b6da"], [0.4, "#fde0ef"], [0.5, "#f7f7f7"], [0.6, "#e6f5d0"], [0.7, "#b8e186"], [0.8, "#7fbc41"], [0.9, "#4d9221"], [1, "#276419"]]}, "xaxis": {"gridcolor": "rgba(0, 0, 0, 0)", "linecolor": "#506784", "ticks": "", "title": {"standoff": 15}, "zerolinecolor": "#283442", "automargin": true, "zerolinewidth": 2, "tickfont": {"family": "Courier New", "size": 14}, "side": "top", "tickangle": -90}, "yaxis": {"gridcolor": "rgba(0, 0, 0, 0)", "linecolor": "#506784", "ticks": "", "title": {"standoff": 15}, "zerolinecolor": "#283442", "automargin": true, "zerolinewidth": 2, "tickfont": {"family": "Courier New"}, "side": "right"}, "scene": {"xaxis": {"backgroundcolor": "rgb(17,17,17)", "gridcolor": "#506784", "linecolor": "#506784", "showbackground": true, "ticks": "", "zerolinecolor": "#C8D4E3", "gridwidth": 2}, "yaxis": {"backgroundcolor": "rgb(17,17,17)", "gridcolor": "#506784", "linecolor": "#506784", "showbackground": true, "ticks": "", "zerolinecolor": "#C8D4E3", "gridwidth": 2}, "zaxis": {"backgroundcolor": "rgb(17,17,17)", "gridcolor": "#506784", "linecolor": "#506784", "showbackground": true, "ticks": "", "zerolinecolor": "#C8D4E3", "gridwidth": 2}}, "shapedefaults": {"line": {"color": "#f2f5fa"}}, "annotationdefaults": {"arrowcolor": "#f2f5fa", "arrowhead": 0, "arrowwidth": 1}, "geo": {"bgcolor": "rgb(17,17,17)", "landcolor": "rgb(17,17,17)", "subunitcolor": "#506784", "showland": true, "showlakes": true, "lakecolor": "rgb(17,17,17)"}, "title": {"x": 0.05, "font": {"family": "Times New Roman"}, "y": 0.05, "text": "<b>Correlation of Close<b><br><i>2016-09-23 ~ 2025-08-11<i>"}, "updatemenudefaults": {"bgcolor": "#506784", "borderwidth": 0}, "sliderdefaults": {"bgcolor": "#C8D4E3", "borderwidth": 1, "bordercolor": "rgb(17,17,17)", "tickwidth": 0}, "mapbox": {"style": "dark"}, "annotations": [{"text": "<b>@zwindr<b>", "textangle": 0, "opacity": 0.5, "font": {"color": "white", "size": 12}, "xref": "paper", "yref": "paper", "xanchor": "left", "yanchor": "bottom", "x": 1.0, "y": 1.0, "showarrow": false}]}, "config": {"responsive": true, "toImageButtonOptions": {"filename": "Correlation of Close_2016-09-23~2025-08-11", "scale": 5}}};

    Plotly.newPlot("correlationClose",
        correlationClose.data,
        correlationClose.layout || {},
        correlationClose.config);
} else {
    // The element with the specified ID does not exist
    console.log("style display is none => correlationClose");
}