var config = { responsive: true }

var correlationClose = {"data": [{"type": "heatmap", "z": [[1.0, 0.999999999999998, 1.0, 0.9957156984266711, 0.9957156984266711, 0.9579394899817908, 0.9579394899817908, 0.8876350300510671, 0.8876350300510671, 0.9959264277389879, 0.992118716229962, 0.9918535630819303, 0.9952517802254701, 0.9698638295966908, 0.9987820970298019, 0.9289419386385931, 0.8068568676845131, 0.27862440148899575, 0.9773844102914659, 0.8000407891988705, 0.1160101284581884, -0.27740964425768133, 0.7604656350316484, 0.9459737685506897, 0.9169769372812985], [0.999999999999998, 1.0, 0.9999999999999982, 0.9956457951456403, 0.9956457951456403, 0.9572541915900507, 0.9572541915900507, 0.8891909627263298, 0.8891909627263298, 0.9958834801602912, 0.9918191762658092, 0.9911755626637756, 0.9951999156843321, 0.9690026919581536, 0.9987868016813912, 0.9296641844839911, 0.8151023390226487, 0.41106127668539694, 0.9699186571510481, 0.7717582714318505, 0.12401590856640615, -0.27700809132061943, 0.6549494729846821, 0.94672479005206, 0.9231267367384808], [1.0, 0.9999999999999982, 1.0, 0.9957156984266711, 0.9957156984266711, 0.9579394899817908, 0.9579394899817908, 0.8876350300510671, 0.8876350300510671, 0.9959264277389879, 0.992118716229962, 0.9918535630819303, 0.9952517802254701, 0.9698638295966908, 0.9987820970298019, 0.9289419386385931, 0.8068568676845131, 0.27862440148899575, 0.9773844102914659, 0.8000407891988705, 0.1160101284581884, -0.27740964425768133, 0.7604656350316484, 0.9459737685506897, 0.9169769372812985], [0.9957156984266711, 0.9956457951456403, 0.9957156984266711, 1.0, 1.0, 0.9444188779559906, 0.9444188779559906, 0.8728590344409823, 0.8728590344409823, 0.9996097071685487, 0.9884461092982524, 0.9845497236032781, 0.9993299666082319, 0.9519395862000368, 0.9946095706494552, 0.9125885995812403, 0.7834702883899968, 0.253613262342256, 0.988549592320975, 0.7925459721548572, 0.08908527162037953, -0.2821033992549364, 0.7705298883852889, 0.9341432140860224, 0.9169311344836241], [0.9957156984266711, 0.9956457951456403, 0.9957156984266711, 1.0, 1.0, 0.9444188779559906, 0.9444188779559906, 0.8728590344409823, 0.8728590344409823, 0.9996097071685487, 0.9884461092982524, 0.9845497236032781, 0.9993299666082319, 0.9519395862000368, 0.9946095706494552, 0.9125885995812403, 0.7834702883899968, 0.253613262342256, 0.988549592320975, 0.7925459721548572, 0.08908527162037953, -0.2821033992549364, 0.7705298883852889, 0.9341432140860224, 0.9169311344836241], [0.9579394899817908, 0.9572541915900507, 0.9579394899817908, 0.9444188779559906, 0.9444188779559906, 1.0, 1.0, 0.9173126129889668, 0.9173126129889668, 0.9481942657853443, 0.9755839972127444, 0.9745146819422006, 0.9493061087530584, 0.9989521195927885, 0.9703181560303974, 0.9193195023202635, 0.6752699215828395, 0.2146253789992559, 0.9281948673738419, 0.7245674535768529, -0.11653270468211967, -0.12689501052635702, 0.8709211972723505, 0.8991003912359102, 0.9190442399893525], [0.9579394899817908, 0.9572541915900507, 0.9579394899817908, 0.9444188779559906, 0.9444188779559906, 1.0, 1.0, 0.9173126129889668, 0.9173126129889668, 0.9481942657853443, 0.9755839972127444, 0.9745146819422006, 0.9493061087530584, 0.9989521195927885, 0.9703181560303974, 0.9193195023202635, 0.6752699215828395, 0.2146253789992559, 0.9281948673738419, 0.7245674535768529, -0.11653270468211967, -0.12689501052635702, 0.8709211972723505, 0.8991003912359102, 0.9190442399893525], [0.8876350300510671, 0.8891909627263298, 0.8876350300510671, 0.8728590344409823, 0.8728590344409823, 0.9173126129889668, 0.9173126129889668, 1.0, 1.0, 0.8951532449163241, 0.9433587452921696, 0.938214431164945, 0.9331769352487439, 0.9183096994805346, 0.9345973772865215, 0.9758072524036243, 0.616367622011367, 0.26287484227807534, 0.8256182985470074, 0.7393320973866488, -0.1488856411476716, 0.02146622466651956, 0.7802286608392927, 0.783844384874629, 0.8489918175436396], [0.8876350300510671, 0.8891909627263298, 0.8876350300510671, 0.8728590344409823, 0.8728590344409823, 0.9173126129889668, 0.9173126129889668, 1.0, 1.0, 0.8951532449163241, 0.9433587452921696, 0.938214431164945, 0.9331769352487439, 0.9183096994805346, 0.9345973772865215, 0.9758072524036243, 0.616367622011367, 0.26287484227807534, 0.8256182985470074, 0.7393320973866488, -0.1488856411476716, 0.02146622466651956, 0.7802286608392927, 0.783844384874629, 0.8489918175436396], [0.9959264277389879, 0.9958834801602912, 0.9959264277389879, 0.9996097071685487, 0.9996097071685487, 0.9481942657853443, 0.9481942657853443, 0.8951532449163241, 0.8951532449163241, 1.0, 0.9871053691083551, 0.9833757353331445, 0.9993783399147625, 0.9503645416495411, 0.9944270555747442, 0.912152480650559, 0.8245079186285393, 0.08659094375184581, 0.9915554028919619, 0.7893431468921244, -0.1728869118362573, -0.3142891475625853, 0.8862398944555103, 0.9282465960251863, 0.9031209134264837], [0.992118716229962, 0.9918191762658092, 0.992118716229962, 0.9884461092982524, 0.9884461092982524, 0.9755839972127444, 0.9755839972127444, 0.9433587452921696, 0.9433587452921696, 0.9871053691083551, 1.0, 0.9996528954389434, 0.9882404313750187, 0.9740966779779009, 0.9888282472980162, 0.9256034666615122, 0.7893380211763079, 0.27630013215457166, 0.9872048493072484, 0.7116432891004961, -0.5614480700960341, 0.240308607502228, 0.8544014811374478, 0.9291434918375578, 0.9542757042376746], [0.9918535630819303, 0.9911755626637756, 0.9918535630819303, 0.9845497236032781, 0.9845497236032781, 0.9745146819422006, 0.9745146819422006, 0.938214431164945, 0.938214431164945, 0.9833757353331445, 0.9996528954389434, 1.0, 0.9853597418351951, 0.9718935816154446, 0.9870803720017528, 0.9143406438050882, 0.8124941926164944, 0.16149752130340309, 0.9820674775938953, 0.7166104362301867, -0.8050240964998149, 0.284076107452174, 0.813976861779467, 0.9359282647328647, 0.9521544761584962], [0.9952517802254701, 0.9951999156843321, 0.9952517802254701, 0.9993299666082319, 0.9993299666082319, 0.9493061087530584, 0.9493061087530584, 0.9331769352487439, 0.9331769352487439, 0.9993783399147625, 0.9882404313750187, 0.9853597418351951, 1.0, 0.9509078296524699, 0.9937118125762078, 0.9343350245018133, 0.8257870743105055, 0.2765757539970309, 0.9950807561047752, 0.7536219054634847, -0.335927617137209, 0.1858333483709506, 0.8776408374711283, 0.9061510157344134, 0.9332359014898505], [0.9698638295966908, 0.9690026919581536, 0.9698638295966908, 0.9519395862000368, 0.9519395862000368, 0.9989521195927885, 0.9989521195927885, 0.9183096994805346, 0.9183096994805346, 0.9503645416495411, 0.9740966779779009, 0.9718935816154446, 0.9509078296524699, 1.0, 0.9726159412557025, 0.9182556398680112, 0.7492626481143994, 0.18196281365894482, 0.941991825410552, 0.7212720058156721, -0.2677048547928808, -0.20101010118575183, 0.9089643726938074, 0.9191918490757418, 0.9158069777716206], [0.9987820970298019, 0.9987868016813912, 0.9987820970298019, 0.9946095706494552, 0.9946095706494552, 0.9703181560303974, 0.9703181560303974, 0.9345973772865215, 0.9345973772865215, 0.9944270555747442, 0.9888282472980162, 0.9870803720017528, 0.9937118125762078, 0.9726159412557025, 1.0, 0.9462098483398611, 0.8331154482076857, 0.2842423608569024, 0.9868287063822359, 0.7394616622126393, -0.3276343633039985, 0.19637490255477222, 0.906929485915954, 0.9262560523284187, 0.9389018971132571], [0.9289419386385931, 0.9296641844839911, 0.9289419386385931, 0.9125885995812403, 0.9125885995812403, 0.9193195023202635, 0.9193195023202635, 0.9758072524036243, 0.9758072524036243, 0.912152480650559, 0.9256034666615122, 0.9143406438050882, 0.9343350245018133, 0.9182556398680112, 0.9462098483398611, 1.0, 0.7646677837615918, 0.21536209141330245, 0.8758249974753973, 0.7159518029092145, -0.057137409261236616, -0.2357963692144454, 0.8173555758633946, 0.8387879451235261, 0.8295374420119014], [0.8068568676845131, 0.8151023390226487, 0.8068568676845131, 0.7834702883899968, 0.7834702883899968, 0.6752699215828395, 0.6752699215828395, 0.616367622011367, 0.616367622011367, 0.8245079186285393, 0.7893380211763079, 0.8124941926164944, 0.8257870743105055, 0.7492626481143994, 0.8331154482076857, 0.7646677837615918, 1.0, 0.5311639885443192, 0.7374680642314911, 0.7744866263617414, 0.5084450410706819, -0.5814121409358091, 0.2586167865781889, 0.8270583762002242, 0.6478121653524702], [0.27862440148899575, 0.41106127668539694, 0.27862440148899575, 0.253613262342256, 0.253613262342256, 0.2146253789992559, 0.2146253789992559, 0.26287484227807534, 0.26287484227807534, 0.08659094375184581, 0.27630013215457166, 0.16149752130340309, 0.2765757539970309, 0.18196281365894482, 0.2842423608569024, 0.21536209141330245, 0.5311639885443192, 1.0, 0.26006700117979537, 0.5699935500525212, 0.38156952625592666, 0.553764163014227, 0.026430285908749133, 0.4249888963988121, 0.39674996339261664], [0.9773844102914659, 0.9699186571510481, 0.9773844102914659, 0.988549592320975, 0.988549592320975, 0.9281948673738419, 0.9281948673738419, 0.8256182985470074, 0.8256182985470074, 0.9915554028919619, 0.9872048493072484, 0.9820674775938953, 0.9950807561047752, 0.941991825410552, 0.9868287063822359, 0.8758249974753973, 0.7374680642314911, 0.26006700117979537, 1.0, 0.7343548453755877, 0.03093550942214755, -0.3476552271696893, 0.6693185695012068, 0.9170236005436848, 0.9067741290712802], [0.8000407891988705, 0.7717582714318505, 0.8000407891988705, 0.7925459721548572, 0.7925459721548572, 0.7245674535768529, 0.7245674535768529, 0.7393320973866488, 0.7393320973866488, 0.7893431468921244, 0.7116432891004961, 0.7166104362301867, 0.7536219054634847, 0.7212720058156721, 0.7394616622126393, 0.7159518029092145, 0.7744866263617414, 0.5699935500525212, 0.7343548453755877, 1.0, 0.22182689931812988, -0.04445492315873771, 0.22542028251772017, 0.826130174445812, 0.7364469198021427], [0.1160101284581884, 0.12401590856640615, 0.1160101284581884, 0.08908527162037953, 0.08908527162037953, -0.11653270468211967, -0.11653270468211967, -0.1488856411476716, -0.1488856411476716, -0.1728869118362573, -0.5614480700960341, -0.8050240964998149, -0.335927617137209, -0.2677048547928808, -0.3276343633039985, -0.057137409261236616, 0.5084450410706819, 0.38156952625592666, 0.03093550942214755, 0.22182689931812988, 1.0, -0.09287855850763022, -0.15645711976841395, 0.11017083430849904, -0.0828092347428384], [-0.27740964425768133, -0.27700809132061943, -0.27740964425768133, -0.2821033992549364, -0.2821033992549364, -0.12689501052635702, -0.12689501052635702, 0.02146622466651956, 0.02146622466651956, -0.3142891475625853, 0.240308607502228, 0.284076107452174, 0.1858333483709506, -0.20101010118575183, 0.19637490255477222, -0.2357963692144454, -0.5814121409358091, 0.553764163014227, -0.3476552271696893, -0.04445492315873771, -0.09287855850763022, 1.0, -0.060159253772684704, -0.34585778248614224, -0.07471585018156159], [0.7604656350316484, 0.6549494729846821, 0.7604656350316484, 0.7705298883852889, 0.7705298883852889, 0.8709211972723505, 0.8709211972723505, 0.7802286608392927, 0.7802286608392927, 0.8862398944555103, 0.8544014811374478, 0.813976861779467, 0.8776408374711283, 0.9089643726938074, 0.906929485915954, 0.8173555758633946, 0.2586167865781889, 0.026430285908749133, 0.6693185695012068, 0.22542028251772017, -0.15645711976841395, -0.060159253772684704, 1.0, 0.5299028129558728, 0.7302496134724837], [0.9459737685506897, 0.94672479005206, 0.9459737685506897, 0.9341432140860224, 0.9341432140860224, 0.8991003912359102, 0.8991003912359102, 0.783844384874629, 0.783844384874629, 0.9282465960251863, 0.9291434918375578, 0.9359282647328647, 0.9061510157344134, 0.9191918490757418, 0.9262560523284187, 0.8387879451235261, 0.8270583762002242, 0.4249888963988121, 0.9170236005436848, 0.826130174445812, 0.11017083430849904, -0.34585778248614224, 0.5299028129558728, 1.0, 0.8793263062442819], [0.9169769372812985, 0.9231267367384808, 0.9169769372812985, 0.9169311344836241, 0.9169311344836241, 0.9190442399893525, 0.9190442399893525, 0.8489918175436396, 0.8489918175436396, 0.9031209134264837, 0.9542757042376746, 0.9521544761584962, 0.9332359014898505, 0.9158069777716206, 0.9389018971132571, 0.8295374420119014, 0.6478121653524702, 0.39674996339261664, 0.9067741290712802, 0.7364469198021427, -0.0828092347428384, -0.07471585018156159, 0.7302496134724837, 0.8793263062442819, 1.0]], "x": ["^TAIEX       \u81fa\u7063\u52a0\u6b0a\u5831\u916c\u6307\u6578", "^TWII        \u81fa\u7063\u52a0\u6b0a\u6307\u6578", "^TAIEXx2     \u81fa\u7063\u52a0\u6b0a\u5831\u916c\u6307\u6578_\u65e5\u6b632", "^TAI50I      \u81fa\u706350\u5831\u916c\u6307\u6578", "^TAI50Ix2    \u81fa\u706350\u5831\u916c\u6307\u6578_\u65e5\u6b632", "^TAI100I     \u81fa\u7063\u4e2d\u578b100\u5831\u916c\u6307\u6578", "^TAI100Ix2   \u81fa\u7063\u4e2d\u578b100\u5831\u916c\u6307\u6578_\u65e5\u6b632", "^TAIDIVIDI   \u81fa\u7063\u9ad8\u80a1\u606f\u5831\u916c\u6307\u6578", "^TAIDIVIDIx2 \u81fa\u7063\u9ad8\u80a1\u606f\u5831\u916c\u6307\u6578_\u65e5\u6b632", "0050         \u5143\u5927\u81fa\u706350", "00631L       \u5143\u5927\u53f0\u706350\u6b632", "00675L       \u5bcc\u90a6\u81fa\u7063\u52a0\u6b0a\u6b632", "006208       \u5bcc\u90a6\u53f050", "0051         \u5143\u5927\u4e2d\u578b100", "006204       \u6c38\u8c50\u81fa\u7063\u52a0\u6b0a", "0056         \u5143\u5927\u9ad8\u80a1\u606f", "2412         \u4e2d\u83ef\u96fb\u4fe1", "2002         \u4e2d\u92fc", "2330         \u53f0\u7a4d\u96fb", "2317         \u9d3b\u6d77", "6505         \u53f0\u5851\u77f3\u5316", "3481         \u7fa4\u5275", "2303         \u806f\u96fb", "2308         \u53f0\u9054\u96fb", "2454         \u806f\u767c\u79d1"], "y": ["^TAIEX       \u81fa\u7063\u52a0\u6b0a\u5831\u916c\u6307\u6578", "^TWII        \u81fa\u7063\u52a0\u6b0a\u6307\u6578", "^TAIEXx2     \u81fa\u7063\u52a0\u6b0a\u5831\u916c\u6307\u6578_\u65e5\u6b632", "^TAI50I      \u81fa\u706350\u5831\u916c\u6307\u6578", "^TAI50Ix2    \u81fa\u706350\u5831\u916c\u6307\u6578_\u65e5\u6b632", "^TAI100I     \u81fa\u7063\u4e2d\u578b100\u5831\u916c\u6307\u6578", "^TAI100Ix2   \u81fa\u7063\u4e2d\u578b100\u5831\u916c\u6307\u6578_\u65e5\u6b632", "^TAIDIVIDI   \u81fa\u7063\u9ad8\u80a1\u606f\u5831\u916c\u6307\u6578", "^TAIDIVIDIx2 \u81fa\u7063\u9ad8\u80a1\u606f\u5831\u916c\u6307\u6578_\u65e5\u6b632", "0050         \u5143\u5927\u81fa\u706350", "00631L       \u5143\u5927\u53f0\u706350\u6b632", "00675L       \u5bcc\u90a6\u81fa\u7063\u52a0\u6b0a\u6b632", "006208       \u5bcc\u90a6\u53f050", "0051         \u5143\u5927\u4e2d\u578b100", "006204       \u6c38\u8c50\u81fa\u7063\u52a0\u6b0a", "0056         \u5143\u5927\u9ad8\u80a1\u606f", "2412         \u4e2d\u83ef\u96fb\u4fe1", "2002         \u4e2d\u92fc", "2330         \u53f0\u7a4d\u96fb", "2317         \u9d3b\u6d77", "6505         \u53f0\u5851\u77f3\u5316", "3481         \u7fa4\u5275", "2303         \u806f\u96fb", "2308         \u53f0\u9054\u96fb", "2454         \u806f\u767c\u79d1"], "zmin": -1, "zmax": 1, "colorbar": {"x": -0.2}}], "layout": {"title": {"text": "<b>Correlation of Close<b><br><i>2016/09/23 ~ 2025/04/24<i>", "y": 0.05, "font": {"family": "Times New Roman"}, "x": 0.05}, "xaxis": {"side": "top", "tickangle": -90, "gridcolor": "rgba(0, 0, 0, 0)", "tickfont": {"family": "Courier New", "size": 14}, "automargin": true}, "yaxis": {"side": "right", "gridcolor": "rgba(0, 0, 0, 0)", "tickfont": {"family": "Courier New"}, "automargin": true}, "height": 600, "font": {"family": "Courier New", "color": "#ffffff"}, "plot_bgcolor": "#000", "paper_bgcolor": "#000"}};

Plotly.newPlot("correlationClose",
    correlationClose.data,
    correlationClose.layout || {},
    config);