var element=document.getElementById("correlationAdjClose");if(element.style.display!='none'){var correlationAdjClose={"data":[{"type":"heatmap","z":[[1.0,0.9955440674177317,0.9711869857355676,0.9967271789567603,0.9462390876746557,0.9854142687315303,0.9582667640757281,0.9865587671959399,0.9769211738862608,0.99687873384315,0.9964097593836537,0.9968564279348668,0.9910143226555559,0.9922842757815987,0.996524114459428,0.9865932333067525,0.9997409450887782,0.9861681762608927,0.8942397747965626,0.913173774559949,0.6621683496314149,0.9840777997237079,0.9402210148755537,0.3300245714365746,-0.28317457343470237,0.9032726147149294,0.9203829617862084,0.9637728294042949,0.9703145054698205,0.9626910084367726,0.9811411518367147,0.966235584259801,0.9327953181620031,0.9828399725996902,0.9777351785958709,0.9589230851034256],[0.9955440674177317,1.0,0.9689701677721949,0.9923039076088122,0.944042963246143,0.9818391064549549,0.9551377684396655,0.9788809525131786,0.9714577074262158,0.9935037364434484,0.9952035669603565,0.9947910012434553,0.9908357655485923,0.9912293886136211,0.9952850493666636,0.9820517624168242,0.9976493056852471,0.9806646828301512,0.9121245962011708,0.9032329377618941,0.6849231499664635,0.9707350194077529,0.9243204896776179,0.3285085088206868,-0.2180124754036007,0.8835831700251771,0.9168411338003863,0.9632180237974979,0.9521477436939958,0.9511444143357453,0.9733667469882888,0.952937990605746,0.9318596951719635,0.9740219644373747,0.9700219205378793,0.9542429889689221],[0.9711869857355676,0.9689701677721949,1.0,0.9831260440638252,0.9937682100981104,0.9665446590276459,0.9779640543292927,0.9450001411502176,0.9692876137352956,0.9829190771758656,0.9896224624179586,0.9863448067144912,0.9972108986080275,0.9970364911185703,0.9892737778057682,0.9637530324532445,0.9818842735399682,0.9441674559462198,0.8393523274586259,0.8054937104224266,0.5165872862489842,0.9921293260766334,0.9331810381708443,0.15493823232884435,-0.201911020924374,0.8761568629376806,0.9515746709364816,0.9646477172053466,0.8956596164782948,0.8941410292636508,0.9654918905901636,0.8934544660613261,0.8613180543411645,0.9530701986671355,0.9686769454153716,0.9126915675575928],[0.9967271789567603,0.9923039076088122,0.9831260440638252,1.0,0.9659739073211236,0.9767509346416053,0.9570368689226918,0.975476810044854,0.9721454708935618,0.999974064523032,0.9999930398034842,0.99996722517808,0.9937397848572336,0.9929710628481276,0.9999563273610741,0.9752434570291482,0.9958420635701729,0.9746749060175736,0.8735851750966334,0.8913847333853988,0.6192730250909676,0.9941556751379917,0.9441271667256987,0.29368135387676886,-0.2694808997265395,0.8928797168631425,0.9368275117561349,0.9658558621020825,0.953638702826723,0.9530292934034614,0.9830236516197183,0.9499718068527343,0.9127374282330221,0.9778246001090631,0.9757925352656546,0.9470147192042488],[0.9462390876746557,0.944042963246143,0.9937682100981104,0.9659739073211236,1.0,0.9337768622254655,0.9544565913284385,0.9099330652561932,0.9411809755658948,0.9661668779848521,0.9757865178390109,0.9716914790700001,0.9830603742952699,0.9810868651669667,0.975179021407123,0.9296180112185843,0.9583779916037153,0.9086627726483101,0.7952739862902387,0.7644047488973816,0.45855580993077316,0.9828881424563994,0.9197951041821745,0.11659870595500439,-0.18612898186541801,0.8352917477095129,0.9607138526181205,0.9422265366054923,0.8534639462150332,0.8600061253286597,0.9470216208280895,0.8523392857815333,0.8125373361139402,0.9254874218054209,0.9439181889295503,0.8750664079378434],[0.9854142687315303,0.9818391064549549,0.9665446590276459,0.9767509346416053,0.9337768622254655,1.0,0.9832117291145306,0.9824762947875609,0.9843764409060319,0.9762788453755499,0.97070232886147,0.9742597490565036,0.9691723623916373,0.966713657676034,0.9707701237101587,0.9999086421534308,0.9877343537137864,0.9832554761776209,0.8998928340490996,0.8718288499981657,0.6322367550068262,0.9673539988247849,0.9142974225521899,0.21233641722789276,-0.21152099115535625,0.9345495120191534,0.8932168864126303,0.9677923747425107,0.9560984964505248,0.9363889000039635,0.9620073671186445,0.9533711581539014,0.9460294002482665,0.9656362037181765,0.9813833589772553,0.9614249230136448],[0.9582667640757281,0.9551377684396655,0.9779640543292927,0.9570368689226918,0.9544565913284385,0.9832117291145306,1.0,0.95286416110731,0.984137927076614,0.9558831187120875,0.9648295717711767,0.9617862401925187,0.9778551499050079,0.9777949077049892,0.9646378594615087,0.9843509864057168,0.9750625323654349,0.9549935061821121,0.8605684961314785,0.7913313416967674,0.5187776762637718,0.9603849490901565,0.9166824640698745,0.07475731109292515,-0.15107859407864604,0.896004499340593,0.90362268056814,0.9632548745173244,0.8977753251660925,0.8743205586773778,0.9459882608690738,0.8944880896139789,0.8928221101147316,0.9392362643892761,0.9724605941317646,0.9190522309643366],[0.9865587671959399,0.9788809525131786,0.9450001411502176,0.975476810044854,0.9099330652561932,0.9824762947875609,0.95286416110731,1.0,0.9841634436977427,0.9754687088099587,0.9699886579866446,0.974223370805144,0.9571745987441314,0.9554858495484316,0.9703274804303186,0.9842868019673638,0.9836139408706979,0.9998900274455902,0.9289285249416179,0.9311691185581483,0.6064933942124466,0.9602169355948108,0.9059502144548184,0.18883405105783302,-0.3013537328926516,0.9120202307653877,0.8573596963647041,0.9478887615105542,0.9788193186691416,0.9596377623104966,0.9674257126778977,0.9673543940340829,0.9372834007805297,0.9660262468978462,0.9612928081046541,0.970073071058934],[0.9769211738862608,0.9714577074262158,0.9692876137352956,0.9721454708935618,0.9411809755658948,0.9843764409060319,0.984137927076614,0.9841634436977427,1.0,0.9715037201412269,0.966967353889021,0.9701758760877515,0.9653024533815276,0.9612682011542975,0.967000999756103,0.9835404140682689,0.9761051264706013,0.9835334614503335,0.9021240752432957,0.8656387721117677,0.5213678817772703,0.9675242461471758,0.925395358685953,0.04921836359587551,-0.22399544393392945,0.8913636870023415,0.8752618611039492,0.9681229171486778,0.9370116408202596,0.9106851618132503,0.9653100015778938,0.925389047180575,0.9019556523234988,0.9575149329375061,0.9757461798698736,0.9347621197899073],[0.99687873384315,0.9935037364434484,0.9829190771758656,0.999974064523032,0.9661668779848521,0.9762788453755499,0.9558831187120875,0.9754687088099587,0.9715037201412269,1.0,0.9999919048920497,0.9999843258055024,0.993686367904626,0.9929113415107653,0.9999596152274367,0.9747762426791335,0.9957335422105391,0.9747562496421672,0.875239236219972,0.8926623750440494,0.6151466459976155,0.9943566776827165,0.9442393615845353,0.2984806354153987,-0.2689616170982335,0.8932980216448271,0.9353408708923856,0.9645841217052642,0.9532870864378954,0.9521830488882778,0.9822633442571682,0.9493422062231851,0.9113861480803533,0.9770972616186485,0.9749303134206834,0.9457748364983629],[0.9964097593836537,0.9952035669603565,0.9896224624179586,0.9999930398034842,0.9757865178390109,0.97070232886147,0.9648295717711767,0.9699886579866446,0.966967353889021,0.9999919048920497,1.0,0.9999767395760543,0.9937763012009074,0.9929865402677253,0.9999619086309267,0.970238270645082,0.995541366624841,0.9703656634298151,0.893243446552269,0.9211166081471808,0.4758602787135803,0.997359401765844,0.9328919007332174,-0.1843600794052214,0.4274873399426889,0.8870745758375165,0.9123553397257643,0.9649127685613282,0.9413181925710089,0.9352715584636683,0.9757819351673754,0.9279530314394923,0.8829866355342655,0.9684506332143926,0.982456742403859,0.9423262841016161],[0.9968564279348668,0.9947910012434553,0.9863448067144912,0.99996722517808,0.9716914790700001,0.9742597490565036,0.9617862401925187,0.974223370805144,0.9701758760877515,0.9999843258055024,0.9999767395760543,1.0,0.9936499801925724,0.9928605976352217,0.9999699633866619,0.9739354523068797,0.9956593621789985,0.9740803027200701,0.8823953915187639,0.9095348861686201,0.5479987704311354,0.9964016388148951,0.9421527613683314,0.026123348508837897,-0.1599969024147775,0.9028892014824322,0.9234610132506144,0.960387584595606,0.9456943901698248,0.9424228444146324,0.9794964682422507,0.9391341839755974,0.9034624124807416,0.9735612606144857,0.9749006115182917,0.9486758060188452],[0.9910143226555559,0.9908357655485923,0.9972108986080275,0.9937397848572336,0.9830603742952699,0.9691723623916373,0.9778551499050079,0.9571745987441314,0.9653024533815276,0.993686367904626,0.9937763012009074,0.9936499801925724,1.0,0.9998157178756092,0.9936462814290713,0.9684644686939264,0.9913466181340367,0.9572280366640488,0.8722929047443223,0.9045333797244988,0.3855158212267916,0.99133269624772,0.9274924815403233,-0.435576424264071,0.4474280365753733,0.863145034963228,0.9221964150027782,0.9617614933830004,0.9142247241616013,0.9013452853077022,0.9618684498767341,0.8989720412624886,0.8397962320535831,0.9595885851692587,0.9761026838565233,0.9330345395106098],[0.9922842757815987,0.9912293886136211,0.9970364911185703,0.9929710628481276,0.9810868651669667,0.966713657676034,0.9777949077049892,0.9554858495484316,0.9612682011542975,0.9929113415107653,0.9929865402677253,0.9928605976352217,0.9998157178756092,1.0,0.9929752481660895,0.9658920243089594,0.9924221209778585,0.9556558697699014,0.8557374975097221,0.9147002895447752,0.2387770289064023,0.9886230999078293,0.9213388795801243,-0.7481814609229606,0.4226561303276809,0.8325516910841679,0.9223917884193665,0.9566748994042904,0.9058725801371292,0.8932435971655684,0.9572000921205046,0.9005657240655746,0.8157416293431563,0.9580188712324658,0.9745364578566535,0.9304261960486073],[0.996524114459428,0.9952850493666636,0.9892737778057682,0.9999563273610741,0.975179021407123,0.9707701237101587,0.9646378594615087,0.9703274804303186,0.967000999756103,0.9999596152274367,0.9999619086309267,0.9999699633866619,0.9936462814290713,0.9929752481660895,1.0,0.9703773570660623,0.9956484008160562,0.9705752448455502,0.893706863858021,0.921650749471705,0.4762765082956444,0.9971632018684949,0.9329877169072246,-0.1821683943882058,0.42944006163476145,0.8875085983394337,0.911308296616228,0.9646745005558085,0.9415263515251663,0.935744185778235,0.9758199904396266,0.9284663435772138,0.8834176990289035,0.9683997888881941,0.9825545633044602,0.9431368294365466],[0.9865932333067525,0.9820517624168242,0.9637530324532445,0.9752434570291482,0.9296180112185843,0.9999086421534308,0.9843509864057168,0.9842868019673638,0.9835404140682689,0.9747762426791335,0.970238270645082,0.9739354523068797,0.9684644686939264,0.9658920243089594,0.9703773570660623,1.0,0.9876520563019036,0.9835348810006465,0.9028460618918225,0.8957513236044494,0.6156749343770338,0.9647033889409707,0.9093413195432917,0.06241090196762826,-0.18264862139828478,0.9410201486796722,0.881165002325931,0.9652557592553093,0.9592741123374633,0.9340082090249028,0.9588663508882465,0.9546063616683563,0.9444154750123918,0.9676226402529378,0.9805610836909564,0.9652662437971917],[0.9997409450887782,0.9976493056852471,0.9818842735399682,0.9958420635701729,0.9583779916037153,0.9877343537137864,0.9750625323654349,0.9836139408706979,0.9761051264706013,0.9957335422105391,0.995541366624841,0.9956593621789985,0.9913466181340367,0.9924221209778585,0.9956484008160562,0.9876520563019036,1.0,0.9839234754214898,0.9162164069981361,0.9341671419772986,0.539382264326371,0.9882525007505248,0.9254098065344164,-0.12405680744728659,0.4523046960029012,0.9174584389243396,0.8972741751338841,0.9691014731041239,0.9619228153378694,0.9467895178567486,0.9740205165283553,0.9495863626880098,0.9178437040896218,0.9761721260268998,0.9883400368353294,0.9649869051959703],[0.9861681762608927,0.9806646828301512,0.9441674559462198,0.9746749060175736,0.9086627726483101,0.9832554761776209,0.9549935061821121,0.9998900274455902,0.9835334614503335,0.9747562496421672,0.9703656634298151,0.9740803027200701,0.9572280366640488,0.9556558697699014,0.9705752448455502,0.9835348810006465,0.9839234754214898,1.0,0.9317977118894464,0.9373480253711907,0.6032554253925133,0.9583361082979523,0.9093968644156634,0.1516710184006875,-0.27668631994872,0.9166040826744634,0.8520848346717028,0.9477413584018932,0.979323597827229,0.9591698896699696,0.9657034114247994,0.9661849110851598,0.9369035818673657,0.9652466139870726,0.9592862700346074,0.9710452718218401],[0.8942397747965626,0.9121245962011708,0.8393523274586259,0.8735851750966334,0.7952739862902387,0.8998928340490996,0.8605684961314785,0.9289285249416179,0.9021240752432957,0.875239236219972,0.893243446552269,0.8823953915187639,0.8722929047443223,0.8557374975097221,0.893706863858021,0.9028460618918225,0.9162164069981361,0.9317977118894464,1.0,0.8351640923604329,0.6830130697727296,0.8431903767572504,0.8088629735252063,0.23878671070551513,-0.15815985995518206,0.862674380100196,0.7238460352138366,0.8572956395855009,0.896492500778547,0.8644635760133663,0.8524867795435914,0.8766129902858708,0.8626300690165242,0.8582047877000282,0.8718581470102097,0.8972062176547301],[0.913173774559949,0.9032329377618941,0.8054937104224266,0.8913847333853988,0.7644047488973816,0.8718288499981657,0.7913313416967674,0.9311691185581483,0.8656387721117677,0.8926623750440494,0.9211166081471808,0.9095348861686201,0.9045333797244988,0.9147002895447752,0.921650749471705,0.8957513236044494,0.9341671419772986,0.9373480253711907,0.8351640923604329,1.0,0.8180775183860337,0.8394615162761911,0.8660986825505546,0.6160210849578391,-0.515898769122442,0.7269868175285564,0.7926789809815429,0.8164150076320144,0.9607549577797457,0.9394018293600698,0.8923140134052384,0.948659899144423,0.9040368877226731,0.9003073637302399,0.8492955429811427,0.8874870473914066],[0.6621683496314149,0.6849231499664635,0.5165872862489842,0.6192730250909676,0.45855580993077316,0.6322367550068262,0.5187776762637718,0.6064933942124466,0.5213678817772703,0.6151466459976155,0.4758602787135803,0.5479987704311354,0.3855158212267916,0.2387770289064023,0.4762765082956444,0.6156749343770338,0.539382264326371,0.6032554253925133,0.6830130697727296,0.8180775183860337,1.0,0.5514936264173265,0.6677828543706483,0.7226007726987833,-0.11595394174302015,0.5278960986593414,0.5361954803457358,0.5888095431782164,0.7624662509444312,0.6890223321828607,0.5942626695350269,0.7245462769404655,0.7464220962660729,0.6430894552388963,0.6063338432171451,0.6612173833940216],[0.9840777997237079,0.9707350194077529,0.9921293260766334,0.9941556751379917,0.9828881424563994,0.9673539988247849,0.9603849490901565,0.9602169355948108,0.9675242461471758,0.9943566776827165,0.997359401765844,0.9964016388148951,0.99133269624772,0.9886230999078293,0.9971632018684949,0.9647033889409707,0.9882525007505248,0.9583361082979523,0.8431903767572504,0.8394615162761911,0.5514936264173265,1.0,0.9222346489786957,0.22146225470983624,-0.25770520761689003,0.8741449347309347,0.9464979616437605,0.9670832829219533,0.9168704237000748,0.9301630656011922,0.9746100104831725,0.9224675442658962,0.8806492733101223,0.9644533404404417,0.9617338906856623,0.9257621147170692],[0.9402210148755537,0.9243204896776179,0.9331810381708443,0.9441271667256987,0.9197951041821745,0.9142974225521899,0.9166824640698745,0.9059502144548184,0.925395358685953,0.9442393615845353,0.9328919007332174,0.9421527613683314,0.9274924815403233,0.9213388795801243,0.9329877169072246,0.9093413195432917,0.9254098065344164,0.9093968644156634,0.8088629735252063,0.8660986825505546,0.6677828543706483,0.9222346489786957,1.0,0.26801845111821826,-0.181478077210428,0.7353945139502073,0.9032095693666299,0.9077101351258116,0.8988206767373438,0.8652013002777119,0.9416793942849707,0.8759901434832615,0.8414628434480254,0.9358977177112675,0.8964298702218245,0.8691648832006656],[0.3300245714365746,0.3285085088206868,0.15493823232884435,0.29368135387676886,0.11659870595500439,0.21233641722789276,0.07475731109292515,0.18883405105783302,0.04921836359587551,0.2984806354153987,-0.1843600794052214,0.026123348508837897,-0.435576424264071,-0.7481814609229606,-0.1821683943882058,0.06241090196762826,-0.12405680744728659,0.1516710184006875,0.23878671070551513,0.6160210849578391,0.7226007726987833,0.22146225470983624,0.26801845111821826,1.0,-0.37913704359765543,0.24439960403830843,0.19045022636012962,0.15069594310298784,0.4423390576393311,0.4311997555026923,0.2677887737400111,0.4552925685850628,0.3885503295814691,0.3027816927756831,0.22240128191905156,0.34209420136328866],[-0.28317457343470237,-0.2180124754036007,-0.201911020924374,-0.2694808997265395,-0.18612898186541801,-0.21152099115535625,-0.15107859407864604,-0.3013537328926516,-0.22399544393392945,-0.2689616170982335,0.4274873399426889,-0.1599969024147775,0.4474280365753733,0.4226561303276809,0.42944006163476145,-0.18264862139828478,0.4523046960029012,-0.27668631994872,-0.15815985995518206,-0.515898769122442,-0.11595394174302015,-0.25770520761689003,-0.181478077210428,-0.37913704359765543,1.0,-0.1534904800008751,-0.23328120518947418,-0.17641576643153006,-0.3799904121894524,-0.3670749114403995,-0.2997022250197898,-0.33805174805067767,-0.20837838991823965,-0.33108462605897776,-0.1762056590960347,-0.3057913043857443],[0.9032726147149294,0.8835831700251771,0.8761568629376806,0.8928797168631425,0.8352917477095129,0.9345495120191534,0.896004499340593,0.9120202307653877,0.8913636870023415,0.8932980216448271,0.8870745758375165,0.9028892014824322,0.863145034963228,0.8325516910841679,0.8875085983394337,0.9410201486796722,0.9174584389243396,0.9166040826744634,0.862674380100196,0.7269868175285564,0.5278960986593414,0.8741449347309347,0.7353945139502073,0.24439960403830843,-0.1534904800008751,1.0,0.7686085640355238,0.8933211721712777,0.8296008262699446,0.8729977591240308,0.8401466354895636,0.8794253818644148,0.8718953683486927,0.8689844084531634,0.8761594429207931,0.9061331346101275],[0.9203829617862084,0.9168411338003863,0.9515746709364816,0.9368275117561349,0.9607138526181205,0.8932168864126303,0.90362268056814,0.8573596963647041,0.8752618611039492,0.9353408708923856,0.9123553397257643,0.9234610132506144,0.9221964150027782,0.9223917884193665,0.911308296616228,0.881165002325931,0.8972741751338841,0.8520848346717028,0.7238460352138366,0.7926789809815429,0.5361954803457358,0.9464979616437605,0.9032095693666299,0.19045022636012962,-0.23328120518947418,0.7686085640355238,1.0,0.8862065761085222,0.8467135519613433,0.8463061078053916,0.9130067648850001,0.8390177691111057,0.7966704565803706,0.8982702840663754,0.8971920925894818,0.8526447464491296],[0.9637728294042949,0.9632180237974979,0.9646477172053466,0.9658558621020825,0.9422265366054923,0.9677923747425107,0.9632548745173244,0.9478887615105542,0.9681229171486778,0.9645841217052642,0.9649127685613282,0.960387584595606,0.9617614933830004,0.9566748994042904,0.9646745005558085,0.9652557592553093,0.9691014731041239,0.9477413584018932,0.8572956395855009,0.8164150076320144,0.5888095431782164,0.9670832829219533,0.9077101351258116,0.15069594310298784,-0.17641576643153006,0.8933211721712777,0.8862065761085222,1.0,0.9109834475871523,0.8995119073868845,0.9503331750100941,0.8979514254001603,0.8859948780270807,0.9541051376344339,0.9759128479930517,0.9031783552303871],[0.9703145054698205,0.9521477436939958,0.8956596164782948,0.953638702826723,0.8534639462150332,0.9560984964505248,0.8977753251660925,0.9788193186691416,0.9370116408202596,0.9532870864378954,0.9413181925710089,0.9456943901698248,0.9142247241616013,0.9058725801371292,0.9415263515251663,0.9592741123374633,0.9619228153378694,0.979323597827229,0.896492500778547,0.9607549577797457,0.7624662509444312,0.9168704237000748,0.8988206767373438,0.4423390576393311,-0.3799904121894524,0.8296008262699446,0.8467135519613433,0.9109834475871523,1.0,0.9867249382989096,0.9543993059090238,0.990957999233201,0.9550520411024768,0.9588528768918363,0.913412484035234,0.9670653493750957],[0.9626910084367726,0.9511444143357453,0.8941410292636508,0.9530292934034614,0.8600061253286597,0.9363889000039635,0.8743205586773778,0.9596377623104966,0.9106851618132503,0.9521830488882778,0.9352715584636683,0.9424228444146324,0.9013452853077022,0.8932435971655684,0.935744185778235,0.9340082090249028,0.9467895178567486,0.9591698896699696,0.8644635760133663,0.9394018293600698,0.6890223321828607,0.9301630656011922,0.8652013002777119,0.4311997555026923,-0.3670749114403995,0.8729977591240308,0.8463061078053916,0.8995119073868845,0.9867249382989096,1.0,0.9490547678621353,0.985091193417887,0.9565822363698231,0.9432340862826333,0.9257720367737707,0.9651333463266184],[0.9811411518367147,0.9733667469882888,0.9654918905901636,0.9830236516197183,0.9470216208280895,0.9620073671186445,0.9459882608690738,0.9674257126778977,0.9653100015778938,0.9822633442571682,0.9757819351673754,0.9794964682422507,0.9618684498767341,0.9572000921205046,0.9758199904396266,0.9588663508882465,0.9740205165283553,0.9657034114247994,0.8524867795435914,0.8923140134052384,0.5942626695350269,0.9746100104831725,0.9416793942849707,0.2677887737400111,-0.2997022250197898,0.8401466354895636,0.9130067648850001,0.9503331750100941,0.9543993059090238,0.9490547678621353,1.0,0.947461156040708,0.9047345086980008,0.9784684371978166,0.9673222737700309,0.9470880444683853],[0.966235584259801,0.952937990605746,0.8934544660613261,0.9499718068527343,0.8523392857815333,0.9533711581539014,0.8944880896139789,0.9673543940340829,0.925389047180575,0.9493422062231851,0.9279530314394923,0.9391341839755974,0.8989720412624886,0.9005657240655746,0.9284663435772138,0.9546063616683563,0.9495863626880098,0.9661849110851598,0.8766129902858708,0.948659899144423,0.7245462769404655,0.9224675442658962,0.8759901434832615,0.4552925685850628,-0.33805174805067767,0.8794253818644148,0.8390177691111057,0.8979514254001603,0.990957999233201,0.985091193417887,0.947461156040708,1.0,0.9743946623167525,0.9477788178882912,0.9367242692027967,0.9646107836232853],[0.9327953181620031,0.9318596951719635,0.8613180543411645,0.9127374282330221,0.8125373361139402,0.9460294002482665,0.8928221101147316,0.9372834007805297,0.9019556523234988,0.9113861480803533,0.8829866355342655,0.9034624124807416,0.8397962320535831,0.8157416293431563,0.8834176990289035,0.9444154750123918,0.9178437040896218,0.9369035818673657,0.8626300690165242,0.9040368877226731,0.7464220962660729,0.8806492733101223,0.8414628434480254,0.3885503295814691,-0.20837838991823965,0.8718953683486927,0.7966704565803706,0.8859948780270807,0.9550520411024768,0.9565822363698231,0.9047345086980008,0.9743946623167525,1.0,0.9068324339586566,0.9218666441145699,0.9512057412881034],[0.9828399725996902,0.9740219644373747,0.9530701986671355,0.9778246001090631,0.9254874218054209,0.9656362037181765,0.9392362643892761,0.9660262468978462,0.9575149329375061,0.9770972616186485,0.9684506332143926,0.9735612606144857,0.9595885851692587,0.9580188712324658,0.9683997888881941,0.9676226402529378,0.9761721260268998,0.9652466139870726,0.8582047877000282,0.9003073637302399,0.6430894552388963,0.9644533404404417,0.9358977177112675,0.3027816927756831,-0.33108462605897776,0.8689844084531634,0.8982702840663754,0.9541051376344339,0.9588528768918363,0.9432340862826333,0.9784684371978166,0.9477788178882912,0.9068324339586566,1.0,0.9622427825296864,0.9485985071975969],[0.9777351785958709,0.9700219205378793,0.9686769454153716,0.9757925352656546,0.9439181889295503,0.9813833589772553,0.9724605941317646,0.9612928081046541,0.9757461798698736,0.9749303134206834,0.982456742403859,0.9749006115182917,0.9761026838565233,0.9745364578566535,0.9825545633044602,0.9805610836909564,0.9883400368353294,0.9592862700346074,0.8718581470102097,0.8492955429811427,0.6063338432171451,0.9617338906856623,0.8964298702218245,0.22240128191905156,-0.1762056590960347,0.8761594429207931,0.8971920925894818,0.9759128479930517,0.913412484035234,0.9257720367737707,0.9673222737700309,0.9367242692027967,0.9218666441145699,0.9622427825296864,1.0,0.9293942289080355],[0.9589230851034256,0.9542429889689221,0.9126915675575928,0.9470147192042488,0.8750664079378434,0.9614249230136448,0.9190522309643366,0.970073071058934,0.9347621197899073,0.9457748364983629,0.9423262841016161,0.9486758060188452,0.9330345395106098,0.9304261960486073,0.9431368294365466,0.9652662437971917,0.9649869051959703,0.9710452718218401,0.8972062176547301,0.8874870473914066,0.6612173833940216,0.9257621147170692,0.8691648832006656,0.34209420136328866,-0.3057913043857443,0.9061331346101275,0.8526447464491296,0.9031783552303871,0.9670653493750957,0.9651333463266184,0.9470880444683853,0.9646107836232853,0.9512057412881034,0.9485985071975969,0.9293942289080355,1.0]],"x":["^TAIEX       \u81fa\u7063\u52a0\u6b0a\u5831\u916c\u6307\u6578","^TWII        \u81fa\u7063\u52a0\u6b0a\u6307\u6578","^TAIEXx2     \u81fa\u7063\u52a0\u6b0a\u5831\u916c\u6307\u6578_\u65e5\u6b632","^TAI50I      \u81fa\u706350\u5831\u916c\u6307\u6578","^TAI50Ix2    \u81fa\u706350\u5831\u916c\u6307\u6578_\u65e5\u6b632","^TAI100I     \u81fa\u7063\u4e2d\u578b100\u5831\u916c\u6307\u6578","^TAI100Ix2   \u81fa\u7063\u4e2d\u578b100\u5831\u916c\u6307\u6578_\u65e5\u6b632","^TAIDIVIDI   \u81fa\u7063\u9ad8\u80a1\u606f\u5831\u916c\u6307\u6578","^TAIDIVIDIx2 \u81fa\u7063\u9ad8\u80a1\u606f\u5831\u916c\u6307\u6578_\u65e5\u6b632","0050Fund     \u5143\u5927\u53f0\u7063\u5353\u8d8a50\u57fa\u91d1","006208Fund   \u5bcc\u90a6\u53f0\u7063\u91c6\u540950\u57fa\u91d1","0050         \u5143\u5927\u81fa\u706350","00631L       \u5143\u5927\u53f0\u706350\u6b632","00675L       \u5bcc\u90a6\u81fa\u7063\u52a0\u6b0a\u6b632","006208       \u5bcc\u90a6\u53f050","0051         \u5143\u5927\u4e2d\u578b100","006204       \u6c38\u8c50\u81fa\u7063\u52a0\u6b0a","0056         \u5143\u5927\u9ad8\u80a1\u606f","0056         \u5143\u5927\u9ad8\u80a1\u606f_\u80a1\u606f\u4e0d\u6295\u5165","2412         \u4e2d\u83ef\u96fb\u4fe1","2002         \u4e2d\u92fc","2330         \u53f0\u7a4d\u96fb","2317         \u9d3b\u6d77","6505         \u53f0\u5851\u77f3\u5316","3481         \u7fa4\u5275","2303         \u806f\u96fb","2308         \u53f0\u9054\u96fb","2454         \u806f\u767c\u79d1","2886         \u5146\u8c50\u91d1","2884         \u7389\u5c71\u91d1","2891         \u4e2d\u4fe1\u91d1","2892         \u7b2c\u4e00\u91d1","5880         \u5408\u5eab\u91d1","2881         \u5bcc\u90a6\u91d1","2885         \u5143\u5927\u91d1","2887         \u53f0\u65b0\u91d1"],"y":["^TAIEX       \u81fa\u7063\u52a0\u6b0a\u5831\u916c\u6307\u6578","^TWII        \u81fa\u7063\u52a0\u6b0a\u6307\u6578","^TAIEXx2     \u81fa\u7063\u52a0\u6b0a\u5831\u916c\u6307\u6578_\u65e5\u6b632","^TAI50I      \u81fa\u706350\u5831\u916c\u6307\u6578","^TAI50Ix2    \u81fa\u706350\u5831\u916c\u6307\u6578_\u65e5\u6b632","^TAI100I     \u81fa\u7063\u4e2d\u578b100\u5831\u916c\u6307\u6578","^TAI100Ix2   \u81fa\u7063\u4e2d\u578b100\u5831\u916c\u6307\u6578_\u65e5\u6b632","^TAIDIVIDI   \u81fa\u7063\u9ad8\u80a1\u606f\u5831\u916c\u6307\u6578","^TAIDIVIDIx2 \u81fa\u7063\u9ad8\u80a1\u606f\u5831\u916c\u6307\u6578_\u65e5\u6b632","0050Fund     \u5143\u5927\u53f0\u7063\u5353\u8d8a50\u57fa\u91d1","006208Fund   \u5bcc\u90a6\u53f0\u7063\u91c6\u540950\u57fa\u91d1","0050         \u5143\u5927\u81fa\u706350","00631L       \u5143\u5927\u53f0\u706350\u6b632","00675L       \u5bcc\u90a6\u81fa\u7063\u52a0\u6b0a\u6b632","006208       \u5bcc\u90a6\u53f050","0051         \u5143\u5927\u4e2d\u578b100","006204       \u6c38\u8c50\u81fa\u7063\u52a0\u6b0a","0056         \u5143\u5927\u9ad8\u80a1\u606f","0056         \u5143\u5927\u9ad8\u80a1\u606f_\u80a1\u606f\u4e0d\u6295\u5165","2412         \u4e2d\u83ef\u96fb\u4fe1","2002         \u4e2d\u92fc","2330         \u53f0\u7a4d\u96fb","2317         \u9d3b\u6d77","6505         \u53f0\u5851\u77f3\u5316","3481         \u7fa4\u5275","2303         \u806f\u96fb","2308         \u53f0\u9054\u96fb","2454         \u806f\u767c\u79d1","2886         \u5146\u8c50\u91d1","2884         \u7389\u5c71\u91d1","2891         \u4e2d\u4fe1\u91d1","2892         \u7b2c\u4e00\u91d1","5880         \u5408\u5eab\u91d1","2881         \u5bcc\u90a6\u91d1","2885         \u5143\u5927\u91d1","2887         \u53f0\u65b0\u91d1"],"zmin":-1,"zmax":1,"colorbar":{"x":-0.2}}],"layout":{"autotypenumbers":"strict","colorway":["#636efa","#EF553B","#00cc96","#ab63fa","#FFA15A","#19d3f3","#FF6692","#B6E880","#FF97FF","#FECB52"],"font":{"color":"#f2f5fa","family":"Courier New"},"hovermode":"closest","hoverlabel":{"align":"left"},"paper_bgcolor":"rgb(17,17,17)","plot_bgcolor":"rgb(17,17,17)","polar":{"bgcolor":"rgb(17,17,17)","angularaxis":{"gridcolor":"#506784","linecolor":"#506784","ticks":""},"radialaxis":{"gridcolor":"#506784","linecolor":"#506784","ticks":""}},"ternary":{"bgcolor":"rgb(17,17,17)","aaxis":{"gridcolor":"#506784","linecolor":"#506784","ticks":""},"baxis":{"gridcolor":"#506784","linecolor":"#506784","ticks":""},"caxis":{"gridcolor":"#506784","linecolor":"#506784","ticks":""}},"coloraxis":{"colorbar":{"outlinewidth":0,"ticks":""}},"colorscale":{"sequential":[[0.0,"#0d0887"],[0.1111111111111111,"#46039f"],[0.2222222222222222,"#7201a8"],[0.3333333333333333,"#9c179e"],[0.4444444444444444,"#bd3786"],[0.5555555555555556,"#d8576b"],[0.6666666666666666,"#ed7953"],[0.7777777777777778,"#fb9f3a"],[0.8888888888888888,"#fdca26"],[1.0,"#f0f921"]],"sequentialminus":[[0.0,"#0d0887"],[0.1111111111111111,"#46039f"],[0.2222222222222222,"#7201a8"],[0.3333333333333333,"#9c179e"],[0.4444444444444444,"#bd3786"],[0.5555555555555556,"#d8576b"],[0.6666666666666666,"#ed7953"],[0.7777777777777778,"#fb9f3a"],[0.8888888888888888,"#fdca26"],[1.0,"#f0f921"]],"diverging":[[0,"#8e0152"],[0.1,"#c51b7d"],[0.2,"#de77ae"],[0.3,"#f1b6da"],[0.4,"#fde0ef"],[0.5,"#f7f7f7"],[0.6,"#e6f5d0"],[0.7,"#b8e186"],[0.8,"#7fbc41"],[0.9,"#4d9221"],[1,"#276419"]]},"xaxis":{"gridcolor":"rgba(0, 0, 0, 0)","linecolor":"#506784","ticks":"","title":{"standoff":15},"zerolinecolor":"#283442","automargin":true,"zerolinewidth":2,"tickfont":{"family":"Courier New","size":14},"side":"top","tickangle":-90},"yaxis":{"gridcolor":"rgba(0, 0, 0, 0)","linecolor":"#506784","ticks":"","title":{"standoff":15},"zerolinecolor":"#283442","automargin":true,"zerolinewidth":2,"tickfont":{"family":"Courier New"},"side":"right"},"scene":{"xaxis":{"backgroundcolor":"rgb(17,17,17)","gridcolor":"#506784","linecolor":"#506784","showbackground":true,"ticks":"","zerolinecolor":"#C8D4E3","gridwidth":2},"yaxis":{"backgroundcolor":"rgb(17,17,17)","gridcolor":"#506784","linecolor":"#506784","showbackground":true,"ticks":"","zerolinecolor":"#C8D4E3","gridwidth":2},"zaxis":{"backgroundcolor":"rgb(17,17,17)","gridcolor":"#506784","linecolor":"#506784","showbackground":true,"ticks":"","zerolinecolor":"#C8D4E3","gridwidth":2}},"shapedefaults":{"line":{"color":"#f2f5fa"}},"annotationdefaults":{"arrowcolor":"#f2f5fa","arrowhead":0,"arrowwidth":1},"geo":{"bgcolor":"rgb(17,17,17)","landcolor":"rgb(17,17,17)","subunitcolor":"#506784","showland":true,"showlakes":true,"lakecolor":"rgb(17,17,17)"},"title":{"x":0.05,"font":{"family":"Times New Roman"},"y":0.05,"text":"<b>Correlation of Adj Close<b><br><i>2016-09-23 ~ 2026-02-11<i>"},"updatemenudefaults":{"bgcolor":"#506784","borderwidth":0},"sliderdefaults":{"bgcolor":"#C8D4E3","borderwidth":1,"bordercolor":"rgb(17,17,17)","tickwidth":0},"mapbox":{"style":"dark"},"annotations":[{"text":"<b>@zwindr<b>","textangle":0,"opacity":0.5,"font":{"color":"white","size":12},"xref":"paper","yref":"paper","xanchor":"left","yanchor":"bottom","x":1.0,"y":1.0,"showarrow":false}]},"config":{"responsive":true,"toImageButtonOptions":{"filename":"Correlation of Adj Close_2016-09-23~2026-02-11","scale":5}}};Plotly.newPlot("correlationAdjClose",correlationAdjClose.data,correlationAdjClose.layout||{},correlationAdjClose.config);}else{console.log("style display is none => correlationAdjClose");}