var element=document.getElementById("correlationClose");if(element.style.display!='none'){var correlationClose={"data":[{"type":"heatmap","z":[[1.0,0.9999999999999973,1.0,0.9950031136497336,0.9950031136497336,0.9695425085725186,0.9695425085725186,0.9109325660927576,0.9109325660927576,0.7831717100726289,0.9948130426064359,0.7332688701753607,0.9913412098768002,0.9918686736696629,0.9949126806290536,0.9760210324981282,0.9991881085022019,0.9126007823859869,0.9126007823859869,0.7770961834432218,-0.17028547995912585,0.9792838011397751,0.2159116290271873,-0.14251516204464734,-0.24107997854856075,0.8187306883131402,0.9035720084537341,0.9211558793764975,0.9177235212908963,0.7862854143951272,0.6090755584121438,0.6482907930979157,0.6203628496853129,0.934885730637311,0.8506240800867139,0.22493727248569256],[0.9999999999999973,1.0,0.9999999999999976,0.9949721233902464,0.9949721233902464,0.9690686912039093,0.9690686912039093,0.9117370632730651,0.9117370632730651,0.7847744753366961,0.9948063964048804,0.7334926786434103,0.990981898645628,0.9913541173195936,0.9949173114429977,0.9755679778863894,0.9991892757194902,0.9125339415382365,0.9125339415382365,0.7948034347460863,0.04135306556392804,0.9717031826358243,-0.009513856079314162,-0.1355871857195686,-0.24114238698401882,0.6593845118728141,0.9035809789530236,0.8991033585987928,0.9128167116741964,0.7955697024328545,0.6014166466954946,0.6458076051473444,0.645033738714098,0.9329708701009488,0.7165162181891715,0.22249596392112],[1.0,0.9999999999999976,1.0,0.9950031136497336,0.9950031136497336,0.9695425085725186,0.9695425085725186,0.9109325660927576,0.9109325660927576,0.7831717100726289,0.9948130426064359,0.7332688701753607,0.9913412098768002,0.9918686736696629,0.9949126806290536,0.9760210324981282,0.9991881085022019,0.9126007823859869,0.9126007823859869,0.7770961834432218,-0.17028547995912585,0.9792838011397751,0.2159116290271873,-0.14251516204464734,-0.24107997854856075,0.8187306883131402,0.9035720084537341,0.9211558793764975,0.9177235212908963,0.7862854143951272,0.6090755584121438,0.6482907930979157,0.6203628496853129,0.934885730637311,0.8506240800867139,0.22493727248569256],[0.9950031136497336,0.9949721233902464,0.9950031136497336,1.0,1.0,0.9566945717561961,0.9566945717561961,0.8941484581828864,0.8941484581828864,0.749250317557641,0.9995925116967301,0.6980390809755489,0.9922130599987558,0.9901559891123846,0.9995421438893913,0.9586487935909416,0.9949538917682821,0.8852188727437157,0.8852188727437157,0.7486180324250463,-0.17843703511367223,0.9916590133929124,0.24444891105160424,-0.1790378768303325,-0.2389028144990636,0.8067149274831565,0.9204083838251651,0.9206192623082241,0.897861030590016,0.7873055670396484,0.6389012654978314,0.6396400868347456,0.5874069403589224,0.9228429857687481,0.8413954382353631,0.23836066208789833],[0.9950031136497336,0.9949721233902464,0.9950031136497336,1.0,1.0,0.9566945717561961,0.9566945717561961,0.8941484581828864,0.8941484581828864,0.749250317557641,0.9995925116967301,0.6980390809755489,0.9922130599987558,0.9901559891123846,0.9995421438893913,0.9586487935909416,0.9949538917682821,0.8852188727437157,0.8852188727437157,0.7486180324250463,-0.17843703511367223,0.9916590133929124,0.24444891105160424,-0.1790378768303325,-0.2389028144990636,0.8067149274831565,0.9204083838251651,0.9206192623082241,0.897861030590016,0.7873055670396484,0.6389012654978314,0.6396400868347456,0.5874069403589224,0.9228429857687481,0.8413954382353631,0.23836066208789833],[0.9695425085725186,0.9690686912039093,0.9695425085725186,0.9566945717561961,0.9566945717561961,1.0,1.0,0.9354062774377021,0.9354062774377021,0.759774927812242,0.9556184684469305,0.7389388913374814,0.9660425177999442,0.963350212847271,0.9556251805224347,0.9990733470104671,0.9761285152406829,0.91619998787262,0.91619998787262,0.6521176525758365,-0.12284303150464233,0.9428795035350104,0.35971921936626766,-0.31711696408590856,-0.11799905853168957,0.8840574439501896,0.8581235988202132,0.9377128885928846,0.8963029868293856,0.7542362374083338,0.7773367306140018,0.7453039855906043,0.6938838424622583,0.8708915770624381,0.8782181061168646,0.4952146884556039],[0.9695425085725186,0.9690686912039093,0.9695425085725186,0.9566945717561961,0.9566945717561961,1.0,1.0,0.9354062774377021,0.9354062774377021,0.759774927812242,0.9556184684469305,0.7389388913374814,0.9660425177999442,0.963350212847271,0.9556251805224347,0.9990733470104671,0.9761285152406829,0.91619998787262,0.91619998787262,0.6521176525758365,-0.12284303150464233,0.9428795035350104,0.35971921936626766,-0.31711696408590856,-0.11799905853168957,0.8840574439501896,0.8581235988202132,0.9377128885928846,0.8963029868293856,0.7542362374083338,0.7773367306140018,0.7453039855906043,0.6938838424622583,0.8708915770624381,0.8782181061168646,0.4952146884556039],[0.9109325660927576,0.9117370632730651,0.9109325660927576,0.8941484581828864,0.8941484581828864,0.9354062774377021,0.9354062774377021,1.0,1.0,0.7217525152973482,0.9366780628052717,0.7341130001340637,0.932245616948833,0.9266782494906809,0.9368021512922913,0.9370353545740583,0.9462089974170429,0.9702610386525964,0.9702610386525964,0.6013414385373099,-0.001493161639035881,0.8586752751388275,0.5787098036097743,-0.34336109523730624,0.011634296365011367,0.7958822304978089,0.7552052812956793,0.8838583081326468,0.856741521977635,0.7685790318407446,0.8839427187260294,0.7891754500108679,0.7124928645661228,0.808000055121177,0.8620149227193952,0.8153670826206759],[0.9109325660927576,0.9117370632730651,0.9109325660927576,0.8941484581828864,0.8941484581828864,0.9354062774377021,0.9354062774377021,1.0,1.0,0.7217525152973482,0.9366780628052717,0.7341130001340637,0.932245616948833,0.9266782494906809,0.9368021512922913,0.9370353545740583,0.9462089974170429,0.9702610386525964,0.9702610386525964,0.6013414385373099,-0.001493161639035881,0.8586752751388275,0.5787098036097743,-0.34336109523730624,0.011634296365011367,0.7958822304978089,0.7552052812956793,0.8838583081326468,0.856741521977635,0.7685790318407446,0.8839427187260294,0.7891754500108679,0.7124928645661228,0.808000055121177,0.8620149227193952,0.8153670826206759],[0.7831717100726289,0.7847744753366961,0.7831717100726289,0.749250317557641,0.749250317557641,0.759774927812242,0.759774927812242,0.7217525152973482,0.7217525152973482,1.0,0.6216996808309572,0.9999697832211262,0.5303701893944289,0.4285671047452348,0.6238891452131891,0.7550935963107913,0.6846569009154625,0.8058034411129325,0.8058034411129325,0.6904650439056673,-0.0978856219193212,0.7184136480421108,0.03574962492298657,0.04971438382827929,-0.2428750913412488,0.7742752920774826,0.4929214186087568,0.7419289956823223,0.8080019596503017,0.6780190691897374,0.3413473539677516,0.526314996200483,0.5629501221431408,0.780054688399332,0.6374338224646532,0.16973827014249238],[0.9948130426064359,0.9948063964048804,0.9948130426064359,0.9995925116967301,0.9995925116967301,0.9556184684469305,0.9556184684469305,0.9366780628052717,0.9366780628052717,0.6216996808309572,1.0,0.6215199513503588,0.9917610340875004,0.9900045532148535,0.9999346434848374,0.9539979915883953,0.9942511476472325,0.894965110992272,0.894965110992272,0.8517441711129649,-0.038241244844819514,0.9967797265156297,0.9015302931036382,-0.5339094172414807,0.3910897321989035,0.8165030438151999,0.8907284554534076,0.9350839488195126,0.8896025508442199,0.8127795764141686,0.9275213518617098,0.8609037041013805,0.7511806396707595,0.9051846709434954,0.9485873531114817,0.8013911411688659],[0.7332688701753607,0.7334926786434103,0.7332688701753607,0.6980390809755489,0.6980390809755489,0.7389388913374814,0.7389388913374814,0.7341130001340637,0.7341130001340637,0.9999697832211262,0.6215199513503588,1.0,0.5279981989886242,0.4257235068172419,0.6222890281383054,0.744823841837389,0.6832100685630622,0.8002017803751447,0.8002017803751447,0.6471180169521503,0.03159620807087974,0.6688570270832114,0.40661856095259763,-0.1646796107038969,-0.23169079583149438,0.8018859434079423,0.39263311607878915,0.7115947793181865,0.7782672949070482,0.6996730012109296,0.5446076613532229,0.6948189884481366,0.679415624845835,0.7333202882528409,0.6190980288223973,0.6505414714003971],[0.9913412098768002,0.990981898645628,0.9913412098768002,0.9922130599987558,0.9922130599987558,0.9660425177999442,0.9660425177999442,0.932245616948833,0.932245616948833,0.5303701893944289,0.9917610340875004,0.5279981989886242,1.0,0.9998121061776968,0.991644478220197,0.9619056196011027,0.9895857803927959,0.8737638747667297,0.8737638747667297,0.8301473347862796,-0.019800904160114704,0.9909313144761593,0.9164330780531875,-0.6722338757649322,0.4618016346317537,0.7808287927538032,0.9075431750314574,0.935216868780511,0.8675906797250243,0.7502618662066277,0.9285259921796971,0.8310077827162948,0.7147908348144285,0.8857186004462522,0.9558239875977474,0.8258987563631301],[0.9918686736696629,0.9913541173195936,0.9918686736696629,0.9901559891123846,0.9901559891123846,0.963350212847271,0.963350212847271,0.9266782494906809,0.9266782494906809,0.4285671047452348,0.9900045532148535,0.4257235068172419,0.9998121061776968,1.0,0.9900519547268994,0.9583500764089552,0.9893967322536446,0.8572384683542584,0.8572384683542584,0.8521606160017061,-0.14369760587919672,0.9878908334996654,0.9216830092182098,-0.8260713340454398,0.49725116116904855,0.7308320410351759,0.9136987204555984,0.9272555176853838,0.8502143271850037,0.6913845441640833,0.9355030312422534,0.8236442743295961,0.6513506425840376,0.9049858410676277,0.9565882091763086,0.8023960655985054],[0.9949126806290536,0.9949173114429977,0.9949126806290536,0.9995421438893913,0.9995421438893913,0.9556251805224347,0.9556251805224347,0.9368021512922913,0.9368021512922913,0.6238891452131891,0.9999346434848374,0.6222890281383054,0.991644478220197,0.9900519547268994,1.0,0.9541832480855003,0.9943713820093278,0.8955574248840328,0.8955574248840328,0.8525954209885336,-0.038405689021258536,0.9966198322002597,0.9011024883633062,-0.5315965257605534,0.3918953842225921,0.8172004344793579,0.8894037026358178,0.9347896407639243,0.8899304034539901,0.813992258049394,0.9271910765724984,0.8618752942400545,0.7520391092172961,0.9051954260801935,0.9488060864229966,0.8025971783844846],[0.9760210324981282,0.9755679778863894,0.9760210324981282,0.9586487935909416,0.9586487935909416,0.9990733470104671,0.9990733470104671,0.9370353545740583,0.9370353545740583,0.7550935963107913,0.9539979915883953,0.744823841837389,0.9619056196011027,0.9583500764089552,0.9541832480855003,1.0,0.9761873298351759,0.9174448082691642,0.9174448082691642,0.7007169451176138,-0.10826637829127896,0.9476690284487905,0.6779520956152868,-0.44765992387125625,-0.15725616283344893,0.8955783774172547,0.8484004523801335,0.9342047451397313,0.903780487979556,0.7893867248664702,0.8701967443382015,0.7913509357612643,0.7506837775306787,0.8919542333759097,0.8755063170646753,0.8060321952166547],[0.9991881085022019,0.9991892757194902,0.9991881085022019,0.9949538917682821,0.9949538917682821,0.9761285152406829,0.9761285152406829,0.9462089974170429,0.9462089974170429,0.6846569009154625,0.9942511476472325,0.6832100685630622,0.9895857803927959,0.9893967322536446,0.9943713820093278,0.9761873298351759,1.0,0.9230445195693132,0.9230445195693132,0.8636485341512427,-0.021945999447703923,0.9878081812222467,0.872796076491458,-0.5148601417874474,0.40551477440169903,0.8631712500736006,0.8780371071049186,0.9472549878193246,0.9209754012459266,0.8344931293634694,0.9158064228764194,0.8934387771196499,0.7964296899251937,0.9192414853530521,0.9574590960439994,0.8510560884272413],[0.9126007823859869,0.9125339415382365,0.9126007823859869,0.8852188727437157,0.8852188727437157,0.91619998787262,0.91619998787262,0.9702610386525964,0.9702610386525964,0.8058034411129325,0.894965110992272,0.8002017803751447,0.8737638747667297,0.8572384683542584,0.8955574248840328,0.9174448082691642,0.9230445195693132,1.0,1.0,0.7501927201389889,-0.05535510844255572,0.849099129498681,0.5731615564030534,-0.2263188602407347,-0.20205402998452313,0.8337286430272844,0.7090866727588432,0.8428810216773954,0.9197935377189762,0.8450163582614876,0.7987053808239397,0.7655265725342516,0.708158192169441,0.8519629551064409,0.7861625484806787,0.8576737752329475],[0.9126007823859869,0.9125339415382365,0.9126007823859869,0.8852188727437157,0.8852188727437157,0.91619998787262,0.91619998787262,0.9702610386525964,0.9702610386525964,0.8058034411129325,0.894965110992272,0.8002017803751447,0.8737638747667297,0.8572384683542584,0.8955574248840328,0.9174448082691642,0.9230445195693132,1.0,1.0,0.7501927201389889,-0.05535510844255572,0.849099129498681,0.5731615564030534,-0.2263188602407347,-0.20205402998452313,0.8337286430272844,0.7090866727588432,0.8428810216773954,0.9197935377189762,0.8450163582614876,0.7987053808239397,0.7655265725342516,0.708158192169441,0.8519629551064409,0.7861625484806787,0.8576737752329475],[0.7770961834432218,0.7948034347460863,0.7770961834432218,0.7486180324250463,0.7486180324250463,0.6521176525758365,0.6521176525758365,0.6013414385373099,0.6013414385373099,0.6904650439056673,0.8517441711129649,0.6471180169521503,0.8301473347862796,0.8521606160017061,0.8525954209885336,0.7007169451176138,0.8636485341512427,0.7501927201389889,0.7501927201389889,1.0,0.02312681087457526,0.7092421128834504,-0.3321951186705763,0.2906607560126858,-0.6514217713579203,0.37079046597407184,0.6716428944003436,0.5247636725177236,0.8398315302369328,0.7022668247963668,0.15183723663722515,0.3275009222675931,0.571166276022019,0.7858944673004898,0.495069876882666,-0.127319458163616],[-0.17028547995912585,0.04135306556392804,-0.17028547995912585,-0.17843703511367223,-0.17843703511367223,-0.12284303150464233,-0.12284303150464233,-0.001493161639035881,-0.001493161639035881,-0.0978856219193212,-0.038241244844819514,0.03159620807087974,-0.019800904160114704,-0.14369760587919672,-0.038405689021258536,-0.10826637829127896,-0.021945999447703923,-0.05535510844255572,-0.05535510844255572,0.02312681087457526,1.0,-0.11682134676372657,0.09216881172595098,0.17032288552032743,0.745070319429806,-0.10348485203956465,-0.07712870306348484,-0.036967585718963906,0.14480964989077158,-0.01843421489742609,0.011568051617624515,0.30541739572171817,0.5576041610294913,-0.14110287253597673,0.08215679901437645,0.1414462198044196],[0.9792838011397751,0.9717031826358243,0.9792838011397751,0.9916590133929124,0.9916590133929124,0.9428795035350104,0.9428795035350104,0.8586752751388275,0.8586752751388275,0.7184136480421108,0.9967797265156297,0.6688570270832114,0.9909313144761593,0.9878908334996654,0.9966198322002597,0.9476690284487905,0.9878081812222467,0.849099129498681,0.849099129498681,0.7092421128834504,-0.11682134676372657,1.0,0.1523121139307527,-0.23317231231883903,-0.28335230805744677,0.6734901831561118,0.9249287764275711,0.9043997172266851,0.841355853691146,0.7549644160087243,0.6415608294285321,0.6072943054361903,0.5186333858733612,0.9011422074355174,0.6969106235016435,0.22179565034621265],[0.2159116290271873,-0.009513856079314162,0.2159116290271873,0.24444891105160424,0.24444891105160424,0.35971921936626766,0.35971921936626766,0.5787098036097743,0.5787098036097743,0.03574962492298657,0.9015302931036382,0.40661856095259763,0.9164330780531875,0.9216830092182098,0.9011024883633062,0.6779520956152868,0.872796076491458,0.5731615564030534,0.5731615564030534,-0.3321951186705763,0.09216881172595098,0.1523121139307527,1.0,-0.4729602554790427,0.6954851274408207,0.3973203373180957,0.176798226746074,0.3496944070674899,-0.06237618327321213,0.11284316856735731,0.6167033286576851,0.49649211921746444,0.21038213905988337,0.0537054296552553,0.4175317807427522,0.48217597233890563],[-0.14251516204464734,-0.1355871857195686,-0.14251516204464734,-0.1790378768303325,-0.1790378768303325,-0.31711696408590856,-0.31711696408590856,-0.34336109523730624,-0.34336109523730624,0.04971438382827929,-0.5339094172414807,-0.1646796107038969,-0.6722338757649322,-0.8260713340454398,-0.5315965257605534,-0.44765992387125625,-0.5148601417874474,-0.2263188602407347,-0.2263188602407347,0.2906607560126858,0.17032288552032743,-0.23317231231883903,-0.4729602554790427,1.0,-0.02457672091672013,-0.1880072837371361,-0.23456661861990696,-0.3282855865280761,-0.06977910275499878,-0.1011443521902772,-0.5776718720678804,-0.2211502840818885,-0.03692277038056162,-0.07994260311875921,-0.25234099454925935,-0.4203294905920035],[-0.24107997854856075,-0.24114238698401882,-0.24107997854856075,-0.2389028144990636,-0.2389028144990636,-0.11799905853168957,-0.11799905853168957,0.011634296365011367,0.011634296365011367,-0.2428750913412488,0.3910897321989035,-0.23169079583149438,0.4618016346317537,0.49725116116904855,0.3918953842225921,-0.15725616283344893,0.40551477440169903,-0.20205402998452313,-0.20205402998452313,-0.6514217713579203,0.745070319429806,-0.28335230805744677,0.6954851274408207,-0.02457672091672013,1.0,-0.10718627210574598,-0.21503058724848206,-0.06794213325037333,-0.34871326488040594,-0.3264029959671345,0.059144061151169935,0.15581323574219452,0.26036966425899055,-0.37107689047605263,0.1019308356786613,0.08586853529190992],[0.8187306883131402,0.6593845118728141,0.8187306883131402,0.8067149274831565,0.8067149274831565,0.8840574439501896,0.8840574439501896,0.7958822304978089,0.7958822304978089,0.7742752920774826,0.8165030438151999,0.8018859434079423,0.7808287927538032,0.7308320410351759,0.8172004344793579,0.8955783774172547,0.8631712500736006,0.8337286430272844,0.8337286430272844,0.37079046597407184,-0.10348485203956465,0.6734901831561118,0.3973203373180957,-0.1880072837371361,-0.10718627210574598,1.0,0.5500836719701059,0.8440469872018889,0.5104367054600869,0.641424470008289,0.5732514676038006,0.6690032304201333,0.4317249066956209,0.7173003409521199,0.7141482168744597,0.4334722490081513],[0.9035720084537341,0.9035809789530236,0.9035720084537341,0.9204083838251651,0.9204083838251651,0.8581235988202132,0.8581235988202132,0.7552052812956793,0.7552052812956793,0.4929214186087568,0.8907284554534076,0.39263311607878915,0.9075431750314574,0.9136987204555984,0.8894037026358178,0.8484004523801335,0.8780371071049186,0.7090866727588432,0.7090866727588432,0.6716428944003436,-0.07712870306348484,0.9249287764275711,0.176798226746074,-0.23456661861990696,-0.21503058724848206,0.5500836719701059,1.0,0.8032764299200996,0.7492322077302481,0.6558897297490643,0.5724796014180007,0.5112330477939351,0.48507517669205763,0.8240053354976317,0.6528955637511497,0.1624554274154522],[0.9211558793764975,0.8991033585987928,0.9211558793764975,0.9206192623082241,0.9206192623082241,0.9377128885928846,0.9377128885928846,0.8838583081326468,0.8838583081326468,0.7419289956823223,0.9350839488195126,0.7115947793181865,0.935216868780511,0.9272555176853838,0.9347896407639243,0.9342047451397313,0.9472549878193246,0.8428810216773954,0.8428810216773954,0.5247636725177236,-0.036967585718963906,0.9043997172266851,0.3496944070674899,-0.3282855865280761,-0.06794213325037333,0.8440469872018889,0.8032764299200996,1.0,0.7613733420570522,0.6311292162576986,0.6388352103950304,0.618913870935764,0.5346253456899018,0.8318019769558375,0.84914619638428,0.25125346567988166],[0.9177235212908963,0.9128167116741964,0.9177235212908963,0.897861030590016,0.897861030590016,0.8963029868293856,0.8963029868293856,0.856741521977635,0.856741521977635,0.8080019596503017,0.8896025508442199,0.7782672949070482,0.8675906797250243,0.8502143271850037,0.8899304034539901,0.903780487979556,0.9209754012459266,0.9197935377189762,0.9197935377189762,0.8398315302369328,0.14480964989077158,0.841355853691146,-0.06237618327321213,-0.06977910275499878,-0.34871326488040594,0.5104367054600869,0.7492322077302481,0.7613733420570522,1.0,0.9099871424709483,0.5685188696164934,0.6991925756525713,0.669155606483725,0.8828765894427777,0.5311153231450311,0.3178094506341525],[0.7862854143951272,0.7955697024328545,0.7862854143951272,0.7873055670396484,0.7873055670396484,0.7542362374083338,0.7542362374083338,0.7685790318407446,0.7685790318407446,0.6780190691897374,0.8127795764141686,0.6996730012109296,0.7502618662066277,0.6913845441640833,0.813992258049394,0.7893867248664702,0.8344931293634694,0.8450163582614876,0.8450163582614876,0.7022668247963668,-0.01843421489742609,0.7549644160087243,0.11284316856735731,-0.1011443521902772,-0.3264029959671345,0.641424470008289,0.6558897297490643,0.6311292162576986,0.9099871424709483,1.0,0.6024643569115968,0.6825253239287185,0.6139116341958556,0.7444232292409967,0.6079412489915423,0.4876225228577929],[0.6090755584121438,0.6014166466954946,0.6090755584121438,0.6389012654978314,0.6389012654978314,0.7773367306140018,0.7773367306140018,0.8839427187260294,0.8839427187260294,0.3413473539677516,0.9275213518617098,0.5446076613532229,0.9285259921796971,0.9355030312422534,0.9271910765724984,0.8701967443382015,0.9158064228764194,0.7987053808239397,0.7987053808239397,0.15183723663722515,0.011568051617624515,0.6415608294285321,0.6167033286576851,-0.5776718720678804,0.059144061151169935,0.5732514676038006,0.5724796014180007,0.6388352103950304,0.5685188696164934,0.6024643569115968,1.0,0.7492911527964212,0.3893134807344654,0.5428435985568781,0.6289282417691516,0.7525207301604101],[0.6482907930979157,0.6458076051473444,0.6482907930979157,0.6396400868347456,0.6396400868347456,0.7453039855906043,0.7453039855906043,0.7891754500108679,0.7891754500108679,0.526314996200483,0.8609037041013805,0.6948189884481366,0.8310077827162948,0.8236442743295961,0.8618752942400545,0.7913509357612643,0.8934387771196499,0.7655265725342516,0.7655265725342516,0.3275009222675931,0.30541739572171817,0.6072943054361903,0.49649211921746444,-0.2211502840818885,0.15581323574219452,0.6690032304201333,0.5112330477939351,0.618913870935764,0.6991925756525713,0.6825253239287185,0.7492911527964212,1.0,0.7794190712382985,0.5215094958105155,0.7378130465792407,0.5607908507245897],[0.6203628496853129,0.645033738714098,0.6203628496853129,0.5874069403589224,0.5874069403589224,0.6938838424622583,0.6938838424622583,0.7124928645661228,0.7124928645661228,0.5629501221431408,0.7511806396707595,0.679415624845835,0.7147908348144285,0.6513506425840376,0.7520391092172961,0.7506837775306787,0.7964296899251937,0.708158192169441,0.708158192169441,0.571166276022019,0.5576041610294913,0.5186333858733612,0.21038213905988337,-0.03692277038056162,0.26036966425899055,0.4317249066956209,0.48507517669205763,0.5346253456899018,0.669155606483725,0.6139116341958556,0.3893134807344654,0.7794190712382985,1.0,0.4981597991447758,0.6620896785293214,0.2122438689046734],[0.934885730637311,0.9329708701009488,0.934885730637311,0.9228429857687481,0.9228429857687481,0.8708915770624381,0.8708915770624381,0.808000055121177,0.808000055121177,0.780054688399332,0.9051846709434954,0.7333202882528409,0.8857186004462522,0.9049858410676277,0.9051954260801935,0.8919542333759097,0.9192414853530521,0.8519629551064409,0.8519629551064409,0.7858944673004898,-0.14110287253597673,0.9011422074355174,0.0537054296552553,-0.07994260311875921,-0.37107689047605263,0.7173003409521199,0.8240053354976317,0.8318019769558375,0.8828765894427777,0.7444232292409967,0.5428435985568781,0.5215094958105155,0.4981597991447758,1.0,0.7550798996409885,0.20379544791487617],[0.8506240800867139,0.7165162181891715,0.8506240800867139,0.8413954382353631,0.8413954382353631,0.8782181061168646,0.8782181061168646,0.8620149227193952,0.8620149227193952,0.6374338224646532,0.9485873531114817,0.6190980288223973,0.9558239875977474,0.9565882091763086,0.9488060864229966,0.8755063170646753,0.9574590960439994,0.7861625484806787,0.7861625484806787,0.495069876882666,0.08215679901437645,0.6969106235016435,0.4175317807427522,-0.25234099454925935,0.1019308356786613,0.7141482168744597,0.6528955637511497,0.84914619638428,0.5311153231450311,0.6079412489915423,0.6289282417691516,0.7378130465792407,0.6620896785293214,0.7550798996409885,1.0,0.2177672157813401],[0.22493727248569256,0.22249596392112,0.22493727248569256,0.23836066208789833,0.23836066208789833,0.4952146884556039,0.4952146884556039,0.8153670826206759,0.8153670826206759,0.16973827014249238,0.8013911411688659,0.6505414714003971,0.8258987563631301,0.8023960655985054,0.8025971783844846,0.8060321952166547,0.8510560884272413,0.8576737752329475,0.8576737752329475,-0.127319458163616,0.1414462198044196,0.22179565034621265,0.48217597233890563,-0.4203294905920035,0.08586853529190992,0.4334722490081513,0.1624554274154522,0.25125346567988166,0.3178094506341525,0.4876225228577929,0.7525207301604101,0.5607908507245897,0.2122438689046734,0.20379544791487617,0.2177672157813401,1.0]],"x":["^TAIEX       \u81fa\u7063\u52a0\u6b0a\u5831\u916c\u6307\u6578","^TWII        \u81fa\u7063\u52a0\u6b0a\u6307\u6578","^TAIEXx2     \u81fa\u7063\u52a0\u6b0a\u5831\u916c\u6307\u6578_\u65e5\u6b632","^TAI50I      \u81fa\u706350\u5831\u916c\u6307\u6578","^TAI50Ix2    \u81fa\u706350\u5831\u916c\u6307\u6578_\u65e5\u6b632","^TAI100I     \u81fa\u7063\u4e2d\u578b100\u5831\u916c\u6307\u6578","^TAI100Ix2   \u81fa\u7063\u4e2d\u578b100\u5831\u916c\u6307\u6578_\u65e5\u6b632","^TAIDIVIDI   \u81fa\u7063\u9ad8\u80a1\u606f\u5831\u916c\u6307\u6578","^TAIDIVIDIx2 \u81fa\u7063\u9ad8\u80a1\u606f\u5831\u916c\u6307\u6578_\u65e5\u6b632","0050Fund     \u5143\u5927\u53f0\u7063\u5353\u8d8a50\u57fa\u91d1","006208Fund   \u5bcc\u90a6\u53f0\u7063\u91c6\u540950\u57fa\u91d1","0050         \u5143\u5927\u81fa\u706350","00631L       \u5143\u5927\u53f0\u706350\u6b632","00675L       \u5bcc\u90a6\u81fa\u7063\u52a0\u6b0a\u6b632","006208       \u5bcc\u90a6\u53f050","0051         \u5143\u5927\u4e2d\u578b100","006204       \u6c38\u8c50\u81fa\u7063\u52a0\u6b0a","0056         \u5143\u5927\u9ad8\u80a1\u606f","0056         \u5143\u5927\u9ad8\u80a1\u606f_\u80a1\u606f\u4e0d\u6295\u5165","2412         \u4e2d\u83ef\u96fb\u4fe1","2002         \u4e2d\u92fc","2330         \u53f0\u7a4d\u96fb","2317         \u9d3b\u6d77","6505         \u53f0\u5851\u77f3\u5316","3481         \u7fa4\u5275","2303         \u806f\u96fb","2308         \u53f0\u9054\u96fb","2454         \u806f\u767c\u79d1","2886         \u5146\u8c50\u91d1","2884         \u7389\u5c71\u91d1","2891         \u4e2d\u4fe1\u91d1","2892         \u7b2c\u4e00\u91d1","5880         \u5408\u5eab\u91d1","2881         \u5bcc\u90a6\u91d1","2885         \u5143\u5927\u91d1","2887         \u53f0\u65b0\u91d1"],"y":["^TAIEX       \u81fa\u7063\u52a0\u6b0a\u5831\u916c\u6307\u6578","^TWII        \u81fa\u7063\u52a0\u6b0a\u6307\u6578","^TAIEXx2     \u81fa\u7063\u52a0\u6b0a\u5831\u916c\u6307\u6578_\u65e5\u6b632","^TAI50I      \u81fa\u706350\u5831\u916c\u6307\u6578","^TAI50Ix2    \u81fa\u706350\u5831\u916c\u6307\u6578_\u65e5\u6b632","^TAI100I     \u81fa\u7063\u4e2d\u578b100\u5831\u916c\u6307\u6578","^TAI100Ix2   \u81fa\u7063\u4e2d\u578b100\u5831\u916c\u6307\u6578_\u65e5\u6b632","^TAIDIVIDI   \u81fa\u7063\u9ad8\u80a1\u606f\u5831\u916c\u6307\u6578","^TAIDIVIDIx2 \u81fa\u7063\u9ad8\u80a1\u606f\u5831\u916c\u6307\u6578_\u65e5\u6b632","0050Fund     \u5143\u5927\u53f0\u7063\u5353\u8d8a50\u57fa\u91d1","006208Fund   \u5bcc\u90a6\u53f0\u7063\u91c6\u540950\u57fa\u91d1","0050         \u5143\u5927\u81fa\u706350","00631L       \u5143\u5927\u53f0\u706350\u6b632","00675L       \u5bcc\u90a6\u81fa\u7063\u52a0\u6b0a\u6b632","006208       \u5bcc\u90a6\u53f050","0051         \u5143\u5927\u4e2d\u578b100","006204       \u6c38\u8c50\u81fa\u7063\u52a0\u6b0a","0056         \u5143\u5927\u9ad8\u80a1\u606f","0056         \u5143\u5927\u9ad8\u80a1\u606f_\u80a1\u606f\u4e0d\u6295\u5165","2412         \u4e2d\u83ef\u96fb\u4fe1","2002         \u4e2d\u92fc","2330         \u53f0\u7a4d\u96fb","2317         \u9d3b\u6d77","6505         \u53f0\u5851\u77f3\u5316","3481         \u7fa4\u5275","2303         \u806f\u96fb","2308         \u53f0\u9054\u96fb","2454         \u806f\u767c\u79d1","2886         \u5146\u8c50\u91d1","2884         \u7389\u5c71\u91d1","2891         \u4e2d\u4fe1\u91d1","2892         \u7b2c\u4e00\u91d1","5880         \u5408\u5eab\u91d1","2881         \u5bcc\u90a6\u91d1","2885         \u5143\u5927\u91d1","2887         \u53f0\u65b0\u91d1"],"zmin":-1,"zmax":1,"colorbar":{"x":-0.2}}],"layout":{"autotypenumbers":"strict","colorway":["#636efa","#EF553B","#00cc96","#ab63fa","#FFA15A","#19d3f3","#FF6692","#B6E880","#FF97FF","#FECB52"],"font":{"color":"#f2f5fa","family":"Courier New"},"hovermode":"closest","hoverlabel":{"align":"left"},"paper_bgcolor":"rgb(17,17,17)","plot_bgcolor":"rgb(17,17,17)","polar":{"bgcolor":"rgb(17,17,17)","angularaxis":{"gridcolor":"#506784","linecolor":"#506784","ticks":""},"radialaxis":{"gridcolor":"#506784","linecolor":"#506784","ticks":""}},"ternary":{"bgcolor":"rgb(17,17,17)","aaxis":{"gridcolor":"#506784","linecolor":"#506784","ticks":""},"baxis":{"gridcolor":"#506784","linecolor":"#506784","ticks":""},"caxis":{"gridcolor":"#506784","linecolor":"#506784","ticks":""}},"coloraxis":{"colorbar":{"outlinewidth":0,"ticks":""}},"colorscale":{"sequential":[[0.0,"#0d0887"],[0.1111111111111111,"#46039f"],[0.2222222222222222,"#7201a8"],[0.3333333333333333,"#9c179e"],[0.4444444444444444,"#bd3786"],[0.5555555555555556,"#d8576b"],[0.6666666666666666,"#ed7953"],[0.7777777777777778,"#fb9f3a"],[0.8888888888888888,"#fdca26"],[1.0,"#f0f921"]],"sequentialminus":[[0.0,"#0d0887"],[0.1111111111111111,"#46039f"],[0.2222222222222222,"#7201a8"],[0.3333333333333333,"#9c179e"],[0.4444444444444444,"#bd3786"],[0.5555555555555556,"#d8576b"],[0.6666666666666666,"#ed7953"],[0.7777777777777778,"#fb9f3a"],[0.8888888888888888,"#fdca26"],[1.0,"#f0f921"]],"diverging":[[0,"#8e0152"],[0.1,"#c51b7d"],[0.2,"#de77ae"],[0.3,"#f1b6da"],[0.4,"#fde0ef"],[0.5,"#f7f7f7"],[0.6,"#e6f5d0"],[0.7,"#b8e186"],[0.8,"#7fbc41"],[0.9,"#4d9221"],[1,"#276419"]]},"xaxis":{"gridcolor":"rgba(0, 0, 0, 0)","linecolor":"#506784","ticks":"","title":{"standoff":15},"zerolinecolor":"#283442","automargin":true,"zerolinewidth":2,"tickfont":{"family":"Courier New","size":14},"side":"top","tickangle":-90},"yaxis":{"gridcolor":"rgba(0, 0, 0, 0)","linecolor":"#506784","ticks":"","title":{"standoff":15},"zerolinecolor":"#283442","automargin":true,"zerolinewidth":2,"tickfont":{"family":"Courier New"},"side":"right"},"scene":{"xaxis":{"backgroundcolor":"rgb(17,17,17)","gridcolor":"#506784","linecolor":"#506784","showbackground":true,"ticks":"","zerolinecolor":"#C8D4E3","gridwidth":2},"yaxis":{"backgroundcolor":"rgb(17,17,17)","gridcolor":"#506784","linecolor":"#506784","showbackground":true,"ticks":"","zerolinecolor":"#C8D4E3","gridwidth":2},"zaxis":{"backgroundcolor":"rgb(17,17,17)","gridcolor":"#506784","linecolor":"#506784","showbackground":true,"ticks":"","zerolinecolor":"#C8D4E3","gridwidth":2}},"shapedefaults":{"line":{"color":"#f2f5fa"}},"annotationdefaults":{"arrowcolor":"#f2f5fa","arrowhead":0,"arrowwidth":1},"geo":{"bgcolor":"rgb(17,17,17)","landcolor":"rgb(17,17,17)","subunitcolor":"#506784","showland":true,"showlakes":true,"lakecolor":"rgb(17,17,17)"},"title":{"x":0.05,"font":{"family":"Times New Roman"},"y":0.05,"text":"<b>Correlation of Close<b><br><i>2016-09-23 ~ 2026-02-09<i>"},"updatemenudefaults":{"bgcolor":"#506784","borderwidth":0},"sliderdefaults":{"bgcolor":"#C8D4E3","borderwidth":1,"bordercolor":"rgb(17,17,17)","tickwidth":0},"mapbox":{"style":"dark"},"annotations":[{"text":"<b>@zwindr<b>","textangle":0,"opacity":0.5,"font":{"color":"white","size":12},"xref":"paper","yref":"paper","xanchor":"left","yanchor":"bottom","x":1.0,"y":1.0,"showarrow":false}]},"config":{"responsive":true,"toImageButtonOptions":{"filename":"Correlation of Close_2016-09-23~2026-02-09","scale":5}}};Plotly.newPlot("correlationClose",correlationClose.data,correlationClose.layout||{},correlationClose.config);}else{console.log("style display is none => correlationClose");}