var element=document.getElementById("correlationAdjClose");if(element.style.display!='none'){var correlationAdjClose={"data":[{"type":"heatmap","z":[[1.0,0.994915241700618,0.9754883969527478,0.9971081606345887,0.9566761170178982,0.9836801536732258,0.952333255303888,0.9891684742604784,0.9745547023618677,0.9972577829462395,0.9966922532920556,0.9971578191614815,0.9932461109575469,0.9942017238685514,0.9967404099112946,0.9852846488378769,0.9997129035349485,0.9890162073043879,0.8991266663973353,0.9194613917163984,0.6955418085678065,0.9847222538340312,0.9322040356975447,0.37049815004250447,-0.2993909787942309,0.8983894102643086,0.9301998246094689,0.9594567616891544,0.9777400186636626,0.9648259515023425,0.9786885566368861,0.971110723739902,0.9413126015048839,0.9824251488776335,0.9745430568503368,0.9557422690429173],[0.994915241700618,1.0,0.971583887083183,0.9916992183205648,0.9525030135308152,0.9797735396568096,0.9482547589518102,0.9813751301274164,0.968650640072486,0.9929927861981689,0.9948963686419493,0.9943810513745449,0.9923371277762041,0.9921756906003822,0.9949114293098311,0.9802769079972375,0.997228782257305,0.9836401972024656,0.9202551965430253,0.9095371344803928,0.7149618938021808,0.9688917521699988,0.9152861006925449,0.3705230100724925,-0.23040439805738702,0.876316419251776,0.923921642674839,0.9588480306808201,0.9583616894264629,0.9525684078554514,0.9696790476937663,0.957318965509505,0.9403481575389452,0.9728296872757026,0.9657934176327722,0.9506068936071741],[0.9754883969527478,0.971583887083183,1.0,0.9844344676940804,0.9945761908709867,0.9733363093849658,0.977886800579761,0.9613643185022579,0.9793192815170239,0.9841135061233225,0.9907734364530031,0.9874901107834267,0.9970102052132725,0.9967930463452565,0.990542102750045,0.9709570488635892,0.9856833058142661,0.9609566890185948,0.8620478022600284,0.8239720878779727,0.5676745881289779,0.9920141536785981,0.9313603728815837,0.19924748089368197,-0.22361163469505624,0.8842133513009905,0.9403899729549419,0.971602531642858,0.9202684115219988,0.9083758469675876,0.9662069608840598,0.9130115572498563,0.8896076884724367,0.964125593338466,0.971434126156394,0.9166257875069016],[0.9971081606345887,0.9916992183205648,0.9844344676940804,1.0,0.9726154023017313,0.9752556960309751,0.9492804605583632,0.9809356843586158,0.9711688485508365,0.9999695166976101,0.9999915898696009,0.9999623390916144,0.9932420427430171,0.9917923943079809,0.9999501953681554,0.9741096936028496,0.9957298416280659,0.9804744043964302,0.8827295277679462,0.9018591734915301,0.6579222482307586,0.993870682367198,0.9368617578187585,0.33841673603934125,-0.2885707565572375,0.8904131895759829,0.9403026768585139,0.9631443867704423,0.9653993686247568,0.9587991444978139,0.9806266186700836,0.9585182115994637,0.9258315559436413,0.9793213774089902,0.9724588737434914,0.9447471260496502],[0.9566761170178982,0.9525030135308152,0.9945761908709867,0.9726154023017313,1.0,0.946132568090178,0.9569345264129409,0.9361940170790765,0.9592579909699331,0.972672370793275,0.9819727839717057,0.9781283464320634,0.9835181562347285,0.9805296366852932,0.9815850660883778,0.9422792521971237,0.9673347685838749,0.9354740962481928,0.8292246784479763,0.7933462212203349,0.518213351865629,0.9872454216580044,0.926245658095843,0.16462379788652107,-0.21287334193948979,0.8508631876490393,0.9457931618402795,0.9577506199501356,0.8896854364220826,0.8846536621662886,0.9537008132772621,0.8821793634475239,0.8519902513076434,0.9457361361083598,0.9522280162978668,0.8844754504810481],[0.9836801536732258,0.9797735396568096,0.9733363093849658,0.9752556960309751,0.946132568090178,1.0,0.9829810085502051,0.9825870173564916,0.9824871046900366,0.9746893218304717,0.9694746226631307,0.9728197890234889,0.9738349741864836,0.9713702256210445,0.9693943539712063,0.9999011436653124,0.9869570032503502,0.983514339144792,0.9018256896456541,0.8710230002056947,0.6645058936025849,0.9670537219212364,0.9033364031153303,0.24618898596183295,-0.22026191768912703,0.9322505248748719,0.9032163869267175,0.9638958122551893,0.959874940654515,0.9343348737090063,0.95768467124108,0.9549838271963643,0.9529323247299648,0.9625944162256225,0.9794471953527802,0.9578363552435145],[0.952333255303888,0.9482547589518102,0.977886800579761,0.9492804605583632,0.9569345264129409,0.9829810085502051,1.0,0.9548941082862414,0.9849607004382404,0.9479163536531204,0.9582963440699954,0.9547098363391366,0.9770839257337335,0.9777985124683839,0.9580245100613821,0.9842990751154795,0.970799171829898,0.9574036928232748,0.8672839331216264,0.7900406249550163,0.5561813330935983,0.9532073478512447,0.9044008113458579,0.10555941434425217,-0.15889533826955854,0.8950271942241775,0.8962861711284305,0.9602791098817498,0.9042389971689834,0.8712538314799705,0.9373742889562222,0.897500483727701,0.9050111956442615,0.9358563579733281,0.9686582366849185,0.9133221252909403],[0.9891684742604784,0.9813751301274164,0.9613643185022579,0.9809356843586158,0.9361940170790765,0.9825870173564916,0.9548941082862414,1.0,0.9837573783687746,0.9809153679501009,0.9762436090217462,0.979765891816449,0.9709231640197293,0.9699274777001987,0.9763514656923271,0.9843870429304091,0.9869994709749313,0.9998824190219789,0.927780914364902,0.9290845253234388,0.6321985378939674,0.9683720488840906,0.8993963050113212,0.22452381430205165,-0.3106809619232697,0.9062993943351509,0.8836259627768961,0.9443849827592329,0.97925011843908,0.9569221669798464,0.9693222129274054,0.9659956819482927,0.9375277619214588,0.963541291123463,0.961533366340562,0.9676565423177823],[0.9745547023618677,0.968650640072486,0.9793192815170239,0.9711688485508365,0.9592579909699331,0.9824871046900366,0.9849607004382404,0.9837573783687746,1.0,0.9704188104849915,0.9668243396095585,0.9692568197587199,0.9724773176029581,0.9692904934587591,0.9666755979270103,0.9815366512547794,0.9744130025922183,0.9831205728353711,0.9029422897130241,0.8617465008583878,0.5514615933966367,0.9689285110797984,0.9165091996223191,0.08356277870412535,-0.23302723415527685,0.8846518649723163,0.8867302318485724,0.9645046952002118,0.9377971509402582,0.9053776337015013,0.9621595863284247,0.923222163149417,0.9042827110892454,0.9530314237607485,0.9736145065015959,0.9280302491804634],[0.9972577829462395,0.9929927861981689,0.9841135061233225,0.9999695166976101,0.972672370793275,0.9746893218304717,0.9479163536531204,0.9809153679501009,0.9704188104849915,1.0,0.9999900934826962,0.9999828132929088,0.9931291138898545,0.9916558775059813,0.9999552395065149,0.9735534028775268,0.9956083998943103,0.9805497917331251,0.8845587045869544,0.9030552128954559,0.6554589391456047,0.9940626878196502,0.9367154430025119,0.34351653483884903,-0.28801153153312176,0.8911743113566504,0.9385526650986318,0.9616992147427731,0.9651453466331587,0.957997603086161,0.9796831207270449,0.9579271116949215,0.9244482237290972,0.9785517294920802,0.9713473794236547,0.9432289788008659],[0.9966922532920556,0.9948963686419493,0.9907734364530031,0.9999915898696009,0.9819727839717057,0.9694746226631307,0.9582963440699954,0.9762436090217462,0.9668243396095585,0.9999900934826962,1.0,0.9999736240984629,0.9932674858338247,0.9917907529709862,0.9999580035969328,0.9692301594336931,0.9953895938942314,0.9769082170261004,0.9069466699812004,0.9304702374177426,0.537959890925504,0.997245546615027,0.9214810570935097,-0.1364083499592831,0.38826151919253393,0.8910135227992644,0.9085624972843493,0.9644945270924093,0.9560771702545233,0.9410092254887824,0.9713069838315203,0.9379487360833935,0.9034063176728504,0.9692965906200184,0.9807570654798105,0.938974581688859],[0.9971578191614815,0.9943810513745449,0.9874901107834267,0.9999623390916144,0.9781283464320634,0.9728197890234889,0.9547098363391366,0.979765891816449,0.9692568197587199,0.9999828132929088,0.9999736240984629,1.0,0.9931395134826758,0.9916291857187878,0.999965644592017,0.9726869903588813,0.9955066034004065,0.979993802653607,0.8921203889939978,0.9196931996720993,0.601520345098252,0.9962545140896566,0.9332348855737507,0.07833269058148525,-0.1941438690313062,0.9050667032629801,0.9242242146753241,0.9574280866794436,0.9593145294999699,0.949021599496291,0.9762218476117995,0.9488024853656374,0.9205450298961803,0.9749475891149715,0.9710409447959847,0.9473377306132905],[0.9932461109575469,0.9923371277762041,0.9970102052132725,0.9932420427430171,0.9835181562347285,0.9738349741864836,0.9770839257337335,0.9709231640197293,0.9724773176029581,0.9931291138898545,0.9932674858338247,0.9931395134826758,1.0,0.9997596093607896,0.9932679201138467,0.973684377878182,0.9933109940020137,0.9717742810003913,0.8989923297708629,0.9180597340898876,0.4647762258250946,0.9890827577881778,0.9176820421139915,-0.40353757384963307,0.4033965965731867,0.8741216827091655,0.9064440886078636,0.9686494328304467,0.9394083763623182,0.9090797889679249,0.9555877548090904,0.9151174599791815,0.872346784644063,0.9668996349013496,0.9778847817897727,0.9313088348645969],[0.9942017238685514,0.9921756906003822,0.9967930463452565,0.9917923943079809,0.9805296366852932,0.9713702256210445,0.9777985124683839,0.9699274777001987,0.9692904934587591,0.9916558775059813,0.9917907529709862,0.9916291857187878,0.9997596093607896,1.0,0.9919068943309446,0.9711223249249658,0.9940822109187559,0.9709600643546255,0.8838967899974771,0.9276210007400797,0.3256613569218948,0.9851897492278089,0.9111978761094398,-0.7499249179899793,0.37392325948254146,0.8417695433328566,0.9031573283580316,0.965100926570641,0.9330085750252395,0.8968882559509171,0.948929107423307,0.9155033832387621,0.850516602388382,0.9677608273009433,0.9759709307465291,0.9252302610103588],[0.9967404099112946,0.9949114293098311,0.990542102750045,0.9999501953681554,0.9815850660883778,0.9693943539712063,0.9580245100613821,0.9763514656923271,0.9666755979270103,0.9999552395065149,0.9999580035969328,0.999965644592017,0.9932679201138467,0.9919068943309446,1.0,0.9692135390848525,0.9954325322245191,0.9769840576373664,0.9070974058070976,0.9310050483209027,0.5378191985760962,0.9970841375671753,0.9216351940508233,-0.1340335294932386,0.38809093096186276,0.8909387930983507,0.9076014505064075,0.9639297430051613,0.9562761363791208,0.9413260980170329,0.971276253537281,0.9383985004655913,0.9038566873630822,0.9692472282341299,0.9806986657047898,0.9394055293887627],[0.9852846488378769,0.9802769079972375,0.9709570488635892,0.9741096936028496,0.9422792521971237,0.9999011436653124,0.9842990751154795,0.9843870429304091,0.9815366512547794,0.9735534028775268,0.9692301594336931,0.9726869903588813,0.973684377878182,0.9711223249249658,0.9692135390848525,1.0,0.9870196461125202,0.9837092592802956,0.9047157876577769,0.894821335933373,0.6544542085556673,0.9646553724171104,0.8976605708179186,0.10238554165088155,-0.1992000828443565,0.9395788076026265,0.8919860480845578,0.9609543567123798,0.9632860122953429,0.9316321089816033,0.9542878019212834,0.9561417021809105,0.952076246697532,0.9646837769505648,0.9787681533880705,0.962053438115045],[0.9997129035349485,0.997228782257305,0.9856833058142661,0.9957298416280659,0.9673347685838749,0.9869570032503502,0.970799171829898,0.9869994709749313,0.9744130025922183,0.9956083998943103,0.9953895938942314,0.9955066034004065,0.9933109940020137,0.9940822109187559,0.9954325322245191,0.9870196461125202,1.0,0.9876071588233698,0.9249052095042406,0.9397847274672346,0.5945524236396225,0.988265664514017,0.9131317885101089,-0.07584530465775276,0.41534197709591614,0.919300032154687,0.8995838543484436,0.9664172306178983,0.9724743591733391,0.9493488781577271,0.9696087872331033,0.956376470146309,0.9335458536422516,0.9756061288742168,0.9865189730855406,0.9627249117854825],[0.9890162073043879,0.9836401972024656,0.9609566890185948,0.9804744043964302,0.9354740962481928,0.983514339144792,0.9574036928232748,0.9998824190219789,0.9831205728353711,0.9805497917331251,0.9769082170261004,0.979993802653607,0.9717742810003913,0.9709600643546255,0.9769840576373664,0.9837092592802956,0.9876071588233698,1.0,0.9306665638105197,0.9352712736022354,0.6294539123784659,0.9669833182449756,0.9032594376995087,0.18861981390698762,-0.2924392330575821,0.9111813730002508,0.8790216616939358,0.9443453813804044,0.9797316890551362,0.956342293872818,0.9677859696951219,0.964664769603014,0.9372652239511526,0.9627891918320867,0.9596086715963703,0.9687807295770496],[0.8991266663973353,0.9202551965430253,0.8620478022600284,0.8827295277679462,0.8292246784479763,0.9018256896456541,0.8672839331216264,0.927780914364902,0.9029422897130241,0.8845587045869544,0.9069466699812004,0.8921203889939978,0.8989923297708629,0.8838967899974771,0.9070974058070976,0.9047157876577769,0.9249052095042406,0.9306665638105197,1.0,0.8272345158005151,0.6982303026705649,0.8548503082143494,0.806274160437679,0.26643377773978566,-0.16450409121348175,0.8566241194923572,0.7564953881680484,0.855449822071751,0.8916795209598947,0.8580525437595966,0.8559165002942205,0.8706933808128843,0.8568781037801525,0.8548403430528758,0.8760567360441814,0.8952960495946236],[0.9194613917163984,0.9095371344803928,0.8239720878779727,0.9018591734915301,0.7933462212203349,0.8710230002056947,0.7900406249550163,0.9290845253234388,0.8617465008583878,0.9030552128954559,0.9304702374177426,0.9196931996720993,0.9180597340898876,0.9276210007400797,0.9310050483209027,0.894821335933373,0.9397847274672346,0.9352712736022354,0.8272345158005151,1.0,0.8259385535877294,0.8523892746727597,0.8675202905073831,0.6387473540237008,-0.525604912204366,0.7149284362909296,0.8365733162793731,0.8129835894658464,0.9594229787034421,0.9379980120454836,0.899906668556302,0.9469151193425747,0.9002085553874338,0.9006312508842574,0.851680824070633,0.8862278148902584],[0.6955418085678065,0.7149618938021808,0.5676745881289779,0.6579222482307586,0.518213351865629,0.6645058936025849,0.5561813330935983,0.6321985378939674,0.5514615933966367,0.6554589391456047,0.537959890925504,0.601520345098252,0.4647762258250946,0.3256613569218948,0.5378191985760962,0.6544542085556673,0.5945524236396225,0.6294539123784659,0.6982303026705649,0.8259385535877294,1.0,0.5866238422699861,0.6933352468347315,0.7248672866115755,-0.11619723253140662,0.5348924847571698,0.6085903265574022,0.6099011080623487,0.771975184254731,0.7027441538809256,0.625197467492721,0.738247242428141,0.7527525964174379,0.6642726305876328,0.6318716910786777,0.6815870238927085],[0.9847222538340312,0.9688917521699988,0.9920141536785981,0.993870682367198,0.9872454216580044,0.9670537219212364,0.9532073478512447,0.9683720488840906,0.9689285110797984,0.9940626878196502,0.997245546615027,0.9962545140896566,0.9890827577881778,0.9851897492278089,0.9970841375671753,0.9646553724171104,0.988265664514017,0.9669833182449756,0.8548503082143494,0.8523892746727597,0.5866238422699861,1.0,0.9147305272800059,0.26524791148341637,-0.2802642090405497,0.8728502832434976,0.9427645000552997,0.9675033355957516,0.9322943326744524,0.9392634517654527,0.97222479919784,0.9344693466751769,0.8978650187209927,0.9684303870060663,0.9577562385829657,0.9241118483640005],[0.9322040356975447,0.9152861006925449,0.9313603728815837,0.9368617578187585,0.926245658095843,0.9033364031153303,0.9044008113458579,0.8993963050113212,0.9165091996223191,0.9367154430025119,0.9214810570935097,0.9332348855737507,0.9176820421139915,0.9111978761094398,0.9216351940508233,0.8976605708179186,0.9131317885101089,0.9032594376995087,0.806274160437679,0.8675202905073831,0.6933352468347315,0.9147305272800059,1.0,0.3040178997994789,-0.18996140657659133,0.7135194268065163,0.9131461628747728,0.8972302475109012,0.8978142664774601,0.8565586115144654,0.933768911500246,0.8712621344894507,0.8396312523951303,0.9288791864251384,0.8828073495412024,0.85576823169898],[0.37049815004250447,0.3705230100724925,0.19924748089368197,0.33841673603934125,0.16462379788652107,0.24618898596183295,0.10555941434425217,0.22452381430205165,0.08356277870412535,0.34351653483884903,-0.1364083499592831,0.07833269058148525,-0.40353757384963307,-0.7499249179899793,-0.1340335294932386,0.10238554165088155,-0.07584530465775276,0.18861981390698762,0.26643377773978566,0.6387473540237008,0.7248672866115755,0.26524791148341637,0.3040178997994789,1.0,-0.381897204962349,0.26505761959561663,0.25821268009194054,0.17508606193218582,0.46474845226568023,0.4581741297251346,0.30698909759403203,0.4802674112287867,0.40581761226398383,0.3334599154169636,0.25632180890002665,0.3736290992701689],[-0.2993909787942309,-0.23040439805738702,-0.22361163469505624,-0.2885707565572375,-0.21287334193948979,-0.22026191768912703,-0.15889533826955854,-0.3106809619232697,-0.23302723415527685,-0.28801153153312176,0.38826151919253393,-0.1941438690313062,0.4033965965731867,0.37392325948254146,0.38809093096186276,-0.1992000828443565,0.41534197709591614,-0.2924392330575821,-0.16450409121348175,-0.525604912204366,-0.11619723253140662,-0.2802642090405497,-0.18996140657659133,-0.381897204962349,1.0,-0.15622109991993463,-0.2767075452937938,-0.18317102888332856,-0.38712714030903717,-0.3763985645800807,-0.3192008589216899,-0.34517947298698204,-0.20964255731347484,-0.3446574835409681,-0.18491240704168108,-0.31740851521876234],[0.8983894102643086,0.876316419251776,0.8842133513009905,0.8904131895759829,0.8508631876490393,0.9322505248748719,0.8950271942241775,0.9062993943351509,0.8846518649723163,0.8911743113566504,0.8910135227992644,0.9050667032629801,0.8741216827091655,0.8417695433328566,0.8909387930983507,0.9395788076026265,0.919300032154687,0.9111813730002508,0.8566241194923572,0.7149284362909296,0.5348924847571698,0.8728502832434976,0.7135194268065163,0.26505761959561663,-0.15622109991993463,1.0,0.7722896041858194,0.8860468742654387,0.8211655537818366,0.864938280605992,0.829719713863005,0.8727298532915312,0.8682170370543666,0.8602304730574396,0.8687930965357844,0.899248024125757],[0.9301998246094689,0.923921642674839,0.9403899729549419,0.9403026768585139,0.9457931618402795,0.9032163869267175,0.8962861711284305,0.8836259627768961,0.8867302318485724,0.9385526650986318,0.9085624972843493,0.9242242146753241,0.9064440886078636,0.9031573283580316,0.9076014505064075,0.8919860480845578,0.8995838543484436,0.8790216616939358,0.7564953881680484,0.8365733162793731,0.6085903265574022,0.9427645000552997,0.9131461628747728,0.25821268009194054,-0.2767075452937938,0.7722896041858194,1.0,0.8926278261520674,0.8892989864480874,0.8755502302324014,0.9155902245228535,0.8752183595624712,0.8393212126155423,0.9183779145231973,0.8970045026571626,0.8627956411563388],[0.9594567616891544,0.9588480306808201,0.971602531642858,0.9631443867704423,0.9577506199501356,0.9638958122551893,0.9602791098817498,0.9443849827592329,0.9645046952002118,0.9616992147427731,0.9644945270924093,0.9574280866794436,0.9686494328304467,0.965100926570641,0.9639297430051613,0.9609543567123798,0.9664172306178983,0.9443453813804044,0.855449822071751,0.8129835894658464,0.6099011080623487,0.9675033355957516,0.8972302475109012,0.17508606193218582,-0.18317102888332856,0.8860468742654387,0.8926278261520674,1.0,0.911119015298956,0.8940823741399468,0.9449412961104787,0.8946176743292036,0.8881741785760436,0.9504287703883431,0.9735773823654911,0.8930643431725169],[0.9777400186636626,0.9583616894264629,0.9202684115219988,0.9653993686247568,0.8896854364220826,0.959874940654515,0.9042389971689834,0.97925011843908,0.9377971509402582,0.9651453466331587,0.9560771702545233,0.9593145294999699,0.9394083763623182,0.9330085750252395,0.9562761363791208,0.9632860122953429,0.9724743591733391,0.9797316890551362,0.8916795209598947,0.9594229787034421,0.771975184254731,0.9322943326744524,0.8978142664774601,0.46474845226568023,-0.38712714030903717,0.8211655537818366,0.8892989864480874,0.911119015298956,1.0,0.9865207836589625,0.9629307134507372,0.9905924285661071,0.9532669161848009,0.959964289788342,0.9165586710137174,0.9686242121322344],[0.9648259515023425,0.9525684078554514,0.9083758469675876,0.9587991444978139,0.8846536621662886,0.9343348737090063,0.8712538314799705,0.9569221669798464,0.9053776337015013,0.957997603086161,0.9410092254887824,0.949021599496291,0.9090797889679249,0.8968882559509171,0.9413260980170329,0.9316321089816033,0.9493488781577271,0.956342293872818,0.8580525437595966,0.9379980120454836,0.7027441538809256,0.9392634517654527,0.8565586115144654,0.4581741297251346,-0.3763985645800807,0.864938280605992,0.8755502302324014,0.8940823741399468,0.9865207836589625,1.0,0.9515999969986331,0.9842940739920037,0.9560314954302268,0.9401391903299926,0.9245075934797485,0.9637783819057034],[0.9786885566368861,0.9696790476937663,0.9662069608840598,0.9806266186700836,0.9537008132772621,0.95768467124108,0.9373742889562222,0.9693222129274054,0.9621595863284247,0.9796831207270449,0.9713069838315203,0.9762218476117995,0.9555877548090904,0.948929107423307,0.971276253537281,0.9542878019212834,0.9696087872331033,0.9677859696951219,0.8559165002942205,0.899906668556302,0.625197467492721,0.97222479919784,0.933768911500246,0.30698909759403203,-0.3192008589216899,0.829719713863005,0.9155902245228535,0.9449412961104787,0.9629307134507372,0.9515999969986331,1.0,0.9528257146291111,0.9134572134945786,0.9782521580694779,0.9623714881340784,0.9433689008566671],[0.971110723739902,0.957318965509505,0.9130115572498563,0.9585182115994637,0.8821793634475239,0.9549838271963643,0.897500483727701,0.9659956819482927,0.923222163149417,0.9579271116949215,0.9379487360833935,0.9488024853656374,0.9151174599791815,0.9155033832387621,0.9383985004655913,0.9561417021809105,0.956376470146309,0.964664769603014,0.8706933808128843,0.9469151193425747,0.738247242428141,0.9344693466751769,0.8712621344894507,0.4802674112287867,-0.34517947298698204,0.8727298532915312,0.8752183595624712,0.8946176743292036,0.9905924285661071,0.9842940739920037,0.9528257146291111,1.0,0.9740038420983884,0.9465264596005355,0.9395384332633205,0.96460216233455],[0.9413126015048839,0.9403481575389452,0.8896076884724367,0.9258315559436413,0.8519902513076434,0.9529323247299648,0.9050111956442615,0.9375277619214588,0.9042827110892454,0.9244482237290972,0.9034063176728504,0.9205450298961803,0.872346784644063,0.850516602388382,0.9038566873630822,0.952076246697532,0.9335458536422516,0.9372652239511526,0.8568781037801525,0.9002085553874338,0.7527525964174379,0.8978650187209927,0.8396312523951303,0.40581761226398383,-0.20964255731347484,0.8682170370543666,0.8393212126155423,0.8881741785760436,0.9532669161848009,0.9560314954302268,0.9134572134945786,0.9740038420983884,1.0,0.9073120592374356,0.930309019865043,0.9544667038546865],[0.9824251488776335,0.9728296872757026,0.964125593338466,0.9793213774089902,0.9457361361083598,0.9625944162256225,0.9358563579733281,0.963541291123463,0.9530314237607485,0.9785517294920802,0.9692965906200184,0.9749475891149715,0.9668996349013496,0.9677608273009433,0.9692472282341299,0.9646837769505648,0.9756061288742168,0.9627891918320867,0.8548403430528758,0.9006312508842574,0.6642726305876328,0.9684303870060663,0.9288791864251384,0.3334599154169636,-0.3446574835409681,0.8602304730574396,0.9183779145231973,0.9504287703883431,0.959964289788342,0.9401391903299926,0.9782521580694779,0.9465264596005355,0.9073120592374356,1.0,0.9593398874180882,0.9440739211007204],[0.9745430568503368,0.9657934176327722,0.971434126156394,0.9724588737434914,0.9522280162978668,0.9794471953527802,0.9686582366849185,0.961533366340562,0.9736145065015959,0.9713473794236547,0.9807570654798105,0.9710409447959847,0.9778847817897727,0.9759709307465291,0.9806986657047898,0.9787681533880705,0.9865189730855406,0.9596086715963703,0.8760567360441814,0.851680824070633,0.6318716910786777,0.9577562385829657,0.8828073495412024,0.25632180890002665,-0.18491240704168108,0.8687930965357844,0.8970045026571626,0.9735773823654911,0.9165586710137174,0.9245075934797485,0.9623714881340784,0.9395384332633205,0.930309019865043,0.9593398874180882,1.0,0.9227414742027955],[0.9557422690429173,0.9506068936071741,0.9166257875069016,0.9447471260496502,0.8844754504810481,0.9578363552435145,0.9133221252909403,0.9676565423177823,0.9280302491804634,0.9432289788008659,0.938974581688859,0.9473377306132905,0.9313088348645969,0.9252302610103588,0.9394055293887627,0.962053438115045,0.9627249117854825,0.9687807295770496,0.8952960495946236,0.8862278148902584,0.6815870238927085,0.9241118483640005,0.85576823169898,0.3736290992701689,-0.31740851521876234,0.899248024125757,0.8627956411563388,0.8930643431725169,0.9686242121322344,0.9637783819057034,0.9433689008566671,0.96460216233455,0.9544667038546865,0.9440739211007204,0.9227414742027955,1.0]],"x":["^TAIEX       \u81fa\u7063\u52a0\u6b0a\u5831\u916c\u6307\u6578","^TWII        \u81fa\u7063\u52a0\u6b0a\u6307\u6578","^TAIEXx2     \u81fa\u7063\u52a0\u6b0a\u5831\u916c\u6307\u6578_\u65e5\u6b632","^TAI50I      \u81fa\u706350\u5831\u916c\u6307\u6578","^TAI50Ix2    \u81fa\u706350\u5831\u916c\u6307\u6578_\u65e5\u6b632","^TAI100I     \u81fa\u7063\u4e2d\u578b100\u5831\u916c\u6307\u6578","^TAI100Ix2   \u81fa\u7063\u4e2d\u578b100\u5831\u916c\u6307\u6578_\u65e5\u6b632","^TAIDIVIDI   \u81fa\u7063\u9ad8\u80a1\u606f\u5831\u916c\u6307\u6578","^TAIDIVIDIx2 \u81fa\u7063\u9ad8\u80a1\u606f\u5831\u916c\u6307\u6578_\u65e5\u6b632","0050Fund     \u5143\u5927\u53f0\u7063\u5353\u8d8a50\u57fa\u91d1","006208Fund   \u5bcc\u90a6\u53f0\u7063\u91c6\u540950\u57fa\u91d1","0050         \u5143\u5927\u81fa\u706350","00631L       \u5143\u5927\u53f0\u706350\u6b632","00675L       \u5bcc\u90a6\u81fa\u7063\u52a0\u6b0a\u6b632","006208       \u5bcc\u90a6\u53f050","0051         \u5143\u5927\u4e2d\u578b100","006204       \u6c38\u8c50\u81fa\u7063\u52a0\u6b0a","0056         \u5143\u5927\u9ad8\u80a1\u606f","0056         \u5143\u5927\u9ad8\u80a1\u606f_\u80a1\u606f\u4e0d\u6295\u5165","2412         \u4e2d\u83ef\u96fb\u4fe1","2002         \u4e2d\u92fc","2330         \u53f0\u7a4d\u96fb","2317         \u9d3b\u6d77","6505         \u53f0\u5851\u77f3\u5316","3481         \u7fa4\u5275","2303         \u806f\u96fb","2308         \u53f0\u9054\u96fb","2454         \u806f\u767c\u79d1","2886         \u5146\u8c50\u91d1","2884         \u7389\u5c71\u91d1","2891         \u4e2d\u4fe1\u91d1","2892         \u7b2c\u4e00\u91d1","5880         \u5408\u5eab\u91d1","2881         \u5bcc\u90a6\u91d1","2885         \u5143\u5927\u91d1","2887         \u53f0\u65b0\u91d1"],"y":["^TAIEX       \u81fa\u7063\u52a0\u6b0a\u5831\u916c\u6307\u6578","^TWII        \u81fa\u7063\u52a0\u6b0a\u6307\u6578","^TAIEXx2     \u81fa\u7063\u52a0\u6b0a\u5831\u916c\u6307\u6578_\u65e5\u6b632","^TAI50I      \u81fa\u706350\u5831\u916c\u6307\u6578","^TAI50Ix2    \u81fa\u706350\u5831\u916c\u6307\u6578_\u65e5\u6b632","^TAI100I     \u81fa\u7063\u4e2d\u578b100\u5831\u916c\u6307\u6578","^TAI100Ix2   \u81fa\u7063\u4e2d\u578b100\u5831\u916c\u6307\u6578_\u65e5\u6b632","^TAIDIVIDI   \u81fa\u7063\u9ad8\u80a1\u606f\u5831\u916c\u6307\u6578","^TAIDIVIDIx2 \u81fa\u7063\u9ad8\u80a1\u606f\u5831\u916c\u6307\u6578_\u65e5\u6b632","0050Fund     \u5143\u5927\u53f0\u7063\u5353\u8d8a50\u57fa\u91d1","006208Fund   \u5bcc\u90a6\u53f0\u7063\u91c6\u540950\u57fa\u91d1","0050         \u5143\u5927\u81fa\u706350","00631L       \u5143\u5927\u53f0\u706350\u6b632","00675L       \u5bcc\u90a6\u81fa\u7063\u52a0\u6b0a\u6b632","006208       \u5bcc\u90a6\u53f050","0051         \u5143\u5927\u4e2d\u578b100","006204       \u6c38\u8c50\u81fa\u7063\u52a0\u6b0a","0056         \u5143\u5927\u9ad8\u80a1\u606f","0056         \u5143\u5927\u9ad8\u80a1\u606f_\u80a1\u606f\u4e0d\u6295\u5165","2412         \u4e2d\u83ef\u96fb\u4fe1","2002         \u4e2d\u92fc","2330         \u53f0\u7a4d\u96fb","2317         \u9d3b\u6d77","6505         \u53f0\u5851\u77f3\u5316","3481         \u7fa4\u5275","2303         \u806f\u96fb","2308         \u53f0\u9054\u96fb","2454         \u806f\u767c\u79d1","2886         \u5146\u8c50\u91d1","2884         \u7389\u5c71\u91d1","2891         \u4e2d\u4fe1\u91d1","2892         \u7b2c\u4e00\u91d1","5880         \u5408\u5eab\u91d1","2881         \u5bcc\u90a6\u91d1","2885         \u5143\u5927\u91d1","2887         \u53f0\u65b0\u91d1"],"zmin":-1,"zmax":1,"colorbar":{"x":-0.2}}],"layout":{"autotypenumbers":"strict","colorway":["#636efa","#EF553B","#00cc96","#ab63fa","#FFA15A","#19d3f3","#FF6692","#B6E880","#FF97FF","#FECB52"],"font":{"color":"#f2f5fa","family":"Courier New"},"hovermode":"closest","hoverlabel":{"align":"left"},"paper_bgcolor":"rgb(17,17,17)","plot_bgcolor":"rgb(17,17,17)","polar":{"bgcolor":"rgb(17,17,17)","angularaxis":{"gridcolor":"#506784","linecolor":"#506784","ticks":""},"radialaxis":{"gridcolor":"#506784","linecolor":"#506784","ticks":""}},"ternary":{"bgcolor":"rgb(17,17,17)","aaxis":{"gridcolor":"#506784","linecolor":"#506784","ticks":""},"baxis":{"gridcolor":"#506784","linecolor":"#506784","ticks":""},"caxis":{"gridcolor":"#506784","linecolor":"#506784","ticks":""}},"coloraxis":{"colorbar":{"outlinewidth":0,"ticks":""}},"colorscale":{"sequential":[[0.0,"#0d0887"],[0.1111111111111111,"#46039f"],[0.2222222222222222,"#7201a8"],[0.3333333333333333,"#9c179e"],[0.4444444444444444,"#bd3786"],[0.5555555555555556,"#d8576b"],[0.6666666666666666,"#ed7953"],[0.7777777777777778,"#fb9f3a"],[0.8888888888888888,"#fdca26"],[1.0,"#f0f921"]],"sequentialminus":[[0.0,"#0d0887"],[0.1111111111111111,"#46039f"],[0.2222222222222222,"#7201a8"],[0.3333333333333333,"#9c179e"],[0.4444444444444444,"#bd3786"],[0.5555555555555556,"#d8576b"],[0.6666666666666666,"#ed7953"],[0.7777777777777778,"#fb9f3a"],[0.8888888888888888,"#fdca26"],[1.0,"#f0f921"]],"diverging":[[0,"#8e0152"],[0.1,"#c51b7d"],[0.2,"#de77ae"],[0.3,"#f1b6da"],[0.4,"#fde0ef"],[0.5,"#f7f7f7"],[0.6,"#e6f5d0"],[0.7,"#b8e186"],[0.8,"#7fbc41"],[0.9,"#4d9221"],[1,"#276419"]]},"xaxis":{"gridcolor":"rgba(0, 0, 0, 0)","linecolor":"#506784","ticks":"","title":{"standoff":15},"zerolinecolor":"#283442","automargin":true,"zerolinewidth":2,"tickfont":{"family":"Courier New","size":14},"side":"top","tickangle":-90},"yaxis":{"gridcolor":"rgba(0, 0, 0, 0)","linecolor":"#506784","ticks":"","title":{"standoff":15},"zerolinecolor":"#283442","automargin":true,"zerolinewidth":2,"tickfont":{"family":"Courier New"},"side":"right"},"scene":{"xaxis":{"backgroundcolor":"rgb(17,17,17)","gridcolor":"#506784","linecolor":"#506784","showbackground":true,"ticks":"","zerolinecolor":"#C8D4E3","gridwidth":2},"yaxis":{"backgroundcolor":"rgb(17,17,17)","gridcolor":"#506784","linecolor":"#506784","showbackground":true,"ticks":"","zerolinecolor":"#C8D4E3","gridwidth":2},"zaxis":{"backgroundcolor":"rgb(17,17,17)","gridcolor":"#506784","linecolor":"#506784","showbackground":true,"ticks":"","zerolinecolor":"#C8D4E3","gridwidth":2}},"shapedefaults":{"line":{"color":"#f2f5fa"}},"annotationdefaults":{"arrowcolor":"#f2f5fa","arrowhead":0,"arrowwidth":1},"geo":{"bgcolor":"rgb(17,17,17)","landcolor":"rgb(17,17,17)","subunitcolor":"#506784","showland":true,"showlakes":true,"lakecolor":"rgb(17,17,17)"},"title":{"x":0.05,"font":{"family":"Times New Roman"},"y":0.05,"text":"<b>Correlation of Adj Close<b><br><i>2016-09-23 ~ 2025-11-27<i>"},"updatemenudefaults":{"bgcolor":"#506784","borderwidth":0},"sliderdefaults":{"bgcolor":"#C8D4E3","borderwidth":1,"bordercolor":"rgb(17,17,17)","tickwidth":0},"mapbox":{"style":"dark"},"annotations":[{"text":"<b>@zwindr<b>","textangle":0,"opacity":0.5,"font":{"color":"white","size":12},"xref":"paper","yref":"paper","xanchor":"left","yanchor":"bottom","x":1.0,"y":1.0,"showarrow":false}]},"config":{"responsive":true,"toImageButtonOptions":{"filename":"Correlation of Adj Close_2016-09-23~2025-11-27","scale":5}}};Plotly.newPlot("correlationAdjClose",correlationAdjClose.data,correlationAdjClose.layout||{},correlationAdjClose.config);}else{console.log("style display is none => correlationAdjClose");}