var config = { responsive: true }

var correlationAdjClose = {"data": [{"type": "heatmap", "z": [[1.0, 0.9936136917837967, 0.9756801348909349, 0.997806373578573, 0.9641464559449979, 0.9803477779186034, -0.9390658905318928, 0.9893825858943829, 0.9677872001707466, 0.9966282583604605, 0.9929591509488994, 0.9939550110225522, 0.9972501177283699, 0.9778708350296743, 0.999556455390572, 0.9864886030780203, 0.9125301473766565, 0.7589800057267881, 0.9855786372081043, 0.9235819542902747, 0.4846284767659549, -0.3316022915200339, 0.8981802084866146, 0.9732955041066857, 0.9511779189419797], [0.9936136917837967, 1.0, 0.9710322493867877, 0.991235530033211, 0.959966646273357, 0.9754175439050929, -0.934170027061065, 0.979586500908641, 0.9605185133565733, 0.9938630460071155, 0.9918483812615184, 0.9911143839090397, 0.9952470904912134, 0.9725937750868201, 0.9963316289708433, 0.9824479895484144, 0.9010592549961499, 0.7657875605771609, 0.9663814758669179, 0.9015058988207489, 0.4824727688749059, -0.2534899491156521, 0.8700871869501478, 0.9604980230884818, 0.9514203749500618], [0.9756801348909349, 0.9710322493867877, 1.0, 0.9815356591533125, 0.996304113894964, 0.9786575100698299, -0.9747697395356714, 0.968778157464204, 0.982923132816788, 0.9855599233674437, 0.9974324686079901, 0.9973656538752542, 0.9884371140822588, 0.9770576261578191, 0.9874945189290064, 0.9753294160915164, 0.8144635574956579, 0.6503809885173287, 0.9894522602709311, 0.9121556535339826, 0.3185479722216374, -0.25068536765680394, 0.9066795354996403, 0.9393073076049577, 0.9774683625314531], [0.997806373578573, 0.991235530033211, 0.9815356591533125, 1.0, 0.9751968263452554, 0.9726172108919856, -0.9336583949117553, 0.9838960868756976, 0.965026603603154, 0.999257639952455, 0.9921053549351808, 0.9907499600087727, 0.9999018939490532, 0.9677577385664778, 0.9960394178521663, 0.9813287766467114, 0.8981508503354351, 0.731950780301605, 0.9930778730541666, 0.9253061277582494, 0.46545346424024103, -0.32298489173513123, 0.8977710966074354, 0.967161831209188, 0.9570646427789024], [0.9641464559449979, 0.959966646273357, 0.996304113894964, 0.9751968263452554, 1.0, 0.9587840362621075, -0.9565169866243886, 0.9543902468704968, 0.970902037482681, 0.9818124689669325, 0.9882493363200274, 0.9847400848564459, 0.9847590944867104, 0.9563358202989082, 0.9761057767416965, 0.9610502048144886, 0.794240211778221, 0.6187547239993763, 0.9885843391848843, 0.9091200481306256, 0.299881033778045, -0.24299809990705193, 0.8904630857187139, 0.9242397800124585, 0.9753126326965577], [0.9803477779186034, 0.9754175439050929, 0.9786575100698299, 0.9726172108919856, 0.9587840362621075, 1.0, -0.9795578096897348, 0.9793014097170298, 0.9787507406691535, 0.9717157045806644, 0.9759906754240807, 0.9739181357515977, 0.9683653671743584, 0.9988684010716201, 0.9858692489963828, 0.985682516840942, 0.8513116624168002, 0.7255335998802814, 0.9668690409034812, 0.8906195658503945, 0.3471638653893189, -0.24185889126398816, 0.9353071391096813, 0.9553803786849876, 0.9576561925095295], [-0.9390658905318928, -0.934170027061065, -0.9747697395356714, -0.9336583949117553, -0.9565169866243886, -0.9795578096897348, 1.0, -0.9485495398944757, -0.9824555169032297, -0.9413583924393492, -0.972746065135566, -0.9747601105703363, -0.946932189390728, -0.9859096525507329, -0.9631363994159663, -0.9645933069160884, -0.759136467032687, -0.621868011961317, -0.9400644093758218, -0.8771972061831076, -0.2006585359006501, 0.1720187733370258, -0.9024743334280169, -0.9090008786585854, -0.9550375560786841], [0.9893825858943829, 0.979586500908641, 0.968778157464204, 0.9838960868756976, 0.9543902468704968, 0.9793014097170298, -0.9485495398944757, 1.0, 0.9813207388520628, 0.980772378080643, 0.974450470015093, 0.973443978631203, 0.9792218914736206, 0.9753187570308149, 0.9868770295404083, 0.9963823602773069, 0.9202249203437071, 0.6970662236916781, 0.973662792491468, 0.8966987237481756, 0.35476341113413, -0.338846696704275, 0.9033049041363918, 0.9540297620657192, 0.9332665641506871], [0.9677872001707466, 0.9605185133565733, 0.982923132816788, 0.965026603603154, 0.970902037482681, 0.9787507406691535, -0.9824555169032297, 0.9813207388520628, 1.0, 0.9641810292396608, 0.9711701275314522, 0.9681003315384445, 0.9611486302327977, 0.9769514552127695, 0.9683524026711491, 0.9869776645335298, 0.8429864093369529, 0.6226954129828285, 0.965573653086144, 0.9045466413557398, 0.20934593374482155, -0.2539085132378818, 0.8847459430619937, 0.9284576856600033, 0.9567786794865217], [0.9966282583604605, 0.9938630460071155, 0.9855599233674437, 0.999257639952455, 0.9818124689669325, 0.9717157045806644, -0.9413583924393492, 0.980772378080643, 0.9641810292396608, 1.0, 0.991045147616683, 0.9893068633682645, 0.9998377222634854, 0.9687167499130535, 0.995289563252844, 0.9814517220593538, 0.9106180571088053, 0.7091016878606872, 0.9954428286227067, 0.9187735810708046, 0.2921768895089826, -0.27674731779130135, 0.9301397825232289, 0.9564990098698463, 0.9550970317993144], [0.9929591509488994, 0.9918483812615184, 0.9974324686079901, 0.9921053549351808, 0.9882493363200274, 0.9759906754240807, -0.972746065135566, 0.974450470015093, 0.9711701275314522, 0.991045147616683, 1.0, 0.9996592475692829, 0.9918628911219703, 0.9770214712398219, 0.9932924719318145, 0.9759275713845944, 0.9052400935677676, 0.609739982719117, 0.9875778754287681, 0.8894764439524849, -0.2600305317170547, 0.3583729393480328, 0.9078575279196226, 0.9522469538198056, 0.9764375163632558], [0.9939550110225522, 0.9911143839090397, 0.9973656538752542, 0.9907499600087727, 0.9847400848564459, 0.9739181357515977, -0.9747601105703363, 0.973443978631203, 0.9681003315384445, 0.9893068633682645, 0.9996592475692829, 1.0, 0.9905107264028491, 0.9750507410235597, 0.9940520565722177, 0.975157668623969, 0.914289393509443, 0.5001412063895915, 0.982853517891739, 0.8756275299702058, -0.6824289161794391, 0.3782180405582289, 0.8811045616765255, 0.9490000730913798, 0.975902717023462], [0.9972501177283699, 0.9952470904912134, 0.9884371140822588, 0.9999018939490532, 0.9847590944867104, 0.9683653671743584, -0.946932189390728, 0.9792218914736206, 0.9611486302327977, 0.9998377222634854, 0.9918628911219703, 0.9905107264028491, 1.0, 0.9691036648523648, 0.9956129601258397, 0.980251784438885, 0.9280203707216581, 0.6712037580396237, 0.996945941967441, 0.8984415136324028, 0.04302464712654241, 0.3039061281777484, 0.9198004125612412, 0.9486992786200081, 0.9632595401113402], [0.9778708350296743, 0.9725937750868201, 0.9770576261578191, 0.9677577385664778, 0.9563358202989082, 0.9988684010716201, -0.9859096525507329, 0.9753187570308149, 0.9769514552127695, 0.9687167499130535, 0.9770214712398219, 0.9750507410235597, 0.9691036648523648, 1.0, 0.9860183601018582, 0.9834035884699687, 0.8653066800819793, 0.7281562286663088, 0.9622445316929336, 0.8799552214246908, 0.20798148401148575, -0.20405228181432658, 0.9444852717049999, 0.950345489359106, 0.9566874981533471], [0.999556455390572, 0.9963316289708433, 0.9874945189290064, 0.9960394178521663, 0.9761057767416965, 0.9858692489963828, -0.9631363994159663, 0.9868770295404083, 0.9683524026711491, 0.995289563252844, 0.9932924719318145, 0.9940520565722177, 0.9956129601258397, 0.9860183601018582, 1.0, 0.9872050403971108, 0.9349764177180585, 0.7076340389262463, 0.9893807199038999, 0.8951066697909897, 0.08773042259235123, 0.305377740753436, 0.9374233160772094, 0.9589516261774496, 0.9621891370631486], [0.9864886030780203, 0.9824479895484144, 0.9753294160915164, 0.9813287766467114, 0.9610502048144886, 0.985682516840942, -0.9645933069160884, 0.9963823602773069, 0.9869776645335298, 0.9814517220593538, 0.9759275713845944, 0.975157668623969, 0.980251784438885, 0.9834035884699687, 0.9872050403971108, 1.0, 0.9026490161340047, 0.6985886866674953, 0.9730224382492711, 0.8963785282764414, 0.2870874656825925, -0.27055237017593725, 0.9149553198097411, 0.9437641917426737, 0.944493320220213], [0.9125301473766565, 0.9010592549961499, 0.8144635574956579, 0.8981508503354351, 0.794240211778221, 0.8513116624168002, -0.759136467032687, 0.9202249203437071, 0.8429864093369529, 0.9106180571088053, 0.9052400935677676, 0.914289393509443, 0.9280203707216581, 0.8653066800819793, 0.9349764177180585, 0.9026490161340047, 1.0, 0.8591003442568715, 0.8462212461117169, 0.872480898345561, 0.7328567821752956, -0.5713636785706028, 0.6715858506274024, 0.9100932882379262, 0.7865530239737416], [0.7589800057267881, 0.7657875605771609, 0.6503809885173287, 0.731950780301605, 0.6187547239993763, 0.7255335998802814, -0.621868011961317, 0.6970662236916781, 0.6226954129828285, 0.7091016878606872, 0.609739982719117, 0.5001412063895915, 0.6712037580396237, 0.7281562286663088, 0.7076340389262463, 0.6985886866674953, 0.8591003442568715, 1.0, 0.6519604697194361, 0.7567331813887405, 0.733729457423589, -0.14679331963638623, 0.5392369428616913, 0.7703433842367621, 0.655089783953449], [0.9855786372081043, 0.9663814758669179, 0.9894522602709311, 0.9930778730541666, 0.9885843391848843, 0.9668690409034812, -0.9400644093758218, 0.973662792491468, 0.965573653086144, 0.9954428286227067, 0.9875778754287681, 0.982853517891739, 0.996945941967441, 0.9622445316929336, 0.9893807199038999, 0.9730224382492711, 0.8462212461117169, 0.6519604697194361, 1.0, 0.8966391796304141, 0.393298082017458, -0.3168055866089459, 0.8856632879468265, 0.9491702852729367, 0.9669283591630661], [0.9235819542902747, 0.9015058988207489, 0.9121556535339826, 0.9253061277582494, 0.9091200481306256, 0.8906195658503945, -0.8771972061831076, 0.8966987237481756, 0.9045466413557398, 0.9187735810708046, 0.8894764439524849, 0.8756275299702058, 0.8984415136324028, 0.8799552214246908, 0.8951066697909897, 0.8963785282764414, 0.872480898345561, 0.7567331813887405, 0.8966391796304141, 1.0, 0.44127349198416826, -0.2231593441050663, 0.6951332998171172, 0.9187456648372102, 0.8806706497750146], [0.4846284767659549, 0.4824727688749059, 0.3185479722216374, 0.46545346424024103, 0.299881033778045, 0.3471638653893189, -0.2006585359006501, 0.35476341113413, 0.20934593374482155, 0.2921768895089826, -0.2600305317170547, -0.6824289161794391, 0.04302464712654241, 0.20798148401148575, 0.08773042259235123, 0.2870874656825925, 0.7328567821752956, 0.733729457423589, 0.393298082017458, 0.44127349198416826, 1.0, -0.42122775822587233, 0.31743845378401536, 0.46962183563375404, 0.2621959263748152], [-0.3316022915200339, -0.2534899491156521, -0.25068536765680394, -0.32298489173513123, -0.24299809990705193, -0.24185889126398816, 0.1720187733370258, -0.338846696704275, -0.2539085132378818, -0.27674731779130135, 0.3583729393480328, 0.3782180405582289, 0.3039061281777484, -0.20405228181432658, 0.305377740753436, -0.27055237017593725, -0.5713636785706028, -0.14679331963638623, -0.3168055866089459, -0.2231593441050663, -0.42122775822587233, 1.0, -0.17648256669922133, -0.3628054084005274, -0.19618411588950685], [0.8981802084866146, 0.8700871869501478, 0.9066795354996403, 0.8977710966074354, 0.8904630857187139, 0.9353071391096813, -0.9024743334280169, 0.9033049041363918, 0.8847459430619937, 0.9301397825232289, 0.9078575279196226, 0.8811045616765255, 0.9198004125612412, 0.9444852717049999, 0.9374233160772094, 0.9149553198097411, 0.6715858506274024, 0.5392369428616913, 0.8856632879468265, 0.6951332998171172, 0.31743845378401536, -0.17648256669922133, 1.0, 0.831158170608504, 0.8840537029316179], [0.9732955041066857, 0.9604980230884818, 0.9393073076049577, 0.967161831209188, 0.9242397800124585, 0.9553803786849876, -0.9090008786585854, 0.9540297620657192, 0.9284576856600033, 0.9564990098698463, 0.9522469538198056, 0.9490000730913798, 0.9486992786200081, 0.950345489359106, 0.9589516261774496, 0.9437641917426737, 0.9100932882379262, 0.7703433842367621, 0.9491702852729367, 0.9187456648372102, 0.46962183563375404, -0.3628054084005274, 0.831158170608504, 1.0, 0.9273188219023369], [0.9511779189419797, 0.9514203749500618, 0.9774683625314531, 0.9570646427789024, 0.9753126326965577, 0.9576561925095295, -0.9550375560786841, 0.9332665641506871, 0.9567786794865217, 0.9550970317993144, 0.9764375163632558, 0.975902717023462, 0.9632595401113402, 0.9566874981533471, 0.9621891370631486, 0.944493320220213, 0.7865530239737416, 0.655089783953449, 0.9669283591630661, 0.8806706497750146, 0.2621959263748152, -0.19618411588950685, 0.8840537029316179, 0.9273188219023369, 1.0]], "x": ["^TAIEX       \u81fa\u7063\u52a0\u6b0a\u5831\u916c\u6307\u6578", "^TWII        \u81fa\u7063\u52a0\u6b0a\u6307\u6578", "^TAIEXx2     \u81fa\u7063\u52a0\u6b0a\u5831\u916c\u6307\u6578_\u65e5\u6b632", "^TAI50I      \u81fa\u706350\u5831\u916c\u6307\u6578", "^TAI50Ix2    \u81fa\u706350\u5831\u916c\u6307\u6578_\u65e5\u6b632", "^TAI100I     \u81fa\u7063\u4e2d\u578b100\u5831\u916c\u6307\u6578", "^TAI100Ix2   \u81fa\u7063\u4e2d\u578b100\u5831\u916c\u6307\u6578_\u65e5\u6b632", "^TAIDIVIDI   \u81fa\u7063\u9ad8\u80a1\u606f\u5831\u916c\u6307\u6578", "^TAIDIVIDIx2 \u81fa\u7063\u9ad8\u80a1\u606f\u5831\u916c\u6307\u6578_\u65e5\u6b632", "0050         \u5143\u5927\u81fa\u706350", "00631L       \u5143\u5927\u53f0\u706350\u6b632", "00675L       \u5bcc\u90a6\u81fa\u7063\u52a0\u6b0a\u6b632", "006208       \u5bcc\u90a6\u53f050", "0051         \u5143\u5927\u4e2d\u578b100", "006204       \u6c38\u8c50\u81fa\u7063\u52a0\u6b0a", "0056         \u5143\u5927\u9ad8\u80a1\u606f", "2412         \u4e2d\u83ef\u96fb\u4fe1", "2002         \u4e2d\u92fc", "2330         \u53f0\u7a4d\u96fb", "2317         \u9d3b\u6d77", "6505         \u53f0\u5851\u77f3\u5316", "3481         \u7fa4\u5275", "2303         \u806f\u96fb", "2308         \u53f0\u9054\u96fb", "2454         \u806f\u767c\u79d1"], "y": ["^TAIEX       \u81fa\u7063\u52a0\u6b0a\u5831\u916c\u6307\u6578", "^TWII        \u81fa\u7063\u52a0\u6b0a\u6307\u6578", "^TAIEXx2     \u81fa\u7063\u52a0\u6b0a\u5831\u916c\u6307\u6578_\u65e5\u6b632", "^TAI50I      \u81fa\u706350\u5831\u916c\u6307\u6578", "^TAI50Ix2    \u81fa\u706350\u5831\u916c\u6307\u6578_\u65e5\u6b632", "^TAI100I     \u81fa\u7063\u4e2d\u578b100\u5831\u916c\u6307\u6578", "^TAI100Ix2   \u81fa\u7063\u4e2d\u578b100\u5831\u916c\u6307\u6578_\u65e5\u6b632", "^TAIDIVIDI   \u81fa\u7063\u9ad8\u80a1\u606f\u5831\u916c\u6307\u6578", "^TAIDIVIDIx2 \u81fa\u7063\u9ad8\u80a1\u606f\u5831\u916c\u6307\u6578_\u65e5\u6b632", "0050         \u5143\u5927\u81fa\u706350", "00631L       \u5143\u5927\u53f0\u706350\u6b632", "00675L       \u5bcc\u90a6\u81fa\u7063\u52a0\u6b0a\u6b632", "006208       \u5bcc\u90a6\u53f050", "0051         \u5143\u5927\u4e2d\u578b100", "006204       \u6c38\u8c50\u81fa\u7063\u52a0\u6b0a", "0056         \u5143\u5927\u9ad8\u80a1\u606f", "2412         \u4e2d\u83ef\u96fb\u4fe1", "2002         \u4e2d\u92fc", "2330         \u53f0\u7a4d\u96fb", "2317         \u9d3b\u6d77", "6505         \u53f0\u5851\u77f3\u5316", "3481         \u7fa4\u5275", "2303         \u806f\u96fb", "2308         \u53f0\u9054\u96fb", "2454         \u806f\u767c\u79d1"], "zmin": -1, "zmax": 1, "colorbar": {"x": -0.2}}], "layout": {"autotypenumbers": "strict", "colorway": ["#636efa", "#EF553B", "#00cc96", "#ab63fa", "#FFA15A", "#19d3f3", "#FF6692", "#B6E880", "#FF97FF", "#FECB52"], "font": {"color": "#f2f5fa", "family": "Courier New"}, "hovermode": "closest", "hoverlabel": {"align": "left"}, "paper_bgcolor": "rgb(17,17,17)", "plot_bgcolor": "rgb(17,17,17)", "polar": {"bgcolor": "rgb(17,17,17)", "angularaxis": {"gridcolor": "#506784", "linecolor": "#506784", "ticks": ""}, "radialaxis": {"gridcolor": "#506784", "linecolor": "#506784", "ticks": ""}}, "ternary": {"bgcolor": "rgb(17,17,17)", "aaxis": {"gridcolor": "#506784", "linecolor": "#506784", "ticks": ""}, "baxis": {"gridcolor": "#506784", "linecolor": "#506784", "ticks": ""}, "caxis": {"gridcolor": "#506784", "linecolor": "#506784", "ticks": ""}}, "coloraxis": {"colorbar": {"outlinewidth": 0, "ticks": ""}}, "colorscale": {"sequential": [[0.0, "#0d0887"], [0.1111111111111111, "#46039f"], [0.2222222222222222, "#7201a8"], [0.3333333333333333, "#9c179e"], [0.4444444444444444, "#bd3786"], [0.5555555555555556, "#d8576b"], [0.6666666666666666, "#ed7953"], [0.7777777777777778, "#fb9f3a"], [0.8888888888888888, "#fdca26"], [1.0, "#f0f921"]], "sequentialminus": [[0.0, "#0d0887"], [0.1111111111111111, "#46039f"], [0.2222222222222222, "#7201a8"], [0.3333333333333333, "#9c179e"], [0.4444444444444444, "#bd3786"], [0.5555555555555556, "#d8576b"], [0.6666666666666666, "#ed7953"], [0.7777777777777778, "#fb9f3a"], [0.8888888888888888, "#fdca26"], [1.0, "#f0f921"]], "diverging": [[0, "#8e0152"], [0.1, "#c51b7d"], [0.2, "#de77ae"], [0.3, "#f1b6da"], [0.4, "#fde0ef"], [0.5, "#f7f7f7"], [0.6, "#e6f5d0"], [0.7, "#b8e186"], [0.8, "#7fbc41"], [0.9, "#4d9221"], [1, "#276419"]]}, "xaxis": {"gridcolor": "rgba(0, 0, 0, 0)", "linecolor": "#506784", "ticks": "", "title": {"standoff": 15}, "zerolinecolor": "#283442", "automargin": true, "zerolinewidth": 2, "tickfont": {"family": "Courier New", "size": 14}, "side": "top", "tickangle": -90}, "yaxis": {"gridcolor": "rgba(0, 0, 0, 0)", "linecolor": "#506784", "ticks": "", "title": {"standoff": 15}, "zerolinecolor": "#283442", "automargin": true, "zerolinewidth": 2, "tickfont": {"family": "Courier New"}, "side": "right"}, "scene": {"xaxis": {"backgroundcolor": "rgb(17,17,17)", "gridcolor": "#506784", "linecolor": "#506784", "showbackground": true, "ticks": "", "zerolinecolor": "#C8D4E3", "gridwidth": 2}, "yaxis": {"backgroundcolor": "rgb(17,17,17)", "gridcolor": "#506784", "linecolor": "#506784", "showbackground": true, "ticks": "", "zerolinecolor": "#C8D4E3", "gridwidth": 2}, "zaxis": {"backgroundcolor": "rgb(17,17,17)", "gridcolor": "#506784", "linecolor": "#506784", "showbackground": true, "ticks": "", "zerolinecolor": "#C8D4E3", "gridwidth": 2}}, "shapedefaults": {"line": {"color": "#f2f5fa"}}, "annotationdefaults": {"arrowcolor": "#f2f5fa", "arrowhead": 0, "arrowwidth": 1}, "geo": {"bgcolor": "rgb(17,17,17)", "landcolor": "rgb(17,17,17)", "subunitcolor": "#506784", "showland": true, "showlakes": true, "lakecolor": "rgb(17,17,17)"}, "title": {"x": 0.05, "font": {"family": "Times New Roman"}, "y": 0.05, "text": "<b>Correlation of Adj Close <b><br><i>2016/09/23 ~ 2025/05/23<i>"}, "updatemenudefaults": {"bgcolor": "#506784", "borderwidth": 0}, "sliderdefaults": {"bgcolor": "#C8D4E3", "borderwidth": 1, "bordercolor": "rgb(17,17,17)", "tickwidth": 0}, "mapbox": {"style": "dark"}, "height": 600}};

Plotly.newPlot("correlationAdjClose",
    correlationAdjClose.data,
    correlationAdjClose.layout || {},
    config);