var config = { responsive: true }

var correlationAdjClose = {"data": [{"type": "heatmap", "z": [[1.0, 0.9936989542313468, 0.9760105962922663, 0.997790687164099, 0.9645550540250354, 0.9806419149519723, -0.9400060429563756, 0.9895553083445761, 0.9683320908520507, 0.9966379883068781, 0.9929210924607818, 0.9938141383375106, 0.997247783666977, 0.9781313412861732, 0.999562764438179, 0.9866738857066544, 0.9131825648114132, 0.7552404962528759, 0.9858175723377557, 0.9240718744995697, 0.4746613653377847, -0.33739346027875233, 0.8989723509118783, 0.9736736254480378, 0.9517829329889851], [0.9936989542313468, 1.0, 0.9713880861766756, 0.9912836374497621, 0.9603297133650357, 0.9757850872473438, -0.9351621697014583, 0.9799026313657376, 0.9611325906505227, 0.9938729285659702, 0.9919002659068223, 0.991126744164872, 0.9952230831763963, 0.9729627709479352, 0.9963761933234958, 0.982692782424453, 0.9018750166295773, 0.7627607004447419, 0.9668256733318089, 0.9022334953495201, 0.47205319627569214, -0.26108108199208035, 0.871331475344955, 0.9610699692709025, 0.9519243129681931], [0.9760105962922663, 0.9713880861766756, 1.0, 0.9818792316126205, 0.996302235471151, 0.9789064275651364, -0.9750852968634917, 0.9692773839368258, 0.9832291506815326, 0.9857797982926816, 0.997339410908451, 0.9972422727744603, 0.9885947064587385, 0.9772798032462381, 0.987671856628333, 0.9756655728890451, 0.8161650684427111, 0.646766544295438, 0.9895423309093662, 0.9127222779647665, 0.3091763849331503, -0.2551938217674543, 0.9071416534358573, 0.9401859285137877, 0.9778096846642593], [0.997790687164099, 0.9912836374497621, 0.9818792316126205, 1.0, 0.975601663031972, 0.9729680109226554, -0.9346675360264379, 0.9841164771888665, 0.9656650291659336, 0.999270188034695, 0.991823727728354, 0.9902841160418027, 0.9999032939845749, 0.9681146061624594, 0.9960599037156006, 0.9815898596033883, 0.8988323335333338, 0.7274520522896071, 0.993270481529014, 0.9257342476096029, 0.4538243963783227, -0.3294418561032166, 0.8984028298269188, 0.9676233352623239, 0.9578324653030079], [0.9645550540250354, 0.9603297133650357, 0.996302235471151, 0.975601663031972, 1.0, 0.9591843451896434, -0.9569704960269172, 0.9550164627175238, 0.971370512128563, 0.9821036550923797, 0.9879943952935033, 0.9844511591084286, 0.9850280256854598, 0.9567334717209137, 0.9764062041880932, 0.9615631085340917, 0.796141491942848, 0.6143789754980619, 0.9886497260529318, 0.9095951346197878, 0.2888845761401249, -0.2482602884379764, 0.8907825356117036, 0.9253022886585266, 0.9758301081433617], [0.9806419149519723, 0.9757850872473438, 0.9789064275651364, 0.9729680109226554, 0.9591843451896434, 1.0, -0.9798612864198147, 0.9796077647125235, 0.9790205623694782, 0.9720307431829044, 0.976282015067212, 0.9742184665049706, 0.9686598689139808, 0.9988831567505709, 0.9860242406246112, 0.9858619865968684, 0.853003098024143, 0.7213148437074305, 0.9673633809122779, 0.8917790200063014, 0.33686809695986963, -0.24630720937884615, 0.9357116624196359, 0.9560472698611983, 0.9580661718798221], [-0.9400060429563756, -0.9351621697014583, -0.9750852968634917, -0.9346675360264379, -0.9569704960269172, -0.9798612864198147, 1.0, -0.949322260477248, -0.9826516288291435, -0.9421159691393003, -0.9730694908624528, -0.9750390273585778, -0.9474734155689019, -0.9860951244380042, -0.9635762715358231, -0.9650594336731568, -0.7619970697782125, -0.6184234883611051, -0.9408624527039795, -0.8786725771539156, -0.19170264697645914, 0.17506664647301987, -0.9032659478380997, -0.9103815959323652, -0.9554964395075051], [0.9895553083445761, 0.9799026313657376, 0.9692773839368258, 0.9841164771888665, 0.9550164627175238, 0.9796077647125235, -0.949322260477248, 1.0, 0.9816142314985357, 0.9810336021184614, 0.9746657258203116, 0.9735691084610317, 0.9795303422671449, 0.9756415898128358, 0.9870798675451148, 0.9964359213561116, 0.9211666537054533, 0.6915303286780379, 0.9741891223105417, 0.897723151985171, 0.3402632806463162, -0.34462569626761796, 0.9039471062455086, 0.954756311378503, 0.9342939611869517], [0.9683320908520507, 0.9611325906505227, 0.9832291506815326, 0.9656650291659336, 0.971370512128563, 0.9790205623694782, -0.9826516288291435, 0.9816142314985357, 1.0, 0.9647751211385128, 0.9714402411820904, 0.9683679945372051, 0.9617871329040324, 0.9772083165418612, 0.9688511950161475, 0.9871682698694036, 0.8449972789340754, 0.6171917998936025, 0.966220028200269, 0.9056652732018471, 0.19574347766723188, -0.2582769410926249, 0.8854607622316656, 0.9296412572941611, 0.9575286984533854], [0.9966379883068781, 0.9938729285659702, 0.9857797982926816, 0.999270188034695, 0.9821036550923797, 0.9720307431829044, -0.9421159691393003, 0.9810336021184614, 0.9647751211385128, 1.0, 0.9908388110258564, 0.9889460946068414, 0.999839984465601, 0.9690308416376388, 0.9953288078402888, 0.9816874532810346, 0.9114871205565259, 0.7034065183232033, 0.9955903274283119, 0.9193362836888289, 0.27872693523908665, -0.28623302934340417, 0.9301025516934951, 0.9570870247553017, 0.9557962505694967], [0.9929210924607818, 0.9919002659068223, 0.997339410908451, 0.991823727728354, 0.9879943952935033, 0.976282015067212, -0.9730694908624528, 0.9746657258203116, 0.9714402411820904, 0.9908388110258564, 1.0, 0.9996632710543862, 0.9916129550638353, 0.9772994920631759, 0.9932600822878865, 0.9761636857095115, 0.9063970484686726, 0.6030222426901666, 0.9873334526081016, 0.8905525803385369, -0.2722123614600366, 0.4035179183464538, 0.9081757408990928, 0.9527758685543051, 0.9763848909958666], [0.9938141383375106, 0.991126744164872, 0.9972422727744603, 0.9902841160418027, 0.9844511591084286, 0.9742184665049706, -0.9750390273585778, 0.9735691084610317, 0.9683679945372051, 0.9889460946068414, 0.9996632710543862, 1.0, 0.9900849558993621, 0.9753393257924128, 0.9939252425282763, 0.9753242875030071, 0.9148843879517691, 0.49151727594895106, 0.9825199101849932, 0.8771429481426624, -0.6864014604123403, 0.4434319715816229, 0.8814623826313454, 0.9495397529215098, 0.9758002635622166], [0.997247783666977, 0.9952230831763963, 0.9885947064587385, 0.9999032939845749, 0.9850280256854598, 0.9686598689139808, -0.9474734155689019, 0.9795303422671449, 0.9617871329040324, 0.999839984465601, 0.9916129550638353, 0.9900849558993621, 1.0, 0.9693378783615555, 0.9956403694750763, 0.9805125721486049, 0.9291261612112715, 0.6631451989748783, 0.9970823808214491, 0.8993946562941223, 0.026120869743875817, 0.3032843083929043, 0.9194608457701244, 0.9495595015568862, 0.963936856904898], [0.9781313412861732, 0.9729627709479352, 0.9772798032462381, 0.9681146061624594, 0.9567334717209137, 0.9988831567505709, -0.9860951244380042, 0.9756415898128358, 0.9772083165418612, 0.9690308416376388, 0.9772994920631759, 0.9753393257924128, 0.9693378783615555, 1.0, 0.986151308487455, 0.9836114403967936, 0.8669305155266415, 0.7231455990875703, 0.9627529950675658, 0.8812059183758303, 0.1959962367916364, -0.20879747310800104, 0.9447154709918039, 0.9510143569823888, 0.9570340742350786], [0.999562764438179, 0.9963761933234958, 0.987671856628333, 0.9960599037156006, 0.9764062041880932, 0.9860242406246112, -0.9635762715358231, 0.9870798675451148, 0.9688511950161475, 0.9953288078402888, 0.9932600822878865, 0.9939252425282763, 0.9956403694750763, 0.986151308487455, 1.0, 0.9874001838985187, 0.9359393306657201, 0.7005925238644408, 0.9896210907228011, 0.8961463571682449, 0.0719869842955457, 0.30143844549401366, 0.9373135788042479, 0.9595908999383014, 0.9627225408766356], [0.9866738857066544, 0.982692782424453, 0.9756655728890451, 0.9815898596033883, 0.9615631085340917, 0.9858619865968684, -0.9650594336731568, 0.9964359213561116, 0.9871682698694036, 0.9816874532810346, 0.9761636857095115, 0.9753242875030071, 0.9805125721486049, 0.9836114403967936, 0.9874001838985187, 1.0, 0.9038045614944802, 0.6931518451024347, 0.9735344505089151, 0.8973445330269529, 0.2734043046946547, -0.27766159052649897, 0.9153526980993314, 0.9445960654850794, 0.9452722738261855], [0.9131825648114132, 0.9018750166295773, 0.8161650684427111, 0.8988323335333338, 0.796141491942848, 0.853003098024143, -0.7619970697782125, 0.9211666537054533, 0.8449972789340754, 0.9114871205565259, 0.9063970484686726, 0.9148843879517691, 0.9291261612112715, 0.8669305155266415, 0.9359393306657201, 0.9038045614944802, 1.0, 0.8571115904279994, 0.8476009293021709, 0.8735610460690701, 0.7234241077038515, -0.5788122789769063, 0.6745732885861555, 0.910751610407354, 0.7884335542121349], [0.7552404962528759, 0.7627607004447419, 0.646766544295438, 0.7274520522896071, 0.6143789754980619, 0.7213148437074305, -0.6184234883611051, 0.6915303286780379, 0.6171917998936025, 0.7034065183232033, 0.6030222426901666, 0.49151727594895106, 0.6631451989748783, 0.7231455990875703, 0.7005925238644408, 0.6931518451024347, 0.8571115904279994, 1.0, 0.6487909363613292, 0.7548174973044407, 0.7321330299667261, -0.15381032664474256, 0.538802078077015, 0.7671941682463871, 0.6507778858401477], [0.9858175723377557, 0.9668256733318089, 0.9895423309093662, 0.993270481529014, 0.9886497260529318, 0.9673633809122779, -0.9408624527039795, 0.9741891223105417, 0.966220028200269, 0.9955903274283119, 0.9873334526081016, 0.9825199101849932, 0.9970823808214491, 0.9627529950675658, 0.9896210907228011, 0.9735344505089151, 0.8476009293021709, 0.6487909363613292, 1.0, 0.8970160425061692, 0.38247413393333957, -0.322633889550542, 0.8865641076291495, 0.9500010230991828, 0.9674985773552666], [0.9240718744995697, 0.9022334953495201, 0.9127222779647665, 0.9257342476096029, 0.9095951346197878, 0.8917790200063014, -0.8786725771539156, 0.897723151985171, 0.9056652732018471, 0.9193362836888289, 0.8905525803385369, 0.8771429481426624, 0.8993946562941223, 0.8812059183758303, 0.8961463571682449, 0.8973445330269529, 0.8735610460690701, 0.7548174973044407, 0.8970160425061692, 1.0, 0.4316378868011266, -0.22967100989294675, 0.6973935762134743, 0.9195214035040725, 0.8817615075422903], [0.4746613653377847, 0.47205319627569214, 0.3091763849331503, 0.4538243963783227, 0.2888845761401249, 0.33686809695986963, -0.19170264697645914, 0.3402632806463162, 0.19574347766723188, 0.27872693523908665, -0.2722123614600366, -0.6864014604123403, 0.026120869743875817, 0.1959962367916364, 0.0719869842955457, 0.2734043046946547, 0.7234241077038515, 0.7321330299667261, 0.38247413393333957, 0.4316378868011266, 1.0, -0.4310055747840018, 0.3109099110864467, 0.45928297832903764, 0.25170305596847553], [-0.33739346027875233, -0.26108108199208035, -0.2551938217674543, -0.3294418561032166, -0.2482602884379764, -0.24630720937884615, 0.17506664647301987, -0.34462569626761796, -0.2582769410926249, -0.28623302934340417, 0.4035179183464538, 0.4434319715816229, 0.3032843083929043, -0.20879747310800104, 0.30143844549401366, -0.27766159052649897, -0.5788122789769063, -0.15381032664474256, -0.322633889550542, -0.22967100989294675, -0.4310055747840018, 1.0, -0.18296076721320836, -0.36713663044004247, -0.1994392850130661], [0.8989723509118783, 0.871331475344955, 0.9071416534358573, 0.8984028298269188, 0.8907825356117036, 0.9357116624196359, -0.9032659478380997, 0.9039471062455086, 0.8854607622316656, 0.9301025516934951, 0.9081757408990928, 0.8814623826313454, 0.9194608457701244, 0.9447154709918039, 0.9373135788042479, 0.9153526980993314, 0.6745732885861555, 0.538802078077015, 0.8865641076291495, 0.6973935762134743, 0.3109099110864467, -0.18296076721320836, 1.0, 0.8328474568682781, 0.8845481538774127], [0.9736736254480378, 0.9610699692709025, 0.9401859285137877, 0.9676233352623239, 0.9253022886585266, 0.9560472698611983, -0.9103815959323652, 0.954756311378503, 0.9296412572941611, 0.9570870247553017, 0.9527758685543051, 0.9495397529215098, 0.9495595015568862, 0.9510143569823888, 0.9595908999383014, 0.9445960654850794, 0.910751610407354, 0.7671941682463871, 0.9500010230991828, 0.9195214035040725, 0.45928297832903764, -0.36713663044004247, 0.8328474568682781, 1.0, 0.928322343826063], [0.9517829329889851, 0.9519243129681931, 0.9778096846642593, 0.9578324653030079, 0.9758301081433617, 0.9580661718798221, -0.9554964395075051, 0.9342939611869517, 0.9575286984533854, 0.9557962505694967, 0.9763848909958666, 0.9758002635622166, 0.963936856904898, 0.9570340742350786, 0.9627225408766356, 0.9452722738261855, 0.7884335542121349, 0.6507778858401477, 0.9674985773552666, 0.8817615075422903, 0.25170305596847553, -0.1994392850130661, 0.8845481538774127, 0.928322343826063, 1.0]], "x": ["^TAIEX       \u81fa\u7063\u52a0\u6b0a\u5831\u916c\u6307\u6578", "^TWII        \u81fa\u7063\u52a0\u6b0a\u6307\u6578", "^TAIEXx2     \u81fa\u7063\u52a0\u6b0a\u5831\u916c\u6307\u6578_\u65e5\u6b632", "^TAI50I      \u81fa\u706350\u5831\u916c\u6307\u6578", "^TAI50Ix2    \u81fa\u706350\u5831\u916c\u6307\u6578_\u65e5\u6b632", "^TAI100I     \u81fa\u7063\u4e2d\u578b100\u5831\u916c\u6307\u6578", "^TAI100Ix2   \u81fa\u7063\u4e2d\u578b100\u5831\u916c\u6307\u6578_\u65e5\u6b632", "^TAIDIVIDI   \u81fa\u7063\u9ad8\u80a1\u606f\u5831\u916c\u6307\u6578", "^TAIDIVIDIx2 \u81fa\u7063\u9ad8\u80a1\u606f\u5831\u916c\u6307\u6578_\u65e5\u6b632", "0050         \u5143\u5927\u81fa\u706350", "00631L       \u5143\u5927\u53f0\u706350\u6b632", "00675L       \u5bcc\u90a6\u81fa\u7063\u52a0\u6b0a\u6b632", "006208       \u5bcc\u90a6\u53f050", "0051         \u5143\u5927\u4e2d\u578b100", "006204       \u6c38\u8c50\u81fa\u7063\u52a0\u6b0a", "0056         \u5143\u5927\u9ad8\u80a1\u606f", "2412         \u4e2d\u83ef\u96fb\u4fe1", "2002         \u4e2d\u92fc", "2330         \u53f0\u7a4d\u96fb", "2317         \u9d3b\u6d77", "6505         \u53f0\u5851\u77f3\u5316", "3481         \u7fa4\u5275", "2303         \u806f\u96fb", "2308         \u53f0\u9054\u96fb", "2454         \u806f\u767c\u79d1"], "y": ["^TAIEX       \u81fa\u7063\u52a0\u6b0a\u5831\u916c\u6307\u6578", "^TWII        \u81fa\u7063\u52a0\u6b0a\u6307\u6578", "^TAIEXx2     \u81fa\u7063\u52a0\u6b0a\u5831\u916c\u6307\u6578_\u65e5\u6b632", "^TAI50I      \u81fa\u706350\u5831\u916c\u6307\u6578", "^TAI50Ix2    \u81fa\u706350\u5831\u916c\u6307\u6578_\u65e5\u6b632", "^TAI100I     \u81fa\u7063\u4e2d\u578b100\u5831\u916c\u6307\u6578", "^TAI100Ix2   \u81fa\u7063\u4e2d\u578b100\u5831\u916c\u6307\u6578_\u65e5\u6b632", "^TAIDIVIDI   \u81fa\u7063\u9ad8\u80a1\u606f\u5831\u916c\u6307\u6578", "^TAIDIVIDIx2 \u81fa\u7063\u9ad8\u80a1\u606f\u5831\u916c\u6307\u6578_\u65e5\u6b632", "0050         \u5143\u5927\u81fa\u706350", "00631L       \u5143\u5927\u53f0\u706350\u6b632", "00675L       \u5bcc\u90a6\u81fa\u7063\u52a0\u6b0a\u6b632", "006208       \u5bcc\u90a6\u53f050", "0051         \u5143\u5927\u4e2d\u578b100", "006204       \u6c38\u8c50\u81fa\u7063\u52a0\u6b0a", "0056         \u5143\u5927\u9ad8\u80a1\u606f", "2412         \u4e2d\u83ef\u96fb\u4fe1", "2002         \u4e2d\u92fc", "2330         \u53f0\u7a4d\u96fb", "2317         \u9d3b\u6d77", "6505         \u53f0\u5851\u77f3\u5316", "3481         \u7fa4\u5275", "2303         \u806f\u96fb", "2308         \u53f0\u9054\u96fb", "2454         \u806f\u767c\u79d1"], "zmin": -1, "zmax": 1, "colorbar": {"x": -0.2}}], "layout": {"autotypenumbers": "strict", "colorway": ["#636efa", "#EF553B", "#00cc96", "#ab63fa", "#FFA15A", "#19d3f3", "#FF6692", "#B6E880", "#FF97FF", "#FECB52"], "font": {"color": "#f2f5fa", "family": "Courier New"}, "hovermode": "closest", "hoverlabel": {"align": "left"}, "paper_bgcolor": "rgb(17,17,17)", "plot_bgcolor": "rgb(17,17,17)", "polar": {"bgcolor": "rgb(17,17,17)", "angularaxis": {"gridcolor": "#506784", "linecolor": "#506784", "ticks": ""}, "radialaxis": {"gridcolor": "#506784", "linecolor": "#506784", "ticks": ""}}, "ternary": {"bgcolor": "rgb(17,17,17)", "aaxis": {"gridcolor": "#506784", "linecolor": "#506784", "ticks": ""}, "baxis": {"gridcolor": "#506784", "linecolor": "#506784", "ticks": ""}, "caxis": {"gridcolor": "#506784", "linecolor": "#506784", "ticks": ""}}, "coloraxis": {"colorbar": {"outlinewidth": 0, "ticks": ""}}, "colorscale": {"sequential": [[0.0, "#0d0887"], [0.1111111111111111, "#46039f"], [0.2222222222222222, "#7201a8"], [0.3333333333333333, "#9c179e"], [0.4444444444444444, "#bd3786"], [0.5555555555555556, "#d8576b"], [0.6666666666666666, "#ed7953"], [0.7777777777777778, "#fb9f3a"], [0.8888888888888888, "#fdca26"], [1.0, "#f0f921"]], "sequentialminus": [[0.0, "#0d0887"], [0.1111111111111111, "#46039f"], [0.2222222222222222, "#7201a8"], [0.3333333333333333, "#9c179e"], [0.4444444444444444, "#bd3786"], [0.5555555555555556, "#d8576b"], [0.6666666666666666, "#ed7953"], [0.7777777777777778, "#fb9f3a"], [0.8888888888888888, "#fdca26"], [1.0, "#f0f921"]], "diverging": [[0, "#8e0152"], [0.1, "#c51b7d"], [0.2, "#de77ae"], [0.3, "#f1b6da"], [0.4, "#fde0ef"], [0.5, "#f7f7f7"], [0.6, "#e6f5d0"], [0.7, "#b8e186"], [0.8, "#7fbc41"], [0.9, "#4d9221"], [1, "#276419"]]}, "xaxis": {"gridcolor": "rgba(0, 0, 0, 0)", "linecolor": "#506784", "ticks": "", "title": {"standoff": 15}, "zerolinecolor": "#283442", "automargin": true, "zerolinewidth": 2, "tickfont": {"family": "Courier New", "size": 14}, "side": "top", "tickangle": -90}, "yaxis": {"gridcolor": "rgba(0, 0, 0, 0)", "linecolor": "#506784", "ticks": "", "title": {"standoff": 15}, "zerolinecolor": "#283442", "automargin": true, "zerolinewidth": 2, "tickfont": {"family": "Courier New"}, "side": "right"}, "scene": {"xaxis": {"backgroundcolor": "rgb(17,17,17)", "gridcolor": "#506784", "linecolor": "#506784", "showbackground": true, "ticks": "", "zerolinecolor": "#C8D4E3", "gridwidth": 2}, "yaxis": {"backgroundcolor": "rgb(17,17,17)", "gridcolor": "#506784", "linecolor": "#506784", "showbackground": true, "ticks": "", "zerolinecolor": "#C8D4E3", "gridwidth": 2}, "zaxis": {"backgroundcolor": "rgb(17,17,17)", "gridcolor": "#506784", "linecolor": "#506784", "showbackground": true, "ticks": "", "zerolinecolor": "#C8D4E3", "gridwidth": 2}}, "shapedefaults": {"line": {"color": "#f2f5fa"}}, "annotationdefaults": {"arrowcolor": "#f2f5fa", "arrowhead": 0, "arrowwidth": 1}, "geo": {"bgcolor": "rgb(17,17,17)", "landcolor": "rgb(17,17,17)", "subunitcolor": "#506784", "showland": true, "showlakes": true, "lakecolor": "rgb(17,17,17)"}, "title": {"x": 0.05, "font": {"family": "Times New Roman"}, "y": 0.05, "text": "<b>Correlation of Adj Close <b><br><i>2016/09/23 ~ 2025/06/10<i>"}, "updatemenudefaults": {"bgcolor": "#506784", "borderwidth": 0}, "sliderdefaults": {"bgcolor": "#C8D4E3", "borderwidth": 1, "bordercolor": "rgb(17,17,17)", "tickwidth": 0}, "mapbox": {"style": "dark"}, "height": 600}};

Plotly.newPlot("correlationAdjClose",
    correlationAdjClose.data,
    correlationAdjClose.layout || {},
    config);