var element=document.getElementById("correlationClose");if(element.style.display!='none'){var correlationClose={"data":[{"type":"heatmap","z":[[1.0,0.9999999999999977,1.0,0.9950219450945832,0.9950219450945832,0.9687042175600374,0.9687042175600374,0.9099750497182378,0.9099750497182378,0.795334012138728,0.9947258716222241,0.7480077674322378,0.9917652524685862,0.9921944672817954,0.9948142792146089,0.9755160347531354,0.9991613402271565,0.914448927682527,0.914448927682527,0.7788579432376812,-0.1654144112783605,0.9790200556436499,0.2057927237038151,-0.13409643620488854,-0.2441069116609672,0.8167078567903335,0.9046425500621775,0.9190415607151967,0.9205855446981214,0.785414466120191,0.5979199077117067,0.646661172346153,0.6236175528887498,0.9354790463580408,0.846794196661464,0.21541266505126455],[0.9999999999999977,1.0,0.9999999999999979,0.9949914064039673,0.9949914064039673,0.9682192309199614,0.9682192309199614,0.9108127554751455,0.9108127554751455,0.7969084657941606,0.9947193367216797,0.7481219095147311,0.9914108768066885,0.9916552306995656,0.994822965874701,0.9750623736293677,0.999162851052987,0.9144437041528294,0.9144437041528294,0.7967202279692907,0.04652581771140466,0.9713361610750617,-0.015926847274114603,-0.1269477664154207,-0.24409799933041657,0.6559178588726096,0.9046137373555626,0.896469626787529,0.9153988429007831,0.7949851529427595,0.5902272841241754,0.6440759667945677,0.6483225177238938,0.9333781574377313,0.710616013674335,0.2128850340594983],[1.0,0.9999999999999979,1.0,0.9950219450945832,0.9950219450945832,0.9687042175600374,0.9687042175600374,0.9099750497182378,0.9099750497182378,0.795334012138728,0.9947258716222241,0.7480077674322378,0.9917652524685862,0.9921944672817954,0.9948142792146089,0.9755160347531354,0.9991613402271565,0.914448927682527,0.914448927682527,0.7788579432376812,-0.1654144112783605,0.9790200556436499,0.2057927237038151,-0.13409643620488854,-0.2441069116609672,0.8167078567903335,0.9046425500621775,0.9190415607151967,0.9205855446981214,0.785414466120191,0.5979199077117067,0.646661172346153,0.6236175528887498,0.9354790463580408,0.846794196661464,0.21541266505126455],[0.9950219450945832,0.9949914064039673,0.9950219450945832,1.0,1.0,0.9556532777986738,0.9556532777986738,0.8934509789589189,0.8934509789589189,0.7634344220765551,0.9995793546137832,0.7146234475400123,0.9920380607875242,0.9897672608340081,0.9995311266179127,0.9579762614132922,0.9948936054484807,0.887800377192175,0.887800377192175,0.7511747258876784,-0.1737247759952414,0.9914136021194053,0.2341681575212189,-0.17067522485131595,-0.24254972349423157,0.8051697873779186,0.9202574734880669,0.9186006183623618,0.9018709189111987,0.7874288250717498,0.627641749476567,0.6385442291054721,0.5913706648955726,0.9242319140701382,0.8373196231163093,0.2283968543646659],[0.9950219450945832,0.9949914064039673,0.9950219450945832,1.0,1.0,0.9556532777986738,0.9556532777986738,0.8934509789589189,0.8934509789589189,0.7634344220765551,0.9995793546137832,0.7146234475400123,0.9920380607875242,0.9897672608340081,0.9995311266179127,0.9579762614132922,0.9948936054484807,0.887800377192175,0.887800377192175,0.7511747258876784,-0.1737247759952414,0.9914136021194053,0.2341681575212189,-0.17067522485131595,-0.24254972349423157,0.8051697873779186,0.9202574734880669,0.9186006183623618,0.9018709189111987,0.7874288250717498,0.627641749476567,0.6385442291054721,0.5913706648955726,0.9242319140701382,0.8373196231163093,0.2283968543646659],[0.9687042175600374,0.9682192309199614,0.9687042175600374,0.9556532777986738,0.9556532777986738,1.0,1.0,0.9347036643992815,0.9347036643992815,0.7713201112004364,0.9546243722592931,0.751874005552038,0.9667641616804026,0.9640079879265567,0.9546041787080513,0.9990707664618845,0.9755394622464675,0.9174086671301173,0.9174086671301173,0.6513141413416237,-0.11682252640586287,0.9415773277285504,0.3520879842892369,-0.3106944109643151,-0.11891689294967485,0.8833388863016393,0.857828310092436,0.9360844710949859,0.8984950825476608,0.7526695861483457,0.7708359551322679,0.745075751394489,0.6979262011596036,0.8700224163556673,0.8750339928886678,0.4881152988187317],[0.9687042175600374,0.9682192309199614,0.9687042175600374,0.9556532777986738,0.9556532777986738,1.0,1.0,0.9347036643992815,0.9347036643992815,0.7713201112004364,0.9546243722592931,0.751874005552038,0.9667641616804026,0.9640079879265567,0.9546041787080513,0.9990707664618845,0.9755394622464675,0.9174086671301173,0.9174086671301173,0.6513141413416237,-0.11682252640586287,0.9415773277285504,0.3520879842892369,-0.3106944109643151,-0.11891689294967485,0.8833388863016393,0.857828310092436,0.9360844710949859,0.8984950825476608,0.7526695861483457,0.7708359551322679,0.745075751394489,0.6979262011596036,0.8700224163556673,0.8750339928886678,0.4881152988187317],[0.9099750497182378,0.9108127554751455,0.9099750497182378,0.8934509789589189,0.8934509789589189,0.9347036643992815,0.9347036643992815,1.0,1.0,0.729162607169826,0.936958984774767,0.7427510200774899,0.9348135942191674,0.9292878585456802,0.9370285416596826,0.9361544138277443,0.9459967230799964,0.9705916008872763,0.9705916008872763,0.598713972536186,0.004492261143189939,0.8573787286657288,0.573505419689908,-0.3368195817833531,0.012184408434117255,0.7932100279047832,0.7563308604478933,0.8819540302487319,0.8565591357905793,0.7664144538906896,0.882754952942032,0.7880983404274374,0.7141362598284218,0.8054612045031968,0.8596557295811068,0.812247554414276],[0.9099750497182378,0.9108127554751455,0.9099750497182378,0.8934509789589189,0.8934509789589189,0.9347036643992815,0.9347036643992815,1.0,1.0,0.729162607169826,0.936958984774767,0.7427510200774899,0.9348135942191674,0.9292878585456802,0.9370285416596826,0.9361544138277443,0.9459967230799964,0.9705916008872763,0.9705916008872763,0.598713972536186,0.004492261143189939,0.8573787286657288,0.573505419689908,-0.3368195817833531,0.012184408434117255,0.7932100279047832,0.7563308604478933,0.8819540302487319,0.8565591357905793,0.7664144538906896,0.882754952942032,0.7880983404274374,0.7141362598284218,0.8054612045031968,0.8596557295811068,0.812247554414276],[0.795334012138728,0.7969084657941606,0.795334012138728,0.7634344220765551,0.7634344220765551,0.7713201112004364,0.7713201112004364,0.729162607169826,0.729162607169826,1.0,0.6408486101581781,0.999969805357529,0.5567758462276178,0.4584302784241493,0.6429383867748443,0.7667252101513241,0.701597751972273,0.8104457274037878,0.8104457274037878,0.6922639887962307,-0.09822709565988888,0.7335742278934002,0.03628886639959507,0.04943100378274614,-0.2429416408388786,0.7795172429628393,0.5141076231032805,0.7521546954647742,0.8107611765103007,0.681247741275996,0.3470030780190911,0.5281885165698301,0.5634913467839523,0.7850787364360823,0.6459851751140667,0.1706783096047909],[0.9947258716222241,0.9947193367216797,0.9947258716222241,0.9995793546137832,0.9995793546137832,0.9546243722592931,0.9546243722592931,0.936958984774767,0.936958984774767,0.6408486101581781,1.0,0.6406815014917208,0.9916439237951518,0.989679072678782,0.9999328853430383,0.9532717596863758,0.994121266580326,0.8979867831720783,0.8979867831720783,0.8527213221996551,-0.027967213813009584,0.9967044156399312,0.8991697434152655,-0.5291592213609603,0.37541014852596155,0.8163787446828896,0.8889503841244455,0.9337440821039343,0.8947014651785067,0.812444806556786,0.9245389944108947,0.8637170328873218,0.758728187121655,0.9062196598223328,0.9473176159960234,0.794698075617126],[0.7480077674322378,0.7481219095147311,0.7480077674322378,0.7146234475400123,0.7146234475400123,0.751874005552038,0.751874005552038,0.7427510200774899,0.7427510200774899,0.999969805357529,0.6406815014917208,1.0,0.5542038522350979,0.45527354750281485,0.641241809143312,0.7567667383879367,0.7000338602504871,0.805225393891603,0.805225393891603,0.6501615592403199,0.030784903251379836,0.686324625455412,0.41366031129448,-0.16663804532405,-0.23141774254995498,0.8079480931095333,0.41431093707598965,0.7235375609109377,0.7817767601884442,0.7042227567533644,0.5581138779018195,0.6990508048735393,0.6807954776320141,0.7398655238536799,0.6305411025836516,0.6603438224349524],[0.9917652524685862,0.9914108768066885,0.9917652524685862,0.9920380607875242,0.9920380607875242,0.9667641616804026,0.9667641616804026,0.9348135942191674,0.9348135942191674,0.5567758462276178,0.9916439237951518,0.5542038522350979,1.0,0.9998024022711589,0.9915430815859242,0.9630756970756389,0.989882490793088,0.8799129355850566,0.8799129355850566,0.8317303961046932,-0.00797153324615964,0.9905386170048148,0.9161898592122939,-0.6720781334949802,0.4460054907677835,0.7829679291878651,0.9030229934809977,0.9353861574379505,0.8764793483847553,0.7494956799692447,0.9256106914106853,0.8364570113309227,0.7268351865422233,0.8884365012508784,0.9561236853695122,0.8195262110572575],[0.9921944672817954,0.9916552306995656,0.9921944672817954,0.9897672608340081,0.9897672608340081,0.9640079879265567,0.9640079879265567,0.9292878585456802,0.9292878585456802,0.4584302784241493,0.989679072678782,0.45527354750281485,0.9998024022711589,1.0,0.9897344817800965,0.9594257298910852,0.9895256460009373,0.8636415312699264,0.8636415312699264,0.8536440755264585,-0.13292414160224927,0.9872394101369859,0.9223747880629388,-0.8308882060763941,0.4815732094032198,0.7322355626511642,0.9089214539029584,0.9273810277533392,0.8602129345058805,0.6881057091616095,0.9329106709619241,0.8289327151392423,0.6649644734670805,0.909229620961736,0.9568084947572743,0.7938172817521602],[0.9948142792146089,0.994822965874701,0.9948142792146089,0.9995311266179127,0.9995311266179127,0.9546041787080513,0.9546041787080513,0.9370285416596826,0.9370285416596826,0.6429383867748443,0.9999328853430383,0.641241809143312,0.9915430815859242,0.9897344817800965,1.0,0.9534727442551081,0.9942355360158144,0.8985531014663231,0.8985531014663231,0.853601042917912,-0.028435486913303682,0.9965563164408201,0.8987631011054213,-0.526614509299189,0.3766678392843457,0.8175266784463822,0.8872850113386243,0.9333716885502803,0.8948894807255142,0.8136018742174363,0.9242130169728386,0.8645998843167597,0.7594467760348524,0.9061060826842555,0.947472247184555,0.7958167436101464],[0.9755160347531354,0.9750623736293677,0.9755160347531354,0.9579762614132922,0.9579762614132922,0.9990707664618845,0.9990707664618845,0.9361544138277443,0.9361544138277443,0.7667252101513241,0.9532717596863758,0.7567667383879367,0.9630756970756389,0.9594257298910852,0.9534727442551081,1.0,0.975806099575178,0.9182932182884697,0.9182932182884697,0.6998114144034934,-0.10226381192358287,0.9469932746215699,0.6710533262393082,-0.44153005979077886,-0.1604635587479741,0.8951407641187901,0.8488130233427635,0.9325402824222045,0.9057603728134045,0.7881426700246326,0.8667392735732461,0.7912546777203535,0.7545068259150959,0.8910497240421942,0.8723156445718634,0.8019107347077603],[0.9991613402271565,0.999162851052987,0.9991613402271565,0.9948936054484807,0.9948936054484807,0.9755394622464675,0.9755394622464675,0.9459967230799964,0.9459967230799964,0.701597751972273,0.994121266580326,0.7000338602504871,0.989882490793088,0.9895256460009373,0.9942355360158144,0.975806099575178,1.0,0.9253930490303002,0.9253930490303002,0.8640326410997234,-0.01214760914849844,0.9876573251123892,0.8693505963613092,-0.5092552788197762,0.39160885282052194,0.8635984028628223,0.8768864654342635,0.9459460299265815,0.9251211454786332,0.8342051947058127,0.9127258375871301,0.8956256655819068,0.8028591127214009,0.9197770502544717,0.9562088424277948,0.8463966193534709],[0.914448927682527,0.9144437041528294,0.914448927682527,0.887800377192175,0.887800377192175,0.9174086671301173,0.9174086671301173,0.9705916008872763,0.9705916008872763,0.8104457274037878,0.8979867831720783,0.805225393891603,0.8799129355850566,0.8636415312699264,0.8985531014663231,0.9182932182884697,0.9253930490303002,1.0,1.0,0.7486731937179547,-0.05134445519795969,0.851678693581007,0.5684249822778284,-0.22040413217558052,-0.2036116255394513,0.8322375531410688,0.7154057711083357,0.8426566667828685,0.9193732411705687,0.8437405886104495,0.799081195029517,0.7639166048395845,0.7081158221860651,0.8506366180567448,0.7850207263232386,0.8568821208373116],[0.914448927682527,0.9144437041528294,0.914448927682527,0.887800377192175,0.887800377192175,0.9174086671301173,0.9174086671301173,0.9705916008872763,0.9705916008872763,0.8104457274037878,0.8979867831720783,0.805225393891603,0.8799129355850566,0.8636415312699264,0.8985531014663231,0.9182932182884697,0.9253930490303002,1.0,1.0,0.7486731937179547,-0.05134445519795969,0.851678693581007,0.5684249822778284,-0.22040413217558052,-0.2036116255394513,0.8322375531410688,0.7154057711083357,0.8426566667828685,0.9193732411705687,0.8437405886104495,0.799081195029517,0.7639166048395845,0.7081158221860651,0.8506366180567448,0.7850207263232386,0.8568821208373116],[0.7788579432376812,0.7967202279692907,0.7788579432376812,0.7511747258876784,0.7511747258876784,0.6513141413416237,0.6513141413416237,0.598713972536186,0.598713972536186,0.6922639887962307,0.8527213221996551,0.6501615592403199,0.8317303961046932,0.8536440755264585,0.853601042917912,0.6998114144034934,0.8640326410997234,0.7486731937179547,0.7486731937179547,1.0,0.025043370369362872,0.7120299220501137,-0.3385259519010613,0.2960032871379397,-0.6527110709795989,0.3670630721430186,0.680732155439755,0.5224486668285857,0.8391443251716119,0.7008305537520446,0.1436474987027064,0.3242793088450337,0.5703945960434552,0.7852117863823903,0.4921885469407087,-0.13297247028567197],[-0.1654144112783605,0.04652581771140466,-0.1654144112783605,-0.1737247759952414,-0.1737247759952414,-0.11682252640586287,-0.11682252640586287,0.004492261143189939,0.004492261143189939,-0.09822709565988888,-0.027967213813009584,0.030784903251379836,-0.00797153324615964,-0.13292414160224927,-0.028435486913303682,-0.10226381192358287,-0.01214760914849844,-0.05134445519795969,-0.05134445519795969,0.025043370369362872,1.0,-0.11370084180033417,0.09428896107404687,0.16790578630291791,0.7456744628653331,-0.10145072811252454,-0.07248185716513288,-0.03227891776032703,0.1472962316462131,-0.015299829864312744,0.018206303851068046,0.3098067145348045,0.5591057263557264,-0.13816727236502346,0.08652735689868692,0.14491885015711845],[0.9790200556436499,0.9713361610750617,0.9790200556436499,0.9914136021194053,0.9914136021194053,0.9415773277285504,0.9415773277285504,0.8573787286657288,0.8573787286657288,0.7335742278934002,0.9967044156399312,0.686324625455412,0.9905386170048148,0.9872394101369859,0.9965563164408201,0.9469932746215699,0.9876573251123892,0.851678693581007,0.851678693581007,0.7120299220501137,-0.11370084180033417,1.0,0.14211717196785806,-0.22564501843535065,-0.28825229796140117,0.6713610270685321,0.9234654130145749,0.9020688566094832,0.8453872374647561,0.7552293535146862,0.6299371077374809,0.6059982262407669,0.5221512151926212,0.9027179407248854,0.6904587227925062,0.21110207299045353],[0.2057927237038151,-0.015926847274114603,0.2057927237038151,0.2341681575212189,0.2341681575212189,0.3520879842892369,0.3520879842892369,0.573505419689908,0.573505419689908,0.03628886639959507,0.8991697434152655,0.41366031129448,0.9161898592122939,0.9223747880629388,0.8987631011054213,0.6710533262393082,0.8693505963613092,0.5684249822778284,0.5684249822778284,-0.3385259519010613,0.09428896107404687,0.14211717196785806,1.0,-0.4703246530173754,0.6990347059943443,0.39367026932680854,0.165022393849791,0.34260344211890503,-0.06774746621054288,0.10660452436342331,0.6137784328003056,0.4934199339502178,0.20862672899227072,0.04564302732407516,0.41312875936985016,0.47888641624525297],[-0.13409643620488854,-0.1269477664154207,-0.13409643620488854,-0.17067522485131595,-0.17067522485131595,-0.3106944109643151,-0.3106944109643151,-0.3368195817833531,-0.3368195817833531,0.04943100378274614,-0.5291592213609603,-0.16663804532405,-0.6720781334949802,-0.8308882060763941,-0.526614509299189,-0.44153005979077886,-0.5092552788197762,-0.22040413217558052,-0.22040413217558052,0.2960032871379397,0.16790578630291791,-0.22564501843535065,-0.4703246530173754,1.0,-0.025024651694620422,-0.18279273177975136,-0.2264351231567984,-0.3230329592030362,-0.06527718102157132,-0.09605941184938642,-0.5763583761474624,-0.2174785373674859,-0.03478885452980628,-0.07376906680726082,-0.24598318235684327,-0.41743324297531326],[-0.2441069116609672,-0.24409799933041657,-0.2441069116609672,-0.24254972349423157,-0.24254972349423157,-0.11891689294967485,-0.11891689294967485,0.012184408434117255,0.012184408434117255,-0.2429416408388786,0.37541014852596155,-0.23141774254995498,0.4460054907677835,0.4815732094032198,0.3766678392843457,-0.1604635587479741,0.39160885282052194,-0.2036116255394513,-0.2036116255394513,-0.6527110709795989,0.7456744628653331,-0.28825229796140117,0.6990347059943443,-0.025024651694620422,1.0,-0.10731164663730682,-0.22274995924251634,-0.06811102690550955,-0.3493722301479666,-0.327353790133181,0.06101849491461984,0.15661981185060672,0.2607012504834056,-0.37281348267075093,0.10399825226563399,0.08721775274316929],[0.8167078567903335,0.6559178588726096,0.8167078567903335,0.8051697873779186,0.8051697873779186,0.8833388863016393,0.8833388863016393,0.7932100279047832,0.7932100279047832,0.7795172429628393,0.8163787446828896,0.8079480931095333,0.7829679291878651,0.7322355626511642,0.8175266784463822,0.8951407641187901,0.8635984028628223,0.8322375531410688,0.8322375531410688,0.3670630721430186,-0.10145072811252454,0.6713610270685321,0.39367026932680854,-0.18279273177975136,-0.10731164663730682,1.0,0.5477747898414593,0.8428019976068581,0.5072054590934466,0.6382438095200634,0.5668470813323812,0.666692472341333,0.43061149605325527,0.714182515900572,0.7112984035863429,0.42895304532712397],[0.9046425500621775,0.9046137373555626,0.9046425500621775,0.9202574734880669,0.9202574734880669,0.857828310092436,0.857828310092436,0.7563308604478933,0.7563308604478933,0.5141076231032805,0.8889503841244455,0.41431093707598965,0.9030229934809977,0.9089214539029584,0.8872850113386243,0.8488130233427635,0.8768864654342635,0.7154057711083357,0.7154057711083357,0.680732155439755,-0.07248185716513288,0.9234654130145749,0.165022393849791,-0.2264351231567984,-0.22274995924251634,0.5477747898414593,1.0,0.7998962698534342,0.7588472150839667,0.6588705231595005,0.5559328584218455,0.5113073000248293,0.49385586400759707,0.8302203449517496,0.6467295304733522,0.14720094830848338],[0.9190415607151967,0.896469626787529,0.9190415607151967,0.9186006183623618,0.9186006183623618,0.9360844710949859,0.9360844710949859,0.8819540302487319,0.8819540302487319,0.7521546954647742,0.9337440821039343,0.7235375609109377,0.9353861574379505,0.9273810277533392,0.9333716885502803,0.9325402824222045,0.9459460299265815,0.8426566667828685,0.8426566667828685,0.5224486668285857,-0.03227891776032703,0.9020688566094832,0.34260344211890503,-0.3230329592030362,-0.06811102690550955,0.8428019976068581,0.7998962698534342,1.0,0.7611881412563649,0.627560228591804,0.6291842608198478,0.6165322422722868,0.5360171795707372,0.8300398430775243,0.8455615181905619,0.24259374106088621],[0.9205855446981214,0.9153988429007831,0.9205855446981214,0.9018709189111987,0.9018709189111987,0.8984950825476608,0.8984950825476608,0.8565591357905793,0.8565591357905793,0.8107611765103007,0.8947014651785067,0.7817767601884442,0.8764793483847553,0.8602129345058805,0.8948894807255142,0.9057603728134045,0.9251211454786332,0.9193732411705687,0.9193732411705687,0.8391443251716119,0.1472962316462131,0.8453872374647561,-0.06774746621054288,-0.06527718102157132,-0.3493722301479666,0.5072054590934466,0.7588472150839667,0.7611881412563649,1.0,0.9094547758487546,0.5653771146319784,0.6974669983663249,0.6688199042190374,0.8823601363148408,0.527408213078513,0.31371461375189247],[0.785414466120191,0.7949851529427595,0.785414466120191,0.7874288250717498,0.7874288250717498,0.7526695861483457,0.7526695861483457,0.7664144538906896,0.7664144538906896,0.681247741275996,0.812444806556786,0.7042227567533644,0.7494956799692447,0.6881057091616095,0.8136018742174363,0.7881426700246326,0.8342051947058127,0.8437405886104495,0.8437405886104495,0.7008305537520446,-0.015299829864312744,0.7552293535146862,0.10660452436342331,-0.09605941184938642,-0.327353790133181,0.6382438095200634,0.6588705231595005,0.627560228591804,0.9094547758487546,1.0,0.598425631119968,0.6804490050043477,0.613537563794843,0.7421546625281001,0.6039408589554969,0.48407447939934034],[0.5979199077117067,0.5902272841241754,0.5979199077117067,0.627641749476567,0.627641749476567,0.7708359551322679,0.7708359551322679,0.882754952942032,0.882754952942032,0.3470030780190911,0.9245389944108947,0.5581138779018195,0.9256106914106853,0.9329106709619241,0.9242130169728386,0.8667392735732461,0.9127258375871301,0.799081195029517,0.799081195029517,0.1436474987027064,0.018206303851068046,0.6299371077374809,0.6137784328003056,-0.5763583761474624,0.06101849491461984,0.5668470813323812,0.5559328584218455,0.6291842608198478,0.5653771146319784,0.598425631119968,1.0,0.7492821959020451,0.3890382238226458,0.5356163422873363,0.6195299553200453,0.7521260034394747],[0.646661172346153,0.6440759667945677,0.646661172346153,0.6385442291054721,0.6385442291054721,0.745075751394489,0.745075751394489,0.7880983404274374,0.7880983404274374,0.5281885165698301,0.8637170328873218,0.6990508048735393,0.8364570113309227,0.8289327151392423,0.8645998843167597,0.7912546777203535,0.8956256655819068,0.7639166048395845,0.7639166048395845,0.3242793088450337,0.3098067145348045,0.6059982262407669,0.4934199339502178,-0.2174785373674859,0.15661981185060672,0.666692472341333,0.5113073000248293,0.6165322422722868,0.6974669983663249,0.6804490050043477,0.7492821959020451,1.0,0.7794437841572764,0.5179188890208416,0.7370863865192484,0.5581789969202429],[0.6236175528887498,0.6483225177238938,0.6236175528887498,0.5913706648955726,0.5913706648955726,0.6979262011596036,0.6979262011596036,0.7141362598284218,0.7141362598284218,0.5634913467839523,0.758728187121655,0.6807954776320141,0.7268351865422233,0.6649644734670805,0.7594467760348524,0.7545068259150959,0.8028591127214009,0.7081158221860651,0.7081158221860651,0.5703945960434552,0.5591057263557264,0.5221512151926212,0.20862672899227072,-0.03478885452980628,0.2607012504834056,0.43061149605325527,0.49385586400759707,0.5360171795707372,0.6688199042190374,0.613537563794843,0.3890382238226458,0.7794437841572764,1.0,0.4975093632892051,0.6636536720090616,0.2102216108724212],[0.9354790463580408,0.9333781574377313,0.9354790463580408,0.9242319140701382,0.9242319140701382,0.8700224163556673,0.8700224163556673,0.8054612045031968,0.8054612045031968,0.7850787364360823,0.9062196598223328,0.7398655238536799,0.8884365012508784,0.909229620961736,0.9061060826842555,0.8910497240421942,0.9197770502544717,0.8506366180567448,0.8506366180567448,0.7852117863823903,-0.13816727236502346,0.9027179407248854,0.04564302732407516,-0.07376906680726082,-0.37281348267075093,0.714182515900572,0.8302203449517496,0.8300398430775243,0.8823601363148408,0.7421546625281001,0.5356163422873363,0.5179188890208416,0.4975093632892051,1.0,0.7518347614950818,0.1971121746272622],[0.846794196661464,0.710616013674335,0.846794196661464,0.8373196231163093,0.8373196231163093,0.8750339928886678,0.8750339928886678,0.8596557295811068,0.8596557295811068,0.6459851751140667,0.9473176159960234,0.6305411025836516,0.9561236853695122,0.9568084947572743,0.947472247184555,0.8723156445718634,0.9562088424277948,0.7850207263232386,0.7850207263232386,0.4921885469407087,0.08652735689868692,0.6904587227925062,0.41312875936985016,-0.24598318235684327,0.10399825226563399,0.7112984035863429,0.6467295304733522,0.8455615181905619,0.527408213078513,0.6039408589554969,0.6195299553200453,0.7370863865192484,0.6636536720090616,0.7518347614950818,1.0,0.20891770085596406],[0.21541266505126455,0.2128850340594983,0.21541266505126455,0.2283968543646659,0.2283968543646659,0.4881152988187317,0.4881152988187317,0.812247554414276,0.812247554414276,0.1706783096047909,0.794698075617126,0.6603438224349524,0.8195262110572575,0.7938172817521602,0.7958167436101464,0.8019107347077603,0.8463966193534709,0.8568821208373116,0.8568821208373116,-0.13297247028567197,0.14491885015711845,0.21110207299045353,0.47888641624525297,-0.41743324297531326,0.08721775274316929,0.42895304532712397,0.14720094830848338,0.24259374106088621,0.31371461375189247,0.48407447939934034,0.7521260034394747,0.5581789969202429,0.2102216108724212,0.1971121746272622,0.20891770085596406,1.0]],"x":["^TAIEX       \u81fa\u7063\u52a0\u6b0a\u5831\u916c\u6307\u6578","^TWII        \u81fa\u7063\u52a0\u6b0a\u6307\u6578","^TAIEXx2     \u81fa\u7063\u52a0\u6b0a\u5831\u916c\u6307\u6578_\u65e5\u6b632","^TAI50I      \u81fa\u706350\u5831\u916c\u6307\u6578","^TAI50Ix2    \u81fa\u706350\u5831\u916c\u6307\u6578_\u65e5\u6b632","^TAI100I     \u81fa\u7063\u4e2d\u578b100\u5831\u916c\u6307\u6578","^TAI100Ix2   \u81fa\u7063\u4e2d\u578b100\u5831\u916c\u6307\u6578_\u65e5\u6b632","^TAIDIVIDI   \u81fa\u7063\u9ad8\u80a1\u606f\u5831\u916c\u6307\u6578","^TAIDIVIDIx2 \u81fa\u7063\u9ad8\u80a1\u606f\u5831\u916c\u6307\u6578_\u65e5\u6b632","0050Fund     \u5143\u5927\u53f0\u7063\u5353\u8d8a50\u57fa\u91d1","006208Fund   \u5bcc\u90a6\u53f0\u7063\u91c6\u540950\u57fa\u91d1","0050         \u5143\u5927\u81fa\u706350","00631L       \u5143\u5927\u53f0\u706350\u6b632","00675L       \u5bcc\u90a6\u81fa\u7063\u52a0\u6b0a\u6b632","006208       \u5bcc\u90a6\u53f050","0051         \u5143\u5927\u4e2d\u578b100","006204       \u6c38\u8c50\u81fa\u7063\u52a0\u6b0a","0056         \u5143\u5927\u9ad8\u80a1\u606f","0056         \u5143\u5927\u9ad8\u80a1\u606f_\u80a1\u606f\u4e0d\u6295\u5165","2412         \u4e2d\u83ef\u96fb\u4fe1","2002         \u4e2d\u92fc","2330         \u53f0\u7a4d\u96fb","2317         \u9d3b\u6d77","6505         \u53f0\u5851\u77f3\u5316","3481         \u7fa4\u5275","2303         \u806f\u96fb","2308         \u53f0\u9054\u96fb","2454         \u806f\u767c\u79d1","2886         \u5146\u8c50\u91d1","2884         \u7389\u5c71\u91d1","2891         \u4e2d\u4fe1\u91d1","2892         \u7b2c\u4e00\u91d1","5880         \u5408\u5eab\u91d1","2881         \u5bcc\u90a6\u91d1","2885         \u5143\u5927\u91d1","2887         \u53f0\u65b0\u91d1"],"y":["^TAIEX       \u81fa\u7063\u52a0\u6b0a\u5831\u916c\u6307\u6578","^TWII        \u81fa\u7063\u52a0\u6b0a\u6307\u6578","^TAIEXx2     \u81fa\u7063\u52a0\u6b0a\u5831\u916c\u6307\u6578_\u65e5\u6b632","^TAI50I      \u81fa\u706350\u5831\u916c\u6307\u6578","^TAI50Ix2    \u81fa\u706350\u5831\u916c\u6307\u6578_\u65e5\u6b632","^TAI100I     \u81fa\u7063\u4e2d\u578b100\u5831\u916c\u6307\u6578","^TAI100Ix2   \u81fa\u7063\u4e2d\u578b100\u5831\u916c\u6307\u6578_\u65e5\u6b632","^TAIDIVIDI   \u81fa\u7063\u9ad8\u80a1\u606f\u5831\u916c\u6307\u6578","^TAIDIVIDIx2 \u81fa\u7063\u9ad8\u80a1\u606f\u5831\u916c\u6307\u6578_\u65e5\u6b632","0050Fund     \u5143\u5927\u53f0\u7063\u5353\u8d8a50\u57fa\u91d1","006208Fund   \u5bcc\u90a6\u53f0\u7063\u91c6\u540950\u57fa\u91d1","0050         \u5143\u5927\u81fa\u706350","00631L       \u5143\u5927\u53f0\u706350\u6b632","00675L       \u5bcc\u90a6\u81fa\u7063\u52a0\u6b0a\u6b632","006208       \u5bcc\u90a6\u53f050","0051         \u5143\u5927\u4e2d\u578b100","006204       \u6c38\u8c50\u81fa\u7063\u52a0\u6b0a","0056         \u5143\u5927\u9ad8\u80a1\u606f","0056         \u5143\u5927\u9ad8\u80a1\u606f_\u80a1\u606f\u4e0d\u6295\u5165","2412         \u4e2d\u83ef\u96fb\u4fe1","2002         \u4e2d\u92fc","2330         \u53f0\u7a4d\u96fb","2317         \u9d3b\u6d77","6505         \u53f0\u5851\u77f3\u5316","3481         \u7fa4\u5275","2303         \u806f\u96fb","2308         \u53f0\u9054\u96fb","2454         \u806f\u767c\u79d1","2886         \u5146\u8c50\u91d1","2884         \u7389\u5c71\u91d1","2891         \u4e2d\u4fe1\u91d1","2892         \u7b2c\u4e00\u91d1","5880         \u5408\u5eab\u91d1","2881         \u5bcc\u90a6\u91d1","2885         \u5143\u5927\u91d1","2887         \u53f0\u65b0\u91d1"],"zmin":-1,"zmax":1,"colorbar":{"x":-0.2}}],"layout":{"autotypenumbers":"strict","colorway":["#636efa","#EF553B","#00cc96","#ab63fa","#FFA15A","#19d3f3","#FF6692","#B6E880","#FF97FF","#FECB52"],"font":{"color":"#f2f5fa","family":"Courier New"},"hovermode":"closest","hoverlabel":{"align":"left"},"paper_bgcolor":"rgb(17,17,17)","plot_bgcolor":"rgb(17,17,17)","polar":{"bgcolor":"rgb(17,17,17)","angularaxis":{"gridcolor":"#506784","linecolor":"#506784","ticks":""},"radialaxis":{"gridcolor":"#506784","linecolor":"#506784","ticks":""}},"ternary":{"bgcolor":"rgb(17,17,17)","aaxis":{"gridcolor":"#506784","linecolor":"#506784","ticks":""},"baxis":{"gridcolor":"#506784","linecolor":"#506784","ticks":""},"caxis":{"gridcolor":"#506784","linecolor":"#506784","ticks":""}},"coloraxis":{"colorbar":{"outlinewidth":0,"ticks":""}},"colorscale":{"sequential":[[0.0,"#0d0887"],[0.1111111111111111,"#46039f"],[0.2222222222222222,"#7201a8"],[0.3333333333333333,"#9c179e"],[0.4444444444444444,"#bd3786"],[0.5555555555555556,"#d8576b"],[0.6666666666666666,"#ed7953"],[0.7777777777777778,"#fb9f3a"],[0.8888888888888888,"#fdca26"],[1.0,"#f0f921"]],"sequentialminus":[[0.0,"#0d0887"],[0.1111111111111111,"#46039f"],[0.2222222222222222,"#7201a8"],[0.3333333333333333,"#9c179e"],[0.4444444444444444,"#bd3786"],[0.5555555555555556,"#d8576b"],[0.6666666666666666,"#ed7953"],[0.7777777777777778,"#fb9f3a"],[0.8888888888888888,"#fdca26"],[1.0,"#f0f921"]],"diverging":[[0,"#8e0152"],[0.1,"#c51b7d"],[0.2,"#de77ae"],[0.3,"#f1b6da"],[0.4,"#fde0ef"],[0.5,"#f7f7f7"],[0.6,"#e6f5d0"],[0.7,"#b8e186"],[0.8,"#7fbc41"],[0.9,"#4d9221"],[1,"#276419"]]},"xaxis":{"gridcolor":"rgba(0, 0, 0, 0)","linecolor":"#506784","ticks":"","title":{"standoff":15},"zerolinecolor":"#283442","automargin":true,"zerolinewidth":2,"tickfont":{"family":"Courier New","size":14},"side":"top","tickangle":-90},"yaxis":{"gridcolor":"rgba(0, 0, 0, 0)","linecolor":"#506784","ticks":"","title":{"standoff":15},"zerolinecolor":"#283442","automargin":true,"zerolinewidth":2,"tickfont":{"family":"Courier New"},"side":"right"},"scene":{"xaxis":{"backgroundcolor":"rgb(17,17,17)","gridcolor":"#506784","linecolor":"#506784","showbackground":true,"ticks":"","zerolinecolor":"#C8D4E3","gridwidth":2},"yaxis":{"backgroundcolor":"rgb(17,17,17)","gridcolor":"#506784","linecolor":"#506784","showbackground":true,"ticks":"","zerolinecolor":"#C8D4E3","gridwidth":2},"zaxis":{"backgroundcolor":"rgb(17,17,17)","gridcolor":"#506784","linecolor":"#506784","showbackground":true,"ticks":"","zerolinecolor":"#C8D4E3","gridwidth":2}},"shapedefaults":{"line":{"color":"#f2f5fa"}},"annotationdefaults":{"arrowcolor":"#f2f5fa","arrowhead":0,"arrowwidth":1},"geo":{"bgcolor":"rgb(17,17,17)","landcolor":"rgb(17,17,17)","subunitcolor":"#506784","showland":true,"showlakes":true,"lakecolor":"rgb(17,17,17)"},"title":{"x":0.05,"font":{"family":"Times New Roman"},"y":0.05,"text":"<b>Correlation of Close<b><br><i>2016-09-23 ~ 2026-01-27<i>"},"updatemenudefaults":{"bgcolor":"#506784","borderwidth":0},"sliderdefaults":{"bgcolor":"#C8D4E3","borderwidth":1,"bordercolor":"rgb(17,17,17)","tickwidth":0},"mapbox":{"style":"dark"},"annotations":[{"text":"<b>@zwindr<b>","textangle":0,"opacity":0.5,"font":{"color":"white","size":12},"xref":"paper","yref":"paper","xanchor":"left","yanchor":"bottom","x":1.0,"y":1.0,"showarrow":false}]},"config":{"responsive":true,"toImageButtonOptions":{"filename":"Correlation of Close_2016-09-23~2026-01-27","scale":5}}};Plotly.newPlot("correlationClose",correlationClose.data,correlationClose.layout||{},correlationClose.config);}else{console.log("style display is none => correlationClose");}