var element=document.getElementById("correlationClose");if(element.style.display!='none'){var correlationClose={"data":[{"type":"heatmap","z":[[1.0,0.9999999999999979,1.0,0.995648121887212,0.995648121887212,0.9793830799706784,0.9793830799706784,0.9347936424035792,0.9347936424035792,0.6590641796103175,0.9964497571603226,0.5908154227318732,0.8967826394165771,0.9847228072381646,0.9965140034654563,0.9820913003902547,0.9994541144804464,0.9165790003335004,0.9165790003335004,0.741606486462108,-0.23549728901500325,0.9858199315951376,0.3460526690125764,-0.2118021845329741,-0.1303757283631952,0.8658514184529267,0.8966699732513617,0.9222538895669015,0.8713431636524387,0.7673192628847427,0.7406135075419087,0.6578480123725025,0.5626988686798914,0.9240471026394068,0.903885650276446,0.38535978178413816],[0.9999999999999979,1.0,0.999999999999998,0.9955968780087772,0.9955968780087772,0.9790855993972,0.9790855993972,0.9355257743339006,0.9355257743339006,0.6573574927650693,0.996488423925408,0.588950985006297,0.8981343512547949,0.9844341354135316,0.9965477146492585,0.9820127449838623,0.9994598365313105,0.9165700489734218,0.9165700489734218,0.7561498152861063,-0.035917122988208386,0.9805690065378364,0.08535767097751844,-0.2076949769638201,-0.12724605947384643,0.7560328951646348,0.8930439925335923,0.908774116592509,0.8679214231881202,0.7729074801553971,0.7365069993690926,0.6563316540013444,0.5850252474102873,0.9239186529185329,0.8084953222192115,0.3846064826209233],[1.0,0.999999999999998,1.0,0.995648121887212,0.995648121887212,0.9793830799706784,0.9793830799706784,0.9347936424035792,0.9347936424035792,0.6590641796103175,0.9964497571603226,0.5908154227318732,0.8967826394165771,0.9847228072381646,0.9965140034654563,0.9820913003902547,0.9994541144804464,0.9165790003335004,0.9165790003335004,0.741606486462108,-0.23549728901500325,0.9858199315951376,0.3460526690125764,-0.2118021845329741,-0.1303757283631952,0.8658514184529267,0.8966699732513617,0.9222538895669015,0.8713431636524387,0.7673192628847427,0.7406135075419087,0.6578480123725025,0.5626988686798914,0.9240471026394068,0.903885650276446,0.38535978178413816],[0.995648121887212,0.9955968780087772,0.995648121887212,1.0,1.0,0.9691879778556665,0.9691879778556665,0.9205504366467708,0.9205504366467708,0.6115014786385893,0.9997636691709483,0.5457285258964159,0.9043285188984121,0.9886647741945301,0.9997256586805702,0.9680163377557377,0.9959425876299635,0.8899201896799147,0.8899201896799147,0.7058710995556327,-0.24006686205171648,0.9941702763741782,0.3720562627389919,-0.24161146952368415,-0.11999615691648255,0.8600301304047625,0.9200229991882188,0.9304337015110256,0.8408195214360568,0.7551039195488021,0.7658121019131466,0.6428986792008746,0.5239980418135277,0.9049951538617321,0.9004742457791691,0.4021852758252941],[0.995648121887212,0.9955968780087772,0.995648121887212,1.0,1.0,0.9691879778556665,0.9691879778556665,0.9205504366467708,0.9205504366467708,0.6115014786385893,0.9997636691709483,0.5457285258964159,0.9043285188984121,0.9886647741945301,0.9997256586805702,0.9680163377557377,0.9959425876299635,0.8899201896799147,0.8899201896799147,0.7058710995556327,-0.24006686205171648,0.9941702763741782,0.3720562627389919,-0.24161146952368415,-0.11999615691648255,0.8600301304047625,0.9200229991882188,0.9304337015110256,0.8408195214360568,0.7551039195488021,0.7658121019131466,0.6428986792008746,0.5239980418135277,0.9049951538617321,0.9004742457791691,0.4021852758252941],[0.9793830799706784,0.9790855993972,0.9793830799706784,0.9691879778556665,0.9691879778556665,1.0,1.0,0.9522832796066439,0.9522832796066439,0.6479911395845072,0.9678449919919779,0.6172775632935533,0.870051361891958,0.9511511356985303,0.9678183647257648,0.9992423888167292,0.9832285649622302,0.9245698766919146,0.9245698766919146,0.6541529414766094,-0.2025833570144006,0.961137829528351,0.4560369871849198,-0.36104729266711966,-0.04223401788217699,0.9042282423238682,0.8632580514605366,0.9234323888021533,0.862492244999978,0.7474635687775854,0.851535102355479,0.7387162100431046,0.6290259553637705,0.8810028108390906,0.9188593094082,0.6094866418981931],[0.9793830799706784,0.9790855993972,0.9793830799706784,0.9691879778556665,0.9691879778556665,1.0,1.0,0.9522832796066439,0.9522832796066439,0.6479911395845072,0.9678449919919779,0.6172775632935533,0.870051361891958,0.9511511356985303,0.9678183647257648,0.9992423888167292,0.9832285649622302,0.9245698766919146,0.9245698766919146,0.6541529414766094,-0.2025833570144006,0.961137829528351,0.4560369871849198,-0.36104729266711966,-0.04223401788217699,0.9042282423238682,0.8632580514605366,0.9234323888021533,0.862492244999978,0.7474635687775854,0.851535102355479,0.7387162100431046,0.6290259553637705,0.8810028108390906,0.9188593094082,0.6094866418981931],[0.9347936424035792,0.9355257743339006,0.9347936424035792,0.9205504366467708,0.9205504366467708,0.9522832796066439,0.9522832796066439,1.0,1.0,0.6289896871502609,0.9511763152651406,0.628328182533878,0.8471820969540796,0.929299594950184,0.9511077557364679,0.9541101369198856,0.9604351299893793,0.9721767059096709,0.9721767059096709,0.6232014098982016,-0.09680244877431085,0.8973556172771278,0.647187569500555,-0.39699096044772697,0.06655232711805498,0.8520608557188185,0.790644301396402,0.8898949942164146,0.8400636512181214,0.7653264147817095,0.9171600126588411,0.7835658834810753,0.6580713832936813,0.842525846187304,0.90334393768953,0.8641020602958295],[0.9347936424035792,0.9355257743339006,0.9347936424035792,0.9205504366467708,0.9205504366467708,0.9522832796066439,0.9522832796066439,1.0,1.0,0.6289896871502609,0.9511763152651406,0.628328182533878,0.8471820969540796,0.929299594950184,0.9511077557364679,0.9541101369198856,0.9604351299893793,0.9721767059096709,0.9721767059096709,0.6232014098982016,-0.09680244877431085,0.8973556172771278,0.647187569500555,-0.39699096044772697,0.06655232711805498,0.8520608557188185,0.790644301396402,0.8898949942164146,0.8400636512181214,0.7653264147817095,0.9171600126588411,0.7835658834810753,0.6580713832936813,0.842525846187304,0.90334393768953,0.8641020602958295],[0.6590641796103175,0.6573574927650693,0.6590641796103175,0.6115014786385893,0.6115014786385893,0.6479911395845072,0.6479911395845072,0.6289896871502609,0.6289896871502609,1.0,0.4506774200459671,0.9999685277682098,0.23855738043741045,0.19253743146227306,0.4533557650077426,0.6393860319149202,0.5273144780696148,0.7343266393343344,0.7343266393343344,0.6822140166303591,-0.1055091079660758,0.5919647632806606,0.051894742112134705,0.04063263242820862,-0.23408031802823923,0.6480801615594507,0.317241929808223,0.5407478795045887,0.7891182764486218,0.6644525400437975,0.3112143936097622,0.5203956197947316,0.5639660157821049,0.7335981061995058,0.5351478761638663,0.17864873274905252],[0.9964497571603226,0.996488423925408,0.9964497571603226,0.9997636691709483,0.9997636691709483,0.9678449919919779,0.9678449919919779,0.9511763152651406,0.9511763152651406,0.4506774200459671,1.0,0.45186387917747706,0.9042584806479793,0.988198195676554,0.9999588585917321,0.9649476203876469,0.9958527771654019,0.9028391355736411,0.9028391355736411,0.8328488493292378,-0.1817567646847339,0.9969696525699674,0.9152534711429711,-0.5382471657793675,0.685365322123182,0.8689673826236303,0.9135389125756872,0.942242348131872,0.8244593342599184,0.7753942732455917,0.9555144823519813,0.8109544828453361,0.6377533308112665,0.8958547679724644,0.9697653893542125,0.8758703622369833],[0.5908154227318732,0.588950985006297,0.5908154227318732,0.5457285258964159,0.5457285258964159,0.6172775632935533,0.6172775632935533,0.628328182533878,0.628328182533878,0.9999685277682098,0.45186387917747706,1.0,0.23895991793748922,0.1925302057235669,0.45327477784449827,0.6262171049549762,0.527104555084205,0.7213395199662588,0.7213395199662588,0.6287671230005555,0.024930272431809536,0.5305093502428937,0.3667103030937802,-0.16528594266146732,-0.1937148405110865,0.6553674176315403,0.23272532391353365,0.49550392276248284,0.7539578982563762,0.6776668365323004,0.4422748679034135,0.6682272372163889,0.6752701884245074,0.673624928249783,0.49185004073874933,0.5436657182541403],[0.8967826394165771,0.8981343512547949,0.8967826394165771,0.9043285188984121,0.9043285188984121,0.870051361891958,0.870051361891958,0.8471820969540796,0.8471820969540796,0.23855738043741045,0.9042584806479793,0.23895991793748922,1.0,0.9998978844884052,0.904624232249037,0.8656033662894647,0.8963026573138472,0.7782310748723086,0.7782310748723086,0.6590289187551523,-0.16237254699161743,0.8960965084904235,0.8305741056304554,-0.6082687783484182,0.753615335217651,0.7785794463955643,0.894199284026842,0.8976963514782127,0.6633166470968203,0.6004576445386416,0.8794457548884501,0.6492455608116174,0.45814607714176125,0.7898749337285107,0.8889590451425469,0.8300368399876565],[0.9847228072381646,0.9844341354135316,0.9847228072381646,0.9886647741945301,0.9886647741945301,0.9511511356985303,0.9511511356985303,0.929299594950184,0.929299594950184,0.19253743146227306,0.988198195676554,0.1925302057235669,0.9998978844884052,1.0,0.9883036377321529,0.9455230739262245,0.9820192007625398,0.8661786976965754,0.8661786976965754,0.8174352426846657,-0.282675251496693,0.9780032306604735,0.8829924809852767,-0.6830927962178736,0.8044356237893447,0.8371929086830585,0.9575142801507293,0.9578445918639217,0.7264566142869905,0.6505378039598071,0.9442936621654814,0.7327714924058338,0.459254624664835,0.8583345523056021,0.9655640506291499,0.8855223572350696],[0.9965140034654563,0.9965477146492585,0.9965140034654563,0.9997256586805702,0.9997256586805702,0.9678183647257648,0.9678183647257648,0.9511077557364679,0.9511077557364679,0.4533557650077426,0.9999588585917321,0.45327477784449827,0.904624232249037,0.9883036377321529,1.0,0.9652332012685509,0.995965229244889,0.9040428932116468,0.9040428932116468,0.8331600111941805,-0.1810644052581044,0.9968739542852808,0.914765393334594,-0.5373058380721042,0.6852416778886825,0.8696886726003527,0.9127121667004631,0.9419320357050404,0.8251511343441135,0.7762063404640293,0.9552615921733221,0.8119440500888282,0.6390240990043493,0.8960669260306542,0.9698877210917766,0.8764118755414193],[0.9820913003902547,0.9820127449838623,0.9820913003902547,0.9680163377557377,0.9680163377557377,0.9992423888167292,0.9992423888167292,0.9541101369198856,0.9541101369198856,0.6393860319149202,0.9649476203876469,0.6262171049549762,0.8656033662894647,0.9455230739262245,0.9652332012685509,1.0,0.9822103289832445,0.9280587494716968,0.9280587494716968,0.7042299086360876,-0.19489213375003825,0.962860694579356,0.7576355127755329,-0.4859548357576359,0.0028341993118139184,0.9118316058037306,0.8507853216173217,0.9168802113406757,0.8694870793022169,0.7769934586007988,0.9128810089122014,0.7799386242982076,0.6822470629417742,0.9015746080245124,0.9164162308227902,0.8587957582254195],[0.9994541144804464,0.9994598365313105,0.9994541144804464,0.9959425876299635,0.9959425876299635,0.9832285649622302,0.9832285649622302,0.9604351299893793,0.9604351299893793,0.5273144780696148,0.9958527771654019,0.527104555084205,0.8963026573138472,0.9820192007625398,0.995965229244889,0.9822103289832445,1.0,0.9288356568520856,0.9288356568520856,0.851945428797506,-0.1634552491680569,0.9920931940162389,0.9026183212921366,-0.5342644349143477,0.6676176234413916,0.895380074666579,0.8927209512590683,0.940523945577447,0.8639516504152344,0.8014101379793709,0.9484152675563384,0.8506889084086909,0.6946325406476601,0.9129461792781748,0.9739306966540253,0.9004432112245859],[0.9165790003335004,0.9165700489734218,0.9165790003335004,0.8899201896799147,0.8899201896799147,0.9245698766919146,0.9245698766919146,0.9721767059096709,0.9721767059096709,0.7343266393343344,0.9028391355736411,0.7213395199662588,0.7782310748723086,0.8661786976965754,0.9040428932116468,0.9280587494716968,0.9288356568520856,1.0,1.0,0.759836195012511,-0.1321629890167571,0.8676947461740382,0.6614614192259455,-0.2948679853563074,-0.06353356190443363,0.8612853642878876,0.7144320134239898,0.8329534234978324,0.9099816028794895,0.8423979115224693,0.838678340772902,0.7774325728275016,0.6803508723303324,0.8792042278402864,0.8293809823170231,0.8827957861914943],[0.9165790003335004,0.9165700489734218,0.9165790003335004,0.8899201896799147,0.8899201896799147,0.9245698766919146,0.9245698766919146,0.9721767059096709,0.9721767059096709,0.7343266393343344,0.9028391355736411,0.7213395199662588,0.7782310748723086,0.8661786976965754,0.9040428932116468,0.9280587494716968,0.9288356568520856,1.0,1.0,0.759836195012511,-0.1321629890167571,0.8676947461740382,0.6614614192259455,-0.2948679853563074,-0.06353356190443363,0.8612853642878876,0.7144320134239898,0.8329534234978324,0.9099816028794895,0.8423979115224693,0.838678340772902,0.7774325728275016,0.6803508723303324,0.8792042278402864,0.8293809823170231,0.8827957861914943],[0.741606486462108,0.7561498152861063,0.741606486462108,0.7058710995556327,0.7058710995556327,0.6541529414766094,0.6541529414766094,0.6232014098982016,0.6232014098982016,0.6822140166303591,0.8328488493292378,0.6287671230005555,0.6590289187551523,0.8174352426846657,0.8331600111941805,0.7042299086360876,0.851945428797506,0.759836195012511,0.759836195012511,1.0,-0.005417972489428999,0.678471749212885,-0.2456695113152956,0.23839992684583697,-0.6022619920052109,0.40943430948863896,0.5473362504159838,0.4954330322270758,0.8479077424138145,0.7193644174304205,0.25002083545879145,0.36795228549099657,0.5793941288669963,0.787916303080716,0.5172278271633908,-0.033009469322690804],[-0.23549728901500325,-0.035917122988208386,-0.23549728901500325,-0.24006686205171648,-0.24006686205171648,-0.2025833570144006,-0.2025833570144006,-0.09680244877431085,-0.09680244877431085,-0.1055091079660758,-0.1817567646847339,0.024930272431809536,-0.16237254699161743,-0.282675251496693,-0.1810644052581044,-0.19489213375003825,-0.1634552491680569,-0.1321629890167571,-0.1321629890167571,-0.005417972489428999,1.0,-0.16325438296078665,0.057685508667485744,0.19593674207469985,0.7106084529463378,-0.14463805642992975,-0.13820060619073635,-0.11722119128548276,0.10710759885643525,-0.05746141479865177,-0.07956130850446602,0.24363784795700952,0.5366173588762017,-0.18534673381100158,0.0037488462351771266,0.07491639890941847],[0.9858199315951376,0.9805690065378364,0.9858199315951376,0.9941702763741782,0.9941702763741782,0.961137829528351,0.961137829528351,0.8973556172771278,0.8973556172771278,0.5919647632806606,0.9969696525699674,0.5305093502428937,0.8960965084904235,0.9780032306604735,0.9968739542852808,0.962860694579356,0.9920931940162389,0.8676947461740382,0.8676947461740382,0.678471749212885,-0.16325438296078665,1.0,0.27980853468470396,-0.283861175069339,-0.15700042439868733,0.7635475896827681,0.9171940656844203,0.9122887943217827,0.800349983787938,0.7338454395370473,0.7671891700217145,0.6227206018876239,0.4738308056252616,0.8923384149559505,0.7975419970354781,0.38909642456415106],[0.3460526690125764,0.08535767097751844,0.3460526690125764,0.3720562627389919,0.3720562627389919,0.4560369871849198,0.4560369871849198,0.647187569500555,0.647187569500555,0.051894742112134705,0.9152534711429711,0.3667103030937802,0.8305741056304554,0.8829924809852767,0.914765393334594,0.7576355127755329,0.9026183212921366,0.6614614192259455,0.6614614192259455,-0.2456695113152956,0.057685508667485744,0.27980853468470396,1.0,-0.4942956519261152,0.6800188110998315,0.45782509720883,0.31469835025627807,0.4417746535075907,0.013051904974851987,0.18378889712379287,0.6545495050465292,0.5353907350710039,0.2313318744305373,0.16925308644607617,0.48098309837756437,0.5343977344927768],[-0.2118021845329741,-0.2076949769638201,-0.2118021845329741,-0.24161146952368415,-0.24161146952368415,-0.36104729266711966,-0.36104729266711966,-0.39699096044772697,-0.39699096044772697,0.04063263242820862,-0.5382471657793675,-0.16528594266146732,-0.6082687783484182,-0.6830927962178736,-0.5373058380721042,-0.4859548357576359,-0.5342644349143477,-0.2948679853563074,-0.2948679853563074,0.23839992684583697,0.19593674207469985,-0.283861175069339,-0.4942956519261152,1.0,-0.04206966405607859,-0.23671374327996625,-0.26633279315856334,-0.3298785804112156,-0.11241035279783827,-0.14158947334886907,-0.5589858713636484,-0.25330155286361206,-0.05545310168328013,-0.137858983494332,-0.2957727541198602,-0.44081141064826496],[-0.1303757283631952,-0.12724605947384643,-0.1303757283631952,-0.11999615691648255,-0.11999615691648255,-0.04223401788217699,-0.04223401788217699,0.06655232711805498,0.06655232711805498,-0.23408031802823923,0.685365322123182,-0.1937148405110865,0.753615335217651,0.8044356237893447,0.6852416778886825,0.0028341993118139184,0.6676176234413916,-0.06353356190443363,-0.06353356190443363,-0.6022619920052109,0.7106084529463378,-0.15700042439868733,0.6800188110998315,-0.04206966405607859,1.0,-0.011781295895672743,-0.03478276232931321,0.038786685719278756,-0.3044142965975498,-0.28640780922568737,0.10811157320268479,0.17571853612061805,0.2680857978298712,-0.2882292062763948,0.1432246128817087,0.12855965598100655],[0.8658514184529267,0.7560328951646348,0.8658514184529267,0.8600301304047625,0.8600301304047625,0.9042282423238682,0.9042282423238682,0.8520608557188185,0.8520608557188185,0.6480801615594507,0.8689673826236303,0.6553674176315403,0.7785794463955643,0.8371929086830585,0.8696886726003527,0.9118316058037306,0.895380074666579,0.8612853642878876,0.8612853642878876,0.40943430948863896,-0.14463805642992975,0.7635475896827681,0.45782509720883,-0.23671374327996625,-0.011781295895672743,1.0,0.693046727162303,0.8945775142903074,0.5477818619053171,0.6360057743494828,0.7084787792009505,0.6629207421226615,0.4115291361260807,0.7609261305366583,0.7940506290634013,0.5404257428953778],[0.8966699732513617,0.8930439925335923,0.8966699732513617,0.9200229991882188,0.9200229991882188,0.8632580514605366,0.8632580514605366,0.790644301396402,0.790644301396402,0.317241929808223,0.9135389125756872,0.23272532391353365,0.894199284026842,0.9575142801507293,0.9127121667004631,0.8507853216173217,0.8927209512590683,0.7144320134239898,0.7144320134239898,0.5473362504159838,-0.13820060619073635,0.9171940656844203,0.31469835025627807,-0.26633279315856334,-0.03478276232931321,0.693046727162303,1.0,0.891584591773271,0.6215353424618878,0.5677774904684664,0.730098205995856,0.48835523372062883,0.36180402508967197,0.7472102134449333,0.7583730904688115,0.3791035157747495],[0.9222538895669015,0.908774116592509,0.9222538895669015,0.9304337015110256,0.9304337015110256,0.9234323888021533,0.9234323888021533,0.8898949942164146,0.8898949942164146,0.5407478795045887,0.942242348131872,0.49550392276248284,0.8976963514782127,0.9578445918639217,0.9419320357050404,0.9168802113406757,0.940523945577447,0.8329534234978324,0.8329534234978324,0.4954330322270758,-0.11722119128548276,0.9122887943217827,0.4417746535075907,-0.3298785804112156,0.038786685719278756,0.8945775142903074,0.891584591773271,1.0,0.6818912198100194,0.5884939264581461,0.7608903756328815,0.5848352759051294,0.4358425134555123,0.8025516305103144,0.8888627913081741,0.4206511559910644],[0.8713431636524387,0.8679214231881202,0.8713431636524387,0.8408195214360568,0.8408195214360568,0.862492244999978,0.862492244999978,0.8400636512181214,0.8400636512181214,0.7891182764486218,0.8244593342599184,0.7539578982563762,0.6633166470968203,0.7264566142869905,0.8251511343441135,0.8694870793022169,0.8639516504152344,0.9099816028794895,0.9099816028794895,0.8479077424138145,0.10710759885643525,0.800349983787938,0.013051904974851987,-0.11241035279783827,-0.3044142965975498,0.5477818619053171,0.6215353424618878,0.6818912198100194,1.0,0.91616306508559,0.6064341265393792,0.7219325367915752,0.6711739224671509,0.8862514367255172,0.5744948835378252,0.38661772141098966],[0.7673192628847427,0.7729074801553971,0.7673192628847427,0.7551039195488021,0.7551039195488021,0.7474635687775854,0.7474635687775854,0.7653264147817095,0.7653264147817095,0.6644525400437975,0.7753942732455917,0.6776668365323004,0.6004576445386416,0.6505378039598071,0.7762063404640293,0.7769934586007988,0.8014101379793709,0.8423979115224693,0.8423979115224693,0.7193644174304205,-0.05746141479865177,0.7338454395370473,0.18378889712379287,-0.14158947334886907,-0.28640780922568737,0.6360057743494828,0.5677774904684664,0.5884939264581461,0.91616306508559,1.0,0.6276605312934345,0.7054561456164135,0.6190257848136386,0.7612504389199253,0.6254566078828803,0.5328054733031325],[0.7406135075419087,0.7365069993690926,0.7406135075419087,0.7658121019131466,0.7658121019131466,0.851535102355479,0.851535102355479,0.9171600126588411,0.9171600126588411,0.3112143936097622,0.9555144823519813,0.4422748679034135,0.8794457548884501,0.9442936621654814,0.9552615921733221,0.9128810089122014,0.9484152675563384,0.838678340772902,0.838678340772902,0.25002083545879145,-0.07956130850446602,0.7671891700217145,0.6545495050465292,-0.5589858713636484,0.10811157320268479,0.7084787792009505,0.730098205995856,0.7608903756328815,0.6064341265393792,0.6276605312934345,1.0,0.7439043229771384,0.3835397386747342,0.6399560614434194,0.7577517664943938,0.7836696628642719],[0.6578480123725025,0.6563316540013444,0.6578480123725025,0.6428986792008746,0.6428986792008746,0.7387162100431046,0.7387162100431046,0.7835658834810753,0.7835658834810753,0.5203956197947316,0.8109544828453361,0.6682272372163889,0.6492455608116174,0.7327714924058338,0.8119440500888282,0.7799386242982076,0.8506889084086909,0.7774325728275016,0.7774325728275016,0.36795228549099657,0.24363784795700952,0.6227206018876239,0.5353907350710039,-0.25330155286361206,0.17571853612061805,0.6629207421226615,0.48835523372062883,0.5848352759051294,0.7219325367915752,0.7054561456164135,0.7439043229771384,1.0,0.7769873554427289,0.5676991420846133,0.724370085352066,0.601365679107589],[0.5626988686798914,0.5850252474102873,0.5626988686798914,0.5239980418135277,0.5239980418135277,0.6290259553637705,0.6290259553637705,0.6580713832936813,0.6580713832936813,0.5639660157821049,0.6377533308112665,0.6752701884245074,0.45814607714176125,0.459254624664835,0.6390240990043493,0.6822470629417742,0.6946325406476601,0.6803508723303324,0.6803508723303324,0.5793941288669963,0.5366173588762017,0.4738308056252616,0.2313318744305373,-0.05545310168328013,0.2680857978298712,0.4115291361260807,0.36180402508967197,0.4358425134555123,0.6711739224671509,0.6190257848136386,0.3835397386747342,0.7769873554427289,1.0,0.498967927359655,0.6094004604004175,0.23930615118730514],[0.9240471026394068,0.9239186529185329,0.9240471026394068,0.9049951538617321,0.9049951538617321,0.8810028108390906,0.8810028108390906,0.842525846187304,0.842525846187304,0.7335981061995058,0.8958547679724644,0.673624928249783,0.7898749337285107,0.8583345523056021,0.8960669260306542,0.9015746080245124,0.9129461792781748,0.8792042278402864,0.8792042278402864,0.787916303080716,-0.18534673381100158,0.8923384149559505,0.16925308644607617,-0.137858983494332,-0.2882292062763948,0.7609261305366583,0.7472102134449333,0.8025516305103144,0.8862514367255172,0.7612504389199253,0.6399560614434194,0.5676991420846133,0.498967927359655,1.0,0.7949790390810083,0.3262501383862957],[0.903885650276446,0.8084953222192115,0.903885650276446,0.9004742457791691,0.9004742457791691,0.9188593094082,0.9188593094082,0.90334393768953,0.90334393768953,0.5351478761638663,0.9697653893542125,0.49185004073874933,0.8889590451425469,0.9655640506291499,0.9698877210917766,0.9164162308227902,0.9739306966540253,0.8293809823170231,0.8293809823170231,0.5172278271633908,0.0037488462351771266,0.7975419970354781,0.48098309837756437,-0.2957727541198602,0.1432246128817087,0.7940506290634013,0.7583730904688115,0.8888627913081741,0.5744948835378252,0.6254566078828803,0.7577517664943938,0.724370085352066,0.6094004604004175,0.7949790390810083,1.0,0.3865826644452975],[0.38535978178413816,0.3846064826209233,0.38535978178413816,0.4021852758252941,0.4021852758252941,0.6094866418981931,0.6094866418981931,0.8641020602958295,0.8641020602958295,0.17864873274905252,0.8758703622369833,0.5436657182541403,0.8300368399876565,0.8855223572350696,0.8764118755414193,0.8587957582254195,0.9004432112245859,0.8827957861914943,0.8827957861914943,-0.033009469322690804,0.07491639890941847,0.38909642456415106,0.5343977344927768,-0.44081141064826496,0.12855965598100655,0.5404257428953778,0.3791035157747495,0.4206511559910644,0.38661772141098966,0.5328054733031325,0.7836696628642719,0.601365679107589,0.23930615118730514,0.3262501383862957,0.3865826644452975,1.0]],"x":["^TAIEX       \u81fa\u7063\u52a0\u6b0a\u5831\u916c\u6307\u6578","^TWII        \u81fa\u7063\u52a0\u6b0a\u6307\u6578","^TAIEXx2     \u81fa\u7063\u52a0\u6b0a\u5831\u916c\u6307\u6578_\u65e5\u6b632","^TAI50I      \u81fa\u706350\u5831\u916c\u6307\u6578","^TAI50Ix2    \u81fa\u706350\u5831\u916c\u6307\u6578_\u65e5\u6b632","^TAI100I     \u81fa\u7063\u4e2d\u578b100\u5831\u916c\u6307\u6578","^TAI100Ix2   \u81fa\u7063\u4e2d\u578b100\u5831\u916c\u6307\u6578_\u65e5\u6b632","^TAIDIVIDI   \u81fa\u7063\u9ad8\u80a1\u606f\u5831\u916c\u6307\u6578","^TAIDIVIDIx2 \u81fa\u7063\u9ad8\u80a1\u606f\u5831\u916c\u6307\u6578_\u65e5\u6b632","0050Fund     \u5143\u5927\u53f0\u7063\u5353\u8d8a50\u57fa\u91d1","006208Fund   \u5bcc\u90a6\u53f0\u7063\u91c6\u540950\u57fa\u91d1","0050         \u5143\u5927\u81fa\u706350","00631L       \u5143\u5927\u53f0\u706350\u6b632","00675L       \u5bcc\u90a6\u81fa\u7063\u52a0\u6b0a\u6b632","006208       \u5bcc\u90a6\u53f050","0051         \u5143\u5927\u4e2d\u578b100","006204       \u6c38\u8c50\u81fa\u7063\u52a0\u6b0a","0056         \u5143\u5927\u9ad8\u80a1\u606f","0056         \u5143\u5927\u9ad8\u80a1\u606f_\u80a1\u606f\u4e0d\u6295\u5165","2412         \u4e2d\u83ef\u96fb\u4fe1","2002         \u4e2d\u92fc","2330         \u53f0\u7a4d\u96fb","2317         \u9d3b\u6d77","6505         \u53f0\u5851\u77f3\u5316","3481         \u7fa4\u5275","2303         \u806f\u96fb","2308         \u53f0\u9054\u96fb","2454         \u806f\u767c\u79d1","2886         \u5146\u8c50\u91d1","2884         \u7389\u5c71\u91d1","2891         \u4e2d\u4fe1\u91d1","2892         \u7b2c\u4e00\u91d1","5880         \u5408\u5eab\u91d1","2881         \u5bcc\u90a6\u91d1","2885         \u5143\u5927\u91d1","2887         \u53f0\u65b0\u91d1"],"y":["^TAIEX       \u81fa\u7063\u52a0\u6b0a\u5831\u916c\u6307\u6578","^TWII        \u81fa\u7063\u52a0\u6b0a\u6307\u6578","^TAIEXx2     \u81fa\u7063\u52a0\u6b0a\u5831\u916c\u6307\u6578_\u65e5\u6b632","^TAI50I      \u81fa\u706350\u5831\u916c\u6307\u6578","^TAI50Ix2    \u81fa\u706350\u5831\u916c\u6307\u6578_\u65e5\u6b632","^TAI100I     \u81fa\u7063\u4e2d\u578b100\u5831\u916c\u6307\u6578","^TAI100Ix2   \u81fa\u7063\u4e2d\u578b100\u5831\u916c\u6307\u6578_\u65e5\u6b632","^TAIDIVIDI   \u81fa\u7063\u9ad8\u80a1\u606f\u5831\u916c\u6307\u6578","^TAIDIVIDIx2 \u81fa\u7063\u9ad8\u80a1\u606f\u5831\u916c\u6307\u6578_\u65e5\u6b632","0050Fund     \u5143\u5927\u53f0\u7063\u5353\u8d8a50\u57fa\u91d1","006208Fund   \u5bcc\u90a6\u53f0\u7063\u91c6\u540950\u57fa\u91d1","0050         \u5143\u5927\u81fa\u706350","00631L       \u5143\u5927\u53f0\u706350\u6b632","00675L       \u5bcc\u90a6\u81fa\u7063\u52a0\u6b0a\u6b632","006208       \u5bcc\u90a6\u53f050","0051         \u5143\u5927\u4e2d\u578b100","006204       \u6c38\u8c50\u81fa\u7063\u52a0\u6b0a","0056         \u5143\u5927\u9ad8\u80a1\u606f","0056         \u5143\u5927\u9ad8\u80a1\u606f_\u80a1\u606f\u4e0d\u6295\u5165","2412         \u4e2d\u83ef\u96fb\u4fe1","2002         \u4e2d\u92fc","2330         \u53f0\u7a4d\u96fb","2317         \u9d3b\u6d77","6505         \u53f0\u5851\u77f3\u5316","3481         \u7fa4\u5275","2303         \u806f\u96fb","2308         \u53f0\u9054\u96fb","2454         \u806f\u767c\u79d1","2886         \u5146\u8c50\u91d1","2884         \u7389\u5c71\u91d1","2891         \u4e2d\u4fe1\u91d1","2892         \u7b2c\u4e00\u91d1","5880         \u5408\u5eab\u91d1","2881         \u5bcc\u90a6\u91d1","2885         \u5143\u5927\u91d1","2887         \u53f0\u65b0\u91d1"],"zmin":-1,"zmax":1,"colorbar":{"x":-0.2}}],"layout":{"autotypenumbers":"strict","colorway":["#636efa","#EF553B","#00cc96","#ab63fa","#FFA15A","#19d3f3","#FF6692","#B6E880","#FF97FF","#FECB52"],"font":{"color":"#f2f5fa","family":"Courier New"},"hovermode":"closest","hoverlabel":{"align":"left"},"paper_bgcolor":"rgb(17,17,17)","plot_bgcolor":"rgb(17,17,17)","polar":{"bgcolor":"rgb(17,17,17)","angularaxis":{"gridcolor":"#506784","linecolor":"#506784","ticks":""},"radialaxis":{"gridcolor":"#506784","linecolor":"#506784","ticks":""}},"ternary":{"bgcolor":"rgb(17,17,17)","aaxis":{"gridcolor":"#506784","linecolor":"#506784","ticks":""},"baxis":{"gridcolor":"#506784","linecolor":"#506784","ticks":""},"caxis":{"gridcolor":"#506784","linecolor":"#506784","ticks":""}},"coloraxis":{"colorbar":{"outlinewidth":0,"ticks":""}},"colorscale":{"sequential":[[0.0,"#0d0887"],[0.1111111111111111,"#46039f"],[0.2222222222222222,"#7201a8"],[0.3333333333333333,"#9c179e"],[0.4444444444444444,"#bd3786"],[0.5555555555555556,"#d8576b"],[0.6666666666666666,"#ed7953"],[0.7777777777777778,"#fb9f3a"],[0.8888888888888888,"#fdca26"],[1.0,"#f0f921"]],"sequentialminus":[[0.0,"#0d0887"],[0.1111111111111111,"#46039f"],[0.2222222222222222,"#7201a8"],[0.3333333333333333,"#9c179e"],[0.4444444444444444,"#bd3786"],[0.5555555555555556,"#d8576b"],[0.6666666666666666,"#ed7953"],[0.7777777777777778,"#fb9f3a"],[0.8888888888888888,"#fdca26"],[1.0,"#f0f921"]],"diverging":[[0,"#8e0152"],[0.1,"#c51b7d"],[0.2,"#de77ae"],[0.3,"#f1b6da"],[0.4,"#fde0ef"],[0.5,"#f7f7f7"],[0.6,"#e6f5d0"],[0.7,"#b8e186"],[0.8,"#7fbc41"],[0.9,"#4d9221"],[1,"#276419"]]},"xaxis":{"gridcolor":"rgba(0, 0, 0, 0)","linecolor":"#506784","ticks":"","title":{"standoff":15},"zerolinecolor":"#283442","automargin":true,"zerolinewidth":2,"tickfont":{"family":"Courier New","size":14},"side":"top","tickangle":-90},"yaxis":{"gridcolor":"rgba(0, 0, 0, 0)","linecolor":"#506784","ticks":"","title":{"standoff":15},"zerolinecolor":"#283442","automargin":true,"zerolinewidth":2,"tickfont":{"family":"Courier New"},"side":"right"},"scene":{"xaxis":{"backgroundcolor":"rgb(17,17,17)","gridcolor":"#506784","linecolor":"#506784","showbackground":true,"ticks":"","zerolinecolor":"#C8D4E3","gridwidth":2},"yaxis":{"backgroundcolor":"rgb(17,17,17)","gridcolor":"#506784","linecolor":"#506784","showbackground":true,"ticks":"","zerolinecolor":"#C8D4E3","gridwidth":2},"zaxis":{"backgroundcolor":"rgb(17,17,17)","gridcolor":"#506784","linecolor":"#506784","showbackground":true,"ticks":"","zerolinecolor":"#C8D4E3","gridwidth":2}},"shapedefaults":{"line":{"color":"#f2f5fa"}},"annotationdefaults":{"arrowcolor":"#f2f5fa","arrowhead":0,"arrowwidth":1},"geo":{"bgcolor":"rgb(17,17,17)","landcolor":"rgb(17,17,17)","subunitcolor":"#506784","showland":true,"showlakes":true,"lakecolor":"rgb(17,17,17)"},"title":{"x":0.05,"font":{"family":"Times New Roman"},"y":0.05,"text":"<b>Correlation of Close<b><br><i>2016-09-23 ~ 2026-07-16<i>"},"updatemenudefaults":{"bgcolor":"#506784","borderwidth":0},"sliderdefaults":{"bgcolor":"#C8D4E3","borderwidth":1,"bordercolor":"rgb(17,17,17)","tickwidth":0},"mapbox":{"style":"dark"},"annotations":[{"text":"<b>@zwindr<b>","textangle":0,"opacity":0.5,"font":{"color":"white","size":12},"xref":"paper","yref":"paper","xanchor":"left","yanchor":"bottom","x":1.0,"y":1.0,"showarrow":false}]},"config":{"responsive":true,"toImageButtonOptions":{"filename":"Correlation of Close_2016-09-23~2026-07-16","scale":5}}};Plotly.newPlot("correlationClose",correlationClose.data,correlationClose.layout||{},correlationClose.config);}else{console.log("style display is none => correlationClose");}