var element=document.getElementById("correlationClose");if(element.style.display!='none'){var correlationClose={"data":[{"type":"heatmap","z":[[1.0,0.9999999999999983,1.0,0.9954243580540009,0.9954243580540009,0.9639256439238002,0.9639256439238002,0.9021313674859396,0.9021313674859396,0.8910906449703156,0.9947365914287073,0.865784878147196,0.9929260185360332,0.9927313465331178,0.9947911090464056,0.9733382297123069,0.9989692740819118,0.9238767930510073,0.9238767930510073,0.7854627568913876,-0.11031251866814826,0.9776082657897465,0.10931275936222468,-0.061543407185292553,-0.2523609318585133,0.8187398374271216,0.9272556949012069,0.9115233683731722,0.9289262167981579,0.7797702870015802,0.521651741123848,0.6276764492788733,0.6371333571548654,0.9314442191338358,0.8229187238313359,0.174899480587349],[0.9999999999999983,1.0,0.9999999999999987,0.9953836897291924,0.9953836897291924,0.9633308809325124,0.9633308809325124,0.9032297736309509,0.9032297736309509,0.8921461109212262,0.9947233699840212,0.8670445807284346,0.9926585276358338,0.9921827408153211,0.9947761205482296,0.9726530195574823,0.9989694360776455,0.9243137201775831,0.9243137201775831,0.8048371379951995,0.10002067580041059,0.9690278794822931,-0.07516084165810454,-0.05296780360037865,-0.2526389124577151,0.6471135019629503,0.9285391501814768,0.8851859461350807,0.92334944574011,0.791221853780154,0.5122752978298195,0.6244033275944524,0.6637420211721633,0.9287390129432269,0.6744626076661455,0.17136120438917918],[1.0,0.9999999999999987,1.0,0.9954243580540009,0.9954243580540009,0.9639256439238002,0.9639256439238002,0.9021313674859396,0.9021313674859396,0.8910906449703156,0.9947365914287073,0.865784878147196,0.9929260185360332,0.9927313465331178,0.9947911090464056,0.9733382297123069,0.9989692740819118,0.9238767930510073,0.9238767930510073,0.7854627568913876,-0.11031251866814826,0.9776082657897465,0.10931275936222468,-0.061543407185292553,-0.2523609318585133,0.8187398374271216,0.9272556949012069,0.9115233683731722,0.9289262167981579,0.7797702870015802,0.521651741123848,0.6276764492788733,0.6371333571548654,0.9314442191338358,0.8229187238313359,0.174899480587349],[0.9954243580540009,0.9953836897291924,0.9954243580540009,1.0,1.0,0.9510316989719395,0.9510316989719395,0.8876657544660614,0.8876657544660614,0.8774605945877808,0.9994991968433589,0.8503974977506579,0.9895672731264586,0.9858742511536759,0.9994577675699498,0.9561354355861337,0.9949247715798893,0.9029108842583571,0.9029108842583571,0.7633398605161178,-0.11707616037438369,0.9896039569334966,0.1321326274941904,-0.09573980369131986,-0.254566567192153,0.814675975988253,0.9289292993896237,0.915917131995478,0.9168512903274879,0.7893590458414054,0.5496809705977208,0.6222248185287433,0.6097594698072637,0.92368057966652,0.8129128626604749,0.1866681466756639],[0.9954243580540009,0.9953836897291924,0.9954243580540009,1.0,1.0,0.9510316989719395,0.9510316989719395,0.8876657544660614,0.8876657544660614,0.8774605945877808,0.9994991968433589,0.8503974977506579,0.9895672731264586,0.9858742511536759,0.9994577675699498,0.9561354355861337,0.9949247715798893,0.9029108842583571,0.9029108842583571,0.7633398605161178,-0.11707616037438369,0.9896039569334966,0.1321326274941904,-0.09573980369131986,-0.254566567192153,0.814675975988253,0.9289292993896237,0.915917131995478,0.9168512903274879,0.7893590458414054,0.5496809705977208,0.6222248185287433,0.6097594698072637,0.92368057966652,0.8129128626604749,0.1866681466756639],[0.9639256439238002,0.9633308809325124,0.9639256439238002,0.9510316989719395,0.9510316989719395,1.0,1.0,0.9277674815656191,0.9277674815656191,0.8533062479250976,0.9525210583891313,0.8447417715926279,0.9747165310506105,0.9729223505172973,0.9523596291186945,0.9990507499997912,0.9732618046460612,0.9196607189527363,0.9196607189527363,0.6381874742097297,-0.056596965719550425,0.9360556455532596,0.2801120237610318,-0.2552942975699624,-0.11322804809377278,0.8885305075655696,0.8835091185706508,0.9296979037972402,0.8992992104915397,0.7405190953233401,0.7290172098913149,0.7345218893817433,0.7119409863983387,0.8547009439398651,0.8555240620570161,0.46105720545562134],[0.9639256439238002,0.9633308809325124,0.9639256439238002,0.9510316989719395,0.9510316989719395,1.0,1.0,0.9277674815656191,0.9277674815656191,0.8533062479250976,0.9525210583891313,0.8447417715926279,0.9747165310506105,0.9729223505172973,0.9523596291186945,0.9990507499997912,0.9732618046460612,0.9196607189527363,0.9196607189527363,0.6381874742097297,-0.056596965719550425,0.9360556455532596,0.2801120237610318,-0.2552942975699624,-0.11322804809377278,0.8885305075655696,0.8835091185706508,0.9296979037972402,0.8992992104915397,0.7405190953233401,0.7290172098913149,0.7345218893817433,0.7119409863983387,0.8547009439398651,0.8555240620570161,0.46105720545562134],[0.9021313674859396,0.9032297736309509,0.9021313674859396,0.8876657544660614,0.8876657544660614,0.9277674815656191,0.9277674815656191,1.0,1.0,0.791967814632603,0.9389412585106038,0.8160547334963926,0.9464994446702693,0.9415696101880453,0.9388108025549087,0.9287009325683913,0.9430102143760186,0.9721065656116603,0.9721065656116603,0.5768427773170965,0.06387296594037849,0.8472354628943408,0.5239182092946009,-0.2800246327715186,0.025237029609339323,0.7850965121713025,0.7798602477236618,0.868899866084557,0.8484650206845854,0.7523309642038032,0.8737397827386066,0.7768563563622838,0.719220919822827,0.7831804626901778,0.8429318600069822,0.798473858250907],[0.9021313674859396,0.9032297736309509,0.9021313674859396,0.8876657544660614,0.8876657544660614,0.9277674815656191,0.9277674815656191,1.0,1.0,0.791967814632603,0.9389412585106038,0.8160547334963926,0.9464994446702693,0.9415696101880453,0.9388108025549087,0.9287009325683913,0.9430102143760186,0.9721065656116603,0.9721065656116603,0.5768427773170965,0.06387296594037849,0.8472354628943408,0.5239182092946009,-0.2800246327715186,0.025237029609339323,0.7850965121713025,0.7798602477236618,0.868899866084557,0.8484650206845854,0.7523309642038032,0.8737397827386066,0.7768563563622838,0.719220919822827,0.7831804626901778,0.8429318600069822,0.798473858250907],[0.8910906449703156,0.8921461109212262,0.8910906449703156,0.8774605945877808,0.8774605945877808,0.8533062479250976,0.8533062479250976,0.791967814632603,0.791967814632603,1.0,0.8048156422441206,0.9999701104388613,0.7679521185486338,0.7072568600285406,0.806821456470603,0.8519018097888555,0.8378268643241016,0.8533597935937021,0.8533597935937021,0.7121481979161155,-0.10686615371547947,0.8568333155664036,0.049120321514654286,0.0419463249230458,-0.24632513877101753,0.8065265924247345,0.7227237012554228,0.8082274923342736,0.8462388744194185,0.7092691432573741,0.3945224496918892,0.5499069460017183,0.572379319684039,0.8422315122018218,0.7075275262617161,0.1779052265034123],[0.9947365914287073,0.9947233699840212,0.9947365914287073,0.9994991968433589,0.9994991968433589,0.9525210583891313,0.9525210583891313,0.9389412585106038,0.9389412585106038,0.8048156422441206,1.0,0.8045869071790255,0.9892720908563791,0.9859738127724759,0.9999185376506547,0.9528006713255673,0.9938930512504719,0.9175611149942732,0.9175611149942732,0.8527023289265352,0.09463647135569815,0.9960754640781698,0.8682879955680538,-0.4750666571797767,0.354395686254985,0.8439860779371814,0.8925660880466744,0.9422868762340276,0.912712955168394,0.8151516881700422,0.903823850432426,0.8746487342464463,0.800157276876176,0.8998040222961875,0.9434483468562416,0.772602308266038],[0.865784878147196,0.8670445807284346,0.865784878147196,0.8503974977506579,0.8503974977506579,0.8447417715926279,0.8447417715926279,0.8160547334963926,0.8160547334963926,0.9999701104388613,0.8045869071790255,1.0,0.7655456949478332,0.7041422724110908,0.8047991353156742,0.8457269390181571,0.8361442239476239,0.8518791959346713,0.8518791959346713,0.6820192134835169,0.01495837799124593,0.8312977594121588,0.51833207780123,-0.19221939102096502,-0.2338442092332937,0.8438187378737463,0.6518607080944013,0.7906891762210508,0.8259597688384961,0.7429744765916971,0.6699152742476696,0.7437202831190087,0.6996230354012953,0.8140121192260225,0.7139101650483985,0.7130173067213338],[0.9929260185360332,0.9926585276358338,0.9929260185360332,0.9895672731264586,0.9895672731264586,0.9747165310506105,0.9747165310506105,0.9464994446702693,0.9464994446702693,0.7679521185486338,0.9892720908563791,0.7655456949478332,1.0,0.9997244944374252,0.9892596802168838,0.973036188503651,0.990491295164563,0.9122933792616655,0.9122933792616655,0.8268898148896808,0.12973230472745179,0.9870948714304422,0.8899238167571386,-0.6460378083403057,0.4289174449609007,0.8220540325292556,0.8972126546446603,0.9566609369416763,0.907345649240989,0.7468249267499932,0.9041198811026703,0.8559514194416059,0.7884809882602705,0.8829252065853124,0.9616553006633276,0.8048836421307867],[0.9927313465331178,0.9921827408153211,0.9927313465331178,0.9858742511536759,0.9858742511536759,0.9729223505172973,0.9729223505172973,0.9415696101880453,0.9415696101880453,0.7072568600285406,0.9859738127724759,0.7041422724110908,0.9997244944374252,1.0,0.9861346410117747,0.9703109038634802,0.9891397775987706,0.8986078506279809,0.8986078506279809,0.8468223678655206,0.00580830704364443,0.9820398443939196,0.8984867018444387,-0.8381592991451111,0.4716478681092999,0.7747919681561425,0.9009636640212948,0.9534519111319456,0.8944254594370865,0.6725874538286131,0.9137391208329194,0.8456880159728376,0.7361246487935456,0.9122297509856264,0.9633501688161742,0.7715777533935587],[0.9947911090464056,0.9947761205482296,0.9947911090464056,0.9994577675699498,0.9994577675699498,0.9523596291186945,0.9523596291186945,0.9388108025549087,0.9388108025549087,0.806821456470603,0.9999185376506547,0.8047991353156742,0.9892596802168838,0.9861346410117747,1.0,0.9527514495148878,0.9939567542170086,0.9180518022444997,0.9180518022444997,0.8538758112370507,0.0940596808370849,0.995944683358127,0.8677480748570331,-0.47260597530526455,0.35371727452618645,0.8441391485831065,0.8900981620728805,0.9413756479970453,0.9133211361173654,0.8165375101566905,0.9033325436257843,0.8758673622905454,0.80122759298988,0.899721791134469,0.9434229975979382,0.7729566446770076],[0.9733382297123069,0.9726530195574823,0.9733382297123069,0.9561354355861337,0.9561354355861337,0.9990507499997912,0.9990507499997912,0.9287009325683913,0.9287009325683913,0.8519018097888555,0.9528006713255673,0.8457269390181571,0.973036188503651,0.9703109038634802,0.9527514495148878,1.0,0.9747093833116631,0.9193951474424018,0.9193951474424018,0.6870005135390521,-0.03943536747942878,0.9455820210520984,0.6100971592406775,-0.3883588372044158,-0.16420969957777423,0.9005563036675756,0.8853911043079544,0.9253545824609218,0.9070505529365884,0.7789609240857827,0.8455105497597001,0.7830134809806762,0.7688583712270795,0.8776092809086737,0.8529015912770627,0.7857218113256537],[0.9989692740819118,0.9989694360776455,0.9989692740819118,0.9949247715798893,0.9949247715798893,0.9732618046460612,0.9732618046460612,0.9430102143760186,0.9430102143760186,0.8378268643241016,0.9938930512504719,0.8361442239476239,0.990491295164563,0.9891397775987706,0.9939567542170086,0.9747093833116631,1.0,0.9376402246499982,0.9376402246499982,0.8591819612887348,0.09987774544609922,0.9872963222708174,0.8372509809950618,-0.4536986801648953,0.3693207161834518,0.8831074369660687,0.8957668138549537,0.9477009399368971,0.9379933775661681,0.834119686928837,0.8913826293553009,0.901926258831381,0.8348282901091159,0.9122680642404257,0.9497619657858319,0.8304144417745766],[0.9238767930510073,0.9243137201775831,0.9238767930510073,0.9029108842583571,0.9029108842583571,0.9196607189527363,0.9196607189527363,0.9721065656116603,0.9721065656116603,0.8533597935937021,0.9175611149942732,0.8518791959346713,0.9122933792616655,0.8986078506279809,0.9180518022444997,0.9193951474424018,0.9376402246499982,1.0,1.0,0.7364740146689417,-0.008275219503528334,0.8664918984289008,0.5311581532645908,-0.1699811978644249,-0.204517781632005,0.8247588952185019,0.782796026112519,0.8330179487403618,0.9147453348739238,0.8352096204966858,0.7978839288875857,0.7508139467688042,0.7045355834590832,0.8418871687030657,0.7724310230567938,0.8481661932748928],[0.9238767930510073,0.9243137201775831,0.9238767930510073,0.9029108842583571,0.9029108842583571,0.9196607189527363,0.9196607189527363,0.9721065656116603,0.9721065656116603,0.8533597935937021,0.9175611149942732,0.8518791959346713,0.9122933792616655,0.8986078506279809,0.9180518022444997,0.9193951474424018,0.9376402246499982,1.0,1.0,0.7364740146689417,-0.008275219503528334,0.8664918984289008,0.5311581532645908,-0.1699811978644249,-0.204517781632005,0.8247588952185019,0.782796026112519,0.8330179487403618,0.9147453348739238,0.8352096204966858,0.7978839288875857,0.7508139467688042,0.7045355834590832,0.8418871687030657,0.7724310230567938,0.8481661932748928],[0.7854627568913876,0.8048371379951995,0.7854627568913876,0.7633398605161178,0.7633398605161178,0.6381874742097297,0.6381874742097297,0.5768427773170965,0.5768427773170965,0.7121481979161155,0.8527023289265352,0.6820192134835169,0.8268898148896808,0.8468223678655206,0.8538758112370507,0.6870005135390521,0.8591819612887348,0.7364740146689417,0.7364740146689417,1.0,0.046618742404350565,0.7257285945626591,-0.4014775609574221,0.34267944831545544,-0.6585801575203569,0.34438260315567915,0.7584357738597075,0.5003284032876597,0.8337215135980321,0.689645696770665,0.08216049912467023,0.2976026657538539,0.562868066256927,0.7811136049352166,0.46747127986992687,-0.1617091830019442],[-0.11031251866814826,0.10002067580041059,-0.11031251866814826,-0.11707616037438369,-0.11707616037438369,-0.056596965719550425,-0.056596965719550425,0.06387296594037849,0.06387296594037849,-0.10686615371547947,0.09463647135569815,0.01495837799124593,0.12973230472745179,0.00580830704364443,0.0940596808370849,-0.03943536747942878,0.09987774544609922,-0.008275219503528334,-0.008275219503528334,0.046618742404350565,1.0,-0.07110271111409638,0.12302807129116854,0.13997815542029998,0.7508820162889133,-0.084226166988601,-0.0026370436181917087,0.00800993200947794,0.17825839040135438,0.015765211628362443,0.08229192396620919,0.3567678683772326,0.5778698490355793,-0.1010763940492865,0.12549192630814493,0.1674496246644691],[0.9776082657897465,0.9690278794822931,0.9776082657897465,0.9896039569334966,0.9896039569334966,0.9360556455532596,0.9360556455532596,0.8472354628943408,0.8472354628943408,0.8568333155664036,0.9960754640781698,0.8312977594121588,0.9870948714304422,0.9820398443939196,0.995944683358127,0.9455820210520984,0.9872963222708174,0.8664918984289008,0.8664918984289008,0.7257285945626591,-0.07110271111409638,1.0,0.040698823790500833,-0.15718008622885682,-0.3096566324134235,0.6770534235900814,0.9202606117382534,0.9002240376131292,0.8604350308760828,0.7585823036387204,0.5486420490527748,0.5877464752896323,0.5383910040669938,0.902410310823828,0.652986680366854,0.16595247826794612],[0.10931275936222468,-0.07516084165810454,0.10931275936222468,0.1321326274941904,0.1321326274941904,0.2801120237610318,0.2801120237610318,0.5239182092946009,0.5239182092946009,0.049120321514654286,0.8682879955680538,0.51833207780123,0.8899238167571386,0.8984867018444387,0.8677480748570331,0.6100971592406775,0.8372509809950618,0.5311581532645908,0.5311581532645908,-0.4014775609574221,0.12302807129116854,0.040698823790500833,1.0,-0.4437703046105466,0.7493432671948396,0.3697301763430528,0.024639447708347435,0.28435484209851386,-0.12650738353252183,0.0521846353675449,0.5766885891500982,0.4640283871106811,0.19014703851313783,-0.040777310095708674,0.37266913258675016,0.464116672833438],[-0.061543407185292553,-0.05296780360037865,-0.061543407185292553,-0.09573980369131986,-0.09573980369131986,-0.2552942975699624,-0.2552942975699624,-0.2800246327715186,-0.2800246327715186,0.0419463249230458,-0.4750666571797767,-0.19221939102096502,-0.6460378083403057,-0.8381592991451111,-0.47260597530526455,-0.3883588372044158,-0.4536986801648953,-0.1699811978644249,-0.1699811978644249,0.34267944831545544,0.13997815542029998,-0.15718008622885682,-0.4437703046105466,1.0,-0.03558224953192496,-0.14945427639307762,-0.13778824238644588,-0.28263302282322456,-0.020711430937069,-0.05603476987538958,-0.5574398464765331,-0.18480158651762854,-0.013726038350567477,-0.014870470656178901,-0.19473869983404787,-0.40208992381344594],[-0.2523609318585133,-0.2526389124577151,-0.2523609318585133,-0.254566567192153,-0.254566567192153,-0.11322804809377278,-0.11322804809377278,0.025237029609339323,0.025237029609339323,-0.24632513877101753,0.354395686254985,-0.2338442092332937,0.4289174449609007,0.4716478681092999,0.35371727452618645,-0.16420969957777423,0.3693207161834518,-0.204517781632005,-0.204517781632005,-0.6585801575203569,0.7508820162889133,-0.3096566324134235,0.7493432671948396,-0.03558224953192496,1.0,-0.10278760050736162,-0.27273361432169724,-0.0596907901131664,-0.35048352695072177,-0.32788112007098574,0.08628714347313123,0.16912949958350343,0.2674033927255342,-0.3812854891502278,0.12633743449383347,0.0993503735233189],[0.8187398374271216,0.6471135019629503,0.8187398374271216,0.814675975988253,0.814675975988253,0.8885305075655696,0.8885305075655696,0.7850965121713025,0.7850965121713025,0.8065265924247345,0.8439860779371814,0.8438187378737463,0.8220540325292556,0.7747919681561425,0.8441391485831065,0.9005563036675756,0.8831074369660687,0.8247588952185019,0.8247588952185019,0.34438260315567915,-0.084226166988601,0.6770534235900814,0.3697301763430528,-0.14945427639307762,-0.10278760050736162,1.0,0.576568574521903,0.8381794514641799,0.48777233487218324,0.6215486756405645,0.5382948229749166,0.651933031426947,0.421085847516814,0.7003074066060417,0.7006191148108493,0.4123562738069201],[0.9272556949012069,0.9285391501814768,0.9272556949012069,0.9289292993896237,0.9289292993896237,0.8835091185706508,0.8835091185706508,0.7798602477236618,0.7798602477236618,0.7227237012554228,0.8925660880466744,0.6518607080944013,0.8972126546446603,0.9009636640212948,0.8900981620728805,0.8853911043079544,0.8957668138549537,0.782796026112519,0.782796026112519,0.7584357738597075,-0.0026370436181917087,0.9202606117382534,0.024639447708347435,-0.13778824238644588,-0.27273361432169724,0.576568574521903,1.0,0.8237892431558584,0.8260997770796318,0.6991448921125332,0.43297077615296103,0.5061590461786332,0.5618355797486295,0.8710652462521667,0.6249169422937665,0.07462558527647176],[0.9115233683731722,0.8851859461350807,0.9115233683731722,0.915917131995478,0.915917131995478,0.9296979037972402,0.9296979037972402,0.868899866084557,0.868899866084557,0.8082274923342736,0.9422868762340276,0.7906891762210508,0.9566609369416763,0.9534519111319456,0.9413756479970453,0.9253545824609218,0.9477009399368971,0.8330179487403618,0.8330179487403618,0.5003284032876597,0.00800993200947794,0.9002240376131292,0.28435484209851386,-0.28263302282322456,-0.0596907901131664,0.8381794514641799,0.8237892431558584,1.0,0.7460896851430007,0.6029954885416278,0.5777685157733674,0.5929608524223107,0.5318654474819464,0.8117173768609298,0.8270418117924818,0.21058346788717663],[0.9289262167981579,0.92334944574011,0.9289262167981579,0.9168512903274879,0.9168512903274879,0.8992992104915397,0.8992992104915397,0.8484650206845854,0.8484650206845854,0.8462388744194185,0.912712955168394,0.8259597688384961,0.907345649240989,0.8944254594370865,0.9133211361173654,0.9070505529365884,0.9379933775661681,0.9147453348739238,0.9147453348739238,0.8337215135980321,0.17825839040135438,0.8604350308760828,-0.12650738353252183,-0.020711430937069,-0.35048352695072177,0.48777233487218324,0.8260997770796318,0.7460896851430007,1.0,0.9050251971936057,0.5300410897051536,0.6817152351710895,0.6655306678901501,0.8763291678880205,0.49454169893309363,0.292432722644204],[0.7797702870015802,0.791221853780154,0.7797702870015802,0.7893590458414054,0.7893590458414054,0.7405190953233401,0.7405190953233401,0.7523309642038032,0.7523309642038032,0.7092691432573741,0.8151516881700422,0.7429744765916971,0.7468249267499932,0.6725874538286131,0.8165375101566905,0.7789609240857827,0.834119686928837,0.8352096204966858,0.8352096204966858,0.689645696770665,0.015765211628362443,0.7585823036387204,0.0521846353675449,-0.05603476987538958,-0.32788112007098574,0.6215486756405645,0.6991448921125332,0.6029954885416278,0.9050251971936057,1.0,0.5703695044046299,0.6645099386422523,0.6076706589129569,0.7269541835972825,0.576708570830416,0.4693274651508939],[0.521651741123848,0.5122752978298195,0.521651741123848,0.5496809705977208,0.5496809705977208,0.7290172098913149,0.7290172098913149,0.8737397827386066,0.8737397827386066,0.3945224496918892,0.903823850432426,0.6699152742476696,0.9041198811026703,0.9137391208329194,0.9033325436257843,0.8455105497597001,0.8913826293553009,0.7978839288875857,0.7978839288875857,0.08216049912467023,0.08229192396620919,0.5486420490527748,0.5766885891500982,-0.5574398464765331,0.08628714347313123,0.5382948229749166,0.43297077615296103,0.5777685157733674,0.5300410897051536,0.5703695044046299,1.0,0.741422002370136,0.3780970546822036,0.47252065508027535,0.5595406838887627,0.765564558717417],[0.6276764492788733,0.6244033275944524,0.6276764492788733,0.6222248185287433,0.6222248185287433,0.7345218893817433,0.7345218893817433,0.7768563563622838,0.7768563563622838,0.5499069460017183,0.8746487342464463,0.7437202831190087,0.8559514194416059,0.8456880159728376,0.8758673622905454,0.7830134809806762,0.901926258831381,0.7508139467688042,0.7508139467688042,0.2976026657538539,0.3567678683772326,0.5877464752896323,0.4640283871106811,-0.18480158651762854,0.16912949958350343,0.651933031426947,0.5061590461786332,0.5929608524223107,0.6817152351710895,0.6645099386422523,0.741422002370136,1.0,0.778249307716748,0.4862848489969196,0.7246839863686382,0.546412632840024],[0.6371333571548654,0.6637420211721633,0.6371333571548654,0.6097594698072637,0.6097594698072637,0.7119409863983387,0.7119409863983387,0.719220919822827,0.719220919822827,0.572379319684039,0.800157276876176,0.6996230354012953,0.7884809882602705,0.7361246487935456,0.80122759298988,0.7688583712270795,0.8348282901091159,0.7045355834590832,0.7045355834590832,0.562868066256927,0.5778698490355793,0.5383910040669938,0.19014703851313783,-0.013726038350567477,0.2674033927255342,0.421085847516814,0.5618355797486295,0.5318654474819464,0.6655306678901501,0.6076706589129569,0.3780970546822036,0.778249307716748,1.0,0.4901493686548954,0.6659276774035907,0.1980262341358705],[0.9314442191338358,0.9287390129432269,0.9314442191338358,0.92368057966652,0.92368057966652,0.8547009439398651,0.8547009439398651,0.7831804626901778,0.7831804626901778,0.8422315122018218,0.8998040222961875,0.8140121192260225,0.8829252065853124,0.9122297509856264,0.899721791134469,0.8776092809086737,0.9122680642404257,0.8418871687030657,0.8418871687030657,0.7811136049352166,-0.1010763940492865,0.902410310823828,-0.040777310095708674,-0.014870470656178901,-0.3812854891502278,0.7003074066060417,0.8710652462521667,0.8117173768609298,0.8763291678880205,0.7269541835972825,0.47252065508027535,0.4862848489969196,0.4901493686548954,1.0,0.7222976771151943,0.163328415261623],[0.8229187238313359,0.6744626076661455,0.8229187238313359,0.8129128626604749,0.8129128626604749,0.8555240620570161,0.8555240620570161,0.8429318600069822,0.8429318600069822,0.7075275262617161,0.9434483468562416,0.7139101650483985,0.9616553006633276,0.9633501688161742,0.9434229975979382,0.8529015912770627,0.9497619657858319,0.7724310230567938,0.7724310230567938,0.46747127986992687,0.12549192630814493,0.652986680366854,0.37266913258675016,-0.19473869983404787,0.12633743449383347,0.7006191148108493,0.6249169422937665,0.8270418117924818,0.49454169893309363,0.576708570830416,0.5595406838887627,0.7246839863686382,0.6659276774035907,0.7222976771151943,1.0,0.17220626991442803],[0.174899480587349,0.17136120438917918,0.174899480587349,0.1866681466756639,0.1866681466756639,0.46105720545562134,0.46105720545562134,0.798473858250907,0.798473858250907,0.1779052265034123,0.772602308266038,0.7130173067213338,0.8048836421307867,0.7715777533935587,0.7729566446770076,0.7857218113256537,0.8304144417745766,0.8481661932748928,0.8481661932748928,-0.1617091830019442,0.1674496246644691,0.16595247826794612,0.464116672833438,-0.40208992381344594,0.0993503735233189,0.4123562738069201,0.07462558527647176,0.21058346788717663,0.292432722644204,0.4693274651508939,0.765564558717417,0.546412632840024,0.1980262341358705,0.163328415261623,0.17220626991442803,1.0]],"x":["^TAIEX       \u81fa\u7063\u52a0\u6b0a\u5831\u916c\u6307\u6578","^TWII        \u81fa\u7063\u52a0\u6b0a\u6307\u6578","^TAIEXx2     \u81fa\u7063\u52a0\u6b0a\u5831\u916c\u6307\u6578_\u65e5\u6b632","^TAI50I      \u81fa\u706350\u5831\u916c\u6307\u6578","^TAI50Ix2    \u81fa\u706350\u5831\u916c\u6307\u6578_\u65e5\u6b632","^TAI100I     \u81fa\u7063\u4e2d\u578b100\u5831\u916c\u6307\u6578","^TAI100Ix2   \u81fa\u7063\u4e2d\u578b100\u5831\u916c\u6307\u6578_\u65e5\u6b632","^TAIDIVIDI   \u81fa\u7063\u9ad8\u80a1\u606f\u5831\u916c\u6307\u6578","^TAIDIVIDIx2 \u81fa\u7063\u9ad8\u80a1\u606f\u5831\u916c\u6307\u6578_\u65e5\u6b632","0050Fund     \u5143\u5927\u53f0\u7063\u5353\u8d8a50\u57fa\u91d1","006208Fund   \u5bcc\u90a6\u53f0\u7063\u91c6\u540950\u57fa\u91d1","0050         \u5143\u5927\u81fa\u706350","00631L       \u5143\u5927\u53f0\u706350\u6b632","00675L       \u5bcc\u90a6\u81fa\u7063\u52a0\u6b0a\u6b632","006208       \u5bcc\u90a6\u53f050","0051         \u5143\u5927\u4e2d\u578b100","006204       \u6c38\u8c50\u81fa\u7063\u52a0\u6b0a","0056         \u5143\u5927\u9ad8\u80a1\u606f","0056         \u5143\u5927\u9ad8\u80a1\u606f_\u80a1\u606f\u4e0d\u6295\u5165","2412         \u4e2d\u83ef\u96fb\u4fe1","2002         \u4e2d\u92fc","2330         \u53f0\u7a4d\u96fb","2317         \u9d3b\u6d77","6505         \u53f0\u5851\u77f3\u5316","3481         \u7fa4\u5275","2303         \u806f\u96fb","2308         \u53f0\u9054\u96fb","2454         \u806f\u767c\u79d1","2886         \u5146\u8c50\u91d1","2884         \u7389\u5c71\u91d1","2891         \u4e2d\u4fe1\u91d1","2892         \u7b2c\u4e00\u91d1","5880         \u5408\u5eab\u91d1","2881         \u5bcc\u90a6\u91d1","2885         \u5143\u5927\u91d1","2887         \u53f0\u65b0\u91d1"],"y":["^TAIEX       \u81fa\u7063\u52a0\u6b0a\u5831\u916c\u6307\u6578","^TWII        \u81fa\u7063\u52a0\u6b0a\u6307\u6578","^TAIEXx2     \u81fa\u7063\u52a0\u6b0a\u5831\u916c\u6307\u6578_\u65e5\u6b632","^TAI50I      \u81fa\u706350\u5831\u916c\u6307\u6578","^TAI50Ix2    \u81fa\u706350\u5831\u916c\u6307\u6578_\u65e5\u6b632","^TAI100I     \u81fa\u7063\u4e2d\u578b100\u5831\u916c\u6307\u6578","^TAI100Ix2   \u81fa\u7063\u4e2d\u578b100\u5831\u916c\u6307\u6578_\u65e5\u6b632","^TAIDIVIDI   \u81fa\u7063\u9ad8\u80a1\u606f\u5831\u916c\u6307\u6578","^TAIDIVIDIx2 \u81fa\u7063\u9ad8\u80a1\u606f\u5831\u916c\u6307\u6578_\u65e5\u6b632","0050Fund     \u5143\u5927\u53f0\u7063\u5353\u8d8a50\u57fa\u91d1","006208Fund   \u5bcc\u90a6\u53f0\u7063\u91c6\u540950\u57fa\u91d1","0050         \u5143\u5927\u81fa\u706350","00631L       \u5143\u5927\u53f0\u706350\u6b632","00675L       \u5bcc\u90a6\u81fa\u7063\u52a0\u6b0a\u6b632","006208       \u5bcc\u90a6\u53f050","0051         \u5143\u5927\u4e2d\u578b100","006204       \u6c38\u8c50\u81fa\u7063\u52a0\u6b0a","0056         \u5143\u5927\u9ad8\u80a1\u606f","0056         \u5143\u5927\u9ad8\u80a1\u606f_\u80a1\u606f\u4e0d\u6295\u5165","2412         \u4e2d\u83ef\u96fb\u4fe1","2002         \u4e2d\u92fc","2330         \u53f0\u7a4d\u96fb","2317         \u9d3b\u6d77","6505         \u53f0\u5851\u77f3\u5316","3481         \u7fa4\u5275","2303         \u806f\u96fb","2308         \u53f0\u9054\u96fb","2454         \u806f\u767c\u79d1","2886         \u5146\u8c50\u91d1","2884         \u7389\u5c71\u91d1","2891         \u4e2d\u4fe1\u91d1","2892         \u7b2c\u4e00\u91d1","5880         \u5408\u5eab\u91d1","2881         \u5bcc\u90a6\u91d1","2885         \u5143\u5927\u91d1","2887         \u53f0\u65b0\u91d1"],"zmin":-1,"zmax":1,"colorbar":{"x":-0.2}}],"layout":{"autotypenumbers":"strict","colorway":["#636efa","#EF553B","#00cc96","#ab63fa","#FFA15A","#19d3f3","#FF6692","#B6E880","#FF97FF","#FECB52"],"font":{"color":"#f2f5fa","family":"Courier New"},"hovermode":"closest","hoverlabel":{"align":"left"},"paper_bgcolor":"rgb(17,17,17)","plot_bgcolor":"rgb(17,17,17)","polar":{"bgcolor":"rgb(17,17,17)","angularaxis":{"gridcolor":"#506784","linecolor":"#506784","ticks":""},"radialaxis":{"gridcolor":"#506784","linecolor":"#506784","ticks":""}},"ternary":{"bgcolor":"rgb(17,17,17)","aaxis":{"gridcolor":"#506784","linecolor":"#506784","ticks":""},"baxis":{"gridcolor":"#506784","linecolor":"#506784","ticks":""},"caxis":{"gridcolor":"#506784","linecolor":"#506784","ticks":""}},"coloraxis":{"colorbar":{"outlinewidth":0,"ticks":""}},"colorscale":{"sequential":[[0.0,"#0d0887"],[0.1111111111111111,"#46039f"],[0.2222222222222222,"#7201a8"],[0.3333333333333333,"#9c179e"],[0.4444444444444444,"#bd3786"],[0.5555555555555556,"#d8576b"],[0.6666666666666666,"#ed7953"],[0.7777777777777778,"#fb9f3a"],[0.8888888888888888,"#fdca26"],[1.0,"#f0f921"]],"sequentialminus":[[0.0,"#0d0887"],[0.1111111111111111,"#46039f"],[0.2222222222222222,"#7201a8"],[0.3333333333333333,"#9c179e"],[0.4444444444444444,"#bd3786"],[0.5555555555555556,"#d8576b"],[0.6666666666666666,"#ed7953"],[0.7777777777777778,"#fb9f3a"],[0.8888888888888888,"#fdca26"],[1.0,"#f0f921"]],"diverging":[[0,"#8e0152"],[0.1,"#c51b7d"],[0.2,"#de77ae"],[0.3,"#f1b6da"],[0.4,"#fde0ef"],[0.5,"#f7f7f7"],[0.6,"#e6f5d0"],[0.7,"#b8e186"],[0.8,"#7fbc41"],[0.9,"#4d9221"],[1,"#276419"]]},"xaxis":{"gridcolor":"rgba(0, 0, 0, 0)","linecolor":"#506784","ticks":"","title":{"standoff":15},"zerolinecolor":"#283442","automargin":true,"zerolinewidth":2,"tickfont":{"family":"Courier New","size":14},"side":"top","tickangle":-90},"yaxis":{"gridcolor":"rgba(0, 0, 0, 0)","linecolor":"#506784","ticks":"","title":{"standoff":15},"zerolinecolor":"#283442","automargin":true,"zerolinewidth":2,"tickfont":{"family":"Courier New"},"side":"right"},"scene":{"xaxis":{"backgroundcolor":"rgb(17,17,17)","gridcolor":"#506784","linecolor":"#506784","showbackground":true,"ticks":"","zerolinecolor":"#C8D4E3","gridwidth":2},"yaxis":{"backgroundcolor":"rgb(17,17,17)","gridcolor":"#506784","linecolor":"#506784","showbackground":true,"ticks":"","zerolinecolor":"#C8D4E3","gridwidth":2},"zaxis":{"backgroundcolor":"rgb(17,17,17)","gridcolor":"#506784","linecolor":"#506784","showbackground":true,"ticks":"","zerolinecolor":"#C8D4E3","gridwidth":2}},"shapedefaults":{"line":{"color":"#f2f5fa"}},"annotationdefaults":{"arrowcolor":"#f2f5fa","arrowhead":0,"arrowwidth":1},"geo":{"bgcolor":"rgb(17,17,17)","landcolor":"rgb(17,17,17)","subunitcolor":"#506784","showland":true,"showlakes":true,"lakecolor":"rgb(17,17,17)"},"title":{"x":0.05,"font":{"family":"Times New Roman"},"y":0.05,"text":"<b>Correlation of Close<b><br><i>2016-09-23 ~ 2025-10-09<i>"},"updatemenudefaults":{"bgcolor":"#506784","borderwidth":0},"sliderdefaults":{"bgcolor":"#C8D4E3","borderwidth":1,"bordercolor":"rgb(17,17,17)","tickwidth":0},"mapbox":{"style":"dark"},"annotations":[{"text":"<b>@zwindr<b>","textangle":0,"opacity":0.5,"font":{"color":"white","size":12},"xref":"paper","yref":"paper","xanchor":"left","yanchor":"bottom","x":1.0,"y":1.0,"showarrow":false}]},"config":{"responsive":true,"toImageButtonOptions":{"filename":"Correlation of Close_2016-09-23~2025-10-09","scale":5}}};Plotly.newPlot("correlationClose",correlationClose.data,correlationClose.layout||{},correlationClose.config);}else{console.log("style display is none => correlationClose");}