var element=document.getElementById("correlationClose");if(element.style.display!='none'){var correlationClose={"data":[{"type":"heatmap","z":[[1.0,0.9999999999999973,1.0,0.9949599267849178,0.9949599267849178,0.9712264967364915,0.9712264967364915,0.9132124254039482,0.9132124254039482,0.7574537028943868,0.9950024656602413,0.7024048566378608,0.9903071328871108,0.9910874528394428,0.9951036433464172,0.9768858854565476,0.9992442290903087,0.9090876443980658,0.9090876443980658,0.773226385255102,-0.1821040453290115,0.979976506491253,0.2384373588333598,-0.15564005248908655,-0.23092940450927338,0.8213664608409954,0.9005856432774834,0.9253323709450422,0.9107326061114294,0.7873390484555794,0.6329459545884617,0.6516846706927101,0.6121269144581676,0.9321144846409455,0.8595827456231451,0.2505524347864626],[0.9999999999999973,1.0,0.9999999999999976,0.9949271464394591,0.9949271464394591,0.9707839911604941,0.9707839911604941,0.9139433441850852,0.9139433441850852,0.7590803145115516,0.9949956029422466,0.7027394565997943,0.990013836253805,0.9906538952834857,0.9951133093056332,0.976510562019608,0.9992444703371016,0.9089635237736315,0.9089635237736315,0.7905887517399417,0.028410698676055595,0.9726932856704059,0.005085763986992326,-0.148633227708025,-0.23086724682432158,0.665812465407377,0.8994919602779894,0.9043262875024931,0.9063577593919088,0.7958057369557867,0.6253569987859218,0.6492807426152184,0.6366315583185805,0.9304850227378809,0.7304283777229392,0.24787813896802408],[1.0,0.9999999999999976,1.0,0.9949599267849178,0.9949599267849178,0.9712264967364915,0.9712264967364915,0.9132124254039482,0.9132124254039482,0.7574537028943868,0.9950024656602413,0.7024048566378608,0.9903071328871108,0.9910874528394428,0.9951036433464172,0.9768858854565476,0.9992442290903087,0.9090876443980658,0.9090876443980658,0.773226385255102,-0.1821040453290115,0.979976506491253,0.2384373588333598,-0.15564005248908655,-0.23092940450927338,0.8213664608409954,0.9005856432774834,0.9253323709450422,0.9107326061114294,0.7873390484555794,0.6329459545884617,0.6516846706927101,0.6121269144581676,0.9321144846409455,0.8595827456231451,0.2505524347864626],[0.9949599267849178,0.9949271464394591,0.9949599267849178,1.0,1.0,0.958601889542464,0.958601889542464,0.8958766676508708,0.8958766676508708,0.7192456618938158,0.9996227148468035,0.6633465264650246,0.9924880796878637,0.9908961231948258,0.9995742954688981,0.9596778087926859,0.9951267427171974,0.8802086674388273,0.8802086674388273,0.7429680553559771,-0.18991677069668436,0.9922375645647392,0.267210611872673,-0.19142414064650481,-0.22710473062734793,0.8078133011266581,0.9201044320589074,0.9241996771487822,0.8882004959608173,0.785965981950707,0.6627173840151476,0.6417602295473179,0.5774961089212501,0.9179294227122873,0.851108884581909,0.2652670749566703],[0.9949599267849178,0.9949271464394591,0.9949599267849178,1.0,1.0,0.958601889542464,0.958601889542464,0.8958766676508708,0.8958766676508708,0.7192456618938158,0.9996227148468035,0.6633465264650246,0.9924880796878637,0.9908961231948258,0.9995742954688981,0.9596778087926859,0.9951267427171974,0.8802086674388273,0.8802086674388273,0.7429680553559771,-0.18991677069668436,0.9922375645647392,0.267210611872673,-0.19142414064650481,-0.22710473062734793,0.8078133011266581,0.9201044320589074,0.9241996771487822,0.8882004959608173,0.785965981950707,0.6627173840151476,0.6417602295473179,0.5774961089212501,0.9179294227122873,0.851108884581909,0.2652670749566703],[0.9712264967364915,0.9707839911604941,0.9712264967364915,0.958601889542464,0.958601889542464,1.0,1.0,0.9373557124405139,0.9373557124405139,0.7368095366707905,0.9572891315598342,0.7133232442378514,0.9634138115935131,0.9608380436347961,0.9573167804392342,0.9990808254625876,0.977102371040154,0.9146437673583142,0.9146437673583142,0.6545820475980934,-0.13695116934630103,0.9453509723383784,0.3763617097349171,-0.3260218601140258,-0.1130892299755928,0.8844972521316518,0.856632511856309,0.9409277796072191,0.89161048987828,0.7572334509267241,0.7908462919336612,0.7460408553366845,0.684681353876995,0.8718004881197642,0.8853210960563238,0.5143149239686965],[0.9712264967364915,0.9707839911604941,0.9712264967364915,0.958601889542464,0.958601889542464,1.0,1.0,0.9373557124405139,0.9373557124405139,0.7368095366707905,0.9572891315598342,0.7133232442378514,0.9634138115935131,0.9608380436347961,0.9573167804392342,0.9990808254625876,0.977102371040154,0.9146437673583142,0.9146437673583142,0.6545820475980934,-0.13695116934630103,0.9453509723383784,0.3763617097349171,-0.3260218601140258,-0.1130892299755928,0.8844972521316518,0.856632511856309,0.9409277796072191,0.89161048987828,0.7572334509267241,0.7908462919336612,0.7460408553366845,0.684681353876995,0.8718004881197642,0.8853210960563238,0.5143149239686965],[0.9132124254039482,0.9139433441850852,0.9132124254039482,0.8958766676508708,0.8958766676508708,0.9373557124405139,0.9373557124405139,1.0,1.0,0.7061894037967417,0.9362257945769966,0.7160026068399643,0.9267602111737285,0.9214112972747239,0.936378848373639,0.9392733064247257,0.9467245082642972,0.9697229923237893,0.9697229923237893,0.6076161364695741,-0.0159232834758674,0.8619739685684253,0.5902982924984597,-0.35388054676482084,0.01275884041383686,0.8009129554302087,0.7526856791404873,0.8884414470870591,0.8567604929824957,0.7729220716480044,0.8874121367385788,0.7913913063455429,0.7079269606311245,0.8128703477458945,0.8672438643013861,0.8229853988817091],[0.9132124254039482,0.9139433441850852,0.9132124254039482,0.8958766676508708,0.8958766676508708,0.9373557124405139,0.9373557124405139,1.0,1.0,0.7061894037967417,0.9362257945769966,0.7160026068399643,0.9267602111737285,0.9214112972747239,0.936378848373639,0.9392733064247257,0.9467245082642972,0.9697229923237893,0.9697229923237893,0.6076161364695741,-0.0159232834758674,0.8619739685684253,0.5902982924984597,-0.35388054676482084,0.01275884041383686,0.8009129554302087,0.7526856791404873,0.8884414470870591,0.8567604929824957,0.7729220716480044,0.8874121367385788,0.7913913063455429,0.7079269606311245,0.8128703477458945,0.8672438643013861,0.8229853988817091],[0.7574537028943868,0.7590803145115516,0.7574537028943868,0.7192456618938158,0.7192456618938158,0.7368095366707905,0.7368095366707905,0.7061894037967417,0.7061894037967417,1.0,0.582055485072049,0.9999696900979496,0.47632823108430766,0.3686765431503536,0.5841908520060651,0.7319632436785016,0.6490295889170256,0.7957589382347824,0.7957589382347824,0.6869772615557842,-0.09757189522924824,0.6870850654307412,0.035463793386681076,0.04968528521077862,-0.24290988778160022,0.7655327745426919,0.4487380354577796,0.7227431153376249,0.8028113712360165,0.6721293085712063,0.33114569112389,0.5229387229698116,0.5622251756176228,0.7712689940628843,0.6183740077175465,0.16806345816452248],[0.9950024656602413,0.9949956029422466,0.9950024656602413,0.9996227148468035,0.9996227148468035,0.9572891315598342,0.9572891315598342,0.9362257945769966,0.9362257945769966,0.582055485072049,1.0,0.5819099380113824,0.9919224102476121,0.990623703670459,0.9999398786094464,0.9550526014411963,0.9945663307834344,0.8892817572612023,0.8892817572612023,0.8507341162290823,-0.06368045512907719,0.9969997543312639,0.9058666659675775,-0.5370772999395054,0.44325805575655314,0.8138388325430996,0.8942470427317758,0.9368116446643708,0.8775628469814645,0.8121598036521637,0.9335678644798009,0.854078123548338,0.7328253614216969,0.9003752922910332,0.9518588042892945,0.8184513212261662],[0.7024048566378608,0.7027394565997943,0.7024048566378608,0.6633465264650246,0.6633465264650246,0.7133232442378514,0.7133232442378514,0.7160026068399643,0.7160026068399643,0.9999696900979496,0.5819099380113824,1.0,0.4745952653980704,0.36650323399662704,0.5829065191088025,0.720704508748999,0.6477630305595197,0.7891854182140688,0.7891854182140688,0.6407805325265049,0.03287951479949742,0.6334151378656626,0.3934302762628196,-0.1624459105219106,-0.23212107099086218,0.7909150238471602,0.3469876436648342,0.6897096760325686,0.7716863443710047,0.6913744231972399,0.5191447934230449,0.686720090352705,0.677247713988311,0.7221035512481156,0.5941928314089017,0.6266103479529102],[0.9903071328871108,0.990013836253805,0.9903071328871108,0.9924880796878637,0.9924880796878637,0.9634138115935131,0.9634138115935131,0.9267602111737285,0.9267602111737285,0.47632823108430766,0.9919224102476121,0.4745952653980704,1.0,0.9998355493511341,0.9918240389014616,0.9587001511186326,0.9890153621807914,0.8620406690220536,0.8620406690220536,0.8291549234537681,-0.049899583831365196,0.991543775162118,0.9155966274867026,-0.6630811408972248,0.5188476234845306,0.7733903794718728,0.9159722273131262,0.9323601024212224,0.8469210749167673,0.7495001258668885,0.9335596936031808,0.8180882387852956,0.6859683929582213,0.8755608649040335,0.9558581526710943,0.8427389676404954],[0.9910874528394428,0.9906538952834857,0.9910874528394428,0.9908961231948258,0.9908961231948258,0.9608380436347961,0.9608380436347961,0.9214112972747239,0.9214112972747239,0.3686765431503536,0.990623703670459,0.36650323399662704,0.9998355493511341,1.0,0.9906727894319454,0.9553115754288005,0.9891796414411081,0.8457829839746022,0.8457829839746022,0.8520083301030681,-0.17126318794179876,0.9890337742383797,0.9186662889821119,-0.8058713486361639,0.554526392053129,0.7247122645249033,0.9226637050573652,0.9241454575167223,0.827228442744403,0.6957538537938445,0.9396354236241441,0.8112495382116138,0.618978372949598,0.8910575760224301,0.956912949882946,0.8243945040574808],[0.9951036433464172,0.9951133093056332,0.9951036433464172,0.9995742954688981,0.9995742954688981,0.9573167804392342,0.9573167804392342,0.936378848373639,0.936378848373639,0.5841908520060651,0.9999398786094464,0.5829065191088025,0.9918240389014616,0.9906727894319454,1.0,0.9553488628688281,0.9946928105915412,0.8899956537464391,0.8899956537464391,0.8517780358102583,-0.06418818950080632,0.9968544416937525,0.905310405932446,-0.5345641320689193,0.4450679863024013,0.8144444086384027,0.8925961516593434,0.9364223151602284,0.8779295572549732,0.8130721504809606,0.933236505526165,0.855005512734737,0.733616379155721,0.9002604698372711,0.9520591913999764,0.8195172571992053],[0.9768858854565476,0.976510562019608,0.9768858854565476,0.9596778087926859,0.9596778087926859,0.9990808254625876,0.9990808254625876,0.9392733064247257,0.9392733064247257,0.7319632436785016,0.9550526014411963,0.720704508748999,0.9587001511186326,0.9553115754288005,0.9553488628688281,1.0,0.9767367428748868,0.9164720467519625,0.9164720467519625,0.7035795592865157,-0.1231143629687175,0.9490118622170561,0.6924903483762536,-0.45556240451390134,-0.14460217582191653,0.895758979466686,0.8445848931836223,0.9375418207222929,0.8992196640438864,0.7913795445919433,0.8776135266493493,0.7914717737342037,0.7414559467494627,0.8927048056201645,0.8824949013894233,0.8163296635072986],[0.9992442290903087,0.9992444703371016,0.9992442290903087,0.9951267427171974,0.9951267427171974,0.977102371040154,0.977102371040154,0.9467245082642972,0.9467245082642972,0.6490295889170256,0.9945663307834344,0.6477630305595197,0.9890153621807914,0.9891796414411081,0.9946928105915412,0.9767367428748868,1.0,0.9185602896572712,0.9185602896572712,0.8638394715515267,-0.04719127504112875,0.9883738226557852,0.8796292427712613,-0.5199958963527951,0.45357137438765366,0.8603961425011283,0.879302915190435,0.9490706303783483,0.9106845610213564,0.8335164070262069,0.9224420828200969,0.8877046188198041,0.7801160479516521,0.9155421904875682,0.9603766976798752,0.8626525676729305],[0.9090876443980658,0.9089635237736315,0.9090876443980658,0.8802086674388273,0.8802086674388273,0.9146437673583142,0.9146437673583142,0.9697229923237893,0.9697229923237893,0.7957589382347824,0.8892817572612023,0.7891854182140688,0.8620406690220536,0.8457829839746022,0.8899956537464391,0.9164720467519625,0.9185602896572712,1.0,1.0,0.7539166378089107,-0.06579526590230014,0.8448948820698163,0.5844576469106787,-0.23664997932097712,-0.19473501282055394,0.8372215662157949,0.6949988109336506,0.8449948816871028,0.9205026214965902,0.8477769151996872,0.7998638316645151,0.7691361769573934,0.7074464843694389,0.8551284781825207,0.7890867743133799,0.8590436574993745],[0.9090876443980658,0.9089635237736315,0.9090876443980658,0.8802086674388273,0.8802086674388273,0.9146437673583142,0.9146437673583142,0.9697229923237893,0.9697229923237893,0.7957589382347824,0.8892817572612023,0.7891854182140688,0.8620406690220536,0.8457829839746022,0.8899956537464391,0.9164720467519625,0.9185602896572712,1.0,1.0,0.7539166378089107,-0.06579526590230014,0.8448948820698163,0.5844576469106787,-0.23664997932097712,-0.19473501282055394,0.8372215662157949,0.6949988109336506,0.8449948816871028,0.9205026214965902,0.8477769151996872,0.7998638316645151,0.7691361769573934,0.7074464843694389,0.8551284781825207,0.7890867743133799,0.8590436574993745],[0.773226385255102,0.7905887517399417,0.773226385255102,0.7429680553559771,0.7429680553559771,0.6545820475980934,0.6545820475980934,0.6076161364695741,0.6076161364695741,0.6869772615557842,0.8507341162290823,0.6407805325265049,0.8291549234537681,0.8520083301030681,0.8517780358102583,0.7035795592865157,0.8638394715515267,0.7539166378089107,0.7539166378089107,1.0,0.018162984488931673,0.7036739053831722,-0.31765498196347564,0.2814529518658053,-0.6467470122296781,0.37904822878428246,0.6494375010810844,0.5306028950614476,0.8414259421673312,0.7055700922167512,0.17011364733413492,0.33489056142629553,0.5726555510846768,0.7879008743805237,0.501642425446758,-0.11226805088798751],[-0.1821040453290115,0.028410698676055595,-0.1821040453290115,-0.18991677069668436,-0.18991677069668436,-0.13695116934630103,-0.13695116934630103,-0.0159232834758674,-0.0159232834758674,-0.09757189522924824,-0.06368045512907719,0.03287951479949742,-0.049899583831365196,-0.17126318794179876,-0.06418818950080632,-0.1231143629687175,-0.04719127504112875,-0.06579526590230014,-0.06579526590230014,0.018162984488931673,1.0,-0.12515562030691832,0.08685922008349985,0.17462039689839617,0.7423417697993787,-0.1085004774828613,-0.08935856406789024,-0.048008678320845974,0.13875466918547721,-0.025864022898468245,-0.004098465873403039,0.2948621368129774,0.5540680955457651,-0.14803565828674278,0.07077046667722499,0.13150008284744522],[0.979976506491253,0.9726932856704059,0.979976506491253,0.9922375645647392,0.9922375645647392,0.9453509723383784,0.9453509723383784,0.8619739685684253,0.8619739685684253,0.6870850654307412,0.9969997543312639,0.6334151378656626,0.991543775162118,0.9890337742383797,0.9968544416937525,0.9490118622170561,0.9883738226557852,0.8448948820698163,0.8448948820698163,0.7036739053831722,-0.12515562030691832,1.0,0.17467406284676265,-0.24269578815493878,-0.2686935684813394,0.6767702868035281,0.9260339703244501,0.9083491431849354,0.832109444670709,0.7533898202671141,0.6656570103762931,0.6099650164997059,0.5100482795851257,0.8958556418253422,0.7123124497921623,0.24980382356622174],[0.2384373588333598,0.005085763986992326,0.2384373588333598,0.267210611872673,0.267210611872673,0.3763617097349171,0.3763617097349171,0.5902982924984597,0.5902982924984597,0.035463793386681076,0.9058666659675775,0.3934302762628196,0.9155966274867026,0.9186662889821119,0.905310405932446,0.6924903483762536,0.8796292427712613,0.5844576469106787,0.5844576469106787,-0.31765498196347564,0.08685922008349985,0.17467406284676265,1.0,-0.476740924243342,0.6893885020368055,0.40519522101178934,0.20229121261308716,0.3649192863326159,-0.050528119994488335,0.12630477969699572,0.6232895466069792,0.5033152571432813,0.21404010456760983,0.07036365396129252,0.427569405545028,0.4905756665240965],[-0.15564005248908655,-0.148633227708025,-0.15564005248908655,-0.19142414064650481,-0.19142414064650481,-0.3260218601140258,-0.3260218601140258,-0.35388054676482084,-0.35388054676482084,0.04968528521077862,-0.5370772999395054,-0.1624459105219106,-0.6630811408972248,-0.8058713486361639,-0.5345641320689193,-0.45556240451390134,-0.5199958963527951,-0.23664997932097712,-0.23664997932097712,0.2814529518658053,0.17462039689839617,-0.24269578815493878,-0.476740924243342,1.0,-0.025053786719464486,-0.19578739978640775,-0.24151257701546242,-0.3347049271917545,-0.07697831666612585,-0.10902286025468867,-0.5758999173497295,-0.22696979593041663,-0.040215540876620555,-0.08916892531972334,-0.2610185550899414,-0.42486509987156773],[-0.23092940450927338,-0.23086724682432158,-0.23092940450927338,-0.22710473062734793,-0.22710473062734793,-0.1130892299755928,-0.1130892299755928,0.01275884041383686,0.01275884041383686,-0.24290988778160022,0.44325805575655314,-0.23212107099086218,0.5188476234845306,0.554526392053129,0.4450679863024013,-0.14460217582191653,0.45357137438765366,-0.19473501282055394,-0.19473501282055394,-0.6467470122296781,0.7423417697993787,-0.2686935684813394,0.6893885020368055,-0.025053786719464486,1.0,-0.1050271182967008,-0.19124352572254164,-0.06468916072569507,-0.3458369771926743,-0.3227382896071857,0.058767303781958574,0.15553237803916314,0.26034319963147246,-0.36587873236358864,0.10032760784977386,0.08523682905493712],[0.8213664608409954,0.665812465407377,0.8213664608409954,0.8078133011266581,0.8078133011266581,0.8844972521316518,0.8844972521316518,0.8009129554302087,0.8009129554302087,0.7655327745426919,0.8138388325430996,0.7909150238471602,0.7733903794718728,0.7247122645249033,0.8144444086384027,0.895758979466686,0.8603961425011283,0.8372215662157949,0.8372215662157949,0.37904822878428246,-0.1085004774828613,0.6767702868035281,0.40519522101178934,-0.19578739978640775,-0.1050271182967008,1.0,0.5506340658637352,0.8465521741207882,0.5172042749261697,0.6479226810120857,0.5859415373453999,0.6740451424545028,0.43390107674510664,0.7233991227609141,0.7196269312386872,0.4448056016838536],[0.9005856432774834,0.8994919602779894,0.9005856432774834,0.9201044320589074,0.9201044320589074,0.856632511856309,0.856632511856309,0.7526856791404873,0.7526856791404873,0.4487380354577796,0.8942470427317758,0.3469876436648342,0.9159722273131262,0.9226637050573652,0.8925961516593434,0.8445848931836223,0.879302915190435,0.6949988109336506,0.6949988109336506,0.6494375010810844,-0.08935856406789024,0.9260339703244501,0.20229121261308716,-0.24151257701546242,-0.19124352572254164,0.5506340658637352,1.0,0.8053234660774184,0.7240352979803882,0.6448498516122804,0.6052916828173903,0.5086685697972353,0.46206618307449493,0.803608402669734,0.6669929526377009,0.2027544937011981],[0.9253323709450422,0.9043262875024931,0.9253323709450422,0.9241996771487822,0.9241996771487822,0.9409277796072191,0.9409277796072191,0.8884414470870591,0.8884414470870591,0.7227431153376249,0.9368116446643708,0.6897096760325686,0.9323601024212224,0.9241454575167223,0.9364223151602284,0.9375418207222929,0.9490706303783483,0.8449948816871028,0.8449948816871028,0.5306028950614476,-0.048008678320845974,0.9083491431849354,0.3649192863326159,-0.3347049271917545,-0.06468916072569507,0.8465521741207882,0.8053234660774184,1.0,0.7622440294057816,0.6384627416284866,0.658106032961055,0.6244571109688593,0.5317304770271559,0.8349078832466074,0.8568577120576039,0.2730230506526158],[0.9107326061114294,0.9063577593919088,0.9107326061114294,0.8882004959608173,0.8882004959608173,0.89161048987828,0.89161048987828,0.8567604929824957,0.8567604929824957,0.8028113712360165,0.8775628469814645,0.7716863443710047,0.8469210749167673,0.827228442744403,0.8779295572549732,0.8992196640438864,0.9106845610213564,0.9205026214965902,0.9205026214965902,0.8414259421673312,0.13875466918547721,0.832109444670709,-0.050528119994488335,-0.07697831666612585,-0.3458369771926743,0.5172042749261697,0.7240352979803882,0.7622440294057816,1.0,0.9111237938935893,0.5751606574198913,0.7029550877592758,0.669706917162727,0.8841853890346756,0.5390071085995162,0.3280397401334791],[0.7873390484555794,0.7958057369557867,0.7873390484555794,0.785965981950707,0.785965981950707,0.7572334509267241,0.7572334509267241,0.7729220716480044,0.7729220716480044,0.6721293085712063,0.8121598036521637,0.6913744231972399,0.7495001258668885,0.6957538537938445,0.8130721504809606,0.7913795445919433,0.8335164070262069,0.8477769151996872,0.8477769151996872,0.7055700922167512,-0.025864022898468245,0.7533898202671141,0.12630477969699572,-0.10902286025468867,-0.3227382896071857,0.6479226810120857,0.6448498516122804,0.6384627416284866,0.9111237938935893,1.0,0.6105549170250331,0.687004812432745,0.6145396397622668,0.7489965024034979,0.6158707297911558,0.4964061211439304],[0.6329459545884617,0.6253569987859218,0.6329459545884617,0.6627173840151476,0.6627173840151476,0.7908462919336612,0.7908462919336612,0.8874121367385788,0.8874121367385788,0.33114569112389,0.9335678644798009,0.5191447934230449,0.9335596936031808,0.9396354236241441,0.933236505526165,0.8776135266493493,0.9224420828200969,0.7998638316645151,0.7998638316645151,0.17011364733413492,-0.004098465873403039,0.6656570103762931,0.6232895466069792,-0.5758999173497295,0.058767303781958574,0.5859415373453999,0.6052916828173903,0.658106032961055,0.5751606574198913,0.6105549170250331,1.0,0.7496126540421807,0.38935834049262613,0.5566006720013307,0.64982360246471,0.7564414493455244],[0.6516846706927101,0.6492807426152184,0.6516846706927101,0.6417602295473179,0.6417602295473179,0.7460408553366845,0.7460408553366845,0.7913913063455429,0.7913913063455429,0.5229387229698116,0.854078123548338,0.686720090352705,0.8180882387852956,0.8112495382116138,0.855005512734737,0.7914717737342037,0.8877046188198041,0.7691361769573934,0.7691361769573934,0.33489056142629553,0.2948621368129774,0.6099650164997059,0.5033152571432813,-0.22696979593041663,0.15553237803916314,0.6740451424545028,0.5086685697972353,0.6244571109688593,0.7029550877592758,0.687004812432745,0.7496126540421807,1.0,0.7791148644559572,0.5290597348183711,0.7386856286412626,0.5673210541925416],[0.6121269144581676,0.6366315583185805,0.6121269144581676,0.5774961089212501,0.5774961089212501,0.684681353876995,0.684681353876995,0.7079269606311245,0.7079269606311245,0.5622251756176228,0.7328253614216969,0.677247713988311,0.6859683929582213,0.618978372949598,0.733616379155721,0.7414559467494627,0.7801160479516521,0.7074464843694389,0.7074464843694389,0.5726555510846768,0.5540680955457651,0.5100482795851257,0.21404010456760983,-0.040215540876620555,0.26034319963147246,0.43390107674510664,0.46206618307449493,0.5317304770271559,0.669706917162727,0.6145396397622668,0.38935834049262613,0.7791148644559572,1.0,0.49946464398603324,0.6572003696521876,0.2167972747732103],[0.9321144846409455,0.9304850227378809,0.9321144846409455,0.9179294227122873,0.9179294227122873,0.8718004881197642,0.8718004881197642,0.8128703477458945,0.8128703477458945,0.7712689940628843,0.9003752922910332,0.7221035512481156,0.8755608649040335,0.8910575760224301,0.9002604698372711,0.8927048056201645,0.9155421904875682,0.8551284781825207,0.8551284781825207,0.7879008743805237,-0.14803565828674278,0.8958556418253422,0.07036365396129252,-0.08916892531972334,-0.36587873236358864,0.7233991227609141,0.803608402669734,0.8349078832466074,0.8841853890346756,0.7489965024034979,0.5566006720013307,0.5290597348183711,0.49946464398603324,1.0,0.7606200596704602,0.21981402779431763],[0.8595827456231451,0.7304283777229392,0.8595827456231451,0.851108884581909,0.851108884581909,0.8853210960563238,0.8853210960563238,0.8672438643013861,0.8672438643013861,0.6183740077175465,0.9518588042892945,0.5941928314089017,0.9558581526710943,0.956912949882946,0.9520591913999764,0.8824949013894233,0.9603766976798752,0.7890867743133799,0.7890867743133799,0.501642425446758,0.07077046667722499,0.7123124497921623,0.427569405545028,-0.2610185550899414,0.10032760784977386,0.7196269312386872,0.6669929526377009,0.8568577120576039,0.5390071085995162,0.6158707297911558,0.64982360246471,0.7386856286412626,0.6572003696521876,0.7606200596704602,1.0,0.2416514313626935],[0.2505524347864626,0.24787813896802408,0.2505524347864626,0.2652670749566703,0.2652670749566703,0.5143149239686965,0.5143149239686965,0.8229853988817091,0.8229853988817091,0.16806345816452248,0.8184513212261662,0.6266103479529102,0.8427389676404954,0.8243945040574808,0.8195172571992053,0.8163296635072986,0.8626525676729305,0.8590436574993745,0.8590436574993745,-0.11226805088798751,0.13150008284744522,0.24980382356622174,0.4905756665240965,-0.42486509987156773,0.08523682905493712,0.4448056016838536,0.2027544937011981,0.2730230506526158,0.3280397401334791,0.4964061211439304,0.7564414493455244,0.5673210541925416,0.2167972747732103,0.21981402779431763,0.2416514313626935,1.0]],"x":["^TAIEX       \u81fa\u7063\u52a0\u6b0a\u5831\u916c\u6307\u6578","^TWII        \u81fa\u7063\u52a0\u6b0a\u6307\u6578","^TAIEXx2     \u81fa\u7063\u52a0\u6b0a\u5831\u916c\u6307\u6578_\u65e5\u6b632","^TAI50I      \u81fa\u706350\u5831\u916c\u6307\u6578","^TAI50Ix2    \u81fa\u706350\u5831\u916c\u6307\u6578_\u65e5\u6b632","^TAI100I     \u81fa\u7063\u4e2d\u578b100\u5831\u916c\u6307\u6578","^TAI100Ix2   \u81fa\u7063\u4e2d\u578b100\u5831\u916c\u6307\u6578_\u65e5\u6b632","^TAIDIVIDI   \u81fa\u7063\u9ad8\u80a1\u606f\u5831\u916c\u6307\u6578","^TAIDIVIDIx2 \u81fa\u7063\u9ad8\u80a1\u606f\u5831\u916c\u6307\u6578_\u65e5\u6b632","0050Fund     \u5143\u5927\u53f0\u7063\u5353\u8d8a50\u57fa\u91d1","006208Fund   \u5bcc\u90a6\u53f0\u7063\u91c6\u540950\u57fa\u91d1","0050         \u5143\u5927\u81fa\u706350","00631L       \u5143\u5927\u53f0\u706350\u6b632","00675L       \u5bcc\u90a6\u81fa\u7063\u52a0\u6b0a\u6b632","006208       \u5bcc\u90a6\u53f050","0051         \u5143\u5927\u4e2d\u578b100","006204       \u6c38\u8c50\u81fa\u7063\u52a0\u6b0a","0056         \u5143\u5927\u9ad8\u80a1\u606f","0056         \u5143\u5927\u9ad8\u80a1\u606f_\u80a1\u606f\u4e0d\u6295\u5165","2412         \u4e2d\u83ef\u96fb\u4fe1","2002         \u4e2d\u92fc","2330         \u53f0\u7a4d\u96fb","2317         \u9d3b\u6d77","6505         \u53f0\u5851\u77f3\u5316","3481         \u7fa4\u5275","2303         \u806f\u96fb","2308         \u53f0\u9054\u96fb","2454         \u806f\u767c\u79d1","2886         \u5146\u8c50\u91d1","2884         \u7389\u5c71\u91d1","2891         \u4e2d\u4fe1\u91d1","2892         \u7b2c\u4e00\u91d1","5880         \u5408\u5eab\u91d1","2881         \u5bcc\u90a6\u91d1","2885         \u5143\u5927\u91d1","2887         \u53f0\u65b0\u91d1"],"y":["^TAIEX       \u81fa\u7063\u52a0\u6b0a\u5831\u916c\u6307\u6578","^TWII        \u81fa\u7063\u52a0\u6b0a\u6307\u6578","^TAIEXx2     \u81fa\u7063\u52a0\u6b0a\u5831\u916c\u6307\u6578_\u65e5\u6b632","^TAI50I      \u81fa\u706350\u5831\u916c\u6307\u6578","^TAI50Ix2    \u81fa\u706350\u5831\u916c\u6307\u6578_\u65e5\u6b632","^TAI100I     \u81fa\u7063\u4e2d\u578b100\u5831\u916c\u6307\u6578","^TAI100Ix2   \u81fa\u7063\u4e2d\u578b100\u5831\u916c\u6307\u6578_\u65e5\u6b632","^TAIDIVIDI   \u81fa\u7063\u9ad8\u80a1\u606f\u5831\u916c\u6307\u6578","^TAIDIVIDIx2 \u81fa\u7063\u9ad8\u80a1\u606f\u5831\u916c\u6307\u6578_\u65e5\u6b632","0050Fund     \u5143\u5927\u53f0\u7063\u5353\u8d8a50\u57fa\u91d1","006208Fund   \u5bcc\u90a6\u53f0\u7063\u91c6\u540950\u57fa\u91d1","0050         \u5143\u5927\u81fa\u706350","00631L       \u5143\u5927\u53f0\u706350\u6b632","00675L       \u5bcc\u90a6\u81fa\u7063\u52a0\u6b0a\u6b632","006208       \u5bcc\u90a6\u53f050","0051         \u5143\u5927\u4e2d\u578b100","006204       \u6c38\u8c50\u81fa\u7063\u52a0\u6b0a","0056         \u5143\u5927\u9ad8\u80a1\u606f","0056         \u5143\u5927\u9ad8\u80a1\u606f_\u80a1\u606f\u4e0d\u6295\u5165","2412         \u4e2d\u83ef\u96fb\u4fe1","2002         \u4e2d\u92fc","2330         \u53f0\u7a4d\u96fb","2317         \u9d3b\u6d77","6505         \u53f0\u5851\u77f3\u5316","3481         \u7fa4\u5275","2303         \u806f\u96fb","2308         \u53f0\u9054\u96fb","2454         \u806f\u767c\u79d1","2886         \u5146\u8c50\u91d1","2884         \u7389\u5c71\u91d1","2891         \u4e2d\u4fe1\u91d1","2892         \u7b2c\u4e00\u91d1","5880         \u5408\u5eab\u91d1","2881         \u5bcc\u90a6\u91d1","2885         \u5143\u5927\u91d1","2887         \u53f0\u65b0\u91d1"],"zmin":-1,"zmax":1,"colorbar":{"x":-0.2}}],"layout":{"autotypenumbers":"strict","colorway":["#636efa","#EF553B","#00cc96","#ab63fa","#FFA15A","#19d3f3","#FF6692","#B6E880","#FF97FF","#FECB52"],"font":{"color":"#f2f5fa","family":"Courier New"},"hovermode":"closest","hoverlabel":{"align":"left"},"paper_bgcolor":"rgb(17,17,17)","plot_bgcolor":"rgb(17,17,17)","polar":{"bgcolor":"rgb(17,17,17)","angularaxis":{"gridcolor":"#506784","linecolor":"#506784","ticks":""},"radialaxis":{"gridcolor":"#506784","linecolor":"#506784","ticks":""}},"ternary":{"bgcolor":"rgb(17,17,17)","aaxis":{"gridcolor":"#506784","linecolor":"#506784","ticks":""},"baxis":{"gridcolor":"#506784","linecolor":"#506784","ticks":""},"caxis":{"gridcolor":"#506784","linecolor":"#506784","ticks":""}},"coloraxis":{"colorbar":{"outlinewidth":0,"ticks":""}},"colorscale":{"sequential":[[0.0,"#0d0887"],[0.1111111111111111,"#46039f"],[0.2222222222222222,"#7201a8"],[0.3333333333333333,"#9c179e"],[0.4444444444444444,"#bd3786"],[0.5555555555555556,"#d8576b"],[0.6666666666666666,"#ed7953"],[0.7777777777777778,"#fb9f3a"],[0.8888888888888888,"#fdca26"],[1.0,"#f0f921"]],"sequentialminus":[[0.0,"#0d0887"],[0.1111111111111111,"#46039f"],[0.2222222222222222,"#7201a8"],[0.3333333333333333,"#9c179e"],[0.4444444444444444,"#bd3786"],[0.5555555555555556,"#d8576b"],[0.6666666666666666,"#ed7953"],[0.7777777777777778,"#fb9f3a"],[0.8888888888888888,"#fdca26"],[1.0,"#f0f921"]],"diverging":[[0,"#8e0152"],[0.1,"#c51b7d"],[0.2,"#de77ae"],[0.3,"#f1b6da"],[0.4,"#fde0ef"],[0.5,"#f7f7f7"],[0.6,"#e6f5d0"],[0.7,"#b8e186"],[0.8,"#7fbc41"],[0.9,"#4d9221"],[1,"#276419"]]},"xaxis":{"gridcolor":"rgba(0, 0, 0, 0)","linecolor":"#506784","ticks":"","title":{"standoff":15},"zerolinecolor":"#283442","automargin":true,"zerolinewidth":2,"tickfont":{"family":"Courier New","size":14},"side":"top","tickangle":-90},"yaxis":{"gridcolor":"rgba(0, 0, 0, 0)","linecolor":"#506784","ticks":"","title":{"standoff":15},"zerolinecolor":"#283442","automargin":true,"zerolinewidth":2,"tickfont":{"family":"Courier New"},"side":"right"},"scene":{"xaxis":{"backgroundcolor":"rgb(17,17,17)","gridcolor":"#506784","linecolor":"#506784","showbackground":true,"ticks":"","zerolinecolor":"#C8D4E3","gridwidth":2},"yaxis":{"backgroundcolor":"rgb(17,17,17)","gridcolor":"#506784","linecolor":"#506784","showbackground":true,"ticks":"","zerolinecolor":"#C8D4E3","gridwidth":2},"zaxis":{"backgroundcolor":"rgb(17,17,17)","gridcolor":"#506784","linecolor":"#506784","showbackground":true,"ticks":"","zerolinecolor":"#C8D4E3","gridwidth":2}},"shapedefaults":{"line":{"color":"#f2f5fa"}},"annotationdefaults":{"arrowcolor":"#f2f5fa","arrowhead":0,"arrowwidth":1},"geo":{"bgcolor":"rgb(17,17,17)","landcolor":"rgb(17,17,17)","subunitcolor":"#506784","showland":true,"showlakes":true,"lakecolor":"rgb(17,17,17)"},"title":{"x":0.05,"font":{"family":"Times New Roman"},"y":0.05,"text":"<b>Correlation of Close<b><br><i>2016-09-23 ~ 2026-03-18<i>"},"updatemenudefaults":{"bgcolor":"#506784","borderwidth":0},"sliderdefaults":{"bgcolor":"#C8D4E3","borderwidth":1,"bordercolor":"rgb(17,17,17)","tickwidth":0},"mapbox":{"style":"dark"},"annotations":[{"text":"<b>@zwindr<b>","textangle":0,"opacity":0.5,"font":{"color":"white","size":12},"xref":"paper","yref":"paper","xanchor":"left","yanchor":"bottom","x":1.0,"y":1.0,"showarrow":false}]},"config":{"responsive":true,"toImageButtonOptions":{"filename":"Correlation of Close_2016-09-23~2026-03-18","scale":5}}};Plotly.newPlot("correlationClose",correlationClose.data,correlationClose.layout||{},correlationClose.config);}else{console.log("style display is none => correlationClose");}