var element=document.getElementById("correlationClose");if(element.style.display!='none'){var correlationClose={"data":[{"type":"heatmap","z":[[1.0,0.9999999999999973,1.0,0.9949887522735954,0.9949887522735954,0.9697102331461702,0.9697102331461702,0.9111637638944329,0.9111637638944329,0.7804191696880205,0.9948246024878482,0.7299376787402878,0.9911921886736997,0.9917492312483263,0.9949294136867428,0.9760924347111536,0.9991948369666033,0.9121878603022087,0.9121878603022087,0.7765785473930712,-0.17135546292514936,0.9793314930211922,0.21835434053771688,-0.14450961828813055,-0.2403567773853616,0.8190530991053708,0.9035819656691827,0.9216675227130738,0.9170357994021604,0.786453625684902,0.6116421866309304,0.6486864139795748,0.6196033686518408,0.9347554419443495,0.8515664520425946,0.22744477532373697],[0.9999999999999973,1.0,0.9999999999999976,0.994957734416201,0.994957734416201,0.9692400937547545,0.9692400937547545,0.9119604486166615,0.9119604486166615,0.7820262930541415,0.9948179898082825,0.7318112278911547,0.9909109417403331,0.9912868074033038,0.9949247761942918,0.975602606076007,0.9991926758639119,0.9123071744909259,0.9123071744909259,0.7945219422852934,0.04076807667139536,0.9717420482000134,-0.008683971020613964,-0.13658990886466296,-0.2407591357441334,0.6597543445622773,0.9034944213914226,0.8994237811017178,0.9124921821103346,0.7956208138494528,0.6027313573741837,0.6460209944207043,0.6446264560277494,0.9329191890560891,0.7172519645666326,0.22375121570627682],[1.0,0.9999999999999976,1.0,0.9949887522735954,0.9949887522735954,0.9697102331461702,0.9697102331461702,0.9111637638944329,0.9111637638944329,0.7804191696880205,0.9948246024878482,0.7299376787402878,0.9911921886736997,0.9917492312483263,0.9949294136867428,0.9760924347111536,0.9991948369666033,0.9121878603022087,0.9121878603022087,0.7765785473930712,-0.17135546292514936,0.9793314930211922,0.21835434053771688,-0.14450961828813055,-0.2403567773853616,0.8190530991053708,0.9035819656691827,0.9216675227130738,0.9170357994021604,0.786453625684902,0.6116421866309304,0.6486864139795748,0.6196033686518408,0.9347554419443495,0.8515664520425946,0.22744477532373697],[0.9949887522735954,0.994957734416201,0.9949887522735954,1.0,1.0,0.9568601043909788,0.9568601043909788,0.8942927697244413,0.8942927697244413,0.7459588111665718,0.9995957904206648,0.694203904491428,0.9922472391069581,0.9902464187511052,0.9995444555055943,0.9587042358443877,0.9949559243237436,0.8845936823355637,0.8845936823355637,0.7478550371195507,-0.17946321837120005,0.991718497332954,0.24694742224309502,-0.18102706862786547,-0.23800914595575975,0.8068572929355465,0.9207066673874497,0.921107364936119,0.8968502276365213,0.787197207588593,0.6414938663500059,0.6398840328277169,0.586440632176262,0.9224911510529247,0.8424089028517385,0.24101306838286954],[0.9949887522735954,0.994957734416201,0.9949887522735954,1.0,1.0,0.9568601043909788,0.9568601043909788,0.8942927697244413,0.8942927697244413,0.7459588111665718,0.9995957904206648,0.694203904491428,0.9922472391069581,0.9902464187511052,0.9995444555055943,0.9587042358443877,0.9949559243237436,0.8845936823355637,0.8845936823355637,0.7478550371195507,-0.17946321837120005,0.991718497332954,0.24694742224309502,-0.18102706862786547,-0.23800914595575975,0.8068572929355465,0.9207066673874497,0.921107364936119,0.8968502276365213,0.787197207588593,0.6414938663500059,0.6398840328277169,0.586440632176262,0.9224911510529247,0.8424089028517385,0.24101306838286954],[0.9697102331461702,0.9692400937547545,0.9697102331461702,0.9568601043909788,0.9568601043909788,1.0,1.0,0.9356216342959853,0.9356216342959853,0.7574074725752371,0.9557399629792301,0.7362810680509362,0.9656165204370716,0.9629163181883205,0.9557599622878306,0.9990737483428879,0.9762187619818063,0.9160432697695368,0.9160432697695368,0.6522840592905615,-0.12413923345460263,0.9430805888068615,0.3615141324594781,-0.31859721103560523,-0.11781141489271127,0.8841702354950569,0.8582017377491341,0.9380881388968071,0.8959062844745859,0.7546344599929594,0.7787561380694237,0.7454464651497291,0.6930918398275289,0.8711741522318499,0.8789591614205929,0.4970584655080708],[0.9697102331461702,0.9692400937547545,0.9697102331461702,0.9568601043909788,0.9568601043909788,1.0,1.0,0.9356216342959853,0.9356216342959853,0.7574074725752371,0.9557399629792301,0.7362810680509362,0.9656165204370716,0.9629163181883205,0.9557599622878306,0.9990737483428879,0.9762187619818063,0.9160432697695368,0.9160432697695368,0.6522840592905615,-0.12413923345460263,0.9430805888068615,0.3615141324594781,-0.31859721103560523,-0.11781141489271127,0.8841702354950569,0.8582017377491341,0.9380881388968071,0.8959062844745859,0.7546344599929594,0.7787561380694237,0.7454464651497291,0.6930918398275289,0.8711741522318499,0.8789591614205929,0.4970584655080708],[0.9111637638944329,0.9119604486166615,0.9111637638944329,0.8942927697244413,0.8942927697244413,0.9356216342959853,0.9356216342959853,1.0,1.0,0.7201069412874004,0.9365795216427184,0.7321857462747944,0.9315322600026141,0.9259696315361606,0.936723990423585,0.9372781494091814,0.9462673976799459,0.9701940233436408,0.9701940233436408,0.6018956534506901,-0.0028541492521676247,0.8589618624734545,0.579963863660931,-0.3449100969415536,0.011496657441029496,0.7964380290943284,0.7552692216831859,0.8843128654038622,0.8567863166851869,0.7690757780471343,0.8842895816342773,0.7894354640755715,0.7121198822647867,0.8086215428768049,0.8625733369597006,0.8161510811572674],[0.9111637638944329,0.9119604486166615,0.9111637638944329,0.8942927697244413,0.8942927697244413,0.9356216342959853,0.9356216342959853,1.0,1.0,0.7201069412874004,0.9365795216427184,0.7321857462747944,0.9315322600026141,0.9259696315361606,0.936723990423585,0.9372781494091814,0.9462673976799459,0.9701940233436408,0.9701940233436408,0.6018956534506901,-0.0028541492521676247,0.8589618624734545,0.579963863660931,-0.3449100969415536,0.011496657441029496,0.7964380290943284,0.7552692216831859,0.8843128654038622,0.8567863166851869,0.7690757780471343,0.8842895816342773,0.7894354640755715,0.7121198822647867,0.8086215428768049,0.8625733369597006,0.8161510811572674],[0.7804191696880205,0.7820262930541415,0.7804191696880205,0.7459588111665718,0.7459588111665718,0.7574074725752371,0.7574074725752371,0.7201069412874004,0.7201069412874004,1.0,0.6173152823644131,0.9999697802540944,0.5242861627261212,0.42179120546912324,0.6195462435239213,0.7527145452032244,0.6808727257337777,0.8047642406696538,0.8047642406696538,0.6901315429888697,-0.09785120614375085,0.7148971098391265,0.035698680930248416,0.049720767095618346,-0.24286571119193942,0.773303452035329,0.4886418615685995,0.7395865039953412,0.8074131106912997,0.6773548522096731,0.3402280278273881,0.5259352085505955,0.5628514875395446,0.7789343168526346,0.6354499394273451,0.16956612400736187],[0.9948246024878482,0.9948179898082825,0.9948246024878482,0.9995957904206648,0.9995957904206648,0.9557399629792301,0.9557399629792301,0.9365795216427184,0.9365795216427184,0.6173152823644131,1.0,0.6171228081608823,0.9917804306732221,0.9900794526531063,0.9999349450958102,0.9540403785585968,0.9942712771789007,0.8942431004275736,0.8942431004275736,0.8512770593879789,-0.040557525046182985,0.9967986272969811,0.9020525670384946,-0.5349716714262058,0.3945221045854165,0.8162328581561393,0.891499531383565,0.935406790411261,0.888343462448888,0.8127707305968791,0.9281940334039016,0.8601702583402377,0.7493330342272327,0.9049371178147007,0.9489108480958134,0.8031504051086712],[0.7299376787402878,0.7318112278911547,0.7299376787402878,0.694203904491428,0.694203904491428,0.7362810680509362,0.7362810680509362,0.7321857462747944,0.7321857462747944,0.9999697802540944,0.6171228081608823,1.0,0.52494562784536,0.4222733791680906,0.6200818263091842,0.7435933726014654,0.6812922568314611,0.799637529119177,0.799637529119177,0.6468249108590013,0.03165552978912044,0.6668198476054032,0.4058378693196696,-0.16450765160078232,-0.23171138298331903,0.8012715217932297,0.39027356183221107,0.7102419678710632,0.7778898731044657,0.6991931893341116,0.5431943014057766,0.6943627078255521,0.679277467199909,0.7325874556159746,0.6177792554980869,0.6493692489648543],[0.9911921886736997,0.9909109417403331,0.9911921886736997,0.9922472391069581,0.9922472391069581,0.9656165204370716,0.9656165204370716,0.9315322600026141,0.9315322600026141,0.5242861627261212,0.9917804306732221,0.52494562784536,1.0,0.99981444465949,0.9916553758041681,0.9616242074077299,0.9895291683250291,0.8729835367631174,0.8729835367631174,0.8297810942412515,-0.021122051078028784,0.9909776995565512,0.916446676238769,-0.6721040288957947,0.46369920624035565,0.7804089220563319,0.9081764741980414,0.9351562101508438,0.866454730558304,0.7502976685191338,0.9288082134006932,0.8302849082259284,0.7132515923383428,0.8853592737963345,0.9557712727993404,0.8267407714775347],[0.9917492312483263,0.9912868074033038,0.9917492312483263,0.9902464187511052,0.9902464187511052,0.9629163181883205,0.9629163181883205,0.9259696315361606,0.9259696315361606,0.42179120546912324,0.9900794526531063,0.4222733791680906,0.99981444465949,1.0,0.9900836163126014,0.9580380462915354,0.9893488467358662,0.8564095400645775,0.8564095400645775,0.8517550261487656,-0.14486015545372805,0.9879673090709818,0.9215518462728035,-0.825261178654585,0.49912661487689314,0.7304613551284667,0.9143802818376592,0.9271771370793777,0.8489112381959706,0.6917256715455713,0.9357213696322774,0.8229242375830846,0.6496012289274244,0.904400595583199,0.9565296520964617,0.8035330487212207],[0.9949294136867428,0.9949247761942918,0.9949294136867428,0.9995444555055943,0.9995444555055943,0.9557599622878306,0.9557599622878306,0.936723990423585,0.936723990423585,0.6195462435239213,0.9999349450958102,0.6200818263091842,0.9916553758041681,0.9900836163126014,1.0,0.9541999659338583,0.9943835705354769,0.8951811515645063,0.8951811515645063,0.8523605701065862,-0.03951670709372519,0.9966293540153376,0.9013904219222648,-0.5321138230842379,0.3937406213134596,0.8170589911553359,0.8897508912789278,0.9349510866063813,0.8892970234026742,0.8139985120339231,0.9275348840039113,0.8615084769802382,0.7510931382227416,0.9050717704852749,0.9489696625219008,0.8034784553896646],[0.9760924347111536,0.975602606076007,0.9760924347111536,0.9587042358443877,0.9587042358443877,0.9990737483428879,0.9990737483428879,0.9372781494091814,0.9372781494091814,0.7527145452032244,0.9540403785585968,0.7435933726014654,0.9616242074077299,0.9580380462915354,0.9541999659338583,1.0,0.9761984860145972,0.9173988373490828,0.9173988373490828,0.7008157063135275,-0.10890290213853986,0.9476832943853333,0.6787766355745832,-0.44834234062005424,-0.15688055771622123,0.8956303165839545,0.8482425117407815,0.9343914972735888,0.9036019111833756,0.7895546224262253,0.8705739737519186,0.7914066262073152,0.750297352595802,0.8920947016796994,0.8758705471211858,0.8065451273253637],[0.9991948369666033,0.9991926758639119,0.9991948369666033,0.9949559243237436,0.9949559243237436,0.9762187619818063,0.9762187619818063,0.9462673976799459,0.9462673976799459,0.6808727257337777,0.9942712771789007,0.6812922568314611,0.9895291683250291,0.9893488467358662,0.9943835705354769,0.9761984860145972,1.0,0.9227723642610032,0.9227723642610032,0.8635296483112606,-0.023032195822180312,0.9878209229358403,0.8732257917198774,-0.515472063732152,0.4071874264151786,0.8630551244981597,0.8782277035029464,0.947413968845677,0.9204729330207359,0.8345094558417079,0.9161751281600155,0.8931666449367838,0.795640904946695,0.9191832354888351,0.9576166273493224,0.8516561587114496],[0.9121878603022087,0.9123071744909259,0.9121878603022087,0.8845936823355637,0.8845936823355637,0.9160432697695368,0.9160432697695368,0.9701940233436408,0.9701940233436408,0.8047642406696538,0.8942431004275736,0.799637529119177,0.8729835367631174,0.8564095400645775,0.8951811515645063,0.9173988373490828,0.9227723642610032,1.0,1.0,0.7503625503935498,-0.05581091713683277,0.8487780454438453,0.5737574690479801,-0.22701923665635007,-0.20184952180273866,0.8339126901170916,0.7084123295781384,0.842919689276315,0.9198442703592881,0.8451723130615048,0.7987240164003205,0.765726209481419,0.7081631997454413,0.8521300263568904,0.7863036668757617,0.8577615878929266],[0.9121878603022087,0.9123071744909259,0.9121878603022087,0.8845936823355637,0.8845936823355637,0.9160432697695368,0.9160432697695368,0.9701940233436408,0.9701940233436408,0.8047642406696538,0.8942431004275736,0.799637529119177,0.8729835367631174,0.8564095400645775,0.8951811515645063,0.9173988373490828,0.9227723642610032,1.0,1.0,0.7503625503935498,-0.05581091713683277,0.8487780454438453,0.5737574690479801,-0.22701923665635007,-0.20184952180273866,0.8339126901170916,0.7084123295781384,0.842919689276315,0.9198442703592881,0.8451723130615048,0.7987240164003205,0.765726209481419,0.7081631997454413,0.8521300263568904,0.7863036668757617,0.8577615878929266],[0.7765785473930712,0.7945219422852934,0.7765785473930712,0.7478550371195507,0.7478550371195507,0.6522840592905615,0.6522840592905615,0.6018956534506901,0.6018956534506901,0.6901315429888697,0.8512770593879789,0.6468249108590013,0.8297810942412515,0.8517550261487656,0.8523605701065862,0.7008157063135275,0.8635296483112606,0.7503625503935498,0.7503625503935498,1.0,0.022921676179305524,0.7088234849872258,-0.33142660768237614,0.2900646975649733,-0.6512740479024834,0.37120449217003876,0.6705040253033764,0.524998575090014,0.8399074999721364,0.7024259785269089,0.15275104265092979,0.3278760568828373,0.571259763154265,0.7859556531989493,0.49537289783931904,-0.12662099082099149],[-0.17135546292514936,0.04076807667139536,-0.17135546292514936,-0.17946321837120005,-0.17946321837120005,-0.12413923345460263,-0.12413923345460263,-0.0028541492521676247,-0.0028541492521676247,-0.09785120614375085,-0.040557525046182985,0.03165552978912044,-0.021122051078028784,-0.14486015545372805,-0.03951670709372519,-0.10890290213853986,-0.023032195822180312,-0.05581091713683277,-0.05581091713683277,0.022921676179305524,1.0,-0.11714586808458986,0.0919181305737429,0.17058468642994504,0.7450046380774937,-0.10370122607025994,-0.07761060389049122,-0.0374887727499725,0.1445293146545187,-0.018781464419083016,0.010846004918832329,0.3049126358162217,0.5574347233977432,-0.14142666171139587,0.08165107397825021,0.14102619500847893],[0.9793314930211922,0.9717420482000134,0.9793314930211922,0.991718497332954,0.991718497332954,0.9430805888068615,0.9430805888068615,0.8589618624734545,0.8589618624734545,0.7148971098391265,0.9967986272969811,0.6668198476054032,0.9909776995565512,0.9879673090709818,0.9966293540153376,0.9476832943853333,0.9878209229358403,0.8487780454438453,0.8487780454438453,0.7088234849872258,-0.11714586808458986,1.0,0.15362409429157645,-0.23403068753507994,-0.2827179970314098,0.6736701354136546,0.9251477955795386,0.904676443596113,0.840833080505389,0.7548915638847686,0.642912924074991,0.6074451919102545,0.5181845347834998,0.9009327259122019,0.6977184631324951,0.223202740142253],[0.21835434053771688,-0.008683971020613964,0.21835434053771688,0.24694742224309502,0.24694742224309502,0.3615141324594781,0.3615141324594781,0.579963863660931,0.579963863660931,0.035698680930248416,0.9020525670384946,0.4058378693196696,0.916446676238769,0.9215518462728035,0.9013904219222648,0.6787766355745832,0.8732257917198774,0.5737574690479801,0.5737574690479801,-0.33142660768237614,0.0919181305737429,0.15362409429157645,1.0,-0.47327427605652944,0.6950378216454316,0.39777115385874884,0.17829328794697513,0.35060311345037953,-0.06169603001698942,0.11362080679971034,0.61711039429826,0.49688211573556695,0.21060327963648046,0.054727471852243116,0.41810879567889997,0.48261741387436097],[-0.14450961828813055,-0.13658990886466296,-0.14450961828813055,-0.18102706862786547,-0.18102706862786547,-0.31859721103560523,-0.31859721103560523,-0.3449100969415536,-0.3449100969415536,0.049720767095618346,-0.5349716714262058,-0.16450765160078232,-0.6721040288957947,-0.825261178654585,-0.5321138230842379,-0.44834234062005424,-0.515472063732152,-0.22701923665635007,-0.22701923665635007,0.2900646975649733,0.17058468642994504,-0.23403068753507994,-0.47327427605652944,1.0,-0.02453297088707487,-0.1885930098605594,-0.23546278108777863,-0.32888164838530287,-0.07030605042751073,-0.10173115681309967,-0.57781258002831,-0.22158260427251042,-0.03717680617987885,-0.08066602284844998,-0.25307600561287374,-0.420681078008725],[-0.2403567773853616,-0.2407591357441334,-0.2403567773853616,-0.23800914595575975,-0.23800914595575975,-0.11781141489271127,-0.11781141489271127,0.011496657441029496,0.011496657441029496,-0.24286571119193942,0.3945221045854165,-0.23171138298331903,0.46369920624035565,0.49912661487689314,0.3937406213134596,-0.15688055771622123,0.4071874264151786,-0.20184952180273866,-0.20184952180273866,-0.6512740479024834,0.7450046380774937,-0.2827179970314098,0.6950378216454316,-0.02453297088707487,1.0,-0.10716441512463419,-0.21409628266770242,-0.06790438971044542,-0.3486246171622822,-0.3262815430234876,0.058947242242425674,0.15572188203496556,0.2603319274176313,-0.3708504534714772,0.10168931663582388,0.08570783185556848],[0.8190530991053708,0.6597543445622773,0.8190530991053708,0.8068572929355465,0.8068572929355465,0.8841702354950569,0.8841702354950569,0.7964380290943284,0.7964380290943284,0.773303452035329,0.8162328581561393,0.8012715217932297,0.7804089220563319,0.7304613551284667,0.8170589911553359,0.8956303165839545,0.8630551244981597,0.8339126901170916,0.8339126901170916,0.37120449217003876,-0.10370122607025994,0.6736701354136546,0.39777115385874884,-0.1885930098605594,-0.10716441512463419,1.0,0.5502720392387354,0.8441593182615906,0.5108159341438818,0.6417938537058143,0.5739640631324604,0.6692853927879303,0.4318624089252217,0.7176634419970445,0.7144617783465264,0.4340418886818264],[0.9035819656691827,0.9034944213914226,0.9035819656691827,0.9207066673874497,0.9207066673874497,0.8582017377491341,0.8582017377491341,0.7552692216831859,0.7552692216831859,0.4886418615685995,0.891499531383565,0.39027356183221107,0.9081764741980414,0.9143802818376592,0.8897508912789278,0.8482425117407815,0.8782277035029464,0.7084123295781384,0.7084123295781384,0.6705040253033764,-0.07761060389049122,0.9251477955795386,0.17829328794697513,-0.23546278108777863,-0.21409628266770242,0.5502720392387354,1.0,0.8037047319729465,0.7481089877005864,0.6555268721995222,0.5743395026534681,0.5112582729845163,0.4840477515932485,0.8233047996764074,0.6537019764645287,0.164421398945975],[0.9216675227130738,0.8994237811017178,0.9216675227130738,0.921107364936119,0.921107364936119,0.9380881388968071,0.9380881388968071,0.8843128654038622,0.8843128654038622,0.7395865039953412,0.935406790411261,0.7102419678710632,0.9351562101508438,0.9271771370793777,0.9349510866063813,0.9343914972735888,0.947413968845677,0.842919689276315,0.842919689276315,0.524998575090014,-0.0374887727499725,0.904676443596113,0.35060311345037953,-0.32888164838530287,-0.06790438971044542,0.8441593182615906,0.8037047319729465,1.0,0.7613915645149765,0.6315463009925584,0.6399694736787866,0.6192093841518493,0.5344537138648329,0.8320175145392034,0.8495893855772761,0.2523843476970504],[0.9170357994021604,0.9124921821103346,0.9170357994021604,0.8968502276365213,0.8968502276365213,0.8959062844745859,0.8959062844745859,0.8567863166851869,0.8567863166851869,0.8074131106912997,0.888343462448888,0.7778898731044657,0.866454730558304,0.8489112381959706,0.8892970234026742,0.9036019111833756,0.9204729330207359,0.9198442703592881,0.9198442703592881,0.8399074999721364,0.1445293146545187,0.840833080505389,-0.06169603001698942,-0.07030605042751073,-0.3486246171622822,0.5108159341438818,0.7481089877005864,0.7613915645149765,1.0,0.9100522501710109,0.5689080331319596,0.6994042499749031,0.6691969134691208,0.8829377936846965,0.5315629972699203,0.3183356990475585],[0.786453625684902,0.7956208138494528,0.786453625684902,0.787197207588593,0.787197207588593,0.7546344599929594,0.7546344599929594,0.7690757780471343,0.7690757780471343,0.6773548522096731,0.8127707305968791,0.6991931893341116,0.7502976685191338,0.6917256715455713,0.8139985120339231,0.7895546224262253,0.8345094558417079,0.8451723130615048,0.8451723130615048,0.7024259785269089,-0.018781464419083016,0.7548915638847686,0.11362080679971034,-0.10173115681309967,-0.3262815430234876,0.6417938537058143,0.6555268721995222,0.6315463009925584,0.9100522501710109,1.0,0.6029434128716022,0.6827786198699245,0.6139605349182441,0.7446931817436702,0.608410139960845,0.4880765159779408],[0.6116421866309304,0.6027313573741837,0.6116421866309304,0.6414938663500059,0.6414938663500059,0.7787561380694237,0.7787561380694237,0.8842895816342773,0.8842895816342773,0.3402280278273881,0.9281940334039016,0.5431943014057766,0.9288082134006932,0.9357213696322774,0.9275348840039113,0.8705739737519186,0.9161751281600155,0.7987240164003205,0.7987240164003205,0.15275104265092979,0.010846004918832329,0.642912924074991,0.61711039429826,-0.57781258002831,0.058947242242425674,0.5739640631324604,0.5743395026534681,0.6399694736787866,0.5689080331319596,0.6029434128716022,1.0,0.7493280097431013,0.38936602035630274,0.5437118386352315,0.6300518882987249,0.7526536973802826],[0.6486864139795748,0.6460209944207043,0.6486864139795748,0.6398840328277169,0.6398840328277169,0.7454464651497291,0.7454464651497291,0.7894354640755715,0.7894354640755715,0.5259352085505955,0.8601702583402377,0.6943627078255521,0.8302849082259284,0.8229242375830846,0.8615084769802382,0.7914066262073152,0.8931666449367838,0.765726209481419,0.765726209481419,0.3278760568828373,0.3049126358162217,0.6074451919102545,0.49688211573556695,-0.22158260427251042,0.15572188203496556,0.6692853927879303,0.5112582729845163,0.6192093841518493,0.6994042499749031,0.6827786198699245,0.7493280097431013,1.0,0.77941595203507,0.5219518493034526,0.7378959519247908,0.561129210278303],[0.6196033686518408,0.6446264560277494,0.6196033686518408,0.586440632176262,0.586440632176262,0.6930918398275289,0.6930918398275289,0.7121198822647867,0.7121198822647867,0.5628514875395446,0.7493330342272327,0.679277467199909,0.7132515923383428,0.6496012289274244,0.7510931382227416,0.750297352595802,0.795640904946695,0.7081631997454413,0.7081631997454413,0.571259763154265,0.5574347233977432,0.5181845347834998,0.21060327963648046,-0.03717680617987885,0.2603319274176313,0.4318624089252217,0.4840477515932485,0.5344537138648329,0.6691969134691208,0.6139605349182441,0.38936602035630274,0.77941595203507,1.0,0.49823877704520875,0.661882377749762,0.21250180925897874],[0.9347554419443495,0.9329191890560891,0.9347554419443495,0.9224911510529247,0.9224911510529247,0.8711741522318499,0.8711741522318499,0.8086215428768049,0.8086215428768049,0.7789343168526346,0.9049371178147007,0.7325874556159746,0.8853592737963345,0.904400595583199,0.9050717704852749,0.8920947016796994,0.9191832354888351,0.8521300263568904,0.8521300263568904,0.7859556531989493,-0.14142666171139587,0.9009327259122019,0.054727471852243116,-0.08066602284844998,-0.3708504534714772,0.7176634419970445,0.8233047996764074,0.8320175145392034,0.8829377936846965,0.7446931817436702,0.5437118386352315,0.5219518493034526,0.49823877704520875,1.0,0.7554741470354515,0.20466274856217448],[0.8515664520425946,0.7172519645666326,0.8515664520425946,0.8424089028517385,0.8424089028517385,0.8789591614205929,0.8789591614205929,0.8625733369597006,0.8625733369597006,0.6354499394273451,0.9489108480958134,0.6177792554980869,0.9557712727993404,0.9565296520964617,0.9489696625219008,0.8758705471211858,0.9576166273493224,0.7863036668757617,0.7863036668757617,0.49537289783931904,0.08165107397825021,0.6977184631324951,0.41810879567889997,-0.25307600561287374,0.10168931663582388,0.7144617783465264,0.6537019764645287,0.8495893855772761,0.5315629972699203,0.608410139960845,0.6300518882987249,0.7378959519247908,0.661882377749762,0.7554741470354515,1.0,0.21893116420823372],[0.22744477532373697,0.22375121570627682,0.22744477532373697,0.24101306838286954,0.24101306838286954,0.4970584655080708,0.4970584655080708,0.8161510811572674,0.8161510811572674,0.16956612400736187,0.8031504051086712,0.6493692489648543,0.8267407714775347,0.8035330487212207,0.8034784553896646,0.8065451273253637,0.8516561587114496,0.8577615878929266,0.8577615878929266,-0.12662099082099149,0.14102619500847893,0.223202740142253,0.48261741387436097,-0.420681078008725,0.08570783185556848,0.4340418886818264,0.164421398945975,0.2523843476970504,0.3183356990475585,0.4880765159779408,0.7526536973802826,0.561129210278303,0.21250180925897874,0.20466274856217448,0.21893116420823372,1.0]],"x":["^TAIEX       \u81fa\u7063\u52a0\u6b0a\u5831\u916c\u6307\u6578","^TWII        \u81fa\u7063\u52a0\u6b0a\u6307\u6578","^TAIEXx2     \u81fa\u7063\u52a0\u6b0a\u5831\u916c\u6307\u6578_\u65e5\u6b632","^TAI50I      \u81fa\u706350\u5831\u916c\u6307\u6578","^TAI50Ix2    \u81fa\u706350\u5831\u916c\u6307\u6578_\u65e5\u6b632","^TAI100I     \u81fa\u7063\u4e2d\u578b100\u5831\u916c\u6307\u6578","^TAI100Ix2   \u81fa\u7063\u4e2d\u578b100\u5831\u916c\u6307\u6578_\u65e5\u6b632","^TAIDIVIDI   \u81fa\u7063\u9ad8\u80a1\u606f\u5831\u916c\u6307\u6578","^TAIDIVIDIx2 \u81fa\u7063\u9ad8\u80a1\u606f\u5831\u916c\u6307\u6578_\u65e5\u6b632","0050Fund     \u5143\u5927\u53f0\u7063\u5353\u8d8a50\u57fa\u91d1","006208Fund   \u5bcc\u90a6\u53f0\u7063\u91c6\u540950\u57fa\u91d1","0050         \u5143\u5927\u81fa\u706350","00631L       \u5143\u5927\u53f0\u706350\u6b632","00675L       \u5bcc\u90a6\u81fa\u7063\u52a0\u6b0a\u6b632","006208       \u5bcc\u90a6\u53f050","0051         \u5143\u5927\u4e2d\u578b100","006204       \u6c38\u8c50\u81fa\u7063\u52a0\u6b0a","0056         \u5143\u5927\u9ad8\u80a1\u606f","0056         \u5143\u5927\u9ad8\u80a1\u606f_\u80a1\u606f\u4e0d\u6295\u5165","2412         \u4e2d\u83ef\u96fb\u4fe1","2002         \u4e2d\u92fc","2330         \u53f0\u7a4d\u96fb","2317         \u9d3b\u6d77","6505         \u53f0\u5851\u77f3\u5316","3481         \u7fa4\u5275","2303         \u806f\u96fb","2308         \u53f0\u9054\u96fb","2454         \u806f\u767c\u79d1","2886         \u5146\u8c50\u91d1","2884         \u7389\u5c71\u91d1","2891         \u4e2d\u4fe1\u91d1","2892         \u7b2c\u4e00\u91d1","5880         \u5408\u5eab\u91d1","2881         \u5bcc\u90a6\u91d1","2885         \u5143\u5927\u91d1","2887         \u53f0\u65b0\u91d1"],"y":["^TAIEX       \u81fa\u7063\u52a0\u6b0a\u5831\u916c\u6307\u6578","^TWII        \u81fa\u7063\u52a0\u6b0a\u6307\u6578","^TAIEXx2     \u81fa\u7063\u52a0\u6b0a\u5831\u916c\u6307\u6578_\u65e5\u6b632","^TAI50I      \u81fa\u706350\u5831\u916c\u6307\u6578","^TAI50Ix2    \u81fa\u706350\u5831\u916c\u6307\u6578_\u65e5\u6b632","^TAI100I     \u81fa\u7063\u4e2d\u578b100\u5831\u916c\u6307\u6578","^TAI100Ix2   \u81fa\u7063\u4e2d\u578b100\u5831\u916c\u6307\u6578_\u65e5\u6b632","^TAIDIVIDI   \u81fa\u7063\u9ad8\u80a1\u606f\u5831\u916c\u6307\u6578","^TAIDIVIDIx2 \u81fa\u7063\u9ad8\u80a1\u606f\u5831\u916c\u6307\u6578_\u65e5\u6b632","0050Fund     \u5143\u5927\u53f0\u7063\u5353\u8d8a50\u57fa\u91d1","006208Fund   \u5bcc\u90a6\u53f0\u7063\u91c6\u540950\u57fa\u91d1","0050         \u5143\u5927\u81fa\u706350","00631L       \u5143\u5927\u53f0\u706350\u6b632","00675L       \u5bcc\u90a6\u81fa\u7063\u52a0\u6b0a\u6b632","006208       \u5bcc\u90a6\u53f050","0051         \u5143\u5927\u4e2d\u578b100","006204       \u6c38\u8c50\u81fa\u7063\u52a0\u6b0a","0056         \u5143\u5927\u9ad8\u80a1\u606f","0056         \u5143\u5927\u9ad8\u80a1\u606f_\u80a1\u606f\u4e0d\u6295\u5165","2412         \u4e2d\u83ef\u96fb\u4fe1","2002         \u4e2d\u92fc","2330         \u53f0\u7a4d\u96fb","2317         \u9d3b\u6d77","6505         \u53f0\u5851\u77f3\u5316","3481         \u7fa4\u5275","2303         \u806f\u96fb","2308         \u53f0\u9054\u96fb","2454         \u806f\u767c\u79d1","2886         \u5146\u8c50\u91d1","2884         \u7389\u5c71\u91d1","2891         \u4e2d\u4fe1\u91d1","2892         \u7b2c\u4e00\u91d1","5880         \u5408\u5eab\u91d1","2881         \u5bcc\u90a6\u91d1","2885         \u5143\u5927\u91d1","2887         \u53f0\u65b0\u91d1"],"zmin":-1,"zmax":1,"colorbar":{"x":-0.2}}],"layout":{"autotypenumbers":"strict","colorway":["#636efa","#EF553B","#00cc96","#ab63fa","#FFA15A","#19d3f3","#FF6692","#B6E880","#FF97FF","#FECB52"],"font":{"color":"#f2f5fa","family":"Courier New"},"hovermode":"closest","hoverlabel":{"align":"left"},"paper_bgcolor":"rgb(17,17,17)","plot_bgcolor":"rgb(17,17,17)","polar":{"bgcolor":"rgb(17,17,17)","angularaxis":{"gridcolor":"#506784","linecolor":"#506784","ticks":""},"radialaxis":{"gridcolor":"#506784","linecolor":"#506784","ticks":""}},"ternary":{"bgcolor":"rgb(17,17,17)","aaxis":{"gridcolor":"#506784","linecolor":"#506784","ticks":""},"baxis":{"gridcolor":"#506784","linecolor":"#506784","ticks":""},"caxis":{"gridcolor":"#506784","linecolor":"#506784","ticks":""}},"coloraxis":{"colorbar":{"outlinewidth":0,"ticks":""}},"colorscale":{"sequential":[[0.0,"#0d0887"],[0.1111111111111111,"#46039f"],[0.2222222222222222,"#7201a8"],[0.3333333333333333,"#9c179e"],[0.4444444444444444,"#bd3786"],[0.5555555555555556,"#d8576b"],[0.6666666666666666,"#ed7953"],[0.7777777777777778,"#fb9f3a"],[0.8888888888888888,"#fdca26"],[1.0,"#f0f921"]],"sequentialminus":[[0.0,"#0d0887"],[0.1111111111111111,"#46039f"],[0.2222222222222222,"#7201a8"],[0.3333333333333333,"#9c179e"],[0.4444444444444444,"#bd3786"],[0.5555555555555556,"#d8576b"],[0.6666666666666666,"#ed7953"],[0.7777777777777778,"#fb9f3a"],[0.8888888888888888,"#fdca26"],[1.0,"#f0f921"]],"diverging":[[0,"#8e0152"],[0.1,"#c51b7d"],[0.2,"#de77ae"],[0.3,"#f1b6da"],[0.4,"#fde0ef"],[0.5,"#f7f7f7"],[0.6,"#e6f5d0"],[0.7,"#b8e186"],[0.8,"#7fbc41"],[0.9,"#4d9221"],[1,"#276419"]]},"xaxis":{"gridcolor":"rgba(0, 0, 0, 0)","linecolor":"#506784","ticks":"","title":{"standoff":15},"zerolinecolor":"#283442","automargin":true,"zerolinewidth":2,"tickfont":{"family":"Courier New","size":14},"side":"top","tickangle":-90},"yaxis":{"gridcolor":"rgba(0, 0, 0, 0)","linecolor":"#506784","ticks":"","title":{"standoff":15},"zerolinecolor":"#283442","automargin":true,"zerolinewidth":2,"tickfont":{"family":"Courier New"},"side":"right"},"scene":{"xaxis":{"backgroundcolor":"rgb(17,17,17)","gridcolor":"#506784","linecolor":"#506784","showbackground":true,"ticks":"","zerolinecolor":"#C8D4E3","gridwidth":2},"yaxis":{"backgroundcolor":"rgb(17,17,17)","gridcolor":"#506784","linecolor":"#506784","showbackground":true,"ticks":"","zerolinecolor":"#C8D4E3","gridwidth":2},"zaxis":{"backgroundcolor":"rgb(17,17,17)","gridcolor":"#506784","linecolor":"#506784","showbackground":true,"ticks":"","zerolinecolor":"#C8D4E3","gridwidth":2}},"shapedefaults":{"line":{"color":"#f2f5fa"}},"annotationdefaults":{"arrowcolor":"#f2f5fa","arrowhead":0,"arrowwidth":1},"geo":{"bgcolor":"rgb(17,17,17)","landcolor":"rgb(17,17,17)","subunitcolor":"#506784","showland":true,"showlakes":true,"lakecolor":"rgb(17,17,17)"},"title":{"x":0.05,"font":{"family":"Times New Roman"},"y":0.05,"text":"<b>Correlation of Close<b><br><i>2016-09-23 ~ 2026-02-11<i>"},"updatemenudefaults":{"bgcolor":"#506784","borderwidth":0},"sliderdefaults":{"bgcolor":"#C8D4E3","borderwidth":1,"bordercolor":"rgb(17,17,17)","tickwidth":0},"mapbox":{"style":"dark"},"annotations":[{"text":"<b>@zwindr<b>","textangle":0,"opacity":0.5,"font":{"color":"white","size":12},"xref":"paper","yref":"paper","xanchor":"left","yanchor":"bottom","x":1.0,"y":1.0,"showarrow":false}]},"config":{"responsive":true,"toImageButtonOptions":{"filename":"Correlation of Close_2016-09-23~2026-02-11","scale":5}}};Plotly.newPlot("correlationClose",correlationClose.data,correlationClose.layout||{},correlationClose.config);}else{console.log("style display is none => correlationClose");}