var config = { responsive: true }

var correlationClose = {"data": [{"type": "heatmap", "z": [[1.0, 0.9999999999999983, 1.0, 0.9956759953576455, 0.9956759953576455, 0.9603105714684602, 0.9603105714684602, 0.894294471783509, 0.894294471783509, 0.9641276059228268, 0.9923775074830435, 0.9919227960844242, 0.9951620662567496, 0.9711623203869101, 0.9988616057773652, 0.9273868564333012, 0.7820492683014131, -0.06936051748238303, 0.9765851720866086, 0.05270395365442429, 0.016020678760569357, -0.25043137376957303, 0.8248032228327463, 0.9507959500767553, 0.901800750763845], [0.9999999999999983, 1.0, 0.9999999999999984, 0.9956176892916484, 0.9956176892916484, 0.959649290712369, 0.959649290712369, 0.8956356556033385, 0.8956356556033385, 0.9644715271349944, 0.9921084113232767, 0.9913167687888387, 0.9951249095284216, 0.9703691315692319, 0.9988643358357376, 0.9280016686098599, 0.8030045605923252, 0.13695407816998706, 0.9673660849691035, -0.10572699380425503, 0.024604461894353207, -0.2506786312149253, 0.6475419642992101, 0.9508996947000912, 0.8729516113669712], [1.0, 0.9999999999999984, 1.0, 0.9956759953576455, 0.9956759953576455, 0.9603105714684602, 0.9603105714684602, 0.894294471783509, 0.894294471783509, 0.9641276059228268, 0.9923775074830435, 0.9919227960844242, 0.9951620662567496, 0.9711623203869101, 0.9988616057773652, 0.9273868564333012, 0.7820492683014131, -0.06936051748238303, 0.9765851720866086, 0.05270395365442429, 0.016020678760569357, -0.25043137376957303, 0.8248032228327463, 0.9507959500767553, 0.901800750763845], [0.9956759953576455, 0.9956176892916484, 0.9956759953576455, 1.0, 1.0, 0.947247186755766, 0.947247186755766, 0.8802644012126827, 0.8802644012126827, 0.9648069617557286, 0.9879359984329857, 0.9836485757143553, 0.9993782274376002, 0.953604762648484, 0.9946937831778067, 0.9096082447355435, 0.7620537377365947, -0.07370927325329958, 0.9882941030667604, 0.07145885742159544, -0.011986808819823948, -0.25429450723177127, 0.8265798249057484, 0.9409631783411924, 0.9066165316630045], [0.9956759953576455, 0.9956176892916484, 0.9956759953576455, 1.0, 1.0, 0.947247186755766, 0.947247186755766, 0.8802644012126827, 0.8802644012126827, 0.9648069617557286, 0.9879359984329857, 0.9836485757143553, 0.9993782274376002, 0.953604762648484, 0.9946937831778067, 0.9096082447355435, 0.7620537377365947, -0.07370927325329958, 0.9882941030667604, 0.07145885742159544, -0.011986808819823948, -0.25429450723177127, 0.8265798249057484, 0.9409631783411924, 0.9066165316630045], [0.9603105714684602, 0.959649290712369, 0.9603105714684602, 0.947247186755766, 0.947247186755766, 1.0, 1.0, 0.9217979387748733, 0.9217979387748733, 0.925259469810486, 0.9766306504151936, 0.975516028412061, 0.9510280979385276, 0.9989585023508055, 0.971708830709522, 0.9193849567858267, 0.6212469565453345, -0.0113168725184163, 0.931631112158794, 0.2379862209795552, -0.1923249114507417, -0.10287133549008814, 0.8963789195986621, 0.9103576048726583, 0.9227756085428537], [0.9603105714684602, 0.959649290712369, 0.9603105714684602, 0.947247186755766, 0.947247186755766, 1.0, 1.0, 0.9217979387748733, 0.9217979387748733, 0.925259469810486, 0.9766306504151936, 0.975516028412061, 0.9510280979385276, 0.9989585023508055, 0.971708830709522, 0.9193849567858267, 0.6212469565453345, -0.0113168725184163, 0.931631112158794, 0.2379862209795552, -0.1923249114507417, -0.10287133549008814, 0.8963789195986621, 0.9103576048726583, 0.9227756085428537], [0.894294471783509, 0.8956356556033385, 0.894294471783509, 0.8802644012126827, 0.8802644012126827, 0.9217979387748733, 0.9217979387748733, 1.0, 1.0, 0.8738787526926429, 0.9465020358011187, 0.9415056309804287, 0.9372536444572117, 0.9226038166424614, 0.9387705229388928, 0.9732290315139828, 0.5547589830081064, 0.11025440502038424, 0.8362219964740497, 0.4921962451437008, -0.2156001401992688, 0.04027779306304327, 0.783931029303243, 0.8002807151572782, 0.8579986867000859], [0.894294471783509, 0.8956356556033385, 0.894294471783509, 0.8802644012126827, 0.8802644012126827, 0.9217979387748733, 0.9217979387748733, 1.0, 1.0, 0.8738787526926429, 0.9465020358011187, 0.9415056309804287, 0.9372536444572117, 0.9226038166424614, 0.9387705229388928, 0.9732290315139828, 0.5547589830081064, 0.11025440502038424, 0.8362219964740497, 0.4921962451437008, -0.2156001401992688, 0.04027779306304327, 0.783931029303243, 0.8002807151572782, 0.8579986867000859], [0.9641276059228268, 0.9644715271349944, 0.9641276059228268, 0.9648069617557286, 0.9648069617557286, 0.925259469810486, 0.925259469810486, 0.8738787526926429, 0.8738787526926429, 1.0, 0.9350205973209581, 0.9155678678706911, 0.949408253419303, 0.9260507592441666, 0.9544043647859565, 0.8947066997661483, 0.7340016653460167, -0.08568318289985774, 0.9511317251535114, 0.48788872166286806, -0.20168991535464031, -0.2634152204223765, 0.8717412248955506, 0.8967018976950992, 0.8746734504481046], [0.9923775074830435, 0.9921084113232767, 0.9923775074830435, 0.9879359984329857, 0.9879359984329857, 0.9766306504151936, 0.9766306504151936, 0.9465020358011187, 0.9465020358011187, 0.9350205973209581, 1.0, 0.9996727144479121, 0.987628367881051, 0.9749264536029443, 0.9893162942770226, 0.9239064656694393, 0.8027782864304912, 0.2239966126289001, 0.9854946407150871, 0.8698234475057932, -0.5946368058187586, 0.4605326151866283, 0.852558063240913, 0.9331631506243752, 0.956340829089781], [0.9919227960844242, 0.9913167687888387, 0.9919227960844242, 0.9836485757143553, 0.9836485757143553, 0.975516028412061, 0.975516028412061, 0.9415056309804287, 0.9415056309804287, 0.9155678678706911, 0.9996727144479121, 1.0, 0.9841528977803331, 0.9726850735231147, 0.9874856403603177, 0.9119743059433144, 0.8209350802949027, 0.1056133281891286, 0.9797063075936812, 0.8791813803141929, -0.8135064812182923, 0.5101396691710172, 0.8113788371608252, 0.9393595949494229, 0.9541017765552122], [0.9951620662567496, 0.9951249095284216, 0.9951620662567496, 0.9993782274376002, 0.9993782274376002, 0.9510280979385276, 0.9510280979385276, 0.9372536444572117, 0.9372536444572117, 0.949408253419303, 0.987628367881051, 0.9841528977803331, 1.0, 0.9517293629519262, 0.9937789983748327, 0.9290962073684528, 0.839361259800554, 0.18738356258593517, 0.99531729222479, 0.8431160781928995, -0.397606555545093, 0.3813708005984603, 0.8722221879151343, 0.9132625501816461, 0.9377837963730942], [0.9711623203869101, 0.9703691315692319, 0.9711623203869101, 0.953604762648484, 0.953604762648484, 0.9989585023508055, 0.9989585023508055, 0.9226038166424614, 0.9226038166424614, 0.9260507592441666, 0.9749264536029443, 0.9726850735231147, 0.9517293629519262, 1.0, 0.9734862421292277, 0.9189764684709305, 0.6702088292385445, 0.00816833532464711, 0.9432569162178857, 0.565113271722508, -0.32661499653423, -0.15697905067737672, 0.9094609391159428, 0.9238868094890371, 0.9181930064734163], [0.9988616057773652, 0.9988643358357376, 0.9988616057773652, 0.9946937831778067, 0.9946937831778067, 0.971708830709522, 0.971708830709522, 0.9387705229388928, 0.9387705229388928, 0.9544043647859565, 0.9893162942770226, 0.9874856403603177, 0.9937789983748327, 0.9734862421292277, 1.0, 0.943690034945815, 0.8446156377224125, 0.18378818359814952, 0.986749234815617, 0.8126210862160151, -0.38337384390337365, 0.3924485605193929, 0.9038082120218163, 0.9310832141038361, 0.9427759881096688], [0.9273868564333012, 0.9280016686098599, 0.9273868564333012, 0.9096082447355435, 0.9096082447355435, 0.9193849567858267, 0.9193849567858267, 0.9732290315139828, 0.9732290315139828, 0.8947066997661483, 0.9239064656694393, 0.9119743059433144, 0.9290962073684528, 0.9189764684709305, 0.943690034945815, 1.0, 0.7251369415357984, 0.02479779698245473, 0.8725868238196887, 0.5017101107539069, -0.1150665850567543, -0.1989518698046901, 0.8215218209208389, 0.8407200620674733, 0.8280509849808705], [0.7820492683014131, 0.8030045605923252, 0.7820492683014131, 0.7620537377365947, 0.7620537377365947, 0.6212469565453345, 0.6212469565453345, 0.5547589830081064, 0.5547589830081064, 0.7340016653460167, 0.8027782864304912, 0.8209350802949027, 0.839361259800554, 0.6702088292385445, 0.8446156377224125, 0.7251369415357984, 1.0, 0.06500449301210334, 0.7248039357283915, -0.4442625041508017, 0.4025039277050863, -0.6623824289761291, 0.3289158256062717, 0.8040613898704029, 0.4768729242478242], [-0.06936051748238303, 0.13695407816998706, -0.06936051748238303, -0.07370927325329958, -0.07370927325329958, -0.0113168725184163, -0.0113168725184163, 0.11025440502038424, 0.11025440502038424, -0.08568318289985774, 0.2239966126289001, 0.1056133281891286, 0.18738356258593517, 0.00816833532464711, 0.18378818359814952, 0.02479779698245473, 0.06500449301210334, 1.0, -0.03917697616113313, 0.13890698443636554, 0.10921636023477804, 0.7528040459964869, -0.07426924777525695, 0.053675518841692214, 0.044694346000742145], [0.9765851720866086, 0.9673660849691035, 0.9765851720866086, 0.9882941030667604, 0.9882941030667604, 0.931631112158794, 0.931631112158794, 0.8362219964740497, 0.8362219964740497, 0.9511317251535114, 0.9854946407150871, 0.9797063075936812, 0.99531729222479, 0.9432569162178857, 0.986749234815617, 0.8725868238196887, 0.7248039357283915, -0.03917697616113313, 1.0, -0.018917404399979805, -0.07626507734415458, -0.3152876752524723, 0.6891266541915514, 0.9217084035454821, 0.8896586307887827], [0.05270395365442429, -0.10572699380425503, 0.05270395365442429, 0.07145885742159544, 0.07145885742159544, 0.2379862209795552, 0.2379862209795552, 0.4921962451437008, 0.4921962451437008, 0.48788872166286806, 0.8698234475057932, 0.8791813803141929, 0.8431160781928995, 0.565113271722508, 0.8126210862160151, 0.5017101107539069, -0.4442625041508017, 0.13890698443636554, -0.018917404399979805, 1.0, -0.4199277097560529, 0.7818845903163426, 0.3590760862508198, -0.0700142599230101, 0.2447309469626036], [0.016020678760569357, 0.024604461894353207, 0.016020678760569357, -0.011986808819823948, -0.011986808819823948, -0.1923249114507417, -0.1923249114507417, -0.2156001401992688, -0.2156001401992688, -0.20168991535464031, -0.5946368058187586, -0.8135064812182923, -0.397606555545093, -0.32661499653423, -0.38337384390337365, -0.1150665850567543, 0.4025039277050863, 0.10921636023477804, -0.07626507734415458, -0.4199277097560529, 1.0, -0.053287745743172, -0.12072291975303641, -0.01652249264513578, -0.2261495434592578], [-0.25043137376957303, -0.2506786312149253, -0.25043137376957303, -0.25429450723177127, -0.25429450723177127, -0.10287133549008814, -0.10287133549008814, 0.04027779306304327, 0.04027779306304327, -0.2634152204223765, 0.4605326151866283, 0.5101396691710172, 0.3813708005984603, -0.15697905067737672, 0.3924485605193929, -0.1989518698046901, -0.6623824289761291, 0.7528040459964869, -0.3152876752524723, 0.7818845903163426, -0.053287745743172, 1.0, -0.09670969451818204, -0.3029149397422214, -0.04582710702542116], [0.8248032228327463, 0.6475419642992101, 0.8248032228327463, 0.8265798249057484, 0.8265798249057484, 0.8963789195986621, 0.8963789195986621, 0.783931029303243, 0.783931029303243, 0.8717412248955506, 0.852558063240913, 0.8113788371608252, 0.8722221879151343, 0.9094609391159428, 0.9038082120218163, 0.8215218209208389, 0.3289158256062717, -0.07426924777525695, 0.6891266541915514, 0.3590760862508198, -0.12072291975303641, -0.09670969451818204, 1.0, 0.615567654693768, 0.8460699818558094], [0.9507959500767553, 0.9508996947000912, 0.9507959500767553, 0.9409631783411924, 0.9409631783411924, 0.9103576048726583, 0.9103576048726583, 0.8002807151572782, 0.8002807151572782, 0.8967018976950992, 0.9331631506243752, 0.9393595949494229, 0.9132625501816461, 0.9238868094890371, 0.9310832141038361, 0.8407200620674733, 0.8040613898704029, 0.053675518841692214, 0.9217084035454821, -0.0700142599230101, -0.01652249264513578, -0.3029149397422214, 0.615567654693768, 1.0, 0.8244926209059006], [0.901800750763845, 0.8729516113669712, 0.901800750763845, 0.9066165316630045, 0.9066165316630045, 0.9227756085428537, 0.9227756085428537, 0.8579986867000859, 0.8579986867000859, 0.8746734504481046, 0.956340829089781, 0.9541017765552122, 0.9377837963730942, 0.9181930064734163, 0.9427759881096688, 0.8280509849808705, 0.4768729242478242, 0.044694346000742145, 0.8896586307887827, 0.2447309469626036, -0.2261495434592578, -0.04582710702542116, 0.8460699818558094, 0.8244926209059006, 1.0]], "x": ["^TAIEX       \u81fa\u7063\u52a0\u6b0a\u5831\u916c\u6307\u6578", "^TWII        \u81fa\u7063\u52a0\u6b0a\u6307\u6578", "^TAIEXx2     \u81fa\u7063\u52a0\u6b0a\u5831\u916c\u6307\u6578_\u65e5\u6b632", "^TAI50I      \u81fa\u706350\u5831\u916c\u6307\u6578", "^TAI50Ix2    \u81fa\u706350\u5831\u916c\u6307\u6578_\u65e5\u6b632", "^TAI100I     \u81fa\u7063\u4e2d\u578b100\u5831\u916c\u6307\u6578", "^TAI100Ix2   \u81fa\u7063\u4e2d\u578b100\u5831\u916c\u6307\u6578_\u65e5\u6b632", "^TAIDIVIDI   \u81fa\u7063\u9ad8\u80a1\u606f\u5831\u916c\u6307\u6578", "^TAIDIVIDIx2 \u81fa\u7063\u9ad8\u80a1\u606f\u5831\u916c\u6307\u6578_\u65e5\u6b632", "0050         \u5143\u5927\u81fa\u706350", "00631L       \u5143\u5927\u53f0\u706350\u6b632", "00675L       \u5bcc\u90a6\u81fa\u7063\u52a0\u6b0a\u6b632", "006208       \u5bcc\u90a6\u53f050", "0051         \u5143\u5927\u4e2d\u578b100", "006204       \u6c38\u8c50\u81fa\u7063\u52a0\u6b0a", "0056         \u5143\u5927\u9ad8\u80a1\u606f", "2412         \u4e2d\u83ef\u96fb\u4fe1", "2002         \u4e2d\u92fc", "2330         \u53f0\u7a4d\u96fb", "2317         \u9d3b\u6d77", "6505         \u53f0\u5851\u77f3\u5316", "3481         \u7fa4\u5275", "2303         \u806f\u96fb", "2308         \u53f0\u9054\u96fb", "2454         \u806f\u767c\u79d1"], "y": ["^TAIEX       \u81fa\u7063\u52a0\u6b0a\u5831\u916c\u6307\u6578", "^TWII        \u81fa\u7063\u52a0\u6b0a\u6307\u6578", "^TAIEXx2     \u81fa\u7063\u52a0\u6b0a\u5831\u916c\u6307\u6578_\u65e5\u6b632", "^TAI50I      \u81fa\u706350\u5831\u916c\u6307\u6578", "^TAI50Ix2    \u81fa\u706350\u5831\u916c\u6307\u6578_\u65e5\u6b632", "^TAI100I     \u81fa\u7063\u4e2d\u578b100\u5831\u916c\u6307\u6578", "^TAI100Ix2   \u81fa\u7063\u4e2d\u578b100\u5831\u916c\u6307\u6578_\u65e5\u6b632", "^TAIDIVIDI   \u81fa\u7063\u9ad8\u80a1\u606f\u5831\u916c\u6307\u6578", "^TAIDIVIDIx2 \u81fa\u7063\u9ad8\u80a1\u606f\u5831\u916c\u6307\u6578_\u65e5\u6b632", "0050         \u5143\u5927\u81fa\u706350", "00631L       \u5143\u5927\u53f0\u706350\u6b632", "00675L       \u5bcc\u90a6\u81fa\u7063\u52a0\u6b0a\u6b632", "006208       \u5bcc\u90a6\u53f050", "0051         \u5143\u5927\u4e2d\u578b100", "006204       \u6c38\u8c50\u81fa\u7063\u52a0\u6b0a", "0056         \u5143\u5927\u9ad8\u80a1\u606f", "2412         \u4e2d\u83ef\u96fb\u4fe1", "2002         \u4e2d\u92fc", "2330         \u53f0\u7a4d\u96fb", "2317         \u9d3b\u6d77", "6505         \u53f0\u5851\u77f3\u5316", "3481         \u7fa4\u5275", "2303         \u806f\u96fb", "2308         \u53f0\u9054\u96fb", "2454         \u806f\u767c\u79d1"], "zmin": -1, "zmax": 1, "colorbar": {"x": -0.2}}], "layout": {"autotypenumbers": "strict", "colorway": ["#636efa", "#EF553B", "#00cc96", "#ab63fa", "#FFA15A", "#19d3f3", "#FF6692", "#B6E880", "#FF97FF", "#FECB52"], "font": {"color": "#f2f5fa", "family": "Courier New"}, "hovermode": "closest", "hoverlabel": {"align": "left"}, "paper_bgcolor": "rgb(17,17,17)", "plot_bgcolor": "rgb(17,17,17)", "polar": {"bgcolor": "rgb(17,17,17)", "angularaxis": {"gridcolor": "#506784", "linecolor": "#506784", "ticks": ""}, "radialaxis": {"gridcolor": "#506784", "linecolor": "#506784", "ticks": ""}}, "ternary": {"bgcolor": "rgb(17,17,17)", "aaxis": {"gridcolor": "#506784", "linecolor": "#506784", "ticks": ""}, "baxis": {"gridcolor": "#506784", "linecolor": "#506784", "ticks": ""}, "caxis": {"gridcolor": "#506784", "linecolor": "#506784", "ticks": ""}}, "coloraxis": {"colorbar": {"outlinewidth": 0, "ticks": ""}}, "colorscale": {"sequential": [[0.0, "#0d0887"], [0.1111111111111111, "#46039f"], [0.2222222222222222, "#7201a8"], [0.3333333333333333, "#9c179e"], [0.4444444444444444, "#bd3786"], [0.5555555555555556, "#d8576b"], [0.6666666666666666, "#ed7953"], [0.7777777777777778, "#fb9f3a"], [0.8888888888888888, "#fdca26"], [1.0, "#f0f921"]], "sequentialminus": [[0.0, "#0d0887"], [0.1111111111111111, "#46039f"], [0.2222222222222222, "#7201a8"], [0.3333333333333333, "#9c179e"], [0.4444444444444444, "#bd3786"], [0.5555555555555556, "#d8576b"], [0.6666666666666666, "#ed7953"], [0.7777777777777778, "#fb9f3a"], [0.8888888888888888, "#fdca26"], [1.0, "#f0f921"]], "diverging": [[0, "#8e0152"], [0.1, "#c51b7d"], [0.2, "#de77ae"], [0.3, "#f1b6da"], [0.4, "#fde0ef"], [0.5, "#f7f7f7"], [0.6, "#e6f5d0"], [0.7, "#b8e186"], [0.8, "#7fbc41"], [0.9, "#4d9221"], [1, "#276419"]]}, "xaxis": {"gridcolor": "rgba(0, 0, 0, 0)", "linecolor": "#506784", "ticks": "", "title": {"standoff": 15}, "zerolinecolor": "#283442", "automargin": true, "zerolinewidth": 2, "tickfont": {"family": "Courier New", "size": 14}, "side": "top", "tickangle": -90}, "yaxis": {"gridcolor": "rgba(0, 0, 0, 0)", "linecolor": "#506784", "ticks": "", "title": {"standoff": 15}, "zerolinecolor": "#283442", "automargin": true, "zerolinewidth": 2, "tickfont": {"family": "Courier New"}, "side": "right"}, "scene": {"xaxis": {"backgroundcolor": "rgb(17,17,17)", "gridcolor": "#506784", "linecolor": "#506784", "showbackground": true, "ticks": "", "zerolinecolor": "#C8D4E3", "gridwidth": 2}, "yaxis": {"backgroundcolor": "rgb(17,17,17)", "gridcolor": "#506784", "linecolor": "#506784", "showbackground": true, "ticks": "", "zerolinecolor": "#C8D4E3", "gridwidth": 2}, "zaxis": {"backgroundcolor": "rgb(17,17,17)", "gridcolor": "#506784", "linecolor": "#506784", "showbackground": true, "ticks": "", "zerolinecolor": "#C8D4E3", "gridwidth": 2}}, "shapedefaults": {"line": {"color": "#f2f5fa"}}, "annotationdefaults": {"arrowcolor": "#f2f5fa", "arrowhead": 0, "arrowwidth": 1}, "geo": {"bgcolor": "rgb(17,17,17)", "landcolor": "rgb(17,17,17)", "subunitcolor": "#506784", "showland": true, "showlakes": true, "lakecolor": "rgb(17,17,17)"}, "title": {"x": 0.05, "font": {"family": "Times New Roman"}, "y": 0.05, "text": "<b>Correlation of Close<b><br><i>2016/09/23 ~ 2025/07/08<i>"}, "updatemenudefaults": {"bgcolor": "#506784", "borderwidth": 0}, "sliderdefaults": {"bgcolor": "#C8D4E3", "borderwidth": 1, "bordercolor": "rgb(17,17,17)", "tickwidth": 0}, "mapbox": {"style": "dark"}, "height": 600}};

Plotly.newPlot("correlationClose",
    correlationClose.data,
    correlationClose.layout || {},
    config);