var config = { responsive: true }

var correlationAdjClose = {"data": [{"type": "heatmap", "z": [[1.0, 0.9936573305571031, 0.9758613507672868, 0.9978013142068538, 0.9644116261686747, 0.9805166354134869, -0.9395920880400184, 0.9894828542749398, 0.9680934785336663, 0.9966349979346733, 0.9929228621073557, 0.9938533077448102, 0.9972507534126749, 0.9780250915622812, 0.9995601148144162, 0.9865977795997277, 0.9128982365691335, 0.7570635495539323, 0.9857352820884239, 0.9237534458565335, 0.47928338759780903, -0.2937105119793148, 0.8986573174778605, 0.9734875028601794, 0.951480929797556], [0.9936573305571031, 1.0, 0.9712241488686602, 0.9912631274809262, 0.9602019165776167, 0.9756265364293721, -0.9347247527057075, 0.9797637868871953, 0.9608568637808428, 0.9938690650755088, 0.9918706347064518, 0.9911080620075114, 0.995232240434691, 0.9728235234013977, 0.9963576245053635, 0.9825960843211557, 0.9015399030879302, 0.764150803865354, 0.9666516422732183, 0.9018040616367966, 0.4765097117515949, -0.21698227307342124, 0.8708344006447303, 0.9608146543670839, 0.9516781384171171], [0.9758613507672868, 0.9712241488686602, 1.0, 0.9817270870769873, 0.996312343248215, 0.9788165100879005, -0.974953130806945, 0.9690788708412384, 0.983099643390618, 0.9856848192671098, 0.9973773857204137, 0.9972922902158822, 0.9885232249451694, 0.9771993639575226, 0.9875989022172068, 0.9755351078246328, 0.8154104977530267, 0.6486036642423928, 0.9895216577794554, 0.912371664490853, 0.31359996281946306, -0.21164108552645514, 0.9070244976287438, 0.9397485970725012, 0.9776247159793076], [0.9978013142068538, 0.9912631274809262, 0.9817270870769873, 1.0, 0.9754379606321487, 0.972826023793522, -0.9342223323035768, 0.984037476700011, 0.9653929535624197, 0.9992654196703104, 0.9919164527843395, 0.9904421778977609, 0.9999027766691612, 0.9679875163122298, 0.9960551727865554, 0.981502177639707, 0.8985833923506228, 0.7295123650452212, 0.9931931422692838, 0.9254616603103579, 0.45883212286245134, -0.28617403839781064, 0.8982188782392324, 0.9674013604018937, 0.9574860126525404], [0.9644116261686747, 0.9602019165776167, 0.996312343248215, 0.9754379606321487, 1.0, 0.9590605392770614, -0.9567996896671523, 0.9548006358317588, 0.9712003780168829, 0.9820011782962652, 0.9881076369039985, 0.984577912278045, 0.984929077900759, 0.9566161824535698, 0.9763098620632371, 0.9614050367900705, 0.7954112022529957, 0.6164980859481454, 0.9886407309655586, 0.9093558994647112, 0.29373620881466783, -0.20583031576624267, 0.8908139905700198, 0.9248171631669241, 0.9756049860967388], [0.9805166354134869, 0.9756265364293721, 0.9788165100879005, 0.972826023793522, 0.9590605392770614, 1.0, -0.9797293040828602, 0.9794741256631188, 0.9789008064714098, 0.9719165653268488, 0.97616681454864, 0.9740970337340595, 0.9685567483797743, 0.9988776507756473, 0.9859675024151382, 0.9857915793880206, 0.8522955195347105, 0.7231999523679571, 0.967190629738635, 0.8911668552953368, 0.34122060693592, -0.20078680000403049, 0.9355857147609374, 0.955755142105755, 0.9578772563798402], [-0.9395920880400184, -0.9347247527057075, -0.974953130806945, -0.9342223323035768, -0.9567996896671523, -0.9797293040828602, 1.0, -0.9489814793188812, -0.9825524544925287, -0.9418214685612739, -0.9729430164845053, -0.9749295551303384, -0.9472601550421265, -0.9860245377500299, -0.9634024203129873, -0.9648759630207612, -0.7607852401100942, -0.6200216073887257, -0.9405567625277128, -0.8779244448798765, -0.19553954230081227, 0.1298086113344551, -0.9029884672722334, -0.9097611120247007, -0.9552636852385332], [0.9894828542749398, 0.9797637868871953, 0.9690788708412384, 0.984037476700011, 0.9548006358317588, 0.9794741256631188, -0.9489814793188812, 1.0, 0.981492313056584, 0.9809456572030186, 0.9745543854846865, 0.9734761018163651, 0.9794262195468888, 0.9755184661015522, 0.9870041565059527, 0.9964163378736843, 0.9207725861878567, 0.6939403047019109, 0.9740072769656717, 0.8972008404857118, 0.34630133098211385, -0.3005883563674748, 0.9037189606574301, 0.9544356456937849, 0.9338642442617744], [0.9680934785336663, 0.9608568637808428, 0.983099643390618, 0.9653929535624197, 0.9712003780168829, 0.9789008064714098, -0.9825524544925287, 0.981492313056584, 1.0, 0.9645556258387671, 0.9713110633669845, 0.9682319973034708, 0.9615543234561587, 0.9771078645652074, 0.9686626581855743, 0.9870992319298619, 0.8441562843534106, 0.6196168199769124, 0.9659866680586595, 0.9051420376264016, 0.20143601545899814, -0.21396117746087287, 0.8852180348886495, 0.9290996427146343, 0.9572084019950126], [0.9966349979346733, 0.9938690650755088, 0.9856848192671098, 0.9992654196703104, 0.9820011782962652, 0.9719165653268488, -0.9418214685612739, 0.9809456572030186, 0.9645556258387671, 1.0, 0.9908880210382145, 0.9890385340438748, 0.9998392964825716, 0.9689381178718177, 0.9953176680368591, 0.981621662840837, 0.9112289564341445, 0.7052520387344205, 0.9955359018096451, 0.9189952768234604, 0.2828168413926273, -0.21174009016688555, 0.9301789654813765, 0.9568866678860029, 0.9555707073843626], [0.9929228621073557, 0.9918706347064518, 0.9973773857204137, 0.9919164527843395, 0.9881076369039985, 0.97616681454864, -0.9729430164845053, 0.9745543854846865, 0.9713110633669845, 0.9908880210382145, 1.0, 0.9996615869255658, 0.9916881619462815, 0.9771908334857231, 0.993255151852304, 0.9760444763263855, 0.905897079124265, 0.6057499947428587, 0.9874666797440557, 0.889990346543136, -0.2675663775895668, 0.5910478110391594, 0.9081352133048579, 0.9525578484287556, 0.9763450215544294], [0.9938533077448102, 0.9911080620075114, 0.9972922902158822, 0.9904421778977609, 0.984577912278045, 0.9740970337340595, -0.9749295551303384, 0.9734761018163651, 0.9682319973034708, 0.9890385340438748, 0.9996615869255658, 1.0, 0.9902209212498324, 0.9752239733491854, 0.9939498834172739, 0.9752154461894663, 0.9145581372844046, 0.4949993005470005, 0.9826977085395342, 0.8765383258804037, -0.6845521717127585, 0.603357054353704, 0.8814204937641235, 0.9493113824492054, 0.9757676589788304], [0.9972507534126749, 0.995232240434691, 0.9885232249451694, 0.9999027766691612, 0.984929077900759, 0.9685567483797743, -0.9472601550421265, 0.9794262195468888, 0.9615543234561587, 0.9998392964825716, 0.9916881619462815, 0.9902209212498324, 1.0, 0.969263833830097, 0.9956324487727217, 0.9804294738113409, 0.928709270498542, 0.6663252981934935, 0.9970331115794926, 0.8988090438409431, 0.032365921219231375, 0.5357365462627469, 0.9196893157643788, 0.9492078437312733, 0.9636708370402274], [0.9780250915622812, 0.9728235234013977, 0.9771993639575226, 0.9679875163122298, 0.9566161824535698, 0.9988776507756473, -0.9860245377500299, 0.9755184661015522, 0.9771078645652074, 0.9689381178718177, 0.9771908334857231, 0.9752239733491854, 0.969263833830097, 1.0, 0.9861055032302438, 0.9835301775700765, 0.8663185573698153, 0.7250765821257368, 0.9625895039431688, 0.8805943921952479, 0.20035491946298004, -0.13089763528808682, 0.9446616686568295, 0.9507615678613903, 0.9568956220511728], [0.9995601148144162, 0.9963576245053635, 0.9875989022172068, 0.9960551727865554, 0.9763098620632371, 0.9859675024151382, -0.9634024203129873, 0.9870041565059527, 0.9686626581855743, 0.9953176680368591, 0.993255151852304, 0.9939498834172739, 0.9956324487727217, 0.9861055032302438, 1.0, 0.9873280997932026, 0.9355722872485388, 0.7033453771599413, 0.9895409156767219, 0.89553517462066, 0.07776835974014311, 0.5489719181898117, 0.9374208668217175, 0.9593369394851584, 0.9625062181407291], [0.9865977795997277, 0.9825960843211557, 0.9755351078246328, 0.981502177639707, 0.9614050367900705, 0.9857915793880206, -0.9648759630207612, 0.9964163378736843, 0.9870992319298619, 0.981621662840837, 0.9760444763263855, 0.9752154461894663, 0.9804294738113409, 0.9835301775700765, 0.9873280997932026, 1.0, 0.9033687788013693, 0.6952031625130669, 0.973367011386818, 0.8968094422800487, 0.27832689359974644, -0.20212121258611515, 0.9152345822372148, 0.9442737628560799, 0.9449873458906886], [0.9128982365691335, 0.9015399030879302, 0.8154104977530267, 0.8985833923506228, 0.7954112022529957, 0.8522955195347105, -0.7607852401100942, 0.9207725861878567, 0.8441562843534106, 0.9112289564341445, 0.905897079124265, 0.9145581372844046, 0.928709270498542, 0.8663185573698153, 0.9355722872485388, 0.9033687788013693, 1.0, 0.8579833093026846, 0.8470417822327818, 0.8731848201346906, 0.7273597958021629, -0.540811959601179, 0.6733188573775675, 0.9104931829563317, 0.7876335158202948], [0.7570635495539323, 0.764150803865354, 0.6486036642423928, 0.7295123650452212, 0.6164980859481454, 0.7231999523679571, -0.6200216073887257, 0.6939403047019109, 0.6196168199769124, 0.7052520387344205, 0.6057499947428587, 0.4949993005470005, 0.6663252981934935, 0.7250765821257368, 0.7033453771599413, 0.6952031625130669, 0.8579833093026846, 1.0, 0.6502996184139794, 0.7556535408558676, 0.7327628736800103, -0.12108187284420621, 0.5389899331292276, 0.7686696862045489, 0.6526631664140348], [0.9857352820884239, 0.9666516422732183, 0.9895216577794554, 0.9931931422692838, 0.9886407309655586, 0.967190629738635, -0.9405567625277128, 0.9740072769656717, 0.9659866680586595, 0.9955359018096451, 0.9874666797440557, 0.9826977085395342, 0.9970331115794926, 0.9625895039431688, 0.9895409156767219, 0.973367011386818, 0.8470417822327818, 0.6502996184139794, 1.0, 0.8968635689192956, 0.38717831303328737, -0.27992967193655444, 0.8863059392881802, 0.9496285155080492, 0.9671855690755586], [0.9237534458565335, 0.9018040616367966, 0.912371664490853, 0.9254616603103579, 0.9093558994647112, 0.8911668552953368, -0.8779244448798765, 0.8972008404857118, 0.9051420376264016, 0.9189952768234604, 0.889990346543136, 0.8765383258804037, 0.8988090438409431, 0.8805943921952479, 0.89553517462066, 0.8968094422800487, 0.8731848201346906, 0.7556535408558676, 0.8968635689192956, 1.0, 0.43554566877758794, -0.18756708588892007, 0.6961784847319401, 0.9192611294412533, 0.881309242014232], [0.47928338759780903, 0.4765097117515949, 0.31359996281946306, 0.45883212286245134, 0.29373620881466783, 0.34122060693592, -0.19553954230081227, 0.34630133098211385, 0.20143601545899814, 0.2828168413926273, -0.2675663775895668, -0.6845521717127585, 0.032365921219231375, 0.20035491946298004, 0.07776835974014311, 0.27832689359974644, 0.7273597958021629, 0.7327628736800103, 0.38717831303328737, 0.43554566877758794, 1.0, -0.4195858333693457, 0.31355685719042303, 0.46375866622118767, 0.2560671107975859], [-0.2937105119793148, -0.21698227307342124, -0.21164108552645514, -0.28617403839781064, -0.20583031576624267, -0.20078680000403049, 0.1298086113344551, -0.3005883563674748, -0.21396117746087287, -0.21174009016688555, 0.5910478110391594, 0.603357054353704, 0.5357365462627469, -0.13089763528808682, 0.5489719181898117, -0.20212121258611515, -0.540811959601179, -0.12108187284420621, -0.27992967193655444, -0.18756708588892007, -0.4195858333693457, 1.0, -0.14007915463729956, -0.3241312974617522, -0.1584162659448432], [0.8986573174778605, 0.8708344006447303, 0.9070244976287438, 0.8982188782392324, 0.8908139905700198, 0.9355857147609374, -0.9029884672722334, 0.9037189606574301, 0.8852180348886495, 0.9301789654813765, 0.9081352133048579, 0.8814204937641235, 0.9196893157643788, 0.9446616686568295, 0.9374208668217175, 0.9152345822372148, 0.6733188573775675, 0.5389899331292276, 0.8863059392881802, 0.6961784847319401, 0.31355685719042303, -0.14007915463729956, 1.0, 0.832162580138713, 0.8843879889264339], [0.9734875028601794, 0.9608146543670839, 0.9397485970725012, 0.9674013604018937, 0.9248171631669241, 0.955755142105755, -0.9097611120247007, 0.9544356456937849, 0.9290996427146343, 0.9568866678860029, 0.9525578484287556, 0.9493113824492054, 0.9492078437312733, 0.9507615678613903, 0.9593369394851584, 0.9442737628560799, 0.9104931829563317, 0.7686696862045489, 0.9496285155080492, 0.9192611294412533, 0.46375866622118767, -0.3241312974617522, 0.832162580138713, 1.0, 0.9278414440338097], [0.951480929797556, 0.9516781384171171, 0.9776247159793076, 0.9574860126525404, 0.9756049860967388, 0.9578772563798402, -0.9552636852385332, 0.9338642442617744, 0.9572084019950126, 0.9555707073843626, 0.9763450215544294, 0.9757676589788304, 0.9636708370402274, 0.9568956220511728, 0.9625062181407291, 0.9449873458906886, 0.7876335158202948, 0.6526631664140348, 0.9671855690755586, 0.881309242014232, 0.2560671107975859, -0.1584162659448432, 0.8843879889264339, 0.9278414440338097, 1.0]], "x": ["^TAIEX       \u81fa\u7063\u52a0\u6b0a\u5831\u916c\u6307\u6578", "^TWII        \u81fa\u7063\u52a0\u6b0a\u6307\u6578", "^TAIEXx2     \u81fa\u7063\u52a0\u6b0a\u5831\u916c\u6307\u6578_\u65e5\u6b632", "^TAI50I      \u81fa\u706350\u5831\u916c\u6307\u6578", "^TAI50Ix2    \u81fa\u706350\u5831\u916c\u6307\u6578_\u65e5\u6b632", "^TAI100I     \u81fa\u7063\u4e2d\u578b100\u5831\u916c\u6307\u6578", "^TAI100Ix2   \u81fa\u7063\u4e2d\u578b100\u5831\u916c\u6307\u6578_\u65e5\u6b632", "^TAIDIVIDI   \u81fa\u7063\u9ad8\u80a1\u606f\u5831\u916c\u6307\u6578", "^TAIDIVIDIx2 \u81fa\u7063\u9ad8\u80a1\u606f\u5831\u916c\u6307\u6578_\u65e5\u6b632", "0050         \u5143\u5927\u81fa\u706350", "00631L       \u5143\u5927\u53f0\u706350\u6b632", "00675L       \u5bcc\u90a6\u81fa\u7063\u52a0\u6b0a\u6b632", "006208       \u5bcc\u90a6\u53f050", "0051         \u5143\u5927\u4e2d\u578b100", "006204       \u6c38\u8c50\u81fa\u7063\u52a0\u6b0a", "0056         \u5143\u5927\u9ad8\u80a1\u606f", "2412         \u4e2d\u83ef\u96fb\u4fe1", "2002         \u4e2d\u92fc", "2330         \u53f0\u7a4d\u96fb", "2317         \u9d3b\u6d77", "6505         \u53f0\u5851\u77f3\u5316", "3481         \u7fa4\u5275", "2303         \u806f\u96fb", "2308         \u53f0\u9054\u96fb", "2454         \u806f\u767c\u79d1"], "y": ["^TAIEX       \u81fa\u7063\u52a0\u6b0a\u5831\u916c\u6307\u6578", "^TWII        \u81fa\u7063\u52a0\u6b0a\u6307\u6578", "^TAIEXx2     \u81fa\u7063\u52a0\u6b0a\u5831\u916c\u6307\u6578_\u65e5\u6b632", "^TAI50I      \u81fa\u706350\u5831\u916c\u6307\u6578", "^TAI50Ix2    \u81fa\u706350\u5831\u916c\u6307\u6578_\u65e5\u6b632", "^TAI100I     \u81fa\u7063\u4e2d\u578b100\u5831\u916c\u6307\u6578", "^TAI100Ix2   \u81fa\u7063\u4e2d\u578b100\u5831\u916c\u6307\u6578_\u65e5\u6b632", "^TAIDIVIDI   \u81fa\u7063\u9ad8\u80a1\u606f\u5831\u916c\u6307\u6578", "^TAIDIVIDIx2 \u81fa\u7063\u9ad8\u80a1\u606f\u5831\u916c\u6307\u6578_\u65e5\u6b632", "0050         \u5143\u5927\u81fa\u706350", "00631L       \u5143\u5927\u53f0\u706350\u6b632", "00675L       \u5bcc\u90a6\u81fa\u7063\u52a0\u6b0a\u6b632", "006208       \u5bcc\u90a6\u53f050", "0051         \u5143\u5927\u4e2d\u578b100", "006204       \u6c38\u8c50\u81fa\u7063\u52a0\u6b0a", "0056         \u5143\u5927\u9ad8\u80a1\u606f", "2412         \u4e2d\u83ef\u96fb\u4fe1", "2002         \u4e2d\u92fc", "2330         \u53f0\u7a4d\u96fb", "2317         \u9d3b\u6d77", "6505         \u53f0\u5851\u77f3\u5316", "3481         \u7fa4\u5275", "2303         \u806f\u96fb", "2308         \u53f0\u9054\u96fb", "2454         \u806f\u767c\u79d1"], "zmin": -1, "zmax": 1, "colorbar": {"x": -0.2}}], "layout": {"autotypenumbers": "strict", "colorway": ["#636efa", "#EF553B", "#00cc96", "#ab63fa", "#FFA15A", "#19d3f3", "#FF6692", "#B6E880", "#FF97FF", "#FECB52"], "font": {"color": "#f2f5fa", "family": "Courier New"}, "hovermode": "closest", "hoverlabel": {"align": "left"}, "paper_bgcolor": "rgb(17,17,17)", "plot_bgcolor": "rgb(17,17,17)", "polar": {"bgcolor": "rgb(17,17,17)", "angularaxis": {"gridcolor": "#506784", "linecolor": "#506784", "ticks": ""}, "radialaxis": {"gridcolor": "#506784", "linecolor": "#506784", "ticks": ""}}, "ternary": {"bgcolor": "rgb(17,17,17)", "aaxis": {"gridcolor": "#506784", "linecolor": "#506784", "ticks": ""}, "baxis": {"gridcolor": "#506784", "linecolor": "#506784", "ticks": ""}, "caxis": {"gridcolor": "#506784", "linecolor": "#506784", "ticks": ""}}, "coloraxis": {"colorbar": {"outlinewidth": 0, "ticks": ""}}, "colorscale": {"sequential": [[0.0, "#0d0887"], [0.1111111111111111, "#46039f"], [0.2222222222222222, "#7201a8"], [0.3333333333333333, "#9c179e"], [0.4444444444444444, "#bd3786"], [0.5555555555555556, "#d8576b"], [0.6666666666666666, "#ed7953"], [0.7777777777777778, "#fb9f3a"], [0.8888888888888888, "#fdca26"], [1.0, "#f0f921"]], "sequentialminus": [[0.0, "#0d0887"], [0.1111111111111111, "#46039f"], [0.2222222222222222, "#7201a8"], [0.3333333333333333, "#9c179e"], [0.4444444444444444, "#bd3786"], [0.5555555555555556, "#d8576b"], [0.6666666666666666, "#ed7953"], [0.7777777777777778, "#fb9f3a"], [0.8888888888888888, "#fdca26"], [1.0, "#f0f921"]], "diverging": [[0, "#8e0152"], [0.1, "#c51b7d"], [0.2, "#de77ae"], [0.3, "#f1b6da"], [0.4, "#fde0ef"], [0.5, "#f7f7f7"], [0.6, "#e6f5d0"], [0.7, "#b8e186"], [0.8, "#7fbc41"], [0.9, "#4d9221"], [1, "#276419"]]}, "xaxis": {"gridcolor": "rgba(0, 0, 0, 0)", "linecolor": "#506784", "ticks": "", "title": {"standoff": 15}, "zerolinecolor": "#283442", "automargin": true, "zerolinewidth": 2, "tickfont": {"family": "Courier New", "size": 14}, "side": "top", "tickangle": -90}, "yaxis": {"gridcolor": "rgba(0, 0, 0, 0)", "linecolor": "#506784", "ticks": "", "title": {"standoff": 15}, "zerolinecolor": "#283442", "automargin": true, "zerolinewidth": 2, "tickfont": {"family": "Courier New"}, "side": "right"}, "scene": {"xaxis": {"backgroundcolor": "rgb(17,17,17)", "gridcolor": "#506784", "linecolor": "#506784", "showbackground": true, "ticks": "", "zerolinecolor": "#C8D4E3", "gridwidth": 2}, "yaxis": {"backgroundcolor": "rgb(17,17,17)", "gridcolor": "#506784", "linecolor": "#506784", "showbackground": true, "ticks": "", "zerolinecolor": "#C8D4E3", "gridwidth": 2}, "zaxis": {"backgroundcolor": "rgb(17,17,17)", "gridcolor": "#506784", "linecolor": "#506784", "showbackground": true, "ticks": "", "zerolinecolor": "#C8D4E3", "gridwidth": 2}}, "shapedefaults": {"line": {"color": "#f2f5fa"}}, "annotationdefaults": {"arrowcolor": "#f2f5fa", "arrowhead": 0, "arrowwidth": 1}, "geo": {"bgcolor": "rgb(17,17,17)", "landcolor": "rgb(17,17,17)", "subunitcolor": "#506784", "showland": true, "showlakes": true, "lakecolor": "rgb(17,17,17)"}, "title": {"x": 0.05, "font": {"family": "Times New Roman"}, "y": 0.05, "text": "<b>Correlation of Adj Close <b><br><i>2016/09/23 ~ 2025/06/04<i>"}, "updatemenudefaults": {"bgcolor": "#506784", "borderwidth": 0}, "sliderdefaults": {"bgcolor": "#C8D4E3", "borderwidth": 1, "bordercolor": "rgb(17,17,17)", "tickwidth": 0}, "mapbox": {"style": "dark"}, "height": 600}};

Plotly.newPlot("correlationAdjClose",
    correlationAdjClose.data,
    correlationAdjClose.layout || {},
    config);