var element=document.getElementById("correlationAdjClose");if(element.style.display!='none'){var correlationAdjClose={"data":[{"type":"heatmap","z":[[1.0,0.9952617876480387,0.9741906091591703,0.9969061963720685,0.9526620504008441,0.984539629596706,0.9556071957767377,0.9881301965439534,0.9758676309333513,0.9970606434784729,0.9965309148257953,0.9969988134536586,0.9927387885613295,0.9938457869277837,0.9966072562221514,0.9858753706391491,0.9997297977793332,0.9878686715317018,0.8965955875462196,0.9170010497498551,0.676599228238046,0.9844861126140512,0.936957191297844,0.3486110164963232,-0.2948694310904236,0.8993278928707298,0.9252873782155246,0.9616448470953455,0.9751218290064755,0.9644585038461103,0.9798669315959345,0.9694457871133091,0.9382739565477992,0.9834046627124561,0.9762354465281525,0.9571538690717536],[0.9952617876480387,1.0,0.9709077505585334,0.9919685577919248,0.9491573243772259,0.9808265611593495,0.951891074870193,0.9805931670482474,0.9702701711707467,0.9932179022990247,0.9949846574625486,0.9945433095773658,0.9919947732034625,0.9921051469019587,0.9950333334343835,0.9811410314998026,0.9974534579269986,0.9826115233611605,0.916273511719632,0.907278821771797,0.6986153196069516,0.9698370439076632,0.9209039375569179,0.34793332269378247,-0.2279695877496207,0.87856863459123,0.920323166757173,0.9610371207064332,0.9565673635408617,0.952751567042584,0.971532575329427,0.9561971465270122,0.9374792010070007,0.9743659353936761,0.9680245322956973,0.9523014748404939],[0.9741906091591703,0.9709077505585334,1.0,0.9844529820382794,0.9941485386941993,0.9704259194440803,0.9779422115567182,0.9550776836484653,0.9753789447062751,0.9841807305097569,0.9908262064733495,0.9875579689761537,0.9971029526659284,0.9968979726158079,0.9905617613822586,0.9677881030020027,0.9845398201782656,0.9544890831836625,0.8519009793371461,0.8174350397344353,0.5404926255604446,0.9924352286547045,0.9359076220286517,0.17596508795612872,-0.218197923472574,0.877618331849901,0.945660127862086,0.9679771707615615,0.9116662431111653,0.9041348312656357,0.9674354504959481,0.906284607101934,0.879131941847681,0.962331060597221,0.9712956582742328,0.9149260938886998],[0.9969061963720685,0.9919685577919248,0.9844529820382794,1.0,0.9703712326653972,0.9758880195029489,0.953325367280412,0.9785269710199164,0.9717748385037365,0.9999719138960828,0.9999924059626155,0.9999646600750085,0.993854228918139,0.9927210123381993,0.9999533584891448,0.9744837706502548,0.9957713763385326,0.9779023830903336,0.877930634267595,0.8973779964122346,0.6360650484225672,0.9940785669425597,0.9418339429546694,0.3141635649959841,-0.28287991591120054,0.8894828209416459,0.9387846610757209,0.9642236651805363,0.9608513715843593,0.9567759382677962,0.9820287107195234,0.9552052993276837,0.9206998680780532,0.9798543164687744,0.9743618228308061,0.9455335366756302],[0.9526620504008441,0.9491573243772259,0.9941485386941993,0.9703712326653972,1.0,0.9405709905031137,0.9557223242711357,0.925386000340617,0.951596441863679,0.970478222316571,0.9798893798160515,0.9759248430874458,0.983141705995282,0.9806048169876966,0.9794253087354112,0.9364519317213051,0.9639150825919777,0.9244131540787555,0.8134737957800682,0.7819988101947711,0.48634308461663706,0.9857747811855647,0.9281057324400526,0.13911048757796177,-0.20546581950731535,0.8396317245854713,0.9535374967013818,0.9495976496637313,0.876016288081525,0.8758576475804198,0.9528016851535802,0.8709784865803013,0.8365728589768615,0.9406302344687671,0.9499240268239905,0.880076077959379],[0.984539629596706,0.9808265611593495,0.9704259194440803,0.9758880195029489,0.9405709905031137,1.0,0.9831979770973899,0.9829304568841565,0.9835367658373229,0.9753783570748842,0.969821337410377,0.9733819079582303,0.971875710631731,0.9693516915923369,0.9698135938308731,0.9999042915123943,0.9872374761660156,0.9837890182159983,0.9011372248389293,0.8725451720766696,0.6462701641403907,0.9670663659390685,0.9092208725788722,0.2280715522012118,-0.21958186152483036,0.9322586513346455,0.8974150550585451,0.965954813591101,0.9593835106555268,0.936302011803775,0.9596083575986595,0.9551963468850351,0.9509635357849374,0.9648449131575433,0.9802753654910458,0.959575684043299],[0.9556071957767377,0.951891074870193,0.9779422115567182,0.953325367280412,0.9557223242711357,0.9831979770973899,1.0,0.9548864950799342,0.9849361912975731,0.9520702252832385,0.9614824746597852,0.9583084196814128,0.9773896592029175,0.9776427233260018,0.9612683722725133,0.9843967271848463,0.9730240249377714,0.9572067776169209,0.8645324361149008,0.7926229379461854,0.5352469245466035,0.956766019539446,0.9123382513134051,0.08900233500516018,-0.15952272878412585,0.8935920777154805,0.8993706169854268,0.9616278001582454,0.903576270826733,0.8746787556315538,0.942194575486302,0.8979661456737783,0.9014397510284937,0.9397490528008645,0.9709109657649547,0.9161720608229232],[0.9881301965439534,0.9805931670482474,0.9550776836484653,0.9785269710199164,0.925386000340617,0.9829304568841565,0.9548864950799342,1.0,0.9841409568555666,0.9785268252967406,0.9734859179988444,0.9773512725970548,0.9659477401770618,0.9647364179793224,0.9736857098217263,0.9847281019096497,0.9856552695405245,0.9998867621980281,0.9281622715776515,0.9304572120616419,0.6160561803577536,0.9648633791644924,0.9023421810105657,0.20439946275431556,-0.3086197825370671,0.9086502637533674,0.8711092252911118,0.9469216093263589,0.9794629377833104,0.9585575063515671,0.9680271062421348,0.9669658566505946,0.9380314157726273,0.9646606131740071,0.9615086934645479,0.9690447283405584],[0.9758676309333513,0.9702701711707467,0.9753789447062751,0.9717748385037365,0.951596441863679,0.9835367658373229,0.9849361912975731,0.9841409568555666,1.0,0.9710906120808452,0.9669767092317945,0.9698437066332382,0.9699607527991144,0.9664122597776992,0.9669080132736785,0.9826366086237258,0.975390659878345,0.9835142681596158,0.9024551642695982,0.8645592450160238,0.5331406429540188,0.9684280721578591,0.9210785253894271,0.06443970095774425,-0.23186413789277563,0.8867101674108239,0.8810964909490562,0.9665428790402204,0.9385331041458775,0.9088630944012794,0.9635512301426542,0.9251508188401781,0.9043611203283408,0.9558595625209392,0.9746523845683197,0.9313786201556998],[0.9970606434784729,0.9932179022990247,0.9841807305097569,0.9999719138960828,0.970478222316571,0.9753783570748842,0.9520702252832385,0.9785268252967406,0.9710906120808452,1.0,0.9999910696916714,0.9999833581624934,0.9937611352244707,0.9926097749572242,0.9999576852202539,0.9739822934439704,0.9956610609312886,0.9779948749562258,0.8796861140281755,0.8986492625822816,0.6325560314752151,0.9942699897834121,0.9418095369680946,0.31912677200391215,-0.2823621208360776,0.8900247729426181,0.9371369879995394,0.9628616879971762,0.9605945823667429,0.9559818653107793,0.981181212973845,0.9546233428204319,0.9193905596017776,0.9791438569106772,0.9733844634695893,0.9441580022740373],[0.9965309148257953,0.9949846574625486,0.9908262064733495,0.9999924059626155,0.9798893798160515,0.969821337410377,0.9614824746597852,0.9734859179988444,0.9669767092317945,0.9999910696916714,1.0,0.9999749323271121,0.9938793228562492,0.9927217455449331,0.9999601412743986,0.9694199867844336,0.9954522938668043,0.9740067778139782,0.8996090095131807,0.9268677884533432,0.5011466695996727,0.9973469664949385,0.9291357033711207,-0.1638960399300325,0.38704770112566245,0.8854768236815519,0.9106368278844791,0.9639812578443295,0.9507185602243436,0.9393974443500839,0.9738715695394563,0.9343561976088693,0.8951177452596124,0.9708028124169437,0.9818526893298268,0.9400093627743884],[0.9969988134536586,0.9945433095773658,0.9875579689761537,0.9999646600750085,0.9759248430874458,0.9733819079582303,0.9583084196814128,0.9773512725970548,0.9698437066332382,0.9999833581624934,0.9999749323271121,1.0,0.9937537587218527,0.9925811543684053,0.9999683596406442,0.973098882625449,0.9955695542428741,0.9773770428543559,0.8870205081459369,0.9155625337308528,0.5700984662690672,0.9963658899919581,0.939209872366797,0.048938061201307025,-0.18601771761803648,0.9012177946724432,0.9241299426300984,0.9584182446449778,0.9541730215743656,0.9467551847470992,0.978135299907035,0.9451830352133698,0.9136701041805516,0.9758418370221046,0.9732311217500301,0.9474494652803545],[0.9927387885613295,0.9919947732034625,0.9971029526659284,0.993854228918139,0.983141705995282,0.971875710631731,0.9773896592029175,0.9659477401770618,0.9699607527991144,0.9937611352244707,0.9938793228562492,0.9937537587218527,1.0,0.9997880672366086,0.9938380413475689,0.9713538767193483,0.9928685821930496,0.9663820941393262,0.886667429728711,0.9144201762831922,0.4198060477202776,0.9903853528190936,0.9263196980245563,-0.42415039473914634,0.40154827495697915,0.8647558642467094,0.913159901704928,0.9647200511938391,0.9314941625135932,0.9084499528856814,0.9599980680674243,0.910759823516933,0.8606555654754566,0.9673686999391629,0.978120087231715,0.9319023711139955],[0.9938457869277837,0.9921051469019587,0.9968979726158079,0.9927210123381993,0.9806048169876966,0.9693516915923369,0.9776427233260018,0.9647364179793224,0.9664122597776992,0.9926097749572242,0.9927217455449331,0.9925811543684053,0.9997880672366086,1.0,0.992798581088655,0.968709594770394,0.9937890220084312,0.9653210391986097,0.87059857226681,0.9245768672927385,0.27470863190185846,0.9870844370262444,0.920722392846346,-0.754245924508374,0.3716670734712249,0.8320190733285358,0.9116327307931265,0.9601890442176735,0.9248484103382635,0.898675383463597,0.9544843760380048,0.9122186481379545,0.8384538301662002,0.9676581032709491,0.9764767785563269,0.9273331983223867],[0.9966072562221514,0.9950333334343835,0.9905617613822586,0.9999533584891448,0.9794253087354112,0.9698135938308731,0.9612683722725133,0.9736857098217263,0.9669080132736785,0.9999576852202539,0.9999601412743986,0.9999683596406442,0.9938380413475689,0.992798581088655,1.0,0.9694628144639192,0.9955196328075492,0.9741121909172787,0.8999061418792137,0.9273868620406596,0.5012682841062408,0.9971638878924323,0.9292453293647095,-0.16190912198614357,0.3891254773185657,0.8856797329907896,0.9098599496667149,0.9635165944191766,0.9508715440234067,0.9397327892350503,0.9738712741041318,0.9348428504476799,0.8955059359841779,0.9707225904556954,0.9818453459215505,0.9406014828850913],[0.9858753706391491,0.9811410314998026,0.9677881030020027,0.9744837706502548,0.9364519317213051,0.9999042915123943,0.9843967271848463,0.9847281019096497,0.9826366086237258,0.9739822934439704,0.9694199867844336,0.973098882625449,0.9713538767193483,0.968709594770394,0.9694628144639192,1.0,0.9871964223947801,0.9840315448117134,0.9041109934741255,0.8964365462474758,0.6322486007031622,0.9644159206631968,0.9037779347411308,0.08043221382182367,-0.19671904632848886,0.9391471922105215,0.8855791161793541,0.9632079135806191,0.9627785895191762,0.9338083584458343,0.9562295776932309,0.9564809158313898,0.9498686013070841,0.9667819636744392,0.9794506406908321,0.9635956278687468],[0.9997297977793332,0.9974534579269986,0.9845398201782656,0.9957713763385326,0.9639150825919777,0.9872374761660156,0.9730240249377714,0.9856552695405245,0.975390659878345,0.9956610609312886,0.9954522938668043,0.9955695542428741,0.9928685821930496,0.9937890220084312,0.9955196328075492,0.9871964223947801,1.0,0.9861198526836435,0.920381509986778,0.9379956685969252,0.5620952912445598,0.9882818365399791,0.9205210237666376,-0.10332301696209449,0.4165736574373204,0.9158381502030862,0.8983894947713387,0.9674388747906081,0.9689056245602558,0.9491312206825067,0.9718390263304245,0.9542202190234719,0.9274166526312704,0.9771651674558027,0.9875223734289557,0.9634538452835226],[0.9878686715317018,0.9826115233611605,0.9544890831836625,0.9779023830903336,0.9244131540787555,0.9837890182159983,0.9572067776169209,0.9998867621980281,0.9835142681596158,0.9779948749562258,0.9740067778139782,0.9773770428543559,0.9663820941393262,0.9653210391986097,0.9741121909172787,0.9840315448117134,0.9861198526836435,1.0,0.9310507218935223,0.936636291122165,0.6130075290989169,0.9631813558151217,0.9059415722586271,0.16759331355122603,-0.2888580329109962,0.9133913447306896,0.8663850025609486,0.9468665887180802,0.9799580597934786,0.9580308750508006,0.9663580649953964,0.9657320518588107,0.9377162975353737,0.963846999886413,0.9595702856528584,0.9701297256034942],[0.8965955875462196,0.916273511719632,0.8519009793371461,0.877930634267595,0.8134737957800682,0.9011372248389293,0.8645324361149008,0.9281622715776515,0.9024551642695982,0.8796861140281755,0.8996090095131807,0.8870205081459369,0.886667429728711,0.87059857226681,0.8999061418792137,0.9041109934741255,0.920381509986778,0.9310507218935223,1.0,0.8315414616606249,0.6888234048766566,0.8489308840476141,0.8058356710796437,0.2511396259007863,-0.16479896077436765,0.860157532419475,0.7394729915193394,0.857287670512067,0.8942278903984752,0.861307305275264,0.8531368968272302,0.8737610163499641,0.8602260951135103,0.8554728584461517,0.8734287677741438,0.8966201528853376],[0.9170010497498551,0.907278821771797,0.8174350397344353,0.8973779964122346,0.7819988101947711,0.8725451720766696,0.7926229379461854,0.9304572120616419,0.8645592450160238,0.8986492625822816,0.9268677884533432,0.9155625337308528,0.9144201762831922,0.9245768672927385,0.9273868620406596,0.8964365462474758,0.9379956685969252,0.936636291122165,0.8315414616606249,1.0,0.8208896162817055,0.8470122108302051,0.8659964518815022,0.6256485509269758,-0.5222022232181991,0.721982030474726,0.8158160645724816,0.8163402473289978,0.9601205327976001,0.9387743526238391,0.8958568520850292,0.9478722584229953,0.9024577991063095,0.8998630857015184,0.8510240519694606,0.8878176986342731],[0.676599228238046,0.6986153196069516,0.5404926255604446,0.6360650484225672,0.48634308461663706,0.6462701641403907,0.5352469245466035,0.6160561803577536,0.5331406429540188,0.6325560314752151,0.5011466695996727,0.5700984662690672,0.4198060477202776,0.27470863190185846,0.5012682841062408,0.6322486007031622,0.5620952912445598,0.6130075290989169,0.6888234048766566,0.8208896162817055,1.0,0.5672297119570822,0.6763865844682554,0.723868384315343,-0.11599524559410107,0.5320913731537071,0.5691173123759242,0.5989629057251009,0.7655039044847944,0.6938843180294896,0.606332374175648,0.7292639677464821,0.7482641663017456,0.6498547154112432,0.6170413533628798,0.6705839282776839],[0.9844861126140512,0.9698370439076632,0.9924352286547045,0.9940785669425597,0.9857747811855647,0.9670663659390685,0.956766019539446,0.9648633791644924,0.9684280721578591,0.9942699897834121,0.9973469664949385,0.9963658899919581,0.9903853528190936,0.9870844370262444,0.9971638878924323,0.9644159206631968,0.9882818365399791,0.9631813558151217,0.8489308840476141,0.8470122108302051,0.5672297119570822,1.0,0.9207084143357018,0.24138138031224385,-0.2730020623352116,0.8708713125722554,0.9450487848696614,0.9667020244888913,0.9263144921215533,0.9359002154974978,0.9739672270842905,0.929851027320267,0.8910119179987909,0.9683551366256496,0.9601850140100893,0.9244879960023108],[0.936957191297844,0.9209039375569179,0.9359076220286517,0.9418339429546694,0.9281057324400526,0.9092208725788722,0.9123382513134051,0.9023421810105657,0.9210785253894271,0.9418095369680946,0.9291357033711207,0.939209872366797,0.9263196980245563,0.920722392846346,0.9292453293647095,0.9037779347411308,0.9205210237666376,0.9059415722586271,0.8058356710796437,0.8659964518815022,0.6763865844682554,0.9207084143357018,1.0,0.28194825870554985,-0.18844053559938714,0.7234436741011214,0.9126507262781721,0.903129439497248,0.8983267040405161,0.8613063872981406,0.9386912966395435,0.8736529790669569,0.840681421359461,0.933253482655717,0.8910961309536116,0.8626238735500624],[0.3486110164963232,0.34793332269378247,0.17596508795612872,0.3141635649959841,0.13911048757796177,0.2280715522012118,0.08900233500516018,0.20439946275431556,0.06443970095774425,0.31912677200391215,-0.1638960399300325,0.048938061201307025,-0.42415039473914634,-0.754245924508374,-0.16190912198614357,0.08043221382182367,-0.10332301696209449,0.16759331355122603,0.2511396259007863,0.6256485509269758,0.723868384315343,0.24138138031224385,0.28194825870554985,1.0,-0.3793898692439799,0.2553413314732817,0.22097537567189515,0.1623064733473852,0.45125953407490504,0.4424764727140015,0.2844849461769429,0.4656124389587482,0.39540119231500137,0.314663282022013,0.23730355022174912,0.35707987694347143],[-0.2948694310904236,-0.2279695877496207,-0.218197923472574,-0.28287991591120054,-0.20546581950731535,-0.21958186152483036,-0.15952272878412585,-0.3086197825370671,-0.23186413789277563,-0.2823621208360776,0.38704770112566245,-0.18601771761803648,0.40154827495697915,0.3716670734712249,0.3891254773185657,-0.19671904632848886,0.4165736574373204,-0.2888580329109962,-0.16479896077436765,-0.5222022232181991,-0.11599524559410107,-0.2730020623352116,-0.18844053559938714,-0.3793898692439799,1.0,-0.15795700608502414,-0.25994251500186927,-0.18354514665119953,-0.3850534184027513,-0.3736143811093085,-0.3121724271151018,-0.3434421123650897,-0.21083724689756764,-0.3394094250891898,-0.1841555567038386,-0.31486500153897806],[0.8993278928707298,0.87856863459123,0.877618331849901,0.8894828209416459,0.8396317245854713,0.9322586513346455,0.8935920777154805,0.9086502637533674,0.8867101674108239,0.8900247729426181,0.8854768236815519,0.9012177946724432,0.8647558642467094,0.8320190733285358,0.8856797329907896,0.9391471922105215,0.9158381502030862,0.9133913447306896,0.860157532419475,0.721982030474726,0.5320913731537071,0.8708713125722554,0.7234436741011214,0.2553413314732817,-0.15795700608502414,1.0,0.7655250474971822,0.8888880516972864,0.826479961619254,0.8692294112134725,0.8327733532407049,0.8766945564000137,0.8715439743852968,0.8637319442302789,0.8707841019940263,0.902105171834705],[0.9252873782155246,0.920323166757173,0.945660127862086,0.9387846610757209,0.9535374967013818,0.8974150550585451,0.8993706169854268,0.8711092252911118,0.8810964909490562,0.9371369879995394,0.9106368278844791,0.9241299426300984,0.913159901704928,0.9116327307931265,0.9098599496667149,0.8855791161793541,0.8983894947713387,0.8663850025609486,0.7394729915193394,0.8158160645724816,0.5691173123759242,0.9450487848696614,0.9126507262781721,0.22097537567189515,-0.25994251500186927,0.7655250474971822,1.0,0.8878992885443027,0.870718509232294,0.8629719659266809,0.9163042103424768,0.8592910395832588,0.8206402254625927,0.9126599185786163,0.8984544343482227,0.8566447551074504],[0.9616448470953455,0.9610371207064332,0.9679771707615615,0.9642236651805363,0.9495976496637313,0.965954813591101,0.9616278001582454,0.9469216093263589,0.9665428790402204,0.9628616879971762,0.9639812578443295,0.9584182446449778,0.9647200511938391,0.9601890442176735,0.9635165944191766,0.9632079135806191,0.9674388747906081,0.9468665887180802,0.857287670512067,0.8163402473289978,0.5989629057251009,0.9667020244888913,0.903129439497248,0.1623064733473852,-0.18354514665119953,0.8888880516972864,0.8878992885443027,1.0,0.9130130656337965,0.8981293023973802,0.9473483508036087,0.8979078111007996,0.8892018491359632,0.9531959914236613,0.9745822105703968,0.8982396552529526],[0.9751218290064755,0.9565673635408617,0.9116662431111653,0.9608513715843593,0.876016288081525,0.9593835106555268,0.903576270826733,0.9794629377833104,0.9385331041458775,0.9605945823667429,0.9507185602243436,0.9541730215743656,0.9314941625135932,0.9248484103382635,0.9508715440234067,0.9627785895191762,0.9689056245602558,0.9799580597934786,0.8942278903984752,0.9601205327976001,0.7655039044847944,0.9263144921215533,0.8983267040405161,0.45125953407490504,-0.3850534184027513,0.826479961619254,0.870718509232294,0.9130130656337965,1.0,0.9867446894768404,0.9589156702377728,0.9908312151064168,0.9543533813594509,0.959161582419443,0.916005130068493,0.9688836920423012],[0.9644585038461103,0.952751567042584,0.9041348312656357,0.9567759382677962,0.8758576475804198,0.936302011803775,0.8746787556315538,0.9585575063515671,0.9088630944012794,0.9559818653107793,0.9393974443500839,0.9467551847470992,0.9084499528856814,0.898675383463597,0.9397327892350503,0.9338083584458343,0.9491312206825067,0.9580308750508006,0.861307305275264,0.9387743526238391,0.6938843180294896,0.9359002154974978,0.8613063872981406,0.4424764727140015,-0.3736143811093085,0.8692294112134725,0.8629719659266809,0.8981293023973802,0.9867446894768404,1.0,0.950455767283695,0.9847787502210049,0.9565564097524022,0.9417026401870522,0.9258190430935781,0.9650482404260936],[0.9798669315959345,0.971532575329427,0.9674354504959481,0.9820287107195234,0.9528016851535802,0.9596083575986595,0.942194575486302,0.9680271062421348,0.9635512301426542,0.981181212973845,0.9738715695394563,0.978135299907035,0.9599980680674243,0.9544843760380048,0.9738712741041318,0.9562295776932309,0.9718390263304245,0.9663580649953964,0.8531368968272302,0.8958568520850292,0.606332374175648,0.9739672270842905,0.9386912966395435,0.2844849461769429,-0.3121724271151018,0.8327733532407049,0.9163042103424768,0.9473483508036087,0.9589156702377728,0.950455767283695,1.0,0.9502525508231804,0.9094689813538656,0.9789958248480135,0.9651150645298423,0.9446819203347926],[0.9694457871133091,0.9561971465270122,0.906284607101934,0.9552052993276837,0.8709784865803013,0.9551963468850351,0.8979661456737783,0.9669658566505946,0.9251508188401781,0.9546233428204319,0.9343561976088693,0.9451830352133698,0.910759823516933,0.9122186481379545,0.9348428504476799,0.9564809158313898,0.9542202190234719,0.9657320518588107,0.8737610163499641,0.9478722584229953,0.7292639677464821,0.929851027320267,0.8736529790669569,0.4656124389587482,-0.3434421123650897,0.8766945564000137,0.8592910395832588,0.8979078111007996,0.9908312151064168,0.9847787502210049,0.9502525508231804,1.0,0.9743373010280467,0.9469623834708278,0.9387969311980742,0.965432965534837],[0.9382739565477992,0.9374792010070007,0.879131941847681,0.9206998680780532,0.8365728589768615,0.9509635357849374,0.9014397510284937,0.9380314157726273,0.9043611203283408,0.9193905596017776,0.8951177452596124,0.9136701041805516,0.8606555654754566,0.8384538301662002,0.8955059359841779,0.9498686013070841,0.9274166526312704,0.9377162975353737,0.8602260951135103,0.9024577991063095,0.7482641663017456,0.8910119179987909,0.840681421359461,0.39540119231500137,-0.21083724689756764,0.8715439743852968,0.8206402254625927,0.8892018491359632,0.9543533813594509,0.9565564097524022,0.9094689813538656,0.9743373010280467,1.0,0.9069132132031522,0.9269047303230483,0.9540857914557421],[0.9834046627124561,0.9743659353936761,0.962331060597221,0.9798543164687744,0.9406302344687671,0.9648449131575433,0.9397490528008645,0.9646606131740071,0.9558595625209392,0.9791438569106772,0.9708028124169437,0.9758418370221046,0.9673686999391629,0.9676581032709491,0.9707225904556954,0.9667819636744392,0.9771651674558027,0.963846999886413,0.8554728584461517,0.8998630857015184,0.6498547154112432,0.9683551366256496,0.933253482655717,0.314663282022013,-0.3394094250891898,0.8637319442302789,0.9126599185786163,0.9531959914236613,0.959161582419443,0.9417026401870522,0.9789958248480135,0.9469623834708278,0.9069132132031522,1.0,0.9617369461594067,0.946531382982593],[0.9762354465281525,0.9680245322956973,0.9712956582742328,0.9743618228308061,0.9499240268239905,0.9802753654910458,0.9709109657649547,0.9615086934645479,0.9746523845683197,0.9733844634695893,0.9818526893298268,0.9732311217500301,0.978120087231715,0.9764767785563269,0.9818453459215505,0.9794506406908321,0.9875223734289557,0.9595702856528584,0.8734287677741438,0.8510240519694606,0.6170413533628798,0.9601850140100893,0.8910961309536116,0.23730355022174912,-0.1841555567038386,0.8707841019940263,0.8984544343482227,0.9745822105703968,0.916005130068493,0.9258190430935781,0.9651150645298423,0.9387969311980742,0.9269047303230483,0.9617369461594067,1.0,0.925883696583043],[0.9571538690717536,0.9523014748404939,0.9149260938886998,0.9455335366756302,0.880076077959379,0.959575684043299,0.9161720608229232,0.9690447283405584,0.9313786201556998,0.9441580022740373,0.9400093627743884,0.9474494652803545,0.9319023711139955,0.9273331983223867,0.9406014828850913,0.9635956278687468,0.9634538452835226,0.9701297256034942,0.8966201528853376,0.8878176986342731,0.6705839282776839,0.9244879960023108,0.8626238735500624,0.35707987694347143,-0.31486500153897806,0.902105171834705,0.8566447551074504,0.8982396552529526,0.9688836920423012,0.9650482404260936,0.9446819203347926,0.965432965534837,0.9540857914557421,0.946531382982593,0.925883696583043,1.0]],"x":["^TAIEX       \u81fa\u7063\u52a0\u6b0a\u5831\u916c\u6307\u6578","^TWII        \u81fa\u7063\u52a0\u6b0a\u6307\u6578","^TAIEXx2     \u81fa\u7063\u52a0\u6b0a\u5831\u916c\u6307\u6578_\u65e5\u6b632","^TAI50I      \u81fa\u706350\u5831\u916c\u6307\u6578","^TAI50Ix2    \u81fa\u706350\u5831\u916c\u6307\u6578_\u65e5\u6b632","^TAI100I     \u81fa\u7063\u4e2d\u578b100\u5831\u916c\u6307\u6578","^TAI100Ix2   \u81fa\u7063\u4e2d\u578b100\u5831\u916c\u6307\u6578_\u65e5\u6b632","^TAIDIVIDI   \u81fa\u7063\u9ad8\u80a1\u606f\u5831\u916c\u6307\u6578","^TAIDIVIDIx2 \u81fa\u7063\u9ad8\u80a1\u606f\u5831\u916c\u6307\u6578_\u65e5\u6b632","0050Fund     \u5143\u5927\u53f0\u7063\u5353\u8d8a50\u57fa\u91d1","006208Fund   \u5bcc\u90a6\u53f0\u7063\u91c6\u540950\u57fa\u91d1","0050         \u5143\u5927\u81fa\u706350","00631L       \u5143\u5927\u53f0\u706350\u6b632","00675L       \u5bcc\u90a6\u81fa\u7063\u52a0\u6b0a\u6b632","006208       \u5bcc\u90a6\u53f050","0051         \u5143\u5927\u4e2d\u578b100","006204       \u6c38\u8c50\u81fa\u7063\u52a0\u6b0a","0056         \u5143\u5927\u9ad8\u80a1\u606f","0056         \u5143\u5927\u9ad8\u80a1\u606f_\u80a1\u606f\u4e0d\u6295\u5165","2412         \u4e2d\u83ef\u96fb\u4fe1","2002         \u4e2d\u92fc","2330         \u53f0\u7a4d\u96fb","2317         \u9d3b\u6d77","6505         \u53f0\u5851\u77f3\u5316","3481         \u7fa4\u5275","2303         \u806f\u96fb","2308         \u53f0\u9054\u96fb","2454         \u806f\u767c\u79d1","2886         \u5146\u8c50\u91d1","2884         \u7389\u5c71\u91d1","2891         \u4e2d\u4fe1\u91d1","2892         \u7b2c\u4e00\u91d1","5880         \u5408\u5eab\u91d1","2881         \u5bcc\u90a6\u91d1","2885         \u5143\u5927\u91d1","2887         \u53f0\u65b0\u91d1"],"y":["^TAIEX       \u81fa\u7063\u52a0\u6b0a\u5831\u916c\u6307\u6578","^TWII        \u81fa\u7063\u52a0\u6b0a\u6307\u6578","^TAIEXx2     \u81fa\u7063\u52a0\u6b0a\u5831\u916c\u6307\u6578_\u65e5\u6b632","^TAI50I      \u81fa\u706350\u5831\u916c\u6307\u6578","^TAI50Ix2    \u81fa\u706350\u5831\u916c\u6307\u6578_\u65e5\u6b632","^TAI100I     \u81fa\u7063\u4e2d\u578b100\u5831\u916c\u6307\u6578","^TAI100Ix2   \u81fa\u7063\u4e2d\u578b100\u5831\u916c\u6307\u6578_\u65e5\u6b632","^TAIDIVIDI   \u81fa\u7063\u9ad8\u80a1\u606f\u5831\u916c\u6307\u6578","^TAIDIVIDIx2 \u81fa\u7063\u9ad8\u80a1\u606f\u5831\u916c\u6307\u6578_\u65e5\u6b632","0050Fund     \u5143\u5927\u53f0\u7063\u5353\u8d8a50\u57fa\u91d1","006208Fund   \u5bcc\u90a6\u53f0\u7063\u91c6\u540950\u57fa\u91d1","0050         \u5143\u5927\u81fa\u706350","00631L       \u5143\u5927\u53f0\u706350\u6b632","00675L       \u5bcc\u90a6\u81fa\u7063\u52a0\u6b0a\u6b632","006208       \u5bcc\u90a6\u53f050","0051         \u5143\u5927\u4e2d\u578b100","006204       \u6c38\u8c50\u81fa\u7063\u52a0\u6b0a","0056         \u5143\u5927\u9ad8\u80a1\u606f","0056         \u5143\u5927\u9ad8\u80a1\u606f_\u80a1\u606f\u4e0d\u6295\u5165","2412         \u4e2d\u83ef\u96fb\u4fe1","2002         \u4e2d\u92fc","2330         \u53f0\u7a4d\u96fb","2317         \u9d3b\u6d77","6505         \u53f0\u5851\u77f3\u5316","3481         \u7fa4\u5275","2303         \u806f\u96fb","2308         \u53f0\u9054\u96fb","2454         \u806f\u767c\u79d1","2886         \u5146\u8c50\u91d1","2884         \u7389\u5c71\u91d1","2891         \u4e2d\u4fe1\u91d1","2892         \u7b2c\u4e00\u91d1","5880         \u5408\u5eab\u91d1","2881         \u5bcc\u90a6\u91d1","2885         \u5143\u5927\u91d1","2887         \u53f0\u65b0\u91d1"],"zmin":-1,"zmax":1,"colorbar":{"x":-0.2}}],"layout":{"autotypenumbers":"strict","colorway":["#636efa","#EF553B","#00cc96","#ab63fa","#FFA15A","#19d3f3","#FF6692","#B6E880","#FF97FF","#FECB52"],"font":{"color":"#f2f5fa","family":"Courier New"},"hovermode":"closest","hoverlabel":{"align":"left"},"paper_bgcolor":"rgb(17,17,17)","plot_bgcolor":"rgb(17,17,17)","polar":{"bgcolor":"rgb(17,17,17)","angularaxis":{"gridcolor":"#506784","linecolor":"#506784","ticks":""},"radialaxis":{"gridcolor":"#506784","linecolor":"#506784","ticks":""}},"ternary":{"bgcolor":"rgb(17,17,17)","aaxis":{"gridcolor":"#506784","linecolor":"#506784","ticks":""},"baxis":{"gridcolor":"#506784","linecolor":"#506784","ticks":""},"caxis":{"gridcolor":"#506784","linecolor":"#506784","ticks":""}},"coloraxis":{"colorbar":{"outlinewidth":0,"ticks":""}},"colorscale":{"sequential":[[0.0,"#0d0887"],[0.1111111111111111,"#46039f"],[0.2222222222222222,"#7201a8"],[0.3333333333333333,"#9c179e"],[0.4444444444444444,"#bd3786"],[0.5555555555555556,"#d8576b"],[0.6666666666666666,"#ed7953"],[0.7777777777777778,"#fb9f3a"],[0.8888888888888888,"#fdca26"],[1.0,"#f0f921"]],"sequentialminus":[[0.0,"#0d0887"],[0.1111111111111111,"#46039f"],[0.2222222222222222,"#7201a8"],[0.3333333333333333,"#9c179e"],[0.4444444444444444,"#bd3786"],[0.5555555555555556,"#d8576b"],[0.6666666666666666,"#ed7953"],[0.7777777777777778,"#fb9f3a"],[0.8888888888888888,"#fdca26"],[1.0,"#f0f921"]],"diverging":[[0,"#8e0152"],[0.1,"#c51b7d"],[0.2,"#de77ae"],[0.3,"#f1b6da"],[0.4,"#fde0ef"],[0.5,"#f7f7f7"],[0.6,"#e6f5d0"],[0.7,"#b8e186"],[0.8,"#7fbc41"],[0.9,"#4d9221"],[1,"#276419"]]},"xaxis":{"gridcolor":"rgba(0, 0, 0, 0)","linecolor":"#506784","ticks":"","title":{"standoff":15},"zerolinecolor":"#283442","automargin":true,"zerolinewidth":2,"tickfont":{"family":"Courier New","size":14},"side":"top","tickangle":-90},"yaxis":{"gridcolor":"rgba(0, 0, 0, 0)","linecolor":"#506784","ticks":"","title":{"standoff":15},"zerolinecolor":"#283442","automargin":true,"zerolinewidth":2,"tickfont":{"family":"Courier New"},"side":"right"},"scene":{"xaxis":{"backgroundcolor":"rgb(17,17,17)","gridcolor":"#506784","linecolor":"#506784","showbackground":true,"ticks":"","zerolinecolor":"#C8D4E3","gridwidth":2},"yaxis":{"backgroundcolor":"rgb(17,17,17)","gridcolor":"#506784","linecolor":"#506784","showbackground":true,"ticks":"","zerolinecolor":"#C8D4E3","gridwidth":2},"zaxis":{"backgroundcolor":"rgb(17,17,17)","gridcolor":"#506784","linecolor":"#506784","showbackground":true,"ticks":"","zerolinecolor":"#C8D4E3","gridwidth":2}},"shapedefaults":{"line":{"color":"#f2f5fa"}},"annotationdefaults":{"arrowcolor":"#f2f5fa","arrowhead":0,"arrowwidth":1},"geo":{"bgcolor":"rgb(17,17,17)","landcolor":"rgb(17,17,17)","subunitcolor":"#506784","showland":true,"showlakes":true,"lakecolor":"rgb(17,17,17)"},"title":{"x":0.05,"font":{"family":"Times New Roman"},"y":0.05,"text":"<b>Correlation of Adj Close<b><br><i>2016-09-23 ~ 2026-01-12<i>"},"updatemenudefaults":{"bgcolor":"#506784","borderwidth":0},"sliderdefaults":{"bgcolor":"#C8D4E3","borderwidth":1,"bordercolor":"rgb(17,17,17)","tickwidth":0},"mapbox":{"style":"dark"},"annotations":[{"text":"<b>@zwindr<b>","textangle":0,"opacity":0.5,"font":{"color":"white","size":12},"xref":"paper","yref":"paper","xanchor":"left","yanchor":"bottom","x":1.0,"y":1.0,"showarrow":false}]},"config":{"responsive":true,"toImageButtonOptions":{"filename":"Correlation of Adj Close_2016-09-23~2026-01-12","scale":5}}};Plotly.newPlot("correlationAdjClose",correlationAdjClose.data,correlationAdjClose.layout||{},correlationAdjClose.config);}else{console.log("style display is none => correlationAdjClose");}