var element=document.getElementById("correlationClose");if(element.style.display!='none'){var correlationClose={"data":[{"type":"heatmap","z":[[1.0,0.9999999999999981,1.0,0.9953909666687839,0.9953909666687839,0.9640637959150472,0.9640637959150472,0.9024427074981172,0.9024427074981172,0.8870897563170291,0.9946810833875576,0.8608094659246759,0.9929103926850933,0.9927393512939242,0.9947430855909187,0.9733980560537845,0.9989771491193011,0.9236136399137471,0.9236136399137471,0.7853366466793283,-0.11257983368691901,0.9776109365302893,0.1125299206216666,-0.06536404966438125,-0.25220058711303434,0.8183725029696484,0.9240259531356813,0.9118254917678893,0.9288821401534527,0.7802900777959506,0.5244925569085727,0.6286925305939789,0.6366352351247434,0.9315706946778105,0.8237212824166941,0.17619811820245992],[0.9999999999999981,1.0,0.9999999999999983,0.9953514359615615,0.9953514359615615,0.9634749375882415,0.9634749375882415,0.9035302799293845,0.9035302799293845,0.888175868504453,0.9946689426707515,0.8604015955893437,0.9926228568011164,0.9921844600734683,0.994709666445282,0.9727439712965359,0.9989796756289875,0.9239463672856902,0.9239463672856902,0.804560763053859,0.09716936283198067,0.9690747071903171,-0.07257804616896744,-0.0580485085266036,-0.25242460604683137,0.647082371229512,0.9244749333762029,0.885771116062202,0.9232694408637774,0.7917491702860379,0.5161164501072882,0.6257922775646808,0.6629962587677005,0.9289469901930671,0.6760083731154278,0.17318621466653278],[1.0,0.9999999999999983,1.0,0.9953909666687839,0.9953909666687839,0.9640637959150472,0.9640637959150472,0.9024427074981172,0.9024427074981172,0.8870897563170291,0.9946810833875576,0.8608094659246759,0.9929103926850933,0.9927393512939242,0.9947430855909187,0.9733980560537845,0.9989771491193011,0.9236136399137471,0.9236136399137471,0.7853366466793283,-0.11257983368691901,0.9776109365302893,0.1125299206216666,-0.06536404966438125,-0.25220058711303434,0.8183725029696484,0.9240259531356813,0.9118254917678893,0.9288821401534527,0.7802900777959506,0.5244925569085727,0.6286925305939789,0.6366352351247434,0.9315706946778105,0.8237212824166941,0.17619811820245992],[0.9953909666687839,0.9953514359615615,0.9953909666687839,1.0,1.0,0.951093275822523,0.951093275822523,0.8878566179187449,0.8878566179187449,0.8725348841639012,0.9995022444100596,0.8444611053863204,0.9896891804333946,0.9860510550953614,0.9994623468289439,0.9561284208310532,0.9949116711895314,0.9023786209823803,0.9023786209823803,0.7629639588247591,-0.11946333041115492,0.9896709165768877,0.13559399440452152,-0.09983330354490717,-0.25424621572531364,0.8138918440308539,0.9268232357948593,0.9159881795198597,0.9165685791044119,0.7895958691238928,0.5526107539592257,0.6231707124757826,0.6090184988154659,0.9236129144022537,0.8136631863360817,0.1880081538820146],[0.9953909666687839,0.9953514359615615,0.9953909666687839,1.0,1.0,0.951093275822523,0.951093275822523,0.8878566179187449,0.8878566179187449,0.8725348841639012,0.9995022444100596,0.8444611053863204,0.9896891804333946,0.9860510550953614,0.9994623468289439,0.9561284208310532,0.9949116711895314,0.9023786209823803,0.9023786209823803,0.7629639588247591,-0.11946333041115492,0.9896709165768877,0.13559399440452152,-0.09983330354490717,-0.25424621572531364,0.8138918440308539,0.9268232357948593,0.9159881795198597,0.9165685791044119,0.7895958691238928,0.5526107539592257,0.6231707124757826,0.6090184988154659,0.9236129144022537,0.8136631863360817,0.1880081538820146],[0.9640637959150472,0.9634749375882415,0.9640637959150472,0.951093275822523,0.951093275822523,1.0,1.0,0.9280650287876703,0.9280650287876703,0.8501855068485097,0.9523380955692771,0.8411834269260282,0.9742485447127196,0.9723563812372236,0.952194215053505,0.9990554571869575,0.9732587580716852,0.9197367172825641,0.9197367172825641,0.6388701881461814,-0.05892159263247047,0.936077489689181,0.28236736210747326,-0.2581362809827026,-0.11358677988656575,0.8882179640658311,0.8793116628526775,0.9299791834273686,0.8995701423740973,0.741283579418789,0.7305280136542879,0.7351831573529228,0.7115399000468988,0.8552866279104339,0.8561890084470204,0.46187712801907327],[0.9640637959150472,0.9634749375882415,0.9640637959150472,0.951093275822523,0.951093275822523,1.0,1.0,0.9280650287876703,0.9280650287876703,0.8501855068485097,0.9523380955692771,0.8411834269260282,0.9742485447127196,0.9723563812372236,0.952194215053505,0.9990554571869575,0.9732587580716852,0.9197367172825641,0.9197367172825641,0.6388701881461814,-0.05892159263247047,0.936077489689181,0.28236736210747326,-0.2581362809827026,-0.11358677988656575,0.8882179640658311,0.8793116628526775,0.9299791834273686,0.8995701423740973,0.741283579418789,0.7305280136542879,0.7351831573529228,0.7115399000468988,0.8552866279104339,0.8561890084470204,0.46187712801907327],[0.9024427074981172,0.9035302799293845,0.9024427074981172,0.8878566179187449,0.8878566179187449,0.9280650287876703,0.9280650287876703,1.0,1.0,0.7893406155583322,0.9387173837020824,0.8129753014865813,0.9460867359059975,0.9411074109768791,0.9386060252281756,0.9290042227044,0.9431206674493917,0.972095081403035,0.972095081403035,0.5778053112426432,0.06149676836455264,0.8475566682900925,0.5256122449581747,-0.2829209520238559,0.024624902410594566,0.7852366655880731,0.776042866475028,0.8694207257589339,0.8489534973105428,0.7530684411886918,0.8742147745041067,0.7774395347048881,0.719048273667115,0.7840309824490586,0.8435867421860198,0.7989195853369687],[0.9024427074981172,0.9035302799293845,0.9024427074981172,0.8878566179187449,0.8878566179187449,0.9280650287876703,0.9280650287876703,1.0,1.0,0.7893406155583322,0.9387173837020824,0.8129753014865813,0.9460867359059975,0.9411074109768791,0.9386060252281756,0.9290042227044,0.9431206674493917,0.972095081403035,0.972095081403035,0.5778053112426432,0.06149676836455264,0.8475566682900925,0.5256122449581747,-0.2829209520238559,0.024624902410594566,0.7852366655880731,0.776042866475028,0.8694207257589339,0.8489534973105428,0.7530684411886918,0.8742147745041067,0.7774395347048881,0.719048273667115,0.7840309824490586,0.8435867421860198,0.7989195853369687],[0.8870897563170291,0.888175868504453,0.8870897563170291,0.8725348841639012,0.8725348841639012,0.8501855068485097,0.8501855068485097,0.7893406155583322,0.7893406155583322,1.0,0.7972230431863233,0.9999701027609351,0.75886310536052,0.6962322721168109,0.7992709807330866,0.8484753340410087,0.8319467991659779,0.8513929920827477,0.8513929920827477,0.7112002134158636,-0.10643762712240977,0.851298618899751,0.04859694541655312,0.04244025285084451,-0.24615285657144573,0.8056239339500442,0.7091694108322398,0.8059173016054201,0.8443419614376658,0.7078001981682512,0.39270164806077595,0.5487946164632443,0.5719693424205898,0.8399865088437499,0.7053244849018254,0.17759900493041608],[0.9946810833875576,0.9946689426707515,0.9946810833875576,0.9995022444100596,0.9995022444100596,0.9523380955692771,0.9523380955692771,0.9387173837020824,0.9387173837020824,0.7972230431863233,1.0,0.7969984111395306,0.9893957852968213,0.986140060512541,0.9999192422415564,0.9526249794831693,0.9938620622959946,0.9167225796195873,0.9167225796195873,0.852854855758119,0.08921970795111984,0.9961091700080426,0.8696688512147684,-0.47848171023532354,0.3542635321434339,0.842152995951601,0.8896029072454833,0.9417491283767726,0.9123704663229327,0.8154523201864798,0.9046739925429701,0.8744066760486947,0.7982915036916224,0.899844388823271,0.9432990296864038,0.7731312859267194],[0.8608094659246759,0.8604015955893437,0.8608094659246759,0.8444611053863204,0.8444611053863204,0.8411834269260282,0.8411834269260282,0.8129753014865813,0.8129753014865813,0.9999701027609351,0.7969984111395306,1.0,0.7558785849934193,0.6924458073641274,0.796870850854238,0.8421067693462438,0.8300260371399714,0.8497554738009099,0.8497554738009099,0.6806321211215021,0.015693664771693996,0.8243234992526749,0.5144200469036563,-0.19076630616466064,-0.2337338330244937,0.8426780295980718,0.6341405226605301,0.787996088054271,0.8236823359493373,0.7410855175509137,0.6656944443791322,0.7415619236034721,0.6988387362462617,0.8110705884414117,0.7110030853333222,0.7108172297458106],[0.9929103926850933,0.9926228568011164,0.9929103926850933,0.9896891804333946,0.9896891804333946,0.9742485447127196,0.9742485447127196,0.9460867359059975,0.9460867359059975,0.75886310536052,0.9893957852968213,0.7558785849934193,1.0,0.999728250603392,0.9894016161965539,0.9724638246087954,0.9904985430236491,0.9110546866508534,0.9110546866508534,0.8273293048156224,0.12339983308376931,0.9872493334994258,0.8912407717755183,-0.6482490575863531,0.4282828757292807,0.8195042375904517,0.8933963596744782,0.9555737482418434,0.9066919260107538,0.7475126740070894,0.904951103244616,0.8555138327705634,0.7857939915591855,0.8830342221048403,0.9609965028204042,0.8054490936391177],[0.9927393512939242,0.9921844600734683,0.9927393512939242,0.9860510550953614,0.9860510550953614,0.9723563812372236,0.9723563812372236,0.9411074109768791,0.9411074109768791,0.6962322721168109,0.986140060512541,0.6924458073641274,0.999728250603392,1.0,0.9863280496597904,0.9696403854130086,0.9891935670822712,0.8972463678432918,0.8972463678432918,0.8474132918746989,-0.0007589991468199756,0.9822675772711372,0.8996965615851604,-0.8388153212531483,0.47058760321436355,0.7718330329878574,0.8971254938385956,0.9520796813233153,0.8937514199585703,0.6739968581523603,0.9144444638736687,0.8454634409678238,0.7329334825878275,0.9119334230103794,0.9625451197155674,0.772445100529132],[0.9947430855909187,0.994709666445282,0.9947430855909187,0.9994623468289439,0.9994623468289439,0.952194215053505,0.952194215053505,0.9386060252281756,0.9386060252281756,0.7992709807330866,0.9999192422415564,0.796870850854238,0.9894016161965539,0.9863280496597904,1.0,0.9525305068212238,0.9939263826567615,0.9170874830655517,0.9170874830655517,0.8538108180267637,0.08821252288543104,0.9959785534395451,0.869266000764486,-0.47603107825789603,0.3535279368914744,0.8420424875893727,0.8867023562952766,0.9407067086345186,0.912808270864161,0.8166516561436726,0.904193008960001,0.8754757721487091,0.7990858344627461,0.8997291966418407,0.9431496126804467,0.7738320565661583],[0.9733980560537845,0.9727439712965359,0.9733980560537845,0.9561284208310532,0.9561284208310532,0.9990554571869575,0.9990554571869575,0.9290042227044,0.9290042227044,0.8484753340410087,0.9526249794831693,0.8421067693462438,0.9724638246087954,0.9696403854130086,0.9525305068212238,1.0,0.97467942355303,0.919463633857667,0.919463633857667,0.687604539762105,-0.042062829669692714,0.9454220350691188,0.6124845870878601,-0.3911648069395594,-0.16429971045623426,0.9001120973442717,0.8795485231087449,0.9256531136789881,0.9072514418073588,0.7795530559753526,0.8464262753790333,0.7835485710821459,0.7683347153856959,0.8781486140296136,0.8535984689820677,0.7864095852247002],[0.9989771491193011,0.9989796756289875,0.9989771491193011,0.9949116711895314,0.9949116711895314,0.9732587580716852,0.9732587580716852,0.9431206674493917,0.9431206674493917,0.8319467991659779,0.9938620622959946,0.8300260371399714,0.9904985430236491,0.9891935670822712,0.9939263826567615,0.97467942355303,1.0,0.9371828591230132,0.9371828591230132,0.859467913362223,0.09481566861200744,0.9872441514032186,0.8388425293967245,-0.4569752612743399,0.3693203189661203,0.8817132061662964,0.8909028056040792,0.9475185952163502,0.9377870972910463,0.8343980623993086,0.8923414018894511,0.9018583631528015,0.8334002189374516,0.9124925786079279,0.9498395312354773,0.831076297305715],[0.9236136399137471,0.9239463672856902,0.9236136399137471,0.9023786209823803,0.9023786209823803,0.9197367172825641,0.9197367172825641,0.972095081403035,0.972095081403035,0.8513929920827477,0.9167225796195873,0.8497554738009099,0.9110546866508534,0.8972463678432918,0.9170874830655517,0.919463633857667,0.9371828591230132,1.0,1.0,0.7369989694404016,-0.010174104378383965,0.8657715182568274,0.5328795052236319,-0.17262612775758684,-0.2046191971416571,0.8249494694606715,0.7758627241018092,0.833493654557142,0.9149751222638217,0.8356262477680617,0.7982781009077073,0.7514293052704073,0.7046473147136869,0.8423295515736405,0.7731082342292066,0.848590190036307],[0.9236136399137471,0.9239463672856902,0.9236136399137471,0.9023786209823803,0.9023786209823803,0.9197367172825641,0.9197367172825641,0.972095081403035,0.972095081403035,0.8513929920827477,0.9167225796195873,0.8497554738009099,0.9110546866508534,0.8972463678432918,0.9170874830655517,0.919463633857667,0.9371828591230132,1.0,1.0,0.7369989694404016,-0.010174104378383965,0.8657715182568274,0.5328795052236319,-0.17262612775758684,-0.2046191971416571,0.8249494694606715,0.7758627241018092,0.833493654557142,0.9149751222638217,0.8356262477680617,0.7982781009077073,0.7514293052704073,0.7046473147136869,0.8423295515736405,0.7731082342292066,0.848590190036307],[0.7853366466793283,0.804560763053859,0.7853366466793283,0.7629639588247591,0.7629639588247591,0.6388701881461814,0.6388701881461814,0.5778053112426432,0.5778053112426432,0.7112002134158636,0.852854855758119,0.6806321211215021,0.8273293048156224,0.8474132918746989,0.8538108180267637,0.687604539762105,0.859467913362223,0.7369989694404016,0.7369989694404016,1.0,0.0457122336152984,0.7250279483432748,-0.3993862861011727,0.34027312875425897,-0.6583915951127357,0.3451646612265385,0.7518823267353558,0.5012733115357152,0.8339234422797833,0.6901357099007605,0.08450498999503285,0.2987846384555902,0.5631641874154242,0.7813442850858268,0.46849523114015157,-0.1605753252288239],[-0.11257983368691901,0.09716936283198067,-0.11257983368691901,-0.11946333041115492,-0.11946333041115492,-0.05892159263247047,-0.05892159263247047,0.06149676836455264,0.06149676836455264,-0.10643762712240977,0.08921970795111984,0.015693664771693996,0.12339983308376931,-0.0007589991468199756,0.08821252288543104,-0.042062829669692714,0.09481566861200744,-0.010174104378383965,-0.010174104378383965,0.0457122336152984,1.0,-0.07305256694149213,0.12207553141844495,0.14143351188477585,0.7506956719972173,-0.08482049544278435,-0.006681919386698778,0.00635773892691508,0.17680967747431137,0.014347848392981942,0.07986383167671263,0.35463433270292394,0.5771117008336561,-0.10258986799180685,0.12409615187666868,0.16655282471443647],[0.9776109365302893,0.9690747071903171,0.9776109365302893,0.9896709165768877,0.9896709165768877,0.936077489689181,0.936077489689181,0.8475566682900925,0.8475566682900925,0.851298618899751,0.9961091700080426,0.8243234992526749,0.9872493334994258,0.9822675772711372,0.9959785534395451,0.9454220350691188,0.9872441514032186,0.8657715182568274,0.8657715182568274,0.7250279483432748,-0.07305256694149213,1.0,0.04438901706064027,-0.16118193309787254,-0.3088155266228182,0.6760601083400165,0.9190377745849907,0.9000869021274512,0.8599697364451773,0.758577808574442,0.5517898938196206,0.5887444538841018,0.5375334330325838,0.9021937310129361,0.6540304172654379,0.1677571117054748],[0.1125299206216666,-0.07257804616896744,0.1125299206216666,0.13559399440452152,0.13559399440452152,0.28236736210747326,0.28236736210747326,0.5256122449581747,0.5256122449581747,0.04859694541655312,0.8696688512147684,0.5144200469036563,0.8912407717755183,0.8996965615851604,0.869266000764486,0.6124845870878601,0.8388425293967245,0.5328795052236319,0.5328795052236319,-0.3993862861011727,0.12207553141844495,0.04438901706064027,1.0,-0.4449659461932688,0.7477345421743687,0.3703951432376185,0.031074113659915206,0.28627690296096914,-0.12432906054886822,0.05420635505774123,0.5778403289121204,0.4651496240514448,0.19076433057568626,-0.037917437659958954,0.3738520066535162,0.4646986789908759],[-0.06536404966438125,-0.0580485085266036,-0.06536404966438125,-0.09983330354490717,-0.09983330354490717,-0.2581362809827026,-0.2581362809827026,-0.2829209520238559,-0.2829209520238559,0.04244025285084451,-0.47848171023532354,-0.19076630616466064,-0.6482490575863531,-0.8388153212531483,-0.47603107825789603,-0.3911648069395594,-0.4569752612743399,-0.17262612775758684,-0.17262612775758684,0.34027312875425897,0.14143351188477585,-0.16118193309787254,-0.4449659461932688,1.0,-0.034957511500838125,-0.15085638712649516,-0.14424280497150319,-0.28475309359582274,-0.02326152522929591,-0.05825367099929401,-0.5587883002793644,-0.18659580609417856,-0.014755676252651262,-0.017786920170124617,-0.19720778419050505,-0.40280014158792304],[-0.25220058711303434,-0.25242460604683137,-0.25220058711303434,-0.25424621572531364,-0.25424621572531364,-0.11358677988656575,-0.11358677988656575,0.024624902410594566,0.024624902410594566,-0.24615285657144573,0.3542635321434339,-0.2337338330244937,0.4282828757292807,0.47058760321436355,0.3535279368914744,-0.16429971045623426,0.3693203189661203,-0.2046191971416571,-0.2046191971416571,-0.6583915951127357,0.7506956719972173,-0.3088155266228182,0.7477345421743687,-0.034957511500838125,1.0,-0.1030358205564807,-0.2689717733117474,-0.06014316749573525,-0.350444950863401,-0.32791127386041435,0.08520581653609725,0.168494425357555,0.26711720390978616,-0.38107963453783394,0.12545673592462056,0.09876327665981338],[0.8183725029696484,0.647082371229512,0.8183725029696484,0.8138918440308539,0.8138918440308539,0.8882179640658311,0.8882179640658311,0.7852366655880731,0.7852366655880731,0.8056239339500442,0.842152995951601,0.8426780295980718,0.8195042375904517,0.7718330329878574,0.8420424875893727,0.9001120973442717,0.8817132061662964,0.8249494694606715,0.8249494694606715,0.3451646612265385,-0.08482049544278435,0.6760601083400165,0.3703951432376185,-0.15085638712649516,-0.1030358205564807,1.0,0.5720034263821677,0.8381713864401672,0.4884139920300672,0.6221140318698668,0.5390804539093355,0.6524556710827444,0.42143210883159166,0.7006690009537523,0.7008772099505379,0.4128855541889478],[0.9240259531356813,0.9244749333762029,0.9240259531356813,0.9268232357948593,0.9268232357948593,0.8793116628526775,0.8793116628526775,0.776042866475028,0.776042866475028,0.7091694108322398,0.8896029072454833,0.6341405226605301,0.8933963596744782,0.8971254938385956,0.8867023562952766,0.8795485231087449,0.8909028056040792,0.7758627241018092,0.7758627241018092,0.7518823267353558,-0.006681919386698778,0.9190377745849907,0.031074113659915206,-0.14424280497150319,-0.2689717733117474,0.5720034263821677,1.0,0.8199219149946373,0.8206991661886187,0.6953801376619753,0.4378279198400622,0.5054712286390136,0.5562458667407127,0.8660367826311661,0.6233072623428397,0.07814661484166534],[0.9118254917678893,0.885771116062202,0.9118254917678893,0.9159881795198597,0.9159881795198597,0.9299791834273686,0.9299791834273686,0.8694207257589339,0.8694207257589339,0.8059173016054201,0.9417491283767726,0.787996088054271,0.9555737482418434,0.9520796813233153,0.9407067086345186,0.9256531136789881,0.9475185952163502,0.833493654557142,0.833493654557142,0.5012733115357152,0.00635773892691508,0.9000869021274512,0.28627690296096914,-0.28475309359582274,-0.06014316749573525,0.8381713864401672,0.8199219149946373,1.0,0.7468948157241281,0.6041375607032566,0.5796778886314767,0.5940729469138628,0.5320648963471414,0.8124540643971183,0.8277190641234455,0.2117763775892329],[0.9288821401534527,0.9232694408637774,0.9288821401534527,0.9165685791044119,0.9165685791044119,0.8995701423740973,0.8995701423740973,0.8489534973105428,0.8489534973105428,0.8443419614376658,0.9123704663229327,0.8236823359493373,0.9066919260107538,0.8937514199585703,0.912808270864161,0.9072514418073588,0.9377870972910463,0.9149751222638217,0.9149751222638217,0.8339234422797833,0.17680967747431137,0.8599697364451773,-0.12432906054886822,-0.02326152522929591,-0.350444950863401,0.4884139920300672,0.8206991661886187,0.7468948157241281,1.0,0.9052580253991803,0.5317719307684722,0.6824953056645395,0.6655920043523016,0.8767088906892696,0.4959270525437643,0.2933444088164566],[0.7802900777959506,0.7917491702860379,0.7802900777959506,0.7895958691238928,0.7895958691238928,0.741283579418789,0.741283579418789,0.7530684411886918,0.7530684411886918,0.7078001981682512,0.8154523201864798,0.7410855175509137,0.7475126740070894,0.6739968581523603,0.8166516561436726,0.7795530559753526,0.8343980623993086,0.8356262477680617,0.8356262477680617,0.6901357099007605,0.014347848392981942,0.758577808574442,0.05420635505774123,-0.05825367099929401,-0.32791127386041435,0.6221140318698668,0.6953801376619753,0.6041375607032566,0.9052580253991803,1.0,0.5717152685712972,0.6652768813378938,0.6078766466014318,0.7277052009835461,0.5779304080836479,0.469911883510184],[0.5244925569085727,0.5161164501072882,0.5244925569085727,0.5526107539592257,0.5526107539592257,0.7305280136542879,0.7305280136542879,0.8742147745041067,0.8742147745041067,0.39270164806077595,0.9046739925429701,0.6656944443791322,0.904951103244616,0.9144444638736687,0.904193008960001,0.8464262753790333,0.8923414018894511,0.7982781009077073,0.7982781009077073,0.08450498999503285,0.07986383167671263,0.5517898938196206,0.5778403289121204,-0.5587883002793644,0.08520581653609725,0.5390804539093355,0.4378279198400622,0.5796778886314767,0.5317719307684722,0.5717152685712972,1.0,0.7420426066363884,0.3786055843248206,0.47485449172617533,0.5615135235820848,0.7652421164920159],[0.6286925305939789,0.6257922775646808,0.6286925305939789,0.6231707124757826,0.6231707124757826,0.7351831573529228,0.7351831573529228,0.7774395347048881,0.7774395347048881,0.5487946164632443,0.8744066760486947,0.7415619236034721,0.8555138327705634,0.8454634409678238,0.8754757721487091,0.7835485710821459,0.9018583631528015,0.7514293052704073,0.7514293052704073,0.2987846384555902,0.35463433270292394,0.5887444538841018,0.4651496240514448,-0.18659580609417856,0.168494425357555,0.6524556710827444,0.5054712286390136,0.5940729469138628,0.6824953056645395,0.6652768813378938,0.7420426066363884,1.0,0.7782439768292193,0.4877063887387719,0.7253893046393416,0.5468784035982858],[0.6366352351247434,0.6629962587677005,0.6366352351247434,0.6090184988154659,0.6090184988154659,0.7115399000468988,0.7115399000468988,0.719048273667115,0.719048273667115,0.5719693424205898,0.7982915036916224,0.6988387362462617,0.7857939915591855,0.7329334825878275,0.7990858344627461,0.7683347153856959,0.8334002189374516,0.7046473147136869,0.7046473147136869,0.5631641874154242,0.5771117008336561,0.5375334330325838,0.19076433057568626,-0.014755676252651262,0.26711720390978616,0.42143210883159166,0.5562458667407127,0.5320648963471414,0.6655920043523016,0.6078766466014318,0.3786055843248206,0.7782439768292193,1.0,0.4904545381193807,0.665973821778578,0.19850240391130017],[0.9315706946778105,0.9289469901930671,0.9315706946778105,0.9236129144022537,0.9236129144022537,0.8552866279104339,0.8552866279104339,0.7840309824490586,0.7840309824490586,0.8399865088437499,0.899844388823271,0.8110705884414117,0.8830342221048403,0.9119334230103794,0.8997291966418407,0.8781486140296136,0.9124925786079279,0.8423295515736405,0.8423295515736405,0.7813442850858268,-0.10258986799180685,0.9021937310129361,-0.037917437659958954,-0.017786920170124617,-0.38107963453783394,0.7006690009537523,0.8660367826311661,0.8124540643971183,0.8767088906892696,0.7277052009835461,0.47485449172617533,0.4877063887387719,0.4904545381193807,1.0,0.7233778300302823,0.1646066916786624],[0.8237212824166941,0.6760083731154278,0.8237212824166941,0.8136631863360817,0.8136631863360817,0.8561890084470204,0.8561890084470204,0.8435867421860198,0.8435867421860198,0.7053244849018254,0.9432990296864038,0.7110030853333222,0.9609965028204042,0.9625451197155674,0.9431496126804467,0.8535984689820677,0.9498395312354773,0.7731082342292066,0.7731082342292066,0.46849523114015157,0.12409615187666868,0.6540304172654379,0.3738520066535162,-0.19720778419050505,0.12545673592462056,0.7008772099505379,0.6233072623428397,0.8277190641234455,0.4959270525437643,0.5779304080836479,0.5615135235820848,0.7253893046393416,0.665973821778578,0.7233778300302823,1.0,0.17348390427735078],[0.17619811820245992,0.17318621466653278,0.17619811820245992,0.1880081538820146,0.1880081538820146,0.46187712801907327,0.46187712801907327,0.7989195853369687,0.7989195853369687,0.17759900493041608,0.7731312859267194,0.7108172297458106,0.8054490936391177,0.772445100529132,0.7738320565661583,0.7864095852247002,0.831076297305715,0.848590190036307,0.848590190036307,-0.1605753252288239,0.16655282471443647,0.1677571117054748,0.4646986789908759,-0.40280014158792304,0.09876327665981338,0.4128855541889478,0.07814661484166534,0.2117763775892329,0.2933444088164566,0.469911883510184,0.7652421164920159,0.5468784035982858,0.19850240391130017,0.1646066916786624,0.17348390427735078,1.0]],"x":["^TAIEX       \u81fa\u7063\u52a0\u6b0a\u5831\u916c\u6307\u6578","^TWII        \u81fa\u7063\u52a0\u6b0a\u6307\u6578","^TAIEXx2     \u81fa\u7063\u52a0\u6b0a\u5831\u916c\u6307\u6578_\u65e5\u6b632","^TAI50I      \u81fa\u706350\u5831\u916c\u6307\u6578","^TAI50Ix2    \u81fa\u706350\u5831\u916c\u6307\u6578_\u65e5\u6b632","^TAI100I     \u81fa\u7063\u4e2d\u578b100\u5831\u916c\u6307\u6578","^TAI100Ix2   \u81fa\u7063\u4e2d\u578b100\u5831\u916c\u6307\u6578_\u65e5\u6b632","^TAIDIVIDI   \u81fa\u7063\u9ad8\u80a1\u606f\u5831\u916c\u6307\u6578","^TAIDIVIDIx2 \u81fa\u7063\u9ad8\u80a1\u606f\u5831\u916c\u6307\u6578_\u65e5\u6b632","0050Fund     \u5143\u5927\u53f0\u7063\u5353\u8d8a50\u57fa\u91d1","006208Fund   \u5bcc\u90a6\u53f0\u7063\u91c6\u540950\u57fa\u91d1","0050         \u5143\u5927\u81fa\u706350","00631L       \u5143\u5927\u53f0\u706350\u6b632","00675L       \u5bcc\u90a6\u81fa\u7063\u52a0\u6b0a\u6b632","006208       \u5bcc\u90a6\u53f050","0051         \u5143\u5927\u4e2d\u578b100","006204       \u6c38\u8c50\u81fa\u7063\u52a0\u6b0a","0056         \u5143\u5927\u9ad8\u80a1\u606f","0056         \u5143\u5927\u9ad8\u80a1\u606f_\u80a1\u606f\u4e0d\u6295\u5165","2412         \u4e2d\u83ef\u96fb\u4fe1","2002         \u4e2d\u92fc","2330         \u53f0\u7a4d\u96fb","2317         \u9d3b\u6d77","6505         \u53f0\u5851\u77f3\u5316","3481         \u7fa4\u5275","2303         \u806f\u96fb","2308         \u53f0\u9054\u96fb","2454         \u806f\u767c\u79d1","2886         \u5146\u8c50\u91d1","2884         \u7389\u5c71\u91d1","2891         \u4e2d\u4fe1\u91d1","2892         \u7b2c\u4e00\u91d1","5880         \u5408\u5eab\u91d1","2881         \u5bcc\u90a6\u91d1","2885         \u5143\u5927\u91d1","2887         \u53f0\u65b0\u91d1"],"y":["^TAIEX       \u81fa\u7063\u52a0\u6b0a\u5831\u916c\u6307\u6578","^TWII        \u81fa\u7063\u52a0\u6b0a\u6307\u6578","^TAIEXx2     \u81fa\u7063\u52a0\u6b0a\u5831\u916c\u6307\u6578_\u65e5\u6b632","^TAI50I      \u81fa\u706350\u5831\u916c\u6307\u6578","^TAI50Ix2    \u81fa\u706350\u5831\u916c\u6307\u6578_\u65e5\u6b632","^TAI100I     \u81fa\u7063\u4e2d\u578b100\u5831\u916c\u6307\u6578","^TAI100Ix2   \u81fa\u7063\u4e2d\u578b100\u5831\u916c\u6307\u6578_\u65e5\u6b632","^TAIDIVIDI   \u81fa\u7063\u9ad8\u80a1\u606f\u5831\u916c\u6307\u6578","^TAIDIVIDIx2 \u81fa\u7063\u9ad8\u80a1\u606f\u5831\u916c\u6307\u6578_\u65e5\u6b632","0050Fund     \u5143\u5927\u53f0\u7063\u5353\u8d8a50\u57fa\u91d1","006208Fund   \u5bcc\u90a6\u53f0\u7063\u91c6\u540950\u57fa\u91d1","0050         \u5143\u5927\u81fa\u706350","00631L       \u5143\u5927\u53f0\u706350\u6b632","00675L       \u5bcc\u90a6\u81fa\u7063\u52a0\u6b0a\u6b632","006208       \u5bcc\u90a6\u53f050","0051         \u5143\u5927\u4e2d\u578b100","006204       \u6c38\u8c50\u81fa\u7063\u52a0\u6b0a","0056         \u5143\u5927\u9ad8\u80a1\u606f","0056         \u5143\u5927\u9ad8\u80a1\u606f_\u80a1\u606f\u4e0d\u6295\u5165","2412         \u4e2d\u83ef\u96fb\u4fe1","2002         \u4e2d\u92fc","2330         \u53f0\u7a4d\u96fb","2317         \u9d3b\u6d77","6505         \u53f0\u5851\u77f3\u5316","3481         \u7fa4\u5275","2303         \u806f\u96fb","2308         \u53f0\u9054\u96fb","2454         \u806f\u767c\u79d1","2886         \u5146\u8c50\u91d1","2884         \u7389\u5c71\u91d1","2891         \u4e2d\u4fe1\u91d1","2892         \u7b2c\u4e00\u91d1","5880         \u5408\u5eab\u91d1","2881         \u5bcc\u90a6\u91d1","2885         \u5143\u5927\u91d1","2887         \u53f0\u65b0\u91d1"],"zmin":-1,"zmax":1,"colorbar":{"x":-0.2}}],"layout":{"autotypenumbers":"strict","colorway":["#636efa","#EF553B","#00cc96","#ab63fa","#FFA15A","#19d3f3","#FF6692","#B6E880","#FF97FF","#FECB52"],"font":{"color":"#f2f5fa","family":"Courier New"},"hovermode":"closest","hoverlabel":{"align":"left"},"paper_bgcolor":"rgb(17,17,17)","plot_bgcolor":"rgb(17,17,17)","polar":{"bgcolor":"rgb(17,17,17)","angularaxis":{"gridcolor":"#506784","linecolor":"#506784","ticks":""},"radialaxis":{"gridcolor":"#506784","linecolor":"#506784","ticks":""}},"ternary":{"bgcolor":"rgb(17,17,17)","aaxis":{"gridcolor":"#506784","linecolor":"#506784","ticks":""},"baxis":{"gridcolor":"#506784","linecolor":"#506784","ticks":""},"caxis":{"gridcolor":"#506784","linecolor":"#506784","ticks":""}},"coloraxis":{"colorbar":{"outlinewidth":0,"ticks":""}},"colorscale":{"sequential":[[0.0,"#0d0887"],[0.1111111111111111,"#46039f"],[0.2222222222222222,"#7201a8"],[0.3333333333333333,"#9c179e"],[0.4444444444444444,"#bd3786"],[0.5555555555555556,"#d8576b"],[0.6666666666666666,"#ed7953"],[0.7777777777777778,"#fb9f3a"],[0.8888888888888888,"#fdca26"],[1.0,"#f0f921"]],"sequentialminus":[[0.0,"#0d0887"],[0.1111111111111111,"#46039f"],[0.2222222222222222,"#7201a8"],[0.3333333333333333,"#9c179e"],[0.4444444444444444,"#bd3786"],[0.5555555555555556,"#d8576b"],[0.6666666666666666,"#ed7953"],[0.7777777777777778,"#fb9f3a"],[0.8888888888888888,"#fdca26"],[1.0,"#f0f921"]],"diverging":[[0,"#8e0152"],[0.1,"#c51b7d"],[0.2,"#de77ae"],[0.3,"#f1b6da"],[0.4,"#fde0ef"],[0.5,"#f7f7f7"],[0.6,"#e6f5d0"],[0.7,"#b8e186"],[0.8,"#7fbc41"],[0.9,"#4d9221"],[1,"#276419"]]},"xaxis":{"gridcolor":"rgba(0, 0, 0, 0)","linecolor":"#506784","ticks":"","title":{"standoff":15},"zerolinecolor":"#283442","automargin":true,"zerolinewidth":2,"tickfont":{"family":"Courier New","size":14},"side":"top","tickangle":-90},"yaxis":{"gridcolor":"rgba(0, 0, 0, 0)","linecolor":"#506784","ticks":"","title":{"standoff":15},"zerolinecolor":"#283442","automargin":true,"zerolinewidth":2,"tickfont":{"family":"Courier New"},"side":"right"},"scene":{"xaxis":{"backgroundcolor":"rgb(17,17,17)","gridcolor":"#506784","linecolor":"#506784","showbackground":true,"ticks":"","zerolinecolor":"#C8D4E3","gridwidth":2},"yaxis":{"backgroundcolor":"rgb(17,17,17)","gridcolor":"#506784","linecolor":"#506784","showbackground":true,"ticks":"","zerolinecolor":"#C8D4E3","gridwidth":2},"zaxis":{"backgroundcolor":"rgb(17,17,17)","gridcolor":"#506784","linecolor":"#506784","showbackground":true,"ticks":"","zerolinecolor":"#C8D4E3","gridwidth":2}},"shapedefaults":{"line":{"color":"#f2f5fa"}},"annotationdefaults":{"arrowcolor":"#f2f5fa","arrowhead":0,"arrowwidth":1},"geo":{"bgcolor":"rgb(17,17,17)","landcolor":"rgb(17,17,17)","subunitcolor":"#506784","showland":true,"showlakes":true,"lakecolor":"rgb(17,17,17)"},"title":{"x":0.05,"font":{"family":"Times New Roman"},"y":0.05,"text":"<b>Correlation of Close<b><br><i>2016-09-23 ~ 2025-10-15<i>"},"updatemenudefaults":{"bgcolor":"#506784","borderwidth":0},"sliderdefaults":{"bgcolor":"#C8D4E3","borderwidth":1,"bordercolor":"rgb(17,17,17)","tickwidth":0},"mapbox":{"style":"dark"},"annotations":[{"text":"<b>@zwindr<b>","textangle":0,"opacity":0.5,"font":{"color":"white","size":12},"xref":"paper","yref":"paper","xanchor":"left","yanchor":"bottom","x":1.0,"y":1.0,"showarrow":false}]},"config":{"responsive":true,"toImageButtonOptions":{"filename":"Correlation of Close_2016-09-23~2025-10-15","scale":5}}};Plotly.newPlot("correlationClose",correlationClose.data,correlationClose.layout||{},correlationClose.config);}else{console.log("style display is none => correlationClose");}