var element=document.getElementById("correlationAdjClose");if(element.style.display!='none'){var correlationAdjClose={"data":[{"type":"heatmap","z":[[1.0,0.9965360204628833,0.9490066069892524,0.9964761083340681,0.9164634360376084,0.9890461286720529,0.9626211402212946,0.9811675886223036,0.9806010481962862,0.9965898895104427,0.996641445778439,0.9967907034275798,0.8784946775134415,0.9806961932096532,0.9967348641179735,0.9896020004423716,0.9997879864511124,0.9810305105446455,0.9016532074004675,0.8845714266129465,0.5816690223956081,0.986716159779576,0.9466981129281421,0.2643492129786593,-0.1769857737032254,0.9184277585780013,0.893047428072463,0.9421952609250729,0.9354606906319538,0.9364241317038581,0.9843886900992237,0.9356051765416886,0.8898154348969972,0.972595889089848,0.9837414980294822,0.9620024781112686],[0.9965360204628833,1.0,0.954320906898341,0.9943166041778436,0.9227056953171958,0.9855039927520631,0.9644108342747795,0.9718707249623607,0.9775647251843401,0.9952754416267872,0.9967696773902153,0.9963396333898258,0.8871126231395471,0.9845128617830308,0.9968187635895934,0.985321450734072,0.9979908515521423,0.9737469198704879,0.9118700992088381,0.8711770498413633,0.6057585382380993,0.9782367160373122,0.9295474477049732,0.2576787624835698,-0.11839292806598091,0.9065311851452307,0.8972083251892599,0.9466578671212713,0.9162002642842461,0.922041056683427,0.9775142499059276,0.918358621094391,0.8857408416149551,0.9626487584502539,0.9785594137668634,0.9556908261357371],[0.9490066069892524,0.954320906898341,1.0,0.9675607025786959,0.994808688555497,0.9394367424396133,0.9821421527380273,0.8960975655356619,0.9558508478685425,0.9677897631099253,0.9754110789794672,0.971995514206481,0.9109127469055359,0.9975686387311091,0.9751612972907401,0.9370116741270417,0.9601445796384935,0.8971243176974727,0.8144754601981608,0.7188989572841474,0.3822585852041728,0.9725003315952094,0.887266245108994,0.0869598949126358,-0.05437288688081433,0.8993069700566665,0.9705347371548529,0.9714784574529314,0.786476035438918,0.7983185384232778,0.9323101668452777,0.7911437479029073,0.736996987283879,0.8835283940477523,0.9534544411711169,0.8786894800072026],[0.9964761083340681,0.9943166041778436,0.9675607025786959,1.0,0.9417747409801174,0.9808074723646054,0.9679433028513158,0.9662764938341669,0.9773189451828296,0.9999825569935115,0.9999952537311857,0.9999749871615218,0.8893133458959456,0.9871606192318465,0.999969722506131,0.9791856669265554,0.9961491560819344,0.9659460720292415,0.8790181095289978,0.8538466567715998,0.5310249693247376,0.9955927280676464,0.9438703845825327,0.22447153558752794,-0.1552698721941265,0.9133806142898859,0.9183624563308245,0.9519799483524545,0.908373058603822,0.9163219517229106,0.9828957218859952,0.9094988529050272,0.8588241162000121,0.9603276944474833,0.9826941050913641,0.9480614410761932],[0.9164634360376084,0.9227056953171958,0.994808688555497,0.9417747409801174,1.0,0.9015255183832898,0.9616756552410013,0.8514663763020592,0.9249662386912474,0.9425937600178452,0.9550402664819758,0.949646147762537,0.9049891322131077,0.987285126661356,0.9545522322122852,0.8989345485535151,0.9314268683598292,0.8525692251227561,0.765828017080092,0.6635788617971686,0.3207114267849792,0.9513087439204976,0.854045113236459,0.052940393550941205,-0.02992470608679799,0.8648998447957144,0.9799826424060901,0.9562245414083623,0.7274485103250975,0.7457655562414741,0.9002038953894472,0.733813121548509,0.6729171257212119,0.838932415421485,0.9223194424761888,0.8338937272221055],[0.9890461286720529,0.9855039927520631,0.9394367424396133,0.9808074723646054,0.9015255183832898,1.0,0.9735704252054639,0.9815345041547925,0.9839189830344703,0.9804456683830103,0.9757472476518967,0.9785343149088325,0.8564665832302609,0.9510525817087802,0.975776409826199,0.9999295149023877,0.9903419638729258,0.9824405839119068,0.9090742217463353,0.8580748826720782,0.5534015078903411,0.9734943212652063,0.9297840170544137,0.1613624691523362,-0.12532369594983206,0.9380153150813403,0.8687661202373319,0.9374687784774998,0.9291942320552469,0.9194356613258652,0.9709035847576407,0.9301856163589998,0.9067990859783183,0.9620740743443776,0.9849503884245628,0.9656295458391208],[0.9626211402212946,0.9644108342747795,0.9821421527380273,0.9679433028513158,0.9616756552410013,0.9735704252054639,1.0,0.9333477592017599,0.9822125953358399,0.967304160438073,0.9761750452264935,0.9725727310420657,0.897223743099004,0.9852834604904612,0.9758934590236237,0.9746996719304887,0.976743735318471,0.9363376139576209,0.8567224398914843,0.7510655850645162,0.4079822299878383,0.9688316777803224,0.909502717263901,0.031130783646977092,-0.0422190822606441,0.9196622934883841,0.9293794721634324,0.967138919244379,0.8317529709323829,0.824591532357623,0.9451734641288082,0.8342844929670262,0.8058177609727492,0.9096247331431637,0.9748742159557454,0.9107178458248808],[0.9811675886223036,0.9718707249623607,0.8960975655356619,0.9662764938341669,0.8514663763020592,0.9815345041547925,0.9333477592017599,1.0,0.9760192690991143,0.9661522661755925,0.9617526795268304,0.9651326130711484,0.8185357519457684,0.923424044208342,0.9620061647299186,0.9832575822148222,0.9787165692286661,0.9998978879143672,0.9392488026932225,0.9259412488445047,0.5454699259462017,0.9536662245180011,0.9238603044959093,0.13716017887244666,-0.22080492103564694,0.9148657157741884,0.8042535822759389,0.902182534095413,0.9662736569351533,0.9530029550189727,0.9706744716746551,0.9582459048139161,0.919070525152642,0.9704968255753313,0.9595546493535765,0.9740257038436886],[0.9806010481962862,0.9775647251843401,0.9558508478685425,0.9773189451828296,0.9249662386912474,0.9839189830344703,0.9822125953358399,0.9760192690991143,1.0,0.9769043342853081,0.9735520976505188,0.9758151231474632,0.8672613696724404,0.9603434462707418,0.9734333705735765,0.9832656683410628,0.9797385491373984,0.9764483046230392,0.9080206460106918,0.84059196836156,0.430107229010128,0.9712268784912937,0.9331808983962744,-0.00017210892668242207,-0.11790077512994564,0.9215134664246757,0.874201107294496,0.9585604894630332,0.8959939989513576,0.881031313235316,0.9693378414472202,0.8900761737210059,0.8488031571063904,0.9487105727451011,0.9810240837390992,0.9375219233056873],[0.9965898895104427,0.9952754416267872,0.9677897631099253,0.9999825569935115,0.9425937600178452,0.9804456683830103,0.967304160438073,0.9661522661755925,0.9769043342853081,1.0,0.9999949735386353,0.9999853233810446,0.8908240635747136,0.9873859905436206,0.9999708219659617,0.9789244392651952,0.996038727761182,0.9657952926632974,0.8804322713944901,0.8541534536207854,0.5217261101577048,0.9957828905748578,0.9445441926337815,0.22686467276821676,-0.15198952441208638,0.9142750896250957,0.9178264407776588,0.9512195558693062,0.9063190472618985,0.9138740568926028,0.9822818788684842,0.9073477658441312,0.8556690490998157,0.9589490050623967,0.9823682398073246,0.9469139247362288],[0.996641445778439,0.9967696773902153,0.9754110789794672,0.9999952537311857,0.9550402664819758,0.9757472476518967,0.9761750452264935,0.9617526795268304,0.9735520976505188,0.9999949735386353,1.0,0.999979999013898,0.890882678922167,0.9872468363859366,0.9999727276853076,0.9753002571087631,0.995951947917561,0.9625788265025234,0.8970426031845606,0.8840649874352091,0.3490901268196111,0.997739956489786,0.9357281454961065,-0.2282572667252444,0.6514404339085735,0.9101245500249135,0.9123224714227994,0.9520772208332714,0.884765344641073,0.8901808066823313,0.9775896015824322,0.8777935849508465,0.8073938188410653,0.9480328324590183,0.9872211712983866,0.9451114934994488],[0.9967907034275798,0.9963396333898258,0.971995514206481,0.9999749871615218,0.949646147762537,0.9785343149088325,0.9725727310420657,0.9651326130711484,0.9758151231474632,0.9999853233810446,0.999979999013898,1.0,0.8909590421707241,0.9874487690163755,0.9999783827980064,0.9782111184921036,0.995959943970066,0.9655215156366087,0.8879401320301415,0.8719869847539045,0.43465735154384166,0.997155990811389,0.943494092165322,-0.036752680691641046,0.0695557313344327,0.9204528399030047,0.9133347448202913,0.9483956333475412,0.8942040174898087,0.8998160974986084,0.9796116380523654,0.893017347511447,0.8384638150339605,0.9540715023872366,0.9826308538484714,0.9466110390590193],[0.8784946775134415,0.8871126231395471,0.9109127469055359,0.8893133458959456,0.9049891322131077,0.8564665832302609,0.897223743099004,0.8185357519457684,0.8672613696724404,0.8908240635747136,0.890882678922167,0.8909590421707241,1.0,0.9998845087321913,0.8905442096603797,0.8570695971366857,0.8794887492496246,0.822080705909768,0.7572007991352353,0.698955234548455,0.1707292689454306,0.8862520893081767,0.8195193080883937,-0.4741034233181425,0.6799971602771261,0.8040092677727375,0.8825595783981413,0.8904776101185525,0.699585313793412,0.7020954737533835,0.8533319332904817,0.6904846533477353,0.6020671378274077,0.8118863036203793,0.875101314885097,0.8156362005898593],[0.9806961932096532,0.9845128617830308,0.9975686387311091,0.9871606192318465,0.987285126661356,0.9510525817087802,0.9852834604904612,0.923424044208342,0.9603434462707418,0.9873859905436206,0.9872468363859366,0.9874487690163755,0.9998845087321913,1.0,0.9872318884595785,0.9503097631651529,0.9792099746815512,0.9256690158053378,0.8527115915212479,0.8416441844233123,0.0725342435398222,0.9789009571805392,0.8917883963544937,-0.6487273287738728,0.7229838160435366,0.883640176584622,0.9569124373048435,0.9668191341655654,0.7902652345122156,0.8068557840320434,0.943583240917555,0.8005512819390925,0.6733772384062516,0.8931361107893792,0.9669353367103876,0.9159370954483134],[0.9967348641179735,0.9968187635895934,0.9751612972907401,0.999969722506131,0.9545522322122852,0.975776409826199,0.9758934590236237,0.9620061647299186,0.9734333705735765,0.9999708219659617,0.9999727276853076,0.9999783827980064,0.8905442096603797,0.9872318884595785,1.0,0.9754397360111777,0.9960525986465751,0.9629622926854887,0.8976441253651826,0.8852643554283438,0.3520237834621571,0.9976250616261908,0.9358184206435023,-0.22553021860054576,0.648892276427348,0.9101073654717974,0.9109936111745235,0.9515785562785846,0.8857920803854672,0.8913430866796209,0.9774870173670869,0.8789419572979003,0.809207383672289,0.9480057980168043,0.9871934258659483,0.9453062971563821],[0.9896020004423716,0.985321450734072,0.9370116741270417,0.9791856669265554,0.8989345485535151,0.9999295149023877,0.9746996719304887,0.9832575822148222,0.9832656683410628,0.9789244392651952,0.9753002571087631,0.9782111184921036,0.8570695971366857,0.9503097631651529,0.9754397360111777,1.0,0.9902480580169642,0.9828497341661786,0.9118773721048655,0.8820913441845307,0.5233558699684038,0.9715341527283557,0.9268105371224132,0.009249102983285382,-0.03956853593816239,0.9431397513062941,0.8595200924857401,0.9335743645698312,0.9307316317827362,0.9161231596527043,0.9687503517986815,0.9301956618252785,0.901959546767708,0.9639375251147242,0.9841789505253561,0.9678464350649261],[0.9997879864511124,0.9979908515521423,0.9601445796384935,0.9961491560819344,0.9314268683598292,0.9903419638729258,0.976743735318471,0.9787165692286661,0.9797385491373984,0.996038727761182,0.995951947917561,0.995959943970066,0.8794887492496246,0.9792099746815512,0.9960525986465751,0.9902480580169642,1.0,0.979421755759163,0.921089952024198,0.9075591084049961,0.4239143898739658,0.9910172307760473,0.9363538958549287,-0.17507937157534603,0.6399890801999637,0.9286480388887024,0.8864413973442891,0.9455470024301261,0.9183231858944723,0.9143047636976666,0.9795268951646753,0.9111085087494207,0.8568647878867534,0.9635065856766379,0.9917942696117612,0.9656586532179509],[0.9810305105446455,0.9737469198704879,0.8971243176974727,0.9659460720292415,0.8525692251227561,0.9824405839119068,0.9363376139576209,0.9998978879143672,0.9764483046230392,0.9657952926632974,0.9625788265025234,0.9655215156366087,0.822080705909768,0.9256690158053378,0.9629622926854887,0.9828497341661786,0.979421755759163,1.0,0.9419181008629144,0.9313770386450937,0.5391993159565486,0.95261017653334,0.9268717788725641,0.09852110643804342,-0.1426540500117625,0.9200065841156344,0.801936739822304,0.9032666510922235,0.9655700992489593,0.9515364131399946,0.9695592597161509,0.9560640258613387,0.9168779744563422,0.9696999458528602,0.958666374836356,0.9744820920961148],[0.9016532074004675,0.9118700992088381,0.8144754601981608,0.8790181095289978,0.765828017080092,0.9090742217463353,0.8567224398914843,0.9392488026932225,0.9080206460106918,0.8804322713944901,0.8970426031845606,0.8879401320301415,0.7572007991352353,0.8527115915212479,0.8976441253651826,0.9118773721048655,0.921089952024198,0.9419181008629144,1.0,0.8446916829035309,0.6239428925786258,0.8542366478266995,0.8400110716134331,0.18496643521733974,-0.04806400323670808,0.8753667228795221,0.706688565920965,0.8343771155506833,0.897295388238544,0.8711727127586083,0.8728821170004499,0.8808693427281638,0.8567635196270026,0.8796203510980477,0.8825105380725125,0.9096000921161697],[0.8845714266129465,0.8711770498413633,0.7188989572841474,0.8538466567715998,0.6635788617971686,0.8580748826720782,0.7510655850645162,0.9259412488445047,0.84059196836156,0.8541534536207854,0.8840649874352091,0.8719869847539045,0.698955234548455,0.8416441844233123,0.8852643554283438,0.8820913441845307,0.9075591084049961,0.9313770386450937,0.8446916829035309,1.0,0.8037464889019259,0.8078228692559397,0.8662622955995622,0.5865846033815546,-0.4622025247414639,0.7106880317167409,0.6647728244137009,0.7340686610225333,0.9632803136594864,0.9430802804323632,0.8760080182979249,0.9521179828484367,0.9093777953121334,0.8998647755269678,0.8255824529370313,0.8822506755925338],[0.5816690223956081,0.6057585382380993,0.3822585852041728,0.5310249693247376,0.3207114267849792,0.5534015078903411,0.4079822299878383,0.5454699259462017,0.430107229010128,0.5217261101577048,0.3490901268196111,0.43465735154384166,0.1707292689454306,0.0725342435398222,0.3520237834621571,0.5233558699684038,0.4239143898739658,0.5391993159565486,0.6239428925786258,0.8037464889019259,1.0,0.4816382608949365,0.6303260391996258,0.7210148786859527,-0.11494339955985644,0.4617803188758967,0.3714619031125798,0.4561398175177104,0.7484535884182001,0.670451756483648,0.5376073593715273,0.7047741516856568,0.7385685232784276,0.6093111578306017,0.5382423434643343,0.6126241624252241],[0.986716159779576,0.9782367160373122,0.9725003315952094,0.9955927280676464,0.9513087439204976,0.9734943212652063,0.9688316777803224,0.9536662245180011,0.9712268784912937,0.9957828905748578,0.997739956489786,0.997155990811389,0.8862520893081767,0.9789009571805392,0.9976250616261908,0.9715341527283557,0.9910172307760473,0.95261017653334,0.8542366478266995,0.8078228692559397,0.4816382608949365,1.0,0.9230225376481473,0.1643906636331346,-0.14522724322309366,0.8966526636653989,0.927215075933939,0.9491669535219218,0.8751697728527557,0.8953874665635176,0.9754487949316359,0.8846807433957992,0.8305614383985409,0.9468184598737617,0.971995098463427,0.9305020945948796],[0.9466981129281421,0.9295474477049732,0.887266245108994,0.9438703845825327,0.854045113236459,0.9297840170544137,0.909502717263901,0.9238603044959093,0.9331808983962744,0.9445441926337815,0.9357281454961065,0.943494092165322,0.8195193080883937,0.8917883963544937,0.9358184206435023,0.9268105371224132,0.9363538958549287,0.9268717788725641,0.8400110716134331,0.8662622955995622,0.6303260391996258,0.9230225376481473,1.0,0.2299439613263744,-0.1125340090644884,0.7752140943730269,0.827344949114266,0.8752973856132152,0.8987172107557065,0.8734697140182508,0.9497378056168584,0.8800137591900522,0.8394307188964087,0.9443977456856257,0.9089164318963313,0.8913018839693032],[0.2643492129786593,0.2576787624835698,0.0869598949126358,0.22447153558752794,0.052940393550941205,0.1613624691523362,0.031130783646977092,0.13716017887244666,-0.00017210892668242207,0.22686467276821676,-0.2282572667252444,-0.036752680691641046,-0.4741034233181425,-0.6487273287738728,-0.22553021860054576,0.009249102983285382,-0.17507937157534603,0.09852110643804342,0.18496643521733974,0.5865846033815546,0.7210148786859527,0.1643906636331346,0.2299439613263744,1.0,-0.38181396092938547,0.18589082514627597,0.09281049645306165,0.09008293212480634,0.41780171918569037,0.4030066698250025,0.21861297254768933,0.4281638342781792,0.37200433320715776,0.26811222927815315,0.1702030607491976,0.29405208033332153],[-0.1769857737032254,-0.11839292806598091,-0.05437288688081433,-0.1552698721941265,-0.02992470608679799,-0.12532369594983206,-0.0422190822606441,-0.22080492103564694,-0.11790077512994564,-0.15198952441208638,0.6514404339085735,0.0695557313344327,0.6799971602771261,0.7229838160435366,0.648892276427348,-0.03956853593816239,0.6399890801999637,-0.1426540500117625,-0.04806400323670808,-0.4622025247414639,-0.11494339955985644,-0.14522724322309366,-0.1125340090644884,-0.38181396092938547,1.0,-0.05467023496852913,-0.051306592320369916,-0.03931568955535125,-0.333350086235778,-0.3170441987985442,-0.20105672244798656,-0.2913683607011079,-0.17886077852298116,-0.25562824764652403,-0.08216282934395898,-0.22338263252445312],[0.9184277585780013,0.9065311851452307,0.8993069700566665,0.9133806142898859,0.8648998447957144,0.9380153150813403,0.9196622934883841,0.9148657157741884,0.9215134664246757,0.9142750896250957,0.9101245500249135,0.9204528399030047,0.8040092677727375,0.883640176584622,0.9101073654717974,0.9431397513062941,0.9286480388887024,0.9200065841156344,0.8753667228795221,0.7106880317167409,0.4617803188758967,0.8966526636653989,0.7752140943730269,0.18589082514627597,-0.05467023496852913,1.0,0.8165121907634267,0.9213973844496127,0.7990356906040124,0.8400893740735359,0.8681998417975525,0.84261835887973,0.8159408891339096,0.8722544640128171,0.902540410747374,0.9038929467922044],[0.893047428072463,0.8972083251892599,0.9705347371548529,0.9183624563308245,0.9799826424060901,0.8687661202373319,0.9293794721634324,0.8042535822759389,0.874201107294496,0.9178264407776588,0.9123224714227994,0.9133347448202913,0.8825595783981413,0.9569124373048435,0.9109936111745235,0.8595200924857401,0.8864413973442891,0.801936739822304,0.706688565920965,0.6647728244137009,0.3714619031125798,0.927215075933939,0.827344949114266,0.09281049645306165,-0.051306592320369916,0.8165121907634267,1.0,0.9181879993338298,0.7082613116647867,0.7228829908496112,0.8687318216119575,0.7092625168691891,0.6516203373455649,0.8060225118115967,0.8882588748329673,0.8067896251769322],[0.9421952609250729,0.9466578671212713,0.9714784574529314,0.9519799483524545,0.9562245414083623,0.9374687784774998,0.967138919244379,0.902182534095413,0.9585604894630332,0.9512195558693062,0.9520772208332714,0.9483956333475412,0.8904776101185525,0.9668191341655654,0.9515785562785846,0.9335743645698312,0.9455470024301261,0.9032666510922235,0.8343771155506833,0.7340686610225333,0.4561398175177104,0.9491669535219218,0.8752973856132152,0.09008293212480634,-0.03931568955535125,0.9213973844496127,0.9181879993338298,1.0,0.8092794888812667,0.80961191880861,0.9212130071472027,0.8026994293191887,0.7682816276478807,0.8942669808935452,0.9548160406657745,0.8704648713010856],[0.9354606906319538,0.9162002642842461,0.786476035438918,0.908373058603822,0.7274485103250975,0.9291942320552469,0.8317529709323829,0.9662736569351533,0.8959939989513576,0.9063190472618985,0.884765344641073,0.8942040174898087,0.699585313793412,0.7902652345122156,0.8857920803854672,0.9307316317827362,0.9183231858944723,0.9655700992489593,0.897295388238544,0.9632803136594864,0.7484535884182001,0.8751697728527557,0.8987172107557065,0.41780171918569037,-0.333350086235778,0.7990356906040124,0.7082613116647867,0.8092794888812667,1.0,0.9872812942530068,0.9325401796817974,0.9915168425273033,0.9569743545458232,0.9547855270452051,0.8835167667399082,0.9547535748617857],[0.9364241317038581,0.922041056683427,0.7983185384232778,0.9163219517229106,0.7457655562414741,0.9194356613258652,0.824591532357623,0.9530029550189727,0.881031313235316,0.9138740568926028,0.8901808066823313,0.8998160974986084,0.7020954737533835,0.8068557840320434,0.8913430866796209,0.9161231596527043,0.9143047636976666,0.9515364131399946,0.8711727127586083,0.9430802804323632,0.670451756483648,0.8953874665635176,0.8734697140182508,0.4030066698250025,-0.3170441987985442,0.8400893740735359,0.7228829908496112,0.80961191880861,0.9872812942530068,1.0,0.9342961642660613,0.986252521938672,0.9569221952208079,0.9437020463074466,0.9019379357312585,0.9578220653279513],[0.9843886900992237,0.9775142499059276,0.9323101668452777,0.9828957218859952,0.9002038953894472,0.9709035847576407,0.9451734641288082,0.9706744716746551,0.9693378414472202,0.9822818788684842,0.9775896015824322,0.9796116380523654,0.8533319332904817,0.943583240917555,0.9774870173670869,0.9687503517986815,0.9795268951646753,0.9695592597161509,0.8728821170004499,0.8760080182979249,0.5376073593715273,0.9754487949316359,0.9497378056168584,0.21861297254768933,-0.20105672244798656,0.8681998417975525,0.8687318216119575,0.9212130071472027,0.9325401796817974,0.9342961642660613,1.0,0.9294517199186384,0.8777087604181443,0.9754393357911243,0.9738022227009256,0.9566962796339707],[0.9356051765416886,0.918358621094391,0.7911437479029073,0.9094988529050272,0.733813121548509,0.9301856163589998,0.8342844929670262,0.9582459048139161,0.8900761737210059,0.9073477658441312,0.8777935849508465,0.893017347511447,0.6904846533477353,0.8005512819390925,0.8789419572979003,0.9301956618252785,0.9111085087494207,0.9560640258613387,0.8808693427281638,0.9521179828484367,0.7047741516856568,0.8846807433957992,0.8800137591900522,0.4281638342781792,-0.2913683607011079,0.84261835887973,0.7092625168691891,0.8026994293191887,0.9915168425273033,0.986252521938672,0.9294517199186384,1.0,0.9742744777457836,0.9464552524408554,0.9057241432579759,0.9546846413308843],[0.8898154348969972,0.8857408416149551,0.736996987283879,0.8588241162000121,0.6729171257212119,0.9067990859783183,0.8058177609727492,0.919070525152642,0.8488031571063904,0.8556690490998157,0.8073938188410653,0.8384638150339605,0.6020671378274077,0.6733772384062516,0.809207383672289,0.901959546767708,0.8568647878867534,0.9168779744563422,0.8567635196270026,0.9093777953121334,0.7385685232784276,0.8305614383985409,0.8394307188964087,0.37200433320715776,-0.17886077852298116,0.8159408891339096,0.6516203373455649,0.7682816276478807,0.9569743545458232,0.9569221952208079,0.8777087604181443,0.9742744777457836,1.0,0.9005624270992618,0.8757161221196804,0.931016043609043],[0.972595889089848,0.9626487584502539,0.8835283940477523,0.9603276944474833,0.838932415421485,0.9620740743443776,0.9096247331431637,0.9704968255753313,0.9487105727451011,0.9589490050623967,0.9480328324590183,0.9540715023872366,0.8118863036203793,0.8931361107893792,0.9480057980168043,0.9639375251147242,0.9635065856766379,0.9696999458528602,0.8796203510980477,0.8998647755269678,0.6093111578306017,0.9468184598737617,0.9443977456856257,0.26811222927815315,-0.25562824764652403,0.8722544640128171,0.8060225118115967,0.8942669808935452,0.9547855270452051,0.9437020463074466,0.9754393357911243,0.9464552524408554,0.9005624270992618,1.0,0.9546243532003315,0.9551809381970541],[0.9837414980294822,0.9785594137668634,0.9534544411711169,0.9826941050913641,0.9223194424761888,0.9849503884245628,0.9748742159557454,0.9595546493535765,0.9810240837390992,0.9823682398073246,0.9872211712983866,0.9826308538484714,0.875101314885097,0.9669353367103876,0.9871934258659483,0.9841789505253561,0.9917942696117612,0.958666374836356,0.8825105380725125,0.8255824529370313,0.5382423434643343,0.971995098463427,0.9089164318963313,0.1702030607491976,-0.08216282934395898,0.902540410747374,0.8882588748329673,0.9548160406657745,0.8835167667399082,0.9019379357312585,0.9738022227009256,0.9057241432579759,0.8757161221196804,0.9546243532003315,1.0,0.9382065201141433],[0.9620024781112686,0.9556908261357371,0.8786894800072026,0.9480614410761932,0.8338937272221055,0.9656295458391208,0.9107178458248808,0.9740257038436886,0.9375219233056873,0.9469139247362288,0.9451114934994488,0.9466110390590193,0.8156362005898593,0.9159370954483134,0.9453062971563821,0.9678464350649261,0.9656586532179509,0.9744820920961148,0.9096000921161697,0.8822506755925338,0.6126241624252241,0.9305020945948796,0.8913018839693032,0.29405208033332153,-0.22338263252445312,0.9038929467922044,0.8067896251769322,0.8704648713010856,0.9547535748617857,0.9578220653279513,0.9566962796339707,0.9546846413308843,0.931016043609043,0.9551809381970541,0.9382065201141433,1.0]],"x":["^TAIEX       \u81fa\u7063\u52a0\u6b0a\u5831\u916c\u6307\u6578","^TWII        \u81fa\u7063\u52a0\u6b0a\u6307\u6578","^TAIEXx2     \u81fa\u7063\u52a0\u6b0a\u5831\u916c\u6307\u6578_\u65e5\u6b632","^TAI50I      \u81fa\u706350\u5831\u916c\u6307\u6578","^TAI50Ix2    \u81fa\u706350\u5831\u916c\u6307\u6578_\u65e5\u6b632","^TAI100I     \u81fa\u7063\u4e2d\u578b100\u5831\u916c\u6307\u6578","^TAI100Ix2   \u81fa\u7063\u4e2d\u578b100\u5831\u916c\u6307\u6578_\u65e5\u6b632","^TAIDIVIDI   \u81fa\u7063\u9ad8\u80a1\u606f\u5831\u916c\u6307\u6578","^TAIDIVIDIx2 \u81fa\u7063\u9ad8\u80a1\u606f\u5831\u916c\u6307\u6578_\u65e5\u6b632","0050Fund     \u5143\u5927\u53f0\u7063\u5353\u8d8a50\u57fa\u91d1","006208Fund   \u5bcc\u90a6\u53f0\u7063\u91c6\u540950\u57fa\u91d1","0050         \u5143\u5927\u81fa\u706350","00631L       \u5143\u5927\u53f0\u706350\u6b632","00675L       \u5bcc\u90a6\u81fa\u7063\u52a0\u6b0a\u6b632","006208       \u5bcc\u90a6\u53f050","0051         \u5143\u5927\u4e2d\u578b100","006204       \u6c38\u8c50\u81fa\u7063\u52a0\u6b0a","0056         \u5143\u5927\u9ad8\u80a1\u606f","0056         \u5143\u5927\u9ad8\u80a1\u606f_\u80a1\u606f\u4e0d\u6295\u5165","2412         \u4e2d\u83ef\u96fb\u4fe1","2002         \u4e2d\u92fc","2330         \u53f0\u7a4d\u96fb","2317         \u9d3b\u6d77","6505         \u53f0\u5851\u77f3\u5316","3481         \u7fa4\u5275","2303         \u806f\u96fb","2308         \u53f0\u9054\u96fb","2454         \u806f\u767c\u79d1","2886         \u5146\u8c50\u91d1","2884         \u7389\u5c71\u91d1","2891         \u4e2d\u4fe1\u91d1","2892         \u7b2c\u4e00\u91d1","5880         \u5408\u5eab\u91d1","2881         \u5bcc\u90a6\u91d1","2885         \u5143\u5927\u91d1","2887         \u53f0\u65b0\u91d1"],"y":["^TAIEX       \u81fa\u7063\u52a0\u6b0a\u5831\u916c\u6307\u6578","^TWII        \u81fa\u7063\u52a0\u6b0a\u6307\u6578","^TAIEXx2     \u81fa\u7063\u52a0\u6b0a\u5831\u916c\u6307\u6578_\u65e5\u6b632","^TAI50I      \u81fa\u706350\u5831\u916c\u6307\u6578","^TAI50Ix2    \u81fa\u706350\u5831\u916c\u6307\u6578_\u65e5\u6b632","^TAI100I     \u81fa\u7063\u4e2d\u578b100\u5831\u916c\u6307\u6578","^TAI100Ix2   \u81fa\u7063\u4e2d\u578b100\u5831\u916c\u6307\u6578_\u65e5\u6b632","^TAIDIVIDI   \u81fa\u7063\u9ad8\u80a1\u606f\u5831\u916c\u6307\u6578","^TAIDIVIDIx2 \u81fa\u7063\u9ad8\u80a1\u606f\u5831\u916c\u6307\u6578_\u65e5\u6b632","0050Fund     \u5143\u5927\u53f0\u7063\u5353\u8d8a50\u57fa\u91d1","006208Fund   \u5bcc\u90a6\u53f0\u7063\u91c6\u540950\u57fa\u91d1","0050         \u5143\u5927\u81fa\u706350","00631L       \u5143\u5927\u53f0\u706350\u6b632","00675L       \u5bcc\u90a6\u81fa\u7063\u52a0\u6b0a\u6b632","006208       \u5bcc\u90a6\u53f050","0051         \u5143\u5927\u4e2d\u578b100","006204       \u6c38\u8c50\u81fa\u7063\u52a0\u6b0a","0056         \u5143\u5927\u9ad8\u80a1\u606f","0056         \u5143\u5927\u9ad8\u80a1\u606f_\u80a1\u606f\u4e0d\u6295\u5165","2412         \u4e2d\u83ef\u96fb\u4fe1","2002         \u4e2d\u92fc","2330         \u53f0\u7a4d\u96fb","2317         \u9d3b\u6d77","6505         \u53f0\u5851\u77f3\u5316","3481         \u7fa4\u5275","2303         \u806f\u96fb","2308         \u53f0\u9054\u96fb","2454         \u806f\u767c\u79d1","2886         \u5146\u8c50\u91d1","2884         \u7389\u5c71\u91d1","2891         \u4e2d\u4fe1\u91d1","2892         \u7b2c\u4e00\u91d1","5880         \u5408\u5eab\u91d1","2881         \u5bcc\u90a6\u91d1","2885         \u5143\u5927\u91d1","2887         \u53f0\u65b0\u91d1"],"zmin":-1,"zmax":1,"colorbar":{"x":-0.2}}],"layout":{"autotypenumbers":"strict","colorway":["#636efa","#EF553B","#00cc96","#ab63fa","#FFA15A","#19d3f3","#FF6692","#B6E880","#FF97FF","#FECB52"],"font":{"color":"#f2f5fa","family":"Courier New"},"hovermode":"closest","hoverlabel":{"align":"left"},"paper_bgcolor":"rgb(17,17,17)","plot_bgcolor":"rgb(17,17,17)","polar":{"bgcolor":"rgb(17,17,17)","angularaxis":{"gridcolor":"#506784","linecolor":"#506784","ticks":""},"radialaxis":{"gridcolor":"#506784","linecolor":"#506784","ticks":""}},"ternary":{"bgcolor":"rgb(17,17,17)","aaxis":{"gridcolor":"#506784","linecolor":"#506784","ticks":""},"baxis":{"gridcolor":"#506784","linecolor":"#506784","ticks":""},"caxis":{"gridcolor":"#506784","linecolor":"#506784","ticks":""}},"coloraxis":{"colorbar":{"outlinewidth":0,"ticks":""}},"colorscale":{"sequential":[[0.0,"#0d0887"],[0.1111111111111111,"#46039f"],[0.2222222222222222,"#7201a8"],[0.3333333333333333,"#9c179e"],[0.4444444444444444,"#bd3786"],[0.5555555555555556,"#d8576b"],[0.6666666666666666,"#ed7953"],[0.7777777777777778,"#fb9f3a"],[0.8888888888888888,"#fdca26"],[1.0,"#f0f921"]],"sequentialminus":[[0.0,"#0d0887"],[0.1111111111111111,"#46039f"],[0.2222222222222222,"#7201a8"],[0.3333333333333333,"#9c179e"],[0.4444444444444444,"#bd3786"],[0.5555555555555556,"#d8576b"],[0.6666666666666666,"#ed7953"],[0.7777777777777778,"#fb9f3a"],[0.8888888888888888,"#fdca26"],[1.0,"#f0f921"]],"diverging":[[0,"#8e0152"],[0.1,"#c51b7d"],[0.2,"#de77ae"],[0.3,"#f1b6da"],[0.4,"#fde0ef"],[0.5,"#f7f7f7"],[0.6,"#e6f5d0"],[0.7,"#b8e186"],[0.8,"#7fbc41"],[0.9,"#4d9221"],[1,"#276419"]]},"xaxis":{"gridcolor":"rgba(0, 0, 0, 0)","linecolor":"#506784","ticks":"","title":{"standoff":15},"zerolinecolor":"#283442","automargin":true,"zerolinewidth":2,"tickfont":{"family":"Courier New","size":14},"side":"top","tickangle":-90},"yaxis":{"gridcolor":"rgba(0, 0, 0, 0)","linecolor":"#506784","ticks":"","title":{"standoff":15},"zerolinecolor":"#283442","automargin":true,"zerolinewidth":2,"tickfont":{"family":"Courier New"},"side":"right"},"scene":{"xaxis":{"backgroundcolor":"rgb(17,17,17)","gridcolor":"#506784","linecolor":"#506784","showbackground":true,"ticks":"","zerolinecolor":"#C8D4E3","gridwidth":2},"yaxis":{"backgroundcolor":"rgb(17,17,17)","gridcolor":"#506784","linecolor":"#506784","showbackground":true,"ticks":"","zerolinecolor":"#C8D4E3","gridwidth":2},"zaxis":{"backgroundcolor":"rgb(17,17,17)","gridcolor":"#506784","linecolor":"#506784","showbackground":true,"ticks":"","zerolinecolor":"#C8D4E3","gridwidth":2}},"shapedefaults":{"line":{"color":"#f2f5fa"}},"annotationdefaults":{"arrowcolor":"#f2f5fa","arrowhead":0,"arrowwidth":1},"geo":{"bgcolor":"rgb(17,17,17)","landcolor":"rgb(17,17,17)","subunitcolor":"#506784","showland":true,"showlakes":true,"lakecolor":"rgb(17,17,17)"},"title":{"x":0.05,"font":{"family":"Times New Roman"},"y":0.05,"text":"<b>Correlation of Adj Close<b><br><i>2016-09-23 ~ 2026-06-25<i>"},"updatemenudefaults":{"bgcolor":"#506784","borderwidth":0},"sliderdefaults":{"bgcolor":"#C8D4E3","borderwidth":1,"bordercolor":"rgb(17,17,17)","tickwidth":0},"mapbox":{"style":"dark"},"annotations":[{"text":"<b>@zwindr<b>","textangle":0,"opacity":0.5,"font":{"color":"white","size":12},"xref":"paper","yref":"paper","xanchor":"left","yanchor":"bottom","x":1.0,"y":1.0,"showarrow":false}]},"config":{"responsive":true,"toImageButtonOptions":{"filename":"Correlation of Adj Close_2016-09-23~2026-06-25","scale":5}}};Plotly.newPlot("correlationAdjClose",correlationAdjClose.data,correlationAdjClose.layout||{},correlationAdjClose.config);}else{console.log("style display is none => correlationAdjClose");}