var element=document.getElementById("correlationClose");if(element.style.display!='none'){var correlationClose={"data":[{"type":"heatmap","z":[[1.0,0.9999999999999973,1.0,0.9949790955500007,0.9949790955500007,0.9716767209796221,0.9716767209796221,0.9137362982156799,0.9137362982156799,0.751247625966426,0.9950647662721906,0.6950026130962507,0.9903306406600394,0.9911254097918302,0.9951599846573306,0.9771963511923617,0.9992567748251749,0.9083252207359269,0.9083252207359269,0.7724007007106717,-0.18544578452490096,0.9801912625078869,0.24233731187649774,-0.15914220549411393,-0.22871597697425491,0.8215892988492931,0.8986816982520989,0.9260767397144658,0.90904002218839,0.7869449019275259,0.6384879807265693,0.6521932472592601,0.6099369643808752,0.9313431626814223,0.8616338589390896,0.25651242435562416],[0.9999999999999973,1.0,0.9999999999999976,0.9949455548207277,0.9949455548207277,0.9712391984964186,0.9712391984964186,0.9144501296354658,0.9144501296354658,0.7528765498324717,0.9950577171512816,0.6954161655990896,0.9900505785189871,0.9907037936111726,0.9951655931536812,0.9768173894503506,0.99925625854651,0.9081816239205762,0.9081816239205762,0.7896706157818021,0.025061145313201773,0.972970808299903,0.0075803921643251525,-0.15224323876868157,-0.2287659597527038,0.6668971431076235,0.8973120857290471,0.9052816521963581,0.904846023511693,0.7953839840731064,0.630956255009576,0.6498538031048199,0.634575090602842,0.9298405680431178,0.7337165291957118,0.2537064133599476],[1.0,0.9999999999999976,1.0,0.9949790955500007,0.9949790955500007,0.9716767209796221,0.9716767209796221,0.9137362982156799,0.9137362982156799,0.751247625966426,0.9950647662721906,0.6950026130962507,0.9903306406600394,0.9911254097918302,0.9951599846573306,0.9771963511923617,0.9992567748251749,0.9083252207359269,0.9083252207359269,0.7724007007106717,-0.18544578452490096,0.9801912625078869,0.24233731187649774,-0.15914220549411393,-0.22871597697425491,0.8215892988492931,0.8986816982520989,0.9260767397144658,0.90904002218839,0.7869449019275259,0.6384879807265693,0.6521932472592601,0.6099369643808752,0.9313431626814223,0.8616338589390896,0.25651242435562416],[0.9949790955500007,0.9949455548207277,0.9949790955500007,1.0,1.0,0.9592171912483402,0.9592171912483402,0.8963511298214905,0.8963511298214905,0.7122877714407856,0.9996299309623997,0.6553271357002881,0.9926259471667255,0.9911036418037348,0.9995830213013986,0.96016070392304,0.9951893036341194,0.8792482648100076,0.8792482648100076,0.7418695041975016,-0.19318931117258928,0.9923696198688386,0.2709842765644476,-0.19475828767096912,-0.22461462887195668,0.8076984302646483,0.9187295638407814,0.9247426400535969,0.8860429100092679,0.7850411725792797,0.6681720436688889,0.6420139338125479,0.5750352223087182,0.9167624647243259,0.8533262920171122,0.271431152126757],[0.9949790955500007,0.9949455548207277,0.9949790955500007,1.0,1.0,0.9592171912483402,0.9592171912483402,0.8963511298214905,0.8963511298214905,0.7122877714407856,0.9996299309623997,0.6553271357002881,0.9926259471667255,0.9911036418037348,0.9995830213013986,0.96016070392304,0.9951893036341194,0.8792482648100076,0.8792482648100076,0.7418695041975016,-0.19318931117258928,0.9923696198688386,0.2709842765644476,-0.19475828767096912,-0.22461462887195668,0.8076984302646483,0.9187295638407814,0.9247426400535969,0.8860429100092679,0.7850411725792797,0.6681720436688889,0.6420139338125479,0.5750352223087182,0.9167624647243259,0.8533262920171122,0.271431152126757],[0.9716767209796221,0.9712391984964186,0.9716767209796221,0.9592171912483402,0.9592171912483402,1.0,1.0,0.9376776316960815,0.9376776316960815,0.7306354922307882,0.9579212553704116,0.7064584706599663,0.9636379261644075,0.9611202635340009,0.9579421186384963,0.999084238434119,0.9774471788789838,0.9140440511817488,0.9140440511817488,0.6550358466004834,-0.14098130634240566,0.9461597481431223,0.37910769949761075,-0.32854168016617796,-0.1119632402472959,0.8840299553210774,0.8558161688378251,0.941458328376289,0.8901020098815597,0.7570934994235625,0.7941594717486749,0.7457256564005896,0.6818029996991327,0.8716586238326177,0.887038499994943,0.5188803439256299],[0.9716767209796221,0.9712391984964186,0.9716767209796221,0.9592171912483402,0.9592171912483402,1.0,1.0,0.9376776316960815,0.9376776316960815,0.7306354922307882,0.9579212553704116,0.7064584706599663,0.9636379261644075,0.9611202635340009,0.9579421186384963,0.999084238434119,0.9774471788789838,0.9140440511817488,0.9140440511817488,0.6550358466004834,-0.14098130634240566,0.9461597481431223,0.37910769949761075,-0.32854168016617796,-0.1119632402472959,0.8840299553210774,0.8558161688378251,0.941458328376289,0.8901020098815597,0.7570934994235625,0.7941594717486749,0.7457256564005896,0.6818029996991327,0.8716586238326177,0.887038499994943,0.5188803439256299],[0.9137362982156799,0.9144501296354658,0.9137362982156799,0.8963511298214905,0.8963511298214905,0.9376776316960815,0.9376776316960815,1.0,1.0,0.7023422116827048,0.9362172093622878,0.7115544663388884,0.9261622600729672,0.920810374304711,0.9363517574229355,0.9396945505813195,0.9468466619395416,0.9696129565073319,0.9696129565073319,0.6091184045329623,-0.019793734741311252,0.8628365995589482,0.5922626445175148,-0.35669612733460415,0.012932420561552012,0.8018571982368118,0.7507720544038311,0.8895043764481636,0.8567108992706771,0.773530641125352,0.888159306748131,0.7917512122761386,0.7066015133297785,0.8139080949936967,0.8684389138831896,0.8247413951194772],[0.9137362982156799,0.9144501296354658,0.9137362982156799,0.8963511298214905,0.8963511298214905,0.9376776316960815,0.9376776316960815,1.0,1.0,0.7023422116827048,0.9362172093622878,0.7115544663388884,0.9261622600729672,0.920810374304711,0.9363517574229355,0.9396945505813195,0.9468466619395416,0.9696129565073319,0.9696129565073319,0.6091184045329623,-0.019793734741311252,0.8628365995589482,0.5922626445175148,-0.35669612733460415,0.012932420561552012,0.8018571982368118,0.7507720544038311,0.8895043764481636,0.8567108992706771,0.773530641125352,0.888159306748131,0.7917512122761386,0.7066015133297785,0.8139080949936967,0.8684389138831896,0.8247413951194772],[0.751247625966426,0.7528765498324717,0.751247625966426,0.7122877714407856,0.7122877714407856,0.7306354922307882,0.7306354922307882,0.7023422116827048,0.7023422116827048,1.0,0.5728206654023864,0.9999696505181017,0.4647333678717724,0.35554363524138916,0.5748724785109101,0.7257033485728948,0.6404886563584093,0.7932005693669696,0.7932005693669696,0.6860384005141953,-0.09740911340423153,0.6799453539438937,0.035329501945469986,0.04975020102061549,-0.24291574584234812,0.7636627293914727,0.43671316113484465,0.7187369819046474,0.8015310630528244,0.6709792541742272,0.32847566249659943,0.5221341667086971,0.562048749487449,0.7692068566546565,0.613707370059762,0.1675429706256928],[0.9950647662721906,0.9950577171512816,0.9950647662721906,0.9996299309623997,0.9996299309623997,0.9579212553704116,0.9579212553704116,0.9362172093622878,0.9362172093622878,0.5728206654023864,1.0,0.5727021727155412,0.9920575213275036,0.9908235900248157,0.9999410152787508,0.9555977938606349,0.9946524158140708,0.8881815450739192,0.8881815450739192,0.8506044175174826,-0.07059370038829532,0.9970550942288661,0.9059097352543168,-0.5384912565803031,0.45430516356600475,0.8127997425782464,0.8935136840705679,0.9368495414520877,0.8748178944918156,0.8109546554907078,0.934934428097088,0.8523545382151443,0.7284150776172986,0.8991429949333394,0.952623121987081,0.8221509793570969],[0.6950026130962507,0.6954161655990896,0.6950026130962507,0.6553271357002881,0.6553271357002881,0.7064584706599663,0.7064584706599663,0.7115544663388884,0.7115544663388884,0.9999696505181017,0.5727021727155412,1.0,0.46555166541115406,0.35360929867764657,0.5736920087554261,0.7143615623465289,0.6393274375842954,0.7864277310349034,0.7864277310349034,0.639163511887245,0.033320642410643336,0.6253420528005078,0.3909989075032595,-0.16169631331933948,-0.23229155215641878,0.7885271099913154,0.33483126522068496,0.6851721656139671,0.7700534132927999,0.6896712099369341,0.5127132516066071,0.6848155807715417,0.6767180594715905,0.7194417752677544,0.5879816005187805,0.6208975732471288],[0.9903306406600394,0.9900505785189871,0.9903306406600394,0.9926259471667255,0.9926259471667255,0.9636379261644075,0.9636379261644075,0.9261622600729672,0.9261622600729672,0.4647333678717724,0.9920575213275036,0.46555166541115406,1.0,0.999825504076972,0.9919493381402992,0.9588014697260113,0.9890983029029434,0.8606291531893897,0.8606291531893897,0.8293073733934835,-0.05585509833200455,0.9916948691406372,0.9148020974762877,-0.6627711355198095,0.5273652076032777,0.7720780258775576,0.9157165926055352,0.9318764172438898,0.8438872574677643,0.7485684290448154,0.9346665721369429,0.8161719489026161,0.6813095586467867,0.8741651267254121,0.9562090868367207,0.8455759728760786],[0.9911254097918302,0.9907037936111726,0.9911254097918302,0.9911036418037348,0.9911036418037348,0.9611202635340009,0.9611202635340009,0.920810374304711,0.920810374304711,0.35554363524138916,0.9908235900248157,0.35360929867764657,0.999825504076972,1.0,0.9908855315818251,0.9554764149835435,0.9893117671494248,0.8439527312741772,0.8439527312741772,0.8522239599214048,-0.17828213254549402,0.9893056772125564,0.9170053576398746,-0.8032445009193245,0.5651165860754668,0.723064613881045,0.9226767002503976,0.9231988910537556,0.8227743942628352,0.6951678205215012,0.9408938593759754,0.8086624699560147,0.6121725133028579,0.8884595313066439,0.957418430694723,0.8288473662975747],[0.9951599846573306,0.9951655931536812,0.9951599846573306,0.9995830213013986,0.9995830213013986,0.9579421186384963,0.9579421186384963,0.9363517574229355,0.9363517574229355,0.5748724785109101,0.9999410152787508,0.5736920087554261,0.9919493381402992,0.9908855315818251,1.0,0.955850445537167,0.9947721852253781,0.8888463379520889,0.8888463379520889,0.8515781342349753,-0.07084766958801109,0.9969151098439045,0.9053018930119346,-0.5360832151951322,0.45562426713754595,0.8133768098765534,0.891863586887007,0.9363660795192303,0.8752004741982524,0.8119529752513772,0.934626280377737,0.8532799127420977,0.7293235740761381,0.8990429560345846,0.9528589005801651,0.8231538941476301],[0.9771963511923617,0.9768173894503506,0.9771963511923617,0.96016070392304,0.96016070392304,0.999084238434119,0.999084238434119,0.9396945505813195,0.9396945505813195,0.7257033485728948,0.9555977938606349,0.7143615623465289,0.9588014697260113,0.9554764149835435,0.955850445537167,1.0,0.976995486006352,0.9160672838760121,0.9160672838760121,0.7041064780623647,-0.12716308863106757,0.9495854535526339,0.6949862318496567,-0.45795206948113876,-0.14185989620083223,0.8953321549813001,0.8430425145551604,0.9381387980372489,0.8978521301897139,0.7912020303344327,0.8794572018479392,0.7911273150497208,0.738809147675973,0.892627954494741,0.8842178716455127,0.8187518901365087],[0.9992567748251749,0.99925625854651,0.9992567748251749,0.9951893036341194,0.9951893036341194,0.9774471788789838,0.9774471788789838,0.9468466619395416,0.9468466619395416,0.6404886563584093,0.9946524158140708,0.6393274375842954,0.9890983029029434,0.9893117671494248,0.9947721852253781,0.976995486006352,1.0,0.9175734458834808,0.9175734458834808,0.8638276868472499,-0.05373851409174657,0.9885391326005902,0.8803187574559275,-0.5219037156710744,0.46330086286704864,0.859343003300272,0.8782145130096896,0.9491315510117827,0.9082679248680968,0.8325174556814887,0.92393881942802,0.8861982687059442,0.7762088347262239,0.9145691035498501,0.9610627533892925,0.8651888832456466],[0.9083252207359269,0.9081816239205762,0.9083252207359269,0.8792482648100076,0.8792482648100076,0.9140440511817488,0.9140440511817488,0.9696129565073319,0.9696129565073319,0.7932005693669696,0.8881815450739192,0.7864277310349034,0.8606291531893897,0.8439527312741772,0.8888463379520889,0.9160672838760121,0.9175734458834808,1.0,1.0,0.754790905898168,-0.06853918426159432,0.8441439699912238,0.5867938034153755,-0.23942230672439788,-0.19323323273380844,0.8379714595948486,0.6903463705968904,0.8456776917048893,0.9206519534127698,0.8482928130647439,0.8000145011542517,0.7699084044784696,0.7071707221401482,0.8558567314418176,0.7897085688759573,0.8593885958307472],[0.9083252207359269,0.9081816239205762,0.9083252207359269,0.8792482648100076,0.8792482648100076,0.9140440511817488,0.9140440511817488,0.9696129565073319,0.9696129565073319,0.7932005693669696,0.8881815450739192,0.7864277310349034,0.8606291531893897,0.8439527312741772,0.8888463379520889,0.9160672838760121,0.9175734458834808,1.0,1.0,0.754790905898168,-0.06853918426159432,0.8441439699912238,0.5867938034153755,-0.23942230672439788,-0.19323323273380844,0.8379714595948486,0.6903463705968904,0.8456776917048893,0.9206519534127698,0.8482928130647439,0.8000145011542517,0.7699084044784696,0.7071707221401482,0.8558567314418176,0.7897085688759573,0.8593885958307472],[0.7724007007106717,0.7896706157818021,0.7724007007106717,0.7418695041975016,0.7418695041975016,0.6550358466004834,0.6550358466004834,0.6091184045329623,0.6091184045329623,0.6860384005141953,0.8506044175174826,0.639163511887245,0.8293073733934835,0.8522239599214048,0.8515781342349753,0.7041064780623647,0.8638276868472499,0.754790905898168,0.754790905898168,1.0,0.016839018472454156,0.7026325396586071,-0.3149050668717694,0.27896288987618356,-0.6457548134833065,0.3809055081547347,0.6429903739093311,0.5320922592087134,0.8418119459745155,0.7063278414013539,0.17450365555897765,0.33656747874631365,0.5729740219960107,0.7884116722252107,0.5032106199654084,-0.10870569776253564],[-0.18544578452490096,0.025061145313201773,-0.18544578452490096,-0.19318931117258928,-0.19318931117258928,-0.14098130634240566,-0.14098130634240566,-0.019793734741311252,-0.019793734741311252,-0.09740911340423153,-0.07059370038829532,0.033320642410643336,-0.05585509833200455,-0.17828213254549402,-0.07084766958801109,-0.12716308863106757,-0.05373851409174657,-0.06853918426159432,-0.06853918426159432,0.016839018472454156,1.0,-0.1274476589079088,0.08576140470110978,0.1759282867337469,0.7416682169768194,-0.10976380781734246,-0.0927529415267656,-0.05070648529025596,0.13717581045609042,-0.027622519211318176,-0.008261069481902448,0.292274073943746,0.5531660910428102,-0.14986290985772444,0.0677447823763552,0.12893178939254243],[0.9801912625078869,0.972970808299903,0.9801912625078869,0.9923696198688386,0.9923696198688386,0.9461597481431223,0.9461597481431223,0.8628365995589482,0.8628365995589482,0.6799453539438937,0.9970550942288661,0.6253420528005078,0.9916948691406372,0.9893056772125564,0.9969151098439045,0.9495854535526339,0.9885391326005902,0.8441439699912238,0.8441439699912238,0.7026325396586071,-0.1274476589079088,1.0,0.1783258572640302,-0.2455464158067369,-0.26575673024563023,0.6771307346643473,0.9250131210267201,0.9089032121000351,0.8301650470385727,0.7525597356210226,0.6712310623133402,0.6103961058835549,0.5080940428270267,0.8947127467940473,0.715967015303316,0.2560974771941443],[0.24233731187649774,0.0075803921643251525,0.24233731187649774,0.2709842765644476,0.2709842765644476,0.37910769949761075,0.37910769949761075,0.5922626445175148,0.5922626445175148,0.035329501945469986,0.9059097352543168,0.3909989075032595,0.9148020974762877,0.9170053576398746,0.9053018930119346,0.6949862318496567,0.8803187574559275,0.5867938034153755,0.5867938034153755,-0.3149050668717694,0.08576140470110978,0.1783258572640302,1.0,-0.47769154459457347,0.688377744545194,0.40648630040550404,0.20582533694689625,0.3673251486693173,-0.04834640950309487,0.12855499382075683,0.6237290200754163,0.5045384572976804,0.21471415957775009,0.07339890608828936,0.42901703641149175,0.49207324922703743],[-0.15914220549411393,-0.15224323876868157,-0.15914220549411393,-0.19475828767096912,-0.19475828767096912,-0.32854168016617796,-0.32854168016617796,-0.35669612733460415,-0.35669612733460415,0.04975020102061549,-0.5384912565803031,-0.16169631331933948,-0.6627711355198095,-0.8032445009193245,-0.5360832151951322,-0.45795206948113876,-0.5219037156710744,-0.23942230672439788,-0.23942230672439788,0.27896288987618356,0.1759282867337469,-0.2455464158067369,-0.47769154459457347,1.0,-0.025088188340279528,-0.19779886236151947,-0.24379873928743073,-0.33664763141724896,-0.07890593523485252,-0.11094023887907944,-0.5758798519164048,-0.2284957626832246,-0.041030815185194906,-0.09161424855310824,-0.26359838636667093,-0.4261938833348853],[-0.22871597697425491,-0.2287659597527038,-0.22871597697425491,-0.22461462887195668,-0.22461462887195668,-0.1119632402472959,-0.1119632402472959,0.012932420561552012,0.012932420561552012,-0.24291574584234812,0.45430516356600475,-0.23229155215641878,0.5273652076032777,0.5651165860754668,0.45562426713754595,-0.14185989620083223,0.46330086286704864,-0.19323323273380844,-0.19323323273380844,-0.6457548134833065,0.7416682169768194,-0.26575673024563023,0.688377744545194,-0.025088188340279528,1.0,-0.1047040863671314,-0.18562620863579987,-0.06422116383951967,-0.3452788834266542,-0.3221462943491846,0.05840954010704035,0.15538322248044853,0.26030809097492297,-0.3648514732386462,0.09970416613612126,0.08488908677066968],[0.8215892988492931,0.6668971431076235,0.8215892988492931,0.8076984302646483,0.8076984302646483,0.8840299553210774,0.8840299553210774,0.8018571982368118,0.8018571982368118,0.7636627293914727,0.8127997425782464,0.7885271099913154,0.7720780258775576,0.723064613881045,0.8133768098765534,0.8953321549813001,0.859343003300272,0.8379714595948486,0.8379714595948486,0.3809055081547347,-0.10976380781734246,0.6771307346643473,0.40648630040550404,-0.19779886236151947,-0.1047040863671314,1.0,0.5488581332912851,0.8470567134554027,0.5186756210132886,0.6491686582154876,0.5884365371696495,0.6751005596052387,0.434377234843733,0.7246816021686553,0.7205782513553146,0.44725423464784253],[0.8986816982520989,0.8973120857290471,0.8986816982520989,0.9187295638407814,0.9187295638407814,0.8558161688378251,0.8558161688378251,0.7507720544038311,0.7507720544038311,0.43671316113484465,0.8935136840705679,0.33483126522068496,0.9157165926055352,0.9226767002503976,0.891863586887007,0.8430425145551604,0.8782145130096896,0.6903463705968904,0.6903463705968904,0.6429903739093311,-0.0927529415267656,0.9250131210267201,0.20582533694689625,-0.24379873928743073,-0.18562620863579987,0.5488581332912851,1.0,0.8033983017134254,0.7165915915659189,0.6398790568039903,0.612760682688281,0.5065972015338891,0.45541271703085073,0.7970858903042752,0.6697276601552209,0.2120448934840754],[0.9260767397144658,0.9052816521963581,0.9260767397144658,0.9247426400535969,0.9247426400535969,0.941458328376289,0.941458328376289,0.8895043764481636,0.8895043764481636,0.7187369819046474,0.9368495414520877,0.6851721656139671,0.9318764172438898,0.9231988910537556,0.9363660795192303,0.9381387980372489,0.9491315510117827,0.8456776917048893,0.8456776917048893,0.5320922592087134,-0.05070648529025596,0.9089032121000351,0.3673251486693173,-0.33664763141724896,-0.06422116383951967,0.8470567134554027,0.8033983017134254,1.0,0.7626581121587738,0.6397999657247644,0.6621351786214125,0.6256651099804978,0.5312377914887576,0.8357037870244047,0.8583929148670094,0.2777130555189614],[0.90904002218839,0.904846023511693,0.90904002218839,0.8860429100092679,0.8860429100092679,0.8901020098815597,0.8901020098815597,0.8567108992706771,0.8567108992706771,0.8015310630528244,0.8748178944918156,0.7700534132927999,0.8438872574677643,0.8227743942628352,0.8752004741982524,0.8978521301897139,0.9082679248680968,0.9206519534127698,0.9206519534127698,0.8418119459745155,0.13717581045609042,0.8301650470385727,-0.04834640950309487,-0.07890593523485252,-0.3452788834266542,0.5186756210132886,0.7165915915659189,0.7626581121587738,1.0,0.9113851733173454,0.5766047966565574,0.7037844060393295,0.6698021047082221,0.8844956766131931,0.540818899234371,0.3304088384893652],[0.7869449019275259,0.7953839840731064,0.7869449019275259,0.7850411725792797,0.7850411725792797,0.7570934994235625,0.7570934994235625,0.773530641125352,0.773530641125352,0.6709792541742272,0.8109546554907078,0.6896712099369341,0.7485684290448154,0.6951678205215012,0.8119529752513772,0.7912020303344327,0.8325174556814887,0.8482928130647439,0.8482928130647439,0.7063278414013539,-0.027622519211318176,0.7525597356210226,0.12855499382075683,-0.11094023887907944,-0.3221462943491846,0.6491686582154876,0.6398790568039903,0.6397999657247644,0.9113851733173454,1.0,0.6118309577628132,0.6879104975866951,0.6147142938297384,0.7498831762739686,0.6171624784701888,0.49822024388173036],[0.6384879807265693,0.630956255009576,0.6384879807265693,0.6681720436688889,0.6681720436688889,0.7941594717486749,0.7941594717486749,0.888159306748131,0.888159306748131,0.32847566249659943,0.934934428097088,0.5127132516066071,0.9346665721369429,0.9408938593759754,0.934626280377737,0.8794572018479392,0.92393881942802,0.8000145011542517,0.8000145011542517,0.17450365555897765,-0.008261069481902448,0.6712310623133402,0.6237290200754163,-0.5758798519164048,0.05840954010704035,0.5884365371696495,0.612760682688281,0.6621351786214125,0.5766047966565574,0.6118309577628132,1.0,0.7493526158441419,0.38915267212144217,0.5596693131868843,0.6548141475685714,0.7572522595553443],[0.6521932472592601,0.6498538031048199,0.6521932472592601,0.6420139338125479,0.6420139338125479,0.7457256564005896,0.7457256564005896,0.7917512122761386,0.7917512122761386,0.5221341667086971,0.8523545382151443,0.6848155807715417,0.8161719489026161,0.8086624699560147,0.8532799127420977,0.7911273150497208,0.8861982687059442,0.7699084044784696,0.7699084044784696,0.33656747874631365,0.292274073943746,0.6103961058835549,0.5045384572976804,-0.2284957626832246,0.15538322248044853,0.6751005596052387,0.5065972015338891,0.6256651099804978,0.7037844060393295,0.6879104975866951,0.7493526158441419,1.0,0.7790403398144492,0.5306882774691364,0.7386045052591533,0.5687529288622927],[0.6099369643808752,0.634575090602842,0.6099369643808752,0.5750352223087182,0.5750352223087182,0.6818029996991327,0.6818029996991327,0.7066015133297785,0.7066015133297785,0.562048749487449,0.7284150776172986,0.6767180594715905,0.6813095586467867,0.6121725133028579,0.7293235740761381,0.738809147675973,0.7762088347262239,0.7071707221401482,0.7071707221401482,0.5729740219960107,0.5531660910428102,0.5080940428270267,0.21471415957775009,-0.041030815185194906,0.26030809097492297,0.434377234843733,0.45541271703085073,0.5312377914887576,0.6698021047082221,0.6147142938297384,0.38915267212144217,0.7790403398144492,1.0,0.49971710990521034,0.6558743394691864,0.2177911911583811],[0.9313431626814223,0.9298405680431178,0.9313431626814223,0.9167624647243259,0.9167624647243259,0.8716586238326177,0.8716586238326177,0.8139080949936967,0.8139080949936967,0.7692068566546565,0.8991429949333394,0.7194417752677544,0.8741651267254121,0.8884595313066439,0.8990429560345846,0.892627954494741,0.9145691035498501,0.8558567314418176,0.8558567314418176,0.7884116722252107,-0.14986290985772444,0.8947127467940473,0.07339890608828936,-0.09161424855310824,-0.3648514732386462,0.7246816021686553,0.7970858903042752,0.8357037870244047,0.8844956766131931,0.7498831762739686,0.5596693131868843,0.5306882774691364,0.49971710990521034,1.0,0.7617732617259928,0.22347211144001944],[0.8616338589390896,0.7337165291957118,0.8616338589390896,0.8533262920171122,0.8533262920171122,0.887038499994943,0.887038499994943,0.8684389138831896,0.8684389138831896,0.613707370059762,0.952623121987081,0.5879816005187805,0.9562090868367207,0.957418430694723,0.9528589005801651,0.8842178716455127,0.9610627533892925,0.7897085688759573,0.7897085688759573,0.5032106199654084,0.0677447823763552,0.715967015303316,0.42901703641149175,-0.26359838636667093,0.09970416613612126,0.7205782513553146,0.6697276601552209,0.8583929148670094,0.540818899234371,0.6171624784701888,0.6548141475685714,0.7386045052591533,0.6558743394691864,0.7617732617259928,1.0,0.24723241349662448],[0.25651242435562416,0.2537064133599476,0.25651242435562416,0.271431152126757,0.271431152126757,0.5188803439256299,0.5188803439256299,0.8247413951194772,0.8247413951194772,0.1675429706256928,0.8221509793570969,0.6208975732471288,0.8455759728760786,0.8288473662975747,0.8231538941476301,0.8187518901365087,0.8651888832456466,0.8593885958307472,0.8593885958307472,-0.10870569776253564,0.12893178939254243,0.2560974771941443,0.49207324922703743,-0.4261938833348853,0.08488908677066968,0.44725423464784253,0.2120448934840754,0.2777130555189614,0.3304088384893652,0.49822024388173036,0.7572522595553443,0.5687529288622927,0.2177911911583811,0.22347211144001944,0.24723241349662448,1.0]],"x":["^TAIEX       \u81fa\u7063\u52a0\u6b0a\u5831\u916c\u6307\u6578","^TWII        \u81fa\u7063\u52a0\u6b0a\u6307\u6578","^TAIEXx2     \u81fa\u7063\u52a0\u6b0a\u5831\u916c\u6307\u6578_\u65e5\u6b632","^TAI50I      \u81fa\u706350\u5831\u916c\u6307\u6578","^TAI50Ix2    \u81fa\u706350\u5831\u916c\u6307\u6578_\u65e5\u6b632","^TAI100I     \u81fa\u7063\u4e2d\u578b100\u5831\u916c\u6307\u6578","^TAI100Ix2   \u81fa\u7063\u4e2d\u578b100\u5831\u916c\u6307\u6578_\u65e5\u6b632","^TAIDIVIDI   \u81fa\u7063\u9ad8\u80a1\u606f\u5831\u916c\u6307\u6578","^TAIDIVIDIx2 \u81fa\u7063\u9ad8\u80a1\u606f\u5831\u916c\u6307\u6578_\u65e5\u6b632","0050Fund     \u5143\u5927\u53f0\u7063\u5353\u8d8a50\u57fa\u91d1","006208Fund   \u5bcc\u90a6\u53f0\u7063\u91c6\u540950\u57fa\u91d1","0050         \u5143\u5927\u81fa\u706350","00631L       \u5143\u5927\u53f0\u706350\u6b632","00675L       \u5bcc\u90a6\u81fa\u7063\u52a0\u6b0a\u6b632","006208       \u5bcc\u90a6\u53f050","0051         \u5143\u5927\u4e2d\u578b100","006204       \u6c38\u8c50\u81fa\u7063\u52a0\u6b0a","0056         \u5143\u5927\u9ad8\u80a1\u606f","0056         \u5143\u5927\u9ad8\u80a1\u606f_\u80a1\u606f\u4e0d\u6295\u5165","2412         \u4e2d\u83ef\u96fb\u4fe1","2002         \u4e2d\u92fc","2330         \u53f0\u7a4d\u96fb","2317         \u9d3b\u6d77","6505         \u53f0\u5851\u77f3\u5316","3481         \u7fa4\u5275","2303         \u806f\u96fb","2308         \u53f0\u9054\u96fb","2454         \u806f\u767c\u79d1","2886         \u5146\u8c50\u91d1","2884         \u7389\u5c71\u91d1","2891         \u4e2d\u4fe1\u91d1","2892         \u7b2c\u4e00\u91d1","5880         \u5408\u5eab\u91d1","2881         \u5bcc\u90a6\u91d1","2885         \u5143\u5927\u91d1","2887         \u53f0\u65b0\u91d1"],"y":["^TAIEX       \u81fa\u7063\u52a0\u6b0a\u5831\u916c\u6307\u6578","^TWII        \u81fa\u7063\u52a0\u6b0a\u6307\u6578","^TAIEXx2     \u81fa\u7063\u52a0\u6b0a\u5831\u916c\u6307\u6578_\u65e5\u6b632","^TAI50I      \u81fa\u706350\u5831\u916c\u6307\u6578","^TAI50Ix2    \u81fa\u706350\u5831\u916c\u6307\u6578_\u65e5\u6b632","^TAI100I     \u81fa\u7063\u4e2d\u578b100\u5831\u916c\u6307\u6578","^TAI100Ix2   \u81fa\u7063\u4e2d\u578b100\u5831\u916c\u6307\u6578_\u65e5\u6b632","^TAIDIVIDI   \u81fa\u7063\u9ad8\u80a1\u606f\u5831\u916c\u6307\u6578","^TAIDIVIDIx2 \u81fa\u7063\u9ad8\u80a1\u606f\u5831\u916c\u6307\u6578_\u65e5\u6b632","0050Fund     \u5143\u5927\u53f0\u7063\u5353\u8d8a50\u57fa\u91d1","006208Fund   \u5bcc\u90a6\u53f0\u7063\u91c6\u540950\u57fa\u91d1","0050         \u5143\u5927\u81fa\u706350","00631L       \u5143\u5927\u53f0\u706350\u6b632","00675L       \u5bcc\u90a6\u81fa\u7063\u52a0\u6b0a\u6b632","006208       \u5bcc\u90a6\u53f050","0051         \u5143\u5927\u4e2d\u578b100","006204       \u6c38\u8c50\u81fa\u7063\u52a0\u6b0a","0056         \u5143\u5927\u9ad8\u80a1\u606f","0056         \u5143\u5927\u9ad8\u80a1\u606f_\u80a1\u606f\u4e0d\u6295\u5165","2412         \u4e2d\u83ef\u96fb\u4fe1","2002         \u4e2d\u92fc","2330         \u53f0\u7a4d\u96fb","2317         \u9d3b\u6d77","6505         \u53f0\u5851\u77f3\u5316","3481         \u7fa4\u5275","2303         \u806f\u96fb","2308         \u53f0\u9054\u96fb","2454         \u806f\u767c\u79d1","2886         \u5146\u8c50\u91d1","2884         \u7389\u5c71\u91d1","2891         \u4e2d\u4fe1\u91d1","2892         \u7b2c\u4e00\u91d1","5880         \u5408\u5eab\u91d1","2881         \u5bcc\u90a6\u91d1","2885         \u5143\u5927\u91d1","2887         \u53f0\u65b0\u91d1"],"zmin":-1,"zmax":1,"colorbar":{"x":-0.2}}],"layout":{"autotypenumbers":"strict","colorway":["#636efa","#EF553B","#00cc96","#ab63fa","#FFA15A","#19d3f3","#FF6692","#B6E880","#FF97FF","#FECB52"],"font":{"color":"#f2f5fa","family":"Courier New"},"hovermode":"closest","hoverlabel":{"align":"left"},"paper_bgcolor":"rgb(17,17,17)","plot_bgcolor":"rgb(17,17,17)","polar":{"bgcolor":"rgb(17,17,17)","angularaxis":{"gridcolor":"#506784","linecolor":"#506784","ticks":""},"radialaxis":{"gridcolor":"#506784","linecolor":"#506784","ticks":""}},"ternary":{"bgcolor":"rgb(17,17,17)","aaxis":{"gridcolor":"#506784","linecolor":"#506784","ticks":""},"baxis":{"gridcolor":"#506784","linecolor":"#506784","ticks":""},"caxis":{"gridcolor":"#506784","linecolor":"#506784","ticks":""}},"coloraxis":{"colorbar":{"outlinewidth":0,"ticks":""}},"colorscale":{"sequential":[[0.0,"#0d0887"],[0.1111111111111111,"#46039f"],[0.2222222222222222,"#7201a8"],[0.3333333333333333,"#9c179e"],[0.4444444444444444,"#bd3786"],[0.5555555555555556,"#d8576b"],[0.6666666666666666,"#ed7953"],[0.7777777777777778,"#fb9f3a"],[0.8888888888888888,"#fdca26"],[1.0,"#f0f921"]],"sequentialminus":[[0.0,"#0d0887"],[0.1111111111111111,"#46039f"],[0.2222222222222222,"#7201a8"],[0.3333333333333333,"#9c179e"],[0.4444444444444444,"#bd3786"],[0.5555555555555556,"#d8576b"],[0.6666666666666666,"#ed7953"],[0.7777777777777778,"#fb9f3a"],[0.8888888888888888,"#fdca26"],[1.0,"#f0f921"]],"diverging":[[0,"#8e0152"],[0.1,"#c51b7d"],[0.2,"#de77ae"],[0.3,"#f1b6da"],[0.4,"#fde0ef"],[0.5,"#f7f7f7"],[0.6,"#e6f5d0"],[0.7,"#b8e186"],[0.8,"#7fbc41"],[0.9,"#4d9221"],[1,"#276419"]]},"xaxis":{"gridcolor":"rgba(0, 0, 0, 0)","linecolor":"#506784","ticks":"","title":{"standoff":15},"zerolinecolor":"#283442","automargin":true,"zerolinewidth":2,"tickfont":{"family":"Courier New","size":14},"side":"top","tickangle":-90},"yaxis":{"gridcolor":"rgba(0, 0, 0, 0)","linecolor":"#506784","ticks":"","title":{"standoff":15},"zerolinecolor":"#283442","automargin":true,"zerolinewidth":2,"tickfont":{"family":"Courier New"},"side":"right"},"scene":{"xaxis":{"backgroundcolor":"rgb(17,17,17)","gridcolor":"#506784","linecolor":"#506784","showbackground":true,"ticks":"","zerolinecolor":"#C8D4E3","gridwidth":2},"yaxis":{"backgroundcolor":"rgb(17,17,17)","gridcolor":"#506784","linecolor":"#506784","showbackground":true,"ticks":"","zerolinecolor":"#C8D4E3","gridwidth":2},"zaxis":{"backgroundcolor":"rgb(17,17,17)","gridcolor":"#506784","linecolor":"#506784","showbackground":true,"ticks":"","zerolinecolor":"#C8D4E3","gridwidth":2}},"shapedefaults":{"line":{"color":"#f2f5fa"}},"annotationdefaults":{"arrowcolor":"#f2f5fa","arrowhead":0,"arrowwidth":1},"geo":{"bgcolor":"rgb(17,17,17)","landcolor":"rgb(17,17,17)","subunitcolor":"#506784","showland":true,"showlakes":true,"lakecolor":"rgb(17,17,17)"},"title":{"x":0.05,"font":{"family":"Times New Roman"},"y":0.05,"text":"<b>Correlation of Close<b><br><i>2016-09-23 ~ 2026-03-25<i>"},"updatemenudefaults":{"bgcolor":"#506784","borderwidth":0},"sliderdefaults":{"bgcolor":"#C8D4E3","borderwidth":1,"bordercolor":"rgb(17,17,17)","tickwidth":0},"mapbox":{"style":"dark"},"annotations":[{"text":"<b>@zwindr<b>","textangle":0,"opacity":0.5,"font":{"color":"white","size":12},"xref":"paper","yref":"paper","xanchor":"left","yanchor":"bottom","x":1.0,"y":1.0,"showarrow":false}]},"config":{"responsive":true,"toImageButtonOptions":{"filename":"Correlation of Close_2016-09-23~2026-03-25","scale":5}}};Plotly.newPlot("correlationClose",correlationClose.data,correlationClose.layout||{},correlationClose.config);}else{console.log("style display is none => correlationClose");}