var element=document.getElementById("correlationAdjClose");if(element.style.display!='none'){var correlationAdjClose={"data":[{"type":"heatmap","z":[[1.0,0.9961516316711165,0.9611730315863606,0.9964527995422893,0.9299963519347855,0.9875328480927669,0.962603853105121,0.9816941834221447,0.9795280801438164,0.9965876029731064,0.9963718983600889,0.996672292975982,0.8480270644072142,0.9871928404720852,0.996463966946756,0.9883186004660136,0.9997623478887642,0.9812460373110262,0.8907087788204724,0.9000435638573263,0.6206212370850246,0.9846048898147308,0.9429983466370607,0.2953137077816465,-0.24718667721769813,0.911056845688834,0.8920549127460561,0.9640239984267552,0.9528688515053576,0.9519484351307376,0.982983103984243,0.9522595315958486,0.9127664155428753,0.9750681868677976,0.9813190858265869,0.9616596482446751],[0.9961516316711165,1.0,0.962836547717299,0.9933164059998639,0.932471332295126,0.9840956240279175,0.9616572997601883,0.9730862483097322,0.9741043463599419,0.9943954355900263,0.9959865529691041,0.9955576943166227,0.8532423891264543,0.9886958581257845,0.9960402828751752,0.9840576191114332,0.9979434120109943,0.974550418120533,0.9037353631860363,0.889340968922447,0.6456581533854514,0.9742340445385593,0.9263484774947082,0.2923192505952616,-0.18716203515911203,0.8931953588014042,0.8940243482925208,0.9652988685064088,0.93540630343777,0.940045701294427,0.9758367949230904,0.9381412316972553,0.9114236929148257,0.9660066103563233,0.9747769977225413,0.9567030319920807],[0.9611730315863606,0.962836547717299,1.0,0.9770953775483896,0.9937555464809722,0.9543488684182153,0.9797361112840073,0.9144905974342908,0.9526646763433284,0.9770928133413941,0.9840362932267194,0.9807785312426327,0.8744713793741848,0.9972443002432175,0.9840827594844134,0.9518752292736855,0.9720824262314004,0.9145687284560288,0.810720465322896,0.7655106938031444,0.447807657562651,0.9869519232483734,0.9079322393785353,0.11941188364827564,-0.15238625628109662,0.8654446564690532,0.9591419880554377,0.9590539557609281,0.8416120969130763,0.8518595116912424,0.9489247095088023,0.8456262933353599,0.8020283541321367,0.9104130340270429,0.9609990302288169,0.8986344242241658],[0.9964527995422893,0.9933164059998639,0.9770953775483896,1.0,0.9537089324396467,0.9790355283789898,0.9648158203904114,0.9672656214723612,0.9735277519657475,0.9999790677156498,0.999994406341962,0.9999720156708469,0.8570757343284005,0.991603628221526,0.9999641662561992,0.9773397576731918,0.9959755381834333,0.9664548024498569,0.866520684150686,0.8729589013549914,0.5726038394441484,0.9948565105124384,0.9425175683009838,0.2563940812443031,-0.22960395479044549,0.8988890313888216,0.9159639451348552,0.9666976837456128,0.9298957377584354,0.9364661507987714,0.9827856584124185,0.9302889333709993,0.8862832441401739,0.9647598473214222,0.9796187233598972,0.9486840598419383],[0.9299963519347855,0.932471332295126,0.9937555464809722,0.9537089324396467,1.0,0.9167329799046854,0.9562291366864183,0.8697259831042574,0.9174155372606653,0.9541968007241266,0.9649233431023981,0.9603436486403356,0.8674905217780717,0.9836116994251928,0.9649239387655691,0.9135545091949681,0.9436972201931527,0.8696850494216035,0.7583542690448055,0.7134724216052347,0.3844348227357985,0.9708415210515708,0.8799398376012477,0.08210164502286534,-0.1313813902754201,0.8189000705499325,0.9728222067462327,0.9327808332380141,0.786258182338161,0.8046164947510903,0.9202849201397628,0.7922107868240562,0.7411111007792099,0.8684600062597815,0.9304958313622959,0.855071080872896],[0.9875328480927669,0.9840956240279175,0.9543488684182153,0.9790355283789898,0.9167329799046854,1.0,0.9803941582322561,0.9804417411520416,0.9863200686180048,0.9786362147035144,0.9734031122267868,0.9766508491215129,0.8309071457492782,0.9597281227633668,0.9733868712920664,0.9999192451278023,0.9891922713316534,0.9811861666585806,0.898568159939164,0.8664958678558878,0.5910933245502812,0.9697882036961264,0.9220155350554881,0.18529278236105018,-0.18481373099530057,0.9383482858339618,0.866784074362207,0.9658272642476547,0.9425312613634709,0.9303196506061312,0.9671153848840286,0.9429928097660314,0.9274384939525552,0.9615821514078227,0.9838708371404061,0.9646049626549289],[0.962603853105121,0.9616572997601883,0.9797361112840073,0.9648158203904114,0.9562291366864183,0.9803941582322561,1.0,0.9411525040647408,0.9792793064853668,0.9639317277183874,0.9725238876313841,0.9693713621144185,0.8589607442707896,0.9812888421838786,0.9722430586518602,0.9816031844416255,0.9779274204823015,0.9436206100557989,0.8487731722743459,0.777099933175005,0.46455078500098845,0.968338546586989,0.9135176256295391,0.05271832704412166,-0.12015087311785334,0.8952448111091755,0.9090891328033542,0.9648371616030175,0.8683568059865217,0.8571375662062736,0.9474966025868022,0.8701466226509907,0.8549037978766378,0.9211149569845936,0.9747326816713414,0.9188104835685816],[0.9816941834221447,0.9730862483097322,0.9144905974342908,0.9672656214723612,0.8697259831042574,0.9804417411520416,0.9411525040647408,1.0,0.9832825667164333,0.9671964810188012,0.9611790925790527,0.9657989220786909,0.7921455503412156,0.9305467448302255,0.9615997049401823,0.9823324380918445,0.9782351125176348,0.9998977336528655,0.9321974032118616,0.9317563932658592,0.5788613405415202,0.9509891755359982,0.9150659341877386,0.1632200197969437,-0.27851923602454043,0.9197350040173231,0.8020322257266723,0.9397349006388628,0.9751192509212256,0.9599831877712753,0.9678343772702739,0.9660667406787087,0.93243775650294,0.9682364320229397,0.9587162986922195,0.9720666478397062],[0.9795280801438164,0.9741043463599419,0.9526646763433284,0.9735277519657475,0.9174155372606653,0.9863200686180048,0.9792793064853668,0.9832825667164333,1.0,0.9729717497380311,0.9680041402173297,0.9715294220357241,0.8239978000336382,0.9501351136703098,0.9678516958423258,0.9855912512620997,0.9782556062289992,0.9828967919073672,0.9029053075713553,0.8645263421424967,0.4853601524291215,0.9677116693800625,0.9329082394144045,0.02593753443652701,-0.1976902309864782,0.9016374542689117,0.8459759267514799,0.9665389017759746,0.9275192097427223,0.9087430660679091,0.9692827376543243,0.9198866324699174,0.8892146462410071,0.9559770147041007,0.9780497391945604,0.9412703587895181],[0.9965876029731064,0.9943954355900263,0.9770928133413941,0.9999790677156498,0.9541968007241266,0.9786362147035144,0.9639317277183874,0.9671964810188012,0.9729717497380311,1.0,0.9999937678224422,0.999985594013426,0.8579511982061669,0.9916614011955296,0.9999665129023687,0.9769967676775858,0.9958649203987501,0.9662781157393338,0.8677337104212897,0.8737352422183102,0.5656133178938473,0.9950873153483469,0.9427536623639023,0.2599937463595981,-0.2283488582651936,0.8992150358539093,0.9143650662812194,0.9657843059891821,0.9285956974619114,0.9348529278877082,0.982084817466506,0.9289389237992811,0.8840057355199563,0.9634539432901469,0.9790864807067878,0.9476334372257714],[0.9963718983600889,0.9959865529691041,0.9840362932267194,0.999994406341962,0.9649233431023981,0.9734031122267868,0.9725238876313841,0.9611790925790527,0.9680041402173297,0.9999937678224422,1.0,0.9999795267949698,0.8581605200427398,0.9916275663203123,0.9999683581158079,0.9728324481687145,0.9957260189406273,0.9614541465805501,0.8828583952719979,0.9026931509103895,0.4065286257740998,0.9977679195859694,0.931690618979018,-0.2093906601991105,0.535801053263114,0.8888817145734058,0.9003159297457913,0.9648994572685761,0.9102133150961972,0.9146879145110252,0.976383011856102,0.9029079846902204,0.8443096373136877,0.9511231398244854,0.9848323975331995,0.9452400063460185],[0.996672292975982,0.9955576943166227,0.9807785312426327,0.9999720156708469,0.9603436486403356,0.9766508491215129,0.9693713621144185,0.9657989220786909,0.9715294220357241,0.999985594013426,0.9999795267949698,1.0,0.8580543257074561,0.9916773789187905,0.9999759498931161,0.9761906145430498,0.995780066768668,0.9657106832642505,0.8748646698093177,0.8909454647600229,0.4866556033303431,0.9969099702186329,0.9407038022012963,-0.008587137302221532,-0.0826396865428648,0.9045089258837172,0.9061402102244152,0.9619697024900208,0.9180655068342738,0.9227914588036331,0.9792656685796588,0.9164068512339751,0.8707326977046518,0.9582356204922733,0.9792234125982184,0.9487916697087359],[0.8480270644072142,0.8532423891264543,0.8744713793741848,0.8570757343284005,0.8674905217780717,0.8309071457492782,0.8589607442707896,0.7921455503412156,0.8239978000336382,0.8579511982061669,0.8581605200427398,0.8580543257074561,1.0,0.999848360892309,0.8566330513187076,0.8301106153494634,0.8499023415475774,0.7929569113181322,0.7111786436736112,0.6961199885879668,0.22981415856556175,0.8589684813160801,0.7972155881555214,-0.48923046039527807,0.5203036579296803,0.7278689525597848,0.8339994058970233,0.8462423473626836,0.7156632225238637,0.7135752700723063,0.8255110856007659,0.7041480633921091,0.6343151613900726,0.7960623933317419,0.8439449183156449,0.7931897399946015],[0.9871928404720852,0.9886958581257845,0.9972443002432175,0.991603628221526,0.9836116994251928,0.9597281227633668,0.9812888421838786,0.9305467448302255,0.9501351136703098,0.9916614011955296,0.9916275663203123,0.9916773789187905,0.999848360892309,1.0,0.9918355347986487,0.9590923586080162,0.9867779334789135,0.9314612033399249,0.8301884377404438,0.8807752459329955,0.145476754706942,0.9883109673714419,0.9008819989240612,-0.6983551309297502,0.5520522126408418,0.8294185406171882,0.9367284869053656,0.9539570435625586,0.8444352231674823,0.8565003596694762,0.9497924686070983,0.8529230832476421,0.7445640121885192,0.911216759094813,0.9702496580923976,0.9264136460173553],[0.996463966946756,0.9960402828751752,0.9840827594844134,0.9999641662561992,0.9649239387655691,0.9733868712920664,0.9722430586518602,0.9615997049401823,0.9678516958423258,0.9999665129023687,0.9999683581158079,0.9999759498931161,0.8566330513187076,0.9918355347986487,1.0,0.9729327166651064,0.9958073271543427,0.961807639119678,0.883498973225564,0.9041995792071051,0.4098379051124155,0.9975994182220396,0.9315766245172923,-0.20625051010750534,0.5327231027088598,0.8887015687645441,0.8997228235336316,0.9655407546585328,0.9117926417143222,0.9161091703186613,0.9764766103935414,0.9044693676151876,0.8465016775777395,0.9517509965677441,0.9848020655399313,0.9460485755489283],[0.9883186004660136,0.9840576191114332,0.9518752292736855,0.9773397576731918,0.9135545091949681,0.9999192451278023,0.9816031844416255,0.9823324380918445,0.9855912512620997,0.9769967676775858,0.9728324481687145,0.9761906145430498,0.8301106153494634,0.9590923586080162,0.9729327166651064,1.0,0.9890218271278488,0.9815638022097543,0.9014128926135384,0.8908368880792041,0.5683420522170097,0.9672871279679279,0.9177292361547764,0.034487039247274275,-0.1391348135458934,0.943388088306476,0.8553729721290833,0.9645945749935211,0.9453860189491766,0.9279923265066822,0.9644692663773595,0.9441919959693835,0.9249133649855511,0.963635373721274,0.9830090758028013,0.9678447631974816],[0.9997623478887642,0.9979434120109943,0.9720824262314004,0.9959755381834333,0.9436972201931527,0.9891922713316534,0.9779274204823015,0.9782351125176348,0.9782556062289992,0.9958649203987501,0.9957260189406273,0.995780066768668,0.8499023415475774,0.9867779334789135,0.9958073271543427,0.9890218271278488,1.0,0.9785521138123418,0.9099418176953502,0.9216573216041155,0.47687366028255007,0.9892491089479942,0.9297014302427347,-0.15262960923534094,0.5473052037493716,0.919279534939174,0.8773312661717539,0.9676092050050462,0.9386844874508484,0.9328429661655653,0.9771275268220909,0.9311442731887053,0.8874115958080112,0.9653309017928543,0.9904446102092964,0.9666231804096798],[0.9812460373110262,0.974550418120533,0.9145687284560288,0.9664548024498569,0.8696850494216035,0.9811861666585806,0.9436206100557989,0.9998977336528655,0.9828967919073672,0.9662781157393338,0.9614541465805501,0.9657106832642505,0.7929569113181322,0.9314612033399249,0.961807639119678,0.9815638022097543,0.9785521138123418,1.0,0.9349108736346275,0.937982486711886,0.5753371742247938,0.9491773103422786,0.9179393076013568,0.12614529720768225,-0.24002606165560078,0.923764806614009,0.7976209457733939,0.941499331077313,0.9756690510101571,0.9595474139990974,0.9661879377065664,0.9650081729004074,0.9319582058970264,0.9674977174626426,0.9569174723890175,0.9728801603124753],[0.8907087788204724,0.9037353631860363,0.810720465322896,0.866520684150686,0.7583542690448055,0.898568159939164,0.8487731722743459,0.9321974032118616,0.9029053075713553,0.8677337104212897,0.8828583952719979,0.8748646698093177,0.7111786436736112,0.8301884377404438,0.883498973225564,0.9014128926135384,0.9099418176953502,0.9349108736346275,1.0,0.8435902781933458,0.6631067477653716,0.8364415952508827,0.8209830847003521,0.21670658195508113,-0.13495868538158154,0.8710036727337161,0.6768173224316181,0.8525453870771796,0.9009146466654905,0.871835280223782,0.8565974906577561,0.8828595650092199,0.8662416801116167,0.8669049720758157,0.8692897448216701,0.9002583609089913],[0.9000435638573263,0.889340968922447,0.7655106938031444,0.8729589013549914,0.7134724216052347,0.8664958678558878,0.777099933175005,0.9317563932658592,0.8645263421424967,0.8737352422183102,0.9026931509103895,0.8909454647600229,0.6961199885879668,0.8807752459329955,0.9041995792071051,0.8908368880792041,0.9216573216041155,0.937982486711886,0.8435902781933458,1.0,0.8102806822324513,0.8207516411690743,0.8685746818181319,0.5997002920169286,-0.4977834405986223,0.7371903501559418,0.7068809459166597,0.8020863177194115,0.962300212947153,0.9414707155873828,0.8858022399522615,0.9507384206622744,0.9073545185547242,0.9031708072624469,0.8403734129841521,0.8858992778688963],[0.6206212370850246,0.6456581533854514,0.447807657562651,0.5726038394441484,0.3844348227357985,0.5910933245502812,0.46455078500098845,0.5788613405415202,0.4853601524291215,0.5656133178938473,0.4065286257740998,0.4866556033303431,0.22981415856556175,0.145476754706942,0.4098379051124155,0.5683420522170097,0.47687366028255007,0.5753371742247938,0.6631067477653716,0.8102806822324513,1.0,0.511417631730644,0.6508031274817639,0.7216439503617108,-0.115686372546871,0.5152209676245896,0.43089669557810767,0.5470929977170712,0.755240306595057,0.6782466730574872,0.5657884232370619,0.7135999577965684,0.7420238460892256,0.6296517244181244,0.5731323682365751,0.6356402197749408],[0.9846048898147308,0.9742340445385593,0.9869519232483734,0.9948565105124384,0.9708415210515708,0.9697882036961264,0.968338546586989,0.9509891755359982,0.9677116693800625,0.9950873153483469,0.9977679195859694,0.9969099702186329,0.8589684813160801,0.9883109673714419,0.9975994182220396,0.9672871279679279,0.9892491089479942,0.9491773103422786,0.8364415952508827,0.8207516411690743,0.511417631730644,1.0,0.9187403524233383,0.1892494537730302,-0.21590357896583,0.8804590673513779,0.9306235324101073,0.9662601151214499,0.8912044068060755,0.9109914833770706,0.9737025822582102,0.9004655101304432,0.8520951240278969,0.9482671823063564,0.9670596709519217,0.9280456176129483],[0.9429983466370607,0.9263484774947082,0.9079322393785353,0.9425175683009838,0.8799398376012477,0.9220155350554881,0.9135176256295391,0.9150659341877386,0.9329082394144045,0.9427536623639023,0.931690618979018,0.9407038022012963,0.7972155881555214,0.9008819989240612,0.9315766245172923,0.9177292361547764,0.9297014302427347,0.9179393076013568,0.8209830847003521,0.8685746818181319,0.6508031274817639,0.9187403524233383,1.0,0.24977071772972453,-0.16351266658844946,0.7595458509964031,0.8390512284472238,0.9068126538601013,0.9006112891122047,0.872672570380838,0.945521141784536,0.8809600757937674,0.8435147381462543,0.9403693359381943,0.9028710197595624,0.8816660914144536],[0.2953137077816465,0.2923192505952616,0.11941188364827564,0.2563940812443031,0.08210164502286534,0.18529278236105018,0.05271832704412166,0.1632200197969437,0.02593753443652701,0.2599937463595981,-0.2093906601991105,-0.008587137302221532,-0.48923046039527807,-0.6983551309297502,-0.20625051010750534,0.034487039247274275,-0.15262960923534094,0.12614529720768225,0.21670658195508113,0.5997002920169286,0.7216439503617108,0.1892494537730302,0.24977071772972453,1.0,-0.37959447289394793,0.22725363299026705,0.12950083645442573,0.12887920463833408,0.429266615699376,0.4149675894102205,0.24242585610404804,0.44014897155936744,0.37929916055030116,0.287348550862925,0.19610642956361027,0.31634056954849055],[-0.24718667721769813,-0.18716203515911203,-0.15238625628109662,-0.22960395479044549,-0.1313813902754201,-0.18481373099530057,-0.12015087311785334,-0.27851923602454043,-0.1976902309864782,-0.2283488582651936,0.535801053263114,-0.0826396865428648,0.5203036579296803,0.5520522126408418,0.5327231027088598,-0.1391348135458934,0.5473052037493716,-0.24002606165560078,-0.13495868538158154,-0.4977834405986223,-0.115686372546871,-0.21590357896583,-0.16351266658844946,-0.37959447289394793,1.0,-0.13824700894070532,-0.15255409613196944,-0.14713764332740364,-0.36606255372426927,-0.3501990951750088,-0.2673714749712671,-0.32343288822281047,-0.20049803503938365,-0.3113226748932028,-0.14919719796097794,-0.2787995252482933],[0.911056845688834,0.8931953588014042,0.8654446564690532,0.8988890313888216,0.8189000705499325,0.9383482858339618,0.8952448111091755,0.9197350040173231,0.9016374542689117,0.8992150358539093,0.8888817145734058,0.9045089258837172,0.7278689525597848,0.8294185406171882,0.8887015687645441,0.943388088306476,0.919279534939174,0.923764806614009,0.8710036727337161,0.7371903501559418,0.5152209676245896,0.8804590673513779,0.7595458509964031,0.22725363299026705,-0.13824700894070532,1.0,0.7532794620667945,0.899203473536798,0.8341179535869456,0.8781314899270926,0.8552515223211338,0.8827186709580366,0.8695135494326902,0.8778464939843813,0.8870559633572844,0.9133072998129791],[0.8920549127460561,0.8940243482925208,0.9591419880554377,0.9159639451348552,0.9728222067462327,0.866784074362207,0.9090891328033542,0.8020322257266723,0.8459759267514799,0.9143650662812194,0.9003159297457913,0.9061402102244152,0.8339994058970233,0.9367284869053656,0.8997228235336316,0.8553729721290833,0.8773312661717539,0.7976209457733939,0.6768173224316181,0.7068809459166597,0.43089669557810767,0.9306235324101073,0.8390512284472238,0.12950083645442573,-0.15255409613196944,0.7532794620667945,1.0,0.8776470786008914,0.7525760747757914,0.7656646437268008,0.8730399125371209,0.7520860121967474,0.702471793523245,0.8195180476756839,0.8800171004126618,0.8158422462237266],[0.9640239984267552,0.9652988685064088,0.9590539557609281,0.9666976837456128,0.9327808332380141,0.9658272642476547,0.9648371616030175,0.9397349006388628,0.9665389017759746,0.9657843059891821,0.9648994572685761,0.9619697024900208,0.8462423473626836,0.9539570435625586,0.9655407546585328,0.9645945749935211,0.9676092050050462,0.941499331077313,0.8525453870771796,0.8020863177194115,0.5470929977170712,0.9662601151214499,0.9068126538601013,0.12887920463833408,-0.14713764332740364,0.899203473536798,0.8776470786008914,1.0,0.8881505822791179,0.8842455885288557,0.94755649656223,0.8797445798243962,0.8587356094019207,0.9391308374141742,0.9740665781455904,0.9033240567317505],[0.9528688515053576,0.93540630343777,0.8416120969130763,0.9298957377584354,0.786258182338161,0.9425312613634709,0.8683568059865217,0.9751192509212256,0.9275192097427223,0.9285956974619114,0.9102133150961972,0.9180655068342738,0.7156632225238637,0.8444352231674823,0.9117926417143222,0.9453860189491766,0.9386844874508484,0.9756690510101571,0.9009146466654905,0.962300212947153,0.755240306595057,0.8912044068060755,0.9006112891122047,0.429266615699376,-0.36606255372426927,0.8341179535869456,0.7525760747757914,0.8881505822791179,1.0,0.9868728230385806,0.9439691193151777,0.9912510360617833,0.9564343593019156,0.9591667161554946,0.9002444658653798,0.9606852241192321],[0.9519484351307376,0.940045701294427,0.8518595116912424,0.9364661507987714,0.8046164947510903,0.9303196506061312,0.8571375662062736,0.9599831877712753,0.9087430660679091,0.9348529278877082,0.9146879145110252,0.9227914588036331,0.7135752700723063,0.8565003596694762,0.9161091703186613,0.9279923265066822,0.9328429661655653,0.9595474139990974,0.871835280223782,0.9414707155873828,0.6782466730574872,0.9109914833770706,0.872672570380838,0.4149675894102205,-0.3501990951750088,0.8781314899270926,0.7656646437268008,0.8842455885288557,0.9868728230385806,1.0,0.9442569742957295,0.9857691266616757,0.9567691123680666,0.9463779765614703,0.9179416624372735,0.9628650880920895],[0.982983103984243,0.9758367949230904,0.9489247095088023,0.9827856584124185,0.9202849201397628,0.9671153848840286,0.9474966025868022,0.9678343772702739,0.9692827376543243,0.982084817466506,0.976383011856102,0.9792656685796588,0.8255110856007659,0.9497924686070983,0.9764766103935414,0.9644692663773595,0.9771275268220909,0.9661879377065664,0.8565974906577561,0.8858022399522615,0.5657884232370619,0.9737025822582102,0.945521141784536,0.24242585610404804,-0.2673714749712671,0.8552515223211338,0.8730399125371209,0.94755649656223,0.9439691193151777,0.9442569742957295,1.0,0.9402363857215664,0.8932552931146751,0.97501341792217,0.9710713535377424,0.953059682618729],[0.9522595315958486,0.9381412316972553,0.8456262933353599,0.9302889333709993,0.7922107868240562,0.9429928097660314,0.8701466226509907,0.9660667406787087,0.9198866324699174,0.9289389237992811,0.9029079846902204,0.9164068512339751,0.7041480633921091,0.8529230832476421,0.9044693676151876,0.9441919959693835,0.9311442731887053,0.9650081729004074,0.8828595650092199,0.9507384206622744,0.7135999577965684,0.9004655101304432,0.8809600757937674,0.44014897155936744,-0.32343288822281047,0.8827186709580366,0.7520860121967474,0.8797445798243962,0.9912510360617833,0.9857691266616757,0.9402363857215664,1.0,0.9744799407908402,0.9498988556303501,0.9241885639192403,0.9603470081925034],[0.9127664155428753,0.9114236929148257,0.8020283541321367,0.8862832441401739,0.7411111007792099,0.9274384939525552,0.8549037978766378,0.93243775650294,0.8892146462410071,0.8840057355199563,0.8443096373136877,0.8707326977046518,0.6343151613900726,0.7445640121885192,0.8465016775777395,0.9249133649855511,0.8874115958080112,0.9319582058970264,0.8662416801116167,0.9073545185547242,0.7420238460892256,0.8520951240278969,0.8435147381462543,0.37929916055030116,-0.20049803503938365,0.8695135494326902,0.702471793523245,0.8587356094019207,0.9564343593019156,0.9567691123680666,0.8932552931146751,0.9744799407908402,1.0,0.9075181638542115,0.9017991426652724,0.9417323155622986],[0.9750681868677976,0.9660066103563233,0.9104130340270429,0.9647598473214222,0.8684600062597815,0.9615821514078227,0.9211149569845936,0.9682364320229397,0.9559770147041007,0.9634539432901469,0.9511231398244854,0.9582356204922733,0.7960623933317419,0.911216759094813,0.9517509965677441,0.963635373721274,0.9653309017928543,0.9674977174626426,0.8669049720758157,0.9031708072624469,0.6296517244181244,0.9482671823063564,0.9403693359381943,0.287348550862925,-0.3113226748932028,0.8778464939843813,0.8195180476756839,0.9391308374141742,0.9591667161554946,0.9463779765614703,0.97501341792217,0.9498988556303501,0.9075181638542115,1.0,0.9560715540142835,0.9509712060896085],[0.9813190858265869,0.9747769977225413,0.9609990302288169,0.9796187233598972,0.9304958313622959,0.9838708371404061,0.9747326816713414,0.9587162986922195,0.9780497391945604,0.9790864807067878,0.9848323975331995,0.9792234125982184,0.8439449183156449,0.9702496580923976,0.9848020655399313,0.9830090758028013,0.9904446102092964,0.9569174723890175,0.8692897448216701,0.8403734129841521,0.5731323682365751,0.9670596709519217,0.9028710197595624,0.19610642956361027,-0.14919719796097794,0.8870559633572844,0.8800171004126618,0.9740665781455904,0.9002444658653798,0.9179416624372735,0.9710713535377424,0.9241885639192403,0.9017991426652724,0.9560715540142835,1.0,0.9356777017846953],[0.9616596482446751,0.9567030319920807,0.8986344242241658,0.9486840598419383,0.855071080872896,0.9646049626549289,0.9188104835685816,0.9720666478397062,0.9412703587895181,0.9476334372257714,0.9452400063460185,0.9487916697087359,0.7931897399946015,0.9264136460173553,0.9460485755489283,0.9678447631974816,0.9666231804096798,0.9728801603124753,0.9002583609089913,0.8858992778688963,0.6356402197749408,0.9280456176129483,0.8816660914144536,0.31634056954849055,-0.2787995252482933,0.9133072998129791,0.8158422462237266,0.9033240567317505,0.9606852241192321,0.9628650880920895,0.953059682618729,0.9603470081925034,0.9417323155622986,0.9509712060896085,0.9356777017846953,1.0]],"x":["^TAIEX       \u81fa\u7063\u52a0\u6b0a\u5831\u916c\u6307\u6578","^TWII        \u81fa\u7063\u52a0\u6b0a\u6307\u6578","^TAIEXx2     \u81fa\u7063\u52a0\u6b0a\u5831\u916c\u6307\u6578_\u65e5\u6b632","^TAI50I      \u81fa\u706350\u5831\u916c\u6307\u6578","^TAI50Ix2    \u81fa\u706350\u5831\u916c\u6307\u6578_\u65e5\u6b632","^TAI100I     \u81fa\u7063\u4e2d\u578b100\u5831\u916c\u6307\u6578","^TAI100Ix2   \u81fa\u7063\u4e2d\u578b100\u5831\u916c\u6307\u6578_\u65e5\u6b632","^TAIDIVIDI   \u81fa\u7063\u9ad8\u80a1\u606f\u5831\u916c\u6307\u6578","^TAIDIVIDIx2 \u81fa\u7063\u9ad8\u80a1\u606f\u5831\u916c\u6307\u6578_\u65e5\u6b632","0050Fund     \u5143\u5927\u53f0\u7063\u5353\u8d8a50\u57fa\u91d1","006208Fund   \u5bcc\u90a6\u53f0\u7063\u91c6\u540950\u57fa\u91d1","0050         \u5143\u5927\u81fa\u706350","00631L       \u5143\u5927\u53f0\u706350\u6b632","00675L       \u5bcc\u90a6\u81fa\u7063\u52a0\u6b0a\u6b632","006208       \u5bcc\u90a6\u53f050","0051         \u5143\u5927\u4e2d\u578b100","006204       \u6c38\u8c50\u81fa\u7063\u52a0\u6b0a","0056         \u5143\u5927\u9ad8\u80a1\u606f","0056         \u5143\u5927\u9ad8\u80a1\u606f_\u80a1\u606f\u4e0d\u6295\u5165","2412         \u4e2d\u83ef\u96fb\u4fe1","2002         \u4e2d\u92fc","2330         \u53f0\u7a4d\u96fb","2317         \u9d3b\u6d77","6505         \u53f0\u5851\u77f3\u5316","3481         \u7fa4\u5275","2303         \u806f\u96fb","2308         \u53f0\u9054\u96fb","2454         \u806f\u767c\u79d1","2886         \u5146\u8c50\u91d1","2884         \u7389\u5c71\u91d1","2891         \u4e2d\u4fe1\u91d1","2892         \u7b2c\u4e00\u91d1","5880         \u5408\u5eab\u91d1","2881         \u5bcc\u90a6\u91d1","2885         \u5143\u5927\u91d1","2887         \u53f0\u65b0\u91d1"],"y":["^TAIEX       \u81fa\u7063\u52a0\u6b0a\u5831\u916c\u6307\u6578","^TWII        \u81fa\u7063\u52a0\u6b0a\u6307\u6578","^TAIEXx2     \u81fa\u7063\u52a0\u6b0a\u5831\u916c\u6307\u6578_\u65e5\u6b632","^TAI50I      \u81fa\u706350\u5831\u916c\u6307\u6578","^TAI50Ix2    \u81fa\u706350\u5831\u916c\u6307\u6578_\u65e5\u6b632","^TAI100I     \u81fa\u7063\u4e2d\u578b100\u5831\u916c\u6307\u6578","^TAI100Ix2   \u81fa\u7063\u4e2d\u578b100\u5831\u916c\u6307\u6578_\u65e5\u6b632","^TAIDIVIDI   \u81fa\u7063\u9ad8\u80a1\u606f\u5831\u916c\u6307\u6578","^TAIDIVIDIx2 \u81fa\u7063\u9ad8\u80a1\u606f\u5831\u916c\u6307\u6578_\u65e5\u6b632","0050Fund     \u5143\u5927\u53f0\u7063\u5353\u8d8a50\u57fa\u91d1","006208Fund   \u5bcc\u90a6\u53f0\u7063\u91c6\u540950\u57fa\u91d1","0050         \u5143\u5927\u81fa\u706350","00631L       \u5143\u5927\u53f0\u706350\u6b632","00675L       \u5bcc\u90a6\u81fa\u7063\u52a0\u6b0a\u6b632","006208       \u5bcc\u90a6\u53f050","0051         \u5143\u5927\u4e2d\u578b100","006204       \u6c38\u8c50\u81fa\u7063\u52a0\u6b0a","0056         \u5143\u5927\u9ad8\u80a1\u606f","0056         \u5143\u5927\u9ad8\u80a1\u606f_\u80a1\u606f\u4e0d\u6295\u5165","2412         \u4e2d\u83ef\u96fb\u4fe1","2002         \u4e2d\u92fc","2330         \u53f0\u7a4d\u96fb","2317         \u9d3b\u6d77","6505         \u53f0\u5851\u77f3\u5316","3481         \u7fa4\u5275","2303         \u806f\u96fb","2308         \u53f0\u9054\u96fb","2454         \u806f\u767c\u79d1","2886         \u5146\u8c50\u91d1","2884         \u7389\u5c71\u91d1","2891         \u4e2d\u4fe1\u91d1","2892         \u7b2c\u4e00\u91d1","5880         \u5408\u5eab\u91d1","2881         \u5bcc\u90a6\u91d1","2885         \u5143\u5927\u91d1","2887         \u53f0\u65b0\u91d1"],"zmin":-1,"zmax":1,"colorbar":{"x":-0.2}}],"layout":{"autotypenumbers":"strict","colorway":["#636efa","#EF553B","#00cc96","#ab63fa","#FFA15A","#19d3f3","#FF6692","#B6E880","#FF97FF","#FECB52"],"font":{"color":"#f2f5fa","family":"Courier New"},"hovermode":"closest","hoverlabel":{"align":"left"},"paper_bgcolor":"rgb(17,17,17)","plot_bgcolor":"rgb(17,17,17)","polar":{"bgcolor":"rgb(17,17,17)","angularaxis":{"gridcolor":"#506784","linecolor":"#506784","ticks":""},"radialaxis":{"gridcolor":"#506784","linecolor":"#506784","ticks":""}},"ternary":{"bgcolor":"rgb(17,17,17)","aaxis":{"gridcolor":"#506784","linecolor":"#506784","ticks":""},"baxis":{"gridcolor":"#506784","linecolor":"#506784","ticks":""},"caxis":{"gridcolor":"#506784","linecolor":"#506784","ticks":""}},"coloraxis":{"colorbar":{"outlinewidth":0,"ticks":""}},"colorscale":{"sequential":[[0.0,"#0d0887"],[0.1111111111111111,"#46039f"],[0.2222222222222222,"#7201a8"],[0.3333333333333333,"#9c179e"],[0.4444444444444444,"#bd3786"],[0.5555555555555556,"#d8576b"],[0.6666666666666666,"#ed7953"],[0.7777777777777778,"#fb9f3a"],[0.8888888888888888,"#fdca26"],[1.0,"#f0f921"]],"sequentialminus":[[0.0,"#0d0887"],[0.1111111111111111,"#46039f"],[0.2222222222222222,"#7201a8"],[0.3333333333333333,"#9c179e"],[0.4444444444444444,"#bd3786"],[0.5555555555555556,"#d8576b"],[0.6666666666666666,"#ed7953"],[0.7777777777777778,"#fb9f3a"],[0.8888888888888888,"#fdca26"],[1.0,"#f0f921"]],"diverging":[[0,"#8e0152"],[0.1,"#c51b7d"],[0.2,"#de77ae"],[0.3,"#f1b6da"],[0.4,"#fde0ef"],[0.5,"#f7f7f7"],[0.6,"#e6f5d0"],[0.7,"#b8e186"],[0.8,"#7fbc41"],[0.9,"#4d9221"],[1,"#276419"]]},"xaxis":{"gridcolor":"rgba(0, 0, 0, 0)","linecolor":"#506784","ticks":"","title":{"standoff":15},"zerolinecolor":"#283442","automargin":true,"zerolinewidth":2,"tickfont":{"family":"Courier New","size":14},"side":"top","tickangle":-90},"yaxis":{"gridcolor":"rgba(0, 0, 0, 0)","linecolor":"#506784","ticks":"","title":{"standoff":15},"zerolinecolor":"#283442","automargin":true,"zerolinewidth":2,"tickfont":{"family":"Courier New"},"side":"right"},"scene":{"xaxis":{"backgroundcolor":"rgb(17,17,17)","gridcolor":"#506784","linecolor":"#506784","showbackground":true,"ticks":"","zerolinecolor":"#C8D4E3","gridwidth":2},"yaxis":{"backgroundcolor":"rgb(17,17,17)","gridcolor":"#506784","linecolor":"#506784","showbackground":true,"ticks":"","zerolinecolor":"#C8D4E3","gridwidth":2},"zaxis":{"backgroundcolor":"rgb(17,17,17)","gridcolor":"#506784","linecolor":"#506784","showbackground":true,"ticks":"","zerolinecolor":"#C8D4E3","gridwidth":2}},"shapedefaults":{"line":{"color":"#f2f5fa"}},"annotationdefaults":{"arrowcolor":"#f2f5fa","arrowhead":0,"arrowwidth":1},"geo":{"bgcolor":"rgb(17,17,17)","landcolor":"rgb(17,17,17)","subunitcolor":"#506784","showland":true,"showlakes":true,"lakecolor":"rgb(17,17,17)"},"title":{"x":0.05,"font":{"family":"Times New Roman"},"y":0.05,"text":"<b>Correlation of Adj Close<b><br><i>2016-09-23 ~ 2026-05-08<i>"},"updatemenudefaults":{"bgcolor":"#506784","borderwidth":0},"sliderdefaults":{"bgcolor":"#C8D4E3","borderwidth":1,"bordercolor":"rgb(17,17,17)","tickwidth":0},"mapbox":{"style":"dark"},"annotations":[{"text":"<b>@zwindr<b>","textangle":0,"opacity":0.5,"font":{"color":"white","size":12},"xref":"paper","yref":"paper","xanchor":"left","yanchor":"bottom","x":1.0,"y":1.0,"showarrow":false}]},"config":{"responsive":true,"toImageButtonOptions":{"filename":"Correlation of Adj Close_2016-09-23~2026-05-08","scale":5}}};Plotly.newPlot("correlationAdjClose",correlationAdjClose.data,correlationAdjClose.layout||{},correlationAdjClose.config);}else{console.log("style display is none => correlationAdjClose");}