var config = { responsive: true }

var correlationClose = {"data": [{"type": "heatmap", "z": [[1.0, 0.9999999999999983, 1.0, 0.9956983861555402, 0.9956983861555402, 0.9600160560001006, 0.9600160560001006, 0.8934280549456063, 0.8934280549456063, 0.9751363841079542, 0.9922810152746004, 0.9918275067467857, 0.9952238634749483, 0.9709538849449092, 0.9988497997328256, 0.9275562249094763, 0.7813440462817255, -0.06411300629027454, 0.976533632229821, 0.049200405903756586, 0.026006185159102576, -0.24976829642047876, 0.8247341946951224, 0.950272324888702, 0.9006669182904474], [0.9999999999999983, 1.0, 0.9999999999999984, 0.9956379613355153, 0.9956379613355153, 0.9593505410058851, 0.9593505410058851, 0.8947963310905405, 0.8947963310905405, 0.9740151396696125, 0.9920209530461921, 0.9912243994695166, 0.9951745969959395, 0.970178169520307, 0.998853981360011, 0.9281657522576027, 0.80259215005443, 0.14093720121207, 0.9672581246828638, -0.10713256433700377, 0.03329421296648767, -0.25010197163012904, 0.6469892644930633, 0.9504762877008315, 0.8717178542855227], [1.0, 0.9999999999999984, 1.0, 0.9956983861555402, 0.9956983861555402, 0.9600160560001006, 0.9600160560001006, 0.8934280549456063, 0.8934280549456063, 0.9751363841079542, 0.9922810152746004, 0.9918275067467857, 0.9952238634749483, 0.9709538849449092, 0.9988497997328256, 0.9275562249094763, 0.7813440462817255, -0.06411300629027454, 0.976533632229821, 0.049200405903756586, 0.026006185159102576, -0.24976829642047876, 0.8247341946951224, 0.950272324888702, 0.9006669182904474], [0.9956983861555402, 0.9956379613355153, 0.9956983861555402, 1.0, 1.0, 0.9469243361178299, 0.9469243361178299, 0.879367330765984, 0.879367330765984, 0.9758988646113258, 0.9879144048168763, 0.9836452870307641, 0.9993729083260121, 0.9534014400299328, 0.9946766854275526, 0.9100128715651139, 0.761517435036375, -0.06888417435540464, 0.9881917511230847, 0.06822448240990757, -0.002648654931004065, -0.25383027005825193, 0.8269501262789042, 0.9402548396770715, 0.9056493543896524], [0.9956983861555402, 0.9956379613355153, 0.9956983861555402, 1.0, 1.0, 0.9469243361178299, 0.9469243361178299, 0.879367330765984, 0.879367330765984, 0.9758988646113258, 0.9879144048168763, 0.9836452870307641, 0.9993729083260121, 0.9534014400299328, 0.9946766854275526, 0.9100128715651139, 0.761517435036375, -0.06888417435540464, 0.9881917511230847, 0.06822448240990757, -0.002648654931004065, -0.25383027005825193, 0.8269501262789042, 0.9402548396770715, 0.9056493543896524], [0.9600160560001006, 0.9593505410058851, 0.9600160560001006, 0.9469243361178299, 0.9469243361178299, 1.0, 1.0, 0.9212675402547194, 0.9212675402547194, 0.9321694431393199, 0.9765585801220572, 0.9754606395715877, 0.9509128877093966, 0.9989543823109827, 0.971568683380311, 0.9192704939534325, 0.6196855441684298, -0.00707247830422495, 0.9312927323007156, 0.23624123846836534, -0.18630030157321964, -0.10176554084339248, 0.896570951786513, 0.9097589245380897, 0.9221833675171781], [0.9600160560001006, 0.9593505410058851, 0.9600160560001006, 0.9469243361178299, 0.9469243361178299, 1.0, 1.0, 0.9212675402547194, 0.9212675402547194, 0.9321694431393199, 0.9765585801220572, 0.9754606395715877, 0.9509128877093966, 0.9989543823109827, 0.971568683380311, 0.9192704939534325, 0.6196855441684298, -0.00707247830422495, 0.9312927323007156, 0.23624123846836534, -0.18630030157321964, -0.10176554084339248, 0.896570951786513, 0.9097589245380897, 0.9221833675171781], [0.8934280549456063, 0.8947963310905405, 0.8934280549456063, 0.879367330765984, 0.879367330765984, 0.9212675402547194, 0.9212675402547194, 1.0, 1.0, 0.8813278915218113, 0.9460753561930303, 0.9410291350126209, 0.9368722194598325, 0.9219892784171702, 0.9382292495754637, 0.9733690436018051, 0.5523534127299928, 0.11553666781739576, 0.8349666921657394, 0.49049224465569735, -0.2079946419847387, 0.04205002175530037, 0.7834540246177831, 0.7986112490794369, 0.8568258764603841], [0.8934280549456063, 0.8947963310905405, 0.8934280549456063, 0.879367330765984, 0.879367330765984, 0.9212675402547194, 0.9212675402547194, 1.0, 1.0, 0.8813278915218113, 0.9460753561930303, 0.9410291350126209, 0.9368722194598325, 0.9219892784171702, 0.9382292495754637, 0.9733690436018051, 0.5523534127299928, 0.11553666781739576, 0.8349666921657394, 0.49049224465569735, -0.2079946419847387, 0.04205002175530037, 0.7834540246177831, 0.7986112490794369, 0.8568258764603841], [0.9751363841079542, 0.9740151396696125, 0.9751363841079542, 0.9758988646113258, 0.9758988646113258, 0.9321694431393199, 0.9321694431393199, 0.8813278915218113, 0.8813278915218113, 1.0, 0.9512004406596389, 0.9364301418503701, 0.9647882332374473, 0.9337509766196518, 0.9667321922327266, 0.8996552132662669, 0.7385744066380439, -0.0880060046662023, 0.9636289324450205, 0.49258083404491626, -0.20738787671755196, -0.26441391362342015, 0.8754390587714638, 0.9085052220271187, 0.8835324775191775], [0.9922810152746004, 0.9920209530461921, 0.9922810152746004, 0.9879144048168763, 0.9879144048168763, 0.9765585801220572, 0.9765585801220572, 0.9460753561930303, 0.9460753561930303, 0.9512004406596389, 1.0, 0.9996690858290237, 0.9876444798271964, 0.9748920973695537, 0.989200423108315, 0.9242486339711632, 0.8005629965409249, 0.23315046789206556, 0.9856345908368588, 0.8684906254979772, -0.5893111996898531, 0.4648850603226693, 0.8536974491478311, 0.9326314079851584, 0.95593583179213], [0.9918275067467857, 0.9912243994695166, 0.9918275067467857, 0.9836452870307641, 0.9836452870307641, 0.9754606395715877, 0.9754606395715877, 0.9410291350126209, 0.9410291350126209, 0.9364301418503701, 0.9996690858290237, 1.0, 0.9842277283953365, 0.9726713955854918, 0.987359281536622, 0.9124004580178726, 0.8188616254976353, 0.11538175181770587, 0.9798971007931341, 0.8779998450584439, -0.8112334370691426, 0.515039047436139, 0.8127996842423685, 0.9389088933470874, 0.9536982996137672], [0.9952238634749483, 0.9951745969959395, 0.9952238634749483, 0.9993729083260121, 0.9993729083260121, 0.9509128877093966, 0.9509128877093966, 0.9368722194598325, 0.9368722194598325, 0.9647882332374473, 0.9876444798271964, 0.9842277283953365, 1.0, 0.9517152239603108, 0.9937800971441658, 0.92988392780046, 0.8377309905639159, 0.19767759028563575, 0.9952745635224929, 0.8413932551002473, -0.3888552042180989, 0.38608966384558424, 0.8738932388973044, 0.9119678148930871, 0.9372529299494521], [0.9709538849449092, 0.970178169520307, 0.9709538849449092, 0.9534014400299328, 0.9534014400299328, 0.9989543823109827, 0.9989543823109827, 0.9219892784171702, 0.9219892784171702, 0.9337509766196518, 0.9748920973695537, 0.9726713955854918, 0.9517152239603108, 1.0, 0.9733983724226304, 0.9187830272615588, 0.6684807123843628, 0.013232627249577, 0.9431695996906013, 0.5621750333476642, -0.3199213988044525, -0.15584415816805985, 0.909699563706822, 0.9235463094185388, 0.9175263099354183], [0.9988497997328256, 0.998853981360011, 0.9988497997328256, 0.9946766854275526, 0.9946766854275526, 0.971568683380311, 0.971568683380311, 0.9382292495754637, 0.9382292495754637, 0.9667321922327266, 0.989200423108315, 0.987359281536622, 0.9937800971441658, 0.9733983724226304, 1.0, 0.9440225683277743, 0.8431029539442156, 0.19288214090388836, 0.9867713401740679, 0.8106385185075007, -0.3754812731632281, 0.39642340256111763, 0.9048916300218514, 0.930373275518944, 0.9421999046408067], [0.9275562249094763, 0.9281657522576027, 0.9275562249094763, 0.9100128715651139, 0.9100128715651139, 0.9192704939534325, 0.9192704939534325, 0.9733690436018051, 0.9733690436018051, 0.8996552132662669, 0.9242486339711632, 0.9124004580178726, 0.92988392780046, 0.9187830272615588, 0.9440225683277743, 1.0, 0.7239851189781426, 0.028529483497494356, 0.8730456159247827, 0.4992707666047536, -0.10873068354625544, -0.19810983742088803, 0.8210051615208827, 0.8408149386843963, 0.8274700329855965], [0.7813440462817255, 0.80259215005443, 0.7813440462817255, 0.761517435036375, 0.761517435036375, 0.6196855441684298, 0.6196855441684298, 0.5523534127299928, 0.5523534127299928, 0.7385744066380439, 0.8005629965409249, 0.8188616254976353, 0.8377309905639159, 0.6684807123843628, 0.8431029539442156, 0.7239851189781426, 1.0, 0.06713035855281799, 0.7244419769186328, -0.44680570964360533, 0.40955974264915124, -0.6626322609551397, 0.3270574630058478, 0.8040727417589468, 0.4743962685590539], [-0.06411300629027454, 0.14093720121207, -0.06411300629027454, -0.06888417435540464, -0.06888417435540464, -0.00707247830422495, -0.00707247830422495, 0.11553666781739576, 0.11553666781739576, -0.0880060046662023, 0.23315046789206556, 0.11538175181770587, 0.19767759028563575, 0.013232627249577, 0.19288214090388836, 0.028529483497494356, 0.06713035855281799, 1.0, -0.03549959432316272, 0.13984020293820548, 0.105256999393644, 0.7530124863342068, -0.07296820303325242, 0.05770454100702772, 0.04878259288862606], [0.976533632229821, 0.9672581246828638, 0.976533632229821, 0.9881917511230847, 0.9881917511230847, 0.9312927323007156, 0.9312927323007156, 0.8349666921657394, 0.8349666921657394, 0.9636289324450205, 0.9856345908368588, 0.9798971007931341, 0.9952745635224929, 0.9431695996906013, 0.9867713401740679, 0.8730456159247827, 0.7244419769186328, -0.03549959432316272, 1.0, -0.02206691216028092, -0.06691095273751121, -0.3153930375111358, 0.6896115481326154, 0.9207008965637008, 0.88851622303152], [0.049200405903756586, -0.10713256433700377, 0.049200405903756586, 0.06822448240990757, 0.06822448240990757, 0.23624123846836534, 0.23624123846836534, 0.49049224465569735, 0.49049224465569735, 0.49258083404491626, 0.8684906254979772, 0.8779998450584439, 0.8413932551002473, 0.5621750333476642, 0.8106385185075007, 0.4992707666047536, -0.44680570964360533, 0.13984020293820548, -0.02206691216028092, 1.0, -0.41878593165003464, 0.7835933948558547, 0.35845330790168567, -0.07323421323836815, 0.2429011909112468], [0.026006185159102576, 0.03329421296648767, 0.026006185159102576, -0.002648654931004065, -0.002648654931004065, -0.18630030157321964, -0.18630030157321964, -0.2079946419847387, -0.2079946419847387, -0.20738787671755196, -0.5893111996898531, -0.8112334370691426, -0.3888552042180989, -0.3199213988044525, -0.3754812731632281, -0.10873068354625544, 0.40955974264915124, 0.105256999393644, -0.06691095273751121, -0.41878593165003464, 1.0, -0.055691138864279614, -0.11692806748765143, -0.007026327484350779, -0.219636748159972], [-0.24976829642047876, -0.25010197163012904, -0.24976829642047876, -0.25383027005825193, -0.25383027005825193, -0.10176554084339248, -0.10176554084339248, 0.04205002175530037, 0.04205002175530037, -0.26441391362342015, 0.4648850603226693, 0.515039047436139, 0.38608966384558424, -0.15584415816805985, 0.39642340256111763, -0.19810983742088803, -0.6626322609551397, 0.7530124863342068, -0.3153930375111358, 0.7835933948558547, -0.055691138864279614, 1.0, -0.0958823094999932, -0.3029036762191365, -0.04416899915558978], [0.8247341946951224, 0.6469892644930633, 0.8247341946951224, 0.8269501262789042, 0.8269501262789042, 0.896570951786513, 0.896570951786513, 0.7834540246177831, 0.7834540246177831, 0.8754390587714638, 0.8536974491478311, 0.8127996842423685, 0.8738932388973044, 0.909699563706822, 0.9048916300218514, 0.8210051615208827, 0.3270574630058478, -0.07296820303325242, 0.6896115481326154, 0.35845330790168567, -0.11692806748765143, -0.0958823094999932, 1.0, 0.6151802858972885, 0.8463281105128136], [0.950272324888702, 0.9504762877008315, 0.950272324888702, 0.9402548396770715, 0.9402548396770715, 0.9097589245380897, 0.9097589245380897, 0.7986112490794369, 0.7986112490794369, 0.9085052220271187, 0.9326314079851584, 0.9389088933470874, 0.9119678148930871, 0.9235463094185388, 0.930373275518944, 0.8408149386843963, 0.8040727417589468, 0.05770454100702772, 0.9207008965637008, -0.07323421323836815, -0.007026327484350779, -0.3029036762191365, 0.6151802858972885, 1.0, 0.8225965101272272], [0.9006669182904474, 0.8717178542855227, 0.9006669182904474, 0.9056493543896524, 0.9056493543896524, 0.9221833675171781, 0.9221833675171781, 0.8568258764603841, 0.8568258764603841, 0.8835324775191775, 0.95593583179213, 0.9536982996137672, 0.9372529299494521, 0.9175263099354183, 0.9421999046408067, 0.8274700329855965, 0.4743962685590539, 0.04878259288862606, 0.88851622303152, 0.2429011909112468, -0.219636748159972, -0.04416899915558978, 0.8463281105128136, 0.8225965101272272, 1.0]], "x": ["^TAIEX       \u81fa\u7063\u52a0\u6b0a\u5831\u916c\u6307\u6578", "^TWII        \u81fa\u7063\u52a0\u6b0a\u6307\u6578", "^TAIEXx2     \u81fa\u7063\u52a0\u6b0a\u5831\u916c\u6307\u6578_\u65e5\u6b632", "^TAI50I      \u81fa\u706350\u5831\u916c\u6307\u6578", "^TAI50Ix2    \u81fa\u706350\u5831\u916c\u6307\u6578_\u65e5\u6b632", "^TAI100I     \u81fa\u7063\u4e2d\u578b100\u5831\u916c\u6307\u6578", "^TAI100Ix2   \u81fa\u7063\u4e2d\u578b100\u5831\u916c\u6307\u6578_\u65e5\u6b632", "^TAIDIVIDI   \u81fa\u7063\u9ad8\u80a1\u606f\u5831\u916c\u6307\u6578", "^TAIDIVIDIx2 \u81fa\u7063\u9ad8\u80a1\u606f\u5831\u916c\u6307\u6578_\u65e5\u6b632", "0050         \u5143\u5927\u81fa\u706350", "00631L       \u5143\u5927\u53f0\u706350\u6b632", "00675L       \u5bcc\u90a6\u81fa\u7063\u52a0\u6b0a\u6b632", "006208       \u5bcc\u90a6\u53f050", "0051         \u5143\u5927\u4e2d\u578b100", "006204       \u6c38\u8c50\u81fa\u7063\u52a0\u6b0a", "0056         \u5143\u5927\u9ad8\u80a1\u606f", "2412         \u4e2d\u83ef\u96fb\u4fe1", "2002         \u4e2d\u92fc", "2330         \u53f0\u7a4d\u96fb", "2317         \u9d3b\u6d77", "6505         \u53f0\u5851\u77f3\u5316", "3481         \u7fa4\u5275", "2303         \u806f\u96fb", "2308         \u53f0\u9054\u96fb", "2454         \u806f\u767c\u79d1"], "y": ["^TAIEX       \u81fa\u7063\u52a0\u6b0a\u5831\u916c\u6307\u6578", "^TWII        \u81fa\u7063\u52a0\u6b0a\u6307\u6578", "^TAIEXx2     \u81fa\u7063\u52a0\u6b0a\u5831\u916c\u6307\u6578_\u65e5\u6b632", "^TAI50I      \u81fa\u706350\u5831\u916c\u6307\u6578", "^TAI50Ix2    \u81fa\u706350\u5831\u916c\u6307\u6578_\u65e5\u6b632", "^TAI100I     \u81fa\u7063\u4e2d\u578b100\u5831\u916c\u6307\u6578", "^TAI100Ix2   \u81fa\u7063\u4e2d\u578b100\u5831\u916c\u6307\u6578_\u65e5\u6b632", "^TAIDIVIDI   \u81fa\u7063\u9ad8\u80a1\u606f\u5831\u916c\u6307\u6578", "^TAIDIVIDIx2 \u81fa\u7063\u9ad8\u80a1\u606f\u5831\u916c\u6307\u6578_\u65e5\u6b632", "0050         \u5143\u5927\u81fa\u706350", "00631L       \u5143\u5927\u53f0\u706350\u6b632", "00675L       \u5bcc\u90a6\u81fa\u7063\u52a0\u6b0a\u6b632", "006208       \u5bcc\u90a6\u53f050", "0051         \u5143\u5927\u4e2d\u578b100", "006204       \u6c38\u8c50\u81fa\u7063\u52a0\u6b0a", "0056         \u5143\u5927\u9ad8\u80a1\u606f", "2412         \u4e2d\u83ef\u96fb\u4fe1", "2002         \u4e2d\u92fc", "2330         \u53f0\u7a4d\u96fb", "2317         \u9d3b\u6d77", "6505         \u53f0\u5851\u77f3\u5316", "3481         \u7fa4\u5275", "2303         \u806f\u96fb", "2308         \u53f0\u9054\u96fb", "2454         \u806f\u767c\u79d1"], "zmin": -1, "zmax": 1, "colorbar": {"x": -0.2}}], "layout": {"autotypenumbers": "strict", "colorway": ["#636efa", "#EF553B", "#00cc96", "#ab63fa", "#FFA15A", "#19d3f3", "#FF6692", "#B6E880", "#FF97FF", "#FECB52"], "font": {"color": "#f2f5fa", "family": "Courier New"}, "hovermode": "closest", "hoverlabel": {"align": "left"}, "paper_bgcolor": "rgb(17,17,17)", "plot_bgcolor": "rgb(17,17,17)", "polar": {"bgcolor": "rgb(17,17,17)", "angularaxis": {"gridcolor": "#506784", "linecolor": "#506784", "ticks": ""}, "radialaxis": {"gridcolor": "#506784", "linecolor": "#506784", "ticks": ""}}, "ternary": {"bgcolor": "rgb(17,17,17)", "aaxis": {"gridcolor": "#506784", "linecolor": "#506784", "ticks": ""}, "baxis": {"gridcolor": "#506784", "linecolor": "#506784", "ticks": ""}, "caxis": {"gridcolor": "#506784", "linecolor": "#506784", "ticks": ""}}, "coloraxis": {"colorbar": {"outlinewidth": 0, "ticks": ""}}, "colorscale": {"sequential": [[0.0, "#0d0887"], [0.1111111111111111, "#46039f"], [0.2222222222222222, "#7201a8"], [0.3333333333333333, "#9c179e"], [0.4444444444444444, "#bd3786"], [0.5555555555555556, "#d8576b"], [0.6666666666666666, "#ed7953"], [0.7777777777777778, "#fb9f3a"], [0.8888888888888888, "#fdca26"], [1.0, "#f0f921"]], "sequentialminus": [[0.0, "#0d0887"], [0.1111111111111111, "#46039f"], [0.2222222222222222, "#7201a8"], [0.3333333333333333, "#9c179e"], [0.4444444444444444, "#bd3786"], [0.5555555555555556, "#d8576b"], [0.6666666666666666, "#ed7953"], [0.7777777777777778, "#fb9f3a"], [0.8888888888888888, "#fdca26"], [1.0, "#f0f921"]], "diverging": [[0, "#8e0152"], [0.1, "#c51b7d"], [0.2, "#de77ae"], [0.3, "#f1b6da"], [0.4, "#fde0ef"], [0.5, "#f7f7f7"], [0.6, "#e6f5d0"], [0.7, "#b8e186"], [0.8, "#7fbc41"], [0.9, "#4d9221"], [1, "#276419"]]}, "xaxis": {"gridcolor": "rgba(0, 0, 0, 0)", "linecolor": "#506784", "ticks": "", "title": {"standoff": 15}, "zerolinecolor": "#283442", "automargin": true, "zerolinewidth": 2, "tickfont": {"family": "Courier New", "size": 14}, "side": "top", "tickangle": -90}, "yaxis": {"gridcolor": "rgba(0, 0, 0, 0)", "linecolor": "#506784", "ticks": "", "title": {"standoff": 15}, "zerolinecolor": "#283442", "automargin": true, "zerolinewidth": 2, "tickfont": {"family": "Courier New"}, "side": "right"}, "scene": {"xaxis": {"backgroundcolor": "rgb(17,17,17)", "gridcolor": "#506784", "linecolor": "#506784", "showbackground": true, "ticks": "", "zerolinecolor": "#C8D4E3", "gridwidth": 2}, "yaxis": {"backgroundcolor": "rgb(17,17,17)", "gridcolor": "#506784", "linecolor": "#506784", "showbackground": true, "ticks": "", "zerolinecolor": "#C8D4E3", "gridwidth": 2}, "zaxis": {"backgroundcolor": "rgb(17,17,17)", "gridcolor": "#506784", "linecolor": "#506784", "showbackground": true, "ticks": "", "zerolinecolor": "#C8D4E3", "gridwidth": 2}}, "shapedefaults": {"line": {"color": "#f2f5fa"}}, "annotationdefaults": {"arrowcolor": "#f2f5fa", "arrowhead": 0, "arrowwidth": 1}, "geo": {"bgcolor": "rgb(17,17,17)", "landcolor": "rgb(17,17,17)", "subunitcolor": "#506784", "showland": true, "showlakes": true, "lakecolor": "rgb(17,17,17)"}, "title": {"x": 0.05, "font": {"family": "Times New Roman"}, "y": 0.05, "text": "<b>Correlation of Close<b><br><i>2016/09/23 ~ 2025/06/27<i>"}, "updatemenudefaults": {"bgcolor": "#506784", "borderwidth": 0}, "sliderdefaults": {"bgcolor": "#C8D4E3", "borderwidth": 1, "bordercolor": "rgb(17,17,17)", "tickwidth": 0}, "mapbox": {"style": "dark"}, "height": 600}};

Plotly.newPlot("correlationClose",
    correlationClose.data,
    correlationClose.layout || {},
    config);