var config = { responsive: true }

var correlationAdjClose = {"data": [{"type": "heatmap", "z": [[1.0, 0.9938819043586395, 0.9766482704416629, 0.9977081720712769, 0.9648967518215273, 0.9811423938931477, -0.9417761313581795, 0.9898488527119711, 0.9694135580392406, 0.9972838060573515, 0.9972749854479498, 0.9977933196566907, 0.9930524604681551, 0.993787375948455, 0.9972524251868132, 0.9837799103145256, 0.9996597014247453, 0.989900392170201, 0.919578418129389, 0.7459423097488274, 0.9854525557707908, 0.9194377950751133, 0.4546413255639963, -0.30295350879487987, 0.9009137094578966, 0.974350951895273, 0.953753814615991], [0.9938819043586395, 1.0, 0.9720133352555017, 0.9913075737860947, 0.9604959176612208, 0.976449463578594, -0.9370342818098139, 0.9805145058079687, 0.9623769129064597, 0.9954606388203131, 0.9953147436885532, 0.9933404581556392, 0.9921345652880277, 0.9913459282628287, 0.9952129927940555, 0.9775312669258883, 0.9965903592990863, 0.9833188937949161, 0.908384254528303, 0.7561746114219425, 0.9668214717318008, 0.898530956790373, 0.45371982340600414, -0.22623421904926205, 0.8742623080032518, 0.9618708177481563, 0.9534769571051076], [0.9766482704416629, 0.9720133352555017, 1.0, 0.9825829138123074, 0.996163165794539, 0.9790930937492958, -0.9755266360451231, 0.9699899304725903, 0.9837353543241433, 0.988333209058522, 0.98909370820866, 0.9846552272102369, 0.9971323631965964, 0.9969734911789339, 0.9888245171647513, 0.9778705512203807, 0.9876125210725073, 0.9699215907600041, 0.8259139819311342, 0.6363915105858768, 0.9899198018946727, 0.9098799264239442, 0.2896069101584884, -0.22521035886044158, 0.9077709727797683, 0.9423355305476294, 0.9788751464503453], [0.9977081720712769, 0.9913075737860947, 0.9825829138123074, 1.0, 0.9762223089917117, 0.9734406199746445, -0.936522568058757, 0.9843254417636208, 0.9668389342550472, 0.9999702753533193, 0.9999889931716038, 0.9999546747547152, 0.9914215157845258, 0.9895467263933411, 0.9999434914721064, 0.9734938327803547, 0.9960898288783712, 0.9842274804655133, 0.9059960733121646, 0.716762320347344, 0.9932327364720053, 0.9208238788109008, 0.43172038557929004, -0.2945327940708927, 0.8996163979451361, 0.9687159942160954, 0.9598878273090697], [0.9648967518215273, 0.9604959176612208, 0.996163165794539, 0.9762223089917117, 1.0, 0.9591822144834198, -0.957302194568822, 0.9554568178421808, 0.9717758260998356, 0.9847573785997008, 0.9855243523895945, 0.980370034469663, 0.9870554050874483, 0.9834216181899584, 0.9852177734219213, 0.9569977301986681, 0.9761432824562686, 0.9553329475105612, 0.8060636310652026, 0.6021906073118828, 0.9893034108796314, 0.9062432420095323, 0.26683790998937185, -0.2185454949606637, 0.8903389646243577, 0.9278935624993149, 0.9767309730754323], [0.9811423938931477, 0.976449463578594, 0.9790930937492958, 0.9734406199746445, 0.9591822144834198, 1.0, -0.9804382825886333, 0.9801671099606295, 0.9795060156738898, 0.9687170625932676, 0.9691036347017766, 0.9721640087122856, 0.9768813974634494, 0.9748592977831015, 0.968830028638544, 0.9999091907396009, 0.9859418516154594, 0.9812825099919615, 0.8596384403707219, 0.712301934048514, 0.9672542466446628, 0.8895659945532568, 0.31934628804737747, -0.2136297812369253, 0.936558589858863, 0.956848384881189, 0.9591760365001368], [-0.9417761313581795, -0.9370342818098139, -0.9755266360451231, -0.936522568058757, -0.957302194568822, -0.9804382825886333, 1.0, -0.9507642639726696, -0.9830812287428201, -0.9473197829327257, -0.948594843523018, -0.9415766697154387, -0.9737377646891775, -0.9755712960404718, -0.948165706503242, -0.9836740272255338, -0.9638378814806947, -0.9538466669233221, -0.7710939033622823, -0.6101287836255763, -0.9421019480765506, -0.8795876233406873, -0.1761685671414222, 0.14737620649568073, -0.9046163977953102, -0.9127926900880701, -0.9566136509237925], [0.9898488527119711, 0.9805145058079687, 0.9699899304725903, 0.9843254417636208, 0.9554568178421808, 0.9801671099606295, -0.9507642639726696, 1.0, 0.9821339579989667, 0.9799806422534751, 0.9799477156553651, 0.9836649606048937, 0.9754994243508807, 0.9744170171664163, 0.9798999709376415, 0.9821596286282439, 0.987411770535735, 0.9998694648052842, 0.9221415271826813, 0.6811757801097685, 0.9739929396835295, 0.8931378802719154, 0.31462884723728385, -0.310899606789237, 0.9052176906922341, 0.9557970425965806, 0.9366629989800338], [0.9694135580392406, 0.9623769129064597, 0.9837353543241433, 0.9668389342550472, 0.9717758260998356, 0.9795060156738898, -0.9830812287428201, 0.9821339579989667, 1.0, 0.9623928326692869, 0.9630932687167272, 0.965552413352013, 0.972388917332463, 0.9694081943885814, 0.9628022071557722, 0.9786632734413525, 0.9694879585854898, 0.981458827251088, 0.8476997720692914, 0.6061927861936298, 0.9670417100102106, 0.9040935056971436, 0.17139630300518263, -0.22897755167726458, 0.8867439740952368, 0.9319905824468567, 0.9592210935339337], [0.9972838060573515, 0.9954606388203131, 0.988333209058522, 0.9999702753533193, 0.9847573785997008, 0.9687170625932676, -0.9473197829327257, 0.9799806422534751, 0.9623928326692869, 1.0, 0.9999871752868916, 0.9999822279318834, 0.9912409218203058, 0.9893281909302081, 0.9999474050388198, 0.9694002199864701, 0.9956635738039438, 0.9810744940246706, 0.929605043206662, 0.6462565232042023, 0.9966549306049649, 0.8974697335496082, 0.004427727801161243, 0.4472302734032268, 0.9187571170691387, 0.9528071491188347, 0.9651343037896558], [0.9972749854479498, 0.9953147436885532, 0.98909370820866, 0.9999889931716038, 0.9855243523895945, 0.9691036347017766, -0.948594843523018, 0.9799477156553651, 0.9630932687167272, 0.9999871752868916, 1.0, 0.9999711333848705, 0.9914392460492953, 0.9895205436635387, 0.9999527901592695, 0.9697614084725534, 0.9957230466499545, 0.9810116126760605, 0.9287254913671328, 0.6426992225461792, 0.9969501789744096, 0.8966711892300279, -0.010505170872771441, 0.4429077008300193, 0.9181153910178332, 0.9526413081863266, 0.9660495637012588], [0.9977933196566907, 0.9933404581556392, 0.9846552272102369, 0.9999546747547152, 0.980370034469663, 0.9721640087122856, -0.9415766697154387, 0.9836649606048937, 0.965552413352013, 0.9999822279318834, 0.9999711333848705, 1.0, 0.9911965621179051, 0.9892418310909623, 0.9999610946467421, 0.972642586045467, 0.995848079935199, 0.984065862273956, 0.9216756180398736, 0.6838630315555959, 0.9953211586948675, 0.9179524333806021, 0.25606690703121776, -0.25840832110725326, 0.9265881455230486, 0.9631748624993185, 0.9547659447228349], [0.9930524604681551, 0.9921345652880277, 0.9971323631965964, 0.9914215157845258, 0.9870554050874483, 0.9768813974634494, -0.9737377646891775, 0.9754994243508807, 0.972388917332463, 0.9912409218203058, 0.9914392460492953, 0.9911965621179051, 1.0, 0.9996738199396656, 0.9913280597001232, 0.9778042424828368, 0.9933920048858443, 0.9769100600838094, 0.9093969630305092, 0.5849561493913721, 0.9862463845399745, 0.8888402576450137, -0.2986261575958221, 0.46995709400311003, 0.9081369671136157, 0.9535196919953408, 0.9770883541308273], [0.993787375948455, 0.9913459282628287, 0.9969734911789339, 0.9895467263933411, 0.9834216181899584, 0.9748592977831015, -0.9755712960404718, 0.9744170171664163, 0.9694081943885814, 0.9893281909302081, 0.9895205436635387, 0.9892418310909623, 0.9996738199396656, 1.0, 0.9895150570409698, 0.9758712009875724, 0.9939423920914503, 0.9760867225181022, 0.9168731142072891, 0.4686981433029176, 0.9810622016391567, 0.8773279858137354, -0.6983260443794115, 0.4494116048049199, 0.8814085259423948, 0.9503362507567084, 0.9764159035110564], [0.9972524251868132, 0.9952129927940555, 0.9888245171647513, 0.9999434914721064, 0.9852177734219213, 0.968830028638544, -0.948165706503242, 0.9798999709376415, 0.9628022071557722, 0.9999474050388198, 0.9999527901592695, 0.9999610946467421, 0.9913280597001232, 0.9895150570409698, 1.0, 0.9695030320519837, 0.9956652975763969, 0.9810045865835845, 0.9293487904112544, 0.6432707065239325, 0.9968007681613927, 0.8967046283958107, -0.007458255897085095, 0.4427745179210166, 0.9178328411309399, 0.9518399909557549, 0.9653319926628774], [0.9837799103145256, 0.9775312669258883, 0.9778705512203807, 0.9734938327803547, 0.9569977301986681, 0.9999091907396009, -0.9836740272255338, 0.9821596286282439, 0.9786632734413525, 0.9694002199864701, 0.9697614084725534, 0.972642586045467, 0.9778042424828368, 0.9758712009875724, 0.9695030320519837, 1.0, 0.9864567230306129, 0.9814191327009264, 0.8833340035323447, 0.7136715807891763, 0.965998144384761, 0.8850748233273023, 0.19269474699508046, -0.1915037694105632, 0.9452072661415677, 0.9593935954654847, 0.9560453178704383], [0.9996597014247453, 0.9965903592990863, 0.9876125210725073, 0.9960898288783712, 0.9761432824562686, 0.9859418516154594, -0.9638378814806947, 0.987411770535735, 0.9694879585854898, 0.9956635738039438, 0.9957230466499545, 0.995848079935199, 0.9933920048858443, 0.9939423920914503, 0.9956652975763969, 0.9864567230306129, 1.0, 0.9883148526135134, 0.9350258303627637, 0.6833528314148541, 0.9890073058030735, 0.8939709058854426, 0.0418259162445459, 0.4600759982733788, 0.9362767534651242, 0.9612987858070435, 0.9637081785288737], [0.989900392170201, 0.9833188937949161, 0.9699215907600041, 0.9842274804655133, 0.9553329475105612, 0.9812825099919615, -0.9538466669233221, 0.9998694648052842, 0.981458827251088, 0.9810744940246706, 0.9810116126760605, 0.984065862273956, 0.9769100600838094, 0.9760867225181022, 0.9810045865835845, 0.9814191327009264, 0.9883148526135134, 1.0, 0.9284119003521377, 0.6802839583686989, 0.9730637022919201, 0.8982055611054522, 0.2825406647778079, -0.29146337209352347, 0.9107436586768125, 0.9547003467997396, 0.9367178844485398], [0.919578418129389, 0.908384254528303, 0.8259139819311342, 0.9059960733121646, 0.8060636310652026, 0.8596384403707219, -0.7710939033622823, 0.9221415271826813, 0.8476997720692914, 0.929605043206662, 0.9287254913671328, 0.9216756180398736, 0.9093969630305092, 0.9168731142072891, 0.9293487904112544, 0.8833340035323447, 0.9350258303627637, 0.9284119003521377, 1.0, 0.8438657664781857, 0.857325157343753, 0.8712840175747332, 0.700349581536971, -0.5336553909855795, 0.69368840007597, 0.9168901437586399, 0.7979498226131624], [0.7459423097488274, 0.7561746114219425, 0.6363915105858768, 0.716762320347344, 0.6021906073118828, 0.712301934048514, -0.6101287836255763, 0.6811757801097685, 0.6061927861936298, 0.6462565232042023, 0.6426992225461792, 0.6838630315555959, 0.5849561493913721, 0.4686981433029176, 0.6432707065239325, 0.7136715807891763, 0.6833528314148541, 0.6802839583686989, 0.8438657664781857, 1.0, 0.6391876015957889, 0.7513005040754577, 0.7328984649146487, -0.11639808073859736, 0.5380246416448331, 0.7594731844926738, 0.6434332184003737], [0.9854525557707908, 0.9668214717318008, 0.9899198018946727, 0.9932327364720053, 0.9893034108796314, 0.9672542466446628, -0.9421019480765506, 0.9739929396835295, 0.9670417100102106, 0.9966549306049649, 0.9969501789744096, 0.9953211586948675, 0.9862463845399745, 0.9810622016391567, 0.9968007681613927, 0.965998144384761, 0.9890073058030735, 0.9730637022919201, 0.857325157343753, 0.6391876015957889, 1.0, 0.8914076483294548, 0.35932972148298115, -0.28860658080967466, 0.8869135088027311, 0.9512339505971469, 0.9691370608534646], [0.9194377950751133, 0.898530956790373, 0.9098799264239442, 0.9208238788109008, 0.9062432420095323, 0.8895659945532568, -0.8795876233406873, 0.8931378802719154, 0.9040935056971436, 0.8974697335496082, 0.8966711892300279, 0.9179524333806021, 0.8888402576450137, 0.8773279858137354, 0.8967046283958107, 0.8850748233273023, 0.8939709058854426, 0.8982055611054522, 0.8712840175747332, 0.7513005040754577, 0.8914076483294548, 1.0, 0.40433488777430054, -0.18595695959926817, 0.6955611062363318, 0.916343425742163, 0.8816040951596655], [0.4546413255639963, 0.45371982340600414, 0.2896069101584884, 0.43172038557929004, 0.26683790998937185, 0.31934628804737747, -0.1761685671414222, 0.31462884723728385, 0.17139630300518263, 0.004427727801161243, -0.010505170872771441, 0.25606690703121776, -0.2986261575958221, -0.6983260443794115, -0.007458255897085095, 0.19269474699508046, 0.0418259162445459, 0.2825406647778079, 0.700349581536971, 0.7328984649146487, 0.35932972148298115, 0.40433488777430054, 1.0, -0.3990008801632906, 0.30043660445890596, 0.4390635810148278, 0.236483791089982], [-0.30295350879487987, -0.22623421904926205, -0.22521035886044158, -0.2945327940708927, -0.2185454949606637, -0.2136297812369253, 0.14737620649568073, -0.310899606789237, -0.22897755167726458, 0.4472302734032268, 0.4429077008300193, -0.25840832110725326, 0.46995709400311003, 0.4494116048049199, 0.4427745179210166, -0.1915037694105632, 0.4600759982733788, -0.29146337209352347, -0.5336553909855795, -0.11639808073859736, -0.28860658080967466, -0.18595695959926817, -0.3990008801632906, 1.0, -0.1456285967370919, -0.33320446897501027, -0.17317640458298203], [0.9009137094578966, 0.8742623080032518, 0.9077709727797683, 0.8996163979451361, 0.8903389646243577, 0.936558589858863, -0.9046163977953102, 0.9052176906922341, 0.8867439740952368, 0.9187571170691387, 0.9181153910178332, 0.9265881455230486, 0.9081369671136157, 0.8814085259423948, 0.9178328411309399, 0.9452072661415677, 0.9362767534651242, 0.9107436586768125, 0.69368840007597, 0.5380246416448331, 0.8869135088027311, 0.6955611062363318, 0.30043660445890596, -0.1456285967370919, 1.0, 0.8358872706197411, 0.885960603591699], [0.974350951895273, 0.9618708177481563, 0.9423355305476294, 0.9687159942160954, 0.9278935624993149, 0.956848384881189, -0.9127926900880701, 0.9557970425965806, 0.9319905824468567, 0.9528071491188347, 0.9526413081863266, 0.9631748624993185, 0.9535196919953408, 0.9503362507567084, 0.9518399909557549, 0.9593935954654847, 0.9612987858070435, 0.9547003467997396, 0.9168901437586399, 0.7594731844926738, 0.9512339505971469, 0.916343425742163, 0.4390635810148278, -0.33320446897501027, 0.8358872706197411, 1.0, 0.9312091887409384], [0.953753814615991, 0.9534769571051076, 0.9788751464503453, 0.9598878273090697, 0.9767309730754323, 0.9591760365001368, -0.9566136509237925, 0.9366629989800338, 0.9592210935339337, 0.9651343037896558, 0.9660495637012588, 0.9547659447228349, 0.9770883541308273, 0.9764159035110564, 0.9653319926628774, 0.9560453178704383, 0.9637081785288737, 0.9367178844485398, 0.7979498226131624, 0.6434332184003737, 0.9691370608534646, 0.8816040951596655, 0.236483791089982, -0.17317640458298203, 0.885960603591699, 0.9312091887409384, 1.0]], "x": ["^TAIEX       \u81fa\u7063\u52a0\u6b0a\u5831\u916c\u6307\u6578", "^TWII        \u81fa\u7063\u52a0\u6b0a\u6307\u6578", "^TAIEXx2     \u81fa\u7063\u52a0\u6b0a\u5831\u916c\u6307\u6578_\u65e5\u6b632", "^TAI50I      \u81fa\u706350\u5831\u916c\u6307\u6578", "^TAI50Ix2    \u81fa\u706350\u5831\u916c\u6307\u6578_\u65e5\u6b632", "^TAI100I     \u81fa\u7063\u4e2d\u578b100\u5831\u916c\u6307\u6578", "^TAI100Ix2   \u81fa\u7063\u4e2d\u578b100\u5831\u916c\u6307\u6578_\u65e5\u6b632", "^TAIDIVIDI   \u81fa\u7063\u9ad8\u80a1\u606f\u5831\u916c\u6307\u6578", "^TAIDIVIDIx2 \u81fa\u7063\u9ad8\u80a1\u606f\u5831\u916c\u6307\u6578_\u65e5\u6b632", "0050         \u5143\u5927\u53f0\u7063\u5353\u8d8a50\u57fa\u91d1", "006208       \u5bcc\u90a6\u53f0\u7063\u91c6\u540950\u57fa\u91d1", "0050         \u5143\u5927\u81fa\u706350", "00631L       \u5143\u5927\u53f0\u706350\u6b632", "00675L       \u5bcc\u90a6\u81fa\u7063\u52a0\u6b0a\u6b632", "006208       \u5bcc\u90a6\u53f050", "0051         \u5143\u5927\u4e2d\u578b100", "006204       \u6c38\u8c50\u81fa\u7063\u52a0\u6b0a", "0056         \u5143\u5927\u9ad8\u80a1\u606f", "2412         \u4e2d\u83ef\u96fb\u4fe1", "2002         \u4e2d\u92fc", "2330         \u53f0\u7a4d\u96fb", "2317         \u9d3b\u6d77", "6505         \u53f0\u5851\u77f3\u5316", "3481         \u7fa4\u5275", "2303         \u806f\u96fb", "2308         \u53f0\u9054\u96fb", "2454         \u806f\u767c\u79d1"], "y": ["^TAIEX       \u81fa\u7063\u52a0\u6b0a\u5831\u916c\u6307\u6578", "^TWII        \u81fa\u7063\u52a0\u6b0a\u6307\u6578", "^TAIEXx2     \u81fa\u7063\u52a0\u6b0a\u5831\u916c\u6307\u6578_\u65e5\u6b632", "^TAI50I      \u81fa\u706350\u5831\u916c\u6307\u6578", "^TAI50Ix2    \u81fa\u706350\u5831\u916c\u6307\u6578_\u65e5\u6b632", "^TAI100I     \u81fa\u7063\u4e2d\u578b100\u5831\u916c\u6307\u6578", "^TAI100Ix2   \u81fa\u7063\u4e2d\u578b100\u5831\u916c\u6307\u6578_\u65e5\u6b632", "^TAIDIVIDI   \u81fa\u7063\u9ad8\u80a1\u606f\u5831\u916c\u6307\u6578", "^TAIDIVIDIx2 \u81fa\u7063\u9ad8\u80a1\u606f\u5831\u916c\u6307\u6578_\u65e5\u6b632", "0050         \u5143\u5927\u53f0\u7063\u5353\u8d8a50\u57fa\u91d1", "006208       \u5bcc\u90a6\u53f0\u7063\u91c6\u540950\u57fa\u91d1", "0050         \u5143\u5927\u81fa\u706350", "00631L       \u5143\u5927\u53f0\u706350\u6b632", "00675L       \u5bcc\u90a6\u81fa\u7063\u52a0\u6b0a\u6b632", "006208       \u5bcc\u90a6\u53f050", "0051         \u5143\u5927\u4e2d\u578b100", "006204       \u6c38\u8c50\u81fa\u7063\u52a0\u6b0a", "0056         \u5143\u5927\u9ad8\u80a1\u606f", "2412         \u4e2d\u83ef\u96fb\u4fe1", "2002         \u4e2d\u92fc", "2330         \u53f0\u7a4d\u96fb", "2317         \u9d3b\u6d77", "6505         \u53f0\u5851\u77f3\u5316", "3481         \u7fa4\u5275", "2303         \u806f\u96fb", "2308         \u53f0\u9054\u96fb", "2454         \u806f\u767c\u79d1"], "zmin": -1, "zmax": 1, "colorbar": {"x": -0.2}}], "layout": {"autotypenumbers": "strict", "colorway": ["#636efa", "#EF553B", "#00cc96", "#ab63fa", "#FFA15A", "#19d3f3", "#FF6692", "#B6E880", "#FF97FF", "#FECB52"], "font": {"color": "#f2f5fa", "family": "Courier New"}, "hovermode": "closest", "hoverlabel": {"align": "left"}, "paper_bgcolor": "rgb(17,17,17)", "plot_bgcolor": "rgb(17,17,17)", "polar": {"bgcolor": "rgb(17,17,17)", "angularaxis": {"gridcolor": "#506784", "linecolor": "#506784", "ticks": ""}, "radialaxis": {"gridcolor": "#506784", "linecolor": "#506784", "ticks": ""}}, "ternary": {"bgcolor": "rgb(17,17,17)", "aaxis": {"gridcolor": "#506784", "linecolor": "#506784", "ticks": ""}, "baxis": {"gridcolor": "#506784", "linecolor": "#506784", "ticks": ""}, "caxis": {"gridcolor": "#506784", "linecolor": "#506784", "ticks": ""}}, "coloraxis": {"colorbar": {"outlinewidth": 0, "ticks": ""}}, "colorscale": {"sequential": [[0.0, "#0d0887"], [0.1111111111111111, "#46039f"], [0.2222222222222222, "#7201a8"], [0.3333333333333333, "#9c179e"], [0.4444444444444444, "#bd3786"], [0.5555555555555556, "#d8576b"], [0.6666666666666666, "#ed7953"], [0.7777777777777778, "#fb9f3a"], [0.8888888888888888, "#fdca26"], [1.0, "#f0f921"]], "sequentialminus": [[0.0, "#0d0887"], [0.1111111111111111, "#46039f"], [0.2222222222222222, "#7201a8"], [0.3333333333333333, "#9c179e"], [0.4444444444444444, "#bd3786"], [0.5555555555555556, "#d8576b"], [0.6666666666666666, "#ed7953"], [0.7777777777777778, "#fb9f3a"], [0.8888888888888888, "#fdca26"], [1.0, "#f0f921"]], "diverging": [[0, "#8e0152"], [0.1, "#c51b7d"], [0.2, "#de77ae"], [0.3, "#f1b6da"], [0.4, "#fde0ef"], [0.5, "#f7f7f7"], [0.6, "#e6f5d0"], [0.7, "#b8e186"], [0.8, "#7fbc41"], [0.9, "#4d9221"], [1, "#276419"]]}, "xaxis": {"gridcolor": "rgba(0, 0, 0, 0)", "linecolor": "#506784", "ticks": "", "title": {"standoff": 15}, "zerolinecolor": "#283442", "automargin": true, "zerolinewidth": 2, "tickfont": {"family": "Courier New", "size": 14}, "side": "top", "tickangle": -90}, "yaxis": {"gridcolor": "rgba(0, 0, 0, 0)", "linecolor": "#506784", "ticks": "", "title": {"standoff": 15}, "zerolinecolor": "#283442", "automargin": true, "zerolinewidth": 2, "tickfont": {"family": "Courier New"}, "side": "right"}, "scene": {"xaxis": {"backgroundcolor": "rgb(17,17,17)", "gridcolor": "#506784", "linecolor": "#506784", "showbackground": true, "ticks": "", "zerolinecolor": "#C8D4E3", "gridwidth": 2}, "yaxis": {"backgroundcolor": "rgb(17,17,17)", "gridcolor": "#506784", "linecolor": "#506784", "showbackground": true, "ticks": "", "zerolinecolor": "#C8D4E3", "gridwidth": 2}, "zaxis": {"backgroundcolor": "rgb(17,17,17)", "gridcolor": "#506784", "linecolor": "#506784", "showbackground": true, "ticks": "", "zerolinecolor": "#C8D4E3", "gridwidth": 2}}, "shapedefaults": {"line": {"color": "#f2f5fa"}}, "annotationdefaults": {"arrowcolor": "#f2f5fa", "arrowhead": 0, "arrowwidth": 1}, "geo": {"bgcolor": "rgb(17,17,17)", "landcolor": "rgb(17,17,17)", "subunitcolor": "#506784", "showland": true, "showlakes": true, "lakecolor": "rgb(17,17,17)"}, "title": {"x": 0.05, "font": {"family": "Times New Roman"}, "y": 0.05, "text": "<b>Correlation of Adj Close <b><br><i>2016/09/23 ~ 2025/07/11<i>"}, "updatemenudefaults": {"bgcolor": "#506784", "borderwidth": 0}, "sliderdefaults": {"bgcolor": "#C8D4E3", "borderwidth": 1, "bordercolor": "rgb(17,17,17)", "tickwidth": 0}, "mapbox": {"style": "dark"}, "height": 600}};

Plotly.newPlot("correlationAdjClose",
    correlationAdjClose.data,
    correlationAdjClose.layout || {},
    config);