var element=document.getElementById("correlationClose");if(element.style.display!='none'){var correlationClose={"data":[{"type":"heatmap","z":[[1.0,0.9999999999999979,1.0,0.9950569084469402,0.9950569084469402,0.9737871778545268,0.9737871778545268,0.9162308437171032,0.9162308437171032,0.7232264549532197,0.9953619035891839,0.6634432426671218,0.8334163778719716,0.9903754042984566,0.9954421944469328,0.9784954752402993,0.9993116531044123,0.9050824709786593,0.9050824709786593,0.7666827083146894,-0.19908964782118915,0.9813781072104839,0.26189666163053443,-0.17603412788549358,-0.21784196169899214,0.8251888404120071,0.8862005355618245,0.9297106456399934,0.8995305294856707,0.7845239647229446,0.6639478906707107,0.6526305308879885,0.5997215285662252,0.9252857869671908,0.8721516434475068,0.2826083696938284],[0.9999999999999979,1.0,0.9999999999999981,0.9950180793797033,0.9950180793797033,0.9732735637008736,0.9732735637008736,0.9167441133610298,0.9167441133610298,0.7261834521882026,0.9953398391688203,0.6652578351413494,0.832750369076283,0.9899804296209657,0.9954370364722847,0.9780957317889524,0.9993089755085331,0.9049710506685329,0.9049710506685329,0.7841443834376661,0.01144409055370834,0.9743596618272463,0.01952548209998693,-0.16787830398927409,-0.21891175508822505,0.6745417596897069,0.8852717311369942,0.9097225025958443,0.8969062600523231,0.7927824356282853,0.6543790926347839,0.6505476354993274,0.6253285097563349,0.9248796327201612,0.7491096043312602,0.27724883432606184],[1.0,0.9999999999999981,1.0,0.9950569084469402,0.9950569084469402,0.9737871778545268,0.9737871778545268,0.9162308437171032,0.9162308437171032,0.7232264549532197,0.9953619035891839,0.6634432426671218,0.8334163778719716,0.9903754042984566,0.9954421944469328,0.9784954752402993,0.9993116531044123,0.9050824709786593,0.9050824709786593,0.7666827083146894,-0.19908964782118915,0.9813781072104839,0.26189666163053443,-0.17603412788549358,-0.21784196169899214,0.8251888404120071,0.8862005355618245,0.9297106456399934,0.8995305294856707,0.7845239647229446,0.6639478906707107,0.6526305308879885,0.5997215285662252,0.9252857869671908,0.8721516434475068,0.2826083696938284],[0.9950569084469402,0.9950180793797033,0.9950569084469402,1.0,1.0,0.9619516136940677,0.9619516136940677,0.8985139222432822,0.8985139222432822,0.6807351126028142,0.9996660430152947,0.6210985277087461,0.8386912320908984,0.9915115281596943,0.9996183943094387,0.9621173471434649,0.995331214927218,0.87509759946194,0.87509759946194,0.7345071885109905,-0.20624784364708895,0.9930423301576913,0.2898442634696367,-0.21067094834933003,-0.21236059892777254,0.8100137253903255,0.9091373360900794,0.9277563255987701,0.8739719301361735,0.7798113676960999,0.6928397483105182,0.6408333882479954,0.5634326203489526,0.9082568424149219,0.8648215690041624,0.29812657593211056],[0.9950569084469402,0.9950180793797033,0.9950569084469402,1.0,1.0,0.9619516136940677,0.9619516136940677,0.8985139222432822,0.8985139222432822,0.6807351126028142,0.9996660430152947,0.6210985277087461,0.8386912320908984,0.9915115281596943,0.9996183943094387,0.9621173471434649,0.995331214927218,0.87509759946194,0.87509759946194,0.7345071885109905,-0.20624784364708895,0.9930423301576913,0.2898442634696367,-0.21067094834933003,-0.21236059892777254,0.8100137253903255,0.9091373360900794,0.9277563255987701,0.8739719301361735,0.7798113676960999,0.6928397483105182,0.6408333882479954,0.5634326203489526,0.9082568424149219,0.8648215690041624,0.29812657593211056],[0.9737871778545268,0.9732735637008736,0.9737871778545268,0.9619516136940677,0.9619516136940677,1.0,1.0,0.9394898453639696,0.9394898453639696,0.7039991827871855,0.9606384295896878,0.678232029221036,0.8162285650571135,0.9603238659574499,0.9605682117330826,0.9991048459700962,0.9789996371874142,0.9120381086803577,0.9120381086803577,0.6561304980461654,-0.15769096178406244,0.9499192143104662,0.3927660347211157,-0.3403956756583436,-0.10678669626540457,0.8844162146840264,0.8470899163570509,0.9438801221590151,0.8823248437033374,0.756528149960033,0.8090556341528687,0.7427102122513137,0.6693803006323605,0.8692412782753066,0.8956599913312313,0.5379409137814387],[0.9737871778545268,0.9732735637008736,0.9737871778545268,0.9619516136940677,0.9619516136940677,1.0,1.0,0.9394898453639696,0.9394898453639696,0.7039991827871855,0.9606384295896878,0.678232029221036,0.8162285650571135,0.9603238659574499,0.9605682117330826,0.9991048459700962,0.9789996371874142,0.9120381086803577,0.9120381086803577,0.6561304980461654,-0.15769096178406244,0.9499192143104662,0.3927660347211157,-0.3403956756583436,-0.10678669626540457,0.8844162146840264,0.8470899163570509,0.9438801221590151,0.8823248437033374,0.756528149960033,0.8090556341528687,0.7427102122513137,0.6693803006323605,0.8692412782753066,0.8956599913312313,0.5379409137814387],[0.9162308437171032,0.9167441133610298,0.9162308437171032,0.8985139222432822,0.8985139222432822,0.9394898453639696,0.9394898453639696,1.0,1.0,0.6857859667361902,0.9359377251840622,0.6931470131554707,0.7765397954362674,0.9158289022348041,0.9361544367916124,0.9417820883209556,0.9476541284343334,0.969305576453481,0.969305576453481,0.6156145407538993,-0.03674147721266909,0.8672850460906745,0.6019780237944118,-0.37014768918542085,0.013537366442022204,0.8081223456946575,0.7380772638253629,0.8938387816476386,0.8559086607740902,0.7763804423064615,0.892346624540017,0.7922849993706343,0.7008542180023852,0.8177460067130439,0.8740597174179048,0.8327470300123583],[0.9162308437171032,0.9167441133610298,0.9162308437171032,0.8985139222432822,0.8985139222432822,0.9394898453639696,0.9394898453639696,1.0,1.0,0.6857859667361902,0.9359377251840622,0.6931470131554707,0.7765397954362674,0.9158289022348041,0.9361544367916124,0.9417820883209556,0.9476541284343334,0.969305576453481,0.969305576453481,0.6156145407538993,-0.03674147721266909,0.8672850460906745,0.6019780237944118,-0.37014768918542085,0.013537366442022204,0.8081223456946575,0.7380772638253629,0.8938387816476386,0.8559086607740902,0.7763804423064615,0.892346624540017,0.7922849993706343,0.7008542180023852,0.8177460067130439,0.8740597174179048,0.8327470300123583],[0.7232264549532197,0.7261834521882026,0.7232264549532197,0.6807351126028142,0.6807351126028142,0.7039991827871855,0.7039991827871855,0.6857859667361902,0.6857859667361902,1.0,0.532310088156357,0.9999694721774764,0.3062896648739814,0.3000327379559022,0.5362095636825479,0.6999029362252894,0.6056648446836062,0.7824282628791732,0.7824282628791732,0.6829524815379996,-0.09765013544152804,0.6488252232289189,0.03600730766195423,0.049053357620701836,-0.24290210202107312,0.7537120583263156,0.38130216100380115,0.698309365710324,0.7967442539647961,0.6665874749742603,0.3191737542059067,0.519783300448741,0.5615385136192267,0.761966914727379,0.5919603302317548,0.16687744864579152],[0.9953619035891839,0.9953398391688203,0.9953619035891839,0.9996660430152947,0.9996660430152947,0.9606384295896878,0.9606384295896878,0.9359377251840622,0.9359377251840622,0.532310088156357,1.0,0.5340933324938749,0.8361552193284617,0.9911606217706725,0.9999450962060272,0.9577936047799146,0.9949136673159201,0.8836375764147628,0.8836375764147628,0.8475708882641864,-0.09928357366107818,0.997342161323729,0.9049685000648144,-0.5438691109771213,0.5006243876347841,0.8114467552631159,0.887853438708615,0.9377148907921565,0.8598523589735025,0.8046639142606364,0.9401163359208172,0.8405311320583824,0.7074155782808562,0.8894360425811225,0.9566788916294007,0.8366185353189065],[0.6634432426671218,0.6652578351413494,0.6634432426671218,0.6210985277087461,0.6210985277087461,0.678232029221036,0.678232029221036,0.6931470131554707,0.6931470131554707,0.9999694721774764,0.5340933324938749,1.0,0.3071088709118861,0.30069924806713993,0.5369005740526155,0.6889310139544619,0.6062416493851241,0.7751450686277546,0.7751450686277546,0.6338498228250605,0.033939258388104424,0.5933758511897751,0.3827007473789666,-0.15986273929937536,-0.23230764511560692,0.7770688180936347,0.2865117783603294,0.6646227097154788,0.7643891799279771,0.6835918159449775,0.49018926385989947,0.6787006388820462,0.6748129150252329,0.710830987996785,0.5623894446689068,0.6021305571401627],[0.8334163778719716,0.832750369076283,0.8334163778719716,0.8386912320908984,0.8386912320908984,0.8162285650571135,0.8162285650571135,0.7765397954362674,0.7765397954362674,0.3062896648739814,0.8361552193284617,0.3071088709118861,1.0,0.9998516772907149,0.8355789892025531,0.8093673410137747,0.8314872129186182,0.6970988823388958,0.6970988823388958,0.6045522095664883,-0.0630376291527671,0.8363282752644362,0.7939535717204679,-0.6533050590719585,0.5468870583360457,0.6305694854176858,0.8078685256835286,0.8075235067173135,0.6707565311177632,0.5904653391872859,0.8184050793065218,0.647943355830309,0.5173948609888429,0.7410255661065408,0.8195776199809,0.7457376474513533],[0.9903754042984566,0.9899804296209657,0.9903754042984566,0.9915115281596943,0.9915115281596943,0.9603238659574499,0.9603238659574499,0.9158289022348041,0.9158289022348041,0.3000327379559022,0.9911606217706725,0.30069924806713993,0.9998516772907149,1.0,0.9911749186008808,0.954171576858884,0.9884913210764903,0.8349431260186664,0.8349431260186664,0.8480564450029661,-0.20468189984489435,0.9895691038136908,0.9051154111970293,-0.7848458478707018,0.6065547317673138,0.7200563871596997,0.9255785873267338,0.9191591704960678,0.7974401382869277,0.6900800311679652,0.941805584392823,0.7892439703917402,0.5799097729928766,0.8680142045725505,0.9584823964272142,0.8424887738685343],[0.9954421944469328,0.9954370364722847,0.9954421944469328,0.9996183943094387,0.9996183943094387,0.9605682117330826,0.9605682117330826,0.9361544367916124,0.9361544367916124,0.5362095636825479,0.9999450962060272,0.5369005740526155,0.8355789892025531,0.9911749186008808,1.0,0.9579590009403627,0.995020620520273,0.884535177927913,0.884535177927913,0.8489024696557721,-0.09665752768521516,0.9971824632368573,0.9044567492765476,-0.5412466881268877,0.4979818289516919,0.8121472036300313,0.8868284899370651,0.936950521604346,0.8617718884625445,0.806430818837995,0.9394484518837258,0.8427760855375075,0.7106196267861485,0.8903919417113028,0.9565417753591576,0.836268391929349],[0.9784954752402993,0.9780957317889524,0.9784954752402993,0.9621173471434649,0.9621173471434649,0.9991048459700962,0.9991048459700962,0.9417820883209556,0.9417820883209556,0.6999029362252894,0.9577936047799146,0.6889310139544619,0.8093673410137747,0.954171576858884,0.9579590009403627,1.0,0.978211314652282,0.9148042407769593,0.9148042407769593,0.705430980291606,-0.14296783671588267,0.9521370838810501,0.7059012764075968,-0.46773068973141213,-0.12972692753028697,0.8954466013504561,0.8332621396743083,0.9406311183188212,0.8910296239879639,0.7900527171102874,0.8872565598256199,0.7880484020129607,0.7276989101522611,0.8905211465798305,0.8919916726225727,0.8278868404502154],[0.9993116531044123,0.9993089755085331,0.9993116531044123,0.995331214927218,0.995331214927218,0.9789996371874142,0.9789996371874142,0.9476541284343334,0.9476541284343334,0.6056648446836062,0.9949136673159201,0.6062416493851241,0.8314872129186182,0.9884913210764903,0.995020620520273,0.978211314652282,1.0,0.9142969527859299,0.9142969527859299,0.8626979928636771,-0.07906676366308642,0.9892111385411337,0.88302987723325,-0.5292239950930693,0.5022491148302352,0.8579691887782118,0.8701735566943379,0.9499922053969977,0.8970207429856106,0.8280477798775028,0.9296958178329128,0.877665593480939,0.7598833964112399,0.9080599061966472,0.9641916644207955,0.8744535831026851],[0.9050824709786593,0.9049710506685329,0.9050824709786593,0.87509759946194,0.87509759946194,0.9120381086803577,0.9120381086803577,0.969305576453481,0.969305576453481,0.7824282628791732,0.8836375764147628,0.7751450686277546,0.6970988823388958,0.8349431260186664,0.884535177927913,0.9148042407769593,0.9142969527859299,1.0,1.0,0.7583565779212891,-0.07993632422095592,0.8417671289872828,0.5977359461542501,-0.25183762198321985,-0.18621292027739256,0.8419172483912557,0.6689915683490223,0.8480428186736823,0.9209113619024036,0.8504358915152824,0.8024739061710492,0.7727412766471692,0.7060696160763441,0.8587836987446815,0.7928300914306013,0.8622285645425439],[0.9050824709786593,0.9049710506685329,0.9050824709786593,0.87509759946194,0.87509759946194,0.9120381086803577,0.9120381086803577,0.969305576453481,0.969305576453481,0.7824282628791732,0.8836375764147628,0.7751450686277546,0.6970988823388958,0.8349431260186664,0.884535177927913,0.9148042407769593,0.9142969527859299,1.0,1.0,0.7583565779212891,-0.07993632422095592,0.8417671289872828,0.5977359461542501,-0.25183762198321985,-0.18621292027739256,0.8419172483912557,0.6689915683490223,0.8480428186736823,0.9209113619024036,0.8504358915152824,0.8024739061710492,0.7727412766471692,0.7060696160763441,0.8587836987446815,0.7928300914306013,0.8622285645425439],[0.7666827083146894,0.7841443834376661,0.7666827083146894,0.7345071885109905,0.7345071885109905,0.6561304980461654,0.6561304980461654,0.6156145407538993,0.6156145407538993,0.6829524815379996,0.8475708882641864,0.6338498228250605,0.6045522095664883,0.8480564450029661,0.8489024696557721,0.705430980291606,0.8626979928636771,0.7583565779212891,0.7583565779212891,1.0,0.011435364259580236,0.6963904584005791,-0.3020662658092468,0.2679556412596389,-0.6413635053141303,0.38990026853204346,0.6062312654751494,0.5369123646027295,0.8434895303316429,0.7096789151836809,0.193161152902259,0.3436650631705318,0.5746593944534311,0.7906794405118127,0.5092500534853849,-0.09384952703628881],[-0.19908964782118915,0.01144409055370834,-0.19908964782118915,-0.20624784364708895,-0.20624784364708895,-0.15769096178406244,-0.15769096178406244,-0.03674147721266909,-0.03674147721266909,-0.09765013544152804,-0.09928357366107818,0.033939258388104424,-0.0630376291527671,-0.20468189984489435,-0.09665752768521516,-0.14296783671588267,-0.07906676366308642,-0.07993632422095592,-0.07993632422095592,0.011435364259580236,1.0,-0.1363965157089521,0.08086368181790102,0.18140288591344594,0.7390092998774944,-0.11571697968704919,-0.10503767531333388,-0.06289410294257508,0.13058069178560244,-0.03507067484247311,-0.02499707350163957,0.281889461283424,0.5491496659312816,-0.15704993598437353,0.05418728330406924,0.1187804422627077],[0.9813781072104839,0.9743596618272463,0.9813781072104839,0.9930423301576913,0.9930423301576913,0.9499192143104662,0.9499192143104662,0.8672850460906745,0.8672850460906745,0.6488252232289189,0.997342161323729,0.5933758511897751,0.8363282752644362,0.9895691038136908,0.9971824632368573,0.9521370838810501,0.9892111385411337,0.8417671289872828,0.8417671289872828,0.6963904584005791,-0.1363965157089521,1.0,0.19627594729092518,-0.2581256859764512,-0.2518040368208774,0.6827710432885107,0.9165085497986053,0.9124978923348974,0.8200996377426164,0.7481343153169093,0.6948690047182321,0.6103048645987598,0.49929622774810284,0.8870180517545938,0.7340830248524368,0.2822387666418607],[0.26189666163053443,0.01952548209998693,0.26189666163053443,0.2898442634696367,0.2898442634696367,0.3927660347211157,0.3927660347211157,0.6019780237944118,0.6019780237944118,0.03600730766195423,0.9049685000648144,0.3827007473789666,0.7939535717204679,0.9051154111970293,0.9044567492765476,0.7059012764075968,0.88302987723325,0.5977359461542501,0.5977359461542501,-0.3020662658092468,0.08086368181790102,0.19627594729092518,1.0,-0.48213761834431806,0.6833650101138536,0.4135934179670049,0.2225729733263362,0.3794840282417668,-0.037947511125918175,0.13938169699605918,0.6268046950999269,0.510028187744262,0.21812443865971087,0.08702957807761545,0.43631239560015794,0.49891658461500993],[-0.17603412788549358,-0.16787830398927409,-0.17603412788549358,-0.21067094834933003,-0.21067094834933003,-0.3403956756583436,-0.3403956756583436,-0.37014768918542085,-0.37014768918542085,0.049053357620701836,-0.5438691109771213,-0.15986273929937536,-0.6533050590719585,-0.7848458478707018,-0.5412466881268877,-0.46773068973141213,-0.5292239950930693,-0.25183762198321985,-0.25183762198321985,0.2679556412596389,0.18140288591344594,-0.2581256859764512,-0.48213761834431806,1.0,-0.02527521582509927,-0.20804945268692218,-0.25150328912522324,-0.34493996287196627,-0.08760121178743578,-0.11973518091299591,-0.5760967316515458,-0.23510153605916398,-0.045130588623621716,-0.10206641100379223,-0.2751662612704882,-0.43198413410217573],[-0.21784196169899214,-0.21891175508822505,-0.21784196169899214,-0.21236059892777254,-0.21236059892777254,-0.10678669626540457,-0.10678669626540457,0.013537366442022204,0.013537366442022204,-0.24290210202107312,0.5006243876347841,-0.23230764511560692,0.5468870583360457,0.6065547317673138,0.4979818289516919,-0.12972692753028697,0.5022491148302352,-0.18621292027739256,-0.18621292027739256,-0.6413635053141303,0.7390092998774944,-0.2518040368208774,0.6833650101138536,-0.02527521582509927,1.0,-0.10269576511715227,-0.15821880617473494,-0.061515545901686515,-0.34270208761091925,-0.3193354689075809,0.0570154103977504,0.15481790911230478,0.2601123873866265,-0.3606336744847791,0.09660450594207386,0.08362720545288439],[0.8251888404120071,0.6745417596897069,0.8251888404120071,0.8100137253903255,0.8100137253903255,0.8844162146840264,0.8844162146840264,0.8081223456946575,0.8081223456946575,0.7537120583263156,0.8114467552631159,0.7770688180936347,0.6305694854176858,0.7200563871596997,0.8121472036300313,0.8954466013504561,0.8579691887782118,0.8419172483912557,0.8419172483912557,0.38990026853204346,-0.11571697968704919,0.6827710432885107,0.4135934179670049,-0.20804945268692218,-0.10269576511715227,1.0,0.5459297580191045,0.8502664898955615,0.5260118359137861,0.6550783279189348,0.6029197277625353,0.6791859754469434,0.43647246825285824,0.7305596239424814,0.7272667623706824,0.45892264041923836],[0.8862005355618245,0.8852717311369942,0.8862005355618245,0.9091373360900794,0.9091373360900794,0.8470899163570509,0.8470899163570509,0.7380772638253629,0.7380772638253629,0.38130216100380115,0.887853438708615,0.2865117783603294,0.8078685256835286,0.9255785873267338,0.8868284899370651,0.8332621396743083,0.8701735566943379,0.6689915683490223,0.6689915683490223,0.6062312654751494,-0.10503767531333388,0.9165085497986053,0.2225729733263362,-0.25150328912522324,-0.15821880617473494,0.5459297580191045,1.0,0.7975885449431903,0.6753756068195427,0.6115324557304519,0.6383822183467007,0.489696962154054,0.42175039913457224,0.7566314814280419,0.681769875813415,0.24806682718279732],[0.9297106456399934,0.9097225025958443,0.9297106456399934,0.9277563255987701,0.9277563255987701,0.9438801221590151,0.9438801221590151,0.8938387816476386,0.8938387816476386,0.698309365710324,0.9377148907921565,0.6646227097154788,0.8075235067173135,0.9191591704960678,0.936950521604346,0.9406311183188212,0.9499922053969977,0.8480428186736823,0.8480428186736823,0.5369123646027295,-0.06289410294257508,0.9124978923348974,0.3794840282417668,-0.34493996287196627,-0.061515545901686515,0.8502664898955615,0.7975885449431903,1.0,0.7615933121772755,0.6441886678596438,0.6805378201796203,0.6281206124031461,0.52682995920119,0.8357571412793496,0.8658997834377502,0.2983455571456062],[0.8995305294856707,0.8969062600523231,0.8995305294856707,0.8739719301361735,0.8739719301361735,0.8823248437033374,0.8823248437033374,0.8559086607740902,0.8559086607740902,0.7967442539647961,0.8598523589735025,0.7643891799279771,0.6707565311177632,0.7974401382869277,0.8617718884625445,0.8910296239879639,0.8970207429856106,0.9209113619024036,0.9209113619024036,0.8434895303316429,0.13058069178560244,0.8200996377426164,-0.037947511125918175,-0.08760121178743578,-0.34270208761091925,0.5260118359137861,0.6753756068195427,0.7615933121772755,1.0,0.9125691751245121,0.5831335140004692,0.707331567182576,0.6705005620747745,0.8859996013575223,0.5485890122278567,0.3405343657202371],[0.7845239647229446,0.7927824356282853,0.7845239647229446,0.7798113676960999,0.7798113676960999,0.756528149960033,0.756528149960033,0.7763804423064615,0.7763804423064615,0.6665874749742603,0.8046639142606364,0.6835918159449775,0.5904653391872859,0.6900800311679652,0.806430818837995,0.7900527171102874,0.8280477798775028,0.8504358915152824,0.8504358915152824,0.7096789151836809,-0.03507067484247311,0.7481343153169093,0.13938169699605918,-0.11973518091299591,-0.3193354689075809,0.6550783279189348,0.6115324557304519,0.6441886678596438,0.9125691751245121,1.0,0.6180071447165721,0.6918223163810435,0.6157888737530953,0.7539036784203399,0.6225291545786039,0.5061506463496044],[0.6639478906707107,0.6543790926347839,0.6639478906707107,0.6928397483105182,0.6928397483105182,0.8090556341528687,0.8090556341528687,0.892346624540017,0.892346624540017,0.3191737542059067,0.9401163359208172,0.49018926385989947,0.8184050793065218,0.941805584392823,0.9394484518837258,0.8872565598256199,0.9296958178329128,0.8024739061710492,0.8024739061710492,0.193161152902259,-0.02499707350163957,0.6948690047182321,0.6268046950999269,-0.5760967316515458,0.0570154103977504,0.6029197277625353,0.6383822183467007,0.6805378201796203,0.5831335140004692,0.6180071447165721,1.0,0.7478160288305258,0.38943716661706046,0.571867453358747,0.6772247013941326,0.760020092737251],[0.6526305308879885,0.6505476354993274,0.6526305308879885,0.6408333882479954,0.6408333882479954,0.7427102122513137,0.7427102122513137,0.7922849993706343,0.7922849993706343,0.519783300448741,0.8405311320583824,0.6787006388820462,0.647943355830309,0.7892439703917402,0.8427760855375075,0.7880484020129607,0.877665593480939,0.7727412766471692,0.7727412766471692,0.3436650631705318,0.281889461283424,0.6103048645987598,0.510028187744262,-0.23510153605916398,0.15481790911230478,0.6791859754469434,0.489696962154054,0.6281206124031461,0.707331567182576,0.6918223163810435,0.7478160288305258,1.0,0.7791715008635328,0.5373504964735863,0.7359300017601905,0.5746124637366898],[0.5997215285662252,0.6253285097563349,0.5997215285662252,0.5634326203489526,0.5634326203489526,0.6693803006323605,0.6693803006323605,0.7008542180023852,0.7008542180023852,0.5615385136192267,0.7074155782808562,0.6748129150252329,0.5173948609888429,0.5799097729928766,0.7106196267861485,0.7276989101522611,0.7598833964112399,0.7060696160763441,0.7060696160763441,0.5746593944534311,0.5491496659312816,0.49929622774810284,0.21812443865971087,-0.045130588623621716,0.2601123873866265,0.43647246825285824,0.42175039913457224,0.52682995920119,0.6705005620747745,0.6157888737530953,0.38943716661706046,0.7791715008635328,1.0,0.5014829208931715,0.6489787477381258,0.2226226425497074],[0.9252857869671908,0.9248796327201612,0.9252857869671908,0.9082568424149219,0.9082568424149219,0.8692412782753066,0.8692412782753066,0.8177460067130439,0.8177460067130439,0.761966914727379,0.8894360425811225,0.710830987996785,0.7410255661065408,0.8680142045725505,0.8903919417113028,0.8905211465798305,0.9080599061966472,0.8587836987446815,0.8587836987446815,0.7906794405118127,-0.15704993598437353,0.8870180517545938,0.08702957807761545,-0.10206641100379223,-0.3606336744847791,0.7305596239424814,0.7566314814280419,0.8357571412793496,0.8859996013575223,0.7539036784203399,0.571867453358747,0.5373504964735863,0.5014829208931715,1.0,0.7648839141439521,0.23820360378979646],[0.8721516434475068,0.7491096043312602,0.8721516434475068,0.8648215690041624,0.8648215690041624,0.8956599913312313,0.8956599913312313,0.8740597174179048,0.8740597174179048,0.5919603302317548,0.9566788916294007,0.5623894446689068,0.8195776199809,0.9584823964272142,0.9565417753591576,0.8919916726225727,0.9641916644207955,0.7928300914306013,0.7928300914306013,0.5092500534853849,0.05418728330406924,0.7340830248524368,0.43631239560015794,-0.2751662612704882,0.09660450594207386,0.7272667623706824,0.681769875813415,0.8658997834377502,0.5485890122278567,0.6225291545786039,0.6772247013941326,0.7359300017601905,0.6489787477381258,0.7648839141439521,1.0,0.2713809666721493],[0.2826083696938284,0.27724883432606184,0.2826083696938284,0.29812657593211056,0.29812657593211056,0.5379409137814387,0.5379409137814387,0.8327470300123583,0.8327470300123583,0.16687744864579152,0.8366185353189065,0.6021305571401627,0.7457376474513533,0.8424887738685343,0.836268391929349,0.8278868404502154,0.8744535831026851,0.8622285645425439,0.8622285645425439,-0.09384952703628881,0.1187804422627077,0.2822387666418607,0.49891658461500993,-0.43198413410217573,0.08362720545288439,0.45892264041923836,0.24806682718279732,0.2983455571456062,0.3405343657202371,0.5061506463496044,0.760020092737251,0.5746124637366898,0.2226226425497074,0.23820360378979646,0.2713809666721493,1.0]],"x":["^TAIEX       \u81fa\u7063\u52a0\u6b0a\u5831\u916c\u6307\u6578","^TWII        \u81fa\u7063\u52a0\u6b0a\u6307\u6578","^TAIEXx2     \u81fa\u7063\u52a0\u6b0a\u5831\u916c\u6307\u6578_\u65e5\u6b632","^TAI50I      \u81fa\u706350\u5831\u916c\u6307\u6578","^TAI50Ix2    \u81fa\u706350\u5831\u916c\u6307\u6578_\u65e5\u6b632","^TAI100I     \u81fa\u7063\u4e2d\u578b100\u5831\u916c\u6307\u6578","^TAI100Ix2   \u81fa\u7063\u4e2d\u578b100\u5831\u916c\u6307\u6578_\u65e5\u6b632","^TAIDIVIDI   \u81fa\u7063\u9ad8\u80a1\u606f\u5831\u916c\u6307\u6578","^TAIDIVIDIx2 \u81fa\u7063\u9ad8\u80a1\u606f\u5831\u916c\u6307\u6578_\u65e5\u6b632","0050Fund     \u5143\u5927\u53f0\u7063\u5353\u8d8a50\u57fa\u91d1","006208Fund   \u5bcc\u90a6\u53f0\u7063\u91c6\u540950\u57fa\u91d1","0050         \u5143\u5927\u81fa\u706350","00631L       \u5143\u5927\u53f0\u706350\u6b632","00675L       \u5bcc\u90a6\u81fa\u7063\u52a0\u6b0a\u6b632","006208       \u5bcc\u90a6\u53f050","0051         \u5143\u5927\u4e2d\u578b100","006204       \u6c38\u8c50\u81fa\u7063\u52a0\u6b0a","0056         \u5143\u5927\u9ad8\u80a1\u606f","0056         \u5143\u5927\u9ad8\u80a1\u606f_\u80a1\u606f\u4e0d\u6295\u5165","2412         \u4e2d\u83ef\u96fb\u4fe1","2002         \u4e2d\u92fc","2330         \u53f0\u7a4d\u96fb","2317         \u9d3b\u6d77","6505         \u53f0\u5851\u77f3\u5316","3481         \u7fa4\u5275","2303         \u806f\u96fb","2308         \u53f0\u9054\u96fb","2454         \u806f\u767c\u79d1","2886         \u5146\u8c50\u91d1","2884         \u7389\u5c71\u91d1","2891         \u4e2d\u4fe1\u91d1","2892         \u7b2c\u4e00\u91d1","5880         \u5408\u5eab\u91d1","2881         \u5bcc\u90a6\u91d1","2885         \u5143\u5927\u91d1","2887         \u53f0\u65b0\u91d1"],"y":["^TAIEX       \u81fa\u7063\u52a0\u6b0a\u5831\u916c\u6307\u6578","^TWII        \u81fa\u7063\u52a0\u6b0a\u6307\u6578","^TAIEXx2     \u81fa\u7063\u52a0\u6b0a\u5831\u916c\u6307\u6578_\u65e5\u6b632","^TAI50I      \u81fa\u706350\u5831\u916c\u6307\u6578","^TAI50Ix2    \u81fa\u706350\u5831\u916c\u6307\u6578_\u65e5\u6b632","^TAI100I     \u81fa\u7063\u4e2d\u578b100\u5831\u916c\u6307\u6578","^TAI100Ix2   \u81fa\u7063\u4e2d\u578b100\u5831\u916c\u6307\u6578_\u65e5\u6b632","^TAIDIVIDI   \u81fa\u7063\u9ad8\u80a1\u606f\u5831\u916c\u6307\u6578","^TAIDIVIDIx2 \u81fa\u7063\u9ad8\u80a1\u606f\u5831\u916c\u6307\u6578_\u65e5\u6b632","0050Fund     \u5143\u5927\u53f0\u7063\u5353\u8d8a50\u57fa\u91d1","006208Fund   \u5bcc\u90a6\u53f0\u7063\u91c6\u540950\u57fa\u91d1","0050         \u5143\u5927\u81fa\u706350","00631L       \u5143\u5927\u53f0\u706350\u6b632","00675L       \u5bcc\u90a6\u81fa\u7063\u52a0\u6b0a\u6b632","006208       \u5bcc\u90a6\u53f050","0051         \u5143\u5927\u4e2d\u578b100","006204       \u6c38\u8c50\u81fa\u7063\u52a0\u6b0a","0056         \u5143\u5927\u9ad8\u80a1\u606f","0056         \u5143\u5927\u9ad8\u80a1\u606f_\u80a1\u606f\u4e0d\u6295\u5165","2412         \u4e2d\u83ef\u96fb\u4fe1","2002         \u4e2d\u92fc","2330         \u53f0\u7a4d\u96fb","2317         \u9d3b\u6d77","6505         \u53f0\u5851\u77f3\u5316","3481         \u7fa4\u5275","2303         \u806f\u96fb","2308         \u53f0\u9054\u96fb","2454         \u806f\u767c\u79d1","2886         \u5146\u8c50\u91d1","2884         \u7389\u5c71\u91d1","2891         \u4e2d\u4fe1\u91d1","2892         \u7b2c\u4e00\u91d1","5880         \u5408\u5eab\u91d1","2881         \u5bcc\u90a6\u91d1","2885         \u5143\u5927\u91d1","2887         \u53f0\u65b0\u91d1"],"zmin":-1,"zmax":1,"colorbar":{"x":-0.2}}],"layout":{"autotypenumbers":"strict","colorway":["#636efa","#EF553B","#00cc96","#ab63fa","#FFA15A","#19d3f3","#FF6692","#B6E880","#FF97FF","#FECB52"],"font":{"color":"#f2f5fa","family":"Courier New"},"hovermode":"closest","hoverlabel":{"align":"left"},"paper_bgcolor":"rgb(17,17,17)","plot_bgcolor":"rgb(17,17,17)","polar":{"bgcolor":"rgb(17,17,17)","angularaxis":{"gridcolor":"#506784","linecolor":"#506784","ticks":""},"radialaxis":{"gridcolor":"#506784","linecolor":"#506784","ticks":""}},"ternary":{"bgcolor":"rgb(17,17,17)","aaxis":{"gridcolor":"#506784","linecolor":"#506784","ticks":""},"baxis":{"gridcolor":"#506784","linecolor":"#506784","ticks":""},"caxis":{"gridcolor":"#506784","linecolor":"#506784","ticks":""}},"coloraxis":{"colorbar":{"outlinewidth":0,"ticks":""}},"colorscale":{"sequential":[[0.0,"#0d0887"],[0.1111111111111111,"#46039f"],[0.2222222222222222,"#7201a8"],[0.3333333333333333,"#9c179e"],[0.4444444444444444,"#bd3786"],[0.5555555555555556,"#d8576b"],[0.6666666666666666,"#ed7953"],[0.7777777777777778,"#fb9f3a"],[0.8888888888888888,"#fdca26"],[1.0,"#f0f921"]],"sequentialminus":[[0.0,"#0d0887"],[0.1111111111111111,"#46039f"],[0.2222222222222222,"#7201a8"],[0.3333333333333333,"#9c179e"],[0.4444444444444444,"#bd3786"],[0.5555555555555556,"#d8576b"],[0.6666666666666666,"#ed7953"],[0.7777777777777778,"#fb9f3a"],[0.8888888888888888,"#fdca26"],[1.0,"#f0f921"]],"diverging":[[0,"#8e0152"],[0.1,"#c51b7d"],[0.2,"#de77ae"],[0.3,"#f1b6da"],[0.4,"#fde0ef"],[0.5,"#f7f7f7"],[0.6,"#e6f5d0"],[0.7,"#b8e186"],[0.8,"#7fbc41"],[0.9,"#4d9221"],[1,"#276419"]]},"xaxis":{"gridcolor":"rgba(0, 0, 0, 0)","linecolor":"#506784","ticks":"","title":{"standoff":15},"zerolinecolor":"#283442","automargin":true,"zerolinewidth":2,"tickfont":{"family":"Courier New","size":14},"side":"top","tickangle":-90},"yaxis":{"gridcolor":"rgba(0, 0, 0, 0)","linecolor":"#506784","ticks":"","title":{"standoff":15},"zerolinecolor":"#283442","automargin":true,"zerolinewidth":2,"tickfont":{"family":"Courier New"},"side":"right"},"scene":{"xaxis":{"backgroundcolor":"rgb(17,17,17)","gridcolor":"#506784","linecolor":"#506784","showbackground":true,"ticks":"","zerolinecolor":"#C8D4E3","gridwidth":2},"yaxis":{"backgroundcolor":"rgb(17,17,17)","gridcolor":"#506784","linecolor":"#506784","showbackground":true,"ticks":"","zerolinecolor":"#C8D4E3","gridwidth":2},"zaxis":{"backgroundcolor":"rgb(17,17,17)","gridcolor":"#506784","linecolor":"#506784","showbackground":true,"ticks":"","zerolinecolor":"#C8D4E3","gridwidth":2}},"shapedefaults":{"line":{"color":"#f2f5fa"}},"annotationdefaults":{"arrowcolor":"#f2f5fa","arrowhead":0,"arrowwidth":1},"geo":{"bgcolor":"rgb(17,17,17)","landcolor":"rgb(17,17,17)","subunitcolor":"#506784","showland":true,"showlakes":true,"lakecolor":"rgb(17,17,17)"},"title":{"x":0.05,"font":{"family":"Times New Roman"},"y":0.05,"text":"<b>Correlation of Close<b><br><i>2016-09-23 ~ 2026-04-27<i>"},"updatemenudefaults":{"bgcolor":"#506784","borderwidth":0},"sliderdefaults":{"bgcolor":"#C8D4E3","borderwidth":1,"bordercolor":"rgb(17,17,17)","tickwidth":0},"mapbox":{"style":"dark"},"annotations":[{"text":"<b>@zwindr<b>","textangle":0,"opacity":0.5,"font":{"color":"white","size":12},"xref":"paper","yref":"paper","xanchor":"left","yanchor":"bottom","x":1.0,"y":1.0,"showarrow":false}]},"config":{"responsive":true,"toImageButtonOptions":{"filename":"Correlation of Close_2016-09-23~2026-04-27","scale":5}}};Plotly.newPlot("correlationClose",correlationClose.data,correlationClose.layout||{},correlationClose.config);}else{console.log("style display is none => correlationClose");}