var element=document.getElementById("correlationAdjClose");if(element.style.display!='none'){var correlationAdjClose={"data":[{"type":"heatmap","z":[[1.0,0.9945741784117427,0.9766360248115235,0.997353475608377,0.9610736564004501,0.982943579351977,-0.9490007401026275,0.9898638960886786,0.9730991404316514,0.9974961661811068,0.9969331325785222,0.9974240391774261,0.993618296212951,0.9944197821733983,0.9970033012264865,0.9848624561259927,0.9996936633781208,0.9897695543127606,0.9013719562854711,0.9210802907340013,0.7147929752193913,0.9851675388925714,0.9285142932898658,0.39139714676712356,-0.30128006122153134,0.8993904254365716,0.9445675952570901,0.9586039350014895,0.9797918248544139,0.9662278074243194,0.9773619745763544,0.9726005175162048,0.9441167927279978,0.9815170062522801,0.9731054440248055,0.9549892624090831],[0.9945741784117427,1.0,0.9722433608263799,0.9915167319190004,0.9564109121284864,0.978827107127348,-0.9445827323029159,0.981708503681708,0.9668264831406723,0.992846485570171,0.994931863610976,0.9943538171201286,0.9926125286919506,0.9921846176790288,0.994963314645045,0.9795081607344142,0.9970045463910386,0.9841409413162835,0.9238666328604976,0.9108512769557777,0.7315603809438176,0.9682037750195411,0.909662804573636,0.3922676203247963,-0.22980969971170995,0.8759946245167683,0.9363628589969022,0.9577741075162138,0.9594681476197064,0.953321789024576,0.9677374624860415,0.9581927736585704,0.9428167682955345,0.9712755285736259,0.9637845113560376,0.9495611450456546],[0.9766360248115235,0.9722433608263799,1.0,0.9842216656068665,0.9952587075321526,0.9764463903446852,-0.9772829311008013,0.9665379693292541,0.9822902415912775,0.9838537539832666,0.9905066810020763,0.9871304842578252,0.9969380125716277,0.9967187134378948,0.9902270496764219,0.9744411333153726,0.9868521572267847,0.9662058127974139,0.8713640196768564,0.8287799801581813,0.5955740112668749,0.9914263739836273,0.9237994486160642,0.22191857192979197,-0.22548612358476977,0.8938329362465055,0.9395622776660554,0.9783414920091217,0.9274713824565612,0.9146469588577447,0.9671478037941513,0.9191789108179766,0.8994027699533966,0.9661244516711949,0.9738027542400312,0.9197808045642824],[0.997353475608377,0.9915167319190004,0.9842216656068665,1.0,0.9749715559022343,0.9749248993461876,-0.9450564777055089,0.9829367606356978,0.9702637246121768,0.9999671502084202,0.9999907559686394,0.9999606066904756,0.9925209036366873,0.9907599170651726,0.9999463224506655,0.9741236258070629,0.995811845554934,0.9825739420212077,0.8873297034073045,0.9054083875367759,0.6804307864523829,0.993717776932673,0.9316003269253591,0.3619537083523803,-0.29141992284218066,0.8938489215922051,0.9492465617965571,0.9641543732167509,0.9693122150692813,0.9623229710291086,0.9798768342134838,0.9617179227056618,0.9308029895898937,0.9790202033702532,0.9715813580590598,0.945029311134583],[0.9610736564004501,0.9564109121284864,0.9952587075321526,0.9749715559022343,1.0,0.9527352937126584,-0.9577211595133391,0.9463888797760883,0.966222132559514,0.9749867225686762,0.9842117226484844,0.9802792547961511,0.9845267980342555,0.9812006376307107,0.9837237333715376,0.9493679474641233,0.9715379238370921,0.9458069818103674,0.845050209837459,0.8033741843543932,0.552257999384338,0.9886369608718373,0.9191082246401502,0.1904392481702186,-0.2164992101586855,0.8668948597999753,0.938653270655215,0.9711042108615525,0.9024770573466437,0.8969345610353825,0.958706700211182,0.8935524332534368,0.8675724830243335,0.9518138980753882,0.9586648588147779,0.8915762035658729],[0.982943579351977,0.978827107127348,0.9764463903446852,0.9749248993461876,0.9527352937126584,1.0,-0.9817763632527876,0.9819960884575115,0.9815506119919296,0.974297877186616,0.969688752352917,0.9727396798494631,0.9761626683761486,0.9739439561457675,0.9696333484199743,0.9998997934690986,0.9868160079026504,0.9829671607582408,0.902008246753179,0.8686588787678359,0.682678416507669,0.9676069707327356,0.9000111678482399,0.26302179971573014,-0.21861255281290176,0.9335379113622214,0.9210589065011503,0.9627294016481559,0.9597881498428003,0.9332424934703167,0.9552307358663149,0.9545182422314935,0.9544434750494866,0.9604725675062458,0.9782799917759517,0.9564700147355855],[-0.9490007401026275,-0.9445827323029159,-0.9772829311008013,-0.9450564777055089,-0.9577211595133391,-0.9817763632527876,1.0,-0.9545532077217581,-0.9847743771175013,-0.9435824947458203,-0.9548850284043318,-0.950912916193151,-0.9761797176769861,-0.9772882799424651,-0.954592373358613,-0.984441908781199,-0.9684594258543332,-0.9572021463297393,-0.8697719681977703,-0.7865303701275195,-0.5782843095661407,-0.9493938394480754,-0.896198516529678,-0.12159236242506634,0.155796982687728,-0.8990209393363351,-0.9004320867403133,-0.9612190293490553,-0.9044283358050255,-0.8697743981553463,-0.9332048012332181,-0.8969995235132451,-0.9085653351025477,-0.9323767338482344,-0.9672273370965696,-0.9116223099520343],[0.9898638960886786,0.981708503681708,0.9665379693292541,0.9829367606356978,0.9463888797760883,0.9819960884575115,-0.9545532077217581,1.0,0.9833981123287613,0.9828908126358533,0.9785708250407347,0.9818955909686207,0.9747374662048476,0.973885135547205,0.9787303782787798,0.9838339932736007,0.9878191807741713,0.9998775105332436,0.9275633576939959,0.9275281828866297,0.6498886409373846,0.9715809490178058,0.8998801210035892,0.24436569105614295,-0.31099584959957227,0.9054770688192071,0.9085216452250822,0.9419917539808403,0.9790095952445972,0.9559741997097876,0.9685859941701783,0.9651375885461834,0.937278535025369,0.9620990691368542,0.9601383876143132,0.9663944005268995],[0.9730991404316514,0.9668264831406723,0.9822902415912775,0.9702637246121768,0.966222132559514,0.9815506119919296,-0.9847743771175013,0.9833981123287613,1.0,0.9694438978077556,0.9663047941705698,0.9684245804584496,0.9739875952973401,0.9710760707044792,0.9661731448011486,0.9805999717899233,0.9731544794804956,0.9827293756610423,0.9036842266184032,0.8586585520591398,0.57176177796705,0.9691401791620734,0.914046056015036,0.10265370044836196,-0.23219631537411325,0.8849323635189976,0.9023159818596506,0.9635161073487202,0.9370481362787069,0.9034264182741236,0.9599847846903591,0.9216053535027317,0.9046655414497304,0.9502648628871835,0.9721799313620422,0.9255272313933676],[0.9974961661811068,0.992846485570171,0.9838537539832666,0.9999671502084202,0.9749867225686762,0.974297877186616,-0.9435824947458203,0.9828908126358533,0.9694438978077556,1.0,0.9999890990867161,0.9999834320300326,0.9923900904040588,0.9906014650701045,0.9999518979504498,0.9735078208018706,0.995677355904987,0.9826267269665392,0.8892219700153998,0.9065112793226605,0.6791311384532658,0.9939107504598067,0.9314555644318453,0.3671726485053511,-0.29081151670058536,0.8948674512579778,0.9476304586762733,0.9626806935445864,0.9690515521960903,0.9615531492974444,0.9788273057305178,0.9611173558529938,0.9293522902809052,0.978194395287939,0.9703320443040414,0.9433919841810553],[0.9969331325785222,0.994931863610976,0.9905066810020763,0.9999907559686394,0.9842117226484844,0.969688752352917,-0.9548850284043318,0.9785708250407347,0.9663047941705698,0.9999890990867161,1.0,0.9999732528954411,0.9925467278257746,0.9907563456060333,0.9999548201191527,0.9696389790033829,0.995462332687303,0.9793035499544888,0.9142029834647522,0.9327852784208921,0.5774751205523898,0.9971850626351003,0.9135022446314915,-0.10873393901665851,0.4063048409388278,0.9003629571226094,0.9182224300267655,0.9685450035840729,0.9607226172829703,0.9453745626410933,0.9697279605733511,0.9416598735398172,0.9118252087104304,0.9681496595250696,0.9814369230394752,0.9396996440371841],[0.9974240391774261,0.9943538171201286,0.9871304842578252,0.9999606066904756,0.9802792547961511,0.9727396798494631,-0.950912916193151,0.9818955909686207,0.9684245804584496,0.9999834320300326,0.9999732528954411,1.0,0.9923551940758885,0.990525197228309,0.9999630597850501,0.9727336049241316,0.9956087124492504,0.9822545747284913,0.8974030699169018,0.922875020660836,0.6363043966269633,0.9961359093682909,0.9270048667464965,0.10803373083542223,-0.19448001679975507,0.9123921576573272,0.9341454215436983,0.9592834088945981,0.9639263311920189,0.9535663067142841,0.9751687478060792,0.9526430715281987,0.9275925432348548,0.9742845056432573,0.9701393838427551,0.9489119053135373],[0.993618296212951,0.9926125286919506,0.9969380125716277,0.9925209036366873,0.9845267980342555,0.9761626683761486,-0.9761797176769861,0.9747374662048476,0.9739875952973401,0.9923900904040588,0.9925467278257746,0.9923551940758885,1.0,0.9997293615718836,0.99251048944349,0.9763472229702876,0.9936839996958067,0.9758038846731371,0.9107237764071018,0.9191484327148353,0.5139408907194348,0.9877573269826369,0.9070400635835445,-0.381628868270184,0.42831201622434506,0.8882278512098726,0.9119581032318863,0.9766535992339187,0.9455097214565141,0.9130042820899281,0.952810752735199,0.9190842205863593,0.8834686781756111,0.9663159374431874,0.9801066140737603,0.9328717604530151],[0.9944197821733983,0.9921846176790288,0.9967187134378948,0.9907599170651726,0.9812006376307107,0.9739439561457675,-0.9772882799424651,0.973885135547205,0.9710760707044792,0.9906014650701045,0.9907563456060333,0.990525197228309,0.9997293615718836,1.0,0.9908432909791733,0.9740792418613214,0.9943173880303362,0.9751577401023857,0.8968935009128497,0.927785130417546,0.3828523324163217,0.9832642649452791,0.8986466760202932,-0.7437814264317136,0.40205497574566806,0.8577891032432594,0.9069029625146973,0.9751247479185615,0.9392125863655597,0.8993852476218596,0.9452538491900777,0.9185335386312515,0.8623202155027919,0.9678402534362884,0.9784421407327123,0.9257844004317689],[0.9970033012264865,0.994963314645045,0.9902270496764219,0.9999463224506655,0.9837237333715376,0.9696333484199743,-0.954592373358613,0.9787303782787798,0.9661731448011486,0.9999518979504498,0.9999548201191527,0.9999630597850501,0.99251048944349,0.9908432909791733,1.0,0.9696248685084955,0.9955191451595753,0.9795134951975604,0.9147090760953411,0.9334996395738169,0.5787993538456082,0.9969898772564562,0.9133317487332271,-0.1053767906258736,0.40671973923473825,0.9006398660121597,0.9169250943588999,0.9679952008413282,0.961150458599331,0.9459077843104838,0.9696329428115805,0.9423661590588717,0.9126488751719538,0.9680606675388818,0.9813857202592019,0.9403090957666692],[0.9848624561259927,0.9795081607344142,0.9744411333153726,0.9741236258070629,0.9493679474641233,0.9998997934690986,-0.984441908781199,0.9838339932736007,0.9805999717899233,0.9735078208018706,0.9696389790033829,0.9727336049241316,0.9763472229702876,0.9740792418613214,0.9696248685084955,1.0,0.9869822917618196,0.9831306493079152,0.9049960628690427,0.8923085203094373,0.6777200551953615,0.9655073716751865,0.894682177980687,0.12337376909149128,-0.19722701989462313,0.941466143576698,0.9130794758009692,0.959541711565063,0.9631764199386419,0.9303516811356042,0.9516378796045825,0.9555673308761357,0.9538143066456438,0.9625975136292896,0.9775870337925151,0.9609477312258613],[0.9996936633781208,0.9970045463910386,0.9868521572267847,0.995811845554934,0.9715379238370921,0.9868160079026504,-0.9684594258543332,0.9878191807741713,0.9731544794804956,0.995677355904987,0.995462332687303,0.9956087124492504,0.9936839996958067,0.9943173880303362,0.9955191451595753,0.9869822917618196,1.0,0.9885229472279424,0.9291142959130566,0.9402588559383467,0.6294869827344385,0.9885365390157052,0.9071028415538783,-0.048483252741985845,0.43054658847638877,0.9255086788529595,0.915211200886258,0.9675127292044889,0.9751223664289413,0.9512509446698865,0.9672932415388567,0.958312394521587,0.9392636683053258,0.9740150646963579,0.9860826454094143,0.9630362788511794],[0.9897695543127606,0.9841409413162835,0.9662058127974139,0.9825739420212077,0.9458069818103674,0.9829671607582408,-0.9572021463297393,0.9998775105332436,0.9827293756610423,0.9826267269665392,0.9793035499544888,0.9822545747284913,0.9758038846731371,0.9751577401023857,0.9795134951975604,0.9831306493079152,0.9885229472279424,1.0,0.9305175284446184,0.9336854492612734,0.6483012876108292,0.9703796097078754,0.9040105544836181,0.2098351974645868,-0.2924692014088325,0.9105726926853182,0.9049737519971837,0.94187610046786,0.9794690423584733,0.9553222919261936,0.9669933505969053,0.963708148526116,0.9370669116795053,0.9613216133976903,0.9580874235939995,0.967540196681129],[0.9013719562854711,0.9238666328604976,0.8713640196768564,0.8873297034073045,0.845050209837459,0.902008246753179,-0.8697719681977703,0.9275633576939959,0.9036842266184032,0.8892219700153998,0.9142029834647522,0.8974030699169018,0.9107237764071018,0.8968935009128497,0.9147090760953411,0.9049960628690427,0.9291142959130566,0.9305175284446184,1.0,0.8230112784403429,0.7088169901040685,0.8610272838556225,0.8124610032001636,0.28146292918189786,-0.1616404096860315,0.8535100999783665,0.7886332084174212,0.8523974275539788,0.8892304182775682,0.8546674227726778,0.8557769812407321,0.8676874727367139,0.8536538523307136,0.8538106842313553,0.8762225611418967,0.8933450348723582],[0.9210802907340013,0.9108512769557777,0.8287799801581813,0.9054083875367759,0.8033741843543932,0.8686588787678359,-0.7865303701275195,0.9275281828866297,0.8586585520591398,0.9065112793226605,0.9327852784208921,0.922875020660836,0.9191484327148353,0.927785130417546,0.9334996395738169,0.8923085203094373,0.9402588559383467,0.9336854492612734,0.8230112784403429,1.0,0.8318757955170147,0.8569405778037832,0.8723854208675074,0.6520871540243223,-0.5277158397305132,0.7083432038817388,0.8682762412826339,0.80840213072144,0.9586547087810877,0.9366316163768996,0.9004480235310417,0.945745359079223,0.897909855608017,0.9004381579894556,0.8498210905036739,0.8837296415434649],[0.7147929752193913,0.7315603809438176,0.5955740112668749,0.6804307864523829,0.552257999384338,0.682678416507669,-0.5782843095661407,0.6498886409373846,0.57176177796705,0.6791311384532658,0.5774751205523898,0.6363043966269633,0.5139408907194348,0.3828523324163217,0.5787993538456082,0.6777200551953615,0.6294869827344385,0.6483012876108292,0.7088169901040685,0.8318757955170147,1.0,0.6075292447762515,0.7178258857976999,0.7256542327452096,-0.11674045672302973,0.537156333814772,0.6638007549711372,0.6186680292017738,0.7792934545201567,0.7106529163278039,0.6408271141862829,0.747900948445723,0.7576531074427689,0.6788397741351279,0.6440550650974308,0.6915848206037911],[0.9851675388925714,0.9682037750195411,0.9914263739836273,0.993717776932673,0.9886369608718373,0.9676069707327356,-0.9493938394480754,0.9715809490178058,0.9691401791620734,0.9939107504598067,0.9971850626351003,0.9961359093682909,0.9877573269826369,0.9832642649452791,0.9969898772564562,0.9655073716751865,0.9885365390157052,0.9703796097078754,0.8610272838556225,0.8569405778037832,0.6075292447762515,1.0,0.9063708481894155,0.28918293966347597,-0.2841552053286123,0.8782593357056575,0.945172668859537,0.9711526650662807,0.9377346871573288,0.9447881748306697,0.9720302668527531,0.9392747499309326,0.9047935256931539,0.9688524392484357,0.9571329994604081,0.9254864375731567],[0.9285142932898658,0.909662804573636,0.9237994486160642,0.9316003269253591,0.9191082246401502,0.9000111678482399,-0.896198516529678,0.8998801210035892,0.914046056015036,0.9314555644318453,0.9135022446314915,0.9270048667464965,0.9070400635835445,0.8986466760202932,0.9133317487332271,0.894682177980687,0.9071028415538783,0.9040105544836181,0.8124610032001636,0.8723854208675074,0.7178258857976999,0.9063708481894155,1.0,0.33175112705963644,-0.18989823176223322,0.7084363145306163,0.9124134869938896,0.8956077463930427,0.9000670945266545,0.8566386344438832,0.9305837106844402,0.8723967677347968,0.8419896222844693,0.9261981793018826,0.8759850210184364,0.8523340604742073],[0.39139714676712356,0.3922676203247963,0.22191857192979197,0.3619537083523803,0.1904392481702186,0.26302179971573014,-0.12159236242506634,0.24436569105614295,0.10265370044836196,0.3671726485053511,-0.10873393901665851,0.10803373083542223,-0.381628868270184,-0.7437814264317136,-0.1053767906258736,0.12337376909149128,-0.048483252741985845,0.2098351974645868,0.28146292918189786,0.6520871540243223,0.7256542327452096,0.28918293966347597,0.33175112705963644,1.0,-0.38505048219025667,0.27296559771970946,0.30609115063228176,0.18565073551499353,0.4783037263420647,0.471554108652334,0.3253844843318723,0.49434833850640136,0.41578627143845276,0.3511375919721196,0.2720795042512813,0.38799861059279467],[-0.30128006122153134,-0.22980969971170995,-0.22548612358476977,-0.29141992284218066,-0.2164992101586855,-0.21861255281290176,0.155796982687728,-0.31099584959957227,-0.23219631537411325,-0.29081151670058536,0.4063048409388278,-0.19448001679975507,0.42831201622434506,0.40205497574566806,0.40671973923473825,-0.19722701989462313,0.43054658847638877,-0.2924692014088325,-0.1616404096860315,-0.5277158397305132,-0.11674045672302973,-0.2841552053286123,-0.18989823176223322,-0.38505048219025667,1.0,-0.1530063168199967,-0.2959822168032315,-0.18022798053572633,-0.3876466877993731,-0.3766348786477702,-0.3213903802831663,-0.3450300144178598,-0.20702541175254927,-0.3470619670225177,-0.18232249312160317,-0.31722545227609156],[0.8993904254365716,0.8759946245167683,0.8938329362465055,0.8938489215922051,0.8668948597999753,0.9335379113622214,-0.8990209393363351,0.9054770688192071,0.8849323635189976,0.8948674512579778,0.9003629571226094,0.9123921576573272,0.8882278512098726,0.8577891032432594,0.9006398660121597,0.941466143576698,0.9255086788529595,0.9105726926853182,0.8535100999783665,0.7083432038817388,0.537156333814772,0.8782593357056575,0.7084363145306163,0.27296559771970946,-0.1530063168199967,1.0,0.7945851674841198,0.8838057265842064,0.8165847461232609,0.861572557526801,0.8273283929257889,0.8695995336043316,0.8651469065397489,0.8584133324518851,0.8674086131150962,0.8972256504805753],[0.9445675952570901,0.9363628589969022,0.9395622776660554,0.9492465617965571,0.938653270655215,0.9210589065011503,-0.9004320867403133,0.9085216452250822,0.9023159818596506,0.9476304586762733,0.9182224300267655,0.9341454215436983,0.9119581032318863,0.9069029625146973,0.9169250943588999,0.9130794758009692,0.915211200886258,0.9049737519971837,0.7886332084174212,0.8682762412826339,0.6638007549711372,0.945172668859537,0.9124134869938896,0.30609115063228176,-0.2959822168032315,0.7945851674841198,1.0,0.9137925066677822,0.9187844502992318,0.9040202031815234,0.9287835150956917,0.903873010423614,0.8699373617265026,0.9347133460143228,0.9084559266304327,0.8825932989159189],[0.9586039350014895,0.9577741075162138,0.9783414920091217,0.9641543732167509,0.9711042108615525,0.9627294016481559,-0.9612190293490553,0.9419917539808403,0.9635161073487202,0.9626806935445864,0.9685450035840729,0.9592834088945981,0.9766535992339187,0.9751247479185615,0.9679952008413282,0.959541711565063,0.9675127292044889,0.94187610046786,0.8523974275539788,0.80840213072144,0.6186680292017738,0.9711526650662807,0.8956077463930427,0.18565073551499353,-0.18022798053572633,0.8838057265842064,0.9137925066677822,1.0,0.9082978379597395,0.8905557181740488,0.9431194878530272,0.8909640561972509,0.8860351542746667,0.948513220670244,0.9729678095895695,0.8886510532075784],[0.9797918248544139,0.9594681476197064,0.9274713824565612,0.9693122150692813,0.9024770573466437,0.9597881498428003,-0.9044283358050255,0.9790095952445972,0.9370481362787069,0.9690515521960903,0.9607226172829703,0.9639263311920189,0.9455097214565141,0.9392125863655597,0.961150458599331,0.9631764199386419,0.9751223664289413,0.9794690423584733,0.8892304182775682,0.9586547087810877,0.7792934545201567,0.9377346871573288,0.9000670945266545,0.4783037263420647,-0.3876466877993731,0.8165847461232609,0.9187844502992318,0.9082978379597395,1.0,0.9861032718147053,0.963964603760568,0.9902910606494894,0.9522543430321073,0.9601402041496586,0.915090065775153,0.9677504470638835],[0.9662278074243194,0.953321789024576,0.9146469588577447,0.9623229710291086,0.8969345610353825,0.9332424934703167,-0.8697743981553463,0.9559741997097876,0.9034264182741236,0.9615531492974444,0.9453745626410933,0.9535663067142841,0.9130042820899281,0.8993852476218596,0.9459077843104838,0.9303516811356042,0.9512509446698865,0.9553222919261936,0.8546674227726778,0.9366316163768996,0.7106529163278039,0.9447881748306697,0.8566386344438832,0.471554108652334,-0.3766348786477702,0.861572557526801,0.9040202031815234,0.8905557181740488,0.9861032718147053,1.0,0.9520207890442455,0.9837975396526016,0.9551575780596326,0.9393543255757681,0.9231005545460762,0.9627077565212896],[0.9773619745763544,0.9677374624860415,0.9671478037941513,0.9798768342134838,0.958706700211182,0.9552307358663149,-0.9332048012332181,0.9685859941701783,0.9599847846903591,0.9788273057305178,0.9697279605733511,0.9751687478060792,0.952810752735199,0.9452538491900777,0.9696329428115805,0.9516378796045825,0.9672932415388567,0.9669933505969053,0.8557769812407321,0.9004480235310417,0.6408271141862829,0.9720302668527531,0.9305837106844402,0.3253844843318723,-0.3213903802831663,0.8273283929257889,0.9287835150956917,0.9431194878530272,0.963964603760568,0.9520207890442455,1.0,0.9531587801219925,0.9146026927535943,0.9770004589046325,0.9600708027879443,0.9417799872542184],[0.9726005175162048,0.9581927736585704,0.9191789108179766,0.9617179227056618,0.8935524332534368,0.9545182422314935,-0.8969995235132451,0.9651375885461834,0.9216053535027317,0.9611173558529938,0.9416598735398172,0.9526430715281987,0.9190842205863593,0.9185335386312515,0.9423661590588717,0.9555673308761357,0.958312394521587,0.963708148526116,0.8676874727367139,0.945745359079223,0.747900948445723,0.9392747499309326,0.8723967677347968,0.49434833850640136,-0.3450300144178598,0.8695995336043316,0.903873010423614,0.8909640561972509,0.9902910606494894,0.9837975396526016,0.9531587801219925,1.0,0.9736521026667222,0.9458362320604379,0.9386961702710207,0.963488761555421],[0.9441167927279978,0.9428167682955345,0.8994027699533966,0.9308029895898937,0.8675724830243335,0.9544434750494866,-0.9085653351025477,0.937278535025369,0.9046655414497304,0.9293522902809052,0.9118252087104304,0.9275925432348548,0.8834686781756111,0.8623202155027919,0.9126488751719538,0.9538143066456438,0.9392636683053258,0.9370669116795053,0.8536538523307136,0.897909855608017,0.7576531074427689,0.9047935256931539,0.8419896222844693,0.41578627143845276,-0.20702541175254927,0.8651469065397489,0.8699373617265026,0.8860351542746667,0.9522543430321073,0.9551575780596326,0.9146026927535943,0.9736521026667222,1.0,0.9073340606427801,0.9314218857570727,0.9541462826332427],[0.9815170062522801,0.9712755285736259,0.9661244516711949,0.9790202033702532,0.9518138980753882,0.9604725675062458,-0.9323767338482344,0.9620990691368542,0.9502648628871835,0.978194395287939,0.9681496595250696,0.9742845056432573,0.9663159374431874,0.9678402534362884,0.9680606675388818,0.9625975136292896,0.9740150646963579,0.9613216133976903,0.8538106842313553,0.9004381579894556,0.6788397741351279,0.9688524392484357,0.9261981793018826,0.3511375919721196,-0.3470619670225177,0.8584133324518851,0.9347133460143228,0.948513220670244,0.9601402041496586,0.9393543255757681,0.9770004589046325,0.9458362320604379,0.9073340606427801,1.0,0.9569563692424589,0.9421265450250015],[0.9731054440248055,0.9637845113560376,0.9738027542400312,0.9715813580590598,0.9586648588147779,0.9782799917759517,-0.9672273370965696,0.9601383876143132,0.9721799313620422,0.9703320443040414,0.9814369230394752,0.9701393838427551,0.9801066140737603,0.9784421407327123,0.9813857202592019,0.9775870337925151,0.9860826454094143,0.9580874235939995,0.8762225611418967,0.8498210905036739,0.6440550650974308,0.9571329994604081,0.8759850210184364,0.2720795042512813,-0.18232249312160317,0.8674086131150962,0.9084559266304327,0.9729678095895695,0.915090065775153,0.9231005545460762,0.9600708027879443,0.9386961702710207,0.9314218857570727,0.9569563692424589,1.0,0.9198030234645976],[0.9549892624090831,0.9495611450456546,0.9197808045642824,0.945029311134583,0.8915762035658729,0.9564700147355855,-0.9116223099520343,0.9663944005268995,0.9255272313933676,0.9433919841810553,0.9396996440371841,0.9489119053135373,0.9328717604530151,0.9257844004317689,0.9403090957666692,0.9609477312258613,0.9630362788511794,0.967540196681129,0.8933450348723582,0.8837296415434649,0.6915848206037911,0.9254864375731567,0.8523340604742073,0.38799861059279467,-0.31722545227609156,0.8972256504805753,0.8825932989159189,0.8886510532075784,0.9677504470638835,0.9627077565212896,0.9417799872542184,0.963488761555421,0.9541462826332427,0.9421265450250015,0.9198030234645976,1.0]],"x":["^TAIEX       \u81fa\u7063\u52a0\u6b0a\u5831\u916c\u6307\u6578","^TWII        \u81fa\u7063\u52a0\u6b0a\u6307\u6578","^TAIEXx2     \u81fa\u7063\u52a0\u6b0a\u5831\u916c\u6307\u6578_\u65e5\u6b632","^TAI50I      \u81fa\u706350\u5831\u916c\u6307\u6578","^TAI50Ix2    \u81fa\u706350\u5831\u916c\u6307\u6578_\u65e5\u6b632","^TAI100I     \u81fa\u7063\u4e2d\u578b100\u5831\u916c\u6307\u6578","^TAI100Ix2   \u81fa\u7063\u4e2d\u578b100\u5831\u916c\u6307\u6578_\u65e5\u6b632","^TAIDIVIDI   \u81fa\u7063\u9ad8\u80a1\u606f\u5831\u916c\u6307\u6578","^TAIDIVIDIx2 \u81fa\u7063\u9ad8\u80a1\u606f\u5831\u916c\u6307\u6578_\u65e5\u6b632","0050Fund     \u5143\u5927\u53f0\u7063\u5353\u8d8a50\u57fa\u91d1","006208Fund   \u5bcc\u90a6\u53f0\u7063\u91c6\u540950\u57fa\u91d1","0050         \u5143\u5927\u81fa\u706350","00631L       \u5143\u5927\u53f0\u706350\u6b632","00675L       \u5bcc\u90a6\u81fa\u7063\u52a0\u6b0a\u6b632","006208       \u5bcc\u90a6\u53f050","0051         \u5143\u5927\u4e2d\u578b100","006204       \u6c38\u8c50\u81fa\u7063\u52a0\u6b0a","0056         \u5143\u5927\u9ad8\u80a1\u606f","0056         \u5143\u5927\u9ad8\u80a1\u606f_\u80a1\u606f\u4e0d\u6295\u5165","2412         \u4e2d\u83ef\u96fb\u4fe1","2002         \u4e2d\u92fc","2330         \u53f0\u7a4d\u96fb","2317         \u9d3b\u6d77","6505         \u53f0\u5851\u77f3\u5316","3481         \u7fa4\u5275","2303         \u806f\u96fb","2308         \u53f0\u9054\u96fb","2454         \u806f\u767c\u79d1","2886         \u5146\u8c50\u91d1","2884         \u7389\u5c71\u91d1","2891         \u4e2d\u4fe1\u91d1","2892         \u7b2c\u4e00\u91d1","5880         \u5408\u5eab\u91d1","2881         \u5bcc\u90a6\u91d1","2885         \u5143\u5927\u91d1","2887         \u53f0\u65b0\u91d1"],"y":["^TAIEX       \u81fa\u7063\u52a0\u6b0a\u5831\u916c\u6307\u6578","^TWII        \u81fa\u7063\u52a0\u6b0a\u6307\u6578","^TAIEXx2     \u81fa\u7063\u52a0\u6b0a\u5831\u916c\u6307\u6578_\u65e5\u6b632","^TAI50I      \u81fa\u706350\u5831\u916c\u6307\u6578","^TAI50Ix2    \u81fa\u706350\u5831\u916c\u6307\u6578_\u65e5\u6b632","^TAI100I     \u81fa\u7063\u4e2d\u578b100\u5831\u916c\u6307\u6578","^TAI100Ix2   \u81fa\u7063\u4e2d\u578b100\u5831\u916c\u6307\u6578_\u65e5\u6b632","^TAIDIVIDI   \u81fa\u7063\u9ad8\u80a1\u606f\u5831\u916c\u6307\u6578","^TAIDIVIDIx2 \u81fa\u7063\u9ad8\u80a1\u606f\u5831\u916c\u6307\u6578_\u65e5\u6b632","0050Fund     \u5143\u5927\u53f0\u7063\u5353\u8d8a50\u57fa\u91d1","006208Fund   \u5bcc\u90a6\u53f0\u7063\u91c6\u540950\u57fa\u91d1","0050         \u5143\u5927\u81fa\u706350","00631L       \u5143\u5927\u53f0\u706350\u6b632","00675L       \u5bcc\u90a6\u81fa\u7063\u52a0\u6b0a\u6b632","006208       \u5bcc\u90a6\u53f050","0051         \u5143\u5927\u4e2d\u578b100","006204       \u6c38\u8c50\u81fa\u7063\u52a0\u6b0a","0056         \u5143\u5927\u9ad8\u80a1\u606f","0056         \u5143\u5927\u9ad8\u80a1\u606f_\u80a1\u606f\u4e0d\u6295\u5165","2412         \u4e2d\u83ef\u96fb\u4fe1","2002         \u4e2d\u92fc","2330         \u53f0\u7a4d\u96fb","2317         \u9d3b\u6d77","6505         \u53f0\u5851\u77f3\u5316","3481         \u7fa4\u5275","2303         \u806f\u96fb","2308         \u53f0\u9054\u96fb","2454         \u806f\u767c\u79d1","2886         \u5146\u8c50\u91d1","2884         \u7389\u5c71\u91d1","2891         \u4e2d\u4fe1\u91d1","2892         \u7b2c\u4e00\u91d1","5880         \u5408\u5eab\u91d1","2881         \u5bcc\u90a6\u91d1","2885         \u5143\u5927\u91d1","2887         \u53f0\u65b0\u91d1"],"zmin":-1,"zmax":1,"colorbar":{"x":-0.2}}],"layout":{"autotypenumbers":"strict","colorway":["#636efa","#EF553B","#00cc96","#ab63fa","#FFA15A","#19d3f3","#FF6692","#B6E880","#FF97FF","#FECB52"],"font":{"color":"#f2f5fa","family":"Courier New"},"hovermode":"closest","hoverlabel":{"align":"left"},"paper_bgcolor":"rgb(17,17,17)","plot_bgcolor":"rgb(17,17,17)","polar":{"bgcolor":"rgb(17,17,17)","angularaxis":{"gridcolor":"#506784","linecolor":"#506784","ticks":""},"radialaxis":{"gridcolor":"#506784","linecolor":"#506784","ticks":""}},"ternary":{"bgcolor":"rgb(17,17,17)","aaxis":{"gridcolor":"#506784","linecolor":"#506784","ticks":""},"baxis":{"gridcolor":"#506784","linecolor":"#506784","ticks":""},"caxis":{"gridcolor":"#506784","linecolor":"#506784","ticks":""}},"coloraxis":{"colorbar":{"outlinewidth":0,"ticks":""}},"colorscale":{"sequential":[[0.0,"#0d0887"],[0.1111111111111111,"#46039f"],[0.2222222222222222,"#7201a8"],[0.3333333333333333,"#9c179e"],[0.4444444444444444,"#bd3786"],[0.5555555555555556,"#d8576b"],[0.6666666666666666,"#ed7953"],[0.7777777777777778,"#fb9f3a"],[0.8888888888888888,"#fdca26"],[1.0,"#f0f921"]],"sequentialminus":[[0.0,"#0d0887"],[0.1111111111111111,"#46039f"],[0.2222222222222222,"#7201a8"],[0.3333333333333333,"#9c179e"],[0.4444444444444444,"#bd3786"],[0.5555555555555556,"#d8576b"],[0.6666666666666666,"#ed7953"],[0.7777777777777778,"#fb9f3a"],[0.8888888888888888,"#fdca26"],[1.0,"#f0f921"]],"diverging":[[0,"#8e0152"],[0.1,"#c51b7d"],[0.2,"#de77ae"],[0.3,"#f1b6da"],[0.4,"#fde0ef"],[0.5,"#f7f7f7"],[0.6,"#e6f5d0"],[0.7,"#b8e186"],[0.8,"#7fbc41"],[0.9,"#4d9221"],[1,"#276419"]]},"xaxis":{"gridcolor":"rgba(0, 0, 0, 0)","linecolor":"#506784","ticks":"","title":{"standoff":15},"zerolinecolor":"#283442","automargin":true,"zerolinewidth":2,"tickfont":{"family":"Courier New","size":14},"side":"top","tickangle":-90},"yaxis":{"gridcolor":"rgba(0, 0, 0, 0)","linecolor":"#506784","ticks":"","title":{"standoff":15},"zerolinecolor":"#283442","automargin":true,"zerolinewidth":2,"tickfont":{"family":"Courier New"},"side":"right"},"scene":{"xaxis":{"backgroundcolor":"rgb(17,17,17)","gridcolor":"#506784","linecolor":"#506784","showbackground":true,"ticks":"","zerolinecolor":"#C8D4E3","gridwidth":2},"yaxis":{"backgroundcolor":"rgb(17,17,17)","gridcolor":"#506784","linecolor":"#506784","showbackground":true,"ticks":"","zerolinecolor":"#C8D4E3","gridwidth":2},"zaxis":{"backgroundcolor":"rgb(17,17,17)","gridcolor":"#506784","linecolor":"#506784","showbackground":true,"ticks":"","zerolinecolor":"#C8D4E3","gridwidth":2}},"shapedefaults":{"line":{"color":"#f2f5fa"}},"annotationdefaults":{"arrowcolor":"#f2f5fa","arrowhead":0,"arrowwidth":1},"geo":{"bgcolor":"rgb(17,17,17)","landcolor":"rgb(17,17,17)","subunitcolor":"#506784","showland":true,"showlakes":true,"lakecolor":"rgb(17,17,17)"},"title":{"x":0.05,"font":{"family":"Times New Roman"},"y":0.05,"text":"<b>Correlation of Adj Close<b><br><i>2016-09-23 ~ 2025-10-17<i>"},"updatemenudefaults":{"bgcolor":"#506784","borderwidth":0},"sliderdefaults":{"bgcolor":"#C8D4E3","borderwidth":1,"bordercolor":"rgb(17,17,17)","tickwidth":0},"mapbox":{"style":"dark"},"annotations":[{"text":"<b>@zwindr<b>","textangle":0,"opacity":0.5,"font":{"color":"white","size":12},"xref":"paper","yref":"paper","xanchor":"left","yanchor":"bottom","x":1.0,"y":1.0,"showarrow":false}]},"config":{"responsive":true,"toImageButtonOptions":{"filename":"Correlation of Adj Close_2016-09-23~2025-10-17","scale":5}}};Plotly.newPlot("correlationAdjClose",correlationAdjClose.data,correlationAdjClose.layout||{},correlationAdjClose.config);}else{console.log("style display is none => correlationAdjClose");}