var element=document.getElementById("correlationAdjClose");if(element.style.display!='none'){var correlationAdjClose={"data":[{"type":"heatmap","z":[[1.0,0.9944720240511963,0.9770038345951778,0.9974477444444562,0.9627007555229685,0.9827791163968931,-0.9479815123134602,0.9900501411030853,0.9726410549456487,0.9975880785065587,0.9970382489871705,0.9975278992898877,0.9937141593960216,0.9944721809419143,0.9971012287927425,0.9848173270697732,0.9996887076405041,0.9899678658429187,0.901643024874685,0.9214613956040474,0.7199238054572004,0.9854043598766661,0.927159811332129,0.3995524824366036,-0.30229666291956,0.8997248362478328,0.9526655337272514,0.9581027752529996,0.9801300903074835,0.9661642507557462,0.9769397765062946,0.9728346710918531,0.9448809960950526,0.9812802697180936,0.9726735919779985,0.9547046306030066],[0.9944720240511963,1.0,0.9724837889773097,0.991488261782364,0.9579143500863347,0.9785976021168596,-0.9434756449692806,0.981773980073912,0.9662559827101452,0.992827326037399,0.9949828421496008,0.9943734034491656,0.9926795104665559,0.9921868523254272,0.9949998414292973,0.979383473756727,0.9969483721449334,0.9842374791528041,0.9244304227432779,0.9110826583313344,0.7353035515301848,0.9681310818305388,0.9082330622799512,0.39936063423244345,-0.23005091428888721,0.8759158058829397,0.9424760416955262,0.9573135818287848,0.9595067266099753,0.9530864593338924,0.9672249725765407,0.9582000217402965,0.9433611500123783,0.970903761266287,0.9632760430918617,0.9492046589036115],[0.9770038345951778,0.9724837889773097,1.0,0.9841305549280522,0.9955780565542949,0.9776274388681794,-0.9773667204643192,0.9680865254323618,0.9831703929575671,0.9837479916783274,0.9903917531924077,0.9869926506034072,0.9969315764327812,0.9967110293255204,0.9901135031696291,0.9757751708640133,0.9873281590418485,0.9677657114916101,0.873581642721724,0.8300743426850858,0.603248528375879,0.9912058177109098,0.9220274496173156,0.2312632198744659,-0.22665979888479873,0.896827610839896,0.9414223379334469,0.97981933012708,0.9290824808840498,0.9154956514518624,0.9673198597907027,0.920611480238789,0.9022649061914303,0.9669157894628466,0.9745727695142123,0.9206067431342565],[0.9974477444444562,0.991488261782364,0.9841305549280522,1.0,0.9758372785315863,0.974971447094824,-0.9438704756902994,0.9835592698173524,0.969986806999545,0.9999664254886471,0.9999904944177784,0.9999598838909449,0.9922802376836083,0.9904270234595887,0.9999449791052306,0.9743203377036961,0.9959099356681481,0.983220444930911,0.8882953723718486,0.9064044598005543,0.6866158406944666,0.99370016728893,0.930025512065468,0.3712027087021629,-0.2928130549180375,0.8949857178921766,0.954947151473015,0.9641237357996212,0.9701588021509524,0.9627573760588748,0.979609626680946,0.9624353107380244,0.9322677186688599,0.9790370873592328,0.9713539776719755,0.9450622991218819],[0.9627007555229685,0.9579143500863347,0.9955780565542949,0.9758372785315863,1.0,0.9554028796367026,-0.9586635722309353,0.9498214993316881,0.968620785977886,0.9758406943344187,0.9850582329058338,0.9810912962894335,0.9851251171995323,0.9817327926057666,0.9845808292195237,0.9522710832978606,0.9733375722696649,0.9492734501927123,0.8495150170713955,0.806540259257463,0.5621798121226451,0.9890828481294549,0.9181120482237973,0.20140865688395776,-0.2184206829223016,0.8722686603080275,0.9372547833655503,0.9747235664900287,0.9059528884642516,0.8995980099374657,0.9603123726343016,0.8967623538385089,0.8725601182356904,0.954225066587079,0.9609903127052142,0.893846796710957],[0.9827791163968931,0.9785976021168596,0.9776274388681794,0.974971447094824,0.9554028796367026,1.0,-0.981692255640403,0.9817739889531915,0.981284910860749,0.9743246610022446,0.9700080549053751,0.9729004046446798,0.977111845849604,0.9750527266315198,0.9699328209529697,0.9998997061345349,0.986821532191837,0.9827558818953412,0.9016562060776099,0.8678034773207368,0.68713082538579,0.9680797279880895,0.8986944729667385,0.26970717877576766,-0.21851447687459424,0.933823660159521,0.9314222805504776,0.962198210467826,0.9594826344048144,0.9324764480887348,0.9545756359699574,0.9541535433271705,0.9547174340293961,0.9598667018054675,0.9779585296146969,0.955994847214018],[-0.9479815123134602,-0.9434756449692806,-0.9773667204643192,-0.9438704756902994,-0.9586635722309353,-0.981692255640403,1.0,-0.9542161701075692,-0.9845618065287699,-0.9423624320378613,-0.9540644997567246,-0.9499030824411384,-0.976178905928239,-0.9774910661065176,-0.9537567219552456,-0.9844256880377803,-0.9677886073124794,-0.9568977483684931,-0.8697326567135059,-0.7851393481202291,-0.5835275381527928,-0.9484760272058022,-0.8938872167280825,-0.12828520393218512,0.15534931129973578,-0.8998675887090573,-0.9059443595125009,-0.9609045819522941,-0.9038248794423289,-0.8683663505165526,-0.9318913008264461,-0.8962962834051276,-0.9091751249530748,-0.9313272735849497,-0.9667212596495655,-0.9108352112287184],[0.9900501411030853,0.981773980073912,0.9680865254323618,0.9835592698173524,0.9498214993316881,0.9817739889531915,-0.9542161701075692,1.0,0.9832876425342851,0.9835052440616309,0.979316694538039,0.9825573834584791,0.9758287924488911,0.975044305028252,0.9794575474203314,0.9836253753595704,0.9879722236039902,0.9998759404726475,0.927293780183426,0.9270146546438511,0.6544328904152337,0.9726852214299345,0.8991440582361815,0.2524390062513145,-0.3114699651331991,0.9052849757020962,0.9213725287286545,0.9412036606156304,0.978825306501062,0.9554583334580644,0.9683613128320019,0.964793136658846,0.9371783570919388,0.9616184049928694,0.959666552616174,0.9660154206088256],[0.9726410549456487,0.9662559827101452,0.9831703929575671,0.969986806999545,0.968620785977886,0.981284910860749,-0.9845618065287699,0.9832876425342851,1.0,0.9691456864390048,0.9661603539404127,0.9681692057577926,0.9743911790559235,0.9715817583058844,0.9660111482822744,0.9803411721775053,0.972716079276865,0.9826056154669703,0.9036187424898433,0.8576411757869876,0.5770256771582427,0.9692785036328434,0.91269061874789,0.11070812757643547,-0.2323896239381797,0.8850892835473063,0.9115692535820659,0.9630360373422933,0.9365685506014396,0.9023304056573036,0.9592745375695166,0.9209229283776346,0.9047354048930006,0.9494426879176979,0.9717002828673458,0.9247463615919388],[0.9975880785065587,0.992827326037399,0.9837479916783274,0.9999664254886471,0.9758406943344187,0.9743246610022446,-0.9423624320378613,0.9835052440616309,0.9691456864390048,1.0,0.9999887882159519,0.9999834220423754,0.9921443227641203,0.9902627337550556,0.999950713508372,0.9736853629318111,0.9957712048460962,0.9832660284382748,0.8902079884772435,0.907477546974562,0.6856168337618067,0.9938930083097901,0.9298435362858358,0.37645121604056836,-0.2921901071815316,0.8960853295400356,0.9534844634679144,0.9626336853695064,0.9698896867897845,0.9619835236121517,0.9785262197676358,0.9618288459624053,0.9307970166131543,0.9781965653520898,0.9700617684877518,0.9433878725634487],[0.9970382489871705,0.9949828421496008,0.9903917531924077,0.9999904944177784,0.9850582329058338,0.9700080549053751,-0.9540644997567246,0.979316694538039,0.9661603539404127,0.9999887882159519,1.0,0.9999728998866761,0.9923064421340803,0.9904232752471467,0.9999537779509583,0.9700436077093668,0.9955638052359271,0.980059862631433,0.9158898693307748,0.9333581548911997,0.5882722276316498,0.9971929657584435,0.9109476782650294,-0.09681794964941362,0.40811642739234394,0.903403967075372,0.926655587390523,0.9692831771491829,0.9616108278834937,0.9456784003296623,0.9691774357273848,0.9424056768295284,0.9143804989554398,0.9679736126959654,0.9817335805210868,0.9398585595472755],[0.9975278992898877,0.9943734034491656,0.9869926506034072,0.9999598838909449,0.9810912962894335,0.9729004046446798,-0.9499030824411384,0.9825573834584791,0.9681692057577926,0.9999834220423754,0.9999728998866761,1.0,0.9921602361577462,0.9902565903996681,0.9999628019626652,0.972932538711122,0.9956944170557295,0.982822273594823,0.8983023698909023,0.9236098312512212,0.6434422198406263,0.9961359269791381,0.9255115095504374,0.11695244238484774,-0.19561892366581668,0.9141968747285355,0.9400324184887422,0.9594388764917179,0.9647026214475416,0.9540339708502544,0.9749164070790005,0.9533234067948907,0.9292498719814952,0.9742512114478061,0.9700193717566966,0.9491550020183125],[0.9937141593960216,0.9926795104665559,0.9969315764327812,0.9922802376836083,0.9851251171995323,0.977111845849604,-0.976178905928239,0.9758287924488911,0.9743911790559235,0.9921443227641203,0.9923064421340803,0.9921602361577462,1.0,0.9997220419618117,0.9923241887038032,0.9772230752494093,0.9938261933422537,0.9767490960583455,0.9128721330307789,0.9192763633537032,0.5240504291945368,0.9874669473832235,0.9046538432412835,-0.3741273017188357,0.4306583281332412,0.8915753158805646,0.9183526915095014,0.9780214975984544,0.9463507097159232,0.912800056373516,0.9520784962753774,0.9195598245749319,0.8860047456482278,0.9663226099670101,0.9807168510598538,0.9329627562917522],[0.9944721809419143,0.9921868523254272,0.9967110293255204,0.9904270234595887,0.9817327926057666,0.9750527266315198,-0.9774910661065176,0.975044305028252,0.9715817583058844,0.9902627337550556,0.9904232752471467,0.9902565903996681,0.9997220419618117,1.0,0.9905846812215322,0.9751037445555778,0.9944344154137023,0.9761698745784326,0.8992246161975902,0.9276657529511626,0.39467396169948304,0.9828395386602528,0.8959118225863991,-0.7402387258651031,0.4048417501574747,0.8616602863676966,0.9131958436364009,0.9769058785751271,0.9399699128626774,0.8985783468178095,0.9442905180484162,0.9186976038869148,0.8650555361353338,0.9680473222687728,0.979148884036687,0.925598089684194],[0.9971012287927425,0.9949998414292973,0.9901135031696291,0.9999449791052306,0.9845808292195237,0.9699328209529697,-0.9537567219552456,0.9794575474203314,0.9660111482822744,0.999950713508372,0.9999537779509583,0.9999628019626652,0.9923241887038032,0.9905846812215322,1.0,0.9699497350178895,0.9955945651436419,0.9801419457807464,0.916060819750391,0.9340442816734472,0.5872099932806455,0.9970034654755767,0.9113791803259446,-0.09646288018173349,0.4080666936069222,0.9030024841703822,0.9237466948578473,0.968593181758256,0.961896925793446,0.9462113234104622,0.9692271158837872,0.9430047746356164,0.9147029833639853,0.9679211508605199,0.9816496172741599,0.9403477753653131],[0.9848173270697732,0.979383473756727,0.9757751708640133,0.9743203377036961,0.9522710832978606,0.9998997061345349,-0.9844256880377803,0.9836253753595704,0.9803411721775053,0.9736853629318111,0.9700436077093668,0.972932538711122,0.9772230752494093,0.9751037445555778,0.9699497350178895,1.0,0.9870318964641479,0.9829699817757614,0.9047368314965486,0.8916678592831168,0.6819468662591264,0.9660439362264106,0.8936624565872431,0.12942347024944237,-0.19733250477934375,0.9417819570207742,0.9230591594214387,0.9591051208514064,0.9629459735156846,0.9297379896395185,0.9511131510066821,0.9552718142671811,0.9540638795556392,0.9621698550089873,0.977343047463316,0.9606084529451165],[0.9996887076405041,0.9969483721449334,0.9873281590418485,0.9959099356681481,0.9733375722696649,0.986821532191837,-0.9677886073124794,0.9879722236039902,0.972716079276865,0.9957712048460962,0.9955638052359271,0.9956944170557295,0.9938261933422537,0.9944344154137023,0.9955945651436419,0.9870318964641479,1.0,0.9886756060423286,0.9296239035466993,0.9402451342144991,0.6362620616044948,0.9887757023276519,0.9054778158432485,-0.040348733945249446,0.4313313242508261,0.9268465836796884,0.9242323207040993,0.9674463991325033,0.9753660808761028,0.9510753350715068,0.9667423785244904,0.9584579955371216,0.940422743340528,0.9736840887119549,0.985982859778149,0.9629226906166066],[0.9899678658429187,0.9842374791528041,0.9677657114916101,0.983220444930911,0.9492734501927123,0.9827558818953412,-0.9568977483684931,0.9998759404726475,0.9826056154669703,0.9832660284382748,0.980059862631433,0.982822273594823,0.9767490960583455,0.9761698745784326,0.9801419457807464,0.9829699817757614,0.9886756060423286,1.0,0.9303299438295926,0.933319711248363,0.6519181703895094,0.971336944192433,0.9034518734988556,0.21602511933058705,-0.29298769820802895,0.9104752805031351,0.9157180592169888,0.9412829533305488,0.9793314404013742,0.954928110686144,0.966806338952589,0.9634337480004163,0.9370195598372856,0.9609640880350349,0.9577064405913119,0.9672420126412079],[0.901643024874685,0.9244304227432779,0.873581642721724,0.8882953723718486,0.8495150170713955,0.9016562060776099,-0.8697326567135059,0.927293780183426,0.9036187424898433,0.8902079884772435,0.9158898693307748,0.8983023698909023,0.9128721330307789,0.8992246161975902,0.916060819750391,0.9047368314965486,0.9296239035466993,0.9303299438295926,1.0,0.8219795251934751,0.7110108719988456,0.8622435978481537,0.8123950587980205,0.2861558846823244,-0.16138323043622232,0.8528111733319772,0.7999025959693721,0.8516412266172094,0.8886202084009817,0.8538373860596239,0.8554530316371168,0.8669298678286331,0.8528956517775053,0.8532522763234333,0.8759064698742295,0.8928318845729507],[0.9214613956040474,0.9110826583313344,0.8300743426850858,0.9064044598005543,0.806540259257463,0.8678034773207368,-0.7851393481202291,0.9270146546438511,0.8576411757869876,0.907477546974562,0.9333581548911997,0.9236098312512212,0.9192763633537032,0.9276657529511626,0.9340442816734472,0.8916678592831168,0.9402451342144991,0.933319711248363,0.8219795251934751,1.0,0.833022883596676,0.8581271986611854,0.8726465171377675,0.6559003604623802,-0.5284044520039871,0.706938427198623,0.8791598028123083,0.8074420676448513,0.9585298981519489,0.9364263586150945,0.9005597971880811,0.9455212233890031,0.8974144405042966,0.9003078676167144,0.8493474726718686,0.883216468531605],[0.7199238054572004,0.7353035515301848,0.603248528375879,0.6866158406944666,0.5621798121226451,0.68713082538579,-0.5835275381527928,0.6544328904152337,0.5770256771582427,0.6856168337618067,0.5882722276316498,0.6434422198406263,0.5240504291945368,0.39467396169948304,0.5872099932806455,0.6819468662591264,0.6362620616044948,0.6519181703895094,0.7110108719988456,0.833022883596676,1.0,0.6120990935170914,0.7215906729124657,0.7260826042955107,-0.11677479745082504,0.5374883112743147,0.6797721055310916,0.6206312307902471,0.7809319270282995,0.7126143881215574,0.6439410917732262,0.7499529917899999,0.7585720404774409,0.6815645356781915,0.6463397255447235,0.6936889174414204],[0.9854043598766661,0.9681310818305388,0.9912058177109098,0.99370016728893,0.9890828481294549,0.9680797279880895,-0.9484760272058022,0.9726852214299345,0.9692785036328434,0.9938930083097901,0.9971929657584435,0.9961359269791381,0.9874669473832235,0.9828395386602528,0.9970034654755767,0.9660439362264106,0.9887757023276519,0.971336944192433,0.8622435978481537,0.8581271986611854,0.6120990935170914,1.0,0.9049197457188657,0.2963832148086541,-0.28558658855674207,0.8797483477952346,0.947316656817674,0.9718089929352874,0.9388336263146015,0.9456016582281875,0.9720475331009877,0.940289821975444,0.906549282061319,0.9691740239565343,0.9571733648148913,0.9257661880632873],[0.927159811332129,0.9082330622799512,0.9220274496173156,0.930025512065468,0.9181120482237973,0.8986944729667385,-0.8938872167280825,0.8991440582361815,0.91269061874789,0.9298435362858358,0.9109476782650294,0.9255115095504374,0.9046538432412835,0.8959118225863991,0.9113791803259446,0.8936624565872431,0.9054778158432485,0.9034518734988556,0.8123950587980205,0.8726465171377675,0.7215906729124657,0.9049197457188657,1.0,0.33822638203637884,-0.19006133910078762,0.707001094741881,0.916089889476558,0.894568675442779,0.899722929603545,0.855560605737155,0.9296336947973395,0.8717804461932425,0.8418367251887802,0.9253846069278463,0.8744369948511572,0.8510014354191737],[0.3995524824366036,0.39936063423244345,0.2312632198744659,0.3712027087021629,0.20140865688395776,0.26970717877576766,-0.12828520393218512,0.2524390062513145,0.11070812757643547,0.37645121604056836,-0.09681794964941362,0.11695244238484774,-0.3741273017188357,-0.7402387258651031,-0.09646288018173349,0.12942347024944237,-0.040348733945249446,0.21602511933058705,0.2861558846823244,0.6559003604623802,0.7260826042955107,0.2963832148086541,0.33822638203637884,1.0,-0.38598115983332576,0.27543100722098435,0.32269699250970657,0.18926086544951032,0.48254161623712355,0.47605566747901373,0.33078122438696633,0.49864413210562086,0.41879229830474984,0.35609591106232574,0.27668940537669945,0.39240582882954766],[-0.30229666291956,-0.23005091428888721,-0.22665979888479873,-0.2928130549180375,-0.2184206829223016,-0.21851447687459424,0.15534931129973578,-0.3114699651331991,-0.2323896239381797,-0.2921901071815316,0.40811642739234394,-0.19561892366581668,0.4306583281332412,0.4048417501574747,0.4080666936069222,-0.19733250477934375,0.4313313242508261,-0.29298769820802895,-0.16138323043622232,-0.5284044520039871,-0.11677479745082504,-0.28558658855674207,-0.19006133910078762,-0.38598115983332576,1.0,-0.15252803138383297,-0.3032887771572681,-0.17991434660656544,-0.3881161087640083,-0.3771314492190821,-0.32224127916107026,-0.3453198586030648,-0.20668109955764266,-0.3478491955984709,-0.18210085649797653,-0.31751607877484567],[0.8997248362478328,0.8759158058829397,0.896827610839896,0.8949857178921766,0.8722686603080275,0.933823660159521,-0.8998675887090573,0.9052849757020962,0.8850892835473063,0.8960853295400356,0.903403967075372,0.9141968747285355,0.8915753158805646,0.8616602863676966,0.9030024841703822,0.9417819570207742,0.9268465836796884,0.9104752805031351,0.8528111733319772,0.706938427198623,0.5374883112743147,0.8797483477952346,0.707001094741881,0.27543100722098435,-0.15252803138383297,1.0,0.8029473042866622,0.883443890142335,0.8156101982704184,0.8609120028611391,0.8268647410892951,0.8689641316333755,0.8644941819110366,0.857997529013066,0.8670894465220931,0.8968610580712494],[0.9526655337272514,0.9424760416955262,0.9414223379334469,0.954947151473015,0.9372547833655503,0.9314222805504776,-0.9059443595125009,0.9213725287286545,0.9115692535820659,0.9534844634679144,0.926655587390523,0.9400324184887422,0.9183526915095014,0.9131958436364009,0.9237466948578473,0.9230591594214387,0.9242323207040993,0.9157180592169888,0.7999025959693721,0.8791598028123083,0.6797721055310916,0.947316656817674,0.916089889476558,0.32269699250970657,-0.3032887771572681,0.8029473042866622,1.0,0.9210671923340988,0.928414032930351,0.9127420381153284,0.9346651319399275,0.9137043258238294,0.8805083944145583,0.9419514551396928,0.9140144309560195,0.8899833785753719],[0.9581027752529996,0.9573135818287848,0.97981933012708,0.9641237357996212,0.9747235664900287,0.962198210467826,-0.9609045819522941,0.9412036606156304,0.9630360373422933,0.9626336853695064,0.9692831771491829,0.9594388764917179,0.9780214975984544,0.9769058785751271,0.968593181758256,0.9591051208514064,0.9674463991325033,0.9412829533305488,0.8516412266172094,0.8074420676448513,0.6206312307902471,0.9718089929352874,0.894568675442779,0.18926086544951032,-0.17991434660656544,0.883443890142335,0.9210671923340988,1.0,0.907608352220468,0.8895879905037959,0.942552100810658,0.8900881811912571,0.8856568653544616,0.9479694722986711,0.9726993487533206,0.8875918670909362],[0.9801300903074835,0.9595067266099753,0.9290824808840498,0.9701588021509524,0.9059528884642516,0.9594826344048144,-0.9038248794423289,0.978825306501062,0.9365685506014396,0.9698896867897845,0.9616108278834937,0.9647026214475416,0.9463507097159232,0.9399699128626774,0.961896925793446,0.9629459735156846,0.9753660808761028,0.9793314404013742,0.8886202084009817,0.9585298981519489,0.7809319270282995,0.9388336263146015,0.899722929603545,0.48254161623712355,-0.3881161087640083,0.8156101982704184,0.928414032930351,0.907608352220468,1.0,0.9860057667122599,0.9640279543236587,0.9902174730054292,0.9520719308729744,0.9599888675634743,0.9145718177756428,0.9675217757767494],[0.9661642507557462,0.9530864593338924,0.9154956514518624,0.9627573760588748,0.8995980099374657,0.9324764480887348,-0.8683663505165526,0.9554583334580644,0.9023304056573036,0.9619835236121517,0.9456784003296623,0.9540339708502544,0.912800056373516,0.8985783468178095,0.9462113234104622,0.9297379896395185,0.9510753350715068,0.954928110686144,0.8538373860596239,0.9364263586150945,0.7126143881215574,0.9456016582281875,0.855560605737155,0.47605566747901373,-0.3771314492190821,0.8609120028611391,0.9127420381153284,0.8895879905037959,0.9860057667122599,1.0,0.9518055762582015,0.983678674736622,0.9550787191948731,0.9388835901424206,0.9224785472201663,0.9623888559444911],[0.9769397765062946,0.9672249725765407,0.9673198597907027,0.979609626680946,0.9603123726343016,0.9545756359699574,-0.9318913008264461,0.9683613128320019,0.9592745375695166,0.9785262197676358,0.9691774357273848,0.9749164070790005,0.9520784962753774,0.9442905180484162,0.9692271158837872,0.9511131510066821,0.9667423785244904,0.966806338952589,0.8554530316371168,0.9005597971880811,0.6439410917732262,0.9720475331009877,0.9296336947973395,0.33078122438696633,-0.32224127916107026,0.8268647410892951,0.9346651319399275,0.942552100810658,0.9640279543236587,0.9518055762582015,1.0,0.9531059452588593,0.9148643792186919,0.9767453530898967,0.9595882036863485,0.9413303162464637],[0.9728346710918531,0.9582000217402965,0.920611480238789,0.9624353107380244,0.8967623538385089,0.9541535433271705,-0.8962962834051276,0.964793136658846,0.9209229283776346,0.9618288459624053,0.9424056768295284,0.9533234067948907,0.9195598245749319,0.9186976038869148,0.9430047746356164,0.9552718142671811,0.9584579955371216,0.9634337480004163,0.8669298678286331,0.9455212233890031,0.7499529917899999,0.940289821975444,0.8717804461932425,0.49864413210562086,-0.3453198586030648,0.8689641316333755,0.9137043258238294,0.8900881811912571,0.9902174730054292,0.983678674736622,0.9531059452588593,1.0,0.9736205487372844,0.9455294367520211,0.9383491645628199,0.9632160041550925],[0.9448809960950526,0.9433611500123783,0.9022649061914303,0.9322677186688599,0.8725601182356904,0.9547174340293961,-0.9091751249530748,0.9371783570919388,0.9047354048930006,0.9307970166131543,0.9143804989554398,0.9292498719814952,0.8860047456482278,0.8650555361353338,0.9147029833639853,0.9540638795556392,0.940422743340528,0.9370195598372856,0.8528956517775053,0.8974144405042966,0.7585720404774409,0.906549282061319,0.8418367251887802,0.41879229830474984,-0.20668109955764266,0.8644941819110366,0.8805083944145583,0.8856568653544616,0.9520719308729744,0.9550787191948731,0.9148643792186919,0.9736205487372844,1.0,0.9072636258350454,0.9315913216987046,0.9541325865185798],[0.9812802697180936,0.970903761266287,0.9669157894628466,0.9790370873592328,0.954225066587079,0.9598667018054675,-0.9313272735849497,0.9616184049928694,0.9494426879176979,0.9781965653520898,0.9679736126959654,0.9742512114478061,0.9663226099670101,0.9680473222687728,0.9679211508605199,0.9621698550089873,0.9736840887119549,0.9609640880350349,0.8532522763234333,0.9003078676167144,0.6815645356781915,0.9691740239565343,0.9253846069278463,0.35609591106232574,-0.3478491955984709,0.857997529013066,0.9419514551396928,0.9479694722986711,0.9599888675634743,0.9388835901424206,0.9767453530898967,0.9455294367520211,0.9072636258350454,1.0,0.9564514419095196,0.941604006533275],[0.9726735919779985,0.9632760430918617,0.9745727695142123,0.9713539776719755,0.9609903127052142,0.9779585296146969,-0.9667212596495655,0.959666552616174,0.9717002828673458,0.9700617684877518,0.9817335805210868,0.9700193717566966,0.9807168510598538,0.979148884036687,0.9816496172741599,0.977343047463316,0.985982859778149,0.9577064405913119,0.8759064698742295,0.8493474726718686,0.6463397255447235,0.9571733648148913,0.8744369948511572,0.27668940537669945,-0.18210085649797653,0.8670894465220931,0.9140144309560195,0.9726993487533206,0.9145718177756428,0.9224785472201663,0.9595882036863485,0.9383491645628199,0.9315913216987046,0.9564514419095196,1.0,0.9190510622835336],[0.9547046306030066,0.9492046589036115,0.9206067431342565,0.9450622991218819,0.893846796710957,0.955994847214018,-0.9108352112287184,0.9660154206088256,0.9247463615919388,0.9433878725634487,0.9398585595472755,0.9491550020183125,0.9329627562917522,0.925598089684194,0.9403477753653131,0.9606084529451165,0.9629226906166066,0.9672420126412079,0.8928318845729507,0.883216468531605,0.6936889174414204,0.9257661880632873,0.8510014354191737,0.39240582882954766,-0.31751607877484567,0.8968610580712494,0.8899833785753719,0.8875918670909362,0.9675217757767494,0.9623888559444911,0.9413303162464637,0.9632160041550925,0.9541325865185798,0.941604006533275,0.9190510622835336,1.0]],"x":["^TAIEX       \u81fa\u7063\u52a0\u6b0a\u5831\u916c\u6307\u6578","^TWII        \u81fa\u7063\u52a0\u6b0a\u6307\u6578","^TAIEXx2     \u81fa\u7063\u52a0\u6b0a\u5831\u916c\u6307\u6578_\u65e5\u6b632","^TAI50I      \u81fa\u706350\u5831\u916c\u6307\u6578","^TAI50Ix2    \u81fa\u706350\u5831\u916c\u6307\u6578_\u65e5\u6b632","^TAI100I     \u81fa\u7063\u4e2d\u578b100\u5831\u916c\u6307\u6578","^TAI100Ix2   \u81fa\u7063\u4e2d\u578b100\u5831\u916c\u6307\u6578_\u65e5\u6b632","^TAIDIVIDI   \u81fa\u7063\u9ad8\u80a1\u606f\u5831\u916c\u6307\u6578","^TAIDIVIDIx2 \u81fa\u7063\u9ad8\u80a1\u606f\u5831\u916c\u6307\u6578_\u65e5\u6b632","0050Fund     \u5143\u5927\u53f0\u7063\u5353\u8d8a50\u57fa\u91d1","006208Fund   \u5bcc\u90a6\u53f0\u7063\u91c6\u540950\u57fa\u91d1","0050         \u5143\u5927\u81fa\u706350","00631L       \u5143\u5927\u53f0\u706350\u6b632","00675L       \u5bcc\u90a6\u81fa\u7063\u52a0\u6b0a\u6b632","006208       \u5bcc\u90a6\u53f050","0051         \u5143\u5927\u4e2d\u578b100","006204       \u6c38\u8c50\u81fa\u7063\u52a0\u6b0a","0056         \u5143\u5927\u9ad8\u80a1\u606f","0056         \u5143\u5927\u9ad8\u80a1\u606f_\u80a1\u606f\u4e0d\u6295\u5165","2412         \u4e2d\u83ef\u96fb\u4fe1","2002         \u4e2d\u92fc","2330         \u53f0\u7a4d\u96fb","2317         \u9d3b\u6d77","6505         \u53f0\u5851\u77f3\u5316","3481         \u7fa4\u5275","2303         \u806f\u96fb","2308         \u53f0\u9054\u96fb","2454         \u806f\u767c\u79d1","2886         \u5146\u8c50\u91d1","2884         \u7389\u5c71\u91d1","2891         \u4e2d\u4fe1\u91d1","2892         \u7b2c\u4e00\u91d1","5880         \u5408\u5eab\u91d1","2881         \u5bcc\u90a6\u91d1","2885         \u5143\u5927\u91d1","2887         \u53f0\u65b0\u91d1"],"y":["^TAIEX       \u81fa\u7063\u52a0\u6b0a\u5831\u916c\u6307\u6578","^TWII        \u81fa\u7063\u52a0\u6b0a\u6307\u6578","^TAIEXx2     \u81fa\u7063\u52a0\u6b0a\u5831\u916c\u6307\u6578_\u65e5\u6b632","^TAI50I      \u81fa\u706350\u5831\u916c\u6307\u6578","^TAI50Ix2    \u81fa\u706350\u5831\u916c\u6307\u6578_\u65e5\u6b632","^TAI100I     \u81fa\u7063\u4e2d\u578b100\u5831\u916c\u6307\u6578","^TAI100Ix2   \u81fa\u7063\u4e2d\u578b100\u5831\u916c\u6307\u6578_\u65e5\u6b632","^TAIDIVIDI   \u81fa\u7063\u9ad8\u80a1\u606f\u5831\u916c\u6307\u6578","^TAIDIVIDIx2 \u81fa\u7063\u9ad8\u80a1\u606f\u5831\u916c\u6307\u6578_\u65e5\u6b632","0050Fund     \u5143\u5927\u53f0\u7063\u5353\u8d8a50\u57fa\u91d1","006208Fund   \u5bcc\u90a6\u53f0\u7063\u91c6\u540950\u57fa\u91d1","0050         \u5143\u5927\u81fa\u706350","00631L       \u5143\u5927\u53f0\u706350\u6b632","00675L       \u5bcc\u90a6\u81fa\u7063\u52a0\u6b0a\u6b632","006208       \u5bcc\u90a6\u53f050","0051         \u5143\u5927\u4e2d\u578b100","006204       \u6c38\u8c50\u81fa\u7063\u52a0\u6b0a","0056         \u5143\u5927\u9ad8\u80a1\u606f","0056         \u5143\u5927\u9ad8\u80a1\u606f_\u80a1\u606f\u4e0d\u6295\u5165","2412         \u4e2d\u83ef\u96fb\u4fe1","2002         \u4e2d\u92fc","2330         \u53f0\u7a4d\u96fb","2317         \u9d3b\u6d77","6505         \u53f0\u5851\u77f3\u5316","3481         \u7fa4\u5275","2303         \u806f\u96fb","2308         \u53f0\u9054\u96fb","2454         \u806f\u767c\u79d1","2886         \u5146\u8c50\u91d1","2884         \u7389\u5c71\u91d1","2891         \u4e2d\u4fe1\u91d1","2892         \u7b2c\u4e00\u91d1","5880         \u5408\u5eab\u91d1","2881         \u5bcc\u90a6\u91d1","2885         \u5143\u5927\u91d1","2887         \u53f0\u65b0\u91d1"],"zmin":-1,"zmax":1,"colorbar":{"x":-0.2}}],"layout":{"autotypenumbers":"strict","colorway":["#636efa","#EF553B","#00cc96","#ab63fa","#FFA15A","#19d3f3","#FF6692","#B6E880","#FF97FF","#FECB52"],"font":{"color":"#f2f5fa","family":"Courier New"},"hovermode":"closest","hoverlabel":{"align":"left"},"paper_bgcolor":"rgb(17,17,17)","plot_bgcolor":"rgb(17,17,17)","polar":{"bgcolor":"rgb(17,17,17)","angularaxis":{"gridcolor":"#506784","linecolor":"#506784","ticks":""},"radialaxis":{"gridcolor":"#506784","linecolor":"#506784","ticks":""}},"ternary":{"bgcolor":"rgb(17,17,17)","aaxis":{"gridcolor":"#506784","linecolor":"#506784","ticks":""},"baxis":{"gridcolor":"#506784","linecolor":"#506784","ticks":""},"caxis":{"gridcolor":"#506784","linecolor":"#506784","ticks":""}},"coloraxis":{"colorbar":{"outlinewidth":0,"ticks":""}},"colorscale":{"sequential":[[0.0,"#0d0887"],[0.1111111111111111,"#46039f"],[0.2222222222222222,"#7201a8"],[0.3333333333333333,"#9c179e"],[0.4444444444444444,"#bd3786"],[0.5555555555555556,"#d8576b"],[0.6666666666666666,"#ed7953"],[0.7777777777777778,"#fb9f3a"],[0.8888888888888888,"#fdca26"],[1.0,"#f0f921"]],"sequentialminus":[[0.0,"#0d0887"],[0.1111111111111111,"#46039f"],[0.2222222222222222,"#7201a8"],[0.3333333333333333,"#9c179e"],[0.4444444444444444,"#bd3786"],[0.5555555555555556,"#d8576b"],[0.6666666666666666,"#ed7953"],[0.7777777777777778,"#fb9f3a"],[0.8888888888888888,"#fdca26"],[1.0,"#f0f921"]],"diverging":[[0,"#8e0152"],[0.1,"#c51b7d"],[0.2,"#de77ae"],[0.3,"#f1b6da"],[0.4,"#fde0ef"],[0.5,"#f7f7f7"],[0.6,"#e6f5d0"],[0.7,"#b8e186"],[0.8,"#7fbc41"],[0.9,"#4d9221"],[1,"#276419"]]},"xaxis":{"gridcolor":"rgba(0, 0, 0, 0)","linecolor":"#506784","ticks":"","title":{"standoff":15},"zerolinecolor":"#283442","automargin":true,"zerolinewidth":2,"tickfont":{"family":"Courier New","size":14},"side":"top","tickangle":-90},"yaxis":{"gridcolor":"rgba(0, 0, 0, 0)","linecolor":"#506784","ticks":"","title":{"standoff":15},"zerolinecolor":"#283442","automargin":true,"zerolinewidth":2,"tickfont":{"family":"Courier New"},"side":"right"},"scene":{"xaxis":{"backgroundcolor":"rgb(17,17,17)","gridcolor":"#506784","linecolor":"#506784","showbackground":true,"ticks":"","zerolinecolor":"#C8D4E3","gridwidth":2},"yaxis":{"backgroundcolor":"rgb(17,17,17)","gridcolor":"#506784","linecolor":"#506784","showbackground":true,"ticks":"","zerolinecolor":"#C8D4E3","gridwidth":2},"zaxis":{"backgroundcolor":"rgb(17,17,17)","gridcolor":"#506784","linecolor":"#506784","showbackground":true,"ticks":"","zerolinecolor":"#C8D4E3","gridwidth":2}},"shapedefaults":{"line":{"color":"#f2f5fa"}},"annotationdefaults":{"arrowcolor":"#f2f5fa","arrowhead":0,"arrowwidth":1},"geo":{"bgcolor":"rgb(17,17,17)","landcolor":"rgb(17,17,17)","subunitcolor":"#506784","showland":true,"showlakes":true,"lakecolor":"rgb(17,17,17)"},"title":{"x":0.05,"font":{"family":"Times New Roman"},"y":0.05,"text":"<b>Correlation of Adj Close<b><br><i>2016-09-23 ~ 2025-10-03<i>"},"updatemenudefaults":{"bgcolor":"#506784","borderwidth":0},"sliderdefaults":{"bgcolor":"#C8D4E3","borderwidth":1,"bordercolor":"rgb(17,17,17)","tickwidth":0},"mapbox":{"style":"dark"},"annotations":[{"text":"<b>@zwindr<b>","textangle":0,"opacity":0.5,"font":{"color":"white","size":12},"xref":"paper","yref":"paper","xanchor":"left","yanchor":"bottom","x":1.0,"y":1.0,"showarrow":false}]},"config":{"responsive":true,"toImageButtonOptions":{"filename":"Correlation of Adj Close_2016-09-23~2025-10-03","scale":5}}};Plotly.newPlot("correlationAdjClose",correlationAdjClose.data,correlationAdjClose.layout||{},correlationAdjClose.config);}else{console.log("style display is none => correlationAdjClose");}