var config = { responsive: true }

var correlationAdjClose = {"data": [{"type": "heatmap", "z": [[1.0, 0.9938330062887835, 0.976464823806856, 0.9977367755226791, 0.9648593460468208, 0.981001956471172, -0.9412582353094281, 0.9897720781262962, 0.9691129742225616, 0.9978111227548544, 0.9930005308229684, 0.993766864147043, 0.9972683663335252, 0.9836957977743119, 0.9996563103536753, 0.989831571149235, 0.9192645518334461, 0.7485436165333842, 0.9854959845226637, 0.9187395872695496, 0.46036433556039547, -0.302625108188147, 0.9006024967194317, 0.9742433369179001, 0.9533969964331866], [0.9938330062887835, 1.0, 0.9718646850849213, 0.991315336538271, 0.9605315937148766, 0.9762584603942264, -0.9364891215640885, 0.9803470736455955, 0.9620349438993703, 0.9933513357836317, 0.9920719224533682, 0.991278596042238, 0.9952511030740243, 0.977395735999071, 0.9965693850903677, 0.9832028601777925, 0.9080597085659334, 0.7577645728494565, 0.966784399809772, 0.8978937649516338, 0.4582611946265121, -0.22562341040946185, 0.8738096234483738, 0.9617366688921952, 0.9532795825476641], [0.976464823806856, 0.9718646850849213, 1.0, 0.9823859597282055, 0.996219066473964, 0.9790723675615618, -0.9754136070431381, 0.9698217230955248, 0.9836059321318155, 0.9844747994528169, 0.997179946592263, 0.9970335039229332, 0.9886875146882395, 0.9778852618112392, 0.9875153534728834, 0.9697694656669852, 0.8250812903850696, 0.6392373335932701, 0.9898169916739739, 0.9091211302645508, 0.2952839230990746, -0.22454274417240883, 0.9078356926550338, 0.9416313267209449, 0.9786311148284809], [0.9977367755226791, 0.991315336538271, 0.9823859597282055, 1.0, 0.9760746642482108, 0.9733232714094601, -0.9359837680675616, 0.9842887868940625, 0.9665185215732786, 0.9999549336997517, 0.9915029949359739, 0.9897041068342521, 0.9999443711056369, 0.9734459193087301, 0.9961086519189288, 0.9842106186509176, 0.9057794831180026, 0.7197895462223819, 0.9932031186952941, 0.9201640640760317, 0.4380529387353427, -0.29427083009289007, 0.899536669476121, 0.9683826213570722, 0.9594508699991706], [0.9648593460468208, 0.9605315937148766, 0.996219066473964, 0.9760746642482108, 1.0, 0.9592782486706669, -0.9572679112597455, 0.9554251762551896, 0.9717208834379946, 0.9802510805604469, 0.987331516663044, 0.9837177193147261, 0.9851174621390008, 0.9571581532587171, 0.9761441033273762, 0.9553343354117249, 0.8053972736757433, 0.6056603906576924, 0.9891825686132136, 0.9056697258770112, 0.2732879096517244, -0.217934036261112, 0.8907999967703398, 0.9269383974309751, 0.9764867914837043], [0.981001956471172, 0.9762584603942264, 0.9790723675615618, 0.9733232714094601, 0.9592782486706669, 1.0, -0.9802804089474028, 0.9800058171509282, 0.9793689832956228, 0.9720482875511125, 0.9767309251008188, 0.9746995062839641, 0.9687592545631707, 0.999909888911359, 0.985879920073412, 0.981131302608872, 0.8587735386454413, 0.7148692697798639, 0.9672453283358512, 0.888635981951967, 0.3245418755344787, -0.21284339431079924, 0.9364254459111259, 0.9567471948289735, 0.9590256246777744], [-0.9412582353094281, -0.9364891215640885, -0.9754136070431381, -0.9359837680675616, -0.9572679112597455, -0.9802804089474028, 1.0, -0.9503449739480501, -0.9829523610811829, -0.9411123624365367, -0.9735605978169192, -0.9754379587075814, -0.9478659160360112, -0.9835500775298882, -0.9635614716378277, -0.9534592286170083, -0.7696040103944513, -0.6124395454269969, -0.9417331516982717, -0.8785287420198816, -0.18083827421719564, 0.14629829468975564, -0.9043304282916769, -0.9121145831161778, -0.9563605525492093], [0.9897720781262962, 0.9803470736455955, 0.9698217230955248, 0.9842887868940625, 0.9554251762551896, 0.9800058171509282, -0.9503449739480501, 1.0, 0.9819949102103692, 0.9836067222953148, 0.9752680843806855, 0.9741690767967567, 0.9798013992658452, 0.9820261903531413, 0.9873040389446645, 0.9998689773739555, 0.9216436039347933, 0.6844420980623865, 0.9740019170610937, 0.8921918761245478, 0.32175644259477143, -0.31057529201103135, 0.9049601141111131, 0.9556800245808302, 0.9362196460901914], [0.9691129742225616, 0.9620349438993703, 0.9836059321318155, 0.9665185215732786, 0.9717208834379946, 0.9793689832956228, -0.9829523610811829, 0.9819949102103692, 1.0, 0.9652160434137255, 0.9721219291401528, 0.969111720092287, 0.9624588336313864, 0.9785420851521907, 0.9691840749399253, 0.9813209745361402, 0.8466598288798065, 0.6095771317333006, 0.9668047058791859, 0.9031730527865018, 0.17820086797973297, -0.22831568129015412, 0.886502981656653, 0.931384063321192, 0.9588669740189834], [0.9978111227548544, 0.9933513357836317, 0.9844747994528169, 0.9999549336997517, 0.9802510805604469, 0.9720482875511125, -0.9411123624365367, 0.9836067222953148, 0.9652160434137255, 1.0, 0.9912430671429348, 0.9893436774816725, 0.9999607874010153, 0.9725826093279322, 0.9958515180073044, 0.984036036823204, 0.9213612896575277, 0.6876286831714861, 0.9953154463010635, 0.9172884590328919, 0.2632505669792532, -0.25785345595747167, 0.9268331231059875, 0.962864894707849, 0.9543376327275208], [0.9930005308229684, 0.9920719224533682, 0.997179946592263, 0.9915029949359739, 0.987331516663044, 0.9767309251008188, -0.9735605978169192, 0.9752680843806855, 0.9721219291401528, 0.9912430671429348, 1.0, 0.999671209483181, 0.9913682849977966, 0.977709191645563, 0.9933486765745708, 0.9767321790379592, 0.9086412063139688, 0.589355103702081, 0.9864019766364205, 0.887928926406514, -0.2924479986486982, 0.4738098230567707, 0.908300239572013, 0.9535866738100693, 0.9769806000956848], [0.993766864147043, 0.991278596042238, 0.9970335039229332, 0.9897041068342521, 0.9837177193147261, 0.9746995062839641, -0.9754379587075814, 0.9741690767967567, 0.969111720092287, 0.9893436774816725, 0.999671209483181, 1.0, 0.9896082588139394, 0.9757738401438183, 0.9939177429943667, 0.9758958300825534, 0.9162257954356064, 0.4742344529354237, 0.9812657820826745, 0.876332636632144, -0.6953824708420894, 0.453676203419962, 0.8816105886823292, 0.9504048911589342, 0.9763017535179335], [0.9972683663335252, 0.9952511030740243, 0.9886875146882395, 0.9999443711056369, 0.9851174621390008, 0.9687592545631707, -0.9478659160360112, 0.9798013992658452, 0.9624588336313864, 0.9999607874010153, 0.9913682849977966, 0.9896082588139394, 1.0, 0.9694931219710128, 0.9956660534092588, 0.9809471834657699, 0.9288474227718047, 0.6480415939025629, 0.9968063998098454, 0.8958068458628712, 0.0005167154188883545, 0.4468669208000029, 0.9183057499858033, 0.9514322478115509, 0.9649829207270051], [0.9836957977743119, 0.977395735999071, 0.9778852618112392, 0.9734459193087301, 0.9571581532587171, 0.999909888911359, -0.9835500775298882, 0.9820261903531413, 0.9785420851521907, 0.9725826093279322, 0.977709191645563, 0.9757738401438183, 0.9694931219710128, 1.0, 0.986430637352132, 0.9813016270565406, 0.8826580241365843, 0.7163641056799491, 0.9660610829918101, 0.8842971139492325, 0.19815789210057605, -0.19065132517067157, 0.9451425569851007, 0.9594948919051332, 0.9559725157146558], [0.9996563103536753, 0.9965693850903677, 0.9875153534728834, 0.9961086519189288, 0.9761441033273762, 0.985879920073412, -0.9635614716378277, 0.9873040389446645, 0.9691840749399253, 0.9958515180073044, 0.9933486765745708, 0.9939177429943667, 0.9956660534092588, 0.986430637352132, 1.0, 0.9882376051759986, 0.9345564933134485, 0.6874090715263992, 0.9890576708242241, 0.8930990307269758, 0.04913812559127546, 0.4635722098710019, 0.9365075497908669, 0.9612082867461905, 0.9634485823203753], [0.989831571149235, 0.9832028601777925, 0.9697694656669852, 0.9842106186509176, 0.9553343354117249, 0.981131302608872, -0.9534592286170083, 0.9998689773739555, 0.9813209745361402, 0.984036036823204, 0.9767321790379592, 0.9758958300825534, 0.9809471834657699, 0.9813016270565406, 0.9882376051759986, 1.0, 0.9280089638466292, 0.6830825206415976, 0.9730929821892605, 0.8974684659024591, 0.2887160684976224, -0.29096385545213377, 0.9105597011491031, 0.9546440052813574, 0.9363822922831029], [0.9192645518334461, 0.9080597085659334, 0.8250812903850696, 0.9057794831180026, 0.8053972736757433, 0.8587735386454413, -0.7696040103944513, 0.9216436039347933, 0.8466598288798065, 0.9213612896575277, 0.9086412063139688, 0.9162257954356064, 0.9288474227718047, 0.8826580241365843, 0.9345564933134485, 0.9280089638466292, 1.0, 0.8448890814024801, 0.8571053352696839, 0.8707508033470364, 0.704365830112903, -0.5338777817002981, 0.6924878953937447, 0.9170213700627509, 0.7972197778155488], [0.7485436165333842, 0.7577645728494565, 0.6392373335932701, 0.7197895462223819, 0.6056603906576924, 0.7148692697798639, -0.6124395454269969, 0.6844420980623865, 0.6095771317333006, 0.6876286831714861, 0.589355103702081, 0.4742344529354237, 0.6480415939025629, 0.7163641056799491, 0.6874090715263992, 0.6830825206415976, 0.8448890814024801, 1.0, 0.6414133142008008, 0.752719186211629, 0.7334362812273676, -0.11647401662264989, 0.5383113766728002, 0.7621331755481358, 0.6457398099480621], [0.9854959845226637, 0.966784399809772, 0.9898169916739739, 0.9932031186952941, 0.9891825686132136, 0.9672453283358512, -0.9417331516982717, 0.9740019170610937, 0.9668047058791859, 0.9953154463010635, 0.9864019766364205, 0.9812657820826745, 0.9968063998098454, 0.9660610829918101, 0.9890576708242241, 0.9730929821892605, 0.8571053352696839, 0.6414133142008008, 1.0, 0.8907917142597112, 0.3648055317787131, -0.28845041384736114, 0.8870021513017594, 0.9507303955177331, 0.9688235128816011], [0.9187395872695496, 0.8978937649516338, 0.9091211302645508, 0.9201640640760317, 0.9056697258770112, 0.888635981951967, -0.8785287420198816, 0.8921918761245478, 0.9031730527865018, 0.9172884590328919, 0.887928926406514, 0.876332636632144, 0.8958068458628712, 0.8842971139492325, 0.8930990307269758, 0.8974684659024591, 0.8707508033470364, 0.752719186211629, 0.8907917142597112, 1.0, 0.40862799773151504, -0.18519003582590557, 0.6941823756776085, 0.9158952731385962, 0.8808356646335548], [0.46036433556039547, 0.4582611946265121, 0.2952839230990746, 0.4380529387353427, 0.2732879096517244, 0.3245418755344787, -0.18083827421719564, 0.32175644259477143, 0.17820086797973297, 0.2632505669792532, -0.2924479986486982, -0.6953824708420894, 0.0005167154188883545, 0.19815789210057605, 0.04913812559127546, 0.2887160684976224, 0.704365830112903, 0.7334362812273676, 0.3648055317787131, 0.40862799773151504, 1.0, -0.4004499517291851, 0.3030592582783283, 0.4449837205301635, 0.2410790914321161], [-0.302625108188147, -0.22562341040946185, -0.22454274417240883, -0.29427083009289007, -0.217934036261112, -0.21284339431079924, 0.14629829468975564, -0.31057529201103135, -0.22831568129015412, -0.25785345595747167, 0.4738098230567707, 0.453676203419962, 0.4468669208000029, -0.19065132517067157, 0.4635722098710019, -0.29096385545213377, -0.5338777817002981, -0.11647401662264989, -0.28845041384736114, -0.18519003582590557, -0.4004499517291851, 1.0, -0.14488036798841825, -0.3333660063635966, -0.17235108163995427], [0.9006024967194317, 0.8738096234483738, 0.9078356926550338, 0.899536669476121, 0.8907999967703398, 0.9364254459111259, -0.9043304282916769, 0.9049601141111131, 0.886502981656653, 0.9268331231059875, 0.908300239572013, 0.8816105886823292, 0.9183057499858033, 0.9451425569851007, 0.9365075497908669, 0.9105597011491031, 0.6924878953937447, 0.5383113766728002, 0.8870021513017594, 0.6941823756776085, 0.3030592582783283, -0.14488036798841825, 1.0, 0.8355196299992577, 0.8859667222808268], [0.9742433369179001, 0.9617366688921952, 0.9416313267209449, 0.9683826213570722, 0.9269383974309751, 0.9567471948289735, -0.9121145831161778, 0.9556800245808302, 0.931384063321192, 0.962864894707849, 0.9535866738100693, 0.9504048911589342, 0.9514322478115509, 0.9594948919051332, 0.9612082867461905, 0.9546440052813574, 0.9170213700627509, 0.7621331755481358, 0.9507303955177331, 0.9158952731385962, 0.4449837205301635, -0.3333660063635966, 0.8355196299992577, 1.0, 0.9304979842000014], [0.9533969964331866, 0.9532795825476641, 0.9786311148284809, 0.9594508699991706, 0.9764867914837043, 0.9590256246777744, -0.9563605525492093, 0.9362196460901914, 0.9588669740189834, 0.9543376327275208, 0.9769806000956848, 0.9763017535179335, 0.9649829207270051, 0.9559725157146558, 0.9634485823203753, 0.9363822922831029, 0.7972197778155488, 0.6457398099480621, 0.9688235128816011, 0.8808356646335548, 0.2410790914321161, -0.17235108163995427, 0.8859667222808268, 0.9304979842000014, 1.0]], "x": ["^TAIEX       \u81fa\u7063\u52a0\u6b0a\u5831\u916c\u6307\u6578", "^TWII        \u81fa\u7063\u52a0\u6b0a\u6307\u6578", "^TAIEXx2     \u81fa\u7063\u52a0\u6b0a\u5831\u916c\u6307\u6578_\u65e5\u6b632", "^TAI50I      \u81fa\u706350\u5831\u916c\u6307\u6578", "^TAI50Ix2    \u81fa\u706350\u5831\u916c\u6307\u6578_\u65e5\u6b632", "^TAI100I     \u81fa\u7063\u4e2d\u578b100\u5831\u916c\u6307\u6578", "^TAI100Ix2   \u81fa\u7063\u4e2d\u578b100\u5831\u916c\u6307\u6578_\u65e5\u6b632", "^TAIDIVIDI   \u81fa\u7063\u9ad8\u80a1\u606f\u5831\u916c\u6307\u6578", "^TAIDIVIDIx2 \u81fa\u7063\u9ad8\u80a1\u606f\u5831\u916c\u6307\u6578_\u65e5\u6b632", "0050         \u5143\u5927\u81fa\u706350", "00631L       \u5143\u5927\u53f0\u706350\u6b632", "00675L       \u5bcc\u90a6\u81fa\u7063\u52a0\u6b0a\u6b632", "006208       \u5bcc\u90a6\u53f050", "0051         \u5143\u5927\u4e2d\u578b100", "006204       \u6c38\u8c50\u81fa\u7063\u52a0\u6b0a", "0056         \u5143\u5927\u9ad8\u80a1\u606f", "2412         \u4e2d\u83ef\u96fb\u4fe1", "2002         \u4e2d\u92fc", "2330         \u53f0\u7a4d\u96fb", "2317         \u9d3b\u6d77", "6505         \u53f0\u5851\u77f3\u5316", "3481         \u7fa4\u5275", "2303         \u806f\u96fb", "2308         \u53f0\u9054\u96fb", "2454         \u806f\u767c\u79d1"], "y": ["^TAIEX       \u81fa\u7063\u52a0\u6b0a\u5831\u916c\u6307\u6578", "^TWII        \u81fa\u7063\u52a0\u6b0a\u6307\u6578", "^TAIEXx2     \u81fa\u7063\u52a0\u6b0a\u5831\u916c\u6307\u6578_\u65e5\u6b632", "^TAI50I      \u81fa\u706350\u5831\u916c\u6307\u6578", "^TAI50Ix2    \u81fa\u706350\u5831\u916c\u6307\u6578_\u65e5\u6b632", "^TAI100I     \u81fa\u7063\u4e2d\u578b100\u5831\u916c\u6307\u6578", "^TAI100Ix2   \u81fa\u7063\u4e2d\u578b100\u5831\u916c\u6307\u6578_\u65e5\u6b632", "^TAIDIVIDI   \u81fa\u7063\u9ad8\u80a1\u606f\u5831\u916c\u6307\u6578", "^TAIDIVIDIx2 \u81fa\u7063\u9ad8\u80a1\u606f\u5831\u916c\u6307\u6578_\u65e5\u6b632", "0050         \u5143\u5927\u81fa\u706350", "00631L       \u5143\u5927\u53f0\u706350\u6b632", "00675L       \u5bcc\u90a6\u81fa\u7063\u52a0\u6b0a\u6b632", "006208       \u5bcc\u90a6\u53f050", "0051         \u5143\u5927\u4e2d\u578b100", "006204       \u6c38\u8c50\u81fa\u7063\u52a0\u6b0a", "0056         \u5143\u5927\u9ad8\u80a1\u606f", "2412         \u4e2d\u83ef\u96fb\u4fe1", "2002         \u4e2d\u92fc", "2330         \u53f0\u7a4d\u96fb", "2317         \u9d3b\u6d77", "6505         \u53f0\u5851\u77f3\u5316", "3481         \u7fa4\u5275", "2303         \u806f\u96fb", "2308         \u53f0\u9054\u96fb", "2454         \u806f\u767c\u79d1"], "zmin": -1, "zmax": 1, "colorbar": {"x": -0.2}}], "layout": {"autotypenumbers": "strict", "colorway": ["#636efa", "#EF553B", "#00cc96", "#ab63fa", "#FFA15A", "#19d3f3", "#FF6692", "#B6E880", "#FF97FF", "#FECB52"], "font": {"color": "#f2f5fa", "family": "Courier New"}, "hovermode": "closest", "hoverlabel": {"align": "left"}, "paper_bgcolor": "rgb(17,17,17)", "plot_bgcolor": "rgb(17,17,17)", "polar": {"bgcolor": "rgb(17,17,17)", "angularaxis": {"gridcolor": "#506784", "linecolor": "#506784", "ticks": ""}, "radialaxis": {"gridcolor": "#506784", "linecolor": "#506784", "ticks": ""}}, "ternary": {"bgcolor": "rgb(17,17,17)", "aaxis": {"gridcolor": "#506784", "linecolor": "#506784", "ticks": ""}, "baxis": {"gridcolor": "#506784", "linecolor": "#506784", "ticks": ""}, "caxis": {"gridcolor": "#506784", "linecolor": "#506784", "ticks": ""}}, "coloraxis": {"colorbar": {"outlinewidth": 0, "ticks": ""}}, "colorscale": {"sequential": [[0.0, "#0d0887"], [0.1111111111111111, "#46039f"], [0.2222222222222222, "#7201a8"], [0.3333333333333333, "#9c179e"], [0.4444444444444444, "#bd3786"], [0.5555555555555556, "#d8576b"], [0.6666666666666666, "#ed7953"], [0.7777777777777778, "#fb9f3a"], [0.8888888888888888, "#fdca26"], [1.0, "#f0f921"]], "sequentialminus": [[0.0, "#0d0887"], [0.1111111111111111, "#46039f"], [0.2222222222222222, "#7201a8"], [0.3333333333333333, "#9c179e"], [0.4444444444444444, "#bd3786"], [0.5555555555555556, "#d8576b"], [0.6666666666666666, "#ed7953"], [0.7777777777777778, "#fb9f3a"], [0.8888888888888888, "#fdca26"], [1.0, "#f0f921"]], "diverging": [[0, "#8e0152"], [0.1, "#c51b7d"], [0.2, "#de77ae"], [0.3, "#f1b6da"], [0.4, "#fde0ef"], [0.5, "#f7f7f7"], [0.6, "#e6f5d0"], [0.7, "#b8e186"], [0.8, "#7fbc41"], [0.9, "#4d9221"], [1, "#276419"]]}, "xaxis": {"gridcolor": "rgba(0, 0, 0, 0)", "linecolor": "#506784", "ticks": "", "title": {"standoff": 15}, "zerolinecolor": "#283442", "automargin": true, "zerolinewidth": 2, "tickfont": {"family": "Courier New", "size": 14}, "side": "top", "tickangle": -90}, "yaxis": {"gridcolor": "rgba(0, 0, 0, 0)", "linecolor": "#506784", "ticks": "", "title": {"standoff": 15}, "zerolinecolor": "#283442", "automargin": true, "zerolinewidth": 2, "tickfont": {"family": "Courier New"}, "side": "right"}, "scene": {"xaxis": {"backgroundcolor": "rgb(17,17,17)", "gridcolor": "#506784", "linecolor": "#506784", "showbackground": true, "ticks": "", "zerolinecolor": "#C8D4E3", "gridwidth": 2}, "yaxis": {"backgroundcolor": "rgb(17,17,17)", "gridcolor": "#506784", "linecolor": "#506784", "showbackground": true, "ticks": "", "zerolinecolor": "#C8D4E3", "gridwidth": 2}, "zaxis": {"backgroundcolor": "rgb(17,17,17)", "gridcolor": "#506784", "linecolor": "#506784", "showbackground": true, "ticks": "", "zerolinecolor": "#C8D4E3", "gridwidth": 2}}, "shapedefaults": {"line": {"color": "#f2f5fa"}}, "annotationdefaults": {"arrowcolor": "#f2f5fa", "arrowhead": 0, "arrowwidth": 1}, "geo": {"bgcolor": "rgb(17,17,17)", "landcolor": "rgb(17,17,17)", "subunitcolor": "#506784", "showland": true, "showlakes": true, "lakecolor": "rgb(17,17,17)"}, "title": {"x": 0.05, "font": {"family": "Times New Roman"}, "y": 0.05, "text": "<b>Correlation of Adj Close <b><br><i>2016/09/23 ~ 2025/07/03<i>"}, "updatemenudefaults": {"bgcolor": "#506784", "borderwidth": 0}, "sliderdefaults": {"bgcolor": "#C8D4E3", "borderwidth": 1, "bordercolor": "rgb(17,17,17)", "tickwidth": 0}, "mapbox": {"style": "dark"}, "height": 600}};

Plotly.newPlot("correlationAdjClose",
    correlationAdjClose.data,
    correlationAdjClose.layout || {},
    config);