var element=document.getElementById("correlationClose");if(element.style.display!='none'){var correlationClose={"data":[{"type":"heatmap","z":[[1.0,0.9999999999999982,1.0,0.9955336337363216,0.9955336337363216,0.9621795193935385,0.9621795193935385,0.8985455033642399,0.8985455033642399,0.8903880533134674,0.9949668012277328,0.9120545220176699,0.9928155298826258,0.9924608625309685,0.994950714613616,0.9722372877081528,0.9989084717866233,0.9254818416806742,0.7844087814704075,-0.09084250557672177,0.9770290331455798,0.07715169557125141,-0.02504347038928875,-0.25263441824348043,0.8223229299820051,0.9465828418909332,0.9071666118869061,0.9284559908395815,0.7728596163449614,0.4945280559334328,0.6168240688722304,0.6394507271501745,0.9296688418572651,0.8150615649851854,0.16961348345097277],[0.9999999999999982,1.0,0.9999999999999984,0.9954861139508723,0.9954861139508723,0.9615522275235869,0.9615522275235869,0.8997530003731322,0.8997530003731322,0.8909774668194748,0.9949458208035796,0.9114055722247643,0.9925607907587014,0.991902893034822,0.9949261863046784,0.9715466966801724,0.9989111238825408,0.9259365013102985,0.8045600003526175,0.11734491794076017,0.968176677869417,-0.09261447556142063,-0.01760741657148185,-0.252896199100193,0.6477510855161531,0.9465718814775449,0.8798133280734464,0.9229220036405567,0.7855289826058116,0.4859899649769226,0.6137212294008447,0.6666716078935213,0.9268199497054544,0.6636890167697466,0.16595307226330167],[1.0,0.9999999999999984,1.0,0.9955336337363216,0.9955336337363216,0.9621795193935385,0.9621795193935385,0.8985455033642399,0.8985455033642399,0.8903880533134674,0.9949668012277328,0.9120545220176699,0.9928155298826258,0.9924608625309685,0.994950714613616,0.9722372877081528,0.9989084717866233,0.9254818416806742,0.7844087814704075,-0.09084250557672177,0.9770290331455798,0.07715169557125141,-0.02504347038928875,-0.25263441824348043,0.8223229299820051,0.9465828418909332,0.9071666118869061,0.9284559908395815,0.7728596163449614,0.4945280559334328,0.6168240688722304,0.6394507271501745,0.9296688418572651,0.8150615649851854,0.16961348345097277],[0.9955336337363216,0.9954861139508723,0.9955336337363216,1.0,1.0,0.9491919025871784,0.9491919025871784,0.8843694189847048,0.8843694189847048,0.878669857820691,0.9994766758643395,0.9032940987956509,0.9886016792676731,0.9844882336088252,0.9994207870444907,0.9548258771256355,0.9948330218876152,0.9059570314224715,0.7634720835949554,-0.09691337575433058,0.9889480405690153,0.09789011413215168,-0.05723113617987676,-0.2558211916209407,0.8211784851587925,0.9410473936995505,0.9122565331218815,0.9176332573636582,0.7839987449754084,0.5217263520699829,0.6113700404720591,0.6133182146980063,0.9228736743545795,0.8049584509007113,0.18168156507861935],[0.9955336337363216,0.9954861139508723,0.9955336337363216,1.0,1.0,0.9491919025871784,0.9491919025871784,0.8843694189847048,0.8843694189847048,0.878669857820691,0.9994766758643395,0.9032940987956509,0.9886016792676731,0.9844882336088252,0.9994207870444907,0.9548258771256355,0.9948330218876152,0.9059570314224715,0.7634720835949554,-0.09691337575433058,0.9889480405690153,0.09789011413215168,-0.05723113617987676,-0.2558211916209407,0.8211784851587925,0.9410473936995505,0.9122565331218815,0.9176332573636582,0.7839987449754084,0.5217263520699829,0.6113700404720591,0.6133182146980063,0.9228736743545795,0.8049584509007113,0.18168156507861935],[0.9621795193935385,0.9615522275235869,0.9621795193935385,0.9491919025871784,0.9491919025871784,1.0,1.0,0.9249820296889875,0.9249820296889875,0.8669421365586851,0.9519851871002295,0.8824648972018244,0.9762311697536558,0.9748509219770061,0.9516826589934629,0.9990034649871009,0.9724571331762725,0.9194767788521055,0.6304505078824199,-0.03521128799243278,0.9337943401882308,0.2559639492066268,-0.22608592220584037,-0.10919448792792044,0.8929899378897,0.9056090064179226,0.9263891796021181,0.8967843349404192,0.7318606934245706,0.7137447102549312,0.7274942181964726,0.7148189508646842,0.8491222817571286,0.8490661727012273,0.4596211935210557],[0.9621795193935385,0.9615522275235869,0.9621795193935385,0.9491919025871784,0.9491919025871784,1.0,1.0,0.9249820296889875,0.9249820296889875,0.8669421365586851,0.9519851871002295,0.8824648972018244,0.9762311697536558,0.9748509219770061,0.9516826589934629,0.9990034649871009,0.9724571331762725,0.9194767788521055,0.6304505078824199,-0.03521128799243278,0.9337943401882308,0.2559639492066268,-0.22608592220584037,-0.10919448792792044,0.8929899378897,0.9056090064179226,0.9263891796021181,0.8967843349404192,0.7318606934245706,0.7137447102549312,0.7274942181964726,0.7148189508646842,0.8491222817571286,0.8490661727012273,0.4596211935210557],[0.8985455033642399,0.8997530003731322,0.8985455033642399,0.8843694189847048,0.8843694189847048,0.9249820296889875,0.9249820296889875,1.0,1.0,0.8486684415924505,0.9387016092794495,0.8481914369412129,0.9474146136438376,0.9425353176528272,0.9384042192236663,0.9258371877034428,0.941134394176593,0.9724329994422558,0.5665187229316698,0.08545374451904286,0.8421228723175674,0.5060970718972632,-0.25079372641048714,0.031562874852636806,0.7848384764563279,0.7993557328246934,0.8637893060267369,0.8438257818068375,0.7444329221124604,0.8697259691793328,0.7707833988635107,0.7198611234064726,0.7751166388190514,0.8366567905554074,0.7984420199606164],[0.8985455033642399,0.8997530003731322,0.8985455033642399,0.8843694189847048,0.8843694189847048,0.9249820296889875,0.9249820296889875,1.0,1.0,0.8486684415924505,0.9387016092794495,0.8481914369412129,0.9474146136438376,0.9425353176528272,0.9384042192236663,0.9258371877034428,0.941134394176593,0.9724329994422558,0.5665187229316698,0.08545374451904286,0.8421228723175674,0.5060970718972632,-0.25079372641048714,0.031562874852636806,0.7848384764563279,0.7993557328246934,0.8637893060267369,0.8438257818068375,0.7444329221124604,0.8697259691793328,0.7707833988635107,0.7198611234064726,0.7751166388190514,0.8366567905554074,0.7984420199606164],[0.8903880533134674,0.8909774668194748,0.8903880533134674,0.878669857820691,0.878669857820691,0.8669421365586851,0.8669421365586851,0.8486684415924505,0.8486684415924505,1.0,0.8730924102259825,0.9999757898890504,0.8498255186633878,0.8080835999108089,0.8745023541762152,0.8690819642813913,0.886709091198477,0.8772515600148056,0.7470133122769691,0.2387749895982881,0.8652159894291431,0.7223482743280578,-0.29034804656504676,0.3959716781559924,0.845885320598721,0.73571058453468,0.8435864980733326,0.8289672802056783,0.7207707933975617,0.7149255570268186,0.7939370785268375,0.7802493749213011,0.8070679328015784,0.8510298456382269,0.7642382298988286],[0.9949668012277328,0.9949458208035796,0.9949668012277328,0.9994766758643395,0.9994766758643395,0.9519851871002295,0.9519851871002295,0.9387016092794495,0.9387016092794495,0.8730924102259825,1.0,0.8728621942021757,0.9883030650639439,0.9846891664193199,0.9999155210123459,0.9523149673861269,0.9938992192964861,0.9228314277432146,0.8465129905601425,0.13896241861356698,0.9957363814379249,0.8554180556998362,-0.44139464800329603,0.3596297787972019,0.859005176835524,0.9130089395013995,0.9419828594303189,0.913390505858605,0.8078134752718309,0.8952940405070614,0.873101999568051,0.8115007991874541,0.8975534304770431,0.9426338659587373,0.7767637492204147],[0.9120545220176699,0.9114055722247643,0.9120545220176699,0.9032940987956509,0.9032940987956509,0.8824648972018244,0.8824648972018244,0.8481914369412129,0.8481914369412129,0.9999757898890504,0.8728621942021757,1.0,0.8472581103059211,0.8047497609661892,0.8723909725860312,0.8831501012996998,0.8911640867666365,0.8736484676454124,0.7004125275469176,0.006669551546535275,0.8878022856445174,0.5676817484958631,-0.21099140115548562,-0.23587338236251115,0.8555930060271167,0.7880010948670761,0.8262792099291224,0.8511270712659625,0.7671556108412859,0.7190858936399455,0.7692543259366014,0.7100668878468834,0.8443747859877572,0.7459536838771221,0.72605432769589],[0.9928155298826258,0.9925607907587014,0.9928155298826258,0.9886016792676731,0.9886016792676731,0.9762311697536558,0.9762311697536558,0.9474146136438376,0.9474146136438376,0.8498255186633878,0.9883030650639439,0.8472581103059211,1.0,0.9996974235800268,0.988266338704987,0.9744870536466319,0.9900628159153164,0.9185147897833026,0.8158507863617092,0.17631624169896756,0.9859422405084604,0.8790062414301174,-0.6225141972208516,0.43678138394236005,0.8393198858419305,0.9233682170749647,0.9583234980561232,0.908079725842659,0.7338261283604911,0.8955266881525021,0.8536094030891738,0.8024057160209543,0.8793517674019041,0.9628042436859016,0.8114944281870595],[0.9924608625309685,0.991902893034822,0.9924608625309685,0.9844882336088252,0.9844882336088252,0.9748509219770061,0.9748509219770061,0.9425353176528272,0.9425353176528272,0.8080835999108089,0.9846891664193199,0.8047497609661892,0.9996974235800268,1.0,0.9848232217750672,0.9720550440013651,0.9884231713231469,0.9055247331931708,0.8345242837234504,0.054784000998822,0.9803504117505525,0.8877874611996935,-0.8272790145563371,0.4826073991470557,0.7953112837484763,0.9283197211597686,0.9559946520579796,0.8947483732471073,0.652481844879517,0.9057407957114635,0.8409819982149591,0.7528743074661399,0.9112826293297496,0.9650118541594529,0.7793934046812722],[0.994950714613616,0.9949261863046784,0.994950714613616,0.9994207870444907,0.9994207870444907,0.9516826589934629,0.9516826589934629,0.9384042192236663,0.9384042192236663,0.8745023541762152,0.9999155210123459,0.8723909725860312,0.988266338704987,0.9848232217750672,1.0,0.9521847902508727,0.9939098071443337,0.9230498009665017,0.8476889183952188,0.13821268701119177,0.9956139319221006,0.8549614569268096,-0.43891851970835444,0.35872884478862244,0.8587447791980409,0.9107070864029996,0.9410129717690024,0.9138262858816191,0.8093182838302356,0.8948052616703622,0.8742054927808097,0.8123490426459995,0.8973729199264097,0.9424616268007837,0.7765856063929205],[0.9722372877081528,0.9715466966801724,0.9722372877081528,0.9548258771256355,0.9548258771256355,0.9990034649871009,0.9990034649871009,0.9258371877034428,0.9258371877034428,0.8690819642813913,0.9523149673861269,0.8831501012996998,0.9744870536466319,0.9720550440013651,0.9521847902508727,1.0,0.974030632393414,0.9191234220560438,0.6792908660983757,-0.016762697059490253,0.9442958496969639,0.5863634316692284,-0.3596830087220506,-0.16225413445550071,0.9055006279753295,0.9143927698001791,0.9218937307446997,0.9049124909356007,0.7717569466948391,0.8371910241093626,0.7770727507007605,0.7721159795806235,0.872744385868152,0.8462268551921591,0.7861346607180096],[0.9989084717866233,0.9989111238825408,0.9989084717866233,0.9948330218876152,0.9948330218876152,0.9724571331762725,0.9724571331762725,0.941134394176593,0.941134394176593,0.886709091198477,0.9938992192964861,0.8911640867666365,0.9900628159153164,0.9884231713231469,0.9939098071443337,0.974030632393414,1.0,0.940209894600686,0.8526308649707773,0.13947232889891248,0.9870072729550587,0.8250198180070843,-0.42182861978318364,0.3729871193242224,0.8938033483071135,0.9236731019557458,0.946053217838543,0.9377915238896583,0.8277819315828809,0.8833742459752676,0.8997192203292874,0.8425857575557524,0.9093852124990307,0.9476910596831972,0.8333107899274471],[0.9254818416806742,0.9259365013102985,0.9254818416806742,0.9059570314224715,0.9059570314224715,0.9194767788521055,0.9194767788521055,0.9724329994422558,0.9724329994422558,0.8772515600148056,0.9228314277432146,0.8736484676454124,0.9185147897833026,0.9055247331931708,0.9230498009665017,0.9191234220560438,0.940209894600686,1.0,0.7309774467706854,0.0076156032759982055,0.8690691739197529,0.515703657075315,-0.1441785352201417,-0.20284436991340526,0.8233978585123692,0.8221253409520453,0.82988781341921,0.9127878933089826,0.8313420497585399,0.7960753742296601,0.7450134615092279,0.702526995981525,0.8381309589943597,0.7666110370352207,0.8466295962663406],[0.7844087814704075,0.8045600003526175,0.7844087814704075,0.7634720835949554,0.7634720835949554,0.6304505078824199,0.6304505078824199,0.5665187229316698,0.5665187229316698,0.7470133122769691,0.8465129905601425,0.7004125275469176,0.8158507863617092,0.8345242837234504,0.8476889183952188,0.6792908660983757,0.8526308649707773,0.7309774467706854,1.0,0.05509712250073369,0.7260579525690593,-0.4247663990855416,0.3696752217432172,-0.6607810365053872,0.33718967386246484,0.7918071215029685,0.48967560719904696,0.8312312108296538,0.6841350955280098,0.05667746326286342,0.28475624061484717,0.5595936727866221,0.7778664281841237,0.4564373946587846,-0.16822971153145155],[-0.09084250557672177,0.11734491794076017,-0.09084250557672177,-0.09691337575433058,-0.09691337575433058,-0.03521128799243278,-0.03521128799243278,0.08545374451904286,0.08545374451904286,0.2387749895982881,0.13896241861356698,0.006669551546535275,0.17631624169896756,0.054784000998822,0.13821268701119177,-0.016762697059490253,0.13947232889891248,0.0076156032759982055,0.05509712250073369,1.0,-0.05622749469618009,0.13197631985527344,0.12623530528081578,0.7520335852925545,-0.07960670891934359,0.027382920687778155,0.024282872677760657,0.19098007203114592,0.029319636367536938,0.10480471917041555,0.37666580357225293,0.5849041262598751,-0.08823104189373202,0.13767568019206125,0.1717347417428334],[0.9770290331455798,0.968176677869417,0.9770290331455798,0.9889480405690153,0.9889480405690153,0.9337943401882308,0.9337943401882308,0.8421228723175674,0.8421228723175674,0.8652159894291431,0.9957363814379249,0.8878022856445174,0.9859422405084604,0.9803504117505525,0.9956139319221006,0.9442958496969639,0.9870072729550587,0.8690691739197529,0.7260579525690593,-0.05622749469618009,1.0,0.007158394724862901,-0.12029454780898396,-0.31378493875915026,0.683321005769645,0.9256054721894699,0.8963104196402601,0.8604840695921374,0.7530279227835014,0.5194049463970263,0.5754075626766384,0.5411113741113828,0.9014876279528983,0.641416223139187,0.1603131373138539],[0.07715169557125141,-0.09261447556142063,0.07715169557125141,0.09789011413215168,0.09789011413215168,0.2559639492066268,0.2559639492066268,0.5060970718972632,0.5060970718972632,0.7223482743280578,0.8554180556998362,0.5676817484958631,0.8790062414301174,0.8877874611996935,0.8549614569268096,0.5863634316692284,0.8250198180070843,0.515703657075315,-0.4247663990855416,0.13197631985527344,0.007158394724862901,1.0,-0.43044774595853713,0.7673086270500364,0.3637379632727353,-0.03279198831185507,0.2623130953238207,-0.1490679322072942,0.029414143668368732,0.5638790324946638,0.45194650213599735,0.1832973499660606,-0.06944305906367114,0.3602233811567041,0.46320615415511895],[-0.02504347038928875,-0.01760741657148185,-0.02504347038928875,-0.05723113617987676,-0.05723113617987676,-0.22608592220584037,-0.22608592220584037,-0.25079372641048714,-0.25079372641048714,-0.29034804656504676,-0.44139464800329603,-0.21099140115548562,-0.6225141972208516,-0.8272790145563371,-0.43891851970835444,-0.3596830087220506,-0.42182861978318364,-0.1441785352201417,0.3696752217432172,0.12623530528081578,-0.12029454780898396,-0.43044774595853713,1.0,-0.04265978999443133,-0.13645500720143353,-0.07650126557578715,-0.2580660815866483,0.005681306806683655,-0.030938598498389754,-0.5425700379284473,-0.16549539758361254,-0.002098834501759212,0.014382944364641931,-0.16893998696416554,-0.4004491312631092],[-0.25263441824348043,-0.252896199100193,-0.25263441824348043,-0.2558211916209407,-0.2558211916209407,-0.10919448792792044,-0.10919448792792044,0.031562874852636806,0.031562874852636806,0.3959716781559924,0.3596297787972019,-0.23587338236251115,0.43678138394236005,0.4826073991470557,0.35872884478862244,-0.16225413445550071,0.3729871193242224,-0.20284436991340526,-0.6607810365053872,0.7520335852925545,-0.31378493875915026,0.7673086270500364,-0.04265978999443133,1.0,-0.10034343515787848,-0.29472463116597797,-0.05432928130599923,-0.350424651454787,-0.32750852270118225,0.09810812600532272,0.17597970704837107,0.2707168418289588,-0.3824779860553282,0.13539735668711245,0.10280595106449658],[0.8223229299820051,0.6477510855161531,0.8223229299820051,0.8211784851587925,0.8211784851587925,0.8929899378897,0.8929899378897,0.7848384764563279,0.7848384764563279,0.845885320598721,0.859005176835524,0.8555930060271167,0.8393198858419305,0.7953112837484763,0.8587447791980409,0.9055006279753295,0.8938033483071135,0.8233978585123692,0.33718967386246484,-0.07960670891934359,0.683321005769645,0.3637379632727353,-0.13645500720143353,-0.10034343515787848,1.0,0.6040183593550242,0.841391437594032,0.4826471328139434,0.6170006173520383,0.5324908013913919,0.6476455338679592,0.4177922476925774,0.6977793294682089,0.6990409688694555,0.4104746845169554],[0.9465828418909332,0.9465718814775449,0.9465828418909332,0.9410473936995505,0.9410473936995505,0.9056090064179226,0.9056090064179226,0.7993557328246934,0.7993557328246934,0.73571058453468,0.9130089395013995,0.7880010948670761,0.9233682170749647,0.9283197211597686,0.9107070864029996,0.9143927698001791,0.9236731019557458,0.8221253409520453,0.7918071215029685,0.027382920687778155,0.9256054721894699,-0.03279198831185507,-0.07650126557578715,-0.29472463116597797,0.6040183593550242,1.0,0.8324850327661254,0.8527249669914219,0.7101577524396696,0.38141001140198855,0.4977833938064397,0.5921022457017627,0.8960146216406442,0.6248757978988971,0.06171313106799077],[0.9071666118869061,0.8798133280734464,0.9071666118869061,0.9122565331218815,0.9122565331218815,0.9263891796021181,0.9263891796021181,0.8637893060267369,0.8637893060267369,0.8435864980733326,0.9419828594303189,0.8262792099291224,0.9583234980561232,0.9559946520579796,0.9410129717690024,0.9218937307446997,0.946053217838543,0.82988781341921,0.48967560719904696,0.024282872677760657,0.8963104196402601,0.2623130953238207,-0.2580660815866483,-0.05432928130599923,0.841391437594032,0.8324850327661254,1.0,0.7382321366489354,0.5897302982723682,0.5560658859726243,0.5810040971309294,0.5300557485241103,0.8045165556271001,0.8201066666591584,0.2065126953151463],[0.9284559908395815,0.9229220036405567,0.9284559908395815,0.9176332573636582,0.9176332573636582,0.8967843349404192,0.8967843349404192,0.8438257818068375,0.8438257818068375,0.8289672802056783,0.913390505858605,0.8511270712659625,0.908079725842659,0.8947483732471073,0.9138262858816191,0.9049124909356007,0.9377915238896583,0.9127878933089826,0.8312312108296538,0.19098007203114592,0.8604840695921374,-0.1490679322072942,0.005681306806683655,-0.350424651454787,0.4826471328139434,0.8527249669914219,0.7382321366489354,1.0,0.9024907163276246,0.5128528992748672,0.673806090151134,0.664365760750559,0.8726825047778417,0.48121130253782074,0.2895620850116401],[0.7728596163449614,0.7855289826058116,0.7728596163449614,0.7839987449754084,0.7839987449754084,0.7318606934245706,0.7318606934245706,0.7444329221124604,0.7444329221124604,0.7207707933975617,0.8078134752718309,0.7671556108412859,0.7338261283604911,0.652481844879517,0.8093182838302356,0.7717569466948391,0.8277819315828809,0.8313420497585399,0.6841350955280098,0.029319636367536938,0.7530279227835014,0.029414143668368732,-0.030938598498389754,-0.32750852270118225,0.6170006173520383,0.7101577524396696,0.5897302982723682,0.9024907163276246,1.0,0.5552437747947332,0.6562131480636082,0.6053971038358567,0.7188502103042701,0.5635375128699018,0.46905327215927334],[0.4945280559334328,0.4859899649769226,0.4945280559334328,0.5217263520699829,0.5217263520699829,0.7137447102549312,0.7137447102549312,0.8697259691793328,0.8697259691793328,0.7149255570268186,0.8952940405070614,0.7190858936399455,0.8955266881525021,0.9057407957114635,0.8948052616703622,0.8371910241093626,0.8833742459752676,0.7960753742296601,0.05667746326286342,0.10480471917041555,0.5194049463970263,0.5638790324946638,-0.5425700379284473,0.09810812600532272,0.5324908013913919,0.38141001140198855,0.5560658859726243,0.5128528992748672,0.5552437747947332,1.0,0.7348784812096069,0.3721677714335863,0.45001364803276434,0.5397293301135728,0.776834981852205],[0.6168240688722304,0.6137212294008447,0.6168240688722304,0.6113700404720591,0.6113700404720591,0.7274942181964726,0.7274942181964726,0.7707833988635107,0.7707833988635107,0.7939370785268375,0.873101999568051,0.7692543259366014,0.8536094030891738,0.8409819982149591,0.8742054927808097,0.7770727507007605,0.8997192203292874,0.7450134615092279,0.28475624061484717,0.37666580357225293,0.5754075626766384,0.45194650213599735,-0.16549539758361254,0.17597970704837107,0.6476455338679592,0.4977833938064397,0.5810040971309294,0.673806090151134,0.6562131480636082,0.7348784812096069,1.0,0.778013246016652,0.4722247690554139,0.7173230857406672,0.5466272287759979],[0.6394507271501745,0.6666716078935213,0.6394507271501745,0.6133182146980063,0.6133182146980063,0.7148189508646842,0.7148189508646842,0.7198611234064726,0.7198611234064726,0.7802493749213011,0.8115007991874541,0.7100668878468834,0.8024057160209543,0.7528743074661399,0.8123490426459995,0.7721159795806235,0.8425857575557524,0.702526995981525,0.5595936727866221,0.5849041262598751,0.5411113741113828,0.1832973499660606,-0.002098834501759212,0.2707168418289588,0.4177922476925774,0.5921022457017627,0.5300557485241103,0.664365760750559,0.6053971038358567,0.3721677714335863,0.778013246016652,1.0,0.48626443973189615,0.6648790484841636,0.19558750824480828],[0.9296688418572651,0.9268199497054544,0.9296688418572651,0.9228736743545795,0.9228736743545795,0.8491222817571286,0.8491222817571286,0.7751166388190514,0.7751166388190514,0.8070679328015784,0.8975534304770431,0.8443747859877572,0.8793517674019041,0.9112826293297496,0.8973729199264097,0.872744385868152,0.9093852124990307,0.8381309589943597,0.7778664281841237,-0.08823104189373202,0.9014876279528983,-0.06944305906367114,0.014382944364641931,-0.3824779860553282,0.6977793294682089,0.8960146216406442,0.8045165556271001,0.8726825047778417,0.7188502103042701,0.45001364803276434,0.4722247690554139,0.48626443973189615,1.0,0.7121767273649783,0.158266787829992],[0.8150615649851854,0.6636890167697466,0.8150615649851854,0.8049584509007113,0.8049584509007113,0.8490661727012273,0.8490661727012273,0.8366567905554074,0.8366567905554074,0.8510298456382269,0.9426338659587373,0.7459536838771221,0.9628042436859016,0.9650118541594529,0.9424616268007837,0.8462268551921591,0.9476910596831972,0.7666110370352207,0.4564373946587846,0.13767568019206125,0.641416223139187,0.3602233811567041,-0.16893998696416554,0.13539735668711245,0.6990409688694555,0.6248757978988971,0.8201066666591584,0.48121130253782074,0.5635375128699018,0.5397293301135728,0.7173230857406672,0.6648790484841636,0.7121767273649783,1.0,0.1671914720051891],[0.16961348345097277,0.16595307226330167,0.16961348345097277,0.18168156507861935,0.18168156507861935,0.4596211935210557,0.4596211935210557,0.7984420199606164,0.7984420199606164,0.7642382298988286,0.7767637492204147,0.72605432769589,0.8114944281870595,0.7793934046812722,0.7765856063929205,0.7861346607180096,0.8333107899274471,0.8466295962663406,-0.16822971153145155,0.1717347417428334,0.1603131373138539,0.46320615415511895,-0.4004491312631092,0.10280595106449658,0.4104746845169554,0.06171313106799077,0.2065126953151463,0.2895620850116401,0.46905327215927334,0.776834981852205,0.5466272287759979,0.19558750824480828,0.158266787829992,0.1671914720051891,1.0]],"x":["^TAIEX       \u81fa\u7063\u52a0\u6b0a\u5831\u916c\u6307\u6578","^TWII        \u81fa\u7063\u52a0\u6b0a\u6307\u6578","^TAIEXx2     \u81fa\u7063\u52a0\u6b0a\u5831\u916c\u6307\u6578_\u65e5\u6b632","^TAI50I      \u81fa\u706350\u5831\u916c\u6307\u6578","^TAI50Ix2    \u81fa\u706350\u5831\u916c\u6307\u6578_\u65e5\u6b632","^TAI100I     \u81fa\u7063\u4e2d\u578b100\u5831\u916c\u6307\u6578","^TAI100Ix2   \u81fa\u7063\u4e2d\u578b100\u5831\u916c\u6307\u6578_\u65e5\u6b632","^TAIDIVIDI   \u81fa\u7063\u9ad8\u80a1\u606f\u5831\u916c\u6307\u6578","^TAIDIVIDIx2 \u81fa\u7063\u9ad8\u80a1\u606f\u5831\u916c\u6307\u6578_\u65e5\u6b632","0050Fund     \u5143\u5927\u53f0\u7063\u5353\u8d8a50\u57fa\u91d1","006208Fund   \u5bcc\u90a6\u53f0\u7063\u91c6\u540950\u57fa\u91d1","0050         \u5143\u5927\u81fa\u706350","00631L       \u5143\u5927\u53f0\u706350\u6b632","00675L       \u5bcc\u90a6\u81fa\u7063\u52a0\u6b0a\u6b632","006208       \u5bcc\u90a6\u53f050","0051         \u5143\u5927\u4e2d\u578b100","006204       \u6c38\u8c50\u81fa\u7063\u52a0\u6b0a","0056         \u5143\u5927\u9ad8\u80a1\u606f","2412         \u4e2d\u83ef\u96fb\u4fe1","2002         \u4e2d\u92fc","2330         \u53f0\u7a4d\u96fb","2317         \u9d3b\u6d77","6505         \u53f0\u5851\u77f3\u5316","3481         \u7fa4\u5275","2303         \u806f\u96fb","2308         \u53f0\u9054\u96fb","2454         \u806f\u767c\u79d1","2886         \u5146\u8c50\u91d1","2884         \u7389\u5c71\u91d1","2891         \u4e2d\u4fe1\u91d1","2892         \u7b2c\u4e00\u91d1","5880         \u5408\u5eab\u91d1","2881         \u5bcc\u90a6\u91d1","2885         \u5143\u5927\u91d1","2887         \u53f0\u65b0\u91d1"],"y":["^TAIEX       \u81fa\u7063\u52a0\u6b0a\u5831\u916c\u6307\u6578","^TWII        \u81fa\u7063\u52a0\u6b0a\u6307\u6578","^TAIEXx2     \u81fa\u7063\u52a0\u6b0a\u5831\u916c\u6307\u6578_\u65e5\u6b632","^TAI50I      \u81fa\u706350\u5831\u916c\u6307\u6578","^TAI50Ix2    \u81fa\u706350\u5831\u916c\u6307\u6578_\u65e5\u6b632","^TAI100I     \u81fa\u7063\u4e2d\u578b100\u5831\u916c\u6307\u6578","^TAI100Ix2   \u81fa\u7063\u4e2d\u578b100\u5831\u916c\u6307\u6578_\u65e5\u6b632","^TAIDIVIDI   \u81fa\u7063\u9ad8\u80a1\u606f\u5831\u916c\u6307\u6578","^TAIDIVIDIx2 \u81fa\u7063\u9ad8\u80a1\u606f\u5831\u916c\u6307\u6578_\u65e5\u6b632","0050Fund     \u5143\u5927\u53f0\u7063\u5353\u8d8a50\u57fa\u91d1","006208Fund   \u5bcc\u90a6\u53f0\u7063\u91c6\u540950\u57fa\u91d1","0050         \u5143\u5927\u81fa\u706350","00631L       \u5143\u5927\u53f0\u706350\u6b632","00675L       \u5bcc\u90a6\u81fa\u7063\u52a0\u6b0a\u6b632","006208       \u5bcc\u90a6\u53f050","0051         \u5143\u5927\u4e2d\u578b100","006204       \u6c38\u8c50\u81fa\u7063\u52a0\u6b0a","0056         \u5143\u5927\u9ad8\u80a1\u606f","2412         \u4e2d\u83ef\u96fb\u4fe1","2002         \u4e2d\u92fc","2330         \u53f0\u7a4d\u96fb","2317         \u9d3b\u6d77","6505         \u53f0\u5851\u77f3\u5316","3481         \u7fa4\u5275","2303         \u806f\u96fb","2308         \u53f0\u9054\u96fb","2454         \u806f\u767c\u79d1","2886         \u5146\u8c50\u91d1","2884         \u7389\u5c71\u91d1","2891         \u4e2d\u4fe1\u91d1","2892         \u7b2c\u4e00\u91d1","5880         \u5408\u5eab\u91d1","2881         \u5bcc\u90a6\u91d1","2885         \u5143\u5927\u91d1","2887         \u53f0\u65b0\u91d1"],"zmin":-1,"zmax":1,"colorbar":{"x":-0.2}}],"layout":{"autotypenumbers":"strict","colorway":["#636efa","#EF553B","#00cc96","#ab63fa","#FFA15A","#19d3f3","#FF6692","#B6E880","#FF97FF","#FECB52"],"font":{"color":"#f2f5fa","family":"Courier New"},"hovermode":"closest","hoverlabel":{"align":"left"},"paper_bgcolor":"rgb(17,17,17)","plot_bgcolor":"rgb(17,17,17)","polar":{"bgcolor":"rgb(17,17,17)","angularaxis":{"gridcolor":"#506784","linecolor":"#506784","ticks":""},"radialaxis":{"gridcolor":"#506784","linecolor":"#506784","ticks":""}},"ternary":{"bgcolor":"rgb(17,17,17)","aaxis":{"gridcolor":"#506784","linecolor":"#506784","ticks":""},"baxis":{"gridcolor":"#506784","linecolor":"#506784","ticks":""},"caxis":{"gridcolor":"#506784","linecolor":"#506784","ticks":""}},"coloraxis":{"colorbar":{"outlinewidth":0,"ticks":""}},"colorscale":{"sequential":[[0.0,"#0d0887"],[0.1111111111111111,"#46039f"],[0.2222222222222222,"#7201a8"],[0.3333333333333333,"#9c179e"],[0.4444444444444444,"#bd3786"],[0.5555555555555556,"#d8576b"],[0.6666666666666666,"#ed7953"],[0.7777777777777778,"#fb9f3a"],[0.8888888888888888,"#fdca26"],[1.0,"#f0f921"]],"sequentialminus":[[0.0,"#0d0887"],[0.1111111111111111,"#46039f"],[0.2222222222222222,"#7201a8"],[0.3333333333333333,"#9c179e"],[0.4444444444444444,"#bd3786"],[0.5555555555555556,"#d8576b"],[0.6666666666666666,"#ed7953"],[0.7777777777777778,"#fb9f3a"],[0.8888888888888888,"#fdca26"],[1.0,"#f0f921"]],"diverging":[[0,"#8e0152"],[0.1,"#c51b7d"],[0.2,"#de77ae"],[0.3,"#f1b6da"],[0.4,"#fde0ef"],[0.5,"#f7f7f7"],[0.6,"#e6f5d0"],[0.7,"#b8e186"],[0.8,"#7fbc41"],[0.9,"#4d9221"],[1,"#276419"]]},"xaxis":{"gridcolor":"rgba(0, 0, 0, 0)","linecolor":"#506784","ticks":"","title":{"standoff":15},"zerolinecolor":"#283442","automargin":true,"zerolinewidth":2,"tickfont":{"family":"Courier New","size":14},"side":"top","tickangle":-90},"yaxis":{"gridcolor":"rgba(0, 0, 0, 0)","linecolor":"#506784","ticks":"","title":{"standoff":15},"zerolinecolor":"#283442","automargin":true,"zerolinewidth":2,"tickfont":{"family":"Courier New"},"side":"right"},"scene":{"xaxis":{"backgroundcolor":"rgb(17,17,17)","gridcolor":"#506784","linecolor":"#506784","showbackground":true,"ticks":"","zerolinecolor":"#C8D4E3","gridwidth":2},"yaxis":{"backgroundcolor":"rgb(17,17,17)","gridcolor":"#506784","linecolor":"#506784","showbackground":true,"ticks":"","zerolinecolor":"#C8D4E3","gridwidth":2},"zaxis":{"backgroundcolor":"rgb(17,17,17)","gridcolor":"#506784","linecolor":"#506784","showbackground":true,"ticks":"","zerolinecolor":"#C8D4E3","gridwidth":2}},"shapedefaults":{"line":{"color":"#f2f5fa"}},"annotationdefaults":{"arrowcolor":"#f2f5fa","arrowhead":0,"arrowwidth":1},"geo":{"bgcolor":"rgb(17,17,17)","landcolor":"rgb(17,17,17)","subunitcolor":"#506784","showland":true,"showlakes":true,"lakecolor":"rgb(17,17,17)"},"title":{"x":0.05,"font":{"family":"Times New Roman"},"y":0.05,"text":"<b>Correlation of Close<b><br><i>2016-09-23 ~ 2025-08-27<i>"},"updatemenudefaults":{"bgcolor":"#506784","borderwidth":0},"sliderdefaults":{"bgcolor":"#C8D4E3","borderwidth":1,"bordercolor":"rgb(17,17,17)","tickwidth":0},"mapbox":{"style":"dark"},"annotations":[{"text":"<b>@zwindr<b>","textangle":0,"opacity":0.5,"font":{"color":"white","size":12},"xref":"paper","yref":"paper","xanchor":"left","yanchor":"bottom","x":1.0,"y":1.0,"showarrow":false}]},"config":{"responsive":true,"toImageButtonOptions":{"filename":"Correlation of Close_2016-09-23~2025-08-27","scale":5}}};Plotly.newPlot("correlationClose",correlationClose.data,correlationClose.layout||{},correlationClose.config);}else{console.log("style display is none => correlationClose");}