var element=document.getElementById("correlationAdjClose");if(element.style.display!='none'){var correlationAdjClose={"data":[{"type":"heatmap","z":[[1.0,0.9960391233973652,0.9650109926521472,0.9965218800226209,0.9359610554774821,0.9871320526365657,0.9621197873925774,0.9829462450966782,0.9788401005018806,0.9966636067469181,0.9963815314440139,0.9967294942260034,0.8253043183984343,0.989820648680353,0.9964870333077823,0.988027405979304,0.9997595428902787,0.9825243574600128,0.8910328967310066,0.9043265718305616,0.6311740644307381,0.9842405974782956,0.942415127378499,0.303513508616361,-0.255213688019677,0.9081499758742612,0.8993640057948874,0.9673536795145494,0.9580133098163133,0.9560463747728786,0.9831404219398765,0.9568007094315987,0.9188973519914414,0.9777148505470004,0.9805498414008885,0.9624152794912069],[0.9960391233973652,1.0,0.965420794020556,0.9930718841846126,0.9370086600617835,0.9837550560628914,0.9603869724003169,0.9748288586406483,0.9734482585621381,0.9941643745061204,0.9957742994140663,0.9953533754965768,0.830375249470585,0.990245059197894,0.9958343472354555,0.9837607539534536,0.9979496495088134,0.9764262888195161,0.9054936777073395,0.8943511870472205,0.6568221650535433,0.973157244528911,0.9261701876044662,0.3020210193046293,-0.19440248427634707,0.8896363462844801,0.9008266713430859,0.9665204126219324,0.9410740786399879,0.944804982811655,0.9760684586770445,0.9436407983391105,0.9183895858212208,0.9692414371696997,0.9736663954966912,0.9577106855870626],[0.9650109926521472,0.965420794020556,1.0,0.9797225733911668,0.9938007029931183,0.9592970537466758,0.9795670025936624,0.923995579215313,0.957201260719764,0.9796550729909418,0.9865146058206656,0.9834401108241674,0.8497076122290335,0.9971099099914851,0.986400035506027,0.9568563541687998,0.9766882881900945,0.9238848678039604,0.8183726560946311,0.7794904674454296,0.4670590272297736,0.9899060751566673,0.9157707769648303,0.12865360431802053,-0.164301711805037,0.8658039690366393,0.9565782186398043,0.9558846021349485,0.8588746648498938,0.8675101498039024,0.957433943030925,0.8618564626397561,0.8210497747542569,0.924621419944031,0.96452241915965,0.9081989360990935],[0.9965218800226209,0.9930718841846126,0.9797225733911668,1.0,0.9584763707678053,0.9787060477668703,0.9633516300038818,0.969332901008204,0.9729609419717797,0.9999780179467576,0.9999941565725512,0.9999709472868649,0.833301347341551,0.9929439162412463,0.9999622693161301,0.9770946704596631,0.9960670434072265,0.9685619312872521,0.8675571246662807,0.8786998801933935,0.5844027361143116,0.9946144437805791,0.9429572859334294,0.2651850859212198,-0.2384672572936497,0.8958494294637103,0.9214762054331735,0.9681823820030129,0.9367204606181103,0.9422668710330211,0.9838781117034318,0.936445968741421,0.8941547883429192,0.9688701861046883,0.9788719986332516,0.9503232269539322],[0.9359610554774821,0.9370086600617835,0.9938007029931183,0.9584763707678053,1.0,0.923647163415739,0.9563433936649812,0.8820993118746703,0.9238851530724488,0.9588674344414861,0.9692511390970432,0.9651904792090247,0.8430213633823912,0.9828014570657027,0.969114443981165,0.9204474444564271,0.950466870154292,0.881923888241084,0.7682421669334694,0.7308103975514275,0.40509215575038093,0.9764595439032405,0.89178752125254,0.09103894680891152,-0.14438833764890352,0.8201035521445919,0.9695321814650609,0.9276254863857594,0.807419221391333,0.8244731594451847,0.9327072923490394,0.8122887859349996,0.7637887636966691,0.8869990244713438,0.936174855906766,0.8678095042242797],[0.9871320526365657,0.9837550560628914,0.9592970537466758,0.9787060477668703,0.923647163415739,1.0,0.9819011883619023,0.9808493606588666,0.9858644642016113,0.978297229568422,0.9730319732151902,0.9762977415511994,0.8110160449610929,0.9638548963124217,0.9730672279438055,0.9999170279137968,0.9888450378119217,0.9815853445093775,0.898207338124072,0.8687468036226182,0.6011650948543839,0.9691574594584166,0.9201968737211375,0.19150121422306743,-0.19060203221382072,0.9364450711438523,0.874625589891809,0.9708296994456154,0.9464007678386166,0.9330186448355567,0.9663864547189743,0.9463321339707012,0.932769019010073,0.9630883308958393,0.9833677837183082,0.964899795371011],[0.9621197873925774,0.9603869724003169,0.9795670025936624,0.9633516300038818,0.9563433936649812,0.9819011883619023,1.0,0.9450273708190428,0.9804640014140048,0.9623999776046904,0.9709391528885941,0.9676956984866022,0.834821895931995,0.9806152038342704,0.9705893166270823,0.9830167014211119,0.9778321709064958,0.9472617606874525,0.851597214550158,0.7835950195286341,0.4795753404387179,0.9669965207724698,0.9149963491809572,0.05835741856193114,-0.12754781751872146,0.8935375450883245,0.9074150203425686,0.9634449369414818,0.8782419606778818,0.8650120871169202,0.9496871713265794,0.8791422213100775,0.8672863796282672,0.927889809535464,0.9747657229653387,0.9226836175692099],[0.9829462450966782,0.9748288586406483,0.923995579215313,0.969332901008204,0.8820993118746703,0.9808493606588666,0.9450273708190428,1.0,0.9839067521372166,0.9692912506336953,0.9633270295009895,0.9681750707583865,0.7759488506988838,0.9394429154079899,0.963915981650093,0.9827549889581085,0.9794270797703852,0.9998961310892613,0.931195018113513,0.9322860263612991,0.5859913919465618,0.9525716709363363,0.9130554709565605,0.1690445052134053,-0.28354924568882073,0.9180196506581813,0.8156631320590916,0.9497676641581964,0.9765100651953347,0.9606653921307057,0.9671816590012586,0.9669855028351932,0.9344230464683541,0.9680109915899269,0.9593028695207255,0.9715562977206612],[0.9788401005018806,0.9734482585621381,0.957201260719764,0.9729609419717797,0.9238851530724488,0.9858644642016113,0.9804640014140048,0.9839067521372166,1.0,0.9723896451894477,0.9673532369187487,0.9709219623690759,0.803550059225124,0.9535441288888536,0.9673936185022282,0.9851111268311581,0.9774298522660505,0.9833400281158472,0.9025932786501581,0.8667239511222349,0.4956479758450866,0.9669799831801135,0.9313722682057092,0.03161752798674652,-0.2040688508656233,0.898306370371732,0.8515315278782695,0.9711692251106822,0.9315626242202636,0.9114450571463795,0.9687420388633498,0.923122688229158,0.8944737654321611,0.9576027297075045,0.9772838684323498,0.9412507958099863],[0.9966636067469181,0.9941643745061204,0.9796550729909418,0.9999780179467576,0.9588674344414861,0.978297229568422,0.9623999776046904,0.9692912506336953,0.9723896451894477,1.0,0.9999933632149065,0.9999853786319624,0.8331295982978364,0.9929763264900311,0.9999647623981286,0.9766836697160302,0.9959599259603357,0.968605639793744,0.8690049880402108,0.8799861048926725,0.5789988711926388,0.9948260288511042,0.943243847995025,0.2696297357691655,-0.23791468690967926,0.8959662979150115,0.9203263119961589,0.9670553183768968,0.936133937577789,0.9412499003779573,0.9832534608786864,0.9356719772140453,0.892658531046356,0.9679960533307076,0.9782079640759411,0.9493349993286074],[0.9963815314440139,0.9957742994140663,0.9865146058206656,0.9999941565725512,0.9692511390970432,0.9730319732151902,0.9709391528885941,0.9633270295009895,0.9673532369187487,0.9999933632149065,1.0,0.9999790490840704,0.8334102157934277,0.9929858225273713,0.9999667617984497,0.9724626410252499,0.9958084736893145,0.9638248013699718,0.8845181057436186,0.909401247370656,0.4249108959209013,0.9976331814734781,0.9319925167593234,-0.20385858503080587,0.514915197181081,0.8855702398966603,0.9036008875994507,0.9657406360737506,0.9197214165001018,0.9226808879256447,0.9778031241619205,0.9113243394473135,0.8561868099871661,0.9568708934040079,0.9843919234607584,0.9474237832829816],[0.9967294942260034,0.9953533754965768,0.9834401108241674,0.9999709472868649,0.9651904792090247,0.9762977415511994,0.9676956984866022,0.9681750707583865,0.9709219623690759,0.9999853786319624,0.9999790490840704,1.0,0.8331818406538354,0.9929446637888697,0.9999745534318975,0.9758792401258196,0.9958858547965921,0.9680675887508134,0.8761547130840032,0.8980949281754582,0.5049670040770345,0.9967110777242796,0.9412566093955922,0.0008721145283644242,-0.10118656386728238,0.901776587164672,0.911510850820905,0.9626719800015502,0.9274310438557304,0.9308064569696884,0.980794161138271,0.9248033188519055,0.8820218182913957,0.9639508523746269,0.9782517893730739,0.9514282522807358],[0.8253043183984343,0.830375249470585,0.8497076122290335,0.833301347341551,0.8430213633823912,0.8110160449610929,0.834821895931995,0.7759488506988838,0.803550059225124,0.8331295982978364,0.8334102157934277,0.8331818406538354,1.0,0.9998492674915195,0.8329829277930981,0.8104570286755167,0.8270878049912769,0.7767757662641214,0.6966329363515865,0.6819068969813842,0.24589085018880902,0.8349792500273571,0.7816187210243861,-0.4959050529340125,0.4903652168097281,0.7036197195186106,0.8073408200099279,0.818737091072548,0.7110776997251592,0.7046588175396551,0.8083662804805363,0.6965593822944471,0.6337418114063484,0.7886660021483212,0.8224563809694557,0.7774520452521664],[0.989820648680353,0.990245059197894,0.9971099099914851,0.9929439162412463,0.9828014570657027,0.9638548963124217,0.9806152038342704,0.9394429154079899,0.9535441288888536,0.9929763264900311,0.9929858225273713,0.9929446637888697,0.9998492674915195,1.0,0.9929801600323994,0.9630598740812677,0.9901871486497976,0.9399539154502663,0.8367493786720701,0.8973770339357915,0.17387909035896956,0.990096858321922,0.9087550749158849,-0.716235472802715,0.5264812241247712,0.8256079031984753,0.9307275164329549,0.9488115708694533,0.8680103435877861,0.8754950055757901,0.9578953239553074,0.873601072159683,0.7717404132519851,0.9300106342459403,0.9734734546682632,0.9358888898508826],[0.9964870333077823,0.9958343472354555,0.986400035506027,0.9999622693161301,0.969114443981165,0.9730672279438055,0.9705893166270823,0.963915981650093,0.9673936185022282,0.9999647623981286,0.9999667617984497,0.9999745534318975,0.8329829277930981,0.9929801600323994,1.0,0.9725773859581345,0.9959037721653414,0.9642156134837551,0.8852091698065748,0.910810026718119,0.428060012903515,0.9974462404094347,0.9321190922772452,-0.20042590006793706,0.51362706978954,0.8858696729942843,0.9032412720232875,0.9652869644407194,0.9212435865214278,0.9239729597746045,0.9778943184767835,0.9129442389584597,0.8582785391540215,0.9576293461069507,0.9844447613090974,0.9480815490496427],[0.988027405979304,0.9837607539534536,0.9568563541687998,0.9770946704596631,0.9204474444564271,0.9999170279137968,0.9830167014211119,0.9827549889581085,0.9851111268311581,0.9766836697160302,0.9724626410252499,0.9758792401258196,0.8104570286755167,0.9630598740812677,0.9725773859581345,1.0,0.9886998366088333,0.9819993425224944,0.901128874054514,0.8931167866944216,0.5810230024710946,0.9665804070171731,0.9156372111091337,0.041528802918198944,-0.14842473334699066,0.9416802250661137,0.8641663866858555,0.968506540832416,0.9496839521803099,0.930870386285852,0.9635132701753972,0.9478671273106015,0.930951985440655,0.9652922593452181,0.9824491007153344,0.9681939480363698],[0.9997595428902787,0.9979496495088134,0.9766882881900945,0.9960670434072265,0.950466870154292,0.9888450378119217,0.9778321709064958,0.9794270797703852,0.9774298522660505,0.9959599259603357,0.9958084736893145,0.9958858547965921,0.8270878049912769,0.9901871486497976,0.9959037721653414,0.9886998366088333,1.0,0.9797407260987425,0.9105005280902123,0.9265054647974134,0.49470548680160736,0.9888817820743563,0.9284186354200474,-0.14515838487355354,0.5273281868159655,0.9165045372047292,0.8844734956157367,0.9710808499061594,0.9461048015069992,0.938628593306499,0.9771518041311804,0.9376471609309448,0.8972460018494467,0.9691857508895095,0.9899180267530815,0.967959152201865],[0.9825243574600128,0.9764262888195161,0.9238848678039604,0.9685619312872521,0.881923888241084,0.9815853445093775,0.9472617606874525,0.9998961310892613,0.9833400281158472,0.968605639793744,0.9638248013699718,0.9680675887508134,0.7767757662641214,0.9399539154502663,0.9642156134837551,0.9819993425224944,0.9797407260987425,1.0,0.9338960933514494,0.938460304241235,0.5832225450703451,0.9510021370767173,0.9158446296783261,0.13264524208077846,-0.24806525715360056,0.9219339111391641,0.8129689969866737,0.9498882004004336,0.9771435219615466,0.960209035633485,0.9654433055323827,0.9659599116979376,0.9340955834179379,0.9672295858679197,0.9574437918232224,0.9723055691992674],[0.8910328967310066,0.9054936777073395,0.8183726560946311,0.8675571246662807,0.7682421669334694,0.898207338124072,0.851597214550158,0.931195018113513,0.9025932786501581,0.8690049880402108,0.8845181057436186,0.8761547130840032,0.6966329363515865,0.8367493786720701,0.8852091698065748,0.901128874054514,0.9105005280902123,0.9338960933514494,1.0,0.8419509628555049,0.669477901830009,0.836748690731001,0.8175781924069261,0.2227393723761655,-0.14036809368466913,0.869035077918195,0.6881844041625158,0.8601436097989063,0.9002936099843614,0.8704492879907965,0.8541998176137289,0.8817460405731885,0.8661889777971453,0.8646908951971871,0.8690876694712126,0.8985582166530949],[0.9043265718305616,0.8943511870472205,0.7794904674454296,0.8786998801933935,0.7308103975514275,0.8687468036226182,0.7835950195286341,0.9322860263612991,0.8667239511222349,0.8799861048926725,0.909401247370656,0.8980949281754582,0.6819068969813842,0.8973770339357915,0.910810026718119,0.8931167866944216,0.9265054647974134,0.938460304241235,0.8419509628555049,1.0,0.8120741449513295,0.8261162918625738,0.8686949414731119,0.6031737763149599,-0.5013505091566817,0.7366024198521159,0.7321971200390809,0.81653689590544,0.9620045340203897,0.9410269499123737,0.8869599324891736,0.9503370035839053,0.9067626322197784,0.9027082143699076,0.843784629066636,0.8858506293767103],[0.6311740644307381,0.6568221650535433,0.4670590272297736,0.5844027361143116,0.40509215575038093,0.6011650948543839,0.4795753404387179,0.5859913919465618,0.4956479758450866,0.5789988711926388,0.4249108959209013,0.5049670040770345,0.24589085018880902,0.17387909035896956,0.428060012903515,0.5810230024710946,0.49470548680160736,0.5832225450703451,0.669477901830009,0.8120741449513295,1.0,0.5215735979914774,0.6556943762647657,0.7217843775615409,-0.11565904105175596,0.5209711739833908,0.45923319242334654,0.5687512525433249,0.7569378702769565,0.6805094310580561,0.5718279363861065,0.7160787078950052,0.743007026837867,0.6329290757391065,0.5821819371772442,0.6405032213556001],[0.9842405974782956,0.973157244528911,0.9899060751566673,0.9946144437805791,0.9764595439032405,0.9691574594584166,0.9669965207724698,0.9525716709363363,0.9669799831801135,0.9948260288511042,0.9976331814734781,0.9967110777242796,0.8349792500273571,0.990096858321922,0.9974462404094347,0.9665804070171731,0.9888817820743563,0.9510021370767173,0.836748690731001,0.8261162918625738,0.5215735979914774,1.0,0.9191370389408572,0.1970353831769748,-0.2251513232222337,0.8764784869786568,0.9369769822464109,0.9671698545266372,0.8980334228742458,0.9170218575361904,0.9748622587799189,0.9067463235996192,0.8600246710593447,0.9526622954884683,0.9657567918232343,0.929414075314517],[0.942415127378499,0.9261701876044662,0.9157707769648303,0.9429572859334294,0.89178752125254,0.9201968737211375,0.9149963491809572,0.9130554709565605,0.9313722682057092,0.943243847995025,0.9319925167593234,0.9412566093955922,0.7816187210243861,0.9087550749158849,0.9321190922772452,0.9156372111091337,0.9284186354200474,0.9158446296783261,0.8175781924069261,0.8686949414731119,0.6556943762647657,0.9191370389408572,1.0,0.25457831414202137,-0.16781605592032225,0.7531783971947643,0.8558785602467676,0.9133122365027744,0.9008198975889062,0.8718472413806777,0.9441717429554713,0.8805847695463656,0.8439659468439334,0.9396284148627125,0.901308109649523,0.8790540539766645],[0.303513508616361,0.3020210193046293,0.12865360431802053,0.2651850859212198,0.09103894680891152,0.19150121422306743,0.05835741856193114,0.1690445052134053,0.03161752798674652,0.2696297357691655,-0.20385858503080587,0.0008721145283644242,-0.4959050529340125,-0.716235472802715,-0.20042590006793706,0.041528802918198944,-0.14515838487355354,0.13264524208077846,0.2227393723761655,0.6031737763149599,0.7217843775615409,0.1970353831769748,0.25457831414202137,1.0,-0.379463029811523,0.23301653843279446,0.14480585328167112,0.1383252702975004,0.4321296965222786,0.4182420940025706,0.24774343894512604,0.44335376833027507,0.3812436057329772,0.2908874378380587,0.202822973844323,0.3212980407793112],[-0.255213688019677,-0.19440248427634707,-0.164301711805037,-0.2384672572936497,-0.14438833764890352,-0.19060203221382072,-0.12754781751872146,-0.28354924568882073,-0.2040688508656233,-0.23791468690967926,0.514915197181081,-0.10118656386728238,0.4903652168097281,0.5264812241247712,0.51362706978954,-0.14842473334699066,0.5273281868159655,-0.24806525715360056,-0.14036809368466913,-0.5013505091566817,-0.11565904105175596,-0.2251513232222337,-0.16781605592032225,-0.379463029811523,1.0,-0.14291766366462047,-0.1714259432343069,-0.15893917601467056,-0.3688479233060084,-0.3533124202498679,-0.2735695615283467,-0.32628456442859066,-0.20200208401406228,-0.3154219741530066,-0.15553508078360234,-0.2835885086369062],[0.9081499758742612,0.8896363462844801,0.8658039690366393,0.8958494294637103,0.8201035521445919,0.9364450711438523,0.8935375450883245,0.9180196506581813,0.898306370371732,0.8959662979150115,0.8855702398966603,0.901776587164672,0.7036197195186106,0.8256079031984753,0.8858696729942843,0.9416802250661137,0.9165045372047292,0.9219339111391641,0.869035077918195,0.7366024198521159,0.5209711739833908,0.8764784869786568,0.7531783971947643,0.23301653843279446,-0.14291766366462047,1.0,0.7523302868594512,0.9000473904742007,0.8350639414426901,0.8789692523191734,0.8508543491656417,0.8839382398415792,0.8728407313185634,0.8766769490112784,0.8829391591071278,0.9119020570647804],[0.8993640057948874,0.9008266713430859,0.9565782186398043,0.9214762054331735,0.9695321814650609,0.874625589891809,0.9074150203425686,0.8156631320590916,0.8515315278782695,0.9203263119961589,0.9036008875994507,0.911510850820905,0.8073408200099279,0.9307275164329549,0.9032412720232875,0.8641663866858555,0.8844734956157367,0.8129689969866737,0.6881844041625158,0.7321971200390809,0.45923319242334654,0.9369769822464109,0.8558785602467676,0.14480585328167112,-0.1714259432343069,0.7523302868594512,1.0,0.8673880068969564,0.7799527238067759,0.7914017788154187,0.8889401930922789,0.7782694554816832,0.7305264723845721,0.8428694081333608,0.8860553981354743,0.832756990355838],[0.9673536795145494,0.9665204126219324,0.9558846021349485,0.9681823820030129,0.9276254863857594,0.9708296994456154,0.9634449369414818,0.9497676641581964,0.9711692251106822,0.9670553183768968,0.9657406360737506,0.9626719800015502,0.818737091072548,0.9488115708694533,0.9652869644407194,0.968506540832416,0.9710808499061594,0.9498882004004336,0.8601436097989063,0.81653689590544,0.5687512525433249,0.9671698545266372,0.9133122365027744,0.1383252702975004,-0.15893917601467056,0.9000473904742007,0.8673880068969564,1.0,0.9059187253583372,0.8998675276969298,0.9545984619546741,0.896177268365122,0.8785846377179415,0.9529856037059544,0.9775030633761529,0.9117296339864936],[0.9580133098163133,0.9410740786399879,0.8588746648498938,0.9367204606181103,0.807419221391333,0.9464007678386166,0.8782419606778818,0.9765100651953347,0.9315626242202636,0.936133937577789,0.9197214165001018,0.9274310438557304,0.7110776997251592,0.8680103435877861,0.9212435865214278,0.9496839521803099,0.9461048015069992,0.9771435219615466,0.9002936099843614,0.9620045340203897,0.7569378702769565,0.8980334228742458,0.9008198975889062,0.4321296965222786,-0.3688479233060084,0.8350639414426901,0.7799527238067759,0.9059187253583372,1.0,0.986791758176507,0.9458364172712965,0.9911873896314238,0.9562181512656942,0.9591886817369472,0.9045825044473244,0.9614719833888471],[0.9560463747728786,0.944804982811655,0.8675101498039024,0.9422668710330211,0.8244731594451847,0.9330186448355567,0.8650120871169202,0.9606653921307057,0.9114450571463795,0.9412499003779573,0.9226808879256447,0.9308064569696884,0.7046588175396551,0.8754950055757901,0.9239729597746045,0.930870386285852,0.938628593306499,0.960209035633485,0.8704492879907965,0.9410269499123737,0.6805094310580561,0.9170218575361904,0.8718472413806777,0.4182420940025706,-0.3533124202498679,0.8789692523191734,0.7914017788154187,0.8998675276969298,0.986791758176507,1.0,0.9453841792031276,0.9856317879614679,0.9567290952591804,0.9459260893934621,0.921500481296674,0.9631850424592394],[0.9831404219398765,0.9760684586770445,0.957433943030925,0.9838781117034318,0.9327072923490394,0.9663864547189743,0.9496871713265794,0.9671816590012586,0.9687420388633498,0.9832534608786864,0.9778031241619205,0.980794161138271,0.8083662804805363,0.9578953239553074,0.9778943184767835,0.9635132701753972,0.9771518041311804,0.9654433055323827,0.8541998176137289,0.8869599324891736,0.5718279363861065,0.9748622587799189,0.9441717429554713,0.24774343894512604,-0.2735695615283467,0.8508543491656417,0.8889401930922789,0.9545984619546741,0.9458364172712965,0.9453841792031276,1.0,0.9416127640940117,0.8956422410183191,0.9754392147455979,0.9708602139570018,0.9521614845378722],[0.9568007094315987,0.9436407983391105,0.8618564626397561,0.936445968741421,0.8122887859349996,0.9463321339707012,0.8791422213100775,0.9669855028351932,0.923122688229158,0.9356719772140453,0.9113243394473135,0.9248033188519055,0.6965593822944471,0.873601072159683,0.9129442389584597,0.9478671273106015,0.9376471609309448,0.9659599116979376,0.8817460405731885,0.9503370035839053,0.7160787078950052,0.9067463235996192,0.8805847695463656,0.44335376833027507,-0.32628456442859066,0.8839382398415792,0.7782694554816832,0.896177268365122,0.9911873896314238,0.9856317879614679,0.9416127640940117,1.0,0.9745104603369379,0.9495928593398285,0.9285558799107291,0.9608599111084336],[0.9188973519914414,0.9183895858212208,0.8210497747542569,0.8941547883429192,0.7637887636966691,0.932769019010073,0.8672863796282672,0.9344230464683541,0.8944737654321611,0.892658531046356,0.8561868099871661,0.8820218182913957,0.6337418114063484,0.7717404132519851,0.8582785391540215,0.930951985440655,0.8972460018494467,0.9340955834179379,0.8661889777971453,0.9067626322197784,0.743007026837867,0.8600246710593447,0.8439659468439334,0.3812436057329772,-0.20200208401406228,0.8728407313185634,0.7305264723845721,0.8785846377179415,0.9562181512656942,0.9567290952591804,0.8956422410183191,0.9745104603369379,1.0,0.907652329876941,0.9081086326634991,0.9432610220142766],[0.9777148505470004,0.9692414371696997,0.924621419944031,0.9688701861046883,0.8869990244713438,0.9630883308958393,0.927889809535464,0.9680109915899269,0.9576027297075045,0.9679960533307076,0.9568708934040079,0.9639508523746269,0.7886660021483212,0.9300106342459403,0.9576293461069507,0.9652922593452181,0.9691857508895095,0.9672295858679197,0.8646908951971871,0.9027082143699076,0.6329290757391065,0.9526622954884683,0.9396284148627125,0.2908874378380587,-0.3154219741530066,0.8766769490112784,0.8428694081333608,0.9529856037059544,0.9591886817369472,0.9459260893934621,0.9754392147455979,0.9495928593398285,0.907652329876941,1.0,0.9583819170578844,0.9502816705862874],[0.9805498414008885,0.9736663954966912,0.96452241915965,0.9788719986332516,0.936174855906766,0.9833677837183082,0.9747657229653387,0.9593028695207255,0.9772838684323498,0.9782079640759411,0.9843919234607584,0.9782517893730739,0.8224563809694557,0.9734734546682632,0.9844447613090974,0.9824491007153344,0.9899180267530815,0.9574437918232224,0.8690876694712126,0.843784629066636,0.5821819371772442,0.9657567918232343,0.901308109649523,0.202822973844323,-0.15553508078360234,0.8829391591071278,0.8860553981354743,0.9775030633761529,0.9045825044473244,0.921500481296674,0.9708602139570018,0.9285558799107291,0.9081086326634991,0.9583819170578844,1.0,0.9356901639995966],[0.9624152794912069,0.9577106855870626,0.9081989360990935,0.9503232269539322,0.8678095042242797,0.964899795371011,0.9226836175692099,0.9715562977206612,0.9412507958099863,0.9493349993286074,0.9474237832829816,0.9514282522807358,0.7774520452521664,0.9358888898508826,0.9480815490496427,0.9681939480363698,0.967959152201865,0.9723055691992674,0.8985582166530949,0.8858506293767103,0.6405032213556001,0.929414075314517,0.8790540539766645,0.3212980407793112,-0.2835885086369062,0.9119020570647804,0.832756990355838,0.9117296339864936,0.9614719833888471,0.9631850424592394,0.9521614845378722,0.9608599111084336,0.9432610220142766,0.9502816705862874,0.9356901639995966,1.0]],"x":["^TAIEX       \u81fa\u7063\u52a0\u6b0a\u5831\u916c\u6307\u6578","^TWII        \u81fa\u7063\u52a0\u6b0a\u6307\u6578","^TAIEXx2     \u81fa\u7063\u52a0\u6b0a\u5831\u916c\u6307\u6578_\u65e5\u6b632","^TAI50I      \u81fa\u706350\u5831\u916c\u6307\u6578","^TAI50Ix2    \u81fa\u706350\u5831\u916c\u6307\u6578_\u65e5\u6b632","^TAI100I     \u81fa\u7063\u4e2d\u578b100\u5831\u916c\u6307\u6578","^TAI100Ix2   \u81fa\u7063\u4e2d\u578b100\u5831\u916c\u6307\u6578_\u65e5\u6b632","^TAIDIVIDI   \u81fa\u7063\u9ad8\u80a1\u606f\u5831\u916c\u6307\u6578","^TAIDIVIDIx2 \u81fa\u7063\u9ad8\u80a1\u606f\u5831\u916c\u6307\u6578_\u65e5\u6b632","0050Fund     \u5143\u5927\u53f0\u7063\u5353\u8d8a50\u57fa\u91d1","006208Fund   \u5bcc\u90a6\u53f0\u7063\u91c6\u540950\u57fa\u91d1","0050         \u5143\u5927\u81fa\u706350","00631L       \u5143\u5927\u53f0\u706350\u6b632","00675L       \u5bcc\u90a6\u81fa\u7063\u52a0\u6b0a\u6b632","006208       \u5bcc\u90a6\u53f050","0051         \u5143\u5927\u4e2d\u578b100","006204       \u6c38\u8c50\u81fa\u7063\u52a0\u6b0a","0056         \u5143\u5927\u9ad8\u80a1\u606f","0056         \u5143\u5927\u9ad8\u80a1\u606f_\u80a1\u606f\u4e0d\u6295\u5165","2412         \u4e2d\u83ef\u96fb\u4fe1","2002         \u4e2d\u92fc","2330         \u53f0\u7a4d\u96fb","2317         \u9d3b\u6d77","6505         \u53f0\u5851\u77f3\u5316","3481         \u7fa4\u5275","2303         \u806f\u96fb","2308         \u53f0\u9054\u96fb","2454         \u806f\u767c\u79d1","2886         \u5146\u8c50\u91d1","2884         \u7389\u5c71\u91d1","2891         \u4e2d\u4fe1\u91d1","2892         \u7b2c\u4e00\u91d1","5880         \u5408\u5eab\u91d1","2881         \u5bcc\u90a6\u91d1","2885         \u5143\u5927\u91d1","2887         \u53f0\u65b0\u91d1"],"y":["^TAIEX       \u81fa\u7063\u52a0\u6b0a\u5831\u916c\u6307\u6578","^TWII        \u81fa\u7063\u52a0\u6b0a\u6307\u6578","^TAIEXx2     \u81fa\u7063\u52a0\u6b0a\u5831\u916c\u6307\u6578_\u65e5\u6b632","^TAI50I      \u81fa\u706350\u5831\u916c\u6307\u6578","^TAI50Ix2    \u81fa\u706350\u5831\u916c\u6307\u6578_\u65e5\u6b632","^TAI100I     \u81fa\u7063\u4e2d\u578b100\u5831\u916c\u6307\u6578","^TAI100Ix2   \u81fa\u7063\u4e2d\u578b100\u5831\u916c\u6307\u6578_\u65e5\u6b632","^TAIDIVIDI   \u81fa\u7063\u9ad8\u80a1\u606f\u5831\u916c\u6307\u6578","^TAIDIVIDIx2 \u81fa\u7063\u9ad8\u80a1\u606f\u5831\u916c\u6307\u6578_\u65e5\u6b632","0050Fund     \u5143\u5927\u53f0\u7063\u5353\u8d8a50\u57fa\u91d1","006208Fund   \u5bcc\u90a6\u53f0\u7063\u91c6\u540950\u57fa\u91d1","0050         \u5143\u5927\u81fa\u706350","00631L       \u5143\u5927\u53f0\u706350\u6b632","00675L       \u5bcc\u90a6\u81fa\u7063\u52a0\u6b0a\u6b632","006208       \u5bcc\u90a6\u53f050","0051         \u5143\u5927\u4e2d\u578b100","006204       \u6c38\u8c50\u81fa\u7063\u52a0\u6b0a","0056         \u5143\u5927\u9ad8\u80a1\u606f","0056         \u5143\u5927\u9ad8\u80a1\u606f_\u80a1\u606f\u4e0d\u6295\u5165","2412         \u4e2d\u83ef\u96fb\u4fe1","2002         \u4e2d\u92fc","2330         \u53f0\u7a4d\u96fb","2317         \u9d3b\u6d77","6505         \u53f0\u5851\u77f3\u5316","3481         \u7fa4\u5275","2303         \u806f\u96fb","2308         \u53f0\u9054\u96fb","2454         \u806f\u767c\u79d1","2886         \u5146\u8c50\u91d1","2884         \u7389\u5c71\u91d1","2891         \u4e2d\u4fe1\u91d1","2892         \u7b2c\u4e00\u91d1","5880         \u5408\u5eab\u91d1","2881         \u5bcc\u90a6\u91d1","2885         \u5143\u5927\u91d1","2887         \u53f0\u65b0\u91d1"],"zmin":-1,"zmax":1,"colorbar":{"x":-0.2}}],"layout":{"autotypenumbers":"strict","colorway":["#636efa","#EF553B","#00cc96","#ab63fa","#FFA15A","#19d3f3","#FF6692","#B6E880","#FF97FF","#FECB52"],"font":{"color":"#f2f5fa","family":"Courier New"},"hovermode":"closest","hoverlabel":{"align":"left"},"paper_bgcolor":"rgb(17,17,17)","plot_bgcolor":"rgb(17,17,17)","polar":{"bgcolor":"rgb(17,17,17)","angularaxis":{"gridcolor":"#506784","linecolor":"#506784","ticks":""},"radialaxis":{"gridcolor":"#506784","linecolor":"#506784","ticks":""}},"ternary":{"bgcolor":"rgb(17,17,17)","aaxis":{"gridcolor":"#506784","linecolor":"#506784","ticks":""},"baxis":{"gridcolor":"#506784","linecolor":"#506784","ticks":""},"caxis":{"gridcolor":"#506784","linecolor":"#506784","ticks":""}},"coloraxis":{"colorbar":{"outlinewidth":0,"ticks":""}},"colorscale":{"sequential":[[0.0,"#0d0887"],[0.1111111111111111,"#46039f"],[0.2222222222222222,"#7201a8"],[0.3333333333333333,"#9c179e"],[0.4444444444444444,"#bd3786"],[0.5555555555555556,"#d8576b"],[0.6666666666666666,"#ed7953"],[0.7777777777777778,"#fb9f3a"],[0.8888888888888888,"#fdca26"],[1.0,"#f0f921"]],"sequentialminus":[[0.0,"#0d0887"],[0.1111111111111111,"#46039f"],[0.2222222222222222,"#7201a8"],[0.3333333333333333,"#9c179e"],[0.4444444444444444,"#bd3786"],[0.5555555555555556,"#d8576b"],[0.6666666666666666,"#ed7953"],[0.7777777777777778,"#fb9f3a"],[0.8888888888888888,"#fdca26"],[1.0,"#f0f921"]],"diverging":[[0,"#8e0152"],[0.1,"#c51b7d"],[0.2,"#de77ae"],[0.3,"#f1b6da"],[0.4,"#fde0ef"],[0.5,"#f7f7f7"],[0.6,"#e6f5d0"],[0.7,"#b8e186"],[0.8,"#7fbc41"],[0.9,"#4d9221"],[1,"#276419"]]},"xaxis":{"gridcolor":"rgba(0, 0, 0, 0)","linecolor":"#506784","ticks":"","title":{"standoff":15},"zerolinecolor":"#283442","automargin":true,"zerolinewidth":2,"tickfont":{"family":"Courier New","size":14},"side":"top","tickangle":-90},"yaxis":{"gridcolor":"rgba(0, 0, 0, 0)","linecolor":"#506784","ticks":"","title":{"standoff":15},"zerolinecolor":"#283442","automargin":true,"zerolinewidth":2,"tickfont":{"family":"Courier New"},"side":"right"},"scene":{"xaxis":{"backgroundcolor":"rgb(17,17,17)","gridcolor":"#506784","linecolor":"#506784","showbackground":true,"ticks":"","zerolinecolor":"#C8D4E3","gridwidth":2},"yaxis":{"backgroundcolor":"rgb(17,17,17)","gridcolor":"#506784","linecolor":"#506784","showbackground":true,"ticks":"","zerolinecolor":"#C8D4E3","gridwidth":2},"zaxis":{"backgroundcolor":"rgb(17,17,17)","gridcolor":"#506784","linecolor":"#506784","showbackground":true,"ticks":"","zerolinecolor":"#C8D4E3","gridwidth":2}},"shapedefaults":{"line":{"color":"#f2f5fa"}},"annotationdefaults":{"arrowcolor":"#f2f5fa","arrowhead":0,"arrowwidth":1},"geo":{"bgcolor":"rgb(17,17,17)","landcolor":"rgb(17,17,17)","subunitcolor":"#506784","showland":true,"showlakes":true,"lakecolor":"rgb(17,17,17)"},"title":{"x":0.05,"font":{"family":"Times New Roman"},"y":0.05,"text":"<b>Correlation of Adj Close<b><br><i>2016-09-23 ~ 2026-04-23<i>"},"updatemenudefaults":{"bgcolor":"#506784","borderwidth":0},"sliderdefaults":{"bgcolor":"#C8D4E3","borderwidth":1,"bordercolor":"rgb(17,17,17)","tickwidth":0},"mapbox":{"style":"dark"},"annotations":[{"text":"<b>@zwindr<b>","textangle":0,"opacity":0.5,"font":{"color":"white","size":12},"xref":"paper","yref":"paper","xanchor":"left","yanchor":"bottom","x":1.0,"y":1.0,"showarrow":false}]},"config":{"responsive":true,"toImageButtonOptions":{"filename":"Correlation of Adj Close_2016-09-23~2026-04-23","scale":5}}};Plotly.newPlot("correlationAdjClose",correlationAdjClose.data,correlationAdjClose.layout||{},correlationAdjClose.config);}else{console.log("style display is none => correlationAdjClose");}