var element=document.getElementById("correlationAdjClose");if(element.style.display!='none'){var correlationAdjClose={"data":[{"type":"heatmap","z":[[1.0,0.9950063278380176,0.9752711690798264,0.9970670260759708,0.9559417205175508,0.9839299254378054,0.9531628489606387,0.9889741706267257,0.9749321328608184,0.9972183739463444,0.996663291728739,0.9971274503456705,0.9932010616049683,0.9941960398009533,0.9967136807463909,0.985473388825274,0.9997166307207077,0.9887949416179476,0.8984660717621195,0.9188998283220706,0.6906163604451702,0.9847102688716407,0.9334335155379017,0.3655496281107085,-0.29870488141549767,0.8985115336157702,0.9276882195898286,0.960079295243336,0.9771861923334286,0.9645623940459385,0.9790733710944428,0.9705369718600353,0.9405515349626189,0.9827093568476903,0.9749988540027175,0.9558992022532106],[0.9950063278380176,1.0,0.971498574714307,0.9917720536169619,0.9518954886874067,0.9800833314398207,0.9491871940755024,0.9812713262277803,0.9691202098900109,0.9930545529579736,0.9949218491225896,0.9944240232073406,0.9923190302600805,0.9922297030083047,0.9949440114998148,0.9805417773079198,0.9972870186784363,0.9834771143720206,0.9192595868325132,0.9090376528381477,0.7107606876521694,0.9691697677601789,0.9168014642462068,0.3653918219172247,-0.23036135544122932,0.8768184599882148,0.9218222404378316,0.9594791570046635,0.9580531218371175,0.9524990477222721,0.9702214956042226,0.9568998004055292,0.9396758980920039,0.9732759040532829,0.9663863201493693,0.9508682112896975],[0.9752711690798264,0.971498574714307,1.0,0.9844975439416654,0.9945116722930973,0.9728418442703588,0.9782938516191708,0.960106880487328,0.9785707033282436,0.9841877981044115,0.9908393078847842,0.9875640015684295,0.9970289648500013,0.9968117144130454,0.9906082175770089,0.9704145170217316,0.9855114061061053,0.9596545747775469,0.8596378603739158,0.8226171515820893,0.5608087896763768,0.9921387965972531,0.9329073302032024,0.19422162047863403,-0.2229399885955967,0.882490099991761,0.9410733786784494,0.9709890090866387,0.9185071077600884,0.9070937794240953,0.9663123293891261,0.9111752457023781,0.8871692363788002,0.9639073793560711,0.9713603280352351,0.9158165676008249],[0.9970670260759708,0.9917720536169619,0.9844975439416654,1.0,0.9722398119228808,0.9754964990387717,0.9504324695607822,0.9804552100216284,0.971412912848991,0.999970128160068,0.999991805277312,0.9999628533822221,0.9934235628383777,0.9920494312301059,0.999950932894198,0.9742972053596259,0.9957562153600642,0.979953699989341,0.8815269927869508,0.9008365447006815,0.6522984344577827,0.9939381291806859,0.9382392612722472,0.3329523170098191,-0.2876581675929487,0.8900560800442512,0.9388343764334065,0.9635371086268812,0.9644268271545723,0.9580795878882811,0.9809503901946569,0.9575073034277548,0.9245810616796677,0.9795285099758179,0.9729192586239973,0.944664024990484],[0.9559417205175508,0.9518954886874067,0.9945116722930973,0.9722398119228808,1.0,0.945207173691878,0.9574165558055695,0.9340553002125118,0.9578094364374543,0.97230704378554,0.9816330403591103,0.9777619391572385,0.9834721873656843,0.9805909853874785,0.9812436962175773,0.9413111488078422,0.9667707715536784,0.9332733073112115,0.8255879548249956,0.7909870518428463,0.5102903608286143,0.9869806294818783,0.9274276634690312,0.15917649332375394,-0.21185264046184243,0.8481016404594569,0.9475429113750242,0.9562462849124276,0.886912509942676,0.8823064480232524,0.953212021992041,0.8793239107556307,0.8485151266889422,0.9449053642904754,0.9516783274039582,0.8829872693474313],[0.9839299254378054,0.9800833314398207,0.9728418442703588,0.9754964990387717,0.945207173691878,1.0,0.9829356234159371,0.982690153095447,0.9827680002868389,0.974945376468066,0.9696774896542524,0.9730556030744647,0.973602331581235,0.9711569659666215,0.9696061586101672,0.9999020225051103,0.9870710722064102,0.983597961467781,0.9015595066544788,0.8714225517984021,0.6595763098624688,0.9672061661495104,0.9048721205443911,0.2421063875766976,-0.22048712951244584,0.9320785375783106,0.9005636891181793,0.9644600585374031,0.9597915474615273,0.9346451555915796,0.9583762613884553,0.9548523483974535,0.9523564473102119,0.963207994665828,0.9797544841472079,0.9581018274182185],[0.9531628489606387,0.9491871940755024,0.9782938516191708,0.9504324695607822,0.9574165558055695,0.9829356234159371,1.0,0.9547335604963361,0.9848376234544998,0.9490963971503258,0.9593360763572832,0.9557879613847187,0.9775902724307606,0.9782728061415615,0.9590717193011927,0.9842159484370081,0.9714241414131541,0.9571844955779497,0.8661328561369607,0.7905125984469911,0.5500596986581491,0.9543566140861557,0.9067244681126474,0.10178895625431776,-0.15945916979316258,0.894097612324892,0.8969751127613479,0.9605702285688601,0.9038885391135782,0.8715863327418241,0.9385706281073055,0.8970608297671554,0.9036555105209662,0.9368237028895325,0.9691616212552296,0.9134627512245865],[0.9889741706267257,0.9812713262277803,0.960106880487328,0.9804552100216284,0.9340553002125118,0.982690153095447,0.9547335604963361,1.0,0.9838708912961729,0.9804417883649317,0.9757063346679885,0.9792895393543085,0.970023563998356,0.9690174615660455,0.9758219424799125,0.9844881933537183,0.9867347641692357,0.9998835424229352,0.9278152072655331,0.9294341656111348,0.6277868858987239,0.9676999970221892,0.9000644765186395,0.21993061477727802,-0.3104639115838688,0.9067956202762899,0.8789086891776317,0.9450695455336922,0.9793233591357462,0.957252716122876,0.9694156809209661,0.966145650562116,0.9376091050518879,0.9638751098885467,0.9617465645428176,0.9679860990350411],[0.9749321328608184,0.9691202098900109,0.9785707033282436,0.971412912848991,0.9578094364374543,0.9827680002868389,0.9848376234544998,0.9838708912961729,1.0,0.9706809837258739,0.9669808552114081,0.9695016275714256,0.9721119554903082,0.9688725962344908,0.9668408839369204,0.9818308682391129,0.974713648039904,0.9832359447094904,0.9027375052786147,0.8624887559008364,0.5464883046927388,0.9689574092302441,0.9176491745106381,0.07932665807006797,-0.23311805402520352,0.8850163711037528,0.8840146035218476,0.9650594864300375,0.9380452660279989,0.906072270340033,0.9627469476051681,0.9235308113437924,0.9042473566214426,0.953800260386654,0.9739968657890791,0.9286971495201888],[0.9972183739463444,0.9930545529579736,0.9841877981044115,0.999970128160068,0.97230704378554,0.974945376468066,0.9490963971503258,0.9804417883649317,0.9706809837258739,1.0,0.9999903463700859,0.9999828510314485,0.9933146911656084,0.9919180203643632,0.9999558332440355,0.9737560322959569,0.9956383197408175,0.9800351909594689,0.8833400278233279,0.902055003405561,0.6495571462152587,0.9941291981110617,0.9381168292235315,0.3380191130986844,-0.2871120188923352,0.8907602871722663,0.9370827677045834,0.9621170452840225,0.9641773962958827,0.9572764494822088,0.9800352005343247,0.9569175875018404,0.923218778932756,0.978776563129526,0.9718444737097239,0.9431774673694975],[0.996663291728739,0.9949218491225896,0.9908393078847842,0.999991805277312,0.9816330403591103,0.9696774896542524,0.9593360763572832,0.9757063346679885,0.9669808552114081,0.9999903463700859,1.0,0.9999738408048418,0.9934484260781227,0.9920479078517269,0.9999585161218922,0.9693966161215424,0.9954225348937211,0.9763312033536173,0.9050774307279872,0.9296851050453164,0.5282911664832824,0.997283525552024,0.9235850383868296,-0.14249168796062098,0.3851588898908139,0.8893970639277229,0.9076080620729029,0.9645401474889774,0.9549742598976759,0.9402334043578862,0.9719157643102723,0.9367210968593574,0.9013374868469031,0.9697879086088186,0.9809780329658047,0.9387831419999886],[0.9971274503456705,0.9944240232073406,0.9875640015684295,0.9999628533822221,0.9777619391572385,0.9730556030744647,0.9557879613847187,0.9792895393543085,0.9695016275714256,0.9999828510314485,0.9999738408048418,1.0,0.9933261497454997,0.9918954652489315,0.9999666974948943,0.972872904520293,0.9955355478000943,0.9794661602329001,0.8908407524270728,0.9187330045138571,0.5932401994676265,0.9962982708200564,0.9348771314328733,0.07169152730772779,-0.19353396471658224,0.903957987523676,0.9228714561725273,0.957846380647334,0.9582408213970901,0.9482167229424462,0.9766625069770842,0.947638967784279,0.9188644669567643,0.9752824967276882,0.9715704935962691,0.9470232059179017],[0.9932010616049683,0.9923190302600805,0.9970289648500013,0.9934235628383777,0.9834721873656843,0.973602331581235,0.9775902724307606,0.970023563998356,0.9721119554903082,0.9933146911656084,0.9934484260781227,0.9933261497454997,1.0,0.9997666547810186,0.9934461874096198,0.9733536177892497,0.9932923236055293,0.9707942741779493,0.8960695458283465,0.9174160486402341,0.4530835934002174,0.9894164714460572,0.9202195175012955,-0.4080159866094348,0.39897791810256805,0.871701398398989,0.906595008866484,0.9680728747254163,0.9379784671324984,0.9086531254639881,0.9566032862361042,0.9137232161460886,0.8696737242206217,0.9673278560918775,0.9779341490038272,0.9310059137341112],[0.9941960398009533,0.9922297030083047,0.9968117144130454,0.9920494312301059,0.9805909853874785,0.9711569659666215,0.9782728061415615,0.9690174615660455,0.9688725962344908,0.9919180203643632,0.9920479078517269,0.9918954652489315,0.9997666547810186,1.0,0.9921612872687081,0.9708088085784033,0.9941051423207867,0.9699726626128191,0.8807162145603062,0.9271442528287958,0.312228897362225,0.9856697027283956,0.9140580067900645,-0.7506033343114853,0.36893566160769126,0.8391916615594692,0.9037345149727132,0.9643528025994169,0.9316123275179685,0.8969772415153165,0.9502255572180571,0.9142612636867817,0.847752140474728,0.9681013562622064,0.9760890133875398,0.9252136751833949],[0.9967136807463909,0.9949440114998148,0.9906082175770089,0.999950932894198,0.9812436962175773,0.9696061586101672,0.9590717193011927,0.9758219424799125,0.9668408839369204,0.9999558332440355,0.9999585161218922,0.9999666974948943,0.9934461874096198,0.9921612872687081,1.0,0.9693733868747564,0.9954680579847306,0.9764136943191859,0.9052724455807529,0.9301740007361762,0.528142599228951,0.9971201676687591,0.9237418694817259,-0.14028555757195335,0.3850578781360855,0.8894270941035971,0.9066905661360998,0.9640199375803028,0.9551772187532508,0.9406211369837747,0.9718952620046593,0.9371694708034453,0.9017941984425929,0.9697501718301905,0.9809350688674777,0.9392880021213235],[0.985473388825274,0.9805417773079198,0.9704145170217316,0.9742972053596259,0.9413111488078422,0.9999020225051103,0.9842159484370081,0.9844881933537183,0.9818308682391129,0.9737560322959569,0.9693966161215424,0.972872904520293,0.9733536177892497,0.9708088085784033,0.9693733868747564,1.0,0.9871024000017103,0.9838130221359647,0.9044971436921577,0.8952371922018411,0.6484271421908078,0.9647450870188422,0.8992088651578338,0.0974037020850775,-0.19936679217787548,0.93932085586421,0.8889376209209224,0.9615732648978268,0.9632219077442012,0.9320268466631091,0.9550162290454794,0.9560451518054033,0.9514657102479326,0.9652606748011682,0.97905434295458,0.9622853750370608],[0.9997166307207077,0.9972870186784363,0.9855114061061053,0.9957562153600642,0.9667707715536784,0.9870710722064102,0.9714241414131541,0.9867347641692357,0.974713648039904,0.9956383197408175,0.9954225348937211,0.9955355478000943,0.9932923236055293,0.9941051423207867,0.9954680579847306,0.9871024000017103,1.0,0.987312352062903,0.9237165369176635,0.9393667685334433,0.5858988718563298,0.9883240714034004,0.915072614653683,-0.08206903282569636,0.4127835572532596,0.9182414283844373,0.8977252034953438,0.9667915450549298,0.9717368046864526,0.949045782625013,0.970265990753076,0.9555523391410927,0.9319907347857158,0.9760725772710289,0.9867720114372835,0.96260658163117],[0.9887949416179476,0.9834771143720206,0.9596545747775469,0.979953699989341,0.9332733073112115,0.983597961467781,0.9571844955779497,0.9998835424229352,0.9832359447094904,0.9800351909594689,0.9763312033536173,0.9794661602329001,0.9707942741779493,0.9699726626128191,0.9764136943191859,0.9838130221359647,0.987312352062903,1.0,0.9307084629729248,0.9356085229904176,0.6249197397883863,0.9662512160010274,0.9038201856358148,0.18376525842069708,-0.29217203693754124,0.9116564759161447,0.8742058970918096,0.9450223026845848,0.979813311327723,0.9567031446827196,0.9678686672546142,0.9648390427229377,0.9373413052949607,0.9631010484721462,0.9598230162209392,0.9691123931514665],[0.8984660717621195,0.9192595868325132,0.8596378603739158,0.8815269927869508,0.8255879548249956,0.9015595066544788,0.8661328561369607,0.9278152072655331,0.9027375052786147,0.8833400278233279,0.9050774307279872,0.8908407524270728,0.8960695458283465,0.8807162145603062,0.9052724455807529,0.9044971436921577,0.9237165369176635,0.9307084629729248,1.0,0.828344803521208,0.6957205318432118,0.8534477712862241,0.8057402855781656,0.2630228703866472,-0.16509001774851378,0.8575271041715022,0.75012432944895,0.8558238954856255,0.8923245753880525,0.8589378923690553,0.8557256621258387,0.8715097018290915,0.857749494852081,0.854955286802618,0.8756128568374623,0.8958057957127008],[0.9188998283220706,0.9090376528381477,0.8226171515820893,0.9008365447006815,0.7909870518428463,0.8714225517984021,0.7905125984469911,0.9294341656111348,0.8624887559008364,0.902055003405561,0.9296851050453164,0.9187330045138571,0.9174160486402341,0.9271442528287958,0.9301740007361762,0.8952371922018411,0.9393667685334433,0.9356085229904176,0.828344803521208,1.0,0.8245904008918102,0.8512049755535462,0.8668688261734018,0.6357496637357101,-0.5250177281519668,0.7167515295386957,0.8295727263482002,0.8138278842251055,0.959591975622919,0.9382821168734489,0.899407399974704,0.9472158435093678,0.900799865620695,0.9004250556144813,0.8517436660184258,0.8868137145411757],[0.6906163604451702,0.7107606876521694,0.5608087896763768,0.6522984344577827,0.5102903608286143,0.6595763098624688,0.5500596986581491,0.6277868858987239,0.5464883046927388,0.6495571462152587,0.5282911664832824,0.5932401994676265,0.4530835934002174,0.312228897362225,0.528142599228951,0.6484271421908078,0.5858988718563298,0.6249197397883863,0.6957205318432118,0.8245904008918102,1.0,0.5817066663017526,0.6883986464697952,0.7247135401030729,-0.1161269770489328,0.5342172145707669,0.5964074666673604,0.6068509148083179,0.7701725533779351,0.7006546899697506,0.6209838234329822,0.7361066411052976,0.7515757545800729,0.6604075684923318,0.6283045830432694,0.6791470449227138],[0.9847102688716407,0.9691697677601789,0.9921387965972531,0.9939381291806859,0.9869806294818783,0.9672061661495104,0.9543566140861557,0.9676999970221892,0.9689574092302441,0.9941291981110617,0.997283525552024,0.9962982708200564,0.9894164714460572,0.9856697027283956,0.9971201676687591,0.9647450870188422,0.9883240714034004,0.9662512160010274,0.8534477712862241,0.8512049755535462,0.5817066663017526,1.0,0.9165569713355646,0.2599313869208316,-0.27912984269531327,0.8722884979923152,0.9425411320464574,0.9675150914251113,0.9310796793590915,0.9382637384251371,0.9725410672348246,0.9331422051763508,0.8962804222061543,0.9685793586700917,0.9583362765415012,0.9239059864396743],[0.9334335155379017,0.9168014642462068,0.9329073302032024,0.9382392612722472,0.9274276634690312,0.9048721205443911,0.9067244681126474,0.9000644765186395,0.9176491745106381,0.9381168292235315,0.9235850383868296,0.9348771314328733,0.9202195175012955,0.9140580067900645,0.9237418694817259,0.8992088651578338,0.915072614653683,0.9038201856358148,0.8057402855781656,0.8668688261734018,0.6883986464697952,0.9165569713355646,1.0,0.2985612080790457,-0.1900365941004916,0.7158815898993872,0.9127009650581511,0.8988339212410897,0.8978598489288127,0.8573921748450385,0.9350148573563611,0.8714018478091093,0.8396856169319629,0.9300249930107204,0.8849960196302709,0.8571109633333395],[0.3655496281107085,0.3653918219172247,0.19422162047863403,0.3329523170098191,0.15917649332375394,0.2421063875766976,0.10178895625431776,0.21993061477727802,0.07932665807006797,0.3380191130986844,-0.14249168796062098,0.07169152730772779,-0.4080159866094348,-0.7506033343114853,-0.14028555757195335,0.0974037020850775,-0.08206903282569636,0.18376525842069708,0.2630228703866472,0.6357496637357101,0.7247135401030729,0.2599313869208316,0.2985612080790457,1.0,-0.3812651742732357,0.26305983246211767,0.24828233816706954,0.17225277358646754,0.4615918253754451,0.4548764832123746,0.3024272174576081,0.47718936367821485,0.40353249511301914,0.32913798233431885,0.2522895528308397,0.37031292897685986],[-0.29870488141549767,-0.23036135544122932,-0.2229399885955967,-0.2876581675929487,-0.21185264046184243,-0.22048712951244584,-0.15945916979316258,-0.3104639115838688,-0.23311805402520352,-0.2871120188923352,0.3851588898908139,-0.19353396471658224,0.39897791810256805,0.36893566160769126,0.3850578781360855,-0.19936679217787548,0.4127835572532596,-0.29217203693754124,-0.16509001774851378,-0.5250177281519668,-0.1161269770489328,-0.27912984269531327,-0.1900365941004916,-0.3812651742732357,1.0,-0.15700107328894114,-0.27231952308122576,-0.18371990588300052,-0.3868663691924328,-0.37614728615844645,-0.3182785863788517,-0.3451594955871885,-0.21023157023690592,-0.3437285916698827,-0.18532179603651577,-0.31731969573578506],[0.8985115336157702,0.8768184599882148,0.882490099991761,0.8900560800442512,0.8481016404594569,0.9320785375783106,0.894097612324892,0.9067956202762899,0.8850163711037528,0.8907602871722663,0.8893970639277229,0.903957987523676,0.871701398398989,0.8391916615594692,0.8894270941035971,0.93932085586421,0.9182414283844373,0.9116564759161447,0.8575271041715022,0.7167515295386957,0.5342172145707669,0.8722884979923152,0.7158815898993872,0.26305983246211767,-0.15700107328894114,1.0,0.7689752261895377,0.8866394172570066,0.8225489295928676,0.8660098607469596,0.8306846761084624,0.8737069001542608,0.8690890686113572,0.8610224061918226,0.869329574727201,0.9000089537771364],[0.9276882195898286,0.9218222404378316,0.9410733786784494,0.9388343764334065,0.9475429113750242,0.9005636891181793,0.8969751127613479,0.8789086891776317,0.8840146035218476,0.9370827677045834,0.9076080620729029,0.9228714561725273,0.906595008866484,0.9037345149727132,0.9066905661360998,0.8889376209209224,0.8977252034953438,0.8742058970918096,0.75012432944895,0.8295727263482002,0.5964074666673604,0.9425411320464574,0.9127009650581511,0.24828233816706954,-0.27231952308122576,0.7689752261895377,1.0,0.8905666388850488,0.883159591609684,0.8702055095179183,0.9139674016022847,0.868863218925375,0.8328910737923187,0.9158470713023288,0.8960926440280176,0.8589911455347716],[0.960079295243336,0.9594791570046635,0.9709890090866387,0.9635371086268812,0.9562462849124276,0.9644600585374031,0.9605702285688601,0.9450695455336922,0.9650594864300375,0.9621170452840225,0.9645401474889774,0.957846380647334,0.9680728747254163,0.9643528025994169,0.9640199375803028,0.9615732648978268,0.9667915450549298,0.9450223026845848,0.8558238954856255,0.8138278842251055,0.6068509148083179,0.9675150914251113,0.8988339212410897,0.17225277358646754,-0.18371990588300052,0.8866394172570066,0.8905666388850488,1.0,0.9116503151241901,0.8949728682801411,0.9457931568713982,0.8952821479519194,0.8883737438326124,0.9511965940570128,0.9739524435426721,0.894241104263154],[0.9771861923334286,0.9580531218371175,0.9185071077600884,0.9644268271545723,0.886912509942676,0.9597915474615273,0.9038885391135782,0.9793233591357462,0.9380452660279989,0.9641773962958827,0.9549742598976759,0.9582408213970901,0.9379784671324984,0.9316123275179685,0.9551772187532508,0.9632219077442012,0.9717368046864526,0.979813311327723,0.8923245753880525,0.959591975622919,0.7701725533779351,0.9310796793590915,0.8978598489288127,0.4615918253754451,-0.3868663691924328,0.8225489295928676,0.883159591609684,0.9116503151241901,1.0,0.9866286183353613,0.9624800102299231,0.990668145541468,0.9535378141952636,0.9598130760142906,0.9167089025464864,0.968856067539534],[0.9645623940459385,0.9524990477222721,0.9070937794240953,0.9580795878882811,0.8823064480232524,0.9346451555915796,0.8715863327418241,0.957252716122876,0.906072270340033,0.9572764494822088,0.9402334043578862,0.9482167229424462,0.9086531254639881,0.8969772415153165,0.9406211369837747,0.9320268466631091,0.949045782625013,0.9567031446827196,0.8589378923690553,0.9382821168734489,0.7006546899697506,0.9382637384251371,0.8573921748450385,0.4548764832123746,-0.37614728615844645,0.8660098607469596,0.8702055095179183,0.8949728682801411,0.9866286183353613,1.0,0.951464705594248,0.9844110399170141,0.9562331424241035,0.9403786514422144,0.9247926897713514,0.9641024947888801],[0.9790733710944428,0.9702214956042226,0.9663123293891261,0.9809503901946569,0.953212021992041,0.9583762613884553,0.9385706281073055,0.9694156809209661,0.9627469476051681,0.9800352005343247,0.9719157643102723,0.9766625069770842,0.9566032862361042,0.9502255572180571,0.9718952620046593,0.9550162290454794,0.970265990753076,0.9678686672546142,0.8557256621258387,0.899407399974704,0.6209838234329822,0.9725410672348246,0.9350148573563611,0.3024272174576081,-0.3182785863788517,0.8306846761084624,0.9139674016022847,0.9457931568713982,0.9624800102299231,0.951464705594248,1.0,0.9523837212233337,0.912935085681283,0.9785976499954994,0.9630500575261138,0.9436805194027945],[0.9705369718600353,0.9568998004055292,0.9111752457023781,0.9575073034277548,0.8793239107556307,0.9548523483974535,0.8970608297671554,0.966145650562116,0.9235308113437924,0.9569175875018404,0.9367210968593574,0.947638967784279,0.9137232161460886,0.9142612636867817,0.9371694708034453,0.9560451518054033,0.9555523391410927,0.9648390427229377,0.8715097018290915,0.9472158435093678,0.7361066411052976,0.9331422051763508,0.8714018478091093,0.47718936367821485,-0.3451594955871885,0.8737069001542608,0.868863218925375,0.8952821479519194,0.990668145541468,0.9844110399170141,0.9523837212233337,1.0,0.9741362789834767,0.9464588693049816,0.9393248306442167,0.9648395641818807],[0.9405515349626189,0.9396758980920039,0.8871692363788002,0.9245810616796677,0.8485151266889422,0.9523564473102119,0.9036555105209662,0.9376091050518879,0.9042473566214426,0.923218778932756,0.9013374868469031,0.9188644669567643,0.8696737242206217,0.847752140474728,0.9017941984425929,0.9514657102479326,0.9319907347857158,0.9373413052949607,0.857749494852081,0.900799865620695,0.7515757545800729,0.8962804222061543,0.8396856169319629,0.40353249511301914,-0.21023157023690592,0.8690890686113572,0.8328910737923187,0.8883737438326124,0.9535378141952636,0.9562331424241035,0.912935085681283,0.9741362789834767,1.0,0.9071742659463751,0.9296566205177071,0.9545563525674258],[0.9827093568476903,0.9732759040532829,0.9639073793560711,0.9795285099758179,0.9449053642904754,0.963207994665828,0.9368237028895325,0.9638751098885467,0.953800260386654,0.978776563129526,0.9697879086088186,0.9752824967276882,0.9673278560918775,0.9681013562622064,0.9697501718301905,0.9652606748011682,0.9760725772710289,0.9631010484721462,0.854955286802618,0.9004250556144813,0.6604075684923318,0.9685793586700917,0.9300249930107204,0.32913798233431885,-0.3437285916698827,0.8610224061918226,0.9158470713023288,0.9511965940570128,0.9598130760142906,0.9403786514422144,0.9785976499954994,0.9464588693049816,0.9071742659463751,1.0,0.9600133023567117,0.9445324495102915],[0.9749988540027175,0.9663863201493693,0.9713603280352351,0.9729192586239973,0.9516783274039582,0.9797544841472079,0.9691616212552296,0.9617465645428176,0.9739968657890791,0.9718444737097239,0.9809780329658047,0.9715704935962691,0.9779341490038272,0.9760890133875398,0.9809350688674777,0.97905434295458,0.9867720114372835,0.9598230162209392,0.8756128568374623,0.8517436660184258,0.6283045830432694,0.9583362765415012,0.8849960196302709,0.2522895528308397,-0.18532179603651577,0.869329574727201,0.8960926440280176,0.9739524435426721,0.9167089025464864,0.9247926897713514,0.9630500575261138,0.9393248306442167,0.9296566205177071,0.9600133023567117,1.0,0.9233847602536613],[0.9558992022532106,0.9508682112896975,0.9158165676008249,0.944664024990484,0.8829872693474313,0.9581018274182185,0.9134627512245865,0.9679860990350411,0.9286971495201888,0.9431774673694975,0.9387831419999886,0.9470232059179017,0.9310059137341112,0.9252136751833949,0.9392880021213235,0.9622853750370608,0.96260658163117,0.9691123931514665,0.8958057957127008,0.8868137145411757,0.6791470449227138,0.9239059864396743,0.8571109633333395,0.37031292897685986,-0.31731969573578506,0.9000089537771364,0.8589911455347716,0.894241104263154,0.968856067539534,0.9641024947888801,0.9436805194027945,0.9648395641818807,0.9545563525674258,0.9445324495102915,0.9233847602536613,1.0]],"x":["^TAIEX       \u81fa\u7063\u52a0\u6b0a\u5831\u916c\u6307\u6578","^TWII        \u81fa\u7063\u52a0\u6b0a\u6307\u6578","^TAIEXx2     \u81fa\u7063\u52a0\u6b0a\u5831\u916c\u6307\u6578_\u65e5\u6b632","^TAI50I      \u81fa\u706350\u5831\u916c\u6307\u6578","^TAI50Ix2    \u81fa\u706350\u5831\u916c\u6307\u6578_\u65e5\u6b632","^TAI100I     \u81fa\u7063\u4e2d\u578b100\u5831\u916c\u6307\u6578","^TAI100Ix2   \u81fa\u7063\u4e2d\u578b100\u5831\u916c\u6307\u6578_\u65e5\u6b632","^TAIDIVIDI   \u81fa\u7063\u9ad8\u80a1\u606f\u5831\u916c\u6307\u6578","^TAIDIVIDIx2 \u81fa\u7063\u9ad8\u80a1\u606f\u5831\u916c\u6307\u6578_\u65e5\u6b632","0050Fund     \u5143\u5927\u53f0\u7063\u5353\u8d8a50\u57fa\u91d1","006208Fund   \u5bcc\u90a6\u53f0\u7063\u91c6\u540950\u57fa\u91d1","0050         \u5143\u5927\u81fa\u706350","00631L       \u5143\u5927\u53f0\u706350\u6b632","00675L       \u5bcc\u90a6\u81fa\u7063\u52a0\u6b0a\u6b632","006208       \u5bcc\u90a6\u53f050","0051         \u5143\u5927\u4e2d\u578b100","006204       \u6c38\u8c50\u81fa\u7063\u52a0\u6b0a","0056         \u5143\u5927\u9ad8\u80a1\u606f","0056         \u5143\u5927\u9ad8\u80a1\u606f_\u80a1\u606f\u4e0d\u6295\u5165","2412         \u4e2d\u83ef\u96fb\u4fe1","2002         \u4e2d\u92fc","2330         \u53f0\u7a4d\u96fb","2317         \u9d3b\u6d77","6505         \u53f0\u5851\u77f3\u5316","3481         \u7fa4\u5275","2303         \u806f\u96fb","2308         \u53f0\u9054\u96fb","2454         \u806f\u767c\u79d1","2886         \u5146\u8c50\u91d1","2884         \u7389\u5c71\u91d1","2891         \u4e2d\u4fe1\u91d1","2892         \u7b2c\u4e00\u91d1","5880         \u5408\u5eab\u91d1","2881         \u5bcc\u90a6\u91d1","2885         \u5143\u5927\u91d1","2887         \u53f0\u65b0\u91d1"],"y":["^TAIEX       \u81fa\u7063\u52a0\u6b0a\u5831\u916c\u6307\u6578","^TWII        \u81fa\u7063\u52a0\u6b0a\u6307\u6578","^TAIEXx2     \u81fa\u7063\u52a0\u6b0a\u5831\u916c\u6307\u6578_\u65e5\u6b632","^TAI50I      \u81fa\u706350\u5831\u916c\u6307\u6578","^TAI50Ix2    \u81fa\u706350\u5831\u916c\u6307\u6578_\u65e5\u6b632","^TAI100I     \u81fa\u7063\u4e2d\u578b100\u5831\u916c\u6307\u6578","^TAI100Ix2   \u81fa\u7063\u4e2d\u578b100\u5831\u916c\u6307\u6578_\u65e5\u6b632","^TAIDIVIDI   \u81fa\u7063\u9ad8\u80a1\u606f\u5831\u916c\u6307\u6578","^TAIDIVIDIx2 \u81fa\u7063\u9ad8\u80a1\u606f\u5831\u916c\u6307\u6578_\u65e5\u6b632","0050Fund     \u5143\u5927\u53f0\u7063\u5353\u8d8a50\u57fa\u91d1","006208Fund   \u5bcc\u90a6\u53f0\u7063\u91c6\u540950\u57fa\u91d1","0050         \u5143\u5927\u81fa\u706350","00631L       \u5143\u5927\u53f0\u706350\u6b632","00675L       \u5bcc\u90a6\u81fa\u7063\u52a0\u6b0a\u6b632","006208       \u5bcc\u90a6\u53f050","0051         \u5143\u5927\u4e2d\u578b100","006204       \u6c38\u8c50\u81fa\u7063\u52a0\u6b0a","0056         \u5143\u5927\u9ad8\u80a1\u606f","0056         \u5143\u5927\u9ad8\u80a1\u606f_\u80a1\u606f\u4e0d\u6295\u5165","2412         \u4e2d\u83ef\u96fb\u4fe1","2002         \u4e2d\u92fc","2330         \u53f0\u7a4d\u96fb","2317         \u9d3b\u6d77","6505         \u53f0\u5851\u77f3\u5316","3481         \u7fa4\u5275","2303         \u806f\u96fb","2308         \u53f0\u9054\u96fb","2454         \u806f\u767c\u79d1","2886         \u5146\u8c50\u91d1","2884         \u7389\u5c71\u91d1","2891         \u4e2d\u4fe1\u91d1","2892         \u7b2c\u4e00\u91d1","5880         \u5408\u5eab\u91d1","2881         \u5bcc\u90a6\u91d1","2885         \u5143\u5927\u91d1","2887         \u53f0\u65b0\u91d1"],"zmin":-1,"zmax":1,"colorbar":{"x":-0.2}}],"layout":{"autotypenumbers":"strict","colorway":["#636efa","#EF553B","#00cc96","#ab63fa","#FFA15A","#19d3f3","#FF6692","#B6E880","#FF97FF","#FECB52"],"font":{"color":"#f2f5fa","family":"Courier New"},"hovermode":"closest","hoverlabel":{"align":"left"},"paper_bgcolor":"rgb(17,17,17)","plot_bgcolor":"rgb(17,17,17)","polar":{"bgcolor":"rgb(17,17,17)","angularaxis":{"gridcolor":"#506784","linecolor":"#506784","ticks":""},"radialaxis":{"gridcolor":"#506784","linecolor":"#506784","ticks":""}},"ternary":{"bgcolor":"rgb(17,17,17)","aaxis":{"gridcolor":"#506784","linecolor":"#506784","ticks":""},"baxis":{"gridcolor":"#506784","linecolor":"#506784","ticks":""},"caxis":{"gridcolor":"#506784","linecolor":"#506784","ticks":""}},"coloraxis":{"colorbar":{"outlinewidth":0,"ticks":""}},"colorscale":{"sequential":[[0.0,"#0d0887"],[0.1111111111111111,"#46039f"],[0.2222222222222222,"#7201a8"],[0.3333333333333333,"#9c179e"],[0.4444444444444444,"#bd3786"],[0.5555555555555556,"#d8576b"],[0.6666666666666666,"#ed7953"],[0.7777777777777778,"#fb9f3a"],[0.8888888888888888,"#fdca26"],[1.0,"#f0f921"]],"sequentialminus":[[0.0,"#0d0887"],[0.1111111111111111,"#46039f"],[0.2222222222222222,"#7201a8"],[0.3333333333333333,"#9c179e"],[0.4444444444444444,"#bd3786"],[0.5555555555555556,"#d8576b"],[0.6666666666666666,"#ed7953"],[0.7777777777777778,"#fb9f3a"],[0.8888888888888888,"#fdca26"],[1.0,"#f0f921"]],"diverging":[[0,"#8e0152"],[0.1,"#c51b7d"],[0.2,"#de77ae"],[0.3,"#f1b6da"],[0.4,"#fde0ef"],[0.5,"#f7f7f7"],[0.6,"#e6f5d0"],[0.7,"#b8e186"],[0.8,"#7fbc41"],[0.9,"#4d9221"],[1,"#276419"]]},"xaxis":{"gridcolor":"rgba(0, 0, 0, 0)","linecolor":"#506784","ticks":"","title":{"standoff":15},"zerolinecolor":"#283442","automargin":true,"zerolinewidth":2,"tickfont":{"family":"Courier New","size":14},"side":"top","tickangle":-90},"yaxis":{"gridcolor":"rgba(0, 0, 0, 0)","linecolor":"#506784","ticks":"","title":{"standoff":15},"zerolinecolor":"#283442","automargin":true,"zerolinewidth":2,"tickfont":{"family":"Courier New"},"side":"right"},"scene":{"xaxis":{"backgroundcolor":"rgb(17,17,17)","gridcolor":"#506784","linecolor":"#506784","showbackground":true,"ticks":"","zerolinecolor":"#C8D4E3","gridwidth":2},"yaxis":{"backgroundcolor":"rgb(17,17,17)","gridcolor":"#506784","linecolor":"#506784","showbackground":true,"ticks":"","zerolinecolor":"#C8D4E3","gridwidth":2},"zaxis":{"backgroundcolor":"rgb(17,17,17)","gridcolor":"#506784","linecolor":"#506784","showbackground":true,"ticks":"","zerolinecolor":"#C8D4E3","gridwidth":2}},"shapedefaults":{"line":{"color":"#f2f5fa"}},"annotationdefaults":{"arrowcolor":"#f2f5fa","arrowhead":0,"arrowwidth":1},"geo":{"bgcolor":"rgb(17,17,17)","landcolor":"rgb(17,17,17)","subunitcolor":"#506784","showland":true,"showlakes":true,"lakecolor":"rgb(17,17,17)"},"title":{"x":0.05,"font":{"family":"Times New Roman"},"y":0.05,"text":"<b>Correlation of Adj Close<b><br><i>2016-09-23 ~ 2025-12-09<i>"},"updatemenudefaults":{"bgcolor":"#506784","borderwidth":0},"sliderdefaults":{"bgcolor":"#C8D4E3","borderwidth":1,"bordercolor":"rgb(17,17,17)","tickwidth":0},"mapbox":{"style":"dark"},"annotations":[{"text":"<b>@zwindr<b>","textangle":0,"opacity":0.5,"font":{"color":"white","size":12},"xref":"paper","yref":"paper","xanchor":"left","yanchor":"bottom","x":1.0,"y":1.0,"showarrow":false}]},"config":{"responsive":true,"toImageButtonOptions":{"filename":"Correlation of Adj Close_2016-09-23~2025-12-09","scale":5}}};Plotly.newPlot("correlationAdjClose",correlationAdjClose.data,correlationAdjClose.layout||{},correlationAdjClose.config);}else{console.log("style display is none => correlationAdjClose");}