var config = { responsive: true }

var correlationAdjClose = {"data": [{"type": "heatmap", "z": [[1.0, 0.9938652021662062, 0.9765721919939347, 0.9977188943671013, 0.964897205612573, 0.9810965273569152, -0.9416009482757851, 0.9898235197305031, 0.9693111903931066, 0.9978005089137886, 0.9930323039553277, 0.9937763674358684, 0.9972589104208026, 0.9837530962838724, 0.9996585494272936, 0.9898778965083411, 0.9194742642060225, 0.7468426212770192, 0.9854661112019749, 0.9192027260838552, 0.45661311466088667, -0.3028395873876021, 0.9008218449052143, 0.9743434141885641, 0.9536591542729279], [0.9938652021662062, 1.0, 0.971966407941803, 0.9913111654761979, 0.9605219929718193, 0.9763857723524737, -0.9368493519636489, 0.9804579977524053, 0.9622603546889316, 0.9933433579370159, 0.9921212734474344, 0.9913308677511773, 0.9952214639894338, 0.9775027808104759, 0.9965858754227962, 0.9832952466588231, 0.9083179118581783, 0.7565084440896708, 0.9668117842256176, 0.8984020691626396, 0.4546653726739082, -0.226110564832739, 0.8741791053867208, 0.9618556310127081, 0.9534538201199514], [0.9765721919939347, 0.971966407941803, 1.0, 0.9825159053890646, 0.9961855684217118, 0.9790957518951561, -0.9754942633567862, 0.9699391211811461, 0.9836931997924478, 0.984593441748575, 0.9971480064600713, 0.9969930847058925, 0.9887769243720705, 0.9778848491585105, 0.987582116171461, 0.9698766184944255, 0.8256405313864194, 0.6373948456621591, 0.9898822072655605, 0.9096294675308932, 0.29158325726622564, -0.22498237902950263, 0.9078212694181403, 0.9420919245692555, 0.978793726844065], [0.9977188943671013, 0.9913111654761979, 0.9825159053890646, 1.0, 0.9761784842864297, 0.9734062320447512, -0.9363420101513534, 0.9843164475967158, 0.9667298646809179, 0.9999547304363973, 0.9914444733932499, 0.9895936278987143, 0.9999437802761636, 0.973482772811164, 0.9960977949119889, 0.984225534453047, 0.9059282900148031, 0.7178151343111538, 0.9932210164096513, 0.9206043064661203, 0.43390878514692877, -0.29444273015622907, 0.8996097945659708, 0.9686111573529869, 0.959744405149377], [0.964897205612573, 0.9605219929718193, 0.9961855684217118, 0.9761784842864297, 1.0, 0.9592389231035208, -0.9573082542238451, 0.9554649805597145, 0.9717676130790995, 0.9803353581510535, 0.9871558492657599, 0.9835289004659933, 0.9851893140560917, 0.9570757024920136, 0.976157151532517, 0.9553531136214319, 0.8058580260598337, 0.6034254888389892, 0.9892667121698004, 0.9060677148186014, 0.26909644015693174, -0.21833935034331337, 0.890544139504809, 0.9275396625626173, 0.9766231767879703], [0.9810965273569152, 0.9763857723524737, 0.9790957518951561, 0.9734062320447512, 0.9592389231035208, 1.0, -0.9803854588491202, 0.9801130535615733, 0.979462320346708, 0.9721310251318651, 0.9768362121486642, 0.974811898395318, 0.9688142730991145, 0.999909326359192, 0.9859235274391258, 0.9812317826487463, 0.8593459739607764, 0.7131790884590112, 0.9672557998957511, 0.8892539162357652, 0.3211228323263405, -0.21335979414370929, 0.9365207515709381, 0.9568626647260521, 0.9591736766933198], [-0.9416009482757851, -0.9368493519636489, -0.9754942633567862, -0.9363420101513534, -0.9573082542238451, -0.9803854588491202, 1.0, -0.9506224617253353, -0.9830385459824366, -0.9414219955748477, -0.9736817206467885, -0.975531898360109, -0.9480684209278306, -0.9836323050747999, -0.9637449927030047, -0.9537156091270252, -0.7705903848140235, -0.6109267486358154, -0.9419782056356185, -0.8792306796649021, -0.17777444504108772, 0.14700737211782786, -0.904530620053088, -0.9125923461042196, -0.9565655616757935], [0.9898235197305031, 0.9804579977524053, 0.9699391211811461, 0.9843164475967158, 0.9554649805597145, 0.9801130535615733, -0.9506224617253353, 1.0, 0.9820879326840881, 0.9836486832796004, 0.9754203749123508, 0.9743306218880144, 0.9798701551674904, 0.9821147095275851, 0.987375713529663, 0.9998693016219689, 0.9219728823225817, 0.6822986428989268, 0.9739974806938964, 0.8928187951888419, 0.3170704867913907, -0.3107858687709296, 0.9051415077492019, 0.9558067561666976, 0.9365493813548018], [0.9693111903931066, 0.9622603546889316, 0.9836931997924478, 0.9667298646809179, 0.9717676130790995, 0.979462320346708, -0.9830385459824366, 0.9820879326840881, 1.0, 0.9654378858081137, 0.9722960995587323, 0.9693046534737543, 0.9626851240891987, 0.9786243900051358, 0.9693841175401652, 0.9814133278504013, 0.8473486851676666, 0.607368093968833, 0.9669590429220419, 0.903782503037891, 0.1737411430395839, -0.22874998487582518, 0.8866801995612362, 0.9318089971943949, 0.9591231438602466], [0.9978005089137886, 0.9933433579370159, 0.984593441748575, 0.9999547304363973, 0.9803353581510535, 0.9721310251318651, -0.9414219955748477, 0.9836486832796004, 0.9654378858081137, 1.0, 0.9912017434737149, 0.9892568024867106, 0.9999610361705595, 0.9726296348020175, 0.995849828570333, 0.9840613549473818, 0.9216115146907445, 0.6846542611813341, 0.9953182566498163, 0.9178189805031555, 0.25756233954554575, -0.25829535996465586, 0.9266558116475466, 0.963118896024512, 0.9546800506516411], [0.9930323039553277, 0.9921212734474344, 0.9971480064600713, 0.9914444733932499, 0.9871558492657599, 0.9768362121486642, -0.9736817206467885, 0.9754203749123508, 0.9722960995587323, 0.9912017434737149, 1.0, 0.9996732558725636, 0.9913318277227794, 0.9777863857776925, 0.9933812122430875, 0.9768736427468501, 0.9092349467748593, 0.5859007991510355, 0.9862660022930948, 0.8886493805649369, -0.2973249494622446, 0.47078957870378596, 0.9081977844651423, 0.9535557451164515, 0.9770760116064132], [0.9937763674358684, 0.9913308677511773, 0.9969930847058925, 0.9895936278987143, 0.9835289004659933, 0.974811898395318, -0.975531898360109, 0.9743306218880144, 0.9693046534737543, 0.9892568024867106, 0.9996732558725636, 1.0, 0.9895280543753426, 0.9758529232292422, 0.9939342191105294, 0.976046567781424, 0.9167294347881808, 0.4698821992356449, 0.9810877959440492, 0.8771194118700189, -0.6976903941317979, 0.4503345023364574, 0.8814826726851348, 0.9503739980168378, 0.9764025473898827], [0.9972589104208026, 0.9952214639894338, 0.9887769243720705, 0.9999437802761636, 0.9851893140560917, 0.9688142730991145, -0.9480684209278306, 0.9798701551674904, 0.9626851240891987, 0.9999610361705595, 0.9913318277227794, 0.9895280543753426, 1.0, 0.9694998464594695, 0.9956663774099926, 0.9809944025104033, 0.9292446812350885, 0.6442714022678029, 0.9968000583143682, 0.8965235465111246, -0.005803366077415904, 0.44363769349083176, 0.9179517945090855, 0.9517701152535766, 0.9652589534405493], [0.9837530962838724, 0.9775027808104759, 0.9778848491585105, 0.973482772811164, 0.9570757024920136, 0.999909326359192, -0.9836323050747999, 0.9821147095275851, 0.9786243900051358, 0.9726296348020175, 0.9777863857776925, 0.9758529232292422, 0.9694998464594695, 1.0, 0.986449746460094, 0.9813945083542884, 0.8831944224235915, 0.7142405120504921, 0.9660057152224586, 0.884913989130352, 0.1938350085200801, -0.1913286311700835, 0.9452038716153811, 0.9594365483757203, 0.9560522381505411], [0.9996585494272936, 0.9965858754227962, 0.987582116171461, 0.9960977949119889, 0.976157151532517, 0.9859235274391258, -0.9637449927030047, 0.987375713529663, 0.9693841175401652, 0.995849828570333, 0.9933812122430875, 0.9939342191105294, 0.9956663774099926, 0.986449746460094, 1.0, 0.988299080064286, 0.934928345642283, 0.6841972239782346, 0.9890159305488405, 0.8937936972261937, 0.04333648729534992, 0.46080860416422803, 0.9363376308724914, 0.961305050232351, 0.9636670436355496], [0.9898778965083411, 0.9832952466588231, 0.9698766184944255, 0.984225534453047, 0.9553531136214319, 0.9812317826487463, -0.9537156091270252, 0.9998693016219689, 0.9814133278504013, 0.9840613549473818, 0.9768736427468501, 0.976046567781424, 0.9809944025104033, 0.9813945083542884, 0.988299080064286, 1.0, 0.9283285804464649, 0.6808669294092039, 0.9730683217630819, 0.8980554522553468, 0.28381844352497504, -0.2913609047092819, 0.9107154379657643, 0.9547118449483816, 0.9366682767902506], [0.9194742642060225, 0.9083179118581783, 0.8256405313864194, 0.9059282900148031, 0.8058580260598337, 0.8593459739607764, -0.7705903848140235, 0.9219728823225817, 0.8473486851676666, 0.9216115146907445, 0.9092349467748593, 0.9167294347881808, 0.9292446812350885, 0.8831944224235915, 0.934928345642283, 0.9283285804464649, 1.0, 0.8440809616195989, 0.857277773237352, 0.8711740653550206, 0.7011859234641489, -0.5337027905405979, 0.6934492825208621, 0.9169411085545063, 0.7978202003697493], [0.7468426212770192, 0.7565084440896708, 0.6373948456621591, 0.7178151343111538, 0.6034254888389892, 0.7131790884590112, -0.6109267486358154, 0.6822986428989268, 0.607368093968833, 0.6846542611813341, 0.5859007991510355, 0.4698821992356449, 0.6442714022678029, 0.7142405120504921, 0.6841972239782346, 0.6808669294092039, 0.8440809616195989, 1.0, 0.6396479401979794, 0.7515924575499013, 0.7330086656361531, -0.11641564846170079, 0.5380822324570674, 0.7600785458818607, 0.6439787679090395], [0.9854661112019749, 0.9668117842256176, 0.9898822072655605, 0.9932210164096513, 0.9892667121698004, 0.9672557998957511, -0.9419782056356185, 0.9739974806938964, 0.9669590429220419, 0.9953182566498163, 0.9862660022930948, 0.9810877959440492, 0.9968000583143682, 0.9660057152224586, 0.9890159305488405, 0.9730683217630819, 0.857277773237352, 0.6396479401979794, 1.0, 0.8912845621934167, 0.36046008865045503, -0.28857520871915765, 0.8869450920836605, 0.9511250045430334, 0.9690671855448156], [0.9192027260838552, 0.8984020691626396, 0.9096294675308932, 0.9206043064661203, 0.9060677148186014, 0.8892539162357652, -0.8792306796649021, 0.8928187951888419, 0.903782503037891, 0.9178189805031555, 0.8886493805649369, 0.8771194118700189, 0.8965235465111246, 0.884913989130352, 0.8937936972261937, 0.8980554522553468, 0.8711740653550206, 0.7515924575499013, 0.8912845621934167, 1.0, 0.4052191047264873, -0.18580137036037367, 0.6952914587188327, 0.9162662913144646, 0.8814619719765764], [0.45661311466088667, 0.4546653726739082, 0.29158325726622564, 0.43390878514692877, 0.26909644015693174, 0.3211228323263405, -0.17777444504108772, 0.3170704867913907, 0.1737411430395839, 0.25756233954554575, -0.2973249494622446, -0.6976903941317979, -0.005803366077415904, 0.1938350085200801, 0.04333648729534992, 0.28381844352497504, 0.7011859234641489, 0.7330086656361531, 0.36046008865045503, 0.4052191047264873, 1.0, -0.3993024297509927, 0.3009672956407098, 0.4403601236485536, 0.2375061311274012], [-0.3028395873876021, -0.226110564832739, -0.22498237902950263, -0.29444273015622907, -0.21833935034331337, -0.21335979414370929, 0.14700737211782786, -0.3107858687709296, -0.22874998487582518, -0.25829535996465586, 0.47078957870378596, 0.4503345023364574, 0.44363769349083176, -0.1913286311700835, 0.46080860416422803, -0.2913609047092819, -0.5337027905405979, -0.11641564846170079, -0.28857520871915765, -0.18580137036037367, -0.3993024297509927, 1.0, -0.1454789400170871, -0.3332582613497268, -0.17301031118348248], [0.9008218449052143, 0.8741791053867208, 0.9078212694181403, 0.8996097945659708, 0.890544139504809, 0.9365207515709381, -0.904530620053088, 0.9051415077492019, 0.8866801995612362, 0.9266558116475466, 0.9081977844651423, 0.8814826726851348, 0.9179517945090855, 0.9452038716153811, 0.9363376308724914, 0.9107154379657643, 0.6934492825208621, 0.5380822324570674, 0.8869450920836605, 0.6952914587188327, 0.3009672956407098, -0.1454789400170871, 1.0, 0.8358473731064641, 0.8860114777076503], [0.9743434141885641, 0.9618556310127081, 0.9420919245692555, 0.9686111573529869, 0.9275396625626173, 0.9568626647260521, -0.9125923461042196, 0.9558067561666976, 0.9318089971943949, 0.963118896024512, 0.9535557451164515, 0.9503739980168378, 0.9517701152535766, 0.9594365483757203, 0.961305050232351, 0.9547118449483816, 0.9169411085545063, 0.7600785458818607, 0.9511250045430334, 0.9162662913144646, 0.4403601236485536, -0.3332582613497268, 0.8358473731064641, 1.0, 0.9310493836391406], [0.9536591542729279, 0.9534538201199514, 0.978793726844065, 0.959744405149377, 0.9766231767879703, 0.9591736766933198, -0.9565655616757935, 0.9365493813548018, 0.9591231438602466, 0.9546800506516411, 0.9770760116064132, 0.9764025473898827, 0.9652589534405493, 0.9560522381505411, 0.9636670436355496, 0.9366682767902506, 0.7978202003697493, 0.6439787679090395, 0.9690671855448156, 0.8814619719765764, 0.2375061311274012, -0.17301031118348248, 0.8860114777076503, 0.9310493836391406, 1.0]], "x": ["^TAIEX       \u81fa\u7063\u52a0\u6b0a\u5831\u916c\u6307\u6578", "^TWII        \u81fa\u7063\u52a0\u6b0a\u6307\u6578", "^TAIEXx2     \u81fa\u7063\u52a0\u6b0a\u5831\u916c\u6307\u6578_\u65e5\u6b632", "^TAI50I      \u81fa\u706350\u5831\u916c\u6307\u6578", "^TAI50Ix2    \u81fa\u706350\u5831\u916c\u6307\u6578_\u65e5\u6b632", "^TAI100I     \u81fa\u7063\u4e2d\u578b100\u5831\u916c\u6307\u6578", "^TAI100Ix2   \u81fa\u7063\u4e2d\u578b100\u5831\u916c\u6307\u6578_\u65e5\u6b632", "^TAIDIVIDI   \u81fa\u7063\u9ad8\u80a1\u606f\u5831\u916c\u6307\u6578", "^TAIDIVIDIx2 \u81fa\u7063\u9ad8\u80a1\u606f\u5831\u916c\u6307\u6578_\u65e5\u6b632", "0050         \u5143\u5927\u81fa\u706350", "00631L       \u5143\u5927\u53f0\u706350\u6b632", "00675L       \u5bcc\u90a6\u81fa\u7063\u52a0\u6b0a\u6b632", "006208       \u5bcc\u90a6\u53f050", "0051         \u5143\u5927\u4e2d\u578b100", "006204       \u6c38\u8c50\u81fa\u7063\u52a0\u6b0a", "0056         \u5143\u5927\u9ad8\u80a1\u606f", "2412         \u4e2d\u83ef\u96fb\u4fe1", "2002         \u4e2d\u92fc", "2330         \u53f0\u7a4d\u96fb", "2317         \u9d3b\u6d77", "6505         \u53f0\u5851\u77f3\u5316", "3481         \u7fa4\u5275", "2303         \u806f\u96fb", "2308         \u53f0\u9054\u96fb", "2454         \u806f\u767c\u79d1"], "y": ["^TAIEX       \u81fa\u7063\u52a0\u6b0a\u5831\u916c\u6307\u6578", "^TWII        \u81fa\u7063\u52a0\u6b0a\u6307\u6578", "^TAIEXx2     \u81fa\u7063\u52a0\u6b0a\u5831\u916c\u6307\u6578_\u65e5\u6b632", "^TAI50I      \u81fa\u706350\u5831\u916c\u6307\u6578", "^TAI50Ix2    \u81fa\u706350\u5831\u916c\u6307\u6578_\u65e5\u6b632", "^TAI100I     \u81fa\u7063\u4e2d\u578b100\u5831\u916c\u6307\u6578", "^TAI100Ix2   \u81fa\u7063\u4e2d\u578b100\u5831\u916c\u6307\u6578_\u65e5\u6b632", "^TAIDIVIDI   \u81fa\u7063\u9ad8\u80a1\u606f\u5831\u916c\u6307\u6578", "^TAIDIVIDIx2 \u81fa\u7063\u9ad8\u80a1\u606f\u5831\u916c\u6307\u6578_\u65e5\u6b632", "0050         \u5143\u5927\u81fa\u706350", "00631L       \u5143\u5927\u53f0\u706350\u6b632", "00675L       \u5bcc\u90a6\u81fa\u7063\u52a0\u6b0a\u6b632", "006208       \u5bcc\u90a6\u53f050", "0051         \u5143\u5927\u4e2d\u578b100", "006204       \u6c38\u8c50\u81fa\u7063\u52a0\u6b0a", "0056         \u5143\u5927\u9ad8\u80a1\u606f", "2412         \u4e2d\u83ef\u96fb\u4fe1", "2002         \u4e2d\u92fc", "2330         \u53f0\u7a4d\u96fb", "2317         \u9d3b\u6d77", "6505         \u53f0\u5851\u77f3\u5316", "3481         \u7fa4\u5275", "2303         \u806f\u96fb", "2308         \u53f0\u9054\u96fb", "2454         \u806f\u767c\u79d1"], "zmin": -1, "zmax": 1, "colorbar": {"x": -0.2}}], "layout": {"autotypenumbers": "strict", "colorway": ["#636efa", "#EF553B", "#00cc96", "#ab63fa", "#FFA15A", "#19d3f3", "#FF6692", "#B6E880", "#FF97FF", "#FECB52"], "font": {"color": "#f2f5fa", "family": "Courier New"}, "hovermode": "closest", "hoverlabel": {"align": "left"}, "paper_bgcolor": "rgb(17,17,17)", "plot_bgcolor": "rgb(17,17,17)", "polar": {"bgcolor": "rgb(17,17,17)", "angularaxis": {"gridcolor": "#506784", "linecolor": "#506784", "ticks": ""}, "radialaxis": {"gridcolor": "#506784", "linecolor": "#506784", "ticks": ""}}, "ternary": {"bgcolor": "rgb(17,17,17)", "aaxis": {"gridcolor": "#506784", "linecolor": "#506784", "ticks": ""}, "baxis": {"gridcolor": "#506784", "linecolor": "#506784", "ticks": ""}, "caxis": {"gridcolor": "#506784", "linecolor": "#506784", "ticks": ""}}, "coloraxis": {"colorbar": {"outlinewidth": 0, "ticks": ""}}, "colorscale": {"sequential": [[0.0, "#0d0887"], [0.1111111111111111, "#46039f"], [0.2222222222222222, "#7201a8"], [0.3333333333333333, "#9c179e"], [0.4444444444444444, "#bd3786"], [0.5555555555555556, "#d8576b"], [0.6666666666666666, "#ed7953"], [0.7777777777777778, "#fb9f3a"], [0.8888888888888888, "#fdca26"], [1.0, "#f0f921"]], "sequentialminus": [[0.0, "#0d0887"], [0.1111111111111111, "#46039f"], [0.2222222222222222, "#7201a8"], [0.3333333333333333, "#9c179e"], [0.4444444444444444, "#bd3786"], [0.5555555555555556, "#d8576b"], [0.6666666666666666, "#ed7953"], [0.7777777777777778, "#fb9f3a"], [0.8888888888888888, "#fdca26"], [1.0, "#f0f921"]], "diverging": [[0, "#8e0152"], [0.1, "#c51b7d"], [0.2, "#de77ae"], [0.3, "#f1b6da"], [0.4, "#fde0ef"], [0.5, "#f7f7f7"], [0.6, "#e6f5d0"], [0.7, "#b8e186"], [0.8, "#7fbc41"], [0.9, "#4d9221"], [1, "#276419"]]}, "xaxis": {"gridcolor": "rgba(0, 0, 0, 0)", "linecolor": "#506784", "ticks": "", "title": {"standoff": 15}, "zerolinecolor": "#283442", "automargin": true, "zerolinewidth": 2, "tickfont": {"family": "Courier New", "size": 14}, "side": "top", "tickangle": -90}, "yaxis": {"gridcolor": "rgba(0, 0, 0, 0)", "linecolor": "#506784", "ticks": "", "title": {"standoff": 15}, "zerolinecolor": "#283442", "automargin": true, "zerolinewidth": 2, "tickfont": {"family": "Courier New"}, "side": "right"}, "scene": {"xaxis": {"backgroundcolor": "rgb(17,17,17)", "gridcolor": "#506784", "linecolor": "#506784", "showbackground": true, "ticks": "", "zerolinecolor": "#C8D4E3", "gridwidth": 2}, "yaxis": {"backgroundcolor": "rgb(17,17,17)", "gridcolor": "#506784", "linecolor": "#506784", "showbackground": true, "ticks": "", "zerolinecolor": "#C8D4E3", "gridwidth": 2}, "zaxis": {"backgroundcolor": "rgb(17,17,17)", "gridcolor": "#506784", "linecolor": "#506784", "showbackground": true, "ticks": "", "zerolinecolor": "#C8D4E3", "gridwidth": 2}}, "shapedefaults": {"line": {"color": "#f2f5fa"}}, "annotationdefaults": {"arrowcolor": "#f2f5fa", "arrowhead": 0, "arrowwidth": 1}, "geo": {"bgcolor": "rgb(17,17,17)", "landcolor": "rgb(17,17,17)", "subunitcolor": "#506784", "showland": true, "showlakes": true, "lakecolor": "rgb(17,17,17)"}, "title": {"x": 0.05, "font": {"family": "Times New Roman"}, "y": 0.05, "text": "<b>Correlation of Adj Close <b><br><i>2016/09/23 ~ 2025/07/09<i>"}, "updatemenudefaults": {"bgcolor": "#506784", "borderwidth": 0}, "sliderdefaults": {"bgcolor": "#C8D4E3", "borderwidth": 1, "bordercolor": "rgb(17,17,17)", "tickwidth": 0}, "mapbox": {"style": "dark"}, "height": 600}};

Plotly.newPlot("correlationAdjClose",
    correlationAdjClose.data,
    correlationAdjClose.layout || {},
    config);