var element=document.getElementById("correlationClose");if(element.style.display!='none'){var correlationClose={"data":[{"type":"heatmap","z":[[1.0,0.9999999999999974,1.0,0.9949560505221948,0.9949560505221948,0.9705956755150899,0.9705956755150899,0.9123918368175206,0.9123918368175206,0.766549379763316,0.9949234624120017,0.7133025462000995,0.9904470914432565,0.991143614865512,0.9950248272689776,0.9765093729738661,0.9992253460317494,0.9102826707424454,0.9102826707424454,0.7743935306149156,-0.1773624478605486,0.9797010745350723,0.2313743071607384,-0.1512762424042272,-0.23504435989007302,0.820629018275062,0.9020835011427993,0.9239912184517287,0.9133169453263572,0.7874319589333079,0.6247716436623008,0.6506864222819696,0.6153205681912963,0.9332723609752389,0.8566425374789393,0.24148644805714412],[0.9999999999999974,1.0,0.9999999999999977,0.9949241653925148,0.9949241653925148,0.9701437998632725,0.9701437998632725,0.9131485638754024,0.9131485638754024,0.7681706316118975,0.9949167830115321,0.7151815434747408,0.9901642691644654,0.9906962072680364,0.9950203716833893,0.976046151984283,0.9992229721783954,0.9103491163823393,0.9103491163823393,0.7921211572915733,0.03413779843501723,0.9722560486167973,-0.00012605438424605328,-0.14350931793154667,-0.2354768104045586,0.6634915571537364,0.9015977933558406,0.9023720129611253,0.9090670980147876,0.796214043634915,0.6159652931176974,0.6481179854136785,0.6402537871801798,0.9316547157553867,0.7251823248718371,0.23765660774480304],[1.0,0.9999999999999977,1.0,0.9949560505221948,0.9949560505221948,0.9705956755150899,0.9705956755150899,0.9123918368175206,0.9123918368175206,0.766549379763316,0.9949234624120017,0.7133025462000995,0.9904470914432565,0.991143614865512,0.9950248272689776,0.9765093729738661,0.9992253460317494,0.9102826707424454,0.9102826707424454,0.7743935306149156,-0.1773624478605486,0.9797010745350723,0.2313743071607384,-0.1512762424042272,-0.23504435989007302,0.820629018275062,0.9020835011427993,0.9239912184517287,0.9133169453263572,0.7874319589333079,0.6247716436623008,0.6506864222819696,0.6153205681912963,0.9332723609752389,0.8566425374789393,0.24148644805714412],[0.9949560505221948,0.9949241653925148,0.9949560505221948,1.0,1.0,0.9578159261108331,0.9578159261108331,0.8951912430493845,0.8951912430493845,0.7296789522655424,0.9996122876644407,0.6754038711247919,0.9923146125786845,0.9905834217483228,0.9995628936499998,0.9591556279011294,0.995048892110204,0.8818325180524682,0.8818325180524682,0.7446487042038665,-0.1852654408544304,0.9920378480657647,0.26018949008404474,-0.1873590283348272,-0.2317822404849672,0.8075941616449752,0.9207446992099576,0.923105950707178,0.8916364879085784,0.786893348429122,0.6546375908260228,0.6411858705937281,0.5812149888664639,0.9197989064798193,0.8480040655469063,0.2558032864883464],[0.9949560505221948,0.9949241653925148,0.9949560505221948,1.0,1.0,0.9578159261108331,0.9578159261108331,0.8951912430493845,0.8951912430493845,0.7296789522655424,0.9996122876644407,0.6754038711247919,0.9923146125786845,0.9905834217483228,0.9995628936499998,0.9591556279011294,0.995048892110204,0.8818325180524682,0.8818325180524682,0.7446487042038665,-0.1852654408544304,0.9920378480657647,0.26018949008404474,-0.1873590283348272,-0.2317822404849672,0.8075941616449752,0.9207446992099576,0.923105950707178,0.8916364879085784,0.786893348429122,0.6546375908260228,0.6411858705937281,0.5812149888664639,0.9197989064798193,0.8480040655469063,0.2558032864883464],[0.9705956755150899,0.9701437998632725,0.9705956755150899,0.9578159261108331,0.9578159261108331,1.0,1.0,0.9367305383387378,0.9367305383387378,0.7453364051830287,0.9565315118634075,0.722836119701501,0.9636748966642619,0.9609736908233227,0.9565541049505412,0.9990783399168359,0.9766791629571582,0.915339128596831,0.915339128596831,0.6536397483739337,-0.13132009167576647,0.9443271337237868,0.37118180528758005,-0.32309580800345583,-0.11540438842342465,0.8846329845596433,0.8571463014884119,0.9398960297351756,0.8936124310907794,0.7567563988515881,0.7860748036246253,0.7460916310401633,0.6885235624316425,0.8718125023608124,0.8828837750346196,0.5074616483096736],[0.9705956755150899,0.9701437998632725,0.9705956755150899,0.9578159261108331,0.9578159261108331,1.0,1.0,0.9367305383387378,0.9367305383387378,0.7453364051830287,0.9565315118634075,0.722836119701501,0.9636748966642619,0.9609736908233227,0.9565541049505412,0.9990783399168359,0.9766791629571582,0.915339128596831,0.915339128596831,0.6536397483739337,-0.13132009167576647,0.9443271337237868,0.37118180528758005,-0.32309580800345583,-0.11540438842342465,0.8846329845596433,0.8571463014884119,0.9398960297351756,0.8936124310907794,0.7567563988515881,0.7860748036246253,0.7460916310401633,0.6885235624316425,0.8718125023608124,0.8828837750346196,0.5074616483096736],[0.9123918368175206,0.9131485638754024,0.9123918368175206,0.8951912430493845,0.8951912430493845,0.9367305383387378,0.9367305383387378,1.0,1.0,0.7118028936589742,0.9362756095536119,0.7225284882557753,0.9281000082915664,0.9226118672802162,0.9364205090319224,0.9385264488341369,0.9465182166740516,0.9699193977369827,0.9699193977369827,0.6052641177026857,-0.010328458845449593,0.8607238994864336,0.5866674477952428,-0.3503327198733282,0.011935398914830905,0.7992658106580756,0.7539591237985308,0.8868179005149156,0.8568810212314798,0.7717073055124323,0.8861361609805409,0.7907364980380542,0.7098486242809485,0.811310083012249,0.8653263492764486,0.8203090121696212],[0.9123918368175206,0.9131485638754024,0.9123918368175206,0.8951912430493845,0.8951912430493845,0.9367305383387378,0.9367305383387378,1.0,1.0,0.7118028936589742,0.9362756095536119,0.7225284882557753,0.9281000082915664,0.9226118672802162,0.9364205090319224,0.9385264488341369,0.9465182166740516,0.9699193977369827,0.9699193977369827,0.6052641177026857,-0.010328458845449593,0.8607238994864336,0.5866674477952428,-0.3503327198733282,0.011935398914830905,0.7992658106580756,0.7539591237985308,0.8868179005149156,0.8568810212314798,0.7717073055124323,0.8861361609805409,0.7907364980380542,0.7098486242809485,0.811310083012249,0.8653263492764486,0.8203090121696212],[0.766549379763316,0.7681706316118975,0.766549379763316,0.7296789522655424,0.7296789522655424,0.7453364051830287,0.7453364051830287,0.7118028936589742,0.7118028936589742,1.0,0.5958314197969312,0.9999697031696306,0.4943917925356427,0.3887059402611443,0.5979906587422771,0.740553886198459,0.6616089774859477,0.7993913364248358,0.7993913364248358,0.6883197927774711,-0.09773265255078592,0.6979014441784729,0.03561052636442616,0.04965665853162783,-0.2428776071077729,0.768520860213425,0.46481290561220956,0.7291750485574553,0.8045997817546899,0.6740043704068029,0.3347635140531524,0.5241198944443866,0.562460844233792,0.774224183917789,0.6246541561563336,0.16873583688097066],[0.9949234624120017,0.9949167830115321,0.9949234624120017,0.9996122876644407,0.9996122876644407,0.9565315118634075,0.9565315118634075,0.9362756095536119,0.9362756095536119,0.5958314197969312,1.0,0.5956850696505943,0.991771521421011,0.9903355499877712,0.9999379646829334,0.9544793548919485,0.9944448784469645,0.8911195210064883,0.8911195210064883,0.8506491956868757,-0.05361742119529973,0.9969213283663135,0.9049044886950316,-0.5361348935728609,0.4221119056287253,0.8149318874785296,0.8936819439780679,0.9363958881054353,0.8819100937372295,0.8131489802502688,0.9315525584513198,0.8565465087862167,0.7395389414434007,0.9023291306474387,0.950923655286007,0.8126387249090811],[0.7133025462000995,0.7151815434747408,0.7133025462000995,0.6754038711247919,0.6754038711247919,0.722836119701501,0.722836119701501,0.7225284882557753,0.7225284882557753,0.9999697031696306,0.5956850696505943,1.0,0.49514328679273395,0.389283087458504,0.5985968943710942,0.7310092624173588,0.6620956937653782,0.7937550393871536,0.7937550393871536,0.6435300214379843,0.03224431924300166,0.6474402189499687,0.39823417702126196,-0.16341785957152685,-0.23190441678501844,0.7952292757290638,0.3658467438399141,0.698189154993292,0.7743009551695156,0.6944169467758408,0.5293113373604605,0.6899440801953253,0.678062603494688,0.7264684529375026,0.6036288188657485,0.636431692476826],[0.9904470914432565,0.9901642691644654,0.9904470914432565,0.9923146125786845,0.9923146125786845,0.9636748966642619,0.9636748966642619,0.9281000082915664,0.9281000082915664,0.4943917925356427,0.991771521421011,0.49514328679273395,1.0,0.9998271811140677,0.9916524762041719,0.9591834882368283,0.989028638897716,0.8659720988991502,0.8659720988991502,0.828639097561549,-0.03661220160992953,0.9912449105705231,0.9165641554961852,-0.666160552569445,0.4936357645654027,0.7762205661003441,0.9137433876908898,0.9334369481256461,0.8547561683770204,0.7509563955852021,0.9315278827856894,0.8229112587033673,0.6972282390110931,0.8795143712059305,0.9559652122864445,0.8362149396617956],[0.991143614865512,0.9906962072680364,0.991143614865512,0.9905834217483228,0.9905834217483228,0.9609736908233227,0.9609736908233227,0.9226118672802162,0.9226118672802162,0.3887059402611443,0.9903355499877712,0.389283087458504,0.9998271811140677,1.0,0.990345916296984,0.9556129521719412,0.9890574269981082,0.849527010522142,0.849527010522142,0.8510609172583046,-0.1587598017982138,0.9885463073623733,0.9204808845566042,-0.8128645840757284,0.5293255965521005,0.7270912726539813,0.9202843946719199,0.9252997772463788,0.8359570636098238,0.6957450861372922,0.9379090322941305,0.8159520157141683,0.6317971480478272,0.8963634309993598,0.9569346675702353,0.8160485303032149],[0.9950248272689776,0.9950203716833893,0.9950248272689776,0.9995628936499998,0.9995628936499998,0.9565541049505412,0.9565541049505412,0.9364205090319224,0.9364205090319224,0.5979906587422771,0.9999379646829334,0.5985968943710942,0.9916524762041719,0.990345916296984,1.0,0.9546386304507086,0.9945533816650795,0.8920404076178624,0.8920404076178624,0.8517084414262843,-0.05260431947706053,0.9967596951531955,0.9042704146981106,-0.5333660778114102,0.4213546631473569,0.8157437471835216,0.8920551910125879,0.9359650325834794,0.8828540342451059,0.8143451097314786,0.9309253314233861,0.8578583725719968,0.7412731183847495,0.9024721736144005,0.9509824845201597,0.8129462261943925],[0.9765093729738661,0.976046151984283,0.9765093729738661,0.9591556279011294,0.9591556279011294,0.9990783399168359,0.9990783399168359,0.9385264488341369,0.9385264488341369,0.740553886198459,0.9544793548919485,0.7310092624173588,0.9591834882368283,0.9556129521719412,0.9546386304507086,1.0,0.9763872847799798,0.917021564423886,0.917021564423886,0.7023856901130838,-0.11631755126110811,0.9482260142351407,0.6872219563096913,-0.45247969780376485,-0.15073226952324756,0.896021057884207,0.8459807481271864,0.936275986892486,0.901454551280243,0.7912259053543456,0.8745155715453392,0.7917789864994126,0.7458314534416121,0.8927448103462547,0.87967253348916,0.8121296977967412],[0.9992253460317494,0.9992229721783954,0.9992253460317494,0.995048892110204,0.995048892110204,0.9766791629571582,0.9766791629571582,0.9465182166740516,0.9465182166740516,0.6616089774859477,0.9944448784469645,0.6620956937653782,0.989028638897716,0.9890574269981082,0.9945533816650795,0.9763872847799798,1.0,0.9203022398866255,0.9203022398866255,0.8635039428256139,-0.03584092634655881,0.9881168232557085,0.8774975317602892,-0.5179958338183593,0.4320994295483888,0.8617530600277341,0.8793430509728211,0.9485330930117478,0.9150279739086046,0.8347144975897073,0.9198702014070907,0.8901912033442493,0.7870579526167626,0.9173075947298681,0.959356682767812,0.8581040004963743],[0.9102826707424454,0.9103491163823393,0.9102826707424454,0.8818325180524682,0.8818325180524682,0.915339128596831,0.915339128596831,0.9699193977369827,0.9699193977369827,0.7993913364248358,0.8911195210064883,0.7937550393871536,0.8659720988991502,0.849527010522142,0.8920404076178624,0.917021564423886,0.9203022398866255,1.0,1.0,0.7523486289696145,-0.061133388228504684,0.8463813234252127,0.5801077485627953,-0.23252977845359343,-0.19824883636635549,0.8358564751339397,0.7010755470184655,0.8440177700890997,0.9202714505589014,0.8468056991091006,0.7992947221548108,0.7677574332667098,0.7079490209842275,0.8538811588951806,0.7876827498872104,0.858505766343048],[0.9102826707424454,0.9103491163823393,0.9102826707424454,0.8818325180524682,0.8818325180524682,0.915339128596831,0.915339128596831,0.9699193977369827,0.9699193977369827,0.7993913364248358,0.8911195210064883,0.7937550393871536,0.8659720988991502,0.849527010522142,0.8920404076178624,0.917021564423886,0.9203022398866255,1.0,1.0,0.7523486289696145,-0.061133388228504684,0.8463813234252127,0.5801077485627953,-0.23252977845359343,-0.19824883636635549,0.8358564751339397,0.7010755470184655,0.8440177700890997,0.9202714505589014,0.8468056991091006,0.7992947221548108,0.7677574332667098,0.7079490209842275,0.8538811588951806,0.7876827498872104,0.858505766343048],[0.7743935306149156,0.7921211572915733,0.7743935306149156,0.7446487042038665,0.7446487042038665,0.6536397483739337,0.6536397483739337,0.6052641177026857,0.6052641177026857,0.6883197927774711,0.8506491956868757,0.6435300214379843,0.828639097561549,0.8510609172583046,0.8517084414262843,0.7023856901130838,0.8635039428256139,0.7523486289696145,0.7523486289696145,1.0,0.020422531328960155,0.7055577770639659,-0.3231205974273612,0.2852166851784838,-0.6489269048019335,0.3756992887192835,0.6585183625724157,0.528054162060545,0.8407614880970538,0.7042233674235008,0.1626549042115171,0.3319200715625921,0.5721370353004149,0.7869933867108072,0.4987837187705055,-0.11850573889679342],[-0.1773624478605486,0.03413779843501723,-0.1773624478605486,-0.1852654408544304,-0.1852654408544304,-0.13132009167576647,-0.13132009167576647,-0.010328458845449593,-0.010328458845449593,-0.09773265255078592,-0.05361742119529973,0.03224431924300166,-0.03661220160992953,-0.1587598017982138,-0.05260431947706053,-0.11631755126110811,-0.03584092634655881,-0.061133388228504684,-0.061133388228504684,0.020422531328960155,1.0,-0.12122582124757134,0.08903000560196707,0.17272954808519989,0.7437768560719004,-0.10625817488078768,-0.08358762932443782,-0.04317487749425692,0.1413913684874775,-0.022754109803411648,0.002739430109302805,0.2993484539578621,0.5555688694023952,-0.14496193250144507,0.07561164809101881,0.13590639641952468],[0.9797010745350723,0.9722560486167973,0.9797010745350723,0.9920378480657647,0.9920378480657647,0.9443271337237868,0.9443271337237868,0.8607238994864336,0.8607238994864336,0.6979014441784729,0.9969213283663135,0.6474402189499687,0.9912449105705231,0.9885463073623733,0.9967596951531955,0.9482260142351407,0.9881168232557085,0.8463813234252127,0.8463813234252127,0.7055577770639659,-0.12122582124757134,1.0,0.1668480138057556,-0.23899596838636186,-0.27499281194367936,0.6756881521176372,0.9261891444818963,0.9069552509782327,0.8357930376114743,0.7545474696022756,0.6563276918734087,0.6090960411289142,0.5136589614083338,0.8980681877352441,0.7066379857313834,0.23863597624762478],[0.2313743071607384,-0.00012605438424605328,0.2313743071607384,0.26018949008404474,0.26018949008404474,0.37118180528758005,0.37118180528758005,0.5866674477952428,0.5866674477952428,0.03561052636442616,0.9049044886950316,0.39823417702126196,0.9165641554961852,0.9204808845566042,0.9042704146981106,0.6872219563096913,0.8774975317602892,0.5801077485627953,0.5801077485627953,-0.3231205974273612,0.08903000560196707,0.1668480138057556,1.0,-0.4752965572305066,0.691184113242995,0.4024239593588702,0.19374196126806975,0.3596479781645708,-0.05479056164058126,0.12167115251592009,0.6213146623191477,0.5008548172835229,0.212769864964239,0.06440779611370688,0.424185847959826,0.4874925229382261],[-0.1512762424042272,-0.14350931793154667,-0.1512762424042272,-0.1873590283348272,-0.1873590283348272,-0.32309580800345583,-0.32309580800345583,-0.3503327198733282,-0.3503327198733282,0.04965665853162783,-0.5361348935728609,-0.16341785957152685,-0.666160552569445,-0.8128645840757284,-0.5333660778114102,-0.45247969780376485,-0.5179958338183593,-0.23252977845359343,-0.23252977845359343,0.2852166851784838,0.17272954808519989,-0.23899596838636186,-0.4752965572305066,1.0,-0.024671004127342057,-0.192778134915907,-0.23905013104798029,-0.3321980776904335,-0.07418627683001744,-0.10609768291305224,-0.5766028112507535,-0.2247145326149489,-0.039026430566785154,-0.08561852258741916,-0.25764294999965165,-0.4230665203322318],[-0.23504435989007302,-0.2354768104045586,-0.23504435989007302,-0.2317822404849672,-0.2317822404849672,-0.11540438842342465,-0.11540438842342465,0.011935398914830905,0.011935398914830905,-0.2428776071077729,0.4221119056287253,-0.23190441678501844,0.4936357645654027,0.5293255965521005,0.4213546631473569,-0.15073226952324756,0.4320994295483888,-0.19824883636635549,-0.19824883636635549,-0.6489269048019335,0.7437768560719004,-0.27499281194367936,0.691184113242995,-0.024671004127342057,1.0,-0.10614722286642246,-0.20176468811283782,-0.06637899052516591,-0.34716145000358567,-0.32429744695743057,0.05838737979636815,0.15541226043165254,0.2602491293153216,-0.3681516895921704,0.1004128662878515,0.08506628198200981],[0.820629018275062,0.6634915571537364,0.820629018275062,0.8075941616449752,0.8075941616449752,0.8846329845596433,0.8846329845596433,0.7992658106580756,0.7992658106580756,0.768520860213425,0.8149318874785296,0.7952292757290638,0.7762205661003441,0.7270912726539813,0.8157437471835216,0.896021057884207,0.8617530600277341,0.8358564751339397,0.8358564751339397,0.3756992887192835,-0.10625817488078768,0.6756881521176372,0.4024239593588702,-0.192778134915907,-0.10614722286642246,1.0,0.5513621715328431,0.845603715692036,0.5146069951817758,0.6455771082419848,0.5811454500594876,0.6721296414489888,0.4331397077765596,0.7210825903225374,0.7175477213532486,0.4403366351496831],[0.9020835011427993,0.9015977933558406,0.9020835011427993,0.9207446992099576,0.9207446992099576,0.8571463014884119,0.8571463014884119,0.7539591237985308,0.7539591237985308,0.46481290561220956,0.8936819439780679,0.3658467438399141,0.9137433876908898,0.9202843946719199,0.8920551910125879,0.8459807481271864,0.8793430509728211,0.7010755470184655,0.7010755470184655,0.6585183625724157,-0.08358762932443782,0.9261891444818963,0.19374196126806975,-0.23905013104798029,-0.20176468811283782,0.5513621715328431,1.0,0.8056109432996739,0.7349789463013605,0.6509118244547917,0.5928339527527098,0.510551756870352,0.47215158046527034,0.8128348572943142,0.6626311029285287,0.1865830856340425],[0.9239912184517287,0.9023720129611253,0.9239912184517287,0.923105950707178,0.923105950707178,0.9398960297351756,0.9398960297351756,0.8868179005149156,0.8868179005149156,0.7291750485574553,0.9363958881054353,0.698189154993292,0.9334369481256461,0.9252997772463788,0.9359650325834794,0.936275986892486,0.9485330930117478,0.8440177700890997,0.8440177700890997,0.528054162060545,-0.04317487749425692,0.9069552509782327,0.3596479781645708,-0.3321980776904335,-0.06637899052516591,0.845603715692036,0.8056109432996739,1.0,0.7618725846590091,0.635954547316151,0.6507606061718603,0.6223579507645729,0.5329606006934626,0.8337296992321165,0.8539759472802195,0.2644286840503099],[0.9133169453263572,0.9090670980147876,0.9133169453263572,0.8916364879085784,0.8916364879085784,0.8936124310907794,0.8936124310907794,0.8568810212314798,0.8568810212314798,0.8045997817546899,0.8819100937372295,0.7743009551695156,0.8547561683770204,0.8359570636098238,0.8828540342451059,0.901454551280243,0.9150279739086046,0.9202714505589014,0.9202714505589014,0.8407614880970538,0.1413913684874775,0.8357930376114743,-0.05479056164058126,-0.07418627683001744,-0.34716145000358567,0.5146069951817758,0.7349789463013605,0.7618725846590091,1.0,0.9106835172428337,0.5726588124510036,0.7015173997382002,0.6695532610541606,0.8836742611279044,0.5359625393793582,0.3239966943323623],[0.7874319589333079,0.796214043634915,0.7874319589333079,0.786893348429122,0.786893348429122,0.7567563988515881,0.7567563988515881,0.7717073055124323,0.7717073055124323,0.6740043704068029,0.8131489802502688,0.6944169467758408,0.7509563955852021,0.6957450861372922,0.8143451097314786,0.7912259053543456,0.8347144975897073,0.8468056991091006,0.8468056991091006,0.7042233674235008,-0.022754109803411648,0.7545474696022756,0.12167115251592009,-0.10609768291305224,-0.32429744695743057,0.6455771082419848,0.6509118244547917,0.635954547316151,0.9106835172428337,1.0,0.60786630533421,0.6853510615205332,0.6143242468487417,0.7473612328468157,0.6131589329376276,0.4931016434301004],[0.6247716436623008,0.6159652931176974,0.6247716436623008,0.6546375908260228,0.6546375908260228,0.7860748036246253,0.7860748036246253,0.8861361609805409,0.8861361609805409,0.3347635140531524,0.9315525584513198,0.5293113373604605,0.9315278827856894,0.9379090322941305,0.9309253314233861,0.8745155715453392,0.9198702014070907,0.7992947221548108,0.7992947221548108,0.1626549042115171,0.002739430109302805,0.6563276918734087,0.6213146623191477,-0.5766028112507535,0.05838737979636815,0.5811454500594876,0.5928339527527098,0.6507606061718603,0.5726588124510036,0.60786630533421,1.0,0.7496171043566916,0.38960394744145155,0.551386961347459,0.6419201881460997,0.7547706771577527],[0.6506864222819696,0.6481179854136785,0.6506864222819696,0.6411858705937281,0.6411858705937281,0.7460916310401633,0.7460916310401633,0.7907364980380542,0.7907364980380542,0.5241198944443866,0.8565465087862167,0.6899440801953253,0.8229112587033673,0.8159520157141683,0.8578583725719968,0.7917789864994126,0.8901912033442493,0.7677574332667098,0.7677574332667098,0.3319200715625921,0.2993484539578621,0.6090960411289142,0.5008548172835229,-0.2247145326149489,0.15541226043165254,0.6721296414489888,0.510551756870352,0.6223579507645729,0.7015173997382002,0.6853510615205332,0.7496171043566916,1.0,0.7792986500438706,0.5261909833187463,0.7382981521963081,0.5647736775528298],[0.6153205681912963,0.6402537871801798,0.6153205681912963,0.5812149888664639,0.5812149888664639,0.6885235624316425,0.6885235624316425,0.7098486242809485,0.7098486242809485,0.562460844233792,0.7395389414434007,0.678062603494688,0.6972282390110931,0.6317971480478272,0.7412731183847495,0.7458314534416121,0.7870579526167626,0.7079490209842275,0.7079490209842275,0.5721370353004149,0.5555688694023952,0.5136589614083338,0.212769864964239,-0.039026430566785154,0.2602491293153216,0.4331397077765596,0.47215158046527034,0.5329606006934626,0.6695532610541606,0.6143242468487417,0.38960394744145155,0.7792986500438706,1.0,0.499061152448548,0.6591108513622327,0.21512442237245216],[0.9332723609752389,0.9316547157553867,0.9332723609752389,0.9197989064798193,0.9197989064798193,0.8718125023608124,0.8718125023608124,0.811310083012249,0.811310083012249,0.774224183917789,0.9023291306474387,0.7264684529375026,0.8795143712059305,0.8963634309993598,0.9024721736144005,0.8927448103462547,0.9173075947298681,0.8538811588951806,0.8538811588951806,0.7869933867108072,-0.14496193250144507,0.8980681877352441,0.06440779611370688,-0.08561852258741916,-0.3681516895921704,0.7210825903225374,0.8128348572943142,0.8337296992321165,0.8836742611279044,0.7473612328468157,0.551386961347459,0.5261909833187463,0.499061152448548,1.0,0.7584966907559967,0.21350066313839136],[0.8566425374789393,0.7251823248718371,0.8566425374789393,0.8480040655469063,0.8480040655469063,0.8828837750346196,0.8828837750346196,0.8653263492764486,0.8653263492764486,0.6246541561563336,0.950923655286007,0.6036288188657485,0.9559652122864445,0.9569346675702353,0.9509824845201597,0.87967253348916,0.959356682767812,0.7876827498872104,0.7876827498872104,0.4987837187705055,0.07561164809101881,0.7066379857313834,0.424185847959826,-0.25764294999965165,0.1004128662878515,0.7175477213532486,0.6626311029285287,0.8539759472802195,0.5359625393793582,0.6131589329376276,0.6419201881460997,0.7382981521963081,0.6591108513622327,0.7584966907559967,1.0,0.23230369518735489],[0.24148644805714412,0.23765660774480304,0.24148644805714412,0.2558032864883464,0.2558032864883464,0.5074616483096736,0.5074616483096736,0.8203090121696212,0.8203090121696212,0.16873583688097066,0.8126387249090811,0.636431692476826,0.8362149396617956,0.8160485303032149,0.8129462261943925,0.8121296977967412,0.8581040004963743,0.858505766343048,0.858505766343048,-0.11850573889679342,0.13590639641952468,0.23863597624762478,0.4874925229382261,-0.4230665203322318,0.08506628198200981,0.4403366351496831,0.1865830856340425,0.2644286840503099,0.3239966943323623,0.4931016434301004,0.7547706771577527,0.5647736775528298,0.21512442237245216,0.21350066313839136,0.23230369518735489,1.0]],"x":["^TAIEX       \u81fa\u7063\u52a0\u6b0a\u5831\u916c\u6307\u6578","^TWII        \u81fa\u7063\u52a0\u6b0a\u6307\u6578","^TAIEXx2     \u81fa\u7063\u52a0\u6b0a\u5831\u916c\u6307\u6578_\u65e5\u6b632","^TAI50I      \u81fa\u706350\u5831\u916c\u6307\u6578","^TAI50Ix2    \u81fa\u706350\u5831\u916c\u6307\u6578_\u65e5\u6b632","^TAI100I     \u81fa\u7063\u4e2d\u578b100\u5831\u916c\u6307\u6578","^TAI100Ix2   \u81fa\u7063\u4e2d\u578b100\u5831\u916c\u6307\u6578_\u65e5\u6b632","^TAIDIVIDI   \u81fa\u7063\u9ad8\u80a1\u606f\u5831\u916c\u6307\u6578","^TAIDIVIDIx2 \u81fa\u7063\u9ad8\u80a1\u606f\u5831\u916c\u6307\u6578_\u65e5\u6b632","0050Fund     \u5143\u5927\u53f0\u7063\u5353\u8d8a50\u57fa\u91d1","006208Fund   \u5bcc\u90a6\u53f0\u7063\u91c6\u540950\u57fa\u91d1","0050         \u5143\u5927\u81fa\u706350","00631L       \u5143\u5927\u53f0\u706350\u6b632","00675L       \u5bcc\u90a6\u81fa\u7063\u52a0\u6b0a\u6b632","006208       \u5bcc\u90a6\u53f050","0051         \u5143\u5927\u4e2d\u578b100","006204       \u6c38\u8c50\u81fa\u7063\u52a0\u6b0a","0056         \u5143\u5927\u9ad8\u80a1\u606f","0056         \u5143\u5927\u9ad8\u80a1\u606f_\u80a1\u606f\u4e0d\u6295\u5165","2412         \u4e2d\u83ef\u96fb\u4fe1","2002         \u4e2d\u92fc","2330         \u53f0\u7a4d\u96fb","2317         \u9d3b\u6d77","6505         \u53f0\u5851\u77f3\u5316","3481         \u7fa4\u5275","2303         \u806f\u96fb","2308         \u53f0\u9054\u96fb","2454         \u806f\u767c\u79d1","2886         \u5146\u8c50\u91d1","2884         \u7389\u5c71\u91d1","2891         \u4e2d\u4fe1\u91d1","2892         \u7b2c\u4e00\u91d1","5880         \u5408\u5eab\u91d1","2881         \u5bcc\u90a6\u91d1","2885         \u5143\u5927\u91d1","2887         \u53f0\u65b0\u91d1"],"y":["^TAIEX       \u81fa\u7063\u52a0\u6b0a\u5831\u916c\u6307\u6578","^TWII        \u81fa\u7063\u52a0\u6b0a\u6307\u6578","^TAIEXx2     \u81fa\u7063\u52a0\u6b0a\u5831\u916c\u6307\u6578_\u65e5\u6b632","^TAI50I      \u81fa\u706350\u5831\u916c\u6307\u6578","^TAI50Ix2    \u81fa\u706350\u5831\u916c\u6307\u6578_\u65e5\u6b632","^TAI100I     \u81fa\u7063\u4e2d\u578b100\u5831\u916c\u6307\u6578","^TAI100Ix2   \u81fa\u7063\u4e2d\u578b100\u5831\u916c\u6307\u6578_\u65e5\u6b632","^TAIDIVIDI   \u81fa\u7063\u9ad8\u80a1\u606f\u5831\u916c\u6307\u6578","^TAIDIVIDIx2 \u81fa\u7063\u9ad8\u80a1\u606f\u5831\u916c\u6307\u6578_\u65e5\u6b632","0050Fund     \u5143\u5927\u53f0\u7063\u5353\u8d8a50\u57fa\u91d1","006208Fund   \u5bcc\u90a6\u53f0\u7063\u91c6\u540950\u57fa\u91d1","0050         \u5143\u5927\u81fa\u706350","00631L       \u5143\u5927\u53f0\u706350\u6b632","00675L       \u5bcc\u90a6\u81fa\u7063\u52a0\u6b0a\u6b632","006208       \u5bcc\u90a6\u53f050","0051         \u5143\u5927\u4e2d\u578b100","006204       \u6c38\u8c50\u81fa\u7063\u52a0\u6b0a","0056         \u5143\u5927\u9ad8\u80a1\u606f","0056         \u5143\u5927\u9ad8\u80a1\u606f_\u80a1\u606f\u4e0d\u6295\u5165","2412         \u4e2d\u83ef\u96fb\u4fe1","2002         \u4e2d\u92fc","2330         \u53f0\u7a4d\u96fb","2317         \u9d3b\u6d77","6505         \u53f0\u5851\u77f3\u5316","3481         \u7fa4\u5275","2303         \u806f\u96fb","2308         \u53f0\u9054\u96fb","2454         \u806f\u767c\u79d1","2886         \u5146\u8c50\u91d1","2884         \u7389\u5c71\u91d1","2891         \u4e2d\u4fe1\u91d1","2892         \u7b2c\u4e00\u91d1","5880         \u5408\u5eab\u91d1","2881         \u5bcc\u90a6\u91d1","2885         \u5143\u5927\u91d1","2887         \u53f0\u65b0\u91d1"],"zmin":-1,"zmax":1,"colorbar":{"x":-0.2}}],"layout":{"autotypenumbers":"strict","colorway":["#636efa","#EF553B","#00cc96","#ab63fa","#FFA15A","#19d3f3","#FF6692","#B6E880","#FF97FF","#FECB52"],"font":{"color":"#f2f5fa","family":"Courier New"},"hovermode":"closest","hoverlabel":{"align":"left"},"paper_bgcolor":"rgb(17,17,17)","plot_bgcolor":"rgb(17,17,17)","polar":{"bgcolor":"rgb(17,17,17)","angularaxis":{"gridcolor":"#506784","linecolor":"#506784","ticks":""},"radialaxis":{"gridcolor":"#506784","linecolor":"#506784","ticks":""}},"ternary":{"bgcolor":"rgb(17,17,17)","aaxis":{"gridcolor":"#506784","linecolor":"#506784","ticks":""},"baxis":{"gridcolor":"#506784","linecolor":"#506784","ticks":""},"caxis":{"gridcolor":"#506784","linecolor":"#506784","ticks":""}},"coloraxis":{"colorbar":{"outlinewidth":0,"ticks":""}},"colorscale":{"sequential":[[0.0,"#0d0887"],[0.1111111111111111,"#46039f"],[0.2222222222222222,"#7201a8"],[0.3333333333333333,"#9c179e"],[0.4444444444444444,"#bd3786"],[0.5555555555555556,"#d8576b"],[0.6666666666666666,"#ed7953"],[0.7777777777777778,"#fb9f3a"],[0.8888888888888888,"#fdca26"],[1.0,"#f0f921"]],"sequentialminus":[[0.0,"#0d0887"],[0.1111111111111111,"#46039f"],[0.2222222222222222,"#7201a8"],[0.3333333333333333,"#9c179e"],[0.4444444444444444,"#bd3786"],[0.5555555555555556,"#d8576b"],[0.6666666666666666,"#ed7953"],[0.7777777777777778,"#fb9f3a"],[0.8888888888888888,"#fdca26"],[1.0,"#f0f921"]],"diverging":[[0,"#8e0152"],[0.1,"#c51b7d"],[0.2,"#de77ae"],[0.3,"#f1b6da"],[0.4,"#fde0ef"],[0.5,"#f7f7f7"],[0.6,"#e6f5d0"],[0.7,"#b8e186"],[0.8,"#7fbc41"],[0.9,"#4d9221"],[1,"#276419"]]},"xaxis":{"gridcolor":"rgba(0, 0, 0, 0)","linecolor":"#506784","ticks":"","title":{"standoff":15},"zerolinecolor":"#283442","automargin":true,"zerolinewidth":2,"tickfont":{"family":"Courier New","size":14},"side":"top","tickangle":-90},"yaxis":{"gridcolor":"rgba(0, 0, 0, 0)","linecolor":"#506784","ticks":"","title":{"standoff":15},"zerolinecolor":"#283442","automargin":true,"zerolinewidth":2,"tickfont":{"family":"Courier New"},"side":"right"},"scene":{"xaxis":{"backgroundcolor":"rgb(17,17,17)","gridcolor":"#506784","linecolor":"#506784","showbackground":true,"ticks":"","zerolinecolor":"#C8D4E3","gridwidth":2},"yaxis":{"backgroundcolor":"rgb(17,17,17)","gridcolor":"#506784","linecolor":"#506784","showbackground":true,"ticks":"","zerolinecolor":"#C8D4E3","gridwidth":2},"zaxis":{"backgroundcolor":"rgb(17,17,17)","gridcolor":"#506784","linecolor":"#506784","showbackground":true,"ticks":"","zerolinecolor":"#C8D4E3","gridwidth":2}},"shapedefaults":{"line":{"color":"#f2f5fa"}},"annotationdefaults":{"arrowcolor":"#f2f5fa","arrowhead":0,"arrowwidth":1},"geo":{"bgcolor":"rgb(17,17,17)","landcolor":"rgb(17,17,17)","subunitcolor":"#506784","showland":true,"showlakes":true,"lakecolor":"rgb(17,17,17)"},"title":{"x":0.05,"font":{"family":"Times New Roman"},"y":0.05,"text":"<b>Correlation of Close<b><br><i>2016-09-23 ~ 2026-03-09<i>"},"updatemenudefaults":{"bgcolor":"#506784","borderwidth":0},"sliderdefaults":{"bgcolor":"#C8D4E3","borderwidth":1,"bordercolor":"rgb(17,17,17)","tickwidth":0},"mapbox":{"style":"dark"},"annotations":[{"text":"<b>@zwindr<b>","textangle":0,"opacity":0.5,"font":{"color":"white","size":12},"xref":"paper","yref":"paper","xanchor":"left","yanchor":"bottom","x":1.0,"y":1.0,"showarrow":false}]},"config":{"responsive":true,"toImageButtonOptions":{"filename":"Correlation of Close_2016-09-23~2026-03-09","scale":5}}};Plotly.newPlot("correlationClose",correlationClose.data,correlationClose.layout||{},correlationClose.config);}else{console.log("style display is none => correlationClose");}