var config = { responsive: true }

var correlationClose = {"data": [{"type": "heatmap", "z": [[1.0, 0.9999999999999981, 1.0, 0.9957275397863334, 0.9957275397863334, 0.9590933168082486, 0.9590933168082486, 0.8908513383730847, 0.8908513383730847, 0.9959913830175661, 0.9921425584789483, 0.9917515902420654, 0.9952639995122068, 0.9704715720570359, 0.9988176213778447, 0.92809798638392, 0.8098634613403625, 0.2648414297253391, 0.9776785841684275, 0.8035919033719321, 0.08846952560178006, -0.2799293301583669, 0.7633955473225925, 0.9472850693530896, 0.9192692950441618], [0.9999999999999981, 1.0, 0.9999999999999982, 0.9956622331516091, 0.9956622331516091, 0.9584164046932603, 0.9584164046932603, 0.8923005340459113, 0.8923005340459113, 0.995953888551951, 0.9918611801485498, 0.9911060067664647, 0.995218117129896, 0.9696671722606476, 0.9988228160632734, 0.9287513578227288, 0.8175956614410469, 0.4009872437286059, 0.9703893916456369, 0.775325214619553, 0.09542487458808994, -0.2796634923143193, 0.6591062759364544, 0.948007021685361, 0.9252033836504144], [1.0, 0.9999999999999982, 1.0, 0.9957275397863334, 0.9957275397863334, 0.9590933168082486, 0.9590933168082486, 0.8908513383730847, 0.8908513383730847, 0.9959913830175661, 0.9921425584789483, 0.9917515902420654, 0.9952639995122068, 0.9704715720570359, 0.9988176213778447, 0.92809798638392, 0.8098634613403625, 0.2648414297253391, 0.9776785841684275, 0.8035919033719321, 0.08846952560178006, -0.2799293301583669, 0.7633955473225925, 0.9472850693530896, 0.9192692950441618], [0.9957275397863334, 0.9956622331516091, 0.9957275397863334, 1.0, 1.0, 0.9458574149380609, 0.9458574149380609, 0.8765222403064021, 0.8765222403064021, 0.9996167922431666, 0.9880765955053804, 0.9839518182565092, 0.9993524726777004, 0.9528163668158961, 0.9946640380947126, 0.9111365216310123, 0.7867034436439481, 0.23906158498666658, 0.9888433501313258, 0.7960635192471142, 0.05904962425102115, -0.28449162873781264, 0.7727623447813649, 0.9356093297861577, 0.9197578878052817], [0.9957275397863334, 0.9956622331516091, 0.9957275397863334, 1.0, 1.0, 0.9458574149380609, 0.9458574149380609, 0.8765222403064021, 0.8765222403064021, 0.9996167922431666, 0.9880765955053804, 0.9839518182565092, 0.9993524726777004, 0.9528163668158961, 0.9946640380947126, 0.9111365216310123, 0.7867034436439481, 0.23906158498666658, 0.9888433501313258, 0.7960635192471142, 0.05904962425102115, -0.28449162873781264, 0.7727623447813649, 0.9356093297861577, 0.9197578878052817], [0.9590933168082486, 0.9584164046932603, 0.9590933168082486, 0.9458574149380609, 0.9458574149380609, 1.0, 1.0, 0.9194979161103997, 0.9194979161103997, 0.9495055294577921, 0.9761482549970147, 0.9750633818029185, 0.9503095404359116, 0.9989494675047366, 0.9710374808685325, 0.9191036254877705, 0.6821518284257636, 0.1985332327814536, 0.9298991705102169, 0.7304071901021014, -0.14101927831828387, -0.13169601209633114, 0.8719027646221646, 0.9017110764993702, 0.9209523992829856], [0.9590933168082486, 0.9584164046932603, 0.9590933168082486, 0.9458574149380609, 0.9458574149380609, 1.0, 1.0, 0.9194979161103997, 0.9194979161103997, 0.9495055294577921, 0.9761482549970147, 0.9750633818029185, 0.9503095404359116, 0.9989494675047366, 0.9710374808685325, 0.9191036254877705, 0.6821518284257636, 0.1985332327814536, 0.9298991705102169, 0.7304071901021014, -0.14101927831828387, -0.13169601209633114, 0.8719027646221646, 0.9017110764993702, 0.9209523992829856], [0.8908513383730847, 0.8923005340459113, 0.8908513383730847, 0.8765222403064021, 0.8765222403064021, 0.9194979161103997, 0.9194979161103997, 1.0, 1.0, 0.8982458841590814, 0.9447612074406105, 0.9396120090410645, 0.9353122181412054, 0.9203186969344089, 0.9365913461132529, 0.9742320618855572, 0.625660383888288, 0.24395167540094576, 0.8307959325155796, 0.7450692800539448, -0.17815060436874489, 0.014605092543372765, 0.7830242409506738, 0.7896098926471883, 0.8532460391581381], [0.8908513383730847, 0.8923005340459113, 0.8908513383730847, 0.8765222403064021, 0.8765222403064021, 0.9194979161103997, 0.9194979161103997, 1.0, 1.0, 0.8982458841590814, 0.9447612074406105, 0.9396120090410645, 0.9353122181412054, 0.9203186969344089, 0.9365913461132529, 0.9742320618855572, 0.625660383888288, 0.24395167540094576, 0.8307959325155796, 0.7450692800539448, -0.17815060436874489, 0.014605092543372765, 0.7830242409506738, 0.7896098926471883, 0.8532460391581381], [0.9959913830175661, 0.995953888551951, 0.9959913830175661, 0.9996167922431666, 0.9996167922431666, 0.9495055294577921, 0.9495055294577921, 0.8982458841590814, 0.8982458841590814, 1.0, 0.9869096142740772, 0.9829680174693385, 0.9993894018685292, 0.9513673300482687, 0.9945330402417581, 0.9109656364480513, 0.8290710342593265, 0.06864441077072225, 0.9917046324833662, 0.794148044873511, -0.20530963081927353, -0.317020217122525, 0.8861884014963899, 0.9301980422318623, 0.906462594978364], [0.9921425584789483, 0.9918611801485498, 0.9921425584789483, 0.9880765955053804, 0.9880765955053804, 0.9761482549970147, 0.9761482549970147, 0.9447612074406105, 0.9447612074406105, 0.9869096142740772, 1.0, 0.9996608504177266, 0.9878343623976258, 0.9746019196098596, 0.988963182606268, 0.9249299145444148, 0.795044359856554, 0.25613093359227856, 0.9862288269486651, 0.7178861908851938, -0.5759201096072651, 0.22745647962310914, 0.8547567119404219, 0.9309136797665052, 0.9548370580457068], [0.9917515902420654, 0.9911060067664647, 0.9917515902420654, 0.9839518182565092, 0.9839518182565092, 0.9750633818029185, 0.9750633818029185, 0.9396120090410645, 0.9396120090410645, 0.9829680174693385, 0.9996608504177266, 1.0, 0.9846386748296562, 0.9723955041855866, 0.987135836124117, 0.9133055663450038, 0.8156978089485571, 0.1398583363531048, 0.9807228684945732, 0.722278149651102, -0.8066107884724559, 0.2706752310867848, 0.8141941137031157, 0.937405543082656, 0.9525862154451123], [0.9952639995122068, 0.995218117129896, 0.9952639995122068, 0.9993524726777004, 0.9993524726777004, 0.9503095404359116, 0.9503095404359116, 0.9353122181412054, 0.9353122181412054, 0.9993894018685292, 0.9878343623976258, 0.9846386748296562, 1.0, 0.9514845802076406, 0.9937705265843053, 0.9319039263674872, 0.8319761616132987, 0.25146157211305276, 0.9951772695005172, 0.7594491223491743, -0.36529022829653224, 0.17060468931603484, 0.87641808580141, 0.9089543734880831, 0.9356585058069518], [0.9704715720570359, 0.9696671722606476, 0.9704715720570359, 0.9528163668158961, 0.9528163668158961, 0.9989494675047366, 0.9989494675047366, 0.9203186969344089, 0.9203186969344089, 0.9513673300482687, 0.9746019196098596, 0.9723955041855866, 0.9514845802076406, 1.0, 0.9730857110834014, 0.9184046362087626, 0.7552163754228681, 0.16543887953451566, 0.9427516983564371, 0.7273313596869453, -0.2914855264597104, -0.2054592982316408, 0.9096471508605803, 0.9211832559180808, 0.9173657243183013], [0.9988176213778447, 0.9988228160632734, 0.9988176213778447, 0.9946640380947126, 0.9946640380947126, 0.9710374808685325, 0.9710374808685325, 0.9365913461132529, 0.9365913461132529, 0.9945330402417581, 0.988963182606268, 0.987135836124117, 0.9937705265843053, 0.9730857110834014, 1.0, 0.9449217017950641, 0.8383982408370302, 0.2612418599795357, 0.986828516525205, 0.7455811674524931, -0.35426678357558233, 0.18254432013178998, 0.9063634589386574, 0.9283483479338013, 0.9406382878304592], [0.92809798638392, 0.9287513578227288, 0.92809798638392, 0.9111365216310123, 0.9111365216310123, 0.9191036254877705, 0.9191036254877705, 0.9742320618855572, 0.9742320618855572, 0.9109656364480513, 0.9249299145444148, 0.9133055663450038, 0.9319039263674872, 0.9184046362087626, 0.9449217017950641, 1.0, 0.7674916462135243, 0.20409341372365095, 0.8742850727868513, 0.719689739430526, -0.07791753237565666, -0.23903470161257165, 0.819447968346749, 0.8400450826358057, 0.8291284791850477], [0.8098634613403625, 0.8175956614410469, 0.8098634613403625, 0.7867034436439481, 0.7867034436439481, 0.6821518284257636, 0.6821518284257636, 0.625660383888288, 0.625660383888288, 0.8290710342593265, 0.795044359856554, 0.8156978089485571, 0.8319761616132987, 0.7552163754228681, 0.8383982408370302, 0.7674916462135243, 1.0, 0.5240072677798058, 0.7408573814072904, 0.7776257801038259, 0.4798305738042351, -0.5805785314514518, 0.2675439733303839, 0.8294938490155545, 0.6536494572018837], [0.2648414297253391, 0.4009872437286059, 0.2648414297253391, 0.23906158498666658, 0.23906158498666658, 0.1985332327814536, 0.1985332327814536, 0.24395167540094576, 0.24395167540094576, 0.06864441077072225, 0.25613093359227856, 0.1398583363531048, 0.25146157211305276, 0.16543887953451566, 0.2612418599795357, 0.20409341372365095, 0.5240072677798058, 1.0, 0.25006188885913255, 0.562723894423153, 0.38689021866502593, 0.5547367184885, 0.02395445469162458, 0.41611486513151713, 0.3821078467138178], [0.9776785841684275, 0.9703893916456369, 0.9776785841684275, 0.9888433501313258, 0.9888433501313258, 0.9298991705102169, 0.9298991705102169, 0.8307959325155796, 0.8307959325155796, 0.9917046324833662, 0.9862288269486651, 0.9807228684945732, 0.9951772695005172, 0.9427516983564371, 0.986828516525205, 0.8742850727868513, 0.7408573814072904, 0.25006188885913255, 1.0, 0.7384840235409282, 0.0006474848847564518, -0.34849005284652407, 0.6723206135742448, 0.9185989586559845, 0.9103233202746995], [0.8035919033719321, 0.775325214619553, 0.8035919033719321, 0.7960635192471142, 0.7960635192471142, 0.7304071901021014, 0.7304071901021014, 0.7450692800539448, 0.7450692800539448, 0.794148044873511, 0.7178861908851938, 0.722278149651102, 0.7594491223491743, 0.7273313596869453, 0.7455811674524931, 0.719689739430526, 0.7776257801038259, 0.562723894423153, 0.7384840235409282, 1.0, 0.1980572848133013, -0.0496987669214029, 0.23460210644424606, 0.8289046482551774, 0.740832828481898], [0.08846952560178006, 0.09542487458808994, 0.08846952560178006, 0.05904962425102115, 0.05904962425102115, -0.14101927831828387, -0.14101927831828387, -0.17815060436874489, -0.17815060436874489, -0.20530963081927353, -0.5759201096072651, -0.8066107884724559, -0.36529022829653224, -0.2914855264597104, -0.35426678357558233, -0.07791753237565666, 0.4798305738042351, 0.38689021866502593, 0.0006474848847564518, 0.1980572848133013, 1.0, -0.08227791930765208, -0.16973059317907432, 0.0843276044807001, -0.10942948584681747], [-0.2799293301583669, -0.2796634923143193, -0.2799293301583669, -0.28449162873781264, -0.28449162873781264, -0.13169601209633114, -0.13169601209633114, 0.014605092543372765, 0.014605092543372765, -0.317020217122525, 0.22745647962310914, 0.2706752310867848, 0.17060468931603484, -0.2054592982316408, 0.18254432013178998, -0.23903470161257165, -0.5805785314514518, 0.5547367184885, -0.34849005284652407, -0.0496987669214029, -0.08227791930765208, 1.0, -0.06424418910299586, -0.34757436067481384, -0.08130854240319452], [0.7633955473225925, 0.6591062759364544, 0.7633955473225925, 0.7727623447813649, 0.7727623447813649, 0.8719027646221646, 0.8719027646221646, 0.7830242409506738, 0.7830242409506738, 0.8861884014963899, 0.8547567119404219, 0.8141941137031157, 0.87641808580141, 0.9096471508605803, 0.9063634589386574, 0.819447968346749, 0.2675439733303839, 0.02395445469162458, 0.6723206135742448, 0.23460210644424606, -0.16973059317907432, -0.06424418910299586, 1.0, 0.5361845158052835, 0.7327453068345535], [0.9472850693530896, 0.948007021685361, 0.9472850693530896, 0.9356093297861577, 0.9356093297861577, 0.9017110764993702, 0.9017110764993702, 0.7896098926471883, 0.7896098926471883, 0.9301980422318623, 0.9309136797665052, 0.937405543082656, 0.9089543734880831, 0.9211832559180808, 0.9283483479338013, 0.8400450826358057, 0.8294938490155545, 0.41611486513151713, 0.9185989586559845, 0.8289046482551774, 0.0843276044807001, -0.34757436067481384, 0.5361845158052835, 1.0, 0.8821313773705435], [0.9192692950441618, 0.9252033836504144, 0.9192692950441618, 0.9197578878052817, 0.9197578878052817, 0.9209523992829856, 0.9209523992829856, 0.8532460391581381, 0.8532460391581381, 0.906462594978364, 0.9548370580457068, 0.9525862154451123, 0.9356585058069518, 0.9173657243183013, 0.9406382878304592, 0.8291284791850477, 0.6536494572018837, 0.3821078467138178, 0.9103233202746995, 0.740832828481898, -0.10942948584681747, -0.08130854240319452, 0.7327453068345535, 0.8821313773705435, 1.0]], "x": ["^TAIEX       \u81fa\u7063\u52a0\u6b0a\u5831\u916c\u6307\u6578", "^TWII        \u81fa\u7063\u52a0\u6b0a\u6307\u6578", "^TAIEXx2     \u81fa\u7063\u52a0\u6b0a\u5831\u916c\u6307\u6578_\u65e5\u6b632", "^TAI50I      \u81fa\u706350\u5831\u916c\u6307\u6578", "^TAI50Ix2    \u81fa\u706350\u5831\u916c\u6307\u6578_\u65e5\u6b632", "^TAI100I     \u81fa\u7063\u4e2d\u578b100\u5831\u916c\u6307\u6578", "^TAI100Ix2   \u81fa\u7063\u4e2d\u578b100\u5831\u916c\u6307\u6578_\u65e5\u6b632", "^TAIDIVIDI   \u81fa\u7063\u9ad8\u80a1\u606f\u5831\u916c\u6307\u6578", "^TAIDIVIDIx2 \u81fa\u7063\u9ad8\u80a1\u606f\u5831\u916c\u6307\u6578_\u65e5\u6b632", "0050         \u5143\u5927\u81fa\u706350", "00631L       \u5143\u5927\u53f0\u706350\u6b632", "00675L       \u5bcc\u90a6\u81fa\u7063\u52a0\u6b0a\u6b632", "006208       \u5bcc\u90a6\u53f050", "0051         \u5143\u5927\u4e2d\u578b100", "006204       \u6c38\u8c50\u81fa\u7063\u52a0\u6b0a", "0056         \u5143\u5927\u9ad8\u80a1\u606f", "2412         \u4e2d\u83ef\u96fb\u4fe1", "2002         \u4e2d\u92fc", "2330         \u53f0\u7a4d\u96fb", "2317         \u9d3b\u6d77", "6505         \u53f0\u5851\u77f3\u5316", "3481         \u7fa4\u5275", "2303         \u806f\u96fb", "2308         \u53f0\u9054\u96fb", "2454         \u806f\u767c\u79d1"], "y": ["^TAIEX       \u81fa\u7063\u52a0\u6b0a\u5831\u916c\u6307\u6578", "^TWII        \u81fa\u7063\u52a0\u6b0a\u6307\u6578", "^TAIEXx2     \u81fa\u7063\u52a0\u6b0a\u5831\u916c\u6307\u6578_\u65e5\u6b632", "^TAI50I      \u81fa\u706350\u5831\u916c\u6307\u6578", "^TAI50Ix2    \u81fa\u706350\u5831\u916c\u6307\u6578_\u65e5\u6b632", "^TAI100I     \u81fa\u7063\u4e2d\u578b100\u5831\u916c\u6307\u6578", "^TAI100Ix2   \u81fa\u7063\u4e2d\u578b100\u5831\u916c\u6307\u6578_\u65e5\u6b632", "^TAIDIVIDI   \u81fa\u7063\u9ad8\u80a1\u606f\u5831\u916c\u6307\u6578", "^TAIDIVIDIx2 \u81fa\u7063\u9ad8\u80a1\u606f\u5831\u916c\u6307\u6578_\u65e5\u6b632", "0050         \u5143\u5927\u81fa\u706350", "00631L       \u5143\u5927\u53f0\u706350\u6b632", "00675L       \u5bcc\u90a6\u81fa\u7063\u52a0\u6b0a\u6b632", "006208       \u5bcc\u90a6\u53f050", "0051         \u5143\u5927\u4e2d\u578b100", "006204       \u6c38\u8c50\u81fa\u7063\u52a0\u6b0a", "0056         \u5143\u5927\u9ad8\u80a1\u606f", "2412         \u4e2d\u83ef\u96fb\u4fe1", "2002         \u4e2d\u92fc", "2330         \u53f0\u7a4d\u96fb", "2317         \u9d3b\u6d77", "6505         \u53f0\u5851\u77f3\u5316", "3481         \u7fa4\u5275", "2303         \u806f\u96fb", "2308         \u53f0\u9054\u96fb", "2454         \u806f\u767c\u79d1"], "zmin": -1, "zmax": 1, "colorbar": {"x": -0.2}}], "layout": {"autotypenumbers": "strict", "colorway": ["#636efa", "#EF553B", "#00cc96", "#ab63fa", "#FFA15A", "#19d3f3", "#FF6692", "#B6E880", "#FF97FF", "#FECB52"], "font": {"color": "#f2f5fa", "family": "Courier New"}, "hovermode": "closest", "hoverlabel": {"align": "left"}, "paper_bgcolor": "rgb(17,17,17)", "plot_bgcolor": "rgb(17,17,17)", "polar": {"bgcolor": "rgb(17,17,17)", "angularaxis": {"gridcolor": "#506784", "linecolor": "#506784", "ticks": ""}, "radialaxis": {"gridcolor": "#506784", "linecolor": "#506784", "ticks": ""}}, "ternary": {"bgcolor": "rgb(17,17,17)", "aaxis": {"gridcolor": "#506784", "linecolor": "#506784", "ticks": ""}, "baxis": {"gridcolor": "#506784", "linecolor": "#506784", "ticks": ""}, "caxis": {"gridcolor": "#506784", "linecolor": "#506784", "ticks": ""}}, "coloraxis": {"colorbar": {"outlinewidth": 0, "ticks": ""}}, "colorscale": {"sequential": [[0.0, "#0d0887"], [0.1111111111111111, "#46039f"], [0.2222222222222222, "#7201a8"], [0.3333333333333333, "#9c179e"], [0.4444444444444444, "#bd3786"], [0.5555555555555556, "#d8576b"], [0.6666666666666666, "#ed7953"], [0.7777777777777778, "#fb9f3a"], [0.8888888888888888, "#fdca26"], [1.0, "#f0f921"]], "sequentialminus": [[0.0, "#0d0887"], [0.1111111111111111, "#46039f"], [0.2222222222222222, "#7201a8"], [0.3333333333333333, "#9c179e"], [0.4444444444444444, "#bd3786"], [0.5555555555555556, "#d8576b"], [0.6666666666666666, "#ed7953"], [0.7777777777777778, "#fb9f3a"], [0.8888888888888888, "#fdca26"], [1.0, "#f0f921"]], "diverging": [[0, "#8e0152"], [0.1, "#c51b7d"], [0.2, "#de77ae"], [0.3, "#f1b6da"], [0.4, "#fde0ef"], [0.5, "#f7f7f7"], [0.6, "#e6f5d0"], [0.7, "#b8e186"], [0.8, "#7fbc41"], [0.9, "#4d9221"], [1, "#276419"]]}, "xaxis": {"gridcolor": "rgba(0, 0, 0, 0)", "linecolor": "#506784", "ticks": "", "title": {"standoff": 15}, "zerolinecolor": "#283442", "automargin": true, "zerolinewidth": 2, "tickfont": {"family": "Courier New", "size": 14}, "side": "top", "tickangle": -90}, "yaxis": {"gridcolor": "rgba(0, 0, 0, 0)", "linecolor": "#506784", "ticks": "", "title": {"standoff": 15}, "zerolinecolor": "#283442", "automargin": true, "zerolinewidth": 2, "tickfont": {"family": "Courier New"}, "side": "right"}, "scene": {"xaxis": {"backgroundcolor": "rgb(17,17,17)", "gridcolor": "#506784", "linecolor": "#506784", "showbackground": true, "ticks": "", "zerolinecolor": "#C8D4E3", "gridwidth": 2}, "yaxis": {"backgroundcolor": "rgb(17,17,17)", "gridcolor": "#506784", "linecolor": "#506784", "showbackground": true, "ticks": "", "zerolinecolor": "#C8D4E3", "gridwidth": 2}, "zaxis": {"backgroundcolor": "rgb(17,17,17)", "gridcolor": "#506784", "linecolor": "#506784", "showbackground": true, "ticks": "", "zerolinecolor": "#C8D4E3", "gridwidth": 2}}, "shapedefaults": {"line": {"color": "#f2f5fa"}}, "annotationdefaults": {"arrowcolor": "#f2f5fa", "arrowhead": 0, "arrowwidth": 1}, "geo": {"bgcolor": "rgb(17,17,17)", "landcolor": "rgb(17,17,17)", "subunitcolor": "#506784", "showland": true, "showlakes": true, "lakecolor": "rgb(17,17,17)"}, "title": {"x": 0.05, "font": {"family": "Times New Roman"}, "y": 0.05, "text": "<b>Correlation of Close<b><br><i>2016/09/23 ~ 2025/06/02<i>"}, "updatemenudefaults": {"bgcolor": "#506784", "borderwidth": 0}, "sliderdefaults": {"bgcolor": "#C8D4E3", "borderwidth": 1, "bordercolor": "rgb(17,17,17)", "tickwidth": 0}, "mapbox": {"style": "dark"}, "height": 600}};

Plotly.newPlot("correlationClose",
    correlationClose.data,
    correlationClose.layout || {},
    config);