var element=document.getElementById("correlationAdjClose");if(element.style.display!='none'){var correlationAdjClose={"data":[{"type":"heatmap","z":[[1.0,0.9950520002049242,0.9751451011734864,0.9970446239473122,0.9555320502665423,0.9840511156039702,0.9535802624183094,0.9888545329247977,0.9751069352443441,0.9971966963746501,0.9966468186151155,0.9971111349120106,0.9931653125499886,0.9941817082091079,0.9966991791704994,0.9855647079278081,0.9997192186601533,0.9886663872966858,0.8981251449307392,0.9185950418108992,0.688087279631382,0.9846969419657869,0.9340581408079249,0.3626732488180984,-0.2984218752404809,0.8986241301421751,0.9270707232504574,0.960378930670581,0.976931246055382,0.9645497471220175,0.9792573986788048,0.9702841113679651,0.9402266885057522,0.982856638448575,0.9752281238090738,0.9560247131521804],[0.9950520002049242,1.0,0.971440854923184,0.9918075649302622,0.9515526543615732,0.980233792066036,0.9496569419369483,0.981194420242359,0.9693391409200899,0.993084382778933,0.9949334182092691,0.9944448917258434,0.9923067203760769,0.9922481057894272,0.9949536885957679,0.9806769226333997,0.9973152837651177,0.983391904548022,0.9187495962870752,0.9088252077326608,0.7087066950145742,0.9693026148984888,0.91752494116209,0.36252367100695754,-0.2304612704939071,0.8771139806371334,0.9214230692444269,0.9597742964546215,0.9579470267686928,0.9526086159522615,0.9704710025342663,0.9567899790785933,0.939443641178692,0.9735031024328685,0.9666702473795764,0.9510724737121171],[0.9751451011734864,0.971440854923184,1.0,0.9845211963322955,0.9944736093456028,0.9725538179185486,0.9784831698361859,0.9593949684308731,0.9781233973241926,0.9842174251157284,0.9908653545008097,0.987592534831413,0.9970407253583959,0.9968233873734859,0.9906336750253332,0.9701085062436431,0.9853964910456531,0.9589320677615066,0.8583776759608343,0.8218672389410614,0.5572587156257545,0.9921993701280941,0.9336082347389234,0.1911941802923404,-0.2226731249886086,0.8816800157339317,0.9417646473099042,0.970615701498726,0.9176416461276632,0.9066835278027056,0.9664412252698125,0.9102942672753233,0.8860140341122501,0.9638110954862089,0.9713545570864324,0.915488637134407],[0.9970446239473122,0.9918075649302622,0.9845211963322955,1.0,0.972024574971862,0.9756047825333302,0.9510089925843429,0.9801759707357578,0.9715049246660128,0.999970439277739,0.9999919127602741,0.999963203688177,0.9935120782557664,0.9921774908171812,0.9999514606786276,0.9743811636505787,0.9957631351595593,0.9796612308995312,0.8809041387983843,0.9002875702257951,0.6494050839498332,0.9939700928720985,0.9389154859762353,0.32977941481781203,-0.28726357144281206,0.8899335226485872,0.9386467628137685,0.9637081165870913,0.963962813608642,0.9578739327361837,0.9811333051990334,0.9570395657183319,0.924016650924862,0.9796434300924909,0.9731652507903121,0.9446821572265992],[0.9555320502665423,0.9515526543615732,0.9944736093456028,0.972024574971862,1.0,0.9446675945192086,0.9576165535544294,0.9328539016389119,0.9569614507593417,0.9720976468926685,0.981437588922552,0.9775500894441028,0.9834479195966408,0.9806202562352387,0.9810455246744868,0.9407597326918908,0.9664261546407539,0.9320568871299095,0.823679452224008,0.7896969993634171,0.5061832239370829,0.9868333893410571,0.927884146466997,0.1558788408210541,-0.2114121678158294,0.8467623826760647,0.9485854237729802,0.9553809254524239,0.885523277155189,0.8814049837709262,0.9530735641619912,0.8779214078856218,0.8468341706854838,0.9444913330330363,0.9514367546024467,0.882322690056429],[0.9840511156039702,0.980233792066036,0.9725538179185486,0.9756047825333302,0.9446675945192086,1.0,0.9829076642818418,0.9827335313178928,0.9829055728282823,0.9750611779287021,0.9697608205959621,0.9731598945120083,0.9734416235698002,0.9710036628199691,0.9696951984553156,0.9999026341211897,0.9871257959359729,0.9836350873131087,0.9014347429467984,0.8716144835574247,0.6570729334325117,0.9672588155202666,0.9056500350111776,0.239682654816187,-0.2206642011863673,0.9320508010120964,0.8998921307769043,0.9647350082824702,0.9597831885553418,0.9349240025346992,0.9586954493448013,0.954832046994794,0.9521360972880114,0.9635158520963857,0.9798945654534671,0.9582828740558975],[0.9535802624183094,0.9496569419369483,0.9784831698361859,0.9510089925843429,0.9576165535544294,0.9829076642818418,1.0,0.9546238413404043,0.9847533416352526,0.9496872067671844,0.9598524296000057,0.9563253605286979,0.977829397543255,0.9784935348315317,0.9595917376996609,0.9841731618856491,0.9717321671627165,0.9570545262629541,0.8655573781619184,0.7907252160205311,0.5469408933547173,0.9549272053175171,0.907850935330809,0.09944471495377973,-0.15981714444009626,0.8937156890245102,0.8977384044937651,0.9606890220382936,0.9037660139538799,0.8719857759061342,0.9392267426153564,0.8969134009002157,0.9030768783911844,0.9373357899470018,0.9694441341612633,0.9136272904834722],[0.9888545329247977,0.981194420242359,0.9593949684308731,0.9801759707357578,0.9328539016389119,0.9827335313178928,0.9546238413404043,1.0,0.983927426595186,0.9801656036659108,0.9753887942782882,0.9790121551012468,0.9694830519936332,0.9684641712370816,0.9755107879203009,0.9845288518190949,0.9865846981707653,0.9998842209212488,0.9278487642096598,0.9296118597305656,0.6255650000311959,0.9673064490067675,0.9004216043814279,0.21724767688769872,-0.3104183673765711,0.9070916962086755,0.8773373014312628,0.9454049405162123,0.979381697191314,0.9574800744327363,0.9693621379771945,0.9662517872409208,0.9377070756357996,0.964011287261532,0.9617952347268118,0.9681699655494937],[0.9751069352443441,0.9693391409200899,0.9781233973241926,0.9715049246660128,0.9569614507593417,0.9829055728282823,0.9847533416352526,0.983927426595186,1.0,0.9707818605733798,0.9670170204189266,0.9695926590993338,0.9718496457029141,0.9685744265539332,0.9668836362211706,0.981975738504127,0.9748484797640484,0.9832966098143997,0.9026625258766346,0.8628645036092552,0.5439908691117773,0.9689246080938221,0.9182213127915982,0.07678712098443687,-0.2332346623678839,0.8852730752779071,0.8833032840651942,0.9653314386818435,0.9382152828508076,0.9065582607508917,0.9629887476415008,0.9237450952679682,0.9043197172663143,0.9541741392779634,0.9741555315467642,0.9290857177617388],[0.9971966963746501,0.993084382778933,0.9842174251157284,0.999970439277739,0.9720976468926685,0.9750611779287021,0.9496872067671844,0.9801656036659108,0.9707818605733798,1.0,0.9999904735401953,0.9999829684652759,0.9934054118611768,0.9920488290830982,0.9999562892895596,0.9738473420335743,0.995646862387097,0.9797453529622496,0.8827082191989095,0.9015163163073501,0.6465198970061863,0.9941608671721482,0.9388074735862718,0.3348293716927836,-0.2867237464749444,0.8906094700994169,0.9369078675243974,0.9622998176781156,0.9637160007139766,0.95707321692291,0.9802317339239495,0.9564507296872539,0.9226667201445465,0.9789004124026632,0.9721085093641607,0.9432126190581956],[0.9966468186151155,0.9949334182092691,0.9908653545008097,0.9999919127602741,0.981437588922552,0.9697608205959621,0.9598524296000057,0.9753887942782882,0.9670170204189266,0.9999904735401953,1.0,0.9999740678210962,0.9935367174929254,0.9921760698753043,0.9999589280690034,0.9694674241065585,0.9954323014083499,0.9760042296334215,0.9041187982310132,0.9292474396026481,0.5233368194128956,0.9973010191341427,0.9246212530906082,-0.14617066618150878,0.38299561156756307,0.8886695604237503,0.9078894340945779,0.9645207018597134,0.9544708191065683,0.9401073173166251,0.9722522370025197,0.9361812140930708,0.9004083126756742,0.9700514523275674,0.9811151684546419,0.9387858098603742],[0.9971111349120106,0.9944448917258434,0.987592534831413,0.999963203688177,0.9775500894441028,0.9731598945120083,0.9563253605286979,0.9790121551012468,0.9695926590993338,0.9999829684652759,0.9999740678210962,1.0,0.993413861652525,0.9920211010114055,0.9999670910198382,0.9729763154489248,0.9955481368583686,0.9792023882143527,0.8901869651799272,0.9183211733168363,0.5891941762695736,0.9963179328635506,0.9356530038636184,0.06788440634048531,-0.19355017497424457,0.9035013519517352,0.9229100721358667,0.9580188658924037,0.9578019298090201,0.9480822390981892,0.9769240536435375,0.9472327270493698,0.9182162748894611,0.9754834961926998,0.9718704576310275,0.9470178808457076],[0.9931653125499886,0.9923067203760769,0.9970407253583959,0.9935120782557664,0.9834479195966408,0.9734416235698002,0.977829397543255,0.9694830519936332,0.9718496457029141,0.9934054118611768,0.9935367174929254,0.993413861652525,1.0,0.9997701805892296,0.9935335504778643,0.9732160689551735,0.9932773119400223,0.9702991153056109,0.8945940820908641,0.917181706697971,0.4473748415857168,0.9895761029035629,0.9213732614694804,-0.41084735236964276,0.3958461112332766,0.870646936374486,0.9074062899789205,0.9677397125119849,0.9374167924435672,0.9088841959245948,0.9572005614730463,0.9133131786157916,0.8686506060879844,0.967601269198165,0.9780609538677437,0.9310906820794727],[0.9941817082091079,0.9922481057894272,0.9968233873734859,0.9921774908171812,0.9806202562352387,0.9710036628199691,0.9784935348315317,0.9684641712370816,0.9685744265539332,0.9920488290830982,0.9921760698753043,0.9920211010114055,0.9997701805892296,1.0,0.9922835749933606,0.9706768989718546,0.9941066326912203,0.9694609061251314,0.8790851435792251,0.9269938329121007,0.3056598680777801,0.9858998602228016,0.9153402489254098,-0.7514954712650654,0.365426836536329,0.8380763631566918,0.9047672338035265,0.9639192142900769,0.9310857112977315,0.8975432132893332,0.9509697341651072,0.9139768641998848,0.8467543747721941,0.9683417820846061,0.9762586186891228,0.9254697170815906],[0.9966991791704994,0.9949536885957679,0.9906336750253332,0.9999514606786276,0.9810455246744868,0.9696951984553156,0.9595917376996609,0.9755107879203009,0.9668836362211706,0.9999562892895596,0.9999589280690034,0.9999670910198382,0.9935335504778643,0.9922835749933606,1.0,0.9694560289072607,0.9954780470114962,0.9761082042081832,0.9043182077006274,0.9298128282633534,0.5233733588990253,0.9971406196894559,0.9247340502032289,-0.14396764749743982,0.38270640732783706,0.888766360962832,0.9070658068768149,0.9640135085260297,0.9547220230657555,0.9405790355228032,0.9722464356951594,0.9367497207206934,0.9009735395823845,0.9700335535180241,0.9811065381960693,0.939393242575456],[0.9855647079278081,0.9806769226333997,0.9701085062436431,0.9743811636505787,0.9407597326918908,0.9999026341211897,0.9841731618856491,0.9845288518190949,0.981975738504127,0.9738473420335743,0.9694674241065585,0.9729763154489248,0.9732160689551735,0.9706768989718546,0.9694560289072607,1.0,0.987153468851369,0.9838534983716343,0.9043534425118525,0.8954608535490739,0.6454328345336575,0.9648024987681667,0.9000244263685909,0.09449052999900683,-0.19962843569956862,0.9392295787604764,0.8883510349602584,0.9618666843695736,0.9632232560699113,0.9323538882879565,0.9553246135416124,0.9560731929613194,0.9512535909891204,0.9655398027038911,0.9791583007221017,0.9624562747508204],[0.9997192186601533,0.9973152837651177,0.9853964910456531,0.9957631351595593,0.9664261546407539,0.9871257959359729,0.9717321671627165,0.9865846981707653,0.9748484797640484,0.995646862387097,0.9954323014083499,0.9955481368583686,0.9932773119400223,0.9941066326912203,0.9954780470114962,0.987153468851369,1.0,0.9871657787985628,0.9231143876202881,0.9392178565088867,0.5816783358785288,0.9883466831822407,0.9160151785448921,-0.0856711524622977,0.41077718850839573,0.9178127374837094,0.8976511577503795,0.9669514557149196,0.9714580006748336,0.9491381021001818,0.9705726938861012,0.9553071978500114,0.931406122656489,0.976316390696811,0.9869082384071934,0.9626745891597082],[0.9886663872966858,0.983391904548022,0.9589320677615066,0.9796612308995312,0.9320568871299095,0.9836350873131087,0.9570545262629541,0.9998842209212488,0.9832966098143997,0.9797453529622496,0.9760042296334215,0.9792023882143527,0.9702991153056109,0.9694609061251314,0.9761082042081832,0.9838534983716343,0.9871657787985628,1.0,0.9307195437508909,0.9357960991290312,0.6227038811401825,0.9658802939288431,0.9041813378930551,0.18099024096488528,-0.2922034700417258,0.9119257581368487,0.8728199878770218,0.9453525155196769,0.9798764427822121,0.9569426722378674,0.9677640067150992,0.9649731110051444,0.9374535456221338,0.9632115721961823,0.9598345604632467,0.9692922765919862],[0.8981251449307392,0.9187495962870752,0.8583776759608343,0.8809041387983843,0.823679452224008,0.9014347429467984,0.8655573781619184,0.9278487642096598,0.9026625258766346,0.8827082191989095,0.9041187982310132,0.8901869651799272,0.8945940820908641,0.8790851435792251,0.9043182077006274,0.9043534425118525,0.9231143876202881,0.9307195437508909,1.0,0.8288808097479301,0.6945025751482841,0.8527228730703779,0.8056053565963259,0.26107121698821334,-0.16548546194644817,0.8579637305534713,0.7480021607418248,0.8560084401833986,0.8926173584577616,0.8593134188860206,0.8553826850944364,0.8718825896727158,0.8581817928796049,0.8549127337031431,0.875212031422097,0.8959831235711695],[0.9185950418108992,0.9088252077326608,0.8218672389410614,0.9002875702257951,0.7896969993634171,0.8716144835574247,0.7907252160205311,0.9296118597305656,0.8628645036092552,0.9015163163073501,0.9292474396026481,0.9183211733168363,0.917181706697971,0.9269938329121007,0.9298128282633534,0.8954608535490739,0.9392178565088867,0.9357960991290312,0.8288808097479301,1.0,0.8239036783208894,0.8506720741851301,0.8667087049609309,0.6340153622000972,-0.5247803615227193,0.717674265626163,0.8271835287569995,0.81428892883163,0.9596714383858685,0.9383772498804447,0.8990043208326726,0.9473536217283254,0.9011017463031874,0.9002938875488001,0.851702462924121,0.887077001627901],[0.688087279631382,0.7087066950145742,0.5572587156257545,0.6494050839498332,0.5061832239370829,0.6570729334325117,0.5469408933547173,0.6255650000311959,0.5439908691117773,0.6465198970061863,0.5233368194128956,0.5891941762695736,0.4473748415857168,0.3056598680777801,0.5233733588990253,0.6454328345336575,0.5816783358785288,0.6227038811401825,0.6945025751482841,0.8239036783208894,1.0,0.5793040235091028,0.6861852358766959,0.7245940320891616,-0.11608532182830501,0.5338576486767427,0.5914854535784556,0.6054057452270365,0.7692337499833785,0.6994162950553198,0.6186174259952149,0.7349329355169532,0.7509208348748705,0.6584003453008814,0.6263739581621924,0.6777975876416024],[0.9846969419657869,0.9693026148984888,0.9921993701280941,0.9939700928720985,0.9868333893410571,0.9672588155202666,0.9549272053175171,0.9673064490067675,0.9689246080938221,0.9941608671721482,0.9973010191341427,0.9963179328635506,0.9895761029035629,0.9858998602228016,0.9971406196894559,0.9648024987681667,0.9883466831822407,0.9658802939288431,0.8527228730703779,0.8506720741851301,0.5793040235091028,1.0,0.9173687476720126,0.2569187326074522,-0.27871506750518243,0.8720878953732281,0.9428520094352519,0.9674863393076522,0.9305597213212238,0.9380207658753875,0.9727855814491916,0.932644285225624,0.8956539646043902,0.9687034121722822,0.958689313360167,0.9239533379101595],[0.9340581408079249,0.91752494116209,0.9336082347389234,0.9389154859762353,0.927884146466997,0.9056500350111776,0.907850935330809,0.9004216043814279,0.9182213127915982,0.9388074735862718,0.9246212530906082,0.9356530038636184,0.9213732614694804,0.9153402489254098,0.9247340502032289,0.9000244263685909,0.9160151785448921,0.9041813378930551,0.8056053565963259,0.8667087049609309,0.6861852358766959,0.9173687476720126,1.0,0.2956724498612269,-0.19025216116245117,0.7171365201706459,0.9127745104122675,0.8996025314366801,0.8980274436077065,0.8580868633251865,0.9356685047513589,0.8717063419345565,0.8399295209124061,0.9306333651397256,0.8860795569217151,0.8579433929386868],[0.3626732488180984,0.36252367100695754,0.1911941802923404,0.32977941481781203,0.1558788408210541,0.239682654816187,0.09944471495377973,0.21724767688769872,0.07678712098443687,0.3348293716927836,-0.14617066618150878,0.06788440634048531,-0.41084735236964276,-0.7514954712650654,-0.14396764749743982,0.09449052999900683,-0.0856711524622977,0.18099024096488528,0.26107121698821334,0.6340153622000972,0.7245940320891616,0.2569187326074522,0.2956724498612269,1.0,-0.38082676743561106,0.26181542899757004,0.24353744053284182,0.17057492365209118,0.45972283418417254,0.45275735630939645,0.2995860688731188,0.47530160351944994,0.4020968465497938,0.32658687950899296,0.24981414456058362,0.3682588312512559],[-0.2984218752404809,-0.2304612704939071,-0.2226731249886086,-0.28726357144281206,-0.2114121678158294,-0.2206642011863673,-0.15981714444009626,-0.3104183673765711,-0.2332346623678839,-0.2867237464749444,0.38299561156756307,-0.19355017497424457,0.3958461112332766,0.365426836536329,0.38270640732783706,-0.19962843569956862,0.41077718850839573,-0.2922034700417258,-0.16548546194644817,-0.5247803615227193,-0.11608532182830501,-0.27871506750518243,-0.19025216116245117,-0.38082676743561106,1.0,-0.15746010641303185,-0.27086567265877026,-0.18410032459174822,-0.38679338816448755,-0.37602269809032607,-0.3178239687575387,-0.34519265308077685,-0.2105889089741629,-0.3433386563009691,-0.1856171102608216,-0.3173211253712402],[0.8986241301421751,0.8771139806371334,0.8816800157339317,0.8899335226485872,0.8467623826760647,0.9320508010120964,0.8937156890245102,0.9070916962086755,0.8852730752779071,0.8906094700994169,0.8886695604237503,0.9035013519517352,0.870646936374486,0.8380763631566918,0.888766360962832,0.9392295787604764,0.9178127374837094,0.9119257581368487,0.8579637305534713,0.717674265626163,0.5338576486767427,0.8720878953732281,0.7171365201706459,0.26181542899757004,-0.15746010641303185,1.0,0.7682122443233345,0.8869905420695366,0.8232562085595938,0.8665603601727438,0.8310995299921655,0.8742133351221233,0.8695507083868365,0.8614210270421052,0.8695627969306934,0.9003849142533671],[0.9270707232504574,0.9214230692444269,0.9417646473099042,0.9386467628137685,0.9485854237729802,0.8998921307769043,0.8977384044937651,0.8773373014312628,0.8833032840651942,0.9369078675243974,0.9078894340945779,0.9229100721358667,0.9074062899789205,0.9047672338035265,0.9070658068768149,0.8883510349602584,0.8976511577503795,0.8728199878770218,0.7480021607418248,0.8271835287569995,0.5914854535784556,0.9428520094352519,0.9127745104122675,0.24353744053284182,-0.27086567265877026,0.7682122443233345,1.0,0.8901293968830647,0.8812052240374325,0.8689653472925112,0.9141315673397312,0.8670102155111523,0.8309136442319529,0.9154436280698673,0.8964253145886052,0.8582278693288709],[0.960378930670581,0.9597742964546215,0.970615701498726,0.9637081165870913,0.9553809254524239,0.9647350082824702,0.9606890220382936,0.9454049405162123,0.9653314386818435,0.9622998176781156,0.9645207018597134,0.9580188658924037,0.9677397125119849,0.9639192142900769,0.9640135085260297,0.9618666843695736,0.9669514557149196,0.9453525155196769,0.8560084401833986,0.81428892883163,0.6054057452270365,0.9674863393076522,0.8996025314366801,0.17057492365209118,-0.18410032459174822,0.8869905420695366,0.8901293968830647,1.0,0.9119641798309186,0.8955441656550759,0.9461516310211319,0.895705470983669,0.8885836538901719,0.9515618467299887,0.9740973960022551,0.8948897038232576],[0.976931246055382,0.9579470267686928,0.9176416461276632,0.963962813608642,0.885523277155189,0.9597831885553418,0.9037660139538799,0.979381697191314,0.9382152828508076,0.9637160007139766,0.9544708191065683,0.9578019298090201,0.9374167924435672,0.9310857112977315,0.9547220230657555,0.9632232560699113,0.9714580006748336,0.9798764427822121,0.8926173584577616,0.9596714383858685,0.7692337499833785,0.9305597213212238,0.8980274436077065,0.45972283418417254,-0.38679338816448755,0.8232562085595938,0.8812052240374325,0.9119641798309186,1.0,0.9866714548052729,0.9621438435239958,0.9907075797426327,0.9536883120157226,0.9597318053762715,0.9167432052307074,0.9689582580568674],[0.9645497471220175,0.9526086159522615,0.9066835278027056,0.9578739327361837,0.8814049837709262,0.9349240025346992,0.8719857759061342,0.9574800744327363,0.9065582607508917,0.95707321692291,0.9401073173166251,0.9480822390981892,0.9088841959245948,0.8975432132893332,0.9405790355228032,0.9323538882879565,0.9491381021001818,0.9569426722378674,0.8593134188860206,0.9383772498804447,0.6994162950553198,0.9380207658753875,0.8580868633251865,0.45275735630939645,-0.37602269809032607,0.8665603601727438,0.8689653472925112,0.8955441656550759,0.9866714548052729,1.0,0.9514329882311454,0.9844651622902564,0.9563194906860015,0.9405948085042214,0.9250260165982521,0.9642921199766019],[0.9792573986788048,0.9704710025342663,0.9664412252698125,0.9811333051990334,0.9530735641619912,0.9586954493448013,0.9392267426153564,0.9693621379771945,0.9629887476415008,0.9802317339239495,0.9722522370025197,0.9769240536435375,0.9572005614730463,0.9509697341651072,0.9722464356951594,0.9553246135416124,0.9705726938861012,0.9677640067150992,0.8553826850944364,0.8990043208326726,0.6186174259952149,0.9727855814491916,0.9356685047513589,0.2995860688731188,-0.3178239687575387,0.8310995299921655,0.9141315673397312,0.9461516310211319,0.9621438435239958,0.9514329882311454,1.0,0.9521055244743233,0.9126092546911275,0.9787556021587754,0.9634102753535312,0.9438260585942808],[0.9702841113679651,0.9567899790785933,0.9102942672753233,0.9570395657183319,0.8779214078856218,0.954832046994794,0.8969134009002157,0.9662517872409208,0.9237450952679682,0.9564507296872539,0.9361812140930708,0.9472327270493698,0.9133131786157916,0.9139768641998848,0.9367497207206934,0.9560731929613194,0.9553071978500114,0.9649731110051444,0.8718825896727158,0.9473536217283254,0.7349329355169532,0.932644285225624,0.8717063419345565,0.47530160351944994,-0.34519265308077685,0.8742133351221233,0.8670102155111523,0.895705470983669,0.9907075797426327,0.9844651622902564,0.9521055244743233,1.0,0.9742071319627936,0.9464646833962755,0.9392241412412548,0.9649646589559603],[0.9402266885057522,0.939443641178692,0.8860140341122501,0.924016650924862,0.8468341706854838,0.9521360972880114,0.9030768783911844,0.9377070756357996,0.9043197172663143,0.9226667201445465,0.9004083126756742,0.9182162748894611,0.8686506060879844,0.8467543747721941,0.9009735395823845,0.9512535909891204,0.931406122656489,0.9374535456221338,0.8581817928796049,0.9011017463031874,0.7509208348748705,0.8956539646043902,0.8399295209124061,0.4020968465497938,-0.2105889089741629,0.8695507083868365,0.8309136442319529,0.8885836538901719,0.9536883120157226,0.9563194906860015,0.9126092546911275,0.9742071319627936,1.0,0.9071490583418559,0.929321022377556,0.9546000846929057],[0.982856638448575,0.9735031024328685,0.9638110954862089,0.9796434300924909,0.9444913330330363,0.9635158520963857,0.9373357899470018,0.964011287261532,0.9541741392779634,0.9789004124026632,0.9700514523275674,0.9754834961926998,0.967601269198165,0.9683417820846061,0.9700335535180241,0.9655398027038911,0.976316390696811,0.9632115721961823,0.8549127337031431,0.9002938875488001,0.6584003453008814,0.9687034121722822,0.9306333651397256,0.32658687950899296,-0.3433386563009691,0.8614210270421052,0.9154436280698673,0.9515618467299887,0.9597318053762715,0.9405948085042214,0.9787556021587754,0.9464646833962755,0.9071490583418559,1.0,0.9603541309166702,0.9448017965527142],[0.9752281238090738,0.9666702473795764,0.9713545570864324,0.9731652507903121,0.9514367546024467,0.9798945654534671,0.9694441341612633,0.9617952347268118,0.9741555315467642,0.9721085093641607,0.9811151684546419,0.9718704576310275,0.9780609538677437,0.9762586186891228,0.9811065381960693,0.9791583007221017,0.9869082384071934,0.9598345604632467,0.875212031422097,0.851702462924121,0.6263739581621924,0.958689313360167,0.8860795569217151,0.24981414456058362,-0.1856171102608216,0.8695627969306934,0.8964253145886052,0.9740973960022551,0.9167432052307074,0.9250260165982521,0.9634102753535312,0.9392241412412548,0.929321022377556,0.9603541309166702,1.0,0.9237394191711965],[0.9560247131521804,0.9510724737121171,0.915488637134407,0.9446821572265992,0.882322690056429,0.9582828740558975,0.9136272904834722,0.9681699655494937,0.9290857177617388,0.9432126190581956,0.9387858098603742,0.9470178808457076,0.9310906820794727,0.9254697170815906,0.939393242575456,0.9624562747508204,0.9626745891597082,0.9692922765919862,0.8959831235711695,0.887077001627901,0.6777975876416024,0.9239533379101595,0.8579433929386868,0.3682588312512559,-0.3173211253712402,0.9003849142533671,0.8582278693288709,0.8948897038232576,0.9689582580568674,0.9642921199766019,0.9438260585942808,0.9649646589559603,0.9546000846929057,0.9448017965527142,0.9237394191711965,1.0]],"x":["^TAIEX       \u81fa\u7063\u52a0\u6b0a\u5831\u916c\u6307\u6578","^TWII        \u81fa\u7063\u52a0\u6b0a\u6307\u6578","^TAIEXx2     \u81fa\u7063\u52a0\u6b0a\u5831\u916c\u6307\u6578_\u65e5\u6b632","^TAI50I      \u81fa\u706350\u5831\u916c\u6307\u6578","^TAI50Ix2    \u81fa\u706350\u5831\u916c\u6307\u6578_\u65e5\u6b632","^TAI100I     \u81fa\u7063\u4e2d\u578b100\u5831\u916c\u6307\u6578","^TAI100Ix2   \u81fa\u7063\u4e2d\u578b100\u5831\u916c\u6307\u6578_\u65e5\u6b632","^TAIDIVIDI   \u81fa\u7063\u9ad8\u80a1\u606f\u5831\u916c\u6307\u6578","^TAIDIVIDIx2 \u81fa\u7063\u9ad8\u80a1\u606f\u5831\u916c\u6307\u6578_\u65e5\u6b632","0050Fund     \u5143\u5927\u53f0\u7063\u5353\u8d8a50\u57fa\u91d1","006208Fund   \u5bcc\u90a6\u53f0\u7063\u91c6\u540950\u57fa\u91d1","0050         \u5143\u5927\u81fa\u706350","00631L       \u5143\u5927\u53f0\u706350\u6b632","00675L       \u5bcc\u90a6\u81fa\u7063\u52a0\u6b0a\u6b632","006208       \u5bcc\u90a6\u53f050","0051         \u5143\u5927\u4e2d\u578b100","006204       \u6c38\u8c50\u81fa\u7063\u52a0\u6b0a","0056         \u5143\u5927\u9ad8\u80a1\u606f","0056         \u5143\u5927\u9ad8\u80a1\u606f_\u80a1\u606f\u4e0d\u6295\u5165","2412         \u4e2d\u83ef\u96fb\u4fe1","2002         \u4e2d\u92fc","2330         \u53f0\u7a4d\u96fb","2317         \u9d3b\u6d77","6505         \u53f0\u5851\u77f3\u5316","3481         \u7fa4\u5275","2303         \u806f\u96fb","2308         \u53f0\u9054\u96fb","2454         \u806f\u767c\u79d1","2886         \u5146\u8c50\u91d1","2884         \u7389\u5c71\u91d1","2891         \u4e2d\u4fe1\u91d1","2892         \u7b2c\u4e00\u91d1","5880         \u5408\u5eab\u91d1","2881         \u5bcc\u90a6\u91d1","2885         \u5143\u5927\u91d1","2887         \u53f0\u65b0\u91d1"],"y":["^TAIEX       \u81fa\u7063\u52a0\u6b0a\u5831\u916c\u6307\u6578","^TWII        \u81fa\u7063\u52a0\u6b0a\u6307\u6578","^TAIEXx2     \u81fa\u7063\u52a0\u6b0a\u5831\u916c\u6307\u6578_\u65e5\u6b632","^TAI50I      \u81fa\u706350\u5831\u916c\u6307\u6578","^TAI50Ix2    \u81fa\u706350\u5831\u916c\u6307\u6578_\u65e5\u6b632","^TAI100I     \u81fa\u7063\u4e2d\u578b100\u5831\u916c\u6307\u6578","^TAI100Ix2   \u81fa\u7063\u4e2d\u578b100\u5831\u916c\u6307\u6578_\u65e5\u6b632","^TAIDIVIDI   \u81fa\u7063\u9ad8\u80a1\u606f\u5831\u916c\u6307\u6578","^TAIDIVIDIx2 \u81fa\u7063\u9ad8\u80a1\u606f\u5831\u916c\u6307\u6578_\u65e5\u6b632","0050Fund     \u5143\u5927\u53f0\u7063\u5353\u8d8a50\u57fa\u91d1","006208Fund   \u5bcc\u90a6\u53f0\u7063\u91c6\u540950\u57fa\u91d1","0050         \u5143\u5927\u81fa\u706350","00631L       \u5143\u5927\u53f0\u706350\u6b632","00675L       \u5bcc\u90a6\u81fa\u7063\u52a0\u6b0a\u6b632","006208       \u5bcc\u90a6\u53f050","0051         \u5143\u5927\u4e2d\u578b100","006204       \u6c38\u8c50\u81fa\u7063\u52a0\u6b0a","0056         \u5143\u5927\u9ad8\u80a1\u606f","0056         \u5143\u5927\u9ad8\u80a1\u606f_\u80a1\u606f\u4e0d\u6295\u5165","2412         \u4e2d\u83ef\u96fb\u4fe1","2002         \u4e2d\u92fc","2330         \u53f0\u7a4d\u96fb","2317         \u9d3b\u6d77","6505         \u53f0\u5851\u77f3\u5316","3481         \u7fa4\u5275","2303         \u806f\u96fb","2308         \u53f0\u9054\u96fb","2454         \u806f\u767c\u79d1","2886         \u5146\u8c50\u91d1","2884         \u7389\u5c71\u91d1","2891         \u4e2d\u4fe1\u91d1","2892         \u7b2c\u4e00\u91d1","5880         \u5408\u5eab\u91d1","2881         \u5bcc\u90a6\u91d1","2885         \u5143\u5927\u91d1","2887         \u53f0\u65b0\u91d1"],"zmin":-1,"zmax":1,"colorbar":{"x":-0.2}}],"layout":{"autotypenumbers":"strict","colorway":["#636efa","#EF553B","#00cc96","#ab63fa","#FFA15A","#19d3f3","#FF6692","#B6E880","#FF97FF","#FECB52"],"font":{"color":"#f2f5fa","family":"Courier New"},"hovermode":"closest","hoverlabel":{"align":"left"},"paper_bgcolor":"rgb(17,17,17)","plot_bgcolor":"rgb(17,17,17)","polar":{"bgcolor":"rgb(17,17,17)","angularaxis":{"gridcolor":"#506784","linecolor":"#506784","ticks":""},"radialaxis":{"gridcolor":"#506784","linecolor":"#506784","ticks":""}},"ternary":{"bgcolor":"rgb(17,17,17)","aaxis":{"gridcolor":"#506784","linecolor":"#506784","ticks":""},"baxis":{"gridcolor":"#506784","linecolor":"#506784","ticks":""},"caxis":{"gridcolor":"#506784","linecolor":"#506784","ticks":""}},"coloraxis":{"colorbar":{"outlinewidth":0,"ticks":""}},"colorscale":{"sequential":[[0.0,"#0d0887"],[0.1111111111111111,"#46039f"],[0.2222222222222222,"#7201a8"],[0.3333333333333333,"#9c179e"],[0.4444444444444444,"#bd3786"],[0.5555555555555556,"#d8576b"],[0.6666666666666666,"#ed7953"],[0.7777777777777778,"#fb9f3a"],[0.8888888888888888,"#fdca26"],[1.0,"#f0f921"]],"sequentialminus":[[0.0,"#0d0887"],[0.1111111111111111,"#46039f"],[0.2222222222222222,"#7201a8"],[0.3333333333333333,"#9c179e"],[0.4444444444444444,"#bd3786"],[0.5555555555555556,"#d8576b"],[0.6666666666666666,"#ed7953"],[0.7777777777777778,"#fb9f3a"],[0.8888888888888888,"#fdca26"],[1.0,"#f0f921"]],"diverging":[[0,"#8e0152"],[0.1,"#c51b7d"],[0.2,"#de77ae"],[0.3,"#f1b6da"],[0.4,"#fde0ef"],[0.5,"#f7f7f7"],[0.6,"#e6f5d0"],[0.7,"#b8e186"],[0.8,"#7fbc41"],[0.9,"#4d9221"],[1,"#276419"]]},"xaxis":{"gridcolor":"rgba(0, 0, 0, 0)","linecolor":"#506784","ticks":"","title":{"standoff":15},"zerolinecolor":"#283442","automargin":true,"zerolinewidth":2,"tickfont":{"family":"Courier New","size":14},"side":"top","tickangle":-90},"yaxis":{"gridcolor":"rgba(0, 0, 0, 0)","linecolor":"#506784","ticks":"","title":{"standoff":15},"zerolinecolor":"#283442","automargin":true,"zerolinewidth":2,"tickfont":{"family":"Courier New"},"side":"right"},"scene":{"xaxis":{"backgroundcolor":"rgb(17,17,17)","gridcolor":"#506784","linecolor":"#506784","showbackground":true,"ticks":"","zerolinecolor":"#C8D4E3","gridwidth":2},"yaxis":{"backgroundcolor":"rgb(17,17,17)","gridcolor":"#506784","linecolor":"#506784","showbackground":true,"ticks":"","zerolinecolor":"#C8D4E3","gridwidth":2},"zaxis":{"backgroundcolor":"rgb(17,17,17)","gridcolor":"#506784","linecolor":"#506784","showbackground":true,"ticks":"","zerolinecolor":"#C8D4E3","gridwidth":2}},"shapedefaults":{"line":{"color":"#f2f5fa"}},"annotationdefaults":{"arrowcolor":"#f2f5fa","arrowhead":0,"arrowwidth":1},"geo":{"bgcolor":"rgb(17,17,17)","landcolor":"rgb(17,17,17)","subunitcolor":"#506784","showland":true,"showlakes":true,"lakecolor":"rgb(17,17,17)"},"title":{"x":0.05,"font":{"family":"Times New Roman"},"y":0.05,"text":"<b>Correlation of Adj Close<b><br><i>2016-09-23 ~ 2025-12-15<i>"},"updatemenudefaults":{"bgcolor":"#506784","borderwidth":0},"sliderdefaults":{"bgcolor":"#C8D4E3","borderwidth":1,"bordercolor":"rgb(17,17,17)","tickwidth":0},"mapbox":{"style":"dark"},"annotations":[{"text":"<b>@zwindr<b>","textangle":0,"opacity":0.5,"font":{"color":"white","size":12},"xref":"paper","yref":"paper","xanchor":"left","yanchor":"bottom","x":1.0,"y":1.0,"showarrow":false}]},"config":{"responsive":true,"toImageButtonOptions":{"filename":"Correlation of Adj Close_2016-09-23~2025-12-15","scale":5}}};Plotly.newPlot("correlationAdjClose",correlationAdjClose.data,correlationAdjClose.layout||{},correlationAdjClose.config);}else{console.log("style display is none => correlationAdjClose");}