var element=document.getElementById("correlationAdjClose");if(element.style.display!='none'){var correlationAdjClose={"data":[{"type":"heatmap","z":[[1.0,0.9951279752545424,0.9750021675077831,0.997010919991759,0.9550082667920544,0.9842468151275696,0.9542994239058421,0.9886957419297775,0.9754187947999975,0.9971646057978811,0.9966242127914564,0.9970909643450901,0.9931511550722595,0.9941918778308688,0.9966797393816721,0.985685643818842,0.9997225782847325,0.9885135719259448,0.8976748731524313,0.9181672288787535,0.6838654647263265,0.9846996408329644,0.9351051557482793,0.35766475375542944,-0.29815300055340344,0.8990257170199859,0.9263653755851904,0.9608735567951229,0.9765065033745333,0.9646885191740696,0.9793858882648876,0.9701508260333008,0.939838401711177,0.9831195175733789,0.9755567380727057,0.9565818636168392],[0.9951279752545424,1.0,0.9713967362633436,0.9918655954084352,0.9511169983837117,0.9804796796380929,0.9504530162115227,0.9811171903798768,0.9697294249363306,0.9931332654555545,0.9949513424061486,0.9944690733699239,0.9923062441214398,0.992285144191574,0.9949683521313077,0.9808281809713761,0.9973493661833414,0.9833086991771947,0.918191240476065,0.9085186059541102,0.7056481947064116,0.969509648733647,0.918576526763951,0.3581578103024167,-0.23071528488318585,0.877701977546547,0.9209563704952944,0.9601963212829748,0.9577668327063799,0.9528551175261148,0.9706942936491303,0.9568181176008406,0.9391604636285262,0.9738453438875603,0.9670474722973862,0.9516139701975953],[0.9750021675077831,0.9713967362633436,1.0,0.9845955900849311,0.9944286575697585,0.9721304303187884,0.9787651273471605,0.9584207695912398,0.9775441262493719,0.9843004792496531,0.9909349720929669,0.9876618239754063,0.9970548220240949,0.9968385864801353,0.9906986171702293,0.9697212129698741,0.9852962253021373,0.9580809433031517,0.8567758910173596,0.8208831947698902,0.5515226790291643,0.992305867214646,0.9346586066538949,0.18600035405062615,-0.22253114376522085,0.880831265909181,0.9429399965078796,0.9700716747237454,0.9163271722836117,0.9064806621480858,0.967122929287529,0.9095597107708291,0.8845018924590436,0.9639089956386261,0.9717379039702174,0.9160148940205639],[0.997010919991759,0.9918655954084352,0.9845955900849311,1.0,0.9717778882610996,0.9757762902755504,0.9519530332783251,0.9797815973541254,0.9717034518235105,0.9999709427264556,0.9999920901317645,0.9999635458495919,0.9936412384565628,0.9923543194204822,0.9999521270030632,0.9744867144076427,0.9957776666890514,0.9792972146029587,0.8800702585456867,0.8994849776327914,0.6446016598175585,0.9940313522351565,0.9399959555353714,0.32428090630650264,-0.2868349495500602,0.8900093279891118,0.9385723728798337,0.9639922205394812,0.9632022565105136,0.957767575737715,0.9814533690297798,0.9566643505614607,0.9232815804261656,0.9799125215212625,0.9736603781895774,0.9452743478336165],[0.9550082667920544,0.9511169983837117,0.9944286575697585,0.9717778882610996,1.0,0.943905203793844,0.9579180241231227,0.9312110427024824,0.9558518741545405,0.9718585297113629,0.981217485892119,0.9773433876179849,0.9834283870875311,0.9806774253861082,0.980864254134996,0.9400864496488944,0.9660812929758656,0.9306214071682727,0.8212657958848254,0.7879478479166826,0.4996304230619125,0.9866461358287373,0.9285153997749885,0.15026391361931232,-0.2110441865162362,0.8452359606635177,0.9502452787475606,0.9541197106832287,0.8834497027050663,0.8806013519034755,0.9537350713180589,0.8766024383761271,0.8446245987114308,0.9442490782451036,0.951751706788126,0.8827353486581563],[0.9842468151275696,0.9804796796380929,0.9721304303187884,0.9757762902755504,0.943905203793844,1.0,0.982908441384559,0.9828394607696451,0.983139566856004,0.9752458480773775,0.969888654085657,0.9732987882393807,0.9732622442862635,0.9708325865376283,0.9698058500153623,0.9999033655171163,0.9871912630257365,0.9837137544533822,0.9013039541079259,0.8720279849324147,0.6529223191074215,0.9673559757332405,0.906968935078367,0.2354484743063119,-0.22115301136815063,0.9322007836091051,0.8990814668944699,0.9651916273524996,0.9597826193210963,0.9355379487209582,0.9589244212683179,0.9550633783116456,0.9519221845265428,0.9640138011741637,0.9799502648646392,0.9588272906589798],[0.9542994239058421,0.9504530162115227,0.9787651273471605,0.9519530332783251,0.9579180241231227,0.982908441384559,1.0,0.9546025791654806,0.9847233663189935,0.950654502702452,0.9606692018984835,0.9570664122816929,0.9781368118942658,0.9787681719010568,0.9602922235953358,0.9841542781807162,0.9721781916081382,0.9570062515850902,0.8649199351010618,0.7913080774953483,0.5419436140800723,0.9558352981670267,0.9096268643140257,0.09538876247408942,-0.16065932508887232,0.8935116572838161,0.8989979650548093,0.9609485571376803,0.9036757440639382,0.8730319121539281,0.9404562950536487,0.897268041912266,0.9024801551192451,0.9383326971762377,0.97004377771141,0.9146784284143771],[0.9886957419297775,0.9811171903798768,0.9584207695912398,0.9797815973541254,0.9312110427024824,0.9828394607696451,0.9546025791654806,1.0,0.9840263880319973,0.9797775227423803,0.9749558643899353,0.9786787590714987,0.9689006886777375,0.9678800609915483,0.9751371540052843,0.9846145593217926,0.9864076498265408,0.999885121573804,0.9278856793864276,0.9299315073891911,0.6217239025102339,0.9667763110854016,0.9012169740069835,0.21243656641723443,-0.31047939376242756,0.9076975155438987,0.8753718693990807,0.9459866093842612,0.9794612868699226,0.9579113079932888,0.9687458033345542,0.9665436279260968,0.9379397104190167,0.9641888553313662,0.9615976991743447,0.968482233936377],[0.9754187947999975,0.9697294249363306,0.9775441262493719,0.9717034518235105,0.9558518741545405,0.983139566856004,0.9847233663189935,0.9840263880319973,1.0,0.9709957662397363,0.9671462500971914,0.9697581521501686,0.9716170063083444,0.9683097052443388,0.9669882528039915,0.9821840933881498,0.9750599885196668,0.9833868818321289,0.9025469329127841,0.8635367562668416,0.5396932580362892,0.9689566942575335,0.919298659295367,0.07222096064527575,-0.23359816685842744,0.8858664267716898,0.8826661600159221,0.9657815036747158,0.9384667617300109,0.9075117642950509,0.9630933834959912,0.92435333291762,0.9045482773582751,0.9548002065489541,0.9742588624219254,0.9300170062198343],[0.9971646057978811,0.9931332654555545,0.9843004792496531,0.9999709427264556,0.9718585297113629,0.9752458480773775,0.950654502702452,0.9797775227423803,0.9709957662397363,1.0,0.9999906804828679,0.9999829923476609,0.9935371386880587,0.9922288964361405,0.9999568554457546,0.9739640999551563,0.9956641574098347,0.9793862025072763,0.8818635145978321,0.9007350302769236,0.6414775751758616,0.9942209610581959,0.939914520393489,0.32930559334893067,-0.2863068160282165,0.8906445490886526,0.9368566244001018,0.9626040524053499,0.9629616773766079,0.956977220833613,0.9805669363417938,0.956084097983652,0.9219591477457726,0.9791859599995039,0.9726290700298685,0.9438439054920928],[0.9966242127914564,0.9949513424061486,0.9909349720929669,0.9999920901317645,0.981217485892119,0.969888654085657,0.9606692018984835,0.9749558643899353,0.9671462500971914,0.9999906804828679,1.0,0.9999742096875175,0.993665336399281,0.9923529046547355,0.9999594460981346,0.9695508568574932,0.9954515020464243,0.9756071889245866,0.9028250977113729,0.9286790150488587,0.515096122656499,0.9973355420051296,0.9262674935210953,-0.15266568604306255,0.37811971278579803,0.887875916586612,0.9086471387152167,0.9644974991162872,0.9536476528547705,0.9402672652895093,0.972816377829351,0.9359334350476658,0.8991894519140079,0.9705953662373724,0.9815108938921239,0.9396274445014036],[0.9970909643450901,0.9944690733699239,0.9876618239754063,0.9999635458495919,0.9773433876179849,0.9732987882393807,0.9570664122816929,0.9786787590714987,0.9697581521501686,0.9999829923476609,0.9999742096875175,1.0,0.99352247076132,0.9921716148643316,0.9999676538896037,0.9730745457500801,0.9955654070186006,0.9789099204820194,0.8894675718889807,0.9178297514571517,0.5841300821018883,0.9963451120514714,0.936581296906884,0.06304165725595923,-0.19378906007411512,0.9031308409959267,0.9231008641220699,0.958217883205344,0.9572196692376244,0.9480615972957209,0.977230611979512,0.9469873177859155,0.9175100069400065,0.9757662804074199,0.9722798056925998,0.9474258276033762],[0.9931511550722595,0.9923062441214398,0.9970548220240949,0.9936412384565628,0.9834283870875311,0.9732622442862635,0.9781368118942658,0.9689006886777375,0.9716170063083444,0.9935371386880587,0.993665336399281,0.99352247076132,1.0,0.9997742848792625,0.9936398489866926,0.9730318729932841,0.9932785326586657,0.9697899413381869,0.8929878961484158,0.9169516508459894,0.440347233434894,0.9897650060644023,0.9227170977371268,-0.4144984085549733,0.39139667769475533,0.8697194806752414,0.908451081213072,0.9673556402980812,0.9367021592540661,0.9094412376035635,0.9579773989007776,0.9132949636135259,0.8676089024496845,0.9680178250041721,0.9783853290188539,0.9318852732889233],[0.9941918778308688,0.992285144191574,0.9968385864801353,0.9923543194204822,0.9806774253861082,0.9708325865376283,0.9787681719010568,0.9678800609915483,0.9683097052443388,0.9922288964361405,0.9923529046547355,0.9921716148643316,0.9997742848792625,1.0,0.9924291039844175,0.9704988407045986,0.994128164905584,0.9689509485097041,0.8773411005715515,0.9268703976143854,0.29757226566917566,0.9861698281017869,0.9168234929769723,-0.7527883853354523,0.3604750824744152,0.8371589282553563,0.9060556729214484,0.9634240580775599,0.930405512648395,0.8985456941731383,0.9519091405541178,0.9142069942878427,0.8457970897144546,0.968738358096215,0.9766522606240836,0.926554448885481],[0.9966797393816721,0.9949683521313077,0.9906986171702293,0.9999521270030632,0.980864254134996,0.9698058500153623,0.9602922235953358,0.9751371540052843,0.9669882528039915,0.9999568554457546,0.9999594460981346,0.9999676538896037,0.9936398489866926,0.9924291039844175,1.0,0.9695301245378579,0.9954962456106077,0.9757863569818307,0.9032722507928755,0.92940030866127,0.5174444104591653,0.9971654212684893,0.9259092418503522,-0.14865480379566234,0.3792452442516048,0.8882103886804624,0.907646589004811,0.9640022178115072,0.9541254308465796,0.9407167177007246,0.9726426025959211,0.9365714966261612,0.900100804343577,0.9704272787859102,0.9813944011926292,0.9400252458611157],[0.985685643818842,0.9808281809713761,0.9697212129698741,0.9744867144076427,0.9400864496488944,0.9999033655171163,0.9841542781807162,0.9846145593217926,0.9821840933881498,0.9739640999551563,0.9695508568574932,0.9730745457500801,0.9730318729932841,0.9704988407045986,0.9695301245378579,1.0,0.9871943435589287,0.9839271136817486,0.9042632477087242,0.8957661508652931,0.6417481477260164,0.9648468712490073,0.9010032291824874,0.09081635184497686,-0.20008670559387448,0.939256659802833,0.8877232873310444,0.962220243882537,0.9632233723736358,0.9328379105312757,0.9554391350181911,0.9562592582820622,0.9510789102119834,0.9658520940983759,0.97914035231395,0.962810018332046],[0.9997225782847325,0.9973493661833414,0.9852962253021373,0.9957776666890514,0.9660812929758656,0.9871912630257365,0.9721781916081382,0.9864076498265408,0.9750599885196668,0.9956641574098347,0.9954515020464243,0.9955654070186006,0.9932785326586657,0.994128164905584,0.9954962456106077,0.9871943435589287,1.0,0.9870061708599432,0.9224465064301028,0.939038150831774,0.5763761598938723,0.9883856352643381,0.9171631646972095,-0.09026916145913805,0.4077634575783954,0.9174603675050894,0.8977574885639755,0.9671318237285741,0.9710682116600444,0.9493718702229583,0.9707926647114847,0.9552333588673878,0.930766593762457,0.9766254481287927,0.9870585193563763,0.9630577719368255],[0.9885135719259448,0.9833086991771947,0.9580809433031517,0.9792972146029587,0.9306214071682727,0.9837137544533822,0.9570062515850902,0.999885121573804,0.9833868818321289,0.9793862025072763,0.9756071889245866,0.9789099204820194,0.9697899413381869,0.9689509485097041,0.9757863569818307,0.9839271136817486,0.9870061708599432,1.0,0.9307510415079046,0.9360201528924669,0.6198533518301474,0.9654813308319323,0.9047069614743938,0.17740942347704222,-0.29234492352867214,0.9123232408178666,0.8714377399517509,0.9457683091650291,0.9799339683411783,0.9572600183712158,0.9672624348999977,0.9651944497956086,0.9376134675218862,0.9633191063257779,0.9596778226576067,0.9694967629822541],[0.8976748731524313,0.918191240476065,0.8567758910173596,0.8800702585456867,0.8212657958848254,0.9013039541079259,0.8649199351010618,0.9278856793864276,0.9025469329127841,0.8818635145978321,0.9028250977113729,0.8894675718889807,0.8929878961484158,0.8773411005715515,0.9032722507928755,0.9042632477087242,0.9224465064301028,0.9307510415079046,1.0,0.8295614481643947,0.692894929823746,0.8519491962616509,0.8056071588702187,0.25851887056814277,-0.16605446522559597,0.858522512646843,0.745808554935499,0.8562910317793881,0.8930086823000828,0.8597706988534234,0.8544738320446627,0.872328909066171,0.8587340053760685,0.8548357907414257,0.8744704039385954,0.8959725244038536],[0.9181672288787535,0.9085186059541102,0.8208831947698902,0.8994849776327914,0.7879478479166826,0.8720279849324147,0.7913080774953483,0.9299315073891911,0.8635367562668416,0.9007350302769236,0.9286790150488587,0.9178297514571517,0.9169516508459894,0.9268703976143854,0.92940030866127,0.8957661508652931,0.939038150831774,0.9360201528924669,0.8295614481643947,1.0,0.8228657122789113,0.849930898909673,0.8665481391662656,0.6313513395711434,-0.5244860469629523,0.719077053783067,0.8238886968300984,0.8149849207756186,0.9597981628993871,0.938468915996192,0.8977999562775854,0.9474980656465168,0.9015517853361507,0.90001425460929,0.8513762397918265,0.8872098756053849],[0.6838654647263265,0.7056481947064116,0.5515226790291643,0.6446016598175585,0.4996304230619125,0.6529223191074215,0.5419436140800723,0.6217239025102339,0.5396932580362892,0.6414775751758616,0.515096122656499,0.5841300821018883,0.440347233434894,0.29757226566917566,0.5174444104591653,0.6417481477260164,0.5763761598938723,0.6198533518301474,0.692894929823746,0.8228657122789113,1.0,0.5757758519702819,0.6830082355638373,0.7244055645482411,-0.11600876064596127,0.5332127590865012,0.5844374777032622,0.6032695113915864,0.7678566665367115,0.6974019409459479,0.6142051602331738,0.7328851377307747,0.7498832974085634,0.6552358823169017,0.623052298328186,0.6750732219074487],[0.9846996408329644,0.969509648733647,0.992305867214646,0.9940313522351565,0.9866461358287373,0.9673559757332405,0.9558352981670267,0.9667763110854016,0.9689566942575335,0.9942209610581959,0.9973355420051296,0.9963451120514714,0.9897650060644023,0.9861698281017869,0.9971654212684893,0.9648468712490073,0.9883856352643381,0.9654813308319323,0.8519491962616509,0.849930898909673,0.5757758519702819,1.0,0.9185143321691344,0.2523621915306648,-0.2782433499654591,0.872052450179874,0.943340505075329,0.9674367669419586,0.9297863783873797,0.9378450183257797,0.9732833631718807,0.9322566246152043,0.8948585271779319,0.9689664032798255,0.9593447387986905,0.9245889916108021],[0.9351051557482793,0.918576526763951,0.9346586066538949,0.9399959555353714,0.9285153997749885,0.906968935078367,0.9096268643140257,0.9012169740069835,0.919298659295367,0.939914520393489,0.9262674935210953,0.936581296906884,0.9227170977371268,0.9168234929769723,0.9259092418503522,0.9010032291824874,0.9171631646972095,0.9047069614743938,0.8056071588702187,0.8665481391662656,0.6830082355638373,0.9185143321691344,1.0,0.29137627663666227,-0.19070960215330335,0.7192127078757794,0.912856870618443,0.9007224285978369,0.8982912060837549,0.8592698950062492,0.9366196642759381,0.872477151518205,0.8404132002183793,0.9315684925762272,0.8877133563168192,0.8596293626493126],[0.35766475375542944,0.3581578103024167,0.18600035405062615,0.32428090630650264,0.15026391361931232,0.2354484743063119,0.09538876247408942,0.21243656641723443,0.07222096064527575,0.32930559334893067,-0.15266568604306255,0.06304165725595923,-0.4144984085549733,-0.7527883853354523,-0.14865480379566234,0.09081635184497686,-0.09026916145913805,0.17740942347704222,0.25851887056814277,0.6313513395711434,0.7244055645482411,0.2523621915306648,0.29137627663666227,1.0,-0.38010308816317845,0.25975991100992907,0.2365359551485121,0.1679935527914481,0.4568964036700883,0.44934002799818795,0.29453756682447635,0.4721042825689836,0.39981908292067536,0.3225459866654675,0.24567267315100155,0.36443260334185973],[-0.29815300055340344,-0.23071528488318585,-0.22253114376522085,-0.2868349495500602,-0.2110441865162362,-0.22115301136815063,-0.16065932508887232,-0.31047939376242756,-0.23359816685842744,-0.2863068160282165,0.37811971278579803,-0.19378906007411512,0.39139667769475533,0.3604750824744152,0.3792452442516048,-0.20008670559387448,0.4077634575783954,-0.29234492352867214,-0.16605446522559597,-0.5244860469629523,-0.11600876064596127,-0.2782433499654591,-0.19070960215330335,-0.38010308816317845,1.0,-0.158220093651819,-0.26900744843026614,-0.18475886507555894,-0.38676885596518124,-0.375855745298214,-0.31690462336598907,-0.34523396566798054,-0.21118205842491952,-0.34279541147156173,-0.186100993117762,-0.3171996580593751],[0.8990257170199859,0.877701977546547,0.880831265909181,0.8900093279891118,0.8452359606635177,0.9322007836091051,0.8935116572838161,0.9076975155438987,0.8858664267716898,0.8906445490886526,0.887875916586612,0.9031308409959267,0.8697194806752414,0.8371589282553563,0.8882103886804624,0.939256659802833,0.9174603675050894,0.9123232408178666,0.858522512646843,0.719077053783067,0.5332127590865012,0.872052450179874,0.7192127078757794,0.25975991100992907,-0.158220093651819,1.0,0.7676371581998304,0.8876390173146964,0.8243460877263928,0.8674488301227788,0.831550858271904,0.8750379113188614,0.8702668260115413,0.8621158323488316,0.86988777414024,0.9008933302771928],[0.9263653755851904,0.9209563704952944,0.9429399965078796,0.9385723728798337,0.9502452787475606,0.8990814668944699,0.8989979650548093,0.8753718693990807,0.8826661600159221,0.9368566244001018,0.9086471387152167,0.9231008641220699,0.908451081213072,0.9060556729214484,0.907646589004811,0.8877232873310444,0.8977574885639755,0.8714377399517509,0.745808554935499,0.8238886968300984,0.5844374777032622,0.943340505075329,0.912856870618443,0.2365359551485121,-0.26900744843026614,0.7676371581998304,1.0,0.8895570462856139,0.8784497302361548,0.8676179150694416,0.9152693205368484,0.8650765895290811,0.8283457753970705,0.9151779534862158,0.8974921367195818,0.858430190432535],[0.9608735567951229,0.9601963212829748,0.9700716747237454,0.9639922205394812,0.9541197106832287,0.9651916273524996,0.9609485571376803,0.9459866093842612,0.9657815036747158,0.9626040524053499,0.9644974991162872,0.958217883205344,0.9673556402980812,0.9634240580775599,0.9640022178115072,0.962220243882537,0.9671318237285741,0.9457683091650291,0.8562910317793881,0.8149849207756186,0.6032695113915864,0.9674367669419586,0.9007224285978369,0.1679935527914481,-0.18475886507555894,0.8876390173146964,0.8895570462856139,1.0,0.9124132587885353,0.8964560969207638,0.9464270717462301,0.8964914711043864,0.8889584154718506,0.9520793625823505,0.9741831297505853,0.8960339490120856],[0.9765065033745333,0.9577668327063799,0.9163271722836117,0.9632022565105136,0.8834497027050663,0.9597826193210963,0.9036757440639382,0.9794612868699226,0.9384667617300109,0.9629616773766079,0.9536476528547705,0.9572196692376244,0.9367021592540661,0.930405512648395,0.9541254308465796,0.9632233723736358,0.9710682116600444,0.9799339683411783,0.8930086823000828,0.9597981628993871,0.7678566665367115,0.9297863783873797,0.8982912060837549,0.4568964036700883,-0.38676885596518124,0.8243460877263928,0.8784497302361548,0.9124132587885353,1.0,0.9867025874060901,0.9610609351665719,0.9907544441981078,0.9539278779253714,0.9595128890970097,0.9165273843868095,0.9689022119255757],[0.9646885191740696,0.9528551175261148,0.9064806621480858,0.957767575737715,0.8806013519034755,0.9355379487209582,0.8730319121539281,0.9579113079932888,0.9075117642950509,0.956977220833613,0.9402672652895093,0.9480615972957209,0.9094412376035635,0.8985456941731383,0.9407167177007246,0.9328379105312757,0.9493718702229583,0.9572600183712158,0.8597706988534234,0.938468915996192,0.6974019409459479,0.9378450183257797,0.8592698950062492,0.44934002799818795,-0.375855745298214,0.8674488301227788,0.8676179150694416,0.8964560969207638,0.9867025874060901,1.0,0.9510989522868457,0.9845701861604147,0.9564324469122939,0.9409543912737058,0.9253161167395402,0.9645364896961016],[0.9793858882648876,0.9706942936491303,0.967122929287529,0.9814533690297798,0.9537350713180589,0.9589244212683179,0.9404562950536487,0.9687458033345542,0.9630933834959912,0.9805669363417938,0.972816377829351,0.977230611979512,0.9579773989007776,0.9519091405541178,0.9726426025959211,0.9554391350181911,0.9707926647114847,0.9672624348999977,0.8544738320446627,0.8977999562775854,0.6142051602331738,0.9732833631718807,0.9366196642759381,0.29453756682447635,-0.31690462336598907,0.831550858271904,0.9152693205368484,0.9464270717462301,0.9610609351665719,0.9510989522868457,1.0,0.95145049616562,0.9116324880820217,0.9788714299000174,0.9639949367266021,0.9441908284574035],[0.9701508260333008,0.9568181176008406,0.9095597107708291,0.9566643505614607,0.8766024383761271,0.9550633783116456,0.897268041912266,0.9665436279260968,0.92435333291762,0.956084097983652,0.9359334350476658,0.9469873177859155,0.9132949636135259,0.9142069942878427,0.9365714966261612,0.9562592582820622,0.9552333588673878,0.9651944497956086,0.872328909066171,0.9474980656465168,0.7328851377307747,0.9322566246152043,0.872477151518205,0.4721042825689836,-0.34523396566798054,0.8750379113188614,0.8650765895290811,0.8964914711043864,0.9907544441981078,0.9845701861604147,0.95145049616562,1.0,0.9742799457356027,0.9465947860338021,0.9390780494020223,0.9650884766159911],[0.939838401711177,0.9391604636285262,0.8845018924590436,0.9232815804261656,0.8446245987114308,0.9519221845265428,0.9024801551192451,0.9379397104190167,0.9045482773582751,0.9219591477457726,0.8991894519140079,0.9175100069400065,0.8676089024496845,0.8457970897144546,0.900100804343577,0.9510789102119834,0.930766593762457,0.9376134675218862,0.8587340053760685,0.9015517853361507,0.7498832974085634,0.8948585271779319,0.8404132002183793,0.39981908292067536,-0.21118205842491952,0.8702668260115413,0.8283457753970705,0.8889584154718506,0.9539278779253714,0.9564324469122939,0.9116324880820217,0.9742799457356027,1.0,0.9070946061278099,0.9285986282774042,0.9544229404568823],[0.9831195175733789,0.9738453438875603,0.9639089956386261,0.9799125215212625,0.9442490782451036,0.9640138011741637,0.9383326971762377,0.9641888553313662,0.9548002065489541,0.9791859599995039,0.9705953662373724,0.9757662804074199,0.9680178250041721,0.968738358096215,0.9704272787859102,0.9658520940983759,0.9766254481287927,0.9633191063257779,0.8548357907414257,0.90001425460929,0.6552358823169017,0.9689664032798255,0.9315684925762272,0.3225459866654675,-0.34279541147156173,0.8621158323488316,0.9151779534862158,0.9520793625823505,0.9595128890970097,0.9409543912737058,0.9788714299000174,0.9465947860338021,0.9070946061278099,1.0,0.9608588720722554,0.945420009601091],[0.9755567380727057,0.9670474722973862,0.9717379039702174,0.9736603781895774,0.951751706788126,0.9799502648646392,0.97004377771141,0.9615976991743447,0.9742588624219254,0.9726290700298685,0.9815108938921239,0.9722798056925998,0.9783853290188539,0.9766522606240836,0.9813944011926292,0.97914035231395,0.9870585193563763,0.9596778226576067,0.8744704039385954,0.8513762397918265,0.623052298328186,0.9593447387986905,0.8877133563168192,0.24567267315100155,-0.186100993117762,0.86988777414024,0.8974921367195818,0.9741831297505853,0.9165273843868095,0.9253161167395402,0.9639949367266021,0.9390780494020223,0.9285986282774042,0.9608588720722554,1.0,0.9245379211043212],[0.9565818636168392,0.9516139701975953,0.9160148940205639,0.9452743478336165,0.8827353486581563,0.9588272906589798,0.9146784284143771,0.968482233936377,0.9300170062198343,0.9438439054920928,0.9396274445014036,0.9474258276033762,0.9318852732889233,0.926554448885481,0.9400252458611157,0.962810018332046,0.9630577719368255,0.9694967629822541,0.8959725244038536,0.8872098756053849,0.6750732219074487,0.9245889916108021,0.8596293626493126,0.36443260334185973,-0.3171996580593751,0.9008933302771928,0.858430190432535,0.8960339490120856,0.9689022119255757,0.9645364896961016,0.9441908284574035,0.9650884766159911,0.9544229404568823,0.945420009601091,0.9245379211043212,1.0]],"x":["^TAIEX       \u81fa\u7063\u52a0\u6b0a\u5831\u916c\u6307\u6578","^TWII        \u81fa\u7063\u52a0\u6b0a\u6307\u6578","^TAIEXx2     \u81fa\u7063\u52a0\u6b0a\u5831\u916c\u6307\u6578_\u65e5\u6b632","^TAI50I      \u81fa\u706350\u5831\u916c\u6307\u6578","^TAI50Ix2    \u81fa\u706350\u5831\u916c\u6307\u6578_\u65e5\u6b632","^TAI100I     \u81fa\u7063\u4e2d\u578b100\u5831\u916c\u6307\u6578","^TAI100Ix2   \u81fa\u7063\u4e2d\u578b100\u5831\u916c\u6307\u6578_\u65e5\u6b632","^TAIDIVIDI   \u81fa\u7063\u9ad8\u80a1\u606f\u5831\u916c\u6307\u6578","^TAIDIVIDIx2 \u81fa\u7063\u9ad8\u80a1\u606f\u5831\u916c\u6307\u6578_\u65e5\u6b632","0050Fund     \u5143\u5927\u53f0\u7063\u5353\u8d8a50\u57fa\u91d1","006208Fund   \u5bcc\u90a6\u53f0\u7063\u91c6\u540950\u57fa\u91d1","0050         \u5143\u5927\u81fa\u706350","00631L       \u5143\u5927\u53f0\u706350\u6b632","00675L       \u5bcc\u90a6\u81fa\u7063\u52a0\u6b0a\u6b632","006208       \u5bcc\u90a6\u53f050","0051         \u5143\u5927\u4e2d\u578b100","006204       \u6c38\u8c50\u81fa\u7063\u52a0\u6b0a","0056         \u5143\u5927\u9ad8\u80a1\u606f","0056         \u5143\u5927\u9ad8\u80a1\u606f_\u80a1\u606f\u4e0d\u6295\u5165","2412         \u4e2d\u83ef\u96fb\u4fe1","2002         \u4e2d\u92fc","2330         \u53f0\u7a4d\u96fb","2317         \u9d3b\u6d77","6505         \u53f0\u5851\u77f3\u5316","3481         \u7fa4\u5275","2303         \u806f\u96fb","2308         \u53f0\u9054\u96fb","2454         \u806f\u767c\u79d1","2886         \u5146\u8c50\u91d1","2884         \u7389\u5c71\u91d1","2891         \u4e2d\u4fe1\u91d1","2892         \u7b2c\u4e00\u91d1","5880         \u5408\u5eab\u91d1","2881         \u5bcc\u90a6\u91d1","2885         \u5143\u5927\u91d1","2887         \u53f0\u65b0\u91d1"],"y":["^TAIEX       \u81fa\u7063\u52a0\u6b0a\u5831\u916c\u6307\u6578","^TWII        \u81fa\u7063\u52a0\u6b0a\u6307\u6578","^TAIEXx2     \u81fa\u7063\u52a0\u6b0a\u5831\u916c\u6307\u6578_\u65e5\u6b632","^TAI50I      \u81fa\u706350\u5831\u916c\u6307\u6578","^TAI50Ix2    \u81fa\u706350\u5831\u916c\u6307\u6578_\u65e5\u6b632","^TAI100I     \u81fa\u7063\u4e2d\u578b100\u5831\u916c\u6307\u6578","^TAI100Ix2   \u81fa\u7063\u4e2d\u578b100\u5831\u916c\u6307\u6578_\u65e5\u6b632","^TAIDIVIDI   \u81fa\u7063\u9ad8\u80a1\u606f\u5831\u916c\u6307\u6578","^TAIDIVIDIx2 \u81fa\u7063\u9ad8\u80a1\u606f\u5831\u916c\u6307\u6578_\u65e5\u6b632","0050Fund     \u5143\u5927\u53f0\u7063\u5353\u8d8a50\u57fa\u91d1","006208Fund   \u5bcc\u90a6\u53f0\u7063\u91c6\u540950\u57fa\u91d1","0050         \u5143\u5927\u81fa\u706350","00631L       \u5143\u5927\u53f0\u706350\u6b632","00675L       \u5bcc\u90a6\u81fa\u7063\u52a0\u6b0a\u6b632","006208       \u5bcc\u90a6\u53f050","0051         \u5143\u5927\u4e2d\u578b100","006204       \u6c38\u8c50\u81fa\u7063\u52a0\u6b0a","0056         \u5143\u5927\u9ad8\u80a1\u606f","0056         \u5143\u5927\u9ad8\u80a1\u606f_\u80a1\u606f\u4e0d\u6295\u5165","2412         \u4e2d\u83ef\u96fb\u4fe1","2002         \u4e2d\u92fc","2330         \u53f0\u7a4d\u96fb","2317         \u9d3b\u6d77","6505         \u53f0\u5851\u77f3\u5316","3481         \u7fa4\u5275","2303         \u806f\u96fb","2308         \u53f0\u9054\u96fb","2454         \u806f\u767c\u79d1","2886         \u5146\u8c50\u91d1","2884         \u7389\u5c71\u91d1","2891         \u4e2d\u4fe1\u91d1","2892         \u7b2c\u4e00\u91d1","5880         \u5408\u5eab\u91d1","2881         \u5bcc\u90a6\u91d1","2885         \u5143\u5927\u91d1","2887         \u53f0\u65b0\u91d1"],"zmin":-1,"zmax":1,"colorbar":{"x":-0.2}}],"layout":{"autotypenumbers":"strict","colorway":["#636efa","#EF553B","#00cc96","#ab63fa","#FFA15A","#19d3f3","#FF6692","#B6E880","#FF97FF","#FECB52"],"font":{"color":"#f2f5fa","family":"Courier New"},"hovermode":"closest","hoverlabel":{"align":"left"},"paper_bgcolor":"rgb(17,17,17)","plot_bgcolor":"rgb(17,17,17)","polar":{"bgcolor":"rgb(17,17,17)","angularaxis":{"gridcolor":"#506784","linecolor":"#506784","ticks":""},"radialaxis":{"gridcolor":"#506784","linecolor":"#506784","ticks":""}},"ternary":{"bgcolor":"rgb(17,17,17)","aaxis":{"gridcolor":"#506784","linecolor":"#506784","ticks":""},"baxis":{"gridcolor":"#506784","linecolor":"#506784","ticks":""},"caxis":{"gridcolor":"#506784","linecolor":"#506784","ticks":""}},"coloraxis":{"colorbar":{"outlinewidth":0,"ticks":""}},"colorscale":{"sequential":[[0.0,"#0d0887"],[0.1111111111111111,"#46039f"],[0.2222222222222222,"#7201a8"],[0.3333333333333333,"#9c179e"],[0.4444444444444444,"#bd3786"],[0.5555555555555556,"#d8576b"],[0.6666666666666666,"#ed7953"],[0.7777777777777778,"#fb9f3a"],[0.8888888888888888,"#fdca26"],[1.0,"#f0f921"]],"sequentialminus":[[0.0,"#0d0887"],[0.1111111111111111,"#46039f"],[0.2222222222222222,"#7201a8"],[0.3333333333333333,"#9c179e"],[0.4444444444444444,"#bd3786"],[0.5555555555555556,"#d8576b"],[0.6666666666666666,"#ed7953"],[0.7777777777777778,"#fb9f3a"],[0.8888888888888888,"#fdca26"],[1.0,"#f0f921"]],"diverging":[[0,"#8e0152"],[0.1,"#c51b7d"],[0.2,"#de77ae"],[0.3,"#f1b6da"],[0.4,"#fde0ef"],[0.5,"#f7f7f7"],[0.6,"#e6f5d0"],[0.7,"#b8e186"],[0.8,"#7fbc41"],[0.9,"#4d9221"],[1,"#276419"]]},"xaxis":{"gridcolor":"rgba(0, 0, 0, 0)","linecolor":"#506784","ticks":"","title":{"standoff":15},"zerolinecolor":"#283442","automargin":true,"zerolinewidth":2,"tickfont":{"family":"Courier New","size":14},"side":"top","tickangle":-90},"yaxis":{"gridcolor":"rgba(0, 0, 0, 0)","linecolor":"#506784","ticks":"","title":{"standoff":15},"zerolinecolor":"#283442","automargin":true,"zerolinewidth":2,"tickfont":{"family":"Courier New"},"side":"right"},"scene":{"xaxis":{"backgroundcolor":"rgb(17,17,17)","gridcolor":"#506784","linecolor":"#506784","showbackground":true,"ticks":"","zerolinecolor":"#C8D4E3","gridwidth":2},"yaxis":{"backgroundcolor":"rgb(17,17,17)","gridcolor":"#506784","linecolor":"#506784","showbackground":true,"ticks":"","zerolinecolor":"#C8D4E3","gridwidth":2},"zaxis":{"backgroundcolor":"rgb(17,17,17)","gridcolor":"#506784","linecolor":"#506784","showbackground":true,"ticks":"","zerolinecolor":"#C8D4E3","gridwidth":2}},"shapedefaults":{"line":{"color":"#f2f5fa"}},"annotationdefaults":{"arrowcolor":"#f2f5fa","arrowhead":0,"arrowwidth":1},"geo":{"bgcolor":"rgb(17,17,17)","landcolor":"rgb(17,17,17)","subunitcolor":"#506784","showland":true,"showlakes":true,"lakecolor":"rgb(17,17,17)"},"title":{"x":0.05,"font":{"family":"Times New Roman"},"y":0.05,"text":"<b>Correlation of Adj Close<b><br><i>2016-09-23 ~ 2025-12-24<i>"},"updatemenudefaults":{"bgcolor":"#506784","borderwidth":0},"sliderdefaults":{"bgcolor":"#C8D4E3","borderwidth":1,"bordercolor":"rgb(17,17,17)","tickwidth":0},"mapbox":{"style":"dark"},"annotations":[{"text":"<b>@zwindr<b>","textangle":0,"opacity":0.5,"font":{"color":"white","size":12},"xref":"paper","yref":"paper","xanchor":"left","yanchor":"bottom","x":1.0,"y":1.0,"showarrow":false}]},"config":{"responsive":true,"toImageButtonOptions":{"filename":"Correlation of Adj Close_2016-09-23~2025-12-24","scale":5}}};Plotly.newPlot("correlationAdjClose",correlationAdjClose.data,correlationAdjClose.layout||{},correlationAdjClose.config);}else{console.log("style display is none => correlationAdjClose");}