var element = document.getElementById("correlationAdjClose");

if (element.style.display != 'none') {
    var correlationAdjClose = {"data": [{"type": "heatmap", "z": [[1.0, 0.9940339455961583, 0.9769726000007669, 0.9976195471390665, 0.964692071564868, 0.9815606121175839, -0.9434050476704393, 0.9900343635366328, 0.9703194671580847, 0.997197803977418, 0.9971851560234998, 0.9976760111444033, 0.9932643537434416, 0.9939611137543694, 0.9971962750493273, 0.9839978099282546, 0.9996694049353974, 0.9900502197724713, 0.9201987179361752, 0.7390672665673691, 0.9853365920017272, 0.9214911087834002, 0.43986617352886326, -0.3037413429236516, 0.9013140103109196, 0.9736376178922855, 0.954777281227172, 0.9801285716626376, 0.9639780741956796, 0.9756956614283641, 0.9720734391016305, 0.945514067462001, 0.9798416980829275, 0.9703834759525728, 0.9548075882315441], [0.9940339455961583, 1.0, 0.9723365296637024, 0.9912980595636601, 0.9600840702932735, 0.9770210333198074, -0.9387325183029483, 0.9809875270034668, 0.9634251175724389, 0.9952883353351576, 0.9951336722544671, 0.9943714639347437, 0.992348177291933, 0.9916074700345253, 0.9950895899132781, 0.9779787576334459, 0.9966658950656854, 0.9836833901379467, 0.9092574419270636, 0.7510448962869701, 0.9669854563368819, 0.9007946774574199, 0.43964059516452847, -0.22816432577753537, 0.875374028374768, 0.9614197709211927, 0.9542277131372845, 0.9580478957576969, 0.9499400275306712, 0.9654185171328528, 0.9562498759191356, 0.9433615292891815, 0.968678362237265, 0.9616630913228372, 0.9484721364730703], [0.9769726000007669, 0.9723365296637024, 1.0, 0.983145261335994, 0.99596975439213, 0.9789489700815872, -0.9758752750694221, 0.9701949806433399, 0.9839974690094605, 0.9887870408068655, 0.9894991252056962, 0.9859449187119559, 0.9970484189058272, 0.9968619791889547, 0.9892291158437766, 0.9775863994110989, 0.9878071700199357, 0.9700727392716698, 0.8276198906995725, 0.6283874120257857, 0.990268702442768, 0.9122023104856938, 0.274555231739432, -0.22688017811328232, 0.9065829511454849, 0.9442209113299534, 0.9795918956605912, 0.9299740596160552, 0.9117017234712457, 0.9641364190948896, 0.920100586976454, 0.9067237351161734, 0.9665385912994803, 0.9739210194899185, 0.9243931194436861], [0.9976195471390665, 0.9912980595636601, 0.983145261335994, 1.0, 0.9764597159269585, 0.9737775297468345, -0.9382870330273007, 0.9843261825181446, 0.9677871508149063, 0.9999711648669429, 0.9999893856721428, 0.999957154306625, 0.9914352665773403, 0.989441768036663, 0.9999427800511301, 0.973585239545106, 0.9960428361357244, 0.9841713549991461, 0.9062377024392317, 0.7086914556777033, 0.9933233940632541, 0.9228589115237017, 0.4153148815324348, -0.2951088370640829, 0.8992229843628841, 0.9690892466136323, 0.9611398804312739, 0.9710151116269785, 0.9611145255337569, 0.977767619930953, 0.9623015282375692, 0.93434676226345, 0.9778211907580052, 0.9689870276966922, 0.9464744973143896], [0.964692071564868, 0.9600840702932735, 0.99596975439213, 0.9764597159269585, 1.0, 0.958483739995647, -0.957358009546362, 0.9549575844349171, 0.9716013430507975, 0.9849584952097586, 0.9857150711820689, 0.9817115004317276, 0.9863570225922232, 0.9827003383343286, 0.9853496352251011, 0.9560836624920621, 0.9758795402416682, 0.954774412007014, 0.8069892803720621, 0.592294526376204, 0.9895389149497913, 0.9080103317620732, 0.2496484999202311, -0.2199797141287104, 0.8876108854063789, 0.9310370453434291, 0.9772822727482126, 0.9096318742296207, 0.8979565137070593, 0.9580527814379641, 0.898511435178741, 0.8804637453680381, 0.9562198386146532, 0.9622038645872497, 0.9009028383818861], [0.9815606121175839, 0.9770210333198074, 0.9789489700815872, 0.9737775297468345, 0.958483739995647, 1.0, -0.9808892730554906, 0.9806517351902402, 0.9799238047025279, 0.968856513128195, 0.9691993550220165, 0.9717903305089026, 0.9771557295349432, 0.9751459953708883, 0.9689872297636623, 0.9999055435634717, 0.9861007228816745, 0.9817083291741799, 0.8618587761775853, 0.70572171352265, 0.9672641785649899, 0.8922071115488327, 0.30614400279729226, -0.21575113635993562, 0.9365573160923825, 0.955776677753077, 0.9595972740154839, 0.9574763462208092, 0.9276630850304745, 0.952201760480308, 0.9516009819949732, 0.9547795898655087, 0.9568270044813507, 0.9764452580930704, 0.9554666055527565], [-0.9434050476704393, -0.9387325183029483, -0.9758752750694221, -0.9382870330273007, -0.957358009546362, -0.9808892730554906, 1.0, -0.9520090202443953, -0.9835287079498977, -0.9484247723601111, -0.9496316318219656, -0.9448168279745567, -0.9742292189461147, -0.9759179849240793, -0.9491846219638949, -0.9839864118362295, -0.964713823913915, -0.9549250459391087, -0.7749934356990784, -0.6039207884668203, -0.9433392929271556, -0.8827804596179147, -0.16404430721863852, 0.15035703112883778, -0.9047976620464442, -0.9140841125025984, -0.9574841440622022, -0.8992176455011256, -0.8585290182213158, -0.9251083677268744, -0.8906826729001381, -0.9092212484088951, -0.9257302333309586, -0.9637197719737308, -0.9097926249985053], [0.9900343635366328, 0.9809875270034668, 0.9701949806433399, 0.9843261825181446, 0.9549575844349171, 0.9806517351902402, -0.9520090202443953, 1.0, 0.9825092518671428, 0.9800957326369236, 0.9800430291926258, 0.9832482710426498, 0.9760775692341697, 0.9750896922488944, 0.9800444713338001, 0.9825432827860316, 0.9876686530649268, 0.9998710304454468, 0.9233954294556016, 0.6731797885058047, 0.9738297268471977, 0.8957256549153421, 0.2968668585499982, -0.31175021020931043, 0.9056019661106566, 0.9543864746708816, 0.9378032051985922, 0.9776717630064484, 0.9525255745709339, 0.9687786254359549, 0.9626625105255444, 0.9355626388818649, 0.9592424590812617, 0.9574809588160643, 0.9654574549884689], [0.9703194671580847, 0.9634251175724389, 0.9839974690094605, 0.9677871508149063, 0.9716013430507975, 0.9799238047025279, -0.9835287079498977, 0.9825092518671428, 1.0, 0.963396180514795, 0.9640578613208168, 0.9658228927656536, 0.973156911891551, 0.9702682487902013, 0.963744858740876, 0.9789997666412916, 0.9703512510608321, 0.9818105580558276, 0.8503318867869366, 0.5976932335013095, 0.9676944152388911, 0.9067719655012649, 0.15424217676848215, -0.2307327170060792, 0.8868869290536852, 0.9326233462290006, 0.9602212568959364, 0.93323073904731, 0.8952024697107577, 0.9566337219460186, 0.9162078959377895, 0.9028576336648977, 0.9453274111577169, 0.9693526432568444, 0.9232292938553663], [0.997197803977418, 0.9952883353351576, 0.9887870408068655, 0.9999711648669429, 0.9849584952097586, 0.968856513128195, -0.9484247723601111, 0.9800957326369236, 0.963396180514795, 1.0, 0.9999875734343409, 0.9999825471477046, 0.991274091272817, 0.9892469410046961, 0.9999478615302545, 0.9693374313248938, 0.9956347944065044, 0.9810984224932634, 0.9308779866289606, 0.6313744883912836, 0.9966879897419713, 0.9007631978645015, -0.019988360507108567, 0.432713700052003, 0.9161539257732475, 0.9529122058024861, 0.9663680089941247, 0.9619683089478521, 0.9430362499726753, 0.9656733763660522, 0.9417860186189337, 0.9202652963172153, 0.9651534239667788, 0.9801287562664174, 0.943683731563368], [0.9971851560234998, 0.9951336722544671, 0.9894991252056962, 0.9999893856721428, 0.9857150711820689, 0.9691993550220165, -0.9496316318219656, 0.9800430291926258, 0.9640578613208168, 0.9999875734343409, 1.0, 0.9999716589807481, 0.9914598010993356, 0.9894284233146429, 0.9999522837118967, 0.9696542550976769, 0.995682633990242, 0.9810163845936322, 0.9300483608240782, 0.6276461647698011, 0.9969803077501403, 0.9000078143371921, -0.03487153196673493, 0.4282627765816092, 0.9154275919268455, 0.9527477575404235, 0.9672563068603255, 0.961459698476024, 0.9417346590815844, 0.9657765471152057, 0.9407452398858396, 0.9189736080093834, 0.9653395816226913, 0.9806518638824189, 0.9429819570674288], [0.9976760111444033, 0.9943714639347437, 0.9859449187119559, 0.999957154306625, 0.9817115004317276, 0.9717903305089026, -0.9448168279745567, 0.9832482710426498, 0.9658228927656536, 0.9999825471477046, 0.9999716589807481, 1.0, 0.9912320070773004, 0.9891651617849023, 0.999961505499533, 0.9721818785920983, 0.9958225532064896, 0.9838148826139421, 0.9218941686933262, 0.6788858404216926, 0.9958656800252628, 0.9166921751358853, 0.18102717052526437, -0.1953792649119608, 0.9235779689892735, 0.962153685703461, 0.9559142321684297, 0.9652915791988353, 0.9516849993187703, 0.972237688397366, 0.9527472887716767, 0.9330404015946462, 0.9723444396298568, 0.9671931976819185, 0.9526301605331066], [0.9932643537434416, 0.992348177291933, 0.9970484189058272, 0.9914352665773403, 0.9863570225922232, 0.9771557295349432, -0.9742292189461147, 0.9760775692341697, 0.973156911891551, 0.991274091272817, 0.9914598010993356, 0.9912320070773004, 1.0, 0.999683945006157, 0.9913971854217271, 0.977930547802768, 0.9935922255653523, 0.9774219398586343, 0.9118750091623657, 0.5713775220787877, 0.986110047022735, 0.8920742708607361, -0.31709097670319614, 0.4562941822223803, 0.9064591430860641, 0.9521815307096465, 0.9776521838833582, 0.9443498130886234, 0.903916155738267, 0.9465826588437883, 0.9144869595472778, 0.8897048622153766, 0.963319233720246, 0.9796690852745062, 0.9355478103372773], [0.9939611137543694, 0.9916074700345253, 0.9968619791889547, 0.989441768036663, 0.9827003383343286, 0.9751459953708883, -0.9759179849240793, 0.9750896922488944, 0.9702682487902013, 0.9892469410046961, 0.9894284233146429, 0.9891651617849023, 0.999683945006157, 1.0, 0.9894867464462629, 0.9759815986737963, 0.9941200216240134, 0.9766853479543839, 0.919377321564123, 0.45180337896722844, 0.9808899221920909, 0.8809209774206324, -0.7083632725417468, 0.43422675811435685, 0.8793953706225401, 0.9489132449580111, 0.9770213577448774, 0.9367250006325095, 0.8861648619969535, 0.9375282148020218, 0.9114693467745854, 0.8680395403124752, 0.9654825248971209, 0.9779189729559238, 0.9279138445011165], [0.9971962750493273, 0.9950895899132781, 0.9892291158437766, 0.9999427800511301, 0.9853496352251011, 0.9689872297636623, -0.9491846219638949, 0.9800444713338001, 0.963744858740876, 0.9999478615302545, 0.9999522837118967, 0.999961505499533, 0.9913971854217271, 0.9894867464462629, 1.0, 0.969478367996072, 0.9956611270801995, 0.981067770618929, 0.9306068942979674, 0.6294176964750015, 0.9968029383335139, 0.8997820101312469, -0.030118885087377097, 0.42923945895198695, 0.9155341299464782, 0.952190096829852, 0.966484826397515, 0.961710321656099, 0.9421293252867877, 0.9656708114027515, 0.9412890655945997, 0.919586186765478, 0.9650971812206153, 0.9804782733987931, 0.9435178849200428], [0.9839978099282546, 0.9779787576334459, 0.9775863994110989, 0.973585239545106, 0.9560836624920621, 0.9999055435634717, -0.9839864118362295, 0.9825432827860316, 0.9789997666412916, 0.9693374313248938, 0.9696542550976769, 0.9721818785920983, 0.977930547802768, 0.9759815986737963, 0.969478367996072, 1.0, 0.9865175884125101, 0.9818235588351365, 0.8853387267526547, 0.706123440971651, 0.96576472199942, 0.8875261414912311, 0.17730193007500478, -0.1941320700686346, 0.9451144859460969, 0.9577144131662835, 0.9562876009831347, 0.960767263053321, 0.9244053061827601, 0.9488975840286612, 0.9523985388006917, 0.9540966845263678, 0.959267102961331, 0.9759399943738145, 0.9602718328323091], [0.9996694049353974, 0.9966658950656854, 0.9878071700199357, 0.9960428361357244, 0.9758795402416682, 0.9861007228816745, -0.964713823913915, 0.9876686530649268, 0.9703512510608321, 0.9956347944065044, 0.995682633990242, 0.9958225532064896, 0.9935922255653523, 0.9941200216240134, 0.9956611270801995, 0.9865175884125101, 1.0, 0.9885264909044877, 0.9363256180833334, 0.6716575669110396, 0.9888753993665595, 0.896871279449221, 0.02102751473002038, 0.4485103545249433, 0.9349511369357945, 0.9603407709193528, 0.9645984816796552, 0.9745805319443114, 0.9469416758393551, 0.9644147797349211, 0.9564213351242237, 0.9430239086870027, 0.971148993889959, 0.9846304789195576, 0.9647477272481161], [0.9900502197724713, 0.9836833901379467, 0.9700727392716698, 0.9841713549991461, 0.954774412007014, 0.9817083291741799, -0.9549250459391087, 0.9998710304454468, 0.9818105580558276, 0.9810984224932634, 0.9810163845936322, 0.9838148826139421, 0.9774219398586343, 0.9766853479543839, 0.981067770618929, 0.9818235588351365, 0.9885264909044877, 1.0, 0.9295673367151834, 0.6726550940370895, 0.9728404590012485, 0.9004757631607678, 0.2653293466243422, -0.2929802231122232, 0.9110462019901501, 0.9535038609505131, 0.9377059519879536, 0.9780867411414877, 0.9517870194063407, 0.9673548205954673, 0.9610414002788171, 0.9353277919045341, 0.958475026764423, 0.9552845196196978, 0.9666778295522078], [0.9201987179361752, 0.9092574419270636, 0.8276198906995725, 0.9062377024392317, 0.8069892803720621, 0.8618587761775853, -0.7749934356990784, 0.9233954294556016, 0.8503318867869366, 0.9308779866289606, 0.9300483608240782, 0.9218941686933262, 0.9118750091623657, 0.919377321564123, 0.9306068942979674, 0.8853387267526547, 0.9363256180833334, 0.9295673367151834, 1.0, 0.8409804621775132, 0.8576431527536739, 0.8727453337478126, 0.6886106047982673, -0.5329775754348647, 0.6973785984072557, 0.9144328600336381, 0.8000660338527651, 0.9572262052658347, 0.9348955692905936, 0.9012931556813298, 0.943499305977666, 0.8933982954668271, 0.8976723469540457, 0.8457968096939235, 0.8783882735761899], [0.7390672665673691, 0.7510448962869701, 0.6283874120257857, 0.7086914556777033, 0.592294526376204, 0.70572171352265, -0.6039207884668203, 0.6731797885058047, 0.5976932335013095, 0.6313744883912836, 0.6276461647698011, 0.6788858404216926, 0.5713775220787877, 0.45180337896722844, 0.6294176964750015, 0.706123440971651, 0.6716575669110396, 0.6726550940370895, 0.8409804621775132, 1.0, 0.6321064184571535, 0.7463135017118617, 0.7311831700073782, -0.11637457688973075, 0.5375653586284813, 0.748119489323314, 0.6362818750896699, 0.7914431510555862, 0.7269980226183687, 0.6663104361721778, 0.7634139585725539, 0.7666459301430008, 0.6975236085610569, 0.6653879308837678, 0.701214985747005], [0.9853365920017272, 0.9669854563368819, 0.990268702442768, 0.9933233940632541, 0.9895389149497913, 0.9672641785649899, -0.9433392929271556, 0.9738297268471977, 0.9676944152388911, 0.9966879897419713, 0.9969803077501403, 0.9958656800252628, 0.986110047022735, 0.9808899221920909, 0.9968029383335139, 0.96576472199942, 0.9888753993665595, 0.9728404590012485, 0.8576431527536739, 0.6321064184571535, 1.0, 0.8937950228679918, 0.3425251351377042, -0.288940049652787, 0.8859107736677728, 0.9529224073932617, 0.9702027489910484, 0.9398412209117679, 0.9439059389340128, 0.9691581692986074, 0.9402465910384481, 0.9102286124829094, 0.9680682119804637, 0.9553423180111622, 0.9281898008742875], [0.9214911087834002, 0.9007946774574199, 0.9122023104856938, 0.9228589115237017, 0.9080103317620732, 0.8922071115488327, -0.8827804596179147, 0.8957256549153421, 0.9067719655012649, 0.9007631978645015, 0.9000078143371921, 0.9166921751358853, 0.8920742708607361, 0.8809209774206324, 0.8997820101312469, 0.8875261414912311, 0.896871279449221, 0.9004757631607678, 0.8727453337478126, 0.7463135017118617, 0.8937950228679918, 1.0, 0.39044712166914003, -0.18840373651043169, 0.6997210355821087, 0.917484508918663, 0.8844863338836524, 0.8965998791491269, 0.8451254348860484, 0.9216503792004854, 0.8659539372677288, 0.840328199235121, 0.9197790845065211, 0.8656278602871107, 0.8473354578811455], [0.43986617352886326, 0.43964059516452847, 0.274555231739432, 0.4153148815324348, 0.2496484999202311, 0.30614400279729226, -0.16404430721863852, 0.2968668585499982, 0.15424217676848215, -0.019988360507108567, -0.03487153196673493, 0.18102717052526437, -0.31709097670319614, -0.7083632725417468, -0.030118885087377097, 0.17730193007500478, 0.02102751473002038, 0.2653293466243422, 0.6886106047982673, 0.7311831700073782, 0.3425251351377042, 0.39044712166914003, 1.0, -0.39492208692951297, 0.2931501402861235, 0.4174842017430511, 0.22268494862798924, 0.5169167290449933, 0.5156271720849975, 0.37744324885776454, 0.5342518284329278, 0.4444520755905411, 0.3943279031988401, 0.3138122252307528, 0.4194647208177228], [-0.3037413429236516, -0.22816432577753537, -0.22688017811328232, -0.2951088370640829, -0.2199797141287104, -0.21575113635993562, 0.15035703112883778, -0.31175021020931043, -0.2307327170060792, 0.432713700052003, 0.4282627765816092, -0.1953792649119608, 0.4562941822223803, 0.43422675811435685, 0.42923945895198695, -0.1941320700686346, 0.4485103545249433, -0.2929802231122232, -0.5329775754348647, -0.11637457688973075, -0.288940049652787, -0.18840373651043169, -0.39492208692951297, 1.0, -0.14798669396645509, -0.33131999425709285, -0.17581902883185294, -0.38998433088322926, -0.38001558510716565, -0.32726089447289636, -0.3460197699615728, -0.2027199427278786, -0.3509050380557416, -0.1781451362854707, -0.3162612052427827], [0.9013140103109196, 0.875374028374768, 0.9065829511454849, 0.8992229843628841, 0.8876108854063789, 0.9365573160923825, -0.9047976620464442, 0.9056019661106566, 0.8868869290536852, 0.9161539257732475, 0.9154275919268455, 0.9235779689892735, 0.9064591430860641, 0.8793953706225401, 0.9155341299464782, 0.9451144859460969, 0.9349511369357945, 0.9110462019901501, 0.6973785984072557, 0.5375653586284813, 0.8859107736677728, 0.6997210355821087, 0.2931501402861235, -0.14798669396645509, 1.0, 0.8350167254041954, 0.8853933744601321, 0.809947587664607, 0.8586162952559919, 0.827920946127071, 0.8659913613875535, 0.8597397803145583, 0.8567400662504164, 0.866605313940186, 0.8940264406425763], [0.9736376178922855, 0.9614197709211927, 0.9442209113299534, 0.9690892466136323, 0.9310370453434291, 0.955776677753077, -0.9140841125025984, 0.9543864746708816, 0.9326233462290006, 0.9529122058024861, 0.9527477575404235, 0.962153685703461, 0.9521815307096465, 0.9489132449580111, 0.952190096829852, 0.9577144131662835, 0.9603407709193528, 0.9535038609505131, 0.9144328600336381, 0.748119489323314, 0.9529224073932617, 0.917484508918663, 0.4174842017430511, -0.33131999425709285, 0.8350167254041954, 1.0, 0.9333698585750195, 0.9593853451724006, 0.9344752927477809, 0.9438397717065257, 0.9432548067532233, 0.9155143405860465, 0.9631524838299995, 0.9268047762783672, 0.9226211736216245], [0.954777281227172, 0.9542277131372845, 0.9795918956605912, 0.9611398804312739, 0.9772822727482126, 0.9595972740154839, -0.9574841440622022, 0.9378032051985922, 0.9602212568959364, 0.9663680089941247, 0.9672563068603255, 0.9559142321684297, 0.9776521838833582, 0.9770213577448774, 0.966484826397515, 0.9562876009831347, 0.9645984816796552, 0.9377059519879536, 0.8000660338527651, 0.6362818750896699, 0.9702027489910484, 0.8844863338836524, 0.22268494862798924, -0.17581902883185294, 0.8853933744601321, 0.9333698585750195, 1.0, 0.9031292323951781, 0.881339698518092, 0.937186928292178, 0.8836000482103654, 0.8836297131255864, 0.9437577807257951, 0.9706616700675735, 0.8840884086902748], [0.9801285716626376, 0.9580478957576969, 0.9299740596160552, 0.9710151116269785, 0.9096318742296207, 0.9574763462208092, -0.8992176455011256, 0.9776717630064484, 0.93323073904731, 0.9619683089478521, 0.961459698476024, 0.9652915791988353, 0.9443498130886234, 0.9367250006325095, 0.961710321656099, 0.960767263053321, 0.9745805319443114, 0.9780867411414877, 0.9572262052658347, 0.7914431510555862, 0.9398412209117679, 0.8965998791491269, 0.5169167290449933, -0.38998433088322926, 0.809947587664607, 0.9593853451724006, 0.9031292323951781, 1.0, 0.9855253636325619, 0.9653964822799139, 0.9896669959305419, 0.9514991055354437, 0.9583424269946534, 0.9132225926475303, 0.9662612014495142], [0.9639780741956796, 0.9499400275306712, 0.9117017234712457, 0.9611145255337569, 0.8979565137070593, 0.9276630850304745, -0.8585290182213158, 0.9525255745709339, 0.8952024697107577, 0.9430362499726753, 0.9417346590815844, 0.9516849993187703, 0.903916155738267, 0.8861648619969535, 0.9421293252867877, 0.9244053061827601, 0.9469416758393551, 0.9517870194063407, 0.9348955692905936, 0.7269980226183687, 0.9439059389340128, 0.8451254348860484, 0.5156271720849975, -0.38001558510716565, 0.8586162952559919, 0.9344752927477809, 0.881339698518092, 0.9855253636325619, 1.0, 0.9495895853307805, 0.9829162631427785, 0.9547361157850848, 0.9344270968695517, 0.9168675941932228, 0.961716398125528], [0.9756956614283641, 0.9654185171328528, 0.9641364190948896, 0.977767619930953, 0.9580527814379641, 0.952201760480308, -0.9251083677268744, 0.9687786254359549, 0.9566337219460186, 0.9656733763660522, 0.9657765471152057, 0.972237688397366, 0.9465826588437883, 0.9375282148020218, 0.9656708114027515, 0.9488975840286612, 0.9644147797349211, 0.9673548205954673, 0.9012931556813298, 0.6663104361721778, 0.9691581692986074, 0.9216503792004854, 0.37744324885776454, -0.32726089447289636, 0.827920946127071, 0.9438397717065257, 0.937186928292178, 0.9653964822799139, 0.9495895853307805, 1.0, 0.9531804177663479, 0.9170601282753991, 0.9756110949464558, 0.9562853849982741, 0.9438199552074592], [0.9720734391016305, 0.9562498759191356, 0.920100586976454, 0.9623015282375692, 0.898511435178741, 0.9516009819949732, -0.8906826729001381, 0.9626625105255444, 0.9162078959377895, 0.9417860186189337, 0.9407452398858396, 0.9527472887716767, 0.9144869595472778, 0.9114693467745854, 0.9412890655945997, 0.9523985388006917, 0.9564213351242237, 0.9610414002788171, 0.943499305977666, 0.7634139585725539, 0.9402465910384481, 0.8659539372677288, 0.5342518284329278, -0.3460197699615728, 0.8659913613875535, 0.9432548067532233, 0.8836000482103654, 0.9896669959305419, 0.9829162631427785, 0.9531804177663479, 1.0, 0.9732086821680946, 0.9425414111402283, 0.9352179268679336, 0.9617643565044649], [0.945514067462001, 0.9433615292891815, 0.9067237351161734, 0.93434676226345, 0.8804637453680381, 0.9547795898655087, -0.9092212484088951, 0.9355626388818649, 0.9028576336648977, 0.9202652963172153, 0.9189736080093834, 0.9330404015946462, 0.8897048622153766, 0.8680395403124752, 0.919586186765478, 0.9540966845263678, 0.9430239086870027, 0.9353277919045341, 0.8933982954668271, 0.7666459301430008, 0.9102286124829094, 0.840328199235121, 0.4444520755905411, -0.2027199427278786, 0.8597397803145583, 0.9155143405860465, 0.8836297131255864, 0.9514991055354437, 0.9547361157850848, 0.9170601282753991, 0.9732086821680946, 1.0, 0.9052235923077185, 0.9328501144215952, 0.9524137675094081], [0.9798416980829275, 0.968678362237265, 0.9665385912994803, 0.9778211907580052, 0.9562198386146532, 0.9568270044813507, -0.9257302333309586, 0.9592424590812617, 0.9453274111577169, 0.9651534239667788, 0.9653395816226913, 0.9723444396298568, 0.963319233720246, 0.9654825248971209, 0.9650971812206153, 0.959267102961331, 0.971148993889959, 0.958475026764423, 0.8976723469540457, 0.6975236085610569, 0.9680682119804637, 0.9197790845065211, 0.3943279031988401, -0.3509050380557416, 0.8567400662504164, 0.9631524838299995, 0.9437577807257951, 0.9583424269946534, 0.9344270968695517, 0.9756110949464558, 0.9425414111402283, 0.9052235923077185, 1.0, 0.9529022761502612, 0.9404780529773064], [0.9703834759525728, 0.9616630913228372, 0.9739210194899185, 0.9689870276966922, 0.9622038645872497, 0.9764452580930704, -0.9637197719737308, 0.9574809588160643, 0.9693526432568444, 0.9801287562664174, 0.9806518638824189, 0.9671931976819185, 0.9796690852745062, 0.9779189729559238, 0.9804782733987931, 0.9759399943738145, 0.9846304789195576, 0.9552845196196978, 0.8457968096939235, 0.6653879308837678, 0.9553423180111622, 0.8656278602871107, 0.3138122252307528, -0.1781451362854707, 0.866605313940186, 0.9268047762783672, 0.9706616700675735, 0.9132225926475303, 0.9168675941932228, 0.9562853849982741, 0.9352179268679336, 0.9328501144215952, 0.9529022761502612, 1.0, 0.91692629368475], [0.9548075882315441, 0.9484721364730703, 0.9243931194436861, 0.9464744973143896, 0.9009028383818861, 0.9554666055527565, -0.9097926249985053, 0.9654574549884689, 0.9232292938553663, 0.943683731563368, 0.9429819570674288, 0.9526301605331066, 0.9355478103372773, 0.9279138445011165, 0.9435178849200428, 0.9602718328323091, 0.9647477272481161, 0.9666778295522078, 0.8783882735761899, 0.701214985747005, 0.9281898008742875, 0.8473354578811455, 0.4194647208177228, -0.3162612052427827, 0.8940264406425763, 0.9226211736216245, 0.8840884086902748, 0.9662612014495142, 0.961716398125528, 0.9438199552074592, 0.9617643565044649, 0.9524137675094081, 0.9404780529773064, 0.91692629368475, 1.0]], "x": ["^TAIEX       \u81fa\u7063\u52a0\u6b0a\u5831\u916c\u6307\u6578", "^TWII        \u81fa\u7063\u52a0\u6b0a\u6307\u6578", "^TAIEXx2     \u81fa\u7063\u52a0\u6b0a\u5831\u916c\u6307\u6578_\u65e5\u6b632", "^TAI50I      \u81fa\u706350\u5831\u916c\u6307\u6578", "^TAI50Ix2    \u81fa\u706350\u5831\u916c\u6307\u6578_\u65e5\u6b632", "^TAI100I     \u81fa\u7063\u4e2d\u578b100\u5831\u916c\u6307\u6578", "^TAI100Ix2   \u81fa\u7063\u4e2d\u578b100\u5831\u916c\u6307\u6578_\u65e5\u6b632", "^TAIDIVIDI   \u81fa\u7063\u9ad8\u80a1\u606f\u5831\u916c\u6307\u6578", "^TAIDIVIDIx2 \u81fa\u7063\u9ad8\u80a1\u606f\u5831\u916c\u6307\u6578_\u65e5\u6b632", "0050Fund     \u5143\u5927\u53f0\u7063\u5353\u8d8a50\u57fa\u91d1", "006208Fund   \u5bcc\u90a6\u53f0\u7063\u91c6\u540950\u57fa\u91d1", "0050         \u5143\u5927\u81fa\u706350", "00631L       \u5143\u5927\u53f0\u706350\u6b632", "00675L       \u5bcc\u90a6\u81fa\u7063\u52a0\u6b0a\u6b632", "006208       \u5bcc\u90a6\u53f050", "0051         \u5143\u5927\u4e2d\u578b100", "006204       \u6c38\u8c50\u81fa\u7063\u52a0\u6b0a", "0056         \u5143\u5927\u9ad8\u80a1\u606f", "2412         \u4e2d\u83ef\u96fb\u4fe1", "2002         \u4e2d\u92fc", "2330         \u53f0\u7a4d\u96fb", "2317         \u9d3b\u6d77", "6505         \u53f0\u5851\u77f3\u5316", "3481         \u7fa4\u5275", "2303         \u806f\u96fb", "2308         \u53f0\u9054\u96fb", "2454         \u806f\u767c\u79d1", "2886         \u5146\u8c50\u91d1", "2884         \u7389\u5c71\u91d1", "2891         \u4e2d\u4fe1\u91d1", "2892         \u7b2c\u4e00\u91d1", "5880         \u5408\u5eab\u91d1", "2881         \u5bcc\u90a6\u91d1", "2885         \u5143\u5927\u91d1", "2887         \u53f0\u65b0\u91d1"], "y": ["^TAIEX       \u81fa\u7063\u52a0\u6b0a\u5831\u916c\u6307\u6578", "^TWII        \u81fa\u7063\u52a0\u6b0a\u6307\u6578", "^TAIEXx2     \u81fa\u7063\u52a0\u6b0a\u5831\u916c\u6307\u6578_\u65e5\u6b632", "^TAI50I      \u81fa\u706350\u5831\u916c\u6307\u6578", "^TAI50Ix2    \u81fa\u706350\u5831\u916c\u6307\u6578_\u65e5\u6b632", "^TAI100I     \u81fa\u7063\u4e2d\u578b100\u5831\u916c\u6307\u6578", "^TAI100Ix2   \u81fa\u7063\u4e2d\u578b100\u5831\u916c\u6307\u6578_\u65e5\u6b632", "^TAIDIVIDI   \u81fa\u7063\u9ad8\u80a1\u606f\u5831\u916c\u6307\u6578", "^TAIDIVIDIx2 \u81fa\u7063\u9ad8\u80a1\u606f\u5831\u916c\u6307\u6578_\u65e5\u6b632", "0050Fund     \u5143\u5927\u53f0\u7063\u5353\u8d8a50\u57fa\u91d1", "006208Fund   \u5bcc\u90a6\u53f0\u7063\u91c6\u540950\u57fa\u91d1", "0050         \u5143\u5927\u81fa\u706350", "00631L       \u5143\u5927\u53f0\u706350\u6b632", "00675L       \u5bcc\u90a6\u81fa\u7063\u52a0\u6b0a\u6b632", "006208       \u5bcc\u90a6\u53f050", "0051         \u5143\u5927\u4e2d\u578b100", "006204       \u6c38\u8c50\u81fa\u7063\u52a0\u6b0a", "0056         \u5143\u5927\u9ad8\u80a1\u606f", "2412         \u4e2d\u83ef\u96fb\u4fe1", "2002         \u4e2d\u92fc", "2330         \u53f0\u7a4d\u96fb", "2317         \u9d3b\u6d77", "6505         \u53f0\u5851\u77f3\u5316", "3481         \u7fa4\u5275", "2303         \u806f\u96fb", "2308         \u53f0\u9054\u96fb", "2454         \u806f\u767c\u79d1", "2886         \u5146\u8c50\u91d1", "2884         \u7389\u5c71\u91d1", "2891         \u4e2d\u4fe1\u91d1", "2892         \u7b2c\u4e00\u91d1", "5880         \u5408\u5eab\u91d1", "2881         \u5bcc\u90a6\u91d1", "2885         \u5143\u5927\u91d1", "2887         \u53f0\u65b0\u91d1"], "zmin": -1, "zmax": 1, "colorbar": {"x": -0.2}}], "layout": {"autotypenumbers": "strict", "colorway": ["#636efa", "#EF553B", "#00cc96", "#ab63fa", "#FFA15A", "#19d3f3", "#FF6692", "#B6E880", "#FF97FF", "#FECB52"], "font": {"color": "#f2f5fa", "family": "Courier New"}, "hovermode": "closest", "hoverlabel": {"align": "left"}, "paper_bgcolor": "rgb(17,17,17)", "plot_bgcolor": "rgb(17,17,17)", "polar": {"bgcolor": "rgb(17,17,17)", "angularaxis": {"gridcolor": "#506784", "linecolor": "#506784", "ticks": ""}, "radialaxis": {"gridcolor": "#506784", "linecolor": "#506784", "ticks": ""}}, "ternary": {"bgcolor": "rgb(17,17,17)", "aaxis": {"gridcolor": "#506784", "linecolor": "#506784", "ticks": ""}, "baxis": {"gridcolor": "#506784", "linecolor": "#506784", "ticks": ""}, "caxis": {"gridcolor": "#506784", "linecolor": "#506784", "ticks": ""}}, "coloraxis": {"colorbar": {"outlinewidth": 0, "ticks": ""}}, "colorscale": {"sequential": [[0.0, "#0d0887"], [0.1111111111111111, "#46039f"], [0.2222222222222222, "#7201a8"], [0.3333333333333333, "#9c179e"], [0.4444444444444444, "#bd3786"], [0.5555555555555556, "#d8576b"], [0.6666666666666666, "#ed7953"], [0.7777777777777778, "#fb9f3a"], [0.8888888888888888, "#fdca26"], [1.0, "#f0f921"]], "sequentialminus": [[0.0, "#0d0887"], [0.1111111111111111, "#46039f"], [0.2222222222222222, "#7201a8"], [0.3333333333333333, "#9c179e"], [0.4444444444444444, "#bd3786"], [0.5555555555555556, "#d8576b"], [0.6666666666666666, "#ed7953"], [0.7777777777777778, "#fb9f3a"], [0.8888888888888888, "#fdca26"], [1.0, "#f0f921"]], "diverging": [[0, "#8e0152"], [0.1, "#c51b7d"], [0.2, "#de77ae"], [0.3, "#f1b6da"], [0.4, "#fde0ef"], [0.5, "#f7f7f7"], [0.6, "#e6f5d0"], [0.7, "#b8e186"], [0.8, "#7fbc41"], [0.9, "#4d9221"], [1, "#276419"]]}, "xaxis": {"gridcolor": "rgba(0, 0, 0, 0)", "linecolor": "#506784", "ticks": "", "title": {"standoff": 15}, "zerolinecolor": "#283442", "automargin": true, "zerolinewidth": 2, "tickfont": {"family": "Courier New", "size": 14}, "side": "top", "tickangle": -90}, "yaxis": {"gridcolor": "rgba(0, 0, 0, 0)", "linecolor": "#506784", "ticks": "", "title": {"standoff": 15}, "zerolinecolor": "#283442", "automargin": true, "zerolinewidth": 2, "tickfont": {"family": "Courier New"}, "side": "right"}, "scene": {"xaxis": {"backgroundcolor": "rgb(17,17,17)", "gridcolor": "#506784", "linecolor": "#506784", "showbackground": true, "ticks": "", "zerolinecolor": "#C8D4E3", "gridwidth": 2}, "yaxis": {"backgroundcolor": "rgb(17,17,17)", "gridcolor": "#506784", "linecolor": "#506784", "showbackground": true, "ticks": "", "zerolinecolor": "#C8D4E3", "gridwidth": 2}, "zaxis": {"backgroundcolor": "rgb(17,17,17)", "gridcolor": "#506784", "linecolor": "#506784", "showbackground": true, "ticks": "", "zerolinecolor": "#C8D4E3", "gridwidth": 2}}, "shapedefaults": {"line": {"color": "#f2f5fa"}}, "annotationdefaults": {"arrowcolor": "#f2f5fa", "arrowhead": 0, "arrowwidth": 1}, "geo": {"bgcolor": "rgb(17,17,17)", "landcolor": "rgb(17,17,17)", "subunitcolor": "#506784", "showland": true, "showlakes": true, "lakecolor": "rgb(17,17,17)"}, "title": {"x": 0.05, "font": {"family": "Times New Roman"}, "y": 0.05, "text": "<b>Correlation of Adj Close<b><br><i>2016-09-23 ~ 2025-08-04<i>"}, "updatemenudefaults": {"bgcolor": "#506784", "borderwidth": 0}, "sliderdefaults": {"bgcolor": "#C8D4E3", "borderwidth": 1, "bordercolor": "rgb(17,17,17)", "tickwidth": 0}, "mapbox": {"style": "dark"}, "annotations": [{"text": "<b>@zwindr<b>", "textangle": 0, "opacity": 0.5, "font": {"color": "white", "size": 12}, "xref": "paper", "yref": "paper", "xanchor": "left", "yanchor": "bottom", "x": 1.0, "y": 1.0, "showarrow": false}]}, "config": {"responsive": true, "toImageButtonOptions": {"filename": "Correlation of Adj Close_2016-09-23~2025-08-04", "scale": 5}}};

    Plotly.newPlot("correlationAdjClose",
        correlationAdjClose.data,
        correlationAdjClose.layout || {},
        correlationAdjClose.config);
} else {
    // The element with the specified ID does not exist
    console.log("style display is none => correlationAdjClose");
}