var element=document.getElementById("correlationClose");if(element.style.display!='none'){var correlationClose={"data":[{"type":"heatmap","z":[[1.0,0.9999999999999981,1.0,0.9956678172910539,0.9956678172910539,0.9795098069171491,0.9795098069171491,0.9353793364673841,0.9353793364673841,0.6572240892335633,0.9964846778899247,0.5888159704664254,0.8979380428209421,0.9848702971503025,0.9965452966535744,0.9821934664831925,0.9994593479677902,0.9171288985654006,0.9171288985654006,0.7410397513192466,-0.23678691835795834,0.9859435046862386,0.34833007489674633,-0.21072508395521142,-0.1277497984822417,0.867125200687809,0.8976255994562838,0.9228616819800806,0.8714100802229705,0.7676188869478953,0.7427150331027357,0.6592283768500709,0.5622931596150261,0.9244246962481981,0.9047634156609333,0.3903480955986795],[0.9999999999999981,1.0,0.9999999999999981,0.9956162811103643,0.9956162811103643,0.9792156938856311,0.9792156938856311,0.9360987136881261,0.9360987136881261,0.655543514597213,0.996522387513037,0.585933847745925,0.899902480716161,0.9846584974495394,0.9965975548052876,0.9821672717645893,0.999466409426647,0.9173660780621623,0.9173660780621623,0.7551222579832015,-0.03810594994009684,0.9808144197677788,0.08805614702767851,-0.20592531167241193,-0.1231949887291581,0.7594312848370547,0.8944620486714449,0.9097986375332607,0.8678474864834996,0.7731634663716014,0.7397261101294084,0.6583840289926037,0.5841610870696958,0.9244995473341814,0.8108960994752548,0.391968115209759],[1.0,0.9999999999999981,1.0,0.9956678172910539,0.9956678172910539,0.9795098069171491,0.9795098069171491,0.9353793364673841,0.9353793364673841,0.6572240892335633,0.9964846778899247,0.5888159704664254,0.8979380428209421,0.9848702971503025,0.9965452966535744,0.9821934664831925,0.9994593479677902,0.9171288985654006,0.9171288985654006,0.7410397513192466,-0.23678691835795834,0.9859435046862386,0.34833007489674633,-0.21072508395521142,-0.1277497984822417,0.867125200687809,0.8976255994562838,0.9228616819800806,0.8714100802229705,0.7676188869478953,0.7427150331027357,0.6592283768500709,0.5622931596150261,0.9244246962481981,0.9047634156609333,0.3903480955986795],[0.9956678172910539,0.9956162811103643,0.9956678172910539,1.0,1.0,0.9693442427304234,0.9693442427304234,0.9212661552355225,0.9212661552355225,0.6095612561890944,0.9997631476359025,0.5437033747256884,0.9054660897015104,0.9887978996718404,0.9997272351534898,0.9681904794706077,0.9959715593818359,0.890633342227899,0.890633342227899,0.7052435123535206,-0.24127935393625782,0.9942224120617998,0.37423840105946776,-0.24026561510849537,-0.11725653327737885,0.8615058889126621,0.9208544641747528,0.9311125521545804,0.8408946758617097,0.7552884701390321,0.7677834489222566,0.6443328256780811,0.5235918640756299,0.9054218513068153,0.9014570185606317,0.40731910885157957],[0.9956678172910539,0.9956162811103643,0.9956678172910539,1.0,1.0,0.9693442427304234,0.9693442427304234,0.9212661552355225,0.9212661552355225,0.6095612561890944,0.9997631476359025,0.5437033747256884,0.9054660897015104,0.9887978996718404,0.9997272351534898,0.9681904794706077,0.9959715593818359,0.890633342227899,0.890633342227899,0.7052435123535206,-0.24127935393625782,0.9942224120617998,0.37423840105946776,-0.24026561510849537,-0.11725653327737885,0.8615058889126621,0.9208544641747528,0.9311125521545804,0.8408946758617097,0.7552884701390321,0.7677834489222566,0.6443328256780811,0.5235918640756299,0.9054218513068153,0.9014570185606317,0.40731910885157957],[0.9795098069171491,0.9792156938856311,0.9795098069171491,0.9693442427304234,0.9693442427304234,1.0,1.0,0.9526477557116014,0.9526477557116014,0.6464964307082659,0.9680162291491411,0.6156208102728694,0.8711322496220517,0.9513851788869433,0.9679991990243868,0.9992479280895216,0.9833113178352447,0.9250779278973452,0.9250779278973452,0.6543241253813653,-0.20410309034714952,0.9614013411979767,0.45772907442300637,-0.359716610773426,-0.04030695090699749,0.9049119293635036,0.8643148048572913,0.9237640046801984,0.8628059899038283,0.7480102324213058,0.8526834559079147,0.7397026322682165,0.6286711937329603,0.8817411428004389,0.9194408929970781,0.6127919472406215],[0.9795098069171491,0.9792156938856311,0.9795098069171491,0.9693442427304234,0.9693442427304234,1.0,1.0,0.9526477557116014,0.9526477557116014,0.6464964307082659,0.9680162291491411,0.6156208102728694,0.8711322496220517,0.9513851788869433,0.9679991990243868,0.9992479280895216,0.9833113178352447,0.9250779278973452,0.9250779278973452,0.6543241253813653,-0.20410309034714952,0.9614013411979767,0.45772907442300637,-0.359716610773426,-0.04030695090699749,0.9049119293635036,0.8643148048572913,0.9237640046801984,0.8628059899038283,0.7480102324213058,0.8526834559079147,0.7397026322682165,0.6286711937329603,0.8817411428004389,0.9194408929970781,0.6127919472406215],[0.9353793364673841,0.9360987136881261,0.9353793364673841,0.9212661552355225,0.9212661552355225,0.9526477557116014,0.9526477557116014,1.0,1.0,0.6271503841410746,0.9516685509082052,0.6262164591341912,0.8488161425260053,0.9301077483062801,0.9515915178796323,0.954450292335071,0.9608140494214745,0.9723107488190211,0.9723107488190211,0.623510723987892,-0.09885717773181166,0.8982800893145517,0.6483365197212629,-0.3955340916809426,0.06818052423627426,0.8534456287899357,0.792661745789167,0.8908276442448214,0.8403737449794042,0.7656665029084515,0.9178706289641854,0.7842577436188581,0.6574223779264998,0.8435805855637216,0.9042119116075332,0.8652870000301005],[0.9353793364673841,0.9360987136881261,0.9353793364673841,0.9212661552355225,0.9212661552355225,0.9526477557116014,0.9526477557116014,1.0,1.0,0.6271503841410746,0.9516685509082052,0.6262164591341912,0.8488161425260053,0.9301077483062801,0.9515915178796323,0.954450292335071,0.9608140494214745,0.9723107488190211,0.9723107488190211,0.623510723987892,-0.09885717773181166,0.8982800893145517,0.6483365197212629,-0.3955340916809426,0.06818052423627426,0.8534456287899357,0.792661745789167,0.8908276442448214,0.8403737449794042,0.7656665029084515,0.9178706289641854,0.7842577436188581,0.6574223779264998,0.8435805855637216,0.9042119116075332,0.8652870000301005],[0.6572240892335633,0.655543514597213,0.6572240892335633,0.6095612561890944,0.6095612561890944,0.6464964307082659,0.6464964307082659,0.6271503841410746,0.6271503841410746,1.0,0.44865205991018026,0.9999683992885257,0.23688704067497052,0.19030834429840593,0.4512719135357128,0.6377296138205207,0.525187959196678,0.7325917202505741,0.7325917202505741,0.6821824056654441,-0.10578096443120165,0.5903069920786985,0.052364877918791373,0.04064531806360632,-0.2338203910772772,0.645631369442581,0.31667275514472387,0.5385018881642786,0.7884664532632273,0.664191629349531,0.3110560395011293,0.5201911858392487,0.5640485184450251,0.7323570362471433,0.5335842807836644,0.1789936999928809],[0.9964846778899247,0.996522387513037,0.9964846778899247,0.9997631476359025,0.9997631476359025,0.9680162291491411,0.9680162291491411,0.9516685509082052,0.9516685509082052,0.44865205991018026,1.0,0.4498750154625256,0.9053357399824723,0.988315379203638,0.9999587300593,0.9651666937909943,0.9958915390661047,0.9036257660441351,0.9036257660441351,0.832802166432298,-0.1842303621230397,0.9969996230328727,0.9154620068049991,-0.5356576667954183,0.6894949738204381,0.8704330610165869,0.9145064720877426,0.9428578591047695,0.8251093142497675,0.7760091176636243,0.9559215690868383,0.8117716588212868,0.6371143433165265,0.8966850672052366,0.970082832309864,0.8769801778253973],[0.5888159704664254,0.585933847745925,0.5888159704664254,0.5437033747256884,0.5437033747256884,0.6156208102728694,0.6156208102728694,0.6262164591341912,0.6262164591341912,0.9999683992885257,0.4498750154625256,1.0,0.23657772104369118,0.18934137144706858,0.45025604218493853,0.6237170835209536,0.524007559996406,0.7186131681251978,0.7186131681251978,0.6285219429442243,0.024480350710334005,0.5279511380849777,0.36620845721232126,-0.1653088143153798,-0.1920485401985069,0.6504922434658112,0.2320250756260431,0.4918661998600766,0.7527796822784262,0.677069466913342,0.4404868084689996,0.6669442958982654,0.6751754856208341,0.6711486302239725,0.4888499915674771,0.538358902756693],[0.8979380428209421,0.899902480716161,0.8979380428209421,0.9054660897015104,0.9054660897015104,0.8711322496220517,0.8711322496220517,0.8488161425260053,0.8488161425260053,0.23688704067497052,0.9053357399824723,0.23657772104369118,1.0,0.9998964196705726,0.9063199606962499,0.8673337649845521,0.8980557058543148,0.7813613367551119,0.7813613367551119,0.661014952300746,-0.16630257289050734,0.8978296565027475,0.8316839558009842,-0.6031853194008232,0.7590252778377358,0.7829374939019623,0.896159781803677,0.8997044865204088,0.6660798566921543,0.6031853426384907,0.8812561322411242,0.6524536392262904,0.4581126944804828,0.793019061048019,0.8909756122785275,0.8333756115411319],[0.9848702971503025,0.9846584974495394,0.9848702971503025,0.9887978996718404,0.9887978996718404,0.9513851788869433,0.9513851788869433,0.9301077483062801,0.9301077483062801,0.19030834429840593,0.988315379203638,0.18934137144706858,0.9998964196705726,1.0,0.9884788649322248,0.9459849205596453,0.9822658902235933,0.8682574976718914,0.8682574976718914,0.8177337358855797,-0.28610990825632415,0.978285395060427,0.8830787276460783,-0.6768474560941464,0.8090507375445279,0.840712062972771,0.9582865748282943,0.9587339793527129,0.7286765574917412,0.6529892911388673,0.9449651107089857,0.7357108631416396,0.4586330107632103,0.8604527807774496,0.9662015401999148,0.887578092079202],[0.9965452966535744,0.9965975548052876,0.9965452966535744,0.9997272351534898,0.9997272351534898,0.9679991990243868,0.9679991990243868,0.9515915178796323,0.9515915178796323,0.4512719135357128,0.9999587300593,0.45025604218493853,0.9063199606962499,0.9884788649322248,1.0,0.9655571599968795,0.9960193709946029,0.9052045016391913,0.9052045016391913,0.8329497566947007,-0.18473471023776553,0.996912147272952,0.9150936803969002,-0.5334616416535254,0.6914266181072802,0.8719073036595735,0.9141674406090553,0.9428184936236533,0.825972818479416,0.7768300915105472,0.9558900002915726,0.8130933366337145,0.637999831061458,0.8973734832096895,0.9703507364749102,0.8780017175917334],[0.9821934664831925,0.9821672717645893,0.9821934664831925,0.9681904794706077,0.9681904794706077,0.9992479280895216,0.9992479280895216,0.954450292335071,0.954450292335071,0.6377296138205207,0.9651666937909943,0.6237170835209536,0.8673337649845521,0.9459849205596453,0.9655571599968795,1.0,0.9823581690597076,0.9287835685083597,0.9287835685083597,0.7043673434141728,-0.19732578740970624,0.9632543295560001,0.7595024519028977,-0.4835734658223135,0.00874501817557031,0.9126498412682965,0.8525748883128689,0.9174905786495748,0.8698029038100795,0.7774118436066044,0.9139068748377275,0.7810932259332342,0.6814776472152603,0.9025854712469779,0.9172783517645672,0.8601842189120349],[0.9994593479677902,0.999466409426647,0.9994593479677902,0.9959715593818359,0.9959715593818359,0.9833113178352447,0.9833113178352447,0.9608140494214745,0.9608140494214745,0.525187959196678,0.9958915390661047,0.524007559996406,0.8980557058543148,0.9822658902235933,0.9960193709946029,0.9823581690597076,1.0,0.9296728429436278,0.9296728429436278,0.851720749927494,-0.16722199277196922,0.9922092468303236,0.903216579908751,-0.5308352053328393,0.6736959900675115,0.8969772439056656,0.8943849517248212,0.9412919502128351,0.8643989616283717,0.8017458717423538,0.9491419278075827,0.8514896473968429,0.6934552746093491,0.913968706643846,0.9742575512231716,0.9012545012266528],[0.9171288985654006,0.9173660780621623,0.9171288985654006,0.890633342227899,0.890633342227899,0.9250779278973452,0.9250779278973452,0.9723107488190211,0.9723107488190211,0.7325917202505741,0.9036257660441351,0.7186131681251978,0.7813613367551119,0.8682574976718914,0.9052045016391913,0.9287835685083597,0.9296728429436278,1.0,1.0,0.7598480857907627,-0.13483336441731902,0.8690662706468051,0.6640812542157112,-0.2937775345566781,-0.05761515966110962,0.8624964072788275,0.7177391967477048,0.8344434388420533,0.9101655612281918,0.8425595197933201,0.8403908195964045,0.7786785369454652,0.6798762868829347,0.8803838522104935,0.8311409488278131,0.8833312099554629],[0.9171288985654006,0.9173660780621623,0.9171288985654006,0.890633342227899,0.890633342227899,0.9250779278973452,0.9250779278973452,0.9723107488190211,0.9723107488190211,0.7325917202505741,0.9036257660441351,0.7186131681251978,0.7813613367551119,0.8682574976718914,0.9052045016391913,0.9287835685083597,0.9296728429436278,1.0,1.0,0.7598480857907627,-0.13483336441731902,0.8690662706468051,0.6640812542157112,-0.2937775345566781,-0.05761515966110962,0.8624964072788275,0.7177391967477048,0.8344434388420533,0.9101655612281918,0.8425595197933201,0.8403908195964045,0.7786785369454652,0.6798762868829347,0.8803838522104935,0.8311409488278131,0.8833312099554629],[0.7410397513192466,0.7551222579832015,0.7410397513192466,0.7052435123535206,0.7052435123535206,0.6543241253813653,0.6543241253813653,0.623510723987892,0.623510723987892,0.6821824056654441,0.832802166432298,0.6285219429442243,0.661014952300746,0.8177337358855797,0.8329497566947007,0.7043673434141728,0.851720749927494,0.7598480857907627,0.7598480857907627,1.0,-0.0062840201768136076,0.6778194578880798,-0.2431197220994963,0.23831684986181031,-0.6003381161371766,0.4106643022380194,0.5471998339524151,0.49543432805128934,0.8480008696001472,0.719873129800001,0.252594984307241,0.369539127443573,0.5798206147592659,0.7875596834295003,0.5177868531566346,-0.02875094516215603],[-0.23678691835795834,-0.03810594994009684,-0.23678691835795834,-0.24127935393625782,-0.24127935393625782,-0.20410309034714952,-0.20410309034714952,-0.09885717773181166,-0.09885717773181166,-0.10578096443120165,-0.1842303621230397,0.024480350710334005,-0.16630257289050734,-0.28610990825632415,-0.18473471023776553,-0.19732578740970624,-0.16722199277196922,-0.13483336441731902,-0.13483336441731902,-0.0062840201768136076,1.0,-0.16456507767501552,0.056592913614336715,0.19573246666480293,0.7091469048843395,-0.14610145366444402,-0.13974221157598218,-0.11944762536521701,0.10550590083245528,-0.05889195709288229,-0.08206872928120613,0.24079977618944456,0.5357238116944173,-0.18691761050316974,0.0013995104346889605,0.07168571567504664],[0.9859435046862386,0.9808144197677788,0.9859435046862386,0.9942224120617998,0.9942224120617998,0.9614013411979767,0.9614013411979767,0.8982800893145517,0.8982800893145517,0.5903069920786985,0.9969996230328727,0.5279511380849777,0.8978296565027475,0.978285395060427,0.996912147272952,0.9632543295560001,0.9922092468303236,0.8690662706468051,0.8690662706468051,0.6778194578880798,-0.16456507767501552,1.0,0.2832021312934049,-0.2815027867950245,-0.15273917142259943,0.7669761178251242,0.9183642701137006,0.9134100590379217,0.8007127585077112,0.734319802291511,0.7700653910668509,0.6250584045141121,0.4735748626256076,0.8932138414588282,0.8001361242511473,0.396497160233021],[0.34833007489674633,0.08805614702767851,0.34833007489674633,0.37423840105946776,0.37423840105946776,0.45772907442300637,0.45772907442300637,0.6483365197212629,0.6483365197212629,0.052364877918791373,0.9154620068049991,0.36620845721232126,0.8316839558009842,0.8830787276460783,0.9150936803969002,0.7595024519028977,0.903216579908751,0.6640812542157112,0.6640812542157112,-0.2431197220994963,0.056592913614336715,0.2832021312934049,1.0,-0.49333237389886647,0.6800695916027667,0.4597333032661373,0.31795050997176394,0.44436520400296603,0.016099157381346523,0.18637380522234281,0.6557270262534175,0.5371281739440145,0.23228832961578344,0.17332804251567616,0.4827927322930951,0.5364128582148772],[-0.21072508395521142,-0.20592531167241193,-0.21072508395521142,-0.24026561510849537,-0.24026561510849537,-0.359716610773426,-0.359716610773426,-0.3955340916809426,-0.3955340916809426,0.04064531806360632,-0.5356576667954183,-0.1653088143153798,-0.6031853194008232,-0.6768474560941464,-0.5334616416535254,-0.4835734658223135,-0.5308352053328393,-0.2937775345566781,-0.2937775345566781,0.23831684986181031,0.19573246666480293,-0.2815027867950245,-0.49333237389886647,1.0,-0.0420904349083516,-0.234181581366542,-0.26349031633768677,-0.325889334577372,-0.11193468186314683,-0.14115352828860078,-0.555438095075659,-0.2524754987260237,-0.05533588714585776,-0.13697306744677135,-0.2931304852961971,-0.4380512590580204],[-0.1277497984822417,-0.1231949887291581,-0.1277497984822417,-0.11725653327737885,-0.11725653327737885,-0.04030695090699749,-0.04030695090699749,0.06818052423627426,0.06818052423627426,-0.2338203910772772,0.6894949738204381,-0.1920485401985069,0.7590252778377358,0.8090507375445279,0.6914266181072802,0.00874501817557031,0.6736959900675115,-0.05761515966110962,-0.05761515966110962,-0.6003381161371766,0.7091469048843395,-0.15273917142259943,0.6800695916027667,-0.0420904349083516,1.0,-0.008238138353650778,-0.030963208743824747,0.04213590712126945,-0.30180238784029517,-0.2842590725252376,0.11030173373122232,0.1770389112495658,0.2686783321363902,-0.28430711410284015,0.14527961703040315,0.13088165847681674],[0.867125200687809,0.7594312848370547,0.867125200687809,0.8615058889126621,0.8615058889126621,0.9049119293635036,0.9049119293635036,0.8534456287899357,0.8534456287899357,0.645631369442581,0.8704330610165869,0.6504922434658112,0.7829374939019623,0.840712062972771,0.8719073036595735,0.9126498412682965,0.8969772439056656,0.8624964072788275,0.8624964072788275,0.4106643022380194,-0.14610145366444402,0.7669761178251242,0.4597333032661373,-0.234181581366542,-0.008238138353650778,1.0,0.6981100187153935,0.8965146226484598,0.5503868452440449,0.6369821736911541,0.7123646868297374,0.6646506892988078,0.4115682758588177,0.7632217328866615,0.7967738991026149,0.5464807366155117],[0.8976255994562838,0.8944620486714449,0.8976255994562838,0.9208544641747528,0.9208544641747528,0.8643148048572913,0.8643148048572913,0.792661745789167,0.792661745789167,0.31667275514472387,0.9145064720877426,0.2320250756260431,0.896159781803677,0.9582865748282943,0.9141674406090553,0.8525748883128689,0.8943849517248212,0.7177391967477048,0.7177391967477048,0.5471998339524151,-0.13974221157598218,0.9183642701137006,0.31795050997176394,-0.26349031633768677,-0.030963208743824747,0.6981100187153935,1.0,0.8936157467482729,0.623267027435176,0.5694506847686803,0.7336719010082854,0.4920599248799097,0.36206894966316694,0.7496715005308885,0.7616911668355059,0.3874880600890727],[0.9228616819800806,0.9097986375332607,0.9228616819800806,0.9311125521545804,0.9311125521545804,0.9237640046801984,0.9237640046801984,0.8908276442448214,0.8908276442448214,0.5385018881642786,0.9428578591047695,0.4918661998600766,0.8997044865204088,0.9587339793527129,0.9428184936236533,0.9174905786495748,0.9412919502128351,0.8344434388420533,0.8344434388420533,0.49543432805128934,-0.11944762536521701,0.9134100590379217,0.44436520400296603,-0.325889334577372,0.04213590712126945,0.8965146226484598,0.8936157467482729,1.0,0.6827443588522216,0.5896521403927488,0.7640036003006436,0.5872814728667128,0.4351334803801727,0.8040396509591522,0.890421337603246,0.4289304974265983],[0.8714100802229705,0.8678474864834996,0.8714100802229705,0.8408946758617097,0.8408946758617097,0.8628059899038283,0.8628059899038283,0.8403737449794042,0.8403737449794042,0.7884664532632273,0.8251093142497675,0.7527796822784262,0.6660798566921543,0.7286765574917412,0.825972818479416,0.8698029038100795,0.8643989616283717,0.9101655612281918,0.9101655612281918,0.8480008696001472,0.10550590083245528,0.8007127585077112,0.016099157381346523,-0.11193468186314683,-0.30180238784029517,0.5503868452440449,0.623267027435176,0.6827443588522216,1.0,0.9164466431980115,0.6087812318939467,0.7232421872146166,0.6712885346617682,0.8866605431609196,0.5768968597067833,0.3906092412712655],[0.7676188869478953,0.7731634663716014,0.7676188869478953,0.7552884701390321,0.7552884701390321,0.7480102324213058,0.7480102324213058,0.7656665029084515,0.7656665029084515,0.664191629349531,0.7760091176636243,0.677069466913342,0.6031853426384907,0.6529892911388673,0.7768300915105472,0.7774118436066044,0.8017458717423538,0.8425595197933201,0.8425595197933201,0.719873129800001,-0.05889195709288229,0.734319802291511,0.18637380522234281,-0.14115352828860078,-0.2842590725252376,0.6369821736911541,0.5694506847686803,0.5896521403927488,0.9164466431980115,1.0,0.6292216762992562,0.7066320441085044,0.6193859218269233,0.7620597617887088,0.6268303818632345,0.5350339439568804],[0.7427150331027357,0.7397261101294084,0.7427150331027357,0.7677834489222566,0.7677834489222566,0.8526834559079147,0.8526834559079147,0.9178706289641854,0.9178706289641854,0.3110560395011293,0.9559215690868383,0.4404868084689996,0.8812561322411242,0.9449651107089857,0.9558900002915726,0.9139068748377275,0.9491419278075827,0.8403908195964045,0.8403908195964045,0.252594984307241,-0.08206872928120613,0.7700653910668509,0.6557270262534175,-0.555438095075659,0.11030173373122232,0.7123646868297374,0.7336719010082854,0.7640036003006436,0.6087812318939467,0.6292216762992562,1.0,0.7452699278698983,0.3842439019650862,0.6434333742859506,0.7607740169518254,0.7860507287031275],[0.6592283768500709,0.6583840289926037,0.6592283768500709,0.6443328256780811,0.6443328256780811,0.7397026322682165,0.7397026322682165,0.7842577436188581,0.7842577436188581,0.5201911858392487,0.8117716588212868,0.6669442958982654,0.6524536392262904,0.7357108631416396,0.8130933366337145,0.7810932259332342,0.8514896473968429,0.7786785369454652,0.7786785369454652,0.369539127443573,0.24079977618944456,0.6250584045141121,0.5371281739440145,-0.2524754987260237,0.1770389112495658,0.6646506892988078,0.4920599248799097,0.5872814728667128,0.7232421872146166,0.7066320441085044,0.7452699278698983,1.0,0.7768105733556584,0.5703135329131064,0.725691275956566,0.6038682919766671],[0.5622931596150261,0.5841610870696958,0.5622931596150261,0.5235918640756299,0.5235918640756299,0.6286711937329603,0.6286711937329603,0.6574223779264998,0.6574223779264998,0.5640485184450251,0.6371143433165265,0.6751754856208341,0.4581126944804828,0.4586330107632103,0.637999831061458,0.6814776472152603,0.6934552746093491,0.6798762868829347,0.6798762868829347,0.5798206147592659,0.5357238116944173,0.4735748626256076,0.23228832961578344,-0.05533588714585776,0.2686783321363902,0.4115682758588177,0.36206894966316694,0.4351334803801727,0.6712885346617682,0.6193859218269233,0.3842439019650862,0.7768105733556584,1.0,0.49925843008095516,0.6084650176197951,0.24087294891945976],[0.9244246962481981,0.9244995473341814,0.9244246962481981,0.9054218513068153,0.9054218513068153,0.8817411428004389,0.8817411428004389,0.8435805855637216,0.8435805855637216,0.7323570362471433,0.8966850672052366,0.6711486302239725,0.793019061048019,0.8604527807774496,0.8973734832096895,0.9025854712469779,0.913968706643846,0.8803838522104935,0.8803838522104935,0.7875596834295003,-0.18691761050316974,0.8932138414588282,0.17332804251567616,-0.13697306744677135,-0.28430711410284015,0.7632217328866615,0.7496715005308885,0.8040396509591522,0.8866605431609196,0.7620597617887088,0.6434333742859506,0.5703135329131064,0.49925843008095516,1.0,0.7969398115205766,0.3326633960822441],[0.9047634156609333,0.8108960994752548,0.9047634156609333,0.9014570185606317,0.9014570185606317,0.9194408929970781,0.9194408929970781,0.9042119116075332,0.9042119116075332,0.5335842807836644,0.970082832309864,0.4888499915674771,0.8909756122785275,0.9662015401999148,0.9703507364749102,0.9172783517645672,0.9742575512231716,0.8311409488278131,0.8311409488278131,0.5177868531566346,0.0013995104346889605,0.8001361242511473,0.4827927322930951,-0.2931304852961971,0.14527961703040315,0.7967738991026149,0.7616911668355059,0.890421337603246,0.5768968597067833,0.6268303818632345,0.7607740169518254,0.725691275956566,0.6084650176197951,0.7969398115205766,1.0,0.3941165617080895],[0.3903480955986795,0.391968115209759,0.3903480955986795,0.40731910885157957,0.40731910885157957,0.6127919472406215,0.6127919472406215,0.8652870000301005,0.8652870000301005,0.1789936999928809,0.8769801778253973,0.538358902756693,0.8333756115411319,0.887578092079202,0.8780017175917334,0.8601842189120349,0.9012545012266528,0.8833312099554629,0.8833312099554629,-0.02875094516215603,0.07168571567504664,0.396497160233021,0.5364128582148772,-0.4380512590580204,0.13088165847681674,0.5464807366155117,0.3874880600890727,0.4289304974265983,0.3906092412712655,0.5350339439568804,0.7860507287031275,0.6038682919766671,0.24087294891945976,0.3326633960822441,0.3941165617080895,1.0]],"x":["^TAIEX       \u81fa\u7063\u52a0\u6b0a\u5831\u916c\u6307\u6578","^TWII        \u81fa\u7063\u52a0\u6b0a\u6307\u6578","^TAIEXx2     \u81fa\u7063\u52a0\u6b0a\u5831\u916c\u6307\u6578_\u65e5\u6b632","^TAI50I      \u81fa\u706350\u5831\u916c\u6307\u6578","^TAI50Ix2    \u81fa\u706350\u5831\u916c\u6307\u6578_\u65e5\u6b632","^TAI100I     \u81fa\u7063\u4e2d\u578b100\u5831\u916c\u6307\u6578","^TAI100Ix2   \u81fa\u7063\u4e2d\u578b100\u5831\u916c\u6307\u6578_\u65e5\u6b632","^TAIDIVIDI   \u81fa\u7063\u9ad8\u80a1\u606f\u5831\u916c\u6307\u6578","^TAIDIVIDIx2 \u81fa\u7063\u9ad8\u80a1\u606f\u5831\u916c\u6307\u6578_\u65e5\u6b632","0050Fund     \u5143\u5927\u53f0\u7063\u5353\u8d8a50\u57fa\u91d1","006208Fund   \u5bcc\u90a6\u53f0\u7063\u91c6\u540950\u57fa\u91d1","0050         \u5143\u5927\u81fa\u706350","00631L       \u5143\u5927\u53f0\u706350\u6b632","00675L       \u5bcc\u90a6\u81fa\u7063\u52a0\u6b0a\u6b632","006208       \u5bcc\u90a6\u53f050","0051         \u5143\u5927\u4e2d\u578b100","006204       \u6c38\u8c50\u81fa\u7063\u52a0\u6b0a","0056         \u5143\u5927\u9ad8\u80a1\u606f","0056         \u5143\u5927\u9ad8\u80a1\u606f_\u80a1\u606f\u4e0d\u6295\u5165","2412         \u4e2d\u83ef\u96fb\u4fe1","2002         \u4e2d\u92fc","2330         \u53f0\u7a4d\u96fb","2317         \u9d3b\u6d77","6505         \u53f0\u5851\u77f3\u5316","3481         \u7fa4\u5275","2303         \u806f\u96fb","2308         \u53f0\u9054\u96fb","2454         \u806f\u767c\u79d1","2886         \u5146\u8c50\u91d1","2884         \u7389\u5c71\u91d1","2891         \u4e2d\u4fe1\u91d1","2892         \u7b2c\u4e00\u91d1","5880         \u5408\u5eab\u91d1","2881         \u5bcc\u90a6\u91d1","2885         \u5143\u5927\u91d1","2887         \u53f0\u65b0\u91d1"],"y":["^TAIEX       \u81fa\u7063\u52a0\u6b0a\u5831\u916c\u6307\u6578","^TWII        \u81fa\u7063\u52a0\u6b0a\u6307\u6578","^TAIEXx2     \u81fa\u7063\u52a0\u6b0a\u5831\u916c\u6307\u6578_\u65e5\u6b632","^TAI50I      \u81fa\u706350\u5831\u916c\u6307\u6578","^TAI50Ix2    \u81fa\u706350\u5831\u916c\u6307\u6578_\u65e5\u6b632","^TAI100I     \u81fa\u7063\u4e2d\u578b100\u5831\u916c\u6307\u6578","^TAI100Ix2   \u81fa\u7063\u4e2d\u578b100\u5831\u916c\u6307\u6578_\u65e5\u6b632","^TAIDIVIDI   \u81fa\u7063\u9ad8\u80a1\u606f\u5831\u916c\u6307\u6578","^TAIDIVIDIx2 \u81fa\u7063\u9ad8\u80a1\u606f\u5831\u916c\u6307\u6578_\u65e5\u6b632","0050Fund     \u5143\u5927\u53f0\u7063\u5353\u8d8a50\u57fa\u91d1","006208Fund   \u5bcc\u90a6\u53f0\u7063\u91c6\u540950\u57fa\u91d1","0050         \u5143\u5927\u81fa\u706350","00631L       \u5143\u5927\u53f0\u706350\u6b632","00675L       \u5bcc\u90a6\u81fa\u7063\u52a0\u6b0a\u6b632","006208       \u5bcc\u90a6\u53f050","0051         \u5143\u5927\u4e2d\u578b100","006204       \u6c38\u8c50\u81fa\u7063\u52a0\u6b0a","0056         \u5143\u5927\u9ad8\u80a1\u606f","0056         \u5143\u5927\u9ad8\u80a1\u606f_\u80a1\u606f\u4e0d\u6295\u5165","2412         \u4e2d\u83ef\u96fb\u4fe1","2002         \u4e2d\u92fc","2330         \u53f0\u7a4d\u96fb","2317         \u9d3b\u6d77","6505         \u53f0\u5851\u77f3\u5316","3481         \u7fa4\u5275","2303         \u806f\u96fb","2308         \u53f0\u9054\u96fb","2454         \u806f\u767c\u79d1","2886         \u5146\u8c50\u91d1","2884         \u7389\u5c71\u91d1","2891         \u4e2d\u4fe1\u91d1","2892         \u7b2c\u4e00\u91d1","5880         \u5408\u5eab\u91d1","2881         \u5bcc\u90a6\u91d1","2885         \u5143\u5927\u91d1","2887         \u53f0\u65b0\u91d1"],"zmin":-1,"zmax":1,"colorbar":{"x":-0.2}}],"layout":{"autotypenumbers":"strict","colorway":["#636efa","#EF553B","#00cc96","#ab63fa","#FFA15A","#19d3f3","#FF6692","#B6E880","#FF97FF","#FECB52"],"font":{"color":"#f2f5fa","family":"Courier New"},"hovermode":"closest","hoverlabel":{"align":"left"},"paper_bgcolor":"rgb(17,17,17)","plot_bgcolor":"rgb(17,17,17)","polar":{"bgcolor":"rgb(17,17,17)","angularaxis":{"gridcolor":"#506784","linecolor":"#506784","ticks":""},"radialaxis":{"gridcolor":"#506784","linecolor":"#506784","ticks":""}},"ternary":{"bgcolor":"rgb(17,17,17)","aaxis":{"gridcolor":"#506784","linecolor":"#506784","ticks":""},"baxis":{"gridcolor":"#506784","linecolor":"#506784","ticks":""},"caxis":{"gridcolor":"#506784","linecolor":"#506784","ticks":""}},"coloraxis":{"colorbar":{"outlinewidth":0,"ticks":""}},"colorscale":{"sequential":[[0.0,"#0d0887"],[0.1111111111111111,"#46039f"],[0.2222222222222222,"#7201a8"],[0.3333333333333333,"#9c179e"],[0.4444444444444444,"#bd3786"],[0.5555555555555556,"#d8576b"],[0.6666666666666666,"#ed7953"],[0.7777777777777778,"#fb9f3a"],[0.8888888888888888,"#fdca26"],[1.0,"#f0f921"]],"sequentialminus":[[0.0,"#0d0887"],[0.1111111111111111,"#46039f"],[0.2222222222222222,"#7201a8"],[0.3333333333333333,"#9c179e"],[0.4444444444444444,"#bd3786"],[0.5555555555555556,"#d8576b"],[0.6666666666666666,"#ed7953"],[0.7777777777777778,"#fb9f3a"],[0.8888888888888888,"#fdca26"],[1.0,"#f0f921"]],"diverging":[[0,"#8e0152"],[0.1,"#c51b7d"],[0.2,"#de77ae"],[0.3,"#f1b6da"],[0.4,"#fde0ef"],[0.5,"#f7f7f7"],[0.6,"#e6f5d0"],[0.7,"#b8e186"],[0.8,"#7fbc41"],[0.9,"#4d9221"],[1,"#276419"]]},"xaxis":{"gridcolor":"rgba(0, 0, 0, 0)","linecolor":"#506784","ticks":"","title":{"standoff":15},"zerolinecolor":"#283442","automargin":true,"zerolinewidth":2,"tickfont":{"family":"Courier New","size":14},"side":"top","tickangle":-90},"yaxis":{"gridcolor":"rgba(0, 0, 0, 0)","linecolor":"#506784","ticks":"","title":{"standoff":15},"zerolinecolor":"#283442","automargin":true,"zerolinewidth":2,"tickfont":{"family":"Courier New"},"side":"right"},"scene":{"xaxis":{"backgroundcolor":"rgb(17,17,17)","gridcolor":"#506784","linecolor":"#506784","showbackground":true,"ticks":"","zerolinecolor":"#C8D4E3","gridwidth":2},"yaxis":{"backgroundcolor":"rgb(17,17,17)","gridcolor":"#506784","linecolor":"#506784","showbackground":true,"ticks":"","zerolinecolor":"#C8D4E3","gridwidth":2},"zaxis":{"backgroundcolor":"rgb(17,17,17)","gridcolor":"#506784","linecolor":"#506784","showbackground":true,"ticks":"","zerolinecolor":"#C8D4E3","gridwidth":2}},"shapedefaults":{"line":{"color":"#f2f5fa"}},"annotationdefaults":{"arrowcolor":"#f2f5fa","arrowhead":0,"arrowwidth":1},"geo":{"bgcolor":"rgb(17,17,17)","landcolor":"rgb(17,17,17)","subunitcolor":"#506784","showland":true,"showlakes":true,"lakecolor":"rgb(17,17,17)"},"title":{"x":0.05,"font":{"family":"Times New Roman"},"y":0.05,"text":"<b>Correlation of Close<b><br><i>2016-09-23 ~ 2026-07-20<i>"},"updatemenudefaults":{"bgcolor":"#506784","borderwidth":0},"sliderdefaults":{"bgcolor":"#C8D4E3","borderwidth":1,"bordercolor":"rgb(17,17,17)","tickwidth":0},"mapbox":{"style":"dark"},"annotations":[{"text":"<b>@zwindr<b>","textangle":0,"opacity":0.5,"font":{"color":"white","size":12},"xref":"paper","yref":"paper","xanchor":"left","yanchor":"bottom","x":1.0,"y":1.0,"showarrow":false}]},"config":{"responsive":true,"toImageButtonOptions":{"filename":"Correlation of Close_2016-09-23~2026-07-20","scale":5}}};Plotly.newPlot("correlationClose",correlationClose.data,correlationClose.layout||{},correlationClose.config);}else{console.log("style display is none => correlationClose");}