var element=document.getElementById("correlationClose");if(element.style.display!='none'){var correlationClose={"data":[{"type":"heatmap","z":[[1.0,0.9999999999999982,1.0,0.9951670915752296,0.9951670915752296,0.9660364237118524,0.9660364237118524,0.9061089819734895,0.9061089819734895,0.8439974690768395,0.9944679714404784,0.8076063784147419,0.9926111876959014,0.9927091730289916,0.9945060723386396,0.9744475234656366,0.9990581280810448,0.9196875756689898,0.9196875756689898,0.7833355727025753,-0.13851699067174508,0.9781248085933936,0.15940954214862338,-0.0973918738002304,-0.2515723816106794,0.8145662822599715,0.9082941321821033,0.9139565025278731,0.9262024846466343,0.7807346460139499,0.5547988185748773,0.6364433922215189,0.6310593505506695,0.9335316027545272,0.8325480621279908,0.18926205468310886],[0.9999999999999982,1.0,0.9999999999999986,0.9951346340676698,0.9951346340676698,0.9654978814610201,0.9654978814610201,0.907077687166308,0.907077687166308,0.8453673888772498,0.9944613261410844,0.8076995683169103,0.9923379113199445,0.9922021899736936,0.9945097644371558,0.9738733272346635,0.9990596201288081,0.9198840822899929,0.9198840822899929,0.8019560371532221,0.07291943489459633,0.969980811055465,-0.0446797238812043,-0.08984133652372762,-0.25184796165554113,0.6473875963672246,0.9092354382792919,0.8894252400617008,0.9207979549509574,0.7914302458002676,0.5465384306921034,0.6335472086873957,0.6568260632874207,0.9312272303456178,0.6890840026707955,0.18613976537129184],[1.0,0.9999999999999986,1.0,0.9951670915752296,0.9951670915752296,0.9660364237118524,0.9660364237118524,0.9061089819734895,0.9061089819734895,0.8439974690768395,0.9944679714404784,0.8076063784147419,0.9926111876959014,0.9927091730289916,0.9945060723386396,0.9744475234656366,0.9990581280810448,0.9196875756689898,0.9196875756689898,0.7833355727025753,-0.13851699067174508,0.9781248085933936,0.15940954214862338,-0.0973918738002304,-0.2515723816106794,0.8145662822599715,0.9082941321821033,0.9139565025278731,0.9262024846466343,0.7807346460139499,0.5547988185748773,0.6364433922215189,0.6310593505506695,0.9335316027545272,0.8325480621279908,0.18926205468310886],[0.9951670915752296,0.9951346340676698,0.9951670915752296,1.0,1.0,0.952821488521467,0.952821488521467,0.8906271273993296,0.8906271273993296,0.8207726750421437,0.9995349896916103,0.7825366754249206,0.9909228856414294,0.9879027164419578,0.9994983278988849,0.9570156162427472,0.9948062680727209,0.8958103688607633,0.8958103688607633,0.7585396347190415,-0.14644498996922764,0.9904677946985697,0.18579789260853538,-0.1332443570595946,-0.25219455756682635,0.806092554937424,0.9187888077572586,0.9154962924315874,0.9110489454929347,0.7862970615538745,0.5833772286802766,0.6296572059978539,0.6012080898471561,0.9240047324819975,0.8220732869165481,0.2012392863126357],[0.9951670915752296,0.9951346340676698,0.9951670915752296,1.0,1.0,0.952821488521467,0.952821488521467,0.8906271273993296,0.8906271273993296,0.8207726750421437,0.9995349896916103,0.7825366754249206,0.9909228856414294,0.9879027164419578,0.9994983278988849,0.9570156162427472,0.9948062680727209,0.8958103688607633,0.8958103688607633,0.7585396347190415,-0.14644498996922764,0.9904677946985697,0.18579789260853538,-0.1332443570595946,-0.25219455756682635,0.806092554937424,0.9187888077572586,0.9154962924315874,0.9110489454929347,0.7862970615538745,0.5833772286802766,0.6296572059978539,0.6012080898471561,0.9240047324819975,0.8220732869165481,0.2012392863126357],[0.9660364237118524,0.9654978814610201,0.9660364237118524,0.952821488521467,0.952821488521467,1.0,1.0,0.9313033252010631,0.9313033252010631,0.8140508608040962,0.9524416817117521,0.8001986774641711,0.9705484337194449,0.9680539135660381,0.9522783960240072,0.999091421776411,0.9740690940698283,0.9191448128939536,0.9191448128939536,0.6455779303798984,-0.0867970218146159,0.9380843239938014,0.3172370703624253,-0.28248635140998357,-0.11871768326315156,0.8839168162241456,0.8603064314141187,0.9319717186483497,0.9003179917895656,0.7448732452546569,0.7477667554026718,0.7395930834266233,0.7061310157709315,0.8621632227747581,0.8637633760147784,0.4697727107837418],[0.9660364237118524,0.9654978814610201,0.9660364237118524,0.952821488521467,0.952821488521467,1.0,1.0,0.9313033252010631,0.9313033252010631,0.8140508608040962,0.9524416817117521,0.8001986774641711,0.9705484337194449,0.9680539135660381,0.9522783960240072,0.999091421776411,0.9740690940698283,0.9191448128939536,0.9191448128939536,0.6455779303798984,-0.0867970218146159,0.9380843239938014,0.3172370703624253,-0.28248635140998357,-0.11871768326315156,0.8839168162241456,0.8603064314141187,0.9319717186483497,0.9003179917895656,0.7448732452546569,0.7477667554026718,0.7395930834266233,0.7061310157709315,0.8621632227747581,0.8637633760147784,0.4697727107837418],[0.9061089819734895,0.907077687166308,0.9061089819734895,0.8906271273993296,0.8906271273993296,0.9313033252010631,0.9313033252010631,1.0,1.0,0.760353954642772,0.9377237279166727,0.779172827473316,0.9419758227810086,0.9367331201851867,0.9375789208462768,0.9323098585067184,0.9447389087911181,0.9713727783675004,0.9713727783675004,0.587859887017644,0.03394366578020324,0.8522411204882887,0.5496257891539099,-0.30828830952896685,0.016843442713779817,0.7867405706948403,0.7595049870200584,0.8746483326259646,0.8529267698214616,0.7577532182264369,0.879661687611842,0.781976556909343,0.7167931884062916,0.7938378595336496,0.8507712628069085,0.8030678114220131],[0.9061089819734895,0.907077687166308,0.9061089819734895,0.8906271273993296,0.8906271273993296,0.9313033252010631,0.9313033252010631,1.0,1.0,0.760353954642772,0.9377237279166727,0.779172827473316,0.9419758227810086,0.9367331201851867,0.9375789208462768,0.9323098585067184,0.9447389087911181,0.9713727783675004,0.9713727783675004,0.587859887017644,0.03394366578020324,0.8522411204882887,0.5496257891539099,-0.30828830952896685,0.016843442713779817,0.7867405706948403,0.7595049870200584,0.8746483326259646,0.8529267698214616,0.7577532182264369,0.879661687611842,0.781976556909343,0.7167931884062916,0.7938378595336496,0.8507712628069085,0.8030678114220131],[0.8439974690768395,0.8453673888772498,0.8439974690768395,0.8207726750421437,0.8207726750421437,0.8140508608040962,0.8140508608040962,0.760353954642772,0.760353954642772,1.0,0.720281770390844,0.9999698467430505,0.6624803456629764,0.5810659264043335,0.7219297378528178,0.8095063432055075,0.7702448861321533,0.8316179080484556,0.8316179080484556,0.7014653142579177,-0.10179123035035628,0.7949152253256924,0.0413734117765162,0.046394136406342976,-0.2441306091008982,0.7957775174687391,0.6014931900746443,0.7832312540019782,0.8272823133849854,0.6965701683211099,0.37363141631869684,0.5389522785003266,0.5676709124018018,0.8141589813541122,0.6811862433131468,0.17463171025454172],[0.9944679714404784,0.9944613261410844,0.9944679714404784,0.9995349896916103,0.9995349896916103,0.9524416817117521,0.9524416817117521,0.9377237279166727,0.9377237279166727,0.720281770390844,1.0,0.7202190090632224,0.9906833182761657,0.9879815572620648,0.9999267641516337,0.9525521448264551,0.9937298555026268,0.9074717980727111,0.9074717980727111,0.8538450044118931,0.029847863309159214,0.9964372440696297,0.884815730828916,-0.5035364594903016,0.3394004845500379,0.8245092443010947,0.8822350774964435,0.9350547116349641,0.9052395150729788,0.8095267483235196,0.9130196453265876,0.8685145429961842,0.779650112527012,0.9024834437573247,0.9425100774190651,0.7772955981116585],[0.8076063784147419,0.8076995683169103,0.8076063784147419,0.7825366754249206,0.7825366754249206,0.8001986774641711,0.8001986774641711,0.779172827473316,0.779172827473316,0.9999698467430505,0.7202190090632224,1.0,0.6604677142921328,0.5784619645498679,0.7204121894504492,0.8016165435075271,0.7688455114941872,0.8283919910076918,0.8283919910076918,0.6651163576485102,0.024017487775509126,0.758233814900248,0.45680766623262115,-0.17831259600960134,-0.23162451286534094,0.8295402088958673,0.510935033875953,0.7607776655322026,0.8024356741618464,0.7256062511217113,0.6205788831913986,0.7216458755023621,0.6899190786092495,0.7774487698053095,0.6779826204588963,0.6917340390640997],[0.9926111876959014,0.9923379113199445,0.9926111876959014,0.9909228856414294,0.9909228856414294,0.9705484337194449,0.9705484337194449,0.9419758227810086,0.9419758227810086,0.6624803456629764,0.9906833182761657,0.6604677142921328,1.0,0.9997621841973997,0.990685553960729,0.9688401079290261,0.9904220209480084,0.8979370372028495,0.8979370372028495,0.8322183828687751,0.058620832453370096,0.9888130550319024,0.905280535242782,-0.661779162029397,0.4071868435646372,0.7968659471636842,0.8886821554957813,0.9441601632814388,0.8964274829449335,0.7431661462290097,0.9129758943808659,0.8471699574873189,0.7608504680236422,0.8866937634507898,0.9563679748726523,0.8051669148436144],[0.9927091730289916,0.9922021899736936,0.9927091730289916,0.9879027164419578,0.9879027164419578,0.9680539135660381,0.9680539135660381,0.9367331201851867,0.9367331201851867,0.5810659264043335,0.9879815572620648,0.5784619645498679,0.9997621841973997,1.0,0.9881355610736041,0.9655882455933079,0.98953589213064,0.8827380604412995,0.8827380604412995,0.8534691921659754,-0.06720394860365966,0.9845763615150456,0.9134606074351884,-0.8384258641403802,0.4442280441870365,0.7459047020651776,0.8933531297771089,0.9379823623265503,0.8823827820515018,0.6728149376700282,0.9212699128250678,0.8377146883511822,0.7035858000809803,0.9120908163931439,0.9569625779048947,0.7735904066210305],[0.9945060723386396,0.9945097644371558,0.9945060723386396,0.9994983278988849,0.9994983278988849,0.9522783960240072,0.9522783960240072,0.9375789208462768,0.9375789208462768,0.7219297378528178,0.9999267641516337,0.7204121894504492,0.990685553960729,0.9881355610736041,1.0,0.9525245240217555,0.9937930864023983,0.9078235674658218,0.9078235674658218,0.8546857184275434,0.029147333780525107,0.9963214751026391,0.8844258219217138,-0.5008348076347737,0.33868051114686837,0.8246599286909981,0.8805275892761001,0.9342391748457302,0.9055888644370456,0.8104583683188424,0.9125901439975779,0.8693361241341044,0.7804916439060623,0.9024815018278548,0.9425167638860472,0.7777579436841225],[0.9744475234656366,0.9738733272346635,0.9744475234656366,0.9570156162427472,0.9570156162427472,0.999091421776411,0.999091421776411,0.9323098585067184,0.9323098585067184,0.8095063432055075,0.9525521448264551,0.8016165435075271,0.9688401079290261,0.9655882455933079,0.9525245240217555,1.0,0.975301860958341,0.9189371903079729,0.9189371903079729,0.693898465519669,-0.07144533017907423,0.9461042961045559,0.6413203269497362,-0.4147916733997421,-0.16725992528709188,0.8952469066538201,0.8565028799883561,0.927891236782691,0.9074309117550063,0.7816651823409254,0.8562470185246753,0.7866823968381735,0.7623445836565252,0.8842047226102495,0.8612649146141133,0.7905751279074993],[0.9990581280810448,0.9990596201288081,0.9990581280810448,0.9948062680727209,0.9948062680727209,0.9740690940698283,0.9740690940698283,0.9447389087911181,0.9447389087911181,0.7702448861321533,0.9937298555026268,0.7688455114941872,0.9904220209480084,0.98953589213064,0.9937930864023983,0.975301860958341,1.0,0.9321334565323176,0.9321334565323176,0.8629481145001703,0.04231788413057519,0.9872363633433736,0.8524880583431756,-0.4820410508503044,0.35759735770904927,0.8696488892784603,0.8747331320101859,0.9452460544011092,0.9337329815861632,0.8314722700484987,0.901526690045642,0.8989863110838826,0.8204223603064713,0.916192155954718,0.9515476156748285,0.8340600346040032],[0.9196875756689898,0.9198840822899929,0.9196875756689898,0.8958103688607633,0.8958103688607633,0.9191448128939536,0.9191448128939536,0.9713727783675004,0.9713727783675004,0.8316179080484556,0.9074717980727111,0.8283919910076918,0.8979370372028495,0.8827380604412995,0.9078235674658218,0.9189371903079729,0.9321334565323176,1.0,1.0,0.7424703769372151,-0.029936391107003225,0.8592909816799765,0.5487141480597214,-0.19468581997185014,-0.20707903465818447,0.8273635310132316,0.7379385379148126,0.8379433137392804,0.9170978288963856,0.8387639010286706,0.800904655773632,0.7568681543522412,0.7062398002463119,0.8461361198892479,0.7792140157008284,0.8521448954023462],[0.9196875756689898,0.9198840822899929,0.9196875756689898,0.8958103688607633,0.8958103688607633,0.9191448128939536,0.9191448128939536,0.9713727783675004,0.9713727783675004,0.8316179080484556,0.9074717980727111,0.8283919910076918,0.8979370372028495,0.8827380604412995,0.9078235674658218,0.9189371903079729,0.9321334565323176,1.0,1.0,0.7424703769372151,-0.029936391107003225,0.8592909816799765,0.5487141480597214,-0.19468581997185014,-0.20707903465818447,0.8273635310132316,0.7379385379148126,0.8379433137392804,0.9170978288963856,0.8387639010286706,0.800904655773632,0.7568681543522412,0.7062398002463119,0.8461361198892479,0.7792140157008284,0.8521448954023462],[0.7833355727025753,0.8019560371532221,0.7833355727025753,0.7585396347190415,0.7585396347190415,0.6455779303798984,0.6455779303798984,0.587859887017644,0.587859887017644,0.7014653142579177,0.8538450044118931,0.6651163576485102,0.8322183828687751,0.8534691921659754,0.8546857184275434,0.693898465519669,0.8629481145001703,0.7424703769372151,0.7424703769372151,1.0,0.03554714408441836,0.7200788063349599,-0.36844059463310275,0.31948753585227196,-0.6568148802678601,0.3539354122820438,0.7128555861480835,0.5112520260412502,0.8364038655548588,0.6949276141659925,0.10985719945469519,0.310278834081969,0.5664591300214129,0.7835769027858499,0.47967995470777275,-0.15034215510929325],[-0.13851699067174508,0.07291943489459633,-0.13851699067174508,-0.14644498996922764,-0.14644498996922764,-0.0867970218146159,-0.0867970218146159,0.03394366578020324,0.03394366578020324,-0.10179123035035628,0.029847863309159214,0.024017487775509126,0.058620832453370096,-0.06720394860365966,0.029147333780525107,-0.07144533017907423,0.04231788413057519,-0.029936391107003225,-0.029936391107003225,0.03554714408441836,1.0,-0.09346487921124183,0.10752639428817962,0.1542459962660477,0.7489515291777721,-0.09170034847593737,-0.04216114927599383,-0.011000403837923192,0.1622467759623725,0.0013630418555675822,0.0530626453182426,0.3339145789705906,0.5684801283539713,-0.11981356893052722,0.10800065770292777,0.1582280305088926],[0.9781248085933936,0.969980811055465,0.9781248085933936,0.9904677946985697,0.9904677946985697,0.9380843239938014,0.9380843239938014,0.8522411204882887,0.8522411204882887,0.7949152253256924,0.9964372440696297,0.758233814900248,0.9888130550319024,0.9845763615150456,0.9963214751026391,0.9461042961045559,0.9872363633433736,0.8592909816799765,0.8592909816799765,0.7200788063349599,-0.09346487921124183,1.0,0.09406341804439955,-0.19158351939403329,-0.3030292608772292,0.668955745520334,0.9178353151403741,0.8988628097825274,0.8546190277895107,0.7543910076132273,0.5834797129243359,0.5958458470151423,0.530803537199224,0.9026496037126294,0.666879125454159,0.18164895591354338],[0.15940954214862338,-0.0446797238812043,0.15940954214862338,0.18579789260853538,0.18579789260853538,0.3172370703624253,0.3172370703624253,0.5496257891539099,0.5496257891539099,0.0413734117765162,0.884815730828916,0.45680766623262115,0.905280535242782,0.9134606074351884,0.8844258219217138,0.6413203269497362,0.8524880583431756,0.5487141480597214,0.5487141480597214,-0.36844059463310275,0.10752639428817962,0.09406341804439955,1.0,-0.4573520116434027,0.7199402180015886,0.3797224821542973,0.10523360065377732,0.3127192148702383,-0.0955669453860975,0.07783521523484117,0.5963309775920258,0.4783480313392117,0.1993815029605595,0.0033879451492052123,0.3920566293265387,0.46868245512322004],[-0.0973918738002304,-0.08984133652372762,-0.0973918738002304,-0.1332443570595946,-0.1332443570595946,-0.28248635140998357,-0.28248635140998357,-0.30828830952896685,-0.30828830952896685,0.046394136406342976,-0.5035364594903016,-0.17831259600960134,-0.661779162029397,-0.8384258641403802,-0.5008348076347737,-0.4147916733997421,-0.4820410508503044,-0.19468581997185014,-0.19468581997185014,0.31948753585227196,0.1542459962660477,-0.19158351939403329,-0.4573520116434027,1.0,-0.028802997651151328,-0.16340285252355696,-0.18607727954391254,-0.30157496736126493,-0.04317950349771203,-0.0739517235859242,-0.5679405607025038,-0.2003109512074485,-0.023829244520617382,-0.04337078482439057,-0.21808353819693513,-0.4078586336560082],[-0.2515723816106794,-0.25184796165554113,-0.2515723816106794,-0.25219455756682635,-0.25219455756682635,-0.11871768326315156,-0.11871768326315156,0.016843442713779817,0.016843442713779817,-0.2441306091008982,0.3394004845500379,-0.23162451286534094,0.4071868435646372,0.4442280441870365,0.33868051114686837,-0.16725992528709188,0.35759735770904927,-0.20707903465818447,-0.20707903465818447,-0.6568148802678601,0.7489515291777721,-0.3030292608772292,0.7199402180015886,-0.028802997651151328,1.0,-0.10633258157957311,-0.2484978614915656,-0.06571906490562092,-0.35124131903165606,-0.32937231307454323,0.07235790689543782,0.1619121277339937,0.2635246158906584,-0.3794694403199944,0.11452573473846056,0.09284664840481677],[0.8145662822599715,0.6473875963672246,0.8145662822599715,0.806092554937424,0.806092554937424,0.8839168162241456,0.8839168162241456,0.7867405706948403,0.7867405706948403,0.7957775174687391,0.8245092443010947,0.8295402088958673,0.7968659471636842,0.7459047020651776,0.8246599286909981,0.8952469066538201,0.8696488892784603,0.8273635310132316,0.8273635310132316,0.3539354122820438,-0.09170034847593737,0.668955745520334,0.3797224821542973,-0.16340285252355696,-0.10633258157957311,1.0,0.5473915536125613,0.8389124537306712,0.49546833607711727,0.6277765926421358,0.5480407432730274,0.657904979815631,0.425347169703798,0.7047783251076419,0.7038298657817387,0.41739789706365293],[0.9082941321821033,0.9092354382792919,0.9082941321821033,0.9187888077572586,0.9187888077572586,0.8603064314141187,0.8603064314141187,0.7595049870200584,0.7595049870200584,0.6014931900746443,0.8822350774964435,0.510935033875953,0.8886821554957813,0.8933531297771089,0.8805275892761001,0.8565028799883561,0.8747331320101859,0.7379385379148126,0.7379385379148126,0.7128555861480835,-0.04216114927599383,0.9178353151403741,0.10523360065377732,-0.18607727954391254,-0.2484978614915656,0.5473915536125613,1.0,0.8001932646561474,0.7868640948364377,0.667808692237503,0.4862346723130588,0.5035645479289242,0.5217136619561762,0.8431670355022975,0.624224842703408,0.1031034333443038],[0.9139565025278731,0.8894252400617008,0.9139565025278731,0.9154962924315874,0.9154962924315874,0.9319717186483497,0.9319717186483497,0.8746483326259646,0.8746483326259646,0.7832312540019782,0.9350547116349641,0.7607776655322026,0.9441601632814388,0.9379823623265503,0.9342391748457302,0.927891236782691,0.9452460544011092,0.8379433137392804,0.8379433137392804,0.5112520260412502,-0.011000403837923192,0.8988628097825274,0.3127192148702383,-0.30157496736126493,-0.06571906490562092,0.8389124537306712,0.8001932646561474,1.0,0.7541108612430024,0.6129697976569697,0.5987241183656149,0.6035790640274896,0.5346136184438214,0.8199553431927502,0.8345570170832309,0.22128330263098228],[0.9262024846466343,0.9207979549509574,0.9262024846466343,0.9110489454929347,0.9110489454929347,0.9003179917895656,0.9003179917895656,0.8529267698214616,0.8529267698214616,0.8272823133849854,0.9052395150729788,0.8024356741618464,0.8964274829449335,0.8823827820515018,0.9055888644370456,0.9074309117550063,0.9337329815861632,0.9170978288963856,0.9170978288963856,0.8364038655548588,0.1622467759623725,0.8546190277895107,-0.0955669453860975,-0.04317950349771203,-0.35124131903165606,0.49546833607711727,0.7868640948364377,0.7541108612430024,1.0,0.9068483471930942,0.5478860927577006,0.6891903370953824,0.6669050978347363,0.8797011628364185,0.5098032176214273,0.30038876847360324],[0.7807346460139499,0.7914302458002676,0.7807346460139499,0.7862970615538745,0.7862970615538745,0.7448732452546569,0.7448732452546569,0.7577532182264369,0.7577532182264369,0.6965701683211099,0.8095267483235196,0.7256062511217113,0.7431661462290097,0.6728149376700282,0.8104583683188424,0.7816651823409254,0.8314722700484987,0.8387639010286706,0.8387639010286706,0.6949276141659925,0.0013630418555675822,0.7543910076132273,0.07783521523484117,-0.0739517235859242,-0.32937231307454323,0.6277765926421358,0.667808692237503,0.6129697976569697,0.9068483471930942,1.0,0.5817866132530612,0.6713061989975111,0.6106108106926117,0.7328623240217246,0.5876658962781852,0.4741195510529727],[0.5547988185748773,0.5465384306921034,0.5547988185748773,0.5833772286802766,0.5833772286802766,0.7477667554026718,0.7477667554026718,0.879661687611842,0.879661687611842,0.37363141631869684,0.9130196453265876,0.6205788831913986,0.9129758943808659,0.9212699128250678,0.9125901439975779,0.8562470185246753,0.901526690045642,0.800904655773632,0.800904655773632,0.10985719945469519,0.0530626453182426,0.5834797129243359,0.5963309775920258,-0.5679405607025038,0.07235790689543782,0.5480407432730274,0.4862346723130588,0.5987241183656149,0.5478860927577006,0.5817866132530612,1.0,0.7462628972282737,0.38423928897854537,0.5005097785384311,0.5832420096376548,0.7586382933592893],[0.6364433922215189,0.6335472086873957,0.6364433922215189,0.6296572059978539,0.6296572059978539,0.7395930834266233,0.7395930834266233,0.781976556909343,0.781976556909343,0.5389522785003266,0.8685145429961842,0.7216458755023621,0.8471699574873189,0.8377146883511822,0.8693361241341044,0.7866823968381735,0.8989863110838826,0.7568681543522412,0.7568681543522412,0.310278834081969,0.3339145789705906,0.5958458470151423,0.4783480313392117,-0.2003109512074485,0.1619121277339937,0.657904979815631,0.5035645479289242,0.6035790640274896,0.6891903370953824,0.6713061989975111,0.7462628972282737,1.0,0.7789456101655655,0.5007563792564386,0.7308778281791098,0.5502138286309977],[0.6310593505506695,0.6568260632874207,0.6310593505506695,0.6012080898471561,0.6012080898471561,0.7061310157709315,0.7061310157709315,0.7167931884062916,0.7167931884062916,0.5676709124018018,0.779650112527012,0.6899190786092495,0.7608504680236422,0.7035858000809803,0.7804916439060623,0.7623445836565252,0.8204223603064713,0.7062398002463119,0.7062398002463119,0.5664591300214129,0.5684801283539713,0.530803537199224,0.1993815029605595,-0.023829244520617382,0.2635246158906584,0.425347169703798,0.5217136619561762,0.5346136184438214,0.6669050978347363,0.6106108106926117,0.38423928897854537,0.7789456101655655,1.0,0.49370092326886433,0.6662949836608033,0.20275889731646327],[0.9335316027545272,0.9312272303456178,0.9335316027545272,0.9240047324819975,0.9240047324819975,0.8621632227747581,0.8621632227747581,0.7938378595336496,0.7938378595336496,0.8141589813541122,0.9024834437573247,0.7774487698053095,0.8866937634507898,0.9120908163931439,0.9024815018278548,0.8842047226102495,0.916192155954718,0.8461361198892479,0.8461361198892479,0.7835769027858499,-0.11981356893052722,0.9026496037126294,0.0033879451492052123,-0.04337078482439057,-0.3794694403199944,0.7047783251076419,0.8431670355022975,0.8199553431927502,0.8797011628364185,0.7328623240217246,0.5005097785384311,0.5007563792564386,0.49370092326886433,1.0,0.7355075705812593,0.17561111874617316],[0.8325480621279908,0.6890840026707955,0.8325480621279908,0.8220732869165481,0.8220732869165481,0.8637633760147784,0.8637633760147784,0.8507712628069085,0.8507712628069085,0.6811862433131468,0.9425100774190651,0.6779826204588963,0.9563679748726523,0.9569625779048947,0.9425167638860472,0.8612649146141133,0.9515476156748285,0.7792140157008284,0.7792140157008284,0.47967995470777275,0.10800065770292777,0.666879125454159,0.3920566293265387,-0.21808353819693513,0.11452573473846056,0.7038298657817387,0.624224842703408,0.8345570170832309,0.5098032176214273,0.5876658962781852,0.5832420096376548,0.7308778281791098,0.6662949836608033,0.7355075705812593,1.0,0.1843083655606747],[0.18926205468310886,0.18613976537129184,0.18926205468310886,0.2012392863126357,0.2012392863126357,0.4697727107837418,0.4697727107837418,0.8030678114220131,0.8030678114220131,0.17463171025454172,0.7772955981116585,0.6917340390640997,0.8051669148436144,0.7735904066210305,0.7777579436841225,0.7905751279074993,0.8340600346040032,0.8521448954023462,0.8521448954023462,-0.15034215510929325,0.1582280305088926,0.18164895591354338,0.46868245512322004,-0.4078586336560082,0.09284664840481677,0.41739789706365293,0.1031034333443038,0.22128330263098228,0.30038876847360324,0.4741195510529727,0.7586382933592893,0.5502138286309977,0.20275889731646327,0.17561111874617316,0.1843083655606747,1.0]],"x":["^TAIEX       \u81fa\u7063\u52a0\u6b0a\u5831\u916c\u6307\u6578","^TWII        \u81fa\u7063\u52a0\u6b0a\u6307\u6578","^TAIEXx2     \u81fa\u7063\u52a0\u6b0a\u5831\u916c\u6307\u6578_\u65e5\u6b632","^TAI50I      \u81fa\u706350\u5831\u916c\u6307\u6578","^TAI50Ix2    \u81fa\u706350\u5831\u916c\u6307\u6578_\u65e5\u6b632","^TAI100I     \u81fa\u7063\u4e2d\u578b100\u5831\u916c\u6307\u6578","^TAI100Ix2   \u81fa\u7063\u4e2d\u578b100\u5831\u916c\u6307\u6578_\u65e5\u6b632","^TAIDIVIDI   \u81fa\u7063\u9ad8\u80a1\u606f\u5831\u916c\u6307\u6578","^TAIDIVIDIx2 \u81fa\u7063\u9ad8\u80a1\u606f\u5831\u916c\u6307\u6578_\u65e5\u6b632","0050Fund     \u5143\u5927\u53f0\u7063\u5353\u8d8a50\u57fa\u91d1","006208Fund   \u5bcc\u90a6\u53f0\u7063\u91c6\u540950\u57fa\u91d1","0050         \u5143\u5927\u81fa\u706350","00631L       \u5143\u5927\u53f0\u706350\u6b632","00675L       \u5bcc\u90a6\u81fa\u7063\u52a0\u6b0a\u6b632","006208       \u5bcc\u90a6\u53f050","0051         \u5143\u5927\u4e2d\u578b100","006204       \u6c38\u8c50\u81fa\u7063\u52a0\u6b0a","0056         \u5143\u5927\u9ad8\u80a1\u606f","0056         \u5143\u5927\u9ad8\u80a1\u606f_\u80a1\u606f\u4e0d\u6295\u5165","2412         \u4e2d\u83ef\u96fb\u4fe1","2002         \u4e2d\u92fc","2330         \u53f0\u7a4d\u96fb","2317         \u9d3b\u6d77","6505         \u53f0\u5851\u77f3\u5316","3481         \u7fa4\u5275","2303         \u806f\u96fb","2308         \u53f0\u9054\u96fb","2454         \u806f\u767c\u79d1","2886         \u5146\u8c50\u91d1","2884         \u7389\u5c71\u91d1","2891         \u4e2d\u4fe1\u91d1","2892         \u7b2c\u4e00\u91d1","5880         \u5408\u5eab\u91d1","2881         \u5bcc\u90a6\u91d1","2885         \u5143\u5927\u91d1","2887         \u53f0\u65b0\u91d1"],"y":["^TAIEX       \u81fa\u7063\u52a0\u6b0a\u5831\u916c\u6307\u6578","^TWII        \u81fa\u7063\u52a0\u6b0a\u6307\u6578","^TAIEXx2     \u81fa\u7063\u52a0\u6b0a\u5831\u916c\u6307\u6578_\u65e5\u6b632","^TAI50I      \u81fa\u706350\u5831\u916c\u6307\u6578","^TAI50Ix2    \u81fa\u706350\u5831\u916c\u6307\u6578_\u65e5\u6b632","^TAI100I     \u81fa\u7063\u4e2d\u578b100\u5831\u916c\u6307\u6578","^TAI100Ix2   \u81fa\u7063\u4e2d\u578b100\u5831\u916c\u6307\u6578_\u65e5\u6b632","^TAIDIVIDI   \u81fa\u7063\u9ad8\u80a1\u606f\u5831\u916c\u6307\u6578","^TAIDIVIDIx2 \u81fa\u7063\u9ad8\u80a1\u606f\u5831\u916c\u6307\u6578_\u65e5\u6b632","0050Fund     \u5143\u5927\u53f0\u7063\u5353\u8d8a50\u57fa\u91d1","006208Fund   \u5bcc\u90a6\u53f0\u7063\u91c6\u540950\u57fa\u91d1","0050         \u5143\u5927\u81fa\u706350","00631L       \u5143\u5927\u53f0\u706350\u6b632","00675L       \u5bcc\u90a6\u81fa\u7063\u52a0\u6b0a\u6b632","006208       \u5bcc\u90a6\u53f050","0051         \u5143\u5927\u4e2d\u578b100","006204       \u6c38\u8c50\u81fa\u7063\u52a0\u6b0a","0056         \u5143\u5927\u9ad8\u80a1\u606f","0056         \u5143\u5927\u9ad8\u80a1\u606f_\u80a1\u606f\u4e0d\u6295\u5165","2412         \u4e2d\u83ef\u96fb\u4fe1","2002         \u4e2d\u92fc","2330         \u53f0\u7a4d\u96fb","2317         \u9d3b\u6d77","6505         \u53f0\u5851\u77f3\u5316","3481         \u7fa4\u5275","2303         \u806f\u96fb","2308         \u53f0\u9054\u96fb","2454         \u806f\u767c\u79d1","2886         \u5146\u8c50\u91d1","2884         \u7389\u5c71\u91d1","2891         \u4e2d\u4fe1\u91d1","2892         \u7b2c\u4e00\u91d1","5880         \u5408\u5eab\u91d1","2881         \u5bcc\u90a6\u91d1","2885         \u5143\u5927\u91d1","2887         \u53f0\u65b0\u91d1"],"zmin":-1,"zmax":1,"colorbar":{"x":-0.2}}],"layout":{"autotypenumbers":"strict","colorway":["#636efa","#EF553B","#00cc96","#ab63fa","#FFA15A","#19d3f3","#FF6692","#B6E880","#FF97FF","#FECB52"],"font":{"color":"#f2f5fa","family":"Courier New"},"hovermode":"closest","hoverlabel":{"align":"left"},"paper_bgcolor":"rgb(17,17,17)","plot_bgcolor":"rgb(17,17,17)","polar":{"bgcolor":"rgb(17,17,17)","angularaxis":{"gridcolor":"#506784","linecolor":"#506784","ticks":""},"radialaxis":{"gridcolor":"#506784","linecolor":"#506784","ticks":""}},"ternary":{"bgcolor":"rgb(17,17,17)","aaxis":{"gridcolor":"#506784","linecolor":"#506784","ticks":""},"baxis":{"gridcolor":"#506784","linecolor":"#506784","ticks":""},"caxis":{"gridcolor":"#506784","linecolor":"#506784","ticks":""}},"coloraxis":{"colorbar":{"outlinewidth":0,"ticks":""}},"colorscale":{"sequential":[[0.0,"#0d0887"],[0.1111111111111111,"#46039f"],[0.2222222222222222,"#7201a8"],[0.3333333333333333,"#9c179e"],[0.4444444444444444,"#bd3786"],[0.5555555555555556,"#d8576b"],[0.6666666666666666,"#ed7953"],[0.7777777777777778,"#fb9f3a"],[0.8888888888888888,"#fdca26"],[1.0,"#f0f921"]],"sequentialminus":[[0.0,"#0d0887"],[0.1111111111111111,"#46039f"],[0.2222222222222222,"#7201a8"],[0.3333333333333333,"#9c179e"],[0.4444444444444444,"#bd3786"],[0.5555555555555556,"#d8576b"],[0.6666666666666666,"#ed7953"],[0.7777777777777778,"#fb9f3a"],[0.8888888888888888,"#fdca26"],[1.0,"#f0f921"]],"diverging":[[0,"#8e0152"],[0.1,"#c51b7d"],[0.2,"#de77ae"],[0.3,"#f1b6da"],[0.4,"#fde0ef"],[0.5,"#f7f7f7"],[0.6,"#e6f5d0"],[0.7,"#b8e186"],[0.8,"#7fbc41"],[0.9,"#4d9221"],[1,"#276419"]]},"xaxis":{"gridcolor":"rgba(0, 0, 0, 0)","linecolor":"#506784","ticks":"","title":{"standoff":15},"zerolinecolor":"#283442","automargin":true,"zerolinewidth":2,"tickfont":{"family":"Courier New","size":14},"side":"top","tickangle":-90},"yaxis":{"gridcolor":"rgba(0, 0, 0, 0)","linecolor":"#506784","ticks":"","title":{"standoff":15},"zerolinecolor":"#283442","automargin":true,"zerolinewidth":2,"tickfont":{"family":"Courier New"},"side":"right"},"scene":{"xaxis":{"backgroundcolor":"rgb(17,17,17)","gridcolor":"#506784","linecolor":"#506784","showbackground":true,"ticks":"","zerolinecolor":"#C8D4E3","gridwidth":2},"yaxis":{"backgroundcolor":"rgb(17,17,17)","gridcolor":"#506784","linecolor":"#506784","showbackground":true,"ticks":"","zerolinecolor":"#C8D4E3","gridwidth":2},"zaxis":{"backgroundcolor":"rgb(17,17,17)","gridcolor":"#506784","linecolor":"#506784","showbackground":true,"ticks":"","zerolinecolor":"#C8D4E3","gridwidth":2}},"shapedefaults":{"line":{"color":"#f2f5fa"}},"annotationdefaults":{"arrowcolor":"#f2f5fa","arrowhead":0,"arrowwidth":1},"geo":{"bgcolor":"rgb(17,17,17)","landcolor":"rgb(17,17,17)","subunitcolor":"#506784","showland":true,"showlakes":true,"lakecolor":"rgb(17,17,17)"},"title":{"x":0.05,"font":{"family":"Times New Roman"},"y":0.05,"text":"<b>Correlation of Close<b><br><i>2016-09-23 ~ 2025-12-02<i>"},"updatemenudefaults":{"bgcolor":"#506784","borderwidth":0},"sliderdefaults":{"bgcolor":"#C8D4E3","borderwidth":1,"bordercolor":"rgb(17,17,17)","tickwidth":0},"mapbox":{"style":"dark"},"annotations":[{"text":"<b>@zwindr<b>","textangle":0,"opacity":0.5,"font":{"color":"white","size":12},"xref":"paper","yref":"paper","xanchor":"left","yanchor":"bottom","x":1.0,"y":1.0,"showarrow":false}]},"config":{"responsive":true,"toImageButtonOptions":{"filename":"Correlation of Close_2016-09-23~2025-12-02","scale":5}}};Plotly.newPlot("correlationClose",correlationClose.data,correlationClose.layout||{},correlationClose.config);}else{console.log("style display is none => correlationClose");}