var element=document.getElementById("correlationClose");if(element.style.display!='none'){var correlationClose={"data":[{"type":"heatmap","z":[[1.0,0.9999999999999982,1.0,0.9951440491493176,0.9951440491493176,0.9664944363135224,0.9664944363135224,0.9066369260959558,0.9066369260959558,0.8352156630387267,0.9945178438053316,0.7967791512926803,0.9925899537823386,0.992743333110393,0.9945646971049389,0.9746250724775413,0.9990760429255492,0.918834933319579,0.918834933319579,0.7826601455833617,-0.1436475588433916,0.9782998370891068,0.16812169089140666,-0.10348462001131045,-0.25131387656292065,0.8143586950756465,0.9068196017500321,0.9149276616376825,0.9256373205723415,0.781235663416474,0.5614867478162091,0.6375782520579459,0.6299539521402264,0.9341317608836797,0.8348288613808547,0.19214516781320298],[0.9999999999999982,1.0,0.9999999999999984,0.9951121977770008,0.9951121977770008,0.965964783435862,0.965964783435862,0.9075885838195367,0.9075885838195367,0.836633141639188,0.994511174787335,0.7969321804879002,0.9923078633696402,0.9922359800221264,0.9945670192303775,0.974069998554517,0.9990773893190045,0.9189967937290782,0.9189967937290782,0.8011822196991182,0.06801869505684123,0.9702353890114919,-0.039406055119342635,-0.09612900266311078,-0.2516134140437643,0.6480658634151533,0.9078779161697763,0.8906981156427662,0.9203063458528193,0.7919012617064368,0.5533830857475552,0.6348145667650384,0.655623830386648,0.9318982592959235,0.6924802108401398,0.1891331654987904],[1.0,0.9999999999999984,1.0,0.9951440491493176,0.9951440491493176,0.9664944363135224,0.9664944363135224,0.9066369260959558,0.9066369260959558,0.8352156630387267,0.9945178438053316,0.7967791512926803,0.9925899537823386,0.992743333110393,0.9945646971049389,0.9746250724775413,0.9990760429255492,0.918834933319579,0.918834933319579,0.7826601455833617,-0.1436475588433916,0.9782998370891068,0.16812169089140666,-0.10348462001131045,-0.25131387656292065,0.8143586950756465,0.9068196017500321,0.9149276616376825,0.9256373205723415,0.781235663416474,0.5614867478162091,0.6375782520579459,0.6299539521402264,0.9341317608836797,0.8348288613808547,0.19214516781320298],[0.9951440491493176,0.9951121977770008,0.9951440491493176,1.0,1.0,0.9533137923697937,0.9533137923697937,0.8910475892213178,0.8910475892213178,0.8104527274778781,0.9995408691466804,0.7702100919151594,0.9911576710304132,0.9882516545370229,0.9995014296645526,0.9571749464426261,0.9948136396263915,0.8944955225108486,0.8944955225108486,0.7573972293649535,-0.15170513718886866,0.9906376768257785,0.19495983924897867,-0.13947826915388456,-0.2516639907355397,0.8052508100891945,0.9183790236044446,0.9161777281575102,0.9099741723675348,0.7861607715678268,0.5901683927163133,0.6304845959240557,0.599724165691074,0.9244173934269583,0.824462293113834,0.20415070502024443],[0.9951440491493176,0.9951121977770008,0.9951440491493176,1.0,1.0,0.9533137923697937,0.9533137923697937,0.8910475892213178,0.8910475892213178,0.8104527274778781,0.9995408691466804,0.7702100919151594,0.9911576710304132,0.9882516545370229,0.9995014296645526,0.9571749464426261,0.9948136396263915,0.8944955225108486,0.8944955225108486,0.7573972293649535,-0.15170513718886866,0.9906376768257785,0.19495983924897867,-0.13947826915388456,-0.2516639907355397,0.8052508100891945,0.9183790236044446,0.9161777281575102,0.9099741723675348,0.7861607715678268,0.5901683927163133,0.6304845959240557,0.599724165691074,0.9244173934269583,0.824462293113834,0.20415070502024443],[0.9664944363135224,0.965964783435862,0.9664944363135224,0.9533137923697937,0.9533137923697937,1.0,1.0,0.9317542696858987,0.9317542696858987,0.8063004989285322,0.9528291441270709,0.7913872257578487,0.9701284054851199,0.9676022420376323,0.9526906891621012,0.9990858598161043,0.9743284748453658,0.9188758097993805,0.9188758097993805,0.6466022383206301,-0.09244062967239405,0.9387135889856665,0.32384020833806665,-0.28718100159058263,-0.11964238090039363,0.8833506567345148,0.8589201895977275,0.9327434186088743,0.9003654638287878,0.7459173312749923,0.7515424493484143,0.7400380046167754,0.7048837924069633,0.8637593959585216,0.8656047531179804,0.4715240842109916],[0.9664944363135224,0.965964783435862,0.9664944363135224,0.9533137923697937,0.9533137923697937,1.0,1.0,0.9317542696858987,0.9317542696858987,0.8063004989285322,0.9528291441270709,0.7913872257578487,0.9701284054851199,0.9676022420376323,0.9526906891621012,0.9990858598161043,0.9743284748453658,0.9188758097993805,0.9188758097993805,0.6466022383206301,-0.09244062967239405,0.9387135889856665,0.32384020833806665,-0.28718100159058263,-0.11964238090039363,0.8833506567345148,0.8589201895977275,0.9327434186088743,0.9003654638287878,0.7459173312749923,0.7515424493484143,0.7400380046167754,0.7048837924069633,0.8637593959585216,0.8656047531179804,0.4715240842109916],[0.9066369260959558,0.9075885838195367,0.9066369260959558,0.8910475892213178,0.8910475892213178,0.9317542696858987,0.9317542696858987,1.0,1.0,0.7561305208983911,0.937725897080126,0.7742339743693686,0.9414107464142929,0.9361577733287024,0.9376070981776922,0.93280786969503,0.9449661720780987,0.9712579739291295,0.9712579739291295,0.5891704925730403,0.029964963458197654,0.8529828658130332,0.5529084167359306,-0.3118221104470181,0.015750221806219808,0.7872696239075502,0.7585786130475622,0.8755737914312485,0.8535272281030707,0.7586519108383287,0.8803770204539341,0.7824657024849692,0.716513184795237,0.7953875993672279,0.8519137759033829,0.8037792764307046],[0.9066369260959558,0.9075885838195367,0.9066369260959558,0.8910475892213178,0.8910475892213178,0.9317542696858987,0.9317542696858987,1.0,1.0,0.7561305208983911,0.937725897080126,0.7742339743693686,0.9414107464142929,0.9361577733287024,0.9376070981776922,0.93280786969503,0.9449661720780987,0.9712579739291295,0.9712579739291295,0.5891704925730403,0.029964963458197654,0.8529828658130332,0.5529084167359306,-0.3118221104470181,0.015750221806219808,0.7872696239075502,0.7585786130475622,0.8755737914312485,0.8535272281030707,0.7586519108383287,0.8803770204539341,0.7824657024849692,0.716513184795237,0.7953875993672279,0.8519137759033829,0.8037792764307046],[0.8352156630387267,0.836633141639188,0.8352156630387267,0.8104527274778781,0.8104527274778781,0.8063004989285322,0.8063004989285322,0.7561305208983911,0.7561305208983911,1.0,0.7058126273244195,0.9999698541571701,0.6437161137799028,0.558969737125521,0.7075553784768891,0.8017553243798955,0.7577982861037939,0.8276447450427064,0.8276447450427064,0.6996479718038391,-0.10090966004455268,0.7839628349863763,0.04008130727437042,0.04712598683974542,-0.24375229789546157,0.7933344083477523,0.5835501994264687,0.7773190806732058,0.8238092461303729,0.6939759763862239,0.36933869027757393,0.5371968652855449,0.5667900098324562,0.8083132352261952,0.6752238261410339,0.1740102864466522],[0.9945178438053316,0.994511174787335,0.9945178438053316,0.9995408691466804,0.9995408691466804,0.9528291441270709,0.9528291441270709,0.937725897080126,0.937725897080126,0.7058126273244195,1.0,0.7057127722030178,0.9908996717023456,0.9883129699683153,0.9999278695253178,0.9526750362883911,0.9937964188977145,0.9059158134136912,0.9059158134136912,0.8535915272215955,0.01886351149033141,0.9964865152775323,0.887593832898382,-0.5079520294091899,0.3379518489882627,0.8222800912899794,0.8822932050017065,0.935046184687536,0.9041545136155862,0.8094556798404966,0.9149250894695897,0.8670904134223797,0.7764342218886087,0.9036409486363244,0.943199206769365,0.7785617700460634],[0.7967791512926803,0.7969321804879002,0.7967791512926803,0.7702100919151594,0.7702100919151594,0.7913872257578487,0.7913872257578487,0.7742339743693686,0.7742339743693686,0.9999698541571701,0.7057127722030178,1.0,0.6416464584398275,0.5563116060102661,0.7060170100661032,0.7934991977482893,0.7564221960780231,0.8240663090718284,0.8240663090718284,0.662246019458254,0.025625375497931015,0.7453339309650249,0.44723280410709493,-0.17590542208501653,-0.2312663017672044,0.826305487592219,0.49123865601993666,0.7537585843731537,0.7980009469108788,0.7218231676797662,0.6103414599074541,0.7179111253084576,0.6880146702194707,0.7697117848467347,0.6697995715238961,0.6875388576982205],[0.9925899537823386,0.9923078633696402,0.9925899537823386,0.9911576710304132,0.9911576710304132,0.9701284054851199,0.9701284054851199,0.9414107464142929,0.9414107464142929,0.6437161137799028,0.9908996717023456,0.6416464584398275,1.0,0.9997684382372267,0.9908931350587146,0.9680903402500535,0.990435254176675,0.8952890492816719,0.8952890492816719,0.832247152679798,0.04617169140561727,0.9891205945203122,0.9078853516361713,-0.6641262117650333,0.4042084317228202,0.7934952507526909,0.8900222208960252,0.943196056121034,0.8945661992493209,0.7439547214436627,0.9150066505117751,0.8449932818253072,0.7561338868840632,0.8881333964792105,0.9563842765398647,0.8056485789010368],[0.992743333110393,0.9922359800221264,0.992743333110393,0.9882516545370229,0.9882516545370229,0.9676022420376323,0.9676022420376323,0.9361577733287024,0.9361577733287024,0.558969737125521,0.9883129699683153,0.5563116060102661,0.9997684382372267,1.0,0.9884588283176621,0.9647770092583849,0.9896361663448606,0.8798617380218958,0.8798617380218958,0.8535500158672139,-0.07978845500385304,0.9850300713805739,0.9159067163112243,-0.838053122649423,0.44036108089815745,0.7421956744377952,0.8948711675156593,0.9367811610569673,0.8803985426568671,0.6747976404883197,0.9231369146425022,0.8355253713637232,0.6981521927006247,0.9129260580089399,0.9569871184568404,0.7745136439986933],[0.9945646971049389,0.9945670192303775,0.9945646971049389,0.9995014296645526,0.9995014296645526,0.9526906891621012,0.9526906891621012,0.9376070981776922,0.9376070981776922,0.7075553784768891,0.9999278695253178,0.7060170100661032,0.9908931350587146,0.9884588283176621,1.0,0.9526803140234004,0.9938648137084373,0.9062950692354872,0.9062950692354872,0.8544611391945853,0.018148993508159312,0.9963663072383082,0.8871936934742148,-0.5054420535896373,0.33701052100807766,0.8225098880282788,0.8808681222612668,0.9342599494636444,0.9046052831456204,0.8106805746841054,0.9145337641150965,0.86804080130465,0.7774122859258062,0.9037106308935202,0.9432602741143847,0.7791744572809357],[0.9746250724775413,0.974069998554517,0.9746250724775413,0.9571749464426261,0.9571749464426261,0.9990858598161043,0.9990858598161043,0.93280786969503,0.93280786969503,0.8017553243798955,0.9526750362883911,0.7934991977482893,0.9680903402500535,0.9647770092583849,0.9526803140234004,1.0,0.9753912569642356,0.9188571951233986,0.9188571951233986,0.6949249675891629,-0.07724597323927408,0.9462773755783256,0.6467661863826463,-0.41939708158880457,-0.16771400113154622,0.8947721259016792,0.8542290410254618,0.9287205534396846,0.9075577978863667,0.7826490884812982,0.8581830337877286,0.7871315100656959,0.761297038798863,0.885607608827162,0.8630883771574946,0.791672310410565],[0.9990760429255492,0.9990773893190045,0.9990760429255492,0.9948136396263915,0.9948136396263915,0.9743284748453658,0.9743284748453658,0.9449661720780987,0.9449661720780987,0.7577982861037939,0.9937964188977145,0.7564221960780231,0.990435254176675,0.9896361663448606,0.9938648137084373,0.9753912569642356,1.0,0.9310484205871663,0.9310484205871663,0.8631145345173613,0.032006652439714366,0.98731164883098,0.8555126993639812,-0.4868337405391642,0.35615937874450304,0.8678831786761934,0.874171721462373,0.9454991855302581,0.9329647719722443,0.8317184431143922,0.9034782903657735,0.8980520565409199,0.8179027055766669,0.9172694809598776,0.952288230649094,0.8349613024958594],[0.918834933319579,0.9189967937290782,0.918834933319579,0.8944955225108486,0.8944955225108486,0.9188758097993805,0.9188758097993805,0.9712579739291295,0.9712579739291295,0.8276447450427064,0.9059158134136912,0.8240663090718284,0.8952890492816719,0.8798617380218958,0.9062950692354872,0.9188571951233986,0.9310484205871663,1.0,1.0,0.7435024407166425,-0.033913678850124265,0.8580945436797597,0.5520242088578626,-0.1990371950676638,-0.207501212240868,0.8280747339897601,0.733064627348995,0.8387246247876482,0.9175445478205683,0.8395662280118872,0.8010848808595945,0.7579079676095588,0.7066627897188249,0.8467995333196339,0.7803003506091838,0.8529272345446746],[0.918834933319579,0.9189967937290782,0.918834933319579,0.8944955225108486,0.8944955225108486,0.9188758097993805,0.9188758097993805,0.9712579739291295,0.9712579739291295,0.8276447450427064,0.9059158134136912,0.8240663090718284,0.8952890492816719,0.8798617380218958,0.9062950692354872,0.9188571951233986,0.9310484205871663,1.0,1.0,0.7435024407166425,-0.033913678850124265,0.8580945436797597,0.5520242088578626,-0.1990371950676638,-0.207501212240868,0.8280747339897601,0.733064627348995,0.8387246247876482,0.9175445478205683,0.8395662280118872,0.8010848808595945,0.7579079676095588,0.7066627897188249,0.8467995333196339,0.7803003506091838,0.8529272345446746],[0.7826601455833617,0.8011822196991182,0.7826601455833617,0.7573972293649535,0.7573972293649535,0.6466022383206301,0.6466022383206301,0.5891704925730403,0.5891704925730403,0.6996479718038391,0.8535915272215955,0.662246019458254,0.832247152679798,0.8535500158672139,0.8544611391945853,0.6949249675891629,0.8631145345173613,0.7435024407166425,0.7435024407166425,1.0,0.033573791462615195,0.7189171622840468,-0.36285115731422884,0.31552833888259907,-0.6565312447371544,0.35593493369806645,0.7067215536011925,0.5132101842891987,0.8368480997353732,0.6959277441986275,0.11522524590869562,0.31243236462175666,0.5671754191646994,0.7837248893902692,0.48187043846596733,-0.14815331057185002],[-0.1436475588433916,0.06801869505684123,-0.1436475588433916,-0.15170513718886866,-0.15170513718886866,-0.09244062967239405,-0.09244062967239405,0.029964963458197654,0.029964963458197654,-0.10090966004455268,0.01886351149033141,0.025625375497931015,0.04617169140561727,-0.07978845500385304,0.018148993508159312,-0.07724597323927408,0.032006652439714366,-0.033913678850124265,-0.033913678850124265,0.033573791462615195,1.0,-0.09742789523408082,0.10484127130439237,0.1567715051890003,0.7485912909851233,-0.09330782827744556,-0.04841608533445067,-0.015049908518107707,0.1592441650932361,-0.0016082606209179685,0.04715627034000288,0.32994962038202313,0.566666489594444,-0.12348094069602901,0.10424461424229689,0.1563977887947969],[0.9782998370891068,0.9702353890114919,0.9782998370891068,0.9906376768257785,0.9906376768257785,0.9387135889856665,0.9387135889856665,0.8529828658130332,0.8529828658130332,0.7839628349863763,0.9964865152775323,0.7453339309650249,0.9891205945203122,0.9850300713805739,0.9963663072383082,0.9462773755783256,0.98731164883098,0.8580945436797597,0.8580945436797597,0.7189171622840468,-0.09742789523408082,1.0,0.1030665854593431,-0.1973951201402978,-0.30180624705224546,0.6684345619116423,0.9184264663631265,0.8995804520305059,0.8537294347894784,0.7544120796926668,0.590627957192354,0.5969513951185329,0.5296728959670068,0.9032280200037902,0.6705456397525178,0.18483957959942027],[0.16812169089140666,-0.039406055119342635,0.16812169089140666,0.19495983924897867,0.19495983924897867,0.32384020833806665,0.32384020833806665,0.5529084167359306,0.5529084167359306,0.04008130727437042,0.887593832898382,0.44723280410709493,0.9078853516361713,0.9159067163112243,0.8871936934742148,0.6467661863826463,0.8555126993639812,0.5520242088578626,0.5520242088578626,-0.36285115731422884,0.10484127130439237,0.1030665854593431,1.0,-0.4596645312287182,0.7150735928502596,0.3819219308438617,0.117319784827575,0.3184133874121567,-0.09004354250372944,0.08291844222795275,0.5998625394198099,0.4807407321063818,0.20113629544399628,0.011723395562853884,0.3959056152704212,0.46974266096791106],[-0.10348462001131045,-0.09612900266311078,-0.10348462001131045,-0.13947826915388456,-0.13947826915388456,-0.28718100159058263,-0.28718100159058263,-0.3118221104470181,-0.3118221104470181,0.04712598683974542,-0.5079520294091899,-0.17590542208501653,-0.6641262117650333,-0.838053122649423,-0.5054420535896373,-0.41939708158880457,-0.4868337405391642,-0.1990371950676638,-0.1990371950676638,0.31552833888259907,0.1567715051890003,-0.1973951201402978,-0.4596645312287182,1.0,-0.027620686290965004,-0.1662771969264336,-0.19337245136710415,-0.3052610339157393,-0.04720786660659601,-0.0775098635428826,-0.56960085296259,-0.20290399849394514,-0.02574570159340545,-0.04883583917248729,-0.22267033565981534,-0.40900250995857457],[-0.25131387656292065,-0.2516134140437643,-0.25131387656292065,-0.2516639907355397,-0.2516639907355397,-0.11964238090039363,-0.11964238090039363,0.015750221806219808,0.015750221806219808,-0.24375229789546157,0.3379518489882627,-0.2312663017672044,0.4042084317228202,0.44036108089815745,0.33701052100807766,-0.16771400113154622,0.35615937874450304,-0.207501212240868,-0.207501212240868,-0.6565312447371544,0.7485912909851233,-0.30180624705224546,0.7150735928502596,-0.027620686290965004,1.0,-0.10705120677493758,-0.24538858568584476,-0.06694237709509965,-0.3513447425650454,-0.32958437732634915,0.06956770299184048,0.1606794924951444,0.2627611849531453,-0.3788789325838978,0.11195409671900204,0.09158250873557626],[0.8143586950756465,0.6480658634151533,0.8143586950756465,0.8052508100891945,0.8052508100891945,0.8833506567345148,0.8833506567345148,0.7872696239075502,0.7872696239075502,0.7933344083477523,0.8222800912899794,0.826305487592219,0.7934952507526909,0.7421956744377952,0.8225098880282788,0.8947721259016792,0.8678831786761934,0.8280747339897601,0.8280747339897601,0.35593493369806645,-0.09330782827744556,0.6684345619116423,0.3819219308438617,-0.1662771969264336,-0.10705120677493758,1.0,0.5452787669440585,0.8391085991480728,0.49728770163775066,0.6293045884620508,0.5504704298969719,0.6591521264758426,0.42629483757104464,0.7059922913453083,0.7046723357054693,0.4185415894917314],[0.9068196017500321,0.9078779161697763,0.9068196017500321,0.9183790236044446,0.9183790236044446,0.8589201895977275,0.8589201895977275,0.7585786130475622,0.7585786130475622,0.5835501994264687,0.8822932050017065,0.49123865601993666,0.8900222208960252,0.8948711675156593,0.8808681222612668,0.8542290410254618,0.874171721462373,0.733064627348995,0.733064627348995,0.7067215536011925,-0.04841608533445067,0.9184264663631265,0.117319784827575,-0.19337245136710415,-0.24538858568584476,0.5452787669440585,1.0,0.799861052108733,0.7822925421637013,0.665362627352456,0.49715940501800976,0.5035176935639175,0.5166937784742244,0.8413751559811905,0.627266588139599,0.10831656005391756],[0.9149276616376825,0.8906981156427662,0.9149276616376825,0.9161777281575102,0.9161777281575102,0.9327434186088743,0.9327434186088743,0.8755737914312485,0.8755737914312485,0.7773190806732058,0.935046184687536,0.7537585843731537,0.943196056121034,0.9367811610569673,0.9342599494636444,0.9287205534396846,0.9454991855302581,0.8387246247876482,0.8387246247876482,0.5132101842891987,-0.015049908518107707,0.8995804520305059,0.3184133874121567,-0.3052610339157393,-0.06694237709509965,0.8391085991480728,0.799861052108733,1.0,0.7556470037230891,0.6153031044091734,0.6037266361969911,0.605371960703216,0.5349964224609912,0.8219053346901126,0.8364394768754617,0.22368215169337147],[0.9256373205723415,0.9203063458528193,0.9256373205723415,0.9099741723675348,0.9099741723675348,0.9003654638287878,0.9003654638287878,0.8535272281030707,0.8535272281030707,0.8238092461303729,0.9041545136155862,0.7980009469108788,0.8945661992493209,0.8803985426568671,0.9046052831456204,0.9075577978863667,0.9329647719722443,0.9175445478205683,0.9175445478205683,0.8368480997353732,0.1592441650932361,0.8537294347894784,-0.09004354250372944,-0.04720786660659601,-0.3513447425650454,0.49728770163775066,0.7822925421637013,0.7556470037230891,1.0,0.9072938777578965,0.5513959886809308,0.6904740980643584,0.6672224867673543,0.8802631969916468,0.513044166439276,0.3020370888603731],[0.781235663416474,0.7919012617064368,0.781235663416474,0.7861607715678268,0.7861607715678268,0.7459173312749923,0.7459173312749923,0.7586519108383287,0.7586519108383287,0.6939759763862239,0.8094556798404966,0.7218231676797662,0.7439547214436627,0.6747976404883197,0.8106805746841054,0.7826490884812982,0.8317184431143922,0.8395662280118872,0.8395662280118872,0.6959277441986275,-0.0016082606209179685,0.7544120796926668,0.08291844222795275,-0.0775098635428826,-0.32958437732634915,0.6293045884620508,0.665362627352456,0.6153031044091734,0.9072938777578965,1.0,0.5844398563711977,0.6726087862157808,0.6112022016595959,0.7342746242287017,0.5902251981616659,0.4751528436597423],[0.5614867478162091,0.5533830857475552,0.5614867478162091,0.5901683927163133,0.5901683927163133,0.7515424493484143,0.7515424493484143,0.8803770204539341,0.8803770204539341,0.36933869027757393,0.9149250894695897,0.6103414599074541,0.9150066505117751,0.9231369146425022,0.9145337641150965,0.8581830337877286,0.9034782903657735,0.8010848808595945,0.8010848808595945,0.11522524590869562,0.04715627034000288,0.590627957192354,0.5998625394198099,-0.56960085296259,0.06956770299184048,0.5504704298969719,0.49715940501800976,0.6037266361969911,0.5513959886809308,0.5844398563711977,1.0,0.7466513955190395,0.38542894184588,0.5066312843621228,0.5887288908394714,0.7569881398435931],[0.6375782520579459,0.6348145667650384,0.6375782520579459,0.6304845959240557,0.6304845959240557,0.7400380046167754,0.7400380046167754,0.7824657024849692,0.7824657024849692,0.5371968652855449,0.8670904134223797,0.7179111253084576,0.8449932818253072,0.8355253713637232,0.86804080130465,0.7871315100656959,0.8980520565409199,0.7579079676095588,0.7579079676095588,0.31243236462175666,0.32994962038202313,0.5969513951185329,0.4807407321063818,-0.20290399849394514,0.1606794924951444,0.6591521264758426,0.5035176935639175,0.605371960703216,0.6904740980643584,0.6726087862157808,0.7466513955190395,1.0,0.7791849519725133,0.5032918975960159,0.7316002174908519,0.5510161556364087],[0.6299539521402264,0.655623830386648,0.6299539521402264,0.599724165691074,0.599724165691074,0.7048837924069633,0.7048837924069633,0.716513184795237,0.716513184795237,0.5667900098324562,0.7764342218886087,0.6880146702194707,0.7561338868840632,0.6981521927006247,0.7774122859258062,0.761297038798863,0.8179027055766669,0.7066627897188249,0.7066627897188249,0.5671754191646994,0.566666489594444,0.5296728959670068,0.20113629544399628,-0.02574570159340545,0.2627611849531453,0.42629483757104464,0.5166937784742244,0.5349964224609912,0.6672224867673543,0.6112022016595959,0.38542894184588,0.7791849519725133,1.0,0.4943696665712053,0.666142486223866,0.20375970392851647],[0.9341317608836797,0.9318982592959235,0.9341317608836797,0.9244173934269583,0.9244173934269583,0.8637593959585216,0.8637593959585216,0.7953875993672279,0.7953875993672279,0.8083132352261952,0.9036409486363244,0.7697117848467347,0.8881333964792105,0.9129260580089399,0.9037106308935202,0.885607608827162,0.9172694809598776,0.8467995333196339,0.8467995333196339,0.7837248893902692,-0.12348094069602901,0.9032280200037902,0.011723395562853884,-0.04883583917248729,-0.3788789325838978,0.7059922913453083,0.8413751559811905,0.8219053346901126,0.8802631969916468,0.7342746242287017,0.5066312843621228,0.5032918975960159,0.4943696665712053,1.0,0.7385023393323543,0.17826691717233703],[0.8348288613808547,0.6924802108401398,0.8348288613808547,0.824462293113834,0.824462293113834,0.8656047531179804,0.8656047531179804,0.8519137759033829,0.8519137759033829,0.6752238261410339,0.943199206769365,0.6697995715238961,0.9563842765398647,0.9569871184568404,0.9432602741143847,0.8630883771574946,0.952288230649094,0.7803003506091838,0.7803003506091838,0.48187043846596733,0.10424461424229689,0.6705456397525178,0.3959056152704212,-0.22267033565981534,0.11195409671900204,0.7046723357054693,0.627266588139599,0.8364394768754617,0.513044166439276,0.5902251981616659,0.5887288908394714,0.7316002174908519,0.666142486223866,0.7385023393323543,1.0,0.1870189596783718],[0.19214516781320298,0.1891331654987904,0.19214516781320298,0.20415070502024443,0.20415070502024443,0.4715240842109916,0.4715240842109916,0.8037792764307046,0.8037792764307046,0.1740102864466522,0.7785617700460634,0.6875388576982205,0.8056485789010368,0.7745136439986933,0.7791744572809357,0.791672310410565,0.8349613024958594,0.8529272345446746,0.8529272345446746,-0.14815331057185002,0.1563977887947969,0.18483957959942027,0.46974266096791106,-0.40900250995857457,0.09158250873557626,0.4185415894917314,0.10831656005391756,0.22368215169337147,0.3020370888603731,0.4751528436597423,0.7569881398435931,0.5510161556364087,0.20375970392851647,0.17826691717233703,0.1870189596783718,1.0]],"x":["^TAIEX       \u81fa\u7063\u52a0\u6b0a\u5831\u916c\u6307\u6578","^TWII        \u81fa\u7063\u52a0\u6b0a\u6307\u6578","^TAIEXx2     \u81fa\u7063\u52a0\u6b0a\u5831\u916c\u6307\u6578_\u65e5\u6b632","^TAI50I      \u81fa\u706350\u5831\u916c\u6307\u6578","^TAI50Ix2    \u81fa\u706350\u5831\u916c\u6307\u6578_\u65e5\u6b632","^TAI100I     \u81fa\u7063\u4e2d\u578b100\u5831\u916c\u6307\u6578","^TAI100Ix2   \u81fa\u7063\u4e2d\u578b100\u5831\u916c\u6307\u6578_\u65e5\u6b632","^TAIDIVIDI   \u81fa\u7063\u9ad8\u80a1\u606f\u5831\u916c\u6307\u6578","^TAIDIVIDIx2 \u81fa\u7063\u9ad8\u80a1\u606f\u5831\u916c\u6307\u6578_\u65e5\u6b632","0050Fund     \u5143\u5927\u53f0\u7063\u5353\u8d8a50\u57fa\u91d1","006208Fund   \u5bcc\u90a6\u53f0\u7063\u91c6\u540950\u57fa\u91d1","0050         \u5143\u5927\u81fa\u706350","00631L       \u5143\u5927\u53f0\u706350\u6b632","00675L       \u5bcc\u90a6\u81fa\u7063\u52a0\u6b0a\u6b632","006208       \u5bcc\u90a6\u53f050","0051         \u5143\u5927\u4e2d\u578b100","006204       \u6c38\u8c50\u81fa\u7063\u52a0\u6b0a","0056         \u5143\u5927\u9ad8\u80a1\u606f","0056         \u5143\u5927\u9ad8\u80a1\u606f_\u80a1\u606f\u4e0d\u6295\u5165","2412         \u4e2d\u83ef\u96fb\u4fe1","2002         \u4e2d\u92fc","2330         \u53f0\u7a4d\u96fb","2317         \u9d3b\u6d77","6505         \u53f0\u5851\u77f3\u5316","3481         \u7fa4\u5275","2303         \u806f\u96fb","2308         \u53f0\u9054\u96fb","2454         \u806f\u767c\u79d1","2886         \u5146\u8c50\u91d1","2884         \u7389\u5c71\u91d1","2891         \u4e2d\u4fe1\u91d1","2892         \u7b2c\u4e00\u91d1","5880         \u5408\u5eab\u91d1","2881         \u5bcc\u90a6\u91d1","2885         \u5143\u5927\u91d1","2887         \u53f0\u65b0\u91d1"],"y":["^TAIEX       \u81fa\u7063\u52a0\u6b0a\u5831\u916c\u6307\u6578","^TWII        \u81fa\u7063\u52a0\u6b0a\u6307\u6578","^TAIEXx2     \u81fa\u7063\u52a0\u6b0a\u5831\u916c\u6307\u6578_\u65e5\u6b632","^TAI50I      \u81fa\u706350\u5831\u916c\u6307\u6578","^TAI50Ix2    \u81fa\u706350\u5831\u916c\u6307\u6578_\u65e5\u6b632","^TAI100I     \u81fa\u7063\u4e2d\u578b100\u5831\u916c\u6307\u6578","^TAI100Ix2   \u81fa\u7063\u4e2d\u578b100\u5831\u916c\u6307\u6578_\u65e5\u6b632","^TAIDIVIDI   \u81fa\u7063\u9ad8\u80a1\u606f\u5831\u916c\u6307\u6578","^TAIDIVIDIx2 \u81fa\u7063\u9ad8\u80a1\u606f\u5831\u916c\u6307\u6578_\u65e5\u6b632","0050Fund     \u5143\u5927\u53f0\u7063\u5353\u8d8a50\u57fa\u91d1","006208Fund   \u5bcc\u90a6\u53f0\u7063\u91c6\u540950\u57fa\u91d1","0050         \u5143\u5927\u81fa\u706350","00631L       \u5143\u5927\u53f0\u706350\u6b632","00675L       \u5bcc\u90a6\u81fa\u7063\u52a0\u6b0a\u6b632","006208       \u5bcc\u90a6\u53f050","0051         \u5143\u5927\u4e2d\u578b100","006204       \u6c38\u8c50\u81fa\u7063\u52a0\u6b0a","0056         \u5143\u5927\u9ad8\u80a1\u606f","0056         \u5143\u5927\u9ad8\u80a1\u606f_\u80a1\u606f\u4e0d\u6295\u5165","2412         \u4e2d\u83ef\u96fb\u4fe1","2002         \u4e2d\u92fc","2330         \u53f0\u7a4d\u96fb","2317         \u9d3b\u6d77","6505         \u53f0\u5851\u77f3\u5316","3481         \u7fa4\u5275","2303         \u806f\u96fb","2308         \u53f0\u9054\u96fb","2454         \u806f\u767c\u79d1","2886         \u5146\u8c50\u91d1","2884         \u7389\u5c71\u91d1","2891         \u4e2d\u4fe1\u91d1","2892         \u7b2c\u4e00\u91d1","5880         \u5408\u5eab\u91d1","2881         \u5bcc\u90a6\u91d1","2885         \u5143\u5927\u91d1","2887         \u53f0\u65b0\u91d1"],"zmin":-1,"zmax":1,"colorbar":{"x":-0.2}}],"layout":{"autotypenumbers":"strict","colorway":["#636efa","#EF553B","#00cc96","#ab63fa","#FFA15A","#19d3f3","#FF6692","#B6E880","#FF97FF","#FECB52"],"font":{"color":"#f2f5fa","family":"Courier New"},"hovermode":"closest","hoverlabel":{"align":"left"},"paper_bgcolor":"rgb(17,17,17)","plot_bgcolor":"rgb(17,17,17)","polar":{"bgcolor":"rgb(17,17,17)","angularaxis":{"gridcolor":"#506784","linecolor":"#506784","ticks":""},"radialaxis":{"gridcolor":"#506784","linecolor":"#506784","ticks":""}},"ternary":{"bgcolor":"rgb(17,17,17)","aaxis":{"gridcolor":"#506784","linecolor":"#506784","ticks":""},"baxis":{"gridcolor":"#506784","linecolor":"#506784","ticks":""},"caxis":{"gridcolor":"#506784","linecolor":"#506784","ticks":""}},"coloraxis":{"colorbar":{"outlinewidth":0,"ticks":""}},"colorscale":{"sequential":[[0.0,"#0d0887"],[0.1111111111111111,"#46039f"],[0.2222222222222222,"#7201a8"],[0.3333333333333333,"#9c179e"],[0.4444444444444444,"#bd3786"],[0.5555555555555556,"#d8576b"],[0.6666666666666666,"#ed7953"],[0.7777777777777778,"#fb9f3a"],[0.8888888888888888,"#fdca26"],[1.0,"#f0f921"]],"sequentialminus":[[0.0,"#0d0887"],[0.1111111111111111,"#46039f"],[0.2222222222222222,"#7201a8"],[0.3333333333333333,"#9c179e"],[0.4444444444444444,"#bd3786"],[0.5555555555555556,"#d8576b"],[0.6666666666666666,"#ed7953"],[0.7777777777777778,"#fb9f3a"],[0.8888888888888888,"#fdca26"],[1.0,"#f0f921"]],"diverging":[[0,"#8e0152"],[0.1,"#c51b7d"],[0.2,"#de77ae"],[0.3,"#f1b6da"],[0.4,"#fde0ef"],[0.5,"#f7f7f7"],[0.6,"#e6f5d0"],[0.7,"#b8e186"],[0.8,"#7fbc41"],[0.9,"#4d9221"],[1,"#276419"]]},"xaxis":{"gridcolor":"rgba(0, 0, 0, 0)","linecolor":"#506784","ticks":"","title":{"standoff":15},"zerolinecolor":"#283442","automargin":true,"zerolinewidth":2,"tickfont":{"family":"Courier New","size":14},"side":"top","tickangle":-90},"yaxis":{"gridcolor":"rgba(0, 0, 0, 0)","linecolor":"#506784","ticks":"","title":{"standoff":15},"zerolinecolor":"#283442","automargin":true,"zerolinewidth":2,"tickfont":{"family":"Courier New"},"side":"right"},"scene":{"xaxis":{"backgroundcolor":"rgb(17,17,17)","gridcolor":"#506784","linecolor":"#506784","showbackground":true,"ticks":"","zerolinecolor":"#C8D4E3","gridwidth":2},"yaxis":{"backgroundcolor":"rgb(17,17,17)","gridcolor":"#506784","linecolor":"#506784","showbackground":true,"ticks":"","zerolinecolor":"#C8D4E3","gridwidth":2},"zaxis":{"backgroundcolor":"rgb(17,17,17)","gridcolor":"#506784","linecolor":"#506784","showbackground":true,"ticks":"","zerolinecolor":"#C8D4E3","gridwidth":2}},"shapedefaults":{"line":{"color":"#f2f5fa"}},"annotationdefaults":{"arrowcolor":"#f2f5fa","arrowhead":0,"arrowwidth":1},"geo":{"bgcolor":"rgb(17,17,17)","landcolor":"rgb(17,17,17)","subunitcolor":"#506784","showland":true,"showlakes":true,"lakecolor":"rgb(17,17,17)"},"title":{"x":0.05,"font":{"family":"Times New Roman"},"y":0.05,"text":"<b>Correlation of Close<b><br><i>2016-09-23 ~ 2025-12-11<i>"},"updatemenudefaults":{"bgcolor":"#506784","borderwidth":0},"sliderdefaults":{"bgcolor":"#C8D4E3","borderwidth":1,"bordercolor":"rgb(17,17,17)","tickwidth":0},"mapbox":{"style":"dark"},"annotations":[{"text":"<b>@zwindr<b>","textangle":0,"opacity":0.5,"font":{"color":"white","size":12},"xref":"paper","yref":"paper","xanchor":"left","yanchor":"bottom","x":1.0,"y":1.0,"showarrow":false}]},"config":{"responsive":true,"toImageButtonOptions":{"filename":"Correlation of Close_2016-09-23~2025-12-11","scale":5}}};Plotly.newPlot("correlationClose",correlationClose.data,correlationClose.layout||{},correlationClose.config);}else{console.log("style display is none => correlationClose");}