var element = document.getElementById("correlationAdjClose");

if (element.style.display != 'none') {
    var correlationAdjClose = {"data": [{"type": "heatmap", "z": [[1.0, 0.9940826900107794, 0.9770382672244255, 0.9976013377841632, 0.9645949325685695, 0.9816687885417146, -0.9438235878588692, 0.9900662165767397, 0.9705411262562322, 0.9971818190515651, 0.9971674364547582, 0.9976549921826294, 0.993350444543096, 0.9940451614726964, 0.9971772536467792, 0.9840992194388077, 0.9996732768637788, 0.9900852293677881, 0.9204315559005135, 0.7368017097689497, 0.9853362424059252, 0.922190752891183, 0.43517000274160983, -0.3038638010777811, 0.9011239463877448, 0.9724859097102793, 0.9551850324577021, 0.9801790882034928, 0.9642716011625967, 0.9757293806428436, 0.972177114362912, 0.9455737840988958, 0.9800196491084456, 0.970647824352467, 0.9546367344994815], [0.9940826900107794, 1.0, 0.9724004949601875, 0.9913052039278777, 0.9599477468966919, 0.9771649412054474, -0.9391647452729918, 0.9810916236943535, 0.9636866726390468, 0.995259830764011, 0.9951039902684535, 0.9943585877789036, 0.9924224667232576, 0.9917081205859808, 0.9950559320977799, 0.9781638231858274, 0.9966993238446471, 0.9838059131775495, 0.9095606555908515, 0.7493105039789048, 0.9670914226755715, 0.9016245751970985, 0.4351264708237586, -0.22866911075472066, 0.8754419855798029, 0.9604577628429943, 0.9545874164274485, 0.958268891828299, 0.9503359351432089, 0.9654858888992459, 0.9564959924783026, 0.9434936042583172, 0.9689349034936766, 0.9607234981811266, 0.9484259455277767], [0.9770382672244255, 0.9724004949601875, 1.0, 0.9832678932992229, 0.9959303505165881, 0.9788832023862644, -0.975987924169258, 0.9701619619739441, 0.9840195967328577, 0.988895264389604, 0.9896016907167275, 0.9861222010100094, 0.9970237086956637, 0.9968284538521758, 0.989382650779013, 0.9774307385839698, 0.9878397301819178, 0.9699974468310006, 0.8281637416428834, 0.6255880531020037, 0.9903902333970742, 0.9132761043195262, 0.26963684372094415, -0.2272450170785568, 0.9056089661411111, 0.9445232410899443, 0.9797412505414513, 0.930090817215041, 0.9123406742485853, 0.9645977254568786, 0.9202933574291753, 0.9065712963263616, 0.9667170436536292, 0.9740469419694974, 0.9238021161086853], [0.9976013377841632, 0.9913052039278777, 0.9832678932992229, 1.0, 0.9764754651927399, 0.9738763216912296, -0.9387678266934764, 0.9843043858466952, 0.9680137356647323, 0.9999714073203593, 0.9999894857685263, 0.999957471063129, 0.9914916368545933, 0.9894850557326631, 0.999943057159269, 0.9736503055802235, 0.9960333374178907, 0.9841296845411315, 0.906335315207778, 0.7065800507105289, 0.9933573832414986, 0.9235264533345224, 0.4111375954856081, -0.29515754434563535, 0.8988218434955787, 0.9686595164880015, 0.961451785368383, 0.9709892735524154, 0.9613266699202451, 0.977909279871018, 0.9623335302367545, 0.9343217837342213, 0.9779572156430434, 0.9692029579478926, 0.9461668979375737], [0.9645949325685695, 0.9599477468966919, 0.9959303505165881, 0.9764754651927399, 1.0, 0.9582802742872487, -0.9574324481068545, 0.9547153621833806, 0.9714875559108439, 0.9849704093855078, 0.9857241502314631, 0.9817242658315986, 0.9861751294662944, 0.9825251847799464, 0.9853549701476174, 0.9557696967164497, 0.9757411076249742, 0.9544577683209133, 0.8072168473057411, 0.5895799886961562, 0.9895536907753403, 0.908878217794495, 0.24517355390274564, -0.22020593489617366, 0.8863491659520277, 0.9318900627211634, 0.9772192963566372, 0.9095290402363421, 0.898361269016591, 0.9584881852012637, 0.8985113166725907, 0.8801666216324712, 0.9562065563285684, 0.9621704583992744, 0.9000842454360249], [0.9816687885417146, 0.9771649412054474, 0.9788832023862644, 0.9738763216912296, 0.9582802742872487, 1.0, -0.9809900965133346, 0.9807698915811534, 0.980038522115361, 0.9689176690929424, 0.9692512233388005, 0.9719014817707767, 0.9772197283065848, 0.9752135701534581, 0.9690662570143792, 0.9999050627389932, 0.9861649691280129, 0.9818454276416201, 0.8624641665311488, 0.7039557634874196, 0.9673198364075062, 0.8928465321686109, 0.3027367410057354, -0.21622227332438432, 0.9363285497632393, 0.9546388532963153, 0.9598315222176834, 0.9576931506763912, 0.9281233994430043, 0.952270799092981, 0.9518472723409754, 0.9548939028881798, 0.9571026143567347, 0.9765793435432787, 0.9554139834264974], [-0.9438235878588692, -0.9391647452729918, -0.975987924169258, -0.9387678266934764, -0.9574324481068545, -0.9809900965133346, 1.0, -0.9522946211788131, -0.9836504950948147, -0.9487762696613327, -0.9499686788478414, -0.945327601157796, -0.9744211844710892, -0.9760668576128214, -0.9496096427006775, -0.9840762666355698, -0.9650397764766847, -0.9552520232778288, -0.7760482750163239, -0.6021316844116976, -0.9437539207535305, -0.8837200423563634, -0.16081220713534247, 0.15105857264676245, -0.9044891719354095, -0.913946691931842, -0.9578115836467482, -0.8997463161466617, -0.8595001124796021, -0.9256343887129588, -0.8912579120058343, -0.9094785606592781, -0.9262726855388559, -0.963991756766618, -0.9098046035166282], [0.9900662165767397, 0.9810916236943535, 0.9701619619739441, 0.9843043858466952, 0.9547153621833806, 0.9807698915811534, -0.9522946211788131, 1.0, 0.9825925639506872, 0.980096005431114, 0.9800384831271884, 0.9832446578609152, 0.9762153064418835, 0.9752630366435843, 0.9800584090249218, 0.982674426677862, 0.9877371890018523, 0.999871535791584, 0.9237537892408304, 0.671181952828865, 0.9737856721107924, 0.8962446070966913, 0.2924627545018329, -0.3119023373003882, 0.9055078025116722, 0.9528848897855339, 0.9381680161397081, 0.9777854480606727, 0.9528199410409082, 0.968632494792985, 0.962858072684004, 0.93577994218293, 0.9594841171600166, 0.9577246362434298, 0.965365658131593], [0.9705411262562322, 0.9636866726390468, 0.9840195967328577, 0.9680137356647323, 0.9714875559108439, 0.980038522115361, -0.9836504950948147, 0.9825925639506872, 1.0, 0.9636344325970091, 0.9642868071055843, 0.966124210565064, 0.9733909561559854, 0.9705306364761802, 0.9640448878873297, 0.9791297866901737, 0.9706318050163195, 0.9819133593845054, 0.8510644226364703, 0.5955243597428739, 0.9678735466942011, 0.9074490715903903, 0.1499466890445105, -0.23110256068851298, 0.8866552591558348, 0.9319554815713518, 0.9605216120909482, 0.9335665564358946, 0.8959184617063335, 0.9568275480901376, 0.9166448056717574, 0.9031502272556401, 0.9457307778816514, 0.9695822979745413, 0.9231636105575262], [0.9971818190515651, 0.995259830764011, 0.988895264389604, 0.9999714073203593, 0.9849704093855078, 0.9689176690929424, -0.9487762696613327, 0.980096005431114, 0.9636344325970091, 1.0, 0.9999876795981988, 0.99998268101241, 0.9913346047057973, 0.9892951757627876, 0.9999482923657772, 0.969365529235116, 0.9956306021456973, 0.9810772670115645, 0.9312712374464993, 0.6275311520648896, 0.9967080387612385, 0.9017895926457479, -0.026089328312773146, 0.42937891538971645, 0.9150563591799622, 0.9518424764688286, 0.9666232325969772, 0.9620520299398313, 0.9434752814400977, 0.9659337048874564, 0.9419528881967476, 0.9200998250097668, 0.9654329870160412, 0.9802305884732471, 0.9430985970371758], [0.9971674364547582, 0.9951039902684535, 0.9896016907167275, 0.9999894857685263, 0.9857241502314631, 0.9692512233388005, -0.9499686788478414, 0.9800384831271884, 0.9642868071055843, 0.9999876795981988, 1.0, 0.9999718851970434, 0.9915172360420188, 0.9894741903671501, 0.9999525339438123, 0.9696702006622624, 0.9956754065997385, 0.9809893008515655, 0.9304564758558221, 0.6237621527994351, 0.9969988867759804, 0.9010517584339314, -0.04095435484158067, 0.4249007159283307, 0.9143037891759414, 0.9516601800742347, 0.9675011065036611, 0.96154517263825, 0.9421892318672217, 0.9660387367812222, 0.940918690383299, 0.9188036814551982, 0.9656185686678218, 0.9807457833451567, 0.9423878877269332], [0.9976549921826294, 0.9943585877789036, 0.9861222010100094, 0.999957471063129, 0.9817242658315986, 0.9719014817707767, -0.945327601157796, 0.9832446578609152, 0.966124210565064, 0.99998268101241, 0.9999718851970434, 1.0, 0.9913107578132822, 0.9892332260038721, 0.9999619326277731, 0.9722689937202068, 0.9958189035150184, 0.9837746533468619, 0.9222852428466055, 0.6741428211624882, 0.9958975789803467, 0.9178677929391695, 0.17245648487843793, -0.1962767971742028, 0.9224009243043508, 0.9609315038737342, 0.9564629004080267, 0.9653506500809476, 0.9521215121107297, 0.9725386362477083, 0.9528915519571791, 0.9328421789165792, 0.9726472782222367, 0.9675580469977608, 0.951884058286158], [0.993350444543096, 0.9924224667232576, 0.9970237086956637, 0.9914916368545933, 0.9861751294662944, 0.9772197283065848, -0.9744211844710892, 0.9762153064418835, 0.9733909561559854, 0.9913346047057973, 0.9915172360420188, 0.9913107578132822, 1.0, 0.9996883232791288, 0.9914785669305575, 0.9779445784274235, 0.9936704124202548, 0.9775423069732795, 0.9130212642989417, 0.5654373293717172, 0.9862046938330304, 0.8935882645220437, -0.3247022568210033, 0.4509577447050176, 0.9048807138419963, 0.9493007486418542, 0.9779040410316767, 0.9448591653345937, 0.9052156445999117, 0.9470145068152338, 0.9152849103294015, 0.8898186529419008, 0.9638048857063309, 0.9798703948130888, 0.9349336019233367], [0.9940451614726964, 0.9917081205859808, 0.9968284538521758, 0.9894850557326631, 0.9825251847799464, 0.9752135701534581, -0.9760668576128214, 0.9752630366435843, 0.9705306364761802, 0.9892951757627876, 0.9894741903671501, 0.9892332260038721, 0.9996883232791288, 1.0, 0.9895580295597874, 0.975987857133889, 0.9942005826268483, 0.9768428479062404, 0.9205607528022903, 0.44450007916816153, 0.981023968311211, 0.882693684193719, -0.712680402114591, 0.42825136008360537, 0.8774889563124058, 0.9457538268610892, 0.9772650746094588, 0.9374048881150889, 0.8878568554203013, 0.938026560235919, 0.9125041490996788, 0.8683395436830578, 0.9659453032384278, 0.9781507293967356, 0.9272073599366295], [0.9971772536467792, 0.9950559320977799, 0.989382650779013, 0.999943057159269, 0.9853549701476174, 0.9690662570143792, -0.9496096427006775, 0.9800584090249218, 0.9640448878873297, 0.9999482923657772, 0.9999525339438123, 0.9999619326277731, 0.9914785669305575, 0.9895580295597874, 1.0, 0.969513279296379, 0.9956607043276824, 0.9810406851549163, 0.9312237647476399, 0.6237082155870862, 0.9968284374652876, 0.9013260326186406, -0.03915764515784088, 0.42427492421953483, 0.9139264803721261, 0.9504508824864957, 0.966869785579904, 0.9618755725866123, 0.9428020501716532, 0.9660550066413713, 0.9415757384062866, 0.919291145109712, 0.965524854795285, 0.9806254976048058, 0.9426865953905981], [0.9840992194388077, 0.9781638231858274, 0.9774307385839698, 0.9736503055802235, 0.9557696967164497, 0.9999050627389932, -0.9840762666355698, 0.982674426677862, 0.9791297866901737, 0.969365529235116, 0.9696702006622624, 0.9722689937202068, 0.9779445784274235, 0.975987857133889, 0.969513279296379, 1.0, 0.9865637724309053, 0.9819858175696072, 0.8862247167075064, 0.7029217687365289, 0.9657792072136868, 0.8884180250066033, 0.1710039589050329, -0.1950521121844546, 0.9447297008027026, 0.9551734221374273, 0.956633654223855, 0.9610912841183277, 0.9251096021755594, 0.9489196227757024, 0.9527848761086533, 0.9542504112253108, 0.959619577725756, 0.9761139905382917, 0.9601722323568704], [0.9996732768637788, 0.9966993238446471, 0.9878397301819178, 0.9960333374178907, 0.9757411076249742, 0.9861649691280129, -0.9650397764766847, 0.9877371890018523, 0.9706318050163195, 0.9956306021456973, 0.9956754065997385, 0.9958189035150184, 0.9936704124202548, 0.9942005826268483, 0.9956607043276824, 0.9865637724309053, 1.0, 0.9885850725952522, 0.9369285683749863, 0.666827918750514, 0.9888744088207848, 0.8981104241189064, 0.012694105366585377, 0.4442888606228769, 0.9338900325938991, 0.9578409234045554, 0.9650226411872721, 0.9747533806376267, 0.9475459068499306, 0.9645259729358348, 0.9567122917887974, 0.9429118100546477, 0.9714952702218767, 0.9848049364254536, 0.9642036195058206], [0.9900852293677881, 0.9838059131775495, 0.9699974468310006, 0.9841296845411315, 0.9544577683209133, 0.9818454276416201, -0.9552520232778288, 0.999871535791584, 0.9819133593845054, 0.9810772670115645, 0.9809893008515655, 0.9837746533468619, 0.9775423069732795, 0.9768428479062404, 0.9810406851549163, 0.9819858175696072, 0.9885850725952522, 1.0, 0.9300935903090137, 0.6696429344512407, 0.9727493826235898, 0.9011748909915275, 0.2585464410217439, -0.2934398577070996, 0.9108899967729729, 0.9509949809586785, 0.9382359045595527, 0.9782643509222353, 0.9522278716321723, 0.967112465884913, 0.9613572573560021, 0.9356303270072791, 0.9588255824375866, 0.9556599389510431, 0.9665492758461866], [0.9204315559005135, 0.9095606555908515, 0.8281637416428834, 0.906335315207778, 0.8072168473057411, 0.8624641665311488, -0.7760482750163239, 0.9237537892408304, 0.8510644226364703, 0.9312712374464993, 0.9304564758558221, 0.9222852428466055, 0.9130212642989417, 0.9205607528022903, 0.9312237647476399, 0.8862247167075064, 0.9369285683749863, 0.9300935903090137, 1.0, 0.8399922624495141, 0.8578481403363982, 0.8730009505979599, 0.6848027757970874, -0.5326203373784991, 0.6984212864808086, 0.9124442221634237, 0.8009661645496271, 0.9573813223022051, 0.9350753378084751, 0.9010718111741751, 0.9437503367734075, 0.8938730163425933, 0.8980063243035191, 0.8451242486648617, 0.878900048824778], [0.7368017097689497, 0.7493105039789048, 0.6255880531020037, 0.7065800507105289, 0.5895799886961562, 0.7039557634874196, -0.6021316844116976, 0.671181952828865, 0.5955243597428739, 0.6275311520648896, 0.6237621527994351, 0.6741428211624882, 0.5654373293717172, 0.44450007916816153, 0.6237082155870862, 0.7029217687365289, 0.666827918750514, 0.6696429344512407, 0.8399922624495141, 1.0, 0.6298722448566628, 0.7438672728391996, 0.7306525697873181, -0.11638552132752764, 0.5375363631421166, 0.7425063957929933, 0.6344254505297386, 0.7901625895411132, 0.7252142104361927, 0.6632870174338017, 0.7618415462989883, 0.7658132952402084, 0.6956171383842163, 0.6589733892964029, 0.700544013123501], [0.9853362424059252, 0.9670914226755715, 0.9903902333970742, 0.9933573832414986, 0.9895536907753403, 0.9673198364075062, -0.9437539207535305, 0.9737856721107924, 0.9678735466942011, 0.9967080387612385, 0.9969988867759804, 0.9958975789803467, 0.9862046938330304, 0.981023968311211, 0.9968284374652876, 0.9657792072136868, 0.9888744088207848, 0.9727493826235898, 0.8578481403363982, 0.6298722448566628, 1.0, 0.8949622481245304, 0.3373447819775574, -0.2889220149132472, 0.8852045143144903, 0.9531278570834267, 0.9704646289770235, 0.9398397553436888, 0.944218984925958, 0.9695370178267455, 0.9402976324760925, 0.9100882863648648, 0.9682530915456706, 0.9543794306779316, 0.9276570666531272], [0.922190752891183, 0.9016245751970985, 0.9132761043195262, 0.9235264533345224, 0.908878217794495, 0.8928465321686109, -0.8837200423563634, 0.8962446070966913, 0.9074490715903903, 0.9017895926457479, 0.9010517584339314, 0.9178677929391695, 0.8935882645220437, 0.882693684193719, 0.9013260326186406, 0.8884180250066033, 0.8981104241189064, 0.9011748909915275, 0.8730009505979599, 0.7438672728391996, 0.8949622481245304, 1.0, 0.3849526083045932, -0.18900357863633496, 0.700570361547507, 0.9179126316310701, 0.8856668381125634, 0.8971266391873933, 0.8464376454116053, 0.9225708137239188, 0.8667279094135057, 0.840934040075448, 0.9204957939564626, 0.8638857506413393, 0.8475803855735643], [0.43517000274160983, 0.4351264708237586, 0.26963684372094415, 0.4111375954856081, 0.24517355390274564, 0.3027367410057354, -0.16081220713534247, 0.2924627545018329, 0.1499466890445105, -0.026089328312773146, -0.04095435484158067, 0.17245648487843793, -0.3247022568210033, -0.712680402114591, -0.03915764515784088, 0.1710039589050329, 0.012694105366585377, 0.2585464410217439, 0.6848027757970874, 0.7306525697873181, 0.3373447819775574, 0.3849526083045932, 1.0, -0.39374817061166034, 0.2911998624432814, 0.40858432337581124, 0.2188408493761083, 0.5129276096911578, 0.5109981317069191, 0.37163609963915517, 0.530239212510312, 0.44135815715708954, 0.38993178227235953, 0.30969618012070954, 0.4167758076247889], [-0.3038638010777811, -0.22866911075472066, -0.2272450170785568, -0.29515754434563535, -0.22020593489617366, -0.21622227332438432, 0.15105857264676245, -0.3119023373003882, -0.23110256068851298, 0.42937891538971645, 0.4249007159283307, -0.1962767971742028, 0.4509577447050176, 0.42825136008360537, 0.42427492421953483, -0.1950521121844546, 0.4442888606228769, -0.2934398577070996, -0.5326203373784991, -0.11638552132752764, -0.2889220149132472, -0.18900357863633496, -0.39374817061166034, 1.0, -0.14862599416874575, -0.32967899315159305, -0.1765575058206404, -0.38996992070680087, -0.37989795287825545, -0.326854045350216, -0.34616754685685175, -0.20334644123526974, -0.3508137116454887, -0.1788754358921843, -0.31662781489991604], [0.9011239463877448, 0.8754419855798029, 0.9056089661411111, 0.8988218434955787, 0.8863491659520277, 0.9363285497632393, -0.9044891719354095, 0.9055078025116722, 0.8866552591558348, 0.9150563591799622, 0.9143037891759414, 0.9224009243043508, 0.9048807138419963, 0.8774889563124058, 0.9139264803721261, 0.9447297008027026, 0.9338900325938991, 0.9108899967729729, 0.6984212864808086, 0.5375363631421166, 0.8852045143144903, 0.700570361547507, 0.2911998624432814, -0.14862599416874575, 1.0, 0.8329637963504153, 0.8851214471781879, 0.8105282966844418, 0.8587902791223108, 0.8274814941240133, 0.8662859475773004, 0.8601735330601785, 0.8568054826490541, 0.8670632728255033, 0.8943520906100614], [0.9724859097102793, 0.9604577628429943, 0.9445232410899443, 0.9686595164880015, 0.9318900627211634, 0.9546388532963153, -0.913946691931842, 0.9528848897855339, 0.9319554815713518, 0.9518424764688286, 0.9516601800742347, 0.9609315038737342, 0.9493007486418542, 0.9457538268610892, 0.9504508824864957, 0.9551734221374273, 0.9578409234045554, 0.9509949809586785, 0.9124442221634237, 0.7425063957929933, 0.9531278570834267, 0.9179126316310701, 0.40858432337581124, -0.32967899315159305, 0.8329637963504153, 1.0, 0.9333172186851916, 0.957721902425111, 0.9337385582889891, 0.9442740248573485, 0.9416566714627322, 0.9137193688392815, 0.9623029553325516, 0.9245811574687444, 0.9201398527313714], [0.9551850324577021, 0.9545874164274485, 0.9797412505414513, 0.961451785368383, 0.9772192963566372, 0.9598315222176834, -0.9578115836467482, 0.9381680161397081, 0.9605216120909482, 0.9666232325969772, 0.9675011065036611, 0.9564629004080267, 0.9779040410316767, 0.9772650746094588, 0.966869785579904, 0.956633654223855, 0.9650226411872721, 0.9382359045595527, 0.8009661645496271, 0.6344254505297386, 0.9704646289770235, 0.8856668381125634, 0.2188408493761083, -0.1765575058206404, 0.8851214471781879, 0.9333172186851916, 1.0, 0.9036848433461757, 0.8823256540156577, 0.9377907794089223, 0.8843322664166554, 0.8839845187172319, 0.9442610054976266, 0.9707182102890916, 0.8842458618972148], [0.9801790882034928, 0.958268891828299, 0.930090817215041, 0.9709892735524154, 0.9095290402363421, 0.9576931506763912, -0.8997463161466617, 0.9777854480606727, 0.9335665564358946, 0.9620520299398313, 0.96154517263825, 0.9653506500809476, 0.9448591653345937, 0.9374048881150889, 0.9618755725866123, 0.9610912841183277, 0.9747533806376267, 0.9782643509222353, 0.9573813223022051, 0.7901625895411132, 0.9398397553436888, 0.8971266391873933, 0.5129276096911578, -0.38996992070680087, 0.8105282966844418, 0.957721902425111, 0.9036848433461757, 1.0, 0.9855803893146798, 0.9651051578083883, 0.9897316034778324, 0.9517104684161021, 0.9585451276444029, 0.9109788583801929, 0.9663132505282302], [0.9642716011625967, 0.9503359351432089, 0.9123406742485853, 0.9613266699202451, 0.898361269016591, 0.9281233994430043, -0.8595001124796021, 0.9528199410409082, 0.8959184617063335, 0.9434752814400977, 0.9421892318672217, 0.9521215121107297, 0.9052156445999117, 0.8878568554203013, 0.9428020501716532, 0.9251096021755594, 0.9475459068499306, 0.9522278716321723, 0.9350753378084751, 0.7252142104361927, 0.944218984925958, 0.8464376454116053, 0.5109981317069191, -0.37989795287825545, 0.8587902791223108, 0.9337385582889891, 0.8823256540156577, 0.9855803893146798, 1.0, 0.9497814461079871, 0.9829881672478314, 0.9548171089509091, 0.9349548628834454, 0.9175291995310381, 0.9616290053926809], [0.9757293806428436, 0.9654858888992459, 0.9645977254568786, 0.977909279871018, 0.9584881852012637, 0.952270799092981, -0.9256343887129588, 0.968632494792985, 0.9568275480901376, 0.9659337048874564, 0.9660387367812222, 0.9725386362477083, 0.9470145068152338, 0.938026560235919, 0.9660550066413713, 0.9489196227757024, 0.9645259729358348, 0.967112465884913, 0.9010718111741751, 0.6632870174338017, 0.9695370178267455, 0.9225708137239188, 0.37163609963915517, -0.326854045350216, 0.8274814941240133, 0.9442740248573485, 0.9377907794089223, 0.9651051578083883, 0.9497814461079871, 1.0, 0.9529849626037064, 0.9167433315082973, 0.9756561940761661, 0.9565588742806814, 0.9429985294371391], [0.972177114362912, 0.9564959924783026, 0.9202933574291753, 0.9623335302367545, 0.8985113166725907, 0.9518472723409754, -0.8912579120058343, 0.962858072684004, 0.9166448056717574, 0.9419528881967476, 0.940918690383299, 0.9528915519571791, 0.9152849103294015, 0.9125041490996788, 0.9415757384062866, 0.9527848761086533, 0.9567122917887974, 0.9613572573560021, 0.9437503367734075, 0.7618415462989883, 0.9402976324760925, 0.8667279094135057, 0.530239212510312, -0.34616754685685175, 0.8662859475773004, 0.9416566714627322, 0.8843322664166554, 0.9897316034778324, 0.9829881672478314, 0.9529849626037064, 1.0, 0.9733017361249736, 0.9428665946726384, 0.9355881309805457, 0.9618375013205772], [0.9455737840988958, 0.9434936042583172, 0.9065712963263616, 0.9343217837342213, 0.8801666216324712, 0.9548939028881798, -0.9094785606592781, 0.93577994218293, 0.9031502272556401, 0.9200998250097668, 0.9188036814551982, 0.9328421789165792, 0.8898186529419008, 0.8683395436830578, 0.919291145109712, 0.9542504112253108, 0.9429118100546477, 0.9356303270072791, 0.8938730163425933, 0.7658132952402084, 0.9100882863648648, 0.840934040075448, 0.44135815715708954, -0.20334644123526974, 0.8601735330601785, 0.9137193688392815, 0.8839845187172319, 0.9517104684161021, 0.9548171089509091, 0.9167433315082973, 0.9733017361249736, 1.0, 0.9055396161356685, 0.9315042037949027, 0.9526049146524327], [0.9800196491084456, 0.9689349034936766, 0.9667170436536292, 0.9779572156430434, 0.9562065563285684, 0.9571026143567347, -0.9262726855388559, 0.9594841171600166, 0.9457307778816514, 0.9654329870160412, 0.9656185686678218, 0.9726472782222367, 0.9638048857063309, 0.9659453032384278, 0.965524854795285, 0.959619577725756, 0.9714952702218767, 0.9588255824375866, 0.8980063243035191, 0.6956171383842163, 0.9682530915456706, 0.9204957939564626, 0.38993178227235953, -0.3508137116454887, 0.8568054826490541, 0.9623029553325516, 0.9442610054976266, 0.9585451276444029, 0.9349548628834454, 0.9756561940761661, 0.9428665946726384, 0.9055396161356685, 1.0, 0.9532651322207365, 0.9404050077604644], [0.970647824352467, 0.9607234981811266, 0.9740469419694974, 0.9692029579478926, 0.9621704583992744, 0.9765793435432787, -0.963991756766618, 0.9577246362434298, 0.9695822979745413, 0.9802305884732471, 0.9807457833451567, 0.9675580469977608, 0.9798703948130888, 0.9781507293967356, 0.9806254976048058, 0.9761139905382917, 0.9848049364254536, 0.9556599389510431, 0.8451242486648617, 0.6589733892964029, 0.9543794306779316, 0.8638857506413393, 0.30969618012070954, -0.1788754358921843, 0.8670632728255033, 0.9245811574687444, 0.9707182102890916, 0.9109788583801929, 0.9175291995310381, 0.9565588742806814, 0.9355881309805457, 0.9315042037949027, 0.9532651322207365, 1.0, 0.9169901453367257], [0.9546367344994815, 0.9484259455277767, 0.9238021161086853, 0.9461668979375737, 0.9000842454360249, 0.9554139834264974, -0.9098046035166282, 0.965365658131593, 0.9231636105575262, 0.9430985970371758, 0.9423878877269332, 0.951884058286158, 0.9349336019233367, 0.9272073599366295, 0.9426865953905981, 0.9601722323568704, 0.9642036195058206, 0.9665492758461866, 0.878900048824778, 0.700544013123501, 0.9276570666531272, 0.8475803855735643, 0.4167758076247889, -0.31662781489991604, 0.8943520906100614, 0.9201398527313714, 0.8842458618972148, 0.9663132505282302, 0.9616290053926809, 0.9429985294371391, 0.9618375013205772, 0.9526049146524327, 0.9404050077604644, 0.9169901453367257, 1.0]], "x": ["^TAIEX       \u81fa\u7063\u52a0\u6b0a\u5831\u916c\u6307\u6578", "^TWII        \u81fa\u7063\u52a0\u6b0a\u6307\u6578", "^TAIEXx2     \u81fa\u7063\u52a0\u6b0a\u5831\u916c\u6307\u6578_\u65e5\u6b632", "^TAI50I      \u81fa\u706350\u5831\u916c\u6307\u6578", "^TAI50Ix2    \u81fa\u706350\u5831\u916c\u6307\u6578_\u65e5\u6b632", "^TAI100I     \u81fa\u7063\u4e2d\u578b100\u5831\u916c\u6307\u6578", "^TAI100Ix2   \u81fa\u7063\u4e2d\u578b100\u5831\u916c\u6307\u6578_\u65e5\u6b632", "^TAIDIVIDI   \u81fa\u7063\u9ad8\u80a1\u606f\u5831\u916c\u6307\u6578", "^TAIDIVIDIx2 \u81fa\u7063\u9ad8\u80a1\u606f\u5831\u916c\u6307\u6578_\u65e5\u6b632", "0050Fund     \u5143\u5927\u53f0\u7063\u5353\u8d8a50\u57fa\u91d1", "006208Fund   \u5bcc\u90a6\u53f0\u7063\u91c6\u540950\u57fa\u91d1", "0050         \u5143\u5927\u81fa\u706350", "00631L       \u5143\u5927\u53f0\u706350\u6b632", "00675L       \u5bcc\u90a6\u81fa\u7063\u52a0\u6b0a\u6b632", "006208       \u5bcc\u90a6\u53f050", "0051         \u5143\u5927\u4e2d\u578b100", "006204       \u6c38\u8c50\u81fa\u7063\u52a0\u6b0a", "0056         \u5143\u5927\u9ad8\u80a1\u606f", "2412         \u4e2d\u83ef\u96fb\u4fe1", "2002         \u4e2d\u92fc", "2330         \u53f0\u7a4d\u96fb", "2317         \u9d3b\u6d77", "6505         \u53f0\u5851\u77f3\u5316", "3481         \u7fa4\u5275", "2303         \u806f\u96fb", "2308         \u53f0\u9054\u96fb", "2454         \u806f\u767c\u79d1", "2886         \u5146\u8c50\u91d1", "2884         \u7389\u5c71\u91d1", "2891         \u4e2d\u4fe1\u91d1", "2892         \u7b2c\u4e00\u91d1", "5880         \u5408\u5eab\u91d1", "2881         \u5bcc\u90a6\u91d1", "2885         \u5143\u5927\u91d1", "2887         \u53f0\u65b0\u91d1"], "y": ["^TAIEX       \u81fa\u7063\u52a0\u6b0a\u5831\u916c\u6307\u6578", "^TWII        \u81fa\u7063\u52a0\u6b0a\u6307\u6578", "^TAIEXx2     \u81fa\u7063\u52a0\u6b0a\u5831\u916c\u6307\u6578_\u65e5\u6b632", "^TAI50I      \u81fa\u706350\u5831\u916c\u6307\u6578", "^TAI50Ix2    \u81fa\u706350\u5831\u916c\u6307\u6578_\u65e5\u6b632", "^TAI100I     \u81fa\u7063\u4e2d\u578b100\u5831\u916c\u6307\u6578", "^TAI100Ix2   \u81fa\u7063\u4e2d\u578b100\u5831\u916c\u6307\u6578_\u65e5\u6b632", "^TAIDIVIDI   \u81fa\u7063\u9ad8\u80a1\u606f\u5831\u916c\u6307\u6578", "^TAIDIVIDIx2 \u81fa\u7063\u9ad8\u80a1\u606f\u5831\u916c\u6307\u6578_\u65e5\u6b632", "0050Fund     \u5143\u5927\u53f0\u7063\u5353\u8d8a50\u57fa\u91d1", "006208Fund   \u5bcc\u90a6\u53f0\u7063\u91c6\u540950\u57fa\u91d1", "0050         \u5143\u5927\u81fa\u706350", "00631L       \u5143\u5927\u53f0\u706350\u6b632", "00675L       \u5bcc\u90a6\u81fa\u7063\u52a0\u6b0a\u6b632", "006208       \u5bcc\u90a6\u53f050", "0051         \u5143\u5927\u4e2d\u578b100", "006204       \u6c38\u8c50\u81fa\u7063\u52a0\u6b0a", "0056         \u5143\u5927\u9ad8\u80a1\u606f", "2412         \u4e2d\u83ef\u96fb\u4fe1", "2002         \u4e2d\u92fc", "2330         \u53f0\u7a4d\u96fb", "2317         \u9d3b\u6d77", "6505         \u53f0\u5851\u77f3\u5316", "3481         \u7fa4\u5275", "2303         \u806f\u96fb", "2308         \u53f0\u9054\u96fb", "2454         \u806f\u767c\u79d1", "2886         \u5146\u8c50\u91d1", "2884         \u7389\u5c71\u91d1", "2891         \u4e2d\u4fe1\u91d1", "2892         \u7b2c\u4e00\u91d1", "5880         \u5408\u5eab\u91d1", "2881         \u5bcc\u90a6\u91d1", "2885         \u5143\u5927\u91d1", "2887         \u53f0\u65b0\u91d1"], "zmin": -1, "zmax": 1, "colorbar": {"x": -0.2}}], "layout": {"autotypenumbers": "strict", "colorway": ["#636efa", "#EF553B", "#00cc96", "#ab63fa", "#FFA15A", "#19d3f3", "#FF6692", "#B6E880", "#FF97FF", "#FECB52"], "font": {"color": "#f2f5fa", "family": "Courier New"}, "hovermode": "closest", "hoverlabel": {"align": "left"}, "paper_bgcolor": "rgb(17,17,17)", "plot_bgcolor": "rgb(17,17,17)", "polar": {"bgcolor": "rgb(17,17,17)", "angularaxis": {"gridcolor": "#506784", "linecolor": "#506784", "ticks": ""}, "radialaxis": {"gridcolor": "#506784", "linecolor": "#506784", "ticks": ""}}, "ternary": {"bgcolor": "rgb(17,17,17)", "aaxis": {"gridcolor": "#506784", "linecolor": "#506784", "ticks": ""}, "baxis": {"gridcolor": "#506784", "linecolor": "#506784", "ticks": ""}, "caxis": {"gridcolor": "#506784", "linecolor": "#506784", "ticks": ""}}, "coloraxis": {"colorbar": {"outlinewidth": 0, "ticks": ""}}, "colorscale": {"sequential": [[0.0, "#0d0887"], [0.1111111111111111, "#46039f"], [0.2222222222222222, "#7201a8"], [0.3333333333333333, "#9c179e"], [0.4444444444444444, "#bd3786"], [0.5555555555555556, "#d8576b"], [0.6666666666666666, "#ed7953"], [0.7777777777777778, "#fb9f3a"], [0.8888888888888888, "#fdca26"], [1.0, "#f0f921"]], "sequentialminus": [[0.0, "#0d0887"], [0.1111111111111111, "#46039f"], [0.2222222222222222, "#7201a8"], [0.3333333333333333, "#9c179e"], [0.4444444444444444, "#bd3786"], [0.5555555555555556, "#d8576b"], [0.6666666666666666, "#ed7953"], [0.7777777777777778, "#fb9f3a"], [0.8888888888888888, "#fdca26"], [1.0, "#f0f921"]], "diverging": [[0, "#8e0152"], [0.1, "#c51b7d"], [0.2, "#de77ae"], [0.3, "#f1b6da"], [0.4, "#fde0ef"], [0.5, "#f7f7f7"], [0.6, "#e6f5d0"], [0.7, "#b8e186"], [0.8, "#7fbc41"], [0.9, "#4d9221"], [1, "#276419"]]}, "xaxis": {"gridcolor": "rgba(0, 0, 0, 0)", "linecolor": "#506784", "ticks": "", "title": {"standoff": 15}, "zerolinecolor": "#283442", "automargin": true, "zerolinewidth": 2, "tickfont": {"family": "Courier New", "size": 14}, "side": "top", "tickangle": -90}, "yaxis": {"gridcolor": "rgba(0, 0, 0, 0)", "linecolor": "#506784", "ticks": "", "title": {"standoff": 15}, "zerolinecolor": "#283442", "automargin": true, "zerolinewidth": 2, "tickfont": {"family": "Courier New"}, "side": "right"}, "scene": {"xaxis": {"backgroundcolor": "rgb(17,17,17)", "gridcolor": "#506784", "linecolor": "#506784", "showbackground": true, "ticks": "", "zerolinecolor": "#C8D4E3", "gridwidth": 2}, "yaxis": {"backgroundcolor": "rgb(17,17,17)", "gridcolor": "#506784", "linecolor": "#506784", "showbackground": true, "ticks": "", "zerolinecolor": "#C8D4E3", "gridwidth": 2}, "zaxis": {"backgroundcolor": "rgb(17,17,17)", "gridcolor": "#506784", "linecolor": "#506784", "showbackground": true, "ticks": "", "zerolinecolor": "#C8D4E3", "gridwidth": 2}}, "shapedefaults": {"line": {"color": "#f2f5fa"}}, "annotationdefaults": {"arrowcolor": "#f2f5fa", "arrowhead": 0, "arrowwidth": 1}, "geo": {"bgcolor": "rgb(17,17,17)", "landcolor": "rgb(17,17,17)", "subunitcolor": "#506784", "showland": true, "showlakes": true, "lakecolor": "rgb(17,17,17)"}, "title": {"x": 0.05, "font": {"family": "Times New Roman"}, "y": 0.05, "text": "<b>Correlation of Adj Close<b><br><i>2016-09-23 ~ 2025-08-11<i>"}, "updatemenudefaults": {"bgcolor": "#506784", "borderwidth": 0}, "sliderdefaults": {"bgcolor": "#C8D4E3", "borderwidth": 1, "bordercolor": "rgb(17,17,17)", "tickwidth": 0}, "mapbox": {"style": "dark"}, "annotations": [{"text": "<b>@zwindr<b>", "textangle": 0, "opacity": 0.5, "font": {"color": "white", "size": 12}, "xref": "paper", "yref": "paper", "xanchor": "left", "yanchor": "bottom", "x": 1.0, "y": 1.0, "showarrow": false}]}, "config": {"responsive": true, "toImageButtonOptions": {"filename": "Correlation of Adj Close_2016-09-23~2025-08-11", "scale": 5}}};

    Plotly.newPlot("correlationAdjClose",
        correlationAdjClose.data,
        correlationAdjClose.layout || {},
        correlationAdjClose.config);
} else {
    // The element with the specified ID does not exist
    console.log("style display is none => correlationAdjClose");
}