var element=document.getElementById("correlationAdjClose");if(element.style.display!='none'){var correlationAdjClose={"data":[{"type":"heatmap","z":[[1.0,0.9947441388968682,0.9758473960444507,0.9972051312578369,0.9581741485568573,0.9832388251152276,0.9506988399970219,0.9895767030820425,0.9739273962695175,0.997350642839652,0.996776249298827,0.9972580401190962,0.993301815145231,0.9941880034253082,0.9968326571878474,0.9849810678169877,0.9997043432688685,0.9894524243272163,0.900754673884238,0.9201241968197929,0.7057018923664333,0.9848851614479478,0.9302187796684986,0.37933350784602243,-0.300013722808033,0.898886103870023,0.9350529975418019,0.9592133265407327,0.9787840164952315,0.9655002151447092,0.9779890987063474,0.9718271336265331,0.9425366024066486,0.9819285329736873,0.9737431904042565,0.9553569079894508],[0.9947441388968682,1.0,0.9717340917530684,0.9915941595459381,0.9538192597096753,0.979215609094351,0.9464567795271902,0.9815887130279697,0.9678445641689283,0.9929061283534187,0.9948941870538226,0.9943484000348801,0.9923598056192888,0.9920814529366971,0.9949148419983461,0.9797978673229472,0.9971228844248929,0.9839307405995945,0.9224724730445114,0.9100179902708769,0.7232869541323577,0.9685169171712747,0.9125385738421383,0.37932919470928084,-0.229755813100371,0.8761208793590147,0.9278794337053137,0.9584618609628155,0.9588852559583783,0.9528604679998409,0.9687006985647411,0.9576988883522103,0.9413484196721136,0.9720303385153864,0.9647459319093009,0.9500971753513986],[0.9758473960444507,0.9717340917530684,1.0,0.9842448731383803,0.9947775129285376,0.974336862286318,0.9772630687987558,0.963751186828186,0.9809005416149044,0.9839032583763735,0.9905829999739191,0.9872484213780229,0.9969778938420949,0.9967620334524605,0.9903326311596077,0.9721016196337235,0.9860119208848791,0.9633709685195108,0.8670568856291135,0.8257347546316312,0.5817280262300272,0.9916943217765413,0.9277735400958762,0.20812935290270307,-0.223993940845576,0.8885903253362719,0.939154518018759,0.9750254066322593,0.9235045919080769,0.9110831806079855,0.9661132969689307,0.9156505032543386,0.8937410894632803,0.9646606176169222,0.9719731344811985,0.9178721243840721],[0.9972051312578369,0.9915941595459381,0.9842448731383803,1.0,0.9733387660696756,0.9748941745431079,0.9471176679608385,0.981961762279564,0.9708877518180428,0.9999683674214446,0.9999911779266429,0.9999613720454174,0.9928853557786109,0.9913064197809229,0.9999480597867378,0.9738943516204769,0.9957209942121962,0.9815448365885223,0.8855476737546633,0.9033629426191802,0.6695915092100443,0.9937915860068186,0.934243267544655,0.34828878139946046,-0.28959223153948094,0.8920448316604052,0.9429966538703249,0.9638611457938107,0.9672976825536522,0.9604509969982884,0.9800875824124206,0.9599991593207226,0.927998381312046,0.979037765074758,0.97179516699842,0.9448230990669748],[0.9581741485568573,0.9538192597096753,0.9947775129285376,0.9733387660696756,1.0,0.9481987353271986,0.9564402143722303,0.9405385850118677,0.9624888561856346,0.9733784453036853,0.9826346576092101,0.978767051243618,0.9837771497661356,0.9806107448618415,0.9822078614175409,0.9445218439062367,0.9686162724234791,0.9398650832515123,0.8370101486264995,0.7970893635203996,0.5347612387829757,0.9876114205224013,0.9228137770545232,0.174444261612365,-0.21388829874976226,0.8577911918605974,0.94224270854556,0.9639876705272351,0.895102508141435,0.8897351300935454,0.9549460256937858,0.8867967825352446,0.8582846530343099,0.9476879598574882,0.9540678080622547,0.8871597065840415],[0.9832388251152276,0.979215609094351,0.974336862286318,0.9748941745431079,0.9481987353271986,1.0,0.9829695403795721,0.9823856068999097,0.9819904908645593,0.9742972019226099,0.96925631659208,0.9725273149842749,0.9743791001625122,0.9719195113343725,0.9691838760022388,0.9999008652914341,0.9867804660222051,0.9833337109057138,0.9025473593871443,0.8698300716987055,0.6746612739428044,0.9670308625227492,0.9011551250934131,0.2532932053515081,-0.21921211246523725,0.9330986291286868,0.9087190280187114,0.9634901069014149,0.9599706179626151,0.933862204098589,0.9564286996542941,0.9548395257476016,0.9537329038574368,0.961470557551,0.9788531145686565,0.9572174305270923],[0.9506988399970219,0.9464567795271902,0.9772630687987558,0.9471176679608385,0.9564402143722303,0.9829695403795721,1.0,0.9550086306783789,0.9851420848442572,0.9457000311708801,0.9564397220344735,0.9527193037618016,0.9762846840022822,0.9771008296611448,0.9561576041668147,0.9843784182493978,0.9696149219782376,0.9575859925768281,0.8694866693323611,0.7882769436475167,0.5684694531624979,0.9511523633514313,0.9000732230691749,0.1119384877584008,-0.15706092452593123,0.8973567435426885,0.895729974581219,0.9611899705161945,0.9045971234134293,0.870670308329888,0.93516809272074,0.8974242375297793,0.906864869974778,0.934038766204141,0.9678515879636396,0.9126452035286182],[0.9895767030820425,0.9815887130279697,0.963751186828186,0.981961762279564,0.9405385850118677,0.9823856068999097,0.9550086306783789,1.0,0.9835178109574978,0.9819259279603004,0.9774380936238853,0.9808523210549892,0.9726764303810304,0.9717476561094718,0.9775669580986,0.9841794852189533,0.9875240445388257,0.9998799625315568,0.927901927946526,0.9281793846330431,0.6416273194623094,0.9699980679333449,0.8994022272141714,0.23260340321160625,-0.31054202252619445,0.9058209242147741,0.8931135903918035,0.9432561105957679,0.9791012984370551,0.9563900925047795,0.9691583415348498,0.9655217390466525,0.9372203941234646,0.9629118776378894,0.960995313589067,0.9670042984588878],[0.9739273962695175,0.9678445641689283,0.9809005416149044,0.9708877518180428,0.9624888561856346,0.9819904908645593,0.9851420848442572,0.9835178109574978,1.0,0.9701014690038529,0.9668012867063739,0.9690297836732004,0.9733786190060671,0.970359171528834,0.9666606792903106,0.9810126840296766,0.9739564041234797,0.9828634018178972,0.9034570772455863,0.8598891338045492,0.5618893058258569,0.9692667503599446,0.9154314314797752,0.09087696013917243,-0.2322181814502409,0.8845224843817052,0.892733375627532,0.9640469371503155,0.9372541729233679,0.9042032043227579,0.9611692268225162,0.922222729110445,0.9040320625555235,0.9516681798402622,0.9729341425036071,0.926659026949754],[0.997350642839652,0.9929061283534187,0.9839032583763735,0.9999683674214446,0.9733784453036853,0.9742972019226099,0.9457000311708801,0.9819259279603004,0.9701014690038529,1.0,0.9999896122554173,0.9999830281601059,0.9927649373175835,0.9911607803056811,0.9999534019813606,0.9733074776353443,0.9955919636589523,0.9816061229335494,0.8874020328758558,0.9045044162766238,0.6677540089544716,0.9939855842158452,0.9340909190163851,0.353447710376341,-0.2890064275519763,0.8929274355371686,0.9412654633471466,0.9624042581866179,0.9670360926335563,0.9596591341582533,0.9790903794172451,0.9593985400880108,0.9265700801621659,0.9782362694291747,0.9706133246935519,0.9432427549154085],[0.996776249298827,0.9948941870538226,0.9905829999739191,0.9999911779266429,0.9826346576092101,0.96925631659208,0.9564397220344735,0.9774380936238853,0.9668012867063739,0.9999896122554173,1.0,0.9999733413032965,0.9929115916534816,0.9913042190630238,0.9999562485153535,0.9691185934036128,0.9953714560630086,0.9781292693430288,0.911211073051926,0.9312715169502948,0.5586587292686361,0.9972177158871722,0.917552453330459,-0.12544560369733798,0.39890173049724625,0.8954849762402747,0.9105374904809945,0.9667973367438265,0.9583162127605847,0.9430142375987146,0.9702671697433287,0.9396163778969532,0.9070758983743653,0.968533071967311,0.9807008694708322,0.9392405875043622],[0.9972580401190962,0.9943484000348801,0.9872484213780229,0.9999613720454174,0.978767051243618,0.9725273149842749,0.9527193037618016,0.9808523210549892,0.9690297836732004,0.9999830281601059,0.9999733413032965,1.0,0.9927744446633905,0.9911370849283565,0.9999645594527051,0.9724515811552128,0.995491910092381,0.9810984895658212,0.8952126696740437,0.920904336267041,0.6190626639459155,0.9961991359739156,0.9302376485319358,0.08992597488884606,-0.19349764714725415,0.908402342347654,0.9266103266567786,0.958518545857057,0.9614394469998875,0.950999886641947,0.9754759777361642,0.9504970799725114,0.9234865119308762,0.9744480715469319,0.9702986785706132,0.9480174370644684],[0.993301815145231,0.9923598056192888,0.9969778938420949,0.9928853557786109,0.9837771497661356,0.9743791001625122,0.9762846840022822,0.9726764303810304,0.9733786190060671,0.9927649373175835,0.9929115916534816,0.9927744446633905,1.0,0.9997460090853334,0.9929121692767793,0.9743232807121155,0.9933172423424004,0.9735591052215034,0.9051358277232797,0.9180309072349973,0.489024962663934,0.9885012432963811,0.9128847795072484,-0.3959399590591621,0.4170134197812946,0.8802719689230718,0.9067053306586328,0.9724500928235433,0.9420051863962312,0.9104858577424155,0.9537908942027896,0.9166324254061363,0.8766917801322125,0.9662160289479609,0.9781938501255759,0.9318146092692957],[0.9941880034253082,0.9920814529366971,0.9967620334524605,0.9913064197809229,0.9806107448618415,0.9719195113343725,0.9771008296611448,0.9717476561094718,0.970359171528834,0.9911607803056811,0.9913042190630238,0.9911370849283565,0.9997460090853334,1.0,0.9914306203252143,0.9717850794287834,0.9940271800918775,0.9728271772454145,0.8908874960852562,0.9271475650146792,0.35400072243573555,0.9843566860130303,0.9056264911642796,-0.7490907332011405,0.38918968209960497,0.8487465846317922,0.902588454990445,0.9698274650893608,0.935640837685296,0.8976041735534472,0.9466452138593837,0.916592267919799,0.8550151958814913,0.9672921862273252,0.9762626425975583,0.9252789587574604],[0.9968326571878474,0.9949148419983461,0.9903326311596077,0.9999480597867378,0.9822078614175409,0.9691838760022388,0.9561576041668147,0.9775669580986,0.9666606792903106,0.9999534019813606,0.9999562485153535,0.9999645594527051,0.9929121692767793,0.9914306203252143,1.0,0.969079195998819,0.9954112294638396,0.978230200767715,0.9114158872115651,0.9318629768981322,0.5584651179467077,0.9970394735793963,0.9177037255194633,-0.12315518453864413,0.3987888223152888,0.8953635123210938,0.909198104784063,0.9660910150541745,0.9585270336829637,0.9432913046027663,0.9702115153393727,0.9401363047286017,0.9075276364203323,0.9684678378759586,0.9806098231406813,0.9397764798947877],[0.9849810678169877,0.9797978673229472,0.9721016196337235,0.9738943516204769,0.9445218439062367,0.9999008652914341,0.9843784182493978,0.9841794852189533,0.9810126840296766,0.9733074776353443,0.9691185934036128,0.9724515811552128,0.9743232807121155,0.9717850794287834,0.969079195998819,1.0,0.9868993261651032,0.9835074993703021,0.905421666635378,0.8935920351010979,0.6669713501175878,0.9647228769585734,0.8955262476757055,0.11083983334212015,-0.1978192239806629,0.940673715278966,0.8980923726133947,0.9604373432449141,0.9633636439310286,0.931065947601908,0.9529714098504418,0.9559602618746645,0.9529436811716685,0.963631253816539,0.9781912724328328,0.9615976256605248],[0.9997043432688685,0.9971228844248929,0.9860119208848791,0.9957209942121962,0.9686162724234791,0.9867804660222051,0.9696149219782376,0.9875240445388257,0.9739564041234797,0.9955919636589523,0.9953714560630086,0.995491910092381,0.9933172423424004,0.9940271800918775,0.9954112294638396,0.9868993261651032,1.0,0.9881752158853526,0.9276498661633653,0.9399113720497029,0.6126409569633662,0.9882878949146107,0.9099332231552107,-0.06510460190155154,0.42443342784781884,0.9223447527113298,0.9034063574503396,0.9672397084218991,0.973846267330014,0.9502523137659528,0.9684206770445766,0.957347973556862,0.9361040067962563,0.9747872984151277,0.9861704558845291,0.9629441113569263],[0.9894524243272163,0.9839307405995945,0.9633709685195108,0.9815448365885223,0.9398650832515123,0.9833337109057138,0.9575859925768281,0.9998799625315568,0.9828634018178972,0.9816061229335494,0.9781292693430288,0.9810984895658212,0.9735591052215034,0.9728271772454145,0.978230200767715,0.9835074993703021,0.9881752158853526,1.0,0.9308289298080776,0.9343939560892894,0.6391172720050046,0.9686305420546648,0.9033184719919305,0.19691894159099887,-0.292006627122081,0.9108050965622941,0.8883559260541875,0.9432242786601767,0.9795766422620644,0.9557795415110361,0.9676339591293918,0.9641656352160093,0.9369775289472537,0.9621921696395201,0.9590520349777367,0.968169350020226],[0.900754673884238,0.9224724730445114,0.8670568856291135,0.8855476737546633,0.8370101486264995,0.9025473593871443,0.8694866693323611,0.927901927946526,0.9034570772455863,0.8874020328758558,0.911211073051926,0.8952126696740437,0.9051358277232797,0.8908874960852562,0.9114158872115651,0.905421666635378,0.9276498661633653,0.9308289298080776,1.0,0.8253712632311208,0.7034060315842559,0.8584226001243309,0.8094537178618938,0.2719399319685192,-0.1628539507041418,0.8551798815580255,0.769839010948515,0.854216397673402,0.8906834570197741,0.8566106777684294,0.8567073210327979,0.8694579007632938,0.8553805017542438,0.8549706079250637,0.8769445742199162,0.8946012619718235],[0.9201241968197929,0.9100179902708769,0.8257347546316312,0.9033629426191802,0.7970893635203996,0.8698300716987055,0.7882769436475167,0.9281793846330431,0.8598891338045492,0.9045044162766238,0.9312715169502948,0.920904336267041,0.9180309072349973,0.9271475650146792,0.9318629768981322,0.8935920351010979,0.9399113720497029,0.9343939560892894,0.8253712632311208,1.0,0.829129818288336,0.8542306473542521,0.8692358212972727,0.644328750189747,-0.5265073336066743,0.7116383899711488,0.8485329694001356,0.8106271065448023,0.9590084062636507,0.937287595442533,0.9003267447164747,0.946305697412718,0.8990397986061743,0.9005496313708503,0.8508584070869563,0.8849230057049176],[0.7057018923664333,0.7232869541323577,0.5817280262300272,0.6695915092100443,0.5347612387829757,0.6746612739428044,0.5684694531624979,0.6416273194623094,0.5618893058258569,0.6677540089544716,0.5586587292686361,0.6190626639459155,0.489024962663934,0.35400072243573555,0.5584651179467077,0.6669713501175878,0.6126409569633662,0.6391172720050046,0.7034060315842559,0.829129818288336,1.0,0.5969215102740186,0.704892907525172,0.7249852311997892,-0.11658730162267816,0.5361621420166387,0.6325649662167181,0.6141999916218419,0.7757264064789927,0.7069008115438249,0.6337478639102025,0.7432919643153978,0.7554493313032444,0.6720006411318429,0.6385707788936634,0.6867176647663626],[0.9848851614479478,0.9685169171712747,0.9916943217765413,0.9937915860068186,0.9876114205224013,0.9670308625227492,0.9511523633514313,0.9699980679333449,0.9692667503599446,0.9939855842158452,0.9972177158871722,0.9961991359739156,0.9885012432963811,0.9843566860130303,0.9970394735793963,0.9647228769585734,0.9882878949146107,0.9686305420546648,0.8584226001243309,0.8542306473542521,0.5969215102740186,1.0,0.9108742666566325,0.274665830718141,-0.2816627728033347,0.8752953794556327,0.9427107887957394,0.9694386323377168,0.9347946928178089,0.9417100225328657,0.9717924118431225,0.9366114595858847,0.9007785030236743,0.9683848037859488,0.9570622395510325,0.9246917669203228],[0.9302187796684986,0.9125385738421383,0.9277735400958762,0.934243267544655,0.9228137770545232,0.9011551250934131,0.9000732230691749,0.8994022272141714,0.9154314314797752,0.9340909190163851,0.917552453330459,0.9302376485319358,0.9128847795072484,0.9056264911642796,0.9177037255194633,0.8955262476757055,0.9099332231552107,0.9033184719919305,0.8094537178618938,0.8692358212972727,0.704892907525172,0.9108742666566325,1.0,0.31472660957573967,-0.18932085794208608,0.7108013902515216,0.9121260980594157,0.896498836619729,0.8985638348455369,0.856148120278631,0.9317664510710841,0.8713623040584539,0.8401230654924414,0.9272140170601715,0.8790816903846693,0.853853971655254],[0.37933350784602243,0.37932919470928084,0.20812935290270307,0.34828878139946046,0.174444261612365,0.2532932053515081,0.1119384877584008,0.23260340321160625,0.09087696013917243,0.353447710376341,-0.12544560369733798,0.08992597488884606,-0.3959399590591621,-0.7490907332011405,-0.12315518453864413,0.11083983334212015,-0.06510460190155154,0.19691894159099887,0.2719399319685192,0.644328750189747,0.7249852311997892,0.274665830718141,0.31472660957573967,1.0,-0.3830901831703909,0.26794834068098505,0.27594631641643846,0.1787454207117204,0.4701374640374259,0.4635462670303399,0.31474537488882814,0.48594748570929863,0.40981057191305115,0.34074650165903664,0.2628065150749568,0.37926821731416394],[-0.300013722808033,-0.229755813100371,-0.223993940845576,-0.28959223153948094,-0.21388829874976226,-0.21921211246523725,-0.15706092452593123,-0.31054202252619445,-0.2322181814502409,-0.2890064275519763,0.39890173049724625,-0.19349764714725415,0.4170134197812946,0.38918968209960497,0.3987888223152888,-0.1978192239806629,0.42443342784781884,-0.292006627122081,-0.1628539507041418,-0.5265073336066743,-0.11658730162267816,-0.2816627728033347,-0.18932085794208608,-0.3830901831703909,1.0,-0.15445459905967573,-0.2837348705973815,-0.1814654507732509,-0.38714596160881204,-0.37630057174588477,-0.32014692939101,-0.34488169672767105,-0.20816117439667722,-0.34563523818536496,-0.1833783997089968,-0.3170556930622307],[0.898886103870023,0.8761208793590147,0.8885903253362719,0.8920448316604052,0.8577911918605974,0.9330986291286868,0.8973567435426885,0.9058209242147741,0.8845224843817052,0.8929274355371686,0.8954849762402747,0.908402342347654,0.8802719689230718,0.8487465846317922,0.8953635123210938,0.940673715278966,0.9223447527113298,0.9108050965622941,0.8551798815580255,0.7116383899711488,0.5361621420166387,0.8752953794556327,0.7108013902515216,0.26794834068098505,-0.15445459905967573,1.0,0.7805256830542613,0.8848807687906707,0.8189104887142008,0.8632695759841466,0.8287520318387013,0.8711894391935361,0.8666747882072645,0.8594360471677479,0.8683194654951232,0.8982380855541052],[0.9350529975418019,0.9278794337053137,0.939154518018759,0.9429966538703249,0.94224270854556,0.9087190280187114,0.895729974581219,0.8931135903918035,0.892733375627532,0.9412654633471466,0.9105374904809945,0.9266103266567786,0.9067053306586328,0.902588454990445,0.909198104784063,0.8980923726133947,0.9034063574503396,0.8883559260541875,0.769839010948515,0.8485329694001356,0.6325649662167181,0.9427107887957394,0.9121260980594157,0.27594631641643846,-0.2837348705973815,0.7805256830542613,1.0,0.9009164518209793,0.9006802729240199,0.8861823582944325,0.9187650469153692,0.8859000249413425,0.8507026141381363,0.9233522164816299,0.89952034520387,0.8698425324484749],[0.9592133265407327,0.9584618609628155,0.9750254066322593,0.9638611457938107,0.9639876705272351,0.9634901069014149,0.9611899705161945,0.9432561105957679,0.9640469371503155,0.9624042581866179,0.9667973367438265,0.958518545857057,0.9724500928235433,0.9698274650893608,0.9660910150541745,0.9604373432449141,0.9672397084218991,0.9432242786601767,0.854216397673402,0.8106271065448023,0.6141999916218419,0.9694386323377168,0.896498836619729,0.1787454207117204,-0.1814654507732509,0.8848807687906707,0.9009164518209793,1.0,0.9097379885894675,0.8923409522601687,0.9443443891542256,0.8928466300367114,0.8869584250661497,0.9496581168542183,0.9735096270181582,0.890988080902134],[0.9787840164952315,0.9588852559583783,0.9235045919080769,0.9672976825536522,0.895102508141435,0.9599706179626151,0.9045971234134293,0.9791012984370551,0.9372541729233679,0.9670360926335563,0.9583162127605847,0.9614394469998875,0.9420051863962312,0.935640837685296,0.9585270336829637,0.9633636439310286,0.973846267330014,0.9795766422620644,0.8906834570197741,0.9590084062636507,0.7757264064789927,0.9347946928178089,0.8985638348455369,0.4701374640374259,-0.38714596160881204,0.8189104887142008,0.9006802729240199,0.9097379885894675,1.0,0.9863126986098727,0.9637027510792646,0.9904475679821869,0.9527223716462773,0.9601677740268664,0.916029308876794,0.9681996743867315],[0.9655002151447092,0.9528604679998409,0.9110831806079855,0.9604509969982884,0.8897351300935454,0.933862204098589,0.870670308329888,0.9563900925047795,0.9042032043227579,0.9596591341582533,0.9430142375987146,0.950999886641947,0.9104858577424155,0.8976041735534472,0.9432913046027663,0.931065947601908,0.9502523137659528,0.9557795415110361,0.8566106777684294,0.937287595442533,0.7069008115438249,0.9417100225328657,0.856148120278631,0.4635462670303399,-0.37630057174588477,0.8632695759841466,0.8861823582944325,0.8923409522601687,0.9863126986098727,1.0,0.9519981790678086,0.9840429690073828,0.9555498561045718,0.9398096310041064,0.9239508885952297,0.9632417137527101],[0.9779890987063474,0.9687006985647411,0.9661132969689307,0.9800875824124206,0.9549460256937858,0.9564286996542941,0.93516809272074,0.9691583415348498,0.9611692268225162,0.9790903794172451,0.9702671697433287,0.9754759777361642,0.9537908942027896,0.9466452138593837,0.9702115153393727,0.9529714098504418,0.9684206770445766,0.9676339591293918,0.8567073210327979,0.9003267447164747,0.6337478639102025,0.9717924118431225,0.9317664510710841,0.31474537488882814,-0.32014692939101,0.8287520318387013,0.9187650469153692,0.9443443891542256,0.9637027510792646,0.9519981790678086,1.0,0.9532089794310323,0.9141337759955359,0.9776389855951368,0.9611790924471582,0.9427668605306349],[0.9718271336265331,0.9576988883522103,0.9156505032543386,0.9599991593207226,0.8867967825352446,0.9548395257476016,0.8974242375297793,0.9655217390466525,0.922222729110445,0.9593985400880108,0.9396163778969532,0.9504970799725114,0.9166324254061363,0.916592267919799,0.9401363047286017,0.9559602618746645,0.957347973556862,0.9641656352160093,0.8694579007632938,0.946305697412718,0.7432919643153978,0.9366114595858847,0.8713623040584539,0.48594748570929863,-0.34488169672767105,0.8711894391935361,0.8859000249413425,0.8928466300367114,0.9904475679821869,0.9840429690073828,0.9532089794310323,1.0,0.9737843785387135,0.9462729804934444,0.9393031174084564,0.964048912278356],[0.9425366024066486,0.9413484196721136,0.8937410894632803,0.927998381312046,0.8582846530343099,0.9537329038574368,0.906864869974778,0.9372203941234646,0.9040320625555235,0.9265700801621659,0.9070758983743653,0.9234865119308762,0.8766917801322125,0.8550151958814913,0.9075276364203323,0.9529436811716685,0.9361040067962563,0.9369775289472537,0.8553805017542438,0.8990397986061743,0.7554493313032444,0.9007785030236743,0.8401230654924414,0.40981057191305115,-0.20816117439667722,0.8666747882072645,0.8507026141381363,0.8869584250661497,0.9527223716462773,0.9555498561045718,0.9141337759955359,0.9737843785387135,1.0,0.907291229418331,0.930971814339428,0.9542093044951024],[0.9819285329736873,0.9720303385153864,0.9646606176169222,0.979037765074758,0.9476879598574882,0.961470557551,0.934038766204141,0.9629118776378894,0.9516681798402622,0.9782362694291747,0.968533071967311,0.9744480715469319,0.9662160289479609,0.9672921862273252,0.9684678378759586,0.963631253816539,0.9747872984151277,0.9621921696395201,0.8549706079250637,0.9005496313708503,0.6720006411318429,0.9683848037859488,0.9272140170601715,0.34074650165903664,-0.34563523818536496,0.8594360471677479,0.9233522164816299,0.9496581168542183,0.9601677740268664,0.9398096310041064,0.9776389855951368,0.9462729804934444,0.907291229418331,1.0,0.9581289838565771,0.9431951752700375],[0.9737431904042565,0.9647459319093009,0.9719731344811985,0.97179516699842,0.9540678080622547,0.9788531145686565,0.9678515879636396,0.960995313589067,0.9729341425036071,0.9706133246935519,0.9807008694708322,0.9702986785706132,0.9781938501255759,0.9762626425975583,0.9806098231406813,0.9781912724328328,0.9861704558845291,0.9590520349777367,0.8769445742199162,0.8508584070869563,0.6385707788936634,0.9570622395510325,0.8790816903846693,0.2628065150749568,-0.1833783997089968,0.8683194654951232,0.89952034520387,0.9735096270181582,0.916029308876794,0.9239508885952297,0.9611790924471582,0.9393031174084564,0.930971814339428,0.9581289838565771,1.0,0.9214223895125816],[0.9553569079894508,0.9500971753513986,0.9178721243840721,0.9448230990669748,0.8871597065840415,0.9572174305270923,0.9126452035286182,0.9670042984588878,0.926659026949754,0.9432427549154085,0.9392405875043622,0.9480174370644684,0.9318146092692957,0.9252789587574604,0.9397764798947877,0.9615976256605248,0.9629441113569263,0.968169350020226,0.8946012619718235,0.8849230057049176,0.6867176647663626,0.9246917669203228,0.853853971655254,0.37926821731416394,-0.3170556930622307,0.8982380855541052,0.8698425324484749,0.890988080902134,0.9681996743867315,0.9632417137527101,0.9427668605306349,0.964048912278356,0.9542093044951024,0.9431951752700375,0.9214223895125816,1.0]],"x":["^TAIEX       \u81fa\u7063\u52a0\u6b0a\u5831\u916c\u6307\u6578","^TWII        \u81fa\u7063\u52a0\u6b0a\u6307\u6578","^TAIEXx2     \u81fa\u7063\u52a0\u6b0a\u5831\u916c\u6307\u6578_\u65e5\u6b632","^TAI50I      \u81fa\u706350\u5831\u916c\u6307\u6578","^TAI50Ix2    \u81fa\u706350\u5831\u916c\u6307\u6578_\u65e5\u6b632","^TAI100I     \u81fa\u7063\u4e2d\u578b100\u5831\u916c\u6307\u6578","^TAI100Ix2   \u81fa\u7063\u4e2d\u578b100\u5831\u916c\u6307\u6578_\u65e5\u6b632","^TAIDIVIDI   \u81fa\u7063\u9ad8\u80a1\u606f\u5831\u916c\u6307\u6578","^TAIDIVIDIx2 \u81fa\u7063\u9ad8\u80a1\u606f\u5831\u916c\u6307\u6578_\u65e5\u6b632","0050Fund     \u5143\u5927\u53f0\u7063\u5353\u8d8a50\u57fa\u91d1","006208Fund   \u5bcc\u90a6\u53f0\u7063\u91c6\u540950\u57fa\u91d1","0050         \u5143\u5927\u81fa\u706350","00631L       \u5143\u5927\u53f0\u706350\u6b632","00675L       \u5bcc\u90a6\u81fa\u7063\u52a0\u6b0a\u6b632","006208       \u5bcc\u90a6\u53f050","0051         \u5143\u5927\u4e2d\u578b100","006204       \u6c38\u8c50\u81fa\u7063\u52a0\u6b0a","0056         \u5143\u5927\u9ad8\u80a1\u606f","0056         \u5143\u5927\u9ad8\u80a1\u606f_\u80a1\u606f\u4e0d\u6295\u5165","2412         \u4e2d\u83ef\u96fb\u4fe1","2002         \u4e2d\u92fc","2330         \u53f0\u7a4d\u96fb","2317         \u9d3b\u6d77","6505         \u53f0\u5851\u77f3\u5316","3481         \u7fa4\u5275","2303         \u806f\u96fb","2308         \u53f0\u9054\u96fb","2454         \u806f\u767c\u79d1","2886         \u5146\u8c50\u91d1","2884         \u7389\u5c71\u91d1","2891         \u4e2d\u4fe1\u91d1","2892         \u7b2c\u4e00\u91d1","5880         \u5408\u5eab\u91d1","2881         \u5bcc\u90a6\u91d1","2885         \u5143\u5927\u91d1","2887         \u53f0\u65b0\u91d1"],"y":["^TAIEX       \u81fa\u7063\u52a0\u6b0a\u5831\u916c\u6307\u6578","^TWII        \u81fa\u7063\u52a0\u6b0a\u6307\u6578","^TAIEXx2     \u81fa\u7063\u52a0\u6b0a\u5831\u916c\u6307\u6578_\u65e5\u6b632","^TAI50I      \u81fa\u706350\u5831\u916c\u6307\u6578","^TAI50Ix2    \u81fa\u706350\u5831\u916c\u6307\u6578_\u65e5\u6b632","^TAI100I     \u81fa\u7063\u4e2d\u578b100\u5831\u916c\u6307\u6578","^TAI100Ix2   \u81fa\u7063\u4e2d\u578b100\u5831\u916c\u6307\u6578_\u65e5\u6b632","^TAIDIVIDI   \u81fa\u7063\u9ad8\u80a1\u606f\u5831\u916c\u6307\u6578","^TAIDIVIDIx2 \u81fa\u7063\u9ad8\u80a1\u606f\u5831\u916c\u6307\u6578_\u65e5\u6b632","0050Fund     \u5143\u5927\u53f0\u7063\u5353\u8d8a50\u57fa\u91d1","006208Fund   \u5bcc\u90a6\u53f0\u7063\u91c6\u540950\u57fa\u91d1","0050         \u5143\u5927\u81fa\u706350","00631L       \u5143\u5927\u53f0\u706350\u6b632","00675L       \u5bcc\u90a6\u81fa\u7063\u52a0\u6b0a\u6b632","006208       \u5bcc\u90a6\u53f050","0051         \u5143\u5927\u4e2d\u578b100","006204       \u6c38\u8c50\u81fa\u7063\u52a0\u6b0a","0056         \u5143\u5927\u9ad8\u80a1\u606f","0056         \u5143\u5927\u9ad8\u80a1\u606f_\u80a1\u606f\u4e0d\u6295\u5165","2412         \u4e2d\u83ef\u96fb\u4fe1","2002         \u4e2d\u92fc","2330         \u53f0\u7a4d\u96fb","2317         \u9d3b\u6d77","6505         \u53f0\u5851\u77f3\u5316","3481         \u7fa4\u5275","2303         \u806f\u96fb","2308         \u53f0\u9054\u96fb","2454         \u806f\u767c\u79d1","2886         \u5146\u8c50\u91d1","2884         \u7389\u5c71\u91d1","2891         \u4e2d\u4fe1\u91d1","2892         \u7b2c\u4e00\u91d1","5880         \u5408\u5eab\u91d1","2881         \u5bcc\u90a6\u91d1","2885         \u5143\u5927\u91d1","2887         \u53f0\u65b0\u91d1"],"zmin":-1,"zmax":1,"colorbar":{"x":-0.2}}],"layout":{"autotypenumbers":"strict","colorway":["#636efa","#EF553B","#00cc96","#ab63fa","#FFA15A","#19d3f3","#FF6692","#B6E880","#FF97FF","#FECB52"],"font":{"color":"#f2f5fa","family":"Courier New"},"hovermode":"closest","hoverlabel":{"align":"left"},"paper_bgcolor":"rgb(17,17,17)","plot_bgcolor":"rgb(17,17,17)","polar":{"bgcolor":"rgb(17,17,17)","angularaxis":{"gridcolor":"#506784","linecolor":"#506784","ticks":""},"radialaxis":{"gridcolor":"#506784","linecolor":"#506784","ticks":""}},"ternary":{"bgcolor":"rgb(17,17,17)","aaxis":{"gridcolor":"#506784","linecolor":"#506784","ticks":""},"baxis":{"gridcolor":"#506784","linecolor":"#506784","ticks":""},"caxis":{"gridcolor":"#506784","linecolor":"#506784","ticks":""}},"coloraxis":{"colorbar":{"outlinewidth":0,"ticks":""}},"colorscale":{"sequential":[[0.0,"#0d0887"],[0.1111111111111111,"#46039f"],[0.2222222222222222,"#7201a8"],[0.3333333333333333,"#9c179e"],[0.4444444444444444,"#bd3786"],[0.5555555555555556,"#d8576b"],[0.6666666666666666,"#ed7953"],[0.7777777777777778,"#fb9f3a"],[0.8888888888888888,"#fdca26"],[1.0,"#f0f921"]],"sequentialminus":[[0.0,"#0d0887"],[0.1111111111111111,"#46039f"],[0.2222222222222222,"#7201a8"],[0.3333333333333333,"#9c179e"],[0.4444444444444444,"#bd3786"],[0.5555555555555556,"#d8576b"],[0.6666666666666666,"#ed7953"],[0.7777777777777778,"#fb9f3a"],[0.8888888888888888,"#fdca26"],[1.0,"#f0f921"]],"diverging":[[0,"#8e0152"],[0.1,"#c51b7d"],[0.2,"#de77ae"],[0.3,"#f1b6da"],[0.4,"#fde0ef"],[0.5,"#f7f7f7"],[0.6,"#e6f5d0"],[0.7,"#b8e186"],[0.8,"#7fbc41"],[0.9,"#4d9221"],[1,"#276419"]]},"xaxis":{"gridcolor":"rgba(0, 0, 0, 0)","linecolor":"#506784","ticks":"","title":{"standoff":15},"zerolinecolor":"#283442","automargin":true,"zerolinewidth":2,"tickfont":{"family":"Courier New","size":14},"side":"top","tickangle":-90},"yaxis":{"gridcolor":"rgba(0, 0, 0, 0)","linecolor":"#506784","ticks":"","title":{"standoff":15},"zerolinecolor":"#283442","automargin":true,"zerolinewidth":2,"tickfont":{"family":"Courier New"},"side":"right"},"scene":{"xaxis":{"backgroundcolor":"rgb(17,17,17)","gridcolor":"#506784","linecolor":"#506784","showbackground":true,"ticks":"","zerolinecolor":"#C8D4E3","gridwidth":2},"yaxis":{"backgroundcolor":"rgb(17,17,17)","gridcolor":"#506784","linecolor":"#506784","showbackground":true,"ticks":"","zerolinecolor":"#C8D4E3","gridwidth":2},"zaxis":{"backgroundcolor":"rgb(17,17,17)","gridcolor":"#506784","linecolor":"#506784","showbackground":true,"ticks":"","zerolinecolor":"#C8D4E3","gridwidth":2}},"shapedefaults":{"line":{"color":"#f2f5fa"}},"annotationdefaults":{"arrowcolor":"#f2f5fa","arrowhead":0,"arrowwidth":1},"geo":{"bgcolor":"rgb(17,17,17)","landcolor":"rgb(17,17,17)","subunitcolor":"#506784","showland":true,"showlakes":true,"lakecolor":"rgb(17,17,17)"},"title":{"x":0.05,"font":{"family":"Times New Roman"},"y":0.05,"text":"<b>Correlation of Adj Close<b><br><i>2016-09-23 ~ 2025-11-06<i>"},"updatemenudefaults":{"bgcolor":"#506784","borderwidth":0},"sliderdefaults":{"bgcolor":"#C8D4E3","borderwidth":1,"bordercolor":"rgb(17,17,17)","tickwidth":0},"mapbox":{"style":"dark"},"annotations":[{"text":"<b>@zwindr<b>","textangle":0,"opacity":0.5,"font":{"color":"white","size":12},"xref":"paper","yref":"paper","xanchor":"left","yanchor":"bottom","x":1.0,"y":1.0,"showarrow":false}]},"config":{"responsive":true,"toImageButtonOptions":{"filename":"Correlation of Adj Close_2016-09-23~2025-11-06","scale":5}}};Plotly.newPlot("correlationAdjClose",correlationAdjClose.data,correlationAdjClose.layout||{},correlationAdjClose.config);}else{console.log("style display is none => correlationAdjClose");}