var element=document.getElementById("correlationClose");if(element.style.display!='none'){var correlationClose={"data":[{"type":"heatmap","z":[[1.0,0.9999999999999979,1.0,0.9953175827011175,0.9953175827011175,0.9770616337757928,0.9770616337757928,0.9257809370935766,0.9257809370935766,0.684692748124526,0.9959665294303545,0.6192895401353431,0.8765178180842859,0.9859085247635753,0.9960445109528255,0.9804920879589124,0.9993878012221558,0.9085289791429031,0.9085289791429031,0.752114387703345,-0.22032903197600612,0.983958917527604,0.31329798966362343,-0.20070986851224926,-0.1791592057711918,0.8492493365187247,0.8832566653733601,0.9198873370019703,0.8785455588812389,0.7714271662913844,0.7049969355949076,0.6472659723043053,0.5748266490653537,0.91916123187185,0.8902514881021729,0.3219995302519953],[0.9999999999999979,1.0,0.9999999999999981,0.9952597000808405,0.9952597000808405,0.9766174423414934,0.9766174423414934,0.9258895089714338,0.9258895089714338,0.6849671397342099,0.9959742158732638,0.6182885887358132,0.8775828054673976,0.9854466073146764,0.9960690682293123,0.9803062715868988,0.9993913961111075,0.9083226306819192,0.9083226306819192,0.7679260950805766,-0.01557680965376994,0.9779140375066496,0.058514178080755944,-0.19466539368028415,-0.17914113039490343,0.7171618302726358,0.8792937634276068,0.9042215003988301,0.8758355900265041,0.7781483971741403,0.6979501174322493,0.6447964273349479,0.5993165006841847,0.9184501374960983,0.7813820315029731,0.317835298714655],[1.0,0.9999999999999981,1.0,0.9953175827011175,0.9953175827011175,0.9770616337757928,0.9770616337757928,0.9257809370935766,0.9257809370935766,0.684692748124526,0.9959665294303545,0.6192895401353431,0.8765178180842859,0.9859085247635753,0.9960445109528255,0.9804920879589124,0.9993878012221558,0.9085289791429031,0.9085289791429031,0.752114387703345,-0.22032903197600612,0.983958917527604,0.31329798966362343,-0.20070986851224926,-0.1791592057711918,0.8492493365187247,0.8832566653733601,0.9198873370019703,0.8785455588812389,0.7714271662913844,0.7049969355949076,0.6472659723043053,0.5748266490653537,0.91916123187185,0.8902514881021729,0.3219995302519953],[0.9953175827011175,0.9952597000808405,0.9953175827011175,1.0,1.0,0.9660855921916431,0.9660855921916431,0.9095134061470163,0.9095134061470163,0.6383324959150001,0.9997253231626174,0.574390367536697,0.8837372231086201,0.9893308541634217,0.9996809319205874,0.9652441698749531,0.9955586487619547,0.8794474603152151,0.8794474603152151,0.7173174502560686,-0.226124751532829,0.9937377043566689,0.34068689384928313,-0.2329224170920347,-0.17081875911764324,0.8379993366324137,0.9081562747651983,0.925487702749881,0.8489269084529237,0.7616047918463092,0.7316551349056806,0.632508701843245,0.5363987178307434,0.8994587775715326,0.8847545899443783,0.3373964804403998],[0.9953175827011175,0.9952597000808405,0.9953175827011175,1.0,1.0,0.9660855921916431,0.9660855921916431,0.9095134061470163,0.9095134061470163,0.6383324959150001,0.9997253231626174,0.574390367536697,0.8837372231086201,0.9893308541634217,0.9996809319205874,0.9652441698749531,0.9955586487619547,0.8794474603152151,0.8794474603152151,0.7173174502560686,-0.226124751532829,0.9937377043566689,0.34068689384928313,-0.2329224170920347,-0.17081875911764324,0.8379993366324137,0.9081562747651983,0.925487702749881,0.8489269084529237,0.7616047918463092,0.7316551349056806,0.632508701843245,0.5363987178307434,0.8994587775715326,0.8847545899443783,0.3373964804403998],[0.9770616337757928,0.9766174423414934,0.9770616337757928,0.9660855921916431,0.9660855921916431,1.0,1.0,0.9463353834115527,0.9463353834115527,0.6701724320242156,0.9647136159860954,0.6413152321502095,0.8525938920869335,0.95280961082246,0.964675674845526,0.9991703306455771,0.9814865885166033,0.9169238897155776,0.9169238897155776,0.6545438168316455,-0.1837089813523376,0.9564170432021444,0.43176803205538505,-0.3561887003837333,-0.08026116496899875,0.8983116382723402,0.8471391709568837,0.925513181995789,0.8662045412781598,0.7481162483774613,0.8322572805627078,0.7329267854055621,0.641952644347948,0.87066563825423,0.9095933777177089,0.564441721174222],[0.9770616337757928,0.9766174423414934,0.9770616337757928,0.9660855921916431,0.9660855921916431,1.0,1.0,0.9463353834115527,0.9463353834115527,0.6701724320242156,0.9647136159860954,0.6413152321502095,0.8525938920869335,0.95280961082246,0.964675674845526,0.9991703306455771,0.9814865885166033,0.9169238897155776,0.9169238897155776,0.6545438168316455,-0.1837089813523376,0.9564170432021444,0.43176803205538505,-0.3561887003837333,-0.08026116496899875,0.8983116382723402,0.8471391709568837,0.925513181995789,0.8662045412781598,0.7481162483774613,0.8322572805627078,0.7329267854055621,0.641952644347948,0.87066563825423,0.9095933777177089,0.564441721174222],[0.9257809370935766,0.9258895089714338,0.9257809370935766,0.9095134061470163,0.9095134061470163,0.9463353834115527,0.9463353834115527,1.0,1.0,0.6554569489577707,0.9430087073792647,0.6586197315025369,0.8181687800838806,0.9180148984947866,0.9428776374668146,0.9483034857361465,0.9539663600432321,0.9701970679096878,0.9701970679096878,0.6206782955210169,-0.0693124865368739,0.8829790745759117,0.6304573220925813,-0.389783613080598,0.03196465885961585,0.8319083172645512,0.7574420391364497,0.8814291683701854,0.844339061000834,0.7691458024024401,0.9052575120047415,0.7820874174640257,0.6754806856304287,0.826557713575106,0.8894032050882319,0.8443262388784156],[0.9257809370935766,0.9258895089714338,0.9257809370935766,0.9095134061470163,0.9095134061470163,0.9463353834115527,0.9463353834115527,1.0,1.0,0.6554569489577707,0.9430087073792647,0.6586197315025369,0.8181687800838806,0.9180148984947866,0.9428776374668146,0.9483034857361465,0.9539663600432321,0.9701970679096878,0.9701970679096878,0.6206782955210169,-0.0693124865368739,0.8829790745759117,0.6304573220925813,-0.389783613080598,0.03196465885961585,0.8319083172645512,0.7574420391364497,0.8814291683701854,0.844339061000834,0.7691458024024401,0.9052575120047415,0.7820874174640257,0.6754806856304287,0.826557713575106,0.8894032050882319,0.8443262388784156],[0.684692748124526,0.6849671397342099,0.684692748124526,0.6383324959150001,0.6383324959150001,0.6701724320242156,0.6701724320242156,0.6554569489577707,0.6554569489577707,1.0,0.4801867964069117,0.999968870851716,0.26335373232835746,0.2268018697992779,0.4835010650783526,0.6632536085034904,0.5571022936930784,0.757976167475174,0.757976167475174,0.6819752306904332,-0.10145031380245007,0.6128874811758384,0.04416647627007843,0.044412312104774,-0.24024227737277676,0.7055165212682682,0.3273546968136597,0.5913070833576703,0.7935240095461175,0.6652927136803117,0.3142447054368452,0.5203069124566999,0.562499322832463,0.7503180532490021,0.5607025681345487,0.17160673435079501],[0.9959665294303545,0.9959742158732638,0.9959665294303545,0.9997253231626174,0.9997253231626174,0.9647136159860954,0.9647136159860954,0.9430087073792647,0.9430087073792647,0.4801867964069117,1.0,0.4816524578977287,0.883190076673466,0.9887180164318181,0.9999536962700332,0.9616377400821078,0.9953753054054669,0.8901605752701862,0.8901605752701862,0.8370678912536635,-0.14880044508289375,0.9971548485580016,0.9141046202070084,-0.5456492784819083,0.6161867059513807,0.8431130695381723,0.8968869845220933,0.9362140536368281,0.8285572890969713,0.7803527970623669,0.9473856138336472,0.811031859298337,0.6591553353347805,0.8832508923547997,0.964152587613592,0.8522826654552027],[0.6192895401353431,0.6182885887358132,0.6192895401353431,0.574390367536697,0.574390367536697,0.6413152321502095,0.6413152321502095,0.6586197315025369,0.6586197315025369,0.999968870851716,0.4816524578977287,1.0,0.26443699844355073,0.22775187207166947,0.48438257416041464,0.6514047895839933,0.5578639515125893,0.748206391106157,0.748206391106157,0.6302712741578336,0.029939755898161297,0.5536590575383638,0.36994526388452903,-0.1621012602652711,-0.21994140740241605,0.7223516563832492,0.2400257573343028,0.5512966215639209,0.7599458272337017,0.6803164959727187,0.4648085717856032,0.6747070355499464,0.6749205690386237,0.6961277277905064,0.523477156934956,0.5837980235333275],[0.8765178180842859,0.8775828054673976,0.8765178180842859,0.8837372231086201,0.8837372231086201,0.8525938920869335,0.8525938920869335,0.8181687800838806,0.8181687800838806,0.26335373232835746,0.883190076673466,0.26443699844355073,1.0,0.9998720383970116,0.8827142564681656,0.8466892152013165,0.8752846619532776,0.7410622138919223,0.7410622138919223,0.6394853680992559,-0.12316571793011377,0.8778247430578451,0.8247588151300804,-0.6324568334274185,0.6757326911622289,0.7127753055172961,0.8668267718661469,0.8676560752177922,0.6546154008127688,0.5893357108746836,0.8528389406974815,0.6343386473958428,0.47658831874669744,0.7551446369454553,0.8622846844320099,0.7810190556677005],[0.9859085247635753,0.9854466073146764,0.9859085247635753,0.9893308541634217,0.9893308541634217,0.95280961082246,0.95280961082246,0.9180148984947866,0.9180148984947866,0.2268018697992779,0.9887180164318181,0.22775187207166947,0.9998720383970116,1.0,0.9887181089381576,0.9461561672094458,0.9830853031812099,0.8428792302613228,0.8428792302613228,0.8237016424194644,-0.2522986223676307,0.9815488791288863,0.8955975000097531,-0.7263493229948504,0.7332910069336941,0.7801256717769239,0.9479551811470026,0.9436697957064221,0.7317063219188013,0.6494153428393329,0.9348405202038034,0.7274416196061515,0.49186831135237347,0.8390264730868369,0.9582770406491888,0.8470538419581475],[0.9960445109528255,0.9960690682293123,0.9960445109528255,0.9996809319205874,0.9996809319205874,0.964675674845526,0.964675674845526,0.9428776374668146,0.9428776374668146,0.4835010650783526,0.9999536962700332,0.48438257416041464,0.8827142564681656,0.9887181089381576,1.0,0.961832472675557,0.9954885684910063,0.8909999626831518,0.8909999626831518,0.8379133827033678,-0.14637791014382276,0.9970784862538371,0.9134870529673683,-0.5433614676488356,0.6119422207268339,0.8426436285773894,0.8951931792936787,0.9357605119031845,0.8300140724874838,0.7818350202703671,0.9466301759206165,0.8127080144400153,0.661990676501244,0.8829855032071887,0.963974824892689,0.8515757961608796],[0.9804920879589124,0.9803062715868988,0.9804920879589124,0.9652441698749531,0.9652441698749531,0.9991703306455771,0.9991703306455771,0.9483034857361465,0.9483034857361465,0.6632536085034904,0.9616377400821078,0.6514047895839933,0.8466892152013165,0.9461561672094458,0.961832472675557,1.0,0.980446175833235,0.9201359847790492,0.9201359847790492,0.7042108478271909,-0.17272672305972592,0.9581243927314624,0.7381190752671565,-0.48179016747736425,-0.0750607650191449,0.9073726757884744,0.8318543850744192,0.9194300150194212,0.8737820203051183,0.7795035176291222,0.9016195470770886,0.7760314587797159,0.697682064492041,0.8913609519622723,0.9066824358856669,0.8401811174027611],[0.9993878012221558,0.9993913961111075,0.9993878012221558,0.9955586487619547,0.9955586487619547,0.9814865885166033,0.9814865885166033,0.9539663600432321,0.9539663600432321,0.5571022936930784,0.9953753054054669,0.5578639515125893,0.8752846619532776,0.9830853031812099,0.9954885684910063,0.980446175833235,1.0,0.919350691562098,0.919350691562098,0.8554976966486997,-0.12812876851303154,0.9909102105908347,0.8971747133188839,-0.5365175027397937,0.602963271014116,0.8790816657983342,0.8740426923632842,0.9385871913690454,0.8699283447042672,0.8075084567694734,0.9395504382182291,0.8524836308116569,0.7167315510811053,0.9027652315689345,0.9702036580308915,0.8852230149215732],[0.9085289791429031,0.9083226306819192,0.9085289791429031,0.8794474603152151,0.8794474603152151,0.9169238897155776,0.9169238897155776,0.9701970679096878,0.9701970679096878,0.757976167475174,0.8901605752701862,0.748206391106157,0.7410622138919223,0.8428792302613228,0.8909999626831518,0.9201359847790492,0.919350691562098,1.0,1.0,0.7606432684427669,-0.10756120444971813,0.8525060235460817,0.6338920827463641,-0.2780828538797588,-0.13962920003048013,0.8533480217869033,0.6778555654032391,0.8249736784435918,0.913703328128099,0.8459723225712097,0.8202175243630957,0.771070665632518,0.691230495102945,0.8670254181999236,0.8102019753303877,0.8720668671759239],[0.9085289791429031,0.9083226306819192,0.9085289791429031,0.8794474603152151,0.8794474603152151,0.9169238897155776,0.9169238897155776,0.9701970679096878,0.9701970679096878,0.757976167475174,0.8901605752701862,0.748206391106157,0.7410622138919223,0.8428792302613228,0.8909999626831518,0.9201359847790492,0.919350691562098,1.0,1.0,0.7606432684427669,-0.10756120444971813,0.8525060235460817,0.6338920827463641,-0.2780828538797588,-0.13962920003048013,0.8533480217869033,0.6778555654032391,0.8249736784435918,0.913703328128099,0.8459723225712097,0.8202175243630957,0.771070665632518,0.691230495102945,0.8670254181999236,0.8102019753303877,0.8720668671759239],[0.752114387703345,0.7679260950805766,0.752114387703345,0.7173174502560686,0.7173174502560686,0.6545438168316455,0.6545438168316455,0.6206782955210169,0.6206782955210169,0.6819752306904332,0.8370678912536635,0.6302712741578336,0.6394853680992559,0.8237016424194644,0.8379133827033678,0.7042108478271909,0.8554976966486997,0.7606432684427669,0.7606432684427669,1.0,0.0021145313575373107,0.6852795032699744,-0.26947132446347183,0.25021185915286237,-0.6257833464780214,0.40397625489636246,0.5544316345297206,0.5060246656044028,0.8461762066222374,0.7147151982274836,0.22354798728332334,0.3547510107240587,0.5764303633375116,0.7920822063826811,0.5152956592834269,-0.0697176443688811],[-0.22032903197600612,-0.01557680965376994,-0.22032903197600612,-0.226124751532829,-0.226124751532829,-0.1837089813523376,-0.1837089813523376,-0.0693124865368739,-0.0693124865368739,-0.10145031380245007,-0.14880044508289375,0.029939755898161297,-0.12316571793011377,-0.2522986223676307,-0.14637791014382276,-0.17272672305972592,-0.12812876851303154,-0.10756120444971813,-0.10756120444971813,0.0021145313575373107,1.0,-0.15198389935104814,0.06727077817742809,0.19057193554674487,0.7278932687402617,-0.1318374129834832,-0.1246308710093338,-0.09582702979469389,0.11919790814199632,-0.046610040500757274,-0.05421754597378384,0.2649216339656976,0.5431949229205237,-0.17160070757576334,0.027193592144185274,0.10152739066504197],[0.983958917527604,0.9779140375066496,0.983958917527604,0.9937377043566689,0.9937377043566689,0.9564170432021444,0.9564170432021444,0.8829790745759117,0.8829790745759117,0.6128874811758384,0.9971548485580016,0.5536590575383638,0.8778247430578451,0.9815488791288863,0.9970784862538371,0.9581243927314624,0.9909102105908347,0.8525060235460817,0.8525060235460817,0.6852795032699744,-0.15198389935104814,1.0,0.24722121174671102,-0.277015233337931,-0.2094844049769633,0.7253636287005362,0.9072074804174054,0.9079800448097013,0.8029539951337427,0.7358195194122334,0.7335559842683586,0.6076374396851487,0.4807474574688595,0.8834286599850907,0.7687233009206957,0.32262139134462436],[0.31329798966362343,0.058514178080755944,0.31329798966362343,0.34068689384928313,0.34068689384928313,0.43176803205538505,0.43176803205538505,0.6304573220925813,0.6304573220925813,0.04416647627007843,0.9141046202070084,0.36994526388452903,0.8247588151300804,0.8955975000097531,0.9134870529673683,0.7381190752671565,0.8971747133188839,0.6338920827463641,0.6338920827463641,-0.26947132446347183,0.06727077817742809,0.24722121174671102,1.0,-0.4904035025143281,0.6762367734175402,0.44388441049253924,0.28223596729787137,0.4200655653914919,-0.011526961913000176,0.16305569793951252,0.6466211195885183,0.5212963248037839,0.2241457804171431,0.12970974338083488,0.46455977396239206,0.5160628849545048],[-0.20070986851224926,-0.19466539368028415,-0.20070986851224926,-0.2329224170920347,-0.2329224170920347,-0.3561887003837333,-0.3561887003837333,-0.389783613080598,-0.389783613080598,0.044412312104774,-0.5456492784819083,-0.1621012602652711,-0.6324568334274185,-0.7263493229948504,-0.5433614676488356,-0.48179016747736425,-0.5365175027397937,-0.2780828538797588,-0.2780828538797588,0.25021185915286237,0.19057193554674487,-0.277015233337931,-0.4904035025143281,1.0,-0.03208190916513158,-0.23064458592264117,-0.26126398573458814,-0.33846462836998337,-0.10157943130064119,-0.1324739053092902,-0.5733806672941377,-0.24530547971269523,-0.05041712695384311,-0.12262098902894629,-0.29235007859065304,-0.440786050802822],[-0.1791592057711918,-0.17914113039490343,-0.1791592057711918,-0.17081875911764324,-0.17081875911764324,-0.08026116496899875,-0.08026116496899875,0.03196465885961585,0.03196465885961585,-0.24024227737277676,0.6161867059513807,-0.21994140740241605,0.6757326911622289,0.7332910069336941,0.6119422207268339,-0.0750607650191449,0.602963271014116,-0.13962920003048013,-0.13962920003048013,-0.6257833464780214,0.7278932687402617,-0.2094844049769633,0.6762367734175402,-0.03208190916513158,1.0,-0.07034375970937315,-0.09036942558720737,-0.015915610167718905,-0.3305468213151019,-0.3081372522914526,0.073320870580846,0.15999033172408098,0.26209770092242873,-0.33612477844495503,0.11012341734353509,0.09501514507406719],[0.8492493365187247,0.7171618302726358,0.8492493365187247,0.8379993366324137,0.8379993366324137,0.8983116382723402,0.8983116382723402,0.8319083172645512,0.8319083172645512,0.7055165212682682,0.8431130695381723,0.7223516563832492,0.7127753055172961,0.7801256717769239,0.8426436285773894,0.9073726757884744,0.8790816657983342,0.8533480217869033,0.8533480217869033,0.40397625489636246,-0.1318374129834832,0.7253636287005362,0.44388441049253924,-0.23064458592264117,-0.07034375970937315,1.0,0.6236261422434183,0.8659537485673545,0.535348695694964,0.6478765848781558,0.6547548069441426,0.6664728505175472,0.42487081974344443,0.7426727130213572,0.759956087191184,0.4817166000923371],[0.8832566653733601,0.8792937634276068,0.8832566653733601,0.9081562747651983,0.9081562747651983,0.8471391709568837,0.8471391709568837,0.7574420391364497,0.7574420391364497,0.3273546968136597,0.8968869845220933,0.2400257573343028,0.8668267718661469,0.9479551811470026,0.8951931792936787,0.8318543850744192,0.8740426923632842,0.6778555654032391,0.6778555654032391,0.5544316345297206,-0.1246308710093338,0.9072074804174054,0.28223596729787137,-0.26126398573458814,-0.09036942558720737,0.6236261422434183,1.0,0.8652885764446295,0.6177318040464532,0.5643079882453539,0.6825002803234724,0.46368850739141165,0.36854823006390225,0.7233419805825759,0.7177804033606787,0.2978619413590581],[0.9198873370019703,0.9042215003988301,0.9198873370019703,0.925487702749881,0.925487702749881,0.925513181995789,0.925513181995789,0.8814291683701854,0.8814291683701854,0.5913070833576703,0.9362140536368281,0.5512966215639209,0.8676560752177922,0.9436697957064221,0.9357605119031845,0.9194300150194212,0.9385871913690454,0.8249736784435918,0.8249736784435918,0.5060246656044028,-0.09582702979469389,0.9079800448097013,0.4200655653914919,-0.33846462836998337,-0.015915610167718905,0.8659537485673545,0.8652885764446295,1.0,0.6967177640473442,0.5981196036348954,0.7178847175731133,0.5805551419745627,0.46098247806900977,0.7952254649213336,0.8711232276155545,0.3384741608601127],[0.8785455588812389,0.8758355900265041,0.8785455588812389,0.8489269084529237,0.8489269084529237,0.8662045412781598,0.8662045412781598,0.844339061000834,0.844339061000834,0.7935240095461175,0.8285572890969713,0.7599458272337017,0.6546154008127688,0.7317063219188013,0.8300140724874838,0.8737820203051183,0.8699283447042672,0.913703328128099,0.913703328128099,0.8461762066222374,0.11919790814199632,0.8029539951337427,-0.011526961913000176,-0.10157943130064119,-0.3305468213151019,0.535348695694964,0.6177318040464532,0.6967177640473442,1.0,0.9142775757973738,0.5919831759776064,0.7127863491342329,0.6705563390999754,0.8862705663626536,0.5587498984188747,0.35697898976715714],[0.7714271662913844,0.7781483971741403,0.7714271662913844,0.7616047918463092,0.7616047918463092,0.7481162483774613,0.7481162483774613,0.7691458024024401,0.7691458024024401,0.6652927136803117,0.7803527970623669,0.6803164959727187,0.5893357108746836,0.6494153428393329,0.7818350202703671,0.7795035176291222,0.8075084567694734,0.8459723225712097,0.8459723225712097,0.7147151982274836,-0.046610040500757274,0.7358195194122334,0.16305569793951252,-0.1324739053092902,-0.3081372522914526,0.6478765848781558,0.5643079882453539,0.5981196036348954,0.9142775757973738,1.0,0.62219768056559,0.6974354680031757,0.6167192778400485,0.7579844360518037,0.6225551903039017,0.51742711863419],[0.7049969355949076,0.6979501174322493,0.7049969355949076,0.7316551349056806,0.7316551349056806,0.8322572805627078,0.8322572805627078,0.9052575120047415,0.9052575120047415,0.3142447054368452,0.9473856138336472,0.4648085717856032,0.8528389406974815,0.9348405202038034,0.9466301759206165,0.9016195470770886,0.9395504382182291,0.8202175243630957,0.8202175243630957,0.22354798728332334,-0.05421754597378384,0.7335559842683586,0.6466211195885183,-0.5733806672941377,0.073320870580846,0.6547548069441426,0.6825002803234724,0.7178847175731133,0.5919831759776064,0.62219768056559,1.0,0.7408612844299706,0.38441803147842574,0.6017291457998405,0.7184969687865784,0.7626475192238047],[0.6472659723043053,0.6447964273349479,0.6472659723043053,0.632508701843245,0.632508701843245,0.7329267854055621,0.7329267854055621,0.7820874174640257,0.7820874174640257,0.5203069124566999,0.811031859298337,0.6747070355499464,0.6343386473958428,0.7274416196061515,0.8127080144400153,0.7760314587797159,0.8524836308116569,0.771070665632518,0.771070665632518,0.3547510107240587,0.2649216339656976,0.6076374396851487,0.5212963248037839,-0.24530547971269523,0.15999033172408098,0.6664728505175472,0.46368850739141165,0.5805551419745627,0.7127863491342329,0.6974354680031757,0.7408612844299706,1.0,0.7784872197203854,0.5480671241421601,0.7229157743758161,0.5834577630495998],[0.5748266490653537,0.5993165006841847,0.5748266490653537,0.5363987178307434,0.5363987178307434,0.641952644347948,0.641952644347948,0.6754806856304287,0.6754806856304287,0.562499322832463,0.6591553353347805,0.6749205690386237,0.47658831874669744,0.49186831135237347,0.661990676501244,0.697682064492041,0.7167315510811053,0.691230495102945,0.691230495102945,0.5764303633375116,0.5431949229205237,0.4807474574688595,0.2241457804171431,-0.05041712695384311,0.26209770092242873,0.42487081974344443,0.36854823006390225,0.46098247806900977,0.6705563390999754,0.6167192778400485,0.38441803147842574,0.7784872197203854,1.0,0.5000764280119224,0.6272405529070317,0.22860912155677798],[0.91916123187185,0.9184501374960983,0.91916123187185,0.8994587775715326,0.8994587775715326,0.87066563825423,0.87066563825423,0.826557713575106,0.826557713575106,0.7503180532490021,0.8832508923547997,0.6961277277905064,0.7551446369454553,0.8390264730868369,0.8829855032071887,0.8913609519622723,0.9027652315689345,0.8670254181999236,0.8670254181999236,0.7920822063826811,-0.17160070757576334,0.8834286599850907,0.12970974338083488,-0.12262098902894629,-0.33612477844495503,0.7426727130213572,0.7233419805825759,0.7952254649213336,0.8862705663626536,0.7579844360518037,0.6017291457998405,0.5480671241421601,0.5000764280119224,1.0,0.7757050858039317,0.2683145063365179],[0.8902514881021729,0.7813820315029731,0.8902514881021729,0.8847545899443783,0.8847545899443783,0.9095933777177089,0.9095933777177089,0.8894032050882319,0.8894032050882319,0.5607025681345487,0.964152587613592,0.523477156934956,0.8622846844320099,0.9582770406491888,0.963974824892689,0.9066824358856669,0.9702036580308915,0.8102019753303877,0.8102019753303877,0.5152956592834269,0.027193592144185274,0.7687233009206957,0.46455977396239206,-0.29235007859065304,0.11012341734353509,0.759956087191184,0.7177804033606787,0.8711232276155545,0.5587498984188747,0.6225551903039017,0.7184969687865784,0.7229157743758161,0.6272405529070317,0.7757050858039317,1.0,0.31287962531249386],[0.3219995302519953,0.317835298714655,0.3219995302519953,0.3373964804403998,0.3373964804403998,0.564441721174222,0.564441721174222,0.8443262388784156,0.8443262388784156,0.17160673435079501,0.8522826654552027,0.5837980235333275,0.7810190556677005,0.8470538419581475,0.8515757961608796,0.8401811174027611,0.8852230149215732,0.8720668671759239,0.8720668671759239,-0.0697176443688811,0.10152739066504197,0.32262139134462436,0.5160628849545048,-0.440786050802822,0.09501514507406719,0.4817166000923371,0.2978619413590581,0.3384741608601127,0.35697898976715714,0.51742711863419,0.7626475192238047,0.5834577630495998,0.22860912155677798,0.2683145063365179,0.31287962531249386,1.0]],"x":["^TAIEX       \u81fa\u7063\u52a0\u6b0a\u5831\u916c\u6307\u6578","^TWII        \u81fa\u7063\u52a0\u6b0a\u6307\u6578","^TAIEXx2     \u81fa\u7063\u52a0\u6b0a\u5831\u916c\u6307\u6578_\u65e5\u6b632","^TAI50I      \u81fa\u706350\u5831\u916c\u6307\u6578","^TAI50Ix2    \u81fa\u706350\u5831\u916c\u6307\u6578_\u65e5\u6b632","^TAI100I     \u81fa\u7063\u4e2d\u578b100\u5831\u916c\u6307\u6578","^TAI100Ix2   \u81fa\u7063\u4e2d\u578b100\u5831\u916c\u6307\u6578_\u65e5\u6b632","^TAIDIVIDI   \u81fa\u7063\u9ad8\u80a1\u606f\u5831\u916c\u6307\u6578","^TAIDIVIDIx2 \u81fa\u7063\u9ad8\u80a1\u606f\u5831\u916c\u6307\u6578_\u65e5\u6b632","0050Fund     \u5143\u5927\u53f0\u7063\u5353\u8d8a50\u57fa\u91d1","006208Fund   \u5bcc\u90a6\u53f0\u7063\u91c6\u540950\u57fa\u91d1","0050         \u5143\u5927\u81fa\u706350","00631L       \u5143\u5927\u53f0\u706350\u6b632","00675L       \u5bcc\u90a6\u81fa\u7063\u52a0\u6b0a\u6b632","006208       \u5bcc\u90a6\u53f050","0051         \u5143\u5927\u4e2d\u578b100","006204       \u6c38\u8c50\u81fa\u7063\u52a0\u6b0a","0056         \u5143\u5927\u9ad8\u80a1\u606f","0056         \u5143\u5927\u9ad8\u80a1\u606f_\u80a1\u606f\u4e0d\u6295\u5165","2412         \u4e2d\u83ef\u96fb\u4fe1","2002         \u4e2d\u92fc","2330         \u53f0\u7a4d\u96fb","2317         \u9d3b\u6d77","6505         \u53f0\u5851\u77f3\u5316","3481         \u7fa4\u5275","2303         \u806f\u96fb","2308         \u53f0\u9054\u96fb","2454         \u806f\u767c\u79d1","2886         \u5146\u8c50\u91d1","2884         \u7389\u5c71\u91d1","2891         \u4e2d\u4fe1\u91d1","2892         \u7b2c\u4e00\u91d1","5880         \u5408\u5eab\u91d1","2881         \u5bcc\u90a6\u91d1","2885         \u5143\u5927\u91d1","2887         \u53f0\u65b0\u91d1"],"y":["^TAIEX       \u81fa\u7063\u52a0\u6b0a\u5831\u916c\u6307\u6578","^TWII        \u81fa\u7063\u52a0\u6b0a\u6307\u6578","^TAIEXx2     \u81fa\u7063\u52a0\u6b0a\u5831\u916c\u6307\u6578_\u65e5\u6b632","^TAI50I      \u81fa\u706350\u5831\u916c\u6307\u6578","^TAI50Ix2    \u81fa\u706350\u5831\u916c\u6307\u6578_\u65e5\u6b632","^TAI100I     \u81fa\u7063\u4e2d\u578b100\u5831\u916c\u6307\u6578","^TAI100Ix2   \u81fa\u7063\u4e2d\u578b100\u5831\u916c\u6307\u6578_\u65e5\u6b632","^TAIDIVIDI   \u81fa\u7063\u9ad8\u80a1\u606f\u5831\u916c\u6307\u6578","^TAIDIVIDIx2 \u81fa\u7063\u9ad8\u80a1\u606f\u5831\u916c\u6307\u6578_\u65e5\u6b632","0050Fund     \u5143\u5927\u53f0\u7063\u5353\u8d8a50\u57fa\u91d1","006208Fund   \u5bcc\u90a6\u53f0\u7063\u91c6\u540950\u57fa\u91d1","0050         \u5143\u5927\u81fa\u706350","00631L       \u5143\u5927\u53f0\u706350\u6b632","00675L       \u5bcc\u90a6\u81fa\u7063\u52a0\u6b0a\u6b632","006208       \u5bcc\u90a6\u53f050","0051         \u5143\u5927\u4e2d\u578b100","006204       \u6c38\u8c50\u81fa\u7063\u52a0\u6b0a","0056         \u5143\u5927\u9ad8\u80a1\u606f","0056         \u5143\u5927\u9ad8\u80a1\u606f_\u80a1\u606f\u4e0d\u6295\u5165","2412         \u4e2d\u83ef\u96fb\u4fe1","2002         \u4e2d\u92fc","2330         \u53f0\u7a4d\u96fb","2317         \u9d3b\u6d77","6505         \u53f0\u5851\u77f3\u5316","3481         \u7fa4\u5275","2303         \u806f\u96fb","2308         \u53f0\u9054\u96fb","2454         \u806f\u767c\u79d1","2886         \u5146\u8c50\u91d1","2884         \u7389\u5c71\u91d1","2891         \u4e2d\u4fe1\u91d1","2892         \u7b2c\u4e00\u91d1","5880         \u5408\u5eab\u91d1","2881         \u5bcc\u90a6\u91d1","2885         \u5143\u5927\u91d1","2887         \u53f0\u65b0\u91d1"],"zmin":-1,"zmax":1,"colorbar":{"x":-0.2}}],"layout":{"autotypenumbers":"strict","colorway":["#636efa","#EF553B","#00cc96","#ab63fa","#FFA15A","#19d3f3","#FF6692","#B6E880","#FF97FF","#FECB52"],"font":{"color":"#f2f5fa","family":"Courier New"},"hovermode":"closest","hoverlabel":{"align":"left"},"paper_bgcolor":"rgb(17,17,17)","plot_bgcolor":"rgb(17,17,17)","polar":{"bgcolor":"rgb(17,17,17)","angularaxis":{"gridcolor":"#506784","linecolor":"#506784","ticks":""},"radialaxis":{"gridcolor":"#506784","linecolor":"#506784","ticks":""}},"ternary":{"bgcolor":"rgb(17,17,17)","aaxis":{"gridcolor":"#506784","linecolor":"#506784","ticks":""},"baxis":{"gridcolor":"#506784","linecolor":"#506784","ticks":""},"caxis":{"gridcolor":"#506784","linecolor":"#506784","ticks":""}},"coloraxis":{"colorbar":{"outlinewidth":0,"ticks":""}},"colorscale":{"sequential":[[0.0,"#0d0887"],[0.1111111111111111,"#46039f"],[0.2222222222222222,"#7201a8"],[0.3333333333333333,"#9c179e"],[0.4444444444444444,"#bd3786"],[0.5555555555555556,"#d8576b"],[0.6666666666666666,"#ed7953"],[0.7777777777777778,"#fb9f3a"],[0.8888888888888888,"#fdca26"],[1.0,"#f0f921"]],"sequentialminus":[[0.0,"#0d0887"],[0.1111111111111111,"#46039f"],[0.2222222222222222,"#7201a8"],[0.3333333333333333,"#9c179e"],[0.4444444444444444,"#bd3786"],[0.5555555555555556,"#d8576b"],[0.6666666666666666,"#ed7953"],[0.7777777777777778,"#fb9f3a"],[0.8888888888888888,"#fdca26"],[1.0,"#f0f921"]],"diverging":[[0,"#8e0152"],[0.1,"#c51b7d"],[0.2,"#de77ae"],[0.3,"#f1b6da"],[0.4,"#fde0ef"],[0.5,"#f7f7f7"],[0.6,"#e6f5d0"],[0.7,"#b8e186"],[0.8,"#7fbc41"],[0.9,"#4d9221"],[1,"#276419"]]},"xaxis":{"gridcolor":"rgba(0, 0, 0, 0)","linecolor":"#506784","ticks":"","title":{"standoff":15},"zerolinecolor":"#283442","automargin":true,"zerolinewidth":2,"tickfont":{"family":"Courier New","size":14},"side":"top","tickangle":-90},"yaxis":{"gridcolor":"rgba(0, 0, 0, 0)","linecolor":"#506784","ticks":"","title":{"standoff":15},"zerolinecolor":"#283442","automargin":true,"zerolinewidth":2,"tickfont":{"family":"Courier New"},"side":"right"},"scene":{"xaxis":{"backgroundcolor":"rgb(17,17,17)","gridcolor":"#506784","linecolor":"#506784","showbackground":true,"ticks":"","zerolinecolor":"#C8D4E3","gridwidth":2},"yaxis":{"backgroundcolor":"rgb(17,17,17)","gridcolor":"#506784","linecolor":"#506784","showbackground":true,"ticks":"","zerolinecolor":"#C8D4E3","gridwidth":2},"zaxis":{"backgroundcolor":"rgb(17,17,17)","gridcolor":"#506784","linecolor":"#506784","showbackground":true,"ticks":"","zerolinecolor":"#C8D4E3","gridwidth":2}},"shapedefaults":{"line":{"color":"#f2f5fa"}},"annotationdefaults":{"arrowcolor":"#f2f5fa","arrowhead":0,"arrowwidth":1},"geo":{"bgcolor":"rgb(17,17,17)","landcolor":"rgb(17,17,17)","subunitcolor":"#506784","showland":true,"showlakes":true,"lakecolor":"rgb(17,17,17)"},"title":{"x":0.05,"font":{"family":"Times New Roman"},"y":0.05,"text":"<b>Correlation of Close<b><br><i>2016-09-23 ~ 2026-06-10<i>"},"updatemenudefaults":{"bgcolor":"#506784","borderwidth":0},"sliderdefaults":{"bgcolor":"#C8D4E3","borderwidth":1,"bordercolor":"rgb(17,17,17)","tickwidth":0},"mapbox":{"style":"dark"},"annotations":[{"text":"<b>@zwindr<b>","textangle":0,"opacity":0.5,"font":{"color":"white","size":12},"xref":"paper","yref":"paper","xanchor":"left","yanchor":"bottom","x":1.0,"y":1.0,"showarrow":false}]},"config":{"responsive":true,"toImageButtonOptions":{"filename":"Correlation of Close_2016-09-23~2026-06-10","scale":5}}};Plotly.newPlot("correlationClose",correlationClose.data,correlationClose.layout||{},correlationClose.config);}else{console.log("style display is none => correlationClose");}