var element=document.getElementById("correlationClose");if(element.style.display!='none'){var correlationClose={"data":[{"type":"heatmap","z":[[1.0,0.9999999999999979,1.0,0.9950241609445835,0.9950241609445835,0.9685149352366932,0.9685149352366932,0.9096928307856303,0.9096928307856303,0.7981275327940522,0.9947031448069384,0.7514022506621956,0.9918804188826496,0.9922892557277448,0.9947888119121099,0.9754085364301154,0.9991552337507605,0.9147922323254688,0.9147922323254688,0.779258557417325,-0.16405992344605844,0.9789450502161218,0.2033208352856798,-0.13229248900655036,-0.24494311765631122,0.8158802904180603,0.9051700834753351,0.9185523894732348,0.9212305750947679,0.7852286369850893,0.5953931332343814,0.6462852926791021,0.624341190510938,0.9356066103194783,0.8459340006481163,0.21322252993806015],[0.9999999999999979,1.0,0.9999999999999981,0.9949937324370716,0.9949937324370716,0.9680272106202763,0.9680272106202763,0.910538655185129,0.910538655185129,0.7996943897008166,0.9946966462584431,0.751550200640354,0.9915512288011831,0.9917723011127011,0.9947970483344192,0.9749441435628052,0.9991563459705433,0.9147898634188218,0.9147898634188218,0.7971994430150684,0.047958425645929365,0.9712354842331836,-0.01754039883277795,-0.1251214331603438,-0.2448788411440778,0.6544340343037249,0.9052419127422712,0.8958575857240862,0.916036683696845,0.7949073896738321,0.5876499179542176,0.64370300881525,0.6491143335460746,0.9335110343930956,0.7093004267349414,0.2107042016277837],[1.0,0.9999999999999981,1.0,0.9950241609445835,0.9950241609445835,0.9685149352366932,0.9685149352366932,0.9096928307856303,0.9096928307856303,0.7981275327940522,0.9947031448069384,0.7514022506621956,0.9918804188826496,0.9922892557277448,0.9947888119121099,0.9754085364301154,0.9991552337507605,0.9147922323254688,0.9147922323254688,0.779258557417325,-0.16405992344605844,0.9789450502161218,0.2033208352856798,-0.13229248900655036,-0.24494311765631122,0.8158802904180603,0.9051700834753351,0.9185523894732348,0.9212305750947679,0.7852286369850893,0.5953931332343814,0.6462852926791021,0.624341190510938,0.9356066103194783,0.8459340006481163,0.21322252993806015],[0.9950241609445835,0.9949937324370716,0.9950241609445835,1.0,1.0,0.9554208326838958,0.9554208326838958,0.8932034561321062,0.8932034561321062,0.7666790418634323,0.9995763381836045,0.7184262976289835,0.9920069751614872,0.9896850111485094,0.9995286629287055,0.9578334463942402,0.9948737829444974,0.8882857591340065,0.8882857591340065,0.7517489669711329,-0.1723871080223487,0.991353151277486,0.23164560461172287,-0.16889588894509902,-0.2435358759173264,0.8043492586803757,0.9204662685859504,0.9181316497110582,0.9027679697056411,0.7874668995265617,0.6251013379151876,0.6382848103097194,0.5922473533225655,0.924532957406089,0.8364129724537862,0.22610645634202728],[0.9950241609445835,0.9949937324370716,0.9950241609445835,1.0,1.0,0.9554208326838958,0.9554208326838958,0.8932034561321062,0.8932034561321062,0.7666790418634323,0.9995763381836045,0.7184262976289835,0.9920069751614872,0.9896850111485094,0.9995286629287055,0.9578334463942402,0.9948737829444974,0.8882857591340065,0.8882857591340065,0.7517489669711329,-0.1723871080223487,0.991353151277486,0.23164560461172287,-0.16889588894509902,-0.2435358759173264,0.8043492586803757,0.9204662685859504,0.9181316497110582,0.9027679697056411,0.7874668995265617,0.6251013379151876,0.6382848103097194,0.5922473533225655,0.924532957406089,0.8364129724537862,0.22610645634202728],[0.9685149352366932,0.9680272106202763,0.9685149352366932,0.9554208326838958,0.9554208326838958,1.0,1.0,0.9344866306352247,0.9344866306352247,0.7739218141754997,0.9544058521628995,0.7547916938854432,0.9669939895132942,0.9642378725886306,0.9543786474055578,0.9990705850148464,0.9754146536054795,0.9175930768869973,0.9175930768869973,0.6511105781535709,-0.11521414757756404,0.9412766636021312,0.3502143936037288,-0.3093446621229865,-0.11925129586066556,0.8828665423034378,0.8580961869098154,0.9357092515106191,0.8989597649032752,0.7523116107962607,0.7693685017988457,0.7450044801290356,0.6987957920179251,0.8698001265893721,0.8743182620882142,0.48648335382362545],[0.9685149352366932,0.9680272106202763,0.9685149352366932,0.9554208326838958,0.9554208326838958,1.0,1.0,0.9344866306352247,0.9344866306352247,0.7739218141754997,0.9544058521628995,0.7547916938854432,0.9669939895132942,0.9642378725886306,0.9543786474055578,0.9990705850148464,0.9754146536054795,0.9175930768869973,0.9175930768869973,0.6511105781535709,-0.11521414757756404,0.9412766636021312,0.3502143936037288,-0.3093446621229865,-0.11925129586066556,0.8828665423034378,0.8580961869098154,0.9357092515106191,0.8989597649032752,0.7523116107962607,0.7693685017988457,0.7450044801290356,0.6987957920179251,0.8698001265893721,0.8743182620882142,0.48648335382362545],[0.9096928307856303,0.910538655185129,0.9096928307856303,0.8932034561321062,0.8932034561321062,0.9344866306352247,0.9344866306352247,1.0,1.0,0.7309717068793009,0.9369295249024482,0.7448600788148497,0.9353145862695245,0.929784799952413,0.9369866871399315,0.9359068402318352,0.9458893545676705,0.9706667681328468,0.9706667681328468,0.5981135645238815,0.006113416687712682,0.8569589014595019,0.5722030975001124,-0.3353750791572455,0.012209543853158956,0.7923983322237906,0.7567077509035602,0.8814648626867143,0.8565467012754023,0.7659368091215579,0.8823787666092497,0.7878772219872148,0.714550358348792,0.8048674828449204,0.8590548152880054,0.8114962362639112],[0.9096928307856303,0.910538655185129,0.9096928307856303,0.8932034561321062,0.8932034561321062,0.9344866306352247,0.9344866306352247,1.0,1.0,0.7309717068793009,0.9369295249024482,0.7448600788148497,0.9353145862695245,0.929784799952413,0.9369866871399315,0.9359068402318352,0.9458893545676705,0.9706667681328468,0.9706667681328468,0.5981135645238815,0.006113416687712682,0.8569589014595019,0.5722030975001124,-0.3353750791572455,0.012209543853158956,0.7923983322237906,0.7567077509035602,0.8814648626867143,0.8565467012754023,0.7659368091215579,0.8823787666092497,0.7878772219872148,0.714550358348792,0.8048674828449204,0.8590548152880054,0.8114962362639112],[0.7981275327940522,0.7996943897008166,0.7981275327940522,0.7666790418634323,0.7666790418634323,0.7739218141754997,0.7739218141754997,0.7309717068793009,0.7309717068793009,1.0,0.6452472484656095,0.9999698044220495,0.5629913962246637,0.4654921973343306,0.6473095369710873,0.7693375131465141,0.7055351660621797,0.8115871799427273,0.8115871799427273,0.6926770953098396,-0.09832198996717892,0.736980402632802,0.036423260793300875,0.04936729768493854,-0.24294700509701517,0.7812243858841961,0.5195241454100675,0.7544987949018862,0.8113991439211321,0.6819756221494979,0.34825879166426243,0.528618030597443,0.56361991638383,0.7862386073120511,0.6478806251138592,0.17089543546924754],[0.9947031448069384,0.9946966462584431,0.9947031448069384,0.9995763381836045,0.9995763381836045,0.9544058521628995,0.9544058521628995,0.9369295249024482,0.9369295249024482,0.6452472484656095,1.0,0.6450844334699207,0.9916289176356545,0.9896145895941244,0.9999324382961077,0.9531201113318334,0.9940857838486418,0.898549530388784,0.898549530388784,0.8529098170486025,-0.02503605114043619,0.996681773165082,0.8985182225379501,-0.5282098988263256,0.37073724669653724,0.8157489720912507,0.8888538798697297,0.9334297027599394,0.895840651053779,0.8123808464229102,0.9238570759311557,0.8643555287048429,0.7604210382590676,0.9064320356692352,0.9470482769803031,0.7931180131429502],[0.7514022506621956,0.751550200640354,0.7514022506621956,0.7184262976289835,0.7184262976289835,0.7547916938854432,0.7547916938854432,0.7448600788148497,0.7448600788148497,0.9999698044220495,0.6450844334699207,1.0,0.5605697381695387,0.4624885299579748,0.6456618300531031,0.7595287782884073,0.7039793067802178,0.8065007696181503,0.8065007696181503,0.6508392117837094,0.030576428179038134,0.6903414410901291,0.4154057503451522,-0.16702930295274532,-0.23134931417674864,0.8102410126357494,0.42015045953572155,0.7262299007807665,0.7825562220304311,0.7052111086276261,0.5611021529879995,0.6999922014520399,0.6811002586715682,0.7413165146009877,0.6330318217810594,0.6625088860999917],[0.9918804188826496,0.9915512288011831,0.9918804188826496,0.9920069751614872,0.9920069751614872,0.9669939895132942,0.9669939895132942,0.9353145862695245,0.9353145862695245,0.5629913962246637,0.9916289176356545,0.5605697381695387,1.0,0.9997995141510623,0.9915475393809655,0.9634394068960207,0.9899900892502238,0.8812595029722272,0.8812595029722272,0.8322327736277884,-0.0043432525966220345,0.9904660874146511,0.9160425413609407,-0.6724348758863451,0.4415283831196882,0.7822112178200064,0.902063899237069,0.9355667168060949,0.8788165369465222,0.7495349140636641,0.9250037932364995,0.8379553859228884,0.7299026146414018,0.8892875698573626,0.9563885854670695,0.8181063061708878],[0.9922892557277448,0.9917723011127011,0.9922892557277448,0.9896850111485094,0.9896850111485094,0.9642378725886306,0.9642378725886306,0.929784799952413,0.929784799952413,0.4654921973343306,0.9896145895941244,0.4624885299579748,0.9997995141510623,1.0,0.9896878262376111,0.9597917856725202,0.9895992800826997,0.8650158798441296,0.8650158798441296,0.8541498609011681,-0.12950613502837133,0.9871028623105264,0.9224696231654217,-0.8325279778019555,0.47706349711613383,0.7309954961875003,0.9078463102226053,0.927590494180207,0.8628827998354213,0.6875725223048641,0.9324099344372409,0.8304413984743403,0.6684536423983267,0.9105143313352405,0.9570928500601784,0.7918542501061535],[0.9947888119121099,0.9947970483344192,0.9947888119121099,0.9995286629287055,0.9995286629287055,0.9543786474055578,0.9543786474055578,0.9369866871399315,0.9369866871399315,0.6473095369710873,0.9999324382961077,0.6456618300531031,0.9915475393809655,0.9896878262376111,1.0,0.9533023452328713,0.994200073431153,0.8990888511010576,0.8990888511010576,0.8538603519045004,-0.025464537911776372,0.9965360818860358,0.8981080601016623,-0.525689694753871,0.37253045085550024,0.8167186064746349,0.8872041675726995,0.9330646615460096,0.8961026228157046,0.8136005823750249,0.9235217720985364,0.8652893735467161,0.7612234268343131,0.906379257136292,0.9472128440128532,0.794256253811324],[0.9754085364301154,0.9749441435628052,0.9754085364301154,0.9578334463942402,0.9578334463942402,0.9990705850148464,0.9990705850148464,0.9359068402318352,0.9359068402318352,0.7693375131465141,0.9531201113318334,0.7595287782884073,0.9634394068960207,0.9597917856725202,0.9533023452328713,1.0,0.9757188806332104,0.9183990303046543,0.9183990303046543,0.6996179535761615,-0.10057024312246687,0.9468179506297525,0.6693288283777864,-0.4402747318930463,-0.16133317666133307,0.8946471635631292,0.8493998567225313,0.9321481063621534,0.9062453759811879,0.7879007475537927,0.8659121277499966,0.7912559532407345,0.7554128578341572,0.8908641681702028,0.871579880714944,0.8009693556217916],[0.9991552337507605,0.9991563459705433,0.9991552337507605,0.9948737829444974,0.9948737829444974,0.9754146536054795,0.9754146536054795,0.9458893545676705,0.9458893545676705,0.7055351660621797,0.9940857838486418,0.7039793067802178,0.9899900892502238,0.9895992800826997,0.994200073431153,0.9757188806332104,1.0,0.9258195438486345,0.9258195438486345,0.8641525849727864,-0.009269446735988209,0.9876063179742899,0.8684516639195441,-0.5081619920507767,0.3878418659155818,0.8630130762208112,0.8770418805716718,0.9456576439978818,0.9261512401211149,0.8342228290934919,0.911991023633492,0.8961936335263583,0.8044181732839214,0.9199607608746396,0.9559478141290407,0.8453220550037309],[0.9147922323254688,0.9147898634188218,0.9147922323254688,0.8882857591340065,0.8882857591340065,0.9175930768869973,0.9175930768869973,0.9706667681328468,0.9706667681328468,0.8115871799427273,0.898549530388784,0.8065007696181503,0.8812595029722272,0.8650158798441296,0.8990888511010576,0.9183990303046543,0.9258195438486345,1.0,1.0,0.7483215229835329,-0.05017761894719361,0.8521024412571419,0.5671781700939015,-0.2190590452285418,-0.20408335294496677,0.8318864506778654,0.7172230077759074,0.842476650599209,0.9192963985503014,0.8434393325741323,0.7989600261992028,0.7635409870358298,0.7081476686850576,0.8502873138752267,0.7845986970692859,0.8566019470027882],[0.9147922323254688,0.9147898634188218,0.9147922323254688,0.8882857591340065,0.8882857591340065,0.9175930768869973,0.9175930768869973,0.9706667681328468,0.9706667681328468,0.8115871799427273,0.898549530388784,0.8065007696181503,0.8812595029722272,0.8650158798441296,0.8990888511010576,0.9183990303046543,0.9258195438486345,1.0,1.0,0.7483215229835329,-0.05017761894719361,0.8521024412571419,0.5671781700939015,-0.2190590452285418,-0.20408335294496677,0.8318864506778654,0.7172230077759074,0.842476650599209,0.9192963985503014,0.8434393325741323,0.7989600261992028,0.7635409870358298,0.7081476686850576,0.8502873138752267,0.7845986970692859,0.8566019470027882],[0.779258557417325,0.7971994430150684,0.779258557417325,0.7517489669711329,0.7517489669711329,0.6511105781535709,0.6511105781535709,0.5981135645238815,0.5981135645238815,0.6926770953098396,0.8529098170486025,0.6508392117837094,0.8322327736277884,0.8541498609011681,0.8538603519045004,0.6996179535761615,0.8641525849727864,0.7483215229835329,0.7483215229835329,1.0,0.02556640684892445,0.7126886850442474,-0.34006907881653825,0.29712676516465125,-0.6530336357196462,0.3660641774065556,0.6835068264847796,0.5219182513859534,0.8389878300026298,0.7005047037211037,0.1417996493893999,0.3235479543841246,0.570218918514953,0.7850528903702351,0.4915237160961512,-0.13423504685782722],[-0.16405992344605844,0.047958425645929365,-0.16405992344605844,-0.1723871080223487,-0.1723871080223487,-0.11521414757756404,-0.11521414757756404,0.006113416687712682,0.006113416687712682,-0.09832198996717892,-0.02503605114043619,0.030576428179038134,-0.0043432525966220345,-0.12950613502837133,-0.025464537911776372,-0.10057024312246687,-0.009269446735988209,-0.05017761894719361,-0.05017761894719361,0.02556640684892445,1.0,-0.11271978832345492,0.09491158443436765,0.16731071696355201,0.7458907518340014,-0.10070295541831123,-0.0709695993488697,-0.030982735394682746,0.14796611055996853,-0.01446672484312496,0.019955732988651782,0.3109502157355529,0.5595170191242557,-0.1373501764026783,0.08767512562682486,0.14582076859164872],[0.9789450502161218,0.9712354842331836,0.9789450502161218,0.991353151277486,0.991353151277486,0.9412766636021312,0.9412766636021312,0.8569589014595019,0.8569589014595019,0.736980402632802,0.996681773165082,0.6903414410901291,0.9904660874146511,0.9871028623105264,0.9965360818860358,0.9468179506297525,0.9876063179742899,0.8521024412571419,0.8521024412571419,0.7126886850442474,-0.11271978832345492,1.0,0.13955889376366964,-0.22411315195157813,-0.2894779055486232,0.6699611867229281,0.923416896664709,0.901536354756131,0.8463380031793618,0.7553430429062008,0.627297446559713,0.6057142205108469,0.5229719178467762,0.9031120833056986,0.6890462070938668,0.20869360497163805],[0.2033208352856798,-0.01754039883277795,0.2033208352856798,0.23164560461172287,0.23164560461172287,0.3502143936037288,0.3502143936037288,0.5722030975001124,0.5722030975001124,0.036423260793300875,0.8985182225379501,0.4154057503451522,0.9160425413609407,0.9224696231654217,0.8981080601016623,0.6693288283777864,0.8684516639195441,0.5671781700939015,0.5671781700939015,-0.34006907881653825,0.09491158443436765,0.13955889376366964,1.0,-0.4697578496989404,0.6998961770423558,0.392544267214035,0.16186414577815383,0.3408226035674658,-0.06905360286654058,0.1051095451449228,0.6129558037532199,0.49267995018251604,0.2082054926983999,0.04369104872619591,0.412023451250234,0.4781025730163152],[-0.13229248900655036,-0.1251214331603438,-0.13229248900655036,-0.16889588894509902,-0.16889588894509902,-0.3093446621229865,-0.3093446621229865,-0.3353750791572455,-0.3353750791572455,0.04936729768493854,-0.5282098988263256,-0.16702930295274532,-0.6724348758863451,-0.8325279778019555,-0.525689694753871,-0.4402747318930463,-0.5081619920507767,-0.2190590452285418,-0.2190590452285418,0.29712676516465125,0.16731071696355201,-0.22411315195157813,-0.4697578496989404,1.0,-0.025085089553192375,-0.18141254358801664,-0.22486499590949915,-0.3219812629029672,-0.06433373513374967,-0.09500927232285468,-0.576176957371688,-0.21671132294491496,-0.03433811793725612,-0.07248245408442712,-0.2446979948466658,-0.4168412567745245],[-0.24494311765631122,-0.2448788411440778,-0.24494311765631122,-0.2435358759173264,-0.2435358759173264,-0.11925129586066556,-0.11925129586066556,0.012209543853158956,0.012209543853158956,-0.24294700509701517,0.37073724669653724,-0.23134931417674864,0.4415283831196882,0.47706349711613383,0.37253045085550024,-0.16133317666133307,0.3878418659155818,-0.20408335294496677,-0.20408335294496677,-0.6530336357196462,0.7458907518340014,-0.2894779055486232,0.6998961770423558,-0.025085089553192375,1.0,-0.10747124515455912,-0.22504084103265873,-0.06821835984590778,-0.3495531551259126,-0.3275998574093175,0.06135935172347034,0.15676925406607103,0.2607609816427104,-0.37324885120855644,0.10438586148751111,0.08746220243269226],[0.8158802904180603,0.6544340343037249,0.8158802904180603,0.8043492586803757,0.8043492586803757,0.8828665423034378,0.8828665423034378,0.7923983322237906,0.7923983322237906,0.7812243858841961,0.8157489720912507,0.8102410126357494,0.7822112178200064,0.7309954961875003,0.8167186064746349,0.8946471635631292,0.8630130762208112,0.8318864506778654,0.8318864506778654,0.3660641774065556,-0.10070295541831123,0.6699611867229281,0.392544267214035,-0.18141254358801664,-0.10747124515455912,1.0,0.5458457141367914,0.8420606017349407,0.5063275706950572,0.6374582953083766,0.5646232932189696,0.6662212054770675,0.4304402133561091,0.7133126298269534,0.7102619276543727,0.42773496346511497],[0.9051700834753351,0.9052419127422712,0.9051700834753351,0.9204662685859504,0.9204662685859504,0.8580961869098154,0.8580961869098154,0.7567077509035602,0.7567077509035602,0.5195241454100675,0.8888538798697297,0.42015045953572155,0.902063899237069,0.9078463102226053,0.8872041675726995,0.8493998567225313,0.8770418805716718,0.7172230077759074,0.7172230077759074,0.6835068264847796,-0.0709695993488697,0.923416896664709,0.16186414577815383,-0.22486499590949915,-0.22504084103265873,0.5458457141367914,1.0,0.799455881492325,0.7617995929544027,0.6601444802773148,0.55214019642911,0.511702659887007,0.4964234379874295,0.8323569547847779,0.6456886497943318,0.14354193522840972],[0.9185523894732348,0.8958575857240862,0.9185523894732348,0.9181316497110582,0.9181316497110582,0.9357092515106191,0.9357092515106191,0.8814648626867143,0.8814648626867143,0.7544987949018862,0.9334297027599394,0.7262299007807665,0.9355667168060949,0.927590494180207,0.9330646615460096,0.9321481063621534,0.9456576439978818,0.842476650599209,0.842476650599209,0.5219182513859534,-0.030982735394682746,0.901536354756131,0.3408226035674658,-0.3219812629029672,-0.06821835984590778,0.8420606017349407,0.799455881492325,1.0,0.7611448445277041,0.6267715616798553,0.626997002435036,0.6159875477564019,0.5363307397347871,0.829644521720562,0.8447595390236183,0.24065757981125133],[0.9212305750947679,0.916036683696845,0.9212305750947679,0.9027679697056411,0.9027679697056411,0.8989597649032752,0.8989597649032752,0.8565467012754023,0.8565467012754023,0.8113991439211321,0.895840651053779,0.7825562220304311,0.8788165369465222,0.8628827998354213,0.8961026228157046,0.9062453759811879,0.9261512401211149,0.9192963985503014,0.9192963985503014,0.8389878300026298,0.14796611055996853,0.8463380031793618,-0.06905360286654058,-0.06433373513374967,-0.3495531551259126,0.5063275706950572,0.7617995929544027,0.7611448445277041,1.0,0.9093329842604515,0.5646503028964867,0.6970756654596532,0.6687427340251462,0.8822406983018902,0.5265689592313613,0.31280082090346867],[0.7852286369850893,0.7949073896738321,0.7852286369850893,0.7874668995265617,0.7874668995265617,0.7523116107962607,0.7523116107962607,0.7659368091215579,0.7659368091215579,0.6819756221494979,0.8123808464229102,0.7052111086276261,0.7495349140636641,0.6875725223048641,0.8136005823750249,0.7879007475537927,0.8342228290934919,0.8434393325741323,0.8434393325741323,0.7005047037211037,-0.01446672484312496,0.7553430429062008,0.1051095451449228,-0.09500927232285468,-0.3275998574093175,0.6374582953083766,0.6601444802773148,0.6267715616798553,0.9093329842604515,1.0,0.5975274580101807,0.6799817717400313,0.6134463020107993,0.7416510759027758,0.6030515668120325,0.4832919684122175],[0.5953931332343814,0.5876499179542176,0.5953931332343814,0.6251013379151876,0.6251013379151876,0.7693685017988457,0.7693685017988457,0.8823787666092497,0.8823787666092497,0.34825879166426243,0.9238570759311557,0.5611021529879995,0.9250037932364995,0.9324099344372409,0.9235217720985364,0.8659121277499966,0.911991023633492,0.7989600261992028,0.7989600261992028,0.1417996493893999,0.019955732988651782,0.627297446559713,0.6129558037532199,-0.576176957371688,0.06135935172347034,0.5646232932189696,0.55214019642911,0.626997002435036,0.5646503028964867,0.5975274580101807,1.0,0.7492519745792546,0.38895490490378637,0.5339868203616608,0.6174478611060727,0.7520383365000541],[0.6462852926791021,0.64370300881525,0.6462852926791021,0.6382848103097194,0.6382848103097194,0.7450044801290356,0.7450044801290356,0.7878772219872148,0.7878772219872148,0.528618030597443,0.8643555287048429,0.6999922014520399,0.8379553859228884,0.8304413984743403,0.8652893735467161,0.7912559532407345,0.8961936335263583,0.7635409870358298,0.7635409870358298,0.3235479543841246,0.3109502157355529,0.6057142205108469,0.49267995018251604,-0.21671132294491496,0.15676925406607103,0.6662212054770675,0.511702659887007,0.6159875477564019,0.6970756654596532,0.6799817717400313,0.7492519745792546,1.0,0.779447815492615,0.5171055729660772,0.7368943157386714,0.557594752627101],[0.624341190510938,0.6491143335460746,0.624341190510938,0.5922473533225655,0.5922473533225655,0.6987957920179251,0.6987957920179251,0.714550358348792,0.714550358348792,0.56361991638383,0.7604210382590676,0.6811002586715682,0.7299026146414018,0.6684536423983267,0.7612234268343131,0.7554128578341572,0.8044181732839214,0.7081476686850576,0.7081476686850576,0.570218918514953,0.5595170191242557,0.5229719178467762,0.2082054926983999,-0.03433811793725612,0.2607609816427104,0.4304402133561091,0.4964234379874295,0.5363307397347871,0.6687427340251462,0.6134463020107993,0.38895490490378637,0.779447815492615,1.0,0.49735759257683554,0.6639736084260149,0.2097672697253513],[0.9356066103194783,0.9335110343930956,0.9356066103194783,0.924532957406089,0.924532957406089,0.8698001265893721,0.8698001265893721,0.8048674828449204,0.8048674828449204,0.7862386073120511,0.9064320356692352,0.7413165146009877,0.8892875698573626,0.9105143313352405,0.906379257136292,0.8908641681702028,0.9199607608746396,0.8502873138752267,0.8502873138752267,0.7850528903702351,-0.1373501764026783,0.9031120833056986,0.04369104872619591,-0.07248245408442712,-0.37324885120855644,0.7133126298269534,0.8323569547847779,0.829644521720562,0.8822406983018902,0.7416510759027758,0.5339868203616608,0.5171055729660772,0.49735759257683554,1.0,0.7510977608481881,0.1956270822186982],[0.8459340006481163,0.7093004267349414,0.8459340006481163,0.8364129724537862,0.8364129724537862,0.8743182620882142,0.8743182620882142,0.8590548152880054,0.8590548152880054,0.6478806251138592,0.9470482769803031,0.6330318217810594,0.9563885854670695,0.9570928500601784,0.9472128440128532,0.871579880714944,0.9559478141290407,0.7845986970692859,0.7845986970692859,0.4915237160961512,0.08767512562682486,0.6890462070938668,0.412023451250234,-0.2446979948466658,0.10438586148751111,0.7102619276543727,0.6456886497943318,0.8447595390236183,0.5265689592313613,0.6030515668120325,0.6174478611060727,0.7368943157386714,0.6639736084260149,0.7510977608481881,1.0,0.2069704989125342],[0.21322252993806015,0.2107042016277837,0.21322252993806015,0.22610645634202728,0.22610645634202728,0.48648335382362545,0.48648335382362545,0.8114962362639112,0.8114962362639112,0.17089543546924754,0.7931180131429502,0.6625088860999917,0.8181063061708878,0.7918542501061535,0.794256253811324,0.8009693556217916,0.8453220550037309,0.8566019470027882,0.8566019470027882,-0.13423504685782722,0.14582076859164872,0.20869360497163805,0.4781025730163152,-0.4168412567745245,0.08746220243269226,0.42773496346511497,0.14354193522840972,0.24065757981125133,0.31280082090346867,0.4832919684122175,0.7520383365000541,0.557594752627101,0.2097672697253513,0.1956270822186982,0.2069704989125342,1.0]],"x":["^TAIEX       \u81fa\u7063\u52a0\u6b0a\u5831\u916c\u6307\u6578","^TWII        \u81fa\u7063\u52a0\u6b0a\u6307\u6578","^TAIEXx2     \u81fa\u7063\u52a0\u6b0a\u5831\u916c\u6307\u6578_\u65e5\u6b632","^TAI50I      \u81fa\u706350\u5831\u916c\u6307\u6578","^TAI50Ix2    \u81fa\u706350\u5831\u916c\u6307\u6578_\u65e5\u6b632","^TAI100I     \u81fa\u7063\u4e2d\u578b100\u5831\u916c\u6307\u6578","^TAI100Ix2   \u81fa\u7063\u4e2d\u578b100\u5831\u916c\u6307\u6578_\u65e5\u6b632","^TAIDIVIDI   \u81fa\u7063\u9ad8\u80a1\u606f\u5831\u916c\u6307\u6578","^TAIDIVIDIx2 \u81fa\u7063\u9ad8\u80a1\u606f\u5831\u916c\u6307\u6578_\u65e5\u6b632","0050Fund     \u5143\u5927\u53f0\u7063\u5353\u8d8a50\u57fa\u91d1","006208Fund   \u5bcc\u90a6\u53f0\u7063\u91c6\u540950\u57fa\u91d1","0050         \u5143\u5927\u81fa\u706350","00631L       \u5143\u5927\u53f0\u706350\u6b632","00675L       \u5bcc\u90a6\u81fa\u7063\u52a0\u6b0a\u6b632","006208       \u5bcc\u90a6\u53f050","0051         \u5143\u5927\u4e2d\u578b100","006204       \u6c38\u8c50\u81fa\u7063\u52a0\u6b0a","0056         \u5143\u5927\u9ad8\u80a1\u606f","0056         \u5143\u5927\u9ad8\u80a1\u606f_\u80a1\u606f\u4e0d\u6295\u5165","2412         \u4e2d\u83ef\u96fb\u4fe1","2002         \u4e2d\u92fc","2330         \u53f0\u7a4d\u96fb","2317         \u9d3b\u6d77","6505         \u53f0\u5851\u77f3\u5316","3481         \u7fa4\u5275","2303         \u806f\u96fb","2308         \u53f0\u9054\u96fb","2454         \u806f\u767c\u79d1","2886         \u5146\u8c50\u91d1","2884         \u7389\u5c71\u91d1","2891         \u4e2d\u4fe1\u91d1","2892         \u7b2c\u4e00\u91d1","5880         \u5408\u5eab\u91d1","2881         \u5bcc\u90a6\u91d1","2885         \u5143\u5927\u91d1","2887         \u53f0\u65b0\u91d1"],"y":["^TAIEX       \u81fa\u7063\u52a0\u6b0a\u5831\u916c\u6307\u6578","^TWII        \u81fa\u7063\u52a0\u6b0a\u6307\u6578","^TAIEXx2     \u81fa\u7063\u52a0\u6b0a\u5831\u916c\u6307\u6578_\u65e5\u6b632","^TAI50I      \u81fa\u706350\u5831\u916c\u6307\u6578","^TAI50Ix2    \u81fa\u706350\u5831\u916c\u6307\u6578_\u65e5\u6b632","^TAI100I     \u81fa\u7063\u4e2d\u578b100\u5831\u916c\u6307\u6578","^TAI100Ix2   \u81fa\u7063\u4e2d\u578b100\u5831\u916c\u6307\u6578_\u65e5\u6b632","^TAIDIVIDI   \u81fa\u7063\u9ad8\u80a1\u606f\u5831\u916c\u6307\u6578","^TAIDIVIDIx2 \u81fa\u7063\u9ad8\u80a1\u606f\u5831\u916c\u6307\u6578_\u65e5\u6b632","0050Fund     \u5143\u5927\u53f0\u7063\u5353\u8d8a50\u57fa\u91d1","006208Fund   \u5bcc\u90a6\u53f0\u7063\u91c6\u540950\u57fa\u91d1","0050         \u5143\u5927\u81fa\u706350","00631L       \u5143\u5927\u53f0\u706350\u6b632","00675L       \u5bcc\u90a6\u81fa\u7063\u52a0\u6b0a\u6b632","006208       \u5bcc\u90a6\u53f050","0051         \u5143\u5927\u4e2d\u578b100","006204       \u6c38\u8c50\u81fa\u7063\u52a0\u6b0a","0056         \u5143\u5927\u9ad8\u80a1\u606f","0056         \u5143\u5927\u9ad8\u80a1\u606f_\u80a1\u606f\u4e0d\u6295\u5165","2412         \u4e2d\u83ef\u96fb\u4fe1","2002         \u4e2d\u92fc","2330         \u53f0\u7a4d\u96fb","2317         \u9d3b\u6d77","6505         \u53f0\u5851\u77f3\u5316","3481         \u7fa4\u5275","2303         \u806f\u96fb","2308         \u53f0\u9054\u96fb","2454         \u806f\u767c\u79d1","2886         \u5146\u8c50\u91d1","2884         \u7389\u5c71\u91d1","2891         \u4e2d\u4fe1\u91d1","2892         \u7b2c\u4e00\u91d1","5880         \u5408\u5eab\u91d1","2881         \u5bcc\u90a6\u91d1","2885         \u5143\u5927\u91d1","2887         \u53f0\u65b0\u91d1"],"zmin":-1,"zmax":1,"colorbar":{"x":-0.2}}],"layout":{"autotypenumbers":"strict","colorway":["#636efa","#EF553B","#00cc96","#ab63fa","#FFA15A","#19d3f3","#FF6692","#B6E880","#FF97FF","#FECB52"],"font":{"color":"#f2f5fa","family":"Courier New"},"hovermode":"closest","hoverlabel":{"align":"left"},"paper_bgcolor":"rgb(17,17,17)","plot_bgcolor":"rgb(17,17,17)","polar":{"bgcolor":"rgb(17,17,17)","angularaxis":{"gridcolor":"#506784","linecolor":"#506784","ticks":""},"radialaxis":{"gridcolor":"#506784","linecolor":"#506784","ticks":""}},"ternary":{"bgcolor":"rgb(17,17,17)","aaxis":{"gridcolor":"#506784","linecolor":"#506784","ticks":""},"baxis":{"gridcolor":"#506784","linecolor":"#506784","ticks":""},"caxis":{"gridcolor":"#506784","linecolor":"#506784","ticks":""}},"coloraxis":{"colorbar":{"outlinewidth":0,"ticks":""}},"colorscale":{"sequential":[[0.0,"#0d0887"],[0.1111111111111111,"#46039f"],[0.2222222222222222,"#7201a8"],[0.3333333333333333,"#9c179e"],[0.4444444444444444,"#bd3786"],[0.5555555555555556,"#d8576b"],[0.6666666666666666,"#ed7953"],[0.7777777777777778,"#fb9f3a"],[0.8888888888888888,"#fdca26"],[1.0,"#f0f921"]],"sequentialminus":[[0.0,"#0d0887"],[0.1111111111111111,"#46039f"],[0.2222222222222222,"#7201a8"],[0.3333333333333333,"#9c179e"],[0.4444444444444444,"#bd3786"],[0.5555555555555556,"#d8576b"],[0.6666666666666666,"#ed7953"],[0.7777777777777778,"#fb9f3a"],[0.8888888888888888,"#fdca26"],[1.0,"#f0f921"]],"diverging":[[0,"#8e0152"],[0.1,"#c51b7d"],[0.2,"#de77ae"],[0.3,"#f1b6da"],[0.4,"#fde0ef"],[0.5,"#f7f7f7"],[0.6,"#e6f5d0"],[0.7,"#b8e186"],[0.8,"#7fbc41"],[0.9,"#4d9221"],[1,"#276419"]]},"xaxis":{"gridcolor":"rgba(0, 0, 0, 0)","linecolor":"#506784","ticks":"","title":{"standoff":15},"zerolinecolor":"#283442","automargin":true,"zerolinewidth":2,"tickfont":{"family":"Courier New","size":14},"side":"top","tickangle":-90},"yaxis":{"gridcolor":"rgba(0, 0, 0, 0)","linecolor":"#506784","ticks":"","title":{"standoff":15},"zerolinecolor":"#283442","automargin":true,"zerolinewidth":2,"tickfont":{"family":"Courier New"},"side":"right"},"scene":{"xaxis":{"backgroundcolor":"rgb(17,17,17)","gridcolor":"#506784","linecolor":"#506784","showbackground":true,"ticks":"","zerolinecolor":"#C8D4E3","gridwidth":2},"yaxis":{"backgroundcolor":"rgb(17,17,17)","gridcolor":"#506784","linecolor":"#506784","showbackground":true,"ticks":"","zerolinecolor":"#C8D4E3","gridwidth":2},"zaxis":{"backgroundcolor":"rgb(17,17,17)","gridcolor":"#506784","linecolor":"#506784","showbackground":true,"ticks":"","zerolinecolor":"#C8D4E3","gridwidth":2}},"shapedefaults":{"line":{"color":"#f2f5fa"}},"annotationdefaults":{"arrowcolor":"#f2f5fa","arrowhead":0,"arrowwidth":1},"geo":{"bgcolor":"rgb(17,17,17)","landcolor":"rgb(17,17,17)","subunitcolor":"#506784","showland":true,"showlakes":true,"lakecolor":"rgb(17,17,17)"},"title":{"x":0.05,"font":{"family":"Times New Roman"},"y":0.05,"text":"<b>Correlation of Close<b><br><i>2016-09-23 ~ 2026-01-23<i>"},"updatemenudefaults":{"bgcolor":"#506784","borderwidth":0},"sliderdefaults":{"bgcolor":"#C8D4E3","borderwidth":1,"bordercolor":"rgb(17,17,17)","tickwidth":0},"mapbox":{"style":"dark"},"annotations":[{"text":"<b>@zwindr<b>","textangle":0,"opacity":0.5,"font":{"color":"white","size":12},"xref":"paper","yref":"paper","xanchor":"left","yanchor":"bottom","x":1.0,"y":1.0,"showarrow":false}]},"config":{"responsive":true,"toImageButtonOptions":{"filename":"Correlation of Close_2016-09-23~2026-01-23","scale":5}}};Plotly.newPlot("correlationClose",correlationClose.data,correlationClose.layout||{},correlationClose.config);}else{console.log("style display is none => correlationClose");}