var element=document.getElementById("correlationAdjClose");if(element.style.display!='none'){var correlationAdjClose={"data":[{"type":"heatmap","z":[[1.0,0.9957932065313768,0.9681132629435169,0.996588015106202,0.9405038168222953,0.986196520744444,0.960473176539731,0.984904579341981,0.9778937290319155,0.9967346404769067,0.9963441626080304,0.9967415118576008,0.989466770247603,0.9909318717556544,0.9964496404341698,0.9872354617057768,0.9997446946830332,0.9843846539386552,0.8923763928658487,0.9093281348484417,0.6474381917382361,0.9839519639451577,0.9423425295561517,0.3185598601297736,-0.26902839828741754,0.9055792226333997,0.9140481789006136,0.9658875584949862,0.964761960379736,0.9601932218864584,0.9822596005012577,0.9623155959725217,0.9262841034170397,0.9810192614525448,0.9791098648072049,0.9610328541346153],[0.9957932065313768,1.0,0.9670553530731578,0.9926626296158105,0.9397111364560059,0.9827105487510367,0.9579994363083427,0.9769522738717976,0.9725065731854596,0.993811011672959,0.995463505370721,0.9950493041378473,0.9900212959958201,0.9906946316714915,0.9955355359834056,0.9828264442778308,0.9978251807852889,0.9785840090826684,0.908488292904569,0.8991730042900512,0.6708934555578674,0.9718148925238792,0.9263078661577607,0.31645159289736496,-0.2054760552697226,0.8865625486398789,0.9120528290959451,0.965271735753523,0.9469185244498907,0.9486065070320612,0.9749000155452142,0.9488728416112027,0.9252069580646466,0.9722390070950441,0.9718586681116995,0.9564376269033753],[0.9681132629435169,0.9670553530731578,1.0,0.9815680172673442,0.99360382199752,0.9625356096811424,0.9781619889254679,0.934847107994065,0.963410166289252,0.9814294590177661,0.9882097963348327,0.9849542656035666,0.997219528835555,0.9970627508582072,0.9878959325819997,0.9596583023509555,0.9793734258988813,0.9337855014804627,0.8280028401945106,0.7935113812051624,0.4925297740393759,0.9913792836120586,0.9274522004253493,0.14379148644976147,-0.18246582176362586,0.8706982715484384,0.9560913744450356,0.9611496887077775,0.8783305009292094,0.8826062141101925,0.96223912067942,0.879226804693927,0.8418939721675163,0.9406560315929381,0.9664025461604413,0.912100846039494],[0.996588015106202,0.9926626296158105,0.9815680172673442,1.0,0.9619169142391407,0.9775177506859624,0.9603037527979914,0.972479647972007,0.9725363656726365,0.9999760207561869,0.9999935872457207,0.9999693875507811,0.9935041433922509,0.9930520268526054,0.9999599626341064,0.9759408145133688,0.9959719639241083,0.9715105120787006,0.8700775056746499,0.8855812407160801,0.6024374189389141,0.994323118178043,0.9449109217331431,0.2811954343555619,-0.2536173630663965,0.8941419777564626,0.933195644901534,0.9674750968044408,0.9457269262755361,0.9485545361991911,0.9836383435737277,0.9440332378994014,0.9037811759681837,0.9741939918848034,0.9772251093247537,0.9492306908102143],[0.9405038168222953,0.9397111364560059,0.99360382199752,0.9619169142391407,1.0,0.9275336621604665,0.9539879062883999,0.8955494683756011,0.9320099186494397,0.9622070861919892,0.9721654010316063,0.9679451136822355,0.9831145300191915,0.9816400819801787,0.9716264811456239,0.9234656650228343,0.9538867814974644,0.8940327199613269,0.7797901219678143,0.7479319923155814,0.43172428618168185,0.9798022512481903,0.9086923319164385,0.10565656005104479,-0.16400463447633473,0.8266484156432696,0.9664827281634412,0.9354092249307278,0.8306525195446653,0.8434691519652656,0.9402075750003542,0.8332101233279804,0.7879300729682391,0.9074900152669568,0.9391937856799263,0.872976537392435],[0.986196520744444,0.9827105487510367,0.9625356096811424,0.9775177506859624,0.9275336621604665,1.0,0.9828644072637277,0.9819290629290945,0.9851528820808025,0.9770761836388895,0.9715294737406471,0.9750246696529576,0.966724772387821,0.9644696435951904,0.9715938030736009,0.9999128135819164,0.9881221634667944,0.9826295548306205,0.8990788728703527,0.8709975297950489,0.6178558237679741,0.9678024012159553,0.918186307410173,0.20381295628211296,-0.20101758410901047,0.9355379635545935,0.88740785248842,0.9695857452194834,0.9520821225402907,0.9356567681064893,0.9642167998355937,0.9508480927920419,0.940150387817928,0.9652113226490745,0.9822822385547142,0.9634804605664227],[0.960473176539731,0.9579994363083427,0.9781619889254679,0.9603037527979914,0.9539879062883999,0.9828644072637277,1.0,0.950087966741494,0.9830173701570594,0.9592458964955102,0.9678672882273979,0.9648842537032571,0.9787018944694784,0.9785074598471533,0.9676915354918645,0.9839504270752766,0.9768027422322186,0.9520246665497809,0.8566308523474045,0.7891554965038243,0.501073970813184,0.9637019418585336,0.9185442281849949,0.06863258286092815,-0.13933698500589306,0.8952610255208985,0.9069330230356378,0.9643428930766942,0.8900494027804744,0.8719267887756699,0.9487016786137122,0.88913571268357,0.8819919236003827,0.9358643793231365,0.9737685411460741,0.9224346137966896],[0.984904579341981,0.9769522738717976,0.934847107994065,0.972479647972007,0.8955494683756011,0.9819290629290945,0.950087966741494,1.0,0.9840593546520742,0.9724551802420471,0.9666689148279455,0.9711141901155594,0.9489737005599255,0.9471319660647629,0.9669864949940948,0.9837500051053896,0.9814151319643555,0.9998928767276626,0.9299139899808282,0.9318590471061927,0.5966529768213139,0.9561529642946685,0.9094598560324667,0.18050376740411586,-0.29225846203072475,0.9149477838638492,0.8420884797888492,0.9489155010257657,0.977826651372353,0.9603813505859329,0.9672676189862782,0.9674186126121576,0.9359176844727228,0.967152339701349,0.9606016043591833,0.970637774189295],[0.9778937290319155,0.9725065731854596,0.963410166289252,0.9725363656726365,0.9320099186494397,0.9851528820808025,0.9830173701570594,0.9840593546520742,1.0,0.9719291327335352,0.967105835405399,0.9705171950256638,0.9613525011340643,0.9571508675664305,0.9671360364229624,0.984376346682036,0.976734345588561,0.9834192979496151,0.9020790500671093,0.8664760057744891,0.5090166575802016,0.9670554937198126,0.9289965707117068,0.04211656922423982,-0.21375144512233457,0.8945892859145846,0.868097683587231,0.9698067840475765,0.9346371476262769,0.9116369404381458,0.9671186431467177,0.9247999025709163,0.8984121715487652,0.9580678886208251,0.9766387086281494,0.9382135297845899],[0.9967346404769067,0.993811011672959,0.9814294590177661,0.9999760207561869,0.9622070861919892,0.9770761836388895,0.9592458964955102,0.9724551802420471,0.9719291327335352,1.0,0.9999926393843341,0.9999851893080988,0.9934906426409099,0.9930411115196441,0.9999629644695802,0.9755005543034477,0.9958641797396685,0.9715721148133278,0.8716267167130359,0.8868676740939405,0.5976792940804574,0.9945324745924116,0.9451312823107076,0.2858227110140346,-0.2530789614493731,0.8944041987613106,0.9318791164555313,0.9662850513288365,0.9452610934088471,0.9476380437460843,0.9829507506623787,0.9433400229840285,0.902351990812735,0.9734081019788324,0.9764636336159466,0.9481286456289394],[0.9963441626080304,0.995463505370721,0.9882097963348327,0.9999935872457207,0.9721654010316063,0.9715294737406471,0.9678672882273979,0.9666689148279455,0.967105835405399,0.9999926393843341,1.0,0.9999783134805176,0.9935532224167644,0.9930826238561321,0.9999650671800617,0.9710303049946207,0.9956928536335439,0.9669037732761939,0.888190535343436,0.91589756210501,0.4509159258953005,0.9974573297837552,0.9344073731532713,-0.1918380477270735,0.4750941684603514,0.885928349237996,0.9121615282645531,0.9659803244746619,0.931092068874561,0.9301860650172182,0.977071044895663,0.920685134015085,0.8698166865894158,0.9637872953014341,0.9832588406679407,0.9456847830856822],[0.9967415118576008,0.9950493041378473,0.9849542656035666,0.9999693875507811,0.9679451136822355,0.9750246696529576,0.9648842537032571,0.9711141901155594,0.9705171950256638,0.9999851893080988,0.9999783134805176,1.0,0.9935146145225768,0.9930418920276628,0.9999723945446707,0.9746864221198275,0.9957872335596656,0.9709070209733373,0.8786577776276943,0.9040627427978604,0.5257869053533862,0.9965282751178725,0.943137544115836,0.015055231106176322,-0.12805105048784357,0.9019923582477084,0.9211121999393461,0.962168903837575,0.9365893749531176,0.9372049059156498,0.9803362178423501,0.9324295491951662,0.8923765889285598,0.9693581956313845,0.9765111302741566,0.9506946080095295],[0.989466770247603,0.9900212959958201,0.997219528835555,0.9935041433922509,0.9831145300191915,0.966724772387821,0.9787018944694784,0.9489737005599255,0.9613525011340643,0.9934906426409099,0.9935532224167644,0.9935146145225768,1.0,0.9998379588662785,0.9934816764591953,0.9661480693371878,0.9902106541157703,0.9491416830989944,0.8608969866898571,0.8962933121970678,0.3526899074564745,0.9919387113684451,0.9253722155761145,-0.43242198760387596,0.5018808738475481,0.8574241996054716,0.928022089736881,0.9591985274180066,0.8968473479164482,0.8929551020759365,0.962440313529434,0.886708196109219,0.8186718712060336,0.9488731986028015,0.9749313359342526,0.9358697012302372],[0.9909318717556544,0.9906946316714915,0.9970627508582072,0.9930520268526054,0.9816400819801787,0.9644696435951904,0.9785074598471533,0.9471319660647629,0.9571508675664305,0.9930411115196441,0.9930826238561321,0.9930418920276628,0.9998379588662785,1.0,0.993117094135264,0.9638077472681981,0.9914705134533958,0.947417393066296,0.844704717970975,0.9069059051619646,0.204697520351749,0.9896939628911966,0.918385880616079,-0.7295850256025496,0.482848378614646,0.8280347976041169,0.9294223293546308,0.953822428283712,0.8869851379751953,0.8861070298531184,0.9583725941648221,0.8883569810223321,0.7927781319722338,0.9453493183512859,0.9736176071886934,0.9351135734865264],[0.9964496404341698,0.9955355359834056,0.9878959325819997,0.9999599626341064,0.9716264811456239,0.9715938030736009,0.9676915354918645,0.9669864949940948,0.9671360364229624,0.9999629644695802,0.9999650671800617,0.9999723945446707,0.9934816764591953,0.993117094135264,1.0,0.9711902461186785,0.9957923970487425,0.9671639284565219,0.8886608657807706,0.9165360595832434,0.4512452959857567,0.9972803608251807,0.9342779036173626,-0.18952072213695115,0.4768534676643159,0.886216724197856,0.9110394810606288,0.9656947647747228,0.9313571424878359,0.9305642889840721,0.9770974593664637,0.9212310056500084,0.8703076219511404,0.9637020030234941,0.983348354267293,0.9463911801327693],[0.9872354617057768,0.9828264442778308,0.9596583023509555,0.9759408145133688,0.9234656650228343,0.9999128135819164,0.9839504270752766,0.9837500051053896,0.984376346682036,0.9755005543034477,0.9710303049946207,0.9746864221198275,0.9661480693371878,0.9638077472681981,0.9711902461186785,1.0,0.9880217964286993,0.9829504334908832,0.9019637558167773,0.8950637209231853,0.5985697909382347,0.9652154477247169,0.9135112857652409,0.053534834084794036,-0.16458463365909795,0.9414180119974729,0.8754332871367748,0.9672023161953487,0.9550539142762445,0.9332505608342807,0.9612883795333728,0.9520399859704947,0.9380461983818058,0.9671940861735995,0.981462060355044,0.967101350715885],[0.9997446946830332,0.9978251807852889,0.9793734258988813,0.9959719639241083,0.9538867814974644,0.9881221634667944,0.9768027422322186,0.9814151319643555,0.976734345588561,0.9958641797396685,0.9956928536335439,0.9957872335596656,0.9902106541157703,0.9914705134533958,0.9957923970487425,0.9880217964286993,1.0,0.9816523912683703,0.9127232057962642,0.930568178323378,0.5162360479053436,0.9885121991960477,0.9282689439168692,-0.13300141192055123,0.49419337727508605,0.9166169317712848,0.8949266512267154,0.9706349164407526,0.9539858012926979,0.9432574123634856,0.9757845512899084,0.9440246421919158,0.9070927483385133,0.9732137425041242,0.9891061363060503,0.9669495530304412],[0.9843846539386552,0.9785840090826684,0.9337855014804627,0.9715105120787006,0.8940327199613269,0.9826295548306205,0.9520246665497809,0.9998928767276626,0.9834192979496151,0.9715721148133278,0.9669037732761939,0.9709070209733373,0.9491416830989944,0.947417393066296,0.9671639284565219,0.9829504334908832,0.9816523912683703,1.0,0.9327210061498534,0.9380731340323571,0.5930779665258554,0.9542078405674904,0.9127077109115405,0.14330840937567518,-0.26143036712804635,0.9193031088515288,0.8366227484672637,0.9487589712825606,0.9783531813632151,0.9599212917494072,0.9655318079939282,0.9663124240119375,0.9354849766103157,0.9664034635460906,0.9586063896584736,0.9715225018206263],[0.8923763928658487,0.908488292904569,0.8280028401945106,0.8700775056746499,0.7797901219678143,0.8990788728703527,0.8566308523474045,0.9299139899808282,0.9020790500671093,0.8716267167130359,0.888190535343436,0.8786577776276943,0.8608969866898571,0.844704717970975,0.8886608657807706,0.9019637558167773,0.9127232057962642,0.9327210061498534,1.0,0.8386216123508314,0.6764116364199777,0.8390291134956243,0.8127752283696877,0.23187910259559213,-0.14876980325180988,0.8657675098628607,0.7087175656795582,0.8581132775598507,0.8984887641083047,0.8675018448378506,0.8530116577343435,0.8792836358268227,0.8644781774957137,0.8613817215347445,0.8704242406779588,0.8973289626595105],[0.9093281348484417,0.8991730042900512,0.7935113812051624,0.8855812407160801,0.7479319923155814,0.8709975297950489,0.7891554965038243,0.9318590471061927,0.8664760057744891,0.8868676740939405,0.91589756210501,0.9040627427978604,0.8962933121970678,0.9069059051619646,0.9165360595832434,0.8950637209231853,0.930568178323378,0.9380731340323571,0.8386216123508314,1.0,0.8150030825902056,0.8329356304773147,0.867014893627138,0.6102355949132409,-0.5081955356946108,0.7320345464228285,0.7688134555949677,0.8167765213310763,0.9613811285681066,0.9401631501157205,0.889782972201587,0.9494890290047953,0.9053654679172548,0.9014324880127043,0.8472538340380799,0.8864057521841385],[0.6474381917382361,0.6708934555578674,0.4925297740393759,0.6024374189389141,0.43172428618168185,0.6178558237679741,0.501073970813184,0.5966529768213139,0.5090166575802016,0.5976792940804574,0.4509159258953005,0.5257869053533862,0.3526899074564745,0.204697520351749,0.4512452959857567,0.5985697909382347,0.5162360479053436,0.5930779665258554,0.6764116364199777,0.8150030825902056,1.0,0.5363625012810455,0.6607774512784511,0.7223129189611526,-0.11580949115587116,0.5248032526310901,0.5023342107932245,0.5787127047828676,0.7596673693463144,0.6844777315299602,0.5829967700764961,0.720083902600924,0.7447605905423436,0.6376596733950924,0.5949283730083998,0.6501947127061163],[0.9839519639451577,0.9718148925238792,0.9913792836120586,0.994323118178043,0.9798022512481903,0.9678024012159553,0.9637019418585336,0.9561529642946685,0.9670554937198126,0.9945324745924116,0.9974573297837552,0.9965282751178725,0.9919387113684451,0.9896939628911966,0.9972803608251807,0.9652154477247169,0.9885121991960477,0.9542078405674904,0.8390291134956243,0.8329356304773147,0.5363625012810455,1.0,0.9219847153340294,0.21064438983326536,-0.24047865750856273,0.8747919116236913,0.9456433811931723,0.9675762025858283,0.9074818520487509,0.9241179982518838,0.9748156520525296,0.9150332120440063,0.8700851214203192,0.9590903911794434,0.9634830628027385,0.9281913873620675],[0.9423425295561517,0.9263078661577607,0.9274522004253493,0.9449109217331431,0.9086923319164385,0.918186307410173,0.9185442281849949,0.9094598560324667,0.9289965707117068,0.9451312823107076,0.9344073731532713,0.943137544115836,0.9253722155761145,0.918385880616079,0.9342779036173626,0.9135112857652409,0.9282689439168692,0.9127077109115405,0.8127752283696877,0.867014893627138,0.6607774512784511,0.9219847153340294,1.0,0.26159858863171254,-0.17348121065730454,0.7446176895504341,0.8882275907960071,0.9113966973106621,0.8994430145509702,0.8685978910525038,0.9436472873645712,0.8781598587000281,0.8421809942564997,0.9378073835210486,0.9000998594610904,0.8747137234400455],[0.3185598601297736,0.31645159289736496,0.14379148644976147,0.2811954343555619,0.10565656005104479,0.20381295628211296,0.06863258286092815,0.18050376740411586,0.04211656922423982,0.2858227110140346,-0.1918380477270735,0.015055231106176322,-0.43242198760387596,-0.7295850256025496,-0.18952072213695115,0.053534834084794036,-0.13300141192055123,0.14330840937567518,0.23187910259559213,0.6102355949132409,0.7223129189611526,0.21064438983326536,0.26159858863171254,1.0,-0.37930930520403594,0.23995313820488953,0.17173084803706856,0.14567385745764547,0.4379214540204324,0.42528003811244003,0.2589748553705238,0.4498978376342644,0.3855799737628432,0.297478506029197,0.21429247185376224,0.3323620410924212],[-0.26902839828741754,-0.2054760552697226,-0.18246582176362586,-0.2536173630663965,-0.16400463447633473,-0.20101758410901047,-0.13933698500589306,-0.29225846203072475,-0.21375144512233457,-0.2530789614493731,0.4750941684603514,-0.12805105048784357,0.5018808738475481,0.482848378614646,0.4768534676643159,-0.16458463365909795,0.49419337727508605,-0.26143036712804635,-0.14876980325180988,-0.5081955356946108,-0.11580949115587116,-0.24047865750856273,-0.17348121065730454,-0.37930930520403594,1.0,-0.14797311902914834,-0.20331259978399932,-0.16693599375237864,-0.37407841555590926,-0.3595579130576948,-0.28597719801639016,-0.33164083658745724,-0.20496715509577776,-0.32252029726488113,-0.16553085690301822,-0.2936610385487106],[0.9055792226333997,0.8865625486398789,0.8706982715484384,0.8941419777564626,0.8266484156432696,0.9355379635545935,0.8952610255208985,0.9149477838638492,0.8945892859145846,0.8944041987613106,0.885928349237996,0.9019923582477084,0.8574241996054716,0.8280347976041169,0.886216724197856,0.9414180119974729,0.9166169317712848,0.9193031088515288,0.8657675098628607,0.7320345464228285,0.5248032526310901,0.8747919116236913,0.7446176895504341,0.23995313820488953,-0.14797311902914834,1.0,0.7634444522342549,0.8963657072605843,0.8326244566435732,0.8763677374241673,0.8453924100566778,0.8821092669930762,0.8726783582541032,0.873118059282684,0.8794833697900365,0.9089342218406947],[0.9140481789006136,0.9120528290959451,0.9560913744450356,0.933195644901534,0.9664827281634412,0.88740785248842,0.9069330230356378,0.8420884797888492,0.868097683587231,0.9318791164555313,0.9121615282645531,0.9211121999393461,0.928022089736881,0.9294223293546308,0.9110394810606288,0.8754332871367748,0.8949266512267154,0.8366227484672637,0.7087175656795582,0.7688134555949677,0.5023342107932245,0.9456433811931723,0.8882275907960071,0.17173084803706856,-0.20331259978399932,0.7634444522342549,1.0,0.8818747431190975,0.8198967173094833,0.82609941989944,0.9062815917811488,0.8158685068712032,0.7694330826923121,0.8781218203303325,0.894715228865194,0.849385111877361],[0.9658875584949862,0.965271735753523,0.9611496887077775,0.9674750968044408,0.9354092249307278,0.9695857452194834,0.9643428930766942,0.9489155010257657,0.9698067840475765,0.9662850513288365,0.9659803244746619,0.962168903837575,0.9591985274180066,0.953822428283712,0.9656947647747228,0.9672023161953487,0.9706349164407526,0.9487589712825606,0.8581132775598507,0.8167765213310763,0.5787127047828676,0.9675762025858283,0.9113966973106621,0.14567385745764547,-0.16693599375237864,0.8963657072605843,0.8818747431190975,1.0,0.9087005188256759,0.9003096204634745,0.9531157229724173,0.8976307475507074,0.882348163106393,0.954175600676854,0.9772108949361331,0.9082155968003316],[0.964761960379736,0.9469185244498907,0.8783305009292094,0.9457269262755361,0.8306525195446653,0.9520821225402907,0.8900494027804744,0.977826651372353,0.9346371476262769,0.9452610934088471,0.931092068874561,0.9365893749531176,0.8968473479164482,0.8869851379751953,0.9313571424878359,0.9550539142762445,0.9539858012926979,0.9783531813632151,0.8984887641083047,0.9613811285681066,0.7596673693463144,0.9074818520487509,0.8994430145509702,0.4379214540204324,-0.37407841555590926,0.8326244566435732,0.8198967173094833,0.9087005188256759,1.0,0.9866931904371369,0.950191745137249,0.9910521864008014,0.955604769961249,0.958906590669366,0.9096986152571918,0.9638861449743221],[0.9601932218864584,0.9486065070320612,0.8826062141101925,0.9485545361991911,0.8434691519652656,0.9356567681064893,0.8719267887756699,0.9603813505859329,0.9116369404381458,0.9476380437460843,0.9301860650172182,0.9372049059156498,0.8929551020759365,0.8861070298531184,0.9305642889840721,0.9332505608342807,0.9432574123634856,0.9599212917494072,0.8675018448378506,0.9401631501157205,0.6844777315299602,0.9241179982518838,0.8685978910525038,0.42528003811244003,-0.3595579130576948,0.8763677374241673,0.82609941989944,0.9003096204634745,0.9866931904371369,1.0,0.9475711719595497,0.9853584394961837,0.9564918221948031,0.9446311257422568,0.9245802607250191,0.9640933381283989],[0.9822596005012577,0.9749000155452142,0.96223912067942,0.9836383435737277,0.9402075750003542,0.9642167998355937,0.9487016786137122,0.9672676189862782,0.9671186431467177,0.9829507506623787,0.977071044895663,0.9803362178423501,0.962440313529434,0.9583725941648221,0.9770974593664637,0.9612883795333728,0.9757845512899084,0.9655318079939282,0.8530116577343435,0.889782972201587,0.5829967700764961,0.9748156520525296,0.9436472873645712,0.2589748553705238,-0.28597719801639016,0.8453924100566778,0.9062815917811488,0.9531157229724173,0.950191745137249,0.9475711719595497,1.0,0.9448464344833958,0.9000514822742953,0.9772673321308251,0.9692251854340177,0.9498297716059593],[0.9623155959725217,0.9488728416112027,0.879226804693927,0.9440332378994014,0.8332101233279804,0.9508480927920419,0.88913571268357,0.9674186126121576,0.9247999025709163,0.9433400229840285,0.920685134015085,0.9324295491951662,0.886708196109219,0.8883569810223321,0.9212310056500084,0.9520399859704947,0.9440246421919158,0.9663124240119375,0.8792836358268227,0.9494890290047953,0.720083902600924,0.9150332120440063,0.8781598587000281,0.4498978376342644,-0.33164083658745724,0.8821092669930762,0.8158685068712032,0.8976307475507074,0.9910521864008014,0.9853584394961837,0.9448464344833958,1.0,0.9743513252826296,0.9486976961092753,0.9336173861277876,0.9625782817961696],[0.9262841034170397,0.9252069580646466,0.8418939721675163,0.9037811759681837,0.7879300729682391,0.940150387817928,0.8819919236003827,0.9359176844727228,0.8984121715487652,0.902351990812735,0.8698166865894158,0.8923765889285598,0.8186718712060336,0.7927781319722338,0.8703076219511404,0.9380461983818058,0.9070927483385133,0.9354849766103157,0.8644781774957137,0.9053654679172548,0.7447605905423436,0.8700851214203192,0.8421809942564997,0.3855799737628432,-0.20496715509577776,0.8726783582541032,0.7694330826923121,0.882348163106393,0.955604769961249,0.9564918221948031,0.9000514822742953,0.9743513252826296,1.0,0.9070002613364426,0.9155694921085635,0.9466169174877396],[0.9810192614525448,0.9722390070950441,0.9406560315929381,0.9741939918848034,0.9074900152669568,0.9652113226490745,0.9358643793231365,0.967152339701349,0.9580678886208251,0.9734081019788324,0.9637872953014341,0.9693581956313845,0.9488731986028015,0.9453493183512859,0.9637020030234941,0.9671940861735995,0.9732137425041242,0.9664034635460906,0.8613817215347445,0.9014324880127043,0.6376596733950924,0.9590903911794434,0.9378073835210486,0.297478506029197,-0.32252029726488113,0.873118059282684,0.8781218203303325,0.954175600676854,0.958906590669366,0.9446311257422568,0.9772673321308251,0.9486976961092753,0.9070002613364426,1.0,0.9611805526194646,0.9494778251965619],[0.9791098648072049,0.9718586681116995,0.9664025461604413,0.9772251093247537,0.9391937856799263,0.9822822385547142,0.9737685411460741,0.9606016043591833,0.9766387086281494,0.9764636336159466,0.9832588406679407,0.9765111302741566,0.9749313359342526,0.9736176071886934,0.983348354267293,0.981462060355044,0.9891061363060503,0.9586063896584736,0.8704242406779588,0.8472538340380799,0.5949283730083998,0.9634830628027385,0.9000998594610904,0.21429247185376224,-0.16553085690301822,0.8794833697900365,0.894715228865194,0.9772108949361331,0.9096986152571918,0.9245802607250191,0.9692251854340177,0.9336173861277876,0.9155694921085635,0.9611805526194646,1.0,0.9330171591069336],[0.9610328541346153,0.9564376269033753,0.912100846039494,0.9492306908102143,0.872976537392435,0.9634804605664227,0.9224346137966896,0.970637774189295,0.9382135297845899,0.9481286456289394,0.9456847830856822,0.9506946080095295,0.9358697012302372,0.9351135734865264,0.9463911801327693,0.967101350715885,0.9669495530304412,0.9715225018206263,0.8973289626595105,0.8864057521841385,0.6501947127061163,0.9281913873620675,0.8747137234400455,0.3323620410924212,-0.2936610385487106,0.9089342218406947,0.849385111877361,0.9082155968003316,0.9638861449743221,0.9640933381283989,0.9498297716059593,0.9625782817961696,0.9466169174877396,0.9494778251965619,0.9330171591069336,1.0]],"x":["^TAIEX       \u81fa\u7063\u52a0\u6b0a\u5831\u916c\u6307\u6578","^TWII        \u81fa\u7063\u52a0\u6b0a\u6307\u6578","^TAIEXx2     \u81fa\u7063\u52a0\u6b0a\u5831\u916c\u6307\u6578_\u65e5\u6b632","^TAI50I      \u81fa\u706350\u5831\u916c\u6307\u6578","^TAI50Ix2    \u81fa\u706350\u5831\u916c\u6307\u6578_\u65e5\u6b632","^TAI100I     \u81fa\u7063\u4e2d\u578b100\u5831\u916c\u6307\u6578","^TAI100Ix2   \u81fa\u7063\u4e2d\u578b100\u5831\u916c\u6307\u6578_\u65e5\u6b632","^TAIDIVIDI   \u81fa\u7063\u9ad8\u80a1\u606f\u5831\u916c\u6307\u6578","^TAIDIVIDIx2 \u81fa\u7063\u9ad8\u80a1\u606f\u5831\u916c\u6307\u6578_\u65e5\u6b632","0050Fund     \u5143\u5927\u53f0\u7063\u5353\u8d8a50\u57fa\u91d1","006208Fund   \u5bcc\u90a6\u53f0\u7063\u91c6\u540950\u57fa\u91d1","0050         \u5143\u5927\u81fa\u706350","00631L       \u5143\u5927\u53f0\u706350\u6b632","00675L       \u5bcc\u90a6\u81fa\u7063\u52a0\u6b0a\u6b632","006208       \u5bcc\u90a6\u53f050","0051         \u5143\u5927\u4e2d\u578b100","006204       \u6c38\u8c50\u81fa\u7063\u52a0\u6b0a","0056         \u5143\u5927\u9ad8\u80a1\u606f","0056         \u5143\u5927\u9ad8\u80a1\u606f_\u80a1\u606f\u4e0d\u6295\u5165","2412         \u4e2d\u83ef\u96fb\u4fe1","2002         \u4e2d\u92fc","2330         \u53f0\u7a4d\u96fb","2317         \u9d3b\u6d77","6505         \u53f0\u5851\u77f3\u5316","3481         \u7fa4\u5275","2303         \u806f\u96fb","2308         \u53f0\u9054\u96fb","2454         \u806f\u767c\u79d1","2886         \u5146\u8c50\u91d1","2884         \u7389\u5c71\u91d1","2891         \u4e2d\u4fe1\u91d1","2892         \u7b2c\u4e00\u91d1","5880         \u5408\u5eab\u91d1","2881         \u5bcc\u90a6\u91d1","2885         \u5143\u5927\u91d1","2887         \u53f0\u65b0\u91d1"],"y":["^TAIEX       \u81fa\u7063\u52a0\u6b0a\u5831\u916c\u6307\u6578","^TWII        \u81fa\u7063\u52a0\u6b0a\u6307\u6578","^TAIEXx2     \u81fa\u7063\u52a0\u6b0a\u5831\u916c\u6307\u6578_\u65e5\u6b632","^TAI50I      \u81fa\u706350\u5831\u916c\u6307\u6578","^TAI50Ix2    \u81fa\u706350\u5831\u916c\u6307\u6578_\u65e5\u6b632","^TAI100I     \u81fa\u7063\u4e2d\u578b100\u5831\u916c\u6307\u6578","^TAI100Ix2   \u81fa\u7063\u4e2d\u578b100\u5831\u916c\u6307\u6578_\u65e5\u6b632","^TAIDIVIDI   \u81fa\u7063\u9ad8\u80a1\u606f\u5831\u916c\u6307\u6578","^TAIDIVIDIx2 \u81fa\u7063\u9ad8\u80a1\u606f\u5831\u916c\u6307\u6578_\u65e5\u6b632","0050Fund     \u5143\u5927\u53f0\u7063\u5353\u8d8a50\u57fa\u91d1","006208Fund   \u5bcc\u90a6\u53f0\u7063\u91c6\u540950\u57fa\u91d1","0050         \u5143\u5927\u81fa\u706350","00631L       \u5143\u5927\u53f0\u706350\u6b632","00675L       \u5bcc\u90a6\u81fa\u7063\u52a0\u6b0a\u6b632","006208       \u5bcc\u90a6\u53f050","0051         \u5143\u5927\u4e2d\u578b100","006204       \u6c38\u8c50\u81fa\u7063\u52a0\u6b0a","0056         \u5143\u5927\u9ad8\u80a1\u606f","0056         \u5143\u5927\u9ad8\u80a1\u606f_\u80a1\u606f\u4e0d\u6295\u5165","2412         \u4e2d\u83ef\u96fb\u4fe1","2002         \u4e2d\u92fc","2330         \u53f0\u7a4d\u96fb","2317         \u9d3b\u6d77","6505         \u53f0\u5851\u77f3\u5316","3481         \u7fa4\u5275","2303         \u806f\u96fb","2308         \u53f0\u9054\u96fb","2454         \u806f\u767c\u79d1","2886         \u5146\u8c50\u91d1","2884         \u7389\u5c71\u91d1","2891         \u4e2d\u4fe1\u91d1","2892         \u7b2c\u4e00\u91d1","5880         \u5408\u5eab\u91d1","2881         \u5bcc\u90a6\u91d1","2885         \u5143\u5927\u91d1","2887         \u53f0\u65b0\u91d1"],"zmin":-1,"zmax":1,"colorbar":{"x":-0.2}}],"layout":{"autotypenumbers":"strict","colorway":["#636efa","#EF553B","#00cc96","#ab63fa","#FFA15A","#19d3f3","#FF6692","#B6E880","#FF97FF","#FECB52"],"font":{"color":"#f2f5fa","family":"Courier New"},"hovermode":"closest","hoverlabel":{"align":"left"},"paper_bgcolor":"rgb(17,17,17)","plot_bgcolor":"rgb(17,17,17)","polar":{"bgcolor":"rgb(17,17,17)","angularaxis":{"gridcolor":"#506784","linecolor":"#506784","ticks":""},"radialaxis":{"gridcolor":"#506784","linecolor":"#506784","ticks":""}},"ternary":{"bgcolor":"rgb(17,17,17)","aaxis":{"gridcolor":"#506784","linecolor":"#506784","ticks":""},"baxis":{"gridcolor":"#506784","linecolor":"#506784","ticks":""},"caxis":{"gridcolor":"#506784","linecolor":"#506784","ticks":""}},"coloraxis":{"colorbar":{"outlinewidth":0,"ticks":""}},"colorscale":{"sequential":[[0.0,"#0d0887"],[0.1111111111111111,"#46039f"],[0.2222222222222222,"#7201a8"],[0.3333333333333333,"#9c179e"],[0.4444444444444444,"#bd3786"],[0.5555555555555556,"#d8576b"],[0.6666666666666666,"#ed7953"],[0.7777777777777778,"#fb9f3a"],[0.8888888888888888,"#fdca26"],[1.0,"#f0f921"]],"sequentialminus":[[0.0,"#0d0887"],[0.1111111111111111,"#46039f"],[0.2222222222222222,"#7201a8"],[0.3333333333333333,"#9c179e"],[0.4444444444444444,"#bd3786"],[0.5555555555555556,"#d8576b"],[0.6666666666666666,"#ed7953"],[0.7777777777777778,"#fb9f3a"],[0.8888888888888888,"#fdca26"],[1.0,"#f0f921"]],"diverging":[[0,"#8e0152"],[0.1,"#c51b7d"],[0.2,"#de77ae"],[0.3,"#f1b6da"],[0.4,"#fde0ef"],[0.5,"#f7f7f7"],[0.6,"#e6f5d0"],[0.7,"#b8e186"],[0.8,"#7fbc41"],[0.9,"#4d9221"],[1,"#276419"]]},"xaxis":{"gridcolor":"rgba(0, 0, 0, 0)","linecolor":"#506784","ticks":"","title":{"standoff":15},"zerolinecolor":"#283442","automargin":true,"zerolinewidth":2,"tickfont":{"family":"Courier New","size":14},"side":"top","tickangle":-90},"yaxis":{"gridcolor":"rgba(0, 0, 0, 0)","linecolor":"#506784","ticks":"","title":{"standoff":15},"zerolinecolor":"#283442","automargin":true,"zerolinewidth":2,"tickfont":{"family":"Courier New"},"side":"right"},"scene":{"xaxis":{"backgroundcolor":"rgb(17,17,17)","gridcolor":"#506784","linecolor":"#506784","showbackground":true,"ticks":"","zerolinecolor":"#C8D4E3","gridwidth":2},"yaxis":{"backgroundcolor":"rgb(17,17,17)","gridcolor":"#506784","linecolor":"#506784","showbackground":true,"ticks":"","zerolinecolor":"#C8D4E3","gridwidth":2},"zaxis":{"backgroundcolor":"rgb(17,17,17)","gridcolor":"#506784","linecolor":"#506784","showbackground":true,"ticks":"","zerolinecolor":"#C8D4E3","gridwidth":2}},"shapedefaults":{"line":{"color":"#f2f5fa"}},"annotationdefaults":{"arrowcolor":"#f2f5fa","arrowhead":0,"arrowwidth":1},"geo":{"bgcolor":"rgb(17,17,17)","landcolor":"rgb(17,17,17)","subunitcolor":"#506784","showland":true,"showlakes":true,"lakecolor":"rgb(17,17,17)"},"title":{"x":0.05,"font":{"family":"Times New Roman"},"y":0.05,"text":"<b>Correlation of Adj Close<b><br><i>2016-09-23 ~ 2026-03-23<i>"},"updatemenudefaults":{"bgcolor":"#506784","borderwidth":0},"sliderdefaults":{"bgcolor":"#C8D4E3","borderwidth":1,"bordercolor":"rgb(17,17,17)","tickwidth":0},"mapbox":{"style":"dark"},"annotations":[{"text":"<b>@zwindr<b>","textangle":0,"opacity":0.5,"font":{"color":"white","size":12},"xref":"paper","yref":"paper","xanchor":"left","yanchor":"bottom","x":1.0,"y":1.0,"showarrow":false}]},"config":{"responsive":true,"toImageButtonOptions":{"filename":"Correlation of Adj Close_2016-09-23~2026-03-23","scale":5}}};Plotly.newPlot("correlationAdjClose",correlationAdjClose.data,correlationAdjClose.layout||{},correlationAdjClose.config);}else{console.log("style display is none => correlationAdjClose");}