var element=document.getElementById("correlationAdjClose");if(element.style.display!='none'){var correlationAdjClose={"data":[{"type":"heatmap","z":[[1.0,0.995417511109529,0.9725530894324006,0.9968107649858113,0.9491453107082672,0.9850097873515715,0.957117288044817,0.9873134611545473,0.9764677567145713,0.996964036764055,0.9964663786268946,0.9969217855387624,0.9917937036263619,0.9929862526183969,0.9965650837189448,0.986252294901174,0.9997360811146349,0.9869902511580756,0.8955342413456923,0.9150229948780435,0.667937138349964,0.9842585751312214,0.9388968452788141,0.3382345912227884,-0.28770848327715143,0.9016549420437953,0.922218077560348,0.9626505269704342,0.9726834299101523,0.963467865207316,0.9805657382190445,0.9678410184687882,0.9354198052833096,0.9831955989585341,0.9770530058643045,0.958031225239729],[0.995417511109529,1.0,0.9698375541329732,0.9921500784391801,0.9463349452596819,0.9813704579666568,0.9537009033372723,0.9797181309747899,0.9709561496053355,0.9933729388424712,0.9951022560388486,0.9946788570638915,0.9913345263106486,0.9915944426898508,0.9951726303523392,0.9816363533622374,0.9975620083601419,0.9816145179409941,0.9142245336361127,0.9051824231945355,0.690642647031964,0.9703247435543257,0.9229612102876386,0.33719916019580365,-0.22181494857801404,0.8816308820680336,0.9179111282860474,0.9620719284669644,0.9543066152628179,0.9518543756156794,0.9725407896869854,0.9545626365875935,0.9345404752394959,0.9742686276819155,0.9691080495979804,0.9532541221823492],[0.9725530894324006,0.9698375541329732,1.0,0.983725159436174,0.9939410371397452,0.968228436126845,0.9778140582372346,0.9496671543521688,0.9721381440531396,0.9834875381751199,0.9901599804301873,0.9868923525947989,0.9971631472604372,0.9969741765961628,0.9898436514290091,0.9654810771410267,0.983081060759199,0.9489627638377588,0.8454343328737554,0.8111170991123317,0.5262304485665797,0.9922739852364233,0.9350264139898078,0.16410005583007842,-0.20818705506567703,0.8774546073867516,0.9488326569372325,0.965178448819873,0.9032802158379281,0.8986137317456612,0.9664226600691538,0.899583041768822,0.8696318371421546,0.9575589743000829,0.9697727576016226,0.913395098899977],[0.9968107649858113,0.9921500784391801,0.983725159436174,1.0,0.9679533662112711,0.9763373083666588,0.9553557227456474,0.9769258078444499,0.9720246499217038,0.9999730915554407,0.9999927587647814,0.999966118148452,0.9937957291610359,0.9928656281000252,0.9999549539526863,0.9748647473675337,0.995811980095997,0.976216154298209,0.875838775507524,0.8942518448624196,0.6260530230302939,0.9941163018971456,0.9433626124090824,0.302725362496594,-0.2747120047975046,0.891627714737986,0.9373860029890135,0.9647439473167407,0.9571565160621048,0.9547050237460544,0.9825887261833314,0.9525489113092769,0.9165282958514777,0.9789024609012986,0.9751209418241024,0.946197766656302],[0.9491453107082672,0.9463349452596819,0.9939410371397452,0.9679533662112711,1.0,0.9367408146257865,0.954786339067949,0.9170373919408105,0.9460059677408293,0.9681047127575465,0.9776091548095108,0.9735911798255238,0.9830919551720095,0.980865585861928,0.9770569974449207,0.932562483809039,0.960859560593311,0.9159226222738373,0.8039648479284531,0.7726075732172426,0.4697753043799203,0.9842008619311333,0.9243750775349454,0.1263389183010485,-0.19360085106074781,0.8381134415034075,0.9575573620747648,0.9441451356891566,0.8640999161712382,0.86709396899399,0.9497072696413074,0.8611515678085763,0.8236829606883865,0.9327128429724061,0.9464953890554392,0.8769103247461607],[0.9850097873515715,0.9813704579666568,0.968228436126845,0.9763373083666588,0.9367408146257865,1.0,0.9832618962414644,0.9827530266900311,0.9840203207670322,0.9758488520164444,0.9702594194255032,0.9738294543461907,0.9702907977653055,0.9677691499694854,0.9702967048560708,0.9999064590260962,0.9874876362821993,0.9835755105864683,0.9007176325930618,0.8723151472506749,0.6377568268142016,0.9671733161272054,0.9121038580760914,0.21930584017976426,-0.2145014663832768,0.9336665013179779,0.8945638088928982,0.9668861693759431,0.9578323405713512,0.9363631860935211,0.9608992590741159,0.9543920688101052,0.9484743008802164,0.9653902624644985,0.9808803272903455,0.9605350836001687],[0.957117288044817,0.9537009033372723,0.9778140582372346,0.9553557227456474,0.954786339067949,0.9832618962414644,1.0,0.9540361696349214,0.9846767897557934,0.9541555685774143,0.9632737597401431,0.9601942012017761,0.9774811875456938,0.9775190016475738,0.9630741081114577,0.9844241093390097,0.9741659095934153,0.956266456516619,0.8628983337005642,0.7922783918596079,0.5253589885699008,0.9586902658291458,0.915107344649623,0.08105139648275132,-0.15415494960714454,0.8954372530304114,0.901132047574528,0.9621364595861542,0.9009321932738192,0.8746223692220678,0.9443199508936174,0.8965111171666174,0.8972050953094148,0.9398093288930072,0.971780140754008,0.9176803421482751],[0.9873134611545473,0.9797181309747899,0.9496671543521688,0.9769258078444499,0.9170373919408105,0.9827530266900311,0.9540361696349214,1.0,0.9841539436426876,0.9769227823870014,0.9716437746158765,0.9757052454325595,0.9612304822594451,0.9597404172115892,0.9719247903740871,0.984560554431787,0.9845894752951958,0.9998886502413437,0.9286584493781526,0.9308793174011918,0.6098210136363797,0.9623873236035516,0.9042285917813625,0.1956129671466567,-0.30404302192066124,0.9104623385820579,0.8631276978500034,0.9478073812716549,0.979174002074018,0.9591224531981689,0.9677197082917565,0.9672200418114308,0.9376670714296046,0.9654060271976611,0.9614888910618025,0.9696590662382417],[0.9764677567145713,0.9709561496053355,0.9721381440531396,0.9720246499217038,0.9460059677408293,0.9840203207670322,0.9846767897557934,0.9841539436426876,1.0,0.9713646823519965,0.967028345565341,0.9700731651194144,0.9674893959373434,0.9636637659908287,0.9670182300761153,0.9831544369423248,0.9758160721650854,0.9835295101127317,0.9023955723988606,0.8652087158090563,0.525481471417607,0.9679866548254855,0.9234866834790584,0.05579951342472516,-0.22684236748439032,0.8893800436364687,0.8775891353789074,0.9674754483008036,0.9378148386144136,0.9097970027993929,0.964529900383817,0.9253677474818991,0.9031094467546437,0.9568125030078917,0.9752947301027792,0.9331645995680546],[0.996964036764055,0.9933729388424712,0.9834875381751199,0.9999730915554407,0.9681047127575465,0.9758488520164444,0.9541555685774143,0.9769227823870014,0.9713646823519965,1.0,0.9999915309751495,0.9999839408008618,0.9937240300515375,0.9927826235579795,0.9999587008750477,0.9743826950998089,0.9957030628554381,0.976304064191134,0.8775404197861307,0.8955305675917486,0.6221268272384209,0.994312714513261,0.9434147731201121,0.307601684716952,-0.2741923722421143,0.8921099285405788,0.9358172884625126,0.9634192408678036,0.9568540070857711,0.9538817630701959,0.9817897002779838,0.9519447602551075,0.9152006369420224,0.9781868518681167,0.9742071862256743,0.9448938446160602],[0.9964663786268946,0.9951022560388486,0.9901599804301873,0.9999927587647814,0.9776091548095108,0.9702594194255032,0.9632737597401431,0.9716437746158765,0.967028345565341,0.9999915309751495,1.0,0.9999759911505303,0.9938267611401119,0.9928742128577113,0.9999610549754108,0.9698148283345464,0.9955031386722968,0.9721000577543623,0.8964641309956359,0.9239277267018919,0.48545141726522084,0.9973493555308356,0.9316016300126725,-0.175608122388484,0.4137675473220436,0.8867854569943417,0.9111306053105713,0.963831634214995,0.9459286748775925,0.9370621319979459,0.9749449876650617,0.9311355825484546,0.888704277873941,0.9697377458197791,0.9821374663837362,0.9410584816601246],[0.9969217855387624,0.9946788570638915,0.9868923525947989,0.999966118148452,0.9735911798255238,0.9738294543461907,0.9601942012017761,0.9757052454325595,0.9700731651194144,0.9999839408008618,0.9999759911505303,1.0,0.9936878032886127,0.9927274070776126,0.9999690713257319,0.973546513450248,0.9956225885483534,0.9756569367133008,0.8847533661905471,0.9124253291717089,0.5566157379837346,0.9963842805047706,0.9411257107590256,0.03618281459652158,-0.16974151340556867,0.9026866633408677,0.9231764133582299,0.9590552376259102,0.9497594344553164,0.9443340899632583,0.9789018127547034,0.9420777406467188,0.9082612868829713,0.9747417989853482,0.9741051060863322,0.9479081169738504],[0.9917937036263619,0.9913345263106486,0.9971631472604372,0.9937957291610359,0.9830919551720095,0.9702907977653055,0.9774811875456938,0.9612304822594451,0.9674893959373434,0.9937240300515375,0.9938267611401119,0.9936878032886127,1.0,0.9998036946437311,0.9937183007316069,0.9696886203644723,0.9920193718720223,0.9614371611167586,0.8791225262891126,0.9092179311484242,0.3987380476914445,0.9909114087121408,0.92762064807942,-0.43087912959160174,0.4321628803896165,0.8649865544499584,0.9178664240997043,0.9619944701905326,0.9223122994482101,0.9043522384269634,0.9610768208050052,0.90457605073686,0.8493797377907474,0.9633137846152431,0.9768193410134507,0.9320526021233897],[0.9929862526183969,0.9915944426898508,0.9969741765961628,0.9928656281000252,0.980865585861928,0.9677691499694854,0.9775190016475738,0.9597404172115892,0.9636637659908287,0.9927826235579795,0.9928742128577113,0.9927274070776126,0.9998036946437311,1.0,0.9928821903189404,0.9670484808821033,0.9930168110026582,0.9600682913051936,0.8628188763902045,0.9193901515070378,0.2521637414311067,0.9879428776700426,0.9218123370648943,-0.7513180779065786,0.4058487105407125,0.8336559703113589,0.917374430710738,0.9569195865893853,0.9147356200604896,0.8954186457037271,0.9560343826937788,0.9061339501929366,0.826138259034573,0.9625702512007591,0.975170785468206,0.9285053360074245],[0.9965650837189448,0.9951726303523392,0.9898436514290091,0.9999549539526863,0.9770569974449207,0.9702967048560708,0.9630741081114577,0.9719247903740871,0.9670182300761153,0.9999587008750477,0.9999610549754108,0.9999690713257319,0.9937183007316069,0.9928821903189404,1.0,0.9699502801600411,0.9955959850327323,0.9722727590371388,0.8968198358055082,0.9244398275462011,0.4859291694967602,0.9971596839253032,0.9316759729677342,-0.1733433324571132,0.4152975478697983,0.8873673914130609,0.9099967521634615,0.9635942265516857,0.9460255171898653,0.9374770954393105,0.9749671008844442,0.9315957888188214,0.8890900066833789,0.9696267928841847,0.9821769540969368,0.9417526748576732],[0.986252294901174,0.9816363533622374,0.9654810771410267,0.9748647473675337,0.932562483809039,0.9999064590260962,0.9844241093390097,0.984560554431787,0.9831544369423248,0.9743826950998089,0.9698148283345464,0.973546513450248,0.9696886203644723,0.9670484808821033,0.9699502801600411,1.0,0.9874351494332291,0.9838212830038644,0.9036280229495252,0.8961909232774912,0.6221392680397436,0.9645513604694304,0.9069232988004051,0.07042363645788724,-0.18789427291180982,0.9404283150553645,0.8823937798209905,0.9642673489525186,0.961041489728461,0.9339045548539074,0.9576583819234392,0.9556077348810678,0.9470494250828487,0.9673206776414225,0.9800756231973584,0.9644464799011521],[0.9997360811146349,0.9975620083601419,0.983081060759199,0.995811980095997,0.960859560593311,0.9874876362821993,0.9741659095934153,0.9845894752951958,0.9758160721650854,0.9957030628554381,0.9955031386722968,0.9956225885483534,0.9920193718720223,0.9930168110026582,0.9955959850327323,0.9874351494332291,1.0,0.9849759691307548,0.9183329847920383,0.9360362346676799,0.5481651808506907,0.9882701923792528,0.9234458135700118,-0.11496918245366851,0.439550784675474,0.917197288205825,0.8970970782830121,0.9680154207606861,0.9652791395089084,0.9477804805846993,0.973044918287328,0.951857324123494,0.9223245453864024,0.9767339882117554,0.9879459164789827,0.9641372429142002],[0.9869902511580756,0.9816145179409941,0.9489627638377588,0.976216154298209,0.9159226222738373,0.9835755105864683,0.956266456516619,0.9998886502413437,0.9835295101127317,0.976304064191134,0.9721000577543623,0.9756569367133008,0.9614371611167586,0.9600682913051936,0.9722727590371388,0.9838212830038644,0.9849759691307548,1.0,0.9315190246533557,0.9370475950702314,0.6067271746286874,0.9606241509818676,0.9077571373738864,0.1586850875880676,-0.2812060307019385,0.9151427840330584,0.8578373057540291,0.9476712620798774,0.9796452838677103,0.958625845406178,0.9660333152048091,0.9660079715030149,0.9372974308455805,0.9646129734626316,0.9595532051045965,0.9707096844089893],[0.8955342413456923,0.9142245336361127,0.8454343328737554,0.875838775507524,0.8039648479284531,0.9007176325930618,0.8628983337005642,0.9286584493781526,0.9023955723988606,0.8775404197861307,0.8964641309956359,0.8847533661905471,0.8791225262891126,0.8628188763902045,0.8968198358055082,0.9036280229495252,0.9183329847920383,0.9315190246533557,1.0,0.8335701632716673,0.684891197571047,0.8460796920965055,0.8074327777110383,0.24414522830588778,-0.16039936828072504,0.8614068865098902,0.7305063006001482,0.8579661198031041,0.895499237815038,0.8630947562244251,0.8529646008243315,0.8753656301825883,0.8615638312689039,0.8570295390455053,0.8728919829511833,0.897220042258321],[0.9150229948780435,0.9051824231945355,0.8111170991123317,0.8942518448624196,0.7726075732172426,0.8723151472506749,0.7922783918596079,0.9308793174011918,0.8652087158090563,0.8955305675917486,0.9239277267018919,0.9124253291717089,0.9092179311484242,0.9193901515070378,0.9244398275462011,0.8961909232774912,0.9360362346676799,0.9370475950702314,0.8335701632716673,1.0,0.8190721062955851,0.8430289770571238,0.8658885178875461,0.6202569784644019,-0.5183224724033115,0.7245971542263387,0.8025345948776332,0.8169191059980808,0.9604675542977591,0.9391568952139434,0.8939903863831796,0.9483011413136777,0.9033324922508825,0.9000925300679505,0.8502831568269238,0.887866304788513],[0.667937138349964,0.690642647031964,0.5262304485665797,0.6260530230302939,0.4697753043799203,0.6377568268142016,0.5253589885699008,0.6098210136363797,0.525481471417607,0.6221268272384209,0.48545141726522084,0.5566157379837346,0.3987380476914445,0.2521637414311067,0.4859291694967602,0.6221392680397436,0.5481651808506907,0.6067271746286874,0.684891197571047,0.8190721062955851,1.0,0.5579748014239717,0.6708563134932274,0.7233172932133686,-0.11596774276479993,0.5289631264479142,0.5494251503874361,0.593583015675316,0.763508163510608,0.6908683028911434,0.5990434544101086,0.7261838199101638,0.7469902950591714,0.6455579967267908,0.6108159500551527,0.6652189811492764],[0.9842585751312214,0.9703247435543257,0.9922739852364233,0.9941163018971456,0.9842008619311333,0.9671733161272054,0.9586902658291458,0.9623873236035516,0.9679866548254855,0.994312714513261,0.9973493555308356,0.9963842805047706,0.9909114087121408,0.9879428776700426,0.9971596839253032,0.9645513604694304,0.9882701923792528,0.9606241509818676,0.8460796920965055,0.8430289770571238,0.5579748014239717,1.0,0.9219308570157784,0.2303072389003106,-0.2637886909164754,0.873276176469378,0.9455286739181414,0.9663888316027436,0.9213618979497085,0.9327185383920641,0.9743474962932881,0.9260189925671487,0.885512042974527,0.9663841497091319,0.9609657017048026,0.9249398960022389],[0.9388968452788141,0.9229612102876386,0.9350264139898078,0.9433626124090824,0.9243750775349454,0.9121038580760914,0.915107344649623,0.9042285917813625,0.9234866834790584,0.9434147731201121,0.9316016300126725,0.9411257107590256,0.92762064807942,0.9218123370648943,0.9316759729677342,0.9069232988004051,0.9234458135700118,0.9077571373738864,0.8074327777110383,0.8658885178875461,0.6708563134932274,0.9219308570157784,1.0,0.2738433630691435,-0.18376513897907762,0.7303580977497732,0.9075900391278845,0.9057388744875358,0.8985028946887238,0.8633006044072666,0.9404891222801381,0.8748692941201158,0.840983706305779,0.9347091915416192,0.8942295359856122,0.8661979972191337],[0.3382345912227884,0.33719916019580365,0.16410005583007842,0.302725362496594,0.1263389183010485,0.21930584017976426,0.08105139648275132,0.1956129671466567,0.05579951342472516,0.307601684716952,-0.175608122388484,0.03618281459652158,-0.43087912959160174,-0.7513180779065786,-0.1733433324571132,0.07042363645788724,-0.11496918245366851,0.1586850875880676,0.24414522830588778,0.6202569784644019,0.7233172932133686,0.2303072389003106,0.2738433630691435,1.0,-0.37938962457412,0.24886111102202602,0.20346622263948205,0.15631739703169487,0.4462067710944579,0.43628551413370426,0.27518997451358396,0.45978323269196164,0.39153789455238436,0.30794935693967285,0.22912559984545916,0.3490535412098462],[-0.28770848327715143,-0.22181494857801404,-0.20818705506567703,-0.2747120047975046,-0.19360085106074781,-0.2145014663832768,-0.15415494960714454,-0.30404302192066124,-0.22684236748439032,-0.2741923722421143,0.4137675473220436,-0.16974151340556867,0.4321628803896165,0.4058487105407125,0.4152975478697983,-0.18789427291180982,0.439550784675474,-0.2812060307019385,-0.16039936828072504,-0.5183224724033115,-0.11596774276479993,-0.2637886909164754,-0.18376513897907762,-0.37938962457412,1.0,-0.15479385756242145,-0.2436006228649012,-0.17937186844014802,-0.38182005434447036,-0.36962726143829366,-0.30462499888212596,-0.3399980062475471,-0.20912902008435166,-0.33421313241848805,-0.1791729310034153,-0.30951975059576153],[0.9016549420437953,0.8816308820680336,0.8774546073867516,0.891627714737986,0.8381134415034075,0.9336665013179779,0.8954372530304114,0.9104623385820579,0.8893800436364687,0.8921099285405788,0.8867854569943417,0.9026866633408677,0.8649865544499584,0.8336559703113589,0.8873673914130609,0.9404283150553645,0.917197288205825,0.9151427840330584,0.8614068865098902,0.7245971542263387,0.5289631264479142,0.873276176469378,0.7303580977497732,0.24886111102202602,-0.15479385756242145,1.0,0.7682149589458253,0.8917067579136951,0.8280286261367734,0.8711439192416612,0.8371626995896093,0.8780383511934887,0.8714425180054474,0.8666417284288161,0.874037693846688,0.9044166207470208],[0.922218077560348,0.9179111282860474,0.9488326569372325,0.9373860029890135,0.9575573620747648,0.8945638088928982,0.901132047574528,0.8631276978500034,0.8775891353789074,0.9358172884625126,0.9111306053105713,0.9231764133582299,0.9178664240997043,0.917374430710738,0.9099967521634615,0.8823937798209905,0.8970970782830121,0.8578373057540291,0.7305063006001482,0.8025345948776332,0.5494251503874361,0.9455286739181414,0.9075900391278845,0.20346622263948205,-0.2436006228649012,0.7682149589458253,1.0,0.8852117637432586,0.8570507435288399,0.8529918002735231,0.9140365084972428,0.8476661587406877,0.8069384970712219,0.9043454582125234,0.8970942639168239,0.853371565036902],[0.9626505269704342,0.9620719284669644,0.965178448819873,0.9647439473167407,0.9441451356891566,0.9668861693759431,0.9621364595861542,0.9478073812716549,0.9674754483008036,0.9634192408678036,0.963831634214995,0.9590552376259102,0.9619944701905326,0.9569195865893853,0.9635942265516857,0.9642673489525186,0.9680154207606861,0.9476712620798774,0.8579661198031041,0.8169191059980808,0.593583015675316,0.9663888316027436,0.9057388744875358,0.15631739703169487,-0.17937186844014802,0.8917067579136951,0.8852117637432586,1.0,0.9125334326827791,0.8991678043962624,0.9487840069837207,0.8984498846683485,0.8881391083721486,0.9539491258269122,0.9751826454151369,0.900814547673201],[0.9726834299101523,0.9543066152628179,0.9032802158379281,0.9571565160621048,0.8640999161712382,0.9578323405713512,0.9009321932738192,0.979174002074018,0.9378148386144136,0.9568540070857711,0.9459286748775925,0.9497594344553164,0.9223122994482101,0.9147356200604896,0.9460255171898653,0.961041489728461,0.9652791395089084,0.9796452838677103,0.895499237815038,0.9604675542977591,0.763508163510608,0.9213618979497085,0.8985028946887238,0.4462067710944579,-0.38182005434447036,0.8280286261367734,0.8570507435288399,0.9125334326827791,1.0,0.9867716179960927,0.9565617993830325,0.9909037213456338,0.9547382174511655,0.9590020239062504,0.9148383577839683,0.96814814535496],[0.963467865207316,0.9518543756156794,0.8986137317456612,0.9547050237460544,0.86709396899399,0.9363631860935211,0.8746223692220678,0.9591224531981689,0.9097970027993929,0.9538817630701959,0.9370621319979459,0.9443340899632583,0.9043522384269634,0.8954186457037271,0.9374770954393105,0.9339045548539074,0.9477804805846993,0.958625845406178,0.8630947562244251,0.9391568952139434,0.6908683028911434,0.9327185383920641,0.8633006044072666,0.43628551413370426,-0.36962726143829366,0.8711439192416612,0.8529918002735231,0.8991678043962624,0.9867716179960927,1.0,0.9496335675901404,0.984967855170234,0.9566207088405945,0.9424940256151582,0.9258396339934077,0.965179074875763],[0.9805657382190445,0.9725407896869854,0.9664226600691538,0.9825887261833314,0.9497072696413074,0.9608992590741159,0.9443199508936174,0.9677197082917565,0.964529900383817,0.9817897002779838,0.9749449876650617,0.9789018127547034,0.9610768208050052,0.9560343826937788,0.9749671008844442,0.9576583819234392,0.973044918287328,0.9660333152048091,0.8529646008243315,0.8939903863831796,0.5990434544101086,0.9743474962932881,0.9404891222801381,0.27518997451358396,-0.30462499888212596,0.8371626995896093,0.9140365084972428,0.9487840069837207,0.9565617993830325,0.9496335675901404,1.0,0.9488324921595358,0.9069686119242582,0.9787756043100873,0.9663175668135024,0.9458764627615033],[0.9678410184687882,0.9545626365875935,0.899583041768822,0.9525489113092769,0.8611515678085763,0.9543920688101052,0.8965111171666174,0.9672200418114308,0.9253677474818991,0.9519447602551075,0.9311355825484546,0.9420777406467188,0.90457605073686,0.9061339501929366,0.9315957888188214,0.9556077348810678,0.951857324123494,0.9660079715030149,0.8753656301825883,0.9483011413136777,0.7261838199101638,0.9260189925671487,0.8748692941201158,0.45978323269196164,-0.3399980062475471,0.8780383511934887,0.8476661587406877,0.8984498846683485,0.9909037213456338,0.984967855170234,0.9488324921595358,1.0,0.9743634287211881,0.947424306734553,0.9378998429385995,0.9652054282021884],[0.9354198052833096,0.9345404752394959,0.8696318371421546,0.9165282958514777,0.8236829606883865,0.9484743008802164,0.8972050953094148,0.9376670714296046,0.9031094467546437,0.9152006369420224,0.888704277873941,0.9082612868829713,0.8493797377907474,0.826138259034573,0.8890900066833789,0.9470494250828487,0.9223245453864024,0.9372974308455805,0.8615638312689039,0.9033324922508825,0.7469902950591714,0.885512042974527,0.840983706305779,0.39153789455238436,-0.20912902008435166,0.8714425180054474,0.8069384970712219,0.8881391083721486,0.9547382174511655,0.9566207088405945,0.9069686119242582,0.9743634287211881,1.0,0.9068613203610179,0.9243942296248386,0.9527955351621451],[0.9831955989585341,0.9742686276819155,0.9575589743000829,0.9789024609012986,0.9327128429724061,0.9653902624644985,0.9398093288930072,0.9654060271976611,0.9568125030078917,0.9781868518681167,0.9697377458197791,0.9747417989853482,0.9633137846152431,0.9625702512007591,0.9696267928841847,0.9673206776414225,0.9767339882117554,0.9646129734626316,0.8570295390455053,0.9000925300679505,0.6455579967267908,0.9663841497091319,0.9347091915416192,0.30794935693967285,-0.33421313241848805,0.8666417284288161,0.9043454582125234,0.9539491258269122,0.9590020239062504,0.9424940256151582,0.9787756043100873,0.947424306734553,0.9068613203610179,1.0,0.9621528646761311,0.9477176340181327],[0.9770530058643045,0.9691080495979804,0.9697727576016226,0.9751209418241024,0.9464953890554392,0.9808803272903455,0.971780140754008,0.9614888910618025,0.9752947301027792,0.9742071862256743,0.9821374663837362,0.9741051060863322,0.9768193410134507,0.975170785468206,0.9821769540969368,0.9800756231973584,0.9879459164789827,0.9595532051045965,0.8728919829511833,0.8502831568269238,0.6108159500551527,0.9609657017048026,0.8942295359856122,0.22912559984545916,-0.1791729310034153,0.874037693846688,0.8970942639168239,0.9751826454151369,0.9148383577839683,0.9258396339934077,0.9663175668135024,0.9378998429385995,0.9243942296248386,0.9621528646761311,1.0,0.9277003202770121],[0.958031225239729,0.9532541221823492,0.913395098899977,0.946197766656302,0.8769103247461607,0.9605350836001687,0.9176803421482751,0.9696590662382417,0.9331645995680546,0.9448938446160602,0.9410584816601246,0.9479081169738504,0.9320526021233897,0.9285053360074245,0.9417526748576732,0.9644464799011521,0.9641372429142002,0.9707096844089893,0.897220042258321,0.887866304788513,0.6652189811492764,0.9249398960022389,0.8661979972191337,0.3490535412098462,-0.30951975059576153,0.9044166207470208,0.853371565036902,0.900814547673201,0.96814814535496,0.965179074875763,0.9458764627615033,0.9652054282021884,0.9527955351621451,0.9477176340181327,0.9277003202770121,1.0]],"x":["^TAIEX       \u81fa\u7063\u52a0\u6b0a\u5831\u916c\u6307\u6578","^TWII        \u81fa\u7063\u52a0\u6b0a\u6307\u6578","^TAIEXx2     \u81fa\u7063\u52a0\u6b0a\u5831\u916c\u6307\u6578_\u65e5\u6b632","^TAI50I      \u81fa\u706350\u5831\u916c\u6307\u6578","^TAI50Ix2    \u81fa\u706350\u5831\u916c\u6307\u6578_\u65e5\u6b632","^TAI100I     \u81fa\u7063\u4e2d\u578b100\u5831\u916c\u6307\u6578","^TAI100Ix2   \u81fa\u7063\u4e2d\u578b100\u5831\u916c\u6307\u6578_\u65e5\u6b632","^TAIDIVIDI   \u81fa\u7063\u9ad8\u80a1\u606f\u5831\u916c\u6307\u6578","^TAIDIVIDIx2 \u81fa\u7063\u9ad8\u80a1\u606f\u5831\u916c\u6307\u6578_\u65e5\u6b632","0050Fund     \u5143\u5927\u53f0\u7063\u5353\u8d8a50\u57fa\u91d1","006208Fund   \u5bcc\u90a6\u53f0\u7063\u91c6\u540950\u57fa\u91d1","0050         \u5143\u5927\u81fa\u706350","00631L       \u5143\u5927\u53f0\u706350\u6b632","00675L       \u5bcc\u90a6\u81fa\u7063\u52a0\u6b0a\u6b632","006208       \u5bcc\u90a6\u53f050","0051         \u5143\u5927\u4e2d\u578b100","006204       \u6c38\u8c50\u81fa\u7063\u52a0\u6b0a","0056         \u5143\u5927\u9ad8\u80a1\u606f","0056         \u5143\u5927\u9ad8\u80a1\u606f_\u80a1\u606f\u4e0d\u6295\u5165","2412         \u4e2d\u83ef\u96fb\u4fe1","2002         \u4e2d\u92fc","2330         \u53f0\u7a4d\u96fb","2317         \u9d3b\u6d77","6505         \u53f0\u5851\u77f3\u5316","3481         \u7fa4\u5275","2303         \u806f\u96fb","2308         \u53f0\u9054\u96fb","2454         \u806f\u767c\u79d1","2886         \u5146\u8c50\u91d1","2884         \u7389\u5c71\u91d1","2891         \u4e2d\u4fe1\u91d1","2892         \u7b2c\u4e00\u91d1","5880         \u5408\u5eab\u91d1","2881         \u5bcc\u90a6\u91d1","2885         \u5143\u5927\u91d1","2887         \u53f0\u65b0\u91d1"],"y":["^TAIEX       \u81fa\u7063\u52a0\u6b0a\u5831\u916c\u6307\u6578","^TWII        \u81fa\u7063\u52a0\u6b0a\u6307\u6578","^TAIEXx2     \u81fa\u7063\u52a0\u6b0a\u5831\u916c\u6307\u6578_\u65e5\u6b632","^TAI50I      \u81fa\u706350\u5831\u916c\u6307\u6578","^TAI50Ix2    \u81fa\u706350\u5831\u916c\u6307\u6578_\u65e5\u6b632","^TAI100I     \u81fa\u7063\u4e2d\u578b100\u5831\u916c\u6307\u6578","^TAI100Ix2   \u81fa\u7063\u4e2d\u578b100\u5831\u916c\u6307\u6578_\u65e5\u6b632","^TAIDIVIDI   \u81fa\u7063\u9ad8\u80a1\u606f\u5831\u916c\u6307\u6578","^TAIDIVIDIx2 \u81fa\u7063\u9ad8\u80a1\u606f\u5831\u916c\u6307\u6578_\u65e5\u6b632","0050Fund     \u5143\u5927\u53f0\u7063\u5353\u8d8a50\u57fa\u91d1","006208Fund   \u5bcc\u90a6\u53f0\u7063\u91c6\u540950\u57fa\u91d1","0050         \u5143\u5927\u81fa\u706350","00631L       \u5143\u5927\u53f0\u706350\u6b632","00675L       \u5bcc\u90a6\u81fa\u7063\u52a0\u6b0a\u6b632","006208       \u5bcc\u90a6\u53f050","0051         \u5143\u5927\u4e2d\u578b100","006204       \u6c38\u8c50\u81fa\u7063\u52a0\u6b0a","0056         \u5143\u5927\u9ad8\u80a1\u606f","0056         \u5143\u5927\u9ad8\u80a1\u606f_\u80a1\u606f\u4e0d\u6295\u5165","2412         \u4e2d\u83ef\u96fb\u4fe1","2002         \u4e2d\u92fc","2330         \u53f0\u7a4d\u96fb","2317         \u9d3b\u6d77","6505         \u53f0\u5851\u77f3\u5316","3481         \u7fa4\u5275","2303         \u806f\u96fb","2308         \u53f0\u9054\u96fb","2454         \u806f\u767c\u79d1","2886         \u5146\u8c50\u91d1","2884         \u7389\u5c71\u91d1","2891         \u4e2d\u4fe1\u91d1","2892         \u7b2c\u4e00\u91d1","5880         \u5408\u5eab\u91d1","2881         \u5bcc\u90a6\u91d1","2885         \u5143\u5927\u91d1","2887         \u53f0\u65b0\u91d1"],"zmin":-1,"zmax":1,"colorbar":{"x":-0.2}}],"layout":{"autotypenumbers":"strict","colorway":["#636efa","#EF553B","#00cc96","#ab63fa","#FFA15A","#19d3f3","#FF6692","#B6E880","#FF97FF","#FECB52"],"font":{"color":"#f2f5fa","family":"Courier New"},"hovermode":"closest","hoverlabel":{"align":"left"},"paper_bgcolor":"rgb(17,17,17)","plot_bgcolor":"rgb(17,17,17)","polar":{"bgcolor":"rgb(17,17,17)","angularaxis":{"gridcolor":"#506784","linecolor":"#506784","ticks":""},"radialaxis":{"gridcolor":"#506784","linecolor":"#506784","ticks":""}},"ternary":{"bgcolor":"rgb(17,17,17)","aaxis":{"gridcolor":"#506784","linecolor":"#506784","ticks":""},"baxis":{"gridcolor":"#506784","linecolor":"#506784","ticks":""},"caxis":{"gridcolor":"#506784","linecolor":"#506784","ticks":""}},"coloraxis":{"colorbar":{"outlinewidth":0,"ticks":""}},"colorscale":{"sequential":[[0.0,"#0d0887"],[0.1111111111111111,"#46039f"],[0.2222222222222222,"#7201a8"],[0.3333333333333333,"#9c179e"],[0.4444444444444444,"#bd3786"],[0.5555555555555556,"#d8576b"],[0.6666666666666666,"#ed7953"],[0.7777777777777778,"#fb9f3a"],[0.8888888888888888,"#fdca26"],[1.0,"#f0f921"]],"sequentialminus":[[0.0,"#0d0887"],[0.1111111111111111,"#46039f"],[0.2222222222222222,"#7201a8"],[0.3333333333333333,"#9c179e"],[0.4444444444444444,"#bd3786"],[0.5555555555555556,"#d8576b"],[0.6666666666666666,"#ed7953"],[0.7777777777777778,"#fb9f3a"],[0.8888888888888888,"#fdca26"],[1.0,"#f0f921"]],"diverging":[[0,"#8e0152"],[0.1,"#c51b7d"],[0.2,"#de77ae"],[0.3,"#f1b6da"],[0.4,"#fde0ef"],[0.5,"#f7f7f7"],[0.6,"#e6f5d0"],[0.7,"#b8e186"],[0.8,"#7fbc41"],[0.9,"#4d9221"],[1,"#276419"]]},"xaxis":{"gridcolor":"rgba(0, 0, 0, 0)","linecolor":"#506784","ticks":"","title":{"standoff":15},"zerolinecolor":"#283442","automargin":true,"zerolinewidth":2,"tickfont":{"family":"Courier New","size":14},"side":"top","tickangle":-90},"yaxis":{"gridcolor":"rgba(0, 0, 0, 0)","linecolor":"#506784","ticks":"","title":{"standoff":15},"zerolinecolor":"#283442","automargin":true,"zerolinewidth":2,"tickfont":{"family":"Courier New"},"side":"right"},"scene":{"xaxis":{"backgroundcolor":"rgb(17,17,17)","gridcolor":"#506784","linecolor":"#506784","showbackground":true,"ticks":"","zerolinecolor":"#C8D4E3","gridwidth":2},"yaxis":{"backgroundcolor":"rgb(17,17,17)","gridcolor":"#506784","linecolor":"#506784","showbackground":true,"ticks":"","zerolinecolor":"#C8D4E3","gridwidth":2},"zaxis":{"backgroundcolor":"rgb(17,17,17)","gridcolor":"#506784","linecolor":"#506784","showbackground":true,"ticks":"","zerolinecolor":"#C8D4E3","gridwidth":2}},"shapedefaults":{"line":{"color":"#f2f5fa"}},"annotationdefaults":{"arrowcolor":"#f2f5fa","arrowhead":0,"arrowwidth":1},"geo":{"bgcolor":"rgb(17,17,17)","landcolor":"rgb(17,17,17)","subunitcolor":"#506784","showland":true,"showlakes":true,"lakecolor":"rgb(17,17,17)"},"title":{"x":0.05,"font":{"family":"Times New Roman"},"y":0.05,"text":"<b>Correlation of Adj Close<b><br><i>2016-09-23 ~ 2026-01-28<i>"},"updatemenudefaults":{"bgcolor":"#506784","borderwidth":0},"sliderdefaults":{"bgcolor":"#C8D4E3","borderwidth":1,"bordercolor":"rgb(17,17,17)","tickwidth":0},"mapbox":{"style":"dark"},"annotations":[{"text":"<b>@zwindr<b>","textangle":0,"opacity":0.5,"font":{"color":"white","size":12},"xref":"paper","yref":"paper","xanchor":"left","yanchor":"bottom","x":1.0,"y":1.0,"showarrow":false}]},"config":{"responsive":true,"toImageButtonOptions":{"filename":"Correlation of Adj Close_2016-09-23~2026-01-28","scale":5}}};Plotly.newPlot("correlationAdjClose",correlationAdjClose.data,correlationAdjClose.layout||{},correlationAdjClose.config);}else{console.log("style display is none => correlationAdjClose");}