var correlationClose = {"data": [{"type": "heatmap", "z": [[1.0, 0.9999999999999983, 1.0, 0.9956053824487932, 0.9956053824487932, 0.960930741249448, 0.960930741249448, 0.8959221611957053, 0.8959221611957053, 0.9344682205718151, 0.9951297391169733, 0.9458417619050125, 0.9925495032320595, 0.9921183975997832, 0.9950550379946678, 0.9714957872609108, 0.9988786619364748, 0.9269744421219032, 0.7827493789915032, -0.07784538184081692, 0.9766599386061922, 0.059135338554199654, -0.00022268593668364368, -0.2515310050038523, 0.8245350531997941, 0.9511876172606426, 0.9038292276958563, 0.9272578936629872, 0.7673493045472565, 0.4748603263291385, 0.609149804411031, 0.6385874408302518, 0.9279876329932983, 0.810153638840625, 0.16909794829204466], [0.9999999999999983, 1.0, 0.9999999999999984, 0.9955517942233219, 0.9955517942233219, 0.9602818283622516, 0.9602818283622516, 0.8972131081856924, 0.8972131081856924, 0.9348126791438663, 0.9951017964601232, 0.9463709276336221, 0.9922829180086326, 0.9915253181500346, 0.9950235182338667, 0.9707244780985681, 0.9988808729250759, 0.9275562107832102, 0.8034320673340688, 0.12950436418496955, 0.967563547729136, -0.10267402170622873, 0.008387647326237644, -0.2517768018482007, 0.6482692547451506, 0.9512569183567551, 0.8754865107554458, 0.9217721603468726, 0.7804954654637066, 0.46547516035311093, 0.6056890832839233, 0.6694867054669545, 0.9249615824805986, 0.6718744648210409, 0.16524072097854822], [1.0, 0.9999999999999984, 1.0, 0.9956053824487932, 0.9956053824487932, 0.960930741249448, 0.960930741249448, 0.8959221611957053, 0.8959221611957053, 0.9344682205718151, 0.9951297391169733, 0.9458417619050125, 0.9925495032320595, 0.9921183975997832, 0.9950550379946678, 0.9714957872609108, 0.9988786619364748, 0.9269744421219032, 0.7827493789915032, -0.07784538184081692, 0.9766599386061922, 0.059135338554199654, -0.00022268593668364368, -0.2515310050038523, 0.8245350531997941, 0.9511876172606426, 0.9038292276958563, 0.9272578936629872, 0.7673493045472565, 0.4748603263291385, 0.609149804411031, 0.6385874408302518, 0.9279876329932983, 0.810153638840625, 0.16909794829204466], [0.9956053824487932, 0.9955517942233219, 0.9956053824487932, 1.0, 1.0, 0.947844909415229, 0.947844909415229, 0.8818813703446234, 0.8818813703446234, 0.9290236957139393, 0.9994592268409986, 0.9436175824222499, 0.9880675355616123, 0.9837878774466344, 0.9993933557730823, 0.9538977212318812, 0.9947164262137494, 0.9086211529612205, 0.7623365286860594, -0.08271292602835376, 0.9885088669512079, 0.07807974607061417, -0.029602041073681362, -0.25514718984575613, 0.825342612928659, 0.9423438154181274, 0.9088605923152426, 0.9167789357707465, 0.7790163065199158, 0.5001483478947658, 0.6030512808885966, 0.612844517915262, 0.9215063045403079, 0.7997752969787081, 0.18164484176035628], [0.9956053824487932, 0.9955517942233219, 0.9956053824487932, 1.0, 1.0, 0.947844909415229, 0.947844909415229, 0.8818813703446234, 0.8818813703446234, 0.9290236957139393, 0.9994592268409986, 0.9436175824222499, 0.9880675355616123, 0.9837878774466344, 0.9993933557730823, 0.9538977212318812, 0.9947164262137494, 0.9086211529612205, 0.7623365286860594, -0.08271292602835376, 0.9885088669512079, 0.07807974607061417, -0.029602041073681362, -0.25514718984575613, 0.825342612928659, 0.9423438154181274, 0.9088605923152426, 0.9167789357707465, 0.7790163065199158, 0.5001483478947658, 0.6030512808885966, 0.612844517915262, 0.9215063045403079, 0.7997752969787081, 0.18164484176035628], [0.960930741249448, 0.9602818283622516, 0.960930741249448, 0.947844909415229, 0.947844909415229, 1.0, 1.0, 0.9229780172126452, 0.9229780172126452, 0.9022431244014728, 0.9515357770251667, 0.9113657407776349, 0.9765636747251408, 0.9753631849826163, 0.951133000126583, 0.9989717649840413, 0.9719340435116657, 0.9196645269455819, 0.624298878437588, -0.020333557575564983, 0.9322340993666887, 0.24216759003512345, -0.20522871529696973, -0.10534533954068628, 0.8957866745632342, 0.9108849567344466, 0.92393498881646, 0.8943194709755079, 0.7251443342650548, 0.7027925383627098, 0.7222222790520092, 0.714270942516609, 0.8448740778507106, 0.8448730055772297, 0.4614239291477018], [0.960930741249448, 0.9602818283622516, 0.960930741249448, 0.947844909415229, 0.947844909415229, 1.0, 1.0, 0.9229780172126452, 0.9229780172126452, 0.9022431244014728, 0.9515357770251667, 0.9113657407776349, 0.9765636747251408, 0.9753631849826163, 0.951133000126583, 0.9989717649840413, 0.9719340435116657, 0.9196645269455819, 0.624298878437588, -0.020333557575564983, 0.9322340993666887, 0.24216759003512345, -0.20522871529696973, -0.10534533954068628, 0.8957866745632342, 0.9108849567344466, 0.92393498881646, 0.8943194709755079, 0.7251443342650548, 0.7027925383627098, 0.7222222790520092, 0.714270942516609, 0.8448740778507106, 0.8448730055772297, 0.4614239291477018], [0.8959221611957053, 0.8972131081856924, 0.8959221611957053, 0.8818813703446234, 0.8818813703446234, 0.9229780172126452, 0.9229780172126452, 1.0, 1.0, 0.8815144839468684, 0.9382734815949306, 0.8736221643725558, 0.9471655083024787, 0.9422579148343155, 0.9378670776866919, 0.923779465270911, 0.9397558682899163, 0.9729768864452212, 0.558756367851104, 0.10054580968143909, 0.8385162992351483, 0.4956336322833364, -0.22956157870598468, 0.0368585729626876, 0.7846292898911479, 0.8028199799004778, 0.8601379793057163, 0.8401086062047035, 0.7384650347372649, 0.8682304488196733, 0.7662984731641617, 0.7182293018545128, 0.7693250257248108, 0.8325120179763652, 0.8006371271502051], [0.8959221611957053, 0.8972131081856924, 0.8959221611957053, 0.8818813703446234, 0.8818813703446234, 0.9229780172126452, 0.9229780172126452, 1.0, 1.0, 0.8815144839468684, 0.9382734815949306, 0.8736221643725558, 0.9471655083024787, 0.9422579148343155, 0.9378670776866919, 0.923779465270911, 0.9397558682899163, 0.9729768864452212, 0.558756367851104, 0.10054580968143909, 0.8385162992351483, 0.4956336322833364, -0.22956157870598468, 0.0368585729626876, 0.7846292898911479, 0.8028199799004778, 0.8601379793057163, 0.8401086062047035, 0.7384650347372649, 0.8682304488196733, 0.7662984731641617, 0.7182293018545128, 0.7693250257248108, 0.8325120179763652, 0.8006371271502051], [0.9344682205718151, 0.9348126791438663, 0.9344682205718151, 0.9290236957139393, 0.9290236957139393, 0.9022431244014728, 0.9022431244014728, 0.8815144839468684, 0.8815144839468684, 1.0, 0.9255680635741036, 0.9999756477684887, 0.9097938481062903, 0.8834990632783547, 0.9265109107840744, 0.9040630540007316, 0.9322127474051131, 0.898805453887375, 0.7808238579659967, 0.23108447763435044, 0.9167169235009952, 0.775972874980503, -0.3149628334267328, 0.39657062175889685, 0.8578705710581859, 0.8333523946374595, 0.8800721143135671, 0.8607031819280307, 0.7517611070530015, 0.7708736645262362, 0.8226713645478928, 0.7965243496738346, 0.8393025383802559, 0.8835516457422016, 0.7751135754843813], [0.9951297391169733, 0.9951017964601232, 0.9951297391169733, 0.9994592268409986, 0.9994592268409986, 0.9515357770251667, 0.9515357770251667, 0.9382734815949306, 0.9382734815949306, 0.9255680635741036, 1.0, 0.9253977306251986, 0.9878294415908334, 0.9841482828889677, 0.9999131667382926, 0.9519739579588632, 0.993829089327764, 0.9272822421072346, 0.8406807204959676, 0.16944183077047503, 0.9955166763110953, 0.8470055683498544, -0.4162052397647236, 0.3726238685415102, 0.8687023198365398, 0.9169349790076956, 0.940354161816261, 0.9118278865225532, 0.8009369013826717, 0.8891595122049892, 0.8708599748102106, 0.8149411438489252, 0.8948310558079882, 0.9421010972790819, 0.78475883331019], [0.9458417619050125, 0.9463709276336221, 0.9458417619050125, 0.9436175824222499, 0.9436175824222499, 0.9113657407776349, 0.9113657407776349, 0.8736221643725558, 0.8736221643725558, 0.9999756477684887, 0.9253977306251986, 1.0, 0.9072251345516495, 0.8801429346699209, 0.924282659429717, 0.9118945702522107, 0.9341389627768841, 0.8897840338223387, 0.7161000434249832, -0.0003579053015493979, 0.9291423405221761, 0.6022199419816016, -0.227101231098698, -0.23857286369546787, 0.8648612011702418, 0.8660726690182511, 0.8556876482119976, 0.8732546791668666, 0.787800028299137, 0.7635238732436074, 0.7901336541889197, 0.7210923992328326, 0.8694479994301583, 0.7691916788795469, 0.7332642576721536], [0.9925495032320595, 0.9922829180086326, 0.9925495032320595, 0.9880675355616123, 0.9880675355616123, 0.9765636747251408, 0.9765636747251408, 0.9471655083024787, 0.9471655083024787, 0.9097938481062903, 0.9878294415908334, 0.9072251345516495, 1.0, 0.999680690587863, 0.9877455534349078, 0.9747804089325044, 0.9895727412513063, 0.9227216207491343, 0.8068484696159748, 0.20615753277356821, 0.9854358899241192, 0.8725609388411814, -0.6051431609756736, 0.45013793940058505, 0.8492776346439985, 0.9333201188553745, 0.9573550885305945, 0.906126884556834, 0.7227693278659533, 0.8900739042569503, 0.8505701820468574, 0.806325990022705, 0.8752976083058683, 0.9629587183171202, 0.8205324447252805], [0.9921183975997832, 0.9915253181500346, 0.9921183975997832, 0.9837878774466344, 0.9837878774466344, 0.9753631849826163, 0.9753631849826163, 0.9422579148343155, 0.9422579148343155, 0.8834990632783547, 0.9841482828889677, 0.8801429346699209, 0.999680690587863, 1.0, 0.9842231158114302, 0.9724620062008644, 0.9877901951218706, 0.9105534681253507, 0.8252371982057688, 0.08655937619733604, 0.9796289893054605, 0.881601309325962, -0.8185013596652885, 0.4983484012318666, 0.8073646152932175, 0.9393186789938214, 0.9551659170444634, 0.8921870304286481, 0.6364434470582, 0.9007677947105389, 0.8365394661995775, 0.7574808109596465, 0.9086532883678723, 0.9654349667997237, 0.7907941635100152], [0.9950550379946678, 0.9950235182338667, 0.9950550379946678, 0.9993933557730823, 0.9993933557730823, 0.951133000126583, 0.951133000126583, 0.9378670776866919, 0.9378670776866919, 0.9265109107840744, 0.9999131667382926, 0.924282659429717, 0.9877455534349078, 0.9842231158114302, 1.0, 0.951692026638074, 0.9937967797667857, 0.927330812812993, 0.8418071296201975, 0.16824115954496638, 0.9954022001803692, 0.8465705494689434, -0.41381572051481624, 0.3708788603483922, 0.8683121055640012, 0.91539621032848, 0.9393041480476086, 0.9123409913732673, 0.802401939428582, 0.8887452458390093, 0.8720723996062977, 0.8158839607925716, 0.8945504099500422, 0.9418145762984386, 0.7843625840146967], [0.9714957872609108, 0.9707244780985681, 0.9714957872609108, 0.9538977212318812, 0.9538977212318812, 0.9989717649840413, 0.9989717649840413, 0.923779465270911, 0.923779465270911, 0.9040630540007316, 0.9519739579588632, 0.9118945702522107, 0.9747804089325044, 0.9724620062008644, 0.951692026638074, 1.0, 0.9735988798874822, 0.9193003744201357, 0.6731493725156303, -0.001189254509799082, 0.9433627752816106, 0.5710425106656809, -0.339026188803432, -0.159252236898342, 0.9087420538988739, 0.9233836315012504, 0.9193209698688377, 0.9027991539605636, 0.7660185920447518, 0.8322283757092689, 0.7726985684267469, 0.772072949514001, 0.8690573590092062, 0.841916858321312, 0.788995091491991], [0.9988786619364748, 0.9988808729250759, 0.9988786619364748, 0.9947164262137494, 0.9947164262137494, 0.9719340435116657, 0.9719340435116657, 0.9397558682899163, 0.9397558682899163, 0.9322127474051131, 0.993829089327764, 0.9341389627768841, 0.9895727412513063, 0.9877901951218706, 0.9937967797667857, 0.9735988798874822, 1.0, 0.942825320865895, 0.8471179411389158, 0.16674883216000988, 0.9867380540822553, 0.8166109240126884, -0.3981910934486246, 0.3834643990822513, 0.9011080931171122, 0.9316889299350393, 0.9441014144257516, 0.9365804375971656, 0.8221342425550626, 0.8782947080985355, 0.8976905905500455, 0.8448684478170951, 0.9067076900445904, 0.9464039224869266, 0.8395992095486031], [0.9269744421219032, 0.9275562107832102, 0.9269744421219032, 0.9086211529612205, 0.9086211529612205, 0.9196645269455819, 0.9196645269455819, 0.9729768864452212, 0.9729768864452212, 0.898805453887375, 0.9272822421072346, 0.8897840338223387, 0.9227216207491343, 0.9105534681253507, 0.927330812812993, 0.9193003744201357, 0.942825320865895, 1.0, 0.7272102468739241, 0.017954145956263406, 0.8714801875952064, 0.5064979134103793, -0.12670034593642676, -0.20063044276352315, 0.822404181491652, 0.8387044578570847, 0.8285950874233949, 0.9119230280907838, 0.828977653726913, 0.7977902048293496, 0.7413231451099614, 0.6999670714950784, 0.8361848525423512, 0.7631311000212564, 0.846693117873742], [0.7827493789915032, 0.8034320673340688, 0.7827493789915032, 0.7623365286860594, 0.7623365286860594, 0.624298878437588, 0.624298878437588, 0.558756367851104, 0.558756367851104, 0.7808238579659967, 0.8406807204959676, 0.7161000434249832, 0.8068484696159748, 0.8252371982057688, 0.8418071296201975, 0.6731493725156303, 0.8471179411389158, 0.7272102468739241, 1.0, 0.06129930880372087, 0.7249060845335846, -0.43938011453850595, 0.390170975580861, -0.6620838349474738, 0.3321558093998523, 0.8023097343051039, 0.4812747556471273, 0.8293812178683106, 0.6798250782263873, 0.036038822160744846, 0.2751279265756372, 0.5565171464218015, 0.7752757490878067, 0.4563940545591983, -0.17119060498621572], [-0.07784538184081692, 0.12950436418496955, -0.07784538184081692, -0.08271292602835376, -0.08271292602835376, -0.020333557575564983, -0.020333557575564983, 0.10054580968143909, 0.10054580968143909, 0.23108447763435044, 0.16944183077047503, -0.0003579053015493979, 0.20615753277356821, 0.08655937619733604, 0.16824115954496638, -0.001189254509799082, 0.16674883216000988, 0.017954145956263406, 0.06129930880372087, 1.0, -0.045946003055809266, 0.13705522394607916, 0.1162164199379343, 0.7525014633662162, -0.07654748763514632, 0.0451140094914877, 0.036312188169491666, 0.20065492636031684, 0.039419164154557866, 0.12230269378251439, 0.39102426238556126, 0.5972284051163196, -0.07887250022764451, 0.1621058297644808, 0.1734733997024682], [0.9766599386061922, 0.967563547729136, 0.9766599386061922, 0.9885088669512079, 0.9885088669512079, 0.9322340993666887, 0.9322340993666887, 0.8385162992351483, 0.8385162992351483, 0.9167169235009952, 0.9955166763110953, 0.9291423405221761, 0.9854358899241192, 0.9796289893054605, 0.9954022001803692, 0.9433627752816106, 0.9867380540822553, 0.8714801875952064, 0.7249060845335846, -0.045946003055809266, 1.0, -0.01227723713039294, -0.09365652422329669, -0.3150135764558324, 0.6876712107278593, 0.9240201842563779, 0.8924193027029482, 0.8589291423435192, 0.7475829554379118, 0.49659632280359556, 0.5661271504466485, 0.5426745654418988, 0.8998324241812045, 0.6470409134178837, 0.16016797785609066], [0.059135338554199654, -0.10267402170622873, 0.059135338554199654, 0.07807974607061417, 0.07807974607061417, 0.24216759003512345, 0.24216759003512345, 0.4956336322833364, 0.4956336322833364, 0.775972874980503, 0.8470055683498544, 0.6022199419816016, 0.8725609388411814, 0.881601309325962, 0.8465705494689434, 0.5710425106656809, 0.8166109240126884, 0.5064979134103793, -0.43938011453850595, 0.13705522394607916, -0.01227723713039294, 1.0, -0.4223869686933776, 0.7783206592811639, 0.3603654290270159, -0.0622359615501381, 0.24881876981293607, -0.1634597960164784, 0.014790572280036825, 0.557187628409433, 0.4448559309557049, 0.17119035471984795, -0.08759875463737293, 0.3443357828347515, 0.463936392891285], [-0.00022268593668364368, 0.008387647326237644, -0.00022268593668364368, -0.029602041073681362, -0.029602041073681362, -0.20522871529696973, -0.20522871529696973, -0.22956157870598468, -0.22956157870598468, -0.3149628334267328, -0.4162052397647236, -0.227101231098698, -0.6051431609756736, -0.8185013596652885, -0.41381572051481624, -0.339026188803432, -0.3981910934486246, -0.12670034593642676, 0.390170975580861, 0.1162164199379343, -0.09365652422329669, -0.4223869686933776, 1.0, -0.04887080571084016, -0.12740999460013738, -0.036572668975958046, -0.23931975706370812, 0.026394917719391262, -0.011647645135935795, -0.5310976456936767, -0.1512814726155558, 0.008320788877024888, 0.036504802397862364, -0.15102260976235332, -0.4014283802479835], [-0.2515310050038523, -0.2517768018482007, -0.2515310050038523, -0.25514718984575613, -0.25514718984575613, -0.10534533954068628, -0.10534533954068628, 0.0368585729626876, 0.0368585729626876, 0.39657062175889685, 0.3726238685415102, -0.23857286369546787, 0.45013793940058505, 0.4983484012318666, 0.3708788603483922, -0.159252236898342, 0.3834643990822513, -0.20063044276352315, -0.6620838349474738, 0.7525014633662162, -0.3150135764558324, 0.7783206592811639, -0.04887080571084016, 1.0, -0.09825007924855163, -0.3021589903368784, -0.04934926936701268, -0.3498624647989604, -0.326658623153055, 0.1090397122589037, 0.1816790293136226, 0.2743250138782468, -0.382683706475091, 0.14225047511546984, 0.10476988709355331], [0.8245350531997941, 0.6482692547451506, 0.8245350531997941, 0.825342612928659, 0.825342612928659, 0.8957866745632342, 0.8957866745632342, 0.7846292898911479, 0.7846292898911479, 0.8578705710581859, 0.8687023198365398, 0.8648612011702418, 0.8492776346439985, 0.8073646152932175, 0.8683121055640012, 0.9087420538988739, 0.9011080931171122, 0.822404181491652, 0.3321558093998523, -0.07654748763514632, 0.6876712107278593, 0.3603654290270159, -0.12740999460013738, -0.09825007924855163, 1.0, 0.6149246347029148, 0.844426584919439, 0.479371663141021, 0.614080520393901, 0.5291766512608526, 0.6448411222705578, 0.4077388076820739, 0.6964810368294302, 0.6948830103409339, 0.4103273016498811], [0.9511876172606426, 0.9512569183567551, 0.9511876172606426, 0.9423438154181274, 0.9423438154181274, 0.9108849567344466, 0.9108849567344466, 0.8028199799004778, 0.8028199799004778, 0.8333523946374595, 0.9169349790076956, 0.8660726690182511, 0.9333201188553745, 0.9393186789938214, 0.91539621032848, 0.9233836315012504, 0.9316889299350393, 0.8387044578570847, 0.8023097343051039, 0.0451140094914877, 0.9240201842563779, -0.0622359615501381, -0.036572668975958046, -0.3021589903368784, 0.6149246347029148, 1.0, 0.8290259361422683, 0.8587799859228139, 0.7075743647801838, 0.3422885233259726, 0.48701274008656953, 0.6027993244561867, 0.9015757379399922, 0.6334313218547187, 0.05882599904010177], [0.9038292276958563, 0.8754865107554458, 0.9038292276958563, 0.9088605923152426, 0.9088605923152426, 0.92393498881646, 0.92393498881646, 0.8601379793057163, 0.8601379793057163, 0.8800721143135671, 0.940354161816261, 0.8556876482119976, 0.9573550885305945, 0.9551659170444634, 0.9393041480476086, 0.9193209698688377, 0.9441014144257516, 0.8285950874233949, 0.4812747556471273, 0.036312188169491666, 0.8924193027029482, 0.24881876981293607, -0.23931975706370812, -0.04934926936701268, 0.844426584919439, 0.8290259361422683, 1.0, 0.7316564943143956, 0.5791615810269755, 0.538350255292493, 0.5721257117248749, 0.5271725560671332, 0.7988595690089192, 0.81726329758435, 0.20669300467767854], [0.9272578936629872, 0.9217721603468726, 0.9272578936629872, 0.9167789357707465, 0.9167789357707465, 0.8943194709755079, 0.8943194709755079, 0.8401086062047035, 0.8401086062047035, 0.8607031819280307, 0.9118278865225532, 0.8732546791668666, 0.906126884556834, 0.8921870304286481, 0.9123409913732673, 0.9027991539605636, 0.9365804375971656, 0.9119230280907838, 0.8293812178683106, 0.20065492636031684, 0.8589291423435192, -0.1634597960164784, 0.026394917719391262, -0.3498624647989604, 0.479371663141021, 0.8587799859228139, 0.7316564943143956, 1.0, 0.9005003400316423, 0.4985403487162772, 0.6677564976536624, 0.6686514286141895, 0.8697783181794579, 0.4903480101724161, 0.2900056387052481], [0.7673493045472565, 0.7804954654637066, 0.7673493045472565, 0.7790163065199158, 0.7790163065199158, 0.7251443342650548, 0.7251443342650548, 0.7384650347372649, 0.7384650347372649, 0.7517611070530015, 0.8009369013826717, 0.787800028299137, 0.7227693278659533, 0.6364434470582, 0.802401939428582, 0.7660185920447518, 0.8221342425550626, 0.828977653726913, 0.6798250782263873, 0.039419164154557866, 0.7475829554379118, 0.014790572280036825, -0.011647645135935795, -0.326658623153055, 0.614080520393901, 0.7075743647801838, 0.5791615810269755, 0.9005003400316423, 1.0, 0.5429453207659989, 0.6500551544930561, 0.6027584954542905, 0.7124508666992684, 0.5540847586219012, 0.4712612099271355], [0.4748603263291385, 0.46547516035311093, 0.4748603263291385, 0.5001483478947658, 0.5001483478947658, 0.7027925383627098, 0.7027925383627098, 0.8682304488196733, 0.8682304488196733, 0.7708736645262362, 0.8891595122049892, 0.7635238732436074, 0.8900739042569503, 0.9007677947105389, 0.8887452458390093, 0.8322283757092689, 0.8782947080985355, 0.7977902048293496, 0.036038822160744846, 0.12230269378251439, 0.49659632280359556, 0.557187628409433, -0.5310976456936767, 0.1090397122589037, 0.5291766512608526, 0.3422885233259726, 0.538350255292493, 0.4985403487162772, 0.5429453207659989, 1.0, 0.7303716989865692, 0.36578439964396897, 0.4319929812769175, 0.5256075263730038, 0.7898129585660605], [0.609149804411031, 0.6056890832839233, 0.609149804411031, 0.6030512808885966, 0.6030512808885966, 0.7222222790520092, 0.7222222790520092, 0.7662984731641617, 0.7662984731641617, 0.8226713645478928, 0.8708599748102106, 0.7901336541889197, 0.8505701820468574, 0.8365394661995775, 0.8720723996062977, 0.7726985684267469, 0.8976905905500455, 0.7413231451099614, 0.2751279265756372, 0.39102426238556126, 0.5661271504466485, 0.4448559309557049, -0.1512814726155558, 0.1816790293136226, 0.6448411222705578, 0.48701274008656953, 0.5721257117248749, 0.6677564976536624, 0.6500551544930561, 0.7303716989865692, 1.0, 0.7769607466137078, 0.4618417977208731, 0.7121290649296729, 0.5487482626590371], [0.6385874408302518, 0.6694867054669545, 0.6385874408302518, 0.612844517915262, 0.612844517915262, 0.714270942516609, 0.714270942516609, 0.7182293018545128, 0.7182293018545128, 0.7965243496738346, 0.8149411438489252, 0.7210923992328326, 0.806325990022705, 0.7574808109596465, 0.8158839607925716, 0.772072949514001, 0.8448684478170951, 0.6999670714950784, 0.5565171464218015, 0.5972284051163196, 0.5426745654418988, 0.17119035471984795, 0.008320788877024888, 0.2743250138782468, 0.4077388076820739, 0.6027993244561867, 0.5271725560671332, 0.6686514286141895, 0.6027584954542905, 0.36578439964396897, 0.7769607466137078, 1.0, 0.48208206562719275, 0.6693230593490898, 0.1947557733382889], [0.9279876329932983, 0.9249615824805986, 0.9279876329932983, 0.9215063045403079, 0.9215063045403079, 0.8448740778507106, 0.8448740778507106, 0.7693250257248108, 0.7693250257248108, 0.8393025383802559, 0.8948310558079882, 0.8694479994301583, 0.8752976083058683, 0.9086532883678723, 0.8945504099500422, 0.8690573590092062, 0.9067076900445904, 0.8361848525423512, 0.7752757490878067, -0.07887250022764451, 0.8998324241812045, -0.08759875463737293, 0.036504802397862364, -0.382683706475091, 0.6964810368294302, 0.9015757379399922, 0.7988595690089192, 0.8697783181794579, 0.7124508666992684, 0.4319929812769175, 0.4618417977208731, 0.48208206562719275, 1.0, 0.7055935889452069, 0.15731240489172818], [0.810153638840625, 0.6718744648210409, 0.810153638840625, 0.7997752969787081, 0.7997752969787081, 0.8448730055772297, 0.8448730055772297, 0.8325120179763652, 0.8325120179763652, 0.8835516457422016, 0.9421010972790819, 0.7691916788795469, 0.9629587183171202, 0.9654349667997237, 0.9418145762984386, 0.841916858321312, 0.9464039224869266, 0.7631311000212564, 0.4563940545591983, 0.1621058297644808, 0.6470409134178837, 0.3443357828347515, -0.15102260976235332, 0.14225047511546984, 0.6948830103409339, 0.6334313218547187, 0.81726329758435, 0.4903480101724161, 0.5540847586219012, 0.5256075263730038, 0.7121290649296729, 0.6693230593490898, 0.7055935889452069, 1.0, 0.16628812503023152], [0.16909794829204466, 0.16524072097854822, 0.16909794829204466, 0.18164484176035628, 0.18164484176035628, 0.4614239291477018, 0.4614239291477018, 0.8006371271502051, 0.8006371271502051, 0.7751135754843813, 0.78475883331019, 0.7332642576721536, 0.8205324447252805, 0.7907941635100152, 0.7843625840146967, 0.788995091491991, 0.8395992095486031, 0.846693117873742, -0.17119060498621572, 0.1734733997024682, 0.16016797785609066, 0.463936392891285, -0.4014283802479835, 0.10476988709355331, 0.4103273016498811, 0.05882599904010177, 0.20669300467767854, 0.2900056387052481, 0.4712612099271355, 0.7898129585660605, 0.5487482626590371, 0.1947557733382889, 0.15731240489172818, 0.16628812503023152, 1.0]], "x": ["^TAIEX       \u81fa\u7063\u52a0\u6b0a\u5831\u916c\u6307\u6578", "^TWII        \u81fa\u7063\u52a0\u6b0a\u6307\u6578", "^TAIEXx2     \u81fa\u7063\u52a0\u6b0a\u5831\u916c\u6307\u6578_\u65e5\u6b632", "^TAI50I      \u81fa\u706350\u5831\u916c\u6307\u6578", "^TAI50Ix2    \u81fa\u706350\u5831\u916c\u6307\u6578_\u65e5\u6b632", "^TAI100I     \u81fa\u7063\u4e2d\u578b100\u5831\u916c\u6307\u6578", "^TAI100Ix2   \u81fa\u7063\u4e2d\u578b100\u5831\u916c\u6307\u6578_\u65e5\u6b632", "^TAIDIVIDI   \u81fa\u7063\u9ad8\u80a1\u606f\u5831\u916c\u6307\u6578", "^TAIDIVIDIx2 \u81fa\u7063\u9ad8\u80a1\u606f\u5831\u916c\u6307\u6578_\u65e5\u6b632", "0050Fund     \u5143\u5927\u53f0\u7063\u5353\u8d8a50\u57fa\u91d1", "006208Fund   \u5bcc\u90a6\u53f0\u7063\u91c6\u540950\u57fa\u91d1", "0050         \u5143\u5927\u81fa\u706350", "00631L       \u5143\u5927\u53f0\u706350\u6b632", "00675L       \u5bcc\u90a6\u81fa\u7063\u52a0\u6b0a\u6b632", "006208       \u5bcc\u90a6\u53f050", "0051         \u5143\u5927\u4e2d\u578b100", "006204       \u6c38\u8c50\u81fa\u7063\u52a0\u6b0a", "0056         \u5143\u5927\u9ad8\u80a1\u606f", "2412         \u4e2d\u83ef\u96fb\u4fe1", "2002         \u4e2d\u92fc", "2330         \u53f0\u7a4d\u96fb", "2317         \u9d3b\u6d77", "6505         \u53f0\u5851\u77f3\u5316", "3481         \u7fa4\u5275", "2303         \u806f\u96fb", "2308         \u53f0\u9054\u96fb", "2454         \u806f\u767c\u79d1", "2886         \u5146\u8c50\u91d1", "2884         \u7389\u5c71\u91d1", "2891         \u4e2d\u4fe1\u91d1", "2892         \u7b2c\u4e00\u91d1", "5880         \u5408\u5eab\u91d1", "2881         \u5bcc\u90a6\u91d1", "2885         \u5143\u5927\u91d1", "2887         \u53f0\u65b0\u91d1"], "y": ["^TAIEX       \u81fa\u7063\u52a0\u6b0a\u5831\u916c\u6307\u6578", "^TWII        \u81fa\u7063\u52a0\u6b0a\u6307\u6578", "^TAIEXx2     \u81fa\u7063\u52a0\u6b0a\u5831\u916c\u6307\u6578_\u65e5\u6b632", "^TAI50I      \u81fa\u706350\u5831\u916c\u6307\u6578", "^TAI50Ix2    \u81fa\u706350\u5831\u916c\u6307\u6578_\u65e5\u6b632", "^TAI100I     \u81fa\u7063\u4e2d\u578b100\u5831\u916c\u6307\u6578", "^TAI100Ix2   \u81fa\u7063\u4e2d\u578b100\u5831\u916c\u6307\u6578_\u65e5\u6b632", "^TAIDIVIDI   \u81fa\u7063\u9ad8\u80a1\u606f\u5831\u916c\u6307\u6578", "^TAIDIVIDIx2 \u81fa\u7063\u9ad8\u80a1\u606f\u5831\u916c\u6307\u6578_\u65e5\u6b632", "0050Fund     \u5143\u5927\u53f0\u7063\u5353\u8d8a50\u57fa\u91d1", "006208Fund   \u5bcc\u90a6\u53f0\u7063\u91c6\u540950\u57fa\u91d1", "0050         \u5143\u5927\u81fa\u706350", "00631L       \u5143\u5927\u53f0\u706350\u6b632", "00675L       \u5bcc\u90a6\u81fa\u7063\u52a0\u6b0a\u6b632", "006208       \u5bcc\u90a6\u53f050", "0051         \u5143\u5927\u4e2d\u578b100", "006204       \u6c38\u8c50\u81fa\u7063\u52a0\u6b0a", "0056         \u5143\u5927\u9ad8\u80a1\u606f", "2412         \u4e2d\u83ef\u96fb\u4fe1", "2002         \u4e2d\u92fc", "2330         \u53f0\u7a4d\u96fb", "2317         \u9d3b\u6d77", "6505         \u53f0\u5851\u77f3\u5316", "3481         \u7fa4\u5275", "2303         \u806f\u96fb", "2308         \u53f0\u9054\u96fb", "2454         \u806f\u767c\u79d1", "2886         \u5146\u8c50\u91d1", "2884         \u7389\u5c71\u91d1", "2891         \u4e2d\u4fe1\u91d1", "2892         \u7b2c\u4e00\u91d1", "5880         \u5408\u5eab\u91d1", "2881         \u5bcc\u90a6\u91d1", "2885         \u5143\u5927\u91d1", "2887         \u53f0\u65b0\u91d1"], "zmin": -1, "zmax": 1, "colorbar": {"x": -0.2}}], "layout": {"autotypenumbers": "strict", "colorway": ["#636efa", "#EF553B", "#00cc96", "#ab63fa", "#FFA15A", "#19d3f3", "#FF6692", "#B6E880", "#FF97FF", "#FECB52"], "font": {"color": "#f2f5fa", "family": "Courier New"}, "hovermode": "closest", "hoverlabel": {"align": "left"}, "paper_bgcolor": "rgb(17,17,17)", "plot_bgcolor": "rgb(17,17,17)", "polar": {"bgcolor": "rgb(17,17,17)", "angularaxis": {"gridcolor": "#506784", "linecolor": "#506784", "ticks": ""}, "radialaxis": {"gridcolor": "#506784", "linecolor": "#506784", "ticks": ""}}, "ternary": {"bgcolor": "rgb(17,17,17)", "aaxis": {"gridcolor": "#506784", "linecolor": "#506784", "ticks": ""}, "baxis": {"gridcolor": "#506784", "linecolor": "#506784", "ticks": ""}, "caxis": {"gridcolor": "#506784", "linecolor": "#506784", "ticks": ""}}, "coloraxis": {"colorbar": {"outlinewidth": 0, "ticks": ""}}, "colorscale": {"sequential": [[0.0, "#0d0887"], [0.1111111111111111, "#46039f"], [0.2222222222222222, "#7201a8"], [0.3333333333333333, "#9c179e"], [0.4444444444444444, "#bd3786"], [0.5555555555555556, "#d8576b"], [0.6666666666666666, "#ed7953"], [0.7777777777777778, "#fb9f3a"], [0.8888888888888888, "#fdca26"], [1.0, "#f0f921"]], "sequentialminus": [[0.0, "#0d0887"], [0.1111111111111111, "#46039f"], [0.2222222222222222, "#7201a8"], [0.3333333333333333, "#9c179e"], [0.4444444444444444, "#bd3786"], [0.5555555555555556, "#d8576b"], [0.6666666666666666, "#ed7953"], [0.7777777777777778, "#fb9f3a"], [0.8888888888888888, "#fdca26"], [1.0, "#f0f921"]], "diverging": [[0, "#8e0152"], [0.1, "#c51b7d"], [0.2, "#de77ae"], [0.3, "#f1b6da"], [0.4, "#fde0ef"], [0.5, "#f7f7f7"], [0.6, "#e6f5d0"], [0.7, "#b8e186"], [0.8, "#7fbc41"], [0.9, "#4d9221"], [1, "#276419"]]}, "xaxis": {"gridcolor": "rgba(0, 0, 0, 0)", "linecolor": "#506784", "ticks": "", "title": {"standoff": 15}, "zerolinecolor": "#283442", "automargin": true, "zerolinewidth": 2, "tickfont": {"family": "Courier New", "size": 14}, "side": "top", "tickangle": -90}, "yaxis": {"gridcolor": "rgba(0, 0, 0, 0)", "linecolor": "#506784", "ticks": "", "title": {"standoff": 15}, "zerolinecolor": "#283442", "automargin": true, "zerolinewidth": 2, "tickfont": {"family": "Courier New"}, "side": "right"}, "scene": {"xaxis": {"backgroundcolor": "rgb(17,17,17)", "gridcolor": "#506784", "linecolor": "#506784", "showbackground": true, "ticks": "", "zerolinecolor": "#C8D4E3", "gridwidth": 2}, "yaxis": {"backgroundcolor": "rgb(17,17,17)", "gridcolor": "#506784", "linecolor": "#506784", "showbackground": true, "ticks": "", "zerolinecolor": "#C8D4E3", "gridwidth": 2}, "zaxis": {"backgroundcolor": "rgb(17,17,17)", "gridcolor": "#506784", "linecolor": "#506784", "showbackground": true, "ticks": "", "zerolinecolor": "#C8D4E3", "gridwidth": 2}}, "shapedefaults": {"line": {"color": "#f2f5fa"}}, "annotationdefaults": {"arrowcolor": "#f2f5fa", "arrowhead": 0, "arrowwidth": 1}, "geo": {"bgcolor": "rgb(17,17,17)", "landcolor": "rgb(17,17,17)", "subunitcolor": "#506784", "showland": true, "showlakes": true, "lakecolor": "rgb(17,17,17)"}, "title": {"x": 0.05, "font": {"family": "Times New Roman"}, "y": 0.05, "text": "<b>Correlation of Close<b><br><i>2016-09-23 ~ 2025-07-25<i>"}, "updatemenudefaults": {"bgcolor": "#506784", "borderwidth": 0}, "sliderdefaults": {"bgcolor": "#C8D4E3", "borderwidth": 1, "bordercolor": "rgb(17,17,17)", "tickwidth": 0}, "mapbox": {"style": "dark"}}, "config": {"responsive": true, "toImageButtonOptions": {"filename": "Correlation of Close_2016-09-23~2025-07-25", "scale": 5}}};

Plotly.newPlot("correlationClose",
    correlationClose.data,
    correlationClose.layout || {},
    correlationClose.config);