var element=document.getElementById("correlationAdjClose");if(element.style.display!='none'){var correlationAdjClose={"data":[{"type":"heatmap","z":[[1.0,0.9944978085242238,0.9769090441884932,0.9974258536380964,0.9623002039851041,0.9828284791196493,-0.9482402898442821,0.9900181965374687,0.9727692481042778,0.9975667544039106,0.9970142217159881,0.9975021415271134,0.9936861793834956,0.9944552678411046,0.9970787272054954,0.9848369744041778,0.9996901227356452,0.989932306769776,0.9016210290642124,0.9213774702277224,0.7186443712959791,0.9853561498381744,0.9274882205061706,0.3974694652475987,-0.30202300603378157,0.8996227803135015,0.9506757456054227,0.9582339064704111,0.9800473986447146,0.9661834244951629,0.9770464728291666,0.972774280577659,0.9446938100877155,0.9813310252949624,0.972784001903512,0.9547313802529719],[0.9944978085242238,1.0,0.9724205146075676,0.991496991659163,0.9575438787331337,0.9786639191694889,-0.9437569041713229,0.981773723257418,0.9664138096143287,0.9928336581732222,0.9949721205995883,0.9943706978575797,0.9926584009623207,0.9921827159235732,0.9949943089621296,0.9794312026809069,0.9969648155175677,0.9842237195922019,0.9243135820862125,0.9110254794155603,0.7342364789574609,0.9681646413754825,0.9086545990962938,0.3973254741535148,-0.2299463114273542,0.8759435882404112,0.9407691376773277,0.9574555205472853,0.9594986814584978,0.953161575920068,0.9673737482193708,0.9581915949044765,0.943205587040738,0.9710105088600276,0.9634242177211542,0.9492725113699023],[0.9769090441884932,0.9724205146075676,1.0,0.9841493401475079,0.9955037600008043,0.9773531637943189,-0.9773784699706405,0.967731605271045,0.9829979249024313,0.9837704935410863,0.9904172641357,0.987026200643348,0.9969351090198065,0.9967152834318413,0.9901388335740271,0.9754587510936835,0.9872080713303965,0.9674057489364677,0.8730951988054299,0.829767253940143,0.6013236059881502,0.9912573321386541,0.9225563735291021,0.22886274036561288,-0.22633908607647707,0.8960378181645036,0.9410036313588942,0.9794561701626677,0.9286783627518879,0.9152862975427856,0.9672757522739603,0.9202435079244228,0.9015481598527681,0.9666784797575766,0.974381554759096,0.9202866450671959],[0.9974258536380964,0.991496991659163,0.9841493401475079,1.0,0.9756201907347233,0.9749785870728953,-0.9441863514642451,0.9834316690779299,0.9700886022560642,0.9999666078384578,0.9999905605197237,0.9999600273341916,0.9923408763606337,0.9905128121039456,0.9999453416358961,0.9742896074256818,0.9958889031326271,0.9830859175426918,0.888117771681827,0.9061751983394138,0.685081734454791,0.9937084173908873,0.9304434540633214,0.3688498544724099,-0.29244621595098064,0.8946836014070618,0.9535446574464905,0.9641427915698519,0.969954338972545,0.962657028965796,0.979679099757929,0.9622575753533605,0.9319122530370878,0.9790175919371944,0.9714166696335457,0.9449906800559386],[0.9623002039851041,0.9575438787331337,0.9955037600008043,0.9756201907347233,1.0,0.9547830755608122,-0.9584985347167589,0.9490259239184011,0.9681117863006365,0.9756265643629843,0.9848449930227491,0.9808931665123096,0.9849909902908441,0.9816176591196591,0.9843656325899157,0.9515868691989976,0.9728979311769376,0.9484663459557264,0.848503546459773,0.8057838881684833,0.5597085532254076,0.988960818199535,0.9185190471159566,0.19860255796405094,-0.21791350395489453,0.8708894754608246,0.9376331972131188,0.9738419019436985,0.9050971730531789,0.8989491570390391,0.9599190700775954,0.8959611021714942,0.8713289743026389,0.9535752557166675,0.9604230867133552,0.8931339129173652],[0.9828284791196493,0.9786639191694889,0.9773531637943189,0.9749785870728953,0.9547830755608122,1.0,-0.9817068629413938,0.9818329807716474,0.9813504749884947,0.9743366613108385,0.9699565614425135,0.9728797609692069,0.9768934763719818,0.9747978049325058,0.969885554982967,0.9998996051048296,0.9868306365251346,0.9828116753273357,0.901765945002937,0.8680210210436704,0.6859895898593201,0.967999264072968,0.8989987681305205,0.2679660068883281,-0.21851802439578322,0.933721458702069,0.9289350244195888,0.9623338586210674,0.9595546704883472,0.9326684576838034,0.9547498400824342,0.9542379985534569,0.9546377557693353,0.9600200109895791,0.9780440043681615,0.9560831425835277],[-0.9482402898442821,-0.9437569041713229,-0.9773784699706405,-0.9441863514642451,-0.9584985347167589,-0.9817068629413938,1.0,-0.9543004875501996,-0.9846210040747972,-0.9426868245887862,-0.9543032731332924,-0.9501802061876533,-0.9762114154286856,-0.9774783444125429,-0.9539986282031788,-0.9844206992061215,-0.9679643839419204,-0.9569722800262485,-0.8697566360693082,-0.7854844317609745,-0.5821547210934827,-0.9487437756880917,-0.8945013935277542,-0.12651874851007883,0.15543661711153722,-0.8995876481216087,-0.9047387734642508,-0.9609718676942417,-0.9039562812866992,-0.8687103152542011,-0.932225949704554,-0.8964479734825798,-0.9089863240933533,-0.9315655101072804,-0.9668428824566809,-0.9109483192691893],[0.9900181965374687,0.981773723257418,0.967731605271045,0.9834316690779299,0.9490259239184011,0.9818329807716474,-0.9543004875501996,1.0,0.9833111424054599,0.9833795578727815,0.9791678115013105,0.982418499512412,0.9755876210367397,0.9747927955569087,0.9793124616881163,0.9836809144175536,0.987950246439387,0.9998763475514619,0.9273751923117244,0.9271433804010388,0.6532630883322632,0.9724604403705712,0.8992815192929724,0.25032878213012827,-0.3113243687364452,0.9053048537558576,0.9182786439443129,0.9414083757518291,0.9788677115865275,0.9555880650140226,0.9684327315564649,0.9648748346721682,0.9371930751612019,0.9617516701638429,0.9597964691658173,0.9660919248053759],[0.9727692481042778,0.9664138096143287,0.9829979249024313,0.9700886022560642,0.9681117863006365,0.9813504749884947,-0.9846210040747972,0.9833111424054599,1.0,0.9692527647864883,0.9662440450909373,0.9682678013947202,0.9743393110073479,0.9715144171460002,0.966098363994909,0.9804028584366853,0.9728438136003436,0.9826318507006041,0.9036396673204121,0.8578895969208581,0.5756408093527399,0.9693014351660265,0.9130321652483695,0.10857586802208044,-0.23230757419957482,0.8849906664274405,0.9094544493235598,0.9631514341274389,0.9366716374164393,0.9025979329449368,0.9594655266720588,0.9210746448695895,0.9046861007716875,0.9496423314248372,0.9718251415905416,0.9248807345086304],[0.9975667544039106,0.9928336581732222,0.9837704935410863,0.9999666078384578,0.9756265643629843,0.9743366613108385,-0.9426868245887862,0.9833795578727815,0.9692527647864883,1.0,0.999988866840548,0.9999833700049713,0.9922063070807493,0.9903501200346954,0.9999510344833042,0.9736593758616597,0.9957512151680261,0.9831331743706392,0.8900250035478262,0.9072562168850834,0.6840082901767176,0.9939012914363425,0.9302675981419315,0.37409101897324354,-0.2918268677552249,0.8957625102782273,0.9520419320076585,0.9626571004813141,0.9696874174579477,0.9618843072350047,0.9786042234326259,0.9616525458542043,0.9304467422076624,0.978180370692251,0.970135301595796,0.9433239681281151],[0.9970142217159881,0.9949721205995883,0.9904172641357,0.9999905605197237,0.9848449930227491,0.9699565614425135,-0.9543032731332924,0.9791678115013105,0.9662440450909373,0.999988866840548,1.0,0.9999729343924131,0.992366997745452,0.9905091335320406,0.9999540669253277,0.9699667620948526,0.995542169013485,0.9799058110103126,0.9155471787043786,0.933247525186089,0.5855908466717499,0.9971948222457082,0.9116161266588243,-0.09987452919106225,0.4077997715902736,0.9026144850377555,0.9245059913673951,0.9691151682647425,0.9613990289015695,0.9456149549630264,0.9693196841381803,0.9422202377519857,0.9137553996792553,0.9679925874664496,0.9816674969016997,0.9397160766592526],[0.9975021415271134,0.9943706978575797,0.987026200643348,0.9999600273341916,0.9808931665123096,0.9728797609692069,-0.9501802061876533,0.982418499512412,0.9682678013947202,0.9999833700049713,0.9999729343924131,1.0,0.9922227912986669,0.9903436553597662,0.9999627470839513,0.972903107581084,0.9956722085208943,0.9826821630857231,0.8980961465724621,0.9234308609654184,0.641203841134278,0.9961413321577084,0.9260110544094605,0.11400914483496899,-0.19517588052329757,0.9136512105219983,0.9382553045641472,0.959432726842007,0.9644870681581235,0.9539262702534219,0.9750134327230356,0.9531227949186126,0.928752967325722,0.9742735008979333,0.9700795468226764,0.9490093031358182],[0.9936861793834956,0.9926584009623207,0.9969351090198065,0.9923408763606337,0.9849909902908441,0.9768934763719818,-0.9762114154286856,0.9755876210367397,0.9743393110073479,0.9922063070807493,0.992366997745452,0.9922227912986669,1.0,0.9997244944374252,0.9923833069220628,0.9769903721003191,0.9937850318547653,0.9765054178721699,0.9122933792616655,0.9193128849148854,0.5208564614737025,0.9875662820429989,0.9054649746522746,-0.37663311864974897,0.43016568733762867,0.8905372256400576,0.9164284214319623,0.9776403197526198,0.9461247492131823,0.9129279047301889,0.9523365725039631,0.9194247954724842,0.8852328002798038,0.9663329328164875,0.9805492834436168,0.9328148181737176],[0.9944552678411046,0.9921827159235732,0.9967152834318413,0.9905128121039456,0.9816176591196591,0.9747978049325058,-0.9774783444125429,0.9747927955569087,0.9715144171460002,0.9903501200346954,0.9905091335320406,0.9903436553597662,0.9997244944374252,1.0,0.9906681869303957,0.9748273885341511,0.9943991849119765,0.9759102759792889,0.8986078506279809,0.9277853383073963,0.3909225583262667,0.9829862372097535,0.8968588373377183,-0.7414465577474961,0.4042289208674696,0.8604507801581864,0.9113187937550162,0.976396620754397,0.9397733365880444,0.8989080025451751,0.944625239074452,0.9186579099250737,0.8642207285174727,0.9679909391268945,0.9789504190427987,0.925507071337415],[0.9970787272054954,0.9949943089621296,0.9901388335740271,0.9999453416358961,0.9843656325899157,0.969885554982967,-0.9539986282031788,0.9793124616881163,0.966098363994909,0.9999510344833042,0.9999540669253277,0.9999627470839513,0.9923833069220628,0.9906681869303957,1.0,0.9698924226230885,0.9955777978503582,0.9799959953575804,0.9157304774855716,0.9339417862572578,0.5845817357449029,0.9970034566837801,0.9120320067898398,-0.09940915556873403,0.40787108588555343,0.9022920102983172,0.9216481781860346,0.968458480781595,0.9617026609835154,0.9461695048980052,0.9693771415227264,0.9428260225287476,0.9140936201205034,0.9679826168119201,0.9815945185937176,0.9402549432622381],[0.9848369744041778,0.9794312026809069,0.9754587510936835,0.9742896074256818,0.9515868691989976,0.9998996051048296,-0.9844206992061215,0.9836809144175536,0.9804028584366853,0.9736593758616597,0.9699667620948526,0.972903107581084,0.9769903721003191,0.9748273885341511,0.9698924226230885,1.0,0.9870321915635577,0.9830258871928015,0.9048433876681188,0.8918924214213896,0.6805627515668135,0.9659342324180015,0.8939740434532027,0.12736685711755197,-0.1972514536838074,0.9416694046092918,0.9201359251246155,0.9592548405727889,0.9630223685833298,0.9299480953372503,0.951292026113413,0.955363829599915,0.9539751582620701,0.9623166409647326,0.9774264826688416,0.9606904999624862],[0.9996901227356452,0.9969648155175677,0.9872080713303965,0.9958889031326271,0.9728979311769376,0.9868306365251346,-0.9679643839419204,0.987950246439387,0.9728438136003436,0.9957512151680261,0.995542169013485,0.9956722085208943,0.9937850318547653,0.9943991849119765,0.9955777978503582,0.9870321915635577,1.0,0.9886480520811217,0.9295182306736242,0.9402859859991755,0.6341140693281772,0.9887214197715105,0.9059848963190933,-0.04305795065002596,0.43126787243104825,0.9264315956009824,0.9215057445635931,0.9674929001664999,0.9753043693131261,0.9511575956610844,0.9669222669402724,0.958416108390597,0.9400669992624724,0.9737941755960471,0.9860221901630712,0.9629024398074394],[0.989932306769776,0.9842237195922019,0.9674057489364677,0.9830859175426918,0.9484663459557264,0.9828116753273357,-0.9569722800262485,0.9998763475514619,0.9826318507006041,0.9831331743706392,0.9799058110103126,0.9826821630857231,0.9765054178721699,0.9759102759792889,0.9799959953575804,0.9830258871928015,0.9886480520811217,1.0,0.93040455518886,0.933447189294881,0.6507263719291176,0.9711043474990694,0.9036061647049697,0.21390602819108573,-0.29276556928561615,0.9104993592728174,0.9125738096716682,0.9414874836093488,0.9793760859062749,0.955063155381565,0.9668770440088275,0.9635207435617648,0.9370286899291581,0.9610933274266443,0.9578418965327319,0.9673222351099962],[0.9016210290642124,0.9243135820862125,0.8730951988054299,0.888117771681827,0.848503546459773,0.901765945002937,-0.8697566360693082,0.9273751923117244,0.9036396673204121,0.8900250035478262,0.9155471787043786,0.8980961465724621,0.9122933792616655,0.8986078506279809,0.9157304774855716,0.9048433876681188,0.9295182306736242,0.93040455518886,1.0,0.8223411353838087,0.7102774074119028,0.8619737006143291,0.812383362066203,0.2845286152174465,-0.16143834410688668,0.8530489109610634,0.7966354140199401,0.8519144819578787,0.8888401546065805,0.8541338715108098,0.8555939641053291,0.8672010946475648,0.8531560969576293,0.8534780506379156,0.8760419084930826,0.893042197588302],[0.9213774702277224,0.9110254794155603,0.829767253940143,0.9061751983394138,0.8057838881684833,0.8680210210436704,-0.7854844317609745,0.9271433804010388,0.8578895969208581,0.9072562168850834,0.933247525186089,0.9234308609654184,0.9193128849148854,0.9277853383073963,0.9339417862572578,0.8918924214213896,0.9402859859991755,0.933447189294881,0.8223411353838087,1.0,0.8326415241331111,0.8578229252493569,0.8725141173293155,0.6545902570839939,-0.5281447016412334,0.707416112434636,0.8759062956116255,0.8077725285855816,0.9585758222771187,0.9364988814663583,0.900533646850743,0.9456040224574759,0.8975833527817356,0.9003707167043923,0.8495189096849184,0.8834160150653192],[0.7186443712959791,0.7342364789574609,0.6013236059881502,0.685081734454791,0.5597085532254076,0.6859895898593201,-0.5821547210934827,0.6532630883322632,0.5756408093527399,0.6840082901767176,0.5855908466717499,0.641203841134278,0.5208564614737025,0.3909225583262667,0.5845817357449029,0.6805627515668135,0.6341140693281772,0.6507263719291176,0.7102774074119028,0.8326415241331111,1.0,0.6106948840098795,0.7202363408858851,0.7259246776827502,-0.11677042017801643,0.5373911619130785,0.6748332515958048,0.6199787889953872,0.7803958687895672,0.7119672458164603,0.6429210735952572,0.7492993623029469,0.7582758437878111,0.6806954506049548,0.6455936921310998,0.6931016887957401],[0.9853561498381744,0.9681646413754825,0.9912573321386541,0.9937084173908873,0.988960818199535,0.967999264072968,-0.9487437756880917,0.9724604403705712,0.9693014351660265,0.9939012914363425,0.9971948222457082,0.9961413321577084,0.9875662820429989,0.9829862372097535,0.9970034566837801,0.9659342324180015,0.9887214197715105,0.9711043474990694,0.8619737006143291,0.8578229252493569,0.6106948840098795,1.0,0.9054666643247284,0.294051594462222,-0.2851130535133604,0.8793295812057409,0.9466773859702488,0.9716592260824912,0.9385366176173342,0.9454037741589562,0.9720755834555335,0.9400040121315149,0.9060445496924721,0.9690994545695285,0.9571995618593723,0.9256230081669929],[0.9274882205061706,0.9086545990962938,0.9225563735291021,0.9304434540633214,0.9185190471159566,0.8989987681305205,-0.8945013935277542,0.8992815192929724,0.9130321652483695,0.9302675981419315,0.9116161266588243,0.9260110544094605,0.9054649746522746,0.8968588373377183,0.9120320067898398,0.8939740434532027,0.9059848963190933,0.9036061647049697,0.812383362066203,0.8725141173293155,0.7202363408858851,0.9054666643247284,1.0,0.33590430688149275,-0.18994345547731692,0.7074580383001542,0.9152761502893633,0.8949140630651995,0.8998043503559486,0.8559100376190315,0.9299541981231395,0.8719357204927362,0.8418403947243658,0.9256315767288066,0.8749658848108766,0.8513300201091974],[0.3974694652475987,0.3973254741535148,0.22886274036561288,0.3688498544724099,0.19860255796405094,0.2679660068883281,-0.12651874851007883,0.25032878213012827,0.10857586802208044,0.37409101897324354,-0.09987452919106225,0.11400914483496899,-0.37663311864974897,-0.7414465577474961,-0.09940915556873403,0.12736685711755197,-0.04305795065002596,0.21390602819108573,0.2845286152174465,0.6545902570839939,0.7259246776827502,0.294051594462222,0.33590430688149275,1.0,-0.3856778791941012,0.2745967479913389,0.317384672173884,0.18802288568678674,0.48110499502374776,0.4745185854854703,0.3289505092122751,0.49720607695005836,0.4177728756103102,0.35444179439671514,0.275128582724983,0.3910386084490386],[-0.30202300603378157,-0.2299463114273542,-0.22633908607647707,-0.29244621595098064,-0.21791350395489453,-0.21851802439578322,0.15543661711153722,-0.3113243687364452,-0.23230757419957482,-0.2918268677552249,0.4077997715902736,-0.19517588052329757,0.43016568733762867,0.4042289208674696,0.40787108588555343,-0.1972514536838074,0.43126787243104825,-0.29276556928561615,-0.16143834410688668,-0.5281447016412334,-0.11677042017801643,-0.2851130535133604,-0.18994345547731692,-0.3856778791941012,1.0,-0.15267299491182187,-0.30095329274024224,-0.17999298285914034,-0.387935679319481,-0.37693721593330365,-0.32192398556772506,-0.34520546258874646,-0.20678001224639747,-0.34756709223582355,-0.18214814144530403,-0.3174294173178538],[0.8996227803135015,0.8759435882404112,0.8960378181645036,0.8946836014070618,0.8708894754608246,0.933721458702069,-0.8995876481216087,0.9053048537558576,0.8849906664274405,0.8957625102782273,0.9026144850377555,0.9136512105219983,0.8905372256400576,0.8604507801581864,0.9022920102983172,0.9416694046092918,0.9264315956009824,0.9104993592728174,0.8530489109610634,0.707416112434636,0.5373911619130785,0.8793295812057409,0.7074580383001542,0.2745967479913389,-0.15267299491182187,1.0,0.8004572676970421,0.8835593190619262,0.8159388701022176,0.8611329728736458,0.8270199241070422,0.8691797768586977,0.8647143277836213,0.8581460722230655,0.8671973242602307,0.8970110703183201],[0.9506757456054227,0.9407691376773277,0.9410036313588942,0.9535446574464905,0.9376331972131188,0.9289350244195888,-0.9047387734642508,0.9182786439443129,0.9094544493235598,0.9520419320076585,0.9245059913673951,0.9382553045641472,0.9164284214319623,0.9113187937550162,0.9216481781860346,0.9201359251246155,0.9215057445635931,0.9125738096716682,0.7966354140199401,0.8759062956116255,0.6748332515958048,0.9466773859702488,0.9152761502893633,0.317384672173884,-0.30095329274024224,0.8004572676970421,1.0,0.9189866503454802,0.9255346063374092,0.9101817906436764,0.9329816987972438,0.9107273352658386,0.8773205514365486,0.9397936751001187,0.9124240486672536,0.8875521116236577],[0.9582339064704111,0.9574555205472853,0.9794561701626677,0.9641427915698519,0.9738419019436985,0.9623338586210674,-0.9609718676942417,0.9414083757518291,0.9631514341274389,0.9626571004813141,0.9691151682647425,0.959432726842007,0.9776403197526198,0.976396620754397,0.968458480781595,0.9592548405727889,0.9674929001664999,0.9414874836093488,0.8519144819578787,0.8077725285855816,0.6199787889953872,0.9716592260824912,0.8949140630651995,0.18802288568678674,-0.17999298285914034,0.8835593190619262,0.9189866503454802,1.0,0.9078402203919336,0.8899191878447228,0.9427501190807019,0.8903774558450259,0.8857791867177995,0.948156424473748,0.9727936402638184,0.8879140080410735],[0.9800473986447146,0.9594986814584978,0.9286783627518879,0.969954338972545,0.9050971730531789,0.9595546704883472,-0.9039562812866992,0.9788677115865275,0.9366716374164393,0.9696874174579477,0.9613990289015695,0.9644870681581235,0.9461247492131823,0.9397733365880444,0.9617026609835154,0.9630223685833298,0.9753043693131261,0.9793760859062749,0.8888401546065805,0.9585758222771187,0.7803958687895672,0.9385366176173342,0.8998043503559486,0.48110499502374776,-0.387935679319481,0.8159388701022176,0.9255346063374092,0.9078402203919336,1.0,0.9860382244337428,0.9640069903253287,0.9902420976304565,0.9521336613053402,0.9600464872495037,0.9147479330747701,0.9676043159646588],[0.9661834244951629,0.953161575920068,0.9152862975427856,0.962657028965796,0.8989491570390391,0.9326684576838034,-0.8687103152542011,0.9555880650140226,0.9025979329449368,0.9618843072350047,0.9456149549630264,0.9539262702534219,0.9129279047301889,0.8989080025451751,0.9461695048980052,0.9299480953372503,0.9511575956610844,0.955063155381565,0.8541338715108098,0.9364988814663583,0.7119672458164603,0.9454037741589562,0.8559100376190315,0.4745185854854703,-0.37693721593330365,0.8611329728736458,0.9101817906436764,0.8899191878447228,0.9860382244337428,1.0,0.9518833572169074,0.9837167247102496,0.9551028926152059,0.9390495589973582,0.9226934769316893,0.9624918731456072],[0.9770464728291666,0.9673737482193708,0.9672757522739603,0.979679099757929,0.9599190700775954,0.9547498400824342,-0.932225949704554,0.9684327315564649,0.9594655266720588,0.9786042234326259,0.9693196841381803,0.9750134327230356,0.9523365725039631,0.944625239074452,0.9693771415227264,0.951292026113413,0.9669222669402724,0.9668770440088275,0.8555939641053291,0.900533646850743,0.6429210735952572,0.9720755834555335,0.9299541981231395,0.3289505092122751,-0.32192398556772506,0.8270199241070422,0.9329816987972438,0.9427501190807019,0.9640069903253287,0.9518833572169074,1.0,0.9531153517655817,0.9147761608721954,0.976826217184715,0.9597513723661105,0.9414247988792414],[0.972774280577659,0.9581915949044765,0.9202435079244228,0.9622575753533605,0.8959611021714942,0.9542379985534569,-0.8964479734825798,0.9648748346721682,0.9210746448695895,0.9616525458542043,0.9422202377519857,0.9531227949186126,0.9194247954724842,0.9186579099250737,0.9428260225287476,0.955363829599915,0.958416108390597,0.9635207435617648,0.8672010946475648,0.9456040224574759,0.7492993623029469,0.9400040121315149,0.8719357204927362,0.49720607695005836,-0.34520546258874646,0.8691797768586977,0.9107273352658386,0.8903774558450259,0.9902420976304565,0.9837167247102496,0.9531153517655817,1.0,0.97363478805029,0.9456319960694987,0.9384603220881227,0.9633095549849834],[0.9446938100877155,0.943205587040738,0.9015481598527681,0.9319122530370878,0.8713289743026389,0.9546377557693353,-0.9089863240933533,0.9371930751612019,0.9046861007716875,0.9304467422076624,0.9137553996792553,0.928752967325722,0.8852328002798038,0.8642207285174727,0.9140936201205034,0.9539751582620701,0.9400669992624724,0.9370286899291581,0.8531560969576293,0.8975833527817356,0.7582758437878111,0.9060445496924721,0.8418403947243658,0.4177728756103102,-0.20678001224639747,0.8647143277836213,0.8773205514365486,0.8857791867177995,0.9521336613053402,0.9551028926152059,0.9147761608721954,0.97363478805029,1.0,0.9072976345136153,0.9315356301388272,0.9541702337671017],[0.9813310252949624,0.9710105088600276,0.9666784797575766,0.9790175919371944,0.9535752557166675,0.9600200109895791,-0.9315655101072804,0.9617516701638429,0.9496423314248372,0.978180370692251,0.9679925874664496,0.9742735008979333,0.9663329328164875,0.9679909391268945,0.9679826168119201,0.9623166409647326,0.9737941755960471,0.9610933274266443,0.8534780506379156,0.9003707167043923,0.6806954506049548,0.9690994545695285,0.9256315767288066,0.35444179439671514,-0.34756709223582355,0.8581460722230655,0.9397936751001187,0.948156424473748,0.9600464872495037,0.9390495589973582,0.976826217184715,0.9456319960694987,0.9072976345136153,1.0,0.9566193024706083,0.9417462983828904],[0.972784001903512,0.9634242177211542,0.974381554759096,0.9714166696335457,0.9604230867133552,0.9780440043681615,-0.9668428824566809,0.9597964691658173,0.9718251415905416,0.970135301595796,0.9816674969016997,0.9700795468226764,0.9805492834436168,0.9789504190427987,0.9815945185937176,0.9774264826688416,0.9860221901630712,0.9578418965327319,0.8760419084930826,0.8495189096849184,0.6455936921310998,0.9571995618593723,0.8749658848108766,0.275128582724983,-0.18214814144530403,0.8671973242602307,0.9124240486672536,0.9727936402638184,0.9147479330747701,0.9226934769316893,0.9597513723661105,0.9384603220881227,0.9315356301388272,0.9566193024706083,1.0,0.9192594198244634],[0.9547313802529719,0.9492725113699023,0.9202866450671959,0.9449906800559386,0.8931339129173652,0.9560831425835277,-0.9109483192691893,0.9660919248053759,0.9248807345086304,0.9433239681281151,0.9397160766592526,0.9490093031358182,0.9328148181737176,0.925507071337415,0.9402549432622381,0.9606904999624862,0.9629024398074394,0.9673222351099962,0.893042197588302,0.8834160150653192,0.6931016887957401,0.9256230081669929,0.8513300201091974,0.3910386084490386,-0.3174294173178538,0.8970110703183201,0.8875521116236577,0.8879140080410735,0.9676043159646588,0.9624918731456072,0.9414247988792414,0.9633095549849834,0.9541702337671017,0.9417462983828904,0.9192594198244634,1.0]],"x":["^TAIEX       \u81fa\u7063\u52a0\u6b0a\u5831\u916c\u6307\u6578","^TWII        \u81fa\u7063\u52a0\u6b0a\u6307\u6578","^TAIEXx2     \u81fa\u7063\u52a0\u6b0a\u5831\u916c\u6307\u6578_\u65e5\u6b632","^TAI50I      \u81fa\u706350\u5831\u916c\u6307\u6578","^TAI50Ix2    \u81fa\u706350\u5831\u916c\u6307\u6578_\u65e5\u6b632","^TAI100I     \u81fa\u7063\u4e2d\u578b100\u5831\u916c\u6307\u6578","^TAI100Ix2   \u81fa\u7063\u4e2d\u578b100\u5831\u916c\u6307\u6578_\u65e5\u6b632","^TAIDIVIDI   \u81fa\u7063\u9ad8\u80a1\u606f\u5831\u916c\u6307\u6578","^TAIDIVIDIx2 \u81fa\u7063\u9ad8\u80a1\u606f\u5831\u916c\u6307\u6578_\u65e5\u6b632","0050Fund     \u5143\u5927\u53f0\u7063\u5353\u8d8a50\u57fa\u91d1","006208Fund   \u5bcc\u90a6\u53f0\u7063\u91c6\u540950\u57fa\u91d1","0050         \u5143\u5927\u81fa\u706350","00631L       \u5143\u5927\u53f0\u706350\u6b632","00675L       \u5bcc\u90a6\u81fa\u7063\u52a0\u6b0a\u6b632","006208       \u5bcc\u90a6\u53f050","0051         \u5143\u5927\u4e2d\u578b100","006204       \u6c38\u8c50\u81fa\u7063\u52a0\u6b0a","0056         \u5143\u5927\u9ad8\u80a1\u606f","0056         \u5143\u5927\u9ad8\u80a1\u606f_\u80a1\u606f\u4e0d\u6295\u5165","2412         \u4e2d\u83ef\u96fb\u4fe1","2002         \u4e2d\u92fc","2330         \u53f0\u7a4d\u96fb","2317         \u9d3b\u6d77","6505         \u53f0\u5851\u77f3\u5316","3481         \u7fa4\u5275","2303         \u806f\u96fb","2308         \u53f0\u9054\u96fb","2454         \u806f\u767c\u79d1","2886         \u5146\u8c50\u91d1","2884         \u7389\u5c71\u91d1","2891         \u4e2d\u4fe1\u91d1","2892         \u7b2c\u4e00\u91d1","5880         \u5408\u5eab\u91d1","2881         \u5bcc\u90a6\u91d1","2885         \u5143\u5927\u91d1","2887         \u53f0\u65b0\u91d1"],"y":["^TAIEX       \u81fa\u7063\u52a0\u6b0a\u5831\u916c\u6307\u6578","^TWII        \u81fa\u7063\u52a0\u6b0a\u6307\u6578","^TAIEXx2     \u81fa\u7063\u52a0\u6b0a\u5831\u916c\u6307\u6578_\u65e5\u6b632","^TAI50I      \u81fa\u706350\u5831\u916c\u6307\u6578","^TAI50Ix2    \u81fa\u706350\u5831\u916c\u6307\u6578_\u65e5\u6b632","^TAI100I     \u81fa\u7063\u4e2d\u578b100\u5831\u916c\u6307\u6578","^TAI100Ix2   \u81fa\u7063\u4e2d\u578b100\u5831\u916c\u6307\u6578_\u65e5\u6b632","^TAIDIVIDI   \u81fa\u7063\u9ad8\u80a1\u606f\u5831\u916c\u6307\u6578","^TAIDIVIDIx2 \u81fa\u7063\u9ad8\u80a1\u606f\u5831\u916c\u6307\u6578_\u65e5\u6b632","0050Fund     \u5143\u5927\u53f0\u7063\u5353\u8d8a50\u57fa\u91d1","006208Fund   \u5bcc\u90a6\u53f0\u7063\u91c6\u540950\u57fa\u91d1","0050         \u5143\u5927\u81fa\u706350","00631L       \u5143\u5927\u53f0\u706350\u6b632","00675L       \u5bcc\u90a6\u81fa\u7063\u52a0\u6b0a\u6b632","006208       \u5bcc\u90a6\u53f050","0051         \u5143\u5927\u4e2d\u578b100","006204       \u6c38\u8c50\u81fa\u7063\u52a0\u6b0a","0056         \u5143\u5927\u9ad8\u80a1\u606f","0056         \u5143\u5927\u9ad8\u80a1\u606f_\u80a1\u606f\u4e0d\u6295\u5165","2412         \u4e2d\u83ef\u96fb\u4fe1","2002         \u4e2d\u92fc","2330         \u53f0\u7a4d\u96fb","2317         \u9d3b\u6d77","6505         \u53f0\u5851\u77f3\u5316","3481         \u7fa4\u5275","2303         \u806f\u96fb","2308         \u53f0\u9054\u96fb","2454         \u806f\u767c\u79d1","2886         \u5146\u8c50\u91d1","2884         \u7389\u5c71\u91d1","2891         \u4e2d\u4fe1\u91d1","2892         \u7b2c\u4e00\u91d1","5880         \u5408\u5eab\u91d1","2881         \u5bcc\u90a6\u91d1","2885         \u5143\u5927\u91d1","2887         \u53f0\u65b0\u91d1"],"zmin":-1,"zmax":1,"colorbar":{"x":-0.2}}],"layout":{"autotypenumbers":"strict","colorway":["#636efa","#EF553B","#00cc96","#ab63fa","#FFA15A","#19d3f3","#FF6692","#B6E880","#FF97FF","#FECB52"],"font":{"color":"#f2f5fa","family":"Courier New"},"hovermode":"closest","hoverlabel":{"align":"left"},"paper_bgcolor":"rgb(17,17,17)","plot_bgcolor":"rgb(17,17,17)","polar":{"bgcolor":"rgb(17,17,17)","angularaxis":{"gridcolor":"#506784","linecolor":"#506784","ticks":""},"radialaxis":{"gridcolor":"#506784","linecolor":"#506784","ticks":""}},"ternary":{"bgcolor":"rgb(17,17,17)","aaxis":{"gridcolor":"#506784","linecolor":"#506784","ticks":""},"baxis":{"gridcolor":"#506784","linecolor":"#506784","ticks":""},"caxis":{"gridcolor":"#506784","linecolor":"#506784","ticks":""}},"coloraxis":{"colorbar":{"outlinewidth":0,"ticks":""}},"colorscale":{"sequential":[[0.0,"#0d0887"],[0.1111111111111111,"#46039f"],[0.2222222222222222,"#7201a8"],[0.3333333333333333,"#9c179e"],[0.4444444444444444,"#bd3786"],[0.5555555555555556,"#d8576b"],[0.6666666666666666,"#ed7953"],[0.7777777777777778,"#fb9f3a"],[0.8888888888888888,"#fdca26"],[1.0,"#f0f921"]],"sequentialminus":[[0.0,"#0d0887"],[0.1111111111111111,"#46039f"],[0.2222222222222222,"#7201a8"],[0.3333333333333333,"#9c179e"],[0.4444444444444444,"#bd3786"],[0.5555555555555556,"#d8576b"],[0.6666666666666666,"#ed7953"],[0.7777777777777778,"#fb9f3a"],[0.8888888888888888,"#fdca26"],[1.0,"#f0f921"]],"diverging":[[0,"#8e0152"],[0.1,"#c51b7d"],[0.2,"#de77ae"],[0.3,"#f1b6da"],[0.4,"#fde0ef"],[0.5,"#f7f7f7"],[0.6,"#e6f5d0"],[0.7,"#b8e186"],[0.8,"#7fbc41"],[0.9,"#4d9221"],[1,"#276419"]]},"xaxis":{"gridcolor":"rgba(0, 0, 0, 0)","linecolor":"#506784","ticks":"","title":{"standoff":15},"zerolinecolor":"#283442","automargin":true,"zerolinewidth":2,"tickfont":{"family":"Courier New","size":14},"side":"top","tickangle":-90},"yaxis":{"gridcolor":"rgba(0, 0, 0, 0)","linecolor":"#506784","ticks":"","title":{"standoff":15},"zerolinecolor":"#283442","automargin":true,"zerolinewidth":2,"tickfont":{"family":"Courier New"},"side":"right"},"scene":{"xaxis":{"backgroundcolor":"rgb(17,17,17)","gridcolor":"#506784","linecolor":"#506784","showbackground":true,"ticks":"","zerolinecolor":"#C8D4E3","gridwidth":2},"yaxis":{"backgroundcolor":"rgb(17,17,17)","gridcolor":"#506784","linecolor":"#506784","showbackground":true,"ticks":"","zerolinecolor":"#C8D4E3","gridwidth":2},"zaxis":{"backgroundcolor":"rgb(17,17,17)","gridcolor":"#506784","linecolor":"#506784","showbackground":true,"ticks":"","zerolinecolor":"#C8D4E3","gridwidth":2}},"shapedefaults":{"line":{"color":"#f2f5fa"}},"annotationdefaults":{"arrowcolor":"#f2f5fa","arrowhead":0,"arrowwidth":1},"geo":{"bgcolor":"rgb(17,17,17)","landcolor":"rgb(17,17,17)","subunitcolor":"#506784","showland":true,"showlakes":true,"lakecolor":"rgb(17,17,17)"},"title":{"x":0.05,"font":{"family":"Times New Roman"},"y":0.05,"text":"<b>Correlation of Adj Close<b><br><i>2016-09-23 ~ 2025-10-08<i>"},"updatemenudefaults":{"bgcolor":"#506784","borderwidth":0},"sliderdefaults":{"bgcolor":"#C8D4E3","borderwidth":1,"bordercolor":"rgb(17,17,17)","tickwidth":0},"mapbox":{"style":"dark"},"annotations":[{"text":"<b>@zwindr<b>","textangle":0,"opacity":0.5,"font":{"color":"white","size":12},"xref":"paper","yref":"paper","xanchor":"left","yanchor":"bottom","x":1.0,"y":1.0,"showarrow":false}]},"config":{"responsive":true,"toImageButtonOptions":{"filename":"Correlation of Adj Close_2016-09-23~2025-10-08","scale":5}}};Plotly.newPlot("correlationAdjClose",correlationAdjClose.data,correlationAdjClose.layout||{},correlationAdjClose.config);}else{console.log("style display is none => correlationAdjClose");}