var element=document.getElementById("correlationAdjClose");if(element.style.display!='none'){var correlationAdjClose={"data":[{"type":"heatmap","z":[[1.0,0.9954684342806106,0.9720178261129552,0.9967821933419478,0.9480543923627058,0.9851822125967038,0.9575519430747745,0.9870060319841567,0.9766374379199375,0.9969349742638021,0.9964495982636451,0.9968989699012926,0.9914902713846315,0.9927105996106383,0.9965527270432467,0.986403585401112,0.999737889355506,0.9866589874182717,0.89497365422946,0.9143281329396438,0.6656814035001458,0.9841938979536452,0.9394381796063316,0.33507673826624534,-0.285950900572424,0.9023513952551705,0.9211546667088623,0.9630999393831281,0.971701130949043,0.9631481640704915,0.9807977377165447,0.9671951045131097,0.9343666438365593,0.98302543409914,0.9773244883369657,0.9583457993632817],[0.9954684342806106,1.0,0.969496343774688,0.9922139435381964,0.9454791658195599,0.981575003514405,0.9542580172715086,0.9793803970948843,0.9711438908694129,0.9934276586644274,0.9951458068755452,0.9947256101984691,0.991163219158105,0.9914708836580974,0.9952197574568257,0.9818330400206187,0.997596112476152,0.9812433232777757,0.9133288491038264,0.9044794506978711,0.6884879090914853,0.9704914059074774,0.9235056063488886,0.33381738230009905,-0.2203430899978257,0.8824060467324318,0.9172659409737985,0.9625248271524969,0.9534296926684374,0.9515804632870005,0.9728675795633939,0.9539267328154573,0.9334888483720029,0.9741568242902524,0.9694617633556283,0.9535918050468174],[0.9720178261129552,0.969496343774688,1.0,0.9834797092333724,0.9938921299739636,0.9676461402556583,0.9779623793986923,0.9478011162542829,0.9709685260185585,0.9832537442447942,0.9899369223102752,0.9866719224312446,0.9971818598243742,0.9969993622148439,0.9896119692563028,0.9648877830033693,0.9826107515960487,0.9470533324295065,0.8429405802128841,0.80896805873534,0.5224535128458456,0.9922142089768707,0.9343445349147628,0.16060035031463107,-0.20575203604065176,0.8770914902993119,0.9498442472517254,0.964940153161737,0.900177842380459,0.8968200236751194,0.9660784211618323,0.8971394420557424,0.8663159921441431,0.9556998849559262,0.9693043739622822,0.9129646219109854],[0.9967821933419478,0.9922139435381964,0.9834797092333724,1.0,0.9671988534782565,0.9765383585814108,0.9560294269762496,0.9763546376170972,0.9720621753041383,0.999973477903838,0.99999287202195,0.9999665646110129,0.9937691597484672,0.992902181030845,0.9999555495804805,0.9750585151816644,0.9958280564939739,0.9756130795958972,0.8749063107213513,0.8931805334366512,0.6234202059609834,0.9941307192340956,0.9436958152790783,0.2992607087955748,-0.2726934798896027,0.8922104819647632,0.9368660949588683,0.9651817254845314,0.9557281171966233,0.9540403400838471,0.9827717612914302,0.9515329233759342,0.9150306957654712,0.9784449138786326,0.9753809041182299,0.9464592484858011],[0.9480543923627058,0.9454791658195599,0.9938921299739636,0.9671988534782565,1.0,0.9357473345959018,0.9548533898756947,0.9142704502049841,0.9440996369316779,0.9673656459268404,0.9769131989945702,0.9728757808554362,0.983108804969567,0.9809882497834741,0.9763468498537335,0.9315871545697658,0.9599350750693427,0.9131046641206798,0.8004889001059874,0.7695194774448759,0.46543138745330037,0.9837098781345939,0.9226815491847787,0.12264662758721818,-0.19072255289234882,0.8372492570496363,0.9588566190383218,0.9433899443373973,0.8598595715938109,0.8643261259499002,0.9487288983140149,0.8577126516407851,0.8193158309720977,0.9298125784650069,0.9454726960287096,0.8760268199130166],[0.9851822125967038,0.981575003514405,0.9676461402556583,0.9765383585814108,0.9357473345959018,1.0,0.9832273452214294,0.9826073462466464,0.9841495293939025,0.9760567450730842,0.9704917801490992,0.9740422609360107,0.969943339917169,0.9674560431380165,0.9705374015264576,0.9999073693945251,0.9876086714772516,0.9834141205454502,0.9002991026593711,0.8721169865709472,0.6355297392130189,0.9673024938056503,0.9129938028967408,0.21659385470586717,-0.21332926487865195,0.934039471844337,0.8938065487261423,0.9672695429298507,0.9570458513843847,0.936326509948755,0.9613572612071729,0.9539305307028746,0.9474272667873997,0.965436652478204,0.9810996106839399,0.9608509634349364],[0.9575519430747745,0.9542580172715086,0.9779623793986923,0.9560294269762496,0.9548533898756947,0.9832273452214294,1.0,0.9534643533111722,0.9843769980634274,0.9548480124572437,0.9639226813988993,0.9608436184211971,0.9777254835454682,0.9777375636609121,0.96372469487185,0.9843808227977006,0.974514508061125,0.9556575212413179,0.8617904881452331,0.7918615915730098,0.5226609255034119,0.9594030584946235,0.9157193023871972,0.07861992545929021,-0.15293737153327958,0.8956802532893517,0.9020872016220226,0.9625471409503508,0.8994815902356701,0.8743906032020475,0.9449745746095702,0.8955775897347249,0.8952983769284695,0.9394396575343311,0.9720107605638246,0.9180810328260416],[0.9870060319841567,0.9793803970948843,0.9478011162542829,0.9763546376170972,0.9142704502049841,0.9826073462466464,0.9534643533111722,1.0,0.9841641546247843,0.9763502308341724,0.9709876742325423,0.9751141854824047,0.9595984260778239,0.9580122003264756,0.9712862602545159,0.9844162367203104,0.9841909248071007,0.9998892732387138,0.9287493871145825,0.9310211644151956,0.6085489312652144,0.9615246696996975,0.9049054676278909,0.19303382447937542,-0.30301528884718054,0.911089763626646,0.860307401403529,0.9478557278272106,0.9790160726370566,0.9593249349774404,0.9675900931390752,0.9672729824977475,0.9375139216179038,0.9656512134360578,0.9614274976198997,0.9698455680825675],[0.9766374379199375,0.9711438908694129,0.9709685260185585,0.9720621753041383,0.9440996369316779,0.9841495293939025,0.9843769980634274,0.9841641546247843,1.0,0.9714097640288348,0.9669875328512791,0.9700985893406163,0.96657518645549,0.9626479692191289,0.9669917998921574,0.9832965030057161,0.9759144298436148,0.9835396873830912,0.902275185524467,0.8654378429115048,0.5239243085506178,0.9677842569594021,0.9242487946202309,0.0533246815732445,-0.22576762798153782,0.8902180409649909,0.8761896824294128,0.9677315950529362,0.9374797730254267,0.9101524003029168,0.9648288687589416,0.9253868059981663,0.9026668059980555,0.9570778938806976,0.975472871452466,0.9337741035763856],[0.9969349742638021,0.9934276586644274,0.9832537442447942,0.999973477903838,0.9673656459268404,0.9760567450730842,0.9548480124572437,0.9763502308341724,0.9714097640288348,1.0,0.9999916803973329,0.9999841114855957,0.9937045116082944,0.992828370447713,0.999959153951134,0.9745828409701492,0.9957195606762949,0.9756990516366589,0.8765899052455925,0.894461104408217,0.6194181712167016,0.9943287922784318,0.9437723706143921,0.30410723937184897,-0.27217463375657897,0.8926695205646875,0.9353253891679859,0.9638779700547262,0.9554054718831947,0.9532082692171734,0.9819884781235815,0.9509192419205498,0.9136939671474791,0.9777242115986178,0.9744877685004334,0.9451796752109327],[0.9964495982636451,0.9951458068755452,0.9899369223102752,0.99999287202195,0.9769131989945702,0.9704917801490992,0.9639226813988993,0.9709876742325423,0.9669875328512791,0.9999916803973329,1.0,0.9999763112350832,0.9938022845409992,0.9929134677782505,0.9999614716431313,0.9700410807072593,0.9955227669597574,0.9714187761697649,0.8951316993446565,0.9229132343695498,0.48172903067617573,0.9973520080992411,0.9321566618962305,-0.17892327086343715,0.4190416154607909,0.8870245533714891,0.9112574726055575,0.9642514589467652,0.944028097391919,0.9363417341722461,0.9752935671976105,0.9298705934668026,0.8864317447199165,0.9691741334979853,0.9822518031539783,0.9414694739960315],[0.9968989699012926,0.9947256101984691,0.9866719224312446,0.9999665646110129,0.9728757808554362,0.9740422609360107,0.9608436184211971,0.9751141854824047,0.9700985893406163,0.9999841114855957,0.9999763112350832,1.0,0.9936817107043837,0.9927850878737239,0.9999694112485149,0.9737663030981795,0.9956398307933616,0.9750531644246725,0.8837544248930346,0.9114025075868932,0.5534224934887398,0.9963901982989769,0.9415514319840211,0.03225227520866951,-0.16594235551328573,0.9027938944173565,0.9230207916452192,0.959592299752305,0.948123215988262,0.9436024852359155,0.9791443137075287,0.9409374058826052,0.9063915294899078,0.9742623952061019,0.9743956547295464,0.9481186096877297],[0.9914902713846315,0.991163219158105,0.9971818598243742,0.9937691597484672,0.983108804969567,0.969943339917169,0.9777254835454682,0.9595984260778239,0.96657518645549,0.9937045116082944,0.9938022845409992,0.9936817107043837,1.0,0.9998085585865818,0.9936990166993311,0.9694007664807026,0.9917798297564228,0.9598322975402982,0.8763323156137722,0.9076050593805908,0.39381960436564567,0.9910831162847726,0.9276393257925978,-0.4327990038184077,0.43825638339837575,0.8643372798300996,0.9193741487566899,0.9619694396129893,0.919061644528134,0.9032124504664373,0.9614291764130936,0.902409242425933,0.8456499816623686,0.9618382337823501,0.9764877067348516,0.9322605167088724],[0.9927105996106383,0.9914708836580974,0.9969993622148439,0.992902181030845,0.9809882497834741,0.9674560431380165,0.9777375636609121,0.9580122003264756,0.9626479692191289,0.992828370447713,0.9929134677782505,0.9927850878737239,0.9998085585865818,1.0,0.9929242328218214,0.9668053513338817,0.9928028320071939,0.958366469799479,0.8598557625593677,0.9177926124857345,0.2471777803193678,0.9882146695274728,0.9216955167795989,-0.7502251273295064,0.4125605024888098,0.8332823148781446,0.9191798298817412,0.9568914640300014,0.9111176880829187,0.8945807262628461,0.9565324607336293,0.9039465931403295,0.8220407111076714,0.9607494484684632,0.9748526416920914,0.929048672065915],[0.9965527270432467,0.9952197574568257,0.9896119692563028,0.9999555495804805,0.9763468498537335,0.9705374015264576,0.96372469487185,0.9712862602545159,0.9669917998921574,0.999959153951134,0.9999614716431313,0.9999694112485149,0.9936990166993311,0.9929242328218214,1.0,0.9702015534987105,0.9956194012973189,0.9716203273431164,0.8955060926492174,0.9234745165361726,0.48234958837738057,0.9971597498315657,0.9322168491558755,-0.17681616065568168,0.4209065403251898,0.8874531188892303,0.9102218041849744,0.9640376047949215,0.9441958573925959,0.9368109994887498,0.9753118296689591,0.9303766157862843,0.8868720913135659,0.9691216108580065,0.9822972241959831,0.9421905943203399],[0.986403585401112,0.9818330400206187,0.9648877830033693,0.9750585151816644,0.9315871545697658,0.9999073693945251,0.9843808227977006,0.9844162367203104,0.9832965030057161,0.9745828409701492,0.9700410807072593,0.9737663030981795,0.9694007664807026,0.9668053513338817,0.9702015534987105,1.0,0.9875593434634692,0.9836539256605435,0.9031691816982926,0.8959955582497368,0.6195937474477781,0.9647075154265843,0.907886305028174,0.06721024049108817,-0.18577586615338698,0.9406203986885315,0.8818607110870768,0.9646862712353701,0.9602005818838892,0.9338787711621213,0.9581621700011093,0.9551223418687068,0.9458858575841795,0.9673800975266088,0.9803056222919996,0.9647188124755623],[0.999737889355506,0.997596112476152,0.9826107515960487,0.9958280564939739,0.9599350750693427,0.9876086714772516,0.974514508061125,0.9841909248071007,0.9759144298436148,0.9957195606762949,0.9955227669597574,0.9956398307933616,0.9917798297564228,0.9928028320071939,0.9956194012973189,0.9875593434634692,1.0,0.9845642338221536,0.917416153257185,0.9353929338777507,0.5448943962210261,0.988266715163437,0.9242295719649454,-0.11853771977012009,0.44460702294043103,0.9173145232266813,0.8968659205275834,0.9684497309619019,0.9638984633700086,0.9473922142818451,0.9734300395546729,0.9509617563077983,0.9205589980904708,0.9764881892552432,0.9880886337324963,0.9644033912659002],[0.9866589874182717,0.9812433232777757,0.9470533324295065,0.9756130795958972,0.9131046641206798,0.9834141205454502,0.9556575212413179,0.9998892732387138,0.9835396873830912,0.9756990516366589,0.9714187761697649,0.9750531644246725,0.9598322975402982,0.958366469799479,0.9716203273431164,0.9836539256605435,0.9845642338221536,1.0,0.9315957846781,0.9371954375254612,0.6054703102425514,0.9597409142303965,0.9083946356971531,0.15595039955484907,-0.2794492067893295,0.9157155649699172,0.855183161537786,0.9476860568755565,0.9794983846390141,0.9588385022502828,0.9659005092299144,0.9660751467993184,0.9371375371724269,0.9648608293924377,0.9594947476327267,0.9708746192197655],[0.89497365422946,0.9133288491038264,0.8429405802128841,0.8749063107213513,0.8004889001059874,0.9002991026593711,0.8617904881452331,0.9287493871145825,0.902275185524467,0.8765899052455925,0.8951316993446565,0.8837544248930346,0.8763323156137722,0.8598557625593677,0.8955060926492174,0.9031691816982926,0.917416153257185,0.9315957846781,1.0,0.8341881311443212,0.6842661363295769,0.8448597930872654,0.8079198244207753,0.2421061591380982,-0.15955408856603662,0.8618636877976227,0.7273254004556051,0.8576097038207838,0.8958733241261354,0.8636036591143061,0.8526981803999628,0.8758352963660452,0.8619762148939512,0.8574571370546344,0.8724785887223077,0.8972409938953797],[0.9143281329396438,0.9044794506978711,0.80896805873534,0.8931805334366512,0.7695194774448759,0.8721169865709472,0.7918615915730098,0.9310211644151956,0.8654378429115048,0.894461104408217,0.9229132343695498,0.9114025075868932,0.9076050593805908,0.9177926124857345,0.9234745165361726,0.8959955582497368,0.9353929338777507,0.9371954375254612,0.8341881311443212,1.0,0.8186923142348288,0.8417326695900434,0.8660029430906964,0.618567054910807,-0.5173498722305035,0.7255704142397127,0.7984123777183029,0.8167702539822368,0.9605885355417134,0.9392725094894986,0.8933888298952977,0.9484544842382527,0.9036101416821971,0.9002218132333705,0.8500152998036249,0.887843821935747],[0.6656814035001458,0.6884879090914853,0.5224535128458456,0.6234202059609834,0.46543138745330037,0.6355297392130189,0.5226609255034119,0.6085489312652144,0.5239243085506178,0.6194181712167016,0.48172903067617573,0.5534224934887398,0.39381960436564567,0.2471777803193678,0.48234958837738057,0.6195937474477781,0.5448943962210261,0.6054703102425514,0.6842661363295769,0.8186923142348288,1.0,0.5555526001238683,0.669702191027123,0.7230187971506132,-0.11596206529457044,0.5285999739111991,0.544023537875068,0.5917794408797332,0.7631574007196269,0.690202157766893,0.597259567804254,0.725599011264199,0.746803032696853,0.6446813424375084,0.6092168930896642,0.6638588180673819],[0.9841938979536452,0.9704914059074774,0.9922142089768707,0.9941307192340956,0.9837098781345939,0.9673024938056503,0.9594030584946235,0.9615246696996975,0.9677842569594021,0.9943287922784318,0.9973520080992411,0.9963901982989769,0.9910831162847726,0.9882146695274728,0.9971597498315657,0.9647075154265843,0.988266715163437,0.9597409142303965,0.8448597930872654,0.8417326695900434,0.5555526001238683,1.0,0.9220802944686468,0.22687231430493554,-0.2614339736224428,0.8736433414152663,0.9457580304987583,0.966680741107097,0.9195709694630744,0.9317365769793727,0.9744638998845626,0.9246423727848391,0.8836194874539102,0.9656108809171804,0.9612330136009859,0.925155007526268],[0.9394381796063316,0.9235056063488886,0.9343445349147628,0.9436958152790783,0.9226815491847787,0.9129938028967408,0.9157193023871972,0.9049054676278909,0.9242487946202309,0.9437723706143921,0.9321566618962305,0.9415514319840211,0.9276393257925978,0.9216955167795989,0.9322168491558755,0.907886305028174,0.9242295719649454,0.9083946356971531,0.8079198244207753,0.8660029430906964,0.669702191027123,0.9220802944686468,1.0,0.2715664319325199,-0.18287539081281534,0.732344309357162,0.9056105956374595,0.9065207638036432,0.8985942786680331,0.8640426266272692,0.9409648708037853,0.8752990915859743,0.8411579611708351,0.9351650617452363,0.8951152442572358,0.8673408174074292],[0.33507673826624534,0.33381738230009905,0.16060035031463107,0.2992607087955748,0.12264662758721818,0.21659385470586717,0.07861992545929021,0.19303382447937542,0.0533246815732445,0.30410723937184897,-0.17892327086343715,0.03225227520866951,-0.4327990038184077,-0.7502251273295064,-0.17681616065568168,0.06721024049108817,-0.11853771977012009,0.15595039955484907,0.2421061591380982,0.618567054910807,0.7230187971506132,0.22687231430493554,0.2715664319325199,1.0,-0.3792887723591755,0.2471253618826473,0.19814832221648535,0.1541209772661048,0.4447380248682472,0.4343124348456266,0.2723059810510678,0.4580450369733595,0.39038660715299817,0.30596761404828576,0.2265692519038452,0.3464730839274279],[-0.285950900572424,-0.2203430899978257,-0.20575203604065176,-0.2726934798896027,-0.19072255289234882,-0.21332926487865195,-0.15293737153327958,-0.30301528884718054,-0.22576762798153782,-0.27217463375657897,0.4190416154607909,-0.16594235551328573,0.43825638339837575,0.4125605024888098,0.4209065403251898,-0.18577586615338698,0.44460702294043103,-0.2794492067893295,-0.15955408856603662,-0.5173498722305035,-0.11596206529457044,-0.2614339736224428,-0.18287539081281534,-0.3792887723591755,1.0,-0.15429122100434284,-0.23934287513219968,-0.178216836546923,-0.3811357556880075,-0.3686418759324057,-0.3027109777865729,-0.3392504495799365,-0.20884495033651226,-0.333022534483495,-0.1780616263069567,-0.30816255855813707],[0.9023513952551705,0.8824060467324318,0.8770914902993119,0.8922104819647632,0.8372492570496363,0.934039471844337,0.8956802532893517,0.911089763626646,0.8902180409649909,0.8926695205646875,0.8870245533714891,0.9027938944173565,0.8643372798300996,0.8332823148781446,0.8874531188892303,0.9406203986885315,0.9173145232266813,0.9157155649699172,0.8618636877976227,0.7255704142397127,0.5285999739111991,0.8736433414152663,0.732344309357162,0.2471253618826473,-0.15429122100434284,1.0,0.7681851117653957,0.8923420973634504,0.8286177786512224,0.8718689284902599,0.8383407321520907,0.8785767835834357,0.8716111692441852,0.8675542344106103,0.8748978488946799,0.9051037672474839],[0.9211546667088623,0.9172659409737985,0.9498442472517254,0.9368660949588683,0.9588566190383218,0.8938065487261423,0.9020872016220226,0.860307401403529,0.8761896824294128,0.9353253891679859,0.9112574726055575,0.9230207916452192,0.9193741487566899,0.9191798298817412,0.9102218041849744,0.8818607110870768,0.8968659205275834,0.855183161537786,0.7273254004556051,0.7984123777183029,0.544023537875068,0.9457580304987583,0.9056105956374595,0.19814832221648535,-0.23934287513219968,0.7681851117653957,1.0,0.8854614497888152,0.8525158128589446,0.8500218743140004,0.9134117615930193,0.8438762678253872,0.8025133487523904,0.9015607743902684,0.8968117473448867,0.852583821663385],[0.9630999393831281,0.9625248271524969,0.964940153161737,0.9651817254845314,0.9433899443373973,0.9672695429298507,0.9625471409503508,0.9478557278272106,0.9677315950529362,0.9638779700547262,0.9642514589467652,0.959592299752305,0.9619694396129893,0.9568914640300014,0.9640376047949215,0.9646862712353701,0.9684497309619019,0.9476860568755565,0.8576097038207838,0.8167702539822368,0.5917794408797332,0.966680741107097,0.9065207638036432,0.1541209772661048,-0.178216836546923,0.8923420973634504,0.8854614497888152,1.0,0.9118682292943857,0.8992929275223799,0.9493977734615298,0.898236806049848,0.887272469165166,0.9539813035239452,0.9754634356078454,0.9016756695548152],[0.971701130949043,0.9534296926684374,0.900177842380459,0.9557281171966233,0.8598595715938109,0.9570458513843847,0.8994815902356701,0.9790160726370566,0.9374797730254267,0.9554054718831947,0.944028097391919,0.948123215988262,0.919061644528134,0.9111176880829187,0.9441958573925959,0.9602005818838892,0.9638984633700086,0.9794983846390141,0.8958733241261354,0.9605885355417134,0.7631574007196269,0.9195709694630744,0.8985942786680331,0.4447380248682472,-0.3811357556880075,0.8286177786512224,0.8525158128589446,0.9118682292943857,1.0,0.9867433906847684,0.955672290731339,0.9909204864220164,0.9548622305860416,0.9589371229577521,0.9143056830909191,0.9677852591532785],[0.9631481640704915,0.9515804632870005,0.8968200236751194,0.9540403400838471,0.8643261259499002,0.936326509948755,0.8743906032020475,0.9593249349774404,0.9101524003029168,0.9532082692171734,0.9363417341722461,0.9436024852359155,0.9032124504664373,0.8945807262628461,0.9368109994887498,0.9338787711621213,0.9473922142818451,0.9588385022502828,0.8636036591143061,0.9392725094894986,0.690202157766893,0.9317365769793727,0.8640426266272692,0.4343124348456266,-0.3686418759324057,0.8718689284902599,0.8500218743140004,0.8992929275223799,0.9867433906847684,1.0,0.9494044613806711,0.9850154329067015,0.9566028802829982,0.9427876646584545,0.9258587207946034,0.9652155460421056],[0.9807977377165447,0.9728675795633939,0.9660784211618323,0.9827717612914302,0.9487288983140149,0.9613572612071729,0.9449745746095702,0.9675900931390752,0.9648288687589416,0.9819884781235815,0.9752935671976105,0.9791443137075287,0.9614291764130936,0.9565324607336293,0.9753118296689591,0.9581621700011093,0.9734300395546729,0.9659005092299144,0.8526981803999628,0.8933888298952977,0.597259567804254,0.9744638998845626,0.9409648708037853,0.2723059810510678,-0.3027109777865729,0.8383407321520907,0.9134117615930193,0.9493977734615298,0.955672290731339,0.9494044613806711,1.0,0.9482887235908644,0.90608230532868,0.978636289918248,0.9667078298984825,0.9463008655350839],[0.9671951045131097,0.9539267328154573,0.8971394420557424,0.9515329233759342,0.8577126516407851,0.9539305307028746,0.8955775897347249,0.9672729824977475,0.9253868059981663,0.9509192419205498,0.9298705934668026,0.9409374058826052,0.902409242425933,0.9039465931403295,0.9303766157862843,0.9551223418687068,0.9509617563077983,0.9660751467993184,0.8758352963660452,0.9484544842382527,0.725599011264199,0.9246423727848391,0.8752990915859743,0.4580450369733595,-0.3392504495799365,0.8785767835834357,0.8438762678253872,0.898236806049848,0.9909204864220164,0.9850154329067015,0.9482887235908644,1.0,0.9743744177225164,0.9475699565132861,0.9374959576722774,0.965046625000208],[0.9343666438365593,0.9334888483720029,0.8663159921441431,0.9150306957654712,0.8193158309720977,0.9474272667873997,0.8952983769284695,0.9375139216179038,0.9026668059980555,0.9136939671474791,0.8864317447199165,0.9063915294899078,0.8456499816623686,0.8220407111076714,0.8868720913135659,0.9458858575841795,0.9205589980904708,0.9371375371724269,0.8619762148939512,0.9036101416821971,0.746803032696853,0.8836194874539102,0.8411579611708351,0.39038660715299817,-0.20884495033651226,0.8716111692441852,0.8025133487523904,0.887272469165166,0.9548622305860416,0.9566028802829982,0.90608230532868,0.9743744177225164,1.0,0.9068597470166263,0.9234723790141924,0.9522716907750334],[0.98302543409914,0.9741568242902524,0.9556998849559262,0.9784449138786326,0.9298125784650069,0.965436652478204,0.9394396575343311,0.9656512134360578,0.9570778938806976,0.9777242115986178,0.9691741334979853,0.9742623952061019,0.9618382337823501,0.9607494484684632,0.9691216108580065,0.9673800975266088,0.9764881892552432,0.9648608293924377,0.8574571370546344,0.9002218132333705,0.6446813424375084,0.9656108809171804,0.9351650617452363,0.30596761404828576,-0.333022534483495,0.8675542344106103,0.9015607743902684,0.9539813035239452,0.9589371229577521,0.9427876646584545,0.978636289918248,0.9475699565132861,0.9068597470166263,1.0,0.9622039548829947,0.9480729302991124],[0.9773244883369657,0.9694617633556283,0.9693043739622822,0.9753809041182299,0.9454726960287096,0.9810996106839399,0.9720107605638246,0.9614274976198997,0.975472871452466,0.9744877685004334,0.9822518031539783,0.9743956547295464,0.9764877067348516,0.9748526416920914,0.9822972241959831,0.9803056222919996,0.9880886337324963,0.9594947476327267,0.8724785887223077,0.8500152998036249,0.6092168930896642,0.9612330136009859,0.8951152442572358,0.2265692519038452,-0.1780616263069567,0.8748978488946799,0.8968117473448867,0.9754634356078454,0.9143056830909191,0.9258587207946034,0.9667078298984825,0.9374959576722774,0.9234723790141924,0.9622039548829947,1.0,0.9283175971595758],[0.9583457993632817,0.9535918050468174,0.9129646219109854,0.9464592484858011,0.8760268199130166,0.9608509634349364,0.9180810328260416,0.9698455680825675,0.9337741035763856,0.9451796752109327,0.9414694739960315,0.9481186096877297,0.9322605167088724,0.929048672065915,0.9421905943203399,0.9647188124755623,0.9644033912659002,0.9708746192197655,0.8972409938953797,0.887843821935747,0.6638588180673819,0.925155007526268,0.8673408174074292,0.3464730839274279,-0.30816255855813707,0.9051037672474839,0.852583821663385,0.9016756695548152,0.9677852591532785,0.9652155460421056,0.9463008655350839,0.965046625000208,0.9522716907750334,0.9480729302991124,0.9283175971595758,1.0]],"x":["^TAIEX       \u81fa\u7063\u52a0\u6b0a\u5831\u916c\u6307\u6578","^TWII        \u81fa\u7063\u52a0\u6b0a\u6307\u6578","^TAIEXx2     \u81fa\u7063\u52a0\u6b0a\u5831\u916c\u6307\u6578_\u65e5\u6b632","^TAI50I      \u81fa\u706350\u5831\u916c\u6307\u6578","^TAI50Ix2    \u81fa\u706350\u5831\u916c\u6307\u6578_\u65e5\u6b632","^TAI100I     \u81fa\u7063\u4e2d\u578b100\u5831\u916c\u6307\u6578","^TAI100Ix2   \u81fa\u7063\u4e2d\u578b100\u5831\u916c\u6307\u6578_\u65e5\u6b632","^TAIDIVIDI   \u81fa\u7063\u9ad8\u80a1\u606f\u5831\u916c\u6307\u6578","^TAIDIVIDIx2 \u81fa\u7063\u9ad8\u80a1\u606f\u5831\u916c\u6307\u6578_\u65e5\u6b632","0050Fund     \u5143\u5927\u53f0\u7063\u5353\u8d8a50\u57fa\u91d1","006208Fund   \u5bcc\u90a6\u53f0\u7063\u91c6\u540950\u57fa\u91d1","0050         \u5143\u5927\u81fa\u706350","00631L       \u5143\u5927\u53f0\u706350\u6b632","00675L       \u5bcc\u90a6\u81fa\u7063\u52a0\u6b0a\u6b632","006208       \u5bcc\u90a6\u53f050","0051         \u5143\u5927\u4e2d\u578b100","006204       \u6c38\u8c50\u81fa\u7063\u52a0\u6b0a","0056         \u5143\u5927\u9ad8\u80a1\u606f","0056         \u5143\u5927\u9ad8\u80a1\u606f_\u80a1\u606f\u4e0d\u6295\u5165","2412         \u4e2d\u83ef\u96fb\u4fe1","2002         \u4e2d\u92fc","2330         \u53f0\u7a4d\u96fb","2317         \u9d3b\u6d77","6505         \u53f0\u5851\u77f3\u5316","3481         \u7fa4\u5275","2303         \u806f\u96fb","2308         \u53f0\u9054\u96fb","2454         \u806f\u767c\u79d1","2886         \u5146\u8c50\u91d1","2884         \u7389\u5c71\u91d1","2891         \u4e2d\u4fe1\u91d1","2892         \u7b2c\u4e00\u91d1","5880         \u5408\u5eab\u91d1","2881         \u5bcc\u90a6\u91d1","2885         \u5143\u5927\u91d1","2887         \u53f0\u65b0\u91d1"],"y":["^TAIEX       \u81fa\u7063\u52a0\u6b0a\u5831\u916c\u6307\u6578","^TWII        \u81fa\u7063\u52a0\u6b0a\u6307\u6578","^TAIEXx2     \u81fa\u7063\u52a0\u6b0a\u5831\u916c\u6307\u6578_\u65e5\u6b632","^TAI50I      \u81fa\u706350\u5831\u916c\u6307\u6578","^TAI50Ix2    \u81fa\u706350\u5831\u916c\u6307\u6578_\u65e5\u6b632","^TAI100I     \u81fa\u7063\u4e2d\u578b100\u5831\u916c\u6307\u6578","^TAI100Ix2   \u81fa\u7063\u4e2d\u578b100\u5831\u916c\u6307\u6578_\u65e5\u6b632","^TAIDIVIDI   \u81fa\u7063\u9ad8\u80a1\u606f\u5831\u916c\u6307\u6578","^TAIDIVIDIx2 \u81fa\u7063\u9ad8\u80a1\u606f\u5831\u916c\u6307\u6578_\u65e5\u6b632","0050Fund     \u5143\u5927\u53f0\u7063\u5353\u8d8a50\u57fa\u91d1","006208Fund   \u5bcc\u90a6\u53f0\u7063\u91c6\u540950\u57fa\u91d1","0050         \u5143\u5927\u81fa\u706350","00631L       \u5143\u5927\u53f0\u706350\u6b632","00675L       \u5bcc\u90a6\u81fa\u7063\u52a0\u6b0a\u6b632","006208       \u5bcc\u90a6\u53f050","0051         \u5143\u5927\u4e2d\u578b100","006204       \u6c38\u8c50\u81fa\u7063\u52a0\u6b0a","0056         \u5143\u5927\u9ad8\u80a1\u606f","0056         \u5143\u5927\u9ad8\u80a1\u606f_\u80a1\u606f\u4e0d\u6295\u5165","2412         \u4e2d\u83ef\u96fb\u4fe1","2002         \u4e2d\u92fc","2330         \u53f0\u7a4d\u96fb","2317         \u9d3b\u6d77","6505         \u53f0\u5851\u77f3\u5316","3481         \u7fa4\u5275","2303         \u806f\u96fb","2308         \u53f0\u9054\u96fb","2454         \u806f\u767c\u79d1","2886         \u5146\u8c50\u91d1","2884         \u7389\u5c71\u91d1","2891         \u4e2d\u4fe1\u91d1","2892         \u7b2c\u4e00\u91d1","5880         \u5408\u5eab\u91d1","2881         \u5bcc\u90a6\u91d1","2885         \u5143\u5927\u91d1","2887         \u53f0\u65b0\u91d1"],"zmin":-1,"zmax":1,"colorbar":{"x":-0.2}}],"layout":{"autotypenumbers":"strict","colorway":["#636efa","#EF553B","#00cc96","#ab63fa","#FFA15A","#19d3f3","#FF6692","#B6E880","#FF97FF","#FECB52"],"font":{"color":"#f2f5fa","family":"Courier New"},"hovermode":"closest","hoverlabel":{"align":"left"},"paper_bgcolor":"rgb(17,17,17)","plot_bgcolor":"rgb(17,17,17)","polar":{"bgcolor":"rgb(17,17,17)","angularaxis":{"gridcolor":"#506784","linecolor":"#506784","ticks":""},"radialaxis":{"gridcolor":"#506784","linecolor":"#506784","ticks":""}},"ternary":{"bgcolor":"rgb(17,17,17)","aaxis":{"gridcolor":"#506784","linecolor":"#506784","ticks":""},"baxis":{"gridcolor":"#506784","linecolor":"#506784","ticks":""},"caxis":{"gridcolor":"#506784","linecolor":"#506784","ticks":""}},"coloraxis":{"colorbar":{"outlinewidth":0,"ticks":""}},"colorscale":{"sequential":[[0.0,"#0d0887"],[0.1111111111111111,"#46039f"],[0.2222222222222222,"#7201a8"],[0.3333333333333333,"#9c179e"],[0.4444444444444444,"#bd3786"],[0.5555555555555556,"#d8576b"],[0.6666666666666666,"#ed7953"],[0.7777777777777778,"#fb9f3a"],[0.8888888888888888,"#fdca26"],[1.0,"#f0f921"]],"sequentialminus":[[0.0,"#0d0887"],[0.1111111111111111,"#46039f"],[0.2222222222222222,"#7201a8"],[0.3333333333333333,"#9c179e"],[0.4444444444444444,"#bd3786"],[0.5555555555555556,"#d8576b"],[0.6666666666666666,"#ed7953"],[0.7777777777777778,"#fb9f3a"],[0.8888888888888888,"#fdca26"],[1.0,"#f0f921"]],"diverging":[[0,"#8e0152"],[0.1,"#c51b7d"],[0.2,"#de77ae"],[0.3,"#f1b6da"],[0.4,"#fde0ef"],[0.5,"#f7f7f7"],[0.6,"#e6f5d0"],[0.7,"#b8e186"],[0.8,"#7fbc41"],[0.9,"#4d9221"],[1,"#276419"]]},"xaxis":{"gridcolor":"rgba(0, 0, 0, 0)","linecolor":"#506784","ticks":"","title":{"standoff":15},"zerolinecolor":"#283442","automargin":true,"zerolinewidth":2,"tickfont":{"family":"Courier New","size":14},"side":"top","tickangle":-90},"yaxis":{"gridcolor":"rgba(0, 0, 0, 0)","linecolor":"#506784","ticks":"","title":{"standoff":15},"zerolinecolor":"#283442","automargin":true,"zerolinewidth":2,"tickfont":{"family":"Courier New"},"side":"right"},"scene":{"xaxis":{"backgroundcolor":"rgb(17,17,17)","gridcolor":"#506784","linecolor":"#506784","showbackground":true,"ticks":"","zerolinecolor":"#C8D4E3","gridwidth":2},"yaxis":{"backgroundcolor":"rgb(17,17,17)","gridcolor":"#506784","linecolor":"#506784","showbackground":true,"ticks":"","zerolinecolor":"#C8D4E3","gridwidth":2},"zaxis":{"backgroundcolor":"rgb(17,17,17)","gridcolor":"#506784","linecolor":"#506784","showbackground":true,"ticks":"","zerolinecolor":"#C8D4E3","gridwidth":2}},"shapedefaults":{"line":{"color":"#f2f5fa"}},"annotationdefaults":{"arrowcolor":"#f2f5fa","arrowhead":0,"arrowwidth":1},"geo":{"bgcolor":"rgb(17,17,17)","landcolor":"rgb(17,17,17)","subunitcolor":"#506784","showland":true,"showlakes":true,"lakecolor":"rgb(17,17,17)"},"title":{"x":0.05,"font":{"family":"Times New Roman"},"y":0.05,"text":"<b>Correlation of Adj Close<b><br><i>2016-09-23 ~ 2026-02-03<i>"},"updatemenudefaults":{"bgcolor":"#506784","borderwidth":0},"sliderdefaults":{"bgcolor":"#C8D4E3","borderwidth":1,"bordercolor":"rgb(17,17,17)","tickwidth":0},"mapbox":{"style":"dark"},"annotations":[{"text":"<b>@zwindr<b>","textangle":0,"opacity":0.5,"font":{"color":"white","size":12},"xref":"paper","yref":"paper","xanchor":"left","yanchor":"bottom","x":1.0,"y":1.0,"showarrow":false}]},"config":{"responsive":true,"toImageButtonOptions":{"filename":"Correlation of Adj Close_2016-09-23~2026-02-03","scale":5}}};Plotly.newPlot("correlationAdjClose",correlationAdjClose.data,correlationAdjClose.layout||{},correlationAdjClose.config);}else{console.log("style display is none => correlationAdjClose");}