var element = document.getElementById("correlationAdjClose");

if (element.style.display != 'none') {
    var correlationAdjClose = {"data": [{"type": "heatmap", "z": [[1.0, 0.9940626265633407, 0.9770167000064879, 0.9976061882827642, 0.9646274423434645, 0.9816407994660771, -0.9437156744028965, 0.9900598353828701, 0.9704847536464943, 0.9971861158873904, 0.9971721859900411, 0.9976633051524209, 0.9933219748220419, 0.9940154859774646, 0.9971852508139804, 0.9840658247148725, 0.9996719193867718, 0.9900787762653416, 0.9203338027835959, 0.7377050484618375, 0.9853359948941632, 0.9219097679270952, 0.43703338369820666, -0.3038335021394986, 0.9012124230827374, 0.9729571850263816, 0.9550187485950133, 0.9801599917674546, 0.9641547287312234, 0.9757042713265675, 0.9721435127781141, 0.9455807763443895, 0.979946722501915, 0.970540145279307, 0.954711537238892], [0.9940626265633407, 1.0, 0.9723785397143079, 0.9913030471880215, 0.9599890547116473, 0.9771279315200025, -0.9390533010650828, 0.9810666706870447, 0.9636194618533205, 0.9952666324220786, 0.9951110771699655, 0.9943631563961095, 0.9923997853197549, 0.9916754349380992, 0.9950678985598357, 0.9781019983089836, 0.9966878215660521, 0.983768972189151, 0.90943579240984, 0.7500084831057551, 0.9670464368347053, 0.9012857720759841, 0.43692240881081607, -0.22848273869833882, 0.8754256363275627, 0.9608483578629522, 0.9544393651310227, 0.9581806933529597, 0.9501764814262313, 0.9654443902182003, 0.956403804892449, 0.943466389996934, 0.968829864441179, 0.9618444662178535, 0.9484508362499131], [0.9770167000064879, 0.9723785397143079, 1.0, 0.9832377522273784, 0.9959412609178444, 0.978903318452309, -0.9759572111519957, 0.9701799049511385, 0.9840195382661008, 0.9888679843633679, 0.9895758127451313, 0.9860627530930827, 0.9970292495974458, 0.9968361101363409, 0.9893306044379226, 0.9774968968219109, 0.987832203283427, 0.9700472377858479, 0.827944600896788, 0.626722483129333, 0.9903409762041911, 0.9128290291459954, 0.2716012743292753, -0.2271228612363993, 0.9060364531809078, 0.944387566449595, 0.9796856087824126, 0.9300552479824598, 0.9120959033036014, 0.9644081883715824, 0.9202439557256618, 0.9066987302520437, 0.9666449713019206, 0.974002531594389, 0.9240640086702193], [0.9976061882827642, 0.9913030471880215, 0.9832377522273784, 1.0, 0.9764764630742291, 0.9738506538009108, -0.9386417677681715, 0.9843137291621576, 0.9679575165905523, 0.9999713438361421, 0.9999894596598213, 0.9999573744289583, 0.9914759684409316, 0.989469851481895, 0.9999429337239374, 0.9736382373436839, 0.9960342547014892, 0.984144365002249, 0.906309659361466, 0.7071132990077711, 0.9933485392182188, 0.9233543025331107, 0.41219409792678197, -0.2951575346705016, 0.8989355044386936, 0.9687674062931046, 0.9613727047833476, 0.9710016302281242, 0.9612764308525034, 0.9778696833615853, 0.9623371609485716, 0.934344276311626, 0.977921737874898, 0.9691482804645062, 0.9462574562628819], [0.9646274423434645, 0.9599890547116473, 0.9959412609178444, 0.9764764630742291, 1.0, 0.9583395921970417, -0.9574116183063998, 0.9547943840862381, 0.9715288499257496, 0.9849718324410008, 0.9857262446022096, 0.9817258450025005, 0.9862096929928607, 0.9825570790993025, 0.9853576705230747, 0.9558477051882399, 0.9757745553399427, 0.954546767780693, 0.8071654504237556, 0.590280539483678, 0.9895537729494425, 0.9086452917594695, 0.24631741839657895, -0.220166189513332, 0.8867022384150038, 0.9316631790157825, 0.9772447891126169, 0.9095763543838689, 0.8982748694253437, 0.9583820347855896, 0.8985446881015013, 0.8802808111598746, 0.956214541165799, 0.9621878218307093, 0.9003252363442347], [0.9816407994660771, 0.9771279315200025, 0.978903318452309, 0.9738506538009108, 0.9583395921970417, 1.0, -0.980965620525514, 0.9807402480522124, 0.9800080087433691, 0.9689013661599877, 0.9692372977664696, 0.9718789738014542, 0.9772115991843608, 0.9752052913981407, 0.9690506234019816, 0.9999053047911763, 0.9861522797187111, 0.9818182578896554, 0.8623082596319507, 0.7043990563466362, 0.9673046662920382, 0.8926883536957609, 0.30359696546163023, -0.21611182718752145, 0.9363956368103035, 0.9549262024458172, 0.9597702439126525, 0.957640290428862, 0.9280065927174923, 0.9522453550953316, 0.9517899594833097, 0.9548743602272559, 0.957031831638173, 0.9765441834945069, 0.9554359240964669], [-0.9437156744028965, -0.9390533010650828, -0.9759572111519957, -0.9386417677681715, -0.9574116183063998, -0.980965620525514, 1.0, -0.952225300961594, -0.9836194728675799, -0.9486812506609814, -0.9498772700509377, -0.9452182440625416, -0.97438045513583, -0.9760352812224986, -0.9495168257608627, -0.984060701005418, -0.9649703078510526, -0.9551903378636808, -0.7757774857882348, -0.6025900890523209, -0.9436431567977593, -0.8834745583025101, -0.16163626871222467, 0.15088971098477316, -0.9045860767484413, -0.913965583620809, -0.9577263197618682, -0.8996183407803786, -0.8592549851918017, -0.9254899188843728, -0.8911243106118325, -0.9094315451491811, -0.9261321129170653, -0.963921478274587, -0.9098186173154362], [0.9900598353828701, 0.9810666706870447, 0.9701799049511385, 0.9843137291621576, 0.9547943840862381, 0.9807402480522124, -0.952225300961594, 1.0, 0.9825720098358937, 0.9801006730592158, 0.9800445087396139, 0.9832515659295239, 0.9761963670255317, 0.975236803976815, 0.9800630618395962, 0.9826477150106904, 0.9877268132534894, 0.9998714736120438, 0.9236603181281755, 0.6716686236793397, 0.9738015791144495, 0.8961284836662605, 0.2935585062213884, -0.31187119253519063, 0.9055349904522184, 0.9532803752551878, 0.9380770508985476, 0.9777573483830928, 0.9527460689522711, 0.9686676789344906, 0.9628117516107537, 0.9357319169506253, 0.959424829798731, 0.957664328981884, 0.9653927575365628], [0.9704847536464943, 0.9636194618533205, 0.9840195382661008, 0.9679575165905523, 0.9715288499257496, 0.9800080087433691, -0.9836194728675799, 0.9825720098358937, 1.0, 0.9635761921108464, 0.9642310505001555, 0.966065485893652, 0.97334804891331, 0.9704829162506584, 0.9639877865670201, 0.9791019419462815, 0.9705751895555332, 0.9818936032535255, 0.8508742409881372, 0.5960549280814516, 0.9678302083561197, 0.9072856551852193, 0.15101751546526535, -0.23101791459947277, 0.8867195100557369, 0.9321349203575314, 0.9604457804705959, 0.9334841726335288, 0.8957394328737235, 0.956776665437431, 0.9165425712194796, 0.9030877007867153, 0.9456278896063799, 0.969524181426806, 0.9231872071162731], [0.9971861158873904, 0.9952666324220786, 0.9888679843633679, 0.9999713438361421, 0.9849718324410008, 0.9689013661599877, -0.9486812506609814, 0.9801006730592158, 0.9635761921108464, 1.0, 0.9999876522244623, 0.9999826405439863, 0.9913181985989278, 0.9892790767520943, 0.999948163273391, 0.9693615195978781, 0.9956304089957526, 0.981089135402083, 0.9311673927935161, 0.6284944577990724, 0.9967026810047207, 0.9015263250814103, -0.024554683250182455, 0.43017577587890893, 0.9153534350202249, 0.9521084120150881, 0.9665596408616346, 0.9620380352157375, 0.9433680157335027, 0.9658607960210781, 0.9419282080948, 0.9201671551566071, 0.965359943353741, 0.9802056105353953, 0.9432667036551445], [0.9971721859900411, 0.9951110771699655, 0.9895758127451313, 0.9999894596598213, 0.9857262446022096, 0.9692372977664696, -0.9498772700509377, 0.9800445087396139, 0.9642310505001555, 0.9999876522244623, 1.0, 0.9999718129898233, 0.9915014362475585, 0.9894586028735521, 0.9999524267753532, 0.969668742200476, 0.9956758065932572, 0.9810025735136811, 0.9303487341825573, 0.6247357029888836, 0.9969939111662637, 0.9007838198065453, -0.03942447112399925, 0.42570416075493034, 0.9146078258920453, 0.9519304383121909, 0.9674402615418566, 0.9615308806765878, 0.9420780774714161, 0.965965294318651, 0.9408926863368308, 0.9188726145294078, 0.9655456477305421, 0.9807228868451648, 0.9425586019488565], [0.9976633051524209, 0.9943631563961095, 0.9860627530930827, 0.9999573744289583, 0.9817258450025005, 0.9718789738014542, -0.9452182440625416, 0.9832515659295239, 0.966065485893652, 0.9999826405439863, 0.9999718129898233, 1.0, 0.9912780608626732, 0.9892007734276472, 0.9999617610276411, 0.9722438342994094, 0.9958201289031193, 0.9838010425318799, 0.9221465086665314, 0.6757257051975641, 0.9958854131052826, 0.9174653565531578, 0.1752810590131859, -0.19602408449086858, 0.9228362315030534, 0.9613240634952496, 0.9562779919865722, 0.9653406488105971, 0.9519812063816212, 0.9724249296997647, 0.9528695645688753, 0.9329711748501749, 0.9725416826384315, 0.9674350107168066, 0.9521556106588062], [0.9933219748220419, 0.9923997853197549, 0.9970292495974458, 0.9914759684409316, 0.9862096929928607, 0.9772115991843608, -0.97438045513583, 0.9761963670255317, 0.97334804891331, 0.9913181985989278, 0.9915014362475585, 0.9912780608626732, 1.0, 0.999686756404348, 0.9914455360368823, 0.977954404851204, 0.9936445389822182, 0.977520601571361, 0.912617145681594, 0.5674578392503647, 0.9861606879771853, 0.8930573025284552, -0.32217122545564303, 0.45268678862915335, 0.9054911984674697, 0.9501797497767548, 0.9778236813315295, 0.9446967120647981, 0.9047687979415862, 0.9468192538114862, 0.9150445633533891, 0.8898775476235771, 0.9636343109861056, 0.9798070815138195, 0.9351827750144912], [0.9940154859774646, 0.9916754349380992, 0.9968361101363409, 0.989469851481895, 0.9825570790993025, 0.9752052913981407, -0.9760352812224986, 0.975236803976815, 0.9704829162506584, 0.9892790767520943, 0.9894586028735521, 0.9892007734276472, 0.999686756404348, 1.0, 0.9895253041156427, 0.9760030599834258, 0.9941726826806913, 0.9768094565435504, 0.9201387194026078, 0.4469744429947415, 0.9809614500953509, 0.8820658305528197, -0.711222399868191, 0.43019670649372316, 0.878226115601894, 0.9467055874817238, 0.9771902747143113, 0.9371812766854439, 0.8872618621689949, 0.9377932269281931, 0.9121752561358416, 0.8683565924973652, 0.9657825903040519, 0.978077379118863, 0.9274945026329259], [0.9971852508139804, 0.9950678985598357, 0.9893306044379226, 0.9999429337239374, 0.9853576705230747, 0.9690506234019816, -0.9495168257608627, 0.9800630618395962, 0.9639877865670201, 0.999948163273391, 0.9999524267753532, 0.9999617610276411, 0.9914455360368823, 0.9895253041156427, 1.0, 0.9695077122215504, 0.9956609920187048, 0.9810654947977531, 0.9310054154927029, 0.6256151360169846, 0.9968182141182346, 0.9007942074674408, -0.03618282741470171, 0.4258460515805395, 0.9145174684363322, 0.9510035384357293, 0.9667425924998397, 0.9618298977885121, 0.9425807099833476, 0.9659069119566097, 0.9415109001456672, 0.9194695895436279, 0.9653754954788504, 0.9805783296754182, 0.942991094992507], [0.9840658247148725, 0.9781019983089836, 0.9774968968219109, 0.9736382373436839, 0.9558477051882399, 0.9999053047911763, -0.984060701005418, 0.9826477150106904, 0.9791019419462815, 0.9693615195978781, 0.969668742200476, 0.9722438342994094, 0.977954404851204, 0.9760030599834258, 0.9695077122215504, 1.0, 0.9865510544950866, 0.9819314895374252, 0.8859184026208147, 0.7039719809378705, 0.9657763257053567, 0.8881366948356595, 0.17306194734690833, -0.19477055694792342, 0.9448746361044884, 0.9560306546102876, 0.9565151476961475, 0.9609823818147452, 0.9248712999519456, 0.9488964923796592, 0.952660026608338, 0.9542244115852021, 0.9595021638901704, 0.9760550381502735, 0.9602104294556044], [0.9996719193867718, 0.9966878215660521, 0.987832203283427, 0.9960342547014892, 0.9757745553399427, 0.9861522797187111, -0.9649703078510526, 0.9877268132534894, 0.9705751895555332, 0.9956304089957526, 0.9956758065932572, 0.9958201289031193, 0.9936445389822182, 0.9941726826806913, 0.9956609920187048, 0.9865510544950866, 1.0, 0.9885724549182892, 0.9367174440954831, 0.6684371177524336, 0.9888715526647183, 0.897693615960348, 0.015437452067347703, 0.4456170352947303, 0.9342844272410182, 0.9586568890977644, 0.9648777258372869, 0.9746999248093, 0.9473426108278309, 0.9644644447223213, 0.9566326179140886, 0.9430053625055554, 0.9713756640670809, 0.9847455857507134, 0.9644043259699169], [0.9900787762653416, 0.983768972189151, 0.9700472377858479, 0.984144365002249, 0.954546767780693, 0.9818182578896554, -0.9551903378636808, 0.9998714736120438, 0.9818936032535255, 0.981089135402083, 0.9810025735136811, 0.9838010425318799, 0.977520601571361, 0.9768094565435504, 0.9810654947977531, 0.9819314895374252, 0.9885724549182892, 1.0, 0.9299099030645723, 0.670607524420782, 0.972793152675686, 0.9009760234532218, 0.26073903711244817, -0.2933110221401605, 0.910947927471471, 0.9518715920958386, 0.9380625975334586, 0.9782044206826603, 0.9520812717084683, 0.9671909055306273, 0.9612551604137445, 0.9355500999985302, 0.9587145197701642, 0.9555384474574626, 0.9665892991336359], [0.9203338027835959, 0.90943579240984, 0.827944600896788, 0.906309659361466, 0.8071654504237556, 0.8623082596319507, -0.7757774857882348, 0.9236603181281755, 0.8508742409881372, 0.9311673927935161, 0.9303487341825573, 0.9221465086665314, 0.912617145681594, 0.9201387194026078, 0.9310054154927029, 0.8859184026208147, 0.9367174440954831, 0.9299099030645723, 1.0, 0.840388969371556, 0.8577600687015933, 0.8729068314962228, 0.6863214756102402, -0.5327837775839303, 0.698002378966354, 0.9132520062084808, 0.8005943129579459, 0.9573157142086421, 0.9349947106514045, 0.901137100552428, 0.9436426850632113, 0.893685095385825, 0.8978703021402527, 0.8461661229650859, 0.8786928974626133], [0.7377050484618375, 0.7500084831057551, 0.626722483129333, 0.7071132990077711, 0.590280539483678, 0.7043990563466362, -0.6025900890523209, 0.6716686236793397, 0.5960549280814516, 0.6284944577990724, 0.6247357029888836, 0.6757257051975641, 0.5674578392503647, 0.4469744429947415, 0.6256151360169846, 0.7039719809378705, 0.6684371177524336, 0.670607524420782, 0.840388969371556, 1.0, 0.6307660154910893, 0.7448832970697004, 0.7308646319181198, -0.11637442492433199, 0.5375376687126383, 0.7447766961271872, 0.6351591309646443, 0.79066816884489, 0.7259075809078316, 0.6644596217436326, 0.7624376706477112, 0.7661073409411449, 0.6963860773814796, 0.6644323262105294, 0.7008015859152609], [0.9853359948941632, 0.9670464368347053, 0.9903409762041911, 0.9933485392182188, 0.9895537729494425, 0.9673046662920382, -0.9436431567977593, 0.9738015791144495, 0.9678302083561197, 0.9967026810047207, 0.9969939111662637, 0.9958854131052826, 0.9861606879771853, 0.9809614500953509, 0.9968182141182346, 0.9657763257053567, 0.9888715526647183, 0.972793152675686, 0.8577600687015933, 0.6307660154910893, 1.0, 0.8944774036269453, 0.33939793984515193, -0.2889518327445714, 0.8855060100657256, 0.9530460649092971, 0.9703595671603497, 0.9398438480301514, 0.9441004349541072, 0.9693820057149615, 0.9402954704471114, 0.9101937690948998, 0.9681738504124388, 0.9555410268640377, 0.9278811637217002], [0.9219097679270952, 0.9012857720759841, 0.9128290291459954, 0.9233543025331107, 0.9086452917594695, 0.8926883536957609, -0.8834745583025101, 0.8961284836662605, 0.9072856551852193, 0.9015263250814103, 0.9007838198065453, 0.9174653565531578, 0.8930573025284552, 0.8820658305528197, 0.9007942074674408, 0.8881366948356595, 0.897693615960348, 0.9009760234532218, 0.8729068314962228, 0.7448832970697004, 0.8944774036269453, 1.0, 0.3871784181834017, -0.18878734540743994, 0.7002489987005661, 0.917712862231358, 0.8851848657562686, 0.8969233911426959, 0.8459148551920455, 0.9221867218619275, 0.8664425114449142, 0.8407430696531635, 0.9202024940669153, 0.86637044871807, 0.847504056131444], [0.43703338369820666, 0.43692240881081607, 0.2716012743292753, 0.41219409792678197, 0.24631741839657895, 0.30359696546163023, -0.16163626871222467, 0.2935585062213884, 0.15101751546526535, -0.024554683250182455, -0.03942447112399925, 0.1752810590131859, -0.32217122545564303, -0.711222399868191, -0.03618282741470171, 0.17306194734690833, 0.015437452067347703, 0.26073903711244817, 0.6863214756102402, 0.7308646319181198, 0.33939793984515193, 0.3871784181834017, 1.0, -0.3941942464987721, 0.29195599058568245, 0.4121342732305346, 0.22035128581727262, 0.5144998510261531, 0.5128104522732793, 0.37389959398302125, 0.5317902053192134, 0.442518965300241, 0.39168491431126684, 0.31131695438272305, 0.4178285375203093], [-0.3038335021394986, -0.22848273869833882, -0.2271228612363993, -0.2951575346705016, -0.220166189513332, -0.21611182718752145, 0.15088971098477316, -0.31187119253519063, -0.23101791459947277, 0.43017577587890893, 0.42570416075493034, -0.19602408449086858, 0.45268678862915335, 0.43019670649372316, 0.4258460515805395, -0.19477055694792342, 0.4456170352947303, -0.2933110221401605, -0.5327837775839303, -0.11637442492433199, -0.2889518327445714, -0.18878734540743994, -0.3941942464987721, 1.0, -0.14837752565498286, -0.3303818008066325, -0.17627672076235262, -0.38998947421748, -0.37995699960683504, -0.3270296227787622, -0.3461156549704595, -0.20310721453042319, -0.35087345566220135, -0.17859735040101007, -0.31648970273070653], [0.9012124230827374, 0.8754256363275627, 0.9060364531809078, 0.8989355044386936, 0.8867022384150038, 0.9363956368103035, -0.9045860767484413, 0.9055349904522184, 0.8867195100557369, 0.9153534350202249, 0.9146078258920453, 0.9228362315030534, 0.9054911984674697, 0.878226115601894, 0.9145174684363322, 0.9448746361044884, 0.9342844272410182, 0.910947927471471, 0.698002378966354, 0.5375376687126383, 0.8855060100657256, 0.7002489987005661, 0.29195599058568245, -0.14837752565498286, 1.0, 0.8338274475678232, 0.8852403937187132, 0.8102984286368172, 0.8587219281749803, 0.8276541196735656, 0.8661651015266946, 0.8599980005897462, 0.8567945264539082, 0.866611891701292, 0.8942225932322811], [0.9729571850263816, 0.9608483578629522, 0.944387566449595, 0.9687674062931046, 0.9316631790157825, 0.9549262024458172, -0.913965583620809, 0.9532803752551878, 0.9321349203575314, 0.9521084120150881, 0.9519304383121909, 0.9613240634952496, 0.9501797497767548, 0.9467055874817238, 0.9510035384357293, 0.9560306546102876, 0.9586568890977644, 0.9518715920958386, 0.9132520062084808, 0.7447766961271872, 0.9530460649092971, 0.917712862231358, 0.4121342732305346, -0.3303818008066325, 0.8338274475678232, 1.0, 0.9333475485507827, 0.9584118865634407, 0.9340641043189103, 0.9441221479690655, 0.9423526891702342, 0.9145373426514251, 0.962642473106932, 0.9267153554512361, 0.9211682731259202], [0.9550187485950133, 0.9544393651310227, 0.9796856087824126, 0.9613727047833476, 0.9772447891126169, 0.9597702439126525, -0.9577263197618682, 0.9380770508985476, 0.9604457804705959, 0.9665596408616346, 0.9674402615418566, 0.9562779919865722, 0.9778236813315295, 0.9771902747143113, 0.9667425924998397, 0.9565151476961475, 0.9648777258372869, 0.9380625975334586, 0.8005943129579459, 0.6351591309646443, 0.9703595671603497, 0.8851848657562686, 0.22035128581727262, -0.17627672076235262, 0.8852403937187132, 0.9333475485507827, 1.0, 0.9034604589823522, 0.8819316567470737, 0.9375429292752594, 0.8840489354947065, 0.883878036625707, 0.9440541591606771, 0.9708163857133524, 0.8841853751687138], [0.9801599917674546, 0.9581806933529597, 0.9300552479824598, 0.9710016302281242, 0.9095763543838689, 0.957640290428862, -0.8996183407803786, 0.9777573483830928, 0.9334841726335288, 0.9620380352157375, 0.9615308806765878, 0.9653406488105971, 0.9446967120647981, 0.9371812766854439, 0.9618298977885121, 0.9609823818147452, 0.9746999248093, 0.9782044206826603, 0.9573157142086421, 0.79066816884489, 0.9398438480301514, 0.8969233911426959, 0.5144998510261531, -0.38998947421748, 0.8102984286368172, 0.9584118865634407, 0.9034604589823522, 1.0, 0.9855563460796971, 0.9652110783016274, 0.9897060423269722, 0.9516371994683344, 0.9584665857214378, 0.9135217825106227, 0.9662929507382549], [0.9641547287312234, 0.9501764814262313, 0.9120959033036014, 0.9612764308525034, 0.8982748694253437, 0.9280065927174923, -0.8592549851918017, 0.9527460689522711, 0.8957394328737235, 0.9433680157335027, 0.9420780774714161, 0.9519812063816212, 0.9047687979415862, 0.8872618621689949, 0.9425807099833476, 0.9248712999519456, 0.9473426108278309, 0.9520812717084683, 0.9349947106514045, 0.7259075809078316, 0.9441004349541072, 0.8459148551920455, 0.5128104522732793, -0.37995699960683504, 0.8587219281749803, 0.9340641043189103, 0.8819316567470737, 0.9855563460796971, 1.0, 0.949702385066352, 0.9829617926361461, 0.9548030217908414, 0.9347436319895246, 0.9172719944083767, 0.9616614494692144], [0.9757042713265675, 0.9654443902182003, 0.9644081883715824, 0.9778696833615853, 0.9583820347855896, 0.9522453550953316, -0.9254899188843728, 0.9686676789344906, 0.956776665437431, 0.9658607960210781, 0.965965294318651, 0.9724249296997647, 0.9468192538114862, 0.9377932269281931, 0.9659069119566097, 0.9488964923796592, 0.9644644447223213, 0.9671909055306273, 0.901137100552428, 0.6644596217436326, 0.9693820057149615, 0.9221867218619275, 0.37389959398302125, -0.3270296227787622, 0.8276541196735656, 0.9441221479690655, 0.9375429292752594, 0.9652110783016274, 0.949702385066352, 1.0, 0.9530692800757988, 0.9169058057811175, 0.975623762272814, 0.9564418857005987, 0.9433162818157872], [0.9721435127781141, 0.956403804892449, 0.9202439557256618, 0.9623371609485716, 0.8985446881015013, 0.9517899594833097, -0.8911243106118325, 0.9628117516107537, 0.9165425712194796, 0.9419282080948, 0.9408926863368308, 0.9528695645688753, 0.9150445633533891, 0.9121752561358416, 0.9415109001456672, 0.952660026608338, 0.9566326179140886, 0.9612551604137445, 0.9436426850632113, 0.7624376706477112, 0.9402954704471114, 0.8664425114449142, 0.5317902053192134, -0.3461156549704595, 0.8661651015266946, 0.9423526891702342, 0.8840489354947065, 0.9897060423269722, 0.9829617926361461, 0.9530692800757988, 1.0, 0.9732726582766514, 0.9427462868202656, 0.9354476382025387, 0.9618030799971526], [0.9455807763443895, 0.943466389996934, 0.9066987302520437, 0.934344276311626, 0.8802808111598746, 0.9548743602272559, -0.9094315451491811, 0.9357319169506253, 0.9030877007867153, 0.9201671551566071, 0.9188726145294078, 0.9329711748501749, 0.8898775476235771, 0.8683565924973652, 0.9194695895436279, 0.9542244115852021, 0.9430053625055554, 0.9355500999985302, 0.893685095385825, 0.7661073409411449, 0.9101937690948998, 0.8407430696531635, 0.442518965300241, -0.20310721453042319, 0.8599980005897462, 0.9145373426514251, 0.883878036625707, 0.9516371994683344, 0.9548030217908414, 0.9169058057811175, 0.9732726582766514, 1.0, 0.9054472282622742, 0.9329473038719208, 0.9525274753916332], [0.979946722501915, 0.968829864441179, 0.9666449713019206, 0.977921737874898, 0.956214541165799, 0.957031831638173, -0.9261321129170653, 0.959424829798731, 0.9456278896063799, 0.965359943353741, 0.9655456477305421, 0.9725416826384315, 0.9636343109861056, 0.9657825903040519, 0.9653754954788504, 0.9595021638901704, 0.9713756640670809, 0.9587145197701642, 0.8978703021402527, 0.6963860773814796, 0.9681738504124388, 0.9202024940669153, 0.39168491431126684, -0.35087345566220135, 0.8567945264539082, 0.962642473106932, 0.9440541591606771, 0.9584665857214378, 0.9347436319895246, 0.975623762272814, 0.9427462868202656, 0.9054472282622742, 1.0, 0.953145998129239, 0.9404441881277038], [0.970540145279307, 0.9618444662178535, 0.974002531594389, 0.9691482804645062, 0.9621878218307093, 0.9765441834945069, -0.963921478274587, 0.957664328981884, 0.969524181426806, 0.9802056105353953, 0.9807228868451648, 0.9674350107168066, 0.9798070815138195, 0.978077379118863, 0.9805783296754182, 0.9760550381502735, 0.9847455857507134, 0.9555384474574626, 0.8461661229650859, 0.6644323262105294, 0.9555410268640377, 0.86637044871807, 0.31131695438272305, -0.17859735040101007, 0.866611891701292, 0.9267153554512361, 0.9708163857133524, 0.9135217825106227, 0.9172719944083767, 0.9564418857005987, 0.9354476382025387, 0.9329473038719208, 0.953145998129239, 1.0, 0.9169668980839133], [0.954711537238892, 0.9484508362499131, 0.9240640086702193, 0.9462574562628819, 0.9003252363442347, 0.9554359240964669, -0.9098186173154362, 0.9653927575365628, 0.9231872071162731, 0.9432667036551445, 0.9425586019488565, 0.9521556106588062, 0.9351827750144912, 0.9274945026329259, 0.942991094992507, 0.9602104294556044, 0.9644043259699169, 0.9665892991336359, 0.8786928974626133, 0.7008015859152609, 0.9278811637217002, 0.847504056131444, 0.4178285375203093, -0.31648970273070653, 0.8942225932322811, 0.9211682731259202, 0.8841853751687138, 0.9662929507382549, 0.9616614494692144, 0.9433162818157872, 0.9618030799971526, 0.9525274753916332, 0.9404441881277038, 0.9169668980839133, 1.0]], "x": ["^TAIEX       \u81fa\u7063\u52a0\u6b0a\u5831\u916c\u6307\u6578", "^TWII        \u81fa\u7063\u52a0\u6b0a\u6307\u6578", "^TAIEXx2     \u81fa\u7063\u52a0\u6b0a\u5831\u916c\u6307\u6578_\u65e5\u6b632", "^TAI50I      \u81fa\u706350\u5831\u916c\u6307\u6578", "^TAI50Ix2    \u81fa\u706350\u5831\u916c\u6307\u6578_\u65e5\u6b632", "^TAI100I     \u81fa\u7063\u4e2d\u578b100\u5831\u916c\u6307\u6578", "^TAI100Ix2   \u81fa\u7063\u4e2d\u578b100\u5831\u916c\u6307\u6578_\u65e5\u6b632", "^TAIDIVIDI   \u81fa\u7063\u9ad8\u80a1\u606f\u5831\u916c\u6307\u6578", "^TAIDIVIDIx2 \u81fa\u7063\u9ad8\u80a1\u606f\u5831\u916c\u6307\u6578_\u65e5\u6b632", "0050Fund     \u5143\u5927\u53f0\u7063\u5353\u8d8a50\u57fa\u91d1", "006208Fund   \u5bcc\u90a6\u53f0\u7063\u91c6\u540950\u57fa\u91d1", "0050         \u5143\u5927\u81fa\u706350", "00631L       \u5143\u5927\u53f0\u706350\u6b632", "00675L       \u5bcc\u90a6\u81fa\u7063\u52a0\u6b0a\u6b632", "006208       \u5bcc\u90a6\u53f050", "0051         \u5143\u5927\u4e2d\u578b100", "006204       \u6c38\u8c50\u81fa\u7063\u52a0\u6b0a", "0056         \u5143\u5927\u9ad8\u80a1\u606f", "2412         \u4e2d\u83ef\u96fb\u4fe1", "2002         \u4e2d\u92fc", "2330         \u53f0\u7a4d\u96fb", "2317         \u9d3b\u6d77", "6505         \u53f0\u5851\u77f3\u5316", "3481         \u7fa4\u5275", "2303         \u806f\u96fb", "2308         \u53f0\u9054\u96fb", "2454         \u806f\u767c\u79d1", "2886         \u5146\u8c50\u91d1", "2884         \u7389\u5c71\u91d1", "2891         \u4e2d\u4fe1\u91d1", "2892         \u7b2c\u4e00\u91d1", "5880         \u5408\u5eab\u91d1", "2881         \u5bcc\u90a6\u91d1", "2885         \u5143\u5927\u91d1", "2887         \u53f0\u65b0\u91d1"], "y": ["^TAIEX       \u81fa\u7063\u52a0\u6b0a\u5831\u916c\u6307\u6578", "^TWII        \u81fa\u7063\u52a0\u6b0a\u6307\u6578", "^TAIEXx2     \u81fa\u7063\u52a0\u6b0a\u5831\u916c\u6307\u6578_\u65e5\u6b632", "^TAI50I      \u81fa\u706350\u5831\u916c\u6307\u6578", "^TAI50Ix2    \u81fa\u706350\u5831\u916c\u6307\u6578_\u65e5\u6b632", "^TAI100I     \u81fa\u7063\u4e2d\u578b100\u5831\u916c\u6307\u6578", "^TAI100Ix2   \u81fa\u7063\u4e2d\u578b100\u5831\u916c\u6307\u6578_\u65e5\u6b632", "^TAIDIVIDI   \u81fa\u7063\u9ad8\u80a1\u606f\u5831\u916c\u6307\u6578", "^TAIDIVIDIx2 \u81fa\u7063\u9ad8\u80a1\u606f\u5831\u916c\u6307\u6578_\u65e5\u6b632", "0050Fund     \u5143\u5927\u53f0\u7063\u5353\u8d8a50\u57fa\u91d1", "006208Fund   \u5bcc\u90a6\u53f0\u7063\u91c6\u540950\u57fa\u91d1", "0050         \u5143\u5927\u81fa\u706350", "00631L       \u5143\u5927\u53f0\u706350\u6b632", "00675L       \u5bcc\u90a6\u81fa\u7063\u52a0\u6b0a\u6b632", "006208       \u5bcc\u90a6\u53f050", "0051         \u5143\u5927\u4e2d\u578b100", "006204       \u6c38\u8c50\u81fa\u7063\u52a0\u6b0a", "0056         \u5143\u5927\u9ad8\u80a1\u606f", "2412         \u4e2d\u83ef\u96fb\u4fe1", "2002         \u4e2d\u92fc", "2330         \u53f0\u7a4d\u96fb", "2317         \u9d3b\u6d77", "6505         \u53f0\u5851\u77f3\u5316", "3481         \u7fa4\u5275", "2303         \u806f\u96fb", "2308         \u53f0\u9054\u96fb", "2454         \u806f\u767c\u79d1", "2886         \u5146\u8c50\u91d1", "2884         \u7389\u5c71\u91d1", "2891         \u4e2d\u4fe1\u91d1", "2892         \u7b2c\u4e00\u91d1", "5880         \u5408\u5eab\u91d1", "2881         \u5bcc\u90a6\u91d1", "2885         \u5143\u5927\u91d1", "2887         \u53f0\u65b0\u91d1"], "zmin": -1, "zmax": 1, "colorbar": {"x": -0.2}}], "layout": {"autotypenumbers": "strict", "colorway": ["#636efa", "#EF553B", "#00cc96", "#ab63fa", "#FFA15A", "#19d3f3", "#FF6692", "#B6E880", "#FF97FF", "#FECB52"], "font": {"color": "#f2f5fa", "family": "Courier New"}, "hovermode": "closest", "hoverlabel": {"align": "left"}, "paper_bgcolor": "rgb(17,17,17)", "plot_bgcolor": "rgb(17,17,17)", "polar": {"bgcolor": "rgb(17,17,17)", "angularaxis": {"gridcolor": "#506784", "linecolor": "#506784", "ticks": ""}, "radialaxis": {"gridcolor": "#506784", "linecolor": "#506784", "ticks": ""}}, "ternary": {"bgcolor": "rgb(17,17,17)", "aaxis": {"gridcolor": "#506784", "linecolor": "#506784", "ticks": ""}, "baxis": {"gridcolor": "#506784", "linecolor": "#506784", "ticks": ""}, "caxis": {"gridcolor": "#506784", "linecolor": "#506784", "ticks": ""}}, "coloraxis": {"colorbar": {"outlinewidth": 0, "ticks": ""}}, "colorscale": {"sequential": [[0.0, "#0d0887"], [0.1111111111111111, "#46039f"], [0.2222222222222222, "#7201a8"], [0.3333333333333333, "#9c179e"], [0.4444444444444444, "#bd3786"], [0.5555555555555556, "#d8576b"], [0.6666666666666666, "#ed7953"], [0.7777777777777778, "#fb9f3a"], [0.8888888888888888, "#fdca26"], [1.0, "#f0f921"]], "sequentialminus": [[0.0, "#0d0887"], [0.1111111111111111, "#46039f"], [0.2222222222222222, "#7201a8"], [0.3333333333333333, "#9c179e"], [0.4444444444444444, "#bd3786"], [0.5555555555555556, "#d8576b"], [0.6666666666666666, "#ed7953"], [0.7777777777777778, "#fb9f3a"], [0.8888888888888888, "#fdca26"], [1.0, "#f0f921"]], "diverging": [[0, "#8e0152"], [0.1, "#c51b7d"], [0.2, "#de77ae"], [0.3, "#f1b6da"], [0.4, "#fde0ef"], [0.5, "#f7f7f7"], [0.6, "#e6f5d0"], [0.7, "#b8e186"], [0.8, "#7fbc41"], [0.9, "#4d9221"], [1, "#276419"]]}, "xaxis": {"gridcolor": "rgba(0, 0, 0, 0)", "linecolor": "#506784", "ticks": "", "title": {"standoff": 15}, "zerolinecolor": "#283442", "automargin": true, "zerolinewidth": 2, "tickfont": {"family": "Courier New", "size": 14}, "side": "top", "tickangle": -90}, "yaxis": {"gridcolor": "rgba(0, 0, 0, 0)", "linecolor": "#506784", "ticks": "", "title": {"standoff": 15}, "zerolinecolor": "#283442", "automargin": true, "zerolinewidth": 2, "tickfont": {"family": "Courier New"}, "side": "right"}, "scene": {"xaxis": {"backgroundcolor": "rgb(17,17,17)", "gridcolor": "#506784", "linecolor": "#506784", "showbackground": true, "ticks": "", "zerolinecolor": "#C8D4E3", "gridwidth": 2}, "yaxis": {"backgroundcolor": "rgb(17,17,17)", "gridcolor": "#506784", "linecolor": "#506784", "showbackground": true, "ticks": "", "zerolinecolor": "#C8D4E3", "gridwidth": 2}, "zaxis": {"backgroundcolor": "rgb(17,17,17)", "gridcolor": "#506784", "linecolor": "#506784", "showbackground": true, "ticks": "", "zerolinecolor": "#C8D4E3", "gridwidth": 2}}, "shapedefaults": {"line": {"color": "#f2f5fa"}}, "annotationdefaults": {"arrowcolor": "#f2f5fa", "arrowhead": 0, "arrowwidth": 1}, "geo": {"bgcolor": "rgb(17,17,17)", "landcolor": "rgb(17,17,17)", "subunitcolor": "#506784", "showland": true, "showlakes": true, "lakecolor": "rgb(17,17,17)"}, "title": {"x": 0.05, "font": {"family": "Times New Roman"}, "y": 0.05, "text": "<b>Correlation of Adj Close<b><br><i>2016-09-23 ~ 2025-08-08<i>"}, "updatemenudefaults": {"bgcolor": "#506784", "borderwidth": 0}, "sliderdefaults": {"bgcolor": "#C8D4E3", "borderwidth": 1, "bordercolor": "rgb(17,17,17)", "tickwidth": 0}, "mapbox": {"style": "dark"}, "annotations": [{"text": "<b>@zwindr<b>", "textangle": 0, "opacity": 0.5, "font": {"color": "white", "size": 12}, "xref": "paper", "yref": "paper", "xanchor": "left", "yanchor": "bottom", "x": 1.0, "y": 1.0, "showarrow": false}]}, "config": {"responsive": true, "toImageButtonOptions": {"filename": "Correlation of Adj Close_2016-09-23~2025-08-08", "scale": 5}}};

    Plotly.newPlot("correlationAdjClose",
        correlationAdjClose.data,
        correlationAdjClose.layout || {},
        correlationAdjClose.config);
} else {
    // The element with the specified ID does not exist
    console.log("style display is none => correlationAdjClose");
}