var config = { responsive: true }

var correlationAdjClose = {"data": [{"type": "heatmap", "z": [[1.0, 0.9938652021656714, 0.9765721919939347, 0.9977237977618127, 0.9648912318742511, 0.981072796762829, -0.9415142809068097, 0.9898104038026286, 0.9692611162333681, 0.9978005089137886, 0.9930323039553277, 0.9937763674358684, 0.9972589104208026, 0.9837530962838724, 0.9996585494272936, 0.9898778965083411, 0.9194742642060225, 0.7468426212770192, 0.9854661112019749, 0.9192027260838552, 0.45661311466088667, -0.3028395873876021, 0.9008218449052143, 0.9743434141885641, 0.9536591542729279], [0.9938652021656714, 1.0, 0.9719664079459575, 0.9913128964355705, 0.9605288174434259, 0.9763537577664362, -0.9367584721844744, 0.9804299662793406, 0.9622038179555097, 0.9933459425735024, 0.992108277234776, 0.9913167412846954, 0.9952294818473469, 0.9774766648281, 0.9965815685647694, 0.9832720132549797, 0.9082528376720173, 0.7568311555154921, 0.9668040958428986, 0.8982730497064474, 0.45559036368410916, -0.22598522140895763, 0.8740891994583766, 0.9618419744037313, 0.9534253610337555], [0.9765721919939347, 0.9719664079459575, 1.0, 0.9824830737256697, 0.9961952400623997, 0.9790910592812225, -0.9754740629272327, 0.9699098743368585, 0.9836706669230354, 0.984593441748575, 0.9971480064600713, 0.9969930847058925, 0.9887769243720705, 0.9778848491585105, 0.987582116171461, 0.9698766184944255, 0.8256405313864194, 0.6373948456621591, 0.9898822072655605, 0.9096294675308932, 0.29158325726622564, -0.22498237902950263, 0.9078212694181403, 0.9420919245692555, 0.978793726844065], [0.9977237977618127, 0.9913128964355705, 0.9824830737256697, 1.0, 0.976153788439456, 0.973386088679642, -0.9362513438385226, 0.9843096559127545, 0.9666757849407585, 0.9999548415310403, 0.9914589169151238, 0.9896207912649586, 0.9999440597142383, 0.9734764225460214, 0.9961019205113008, 0.984222371904026, 0.9059039579216434, 0.7183231849560354, 0.993216203579076, 0.9204939225787577, 0.4349730131529156, -0.29440080334752255, 0.8995915399458821, 0.9685529855567113, 0.9596706158176141], [0.9648912318742511, 0.9605288174434259, 0.9961952400623997, 0.976153788439456, 1.0, 0.9592534724305916, -0.9573006126801721, 0.9554580511619354, 0.9717565709571547, 0.9803165102345491, 0.9872031386533633, 0.9835794611273188, 0.9851737300258067, 0.9571050217371443, 0.9761594024581748, 0.9553524094214874, 0.8057659214823891, 0.6040076114166186, 0.9892463150025117, 0.905970988152037, 0.27018074734792474, -0.2182394923399484, 0.8906134282421151, 0.9273928565124432, 0.9765767083301747], [0.981072796762829, 0.9763537577664362, 0.9790910592812225, 0.973386088679642, 0.9592534724305916, 1.0, -0.9803590823904281, 0.9800860953071608, 0.9794396112412166, 0.972110300431206, 0.9768101977876393, 0.9747842141520083, 0.9688001843364078, 0.9999096318175182, 0.9859119489251547, 0.9812064990358772, 0.8592105134294004, 0.7136129426563274, 0.9672537343231613, 0.8890985380012764, 0.32199927150878105, -0.21323028511101658, 0.9364960080499172, 0.9568301759169126, 0.9591517249499781], [-0.9415142809068097, -0.9367584721844744, -0.9754740629272327, -0.9362513438385226, -0.9573006126801721, -0.9803590823904281, 1.0, -0.9505522434791918, -0.9830169931735059, -0.9413431982005267, -0.9736511101037075, -0.975508306938428, -0.9480159564964442, -0.9836122252730145, -0.9636977196990112, -0.9536508206237111, -0.7703538345943538, -0.611318847185719, -0.941915628561477, -0.8790535295450521, -0.17856377210438387, 0.14682911215080696, -0.9044800923577857, -0.9124689456043368, -0.9565252519553465], [0.9898104038026286, 0.9804299662793406, 0.9699098743368585, 0.9843096559127545, 0.9554580511619354, 0.9800860953071608, -0.9505522434791918, 1.0, 0.9820647682047181, 0.9836376376051708, 0.9753816728808126, 0.9742893442720869, 0.9798519554264545, 0.9820931029056046, 0.9873572021399794, 0.9998692453281631, 0.9218976674239637, 0.6828511736445246, 0.9739982120530142, 0.8926606145385118, 0.3182725584346662, -0.31073371244474973, 0.9050955742290993, 0.9557700845410585, 0.9364771115028179], [0.9692611162333681, 0.9622038179555097, 0.9836706669230354, 0.9666757849407585, 0.9717565709571547, 0.9794396112412166, -0.9830169931735059, 0.9820647682047181, 1.0, 0.9653809949416403, 0.9722517197316459, 0.9692552989134201, 0.9626263495805224, 0.9786058219203162, 0.9693334646313925, 0.9813905828671806, 0.8471882087584112, 0.6079421379018718, 0.9669184544126518, 0.903628502072315, 0.17489059259118725, -0.22864164330899717, 0.8866367163186084, 0.9316978780080102, 0.9590643184726927], [0.9978005089137886, 0.9933459425735024, 0.984593441748575, 0.9999548415310403, 0.9803165102345491, 0.972110300431206, -0.9413431982005267, 0.9836376376051708, 0.9653809949416403, 1.0, 0.9912113234782846, 0.9892775183487524, 0.9999609794362002, 0.9726217604977869, 0.9958508520675312, 0.9840574626061718, 0.9215491579131146, 0.6854162110097106, 0.9953165798164949, 0.917684727249308, 0.2590253057503204, -0.2581788297508772, 0.9267109217261725, 0.9630651008839157, 0.9545931279667221], [0.9930323039553277, 0.992108277234776, 0.9971480064600713, 0.9914589169151238, 0.9872031386533633, 0.9768101977876393, -0.9736511101037075, 0.9753816728808126, 0.9722517197316459, 0.9912113234782846, 1.0, 0.9996727144479121, 0.9913398076845156, 0.9777701173064447, 0.9933720111365683, 0.9768375862293367, 0.9090788804318345, 0.5867897954675237, 0.9862960935067079, 0.8884623960924255, -0.29606698571847223, 0.4716092512179095, 0.9082360502342944, 0.9536097288070103, 0.9770645886161908], [0.9937763674358684, 0.9913167412846954, 0.9969930847058925, 0.9896207912649586, 0.9835794611273188, 0.9747842141520083, -0.975508306938428, 0.9742893442720869, 0.9692552989134201, 0.9892775183487524, 0.9996727144479121, 1.0, 0.9895465515156131, 0.9758368861975586, 0.9939286050443993, 0.9760073641420732, 0.9165935628207401, 0.4710008926050361, 0.9811266752073068, 0.8769146614251503, -0.6970808647619501, 0.451242674963401, 0.8815299798543571, 0.950431696230467, 0.9763900897344635], [0.9972589104208026, 0.9952294818473469, 0.9887769243720705, 0.9999440597142383, 0.9851737300258067, 0.9688001843364078, -0.9480159564964442, 0.9798519554264545, 0.9626263495805224, 0.9999609794362002, 0.9913398076845156, 0.9895465515156131, 1.0, 0.9695034726477184, 0.9956667031060424, 0.9809850727963098, 0.9291430467595684, 0.6452357378655589, 0.9968007463642118, 0.8963415327136185, -0.004182152496577971, 0.44450598834778166, 0.9180543429043488, 0.9517039262599616, 0.9651854982670789], [0.9837530962838724, 0.9774766648281, 0.9778848491585105, 0.9734764225460214, 0.9571050217371443, 0.9999096318175182, -0.9836122252730145, 0.9820931029056046, 0.9786058219203162, 0.9726217604977869, 0.9777701173064447, 0.9758368861975586, 0.9695034726477184, 1.0, 0.9864471932240482, 0.9813712289087291, 0.8830576494900011, 0.7147709348386274, 0.966023835967475, 0.8847585477333875, 0.19493176384192432, -0.19115231233302554, 0.9451897954540616, 0.9594925921811374, 0.9560602983456526], [0.9996585494272936, 0.9965815685647694, 0.987582116171461, 0.9961019205113008, 0.9761594024581748, 0.9859119489251547, -0.9636977196990112, 0.9873572021399794, 0.9693334646313925, 0.9958508520675312, 0.9933720111365683, 0.9939286050443993, 0.9956667031060424, 0.9864471932240482, 1.0, 0.9882841025502576, 0.9348327664551557, 0.685014981135409, 0.9890258352114535, 0.8936162298951639, 0.04482161044791454, 0.4615506187249045, 0.9363886373835894, 0.9613127814657008, 0.9636208861113797], [0.9898778965083411, 0.9832720132549797, 0.9698766184944255, 0.984222371904026, 0.9553524094214874, 0.9812064990358772, -0.9536508206237111, 0.9998692453281631, 0.9813905828671806, 0.9840574626061718, 0.9768375862293367, 0.9760073641420732, 0.9809850727963098, 0.9813712289087291, 0.9882841025502576, 1.0, 0.9282464989035791, 0.6814234704020167, 0.9730768489714134, 0.897906688594086, 0.2850647859786407, -0.29125538324336386, 0.9106787663698231, 0.9547280150123124, 0.9366149042628454], [0.9194742642060225, 0.9082528376720173, 0.8256405313864194, 0.9059039579216434, 0.8057659214823891, 0.8592105134294004, -0.7703538345943538, 0.9218976674239637, 0.8471882087584112, 0.9215491579131146, 0.9090788804318345, 0.9165935628207401, 0.9291430467595684, 0.8830576494900011, 0.9348327664551557, 0.9282464989035791, 1.0, 0.8442863938256093, 0.8572351203212504, 0.8710660706792991, 0.7020003631979806, -0.5337467498373553, 0.6932070366739147, 0.9169959875470944, 0.7976873700085674], [0.7468426212770192, 0.7568311555154921, 0.6373948456621591, 0.7183231849560354, 0.6040076114166186, 0.7136129426563274, -0.611318847185719, 0.6828511736445246, 0.6079421379018718, 0.6854162110097106, 0.5867897954675237, 0.4710008926050361, 0.6452357378655589, 0.7147709348386274, 0.685014981135409, 0.6814234704020167, 0.8442863938256093, 1.0, 0.6400993629803866, 0.7518773397690616, 0.7331198539471938, -0.11642955644251964, 0.5381378769708102, 0.7606737137462249, 0.6444913860071062], [0.9854661112019749, 0.9668040958428986, 0.9898822072655605, 0.993216203579076, 0.9892463150025117, 0.9672537343231613, -0.941915628561477, 0.9739982120530142, 0.9669184544126518, 0.9953165798164949, 0.9862960935067079, 0.9811266752073068, 0.9968007463642118, 0.966023835967475, 0.9890258352114535, 0.9730768489714134, 0.8572351203212504, 0.6400993629803866, 1.0, 0.8911612098604851, 0.36157427825133565, -0.2885424444175138, 0.8869672451411563, 0.9510156651052353, 0.968997471450276], [0.9192027260838552, 0.8982730497064474, 0.9096294675308932, 0.9204939225787577, 0.905970988152037, 0.8890985380012764, -0.8790535295450521, 0.8926606145385118, 0.903628502072315, 0.917684727249308, 0.8884623960924255, 0.8769146614251503, 0.8963415327136185, 0.8847585477333875, 0.8936162298951639, 0.897906688594086, 0.8710660706792991, 0.7518773397690616, 0.8911612098604851, 1.0, 0.40608883520369704, -0.18564417047164541, 0.6950139683385121, 0.9161885837095424, 0.8813142003282141], [0.45661311466088667, 0.45559036368410916, 0.29158325726622564, 0.4349730131529156, 0.27018074734792474, 0.32199927150878105, -0.17856377210438387, 0.3182725584346662, 0.17489059259118725, 0.2590253057503204, -0.29606698571847223, -0.6970808647619501, -0.004182152496577971, 0.19493176384192432, 0.04482161044791454, 0.2850647859786407, 0.7020003631979806, 0.7331198539471938, 0.36157427825133565, 0.40608883520369704, 1.0, -0.39959697730878646, 0.3014968455896601, 0.4416377349918192, 0.2384890479119441], [-0.3028395873876021, -0.22598522140895763, -0.22498237902950263, -0.29440080334752255, -0.2182394923399484, -0.21323028511101658, 0.14682911215080696, -0.31073371244474973, -0.22864164330899717, -0.2581788297508772, 0.4716092512179095, 0.451242674963401, 0.44450598834778166, -0.19115231233302554, 0.4615506187249045, -0.29125538324336386, -0.5337467498373553, -0.11642955644251964, -0.2885424444175138, -0.18564417047164541, -0.39959697730878646, 1.0, -0.14532644881862802, -0.33331028616400477, -0.1728414994069675], [0.9008218449052143, 0.8740891994583766, 0.9078212694181403, 0.8995915399458821, 0.8906134282421151, 0.9364960080499172, -0.9044800923577857, 0.9050955742290993, 0.8866367163186084, 0.9267109217261725, 0.9082360502342944, 0.8815299798543571, 0.9180543429043488, 0.9451897954540616, 0.9363886373835894, 0.9106787663698231, 0.6932070366739147, 0.5381378769708102, 0.8869672451411563, 0.6950139683385121, 0.3014968455896601, -0.14532644881862802, 1.0, 0.8357962802457733, 0.8860394736201188], [0.9743434141885641, 0.9618419744037313, 0.9420919245692555, 0.9685529855567113, 0.9273928565124432, 0.9568301759169126, -0.9124689456043368, 0.9557700845410585, 0.9316978780080102, 0.9630651008839157, 0.9536097288070103, 0.950431696230467, 0.9517039262599616, 0.9594925921811374, 0.9613127814657008, 0.9547280150123124, 0.9169959875470944, 0.7606737137462249, 0.9510156651052353, 0.9161885837095424, 0.4416377349918192, -0.33331028616400477, 0.8357962802457733, 1.0, 0.9308916704058483], [0.9536591542729279, 0.9534253610337555, 0.978793726844065, 0.9596706158176141, 0.9765767083301747, 0.9591517249499781, -0.9565252519553465, 0.9364771115028179, 0.9590643184726927, 0.9545931279667221, 0.9770645886161908, 0.9763900897344635, 0.9651854982670789, 0.9560602983456526, 0.9636208861113797, 0.9366149042628454, 0.7976873700085674, 0.6444913860071062, 0.968997471450276, 0.8813142003282141, 0.2384890479119441, -0.1728414994069675, 0.8860394736201188, 0.9308916704058483, 1.0]], "x": ["^TAIEX       \u81fa\u7063\u52a0\u6b0a\u5831\u916c\u6307\u6578", "^TWII        \u81fa\u7063\u52a0\u6b0a\u6307\u6578", "^TAIEXx2     \u81fa\u7063\u52a0\u6b0a\u5831\u916c\u6307\u6578_\u65e5\u6b632", "^TAI50I      \u81fa\u706350\u5831\u916c\u6307\u6578", "^TAI50Ix2    \u81fa\u706350\u5831\u916c\u6307\u6578_\u65e5\u6b632", "^TAI100I     \u81fa\u7063\u4e2d\u578b100\u5831\u916c\u6307\u6578", "^TAI100Ix2   \u81fa\u7063\u4e2d\u578b100\u5831\u916c\u6307\u6578_\u65e5\u6b632", "^TAIDIVIDI   \u81fa\u7063\u9ad8\u80a1\u606f\u5831\u916c\u6307\u6578", "^TAIDIVIDIx2 \u81fa\u7063\u9ad8\u80a1\u606f\u5831\u916c\u6307\u6578_\u65e5\u6b632", "0050         \u5143\u5927\u81fa\u706350", "00631L       \u5143\u5927\u53f0\u706350\u6b632", "00675L       \u5bcc\u90a6\u81fa\u7063\u52a0\u6b0a\u6b632", "006208       \u5bcc\u90a6\u53f050", "0051         \u5143\u5927\u4e2d\u578b100", "006204       \u6c38\u8c50\u81fa\u7063\u52a0\u6b0a", "0056         \u5143\u5927\u9ad8\u80a1\u606f", "2412         \u4e2d\u83ef\u96fb\u4fe1", "2002         \u4e2d\u92fc", "2330         \u53f0\u7a4d\u96fb", "2317         \u9d3b\u6d77", "6505         \u53f0\u5851\u77f3\u5316", "3481         \u7fa4\u5275", "2303         \u806f\u96fb", "2308         \u53f0\u9054\u96fb", "2454         \u806f\u767c\u79d1"], "y": ["^TAIEX       \u81fa\u7063\u52a0\u6b0a\u5831\u916c\u6307\u6578", "^TWII        \u81fa\u7063\u52a0\u6b0a\u6307\u6578", "^TAIEXx2     \u81fa\u7063\u52a0\u6b0a\u5831\u916c\u6307\u6578_\u65e5\u6b632", "^TAI50I      \u81fa\u706350\u5831\u916c\u6307\u6578", "^TAI50Ix2    \u81fa\u706350\u5831\u916c\u6307\u6578_\u65e5\u6b632", "^TAI100I     \u81fa\u7063\u4e2d\u578b100\u5831\u916c\u6307\u6578", "^TAI100Ix2   \u81fa\u7063\u4e2d\u578b100\u5831\u916c\u6307\u6578_\u65e5\u6b632", "^TAIDIVIDI   \u81fa\u7063\u9ad8\u80a1\u606f\u5831\u916c\u6307\u6578", "^TAIDIVIDIx2 \u81fa\u7063\u9ad8\u80a1\u606f\u5831\u916c\u6307\u6578_\u65e5\u6b632", "0050         \u5143\u5927\u81fa\u706350", "00631L       \u5143\u5927\u53f0\u706350\u6b632", "00675L       \u5bcc\u90a6\u81fa\u7063\u52a0\u6b0a\u6b632", "006208       \u5bcc\u90a6\u53f050", "0051         \u5143\u5927\u4e2d\u578b100", "006204       \u6c38\u8c50\u81fa\u7063\u52a0\u6b0a", "0056         \u5143\u5927\u9ad8\u80a1\u606f", "2412         \u4e2d\u83ef\u96fb\u4fe1", "2002         \u4e2d\u92fc", "2330         \u53f0\u7a4d\u96fb", "2317         \u9d3b\u6d77", "6505         \u53f0\u5851\u77f3\u5316", "3481         \u7fa4\u5275", "2303         \u806f\u96fb", "2308         \u53f0\u9054\u96fb", "2454         \u806f\u767c\u79d1"], "zmin": -1, "zmax": 1, "colorbar": {"x": -0.2}}], "layout": {"autotypenumbers": "strict", "colorway": ["#636efa", "#EF553B", "#00cc96", "#ab63fa", "#FFA15A", "#19d3f3", "#FF6692", "#B6E880", "#FF97FF", "#FECB52"], "font": {"color": "#f2f5fa", "family": "Courier New"}, "hovermode": "closest", "hoverlabel": {"align": "left"}, "paper_bgcolor": "rgb(17,17,17)", "plot_bgcolor": "rgb(17,17,17)", "polar": {"bgcolor": "rgb(17,17,17)", "angularaxis": {"gridcolor": "#506784", "linecolor": "#506784", "ticks": ""}, "radialaxis": {"gridcolor": "#506784", "linecolor": "#506784", "ticks": ""}}, "ternary": {"bgcolor": "rgb(17,17,17)", "aaxis": {"gridcolor": "#506784", "linecolor": "#506784", "ticks": ""}, "baxis": {"gridcolor": "#506784", "linecolor": "#506784", "ticks": ""}, "caxis": {"gridcolor": "#506784", "linecolor": "#506784", "ticks": ""}}, "coloraxis": {"colorbar": {"outlinewidth": 0, "ticks": ""}}, "colorscale": {"sequential": [[0.0, "#0d0887"], [0.1111111111111111, "#46039f"], [0.2222222222222222, "#7201a8"], [0.3333333333333333, "#9c179e"], [0.4444444444444444, "#bd3786"], [0.5555555555555556, "#d8576b"], [0.6666666666666666, "#ed7953"], [0.7777777777777778, "#fb9f3a"], [0.8888888888888888, "#fdca26"], [1.0, "#f0f921"]], "sequentialminus": [[0.0, "#0d0887"], [0.1111111111111111, "#46039f"], [0.2222222222222222, "#7201a8"], [0.3333333333333333, "#9c179e"], [0.4444444444444444, "#bd3786"], [0.5555555555555556, "#d8576b"], [0.6666666666666666, "#ed7953"], [0.7777777777777778, "#fb9f3a"], [0.8888888888888888, "#fdca26"], [1.0, "#f0f921"]], "diverging": [[0, "#8e0152"], [0.1, "#c51b7d"], [0.2, "#de77ae"], [0.3, "#f1b6da"], [0.4, "#fde0ef"], [0.5, "#f7f7f7"], [0.6, "#e6f5d0"], [0.7, "#b8e186"], [0.8, "#7fbc41"], [0.9, "#4d9221"], [1, "#276419"]]}, "xaxis": {"gridcolor": "rgba(0, 0, 0, 0)", "linecolor": "#506784", "ticks": "", "title": {"standoff": 15}, "zerolinecolor": "#283442", "automargin": true, "zerolinewidth": 2, "tickfont": {"family": "Courier New", "size": 14}, "side": "top", "tickangle": -90}, "yaxis": {"gridcolor": "rgba(0, 0, 0, 0)", "linecolor": "#506784", "ticks": "", "title": {"standoff": 15}, "zerolinecolor": "#283442", "automargin": true, "zerolinewidth": 2, "tickfont": {"family": "Courier New"}, "side": "right"}, "scene": {"xaxis": {"backgroundcolor": "rgb(17,17,17)", "gridcolor": "#506784", "linecolor": "#506784", "showbackground": true, "ticks": "", "zerolinecolor": "#C8D4E3", "gridwidth": 2}, "yaxis": {"backgroundcolor": "rgb(17,17,17)", "gridcolor": "#506784", "linecolor": "#506784", "showbackground": true, "ticks": "", "zerolinecolor": "#C8D4E3", "gridwidth": 2}, "zaxis": {"backgroundcolor": "rgb(17,17,17)", "gridcolor": "#506784", "linecolor": "#506784", "showbackground": true, "ticks": "", "zerolinecolor": "#C8D4E3", "gridwidth": 2}}, "shapedefaults": {"line": {"color": "#f2f5fa"}}, "annotationdefaults": {"arrowcolor": "#f2f5fa", "arrowhead": 0, "arrowwidth": 1}, "geo": {"bgcolor": "rgb(17,17,17)", "landcolor": "rgb(17,17,17)", "subunitcolor": "#506784", "showland": true, "showlakes": true, "lakecolor": "rgb(17,17,17)"}, "title": {"x": 0.05, "font": {"family": "Times New Roman"}, "y": 0.05, "text": "<b>Correlation of Adj Close <b><br><i>2016/09/23 ~ 2025/07/08<i>"}, "updatemenudefaults": {"bgcolor": "#506784", "borderwidth": 0}, "sliderdefaults": {"bgcolor": "#C8D4E3", "borderwidth": 1, "bordercolor": "rgb(17,17,17)", "tickwidth": 0}, "mapbox": {"style": "dark"}, "height": 600}};

Plotly.newPlot("correlationAdjClose",
    correlationAdjClose.data,
    correlationAdjClose.layout || {},
    config);