var element=document.getElementById("correlationAdjClose");if(element.style.display!='none'){var correlationAdjClose={"data":[{"type":"heatmap","z":[[1.0,0.9945108303424001,0.9768574532410927,0.9974145593000141,0.9620889163765309,0.9828526161355396,-0.9483709619400562,0.9899971889126172,0.9728311751671682,0.9975557486394416,0.9926919617652613,0.9953652669118472,0.9936726996345245,0.9944460739292567,0.9970688097511707,0.9848471875863063,0.9996908513899687,0.9899105607145863,0.9016027523829631,0.9213282731474236,0.7179988557065873,0.9853299567151833,0.9276627264781099,0.39644764349277284,-0.3018712828452028,0.8995894746993195,0.9496620349874897,0.9583024842582115,0.9800038446058807,0.9661946374079787,0.9771003257282365,0.9727352597494907,0.9445936329192963,0.9813639138382286,0.9728385476930566,0.9547574861271547],[0.9945108303424001,1.0,0.9723859769470423,0.9915015521435905,0.9573496269333501,0.978696301603731,-0.9438993348392491,0.9817678727831672,0.966490308728529,0.9928370022444238,0.9947233926022407,0.9954314942526152,0.9926584009623207,0.9921827159235732,0.9949943089621296,0.9794312026809069,0.9969648155175677,0.9842237195922019,0.9243135820862125,0.9110254794155603,0.7342364789574609,0.9681646413754825,0.9086545990962938,0.3973254741535148,-0.2299463114273542,0.8759435882404112,0.9407691376773277,0.9574555205472853,0.9594986814584978,0.953161575920068,0.9673737482193708,0.9581915949044765,0.943205587040738,0.9710105088600276,0.9634242177211542,0.9492725113699023],[0.9768574532410927,0.9723859769470423,1.0,0.9841569257802659,0.9954651350599577,0.9772068233124735,-0.9773813863733416,0.9675335345408685,0.9828930722308172,0.9837799640239263,0.9880784967658964,0.9831501467636803,0.996935121076719,0.9967164197594655,0.9901477345895874,0.9752944817612396,0.987143855313766,0.9672081669292626,0.872830436100107,0.8295932450444575,0.6003443188746389,0.9912831464935798,0.9227926793321235,0.22768318150429429,-0.22615688327376476,0.8956624370908826,0.9407945731080312,0.979274276843302,0.9284640062455702,0.9151790154527619,0.9672491561393919,0.9200322288440942,0.9011686611563167,0.966582923928922,0.97427507797548,0.9201483615374867],[0.9974145593000141,0.9915015521435905,0.9841569257802659,1.0,0.9755042500212395,0.9749801723436544,-0.9443457275838334,0.9833586388272473,0.9701325820885802,0.9999666999929412,0.9975943687398158,0.9983894157180057,0.9923716215442728,0.9905562094929363,0.999945461333638,0.9742741236063536,0.9958781110539172,0.98301118173593,0.8880181152562211,0.9060498581836447,0.6843063652794225,0.9937119053953168,0.9306495967739413,0.36769364021274425,-0.2922454221988144,0.8945529241252862,0.9528296280037915,0.9641559532002754,0.9698477811344938,0.9626080345370662,0.9797137437487055,0.962154872396778,0.9317246066921807,0.9790221895671268,0.9714452308244016,0.9449721463470133],[0.9620889163765309,0.9573496269333501,0.9954651350599577,0.9755042500212395,1.0,0.9544551081120899,-0.9584072161135345,0.9485933383860621,0.9678229536992219,0.9755121257932724,0.9848836152048508,0.9778691315836692,0.9849154590604621,0.9815546272444537,0.9842451295703805,0.9512316151813464,0.9726669741520441,0.9480323385027611,0.8479639885892253,0.8053739522906421,0.5584488429222257,0.9888964254824769,0.9186633248353249,0.19722193700329552,-0.21763241144854856,0.8702190612556102,0.9378284392488031,0.9733952951632215,0.904647373013357,0.8986156637483327,0.9597104267066237,0.8955182050233971,0.8706806106823847,0.9532804665560377,0.9601181332190984,0.8928026489100162],[0.9828526161355396,0.978696301603731,0.9772068233124735,0.9749801723436544,0.9544551081120899,1.0,-0.9817133676946013,0.9818611466664324,0.9813849211259801,0.9743407097096862,0.9589944623232156,0.9657002275272593,0.9767813547918567,0.974663658238926,0.9698622841495874,0.999899661639867,0.9868340122491445,0.9828387628301134,0.901817592849512,0.8681259204845265,0.6854184965028833,0.9679538051668187,0.8991727923497309,0.26711927941435554,-0.2185087433225032,0.9336860724657445,0.9276628198265013,0.9624034374558894,0.9595906136958465,0.9327670382431382,0.9548369687527817,0.9542751676918363,0.9545947978860626,0.9600993913947649,0.9780870277731236,0.9561369609807122],[-0.9483709619400562,-0.9438993348392491,-0.9773813863733416,-0.9443457275838334,-0.9584072161135345,-0.9817133676946013,1.0,-0.9543364938559029,-0.9846470033968553,-0.942850506758371,-0.9437510465488046,-0.9404489548984247,-0.9762284797263436,-0.9774706672216844,-0.9541217076440751,-0.9844187080544691,-0.9680533405512275,-0.9570051133250675,-0.8697611627927316,-0.7856490316314105,-0.5814641315902164,-0.9488779230982782,-0.8948116759925122,-0.12566091046047526,0.15546676593729572,-0.8994685105053438,-0.9041207867661823,-0.9610095971269461,-0.9040201552386974,-0.8688868171923699,-0.9323944846129717,-0.8965116775123454,-0.9088842289494314,-0.9317013162938027,-0.9669020807761103,-0.9110242433743],[0.9899971889126172,0.9817678727831672,0.9675335345408685,0.9833586388272473,0.9485933383860621,0.9818611466664324,-0.9543364938559029,1.0,0.9833234970540126,0.9833075164917999,0.9703556016165873,0.977525523571898,0.9754528429476328,0.9746469332259995,0.9792320791643145,0.983707423111031,0.9879332764560043,0.999876558693484,0.927416362858833,0.9272071132113081,0.652689045224428,0.9723329389413663,0.8993753070982141,0.24931308015492476,-0.3112441107658627,0.9053333897049515,0.916676070559604,0.9415104704960798,0.9788903184204756,0.9556549661540455,0.9684643002004599,0.964913784650242,0.937201499055321,0.9618135340982056,0.9598594938867565,0.9661378833810295],[0.9728311751671682,0.966490308728529,0.9828930722308172,0.9701325820885802,0.9678229536992219,0.9813849211259801,-0.9846470033968553,0.9833234970540126,1.0,0.9692994250293147,0.9581619738107344,0.9609039810695922,0.9742994496143038,0.9714610751894582,0.9661340326126373,0.9804366315753933,0.9729042599309736,0.9826464817288717,0.9036532584067288,0.8580136329480927,0.5749652549097672,0.9693001545455485,0.9132129670180961,0.10755513008820956,-0.23225811953264672,0.8849708152009327,0.9083347195298146,0.9632146633816673,0.9367277964510149,0.9027386697110833,0.9595594573278247,0.9211474224108123,0.9046654931800957,0.9497509195580962,0.9718873396598923,0.9249678803534288],[0.9975557486394416,0.9928370022444238,0.9837799640239263,0.9999666999929412,0.9755121257932724,0.9743407097096862,-0.942850506758371,0.9833075164917999,0.9692994250293147,1.0,0.9979473311917525,0.9987365235972446,0.9922377250254805,0.99039433239367,0.9999511315050058,0.9736462856511788,0.9957409468840727,0.9830593057128809,0.8899226520767469,0.9071346918123913,0.6831956396922126,0.993904805067839,0.9304783102839967,0.37293100026454007,-0.29162787324389744,0.8956217080159748,0.9513071418600526,0.9626725733273817,0.9695819300260186,0.9618359455932757,0.9786431812805704,0.9615503956904934,0.930261550449814,0.978186977174113,0.9701693144745499,0.9433097975808965],[0.9926919617652613,0.9947233926022407,0.9880784967658964,0.9975943687398158,0.9848836152048508,0.9589944623232156,-0.9437510465488046,0.9703556016165873,0.9581619738107344,0.9979473311917525,1.0,0.999299788094457,0.9892720908563791,0.9859738127724759,0.9977572327693617,0.9593029932392153,0.9908937107296871,0.9716904383394416,0.9175611149942732,0.9207512059774218,0.5855775387862036,0.9943727991547164,0.9188402121004338,-0.09135256793159205,0.4352998273600147,0.8985274815393444,0.9191740824514102,0.9652765209654899,0.9472873640858455,0.9334552256361094,0.9623448905019636,0.9266890746638389,0.8948632188363561,0.9644823296778066,0.9715896554924536,0.9285616032062746],[0.9953652669118472,0.9954314942526152,0.9831501467636803,0.9983894157180057,0.9778691315836692,0.9657002275272593,-0.9404489548984247,0.977525523571898,0.9609039810695922,0.9987365235972446,0.999299788094457,1.0,0.9898479834266118,0.9867542354738255,0.9984750264057671,0.966087846525783,0.9926605271354009,0.9783909008567864,0.9036015256974742,0.9202167339139667,0.6508537439008568,0.9929377602644802,0.9263754413609067,0.1332612742099957,-0.18344071856263572,0.9136564863539959,0.9347601633037538,0.9544548368475494,0.9591269005643303,0.951343289990935,0.9696251804773793,0.9476642358565905,0.9217943221038291,0.9710552074208076,0.9633119397144376,0.9462030912045453],[0.9936726996345245,0.9926584009623207,0.996935121076719,0.9923716215442728,0.9849154590604621,0.9767813547918567,-0.9762284797263436,0.9754528429476328,0.9742994496143038,0.9922377250254805,0.9892720908563791,0.9898479834266118,1.0,0.9997244944374252,0.9923833069220628,0.9769903721003191,0.9937850318547653,0.9765054178721699,0.9122933792616655,0.9193128849148854,0.5208564614737025,0.9875662820429989,0.9054649746522746,-0.37663311864974897,0.43016568733762867,0.8905372256400576,0.9164284214319623,0.9776403197526198,0.9461247492131823,0.9129279047301889,0.9523365725039631,0.9194247954724842,0.8852328002798038,0.9663329328164875,0.9805492834436168,0.9328148181737176],[0.9944460739292567,0.9921827159235732,0.9967164197594655,0.9905562094929363,0.9815546272444537,0.974663658238926,-0.9774706672216844,0.9746469332259995,0.9714610751894582,0.99039433239367,0.9859738127724759,0.9867542354738255,0.9997244944374252,1.0,0.9906681869303957,0.9748273885341511,0.9943991849119765,0.9759102759792889,0.8986078506279809,0.9277853383073963,0.3909225583262667,0.9829862372097535,0.8968588373377183,-0.7414465577474961,0.4042289208674696,0.8604507801581864,0.9113187937550162,0.976396620754397,0.9397733365880444,0.8989080025451751,0.944625239074452,0.9186579099250737,0.8642207285174727,0.9679909391268945,0.9789504190427987,0.925507071337415],[0.9970688097511707,0.9949943089621296,0.9901477345895874,0.999945461333638,0.9842451295703805,0.9698622841495874,-0.9541217076440751,0.9792320791643145,0.9661340326126373,0.9999511315050058,0.9977572327693617,0.9984750264057671,0.9923833069220628,0.9906681869303957,1.0,0.9698924226230885,0.9955777978503582,0.9799959953575804,0.9157304774855716,0.9339417862572578,0.5845817357449029,0.9970034566837801,0.9120320067898398,-0.09940915556873403,0.40787108588555343,0.9022920102983172,0.9216481781860346,0.968458480781595,0.9617026609835154,0.9461695048980052,0.9693771415227264,0.9428260225287476,0.9140936201205034,0.9679826168119201,0.9815945185937176,0.9402549432622381],[0.9848471875863063,0.9794312026809069,0.9752944817612396,0.9742741236063536,0.9512316151813464,0.999899661639867,-0.9844187080544691,0.983707423111031,0.9804366315753933,0.9736462856511788,0.9593029932392153,0.966087846525783,0.9769903721003191,0.9748273885341511,0.9698924226230885,1.0,0.9870321915635577,0.9830258871928015,0.9048433876681188,0.8918924214213896,0.6805627515668135,0.9659342324180015,0.8939740434532027,0.12736685711755197,-0.1972514536838074,0.9416694046092918,0.9201359251246155,0.9592548405727889,0.9630223685833298,0.9299480953372503,0.951292026113413,0.955363829599915,0.9539751582620701,0.9623166409647326,0.9774264826688416,0.9606904999624862],[0.9996908513899687,0.9969648155175677,0.987143855313766,0.9958781110539172,0.9726669741520441,0.9868340122491445,-0.9680533405512275,0.9879332764560043,0.9729042599309736,0.9957409468840727,0.9908937107296871,0.9926605271354009,0.9937850318547653,0.9943991849119765,0.9955777978503582,0.9870321915635577,1.0,0.9886480520811217,0.9295182306736242,0.9402859859991755,0.6341140693281772,0.9887214197715105,0.9059848963190933,-0.04305795065002596,0.43126787243104825,0.9264315956009824,0.9215057445635931,0.9674929001664999,0.9753043693131261,0.9511575956610844,0.9669222669402724,0.958416108390597,0.9400669992624724,0.9737941755960471,0.9860221901630712,0.9629024398074394],[0.9899105607145863,0.9842237195922019,0.9672081669292626,0.98301118173593,0.9480323385027611,0.9828387628301134,-0.9570051133250675,0.999876558693484,0.9826464817288717,0.9830593057128809,0.9716904383394416,0.9783909008567864,0.9765054178721699,0.9759102759792889,0.9799959953575804,0.9830258871928015,0.9886480520811217,1.0,0.93040455518886,0.933447189294881,0.6507263719291176,0.9711043474990694,0.9036061647049697,0.21390602819108573,-0.29276556928561615,0.9104993592728174,0.9125738096716682,0.9414874836093488,0.9793760859062749,0.955063155381565,0.9668770440088275,0.9635207435617648,0.9370286899291581,0.9610933274266443,0.9578418965327319,0.9673222351099962],[0.9016027523829631,0.9243135820862125,0.872830436100107,0.8880181152562211,0.8479639885892253,0.901817592849512,-0.8697611627927316,0.927416362858833,0.9036532584067288,0.8899226520767469,0.9175611149942732,0.9036015256974742,0.9122933792616655,0.8986078506279809,0.9157304774855716,0.9048433876681188,0.9295182306736242,0.93040455518886,1.0,0.8223411353838087,0.7102774074119028,0.8619737006143291,0.812383362066203,0.2845286152174465,-0.16143834410688668,0.8530489109610634,0.7966354140199401,0.8519144819578787,0.8888401546065805,0.8541338715108098,0.8555939641053291,0.8672010946475648,0.8531560969576293,0.8534780506379156,0.8760419084930826,0.893042197588302],[0.9213282731474236,0.9110254794155603,0.8295932450444575,0.9060498581836447,0.8053739522906421,0.8681259204845265,-0.7856490316314105,0.9272071132113081,0.8580136329480927,0.9071346918123913,0.9207512059774218,0.9202167339139667,0.9193128849148854,0.9277853383073963,0.9339417862572578,0.8918924214213896,0.9402859859991755,0.933447189294881,0.8223411353838087,1.0,0.8326415241331111,0.8578229252493569,0.8725141173293155,0.6545902570839939,-0.5281447016412334,0.707416112434636,0.8759062956116255,0.8077725285855816,0.9585758222771187,0.9364988814663583,0.900533646850743,0.9456040224574759,0.8975833527817356,0.9003707167043923,0.8495189096849184,0.8834160150653192],[0.7179988557065873,0.7342364789574609,0.6003443188746389,0.6843063652794225,0.5584488429222257,0.6854184965028833,-0.5814641315902164,0.652689045224428,0.5749652549097672,0.6831956396922126,0.5855775387862036,0.6508537439008568,0.5208564614737025,0.3909225583262667,0.5845817357449029,0.6805627515668135,0.6341140693281772,0.6507263719291176,0.7102774074119028,0.8326415241331111,1.0,0.6106948840098795,0.7202363408858851,0.7259246776827502,-0.11677042017801643,0.5373911619130785,0.6748332515958048,0.6199787889953872,0.7803958687895672,0.7119672458164603,0.6429210735952572,0.7492993623029469,0.7582758437878111,0.6806954506049548,0.6455936921310998,0.6931016887957401],[0.9853299567151833,0.9681646413754825,0.9912831464935798,0.9937119053953168,0.9888964254824769,0.9679538051668187,-0.9488779230982782,0.9723329389413663,0.9693001545455485,0.993904805067839,0.9943727991547164,0.9929377602644802,0.9875662820429989,0.9829862372097535,0.9970034566837801,0.9659342324180015,0.9887214197715105,0.9711043474990694,0.8619737006143291,0.8578229252493569,0.6106948840098795,1.0,0.9054666643247284,0.294051594462222,-0.2851130535133604,0.8793295812057409,0.9466773859702488,0.9716592260824912,0.9385366176173342,0.9454037741589562,0.9720755834555335,0.9400040121315149,0.9060445496924721,0.9690994545695285,0.9571995618593723,0.9256230081669929],[0.9276627264781099,0.9086545990962938,0.9227926793321235,0.9306495967739413,0.9186633248353249,0.8991727923497309,-0.8948116759925122,0.8993753070982141,0.9132129670180961,0.9304783102839967,0.9188402121004338,0.9263754413609067,0.9054649746522746,0.8968588373377183,0.9120320067898398,0.8939740434532027,0.9059848963190933,0.9036061647049697,0.812383362066203,0.8725141173293155,0.7202363408858851,0.9054666643247284,1.0,0.33590430688149275,-0.18994345547731692,0.7074580383001542,0.9152761502893633,0.8949140630651995,0.8998043503559486,0.8559100376190315,0.9299541981231395,0.8719357204927362,0.8418403947243658,0.9256315767288066,0.8749658848108766,0.8513300201091974],[0.39644764349277284,0.3973254741535148,0.22768318150429429,0.36769364021274425,0.19722193700329552,0.26711927941435554,-0.12566091046047526,0.24931308015492476,0.10755513008820956,0.37293100026454007,-0.09135256793159205,0.1332612742099957,-0.37663311864974897,-0.7414465577474961,-0.09940915556873403,0.12736685711755197,-0.04305795065002596,0.21390602819108573,0.2845286152174465,0.6545902570839939,0.7259246776827502,0.294051594462222,0.33590430688149275,1.0,-0.3856778791941012,0.2745967479913389,0.317384672173884,0.18802288568678674,0.48110499502374776,0.4745185854854703,0.3289505092122751,0.49720607695005836,0.4177728756103102,0.35444179439671514,0.275128582724983,0.3910386084490386],[-0.3018712828452028,-0.2299463114273542,-0.22615688327376476,-0.2922454221988144,-0.21763241144854856,-0.2185087433225032,0.15546676593729572,-0.3112441107658627,-0.23225811953264672,-0.29162787324389744,0.4352998273600147,-0.18344071856263572,0.43016568733762867,0.4042289208674696,0.40787108588555343,-0.1972514536838074,0.43126787243104825,-0.29276556928561615,-0.16143834410688668,-0.5281447016412334,-0.11677042017801643,-0.2851130535133604,-0.18994345547731692,-0.3856778791941012,1.0,-0.15267299491182187,-0.30095329274024224,-0.17999298285914034,-0.387935679319481,-0.37693721593330365,-0.32192398556772506,-0.34520546258874646,-0.20678001224639747,-0.34756709223582355,-0.18214814144530403,-0.3174294173178538],[0.8995894746993195,0.8759435882404112,0.8956624370908826,0.8945529241252862,0.8702190612556102,0.9336860724657445,-0.8994685105053438,0.9053333897049515,0.8849708152009327,0.8956217080159748,0.8985274815393444,0.9136564863539959,0.8905372256400576,0.8604507801581864,0.9022920102983172,0.9416694046092918,0.9264315956009824,0.9104993592728174,0.8530489109610634,0.707416112434636,0.5373911619130785,0.8793295812057409,0.7074580383001542,0.2745967479913389,-0.15267299491182187,1.0,0.8004572676970421,0.8835593190619262,0.8159388701022176,0.8611329728736458,0.8270199241070422,0.8691797768586977,0.8647143277836213,0.8581460722230655,0.8671973242602307,0.8970110703183201],[0.9496620349874897,0.9407691376773277,0.9407945731080312,0.9528296280037915,0.9378284392488031,0.9276628198265013,-0.9041207867661823,0.916676070559604,0.9083347195298146,0.9513071418600526,0.9191740824514102,0.9347601633037538,0.9164284214319623,0.9113187937550162,0.9216481781860346,0.9201359251246155,0.9215057445635931,0.9125738096716682,0.7966354140199401,0.8759062956116255,0.6748332515958048,0.9466773859702488,0.9152761502893633,0.317384672173884,-0.30095329274024224,0.8004572676970421,1.0,0.9189866503454802,0.9255346063374092,0.9101817906436764,0.9329816987972438,0.9107273352658386,0.8773205514365486,0.9397936751001187,0.9124240486672536,0.8875521116236577],[0.9583024842582115,0.9574555205472853,0.979274276843302,0.9641559532002754,0.9733952951632215,0.9624034374558894,-0.9610095971269461,0.9415104704960798,0.9632146633816673,0.9626725733273817,0.9652765209654899,0.9544548368475494,0.9776403197526198,0.976396620754397,0.968458480781595,0.9592548405727889,0.9674929001664999,0.9414874836093488,0.8519144819578787,0.8077725285855816,0.6199787889953872,0.9716592260824912,0.8949140630651995,0.18802288568678674,-0.17999298285914034,0.8835593190619262,0.9189866503454802,1.0,0.9078402203919336,0.8899191878447228,0.9427501190807019,0.8903774558450259,0.8857791867177995,0.948156424473748,0.9727936402638184,0.8879140080410735],[0.9800038446058807,0.9594986814584978,0.9284640062455702,0.9698477811344938,0.904647373013357,0.9595906136958465,-0.9040201552386974,0.9788903184204756,0.9367277964510149,0.9695819300260186,0.9472873640858455,0.9591269005643303,0.9461247492131823,0.9397733365880444,0.9617026609835154,0.9630223685833298,0.9753043693131261,0.9793760859062749,0.8888401546065805,0.9585758222771187,0.7803958687895672,0.9385366176173342,0.8998043503559486,0.48110499502374776,-0.387935679319481,0.8159388701022176,0.9255346063374092,0.9078402203919336,1.0,0.9860382244337428,0.9640069903253287,0.9902420976304565,0.9521336613053402,0.9600464872495037,0.9147479330747701,0.9676043159646588],[0.9661946374079787,0.953161575920068,0.9151790154527619,0.9626080345370662,0.8986156637483327,0.9327670382431382,-0.8688868171923699,0.9556549661540455,0.9027386697110833,0.9618359455932757,0.9334552256361094,0.951343289990935,0.9129279047301889,0.8989080025451751,0.9461695048980052,0.9299480953372503,0.9511575956610844,0.955063155381565,0.8541338715108098,0.9364988814663583,0.7119672458164603,0.9454037741589562,0.8559100376190315,0.4745185854854703,-0.37693721593330365,0.8611329728736458,0.9101817906436764,0.8899191878447228,0.9860382244337428,1.0,0.9518833572169074,0.9837167247102496,0.9551028926152059,0.9390495589973582,0.9226934769316893,0.9624918731456072],[0.9771003257282365,0.9673737482193708,0.9672491561393919,0.9797137437487055,0.9597104267066237,0.9548369687527817,-0.9323944846129717,0.9684643002004599,0.9595594573278247,0.9786431812805704,0.9623448905019636,0.9696251804773793,0.9523365725039631,0.944625239074452,0.9693771415227264,0.951292026113413,0.9669222669402724,0.9668770440088275,0.8555939641053291,0.900533646850743,0.6429210735952572,0.9720755834555335,0.9299541981231395,0.3289505092122751,-0.32192398556772506,0.8270199241070422,0.9329816987972438,0.9427501190807019,0.9640069903253287,0.9518833572169074,1.0,0.9531153517655817,0.9147761608721954,0.976826217184715,0.9597513723661105,0.9414247988792414],[0.9727352597494907,0.9581915949044765,0.9200322288440942,0.962154872396778,0.8955182050233971,0.9542751676918363,-0.8965116775123454,0.964913784650242,0.9211474224108123,0.9615503956904934,0.9266890746638389,0.9476642358565905,0.9194247954724842,0.9186579099250737,0.9428260225287476,0.955363829599915,0.958416108390597,0.9635207435617648,0.8672010946475648,0.9456040224574759,0.7492993623029469,0.9400040121315149,0.8719357204927362,0.49720607695005836,-0.34520546258874646,0.8691797768586977,0.9107273352658386,0.8903774558450259,0.9902420976304565,0.9837167247102496,0.9531153517655817,1.0,0.97363478805029,0.9456319960694987,0.9384603220881227,0.9633095549849834],[0.9445936329192963,0.943205587040738,0.9011686611563167,0.9317246066921807,0.8706806106823847,0.9545947978860626,-0.9088842289494314,0.937201499055321,0.9046654931800957,0.930261550449814,0.8948632188363561,0.9217943221038291,0.8852328002798038,0.8642207285174727,0.9140936201205034,0.9539751582620701,0.9400669992624724,0.9370286899291581,0.8531560969576293,0.8975833527817356,0.7582758437878111,0.9060445496924721,0.8418403947243658,0.4177728756103102,-0.20678001224639747,0.8647143277836213,0.8773205514365486,0.8857791867177995,0.9521336613053402,0.9551028926152059,0.9147761608721954,0.97363478805029,1.0,0.9072976345136153,0.9315356301388272,0.9541702337671017],[0.9813639138382286,0.9710105088600276,0.966582923928922,0.9790221895671268,0.9532804665560377,0.9600993913947649,-0.9317013162938027,0.9618135340982056,0.9497509195580962,0.978186977174113,0.9644823296778066,0.9710552074208076,0.9663329328164875,0.9679909391268945,0.9679826168119201,0.9623166409647326,0.9737941755960471,0.9610933274266443,0.8534780506379156,0.9003707167043923,0.6806954506049548,0.9690994545695285,0.9256315767288066,0.35444179439671514,-0.34756709223582355,0.8581460722230655,0.9397936751001187,0.948156424473748,0.9600464872495037,0.9390495589973582,0.976826217184715,0.9456319960694987,0.9072976345136153,1.0,0.9566193024706083,0.9417462983828904],[0.9728385476930566,0.9634242177211542,0.97427507797548,0.9714452308244016,0.9601181332190984,0.9780870277731236,-0.9669020807761103,0.9598594938867565,0.9718873396598923,0.9701693144745499,0.9715896554924536,0.9633119397144376,0.9805492834436168,0.9789504190427987,0.9815945185937176,0.9774264826688416,0.9860221901630712,0.9578418965327319,0.8760419084930826,0.8495189096849184,0.6455936921310998,0.9571995618593723,0.8749658848108766,0.275128582724983,-0.18214814144530403,0.8671973242602307,0.9124240486672536,0.9727936402638184,0.9147479330747701,0.9226934769316893,0.9597513723661105,0.9384603220881227,0.9315356301388272,0.9566193024706083,1.0,0.9192594198244634],[0.9547574861271547,0.9492725113699023,0.9201483615374867,0.9449721463470133,0.8928026489100162,0.9561369609807122,-0.9110242433743,0.9661378833810295,0.9249678803534288,0.9433097975808965,0.9285616032062746,0.9462030912045453,0.9328148181737176,0.925507071337415,0.9402549432622381,0.9606904999624862,0.9629024398074394,0.9673222351099962,0.893042197588302,0.8834160150653192,0.6931016887957401,0.9256230081669929,0.8513300201091974,0.3910386084490386,-0.3174294173178538,0.8970110703183201,0.8875521116236577,0.8879140080410735,0.9676043159646588,0.9624918731456072,0.9414247988792414,0.9633095549849834,0.9541702337671017,0.9417462983828904,0.9192594198244634,1.0]],"x":["^TAIEX       \u81fa\u7063\u52a0\u6b0a\u5831\u916c\u6307\u6578","^TWII        \u81fa\u7063\u52a0\u6b0a\u6307\u6578","^TAIEXx2     \u81fa\u7063\u52a0\u6b0a\u5831\u916c\u6307\u6578_\u65e5\u6b632","^TAI50I      \u81fa\u706350\u5831\u916c\u6307\u6578","^TAI50Ix2    \u81fa\u706350\u5831\u916c\u6307\u6578_\u65e5\u6b632","^TAI100I     \u81fa\u7063\u4e2d\u578b100\u5831\u916c\u6307\u6578","^TAI100Ix2   \u81fa\u7063\u4e2d\u578b100\u5831\u916c\u6307\u6578_\u65e5\u6b632","^TAIDIVIDI   \u81fa\u7063\u9ad8\u80a1\u606f\u5831\u916c\u6307\u6578","^TAIDIVIDIx2 \u81fa\u7063\u9ad8\u80a1\u606f\u5831\u916c\u6307\u6578_\u65e5\u6b632","0050Fund     \u5143\u5927\u53f0\u7063\u5353\u8d8a50\u57fa\u91d1","006208Fund   \u5bcc\u90a6\u53f0\u7063\u91c6\u540950\u57fa\u91d1","0050         \u5143\u5927\u81fa\u706350","00631L       \u5143\u5927\u53f0\u706350\u6b632","00675L       \u5bcc\u90a6\u81fa\u7063\u52a0\u6b0a\u6b632","006208       \u5bcc\u90a6\u53f050","0051         \u5143\u5927\u4e2d\u578b100","006204       \u6c38\u8c50\u81fa\u7063\u52a0\u6b0a","0056         \u5143\u5927\u9ad8\u80a1\u606f","0056         \u5143\u5927\u9ad8\u80a1\u606f_\u80a1\u606f\u4e0d\u6295\u5165","2412         \u4e2d\u83ef\u96fb\u4fe1","2002         \u4e2d\u92fc","2330         \u53f0\u7a4d\u96fb","2317         \u9d3b\u6d77","6505         \u53f0\u5851\u77f3\u5316","3481         \u7fa4\u5275","2303         \u806f\u96fb","2308         \u53f0\u9054\u96fb","2454         \u806f\u767c\u79d1","2886         \u5146\u8c50\u91d1","2884         \u7389\u5c71\u91d1","2891         \u4e2d\u4fe1\u91d1","2892         \u7b2c\u4e00\u91d1","5880         \u5408\u5eab\u91d1","2881         \u5bcc\u90a6\u91d1","2885         \u5143\u5927\u91d1","2887         \u53f0\u65b0\u91d1"],"y":["^TAIEX       \u81fa\u7063\u52a0\u6b0a\u5831\u916c\u6307\u6578","^TWII        \u81fa\u7063\u52a0\u6b0a\u6307\u6578","^TAIEXx2     \u81fa\u7063\u52a0\u6b0a\u5831\u916c\u6307\u6578_\u65e5\u6b632","^TAI50I      \u81fa\u706350\u5831\u916c\u6307\u6578","^TAI50Ix2    \u81fa\u706350\u5831\u916c\u6307\u6578_\u65e5\u6b632","^TAI100I     \u81fa\u7063\u4e2d\u578b100\u5831\u916c\u6307\u6578","^TAI100Ix2   \u81fa\u7063\u4e2d\u578b100\u5831\u916c\u6307\u6578_\u65e5\u6b632","^TAIDIVIDI   \u81fa\u7063\u9ad8\u80a1\u606f\u5831\u916c\u6307\u6578","^TAIDIVIDIx2 \u81fa\u7063\u9ad8\u80a1\u606f\u5831\u916c\u6307\u6578_\u65e5\u6b632","0050Fund     \u5143\u5927\u53f0\u7063\u5353\u8d8a50\u57fa\u91d1","006208Fund   \u5bcc\u90a6\u53f0\u7063\u91c6\u540950\u57fa\u91d1","0050         \u5143\u5927\u81fa\u706350","00631L       \u5143\u5927\u53f0\u706350\u6b632","00675L       \u5bcc\u90a6\u81fa\u7063\u52a0\u6b0a\u6b632","006208       \u5bcc\u90a6\u53f050","0051         \u5143\u5927\u4e2d\u578b100","006204       \u6c38\u8c50\u81fa\u7063\u52a0\u6b0a","0056         \u5143\u5927\u9ad8\u80a1\u606f","0056         \u5143\u5927\u9ad8\u80a1\u606f_\u80a1\u606f\u4e0d\u6295\u5165","2412         \u4e2d\u83ef\u96fb\u4fe1","2002         \u4e2d\u92fc","2330         \u53f0\u7a4d\u96fb","2317         \u9d3b\u6d77","6505         \u53f0\u5851\u77f3\u5316","3481         \u7fa4\u5275","2303         \u806f\u96fb","2308         \u53f0\u9054\u96fb","2454         \u806f\u767c\u79d1","2886         \u5146\u8c50\u91d1","2884         \u7389\u5c71\u91d1","2891         \u4e2d\u4fe1\u91d1","2892         \u7b2c\u4e00\u91d1","5880         \u5408\u5eab\u91d1","2881         \u5bcc\u90a6\u91d1","2885         \u5143\u5927\u91d1","2887         \u53f0\u65b0\u91d1"],"zmin":-1,"zmax":1,"colorbar":{"x":-0.2}}],"layout":{"autotypenumbers":"strict","colorway":["#636efa","#EF553B","#00cc96","#ab63fa","#FFA15A","#19d3f3","#FF6692","#B6E880","#FF97FF","#FECB52"],"font":{"color":"#f2f5fa","family":"Courier New"},"hovermode":"closest","hoverlabel":{"align":"left"},"paper_bgcolor":"rgb(17,17,17)","plot_bgcolor":"rgb(17,17,17)","polar":{"bgcolor":"rgb(17,17,17)","angularaxis":{"gridcolor":"#506784","linecolor":"#506784","ticks":""},"radialaxis":{"gridcolor":"#506784","linecolor":"#506784","ticks":""}},"ternary":{"bgcolor":"rgb(17,17,17)","aaxis":{"gridcolor":"#506784","linecolor":"#506784","ticks":""},"baxis":{"gridcolor":"#506784","linecolor":"#506784","ticks":""},"caxis":{"gridcolor":"#506784","linecolor":"#506784","ticks":""}},"coloraxis":{"colorbar":{"outlinewidth":0,"ticks":""}},"colorscale":{"sequential":[[0.0,"#0d0887"],[0.1111111111111111,"#46039f"],[0.2222222222222222,"#7201a8"],[0.3333333333333333,"#9c179e"],[0.4444444444444444,"#bd3786"],[0.5555555555555556,"#d8576b"],[0.6666666666666666,"#ed7953"],[0.7777777777777778,"#fb9f3a"],[0.8888888888888888,"#fdca26"],[1.0,"#f0f921"]],"sequentialminus":[[0.0,"#0d0887"],[0.1111111111111111,"#46039f"],[0.2222222222222222,"#7201a8"],[0.3333333333333333,"#9c179e"],[0.4444444444444444,"#bd3786"],[0.5555555555555556,"#d8576b"],[0.6666666666666666,"#ed7953"],[0.7777777777777778,"#fb9f3a"],[0.8888888888888888,"#fdca26"],[1.0,"#f0f921"]],"diverging":[[0,"#8e0152"],[0.1,"#c51b7d"],[0.2,"#de77ae"],[0.3,"#f1b6da"],[0.4,"#fde0ef"],[0.5,"#f7f7f7"],[0.6,"#e6f5d0"],[0.7,"#b8e186"],[0.8,"#7fbc41"],[0.9,"#4d9221"],[1,"#276419"]]},"xaxis":{"gridcolor":"rgba(0, 0, 0, 0)","linecolor":"#506784","ticks":"","title":{"standoff":15},"zerolinecolor":"#283442","automargin":true,"zerolinewidth":2,"tickfont":{"family":"Courier New","size":14},"side":"top","tickangle":-90},"yaxis":{"gridcolor":"rgba(0, 0, 0, 0)","linecolor":"#506784","ticks":"","title":{"standoff":15},"zerolinecolor":"#283442","automargin":true,"zerolinewidth":2,"tickfont":{"family":"Courier New"},"side":"right"},"scene":{"xaxis":{"backgroundcolor":"rgb(17,17,17)","gridcolor":"#506784","linecolor":"#506784","showbackground":true,"ticks":"","zerolinecolor":"#C8D4E3","gridwidth":2},"yaxis":{"backgroundcolor":"rgb(17,17,17)","gridcolor":"#506784","linecolor":"#506784","showbackground":true,"ticks":"","zerolinecolor":"#C8D4E3","gridwidth":2},"zaxis":{"backgroundcolor":"rgb(17,17,17)","gridcolor":"#506784","linecolor":"#506784","showbackground":true,"ticks":"","zerolinecolor":"#C8D4E3","gridwidth":2}},"shapedefaults":{"line":{"color":"#f2f5fa"}},"annotationdefaults":{"arrowcolor":"#f2f5fa","arrowhead":0,"arrowwidth":1},"geo":{"bgcolor":"rgb(17,17,17)","landcolor":"rgb(17,17,17)","subunitcolor":"#506784","showland":true,"showlakes":true,"lakecolor":"rgb(17,17,17)"},"title":{"x":0.05,"font":{"family":"Times New Roman"},"y":0.05,"text":"<b>Correlation of Adj Close<b><br><i>2016-09-23 ~ 2025-10-09<i>"},"updatemenudefaults":{"bgcolor":"#506784","borderwidth":0},"sliderdefaults":{"bgcolor":"#C8D4E3","borderwidth":1,"bordercolor":"rgb(17,17,17)","tickwidth":0},"mapbox":{"style":"dark"},"annotations":[{"text":"<b>@zwindr<b>","textangle":0,"opacity":0.5,"font":{"color":"white","size":12},"xref":"paper","yref":"paper","xanchor":"left","yanchor":"bottom","x":1.0,"y":1.0,"showarrow":false}]},"config":{"responsive":true,"toImageButtonOptions":{"filename":"Correlation of Adj Close_2016-09-23~2025-10-09","scale":5}}};Plotly.newPlot("correlationAdjClose",correlationAdjClose.data,correlationAdjClose.layout||{},correlationAdjClose.config);}else{console.log("style display is none => correlationAdjClose");}