var config = { responsive: true }

var correlationClose = {"data": [{"type": "heatmap", "z": [[1.0, 0.9999999999999981, 1.0, 0.9957193667600329, 0.9957193667600329, 0.9584573733362205, 0.9584573733362205, 0.8890031130761401, 0.8890031130761401, 0.9959538866303129, 0.9920944119086031, 0.9917652933989339, 0.9952535457992866, 0.9701315480508855, 0.9987968868574769, 0.9283626321287494, 0.8081967955722833, 0.27289270428035417, 0.9774830218744281, 0.801439319842322, 0.10362540546425832, -0.27853146718987337, 0.7616855475486058, 0.946544282706081, 0.917880069929289], [0.9999999999999981, 1.0, 0.9999999999999982, 0.9956516594705771, 0.9956516594705771, 0.9577750018325663, 0.9577750018325663, 0.8905122540739547, 0.8905122540739547, 0.9959121477042111, 0.9918029187936077, 0.9911034736165464, 0.9952040610844494, 0.9692818315341949, 0.9988011916408212, 0.9290686653194877, 0.8161852534288226, 0.40711836035587723, 0.9700860694187825, 0.7731410658517229, 0.1116901813173827, -0.27813080145991037, 0.6565989840616246, 0.947259768579388, 0.9239033026783805], [1.0, 0.9999999999999982, 1.0, 0.9957193667600329, 0.9957193667600329, 0.9584573733362205, 0.9584573733362205, 0.8890031130761401, 0.8890031130761401, 0.9959538866303129, 0.9920944119086031, 0.9917652933989339, 0.9952535457992866, 0.9701315480508855, 0.9987968868574769, 0.9283626321287494, 0.8081967955722833, 0.27289270428035417, 0.9774830218744281, 0.801439319842322, 0.10362540546425832, -0.27853146718987337, 0.7616855475486058, 0.946544282706081, 0.917880069929289], [0.9957193667600329, 0.9956516594705771, 0.9957193667600329, 1.0, 1.0, 0.9450685447889914, 0.9450685447889914, 0.8743957846939777, 0.8743957846939777, 0.9996121266664901, 0.9882070963232329, 0.9841862624413973, 0.9993395389377729, 0.9523432396617443, 0.9946332017948358, 0.9116498253553299, 0.7849797818745378, 0.24722626552396912, 0.9886674764263496, 0.7939561228038101, 0.07490750280635321, -0.2832294009243153, 0.7714929727868468, 0.9348128879876048, 0.9181783790025441], [0.9957193667600329, 0.9956516594705771, 0.9957193667600329, 1.0, 1.0, 0.9450685447889914, 0.9450685447889914, 0.8743957846939777, 0.8743957846939777, 0.9996121266664901, 0.9882070963232329, 0.9841862624413973, 0.9993395389377729, 0.9523432396617443, 0.9946332017948358, 0.9116498253553299, 0.7849797818745378, 0.24722626552396912, 0.9886674764263496, 0.7939561228038101, 0.07490750280635321, -0.2832294009243153, 0.7714929727868468, 0.9348128879876048, 0.9181783790025441], [0.9584573733362205, 0.9577750018325663, 0.9584573733362205, 0.9450685447889914, 0.9450685447889914, 1.0, 1.0, 0.9182619413185679, 0.9182619413185679, 0.9487879336742875, 0.9758259252198578, 0.9747435502926991, 0.9497655418526982, 0.9989509039566041, 0.9706421134997141, 0.9189881915436966, 0.6783848546583465, 0.20749207984708531, 0.9289454666998904, 0.7270085832205034, -0.12814141231644915, -0.12908117658641452, 0.8713313495289844, 0.9002680272461014, 0.9197728339799478], [0.9584573733362205, 0.9577750018325663, 0.9584573733362205, 0.9450685447889914, 0.9450685447889914, 1.0, 1.0, 0.9182619413185679, 0.9182619413185679, 0.9487879336742875, 0.9758259252198578, 0.9747435502926991, 0.9497655418526982, 0.9989509039566041, 0.9706421134997141, 0.9189881915436966, 0.6783848546583465, 0.20749207984708531, 0.9289454666998904, 0.7270085832205034, -0.12814141231644915, -0.12908117658641452, 0.8713313495289844, 0.9002680272461014, 0.9197728339799478], [0.8890031130761401, 0.8905122540739547, 0.8890031130761401, 0.8743957846939777, 0.8743957846939777, 0.9182619413185679, 0.9182619413185679, 1.0, 1.0, 0.8964576962117723, 0.9439246719800104, 0.9387600752739422, 0.934055070828727, 0.9192046295730323, 0.9354523239668767, 0.9750083283279951, 0.6204378803218874, 0.25475942334235985, 0.8277813037918518, 0.7416770309146231, -0.16231777284754684, 0.018461126554631505, 0.7814882157654017, 0.7863435605477161, 0.8506778940326019], [0.8890031130761401, 0.8905122540739547, 0.8890031130761401, 0.8743957846939777, 0.8743957846939777, 0.9182619413185679, 0.9182619413185679, 1.0, 1.0, 0.8964576962117723, 0.9439246719800104, 0.9387600752739422, 0.934055070828727, 0.9192046295730323, 0.9354523239668767, 0.9750083283279951, 0.6204378803218874, 0.25475942334235985, 0.8277813037918518, 0.7416770309146231, -0.16231777284754684, 0.018461126554631505, 0.7814882157654017, 0.7863435605477161, 0.8506778940326019], [0.9959538866303129, 0.9959121477042111, 0.9959538866303129, 0.9996121266664901, 0.9996121266664901, 0.9487879336742875, 0.9487879336742875, 0.8964576962117723, 0.8964576962117723, 1.0, 0.9869705484167883, 0.9831375668985878, 0.9993818988990113, 0.9507872162436292, 0.9944719306698355, 0.9114108828351005, 0.8264140643158647, 0.07947523895624628, 0.9915950788161244, 0.7911339531617416, -0.18687850472627301, -0.3154013212522691, 0.8862158494263351, 0.9290531935886396, 0.9044638598008942], [0.9920944119086031, 0.9918029187936077, 0.9920944119086031, 0.9882070963232329, 0.9882070963232329, 0.9758259252198578, 0.9758259252198578, 0.9439246719800104, 0.9439246719800104, 0.9869705484167883, 1.0, 0.9996557809745897, 0.9880063916474632, 0.9743146687325124, 0.9888451801970569, 0.9251306041626084, 0.7914307038771721, 0.26872034832273717, 0.9866403564539716, 0.7138972197088734, -0.5669839608277182, 0.2359169804302986, 0.854586405691952, 0.9297976502033776, 0.9541989582926446], [0.9917652933989339, 0.9911034736165464, 0.9917652933989339, 0.9841862624413973, 0.9841862624413973, 0.9747435502926991, 0.9747435502926991, 0.9387600752739422, 0.9387600752739422, 0.9831375668985878, 0.9996557809745897, 1.0, 0.9849771556620078, 0.9721076835393038, 0.9870510029239147, 0.9136309071410834, 0.8134097123404137, 0.15336980942391576, 0.981301538175696, 0.7186135713736537, -0.8045182593652755, 0.2795836207856303, 0.814088369237001, 0.9364532707166434, 0.951961099364402], [0.9952535457992866, 0.9952040610844494, 0.9952535457992866, 0.9993395389377729, 0.9993395389377729, 0.9497655418526982, 0.9497655418526982, 0.934055070828727, 0.934055070828727, 0.9993818988990113, 0.9880063916474632, 0.9849771556620078, 1.0, 0.9511592104192151, 0.9937356578877362, 0.9329904429571646, 0.8283179578716446, 0.26674947433242235, 0.9951017612638092, 0.7557308025241186, -0.3485094574911264, 0.18032804943100075, 0.8771335312286722, 0.9072891388844377, 0.9342205998107949], [0.9701315480508855, 0.9692818315341949, 0.9701315480508855, 0.9523432396617443, 0.9523432396617443, 0.9989509039566041, 0.9989509039566041, 0.9192046295730323, 0.9192046295730323, 0.9507872162436292, 0.9743146687325124, 0.9721076835393038, 0.9511592104192151, 1.0, 0.9728150003948852, 0.9181216846060144, 0.7517281429083926, 0.17536886706782934, 0.9422820683538431, 0.7236202706718098, -0.27796869243608824, -0.20281658249465187, 0.9092245359046782, 0.9200032123277309, 0.9162985389633459], [0.9987968868574769, 0.9988011916408212, 0.9987968868574769, 0.9946332017948358, 0.9946332017948358, 0.9706421134997141, 0.9706421134997141, 0.9354523239668767, 0.9354523239668767, 0.9944719306698355, 0.9888451801970569, 0.9870510029239147, 0.9937356578877362, 0.9728150003948852, 1.0, 0.9454082619111093, 0.8352676540482242, 0.27522044457951844, 0.9867941536265052, 0.7417457122198977, -0.33901961541408043, 0.1913660971620853, 0.9066884987736293, 0.9271031207471048, 0.9395084099553289], [0.9283626321287494, 0.9290686653194877, 0.9283626321287494, 0.9116498253553299, 0.9116498253553299, 0.9189881915436966, 0.9189881915436966, 0.9750083283279951, 0.9750083283279951, 0.9114108828351005, 0.9251306041626084, 0.9136309071410834, 0.9329904429571646, 0.9181216846060144, 0.9454082619111093, 1.0, 0.7655707430218501, 0.21123352477789756, 0.8747840918930022, 0.7172620007875717, -0.06543508897269754, -0.23704188479316618, 0.8181184045494332, 0.8390444330078765, 0.8286816407264347], [0.8081967955722833, 0.8161852534288226, 0.8081967955722833, 0.7849797818745378, 0.7849797818745378, 0.6783848546583465, 0.6783848546583465, 0.6204378803218874, 0.6204378803218874, 0.8264140643158647, 0.7914307038771721, 0.8134097123404137, 0.8283179578716446, 0.7517281429083926, 0.8352676540482242, 0.7655707430218501, 1.0, 0.5282974440954733, 0.7389279030274785, 0.7757684696689692, 0.49588336840011, -0.5810677555128445, 0.2622830630235731, 0.8280947375410647, 0.6502541013103548], [0.27289270428035417, 0.40711836035587723, 0.27289270428035417, 0.24722626552396912, 0.24722626552396912, 0.20749207984708531, 0.20749207984708531, 0.25475942334235985, 0.25475942334235985, 0.07947523895624628, 0.26872034832273717, 0.15336980942391576, 0.26674947433242235, 0.17536886706782934, 0.27522044457951844, 0.21123352477789756, 0.5282974440954733, 1.0, 0.25610147382721316, 0.5672699837299154, 0.3836791054785334, 0.5541802943233177, 0.025528206538942763, 0.42147994332295974, 0.39045828190232595], [0.9774830218744281, 0.9700860694187825, 0.9774830218744281, 0.9886674764263496, 0.9886674764263496, 0.9289454666998904, 0.9289454666998904, 0.8277813037918518, 0.8277813037918518, 0.9915950788161244, 0.9866403564539716, 0.981301538175696, 0.9951017612638092, 0.9422820683538431, 0.9867941536265052, 0.8747840918930022, 0.7389279030274785, 0.25610147382721316, 1.0, 0.73588596634872, 0.01769073506790352, -0.3480166026631415, 0.6704482303281921, 0.9176757072903825, 0.9083292401617105], [0.801439319842322, 0.7731410658517229, 0.801439319842322, 0.7939561228038101, 0.7939561228038101, 0.7270085832205034, 0.7270085832205034, 0.7416770309146231, 0.7416770309146231, 0.7911339531617416, 0.7138972197088734, 0.7186135713736537, 0.7557308025241186, 0.7236202706718098, 0.7417457122198977, 0.7172620007875717, 0.7757684696689692, 0.5672699837299154, 0.73588596634872, 1.0, 0.21189277889700614, -0.04653651536646738, 0.22903459222356748, 0.8271927178677215, 0.7379849345382489], [0.10362540546425832, 0.1116901813173827, 0.10362540546425832, 0.07490750280635321, 0.07490750280635321, -0.12814141231644915, -0.12814141231644915, -0.16231777284754684, -0.16231777284754684, -0.18687850472627301, -0.5669839608277182, -0.8045182593652755, -0.3485094574911264, -0.27796869243608824, -0.33901961541408043, -0.06543508897269754, 0.49588336840011, 0.3836791054785334, 0.01769073506790352, 0.21189277889700614, 1.0, -0.08819308522139377, -0.16211198342572047, 0.09894382316346403, -0.09496138566303698], [-0.27853146718987337, -0.27813080145991037, -0.27853146718987337, -0.2832294009243153, -0.2832294009243153, -0.12908117658641452, -0.12908117658641452, 0.018461126554631505, 0.018461126554631505, -0.3154013212522691, 0.2359169804302986, 0.2795836207856303, 0.18032804943100075, -0.20281658249465187, 0.1913660971620853, -0.23704188479316618, -0.5810677555128445, 0.5541802943233177, -0.3480166026631415, -0.04653651536646738, -0.08819308522139377, 1.0, -0.06183479644139353, -0.34658070147111636, -0.07757413152332933], [0.7616855475486058, 0.6565989840616246, 0.7616855475486058, 0.7714929727868468, 0.7714929727868468, 0.8713313495289844, 0.8713313495289844, 0.7814882157654017, 0.7814882157654017, 0.8862158494263351, 0.854586405691952, 0.814088369237001, 0.8771335312286722, 0.9092245359046782, 0.9066884987736293, 0.8181184045494332, 0.2622830630235731, 0.025528206538942763, 0.6704482303281921, 0.22903459222356748, -0.16211198342572047, -0.06183479644139353, 1.0, 0.5324249314059942, 0.7310462331075168], [0.946544282706081, 0.947259768579388, 0.946544282706081, 0.9348128879876048, 0.9348128879876048, 0.9002680272461014, 0.9002680272461014, 0.7863435605477161, 0.7863435605477161, 0.9290531935886396, 0.9297976502033776, 0.9364532707166434, 0.9072891388844377, 0.9200032123277309, 0.9271031207471048, 0.8390444330078765, 0.8280947375410647, 0.42147994332295974, 0.9176757072903825, 0.8271927178677215, 0.09894382316346403, -0.34658070147111636, 0.5324249314059942, 1.0, 0.88040996400455], [0.917880069929289, 0.9239033026783805, 0.917880069929289, 0.9181783790025441, 0.9181783790025441, 0.9197728339799478, 0.9197728339799478, 0.8506778940326019, 0.8506778940326019, 0.9044638598008942, 0.9541989582926446, 0.951961099364402, 0.9342205998107949, 0.9162985389633459, 0.9395084099553289, 0.8286816407264347, 0.6502541013103548, 0.39045828190232595, 0.9083292401617105, 0.7379849345382489, -0.09496138566303698, -0.07757413152332933, 0.7310462331075168, 0.88040996400455, 1.0]], "x": ["^TAIEX       \u81fa\u7063\u52a0\u6b0a\u5831\u916c\u6307\u6578", "^TWII        \u81fa\u7063\u52a0\u6b0a\u6307\u6578", "^TAIEXx2     \u81fa\u7063\u52a0\u6b0a\u5831\u916c\u6307\u6578_\u65e5\u6b632", "^TAI50I      \u81fa\u706350\u5831\u916c\u6307\u6578", "^TAI50Ix2    \u81fa\u706350\u5831\u916c\u6307\u6578_\u65e5\u6b632", "^TAI100I     \u81fa\u7063\u4e2d\u578b100\u5831\u916c\u6307\u6578", "^TAI100Ix2   \u81fa\u7063\u4e2d\u578b100\u5831\u916c\u6307\u6578_\u65e5\u6b632", "^TAIDIVIDI   \u81fa\u7063\u9ad8\u80a1\u606f\u5831\u916c\u6307\u6578", "^TAIDIVIDIx2 \u81fa\u7063\u9ad8\u80a1\u606f\u5831\u916c\u6307\u6578_\u65e5\u6b632", "0050         \u5143\u5927\u81fa\u706350", "00631L       \u5143\u5927\u53f0\u706350\u6b632", "00675L       \u5bcc\u90a6\u81fa\u7063\u52a0\u6b0a\u6b632", "006208       \u5bcc\u90a6\u53f050", "0051         \u5143\u5927\u4e2d\u578b100", "006204       \u6c38\u8c50\u81fa\u7063\u52a0\u6b0a", "0056         \u5143\u5927\u9ad8\u80a1\u606f", "2412         \u4e2d\u83ef\u96fb\u4fe1", "2002         \u4e2d\u92fc", "2330         \u53f0\u7a4d\u96fb", "2317         \u9d3b\u6d77", "6505         \u53f0\u5851\u77f3\u5316", "3481         \u7fa4\u5275", "2303         \u806f\u96fb", "2308         \u53f0\u9054\u96fb", "2454         \u806f\u767c\u79d1"], "y": ["^TAIEX       \u81fa\u7063\u52a0\u6b0a\u5831\u916c\u6307\u6578", "^TWII        \u81fa\u7063\u52a0\u6b0a\u6307\u6578", "^TAIEXx2     \u81fa\u7063\u52a0\u6b0a\u5831\u916c\u6307\u6578_\u65e5\u6b632", "^TAI50I      \u81fa\u706350\u5831\u916c\u6307\u6578", "^TAI50Ix2    \u81fa\u706350\u5831\u916c\u6307\u6578_\u65e5\u6b632", "^TAI100I     \u81fa\u7063\u4e2d\u578b100\u5831\u916c\u6307\u6578", "^TAI100Ix2   \u81fa\u7063\u4e2d\u578b100\u5831\u916c\u6307\u6578_\u65e5\u6b632", "^TAIDIVIDI   \u81fa\u7063\u9ad8\u80a1\u606f\u5831\u916c\u6307\u6578", "^TAIDIVIDIx2 \u81fa\u7063\u9ad8\u80a1\u606f\u5831\u916c\u6307\u6578_\u65e5\u6b632", "0050         \u5143\u5927\u81fa\u706350", "00631L       \u5143\u5927\u53f0\u706350\u6b632", "00675L       \u5bcc\u90a6\u81fa\u7063\u52a0\u6b0a\u6b632", "006208       \u5bcc\u90a6\u53f050", "0051         \u5143\u5927\u4e2d\u578b100", "006204       \u6c38\u8c50\u81fa\u7063\u52a0\u6b0a", "0056         \u5143\u5927\u9ad8\u80a1\u606f", "2412         \u4e2d\u83ef\u96fb\u4fe1", "2002         \u4e2d\u92fc", "2330         \u53f0\u7a4d\u96fb", "2317         \u9d3b\u6d77", "6505         \u53f0\u5851\u77f3\u5316", "3481         \u7fa4\u5275", "2303         \u806f\u96fb", "2308         \u53f0\u9054\u96fb", "2454         \u806f\u767c\u79d1"], "zmin": -1, "zmax": 1, "colorbar": {"x": -0.2}}], "layout": {"autotypenumbers": "strict", "colorway": ["#636efa", "#EF553B", "#00cc96", "#ab63fa", "#FFA15A", "#19d3f3", "#FF6692", "#B6E880", "#FF97FF", "#FECB52"], "font": {"color": "#ffffff", "family": "Courier New"}, "hovermode": "closest", "hoverlabel": {"align": "left"}, "paper_bgcolor": "#000", "plot_bgcolor": "#000", "polar": {"bgcolor": "rgb(17,17,17)", "angularaxis": {"gridcolor": "#506784", "linecolor": "#506784", "ticks": ""}, "radialaxis": {"gridcolor": "#506784", "linecolor": "#506784", "ticks": ""}}, "ternary": {"bgcolor": "rgb(17,17,17)", "aaxis": {"gridcolor": "#506784", "linecolor": "#506784", "ticks": ""}, "baxis": {"gridcolor": "#506784", "linecolor": "#506784", "ticks": ""}, "caxis": {"gridcolor": "#506784", "linecolor": "#506784", "ticks": ""}}, "coloraxis": {"colorbar": {"outlinewidth": 0, "ticks": ""}}, "colorscale": {"sequential": [[0.0, "#0d0887"], [0.1111111111111111, "#46039f"], [0.2222222222222222, "#7201a8"], [0.3333333333333333, "#9c179e"], [0.4444444444444444, "#bd3786"], [0.5555555555555556, "#d8576b"], [0.6666666666666666, "#ed7953"], [0.7777777777777778, "#fb9f3a"], [0.8888888888888888, "#fdca26"], [1.0, "#f0f921"]], "sequentialminus": [[0.0, "#0d0887"], [0.1111111111111111, "#46039f"], [0.2222222222222222, "#7201a8"], [0.3333333333333333, "#9c179e"], [0.4444444444444444, "#bd3786"], [0.5555555555555556, "#d8576b"], [0.6666666666666666, "#ed7953"], [0.7777777777777778, "#fb9f3a"], [0.8888888888888888, "#fdca26"], [1.0, "#f0f921"]], "diverging": [[0, "#8e0152"], [0.1, "#c51b7d"], [0.2, "#de77ae"], [0.3, "#f1b6da"], [0.4, "#fde0ef"], [0.5, "#f7f7f7"], [0.6, "#e6f5d0"], [0.7, "#b8e186"], [0.8, "#7fbc41"], [0.9, "#4d9221"], [1, "#276419"]]}, "xaxis": {"gridcolor": "rgba(0, 0, 0, 0)", "linecolor": "#ccc", "ticks": "", "title": {"standoff": 15}, "zerolinecolor": "#ccc", "automargin": true, "zerolinewidth": 2, "tickfont": {"family": "Courier New", "size": 14}, "side": "top", "tickangle": -90}, "yaxis": {"gridcolor": "rgba(0, 0, 0, 0)", "linecolor": "#ccc", "ticks": "", "title": {"standoff": 15}, "zerolinecolor": "#ccc", "automargin": true, "zerolinewidth": 2, "tickfont": {"family": "Courier New"}, "side": "right"}, "scene": {"xaxis": {"backgroundcolor": "rgb(17,17,17)", "gridcolor": "#506784", "linecolor": "#506784", "showbackground": true, "ticks": "", "zerolinecolor": "#C8D4E3", "gridwidth": 2}, "yaxis": {"backgroundcolor": "rgb(17,17,17)", "gridcolor": "#506784", "linecolor": "#506784", "showbackground": true, "ticks": "", "zerolinecolor": "#C8D4E3", "gridwidth": 2}, "zaxis": {"backgroundcolor": "rgb(17,17,17)", "gridcolor": "#506784", "linecolor": "#506784", "showbackground": true, "ticks": "", "zerolinecolor": "#C8D4E3", "gridwidth": 2}}, "shapedefaults": {"line": {"color": "#f2f5fa"}}, "annotationdefaults": {"arrowcolor": "#f2f5fa", "arrowhead": 0, "arrowwidth": 1}, "geo": {"bgcolor": "rgb(17,17,17)", "landcolor": "rgb(17,17,17)", "subunitcolor": "#506784", "showland": true, "showlakes": true, "lakecolor": "rgb(17,17,17)"}, "title": {"x": 0.05, "font": {"family": "Times New Roman"}, "y": 0.05, "text": "<b>Correlation of Close<b><br><i>2016/09/23 ~ 2025/05/13<i>"}, "updatemenudefaults": {"bgcolor": "#506784", "borderwidth": 0}, "sliderdefaults": {"bgcolor": "#C8D4E3", "borderwidth": 1, "bordercolor": "rgb(17,17,17)", "tickwidth": 0}, "mapbox": {"style": "dark"}, "height": 600, "legend": {"font": {"color": "#ffffff"}}}};

Plotly.newPlot("correlationClose",
    correlationClose.data,
    correlationClose.layout || {},
    config);