var element=document.getElementById("correlationAdjClose");if(element.style.display!='none'){var correlationAdjClose={"data":[{"type":"heatmap","z":[[1.0,0.9965237171536692,0.9491600987750822,0.9964712697731486,0.9165353221256768,0.989000730119969,0.9625856737204621,0.9811386358635001,0.9805917467831263,0.996585427136313,0.9966301126259878,0.9967826294892852,0.8775966022826691,0.98082887602239,0.9967221373191258,0.9895548224270749,0.9997867443902131,0.9809926616926679,0.9011934273899391,0.8849590233375857,0.582759028186273,0.9866547332676959,0.9466768322751765,0.2651579931710623,-0.1798199079481421,0.9186298962181034,0.892526752461692,0.9422246446180599,0.9357564177648615,0.9367717091324398,0.9843142824107508,0.9358816911843953,0.8903418118521124,0.9724981391046593,0.9837002685921232,0.9618325256794017],[0.9965237171536692,1.0,0.9545195866963601,0.9942850101177046,0.9228183314481043,0.9854466338615955,0.9643973351228534,0.9718348793579547,0.9775118267106054,0.9952487211128404,0.9967470023269763,0.9963165490058961,0.8862019263199533,0.9845841508564428,0.996796465420412,0.9852690356061525,0.9979859582744911,0.9737106185691957,0.9114861500487386,0.8717082038554964,0.6069561641816124,0.9781214583586775,0.9295574905178159,0.2585054740688819,-0.12169905747421005,0.9067415738236466,0.8966536646861526,0.9468240092823256,0.9165900445188047,0.9224750454847062,0.9774068282928969,0.9187529782159765,0.886395860984396,0.9625355659362912,0.9784464574046591,0.9555155690806856],[0.9491600987750822,0.9545195866963601,1.0,0.967687142793854,0.9947700010693284,0.9396166446194913,0.9820432041217486,0.8962272822666386,0.9555845975030283,0.9679116736066407,0.9755080434073203,0.9722262521150862,0.9099175816602364,0.9975574224477423,0.9753828002425136,0.9373039943913957,0.9604080296971526,0.8973889411749681,0.813943808760836,0.719807855620416,0.3838046168405013,0.9727345966757819,0.8878592949705061,0.08766199834368428,-0.05799268080140996,0.8982082439844223,0.9704523673345281,0.9711956611159093,0.7872857855812905,0.7993003410326913,0.932283767053636,0.7919386462340636,0.7382405390916538,0.883467164331717,0.9533355817557942,0.8784211877301497],[0.9964712697731486,0.9942850101177046,0.967687142793854,1.0,0.9418558033021074,0.98074491271851,0.9678465590741906,0.9662298447369103,0.9772237780523391,0.9999824623575575,0.9999952281592625,0.9999749445508666,0.888406259348169,0.9872747567262568,0.999969536949736,0.9791039769887224,0.996134345407454,0.9658807541561443,0.8784616490834215,0.8543021678383139,0.5321542383501302,0.9955718786364264,0.9439266842963088,0.2252812504623465,-0.15822453444994705,0.9132986717228152,0.9179043894981737,0.9519258709901038,0.9087246211879488,0.9167572739197188,0.9828137842324123,0.909830425784154,0.8594298684349065,0.9602084796145226,0.9826049780607977,0.9478367956636563],[0.9165353221256768,0.9228183314481043,0.9947700010693284,0.9418558033021074,1.0,0.9015899814872859,0.9614468384596033,0.8514481405367615,0.9244859626067429,0.9426687943656402,0.955073202693734,0.9498212609524711,0.9039446633358384,0.9871542424679317,0.9547023775889604,0.8990713994202434,0.9315688080296343,0.8526534529086648,0.7650323225736138,0.6644263966114312,0.3221114317276234,0.9515528447784085,0.8546721858380377,0.053524909632404936,-0.033591400607856994,0.8632948233623892,0.9800990863591773,0.9557995970831438,0.7281580266376011,0.7467071387665272,0.9000830754918397,0.7345099728961532,0.6740669594779675,0.83871524316703,0.9220614919003112,0.8334329640982708],[0.989000730119969,0.9854466338615955,0.9396166446194913,0.98074491271851,0.9015899814872859,1.0,0.9736907189115992,0.9814790882874816,0.9840047989160141,0.9803817028672152,0.9756616888830775,0.9784477144806879,0.8556111380075144,0.951135629845992,0.9756700317831312,0.9999292296455915,0.9902965028015136,0.9823819109496903,0.9086563373620175,0.8582788890646206,0.5544808901602518,0.9733815084566118,0.929643451632944,0.16198374642512273,-0.1278266814095957,0.9384779697521867,0.8681605412828249,0.9375658651844937,0.9293984812875893,0.9196715564214355,0.970776413441791,0.930377167659271,0.907285348490558,0.9619190998611181,0.9849605799640495,0.9654763327861446],[0.9625856737204621,0.9643973351228534,0.9820432041217486,0.9678465590741906,0.9614468384596033,0.9736907189115992,1.0,0.9333998160817498,0.9820824607974203,0.9672018538326888,0.9760725716212791,0.9725483889127315,0.8960925740869761,0.9851103936272331,0.9758604002520365,0.9749571532321857,0.9768458995388873,0.9365434210765023,0.8562917409457096,0.751619711973816,0.40945418183586724,0.9687947217632366,0.9097604233820288,0.031616074342971465,-0.04532895278870376,0.9190442480769064,0.9288673804521956,0.9668819682048893,0.8323292282868212,0.8252443707800081,0.9449924045244612,0.8348434727439163,0.8068768499343588,0.9094419937367817,0.9747443405310461,0.9104288058662542],[0.9811386358635001,0.9718348793579547,0.8962272822666386,0.9662298447369103,0.8514481405367615,0.9814790882874816,0.9333998160817498,1.0,0.9762113136925353,0.966106088697599,0.9616493794225238,0.9650629359521975,0.8175244728783643,0.9233266195164367,0.9618869998769563,0.9832019420937671,0.9786491735939762,0.9998974725869395,0.9389896751430173,0.9261281979286577,0.5465098057570515,0.9535262867314203,0.9236460202154935,0.1378875232774892,-0.22330431541764578,0.9154465358641869,0.8034648482183673,0.9022974519463383,0.9664404874649382,0.9531944150799846,0.9706083052725146,0.9583800857166658,0.919429820495923,0.9703875037174499,0.9595583291364572,0.9739382676711053],[0.9805917467831263,0.9775118267106054,0.9555845975030283,0.9772237780523391,0.9244859626067429,0.9840047989160141,0.9820824607974203,0.9762113136925353,1.0,0.976805305414027,0.9734079420656538,0.9757249814480227,0.8658460934549639,0.9598746927234474,0.973310526818242,0.9834216166893732,0.9797647472955457,0.9767392030750909,0.9078140427233095,0.841289585109175,0.4317549285849844,0.9711388235736531,0.9334054764526021,0.0004929253509478588,-0.12120683566363737,0.9210391895514775,0.8732870203358188,0.9582965523055157,0.8966850576348319,0.8817799147066945,0.9692424519107522,0.8907149460456061,0.8498866528075749,0.9486455538006419,0.9809015497092302,0.9373330936928744],[0.996585427136313,0.9952487211128404,0.9679116736066407,0.9999824623575575,0.9426687943656402,0.9803817028672152,0.9672018538326888,0.966106088697599,0.976805305414027,1.0,0.9999949426966118,0.9999852877537682,0.8899358424608568,0.9874884796965065,0.9999706159441133,0.9788420793948939,0.9960238505513257,0.9657286473309805,0.8798856707958342,0.854594596233672,0.5228739577938271,0.9957636844056268,0.9445937151086237,0.22767376164518013,-0.1549253438900413,0.9141861325144384,0.9173620811831823,0.9511489036479357,0.9066570452123527,0.9143010370000482,0.9821953995179051,0.9076679876453405,0.8562608492105143,0.9588206504306811,0.9822779300067408,0.9466788879908171],[0.9966301126259878,0.9967470023269763,0.9755080434073203,0.9999952281592625,0.955073202693734,0.9756616888830775,0.9760725716212791,0.9616493794225238,0.9734079420656538,0.9999949426966118,1.0,0.999979945654884,0.8899979295022176,0.9873514269343803,0.9999725407106524,0.9751943707185137,0.9959354598119349,0.9624537721985945,0.8964524360712126,0.8844181992283289,0.3505617821017207,0.997737592935451,0.9357542921410388,-0.2278563146655838,0.6491445372399921,0.9098756535384261,0.9117367783073549,0.9519213964852868,0.8850300615039295,0.8906134039824405,0.9774528259812794,0.8780565052570865,0.8081143678179632,0.9477798503781794,0.9871415786138347,0.9447904901253885],[0.9967826294892852,0.9963165490058961,0.9722262521150862,0.9999749445508666,0.9498212609524711,0.9784477144806879,0.9725483889127315,0.9650629359521975,0.9757249814480227,0.9999852877537682,0.999979945654884,1.0,0.8900627712247777,0.9875428007952226,0.9999782754209848,0.9781266326960742,0.9959461557506508,0.9654478591429958,0.8873889270841356,0.8724993283090792,0.436173452609168,0.9971553259154656,0.943533343057477,-0.03622447381074417,0.06254199554352446,0.9205047576559352,0.912747004350768,0.948439801428864,0.8946141351478888,0.9003346013441166,0.9795121973479322,0.8934316830016371,0.8392367526099521,0.9538971363009784,0.9825160877844191,0.946381818105307],[0.8775966022826691,0.8862019263199533,0.9099175816602364,0.888406259348169,0.9039446633358384,0.8556111380075144,0.8960925740869761,0.8175244728783643,0.8658460934549639,0.8899358424608568,0.8899979295022176,0.8900627712247777,1.0,0.9998836979836296,0.8896521555926087,0.8562387188032567,0.8786291748440693,0.8210823662713552,0.7555449902445555,0.6987314566298144,0.1723694556932027,0.8855454875613952,0.8191851193317519,-0.4749882702844823,0.6763188072275594,0.8017009274053707,0.8814418110502933,0.8892504267645135,0.699390842742944,0.7020453640487001,0.8522756227788133,0.690255072828214,0.6026105762838202,0.8107046936496913,0.8740876870031387,0.814298999619723],[0.98082887602239,0.9845841508564428,0.9975574224477423,0.9872747567262568,0.9871542424679317,0.951135629845992,0.9851103936272331,0.9233266195164367,0.9598746927234474,0.9874884796965065,0.9873514269343803,0.9875428007952226,0.9998836979836296,1.0,0.9873308489752062,0.9503854701025797,0.9793406092244766,0.9255575787244024,0.8516534466506495,0.842491890223701,0.07447148259649593,0.9791685128365035,0.8923342185781723,-0.6505874779964764,0.719176639058069,0.8821347405088531,0.9566101891689041,0.9663894968430861,0.7908761984619607,0.8076850779160776,0.9434013197625882,0.801132531783634,0.6747821460744206,0.8927278562490437,0.9668324128301756,0.915395871559852],[0.9967221373191258,0.996796465420412,0.9753828002425136,0.999969536949736,0.9547023775889604,0.9756700317831312,0.9758604002520365,0.9618869998769563,0.973310526818242,0.9999706159441133,0.9999725407106524,0.9999782754209848,0.8896521555926087,0.9873308489752062,1.0,0.975335654591608,0.9960372947961804,0.9628408398845747,0.8970579793689619,0.8857243187134279,0.35362844446859015,0.9976322213198041,0.9358363870111174,-0.22532960392318682,0.6467203538382276,0.9100390147802094,0.9103298213204459,0.9515921822990018,0.8861474943599505,0.8918332420772166,0.9773551248999147,0.879314617830495,0.8100352752024167,0.9477550531988758,0.9871019519888675,0.9449956646501355],[0.9895548224270749,0.9852690356061525,0.9373039943913957,0.9791039769887224,0.8990713994202434,0.9999292296455915,0.9749571532321857,0.9832019420937671,0.9834216166893732,0.9788420793948939,0.9751943707185137,0.9781266326960742,0.8562387188032567,0.9503854701025797,0.975335654591608,1.0,0.9902043476738451,0.9827909039941071,0.9114760366490884,0.8823657265652016,0.5247293954823654,0.9713893013312863,0.926634913872116,0.009753069936316526,-0.04448401374614727,0.9439076509730826,0.8587922695577276,0.933875380554325,0.9310046142535976,0.9164092396054985,0.9685898899577222,0.9304625229707685,0.9025662451228362,0.9637739992015447,0.9841512104720335,0.9676986323126626],[0.9997867443902131,0.9979859582744911,0.9604080296971526,0.996134345407454,0.9315688080296343,0.9902965028015136,0.9768458995388873,0.9786491735939762,0.9797647472955457,0.9960238505513257,0.9959354598119349,0.9959461557506508,0.8786291748440693,0.9793406092244766,0.9960372947961804,0.9902043476738451,1.0,0.9793537214804412,0.9206519073472693,0.9079626733484494,0.425506505150047,0.9909642157852385,0.9362823220432047,-0.1747323230157863,0.6383916105795207,0.9290525390838695,0.885706758296243,0.9457016416927557,0.9186652126055272,0.9147281764767736,0.9794034487579285,0.9114608278891992,0.857634633243535,0.9633292594868677,0.9917548445848478,0.9654734981990186],[0.9809926616926679,0.9737106185691957,0.8973889411749681,0.9658807541561443,0.8526534529086648,0.9823819109496903,0.9365434210765023,0.9998974725869395,0.9767392030750909,0.9657286473309805,0.9624537721985945,0.9654478591429958,0.8210823662713552,0.9255575787244024,0.9628408398845747,0.9827909039941071,0.9793537214804412,1.0,0.9416711347000811,0.9316273664127122,0.5403747588125666,0.9524285419459068,0.9266489400626426,0.09916657662572102,-0.14757121364286882,0.9209264839531762,0.8010596194290247,0.9036281894550523,0.9657913783635894,0.9517654916781048,0.9694503866403626,0.9562546373353787,0.9173151283233761,0.9695711560866174,0.9585987146634148,0.9743744135119623],[0.9011934273899391,0.9114861500487386,0.813943808760836,0.8784616490834215,0.7650323225736138,0.9086563373620175,0.8562917409457096,0.9389896751430173,0.9078140427233095,0.8798856707958342,0.8964524360712126,0.8873889270841356,0.7555449902445555,0.8516534466506495,0.8970579793689619,0.9114760366490884,0.9206519073472693,0.9416711347000811,1.0,0.8447331001400542,0.6253491786308335,0.853550331519476,0.8394721660171712,0.1858189840340164,-0.052664186092707926,0.8757704595596852,0.7051448388309367,0.8340741909274013,0.8973457875388741,0.8712015778650896,0.8722904886658265,0.8808673080704832,0.857085301493434,0.8790887841154839,0.8819913490651142,0.909198668797007],[0.8849590233375857,0.8717082038554964,0.719807855620416,0.8543021678383139,0.6644263966114312,0.8582788890646206,0.751619711973816,0.9261281979286577,0.841289585109175,0.854594596233672,0.8844181992283289,0.8724993283090792,0.6987314566298144,0.842491890223701,0.8857243187134279,0.8823657265652016,0.9079626733484494,0.9316273664127122,0.8447331001400542,1.0,0.803945491952099,0.8080970347189237,0.8662227469674285,0.5869508486597658,-0.46377372035746317,0.7120203592583266,0.6648540768307397,0.7349455117718288,0.9632619448809726,0.9430329589500916,0.8764159800193292,0.9520863847242519,0.9093057596753619,0.900126199432421,0.8261052184125717,0.8825591774790329],[0.582759028186273,0.6069561641816124,0.3838046168405013,0.5321542383501302,0.3221114317276234,0.5544808901602518,0.40945418183586724,0.5465098057570515,0.4317549285849844,0.5228739577938271,0.3505617821017207,0.436173452609168,0.1723694556932027,0.07447148259649593,0.35362844446859015,0.5247293954823654,0.425506505150047,0.5403747588125666,0.6253491786308335,0.803945491952099,1.0,0.4824142023929713,0.6307712221442922,0.7210287408782592,-0.11499645721689267,0.4638967141240976,0.37220236295384856,0.45777934921295305,0.7487336727326991,0.6707087838175824,0.538583143743451,0.7051253387290529,0.738695808623936,0.610169476743838,0.5393721944526507,0.6136162704606468],[0.9866547332676959,0.9781214583586775,0.9727345966757819,0.9955718786364264,0.9515528447784085,0.9733815084566118,0.9687947217632366,0.9535262867314203,0.9711388235736531,0.9957636844056268,0.997737592935451,0.9971553259154656,0.8855454875613952,0.9791685128365035,0.9976322213198041,0.9713893013312863,0.9909642157852385,0.9524285419459068,0.853550331519476,0.8080970347189237,0.4824142023929713,1.0,0.9229953799443552,0.1649828449642468,-0.14798981043244094,0.8965391990339435,0.9268519842693487,0.9491420760437942,0.8753719884578636,0.8956831337729754,0.9753290485196342,0.884861377024597,0.8309938150627696,0.9466263236522221,0.9718627949209127,0.9301959978134574],[0.9466768322751765,0.9295574905178159,0.8878592949705061,0.9439266842963088,0.8546721858380377,0.929643451632944,0.9097604233820288,0.9236460202154935,0.9334054764526021,0.9445937151086237,0.9357542921410388,0.943533343057477,0.8191851193317519,0.8923342185781723,0.9358363870111174,0.926634913872116,0.9362823220432047,0.9266489400626426,0.8394721660171712,0.8662227469674285,0.6307712221442922,0.9229953799443552,1.0,0.23036367422932888,-0.11442921516197212,0.7755017286444036,0.8271304075883698,0.8757170528265771,0.8986064631038093,0.8733304627466548,0.9497555877274407,0.8798524278383447,0.8393918937371098,0.9443033106890246,0.9089577428060972,0.8910666784775905],[0.2651579931710623,0.2585054740688819,0.08766199834368428,0.2252812504623465,0.053524909632404936,0.16198374642512273,0.031616074342971465,0.1378875232774892,0.0004929253509478588,0.22767376164518013,-0.2278563146655838,-0.03622447381074417,-0.4749882702844823,-0.6505874779964764,-0.22532960392318682,0.009753069936316526,-0.1747323230157863,0.09916657662572102,0.1858189840340164,0.5869508486597658,0.7210287408782592,0.1649828449642468,0.23036367422932888,1.0,-0.3817867745177421,0.18728694019446515,0.09332499121736378,0.09075710164049282,0.4181883755259901,0.4033540541752853,0.21933098697473968,0.42856748711560627,0.3722208740921495,0.2687911653235459,0.17092712039325028,0.29486888825740076],[-0.1798199079481421,-0.12169905747421005,-0.05799268080140996,-0.15822453444994705,-0.033591400607856994,-0.1278266814095957,-0.04532895278870376,-0.22330431541764578,-0.12120683566363737,-0.1549253438900413,0.6491445372399921,0.06254199554352446,0.6763188072275594,0.719176639058069,0.6467203538382276,-0.04448401374614727,0.6383916105795207,-0.14757121364286882,-0.052664186092707926,-0.46377372035746317,-0.11499645721689267,-0.14798981043244094,-0.11442921516197212,-0.3817867745177421,1.0,-0.05857567949275189,-0.05416631333248642,-0.04272786865507483,-0.33498913874345326,-0.3185629585801991,-0.20398540626492084,-0.2929761272217116,-0.17991904961193667,-0.258353127314651,-0.0850700334341717,-0.226140517381821],[0.9186298962181034,0.9067415738236466,0.8982082439844223,0.9132986717228152,0.8632948233623892,0.9384779697521867,0.9190442480769064,0.9154465358641869,0.9210391895514775,0.9141861325144384,0.9098756535384261,0.9205047576559352,0.8017009274053707,0.8821347405088531,0.9100390147802094,0.9439076509730826,0.9290525390838695,0.9209264839531762,0.8757704595596852,0.7120203592583266,0.4638967141240976,0.8965391990339435,0.7755017286444036,0.18728694019446515,-0.05857567949275189,1.0,0.8151986810654864,0.9206355547155064,0.8004048230084635,0.8417824047498211,0.8679019281448734,0.8441549320442785,0.8181258005378151,0.8724001329936789,0.9022037191483067,0.904103172209453],[0.892526752461692,0.8966536646861526,0.9704523673345281,0.9179043894981737,0.9800990863591773,0.8681605412828249,0.9288673804521956,0.8034648482183673,0.8732870203358188,0.9173620811831823,0.9117367783073549,0.912747004350768,0.8814418110502933,0.9566101891689041,0.9103298213204459,0.8587922695577276,0.885706758296243,0.8010596194290247,0.7051448388309367,0.6648540768307397,0.37220236295384856,0.9268519842693487,0.8271304075883698,0.09332499121736378,-0.05416631333248642,0.8151986810654864,1.0,0.9176473288627387,0.7081329356128161,0.722850111306375,0.8680529038982088,0.709054603878375,0.6517769290794321,0.8052074900314913,0.8875689751872528,0.8058701011248935],[0.9422246446180599,0.9468240092823256,0.9711956611159093,0.9519258709901038,0.9557995970831438,0.9375658651844937,0.9668819682048893,0.9022974519463383,0.9582965523055157,0.9511489036479357,0.9519213964852868,0.948439801428864,0.8892504267645135,0.9663894968430861,0.9515921822990018,0.933875380554325,0.9457016416927557,0.9036281894550523,0.8340741909274013,0.7349455117718288,0.45777934921295305,0.9491420760437942,0.8757170528265771,0.09075710164049282,-0.04272786865507483,0.9206355547155064,0.9176473288627387,1.0,0.8100752661648625,0.8104928284573503,0.9210385798774385,0.8034096810230453,0.7695054224405455,0.8941964067375046,0.9546668612680038,0.8700890484484947],[0.9357564177648615,0.9165900445188047,0.7872857855812905,0.9087246211879488,0.7281580266376011,0.9293984812875893,0.8323292282868212,0.9664404874649382,0.8966850576348319,0.9066570452123527,0.8850300615039295,0.8946141351478888,0.699390842742944,0.7908761984619607,0.8861474943599505,0.9310046142535976,0.9186652126055272,0.9657913783635894,0.8973457875388741,0.9632619448809726,0.7487336727326991,0.8753719884578636,0.8986064631038093,0.4181883755259901,-0.33498913874345326,0.8004048230084635,0.7081329356128161,0.8100752661648625,1.0,0.9872654971233901,0.9328592871948675,0.9915051430223498,0.9569652962420351,0.9549785003171045,0.8839287784004806,0.9550290712652633],[0.9367717091324398,0.9224750454847062,0.7993003410326913,0.9167572739197188,0.7467071387665272,0.9196715564214355,0.8252443707800081,0.9531944150799846,0.8817799147066945,0.9143010370000482,0.8906134039824405,0.9003346013441166,0.7020453640487001,0.8076850779160776,0.8918332420772166,0.9164092396054985,0.9147281764767736,0.9517654916781048,0.8712015778650896,0.9430329589500916,0.6707087838175824,0.8956831337729754,0.8733304627466548,0.4033540541752853,-0.3185629585801991,0.8417824047498211,0.722850111306375,0.8104928284573503,0.9872654971233901,1.0,0.9346679852729248,0.9862360704843723,0.956908943751912,0.9439014392650887,0.9024486356440055,0.9581453323728454],[0.9843142824107508,0.9774068282928969,0.932283767053636,0.9828137842324123,0.9000830754918397,0.970776413441791,0.9449924045244612,0.9706083052725146,0.9692424519107522,0.9821953995179051,0.9774528259812794,0.9795121973479322,0.8522756227788133,0.9434013197625882,0.9773551248999147,0.9685898899577222,0.9794034487579285,0.9694503866403626,0.8722904886658265,0.8764159800193292,0.538583143743451,0.9753290485196342,0.9497555877274407,0.21933098697473968,-0.20398540626492084,0.8679019281448734,0.8680529038982088,0.9210385798774385,0.9328592871948675,0.9346679852729248,1.0,0.929744906081629,0.8782335708783195,0.9753622518710436,0.9736920956132843,0.9565074305896775],[0.9358816911843953,0.9187529782159765,0.7919386462340636,0.909830425784154,0.7345099728961532,0.930377167659271,0.8348434727439163,0.9583800857166658,0.8907149460456061,0.9076679876453405,0.8780565052570865,0.8934316830016371,0.690255072828214,0.801132531783634,0.879314617830495,0.9304625229707685,0.9114608278891992,0.9562546373353787,0.8808673080704832,0.9520863847242519,0.7051253387290529,0.884861377024597,0.8798524278383447,0.42856748711560627,-0.2929761272217116,0.8441549320442785,0.709054603878375,0.8034096810230453,0.9915051430223498,0.9862360704843723,0.929744906081629,1.0,0.9742947487657196,0.9466092838014982,0.9061776539073491,0.9549509456825875],[0.8903418118521124,0.886395860984396,0.7382405390916538,0.8594298684349065,0.6740669594779675,0.907285348490558,0.8068768499343588,0.919429820495923,0.8498866528075749,0.8562608492105143,0.8081143678179632,0.8392367526099521,0.6026105762838202,0.6747821460744206,0.8100352752024167,0.9025662451228362,0.857634633243535,0.9173151283233761,0.857085301493434,0.9093057596753619,0.738695808623936,0.8309938150627696,0.8393918937371098,0.3722208740921495,-0.17991904961193667,0.8181258005378151,0.6517769290794321,0.7695054224405455,0.9569652962420351,0.956908943751912,0.8782335708783195,0.9742947487657196,1.0,0.9009110702828712,0.8765110508393359,0.9315440884574197],[0.9724981391046593,0.9625355659362912,0.883467164331717,0.9602084796145226,0.83871524316703,0.9619190998611181,0.9094419937367817,0.9703875037174499,0.9486455538006419,0.9588206504306811,0.9477798503781794,0.9538971363009784,0.8107046936496913,0.8927278562490437,0.9477550531988758,0.9637739992015447,0.9633292594868677,0.9695711560866174,0.8790887841154839,0.900126199432421,0.610169476743838,0.9466263236522221,0.9443033106890246,0.2687911653235459,-0.258353127314651,0.8724001329936789,0.8052074900314913,0.8941964067375046,0.9549785003171045,0.9439014392650887,0.9753622518710436,0.9466092838014982,0.9009110702828712,1.0,0.9545225111283441,0.955006508898623],[0.9837002685921232,0.9784464574046591,0.9533355817557942,0.9826049780607977,0.9220614919003112,0.9849605799640495,0.9747443405310461,0.9595583291364572,0.9809015497092302,0.9822779300067408,0.9871415786138347,0.9825160877844191,0.8740876870031387,0.9668324128301756,0.9871019519888675,0.9841512104720335,0.9917548445848478,0.9585987146634148,0.8819913490651142,0.8261052184125717,0.5393721944526507,0.9718627949209127,0.9089577428060972,0.17092712039325028,-0.0850700334341717,0.9022037191483067,0.8875689751872528,0.9546668612680038,0.8839287784004806,0.9024486356440055,0.9736920956132843,0.9061776539073491,0.8765110508393359,0.9545225111283441,1.0,0.9379625878263638],[0.9618325256794017,0.9555155690806856,0.8784211877301497,0.9478367956636563,0.8334329640982708,0.9654763327861446,0.9104288058662542,0.9739382676711053,0.9373330936928744,0.9466788879908171,0.9447904901253885,0.946381818105307,0.814298999619723,0.915395871559852,0.9449956646501355,0.9676986323126626,0.9654734981990186,0.9743744135119623,0.909198668797007,0.8825591774790329,0.6136162704606468,0.9301959978134574,0.8910666784775905,0.29486888825740076,-0.226140517381821,0.904103172209453,0.8058701011248935,0.8700890484484947,0.9550290712652633,0.9581453323728454,0.9565074305896775,0.9549509456825875,0.9315440884574197,0.955006508898623,0.9379625878263638,1.0]],"x":["^TAIEX       \u81fa\u7063\u52a0\u6b0a\u5831\u916c\u6307\u6578","^TWII        \u81fa\u7063\u52a0\u6b0a\u6307\u6578","^TAIEXx2     \u81fa\u7063\u52a0\u6b0a\u5831\u916c\u6307\u6578_\u65e5\u6b632","^TAI50I      \u81fa\u706350\u5831\u916c\u6307\u6578","^TAI50Ix2    \u81fa\u706350\u5831\u916c\u6307\u6578_\u65e5\u6b632","^TAI100I     \u81fa\u7063\u4e2d\u578b100\u5831\u916c\u6307\u6578","^TAI100Ix2   \u81fa\u7063\u4e2d\u578b100\u5831\u916c\u6307\u6578_\u65e5\u6b632","^TAIDIVIDI   \u81fa\u7063\u9ad8\u80a1\u606f\u5831\u916c\u6307\u6578","^TAIDIVIDIx2 \u81fa\u7063\u9ad8\u80a1\u606f\u5831\u916c\u6307\u6578_\u65e5\u6b632","0050Fund     \u5143\u5927\u53f0\u7063\u5353\u8d8a50\u57fa\u91d1","006208Fund   \u5bcc\u90a6\u53f0\u7063\u91c6\u540950\u57fa\u91d1","0050         \u5143\u5927\u81fa\u706350","00631L       \u5143\u5927\u53f0\u706350\u6b632","00675L       \u5bcc\u90a6\u81fa\u7063\u52a0\u6b0a\u6b632","006208       \u5bcc\u90a6\u53f050","0051         \u5143\u5927\u4e2d\u578b100","006204       \u6c38\u8c50\u81fa\u7063\u52a0\u6b0a","0056         \u5143\u5927\u9ad8\u80a1\u606f","0056         \u5143\u5927\u9ad8\u80a1\u606f_\u80a1\u606f\u4e0d\u6295\u5165","2412         \u4e2d\u83ef\u96fb\u4fe1","2002         \u4e2d\u92fc","2330         \u53f0\u7a4d\u96fb","2317         \u9d3b\u6d77","6505         \u53f0\u5851\u77f3\u5316","3481         \u7fa4\u5275","2303         \u806f\u96fb","2308         \u53f0\u9054\u96fb","2454         \u806f\u767c\u79d1","2886         \u5146\u8c50\u91d1","2884         \u7389\u5c71\u91d1","2891         \u4e2d\u4fe1\u91d1","2892         \u7b2c\u4e00\u91d1","5880         \u5408\u5eab\u91d1","2881         \u5bcc\u90a6\u91d1","2885         \u5143\u5927\u91d1","2887         \u53f0\u65b0\u91d1"],"y":["^TAIEX       \u81fa\u7063\u52a0\u6b0a\u5831\u916c\u6307\u6578","^TWII        \u81fa\u7063\u52a0\u6b0a\u6307\u6578","^TAIEXx2     \u81fa\u7063\u52a0\u6b0a\u5831\u916c\u6307\u6578_\u65e5\u6b632","^TAI50I      \u81fa\u706350\u5831\u916c\u6307\u6578","^TAI50Ix2    \u81fa\u706350\u5831\u916c\u6307\u6578_\u65e5\u6b632","^TAI100I     \u81fa\u7063\u4e2d\u578b100\u5831\u916c\u6307\u6578","^TAI100Ix2   \u81fa\u7063\u4e2d\u578b100\u5831\u916c\u6307\u6578_\u65e5\u6b632","^TAIDIVIDI   \u81fa\u7063\u9ad8\u80a1\u606f\u5831\u916c\u6307\u6578","^TAIDIVIDIx2 \u81fa\u7063\u9ad8\u80a1\u606f\u5831\u916c\u6307\u6578_\u65e5\u6b632","0050Fund     \u5143\u5927\u53f0\u7063\u5353\u8d8a50\u57fa\u91d1","006208Fund   \u5bcc\u90a6\u53f0\u7063\u91c6\u540950\u57fa\u91d1","0050         \u5143\u5927\u81fa\u706350","00631L       \u5143\u5927\u53f0\u706350\u6b632","00675L       \u5bcc\u90a6\u81fa\u7063\u52a0\u6b0a\u6b632","006208       \u5bcc\u90a6\u53f050","0051         \u5143\u5927\u4e2d\u578b100","006204       \u6c38\u8c50\u81fa\u7063\u52a0\u6b0a","0056         \u5143\u5927\u9ad8\u80a1\u606f","0056         \u5143\u5927\u9ad8\u80a1\u606f_\u80a1\u606f\u4e0d\u6295\u5165","2412         \u4e2d\u83ef\u96fb\u4fe1","2002         \u4e2d\u92fc","2330         \u53f0\u7a4d\u96fb","2317         \u9d3b\u6d77","6505         \u53f0\u5851\u77f3\u5316","3481         \u7fa4\u5275","2303         \u806f\u96fb","2308         \u53f0\u9054\u96fb","2454         \u806f\u767c\u79d1","2886         \u5146\u8c50\u91d1","2884         \u7389\u5c71\u91d1","2891         \u4e2d\u4fe1\u91d1","2892         \u7b2c\u4e00\u91d1","5880         \u5408\u5eab\u91d1","2881         \u5bcc\u90a6\u91d1","2885         \u5143\u5927\u91d1","2887         \u53f0\u65b0\u91d1"],"zmin":-1,"zmax":1,"colorbar":{"x":-0.2}}],"layout":{"autotypenumbers":"strict","colorway":["#636efa","#EF553B","#00cc96","#ab63fa","#FFA15A","#19d3f3","#FF6692","#B6E880","#FF97FF","#FECB52"],"font":{"color":"#f2f5fa","family":"Courier New"},"hovermode":"closest","hoverlabel":{"align":"left"},"paper_bgcolor":"rgb(17,17,17)","plot_bgcolor":"rgb(17,17,17)","polar":{"bgcolor":"rgb(17,17,17)","angularaxis":{"gridcolor":"#506784","linecolor":"#506784","ticks":""},"radialaxis":{"gridcolor":"#506784","linecolor":"#506784","ticks":""}},"ternary":{"bgcolor":"rgb(17,17,17)","aaxis":{"gridcolor":"#506784","linecolor":"#506784","ticks":""},"baxis":{"gridcolor":"#506784","linecolor":"#506784","ticks":""},"caxis":{"gridcolor":"#506784","linecolor":"#506784","ticks":""}},"coloraxis":{"colorbar":{"outlinewidth":0,"ticks":""}},"colorscale":{"sequential":[[0.0,"#0d0887"],[0.1111111111111111,"#46039f"],[0.2222222222222222,"#7201a8"],[0.3333333333333333,"#9c179e"],[0.4444444444444444,"#bd3786"],[0.5555555555555556,"#d8576b"],[0.6666666666666666,"#ed7953"],[0.7777777777777778,"#fb9f3a"],[0.8888888888888888,"#fdca26"],[1.0,"#f0f921"]],"sequentialminus":[[0.0,"#0d0887"],[0.1111111111111111,"#46039f"],[0.2222222222222222,"#7201a8"],[0.3333333333333333,"#9c179e"],[0.4444444444444444,"#bd3786"],[0.5555555555555556,"#d8576b"],[0.6666666666666666,"#ed7953"],[0.7777777777777778,"#fb9f3a"],[0.8888888888888888,"#fdca26"],[1.0,"#f0f921"]],"diverging":[[0,"#8e0152"],[0.1,"#c51b7d"],[0.2,"#de77ae"],[0.3,"#f1b6da"],[0.4,"#fde0ef"],[0.5,"#f7f7f7"],[0.6,"#e6f5d0"],[0.7,"#b8e186"],[0.8,"#7fbc41"],[0.9,"#4d9221"],[1,"#276419"]]},"xaxis":{"gridcolor":"rgba(0, 0, 0, 0)","linecolor":"#506784","ticks":"","title":{"standoff":15},"zerolinecolor":"#283442","automargin":true,"zerolinewidth":2,"tickfont":{"family":"Courier New","size":14},"side":"top","tickangle":-90},"yaxis":{"gridcolor":"rgba(0, 0, 0, 0)","linecolor":"#506784","ticks":"","title":{"standoff":15},"zerolinecolor":"#283442","automargin":true,"zerolinewidth":2,"tickfont":{"family":"Courier New"},"side":"right"},"scene":{"xaxis":{"backgroundcolor":"rgb(17,17,17)","gridcolor":"#506784","linecolor":"#506784","showbackground":true,"ticks":"","zerolinecolor":"#C8D4E3","gridwidth":2},"yaxis":{"backgroundcolor":"rgb(17,17,17)","gridcolor":"#506784","linecolor":"#506784","showbackground":true,"ticks":"","zerolinecolor":"#C8D4E3","gridwidth":2},"zaxis":{"backgroundcolor":"rgb(17,17,17)","gridcolor":"#506784","linecolor":"#506784","showbackground":true,"ticks":"","zerolinecolor":"#C8D4E3","gridwidth":2}},"shapedefaults":{"line":{"color":"#f2f5fa"}},"annotationdefaults":{"arrowcolor":"#f2f5fa","arrowhead":0,"arrowwidth":1},"geo":{"bgcolor":"rgb(17,17,17)","landcolor":"rgb(17,17,17)","subunitcolor":"#506784","showland":true,"showlakes":true,"lakecolor":"rgb(17,17,17)"},"title":{"x":0.05,"font":{"family":"Times New Roman"},"y":0.05,"text":"<b>Correlation of Adj Close<b><br><i>2016-09-23 ~ 2026-06-24<i>"},"updatemenudefaults":{"bgcolor":"#506784","borderwidth":0},"sliderdefaults":{"bgcolor":"#C8D4E3","borderwidth":1,"bordercolor":"rgb(17,17,17)","tickwidth":0},"mapbox":{"style":"dark"},"annotations":[{"text":"<b>@zwindr<b>","textangle":0,"opacity":0.5,"font":{"color":"white","size":12},"xref":"paper","yref":"paper","xanchor":"left","yanchor":"bottom","x":1.0,"y":1.0,"showarrow":false}]},"config":{"responsive":true,"toImageButtonOptions":{"filename":"Correlation of Adj Close_2016-09-23~2026-06-24","scale":5}}};Plotly.newPlot("correlationAdjClose",correlationAdjClose.data,correlationAdjClose.layout||{},correlationAdjClose.config);}else{console.log("style display is none => correlationAdjClose");}