var element=document.getElementById("correlationClose");if(element.style.display!='none'){var correlationClose={"data":[{"type":"heatmap","z":[[1.0,0.999999999999998,1.0,0.9954665473580747,0.9954665473580747,0.9781636159467254,0.9781636159467254,0.9300539896203073,0.9300539896203073,0.6726791763351939,0.9961974753206827,0.6059196803642072,0.8862714686696792,0.9848499321784379,0.9962734279846264,0.9812154791444546,0.9994178791351402,0.9121482211550824,0.9121482211550824,0.7479456525747827,-0.22680129722962047,0.984818039362926,0.33035183679008295,-0.20832882193720928,-0.15717433842706077,0.857057618127444,0.8890331739550472,0.9189290902127387,0.8742367471327254,0.7697443367102935,0.7222383020674251,0.6507843231717965,0.5684773327000912,0.9220821231146306,0.8967454605597416,0.3483371893777731],[0.999999999999998,1.0,0.9999999999999982,0.995404175421448,0.995404175421448,0.9777375638454774,0.9777375638454774,0.9301157303852005,0.9301157303852005,0.6729820545076408,0.9962012045810613,0.605030836983251,0.8871130036894265,0.9845128828724997,0.9962945337489222,0.9810448561578766,0.9994209209542257,0.9118699800020326,0.9118699800020326,0.7634848440251385,-0.023864564222810098,0.9790633165984943,0.07133921920795641,-0.2025573426971399,-0.15813862757804958,0.7339235007520464,0.8844912584196688,0.9040001841997649,0.8714589616705328,0.7760743914267725,0.7151573528361589,0.6481830214159693,0.5925331123207631,0.9213311109161119,0.7930678720286707,0.34331995335137605],[1.0,0.9999999999999982,1.0,0.9954665473580747,0.9954665473580747,0.9781636159467254,0.9781636159467254,0.9300539896203073,0.9300539896203073,0.6726791763351939,0.9961974753206827,0.6059196803642072,0.8862714686696792,0.9848499321784379,0.9962734279846264,0.9812154791444546,0.9994178791351402,0.9121482211550824,0.9121482211550824,0.7479456525747827,-0.22680129722962047,0.984818039362926,0.33035183679008295,-0.20832882193720928,-0.15717433842706077,0.857057618127444,0.8890331739550472,0.9189290902127387,0.8742367471327254,0.7697443367102935,0.7222383020674251,0.6507843231717965,0.5684773327000912,0.9220821231146306,0.8967454605597416,0.3483371893777731],[0.9954665473580747,0.995404175421448,0.9954665473580747,1.0,1.0,0.9675523850525951,0.9675523850525951,0.9147494462245389,0.9147494462245389,0.6256724175928157,0.9997452641634216,0.5608535092165869,0.8937362827430559,0.9886214114535374,0.999702708972296,0.9664925579439503,0.9957258901388739,0.8841480255065258,0.8841480255065258,0.7127126637586703,-0.23201595357159985,0.9938710734436768,0.3572337531605693,-0.2395529607134797,-0.14783641344863444,0.8484048836260041,0.9133778696797125,0.926196790174202,0.8440239489351539,0.7587761521330434,0.7483149821316746,0.6357792243361355,0.5298311169158291,0.9028408308097052,0.8922134073850461,0.3642887432497856],[0.9954665473580747,0.995404175421448,0.9954665473580747,1.0,1.0,0.9675523850525951,0.9675523850525951,0.9147494462245389,0.9147494462245389,0.6256724175928157,0.9997452641634216,0.5608535092165869,0.8937362827430559,0.9886214114535374,0.999702708972296,0.9664925579439503,0.9957258901388739,0.8841480255065258,0.8841480255065258,0.7127126637586703,-0.23201595357159985,0.9938710734436768,0.3572337531605693,-0.2395529607134797,-0.14783641344863444,0.8484048836260041,0.9133778696797125,0.926196790174202,0.8440239489351539,0.7587761521330434,0.7483149821316746,0.6357792243361355,0.5298311169158291,0.9028408308097052,0.8922134073850461,0.3642887432497856],[0.9781636159467254,0.9777375638454774,0.9781636159467254,0.9675523850525951,0.9675523850525951,1.0,1.0,0.9491569979725956,0.9491569979725956,0.6597555126713731,0.9661952305812554,0.6301053326138104,0.8607326350565039,0.9511859541395624,0.9661533477075304,0.9992019702849225,0.9823092808260024,0.9204045596686729,0.9204045596686729,0.6551451922219373,-0.19190545344916904,0.9586585079472987,0.4446299902406982,-0.3607259485295034,-0.06325775872562812,0.9011647155556092,0.8541266101270787,0.9220207365331299,0.8635597328210965,0.7480139015679765,0.8414927785521729,0.7343866678079887,0.6351547104394705,0.8761135338997094,0.914116397648962,0.5835956864973733],[0.9781636159467254,0.9777375638454774,0.9781636159467254,0.9675523850525951,0.9675523850525951,1.0,1.0,0.9491569979725956,0.9491569979725956,0.6597555126713731,0.9661952305812554,0.6301053326138104,0.8607326350565039,0.9511859541395624,0.9661533477075304,0.9992019702849225,0.9823092808260024,0.9204045596686729,0.9204045596686729,0.6551451922219373,-0.19190545344916904,0.9586585079472987,0.4446299902406982,-0.3607259485295034,-0.06325775872562812,0.9011647155556092,0.8541266101270787,0.9220207365331299,0.8635597328210965,0.7480139015679765,0.8414927785521729,0.7343866678079887,0.6351547104394705,0.8761135338997094,0.914116397648962,0.5835956864973733],[0.9300539896203073,0.9301157303852005,0.9300539896203073,0.9147494462245389,0.9147494462245389,0.9491569979725956,0.9491569979725956,1.0,1.0,0.6435427258311157,0.946786521259741,0.644988886454475,0.8315899075561553,0.9229247469395887,0.9466511165200284,0.9509027055563222,0.9569177536808293,0.9709874543583995,0.9709874543583995,0.6228386804177651,-0.08096615148811206,0.8894393643973212,0.6394642156415598,-0.3954839932777525,0.046618706195949315,0.8411169380641201,0.7726333726852224,0.8833807194191579,0.8413767816888392,0.7676558355975691,0.9107437266801982,0.7814537226070339,0.6668537803296684,0.8345417906721133,0.8958397139603584,0.8532307608357556],[0.9300539896203073,0.9301157303852005,0.9300539896203073,0.9147494462245389,0.9147494462245389,0.9491569979725956,0.9491569979725956,1.0,1.0,0.6435427258311157,0.946786521259741,0.644988886454475,0.8315899075561553,0.9229247469395887,0.9466511165200284,0.9509027055563222,0.9569177536808293,0.9709874543583995,0.9709874543583995,0.6228386804177651,-0.08096615148811206,0.8894393643973212,0.6394642156415598,-0.3954839932777525,0.046618706195949315,0.8411169380641201,0.7726333726852224,0.8833807194191579,0.8413767816888392,0.7676558355975691,0.9107437266801982,0.7814537226070339,0.6668537803296684,0.8345417906721133,0.8958397139603584,0.8532307608357556],[0.6726791763351939,0.6729820545076408,0.6726791763351939,0.6256724175928157,0.6256724175928157,0.6597555126713731,0.6597555126713731,0.6435427258311157,0.6435427258311157,1.0,0.4667340414805752,0.9999687425169937,0.2516829367671787,0.2104159673816316,0.4698629467427733,0.6526601391501741,0.5437176688263448,0.7477356852635761,0.7477356852635761,0.6819669802623658,-0.10312884665120953,0.6037973973705719,0.04775798723235574,0.0424438908887806,-0.2377202549680835,0.6798304584153905,0.321462130227922,0.5639321479585674,0.791956229745575,0.6648517617651606,0.31253070134820826,0.5205459787563046,0.5631083437738162,0.7418418073874326,0.5494065095291317,0.174642279544554],[0.9961974753206827,0.9962012045810613,0.9961974753206827,0.9997452641634216,0.9997452641634216,0.9661952305812554,0.9661952305812554,0.946786521259741,0.946786521259741,0.4667340414805752,1.0,0.4680723763678357,0.8930293860643693,0.9880916269908498,0.999956324877399,0.9630665041926167,0.9955822435018237,0.8957395919260585,0.8957395919260585,0.8371619644471135,-0.1626237277442133,0.9969673380861495,0.9159807314394187,-0.5450539896467181,0.6486134080633975,0.8549937613066537,0.9044791613564989,0.9374844251824304,0.8250285949876662,0.778512461539695,0.9513005709298741,0.8092086627550522,0.6482644356845599,0.890042086786765,0.9668244623554885,0.8639138123452273],[0.6059196803642072,0.605030836983251,0.6059196803642072,0.5608535092165869,0.5608535092165869,0.6301053326138104,0.6301053326138104,0.644988886454475,0.644988886454475,0.9999687425169937,0.4680723763678357,1.0,0.2527965744582705,0.2113966170787094,0.47076934462566333,0.6406005792960233,0.5445068993960286,0.7369637520329668,0.7369637520329668,0.6293142695320426,0.02799013459451502,0.5439160402705752,0.3678517202314279,-0.1635388492472794,-0.20980967892170502,0.69462765878835,0.23544692224820685,0.5218705197824552,0.7578809305504352,0.6790759803053779,0.4544294676732463,0.6725525868448481,0.6751012162507257,0.6852332531081935,0.5100083871352877,0.5699095505525775],[0.8862714686696792,0.8871130036894265,0.8862714686696792,0.8937362827430559,0.8937362827430559,0.8607326350565039,0.8607326350565039,0.8315899075561553,0.8315899075561553,0.2516829367671787,0.8930293860643693,0.2527965744582705,1.0,0.9998845087321913,0.8925756128054991,0.8547702117089849,0.8846177942540536,0.7572007991352353,0.7572007991352353,0.6519040570992208,-0.13928526340565417,0.8855217535410677,0.8294035589095253,-0.6238167009820543,0.7131999204676427,0.7423765959739468,0.8802676521216389,0.8817870914405822,0.6553506520622998,0.5947452055678569,0.8652777770804199,0.637643616930317,0.46643863702553573,0.7726205214463984,0.8741659361821038,0.8026425524878972],[0.9848499321784379,0.9845128828724997,0.9848499321784379,0.9886214114535374,0.9886214114535374,0.9511859541395624,0.9511859541395624,0.9229247469395887,0.9229247469395887,0.2104159673816316,0.9880916269908498,0.2113966170787094,0.9998845087321913,1.0,0.9880867459425395,0.9449066507375964,0.9820115871311799,0.8527115915212479,0.8527115915212479,0.8245983199325335,-0.2642389354872395,0.9788579529682907,0.8915797549638261,-0.7083565177516085,0.768714526250051,0.806342388492436,0.9531745812235571,0.9504382033525793,0.7249470014629638,0.6501742423617968,0.9392279884230238,0.7251945861304204,0.47425055049223447,0.8495099357335133,0.9611931064872992,0.8647064222267247],[0.9962734279846264,0.9962945337489222,0.9962734279846264,0.999702708972296,0.999702708972296,0.9661533477075304,0.9661533477075304,0.9466511165200284,0.9466511165200284,0.4698629467427733,0.999956324877399,0.47076934462566333,0.8925756128054991,0.9880867459425395,1.0,0.9632699641634938,0.9956955283862573,0.8965419778185705,0.8965419778185705,0.8381454119124635,-0.16041095952282533,0.9969028188690795,0.9155724162487143,-0.5430167767946555,0.6452191642657087,0.8545249672400386,0.902729186053244,0.9366866691581203,0.826153822944778,0.7798801860108074,0.950586077713126,0.8104959061880259,0.6508503543499943,0.8896911981972265,0.9666541457782432,0.8631458550683588],[0.9812154791444546,0.9810448561578766,0.9812154791444546,0.9664925579439503,0.9664925579439503,0.9992019702849225,0.9992019702849225,0.9509027055563222,0.9509027055563222,0.6526601391501741,0.9630665041926167,0.6406005792960233,0.8547702117089849,0.9449066507375964,0.9632699641634938,1.0,0.9811937214309124,0.9234738791856353,0.9234738791856353,0.705375785554052,-0.18161289331260427,0.960187113174703,0.7478287441256044,-0.48540379301756303,-0.04416210479507374,0.9095678262747315,0.8391491105467747,0.915222203980614,0.8710248681291114,0.7787275150905156,0.906436755621691,0.7765043924405405,0.6903545078034151,0.8962336011364584,0.9110116555744566,0.8485238414696604],[0.9994178791351402,0.9994209209542257,0.9994178791351402,0.9957258901388739,0.9957258901388739,0.9823092808260024,0.9823092808260024,0.9569177536808293,0.9569177536808293,0.5437176688263448,0.9955822435018237,0.5445068993960286,0.8846177942540536,0.9820115871311799,0.9956955283862573,0.9811937214309124,1.0,0.9233769017652212,0.9233769017652212,0.8559419684313953,-0.14244094174664135,0.9914007299268017,0.9008608587009415,-0.5376881492418356,0.6318747152872285,0.8863155128787428,0.8817763058634299,0.9370947364494817,0.8659306799983,0.8053051854849514,0.9434991078403897,0.850171253104858,0.7061788290932585,0.9079395082094962,0.9719508514932931,0.8929235665611767],[0.9121482211550824,0.9118699800020326,0.9121482211550824,0.8841480255065258,0.8841480255065258,0.9204045596686729,0.9204045596686729,0.9709874543583995,0.9709874543583995,0.7477356852635761,0.8957395919260585,0.7369637520329668,0.7572007991352353,0.8527115915212479,0.8965419778185705,0.9234738791856353,0.9233769017652212,1.0,1.0,0.7614062207427438,-0.11740304699917005,0.8589216315936212,0.6469025554584877,-0.28696250507680615,-0.10973558760114188,0.8568711627273363,0.6931481540394399,0.8254595049488246,0.9115023700860473,0.8448292095184341,0.8279761819744746,0.772815763861722,0.6860852274785109,0.8725266707093012,0.8183741429337515,0.8773969831443554],[0.9121482211550824,0.9118699800020326,0.9121482211550824,0.8841480255065258,0.8841480255065258,0.9204045596686729,0.9204045596686729,0.9709874543583995,0.9709874543583995,0.7477356852635761,0.8957395919260585,0.7369637520329668,0.7572007991352353,0.8527115915212479,0.8965419778185705,0.9234738791856353,0.9233769017652212,1.0,1.0,0.7614062207427438,-0.11740304699917005,0.8589216315936212,0.6469025554584877,-0.28696250507680615,-0.10973558760114188,0.8568711627273363,0.6931481540394399,0.8254595049488246,0.9115023700860473,0.8448292095184341,0.8279761819744746,0.772815763861722,0.6860852274785109,0.8725266707093012,0.8183741429337515,0.8773969831443554],[0.7479456525747827,0.7634848440251385,0.7479456525747827,0.7127126637586703,0.7127126637586703,0.6551451922219373,0.6551451922219373,0.6228386804177651,0.6228386804177651,0.6819669802623658,0.8371619644471135,0.6293142695320426,0.6519040570992208,0.8245983199325335,0.8381454119124635,0.705375785554052,0.8559419684313953,0.7614062207427438,0.7614062207427438,1.0,-0.0010602771538434999,0.6832886348275334,-0.25802338237963884,0.24400645696510864,-0.6155954919902984,0.4074231683764098,0.5506107174043209,0.49997240654771713,0.8471917711305414,0.7168716856781164,0.23597402705149995,0.36039206457740414,0.5775410843151196,0.7901379074287193,0.517120735389707,-0.05505639625980105],[-0.22680129722962047,-0.023864564222810098,-0.22680129722962047,-0.23201595357159985,-0.23201595357159985,-0.19190545344916904,-0.19190545344916904,-0.08096615148811206,-0.08096615148811206,-0.10312884665120953,-0.1626237277442133,0.02799013459451502,-0.13928526340565417,-0.2642389354872395,-0.16041095952282533,-0.18161289331260427,-0.14244094174664135,-0.11740304699917005,-0.11740304699917005,-0.0010602771538434999,1.0,-0.15634598609507952,0.06304727885785182,0.19328440854116827,0.7212998088565714,-0.1367533945033246,-0.1299299380643283,-0.10469982603801119,0.11465800577864338,-0.05101519011471648,-0.06473762871158441,0.25705601302118636,0.5407537039780582,-0.17717256322649902,0.017764545891476167,0.09202340728052526],[0.984818039362926,0.9790633165984943,0.984818039362926,0.9938710734436768,0.9938710734436768,0.9586585079472987,0.9586585079472987,0.8894393643973212,0.8894393643973212,0.6037973973705719,0.9969673380861495,0.5439160402705752,0.8855217535410677,0.9788579529682907,0.9969028188690795,0.960187113174703,0.9914007299268017,0.8589216315936212,0.8589216315936212,0.6832886348275334,-0.15634598609507952,1.0,0.2628568181095632,-0.2822801978566592,-0.1881643320043992,0.7415836330508989,0.9105898542099249,0.9074640649991937,0.8011011460079549,0.7353898710734534,0.7484155549713294,0.6127391344069912,0.4773271626146083,0.8879991144958547,0.7810049100202486,0.3477100444244448],[0.33035183679008295,0.07133921920795641,0.33035183679008295,0.3572337531605693,0.3572337531605693,0.4446299902406982,0.4446299902406982,0.6394642156415598,0.6394642156415598,0.04775798723235574,0.9159807314394187,0.3678517202314279,0.8294035589095253,0.8915797549638261,0.9155724162487143,0.7478287441256044,0.9008608587009415,0.6469025554584877,0.6469025554584877,-0.25802338237963884,0.06304727885785182,0.2628568181095632,1.0,-0.4929152761946733,0.6773264403727798,0.4519928188677433,0.29872357064678234,0.4312590838659246,-0.000845239433097052,0.1726720111065439,0.6513565368540409,0.5273534713970526,0.2271094383649253,0.1489187833359641,0.4733038991374155,0.5248544213161647],[-0.20832882193720928,-0.2025573426971399,-0.20832882193720928,-0.2395529607134797,-0.2395529607134797,-0.3607259485295034,-0.3607259485295034,-0.3954839932777525,-0.3954839932777525,0.0424438908887806,-0.5450539896467181,-0.1635388492472794,-0.6238167009820543,-0.7083565177516085,-0.5430167767946555,-0.48540379301756303,-0.5376881492418356,-0.28696250507680615,-0.28696250507680615,0.24400645696510864,0.19328440854116827,-0.2822801978566592,-0.4929152761946733,1.0,-0.03671753470705523,-0.23636222059061687,-0.26571996248490853,-0.33603573963864475,-0.10705608552494826,-0.13737094823192686,-0.5687921416410207,-0.24963499227080085,-0.05285892361865236,-0.1312423101510673,-0.2965439462620171,-0.44337330159193433],[-0.15717433842706077,-0.15813862757804958,-0.15717433842706077,-0.14783641344863444,-0.14783641344863444,-0.06325775872562812,-0.06325775872562812,0.046618706195949315,0.046618706195949315,-0.2377202549680835,0.6486134080633975,-0.20980967892170502,0.7131999204676427,0.768714526250051,0.6452191642657087,-0.04416210479507374,0.6318747152872285,-0.10973558760114188,-0.10973558760114188,-0.6155954919902984,0.7212998088565714,-0.1881643320043992,0.6773264403727798,-0.03671753470705523,1.0,-0.04599022335675851,-0.06569955256846528,0.008550672988878976,-0.3207303279373461,-0.2992285169451199,0.08764726722361423,0.16586218398832045,0.2642927396536112,-0.31498442387477754,0.12342102907360433,0.1076781464225619],[0.857057618127444,0.7339235007520464,0.857057618127444,0.8484048836260041,0.8484048836260041,0.9011647155556092,0.9011647155556092,0.8411169380641201,0.8411169380641201,0.6798304584153905,0.8549937613066537,0.69462765878835,0.7423765959739468,0.806342388492436,0.8545249672400386,0.9095678262747315,0.8863155128787428,0.8568711627273363,0.8568711627273363,0.4074231683764098,-0.1367533945033246,0.7415836330508989,0.4519928188677433,-0.23636222059061687,-0.04599022335675851,1.0,0.655495196404893,0.8786976976433818,0.5393233255685215,0.6431406333022236,0.6792514426222395,0.6628608964840432,0.4184719386718031,0.7524221330289415,0.7744516752183019,0.502818172789179],[0.8890331739550472,0.8844912584196688,0.8890331739550472,0.9133778696797125,0.9133778696797125,0.8541266101270787,0.8541266101270787,0.7726333726852224,0.7726333726852224,0.321462130227922,0.9044791613564989,0.23544692224820685,0.8802676521216389,0.9531745812235571,0.902729186053244,0.8391491105467747,0.8817763058634299,0.6931481540394399,0.6931481540394399,0.5506107174043209,-0.1299299380643283,0.9105898542099249,0.29872357064678234,-0.26571996248490853,-0.06569955256846528,0.655495196404893,1.0,0.8785972630754033,0.6163871185804392,0.5647204976975508,0.704893809056849,0.4716929363543452,0.36353036785523857,0.7346009178929862,0.7356519349323642,0.33037886793854476],[0.9189290902127387,0.9040001841997649,0.9189290902127387,0.926196790174202,0.926196790174202,0.9220207365331299,0.9220207365331299,0.8833807194191579,0.8833807194191579,0.5639321479585674,0.9374844251824304,0.5218705197824552,0.8817870914405822,0.9504382033525793,0.9366866691581203,0.915222203980614,0.9370947364494817,0.8254595049488246,0.8254595049488246,0.49997240654771713,-0.10469982603801119,0.9074640649991937,0.4312590838659246,-0.33603573963864475,0.008550672988878976,0.8786976976433818,0.8785972630754033,1.0,0.685055407924016,0.5914385152837539,0.7377654538649827,0.5777261763151402,0.4460821410123732,0.7980172634057647,0.8777399969858343,0.37101395762795886],[0.8742367471327254,0.8714589616705328,0.8742367471327254,0.8440239489351539,0.8440239489351539,0.8635597328210965,0.8635597328210965,0.8413767816888392,0.8413767816888392,0.791956229745575,0.8250285949876662,0.7578809305504352,0.6553506520622998,0.7249470014629638,0.826153822944778,0.8710248681291114,0.8659306799983,0.9115023700860473,0.9115023700860473,0.8471917711305414,0.11465800577864338,0.8011011460079549,-0.000845239433097052,-0.10705608552494826,-0.3207303279373461,0.5393233255685215,0.6163871185804392,0.685055407924016,1.0,0.9151382414435715,0.5968340246658996,0.7161434789765267,0.6707600840688215,0.8851498888670389,0.5644530422712148,0.3677424215968632],[0.7697443367102935,0.7760743914267725,0.7697443367102935,0.7587761521330434,0.7587761521330434,0.7480139015679765,0.7480139015679765,0.7676558355975691,0.7676558355975691,0.6648517617651606,0.778512461539695,0.6790759803053779,0.5947452055678569,0.6501742423617968,0.7798801860108074,0.7787275150905156,0.8053051854849514,0.8448292095184341,0.8448292095184341,0.7168716856781164,-0.05101519011471648,0.7353898710734534,0.1726720111065439,-0.13737094823192686,-0.2992285169451199,0.6431406333022236,0.5647204976975508,0.5914385152837539,0.9151382414435715,1.0,0.6245113341712164,0.7007212802785534,0.6174489294670332,0.7590849608691638,0.6242155005889787,0.5241423919064864],[0.7222383020674251,0.7151573528361589,0.7222383020674251,0.7483149821316746,0.7483149821316746,0.8414927785521729,0.8414927785521729,0.9107437266801982,0.9107437266801982,0.31253070134820826,0.9513005709298741,0.4544294676732463,0.8652777770804199,0.9392279884230238,0.950586077713126,0.906436755621691,0.9434991078403897,0.8279761819744746,0.8279761819744746,0.23597402705149995,-0.06473762871158441,0.7484155549713294,0.6513565368540409,-0.5687921416410207,0.08764726722361423,0.6792514426222395,0.704893809056849,0.7377654538649827,0.5968340246658996,0.6245113341712164,1.0,0.7404328236360153,0.38304356024462705,0.6198413716800997,0.7361512866777135,0.7698473208134237],[0.6507843231717965,0.6481830214159693,0.6507843231717965,0.6357792243361355,0.6357792243361355,0.7343866678079887,0.7343866678079887,0.7814537226070339,0.7814537226070339,0.5205459787563046,0.8092086627550522,0.6725525868448481,0.637643616930317,0.7251945861304204,0.8104959061880259,0.7765043924405405,0.850171253104858,0.772815763861722,0.772815763861722,0.36039206457740414,0.25705601302118636,0.6127391344069912,0.5273534713970526,-0.24963499227080085,0.16586218398832045,0.6628608964840432,0.4716929363543452,0.5777261763151402,0.7161434789765267,0.7007212802785534,0.7404328236360153,1.0,0.7779635463906505,0.5554637588919962,0.722085512095059,0.5899271535536433],[0.5684773327000912,0.5925331123207631,0.5684773327000912,0.5298311169158291,0.5298311169158291,0.6351547104394705,0.6351547104394705,0.6668537803296684,0.6668537803296684,0.5631083437738162,0.6482644356845599,0.6751012162507257,0.46643863702553573,0.47425055049223447,0.6508503543499943,0.6903545078034151,0.7061788290932585,0.6860852274785109,0.6860852274785109,0.5775410843151196,0.5407537039780582,0.4773271626146083,0.2271094383649253,-0.05285892361865236,0.2642927396536112,0.4184719386718031,0.36353036785523857,0.4460821410123732,0.6707600840688215,0.6174489294670332,0.38304356024462705,0.7779635463906505,1.0,0.4986206269427133,0.6192809853147241,0.23251334302506305],[0.9220821231146306,0.9213311109161119,0.9220821231146306,0.9028408308097052,0.9028408308097052,0.8761135338997094,0.8761135338997094,0.8345417906721133,0.8345417906721133,0.7418418073874326,0.890042086786765,0.6852332531081935,0.7726205214463984,0.8495099357335133,0.8896911981972265,0.8962336011364584,0.9079395082094962,0.8725266707093012,0.8725266707093012,0.7901379074287193,-0.17717256322649902,0.8879991144958547,0.1489187833359641,-0.1312423101510673,-0.31498442387477754,0.7524221330289415,0.7346009178929862,0.7980172634057647,0.8851498888670389,0.7590849608691638,0.6198413716800997,0.5554637588919962,0.4986206269427133,1.0,0.785244933316453,0.2917968427717141],[0.8967454605597416,0.7930678720286707,0.8967454605597416,0.8922134073850461,0.8922134073850461,0.914116397648962,0.914116397648962,0.8958397139603584,0.8958397139603584,0.5494065095291317,0.9668244623554885,0.5100083871352877,0.8741659361821038,0.9611931064872992,0.9666541457782432,0.9110116555744566,0.9719508514932931,0.8183741429337515,0.8183741429337515,0.517120735389707,0.017764545891476167,0.7810049100202486,0.4733038991374155,-0.2965439462620171,0.12342102907360433,0.7744516752183019,0.7356519349323642,0.8777399969858343,0.5644530422712148,0.6242155005889787,0.7361512866777135,0.722085512095059,0.6192809853147241,0.785244933316453,1.0,0.3406981863305194],[0.3483371893777731,0.34331995335137605,0.3483371893777731,0.3642887432497856,0.3642887432497856,0.5835956864973733,0.5835956864973733,0.8532307608357556,0.8532307608357556,0.174642279544554,0.8639138123452273,0.5699095505525775,0.8026425524878972,0.8647064222267247,0.8631458550683588,0.8485238414696604,0.8929235665611767,0.8773969831443554,0.8773969831443554,-0.05505639625980105,0.09202340728052526,0.3477100444244448,0.5248544213161647,-0.44337330159193433,0.1076781464225619,0.502818172789179,0.33037886793854476,0.37101395762795886,0.3677424215968632,0.5241423919064864,0.7698473208134237,0.5899271535536433,0.23251334302506305,0.2917968427717141,0.3406981863305194,1.0]],"x":["^TAIEX       \u81fa\u7063\u52a0\u6b0a\u5831\u916c\u6307\u6578","^TWII        \u81fa\u7063\u52a0\u6b0a\u6307\u6578","^TAIEXx2     \u81fa\u7063\u52a0\u6b0a\u5831\u916c\u6307\u6578_\u65e5\u6b632","^TAI50I      \u81fa\u706350\u5831\u916c\u6307\u6578","^TAI50Ix2    \u81fa\u706350\u5831\u916c\u6307\u6578_\u65e5\u6b632","^TAI100I     \u81fa\u7063\u4e2d\u578b100\u5831\u916c\u6307\u6578","^TAI100Ix2   \u81fa\u7063\u4e2d\u578b100\u5831\u916c\u6307\u6578_\u65e5\u6b632","^TAIDIVIDI   \u81fa\u7063\u9ad8\u80a1\u606f\u5831\u916c\u6307\u6578","^TAIDIVIDIx2 \u81fa\u7063\u9ad8\u80a1\u606f\u5831\u916c\u6307\u6578_\u65e5\u6b632","0050Fund     \u5143\u5927\u53f0\u7063\u5353\u8d8a50\u57fa\u91d1","006208Fund   \u5bcc\u90a6\u53f0\u7063\u91c6\u540950\u57fa\u91d1","0050         \u5143\u5927\u81fa\u706350","00631L       \u5143\u5927\u53f0\u706350\u6b632","00675L       \u5bcc\u90a6\u81fa\u7063\u52a0\u6b0a\u6b632","006208       \u5bcc\u90a6\u53f050","0051         \u5143\u5927\u4e2d\u578b100","006204       \u6c38\u8c50\u81fa\u7063\u52a0\u6b0a","0056         \u5143\u5927\u9ad8\u80a1\u606f","0056         \u5143\u5927\u9ad8\u80a1\u606f_\u80a1\u606f\u4e0d\u6295\u5165","2412         \u4e2d\u83ef\u96fb\u4fe1","2002         \u4e2d\u92fc","2330         \u53f0\u7a4d\u96fb","2317         \u9d3b\u6d77","6505         \u53f0\u5851\u77f3\u5316","3481         \u7fa4\u5275","2303         \u806f\u96fb","2308         \u53f0\u9054\u96fb","2454         \u806f\u767c\u79d1","2886         \u5146\u8c50\u91d1","2884         \u7389\u5c71\u91d1","2891         \u4e2d\u4fe1\u91d1","2892         \u7b2c\u4e00\u91d1","5880         \u5408\u5eab\u91d1","2881         \u5bcc\u90a6\u91d1","2885         \u5143\u5927\u91d1","2887         \u53f0\u65b0\u91d1"],"y":["^TAIEX       \u81fa\u7063\u52a0\u6b0a\u5831\u916c\u6307\u6578","^TWII        \u81fa\u7063\u52a0\u6b0a\u6307\u6578","^TAIEXx2     \u81fa\u7063\u52a0\u6b0a\u5831\u916c\u6307\u6578_\u65e5\u6b632","^TAI50I      \u81fa\u706350\u5831\u916c\u6307\u6578","^TAI50Ix2    \u81fa\u706350\u5831\u916c\u6307\u6578_\u65e5\u6b632","^TAI100I     \u81fa\u7063\u4e2d\u578b100\u5831\u916c\u6307\u6578","^TAI100Ix2   \u81fa\u7063\u4e2d\u578b100\u5831\u916c\u6307\u6578_\u65e5\u6b632","^TAIDIVIDI   \u81fa\u7063\u9ad8\u80a1\u606f\u5831\u916c\u6307\u6578","^TAIDIVIDIx2 \u81fa\u7063\u9ad8\u80a1\u606f\u5831\u916c\u6307\u6578_\u65e5\u6b632","0050Fund     \u5143\u5927\u53f0\u7063\u5353\u8d8a50\u57fa\u91d1","006208Fund   \u5bcc\u90a6\u53f0\u7063\u91c6\u540950\u57fa\u91d1","0050         \u5143\u5927\u81fa\u706350","00631L       \u5143\u5927\u53f0\u706350\u6b632","00675L       \u5bcc\u90a6\u81fa\u7063\u52a0\u6b0a\u6b632","006208       \u5bcc\u90a6\u53f050","0051         \u5143\u5927\u4e2d\u578b100","006204       \u6c38\u8c50\u81fa\u7063\u52a0\u6b0a","0056         \u5143\u5927\u9ad8\u80a1\u606f","0056         \u5143\u5927\u9ad8\u80a1\u606f_\u80a1\u606f\u4e0d\u6295\u5165","2412         \u4e2d\u83ef\u96fb\u4fe1","2002         \u4e2d\u92fc","2330         \u53f0\u7a4d\u96fb","2317         \u9d3b\u6d77","6505         \u53f0\u5851\u77f3\u5316","3481         \u7fa4\u5275","2303         \u806f\u96fb","2308         \u53f0\u9054\u96fb","2454         \u806f\u767c\u79d1","2886         \u5146\u8c50\u91d1","2884         \u7389\u5c71\u91d1","2891         \u4e2d\u4fe1\u91d1","2892         \u7b2c\u4e00\u91d1","5880         \u5408\u5eab\u91d1","2881         \u5bcc\u90a6\u91d1","2885         \u5143\u5927\u91d1","2887         \u53f0\u65b0\u91d1"],"zmin":-1,"zmax":1,"colorbar":{"x":-0.2}}],"layout":{"autotypenumbers":"strict","colorway":["#636efa","#EF553B","#00cc96","#ab63fa","#FFA15A","#19d3f3","#FF6692","#B6E880","#FF97FF","#FECB52"],"font":{"color":"#f2f5fa","family":"Courier New"},"hovermode":"closest","hoverlabel":{"align":"left"},"paper_bgcolor":"rgb(17,17,17)","plot_bgcolor":"rgb(17,17,17)","polar":{"bgcolor":"rgb(17,17,17)","angularaxis":{"gridcolor":"#506784","linecolor":"#506784","ticks":""},"radialaxis":{"gridcolor":"#506784","linecolor":"#506784","ticks":""}},"ternary":{"bgcolor":"rgb(17,17,17)","aaxis":{"gridcolor":"#506784","linecolor":"#506784","ticks":""},"baxis":{"gridcolor":"#506784","linecolor":"#506784","ticks":""},"caxis":{"gridcolor":"#506784","linecolor":"#506784","ticks":""}},"coloraxis":{"colorbar":{"outlinewidth":0,"ticks":""}},"colorscale":{"sequential":[[0.0,"#0d0887"],[0.1111111111111111,"#46039f"],[0.2222222222222222,"#7201a8"],[0.3333333333333333,"#9c179e"],[0.4444444444444444,"#bd3786"],[0.5555555555555556,"#d8576b"],[0.6666666666666666,"#ed7953"],[0.7777777777777778,"#fb9f3a"],[0.8888888888888888,"#fdca26"],[1.0,"#f0f921"]],"sequentialminus":[[0.0,"#0d0887"],[0.1111111111111111,"#46039f"],[0.2222222222222222,"#7201a8"],[0.3333333333333333,"#9c179e"],[0.4444444444444444,"#bd3786"],[0.5555555555555556,"#d8576b"],[0.6666666666666666,"#ed7953"],[0.7777777777777778,"#fb9f3a"],[0.8888888888888888,"#fdca26"],[1.0,"#f0f921"]],"diverging":[[0,"#8e0152"],[0.1,"#c51b7d"],[0.2,"#de77ae"],[0.3,"#f1b6da"],[0.4,"#fde0ef"],[0.5,"#f7f7f7"],[0.6,"#e6f5d0"],[0.7,"#b8e186"],[0.8,"#7fbc41"],[0.9,"#4d9221"],[1,"#276419"]]},"xaxis":{"gridcolor":"rgba(0, 0, 0, 0)","linecolor":"#506784","ticks":"","title":{"standoff":15},"zerolinecolor":"#283442","automargin":true,"zerolinewidth":2,"tickfont":{"family":"Courier New","size":14},"side":"top","tickangle":-90},"yaxis":{"gridcolor":"rgba(0, 0, 0, 0)","linecolor":"#506784","ticks":"","title":{"standoff":15},"zerolinecolor":"#283442","automargin":true,"zerolinewidth":2,"tickfont":{"family":"Courier New"},"side":"right"},"scene":{"xaxis":{"backgroundcolor":"rgb(17,17,17)","gridcolor":"#506784","linecolor":"#506784","showbackground":true,"ticks":"","zerolinecolor":"#C8D4E3","gridwidth":2},"yaxis":{"backgroundcolor":"rgb(17,17,17)","gridcolor":"#506784","linecolor":"#506784","showbackground":true,"ticks":"","zerolinecolor":"#C8D4E3","gridwidth":2},"zaxis":{"backgroundcolor":"rgb(17,17,17)","gridcolor":"#506784","linecolor":"#506784","showbackground":true,"ticks":"","zerolinecolor":"#C8D4E3","gridwidth":2}},"shapedefaults":{"line":{"color":"#f2f5fa"}},"annotationdefaults":{"arrowcolor":"#f2f5fa","arrowhead":0,"arrowwidth":1},"geo":{"bgcolor":"rgb(17,17,17)","landcolor":"rgb(17,17,17)","subunitcolor":"#506784","showland":true,"showlakes":true,"lakecolor":"rgb(17,17,17)"},"title":{"x":0.05,"font":{"family":"Times New Roman"},"y":0.05,"text":"<b>Correlation of Close<b><br><i>2016-09-23 ~ 2026-06-25<i>"},"updatemenudefaults":{"bgcolor":"#506784","borderwidth":0},"sliderdefaults":{"bgcolor":"#C8D4E3","borderwidth":1,"bordercolor":"rgb(17,17,17)","tickwidth":0},"mapbox":{"style":"dark"},"annotations":[{"text":"<b>@zwindr<b>","textangle":0,"opacity":0.5,"font":{"color":"white","size":12},"xref":"paper","yref":"paper","xanchor":"left","yanchor":"bottom","x":1.0,"y":1.0,"showarrow":false}]},"config":{"responsive":true,"toImageButtonOptions":{"filename":"Correlation of Close_2016-09-23~2026-06-25","scale":5}}};Plotly.newPlot("correlationClose",correlationClose.data,correlationClose.layout||{},correlationClose.config);}else{console.log("style display is none => correlationClose");}