var config = { responsive: true }

var correlationAdjClose = {"data": [{"type": "heatmap", "z": [[1.0, 0.9935126487917539, 0.975277377210796, 0.9978182316076722, 0.9637005584909819, 0.9800522927622669, -0.9381304434034764, 0.9892017049561254, 0.9672394287741981, 0.9966120505101119, 0.9930190487303848, 0.9941558865359643, 0.9972472302761238, 0.977534476304294, 0.9995483163023509, 0.986237987031754, 0.9117094147584668, 0.7620202653245671, 0.9857565870708479, 0.9216754591208494, 0.4958921518553832, -0.30905972163282786, 0.8970522519361205, 0.9728907826362456, 0.9506704808097621], [0.9935126487917539, 1.0, 0.9706027788320591, 0.9911858665334953, 0.9595721294783265, 0.9750468039864906, -0.9331792785591309, 0.9792651064651566, 0.9599104610615352, 0.9938451739112847, 0.9917974280098965, 0.9911110933460673, 0.9952624962226058, 0.9721863679513365, 0.9962808054621946, 0.9821734346138223, 0.9002051556433726, 0.7679156596620877, 0.9663534674655383, 0.8994797226425999, 0.49244192435087725, -0.22952818578603604, 0.8686667293562532, 0.9599521192618413, 0.9511560751168091], [0.975277377210796, 0.9706027788320591, 1.0, 0.9811889229708375, 0.9962951661690393, 0.9784032178722969, -0.9744663260426639, 0.9682395337265417, 0.982598921250767, 0.9852667629006051, 0.9975630480931966, 0.9975370304140833, 0.9882255946218715, 0.976778630778163, 0.9872590481383028, 0.9748635940932097, 0.8123528689277716, 0.653067283585694, 0.9892405968893857, 0.9100847797622454, 0.32905270317082574, -0.22804315355002955, 0.905871956629914, 0.9383999870008802, 0.9772221899651253], [0.9978182316076722, 0.9911858665334953, 0.9811889229708375, 1.0, 0.9747751734664077, 0.9722626425942292, -0.932662578114532, 0.9836430771962322, 0.9643597139058354, 0.9992436452686775, 0.9924282064372301, 0.9912808703455672, 0.9999008017118245, 0.9673739617792064, 0.9960165852735083, 0.9810222681467491, 0.8974231347649951, 0.7350753059729231, 0.9931371179155084, 0.9235045910343368, 0.47661447798889395, -0.3003803788515951, 0.8969200194541564, 0.9667877672647919, 0.9564136035220091], [0.9637005584909819, 0.9595721294783265, 0.9962951661690393, 0.9747751734664077, 1.0, 0.9583527124918462, -0.9560644471944951, 0.953671334981162, 0.9703589650436145, 0.98148539165807, 0.988527306538002, 0.9850524382347884, 0.9844590896374585, 0.9559062324046896, 0.9757650112280079, 0.9604396168629987, 0.7922368009943048, 0.6215139893892945, 0.988154492146261, 0.907235904577918, 0.31032198941794814, -0.22060338993271011, 0.8898162848172685, 0.9233362450490782, 0.9748143735861523], [0.9800522927622669, 0.9750468039864906, 0.9784032178722969, 0.9722626425942292, 0.9583527124918462, 1.0, -0.9792547677166781, 0.9790009708162403, 0.9785133828624833, 0.971374771795413, 0.9756687931326274, 0.9735857508092096, 0.9680505237896402, 0.9988522570699477, 0.9857046431403206, 0.985494709170864, 0.8495765790524498, 0.7281704107715871, 0.9668008818113865, 0.8884397504920419, 0.35698752084673635, -0.218057943846496, 0.934758844710772, 0.9547280113561817, 0.9575353847350361], [-0.9381304434034764, -0.9331792785591309, -0.9744663260426639, -0.932662578114532, -0.9560644471944951, -0.9792547677166781, 1.0, -0.947783829768176, -0.9823093750247672, -0.940543667509701, -0.9723952788941198, -0.9744612247404622, -0.9463687621982262, -0.9857064091870072, -0.9626709230499498, -0.9640930366139046, -0.7562275147497485, -0.6236558752425374, -0.9393288769682586, -0.8750236596302936, -0.2090949376828728, 0.14910061848900558, -0.9015062580696083, -0.9076762888924003, -0.9549040988703719], [0.9892017049561254, 0.9792651064651566, 0.9682395337265417, 0.9836430771962322, 0.953671334981162, 0.9790009708162403, -0.947783829768176, 1.0, 0.9810180738999632, 0.9804594310062266, 0.9742374429908669, 0.973348183480963, 0.9788507572939404, 0.9749737606177977, 0.986647396548011, 0.9963210529692356, 0.9192664229528535, 0.7006610824211271, 0.9735789500040372, 0.8943351187092944, 0.3689740820423157, -0.3167502213003916, 0.9025147125604398, 0.9533330300645773, 0.9323477782271593], [0.9672394287741981, 0.9599104610615352, 0.982598921250767, 0.9643597139058354, 0.9703589650436145, 0.9785133828624833, -0.9823093750247672, 0.9810180738999632, 1.0, 0.9635000629219576, 0.9709035055630942, 0.9678428926862243, 0.96040362354738, 0.9767073278981292, 0.9677954632387095, 0.9867675784089568, 0.8409322261082095, 0.6261586678172019, 0.964986504709224, 0.9026213248060665, 0.22271290341222216, -0.23190262955899218, 0.8838624877726904, 0.9273754327634761, 0.9561097284237977], [0.9966120505101119, 0.9938451739112847, 0.9852667629006051, 0.9992436452686775, 0.98148539165807, 0.971374771795413, -0.940543667509701, 0.9804594310062266, 0.9635000629219576, 1.0, 0.9912933668499125, 0.989744700419766, 0.9998346534537113, 0.9683437717231801, 0.9952391889643201, 0.981142454867556, 0.9095039788377264, 0.7138053311578275, 0.9955195528099003, 0.9168798263072736, 0.3078382750294885, -0.2359380991886431, 0.9299636841591081, 0.9558978557792542, 0.9543346502067024], [0.9930190487303848, 0.9917974280098965, 0.9975630480931966, 0.9924282064372301, 0.988527306538002, 0.9756687931326274, -0.9723952788941198, 0.9742374429908669, 0.9709035055630942, 0.9912933668499125, 1.0, 0.9996548059075235, 0.9921371353974491, 0.9767096113446295, 0.9933345280731288, 0.9756812109837629, 0.9039906326919654, 0.6144993823500076, 0.9883005067583857, 0.8874287780793492, -0.24681776716965126, 0.4726045990543796, 0.9072676320065757, 0.9515946214024117, 0.9768923167575148], [0.9941558865359643, 0.9911110933460673, 0.9975370304140833, 0.9912808703455672, 0.9850524382347884, 0.9735857508092096, -0.9744612247404622, 0.973348183480963, 0.9678428926862243, 0.989744700419766, 0.9996548059075235, 1.0, 0.9909793635327956, 0.9747260541869189, 0.9942018985799026, 0.9750044632948702, 0.9137518855081063, 0.5063995592461382, 0.9838393146515386, 0.8739156423046994, -0.6778205828267584, 0.46266485858132783, 0.8804128976964811, 0.94833480639718, 0.9764682113401407], [0.9972472302761238, 0.9952624962226058, 0.9882255946218715, 0.9999008017118245, 0.9844590896374585, 0.9680505237896402, -0.9463687621982262, 0.9788507572939404, 0.96040362354738, 0.9998346534537113, 0.9921371353974491, 0.9909793635327956, 1.0, 0.9688498234853332, 0.9955767259518612, 0.9799247935866557, 0.9267445019307476, 0.6772392390526601, 0.9970566367372156, 0.8960741644201459, 0.06105531102965187, 0.43806907660028716, 0.9198582868664067, 0.947890253403331, 0.9625839886884449], [0.977534476304294, 0.9721863679513365, 0.976778630778163, 0.9673739617792064, 0.9559062324046896, 0.9988522570699477, -0.9857064091870072, 0.9749737606177977, 0.9767073278981292, 0.9683437717231801, 0.9767096113446295, 0.9747260541869189, 0.9688498234853332, 1.0, 0.9858797522767629, 0.9831894574392508, 0.8634792924442637, 0.7316394567536231, 0.962181601962029, 0.8777457982160645, 0.2205123296130867, -0.16239899801509766, 0.9440768453927848, 0.9496130914770918, 0.9566248687868717], [0.9995483163023509, 0.9962808054621946, 0.9872590481383028, 0.9960165852735083, 0.9757650112280079, 0.9857046431403206, -0.9626709230499498, 0.986647396548011, 0.9677954632387095, 0.9952391889643201, 0.9933345280731288, 0.9942018985799026, 0.9955767259518612, 0.9858797522767629, 1.0, 0.9869797968578181, 0.9338806064390331, 0.7128483587520662, 0.9895913050689291, 0.8927589317655786, 0.10452633712548487, 0.44361205949185406, 0.9373199434364616, 0.9583005281940818, 0.9617829547484107], [0.986237987031754, 0.9821734346138223, 0.9748635940932097, 0.9810222681467491, 0.9604396168629987, 0.985494709170864, -0.9640930366139046, 0.9963210529692356, 0.9867675784089568, 0.981142454867556, 0.9756812109837629, 0.9750044632948702, 0.9799247935866557, 0.9831894574392508, 0.9869797968578181, 1.0, 0.9013406307229659, 0.7025778092500796, 0.9728876538170411, 0.8941297094877995, 0.3017076581758987, -0.23039846891009866, 0.914359452308046, 0.9429036891225692, 0.9437567387080482], [0.9117094147584668, 0.9002051556433726, 0.8123528689277716, 0.8974231347649951, 0.7922368009943048, 0.8495765790524498, -0.7562275147497485, 0.9192664229528535, 0.8409322261082095, 0.9095039788377264, 0.9039906326919654, 0.9137518855081063, 0.9267445019307476, 0.8634792924442637, 0.9338806064390331, 0.9013406307229659, 1.0, 0.8604581194754656, 0.8457002733373561, 0.87103912726962, 0.741968695476053, -0.5533480873484268, 0.6684220899561515, 0.9093059234731826, 0.7848337048090955], [0.7620202653245671, 0.7679156596620877, 0.653067283585694, 0.7350753059729231, 0.6215139893892945, 0.7281704107715871, -0.6236558752425374, 0.7006610824211271, 0.6261586678172019, 0.7138053311578275, 0.6144993823500076, 0.5063995592461382, 0.6772392390526601, 0.7316394567536231, 0.7128483587520662, 0.7025778092500796, 0.8604581194754656, 1.0, 0.6553865705411739, 0.7590388581160533, 0.7359309741049345, -0.1238659067115632, 0.5390360442988631, 0.7722403292332013, 0.6588083496862792], [0.9857565870708479, 0.9663534674655383, 0.9892405968893857, 0.9931371179155084, 0.988154492146261, 0.9668008818113865, -0.9393288769682586, 0.9735789500040372, 0.964986504709224, 0.9955195528099003, 0.9883005067583857, 0.9838393146515386, 0.9970566367372156, 0.962181601962029, 0.9895913050689291, 0.9728876538170411, 0.8457002733373561, 0.6553865705411739, 1.0, 0.8943633195480905, 0.4059945810898912, -0.29488020158942757, 0.8853739163936887, 0.9489886922315685, 0.9660734497961025], [0.9216754591208494, 0.8994797226425999, 0.9100847797622454, 0.9235045910343368, 0.907235904577918, 0.8884397504920419, -0.8750236596302936, 0.8943351187092944, 0.9026213248060665, 0.9168798263072736, 0.8874287780793492, 0.8739156423046994, 0.8960741644201459, 0.8777457982160645, 0.8927589317655786, 0.8941297094877995, 0.87103912726962, 0.7590388581160533, 0.8943633195480905, 1.0, 0.44961790018444403, -0.203660317132492, 0.6902808952305165, 0.9172987123222232, 0.8788799743238844], [0.4958921518553832, 0.49244192435087725, 0.32905270317082574, 0.47661447798889395, 0.31032198941794814, 0.35698752084673635, -0.2090949376828728, 0.3689740820423157, 0.22271290341222216, 0.3078382750294885, -0.24681776716965126, -0.6778205828267584, 0.06105531102965187, 0.2205123296130867, 0.10452633712548487, 0.3017076581758987, 0.741968695476053, 0.7359309741049345, 0.4059945810898912, 0.44961790018444403, 1.0, -0.41403165667331343, 0.3239490667481392, 0.4788523059304422, 0.27311107450803623], [-0.30905972163282786, -0.22952818578603604, -0.22804315355002955, -0.3003803788515951, -0.22060338993271011, -0.218057943846496, 0.14910061848900558, -0.3167502213003916, -0.23190262955899218, -0.2359380991886431, 0.4726045990543796, 0.46266485858132783, 0.43806907660028716, -0.16239899801509766, 0.44361205949185406, -0.23039846891009866, -0.5533480873484268, -0.1238659067115632, -0.29488020158942757, -0.203660317132492, -0.41403165667331343, 1.0, -0.15016150595986968, -0.341613016833117, -0.17318947832292816], [0.8970522519361205, 0.8686667293562532, 0.905871956629914, 0.8969200194541564, 0.8898162848172685, 0.934758844710772, -0.9015062580696083, 0.9025147125604398, 0.8838624877726904, 0.9299636841591081, 0.9072676320065757, 0.8804128976964811, 0.9198582868664067, 0.9440768453927848, 0.9373199434364616, 0.914359452308046, 0.6684220899561515, 0.5390360442988631, 0.8853739163936887, 0.6902808952305165, 0.3239490667481392, -0.15016150595986968, 1.0, 0.8292661099450599, 0.8836201497073227], [0.9728907826362456, 0.9599521192618413, 0.9383999870008802, 0.9667877672647919, 0.9233362450490782, 0.9547280113561817, -0.9076762888924003, 0.9533330300645773, 0.9273754327634761, 0.9558978557792542, 0.9515946214024117, 0.94833480639718, 0.947890253403331, 0.9496130914770918, 0.9583005281940818, 0.9429036891225692, 0.9093059234731826, 0.7722403292332013, 0.9489886922315685, 0.9172987123222232, 0.4788523059304422, -0.341613016833117, 0.8292661099450599, 1.0, 0.9267571476952375], [0.9506704808097621, 0.9511560751168091, 0.9772221899651253, 0.9564136035220091, 0.9748143735861523, 0.9575353847350361, -0.9549040988703719, 0.9323477782271593, 0.9561097284237977, 0.9543346502067024, 0.9768923167575148, 0.9764682113401407, 0.9625839886884449, 0.9566248687868717, 0.9617829547484107, 0.9437567387080482, 0.7848337048090955, 0.6588083496862792, 0.9660734497961025, 0.8788799743238844, 0.27311107450803623, -0.17318947832292816, 0.8836201497073227, 0.9267571476952375, 1.0]], "x": ["^TAIEX       \u81fa\u7063\u52a0\u6b0a\u5831\u916c\u6307\u6578", "^TWII        \u81fa\u7063\u52a0\u6b0a\u6307\u6578", "^TAIEXx2     \u81fa\u7063\u52a0\u6b0a\u5831\u916c\u6307\u6578_\u65e5\u6b632", "^TAI50I      \u81fa\u706350\u5831\u916c\u6307\u6578", "^TAI50Ix2    \u81fa\u706350\u5831\u916c\u6307\u6578_\u65e5\u6b632", "^TAI100I     \u81fa\u7063\u4e2d\u578b100\u5831\u916c\u6307\u6578", "^TAI100Ix2   \u81fa\u7063\u4e2d\u578b100\u5831\u916c\u6307\u6578_\u65e5\u6b632", "^TAIDIVIDI   \u81fa\u7063\u9ad8\u80a1\u606f\u5831\u916c\u6307\u6578", "^TAIDIVIDIx2 \u81fa\u7063\u9ad8\u80a1\u606f\u5831\u916c\u6307\u6578_\u65e5\u6b632", "0050         \u5143\u5927\u81fa\u706350", "00631L       \u5143\u5927\u53f0\u706350\u6b632", "00675L       \u5bcc\u90a6\u81fa\u7063\u52a0\u6b0a\u6b632", "006208       \u5bcc\u90a6\u53f050", "0051         \u5143\u5927\u4e2d\u578b100", "006204       \u6c38\u8c50\u81fa\u7063\u52a0\u6b0a", "0056         \u5143\u5927\u9ad8\u80a1\u606f", "2412         \u4e2d\u83ef\u96fb\u4fe1", "2002         \u4e2d\u92fc", "2330         \u53f0\u7a4d\u96fb", "2317         \u9d3b\u6d77", "6505         \u53f0\u5851\u77f3\u5316", "3481         \u7fa4\u5275", "2303         \u806f\u96fb", "2308         \u53f0\u9054\u96fb", "2454         \u806f\u767c\u79d1"], "y": ["^TAIEX       \u81fa\u7063\u52a0\u6b0a\u5831\u916c\u6307\u6578", "^TWII        \u81fa\u7063\u52a0\u6b0a\u6307\u6578", "^TAIEXx2     \u81fa\u7063\u52a0\u6b0a\u5831\u916c\u6307\u6578_\u65e5\u6b632", "^TAI50I      \u81fa\u706350\u5831\u916c\u6307\u6578", "^TAI50Ix2    \u81fa\u706350\u5831\u916c\u6307\u6578_\u65e5\u6b632", "^TAI100I     \u81fa\u7063\u4e2d\u578b100\u5831\u916c\u6307\u6578", "^TAI100Ix2   \u81fa\u7063\u4e2d\u578b100\u5831\u916c\u6307\u6578_\u65e5\u6b632", "^TAIDIVIDI   \u81fa\u7063\u9ad8\u80a1\u606f\u5831\u916c\u6307\u6578", "^TAIDIVIDIx2 \u81fa\u7063\u9ad8\u80a1\u606f\u5831\u916c\u6307\u6578_\u65e5\u6b632", "0050         \u5143\u5927\u81fa\u706350", "00631L       \u5143\u5927\u53f0\u706350\u6b632", "00675L       \u5bcc\u90a6\u81fa\u7063\u52a0\u6b0a\u6b632", "006208       \u5bcc\u90a6\u53f050", "0051         \u5143\u5927\u4e2d\u578b100", "006204       \u6c38\u8c50\u81fa\u7063\u52a0\u6b0a", "0056         \u5143\u5927\u9ad8\u80a1\u606f", "2412         \u4e2d\u83ef\u96fb\u4fe1", "2002         \u4e2d\u92fc", "2330         \u53f0\u7a4d\u96fb", "2317         \u9d3b\u6d77", "6505         \u53f0\u5851\u77f3\u5316", "3481         \u7fa4\u5275", "2303         \u806f\u96fb", "2308         \u53f0\u9054\u96fb", "2454         \u806f\u767c\u79d1"], "zmin": -1, "zmax": 1, "colorbar": {"x": -0.2}}], "layout": {"title": {"text": "<b>Correlation of Adj Close <b><br><i>2016/09/23 ~ 2025/05/07<i>", "y": 0.05, "font": {"family": "Times New Roman"}, "x": 0.05}, "xaxis": {"side": "top", "tickangle": -90, "gridcolor": "rgba(0, 0, 0, 0)", "tickfont": {"family": "Courier New", "size": 14}, "automargin": true}, "yaxis": {"side": "right", "gridcolor": "rgba(0, 0, 0, 0)", "tickfont": {"family": "Courier New"}, "automargin": true}, "height": 600, "font": {"family": "Courier New", "color": "#ffffff"}, "plot_bgcolor": "#000", "paper_bgcolor": "#000"}};

Plotly.newPlot("correlationAdjClose",
    correlationAdjClose.data,
    correlationAdjClose.layout || {},
    config);