var element=document.getElementById("correlationAdjClose");if(element.style.display!='none'){var correlationAdjClose={"data":[{"type":"heatmap","z":[[1.0,0.9948926923666143,0.9755304360464366,0.9971193354151374,0.9568463965961352,0.9836193576311909,0.9521224482485607,0.9892190492075448,0.9744680521026348,0.9972684410350451,0.996700943375081,0.997165035921876,0.9932466117715396,0.9941923644731231,0.9967476069242156,0.9852419667894781,0.9997115632385358,0.989074063165952,0.8993292742036727,0.9195643698753686,0.69684926086201,0.9847333201164096,0.9319074412839307,0.37180256779522747,-0.29949951394662827,0.8984269811329567,0.9307671789540115,0.9593469044912323,0.9778621234097702,0.9649013939281781,0.978593163029456,0.9712238613592237,0.9414855290271236,0.9823518857936234,0.9744305699122126,0.955708351576773],[0.9948926923666143,1.0,0.9715973506726095,0.9916833406490663,0.9526478473843539,0.979697331604255,0.9480212283897633,0.9814010549921897,0.9685409739092287,0.9929794618088142,0.9948930780287322,0.9943691841873624,0.9923419227575351,0.9921665569199916,0.9949089386153317,0.98020640115081,0.9972146062048082,0.9836797727420787,0.9205290229182476,0.9096264371138789,0.7160511410384256,0.9688260385866762,0.9149114222833059,0.3717841088754346,-0.23037090626755344,0.8762670174284803,0.9243386175505829,0.9587095725530652,0.9584279080791993,0.9526080824654766,0.9695453036333544,0.9574089118724766,0.9405049029536553,0.9727186138182761,0.9656481052218922,0.9505784587194942],[0.9755304360464366,0.9715973506726095,1.0,0.9844092021710898,0.9945952625178268,0.9734489578823516,0.9777919646839056,0.9616623502293828,0.9795107255139219,0.9840855994894806,0.9907485129554239,0.9874648924989925,0.9970085400581358,0.9967929995259446,0.9905178733124765,0.9710903762688992,0.9857289500659214,0.9612666306312222,0.8626800061582034,0.8242228999921457,0.5694667446978329,0.9919749221931695,0.9309425764322307,0.2005823347683639,-0.22369207461288637,0.8847323221655022,0.940204091323306,0.971868690373494,0.9206524999654421,0.9086950573970571,0.9661647624654562,0.9133871516559664,0.8901606248431965,0.964148329212259,0.971455306358353,0.9168200177145654],[0.9971193354151374,0.9916833406490663,0.9844092021710898,1.0,0.9726952649468527,0.9751997497446758,0.9489956708649071,0.9810613909005427,0.9711225695886736,0.9999693663729108,0.9999915359774102,0.9999622254937258,0.9931949277777481,0.9917294571955402,0.9999499519755657,0.9740731031559651,0.9957301454706569,0.980611130843377,0.8830792521525783,0.9020713655233245,0.6594154245115299,0.9938568457755846,0.9365145340837021,0.33986158687129336,-0.2887314456773146,0.8905887204031345,0.9406102165636185,0.9631227631158238,0.9656234876993425,0.9589940983573579,0.9805451883235188,0.9587335355112454,0.9261256510333701,0.9792630480073795,0.972350750169104,0.9447773986401293],[0.9568463965961352,0.9526478473843539,0.9945952625178268,0.9726952649468527,1.0,0.9463556509626704,0.9568312416512056,0.936716860003074,0.9596355147480755,0.97274998165655,0.9820442426303011,0.9782110920658612,0.9835456925606225,0.9805365324489047,0.9816591269203901,0.9425271791214936,0.9674885433413188,0.9360139300995419,0.8301827220376962,0.7938366156620325,0.5202921851168288,0.9872916031244433,0.9258921287230957,0.16608446437815863,-0.21303245323282574,0.851673767244564,0.9453388297842743,0.958293133466286,0.8903167239917065,0.885247292132129,0.9538021571174574,0.8827966930756295,0.8528002403277082,0.9459021437895386,0.9523758032236717,0.8848456852101702],[0.9836193576311909,0.979697331604255,0.9734489578823516,0.9751997497446758,0.9463556509626704,1.0,0.9829842847558062,0.9825616851515564,0.9824191918903941,0.9746294378803987,0.9694311676912137,0.9727638622972011,0.9738776902214796,0.9714053886396613,0.9693471597189117,0.9999011804239253,0.9869251411053258,0.9834941259811164,0.9019200982991916,0.870886858869357,0.6658258413907034,0.9670291246153089,0.9029764822923508,0.24727717828359586,-0.2201497961765911,0.9323474667631444,0.9038287982234857,0.963784783142062,0.9598798209298309,0.9342659483713518,0.9575154474875437,0.954987812048527,0.9530575244922735,0.9624420987710184,0.979368501907461,0.9577722381067916],[0.9521224482485607,0.9480212283897633,0.9777919646839056,0.9489956708649071,0.9568312416512056,0.9829842847558062,1.0,0.9549192725759263,0.9849894675253434,0.9476246209319806,0.9580458079446026,0.9544463159346019,0.976962721280173,0.9776849916227434,0.9577719067392098,0.9843146326753459,0.9706473726746421,0.9574437501061541,0.8675861833205982,0.7898477889872441,0.5577880138740396,0.95292969961375,0.9038222372147126,0.1065764390482038,-0.15868478817780884,0.8953209463579486,0.8961208207359633,0.96028494435455,0.9042782542286527,0.8711708701885215,0.9370708501451901,0.897539109558944,0.9052954994256253,0.9355965165658304,0.9685333351770613,0.9132766167259821],[0.9892190492075448,0.9814010549921897,0.9616623502293828,0.9810613909005427,0.936716860003074,0.9825616851515564,0.9549192725759263,1.0,0.9837257348234789,0.9810390954016749,0.9763869418201405,0.9798869990040522,0.9711264416583494,0.9701307039457628,0.9764901150467711,0.984359918884555,0.9870570959383546,0.9998821481779806,0.9277927990113183,0.9289751781721646,0.6334067531524824,0.9685596093849248,0.8992765754923843,0.22574571054954123,-0.31068486793361033,0.9062192791497188,0.8847468886068368,0.9442120947656573,0.9792242031345083,0.9568449216580793,0.9693052213737524,0.9659429005315601,0.9374962423125873,0.9634676412068135,0.9614744781508952,0.9675761131873123],[0.9744680521026348,0.9685409739092287,0.9795107255139219,0.9711225695886736,0.9596355147480755,0.9824191918903941,0.9849894675253434,0.9837257348234789,1.0,0.9703678576562538,0.9668067554701559,0.9692089158201932,0.9725693627818068,0.9693952099960985,0.9666534475462073,0.9814652023149889,0.9743424257648533,0.9830885285959016,0.9030087813169148,0.8615184492074905,0.55280153300904,0.9689495786906622,0.9162733543407936,0.0846952290965731,-0.2329448326083265,0.8846129101241785,0.8874016602873177,0.9643907726513709,0.9377133090570527,0.9052097890818245,0.962023092650908,0.9231095669440559,0.904263950096672,0.9528467785534281,0.9735226220759338,0.9278649910060804],[0.9972684410350451,0.9929794618088142,0.9840855994894806,0.9999693663729108,0.97274998165655,0.9746294378803987,0.9476246209319806,0.9810390954016749,0.9703678576562538,1.0,0.9999900307866799,0.9999827915621216,0.9930810971525598,0.9915918763519742,0.9999550207985363,0.9735128580463936,0.9956076954673964,0.9806847107100066,0.8849118612842342,0.9032605994419999,0.6570304699525599,0.9940491409672897,0.9363636375821177,0.3449688851212228,-0.288168754315594,0.8913650565589872,0.9388607067721966,0.9616732009324145,0.9653678148810612,0.9581931908552613,0.9795945969689446,0.958141402155078,0.9247365664489348,0.9784888057828807,0.9712299995741983,0.9432515208667231],[0.996700943375081,0.9948930780287322,0.9907485129554239,0.9999915359774102,0.9820442426303011,0.9694311676912137,0.9580458079446026,0.9763869418201405,0.9668067554701559,0.9999900307866799,1.0,0.9999735742298038,0.9932205343030202,0.9917278006926857,0.9999578147096568,0.9692030956775225,0.9953887005619735,0.9770623524463216,0.9074777356752296,0.9306000678618516,0.5405828373254434,0.9972387789176757,0.9209531260819791,-0.1347383202299035,0.38944787423514193,0.8915404170745732,0.9087391236199046,0.9646099756324041,0.9563268709620948,0.9412328046909397,0.9711541129844986,0.938199238109376,0.903898441037621,0.9691645001986063,0.9807133979512969,0.9390396083061724],[0.997165035921876,0.9943691841873624,0.9874648924989925,0.9999622254937258,0.9782110920658612,0.9727638622972011,0.9544463159346019,0.9798869990040522,0.9692089158201932,0.9999827915621216,0.9999735742298038,1.0,0.9930935101201491,0.9915634294195779,0.9999656531079235,0.9726284461301445,0.9954957732953027,0.9801191017738875,0.8924666041985357,0.919868527494638,0.6037162983514874,0.9962464777782699,0.9328312587598974,0.07997396235817338,-0.1941872901686407,0.9054419535912529,0.9244646159074029,0.9573662678734115,0.9595586587148132,0.9492555732374826,0.9761113225404999,0.9490639070346357,0.9209401889929507,0.9748598081719461,0.9709169190250785,0.9474739635291839],[0.9932466117715396,0.9923419227575351,0.9970085400581358,0.9931949277777481,0.9835456925606225,0.9738776902214796,0.976962721280173,0.9711264416583494,0.9725693627818068,0.9930810971525598,0.9932205343030202,0.9930935101201491,1.0,0.999757780461632,0.9932206701844828,0.9737471841586075,0.9933111879783719,0.972017581582418,0.8997754490794628,0.9181271186710231,0.46790032315125313,0.9890000775361977,0.9170459636060286,-0.4023996867884627,0.40479502955390423,0.8748952564416455,0.9062986213128404,0.9688688523179,0.9397408663430566,0.9092660062895991,0.9553358761552895,0.9154332261347417,0.872992110488629,0.9667886633426954,0.9778924471145259,0.9314977950908625],[0.9941923644731231,0.9921665569199916,0.9967929995259446,0.9917294571955402,0.9805365324489047,0.9714053886396613,0.9776849916227434,0.9701307039457628,0.9693952099960985,0.9915918763519742,0.9917278006926857,0.9915634294195779,0.999757780461632,1.0,0.9918421409935162,0.9711862087901576,0.9940753479254374,0.9712182951220447,0.8847839469042497,0.9276428575785546,0.3293006874619691,0.985070019815698,0.9104750305502949,-0.7497227249787489,0.3755067287228101,0.8426450301649062,0.9028860377855575,0.9653896327505458,0.9333447114784177,0.8969821364829931,0.9486109317549448,0.9157921431177943,0.851203068226412,0.9676770394487203,0.9759723151295132,0.9253883843559031],[0.9967476069242156,0.9949089386153317,0.9905178733124765,0.9999499519755657,0.9816591269203901,0.9693471597189117,0.9577719067392098,0.9764901150467711,0.9666534475462073,0.9999550207985363,0.9999578147096568,0.9999656531079235,0.9932206701844828,0.9918421409935162,1.0,0.9691717044010947,0.9954261622995179,0.9771423380442248,0.9076219602936559,0.9311625319188666,0.5404484496185068,0.9970727647531558,0.9211034412466419,-0.13246023792454908,0.3891279250435846,0.8914736784610982,0.9076723715356345,0.9639780155087881,0.956552704897714,0.941576169691756,0.9711265687713743,0.9387020267654621,0.9043798278874826,0.9691257248349143,0.9806600624503319,0.9395357882959215],[0.9852419667894781,0.98020640115081,0.9710903762688992,0.9740731031559651,0.9425271791214936,0.9999011804239253,0.9843146326753459,0.984359918884555,0.9814652023149889,0.9735128580463936,0.9692030956775225,0.9726284461301445,0.9737471841586075,0.9711862087901576,0.9691717044010947,1.0,0.9869948209929785,0.9836886880131852,0.9048073975161036,0.894693087807661,0.6561024121838567,0.9646235412974776,0.8972764142190834,0.10363322526773583,-0.19909925801361378,0.9397228395038995,0.8925759835562834,0.9608131479489467,0.9633036085559863,0.9315671750569099,0.9541027528781175,0.9561649627028895,0.9522333589219224,0.9645387301317072,0.9786880147345502,0.9620368488159513],[0.9997115632385358,0.9972146062048082,0.9857289500659214,0.9957301454706569,0.9674885433413188,0.9869251411053258,0.9706473726746421,0.9870570959383546,0.9743424257648533,0.9956076954673964,0.9953887005619735,0.9954957732953027,0.9933111879783719,0.9940753479254374,0.9954261622995179,0.9869948209929785,1.0,0.9876852385510841,0.9252450879264591,0.9398428733227672,0.5968831400121768,0.9882502344910906,0.9126535952083777,-0.07428952510069392,0.4162211461501641,0.919677672971024,0.8999067252871051,0.9663655884688884,0.9726512557666943,0.9494714138773461,0.9694463457477949,0.956570006641827,0.9339280942392938,0.9754903796797675,0.9864619784786668,0.9628194368424939],[0.989074063165952,0.9836797727420787,0.9612666306312222,0.980611130843377,0.9360139300995419,0.9834941259811164,0.9574437501061541,0.9998821481779806,0.9830885285959016,0.9806847107100066,0.9770623524463216,0.9801191017738875,0.972017581582418,0.9712182951220447,0.9771423380442248,0.9836886880131852,0.9876852385510841,1.0,0.9306733496459927,0.9351677574654443,0.6306870704490385,0.9671699768188501,0.9031473407964213,0.1898186802811598,-0.2924501883825065,0.9111137942425935,0.8800749522368426,0.9441735082156736,0.9797078166945754,0.9562655686291642,0.9677661271216377,0.9646160118752369,0.9372417754250452,0.9627147963460753,0.9595442050173801,0.9687134679052136],[0.8993292742036727,0.9205290229182476,0.8626800061582034,0.8830792521525783,0.8301827220376962,0.9019200982991916,0.8675861833205982,0.9277927990113183,0.9030087813169148,0.8849118612842342,0.9074777356752296,0.8924666041985357,0.8997754490794628,0.8847839469042497,0.9076219602936559,0.9048073975161036,0.9252450879264591,0.9306733496459927,1.0,0.8269709335920096,0.6989037730110768,0.8552467061007849,0.8064899026447694,0.26725164387210654,-0.1643247443530861,0.8564186805295445,0.7580051045327535,0.8553477933965861,0.8915352524990866,0.8578445157645938,0.8559965082796821,0.8705061061688549,0.856670188489159,0.8548469966893208,0.8761743371669966,0.895170384430739],[0.9195643698753686,0.9096264371138789,0.8242228999921457,0.9020713655233245,0.7938366156620325,0.870886858869357,0.7898477889872441,0.9289751781721646,0.8615184492074905,0.9032605994419999,0.9306000678618516,0.919868527494638,0.9181271186710231,0.9276428575785546,0.9311625319188666,0.894693087807661,0.9398428733227672,0.9351677574654443,0.8269709335920096,1.0,0.8263283217688671,0.852637746909021,0.8676660045649451,0.6395194651362279,-0.5257429269724644,0.7144872299420975,0.8380731293723153,0.8127225517809105,0.9593744658140482,0.9379097649830388,0.8999940972094888,0.946834117417338,0.9000576607352316,0.9006547587491218,0.851613700878275,0.8860546952416617],[0.69684926086201,0.7160511410384256,0.5694667446978329,0.6594154245115299,0.5202921851168288,0.6658258413907034,0.5577880138740396,0.6334067531524824,0.55280153300904,0.6570304699525599,0.5405828373254434,0.6037162983514874,0.46790032315125313,0.3293006874619691,0.5404484496185068,0.6561024121838567,0.5968831400121768,0.6306870704490385,0.6989037730110768,0.8263283217688671,1.0,0.5879150249570291,0.69465944583818,0.7248934018081608,-0.11623445034756652,0.5350557442376431,0.6115528412523554,0.6106451278186978,0.7724658457529161,0.70327527142662,0.6263114987951709,0.7388416780989735,0.7530792567947533,0.6652996780371031,0.632777667929892,0.6821840261432487],[0.9847333201164096,0.9688260385866762,0.9919749221931695,0.9938568457755846,0.9872916031244433,0.9670291246153089,0.95292969961375,0.9685596093849248,0.9689495786906622,0.9940491409672897,0.9972387789176757,0.9962464777782699,0.9890000775361977,0.985070019815698,0.9970727647531558,0.9646235412974776,0.9882502344910906,0.9671699768188501,0.8552467061007849,0.852637746909021,0.5879150249570291,1.0,0.9142644025333231,0.2665650922519583,-0.2804959771384608,0.8731056996144871,0.9427344505834286,0.9675498785451209,0.9325848410747802,0.9395549821309661,0.9721480944223156,0.9347834273642524,0.8982505449994848,0.9683919756430771,0.9576279239217292,0.9242326989601286],[0.9319074412839307,0.9149114222833059,0.9309425764322307,0.9365145340837021,0.9258921287230957,0.9029764822923508,0.9038222372147126,0.8992765754923843,0.9162733543407936,0.9363636375821177,0.9209531260819791,0.9328312587598974,0.9170459636060286,0.9104750305502949,0.9211034412466419,0.8972764142190834,0.9126535952083777,0.9031473407964213,0.8064899026447694,0.8676660045649451,0.69465944583818,0.9142644025333231,1.0,0.30539956689795694,-0.18990153566223192,0.7130583554939427,0.9131183770710674,0.8968854302287247,0.8978109999476843,0.856410057941242,0.9334628032919626,0.8712333657626389,0.8396302250427894,0.9285984879214513,0.8822756488513842,0.855512979897243],[0.37180256779522747,0.3717841088754346,0.2005823347683639,0.33986158687129336,0.16608446437815863,0.24727717828359586,0.1065764390482038,0.22574571054954123,0.0846952290965731,0.3449688851212228,-0.1347383202299035,0.07997396235817338,-0.4023996867884627,-0.7497227249787489,-0.13246023792454908,0.10363322526773583,-0.07428952510069392,0.1898186802811598,0.26725164387210654,0.6395194651362279,0.7248934018081608,0.2665650922519583,0.30539956689795694,1.0,-0.3820638417873022,0.2655037302432246,0.2605859967234016,0.17574580977982363,0.46553469294786987,0.4589504687174151,0.3081130920171391,0.48103727519157613,0.4063840889988657,0.3345298121646393,0.2572934840372771,0.3743925482905291],[-0.29949951394662827,-0.23037090626755344,-0.22369207461288637,-0.2887314456773146,-0.21303245323282574,-0.2201497961765911,-0.15868478817780884,-0.31068486793361033,-0.2329448326083265,-0.288168754315594,0.38944787423514193,-0.1941872901686407,0.40479502955390423,0.3755067287228101,0.3891279250435846,-0.19909925801361378,0.4162211461501641,-0.2924501883825065,-0.1643247443530861,-0.5257429269724644,-0.11623445034756652,-0.2804959771384608,-0.18990153566223192,-0.3820638417873022,1.0,-0.1560102584672472,-0.2776503571885214,-0.18299157510790437,-0.3871669984813986,-0.37641970493404153,-0.3193845537029841,-0.34516089411622847,-0.2094741879007118,-0.34484850088068536,-0.18476383867614435,-0.3173831242756731],[0.8984269811329567,0.8762670174284803,0.8847323221655022,0.8905887204031345,0.851673767244564,0.9323474667631444,0.8953209463579486,0.9062192791497188,0.8846129101241785,0.8913650565589872,0.8915404170745732,0.9054419535912529,0.8748952564416455,0.8426450301649062,0.8914736784610982,0.9397228395038995,0.919677672971024,0.9111137942425935,0.8564186805295445,0.7144872299420975,0.5350557442376431,0.8731056996144871,0.7130583554939427,0.2655037302432246,-0.1560102584672472,1.0,0.773194169696458,0.8859358252647113,0.8208522547437624,0.8647046628926082,0.829568075750643,0.8725122560430987,0.8680093043478654,0.860111377179872,0.8687247782482614,0.8990881966531087],[0.9307671789540115,0.9243386175505829,0.940204091323306,0.9406102165636185,0.9453388297842743,0.9038287982234857,0.8961208207359633,0.8847468886068368,0.8874016602873177,0.9388607067721966,0.9087391236199046,0.9244646159074029,0.9062986213128404,0.9028860377855575,0.9076723715356345,0.8925759835562834,0.8999067252871051,0.8800749522368426,0.7580051045327535,0.8380731293723153,0.6115528412523554,0.9427344505834286,0.9131183770710674,0.2605859967234016,-0.2776503571885214,0.773194169696458,1.0,0.8931589532357994,0.8906458225459627,0.8768099122433288,0.9158882644974127,0.8766041166369669,0.8407469098317097,0.9188787278929545,0.8971781648295737,0.8637457369955053],[0.9593469044912323,0.9587095725530652,0.971868690373494,0.9631227631158238,0.958293133466286,0.963784783142062,0.96028494435455,0.9442120947656573,0.9643907726513709,0.9616732009324145,0.9646099756324041,0.9573662678734115,0.9688688523179,0.9653896327505458,0.9639780155087881,0.9608131479489467,0.9663655884688884,0.9441735082156736,0.8553477933965861,0.8127225517809105,0.6106451278186978,0.9675498785451209,0.8968854302287247,0.17574580977982363,-0.18299157510790437,0.8859358252647113,0.8931589532357994,1.0,0.9109617302330207,0.8938681873931348,0.9447556298779348,0.894424583427454,0.8880878617397953,0.9502541593944093,0.9734974704896999,0.8927995483385252],[0.9778621234097702,0.9584279080791993,0.9206524999654421,0.9656234876993425,0.8903167239917065,0.9598798209298309,0.9042782542286527,0.9792242031345083,0.9377133090570527,0.9653678148810612,0.9563268709620948,0.9595586587148132,0.9397408663430566,0.9333447114784177,0.956552704897714,0.9633036085559863,0.9726512557666943,0.9797078166945754,0.8915352524990866,0.9593744658140482,0.7724658457529161,0.9325848410747802,0.8978109999476843,0.46553469294786987,-0.3871669984813986,0.8208522547437624,0.8906458225459627,0.9109617302330207,1.0,0.9864922795783221,0.9630325109572029,0.9905732667781425,0.9531999320679682,0.9599968960058312,0.9164980297651385,0.9685589940222212],[0.9649013939281781,0.9526080824654766,0.9086950573970571,0.9589940983573579,0.885247292132129,0.9342659483713518,0.8711708701885215,0.9568449216580793,0.9052097890818245,0.9581931908552613,0.9412328046909397,0.9492555732374826,0.9092660062895991,0.8969821364829931,0.941576169691756,0.9315671750569099,0.9494714138773461,0.9562655686291642,0.8578445157645938,0.9379097649830388,0.70327527142662,0.9395549821309661,0.856410057941242,0.4589504687174151,-0.37641970493404153,0.8647046628926082,0.8768099122433288,0.8938681873931348,0.9864922795783221,1.0,0.9516584972287069,0.9842618203663781,0.955973066984625,0.9401045028002714,0.9244493292994126,0.9637011141874101],[0.978593163029456,0.9695453036333544,0.9661647624654562,0.9805451883235188,0.9538021571174574,0.9575154474875437,0.9370708501451901,0.9693052213737524,0.962023092650908,0.9795945969689446,0.9711541129844986,0.9761113225404999,0.9553358761552895,0.9486109317549448,0.9711265687713743,0.9541027528781175,0.9694463457477949,0.9677661271216377,0.8559965082796821,0.8999940972094888,0.6263114987951709,0.9721480944223156,0.9334628032919626,0.3081130920171391,-0.3193845537029841,0.829568075750643,0.9158882644974127,0.9447556298779348,0.9630325109572029,0.9516584972287069,1.0,0.9529219699131574,0.9135779483613284,0.9781654584023128,0.9622067512934426,0.943331536950317],[0.9712238613592237,0.9574089118724766,0.9133871516559664,0.9587335355112454,0.8827966930756295,0.954987812048527,0.897539109558944,0.9659429005315601,0.9231095669440559,0.958141402155078,0.938199238109376,0.9490639070346357,0.9154332261347417,0.9157921431177943,0.9387020267654621,0.9561649627028895,0.956570006641827,0.9646160118752369,0.8705061061688549,0.946834117417338,0.7388416780989735,0.9347834273642524,0.8712333657626389,0.48103727519157613,-0.34516089411622847,0.8725122560430987,0.8766041166369669,0.894424583427454,0.9905732667781425,0.9842618203663781,0.9529219699131574,1.0,0.9739718778658019,0.9465356082040789,0.9395621936024238,0.9645324820169358],[0.9414855290271236,0.9405049029536553,0.8901606248431965,0.9261256510333701,0.8528002403277082,0.9530575244922735,0.9052954994256253,0.9374962423125873,0.904263950096672,0.9247365664489348,0.903898441037621,0.9209401889929507,0.872992110488629,0.851203068226412,0.9043798278874826,0.9522333589219224,0.9339280942392938,0.9372417754250452,0.856670188489159,0.9000576607352316,0.7530792567947533,0.8982505449994848,0.8396302250427894,0.4063840889988657,-0.2094741879007118,0.8680093043478654,0.8407469098317097,0.8880878617397953,0.9531999320679682,0.955973066984625,0.9135779483613284,0.9739718778658019,1.0,0.9073428978386942,0.9304422702585995,0.954424802075673],[0.9823518857936234,0.9727186138182761,0.964148329212259,0.9792630480073795,0.9459021437895386,0.9624420987710184,0.9355965165658304,0.9634676412068135,0.9528467785534281,0.9784888057828807,0.9691645001986063,0.9748598081719461,0.9667886633426954,0.9676770394487203,0.9691257248349143,0.9645387301317072,0.9754903796797675,0.9627147963460753,0.8548469966893208,0.9006547587491218,0.6652996780371031,0.9683919756430771,0.9285984879214513,0.3345298121646393,-0.34484850088068536,0.860111377179872,0.9188787278929545,0.9502541593944093,0.9599968960058312,0.9401045028002714,0.9781654584023128,0.9465356082040789,0.9073428978386942,1.0,0.9591725100907362,0.943994881240153],[0.9744305699122126,0.9656481052218922,0.971455306358353,0.972350750169104,0.9523758032236717,0.979368501907461,0.9685333351770613,0.9614744781508952,0.9735226220759338,0.9712299995741983,0.9807133979512969,0.9709169190250785,0.9778924471145259,0.9759723151295132,0.9806600624503319,0.9786880147345502,0.9864619784786668,0.9595442050173801,0.8761743371669966,0.851613700878275,0.632777667929892,0.9576279239217292,0.8822756488513842,0.2572934840372771,-0.18476383867614435,0.8687247782482614,0.8971781648295737,0.9734974704896999,0.9164980297651385,0.9244493292994126,0.9622067512934426,0.9395621936024238,0.9304422702585995,0.9591725100907362,1.0,0.9226124171974853],[0.955708351576773,0.9505784587194942,0.9168200177145654,0.9447773986401293,0.8848456852101702,0.9577722381067916,0.9132766167259821,0.9675761131873123,0.9278649910060804,0.9432515208667231,0.9390396083061724,0.9474739635291839,0.9314977950908625,0.9253883843559031,0.9395357882959215,0.9620368488159513,0.9628194368424939,0.9687134679052136,0.895170384430739,0.8860546952416617,0.6821840261432487,0.9242326989601286,0.855512979897243,0.3743925482905291,-0.3173831242756731,0.8990881966531087,0.8637457369955053,0.8927995483385252,0.9685589940222212,0.9637011141874101,0.943331536950317,0.9645324820169358,0.954424802075673,0.943994881240153,0.9226124171974853,1.0]],"x":["^TAIEX       \u81fa\u7063\u52a0\u6b0a\u5831\u916c\u6307\u6578","^TWII        \u81fa\u7063\u52a0\u6b0a\u6307\u6578","^TAIEXx2     \u81fa\u7063\u52a0\u6b0a\u5831\u916c\u6307\u6578_\u65e5\u6b632","^TAI50I      \u81fa\u706350\u5831\u916c\u6307\u6578","^TAI50Ix2    \u81fa\u706350\u5831\u916c\u6307\u6578_\u65e5\u6b632","^TAI100I     \u81fa\u7063\u4e2d\u578b100\u5831\u916c\u6307\u6578","^TAI100Ix2   \u81fa\u7063\u4e2d\u578b100\u5831\u916c\u6307\u6578_\u65e5\u6b632","^TAIDIVIDI   \u81fa\u7063\u9ad8\u80a1\u606f\u5831\u916c\u6307\u6578","^TAIDIVIDIx2 \u81fa\u7063\u9ad8\u80a1\u606f\u5831\u916c\u6307\u6578_\u65e5\u6b632","0050Fund     \u5143\u5927\u53f0\u7063\u5353\u8d8a50\u57fa\u91d1","006208Fund   \u5bcc\u90a6\u53f0\u7063\u91c6\u540950\u57fa\u91d1","0050         \u5143\u5927\u81fa\u706350","00631L       \u5143\u5927\u53f0\u706350\u6b632","00675L       \u5bcc\u90a6\u81fa\u7063\u52a0\u6b0a\u6b632","006208       \u5bcc\u90a6\u53f050","0051         \u5143\u5927\u4e2d\u578b100","006204       \u6c38\u8c50\u81fa\u7063\u52a0\u6b0a","0056         \u5143\u5927\u9ad8\u80a1\u606f","0056         \u5143\u5927\u9ad8\u80a1\u606f_\u80a1\u606f\u4e0d\u6295\u5165","2412         \u4e2d\u83ef\u96fb\u4fe1","2002         \u4e2d\u92fc","2330         \u53f0\u7a4d\u96fb","2317         \u9d3b\u6d77","6505         \u53f0\u5851\u77f3\u5316","3481         \u7fa4\u5275","2303         \u806f\u96fb","2308         \u53f0\u9054\u96fb","2454         \u806f\u767c\u79d1","2886         \u5146\u8c50\u91d1","2884         \u7389\u5c71\u91d1","2891         \u4e2d\u4fe1\u91d1","2892         \u7b2c\u4e00\u91d1","5880         \u5408\u5eab\u91d1","2881         \u5bcc\u90a6\u91d1","2885         \u5143\u5927\u91d1","2887         \u53f0\u65b0\u91d1"],"y":["^TAIEX       \u81fa\u7063\u52a0\u6b0a\u5831\u916c\u6307\u6578","^TWII        \u81fa\u7063\u52a0\u6b0a\u6307\u6578","^TAIEXx2     \u81fa\u7063\u52a0\u6b0a\u5831\u916c\u6307\u6578_\u65e5\u6b632","^TAI50I      \u81fa\u706350\u5831\u916c\u6307\u6578","^TAI50Ix2    \u81fa\u706350\u5831\u916c\u6307\u6578_\u65e5\u6b632","^TAI100I     \u81fa\u7063\u4e2d\u578b100\u5831\u916c\u6307\u6578","^TAI100Ix2   \u81fa\u7063\u4e2d\u578b100\u5831\u916c\u6307\u6578_\u65e5\u6b632","^TAIDIVIDI   \u81fa\u7063\u9ad8\u80a1\u606f\u5831\u916c\u6307\u6578","^TAIDIVIDIx2 \u81fa\u7063\u9ad8\u80a1\u606f\u5831\u916c\u6307\u6578_\u65e5\u6b632","0050Fund     \u5143\u5927\u53f0\u7063\u5353\u8d8a50\u57fa\u91d1","006208Fund   \u5bcc\u90a6\u53f0\u7063\u91c6\u540950\u57fa\u91d1","0050         \u5143\u5927\u81fa\u706350","00631L       \u5143\u5927\u53f0\u706350\u6b632","00675L       \u5bcc\u90a6\u81fa\u7063\u52a0\u6b0a\u6b632","006208       \u5bcc\u90a6\u53f050","0051         \u5143\u5927\u4e2d\u578b100","006204       \u6c38\u8c50\u81fa\u7063\u52a0\u6b0a","0056         \u5143\u5927\u9ad8\u80a1\u606f","0056         \u5143\u5927\u9ad8\u80a1\u606f_\u80a1\u606f\u4e0d\u6295\u5165","2412         \u4e2d\u83ef\u96fb\u4fe1","2002         \u4e2d\u92fc","2330         \u53f0\u7a4d\u96fb","2317         \u9d3b\u6d77","6505         \u53f0\u5851\u77f3\u5316","3481         \u7fa4\u5275","2303         \u806f\u96fb","2308         \u53f0\u9054\u96fb","2454         \u806f\u767c\u79d1","2886         \u5146\u8c50\u91d1","2884         \u7389\u5c71\u91d1","2891         \u4e2d\u4fe1\u91d1","2892         \u7b2c\u4e00\u91d1","5880         \u5408\u5eab\u91d1","2881         \u5bcc\u90a6\u91d1","2885         \u5143\u5927\u91d1","2887         \u53f0\u65b0\u91d1"],"zmin":-1,"zmax":1,"colorbar":{"x":-0.2}}],"layout":{"autotypenumbers":"strict","colorway":["#636efa","#EF553B","#00cc96","#ab63fa","#FFA15A","#19d3f3","#FF6692","#B6E880","#FF97FF","#FECB52"],"font":{"color":"#f2f5fa","family":"Courier New"},"hovermode":"closest","hoverlabel":{"align":"left"},"paper_bgcolor":"rgb(17,17,17)","plot_bgcolor":"rgb(17,17,17)","polar":{"bgcolor":"rgb(17,17,17)","angularaxis":{"gridcolor":"#506784","linecolor":"#506784","ticks":""},"radialaxis":{"gridcolor":"#506784","linecolor":"#506784","ticks":""}},"ternary":{"bgcolor":"rgb(17,17,17)","aaxis":{"gridcolor":"#506784","linecolor":"#506784","ticks":""},"baxis":{"gridcolor":"#506784","linecolor":"#506784","ticks":""},"caxis":{"gridcolor":"#506784","linecolor":"#506784","ticks":""}},"coloraxis":{"colorbar":{"outlinewidth":0,"ticks":""}},"colorscale":{"sequential":[[0.0,"#0d0887"],[0.1111111111111111,"#46039f"],[0.2222222222222222,"#7201a8"],[0.3333333333333333,"#9c179e"],[0.4444444444444444,"#bd3786"],[0.5555555555555556,"#d8576b"],[0.6666666666666666,"#ed7953"],[0.7777777777777778,"#fb9f3a"],[0.8888888888888888,"#fdca26"],[1.0,"#f0f921"]],"sequentialminus":[[0.0,"#0d0887"],[0.1111111111111111,"#46039f"],[0.2222222222222222,"#7201a8"],[0.3333333333333333,"#9c179e"],[0.4444444444444444,"#bd3786"],[0.5555555555555556,"#d8576b"],[0.6666666666666666,"#ed7953"],[0.7777777777777778,"#fb9f3a"],[0.8888888888888888,"#fdca26"],[1.0,"#f0f921"]],"diverging":[[0,"#8e0152"],[0.1,"#c51b7d"],[0.2,"#de77ae"],[0.3,"#f1b6da"],[0.4,"#fde0ef"],[0.5,"#f7f7f7"],[0.6,"#e6f5d0"],[0.7,"#b8e186"],[0.8,"#7fbc41"],[0.9,"#4d9221"],[1,"#276419"]]},"xaxis":{"gridcolor":"rgba(0, 0, 0, 0)","linecolor":"#506784","ticks":"","title":{"standoff":15},"zerolinecolor":"#283442","automargin":true,"zerolinewidth":2,"tickfont":{"family":"Courier New","size":14},"side":"top","tickangle":-90},"yaxis":{"gridcolor":"rgba(0, 0, 0, 0)","linecolor":"#506784","ticks":"","title":{"standoff":15},"zerolinecolor":"#283442","automargin":true,"zerolinewidth":2,"tickfont":{"family":"Courier New"},"side":"right"},"scene":{"xaxis":{"backgroundcolor":"rgb(17,17,17)","gridcolor":"#506784","linecolor":"#506784","showbackground":true,"ticks":"","zerolinecolor":"#C8D4E3","gridwidth":2},"yaxis":{"backgroundcolor":"rgb(17,17,17)","gridcolor":"#506784","linecolor":"#506784","showbackground":true,"ticks":"","zerolinecolor":"#C8D4E3","gridwidth":2},"zaxis":{"backgroundcolor":"rgb(17,17,17)","gridcolor":"#506784","linecolor":"#506784","showbackground":true,"ticks":"","zerolinecolor":"#C8D4E3","gridwidth":2}},"shapedefaults":{"line":{"color":"#f2f5fa"}},"annotationdefaults":{"arrowcolor":"#f2f5fa","arrowhead":0,"arrowwidth":1},"geo":{"bgcolor":"rgb(17,17,17)","landcolor":"rgb(17,17,17)","subunitcolor":"#506784","showland":true,"showlakes":true,"lakecolor":"rgb(17,17,17)"},"title":{"x":0.05,"font":{"family":"Times New Roman"},"y":0.05,"text":"<b>Correlation of Adj Close<b><br><i>2016-09-23 ~ 2025-11-25<i>"},"updatemenudefaults":{"bgcolor":"#506784","borderwidth":0},"sliderdefaults":{"bgcolor":"#C8D4E3","borderwidth":1,"bordercolor":"rgb(17,17,17)","tickwidth":0},"mapbox":{"style":"dark"},"annotations":[{"text":"<b>@zwindr<b>","textangle":0,"opacity":0.5,"font":{"color":"white","size":12},"xref":"paper","yref":"paper","xanchor":"left","yanchor":"bottom","x":1.0,"y":1.0,"showarrow":false}]},"config":{"responsive":true,"toImageButtonOptions":{"filename":"Correlation of Adj Close_2016-09-23~2025-11-25","scale":5}}};Plotly.newPlot("correlationAdjClose",correlationAdjClose.data,correlationAdjClose.layout||{},correlationAdjClose.config);}else{console.log("style display is none => correlationAdjClose");}