var correlationClose = {"data": [{"type": "heatmap", "z": [[1.0, 0.9999999999999986, 1.0, 0.9956445947563236, 0.9956445947563236, 0.9605909959958685, 0.9605909959958685, 0.8950340844167356, 0.8950340844167356, 0.9477081349560227, 0.995205671612254, -0.018049689815439057, 0.9924424336050514, 0.9919921518727334, 0.9951135883671581, 0.9712883027917231, 0.9988682560002853, 0.9273196780086886, 0.7823806519020817, -0.07272103782337117, 0.9766121250395698, 0.0549127231791209, 0.009586241417151344, -0.2508732033638787, 0.8247470119512327, 0.9509937000773662, 0.9025538411093467, 0.9265830005937822, 0.7651391861428899, 0.46733642444132356, 0.6057393744506853, 0.6377692923554565, 0.927430727958471, 0.8083313349952744, 0.16795988324578143], [0.9999999999999986, 1.0, 0.9999999999999988, 0.9955884510507684, 0.9955884510507684, 0.9599350382848039, 0.9599350382848039, 0.8963523084275925, 0.8963523084275925, 0.9479700049876205, 0.9951749670135888, -0.017033860597347347, 0.9921881042995586, 0.9914078169286391, 0.9950722775255368, 0.9705315018895987, 0.9988721751530285, 0.9279093475021207, 0.8032657799166442, 0.13344942669515028, 0.967454753285288, -0.10448896455917887, 0.0169310626108737, -0.25120409152336365, 0.6479092825494627, 0.9511163008067244, 0.8740918354789055, 0.9212096843597891, 0.7788552376805576, 0.45891622160036427, 0.6027055622980841, 0.669120557705801, 0.9244454283258439, 0.6697494123095428, 0.1643642677878538], [1.0, 0.9999999999999988, 1.0, 0.9956445947563236, 0.9956445947563236, 0.9605909959958685, 0.9605909959958685, 0.8950340844167356, 0.8950340844167356, 0.9477081349560227, 0.995205671612254, -0.018049689815439057, 0.9924424336050514, 0.9919921518727334, 0.9951135883671581, 0.9712883027917231, 0.9988682560002853, 0.9273196780086886, 0.7823806519020817, -0.07272103782337117, 0.9766121250395698, 0.0549127231791209, 0.009586241417151344, -0.2508732033638787, 0.8247470119512327, 0.9509937000773662, 0.9025538411093467, 0.9265830005937822, 0.7651391861428899, 0.46733642444132356, 0.6057393744506853, 0.6377692923554565, 0.927430727958471, 0.8083313349952744, 0.16795988324578143], [0.9956445947563236, 0.9955884510507684, 0.9956445947563236, 1.0, 1.0, 0.9475213971957211, 0.9475213971957211, 0.8810068316887454, 0.8810068316887454, 0.9444786776011663, 0.9994533549956695, -0.03286067697559719, 0.9879655600539551, 0.9836703627206514, 0.9993842197532198, 0.9537428810062532, 0.9947017952580173, 0.9092798417214848, 0.7622585417735589, -0.07797544774740882, 0.9883901294478912, 0.07424923440345774, -0.020306586058549975, -0.25470970993921754, 0.8260924686831722, 0.9416024425467326, 0.907627996936426, 0.9162570807744942, 0.7771923733747234, 0.4930764559027102, 0.5998730015087969, 0.6122329560330537, 0.9211726844309915, 0.7981491433286173, 0.18057937610021765], [0.9956445947563236, 0.9955884510507684, 0.9956445947563236, 1.0, 1.0, 0.9475213971957211, 0.9475213971957211, 0.8810068316887454, 0.8810068316887454, 0.9444786776011663, 0.9994533549956695, -0.03286067697559719, 0.9879655600539551, 0.9836703627206514, 0.9993842197532198, 0.9537428810062532, 0.9947017952580173, 0.9092798417214848, 0.7622585417735589, -0.07797544774740882, 0.9883901294478912, 0.07424923440345774, -0.020306586058549975, -0.25470970993921754, 0.8260924686831722, 0.9416024425467326, 0.907627996936426, 0.9162570807744942, 0.7771923733747234, 0.4930764559027102, 0.5998730015087969, 0.6122329560330537, 0.9211726844309915, 0.7981491433286173, 0.18057937610021765], [0.9605909959958685, 0.9599350382848039, 0.9605909959958685, 0.9475213971957211, 0.9475213971957211, 1.0, 1.0, 0.9223301127701903, 0.9223301127701903, 0.9126019959002832, 0.9515209117652618, 0.09945396479808787, 0.9766452616282169, 0.9754984552232848, 0.9510734736590643, 0.9989642240447814, 0.9718178325587147, 0.9195662067497593, 0.622673364447219, -0.015573021157689911, 0.9319102165227794, 0.239729688394423, -0.19842874894859008, -0.10400219885345498, 0.8961505270379994, 0.910698947350744, 0.9232911117875691, 0.8934137879575749, 0.7229193918161444, 0.6995171853132451, 0.7202316533842141, 0.7136155145316427, 0.8436385137464391, 0.8435868724719244, 0.46097494400403916], [0.9605909959958685, 0.9599350382848039, 0.9605909959958685, 0.9475213971957211, 0.9475213971957211, 1.0, 1.0, 0.9223301127701903, 0.9223301127701903, 0.9126019959002832, 0.9515209117652618, 0.09945396479808787, 0.9766452616282169, 0.9754984552232848, 0.9510734736590643, 0.9989642240447814, 0.9718178325587147, 0.9195662067497593, 0.622673364447219, -0.015573021157689911, 0.9319102165227794, 0.239729688394423, -0.19842874894859008, -0.10400219885345498, 0.8961505270379994, 0.910698947350744, 0.9232911117875691, 0.8934137879575749, 0.7229193918161444, 0.6995171853132451, 0.7202316533842141, 0.7136155145316427, 0.8436385137464391, 0.8435868724719244, 0.46097494400403916], [0.8950340844167356, 0.8963523084275925, 0.8950340844167356, 0.8810068316887454, 0.8810068316887454, 0.9223301127701903, 0.9223301127701903, 1.0, 1.0, 0.8921015593746336, 0.9379867562586528, 0.16249078081609533, 0.9468393137163749, 0.9418832311240418, 0.9375411183436041, 0.9231328986552271, 0.9392242291983443, 0.9731550363547686, 0.5566131722711508, 0.10566893521238122, 0.8372732686515467, 0.49363182451025395, -0.2222032944439044, 0.03871904758485144, 0.7842764808119307, 0.8015302911600964, 0.8589654448320345, 0.8388100152865992, 0.7364188828175546, 0.8678186678293955, 0.7646280349308011, 0.7174313189268166, 0.767520757812298, 0.8311813632076023, 0.8006188749041447], [0.8950340844167356, 0.8963523084275925, 0.8950340844167356, 0.8810068316887454, 0.8810068316887454, 0.9223301127701903, 0.9223301127701903, 1.0, 1.0, 0.8921015593746336, 0.9379867562586528, 0.16249078081609533, 0.9468393137163749, 0.9418832311240418, 0.9375411183436041, 0.9231328986552271, 0.9392242291983443, 0.9731550363547686, 0.5566131722711508, 0.10566893521238122, 0.8372732686515467, 0.49363182451025395, -0.2222032944439044, 0.03871904758485144, 0.7842764808119307, 0.8015302911600964, 0.8589654448320345, 0.8388100152865992, 0.7364188828175546, 0.8678186678293955, 0.7646280349308011, 0.7174313189268166, 0.767520757812298, 0.8311813632076023, 0.8006188749041447], [0.9477081349560227, 0.9479700049876205, 0.9477081349560227, 0.9444786776011663, 0.9444786776011663, 0.9126019959002832, 0.9126019959002832, 0.8921015593746336, 0.8921015593746336, 1.0, 0.9416414746196212, 0.2847245706961534, 0.9274081075155377, 0.905924733381415, 0.9423629183447033, 0.9141484270942861, 0.9458470553481689, 0.9057379488823768, 0.7899755883339746, 0.22836248832331538, 0.9337610077451336, 0.78746578741795, -0.3237523338366448, 0.39609778922628336, 0.8624183662507089, 0.8546986320892246, 0.8934635381470034, 0.8720925465674838, 0.7628481579297108, 0.7905509419318459, 0.8332519143569497, 0.8024864587620648, 0.8490739635622793, 0.8940585176602025, 0.7805643202901689], [0.995205671612254, 0.9951749670135888, 0.995205671612254, 0.9994533549956695, 0.9994533549956695, 0.9515209117652618, 0.9515209117652618, 0.9379867562586528, 0.9379867562586528, 0.9416414746196212, 1.0, 0.355460991234122, 0.9877571159143019, 0.98409493466692, 0.9999130081266496, 0.9520448450656553, 0.9938323086331655, 0.9284256253947648, 0.8394512072756624, 0.1796274632923336, 0.9954633948013484, 0.8450882582062557, -0.40759242182479993, 0.3785035026042554, 0.8709858734595253, 0.9157876409493625, 0.9395504274651366, 0.9109475060352775, 0.7984327240768326, 0.8873248520900685, 0.8695903316677889, 0.8153400782903157, 0.8941520893609428, 0.9418952670816275, 0.7853603465869974], [-0.018049689815439057, -0.017033860597347347, -0.018049689815439057, -0.03286067697559719, -0.03286067697559719, 0.09945396479808787, 0.09945396479808787, 0.16249078081609533, 0.16249078081609533, 0.2847245706961534, 0.355460991234122, 1.0, 0.9869303459341016, 0.9827859486052215, 0.3542461633973826, 0.093710430976588, 0.22038763410910586, 0.08182837702416569, -0.3690811873224602, 0.45097763506403704, -0.016390278881291687, 0.3750189878511219, -0.3011602612501383, 0.5518195043337424, 0.0765406130144257, -0.08742075979319464, 0.20658447240507463, -0.1315658636308661, -0.26925214233470235, 0.16290002827550215, 0.09972164527313995, 0.2586458464927831, -0.10444624645494777, 0.3685930274348005, 0.05437513856448812], [0.9924424336050514, 0.9921881042995586, 0.9924424336050514, 0.9879655600539551, 0.9879655600539551, 0.9766452616282169, 0.9766452616282169, 0.9468393137163749, 0.9468393137163749, 0.9274081075155377, 0.9877571159143019, 0.9869303459341016, 1.0, 0.9996761604017972, 0.9876471276745817, 0.9749002459326751, 0.9894270756507074, 0.9236066426487614, 0.8047080602761646, 0.21569833129408683, 0.9854280615867104, 0.8709716496623041, -0.5994675948878734, 0.45592495595040383, 0.8512457339588171, 0.9332776268020317, 0.9567929306462839, 0.9050384748046063, 0.7193023601755425, 0.888761951013991, 0.8489746826401292, 0.8065963186520995, 0.8742048084657629, 0.9628714647404515, 0.8216710046961875], [0.9919921518727334, 0.9914078169286391, 0.9919921518727334, 0.9836703627206514, 0.9836703627206514, 0.9754984552232848, 0.9754984552232848, 0.9418832311240418, 0.9418832311240418, 0.905924733381415, 0.98409493466692, 0.9827859486052215, 0.9996761604017972, 1.0, 0.9841364648301032, 0.9726285521342314, 0.9876131889333586, 0.9116167961380949, 0.8229215250223914, 0.09675243967585716, 0.9796188603949677, 0.8801827589438562, -0.8156851075189401, 0.5049348117374804, 0.8097567813044295, 0.9393867479259007, 0.9545777578784513, 0.8908376548479965, 0.6315011657080457, 0.8996843651945136, 0.8344333739251528, 0.7577187368997554, 0.9079664285270888, 0.9654058008795248, 0.7922668605065077], [0.9951135883671581, 0.9950722775255368, 0.9951135883671581, 0.9993842197532198, 0.9993842197532198, 0.9510734736590643, 0.9510734736590643, 0.9375411183436041, 0.9375411183436041, 0.9423629183447033, 0.9999130081266496, 0.3542461633973826, 0.9876471276745817, 0.9841364648301032, 1.0, 0.9517080036597171, 0.9937790084013014, 0.9284635143519346, 0.8406041831717376, 0.17827432231449247, 0.9953579629481362, 0.8445622862952769, -0.4053126272835824, 0.37656539071641176, 0.8705165216991338, 0.9143037771383294, 0.9384787530788501, 0.9114295934254663, 0.8001127210106388, 0.8869414820471634, 0.8708246445466692, 0.8162839042920387, 0.8938720187792591, 0.9415905283129791, 0.785401599065677], [0.9712883027917231, 0.9705315018895987, 0.9712883027917231, 0.9537428810062532, 0.9537428810062532, 0.9989642240447814, 0.9989642240447814, 0.9231328986552271, 0.9231328986552271, 0.9141484270942861, 0.9520448450656553, 0.093710430976588, 0.9749002459326751, 0.9726285521342314, 0.9517080036597171, 1.0, 0.9735441335631579, 0.9191926331116925, 0.6716105967525239, 0.003744735877244503, 0.9433102211241358, 0.5676465204000557, -0.3324644116549589, -0.15803147350917482, 0.909169017949924, 0.9237837430439156, 0.9186933462751181, 0.9019833390021819, 0.7642290075434018, 0.8311162412211167, 0.7710220401382756, 0.771537691680853, 0.8680108073200927, 0.8406253600409728, 0.7890661665545423], [0.9988682560002853, 0.9988721751530285, 0.9988682560002853, 0.9947017952580173, 0.9947017952580173, 0.9718178325587147, 0.9718178325587147, 0.9392242291983443, 0.9392242291983443, 0.9458470553481689, 0.9938323086331655, 0.22038763410910586, 0.9894270756507074, 0.9876131889333586, 0.9937790084013014, 0.9735441335631579, 1.0, 0.9434417187652081, 0.8458430195629525, 0.17573295440460407, 0.98673880598656, 0.8143331491716808, -0.3903447636355307, 0.3883664245978381, 0.902667267811546, 0.9314420473690898, 0.9433698023571253, 0.935909070064599, 0.8202983828135301, 0.8769654407560937, 0.8966516182048735, 0.8449560392285752, 0.9059967842899403, 0.945976087470456, 0.8404093966632579], [0.9273196780086886, 0.9279093475021207, 0.9273196780086886, 0.9092798417214848, 0.9092798417214848, 0.9195662067497593, 0.9195662067497593, 0.9731550363547686, 0.9731550363547686, 0.9057379488823768, 0.9284256253947648, 0.08182837702416569, 0.9236066426487614, 0.9116167961380949, 0.9284635143519346, 0.9191926331116925, 0.9434417187652081, 1.0, 0.7261346122229767, 0.021440696658857145, 0.8722551152151368, 0.5038984087936392, -0.12077972960905668, -0.19974457605592816, 0.8219247685537796, 0.8401790266716188, 0.8284155530574869, 0.9117242733009734, 0.828219656602486, 0.7985460648843482, 0.7400711610221767, 0.6989731246775777, 0.8354793232036404, 0.7619988643641612, 0.8464413178236899], [0.7823806519020817, 0.8032657799166442, 0.7823806519020817, 0.7622585417735589, 0.7622585417735589, 0.622673364447219, 0.622673364447219, 0.5566131722711508, 0.5566131722711508, 0.7899755883339746, 0.8394512072756624, -0.3690811873224602, 0.8047080602761646, 0.8229215250223914, 0.8406041831717376, 0.6716105967525239, 0.8458430195629525, 0.7261346122229767, 1.0, 0.06320825692454948, 0.7249539875441746, -0.4421408587532419, 0.39649831954946146, -0.6622321972568209, 0.33042811739872086, 0.8034956341012905, 0.4789557520890835, 0.8290170311837076, 0.6786727976707484, 0.02985649283092478, 0.27210326262156165, 0.5554626927826427, 0.7746114367549212, 0.4541503692553645, -0.1723801699568486], [-0.07272103782337117, 0.13344942669515028, -0.07272103782337117, -0.07797544774740882, -0.07797544774740882, -0.015573021157689911, -0.015573021157689911, 0.10566893521238122, 0.10566893521238122, 0.22836248832331538, 0.1796274632923336, 0.45097763506403704, 0.21569833129408683, 0.09675243967585716, 0.17827432231449247, 0.003744735877244503, 0.17573295440460407, 0.021440696658857145, 0.06320825692454948, 1.0, -0.0424086330419362, 0.1380936475344832, 0.11268346433695876, 0.7526362925394219, -0.07536595007334473, 0.049715615466945924, 0.04070809410649608, 0.20412225512282653, 0.04285088962685502, 0.12833193329871254, 0.3962924104547496, 0.599429311196034, -0.07586000554799727, 0.16479219275437565, 0.1743305934991472], [0.9766121250395698, 0.967454753285288, 0.9766121250395698, 0.9883901294478912, 0.9883901294478912, 0.9319102165227794, 0.9319102165227794, 0.8372732686515467, 0.8372732686515467, 0.9337610077451336, 0.9954633948013484, -0.016390278881291687, 0.9854280615867104, 0.9796188603949677, 0.9953579629481362, 0.9433102211241358, 0.98673880598656, 0.8722551152151368, 0.7249539875441746, -0.0424086330419362, 1.0, -0.016161932453583973, -0.08452743525791588, -0.31520465227589956, 0.6885263634997202, 0.9227388674157735, 0.8909172470769087, 0.8581370628934442, 0.7457830068018877, 0.4889621074932649, 0.5625320514572612, 0.5420199300665623, 0.8995331489086131, 0.644845109630968, 0.1593496999838627], [0.0549127231791209, -0.10448896455917887, 0.0549127231791209, 0.07424923440345774, 0.07424923440345774, 0.239729688394423, 0.239729688394423, 0.49363182451025395, 0.49363182451025395, 0.78746578741795, 0.8450882582062557, 0.3750189878511219, 0.8709716496623041, 0.8801827589438562, 0.8445622862952769, 0.5676465204000557, 0.8143331491716808, 0.5038984087936392, -0.4421408587532419, 0.1380936475344832, -0.016161932453583973, 1.0, -0.4209090166621958, 0.7803897296792242, 0.3596032461456377, -0.06684350036823843, 0.24636662358539085, -0.16666964887096472, 0.01179961846799426, 0.556962714248417, 0.44350968633320437, 0.17013549581252393, -0.0911823538483297, 0.34324939786397657, 0.4637319734484413], [0.009586241417151344, 0.0169310626108737, 0.009586241417151344, -0.020306586058549975, -0.020306586058549975, -0.19842874894859008, -0.19842874894859008, -0.2222032944439044, -0.2222032944439044, -0.3237523338366448, -0.40759242182479993, -0.3011602612501383, -0.5994675948878734, -0.8156851075189401, -0.4053126272835824, -0.3324644116549589, -0.3903447636355307, -0.12077972960905668, 0.39649831954946146, 0.11268346433695876, -0.08452743525791588, -0.4209090166621958, 1.0, -0.051154848339042554, -0.1239259409238383, -0.025840026388707003, -0.23246333941768277, 0.0338731571613404, -0.005066144398938547, -0.527034385516164, -0.14603352520409424, 0.012199011577196144, 0.04356141649585282, -0.14509339029780696, -0.40135900486247494], [-0.2508732033638787, -0.25120409152336365, -0.2508732033638787, -0.25470970993921754, -0.25470970993921754, -0.10400219885345498, -0.10400219885345498, 0.03871904758485144, 0.03871904758485144, 0.39609778922628336, 0.3785035026042554, 0.5518195043337424, 0.45592495595040383, 0.5049348117374804, 0.37656539071641176, -0.15803147350917482, 0.3883664245978381, -0.19974457605592816, -0.6622321972568209, 0.7526362925394219, -0.31520465227589956, 0.7803897296792242, -0.051154848339042554, 1.0, -0.09742416230179202, -0.3026874862350928, -0.04745187606177408, -0.34961880188486694, -0.3262614088956989, 0.1129490264213989, 0.1838409030185697, 0.27571534388275554, -0.38251569203158176, 0.14452266340059344, 0.10567278233712177], [0.8247470119512327, 0.6479092825494627, 0.8247470119512327, 0.8260924686831722, 0.8260924686831722, 0.8961505270379994, 0.8961505270379994, 0.7842764808119307, 0.7842764808119307, 0.8624183662507089, 0.8709858734595253, 0.0765406130144257, 0.8512457339588171, 0.8097567813044295, 0.8705165216991338, 0.909169017949924, 0.902667267811546, 0.8219247685537796, 0.33042811739872086, -0.07536595007334473, 0.6885263634997202, 0.3596032461456377, -0.1239259409238383, -0.09742416230179202, 1.0, 0.6154263876640202, 0.8453496498260153, 0.4779751998519052, 0.6128326525782145, 0.5275715745986855, 0.6436674109082322, 0.4066613707960902, 0.695642768543215, 0.6942802869405978, 0.4100657257142455], [0.9509937000773662, 0.9511163008067244, 0.9509937000773662, 0.9416024425467326, 0.9416024425467326, 0.910698947350744, 0.910698947350744, 0.8015302911600964, 0.8015302911600964, 0.8546986320892246, 0.9157876409493625, -0.08742075979319464, 0.9332776268020317, 0.9393867479259007, 0.9143037771383294, 0.9237837430439156, 0.9314420473690898, 0.8401790266716188, 0.8034956341012905, 0.049715615466945924, 0.9227388674157735, -0.06684350036823843, -0.025840026388707003, -0.3026874862350928, 0.6154263876640202, 1.0, 0.8265431325122765, 0.8581919126781214, 0.7054311919059955, 0.3316259908770904, 0.48240004626972255, 0.602961321498548, 0.9015812700792364, 0.6311801174991071, 0.05709957889762491], [0.9025538411093467, 0.8740918354789055, 0.9025538411093467, 0.907627996936426, 0.907627996936426, 0.9232911117875691, 0.9232911117875691, 0.8589654448320345, 0.8589654448320345, 0.8934635381470034, 0.9395504274651366, 0.20658447240507463, 0.9567929306462839, 0.9545777578784513, 0.9384787530788501, 0.9186933462751181, 0.9433698023571253, 0.8284155530574869, 0.4789557520890835, 0.04070809410649608, 0.8909172470769087, 0.24636662358539085, -0.23246333941768277, -0.04745187606177408, 0.8453496498260153, 0.8265431325122765, 1.0, 0.7292329082757582, 0.5755821262595872, 0.5319788204798657, 0.5686962281935098, 0.5260196290375408, 0.7972342264701366, 0.8158914438718535, 0.2061601341957205], [0.9265830005937822, 0.9212096843597891, 0.9265830005937822, 0.9162570807744942, 0.9162570807744942, 0.8934137879575749, 0.8934137879575749, 0.8388100152865992, 0.8388100152865992, 0.8720925465674838, 0.9109475060352775, -0.1315658636308661, 0.9050384748046063, 0.8908376548479965, 0.9114295934254663, 0.9019833390021819, 0.935909070064599, 0.9117242733009734, 0.8290170311837076, 0.20412225512282653, 0.8581370628934442, -0.16666964887096472, 0.0338731571613404, -0.34961880188486694, 0.4779751998519052, 0.8581919126781214, 0.7292329082757582, 1.0, 0.8998330603489909, 0.4934224059813183, 0.6654855382027974, 0.6679979732049661, 0.8687986274572345, 0.48728846976364054, 0.28970971629874054], [0.7651391861428899, 0.7788552376805576, 0.7651391861428899, 0.7771923733747234, 0.7771923733747234, 0.7229193918161444, 0.7229193918161444, 0.7364188828175546, 0.7364188828175546, 0.7628481579297108, 0.7984327240768326, -0.26925214233470235, 0.7193023601755425, 0.6315011657080457, 0.8001127210106388, 0.7642290075434018, 0.8202983828135301, 0.828219656602486, 0.6786727976707484, 0.04285088962685502, 0.7457830068018877, 0.01179961846799426, -0.005066144398938547, -0.3262614088956989, 0.6128326525782145, 0.7054311919059955, 0.5755821262595872, 0.8998330603489909, 1.0, 0.5388840350078565, 0.6478128246603717, 0.6016818750189247, 0.7104803024653203, 0.5510414267333974, 0.4715013955347474], [0.46733642444132356, 0.45891622160036427, 0.46733642444132356, 0.4930764559027102, 0.4930764559027102, 0.6995171853132451, 0.6995171853132451, 0.8678186678293955, 0.8678186678293955, 0.7905509419318459, 0.8873248520900685, 0.16290002827550215, 0.888761951013991, 0.8996843651945136, 0.8869414820471634, 0.8311162412211167, 0.8769654407560937, 0.7985460648843482, 0.02985649283092478, 0.12833193329871254, 0.4889621074932649, 0.556962714248417, -0.527034385516164, 0.1129490264213989, 0.5275715745986855, 0.3316259908770904, 0.5319788204798657, 0.4934224059813183, 0.5388840350078565, 1.0, 0.7285059346199239, 0.36331153520959086, 0.4264690312718086, 0.5211215885796181, 0.7935314927694517], [0.6057393744506853, 0.6027055622980841, 0.6057393744506853, 0.5998730015087969, 0.5998730015087969, 0.7202316533842141, 0.7202316533842141, 0.7646280349308011, 0.7646280349308011, 0.8332519143569497, 0.8695903316677889, 0.09972164527313995, 0.8489746826401292, 0.8344333739251528, 0.8708246445466692, 0.7710220401382756, 0.8966516182048735, 0.7400711610221767, 0.27210326262156165, 0.3962924104547496, 0.5625320514572612, 0.44350968633320437, -0.14603352520409424, 0.1838409030185697, 0.6436674109082322, 0.48240004626972255, 0.5686962281935098, 0.6654855382027974, 0.6478128246603717, 0.7285059346199239, 1.0, 0.7765259700448207, 0.4582989769415218, 0.7102343366040367, 0.5491888026173957], [0.6377692923554565, 0.669120557705801, 0.6377692923554565, 0.6122329560330537, 0.6122329560330537, 0.7136155145316427, 0.7136155145316427, 0.7174313189268166, 0.7174313189268166, 0.8024864587620648, 0.8153400782903157, 0.2586458464927831, 0.8065963186520995, 0.7577187368997554, 0.8162839042920387, 0.771537691680853, 0.8449560392285752, 0.6989731246775777, 0.5554626927826427, 0.599429311196034, 0.5420199300665623, 0.17013549581252393, 0.012199011577196144, 0.27571534388275554, 0.4066613707960902, 0.602961321498548, 0.5260196290375408, 0.6679979732049661, 0.6016818750189247, 0.36331153520959086, 0.7765259700448207, 1.0, 0.48045918803337595, 0.6685473935231504, 0.1942232275032555], [0.927430727958471, 0.9244454283258439, 0.927430727958471, 0.9211726844309915, 0.9211726844309915, 0.8436385137464391, 0.8436385137464391, 0.767520757812298, 0.767520757812298, 0.8490739635622793, 0.8941520893609428, -0.10444624645494777, 0.8742048084657629, 0.9079664285270888, 0.8938720187792591, 0.8680108073200927, 0.9059967842899403, 0.8354793232036404, 0.7746114367549212, -0.07586000554799727, 0.8995331489086131, -0.0911823538483297, 0.04356141649585282, -0.38251569203158176, 0.695642768543215, 0.9015812700792364, 0.7972342264701366, 0.8687986274572345, 0.7104803024653203, 0.4264690312718086, 0.4582989769415218, 0.48045918803337595, 1.0, 0.7034729397319125, 0.15647694569167878], [0.8083313349952744, 0.6697494123095428, 0.8083313349952744, 0.7981491433286173, 0.7981491433286173, 0.8435868724719244, 0.8435868724719244, 0.8311813632076023, 0.8311813632076023, 0.8940585176602025, 0.9418952670816275, 0.3685930274348005, 0.9628714647404515, 0.9654058008795248, 0.9415905283129791, 0.8406253600409728, 0.945976087470456, 0.7619988643641612, 0.4541503692553645, 0.16479219275437565, 0.644845109630968, 0.34324939786397657, -0.14509339029780696, 0.14452266340059344, 0.6942802869405978, 0.6311801174991071, 0.8158914438718535, 0.48728846976364054, 0.5510414267333974, 0.5211215885796181, 0.7102343366040367, 0.6685473935231504, 0.7034729397319125, 1.0, 0.16549019315875577], [0.16795988324578143, 0.1643642677878538, 0.16795988324578143, 0.18057937610021765, 0.18057937610021765, 0.46097494400403916, 0.46097494400403916, 0.8006188749041447, 0.8006188749041447, 0.7805643202901689, 0.7853603465869974, 0.05437513856448812, 0.8216710046961875, 0.7922668605065077, 0.785401599065677, 0.7890661665545423, 0.8404093966632579, 0.8464413178236899, -0.1723801699568486, 0.1743305934991472, 0.1593496999838627, 0.4637319734484413, -0.40135900486247494, 0.10567278233712177, 0.4100657257142455, 0.05709957889762491, 0.2061601341957205, 0.28970971629874054, 0.4715013955347474, 0.7935314927694517, 0.5491888026173957, 0.1942232275032555, 0.15647694569167878, 0.16549019315875577, 1.0]], "x": ["^TAIEX       \u81fa\u7063\u52a0\u6b0a\u5831\u916c\u6307\u6578", "^TWII        \u81fa\u7063\u52a0\u6b0a\u6307\u6578", "^TAIEXx2     \u81fa\u7063\u52a0\u6b0a\u5831\u916c\u6307\u6578_\u65e5\u6b632", "^TAI50I      \u81fa\u706350\u5831\u916c\u6307\u6578", "^TAI50Ix2    \u81fa\u706350\u5831\u916c\u6307\u6578_\u65e5\u6b632", "^TAI100I     \u81fa\u7063\u4e2d\u578b100\u5831\u916c\u6307\u6578", "^TAI100Ix2   \u81fa\u7063\u4e2d\u578b100\u5831\u916c\u6307\u6578_\u65e5\u6b632", "^TAIDIVIDI   \u81fa\u7063\u9ad8\u80a1\u606f\u5831\u916c\u6307\u6578", "^TAIDIVIDIx2 \u81fa\u7063\u9ad8\u80a1\u606f\u5831\u916c\u6307\u6578_\u65e5\u6b632", "0050Fund     \u5143\u5927\u53f0\u7063\u5353\u8d8a50\u57fa\u91d1", "006208Fund   \u5bcc\u90a6\u53f0\u7063\u91c6\u540950\u57fa\u91d1", "0050         \u5143\u5927\u81fa\u706350", "00631L       \u5143\u5927\u53f0\u706350\u6b632", "00675L       \u5bcc\u90a6\u81fa\u7063\u52a0\u6b0a\u6b632", "006208       \u5bcc\u90a6\u53f050", "0051         \u5143\u5927\u4e2d\u578b100", "006204       \u6c38\u8c50\u81fa\u7063\u52a0\u6b0a", "0056         \u5143\u5927\u9ad8\u80a1\u606f", "2412         \u4e2d\u83ef\u96fb\u4fe1", "2002         \u4e2d\u92fc", "2330         \u53f0\u7a4d\u96fb", "2317         \u9d3b\u6d77", "6505         \u53f0\u5851\u77f3\u5316", "3481         \u7fa4\u5275", "2303         \u806f\u96fb", "2308         \u53f0\u9054\u96fb", "2454         \u806f\u767c\u79d1", "2886         \u5146\u8c50\u91d1", "2884         \u7389\u5c71\u91d1", "2891         \u4e2d\u4fe1\u91d1", "2892         \u7b2c\u4e00\u91d1", "5880         \u5408\u5eab\u91d1", "2881         \u5bcc\u90a6\u91d1", "2885         \u5143\u5927\u91d1", "2887         \u53f0\u65b0\u91d1"], "y": ["^TAIEX       \u81fa\u7063\u52a0\u6b0a\u5831\u916c\u6307\u6578", "^TWII        \u81fa\u7063\u52a0\u6b0a\u6307\u6578", "^TAIEXx2     \u81fa\u7063\u52a0\u6b0a\u5831\u916c\u6307\u6578_\u65e5\u6b632", "^TAI50I      \u81fa\u706350\u5831\u916c\u6307\u6578", "^TAI50Ix2    \u81fa\u706350\u5831\u916c\u6307\u6578_\u65e5\u6b632", "^TAI100I     \u81fa\u7063\u4e2d\u578b100\u5831\u916c\u6307\u6578", "^TAI100Ix2   \u81fa\u7063\u4e2d\u578b100\u5831\u916c\u6307\u6578_\u65e5\u6b632", "^TAIDIVIDI   \u81fa\u7063\u9ad8\u80a1\u606f\u5831\u916c\u6307\u6578", "^TAIDIVIDIx2 \u81fa\u7063\u9ad8\u80a1\u606f\u5831\u916c\u6307\u6578_\u65e5\u6b632", "0050Fund     \u5143\u5927\u53f0\u7063\u5353\u8d8a50\u57fa\u91d1", "006208Fund   \u5bcc\u90a6\u53f0\u7063\u91c6\u540950\u57fa\u91d1", "0050         \u5143\u5927\u81fa\u706350", "00631L       \u5143\u5927\u53f0\u706350\u6b632", "00675L       \u5bcc\u90a6\u81fa\u7063\u52a0\u6b0a\u6b632", "006208       \u5bcc\u90a6\u53f050", "0051         \u5143\u5927\u4e2d\u578b100", "006204       \u6c38\u8c50\u81fa\u7063\u52a0\u6b0a", "0056         \u5143\u5927\u9ad8\u80a1\u606f", "2412         \u4e2d\u83ef\u96fb\u4fe1", "2002         \u4e2d\u92fc", "2330         \u53f0\u7a4d\u96fb", "2317         \u9d3b\u6d77", "6505         \u53f0\u5851\u77f3\u5316", "3481         \u7fa4\u5275", "2303         \u806f\u96fb", "2308         \u53f0\u9054\u96fb", "2454         \u806f\u767c\u79d1", "2886         \u5146\u8c50\u91d1", "2884         \u7389\u5c71\u91d1", "2891         \u4e2d\u4fe1\u91d1", "2892         \u7b2c\u4e00\u91d1", "5880         \u5408\u5eab\u91d1", "2881         \u5bcc\u90a6\u91d1", "2885         \u5143\u5927\u91d1", "2887         \u53f0\u65b0\u91d1"], "zmin": -1, "zmax": 1, "colorbar": {"x": -0.2}}], "layout": {"autotypenumbers": "strict", "colorway": ["#636efa", "#EF553B", "#00cc96", "#ab63fa", "#FFA15A", "#19d3f3", "#FF6692", "#B6E880", "#FF97FF", "#FECB52"], "font": {"color": "#f2f5fa", "family": "Courier New"}, "hovermode": "closest", "hoverlabel": {"align": "left"}, "paper_bgcolor": "rgb(17,17,17)", "plot_bgcolor": "rgb(17,17,17)", "polar": {"bgcolor": "rgb(17,17,17)", "angularaxis": {"gridcolor": "#506784", "linecolor": "#506784", "ticks": ""}, "radialaxis": {"gridcolor": "#506784", "linecolor": "#506784", "ticks": ""}}, "ternary": {"bgcolor": "rgb(17,17,17)", "aaxis": {"gridcolor": "#506784", "linecolor": "#506784", "ticks": ""}, "baxis": {"gridcolor": "#506784", "linecolor": "#506784", "ticks": ""}, "caxis": {"gridcolor": "#506784", "linecolor": "#506784", "ticks": ""}}, "coloraxis": {"colorbar": {"outlinewidth": 0, "ticks": ""}}, "colorscale": {"sequential": [[0.0, "#0d0887"], [0.1111111111111111, "#46039f"], [0.2222222222222222, "#7201a8"], [0.3333333333333333, "#9c179e"], [0.4444444444444444, "#bd3786"], [0.5555555555555556, "#d8576b"], [0.6666666666666666, "#ed7953"], [0.7777777777777778, "#fb9f3a"], [0.8888888888888888, "#fdca26"], [1.0, "#f0f921"]], "sequentialminus": [[0.0, "#0d0887"], [0.1111111111111111, "#46039f"], [0.2222222222222222, "#7201a8"], [0.3333333333333333, "#9c179e"], [0.4444444444444444, "#bd3786"], [0.5555555555555556, "#d8576b"], [0.6666666666666666, "#ed7953"], [0.7777777777777778, "#fb9f3a"], [0.8888888888888888, "#fdca26"], [1.0, "#f0f921"]], "diverging": [[0, "#8e0152"], [0.1, "#c51b7d"], [0.2, "#de77ae"], [0.3, "#f1b6da"], [0.4, "#fde0ef"], [0.5, "#f7f7f7"], [0.6, "#e6f5d0"], [0.7, "#b8e186"], [0.8, "#7fbc41"], [0.9, "#4d9221"], [1, "#276419"]]}, "xaxis": {"gridcolor": "rgba(0, 0, 0, 0)", "linecolor": "#506784", "ticks": "", "title": {"standoff": 15}, "zerolinecolor": "#283442", "automargin": true, "zerolinewidth": 2, "tickfont": {"family": "Courier New", "size": 14}, "side": "top", "tickangle": -90}, "yaxis": {"gridcolor": "rgba(0, 0, 0, 0)", "linecolor": "#506784", "ticks": "", "title": {"standoff": 15}, "zerolinecolor": "#283442", "automargin": true, "zerolinewidth": 2, "tickfont": {"family": "Courier New"}, "side": "right"}, "scene": {"xaxis": {"backgroundcolor": "rgb(17,17,17)", "gridcolor": "#506784", "linecolor": "#506784", "showbackground": true, "ticks": "", "zerolinecolor": "#C8D4E3", "gridwidth": 2}, "yaxis": {"backgroundcolor": "rgb(17,17,17)", "gridcolor": "#506784", "linecolor": "#506784", "showbackground": true, "ticks": "", "zerolinecolor": "#C8D4E3", "gridwidth": 2}, "zaxis": {"backgroundcolor": "rgb(17,17,17)", "gridcolor": "#506784", "linecolor": "#506784", "showbackground": true, "ticks": "", "zerolinecolor": "#C8D4E3", "gridwidth": 2}}, "shapedefaults": {"line": {"color": "#f2f5fa"}}, "annotationdefaults": {"arrowcolor": "#f2f5fa", "arrowhead": 0, "arrowwidth": 1}, "geo": {"bgcolor": "rgb(17,17,17)", "landcolor": "rgb(17,17,17)", "subunitcolor": "#506784", "showland": true, "showlakes": true, "lakecolor": "rgb(17,17,17)"}, "title": {"x": 0.05, "font": {"family": "Times New Roman"}, "y": 0.05, "text": "<b>Correlation of Close<b><br><i>2016-09-23 ~ 2025-07-16<i>"}, "updatemenudefaults": {"bgcolor": "#506784", "borderwidth": 0}, "sliderdefaults": {"bgcolor": "#C8D4E3", "borderwidth": 1, "bordercolor": "rgb(17,17,17)", "tickwidth": 0}, "mapbox": {"style": "dark"}}, "config": {"responsive": true, "toImageButtonOptions": {"filename": "Correlation of Close_2016-09-23~2025-07-16", "scale": 5}}};

Plotly.newPlot("correlationClose",
    correlationClose.data,
    correlationClose.layout || {},
    correlationClose.config);