var element=document.getElementById("correlationClose");if(element.style.display!='none'){var correlationClose={"data":[{"type":"heatmap","z":[[1.0,0.9999999999999979,1.0,0.9950133566871956,0.9950133566871956,0.9727302514907394,0.9727302514907394,0.9148556184932185,0.9148556184932185,0.7366299534177336,0.9952031162067472,0.6791179529361712,0.945788434242065,0.9911570101389781,0.9952848578620627,0.9778401301117616,0.9992843169822482,0.906547870061134,0.906547870061134,0.7701214155521476,-0.19256974345301178,0.9806901680981067,0.2512524607128956,-0.16769772660690477,-0.2234482233145382,0.822105485018215,0.8933083042916574,0.926959278684809,0.9050053159109315,0.7863621124906962,0.6522004477746735,0.6531917434166972,0.6057115890287048,0.9291504042818364,0.8668412056010454,0.270394233952809],[0.9999999999999979,1.0,0.999999999999998,0.9949755537511296,0.9949755537511296,0.9722086975671476,0.9722086975671476,0.9154355906692628,0.9154355906692628,0.7395602990338351,0.9951823014763905,0.6809797564656471,0.9455717398856319,0.9907435583526849,0.9952799415868147,0.9774175763594384,0.9992816427679594,0.9065001317576278,0.9065001317576278,0.7876592496475026,0.018673544173531093,0.9735124332803479,0.012354097557324282,-0.15953551258412815,-0.2245149578272507,0.6691325881723555,0.8925896480203522,0.9064505777510309,0.9018519721029035,0.7947037446377372,0.6424633656138669,0.6508162142726776,0.6310276932003918,0.9282906339480078,0.7405861585715006,0.26510451350300795],[1.0,0.999999999999998,1.0,0.9950133566871956,0.9950133566871956,0.9727302514907394,0.9727302514907394,0.9148556184932185,0.9148556184932185,0.7366299534177336,0.9952031162067472,0.6791179529361712,0.945788434242065,0.9911570101389781,0.9952848578620627,0.9778401301117616,0.9992843169822482,0.906547870061134,0.906547870061134,0.7701214155521476,-0.19256974345301178,0.9806901680981067,0.2512524607128956,-0.16769772660690477,-0.2234482233145382,0.822105485018215,0.8933083042916574,0.926959278684809,0.9050053159109315,0.7863621124906962,0.6522004477746735,0.6531917434166972,0.6057115890287048,0.9291504042818364,0.8668412056010454,0.270394233952809],[0.9950133566871956,0.9949755537511296,0.9950133566871956,1.0,1.0,0.9606046360666737,0.9606046360666737,0.8972727648588679,0.8972727648588679,0.6958063336344991,0.9996474018013883,0.6380366487685345,0.9423060299153636,0.9915328077815875,0.9995991393865353,0.9611353502326891,0.995276697949126,0.8769677384081107,0.8769677384081107,0.7388353489164126,-0.2000706870715305,0.9926875800784593,0.27953624069645083,-0.20289472090662275,-0.21865154303807216,0.8073441740416849,0.9147825172275935,0.9248064602378719,0.880821728166837,0.7831558774752566,0.6817303541293883,0.6423171629913249,0.5701800837313855,0.9134911320410548,0.8590761533430774,0.28575342713475277],[0.9950133566871956,0.9949755537511296,0.9950133566871956,1.0,1.0,0.9606046360666737,0.9606046360666737,0.8972727648588679,0.8972727648588679,0.6958063336344991,0.9996474018013883,0.6380366487685345,0.9423060299153636,0.9915328077815875,0.9995991393865353,0.9611353502326891,0.995276697949126,0.8769677384081107,0.8769677384081107,0.7388353489164126,-0.2000706870715305,0.9926875800784593,0.27953624069645083,-0.20289472090662275,-0.21865154303807216,0.8073441740416849,0.9147825172275935,0.9248064602378719,0.880821728166837,0.7831558774752566,0.6817303541293883,0.6423171629913249,0.5701800837313855,0.9134911320410548,0.8590761533430774,0.28575342713475277],[0.9727302514907394,0.9722086975671476,0.9727302514907394,0.9606046360666737,0.9606046360666737,1.0,1.0,0.9384342208403174,0.9384342208403174,0.7164932331179177,0.9593083400581565,0.6920087986591982,0.9268788316142977,0.9614922277075699,0.9592243788961207,0.9990947421443951,0.9781815509070774,0.9127677087308417,0.9127677087308417,0.6559865208040455,-0.14966233453318958,0.9479841570710145,0.38523620848673706,-0.3346911628225418,-0.10941243414275749,0.8830531996412391,0.8525375632188871,0.9419565221656924,0.8867780811533638,0.7573151888270759,0.802139826601633,0.7449117625802314,0.6764138722352556,0.8711562474973371,0.8913074346977116,0.5293105822668293],[0.9727302514907394,0.9722086975671476,0.9727302514907394,0.9606046360666737,0.9606046360666737,1.0,1.0,0.9384342208403174,0.9384342208403174,0.7164932331179177,0.9593083400581565,0.6920087986591982,0.9268788316142977,0.9614922277075699,0.9592243788961207,0.9990947421443951,0.9781815509070774,0.9127677087308417,0.9127677087308417,0.6559865208040455,-0.14966233453318958,0.9479841570710145,0.38523620848673706,-0.3346911628225418,-0.10941243414275749,0.8830531996412391,0.8525375632188871,0.9419565221656924,0.8867780811533638,0.7573151888270759,0.802139826601633,0.7449117625802314,0.6764138722352556,0.8711562474973371,0.8913074346977116,0.5293105822668293],[0.9148556184932185,0.9154355906692628,0.9148556184932185,0.8972727648588679,0.8972727648588679,0.9384342208403174,0.9384342208403174,1.0,1.0,0.6935929357744314,0.9359435009535026,0.7022308492713589,0.901844108556829,0.9191519827961673,0.9361417519202223,0.9405697014319142,0.9470806042633398,0.9693893556217041,0.9693893556217041,0.6125964087198038,-0.028310488723794873,0.8646685753716609,0.596685838837971,-0.3635170487544594,0.01325463425423064,0.8041848178859194,0.74483807584126,0.8918276476001112,0.8567582881923016,0.7753210624223004,0.8895286764823543,0.7925610697688229,0.7044952294840543,0.8162649799724236,0.8709881546250243,0.8288371467696845],[0.9148556184932185,0.9154355906692628,0.9148556184932185,0.8972727648588679,0.8972727648588679,0.9384342208403174,0.9384342208403174,1.0,1.0,0.6935929357744314,0.9359435009535026,0.7022308492713589,0.901844108556829,0.9191519827961673,0.9361417519202223,0.9405697014319142,0.9470806042633398,0.9693893556217041,0.9693893556217041,0.6125964087198038,-0.028310488723794873,0.8646685753716609,0.596685838837971,-0.3635170487544594,0.01325463425423064,0.8041848178859194,0.74483807584126,0.8918276476001112,0.8567582881923016,0.7753210624223004,0.8895286764823543,0.7925610697688229,0.7044952294840543,0.8162649799724236,0.8709881546250243,0.8288371467696845],[0.7366299534177336,0.7395602990338351,0.7366299534177336,0.6958063336344991,0.6958063336344991,0.7164932331179177,0.7164932331179177,0.6935929357744314,0.6935929357744314,1.0,0.5512046740862345,0.9999695703061566,0.47288170972075,0.32792874622350754,0.5551207074011135,0.7124995355277268,0.6226341572858597,0.7878546418631669,0.7878546418631669,0.6840129132594861,-0.0971903062522906,0.6630491600521563,0.03521332519291296,0.049747722959390096,-0.2429135910316094,0.759340288020292,0.40812384709324173,0.7111881802777724,0.7985232857809859,0.6681669984518235,0.32206879632753416,0.5204222388832026,0.5615523330543716,0.7646558803681859,0.6018599237329647,0.16660396425198962],[0.9952031162067472,0.9951823014763905,0.9952031162067472,0.9996474018013883,0.9996474018013883,0.9593083400581565,0.9593083400581565,0.9359435009535026,0.9359435009535026,0.5512046740862345,1.0,0.5529508280057354,0.942488106452718,0.9912371536864384,0.9999427362021794,0.9566891321473902,0.9947943036484855,0.8855806083652996,0.8855806083652996,0.8497017999981071,-0.08518962984587268,0.9971872680909568,0.9052734749035789,-0.5418077373910996,0.4792221743035573,0.8102090749731962,0.8912696144299997,0.9352613040472137,0.8683416829470265,0.8087094684814575,0.9382002239346239,0.8477529821004445,0.7194075310726441,0.8955738157537663,0.9547263155404564,0.8304341202889444],[0.6791179529361712,0.6809797564656471,0.6791179529361712,0.6380366487685345,0.6380366487685345,0.6920087986591982,0.6920087986591982,0.7022308492713589,0.7022308492713589,0.9999695703061566,0.5529508280057354,1.0,0.4736532081998851,0.3285422705965916,0.5557717834257127,0.701924988508648,0.623170838043582,0.7811187854381179,0.7811187854381179,0.6361180972543441,0.034066231087459736,0.6093742485662725,0.38663593611046315,-0.16032054921578118,-0.2325498107234821,0.7838191633935526,0.311298877741772,0.6779002693479147,0.7667833716765018,0.6862060049424803,0.4995498076278312,0.6812246328801461,0.6754452055198487,0.7144745194044144,0.575224724216963,0.6102906283249758],[0.945788434242065,0.9455717398856319,0.945788434242065,0.9423060299153636,0.9423060299153636,0.9268788316142977,0.9268788316142977,0.901844108556829,0.901844108556829,0.47288170972075,0.942488106452718,0.4736532081998851,1.0,0.9341223082391977,0.942353219123311,0.924134308054105,0.9444215795040425,0.8463608339213237,0.8463608339213237,0.8099263490029278,-0.04638074753730027,0.9399818454456683,0.8945692780557004,-0.6526513176187553,0.4936565259554838,0.7610564639743798,0.8094880550365137,0.9104088215417127,0.8355483547694469,0.7365897323969254,0.8887794287154184,0.805851538123038,0.680188820693433,0.8593062065527027,0.9162992195385398,0.8047754264251668],[0.9911570101389781,0.9907435583526849,0.9911570101389781,0.9915328077815875,0.9915328077815875,0.9614922277075699,0.9614922277075699,0.9191519827961673,0.9191519827961673,0.32792874622350754,0.9912371536864384,0.3285422705965916,0.9341223082391977,1.0,0.9912458451437823,0.955654546983495,0.9893918128039019,0.8399796679081817,0.8399796679081817,0.8519864250423853,-0.19096144130266324,0.9898198882034128,0.9126840669020292,-0.7976550367968473,0.5853093725495618,0.7197871497179934,0.9227394369964327,0.9189927698506363,0.8141295351326001,0.6946560707237261,0.9434165461788869,0.8028826098964663,0.6005730487086003,0.8824191012637534,0.9585908446646253,0.8369553792837203],[0.9952848578620627,0.9952799415868147,0.9952848578620627,0.9995991393865353,0.9995991393865353,0.9592243788961207,0.9592243788961207,0.9361417519202223,0.9361417519202223,0.5551207074011135,0.9999427362021794,0.5557717834257127,0.942353219123311,0.9912458451437823,1.0,0.956848143661488,0.9948997939774001,0.8864740078825927,0.8864740078825927,0.8509222503120075,-0.08313325574700521,0.9970243287666464,0.9047776829468718,-0.5390948481394663,0.47593218804168363,0.8113555651509996,0.8900218563110442,0.9349673410301074,0.8700392556246429,0.8101654113588247,0.9373879861080673,0.8496173589061847,0.7220398587161424,0.8962499497993467,0.9545831103780823,0.8299934458177158],[0.9778401301117616,0.9774175763594384,0.9778401301117616,0.9611353502326891,0.9611353502326891,0.9990947421443951,0.9990947421443951,0.9405697014319142,0.9405697014319142,0.7124995355277268,0.9566891321473902,0.701924988508648,0.924134308054105,0.955654546983495,0.956848143661488,1.0,0.9775492964933933,0.9151969119396987,0.9151969119396987,0.7050208145820507,-0.13477493141698002,0.9506828481034256,0.6995590398763254,-0.46274631615130485,-0.13638121258846905,0.8945234595646223,0.839521193189661,0.9387079261752324,0.895242064750814,0.7910671405812074,0.8830591936455461,0.7902917490316969,0.7344190798315958,0.8922511194733164,0.8876970647920157,0.8233985828690714],[0.9992843169822482,0.9992816427679594,0.9992843169822482,0.995276697949126,0.995276697949126,0.9781815509070774,0.9781815509070774,0.9470806042633398,0.9470806042633398,0.6226341572858597,0.9947943036484855,0.623170838043582,0.9444215795040425,0.9893918128039019,0.9948997939774001,0.9775492964933933,1.0,0.9156839584598849,0.9156839584598849,0.8637096235280255,-0.06579311657760827,0.988792495492031,0.8813400059211287,-0.5257512829067282,0.48189592070617643,0.85748211192493,0.8752533529486151,0.9483448862418384,0.9038729245717387,0.8310338492293038,0.926803866264099,0.8831748111558416,0.7697706321008917,0.9124764718110674,0.9624764129321475,0.8699606919289934],[0.906547870061134,0.9065001317576278,0.906547870061134,0.8769677384081107,0.8769677384081107,0.9127677087308417,0.9127677087308417,0.9693893556217041,0.9693893556217041,0.7878546418631669,0.8855806083652996,0.7811187854381179,0.8463608339213237,0.8399796679081817,0.8864740078825927,0.9151969119396987,0.9156839584598849,1.0,1.0,0.7565008110795243,-0.07373742010734001,0.8424486299415658,0.5913109541314207,-0.2449893584875331,-0.19023944504062873,0.8394867259860131,0.6805096625501916,0.8472598711130299,0.9210018603884428,0.8493946378382097,0.7998753100507937,0.7714111817562919,0.7071186611606911,0.8572665860142795,0.7906460626642948,0.8601719179614236],[0.906547870061134,0.9065001317576278,0.906547870061134,0.8769677384081107,0.8769677384081107,0.9127677087308417,0.9127677087308417,0.9693893556217041,0.9693893556217041,0.7878546418631669,0.8855806083652996,0.7811187854381179,0.8463608339213237,0.8399796679081817,0.8864740078825927,0.9151969119396987,0.9156839584598849,1.0,1.0,0.7565008110795243,-0.07373742010734001,0.8424486299415658,0.5913109541314207,-0.2449893584875331,-0.19023944504062873,0.8394867259860131,0.6805096625501916,0.8472598711130299,0.9210018603884428,0.8493946378382097,0.7998753100507937,0.7714111817562919,0.7071186611606911,0.8572665860142795,0.7906460626642948,0.8601719179614236],[0.7701214155521476,0.7876592496475026,0.7701214155521476,0.7388353489164126,0.7388353489164126,0.6559865208040455,0.6559865208040455,0.6125964087198038,0.6125964087198038,0.6840129132594861,0.8497017999981071,0.6361180972543441,0.8099263490029278,0.8519864250423853,0.8509222503120075,0.7050208145820507,0.8637096235280255,0.7565008110795243,0.7565008110795243,1.0,0.014107821089299217,0.6999313973363241,-0.30902035975138215,0.27349357101552907,-0.643571706276664,0.3850064086937754,0.6275969325714167,0.5353662931011316,0.8426591779427185,0.7080177202065241,0.18424250572524165,0.34020385344446485,0.5739150177519619,0.7895337518581289,0.5064235049241539,-0.10102678064711196],[-0.19256974345301178,0.018673544173531093,-0.19256974345301178,-0.2000706870715305,-0.2000706870715305,-0.14966233453318958,-0.14966233453318958,-0.028310488723794873,-0.028310488723794873,-0.0971903062522906,-0.08518962984587268,0.034066231087459736,-0.04638074753730027,-0.19096144130266324,-0.08313325574700521,-0.13477493141698002,-0.06579311657760827,-0.07373742010734001,-0.07373742010734001,0.014107821089299217,1.0,-0.13196193473108134,0.08354717792217545,0.17867126724917895,0.7403083904936766,-0.11238409487131151,-0.0991358389862185,-0.05582108491084495,0.13381806325853815,-0.031410209312298536,-0.01714837266023963,0.286898477369736,0.5510351283568268,-0.1535705692614713,0.06115507430766644,0.12364793729276798],[0.9806901680981067,0.9735124332803479,0.9806901680981067,0.9926875800784593,0.9926875800784593,0.9479841570710145,0.9479841570710145,0.8646685753716609,0.8646685753716609,0.6630491600521563,0.9971872680909568,0.6093742485662725,0.9399818454456683,0.9898198882034128,0.9970243287666464,0.9506828481034256,0.988792495492031,0.8424486299415658,0.8424486299415658,0.6999313973363241,-0.13196193473108134,1.0,0.18608586432611876,-0.25179589220852744,-0.2590093819555853,0.677892481603936,0.9224256097368384,0.9089227423672002,0.8257191161203065,0.7508188902460964,0.6839080917324206,0.6109624976094028,0.50442890516208,0.8915990733226443,0.7246037760324099,0.2696907775848835],[0.2512524607128956,0.012354097557324282,0.2512524607128956,0.27953624069645083,0.27953624069645083,0.38523620848673706,0.38523620848673706,0.596685838837971,0.596685838837971,0.03521332519291296,0.9052734749035789,0.38663593611046315,0.8945692780557004,0.9126840669020292,0.9047776829468718,0.6995590398763254,0.8813400059211287,0.5913109541314207,0.5913109541314207,-0.30902035975138215,0.08354717792217545,0.18608586432611876,1.0,-0.479754100443481,0.6862754936591964,0.4092741157545191,0.21274028534184639,0.372236403695141,-0.04355769423330897,0.13355357491641218,0.624134889696556,0.507138434088506,0.2164059846926802,0.07979504775073486,0.4319380294125642,0.49523368395521344],[-0.16769772660690477,-0.15953551258412815,-0.16769772660690477,-0.20289472090662275,-0.20289472090662275,-0.3346911628225418,-0.3346911628225418,-0.3635170487544594,-0.3635170487544594,0.049747722959390096,-0.5418077373910996,-0.16032054921578118,-0.6526513176187553,-0.7976550367968473,-0.5390948481394663,-0.46274631615130485,-0.5257512829067282,-0.2449893584875331,-0.2449893584875331,0.27349357101552907,0.17867126724917895,-0.25179589220852744,-0.479754100443481,1.0,-0.025188241962036714,-0.2023013921410093,-0.24837994654194334,-0.340808301483775,-0.08326504267220214,-0.11533052530620294,-0.5755287450394274,-0.23184689106792167,-0.043203122242780195,-0.09692235890760374,-0.2693196850849867,-0.42911384988388457],[-0.2234482233145382,-0.2245149578272507,-0.2234482233145382,-0.21865154303807216,-0.21865154303807216,-0.10941243414275749,-0.10941243414275749,0.01325463425423064,0.01325463425423064,-0.2429135910316094,0.4792221743035573,-0.2325498107234821,0.4936565259554838,0.5853093725495618,0.47593218804168363,-0.13638121258846905,0.48189592070617643,-0.19023944504062873,-0.19023944504062873,-0.643571706276664,0.7403083904936766,-0.2590093819555853,0.6862754936591964,-0.025188241962036714,1.0,-0.10393856797455239,-0.17293684040012466,-0.06328519335447073,-0.3439654889399987,-0.3207240924596804,0.057624272163635644,0.15508457427570743,0.2601905936840078,-0.36264260496315875,0.09826882831140346,0.08420679809616056],[0.822105485018215,0.6691325881723555,0.822105485018215,0.8073441740416849,0.8073441740416849,0.8830531996412391,0.8830531996412391,0.8041848178859194,0.8041848178859194,0.759340288020292,0.8102090749731962,0.7838191633935526,0.7610564639743798,0.7197871497179934,0.8113555651509996,0.8945234595646223,0.85748211192493,0.8394867259860131,0.8394867259860131,0.3850064086937754,-0.11238409487131151,0.677892481603936,0.4092741157545191,-0.2023013921410093,-0.10393856797455239,1.0,0.5444849906475258,0.848515074882154,0.5220308264452567,0.652054816722448,0.5939717140808847,0.6773925024190515,0.4357600668336491,0.7274868882231522,0.7226004638883207,0.4526325564824897],[0.8933083042916574,0.8925896480203522,0.8933083042916574,0.9147825172275935,0.9147825172275935,0.8525375632188871,0.8525375632188871,0.74483807584126,0.74483807584126,0.40812384709324173,0.8912696144299997,0.311298877741772,0.8094880550365137,0.9227394369964327,0.8900218563110442,0.839521193189661,0.8752533529486151,0.6805096625501916,0.6805096625501916,0.6275969325714167,-0.0991358389862185,0.9224256097368384,0.21274028534184639,-0.24837994654194334,-0.17293684040012466,0.5444849906475258,1.0,0.7953946342899398,0.6994791895266803,0.6286604069367745,0.6293774633391838,0.5009197188563661,0.44152583899326525,0.7809575271609539,0.6763699309342023,0.23146227743281875],[0.926959278684809,0.9064505777510309,0.926959278684809,0.9248064602378719,0.9248064602378719,0.9419565221656924,0.9419565221656924,0.8918276476001112,0.8918276476001112,0.7111881802777724,0.9352613040472137,0.6779002693479147,0.9104088215417127,0.9189927698506363,0.9349673410301074,0.9387079261752324,0.9483448862418384,0.8472598711130299,0.8472598711130299,0.5353662931011316,-0.05582108491084495,0.9089227423672002,0.372236403695141,-0.340808301483775,-0.06328519335447073,0.848515074882154,0.7953946342899398,1.0,0.7640349719985949,0.6430769455400359,0.6698824036891879,0.6283873941188648,0.531233383167335,0.8374974474494035,0.8610242749460008,0.28710127026488663],[0.9050053159109315,0.9018519721029035,0.9050053159109315,0.880821728166837,0.880821728166837,0.8867780811533638,0.8867780811533638,0.8567582881923016,0.8567582881923016,0.7985232857809859,0.8683416829470265,0.7667833716765018,0.8355483547694469,0.8141295351326001,0.8700392556246429,0.895242064750814,0.9038729245717387,0.9210018603884428,0.9210018603884428,0.8426591779427185,0.13381806325853815,0.8257191161203065,-0.04355769423330897,-0.08326504267220214,-0.3439654889399987,0.5220308264452567,0.6994791895266803,0.7640349719985949,1.0,0.9119901767714506,0.5798066691692892,0.7056253938857514,0.6702463268363553,0.8852535494155034,0.544905151023733,0.3356762506801752],[0.7863621124906962,0.7947037446377372,0.7863621124906962,0.7831558774752566,0.7831558774752566,0.7573151888270759,0.7573151888270759,0.7753210624223004,0.7753210624223004,0.6681669984518235,0.8087094684814575,0.6862060049424803,0.7365897323969254,0.6946560707237261,0.8101654113588247,0.7910671405812074,0.8310338492293038,0.8493946378382097,0.8493946378382097,0.7080177202065241,-0.031410209312298536,0.7508188902460964,0.13355357491641218,-0.11533052530620294,-0.3207240924596804,0.652054816722448,0.6286604069367745,0.6430769455400359,0.9119901767714506,1.0,0.6147902797268677,0.6899356284825644,0.6153726135696689,0.7519404717926523,0.6201262868246624,0.5023246771663921],[0.6522004477746735,0.6424633656138669,0.6522004477746735,0.6817303541293883,0.6817303541293883,0.802139826601633,0.802139826601633,0.8895286764823543,0.8895286764823543,0.32206879632753416,0.9382002239346239,0.4995498076278312,0.8887794287154184,0.9434165461788869,0.9373879861080673,0.8830591936455461,0.926803866264099,0.7998753100507937,0.7998753100507937,0.18424250572524165,-0.01714837266023963,0.6839080917324206,0.624134889696556,-0.5755287450394274,0.057624272163635644,0.5939717140808847,0.6293774633391838,0.6698824036891879,0.5798066691692892,0.6147902797268677,1.0,0.7482805095116062,0.3893704462719714,0.5661039046371213,0.6664403202311506,0.7585954321107176],[0.6531917434166972,0.6508162142726776,0.6531917434166972,0.6423171629913249,0.6423171629913249,0.7449117625802314,0.7449117625802314,0.7925610697688229,0.7925610697688229,0.5204222388832026,0.8477529821004445,0.6812246328801461,0.805851538123038,0.8028826098964663,0.8496173589061847,0.7902917490316969,0.8831748111558416,0.7714111817562919,0.7714111817562919,0.34020385344446485,0.286898477369736,0.6109624976094028,0.507138434088506,-0.23184689106792167,0.15508457427570743,0.6773925024190515,0.5009197188563661,0.6283873941188648,0.7056253938857514,0.6899356284825644,0.7482805095116062,1.0,0.7791705723049331,0.534181953677208,0.7378809017766468,0.5718334792945396],[0.6057115890287048,0.6310276932003918,0.6057115890287048,0.5701800837313855,0.5701800837313855,0.6764138722352556,0.6764138722352556,0.7044952294840543,0.7044952294840543,0.5615523330543716,0.7194075310726441,0.6754452055198487,0.680188820693433,0.6005730487086003,0.7220398587161424,0.7344190798315958,0.7697706321008917,0.7071186611606911,0.7071186611606911,0.5739150177519619,0.5510351283568268,0.50442890516208,0.2164059846926802,-0.043203122242780195,0.2601905936840078,0.4357600668336491,0.44152583899326525,0.531233383167335,0.6702463268363553,0.6153726135696689,0.3893704462719714,0.7791705723049331,1.0,0.5007432286940735,0.653100148633003,0.22043564876065785],[0.9291504042818364,0.9282906339480078,0.9291504042818364,0.9134911320410548,0.9134911320410548,0.8711562474973371,0.8711562474973371,0.8162649799724236,0.8162649799724236,0.7646558803681859,0.8955738157537663,0.7144745194044144,0.8593062065527027,0.8824191012637534,0.8962499497993467,0.8922511194733164,0.9124764718110674,0.8572665860142795,0.8572665860142795,0.7895337518581289,-0.1535705692614713,0.8915990733226443,0.07979504775073486,-0.09692235890760374,-0.36264260496315875,0.7274868882231522,0.7809575271609539,0.8374974474494035,0.8852535494155034,0.7519404717926523,0.5661039046371213,0.534181953677208,0.5007432286940735,1.0,0.763845136170777,0.23125039090686614],[0.8668412056010454,0.7405861585715006,0.8668412056010454,0.8590761533430774,0.8590761533430774,0.8913074346977116,0.8913074346977116,0.8709881546250243,0.8709881546250243,0.6018599237329647,0.9547263155404564,0.575224724216963,0.9162992195385398,0.9585908446646253,0.9545831103780823,0.8876970647920157,0.9624764129321475,0.7906460626642948,0.7906460626642948,0.5064235049241539,0.06115507430766644,0.7246037760324099,0.4319380294125642,-0.2693196850849867,0.09826882831140346,0.7226004638883207,0.6763699309342023,0.8610242749460008,0.544905151023733,0.6201262868246624,0.6664403202311506,0.7378809017766468,0.653100148633003,0.763845136170777,1.0,0.25960555984783457],[0.270394233952809,0.26510451350300795,0.270394233952809,0.28575342713475277,0.28575342713475277,0.5293105822668293,0.5293105822668293,0.8288371467696845,0.8288371467696845,0.16660396425198962,0.8304341202889444,0.6102906283249758,0.8047754264251668,0.8369553792837203,0.8299934458177158,0.8233985828690714,0.8699606919289934,0.8601719179614236,0.8601719179614236,-0.10102678064711196,0.12364793729276798,0.2696907775848835,0.49523368395521344,-0.42911384988388457,0.08420679809616056,0.4526325564824897,0.23146227743281875,0.28710127026488663,0.3356762506801752,0.5023246771663921,0.7585954321107176,0.5718334792945396,0.22043564876065785,0.23125039090686614,0.25960555984783457,1.0]],"x":["^TAIEX       \u81fa\u7063\u52a0\u6b0a\u5831\u916c\u6307\u6578","^TWII        \u81fa\u7063\u52a0\u6b0a\u6307\u6578","^TAIEXx2     \u81fa\u7063\u52a0\u6b0a\u5831\u916c\u6307\u6578_\u65e5\u6b632","^TAI50I      \u81fa\u706350\u5831\u916c\u6307\u6578","^TAI50Ix2    \u81fa\u706350\u5831\u916c\u6307\u6578_\u65e5\u6b632","^TAI100I     \u81fa\u7063\u4e2d\u578b100\u5831\u916c\u6307\u6578","^TAI100Ix2   \u81fa\u7063\u4e2d\u578b100\u5831\u916c\u6307\u6578_\u65e5\u6b632","^TAIDIVIDI   \u81fa\u7063\u9ad8\u80a1\u606f\u5831\u916c\u6307\u6578","^TAIDIVIDIx2 \u81fa\u7063\u9ad8\u80a1\u606f\u5831\u916c\u6307\u6578_\u65e5\u6b632","0050Fund     \u5143\u5927\u53f0\u7063\u5353\u8d8a50\u57fa\u91d1","006208Fund   \u5bcc\u90a6\u53f0\u7063\u91c6\u540950\u57fa\u91d1","0050         \u5143\u5927\u81fa\u706350","00631L       \u5143\u5927\u53f0\u706350\u6b632","00675L       \u5bcc\u90a6\u81fa\u7063\u52a0\u6b0a\u6b632","006208       \u5bcc\u90a6\u53f050","0051         \u5143\u5927\u4e2d\u578b100","006204       \u6c38\u8c50\u81fa\u7063\u52a0\u6b0a","0056         \u5143\u5927\u9ad8\u80a1\u606f","0056         \u5143\u5927\u9ad8\u80a1\u606f_\u80a1\u606f\u4e0d\u6295\u5165","2412         \u4e2d\u83ef\u96fb\u4fe1","2002         \u4e2d\u92fc","2330         \u53f0\u7a4d\u96fb","2317         \u9d3b\u6d77","6505         \u53f0\u5851\u77f3\u5316","3481         \u7fa4\u5275","2303         \u806f\u96fb","2308         \u53f0\u9054\u96fb","2454         \u806f\u767c\u79d1","2886         \u5146\u8c50\u91d1","2884         \u7389\u5c71\u91d1","2891         \u4e2d\u4fe1\u91d1","2892         \u7b2c\u4e00\u91d1","5880         \u5408\u5eab\u91d1","2881         \u5bcc\u90a6\u91d1","2885         \u5143\u5927\u91d1","2887         \u53f0\u65b0\u91d1"],"y":["^TAIEX       \u81fa\u7063\u52a0\u6b0a\u5831\u916c\u6307\u6578","^TWII        \u81fa\u7063\u52a0\u6b0a\u6307\u6578","^TAIEXx2     \u81fa\u7063\u52a0\u6b0a\u5831\u916c\u6307\u6578_\u65e5\u6b632","^TAI50I      \u81fa\u706350\u5831\u916c\u6307\u6578","^TAI50Ix2    \u81fa\u706350\u5831\u916c\u6307\u6578_\u65e5\u6b632","^TAI100I     \u81fa\u7063\u4e2d\u578b100\u5831\u916c\u6307\u6578","^TAI100Ix2   \u81fa\u7063\u4e2d\u578b100\u5831\u916c\u6307\u6578_\u65e5\u6b632","^TAIDIVIDI   \u81fa\u7063\u9ad8\u80a1\u606f\u5831\u916c\u6307\u6578","^TAIDIVIDIx2 \u81fa\u7063\u9ad8\u80a1\u606f\u5831\u916c\u6307\u6578_\u65e5\u6b632","0050Fund     \u5143\u5927\u53f0\u7063\u5353\u8d8a50\u57fa\u91d1","006208Fund   \u5bcc\u90a6\u53f0\u7063\u91c6\u540950\u57fa\u91d1","0050         \u5143\u5927\u81fa\u706350","00631L       \u5143\u5927\u53f0\u706350\u6b632","00675L       \u5bcc\u90a6\u81fa\u7063\u52a0\u6b0a\u6b632","006208       \u5bcc\u90a6\u53f050","0051         \u5143\u5927\u4e2d\u578b100","006204       \u6c38\u8c50\u81fa\u7063\u52a0\u6b0a","0056         \u5143\u5927\u9ad8\u80a1\u606f","0056         \u5143\u5927\u9ad8\u80a1\u606f_\u80a1\u606f\u4e0d\u6295\u5165","2412         \u4e2d\u83ef\u96fb\u4fe1","2002         \u4e2d\u92fc","2330         \u53f0\u7a4d\u96fb","2317         \u9d3b\u6d77","6505         \u53f0\u5851\u77f3\u5316","3481         \u7fa4\u5275","2303         \u806f\u96fb","2308         \u53f0\u9054\u96fb","2454         \u806f\u767c\u79d1","2886         \u5146\u8c50\u91d1","2884         \u7389\u5c71\u91d1","2891         \u4e2d\u4fe1\u91d1","2892         \u7b2c\u4e00\u91d1","5880         \u5408\u5eab\u91d1","2881         \u5bcc\u90a6\u91d1","2885         \u5143\u5927\u91d1","2887         \u53f0\u65b0\u91d1"],"zmin":-1,"zmax":1,"colorbar":{"x":-0.2}}],"layout":{"autotypenumbers":"strict","colorway":["#636efa","#EF553B","#00cc96","#ab63fa","#FFA15A","#19d3f3","#FF6692","#B6E880","#FF97FF","#FECB52"],"font":{"color":"#f2f5fa","family":"Courier New"},"hovermode":"closest","hoverlabel":{"align":"left"},"paper_bgcolor":"rgb(17,17,17)","plot_bgcolor":"rgb(17,17,17)","polar":{"bgcolor":"rgb(17,17,17)","angularaxis":{"gridcolor":"#506784","linecolor":"#506784","ticks":""},"radialaxis":{"gridcolor":"#506784","linecolor":"#506784","ticks":""}},"ternary":{"bgcolor":"rgb(17,17,17)","aaxis":{"gridcolor":"#506784","linecolor":"#506784","ticks":""},"baxis":{"gridcolor":"#506784","linecolor":"#506784","ticks":""},"caxis":{"gridcolor":"#506784","linecolor":"#506784","ticks":""}},"coloraxis":{"colorbar":{"outlinewidth":0,"ticks":""}},"colorscale":{"sequential":[[0.0,"#0d0887"],[0.1111111111111111,"#46039f"],[0.2222222222222222,"#7201a8"],[0.3333333333333333,"#9c179e"],[0.4444444444444444,"#bd3786"],[0.5555555555555556,"#d8576b"],[0.6666666666666666,"#ed7953"],[0.7777777777777778,"#fb9f3a"],[0.8888888888888888,"#fdca26"],[1.0,"#f0f921"]],"sequentialminus":[[0.0,"#0d0887"],[0.1111111111111111,"#46039f"],[0.2222222222222222,"#7201a8"],[0.3333333333333333,"#9c179e"],[0.4444444444444444,"#bd3786"],[0.5555555555555556,"#d8576b"],[0.6666666666666666,"#ed7953"],[0.7777777777777778,"#fb9f3a"],[0.8888888888888888,"#fdca26"],[1.0,"#f0f921"]],"diverging":[[0,"#8e0152"],[0.1,"#c51b7d"],[0.2,"#de77ae"],[0.3,"#f1b6da"],[0.4,"#fde0ef"],[0.5,"#f7f7f7"],[0.6,"#e6f5d0"],[0.7,"#b8e186"],[0.8,"#7fbc41"],[0.9,"#4d9221"],[1,"#276419"]]},"xaxis":{"gridcolor":"rgba(0, 0, 0, 0)","linecolor":"#506784","ticks":"","title":{"standoff":15},"zerolinecolor":"#283442","automargin":true,"zerolinewidth":2,"tickfont":{"family":"Courier New","size":14},"side":"top","tickangle":-90},"yaxis":{"gridcolor":"rgba(0, 0, 0, 0)","linecolor":"#506784","ticks":"","title":{"standoff":15},"zerolinecolor":"#283442","automargin":true,"zerolinewidth":2,"tickfont":{"family":"Courier New"},"side":"right"},"scene":{"xaxis":{"backgroundcolor":"rgb(17,17,17)","gridcolor":"#506784","linecolor":"#506784","showbackground":true,"ticks":"","zerolinecolor":"#C8D4E3","gridwidth":2},"yaxis":{"backgroundcolor":"rgb(17,17,17)","gridcolor":"#506784","linecolor":"#506784","showbackground":true,"ticks":"","zerolinecolor":"#C8D4E3","gridwidth":2},"zaxis":{"backgroundcolor":"rgb(17,17,17)","gridcolor":"#506784","linecolor":"#506784","showbackground":true,"ticks":"","zerolinecolor":"#C8D4E3","gridwidth":2}},"shapedefaults":{"line":{"color":"#f2f5fa"}},"annotationdefaults":{"arrowcolor":"#f2f5fa","arrowhead":0,"arrowwidth":1},"geo":{"bgcolor":"rgb(17,17,17)","landcolor":"rgb(17,17,17)","subunitcolor":"#506784","showland":true,"showlakes":true,"lakecolor":"rgb(17,17,17)"},"title":{"x":0.05,"font":{"family":"Times New Roman"},"y":0.05,"text":"<b>Correlation of Close<b><br><i>2016-09-23 ~ 2026-04-13<i>"},"updatemenudefaults":{"bgcolor":"#506784","borderwidth":0},"sliderdefaults":{"bgcolor":"#C8D4E3","borderwidth":1,"bordercolor":"rgb(17,17,17)","tickwidth":0},"mapbox":{"style":"dark"},"annotations":[{"text":"<b>@zwindr<b>","textangle":0,"opacity":0.5,"font":{"color":"white","size":12},"xref":"paper","yref":"paper","xanchor":"left","yanchor":"bottom","x":1.0,"y":1.0,"showarrow":false}]},"config":{"responsive":true,"toImageButtonOptions":{"filename":"Correlation of Close_2016-09-23~2026-04-13","scale":5}}};Plotly.newPlot("correlationClose",correlationClose.data,correlationClose.layout||{},correlationClose.config);}else{console.log("style display is none => correlationClose");}