var element=document.getElementById("correlationClose");if(element.style.display!='none'){var correlationClose={"data":[{"type":"heatmap","z":[[1.0,0.9999999999999974,1.0,0.994965606424948,0.994965606424948,0.9703659536503855,0.9703659536503855,0.9120913874094879,0.9120913874094879,0.7704332620274678,0.9948992898755644,0.7163583450929287,0.9904742932994219,0.9911557453928462,0.9950102263891726,0.9764432933509418,0.999219617472165,0.9106499740889517,0.9106499740889517,0.7746640344659228,-0.1760772539198419,0.9796427966922118,0.22927841367380256,-0.15055198560191324,-0.2360830339624884,0.8203628902850046,0.9022079392325706,0.9236039259336135,0.913958431870785,0.7872596568099905,0.6225003537427155,0.6502836636728218,0.6161480795010146,0.9335808941437949,0.8557593950424793,0.2390681176042964],[0.9999999999999974,1.0,0.9999999999999977,0.994933951750398,0.994933951750398,0.9699090262779441,0.9699090262779441,0.912858822244831,0.912858822244831,0.7720507159591735,0.9948926402926448,0.7182362095455216,0.9901911457435878,0.9907054754814888,0.9950057424169437,0.9759753967363781,0.9992172771142626,0.9107258772151781,0.9107258772151781,0.7924414340497199,0.03548165330747584,0.9721716775718291,-0.0014883827078301874,-0.14275440770033243,-0.23650986054335701,0.6628542103937094,0.9017891988545854,0.9018757815230494,0.9096559720297206,0.7961071605362908,0.61367351052483,0.6476985773534374,0.6410766643429434,0.9319235402745288,0.7237966812174622,0.23525869228708937],[1.0,0.9999999999999977,1.0,0.994965606424948,0.994965606424948,0.9703659536503855,0.9703659536503855,0.9120913874094879,0.9120913874094879,0.7704332620274678,0.9948992898755644,0.7163583450929287,0.9904742932994219,0.9911557453928462,0.9950102263891726,0.9764432933509418,0.999219617472165,0.9106499740889517,0.9106499740889517,0.7746640344659228,-0.1760772539198419,0.9796427966922118,0.22927841367380256,-0.15055198560191324,-0.2360830339624884,0.8203628902850046,0.9022079392325706,0.9236039259336135,0.913958431870785,0.7872596568099905,0.6225003537427155,0.6502836636728218,0.6161480795010146,0.9335808941437949,0.8557593950424793,0.2390681176042964],[0.994965606424948,0.994933951750398,0.994965606424948,1.0,1.0,0.9575765507778589,0.9575765507778589,0.8949920591495368,0.8949920591495368,0.7342288381069024,0.9996079285629857,0.6806597997588699,0.9922292487109129,0.9904384642884642,0.9995576437088601,0.9590606149947292,0.995030574353728,0.882654755456371,0.882654755456371,0.7453395758718837,-0.18332000439139096,0.9919540598685528,0.2568741650256157,-0.18608389238825404,-0.23358209359581597,0.8074227710781716,0.9206167011770257,0.9226050249317694,0.893063102971683,0.7869854389492712,0.6511745186783006,0.6408222303969947,0.5827491743793184,0.9205988690322124,0.8465277837199899,0.25187566743399464],[0.994965606424948,0.994933951750398,0.994965606424948,1.0,1.0,0.9575765507778589,0.9575765507778589,0.8949920591495368,0.8949920591495368,0.7342288381069024,0.9996079285629857,0.6806597997588699,0.9922292487109129,0.9904384642884642,0.9995576437088601,0.9590606149947292,0.995030574353728,0.882654755456371,0.882654755456371,0.7453395758718837,-0.18332000439139096,0.9919540598685528,0.2568741650256157,-0.18608389238825404,-0.23358209359581597,0.8074227710781716,0.9206167011770257,0.9226050249317694,0.893063102971683,0.7869854389492712,0.6511745186783006,0.6408222303969947,0.5827491743793184,0.9205988690322124,0.8465277837199899,0.25187566743399464],[0.9703659536503855,0.9699090262779441,0.9703659536503855,0.9575765507778589,0.9575765507778589,1.0,1.0,0.9364446861623273,0.9364446861623273,0.748688232556244,0.9563424216230852,0.7265761221868645,0.9639910519947043,0.9612842786724209,0.9563682493834036,0.9990779219804305,0.9765612248156548,0.915561158921321,0.915561158921321,0.6531042252974913,-0.12904808642936172,0.9440212624051274,0.3687777343668693,-0.3222331194722239,-0.11614652790728186,0.8845068137564461,0.8573385610298606,0.9394234750151456,0.8942222947953231,0.7561804913256215,0.7841517112631406,0.7458895597792656,0.6898684125858638,0.8716828162477361,0.8818483584913976,0.5047072280938784],[0.9703659536503855,0.9699090262779441,0.9703659536503855,0.9575765507778589,0.9575765507778589,1.0,1.0,0.9364446861623273,0.9364446861623273,0.748688232556244,0.9563424216230852,0.7265761221868645,0.9639910519947043,0.9612842786724209,0.9563682493834036,0.9990779219804305,0.9765612248156548,0.915561158921321,0.915561158921321,0.6531042252974913,-0.12904808642936172,0.9440212624051274,0.3687777343668693,-0.3222331194722239,-0.11614652790728186,0.8845068137564461,0.8573385610298606,0.9394234750151456,0.8942222947953231,0.7561804913256215,0.7841517112631406,0.7458895597792656,0.6898684125858638,0.8716828162477361,0.8818483584913976,0.5047072280938784],[0.9120913874094879,0.912858822244831,0.9120913874094879,0.8949920591495368,0.8949920591495368,0.9364446861623273,0.9364446861623273,1.0,1.0,0.7141254436942731,0.9363998043572977,0.7252216336719164,0.9287815034942943,0.9232793933662161,0.9365507224227005,0.9382001528991212,0.9464700902933285,0.9700057619397403,0.9700057619397403,0.604225249403411,-0.008039883965220507,0.8603113169499277,0.584985885840039,-0.3491604360058256,0.011732256344001957,0.7985130440384394,0.7542461506330319,0.8861603561136644,0.8568519456867797,0.770996855832211,0.8856541487543513,0.7903633833163829,0.7105416658738155,0.8106272222321437,0.8646073291485924,0.8192156724533131],[0.9120913874094879,0.912858822244831,0.9120913874094879,0.8949920591495368,0.8949920591495368,0.9364446861623273,0.9364446861623273,1.0,1.0,0.7141254436942731,0.9363998043572977,0.7252216336719164,0.9287815034942943,0.9232793933662161,0.9365507224227005,0.9382001528991212,0.9464700902933285,0.9700057619397403,0.9700057619397403,0.604225249403411,-0.008039883965220507,0.8603113169499277,0.584985885840039,-0.3491604360058256,0.011732256344001957,0.7985130440384394,0.7542461506330319,0.8861603561136644,0.8568519456867797,0.770996855832211,0.8856541487543513,0.7903633833163829,0.7105416658738155,0.8106272222321437,0.8646073291485924,0.8192156724533131],[0.7704332620274678,0.7720507159591735,0.7704332620274678,0.7342288381069024,0.7342288381069024,0.748688232556244,0.748688232556244,0.7141254436942731,0.7141254436942731,1.0,0.6018614516796635,0.999969727623328,0.5021977482725892,0.39744582995166833,0.6040569066649991,0.743927540408329,0.6669638823736533,0.8008845021309269,0.8008845021309269,0.6889265061413085,-0.09781561590808244,0.7026809265731099,0.035701062834388134,0.04963828970550901,-0.24286769096305527,0.7698819381976693,0.4711914708904497,0.7320334394663367,0.8054154216767376,0.6749826870893653,0.3363356327374686,0.5246809544783048,0.562578594122498,0.7755213799748312,0.6276525371783855,0.1690323790111314],[0.9948992898755644,0.9948926402926448,0.9948992898755644,0.9996079285629857,0.9996079285629857,0.9563424216230852,0.9563424216230852,0.9363998043572977,0.9363998043572977,0.6018614516796635,1.0,0.6016964794234274,0.991695705524577,0.9902016267727183,0.9999371098995917,0.9543939874530657,0.9944047390562043,0.892061918993806,0.892061918993806,0.8505353996124313,-0.04939740176949252,0.9968915305498784,0.9042727251092589,-0.5362690060636732,0.41377705612064464,0.8153086721328395,0.8929772088853196,0.9361781914780523,0.883701639477236,0.8130959205797422,0.9306836598196904,0.8574791534034946,0.7423354727054999,0.9031665343696205,0.9504061864399308,0.810159132819886],[0.7163583450929287,0.7182362095455216,0.7163583450929287,0.6806597997588699,0.6806597997588699,0.7265761221868645,0.7265761221868645,0.7252216336719164,0.7252216336719164,0.999969727623328,0.6016964794234274,1.0,0.5001719772234517,0.39494843880373665,0.6025593678413446,0.7333178721693402,0.6655870333967254,0.7948374029435193,0.7948374029435193,0.6442573443789085,0.03206731026696947,0.6510315335530001,0.399587268670659,-0.16359978742687045,-0.23182850699059482,0.7963754828701891,0.37009635666622687,0.7003617736081045,0.7750056477279206,0.6953434123385845,0.5318922944952443,0.6908496386156199,0.6782903555371194,0.7275610981161613,0.6062533923168529,0.6388128337071658],[0.9904742932994219,0.9901911457435878,0.9904742932994219,0.9922292487109129,0.9922292487109129,0.9639910519947043,0.9639910519947043,0.9287815034942943,0.9287815034942943,0.5021977482725892,0.991695705524577,0.5001719772234517,1.0,0.9998252100822124,0.9915955945421681,0.9594289320847512,0.9890322331160933,0.866980094842494,0.866980094842494,0.8283598383154025,-0.03354886511318487,0.9911608892419066,0.916525913515117,-0.6674909838227855,0.48771761970728916,0.7767181794957521,0.9130018689963432,0.9335919979166336,0.8564481932991946,0.7507230880364187,0.9310065662512759,0.8237777991334998,0.6997805280092999,0.8804206054305503,0.9558012370442148,0.834654334630721],[0.9911557453928462,0.9907054754814888,0.9911557453928462,0.9904384642884642,0.9904384642884642,0.9612842786724209,0.9612842786724209,0.9232793933662161,0.9232793933662161,0.39744582995166833,0.9902016267727183,0.39494843880373665,0.9998252100822124,1.0,0.9902551863717369,0.955859103213757,0.9890364012497873,0.8505586665177032,0.8505586665177032,0.8506772903480359,-0.1558549603222135,0.9884170379713906,0.9206330474312785,-0.81515065382251,0.5233477834931949,0.7274847841346296,0.9194843640563944,0.9254822263108169,0.8378768886731922,0.695031489717254,0.9374610205227437,0.8167521356685203,0.6347543156493223,0.8976252740664958,0.9567408371676727,0.8140412128368864],[0.9950102263891726,0.9950057424169437,0.9950102263891726,0.9995576437088601,0.9995576437088601,0.9563682493834036,0.9563682493834036,0.9365507224227005,0.9365507224227005,0.6040569066649991,0.9999371098995917,0.6025593678413446,0.9915955945421681,0.9902551863717369,1.0,0.9545790512243032,0.9945297589680846,0.8926506589914792,0.8926506589914792,0.8516290315881792,-0.04987144655669359,0.9967397388200956,0.9038742213810883,-0.5336860089846991,0.4156743031934388,0.8159858617639824,0.8915368286388659,0.9358292501221387,0.8839864305163923,0.8143126017711024,0.9303480663521988,0.8584063341625328,0.7430960883294542,0.903042370494657,0.9506357005632247,0.8113476868764087],[0.9764432933509418,0.9759753967363781,0.9764432933509418,0.9590606149947292,0.9590606149947292,0.9990779219804305,0.9990779219804305,0.9382001528991212,0.9382001528991212,0.743927540408329,0.9543939874530657,0.7333178721693402,0.9594289320847512,0.955859103213757,0.9545790512243032,1.0,0.9763548483786165,0.9171046554615468,0.9171046554615468,0.7019921091087988,-0.11478660717533828,0.9481563704676583,0.6858522876616251,-0.4521434175313058,-0.15201085190249544,0.8959485482814239,0.8462427478899359,0.9359576517906645,0.9018106654029144,0.7909251966450559,0.8738467238794171,0.7916584746121226,0.7466815297082645,0.8926737806377131,0.8790237479687963,0.811172252045164],[0.999219617472165,0.9992172771142626,0.999219617472165,0.995030574353728,0.995030574353728,0.9765612248156548,0.9765612248156548,0.9464700902933285,0.9464700902933285,0.6669638823736533,0.9944047390562043,0.6655870333967254,0.9890322331160933,0.9890364012497873,0.9945297589680846,0.9763548483786165,1.0,0.9207593031746764,0.9207593031746764,0.8633318330186912,-0.033209247633207484,0.9880804000902975,0.8768395865913783,-0.5180330683074545,0.4270566321845662,0.86196715866681,0.8790600772796776,0.9483580182398286,0.9159512101880134,0.8346766018659161,0.9192463124632475,0.8906113295466042,0.7886186461757897,0.9177038960579132,0.9590572237277906,0.8570163438346803],[0.9106499740889517,0.9107258772151781,0.9106499740889517,0.882654755456371,0.882654755456371,0.915561158921321,0.915561158921321,0.9700057619397403,0.9700057619397403,0.8008845021309269,0.892061918993806,0.7948374029435193,0.866980094842494,0.8505586665177032,0.8926506589914792,0.9171046554615468,0.9207593031746764,1.0,1.0,0.7519599132134517,-0.060066635612931935,0.8468691420145356,0.5790609922223814,-0.2318303903666476,-0.19899917191574806,0.8355266589740787,0.702240282735315,0.8438371187928224,0.9201904797180557,0.84652383211786,0.7992395771022953,0.7673884834712995,0.708022618467056,0.8535902595030153,0.7874837875438406,0.8584001858586583],[0.9106499740889517,0.9107258772151781,0.9106499740889517,0.882654755456371,0.882654755456371,0.915561158921321,0.915561158921321,0.9700057619397403,0.9700057619397403,0.8008845021309269,0.892061918993806,0.7948374029435193,0.866980094842494,0.8505586665177032,0.8926506589914792,0.9171046554615468,0.9207593031746764,1.0,1.0,0.7519599132134517,-0.060066635612931935,0.8468691420145356,0.5790609922223814,-0.2318303903666476,-0.19899917191574806,0.8355266589740787,0.702240282735315,0.8438371187928224,0.9201904797180557,0.84652383211786,0.7992395771022953,0.7673884834712995,0.708022618467056,0.8535902595030153,0.7874837875438406,0.8584001858586583],[0.7746640344659228,0.7924414340497199,0.7746640344659228,0.7453395758718837,0.7453395758718837,0.6531042252974913,0.6531042252974913,0.604225249403411,0.604225249403411,0.6889265061413085,0.8505353996124313,0.6442573443789085,0.8283598383154025,0.8506772903480359,0.8516290315881792,0.7019921091087988,0.8633318330186912,0.7519599132134517,0.7519599132134517,1.0,0.020966349949405185,0.706010036549267,-0.3245669566617875,0.28590868154356225,-0.649442361947699,0.37484507952493334,0.6602023011666756,0.5274041794036888,0.8405923509926841,0.703868398482178,0.16078551775967617,0.33113832419844197,0.5720007206215393,0.7867593450805961,0.49806999619641135,-0.12000558868461099],[-0.1760772539198419,0.03548165330747584,-0.1760772539198419,-0.18332000439139096,-0.18332000439139096,-0.12904808642936172,-0.12904808642936172,-0.008039883965220507,-0.008039883965220507,-0.09781561590808244,-0.04939740176949252,0.03206731026696947,-0.03354886511318487,-0.1558549603222135,-0.04987144655669359,-0.11478660717533828,-0.033209247633207484,-0.060066635612931935,-0.060066635612931935,0.020966349949405185,1.0,-0.12030458667860869,0.08957668516346119,0.17242540172324983,0.7440887889122236,-0.10571964838485871,-0.08227136619180325,-0.04201948553253416,0.14203490499982113,-0.021941765240626045,0.004371736072763147,0.30048965592734267,0.555933437208429,-0.14423818221036078,0.07682670826540244,0.13691896804912826],[0.9796427966922118,0.9721716775718291,0.9796427966922118,0.9919540598685528,0.9919540598685528,0.9440212624051274,0.9440212624051274,0.8603113169499277,0.8603113169499277,0.7026809265731099,0.9968915305498784,0.6510315335530001,0.9911608892419066,0.9884170379713906,0.9967397388200956,0.9481563704676583,0.9880804000902975,0.8468691420145356,0.8468691420145356,0.706010036549267,-0.12030458667860869,1.0,0.16473803259997438,-0.23864908423571662,-0.27648175099957356,0.6753677779011799,0.9258970949574906,0.9066013763452453,0.8366749443963033,0.7546165929197766,0.6540056612156527,0.6087516627831342,0.5145318494482611,0.8986536729643712,0.7050835794851665,0.23597518254370578],[0.22927841367380256,-0.0014883827078301874,0.22927841367380256,0.2568741650256157,0.2568741650256157,0.3687777343668693,0.3687777343668693,0.584985885840039,0.584985885840039,0.035701062834388134,0.9042727251092589,0.399587268670659,0.916525913515117,0.9206330474312785,0.9038742213810883,0.6858522876616251,0.8768395865913783,0.5790609922223814,0.5790609922223814,-0.3245669566617875,0.08957668516346119,0.16473803259997438,1.0,-0.47511600457146225,0.6917239850187111,0.4016770439751385,0.1913958759884522,0.35822367492685353,-0.055930254280481005,0.12034509431466564,0.6207096260049113,0.5001778457637123,0.2124303676047199,0.06286393612382,0.4232447700441681,0.48670338554057213],[-0.15055198560191324,-0.14275440770033243,-0.15055198560191324,-0.18608389238825404,-0.18608389238825404,-0.3222331194722239,-0.3222331194722239,-0.3491604360058256,-0.3491604360058256,0.04963828970550901,-0.5362690060636732,-0.16359978742687045,-0.6674909838227855,-0.81515065382251,-0.5336860089846991,-0.4521434175313058,-0.5180330683074545,-0.2318303903666476,-0.2318303903666476,0.28590868154356225,0.17242540172324983,-0.23864908423571662,-0.47511600457146225,1.0,-0.024618821088728426,-0.19230143903777197,-0.23913219552794104,-0.33198560395833054,-0.0737046505712798,-0.1055659046413917,-0.5771947637326776,-0.22434019431046626,-0.03881151456020515,-0.08503236360975733,-0.2572789806894771,-0.4228561354028215],[-0.2360830339624884,-0.23650986054335701,-0.2360830339624884,-0.23358209359581597,-0.23358209359581597,-0.11614652790728186,-0.11614652790728186,0.011732256344001957,0.011732256344001957,-0.24286769096305527,0.41377705612064464,-0.23182850699059482,0.48771761970728916,0.5233477834931949,0.4156743031934388,-0.15201085190249544,0.4270566321845662,-0.19899917191574806,-0.19899917191574806,-0.649442361947699,0.7440887889122236,-0.27648175099957356,0.6917239850187111,-0.024618821088728426,1.0,-0.10638901079739106,-0.20396098095262394,-0.06673331343594038,-0.34746878660314506,-0.32470544936386875,0.05836742061915102,0.1554198333336822,0.2602387097047036,-0.36865880935169526,0.10052342379816938,0.08508127541201572],[0.8203628902850046,0.6628542103937094,0.8203628902850046,0.8074227710781716,0.8074227710781716,0.8845068137564461,0.8845068137564461,0.7985130440384394,0.7985130440384394,0.7698819381976693,0.8153086721328395,0.7963754828701891,0.7767181794957521,0.7274847841346296,0.8159858617639824,0.8959485482814239,0.86196715866681,0.8355266589740787,0.8355266589740787,0.37484507952493334,-0.10571964838485871,0.6753677779011799,0.4016770439751385,-0.19230143903777197,-0.10638901079739106,1.0,0.5511119449511331,0.8453412564805589,0.513936701318593,0.644912789045082,0.5799034153838677,0.6716093515363765,0.4329400963811557,0.7205025145704398,0.7170179654088571,0.4392506847689353],[0.9022079392325706,0.9017891988545854,0.9022079392325706,0.9206167011770257,0.9206167011770257,0.8573385610298606,0.8573385610298606,0.7542461506330319,0.7542461506330319,0.4711914708904497,0.8929772088853196,0.37009635666622687,0.9130018689963432,0.9194843640563944,0.8915368286388659,0.8462427478899359,0.8790600772796776,0.702240282735315,0.702240282735315,0.6602023011666756,-0.08227136619180325,0.9258970949574906,0.1913958759884522,-0.23913219552794104,-0.20396098095262394,0.5511119449511331,1.0,0.8052655395709964,0.7370195767165562,0.6515560396592116,0.5896887095762002,0.5104638952150341,0.47415636192763244,0.8145681548575533,0.66102749031772,0.1828790889279889],[0.9236039259336135,0.9018757815230494,0.9236039259336135,0.9226050249317694,0.9226050249317694,0.9394234750151456,0.9394234750151456,0.8861603561136644,0.8861603561136644,0.7320334394663367,0.9361781914780523,0.7003617736081045,0.9335919979166336,0.9254822263108169,0.9358292501221387,0.9359576517906645,0.9483580182398286,0.8438371187928224,0.8438371187928224,0.5274041794036888,-0.04201948553253416,0.9066013763452453,0.35822367492685353,-0.33198560395833054,-0.06673331343594038,0.8453412564805589,0.8052655395709964,1.0,0.7617526654933338,0.6351734536627172,0.648928358002885,0.6217504444308949,0.533245118934256,0.833455026356371,0.8532295982479401,0.26238009116780714],[0.913958431870785,0.9096559720297206,0.913958431870785,0.893063102971683,0.893063102971683,0.8942222947953231,0.8942222947953231,0.8568519456867797,0.8568519456867797,0.8054154216767376,0.883701639477236,0.7750056477279206,0.8564481932991946,0.8378768886731922,0.8839864305163923,0.9018106654029144,0.9159512101880134,0.9201904797180557,0.9201904797180557,0.8405923509926841,0.14203490499982113,0.8366749443963033,-0.055930254280481005,-0.0737046505712798,-0.34746878660314506,0.513936701318593,0.7370195767165562,0.7617526654933338,1.0,0.9105706201882118,0.5719862824511145,0.7011343054454516,0.669511810133768,0.8835337882009633,0.5351752167088334,0.32300546816610637],[0.7872596568099905,0.7961071605362908,0.7872596568099905,0.7869854389492712,0.7869854389492712,0.7561804913256215,0.7561804913256215,0.770996855832211,0.770996855832211,0.6749826870893653,0.8130959205797422,0.6953434123385845,0.7507230880364187,0.695031489717254,0.8143126017711024,0.7909251966450559,0.8346766018659161,0.84652383211786,0.84652383211786,0.703868398482178,-0.021941765240626045,0.7546165929197766,0.12034509431466564,-0.1055659046413917,-0.32470544936386875,0.644912789045082,0.6515560396592116,0.6351734536627172,0.9105706201882118,1.0,0.6069995391920978,0.6848821051927465,0.614289891905451,0.7468998819607633,0.6123232973438151,0.49222685678545425],[0.6225003537427155,0.61367351052483,0.6225003537427155,0.6511745186783006,0.6511745186783006,0.7841517112631406,0.7841517112631406,0.8856541487543513,0.8856541487543513,0.3363356327374686,0.9306836598196904,0.5318922944952443,0.9310065662512759,0.9374610205227437,0.9303480663521988,0.8738467238794171,0.9192463124632475,0.7992395771022953,0.7992395771022953,0.16078551775967617,0.004371736072763147,0.6540056612156527,0.6207096260049113,-0.5771947637326776,0.05836742061915102,0.5799034153838677,0.5896887095762002,0.648928358002885,0.5719862824511145,0.6069995391920978,1.0,0.7495123410796647,0.38962504178818436,0.5501147688371292,0.6398654267964416,0.7544176666800152],[0.6502836636728218,0.6476985773534374,0.6502836636728218,0.6408222303969947,0.6408222303969947,0.7458895597792656,0.7458895597792656,0.7903633833163829,0.7903633833163829,0.5246809544783048,0.8574791534034946,0.6908496386156199,0.8237777991334998,0.8167521356685203,0.8584063341625328,0.7916584746121226,0.8906113295466042,0.7673884834712995,0.7673884834712995,0.33113832419844197,0.30048965592734267,0.6087516627831342,0.5001778457637123,-0.22434019431046626,0.1554198333336822,0.6716093515363765,0.5104638952150341,0.6217504444308949,0.7011343054454516,0.6848821051927465,0.7495123410796647,1.0,0.7793568048726314,0.5254368617216613,0.7381792882928507,0.5641184756543769],[0.6161480795010146,0.6410766643429434,0.6161480795010146,0.5827491743793184,0.5827491743793184,0.6898684125858638,0.6898684125858638,0.7105416658738155,0.7105416658738155,0.562578594122498,0.7423354727054999,0.6782903555371194,0.6997805280092999,0.6347543156493223,0.7430960883294542,0.7466815297082645,0.7886186461757897,0.708022618467056,0.708022618467056,0.5720007206215393,0.555933437208429,0.5145318494482611,0.2124303676047199,-0.03881151456020515,0.2602387097047036,0.4329400963811557,0.47415636192763244,0.533245118934256,0.669511810133768,0.614289891905451,0.38962504178818436,0.7793568048726314,1.0,0.49894136319287963,0.659641101377603,0.21470258271916978],[0.9335808941437949,0.9319235402745288,0.9335808941437949,0.9205988690322124,0.9205988690322124,0.8716828162477361,0.8716828162477361,0.8106272222321437,0.8106272222321437,0.7755213799748312,0.9031665343696205,0.7275610981161613,0.8804206054305503,0.8976252740664958,0.903042370494657,0.8926737806377131,0.9177038960579132,0.8535902595030153,0.8535902595030153,0.7867593450805961,-0.14423818221036078,0.8986536729643712,0.06286393612382,-0.08503236360975733,-0.36865880935169526,0.7205025145704398,0.8145681548575533,0.833455026356371,0.8835337882009633,0.7468998819607633,0.5501147688371292,0.5254368617216613,0.49894136319287963,1.0,0.7580218048598839,0.21201154652870013],[0.8557593950424793,0.7237966812174622,0.8557593950424793,0.8465277837199899,0.8465277837199899,0.8818483584913976,0.8818483584913976,0.8646073291485924,0.8646073291485924,0.6276525371783855,0.9504061864399308,0.6062533923168529,0.9558012370442148,0.9567408371676727,0.9506357005632247,0.8790237479687963,0.9590572237277906,0.7874837875438406,0.7874837875438406,0.49806999619641135,0.07682670826540244,0.7050835794851665,0.4232447700441681,-0.2572789806894771,0.10052342379816938,0.7170179654088571,0.66102749031772,0.8532295982479401,0.5351752167088334,0.6123232973438151,0.6398654267964416,0.7381792882928507,0.659641101377603,0.7580218048598839,1.0,0.22999797594206112],[0.2390681176042964,0.23525869228708937,0.2390681176042964,0.25187566743399464,0.25187566743399464,0.5047072280938784,0.5047072280938784,0.8192156724533131,0.8192156724533131,0.1690323790111314,0.810159132819886,0.6388128337071658,0.834654334630721,0.8140412128368864,0.8113476868764087,0.811172252045164,0.8570163438346803,0.8584001858586583,0.8584001858586583,-0.12000558868461099,0.13691896804912826,0.23597518254370578,0.48670338554057213,-0.4228561354028215,0.08508127541201572,0.4392506847689353,0.1828790889279889,0.26238009116780714,0.32300546816610637,0.49222685678545425,0.7544176666800152,0.5641184756543769,0.21470258271916978,0.21201154652870013,0.22999797594206112,1.0]],"x":["^TAIEX       \u81fa\u7063\u52a0\u6b0a\u5831\u916c\u6307\u6578","^TWII        \u81fa\u7063\u52a0\u6b0a\u6307\u6578","^TAIEXx2     \u81fa\u7063\u52a0\u6b0a\u5831\u916c\u6307\u6578_\u65e5\u6b632","^TAI50I      \u81fa\u706350\u5831\u916c\u6307\u6578","^TAI50Ix2    \u81fa\u706350\u5831\u916c\u6307\u6578_\u65e5\u6b632","^TAI100I     \u81fa\u7063\u4e2d\u578b100\u5831\u916c\u6307\u6578","^TAI100Ix2   \u81fa\u7063\u4e2d\u578b100\u5831\u916c\u6307\u6578_\u65e5\u6b632","^TAIDIVIDI   \u81fa\u7063\u9ad8\u80a1\u606f\u5831\u916c\u6307\u6578","^TAIDIVIDIx2 \u81fa\u7063\u9ad8\u80a1\u606f\u5831\u916c\u6307\u6578_\u65e5\u6b632","0050Fund     \u5143\u5927\u53f0\u7063\u5353\u8d8a50\u57fa\u91d1","006208Fund   \u5bcc\u90a6\u53f0\u7063\u91c6\u540950\u57fa\u91d1","0050         \u5143\u5927\u81fa\u706350","00631L       \u5143\u5927\u53f0\u706350\u6b632","00675L       \u5bcc\u90a6\u81fa\u7063\u52a0\u6b0a\u6b632","006208       \u5bcc\u90a6\u53f050","0051         \u5143\u5927\u4e2d\u578b100","006204       \u6c38\u8c50\u81fa\u7063\u52a0\u6b0a","0056         \u5143\u5927\u9ad8\u80a1\u606f","0056         \u5143\u5927\u9ad8\u80a1\u606f_\u80a1\u606f\u4e0d\u6295\u5165","2412         \u4e2d\u83ef\u96fb\u4fe1","2002         \u4e2d\u92fc","2330         \u53f0\u7a4d\u96fb","2317         \u9d3b\u6d77","6505         \u53f0\u5851\u77f3\u5316","3481         \u7fa4\u5275","2303         \u806f\u96fb","2308         \u53f0\u9054\u96fb","2454         \u806f\u767c\u79d1","2886         \u5146\u8c50\u91d1","2884         \u7389\u5c71\u91d1","2891         \u4e2d\u4fe1\u91d1","2892         \u7b2c\u4e00\u91d1","5880         \u5408\u5eab\u91d1","2881         \u5bcc\u90a6\u91d1","2885         \u5143\u5927\u91d1","2887         \u53f0\u65b0\u91d1"],"y":["^TAIEX       \u81fa\u7063\u52a0\u6b0a\u5831\u916c\u6307\u6578","^TWII        \u81fa\u7063\u52a0\u6b0a\u6307\u6578","^TAIEXx2     \u81fa\u7063\u52a0\u6b0a\u5831\u916c\u6307\u6578_\u65e5\u6b632","^TAI50I      \u81fa\u706350\u5831\u916c\u6307\u6578","^TAI50Ix2    \u81fa\u706350\u5831\u916c\u6307\u6578_\u65e5\u6b632","^TAI100I     \u81fa\u7063\u4e2d\u578b100\u5831\u916c\u6307\u6578","^TAI100Ix2   \u81fa\u7063\u4e2d\u578b100\u5831\u916c\u6307\u6578_\u65e5\u6b632","^TAIDIVIDI   \u81fa\u7063\u9ad8\u80a1\u606f\u5831\u916c\u6307\u6578","^TAIDIVIDIx2 \u81fa\u7063\u9ad8\u80a1\u606f\u5831\u916c\u6307\u6578_\u65e5\u6b632","0050Fund     \u5143\u5927\u53f0\u7063\u5353\u8d8a50\u57fa\u91d1","006208Fund   \u5bcc\u90a6\u53f0\u7063\u91c6\u540950\u57fa\u91d1","0050         \u5143\u5927\u81fa\u706350","00631L       \u5143\u5927\u53f0\u706350\u6b632","00675L       \u5bcc\u90a6\u81fa\u7063\u52a0\u6b0a\u6b632","006208       \u5bcc\u90a6\u53f050","0051         \u5143\u5927\u4e2d\u578b100","006204       \u6c38\u8c50\u81fa\u7063\u52a0\u6b0a","0056         \u5143\u5927\u9ad8\u80a1\u606f","0056         \u5143\u5927\u9ad8\u80a1\u606f_\u80a1\u606f\u4e0d\u6295\u5165","2412         \u4e2d\u83ef\u96fb\u4fe1","2002         \u4e2d\u92fc","2330         \u53f0\u7a4d\u96fb","2317         \u9d3b\u6d77","6505         \u53f0\u5851\u77f3\u5316","3481         \u7fa4\u5275","2303         \u806f\u96fb","2308         \u53f0\u9054\u96fb","2454         \u806f\u767c\u79d1","2886         \u5146\u8c50\u91d1","2884         \u7389\u5c71\u91d1","2891         \u4e2d\u4fe1\u91d1","2892         \u7b2c\u4e00\u91d1","5880         \u5408\u5eab\u91d1","2881         \u5bcc\u90a6\u91d1","2885         \u5143\u5927\u91d1","2887         \u53f0\u65b0\u91d1"],"zmin":-1,"zmax":1,"colorbar":{"x":-0.2}}],"layout":{"autotypenumbers":"strict","colorway":["#636efa","#EF553B","#00cc96","#ab63fa","#FFA15A","#19d3f3","#FF6692","#B6E880","#FF97FF","#FECB52"],"font":{"color":"#f2f5fa","family":"Courier New"},"hovermode":"closest","hoverlabel":{"align":"left"},"paper_bgcolor":"rgb(17,17,17)","plot_bgcolor":"rgb(17,17,17)","polar":{"bgcolor":"rgb(17,17,17)","angularaxis":{"gridcolor":"#506784","linecolor":"#506784","ticks":""},"radialaxis":{"gridcolor":"#506784","linecolor":"#506784","ticks":""}},"ternary":{"bgcolor":"rgb(17,17,17)","aaxis":{"gridcolor":"#506784","linecolor":"#506784","ticks":""},"baxis":{"gridcolor":"#506784","linecolor":"#506784","ticks":""},"caxis":{"gridcolor":"#506784","linecolor":"#506784","ticks":""}},"coloraxis":{"colorbar":{"outlinewidth":0,"ticks":""}},"colorscale":{"sequential":[[0.0,"#0d0887"],[0.1111111111111111,"#46039f"],[0.2222222222222222,"#7201a8"],[0.3333333333333333,"#9c179e"],[0.4444444444444444,"#bd3786"],[0.5555555555555556,"#d8576b"],[0.6666666666666666,"#ed7953"],[0.7777777777777778,"#fb9f3a"],[0.8888888888888888,"#fdca26"],[1.0,"#f0f921"]],"sequentialminus":[[0.0,"#0d0887"],[0.1111111111111111,"#46039f"],[0.2222222222222222,"#7201a8"],[0.3333333333333333,"#9c179e"],[0.4444444444444444,"#bd3786"],[0.5555555555555556,"#d8576b"],[0.6666666666666666,"#ed7953"],[0.7777777777777778,"#fb9f3a"],[0.8888888888888888,"#fdca26"],[1.0,"#f0f921"]],"diverging":[[0,"#8e0152"],[0.1,"#c51b7d"],[0.2,"#de77ae"],[0.3,"#f1b6da"],[0.4,"#fde0ef"],[0.5,"#f7f7f7"],[0.6,"#e6f5d0"],[0.7,"#b8e186"],[0.8,"#7fbc41"],[0.9,"#4d9221"],[1,"#276419"]]},"xaxis":{"gridcolor":"rgba(0, 0, 0, 0)","linecolor":"#506784","ticks":"","title":{"standoff":15},"zerolinecolor":"#283442","automargin":true,"zerolinewidth":2,"tickfont":{"family":"Courier New","size":14},"side":"top","tickangle":-90},"yaxis":{"gridcolor":"rgba(0, 0, 0, 0)","linecolor":"#506784","ticks":"","title":{"standoff":15},"zerolinecolor":"#283442","automargin":true,"zerolinewidth":2,"tickfont":{"family":"Courier New"},"side":"right"},"scene":{"xaxis":{"backgroundcolor":"rgb(17,17,17)","gridcolor":"#506784","linecolor":"#506784","showbackground":true,"ticks":"","zerolinecolor":"#C8D4E3","gridwidth":2},"yaxis":{"backgroundcolor":"rgb(17,17,17)","gridcolor":"#506784","linecolor":"#506784","showbackground":true,"ticks":"","zerolinecolor":"#C8D4E3","gridwidth":2},"zaxis":{"backgroundcolor":"rgb(17,17,17)","gridcolor":"#506784","linecolor":"#506784","showbackground":true,"ticks":"","zerolinecolor":"#C8D4E3","gridwidth":2}},"shapedefaults":{"line":{"color":"#f2f5fa"}},"annotationdefaults":{"arrowcolor":"#f2f5fa","arrowhead":0,"arrowwidth":1},"geo":{"bgcolor":"rgb(17,17,17)","landcolor":"rgb(17,17,17)","subunitcolor":"#506784","showland":true,"showlakes":true,"lakecolor":"rgb(17,17,17)"},"title":{"x":0.05,"font":{"family":"Times New Roman"},"y":0.05,"text":"<b>Correlation of Close<b><br><i>2016-09-23 ~ 2026-03-04<i>"},"updatemenudefaults":{"bgcolor":"#506784","borderwidth":0},"sliderdefaults":{"bgcolor":"#C8D4E3","borderwidth":1,"bordercolor":"rgb(17,17,17)","tickwidth":0},"mapbox":{"style":"dark"},"annotations":[{"text":"<b>@zwindr<b>","textangle":0,"opacity":0.5,"font":{"color":"white","size":12},"xref":"paper","yref":"paper","xanchor":"left","yanchor":"bottom","x":1.0,"y":1.0,"showarrow":false}]},"config":{"responsive":true,"toImageButtonOptions":{"filename":"Correlation of Close_2016-09-23~2026-03-04","scale":5}}};Plotly.newPlot("correlationClose",correlationClose.data,correlationClose.layout||{},correlationClose.config);}else{console.log("style display is none => correlationClose");}