var config = { responsive: true }

var correlationAdjClose = {"data": [{"type": "heatmap", "z": [[1.0, 0.9935256539167382, 0.9753684630052827, 0.997816538580036, 0.9638211443618591, 0.9801236943644855, -0.9383448799572103, 0.9892435143439853, 0.9673677208591245, 0.9966155389848823, 0.9929877386740918, 0.9940892624331946, 0.9972473272959714, 0.9776094641029603, 0.9995499204865251, 0.9862912317815012, 0.9119108129976216, 0.76144506788866, 0.9855900223184055, 0.9224272437406598, 0.4934678142342773, -0.3094522266931108, 0.8972857539988068, 0.9729885973515877, 0.9507523949903096], [0.9935256539167382, 1.0, 0.9706653685363436, 0.9911911198104114, 0.9596424712728028, 0.9751030696149479, -0.9333261183198266, 0.9793111264207454, 0.9600009407826517, 0.99384543458262, 0.9917975656575773, 0.9911066273023552, 0.9952599413318834, 0.9722180455115592, 0.9962839878318066, 0.9821939428210801, 0.9002812173427879, 0.7677776920440186, 0.966203294746333, 0.9000954964352177, 0.4916765454398756, -0.2319952061566154, 0.8687713683478824, 0.9599967010836793, 0.9511561918927317], [0.9753684630052827, 0.9706653685363436, 1.0, 0.9812664075678927, 0.9962997296751498, 0.9784759963969684, -0.9745431405516085, 0.9683650986882205, 0.9826699447743311, 0.9853234307054601, 0.9975353507096705, 0.9975011362169195, 0.9882597775714456, 0.9768519294575279, 0.9873085915022212, 0.9749622797438213, 0.8128526639803987, 0.6526261233889411, 0.989340865061746, 0.9108579288060921, 0.32686743886977776, -0.22628321742863625, 0.9060529728827555, 0.9386270920921869, 0.9772277276735608], [0.997816538580036, 0.9911911198104114, 0.9812664075678927, 1.0, 0.9748794422724331, 0.9723527444677602, -0.9328903628576429, 0.9837031096038724, 0.9645093027284468, 0.99924679445629, 0.9923288251506726, 0.9911272532418938, 0.9999009205193355, 0.967470279017724, 0.9960239868603027, 0.981092351903965, 0.8976292755132305, 0.7344244288086106, 0.993048882094135, 0.9242702657407962, 0.47402600668733297, -0.3020753100934947, 0.8971082114816011, 0.9668999152538833, 0.95654605429732], [0.9638211443618591, 0.9596424712728028, 0.9962997296751498, 0.9748794422724331, 1.0, 0.9584828898795058, -0.9561856267228139, 0.9538496341619048, 0.970481550511391, 0.9815653893802859, 0.9884709495911714, 0.9849883115209229, 0.984527803610557, 0.9560349216563803, 0.9758559563896553, 0.960588801570239, 0.7927710275770532, 0.6210180962536125, 0.9883968809825646, 0.9079986362763328, 0.3079934122603929, -0.2203686406781363, 0.8899856891362743, 0.9236061135182909, 0.9748992015669193], [0.9801236943644855, 0.9751030696149479, 0.9784759963969684, 0.9723527444677602, 0.9584828898795058, 1.0, -0.9793246582768502, 0.9790739720122119, 0.9785820168616114, 0.9714619493539248, 0.9757333958510436, 0.9736487705875239, 0.9681340949706967, 0.9988559509786582, 0.9857469635070923, 0.9855428883253613, 0.8500057893693125, 0.7276005374925412, 0.9667030217995496, 0.8892541565577499, 0.3546526757396546, -0.21565412579772347, 0.9348722875538532, 0.954889140311036, 0.9575518834595816], [-0.9383448799572103, -0.9333261183198266, -0.9745431405516085, -0.9328903628576429, -0.9561856267228139, -0.9793246582768502, 1.0, -0.9479580777239178, -0.982349567313668, -0.9407283405863739, -0.9724725986699506, -0.9745270989276659, -0.9464937488597933, -0.9857528645350113, -0.9627739027055228, -0.9642070459696519, -0.7569326242062107, -0.6233159461843291, -0.9395164852408033, -0.8757321498096138, -0.20713465255378882, 0.14362450403070542, -0.9017241322648285, -0.9079941371885785, -0.9548972240237126], [0.9892435143439853, 0.9793111264207454, 0.9683650986882205, 0.9837031096038724, 0.9538496341619048, 0.9790739720122119, -0.9479580777239178, 1.0, 0.9810913826435689, 0.980532681725259, 0.9742603801705215, 0.973335080017731, 0.9789362746792747, 0.9750564282274169, 0.9867003115837755, 0.9963352142180705, 0.9195115481586744, 0.6999022236813188, 0.9734361296490432, 0.8952467126127763, 0.36562832352168967, -0.3170984581139658, 0.9026857370113984, 0.9535097452014448, 0.9325428503453339], [0.9673677208591245, 0.9600009407826517, 0.9826699447743311, 0.9645093027284468, 0.970481550511391, 0.9785820168616114, -0.982349567313668, 0.9810913826435689, 1.0, 0.9636525300090203, 0.9709524092910758, 0.9678862506255508, 0.960565555176443, 0.976776791220314, 0.9679234921751583, 0.986817822995279, 0.8414467575519974, 0.6254840192410184, 0.9650802588580365, 0.9033114784165334, 0.2196443747971976, -0.22939588865529364, 0.8840693020833409, 0.9276560507078879, 0.9562246109135873], [0.9966155389848823, 0.99384543458262, 0.9853234307054601, 0.99924679445629, 0.9815653893802859, 0.9714619493539248, -0.9407283405863739, 0.980532681725259, 0.9636525300090203, 1.0, 0.9912374842663011, 0.9896548056375348, 0.999835144433904, 0.9684059310357473, 0.995247384598558, 0.9811895030304235, 0.9096985098085857, 0.7131560334890914, 0.995432797567823, 0.9175983818580397, 0.3054058163176582, -0.23859738434345315, 0.929983746406176, 0.9560091055168672, 0.9544386558593015], [0.9929877386740918, 0.9917975656575773, 0.9975353507096705, 0.9923288251506726, 0.9884709495911714, 0.9757333958510436, -0.9724725986699506, 0.9742603801705215, 0.9709524092910758, 0.9912374842663011, 1.0, 0.99965542816297, 0.9920778974144575, 0.9767546723351911, 0.9933158555674316, 0.975708325363089, 0.9041387311744089, 0.6138906634626906, 0.9881036597991543, 0.8881111312989802, -0.24880183679441367, 0.5335411845562115, 0.9073596115510482, 0.9516719366886864, 0.9767477148774901], [0.9940892624331946, 0.9911066273023552, 0.9975011362169195, 0.9911272532418938, 0.9849883115209229, 0.9736487705875239, -0.9745270989276659, 0.973335080017731, 0.9678862506255508, 0.9896548056375348, 0.99965542816297, 1.0, 0.9908858432055195, 0.9747713985524568, 0.9941630818073673, 0.9750139707017706, 0.9137471155007203, 0.5055773904611538, 0.9835652383423245, 0.8741547686639491, -0.6783857380609513, 0.5574894979726501, 0.8805160761044645, 0.9484108046028614, 0.9762941369216225], [0.9972473272959714, 0.9952599413318834, 0.9882597775714456, 0.9999009205193355, 0.984527803610557, 0.9681340949706967, -0.9464937488597933, 0.9789362746792747, 0.960565555176443, 0.999835144433904, 0.9920778974144575, 0.9908858432055195, 1.0, 0.9688953229862062, 0.9955829946576166, 0.9799739188104514, 0.9269568651939241, 0.6764026820089059, 0.9969591938567048, 0.8969469469950557, 0.05824379479234687, 0.46862396102893095, 0.9198403108245454, 0.9480354116267892, 0.9626731492736063], [0.9776094641029603, 0.9722180455115592, 0.9768519294575279, 0.967470279017724, 0.9560349216563803, 0.9988559509786582, -0.9857528645350113, 0.9750564282274169, 0.976776791220314, 0.9684059310357473, 0.9767546723351911, 0.9747713985524568, 0.9688953229862062, 1.0, 0.985903747508707, 0.9832255894317321, 0.8637784402250024, 0.7311541755710146, 0.9620447464442938, 0.8784396471648822, 0.21854470001310305, -0.15694071105421145, 0.9441322948209097, 0.9497312110791977, 0.9566143853824118], [0.9995499204865251, 0.9962839878318066, 0.9873085915022212, 0.9960239868603027, 0.9758559563896553, 0.9857469635070923, -0.9627739027055228, 0.9867003115837755, 0.9679234921751583, 0.995247384598558, 0.9933158555674316, 0.9941630818073673, 0.9955829946576166, 0.985903747508707, 1.0, 0.9870143526445644, 0.9340582433238517, 0.7121240555729876, 0.9894074482840262, 0.8936145208234052, 0.1018999128590771, 0.4790367892075365, 0.9373269908152683, 0.9584107624573293, 0.9618243183523943], [0.9862912317815012, 0.9821939428210801, 0.9749622797438213, 0.981092351903965, 0.960588801570239, 0.9855428883253613, -0.9642070459696519, 0.9963352142180705, 0.986817822995279, 0.9811895030304235, 0.975708325363089, 0.9750139707017706, 0.9799739188104514, 0.9832255894317321, 0.9870143526445644, 1.0, 0.9015607621552323, 0.7020411554713203, 0.9727397793182488, 0.8948944404628151, 0.29944882772336673, -0.22927265133627303, 0.9144473367224143, 0.9430489723405097, 0.9438477228839929], [0.9119108129976216, 0.9002812173427879, 0.8128526639803987, 0.8976292755132305, 0.7927710275770532, 0.8500057893693125, -0.7569326242062107, 0.9195115481586744, 0.8414467575519974, 0.9096985098085857, 0.9041387311744089, 0.9137471155007203, 0.9269568651939241, 0.8637784402250024, 0.9340582433238517, 0.9015607621552323, 1.0, 0.8602547870254839, 0.8454666547113737, 0.8714155190685506, 0.740504032573467, -0.5565718100442497, 0.668927277224509, 0.9094346610126768, 0.7851226437533938], [0.76144506788866, 0.7677776920440186, 0.6526261233889411, 0.7344244288086106, 0.6210180962536125, 0.7276005374925412, -0.6233159461843291, 0.6999022236813188, 0.6254840192410184, 0.7131560334890914, 0.6138906634626906, 0.5055773904611538, 0.6764026820089059, 0.7311541755710146, 0.7121240555729876, 0.7020411554713203, 0.8602547870254839, 1.0, 0.6544310683548776, 0.7585543232916736, 0.735561856023548, -0.1325218151277616, 0.5391088560468946, 0.771941550316987, 0.6582357995456849], [0.9855900223184055, 0.966203294746333, 0.989340865061746, 0.993048882094135, 0.9883968809825646, 0.9667030217995496, -0.9395164852408033, 0.9734361296490432, 0.9650802588580365, 0.995432797567823, 0.9881036597991543, 0.9835652383423245, 0.9969591938567048, 0.9620447464442938, 0.9894074482840262, 0.9727397793182488, 0.8454666547113737, 0.6544310683548776, 1.0, 0.8953138626428682, 0.4032908156858001, -0.2956258501831312, 0.8850851944693733, 0.9488945420968699, 0.966231879374336], [0.9224272437406598, 0.9000954964352177, 0.9108579288060921, 0.9242702657407962, 0.9079986362763328, 0.8892541565577499, -0.8757321498096138, 0.8952467126127763, 0.9033114784165334, 0.9175983818580397, 0.8881111312989802, 0.8741547686639491, 0.8969469469950557, 0.8784396471648822, 0.8936145208234052, 0.8948944404628151, 0.8714155190685506, 0.7585543232916736, 0.8953138626428682, 1.0, 0.4489230452163585, -0.20027226232074535, 0.6917501955083993, 0.9176981045422791, 0.8793860811220251], [0.4934678142342773, 0.4916765454398756, 0.32686743886977776, 0.47402600668733297, 0.3079934122603929, 0.3546526757396546, -0.20713465255378882, 0.36562832352168967, 0.2196443747971976, 0.3054058163176582, -0.24880183679441367, -0.6783857380609513, 0.05824379479234687, 0.21854470001310305, 0.1018999128590771, 0.29944882772336673, 0.740504032573467, 0.735561856023548, 0.4032908156858001, 0.4489230452163585, 1.0, -0.4294224002620117, 0.32296377976950585, 0.4773462447218188, 0.2713560593223894], [-0.3094522266931108, -0.2319952061566154, -0.22628321742863625, -0.3020753100934947, -0.2203686406781363, -0.21565412579772347, 0.14362450403070542, -0.3170984581139658, -0.22939588865529364, -0.23859738434345315, 0.5335411845562115, 0.5574894979726501, 0.46862396102893095, -0.15694071105421145, 0.4790367892075365, -0.22927265133627303, -0.5565718100442497, -0.1325218151277616, -0.2956258501831312, -0.20027226232074535, -0.4294224002620117, 1.0, -0.15318379325880524, -0.3392597004211706, -0.17135307394966473], [0.8972857539988068, 0.8687713683478824, 0.9060529728827555, 0.8971082114816011, 0.8899856891362743, 0.9348722875538532, -0.9017241322648285, 0.9026857370113984, 0.8840693020833409, 0.929983746406176, 0.9073596115510482, 0.8805160761044645, 0.9198403108245454, 0.9441322948209097, 0.9373269908152683, 0.9144473367224143, 0.668927277224509, 0.5391088560468946, 0.8850851944693733, 0.6917501955083993, 0.32296377976950585, -0.15318379325880524, 1.0, 0.8295561366058528, 0.8836449696616017], [0.9729885973515877, 0.9599967010836793, 0.9386270920921869, 0.9668999152538833, 0.9236061135182909, 0.954889140311036, -0.9079941371885785, 0.9535097452014448, 0.9276560507078879, 0.9560091055168672, 0.9516719366886864, 0.9484108046028614, 0.9480354116267892, 0.9497312110791977, 0.9584107624573293, 0.9430489723405097, 0.9094346610126768, 0.771941550316987, 0.9488945420968699, 0.9176981045422791, 0.4773462447218188, -0.3392597004211706, 0.8295561366058528, 1.0, 0.9268628394689304], [0.9507523949903096, 0.9511561918927317, 0.9772277276735608, 0.95654605429732, 0.9748992015669193, 0.9575518834595816, -0.9548972240237126, 0.9325428503453339, 0.9562246109135873, 0.9544386558593015, 0.9767477148774901, 0.9762941369216225, 0.9626731492736063, 0.9566143853824118, 0.9618243183523943, 0.9438477228839929, 0.7851226437533938, 0.6582357995456849, 0.966231879374336, 0.8793860811220251, 0.2713560593223894, -0.17135307394966473, 0.8836449696616017, 0.9268628394689304, 1.0]], "x": ["^TAIEX       \u81fa\u7063\u52a0\u6b0a\u5831\u916c\u6307\u6578", "^TWII        \u81fa\u7063\u52a0\u6b0a\u6307\u6578", "^TAIEXx2     \u81fa\u7063\u52a0\u6b0a\u5831\u916c\u6307\u6578_\u65e5\u6b632", "^TAI50I      \u81fa\u706350\u5831\u916c\u6307\u6578", "^TAI50Ix2    \u81fa\u706350\u5831\u916c\u6307\u6578_\u65e5\u6b632", "^TAI100I     \u81fa\u7063\u4e2d\u578b100\u5831\u916c\u6307\u6578", "^TAI100Ix2   \u81fa\u7063\u4e2d\u578b100\u5831\u916c\u6307\u6578_\u65e5\u6b632", "^TAIDIVIDI   \u81fa\u7063\u9ad8\u80a1\u606f\u5831\u916c\u6307\u6578", "^TAIDIVIDIx2 \u81fa\u7063\u9ad8\u80a1\u606f\u5831\u916c\u6307\u6578_\u65e5\u6b632", "0050         \u5143\u5927\u81fa\u706350", "00631L       \u5143\u5927\u53f0\u706350\u6b632", "00675L       \u5bcc\u90a6\u81fa\u7063\u52a0\u6b0a\u6b632", "006208       \u5bcc\u90a6\u53f050", "0051         \u5143\u5927\u4e2d\u578b100", "006204       \u6c38\u8c50\u81fa\u7063\u52a0\u6b0a", "0056         \u5143\u5927\u9ad8\u80a1\u606f", "2412         \u4e2d\u83ef\u96fb\u4fe1", "2002         \u4e2d\u92fc", "2330         \u53f0\u7a4d\u96fb", "2317         \u9d3b\u6d77", "6505         \u53f0\u5851\u77f3\u5316", "3481         \u7fa4\u5275", "2303         \u806f\u96fb", "2308         \u53f0\u9054\u96fb", "2454         \u806f\u767c\u79d1"], "y": ["^TAIEX       \u81fa\u7063\u52a0\u6b0a\u5831\u916c\u6307\u6578", "^TWII        \u81fa\u7063\u52a0\u6b0a\u6307\u6578", "^TAIEXx2     \u81fa\u7063\u52a0\u6b0a\u5831\u916c\u6307\u6578_\u65e5\u6b632", "^TAI50I      \u81fa\u706350\u5831\u916c\u6307\u6578", "^TAI50Ix2    \u81fa\u706350\u5831\u916c\u6307\u6578_\u65e5\u6b632", "^TAI100I     \u81fa\u7063\u4e2d\u578b100\u5831\u916c\u6307\u6578", "^TAI100Ix2   \u81fa\u7063\u4e2d\u578b100\u5831\u916c\u6307\u6578_\u65e5\u6b632", "^TAIDIVIDI   \u81fa\u7063\u9ad8\u80a1\u606f\u5831\u916c\u6307\u6578", "^TAIDIVIDIx2 \u81fa\u7063\u9ad8\u80a1\u606f\u5831\u916c\u6307\u6578_\u65e5\u6b632", "0050         \u5143\u5927\u81fa\u706350", "00631L       \u5143\u5927\u53f0\u706350\u6b632", "00675L       \u5bcc\u90a6\u81fa\u7063\u52a0\u6b0a\u6b632", "006208       \u5bcc\u90a6\u53f050", "0051         \u5143\u5927\u4e2d\u578b100", "006204       \u6c38\u8c50\u81fa\u7063\u52a0\u6b0a", "0056         \u5143\u5927\u9ad8\u80a1\u606f", "2412         \u4e2d\u83ef\u96fb\u4fe1", "2002         \u4e2d\u92fc", "2330         \u53f0\u7a4d\u96fb", "2317         \u9d3b\u6d77", "6505         \u53f0\u5851\u77f3\u5316", "3481         \u7fa4\u5275", "2303         \u806f\u96fb", "2308         \u53f0\u9054\u96fb", "2454         \u806f\u767c\u79d1"], "zmin": -1, "zmax": 1, "colorbar": {"x": -0.2}}], "layout": {"title": {"text": "<b>Correlation of Adj Close <b><br><i>2016/09/23 ~ 2025/05/09<i>", "y": 0.05, "font": {"family": "Times New Roman"}, "x": 0.05}, "xaxis": {"side": "top", "tickangle": -90, "gridcolor": "rgba(0, 0, 0, 0)", "tickfont": {"family": "Courier New", "size": 14}, "automargin": true}, "yaxis": {"side": "right", "gridcolor": "rgba(0, 0, 0, 0)", "tickfont": {"family": "Courier New"}, "automargin": true}, "height": 600, "font": {"family": "Courier New", "color": "#ffffff"}, "plot_bgcolor": "#000", "paper_bgcolor": "#000"}};

Plotly.newPlot("correlationAdjClose",
    correlationAdjClose.data,
    correlationAdjClose.layout || {},
    config);