var element=document.getElementById("correlationClose");if(element.style.display!='none'){var correlationClose={"data":[{"type":"heatmap","z":[[1.0,0.9999999999999982,1.0,0.9951103150609988,0.9951103150609988,0.9673003741744066,0.9673003741744066,0.9081403929016442,0.9081403929016442,0.819425169774489,0.9946027083226723,0.7773818306661302,0.9925433483852443,0.9927849481489687,0.9946558972159509,0.9749368039860142,0.999107771578791,0.9173128108830751,0.9173128108830751,0.7816537030758354,-0.15276520645387587,0.9786356372290905,0.18277035772847838,-0.11556911222780082,-0.2509861654287569,0.8143393969524202,0.9062765990308075,0.9165732257669349,0.9246317543515046,0.7837687232182069,0.5758241462564001,0.6416647826022228,0.62874642487658,0.9354212569935187,0.8395062173362179,0.2002593414660302],[0.9999999999999982,1.0,0.9999999999999984,0.9950791768382583,0.9950791768382583,0.9667870741151593,0.9667870741151593,0.9090434011955265,0.9090434011955265,0.820919410345624,0.9945959759173382,0.7791451789416542,0.9922684380903134,0.9922882301572359,0.9946508275231932,0.974377161913129,0.9991062928907664,0.9175600433024621,0.9175600433024621,0.8000737188786503,0.06000200917836398,0.9706781046180504,-0.031239405407783232,-0.10734697806356977,-0.2513118105644494,0.6495328170253125,0.9071328504926404,0.8927254493845549,0.9194389810671816,0.7938867632894822,0.566715227285261,0.6387579881472986,0.6541440470616823,0.9331532170431237,0.69898626475682,0.19675663708513985],[1.0,0.9999999999999984,1.0,0.9951103150609988,0.9951103150609988,0.9673003741744066,0.9673003741744066,0.9081403929016442,0.9081403929016442,0.819425169774489,0.9946027083226723,0.7773818306661302,0.9925433483852443,0.9927849481489687,0.9946558972159509,0.9749368039860142,0.999107771578791,0.9173128108830751,0.9173128108830751,0.7816537030758354,-0.15276520645387587,0.9786356372290905,0.18277035772847838,-0.11556911222780082,-0.2509861654287569,0.8143393969524202,0.9062765990308075,0.9165732257669349,0.9246317543515046,0.7837687232182069,0.5758241462564001,0.6416647826022228,0.62874642487658,0.9354212569935187,0.8395062173362179,0.2002593414660302],[0.9951103150609988,0.9950791768382583,0.9951103150609988,1.0,1.0,0.9541764891621658,0.9541764891621658,0.8922599370970362,0.8922599370970362,0.7919973247325558,0.9995538932560861,0.7482391950312708,0.9915612807966485,0.9888544815347263,0.9995132861299272,0.9574633914197658,0.9948423438306337,0.8921785021542138,0.8921785021542138,0.755610493487726,-0.16100902346594928,0.9909428176256159,0.21025647020207952,-0.15186508683336014,-0.2508691983241001,0.8041785176124593,0.9192788037179083,0.9172714370833029,0.9080829138441184,0.787844323589769,0.6050573811924108,0.6343530346046442,0.5979461738854387,0.9254899885616603,0.8296320578203793,0.21259714571532928],[0.9951103150609988,0.9950791768382583,0.9951103150609988,1.0,1.0,0.9541764891621658,0.9541764891621658,0.8922599370970362,0.8922599370970362,0.7919973247325558,0.9995538932560861,0.7482391950312708,0.9915612807966485,0.9888544815347263,0.9995132861299272,0.9574633914197658,0.9948423438306337,0.8921785021542138,0.8921785021542138,0.755610493487726,-0.16100902346594928,0.9909428176256159,0.21025647020207952,-0.15186508683336014,-0.2508691983241001,0.8041785176124593,0.9192788037179083,0.9172714370833029,0.9080829138441184,0.787844323589769,0.6050573811924108,0.6343530346046442,0.5979461738854387,0.9254899885616603,0.8296320578203793,0.21259714571532928],[0.9673003741744066,0.9667870741151593,0.9673003741744066,0.9541764891621658,0.9541764891621658,1.0,1.0,0.9330439626658603,0.9330439626658603,0.7924261543908979,0.9534852866396893,0.7756305872945702,0.9693452976244838,0.9667466527656103,0.9533712604201424,0.9990787800862293,0.974766952371883,0.9184215417008118,0.9184215417008118,0.648699955582292,-0.10246986850381032,0.9398312657895456,0.3348669301357523,-0.2965786500161172,-0.12144243130506602,0.8826548785629477,0.8586580208402218,0.9340728081543199,0.9004904419794226,0.7493239278747504,0.7587714299002389,0.7425366144852926,0.7035138407841323,0.866828678527768,0.8691701615503342,0.47729777565988246],[0.9673003741744066,0.9667870741151593,0.9673003741744066,0.9541764891621658,0.9541764891621658,1.0,1.0,0.9330439626658603,0.9330439626658603,0.7924261543908979,0.9534852866396893,0.7756305872945702,0.9693452976244838,0.9667466527656103,0.9533712604201424,0.9990787800862293,0.974766952371883,0.9184215417008118,0.9184215417008118,0.648699955582292,-0.10246986850381032,0.9398312657895456,0.3348669301357523,-0.2965786500161172,-0.12144243130506602,0.8826548785629477,0.8586580208402218,0.9340728081543199,0.9004904419794226,0.7493239278747504,0.7587714299002389,0.7425366144852926,0.7035138407841323,0.866828678527768,0.8691701615503342,0.47729777565988246],[0.9081403929016442,0.9090434011955265,0.9081403929016442,0.8922599370970362,0.8922599370970362,0.9330439626658603,0.9330439626658603,1.0,1.0,0.7438830428851637,0.9377191701205085,0.7599374798366216,0.9398446279882388,0.9345458061982729,0.9376422279262379,0.9342308531461756,0.9455803043434187,0.970931316005293,0.970931316005293,0.5932136947117744,0.01857822052145345,0.85512766541164,0.5617857525076713,-0.3226217857371363,0.012458770496806595,0.7890115035601292,0.758165950034227,0.8782221195529208,0.8552560732395703,0.7623008449184171,0.8807806387160313,0.7850315081177595,0.7163418644145235,0.7999148088109187,0.8550557971648631,0.8069903429973816],[0.9081403929016442,0.9090434011955265,0.9081403929016442,0.8922599370970362,0.8922599370970362,0.9330439626658603,0.9330439626658603,1.0,1.0,0.7438830428851637,0.9377191701205085,0.7599374798366216,0.9398446279882388,0.9345458061982729,0.9376422279262379,0.9342308531461756,0.9455803043434187,0.970931316005293,0.970931316005293,0.5932136947117744,0.01857822052145345,0.85512766541164,0.5617857525076713,-0.3226217857371363,0.012458770496806595,0.7890115035601292,0.758165950034227,0.8782221195529208,0.8552560732395703,0.7623008449184171,0.8807806387160313,0.7850315081177595,0.7163418644145235,0.7999148088109187,0.8550557971648631,0.8069903429973816],[0.819425169774489,0.820919410345624,0.819425169774489,0.7919973247325558,0.7919973247325558,0.7924261543908979,0.7924261543908979,0.7438830428851637,0.7438830428851637,1.0,0.6799667997836443,0.9999698428257761,0.6103999221222116,0.519899317302419,0.6817384611711378,0.7878154388908019,0.7354499766122635,0.8204541739028387,0.8204541739028387,0.696231584314846,-0.09934532338730916,0.7644993062230641,0.037932429026225276,0.048541900778873964,-0.24303758508864984,0.7886046451960121,0.5561800755307559,0.7669054363445014,0.8174905663761037,0.6877628124572169,0.3588608774896749,0.5328693996991466,0.5649188340567353,0.7970028492302731,0.6625109126180536,0.17237170207439984],[0.9946027083226723,0.9945959759173382,0.9946027083226723,0.9995538932560861,0.9995538932560861,0.9534852866396893,0.9534852866396893,0.9377191701205085,0.9377191701205085,0.6799667997836443,1.0,0.6798161626471121,0.9912764001402588,0.9888864320584471,0.9999301086101535,0.9528802233508712,0.9939176689362766,0.9031355117214467,0.9031355117214467,0.8536532732824087,-0.00038552475518400115,0.9965864165488189,0.8923396311449597,-0.5170024181256379,0.33403093352420915,0.8188095273259967,0.8848002930767669,0.934853007236355,0.90222456690726,0.812196533986167,0.9184297742982501,0.866970897305238,0.7718796683085334,0.9061274643969649,0.9450853787420851,0.7843347157689579],[0.7773818306661302,0.7791451789416542,0.7773818306661302,0.7482391950312708,0.7482391950312708,0.7756305872945702,0.7756305872945702,0.7599374798366216,0.7599374798366216,0.9999698428257761,0.6798161626471121,1.0,0.6110016260894133,0.520356711577259,0.6822319371100588,0.780107617999882,0.7358205980834932,0.8168243570290119,0.8168243570290119,0.657220970968143,0.028263451550110705,0.7242659603402245,0.4329548332454366,-0.17160196671494793,-0.2305994934690879,0.8205675520662242,0.46294734433642476,0.7423052334706937,0.7906877685077831,0.7138777271708776,0.5880824541863853,0.7096985405057098,0.6843632007453031,0.7561075927119159,0.6539260719737823,0.6772483077656727],[0.9925433483852443,0.9922684380903134,0.9925433483852443,0.9915612807966485,0.9915612807966485,0.9693452976244838,0.9693452976244838,0.9398446279882388,0.9398446279882388,0.6103999221222116,0.9912764001402588,0.6110016260894133,1.0,0.9997789483463753,0.9912364891695445,0.9668707000622333,0.990487274828496,0.8910731575484262,0.8910731575484262,0.8330173146732351,0.026374552031946816,0.9896085533567742,0.9117451765471498,-0.6688253865354697,0.3986064691062818,0.7886401056111272,0.8936276482556458,0.9415021553343591,0.891402491016825,0.748519387183578,0.9189671866580188,0.8444617748749633,0.7496983534823828,0.8909338948080128,0.9573401048316617,0.8104317787024163],[0.9927849481489687,0.9922882301572359,0.9927849481489687,0.9888544815347263,0.9888544815347263,0.9667466527656103,0.9667466527656103,0.9345458061982729,0.9345458061982729,0.519899317302419,0.9888864320584471,0.520356711577259,0.9997789483463753,1.0,0.9889784430097783,0.9634404252800439,0.9898174116116173,0.875269991699605,0.875269991699605,0.8545056902071332,-0.09970826698412082,0.9857510378457989,0.9194216844737266,-0.8382205523317695,0.43324302789256586,0.7369013585254554,0.898752453072009,0.9346650036030685,0.8769717972614115,0.6823025694599207,0.9269198497274546,0.8359012235966061,0.690929947417914,0.9147695440403771,0.9580611983528746,0.7809109446452996],[0.9946558972159509,0.9946508275231932,0.9946558972159509,0.9995132861299272,0.9995132861299272,0.9533712604201424,0.9533712604201424,0.9376422279262379,0.9376422279262379,0.6817384611711378,0.9999301086101535,0.6822319371100588,0.9912364891695445,0.9889784430097783,1.0,0.9528834383134357,0.9939829882843074,0.903776802698287,0.903776802698287,0.854540450047618,0.00045509944693176817,0.996456809947415,0.8915669424461845,-0.5138581722366427,0.33353723165426286,0.8193976103988099,0.8832323684481946,0.9341430265185592,0.9028224314888351,0.8132696285286444,0.9177481326627338,0.8680716262783312,0.7732752987471305,0.9060204419346253,0.9450405876932348,0.784703421951152],[0.9749368039860142,0.974377161913129,0.9749368039860142,0.9574633914197658,0.9574633914197658,0.9990787800862293,0.9990787800862293,0.9342308531461756,0.9342308531461756,0.7878154388908019,0.9528802233508712,0.780107617999882,0.9668707000622333,0.9634404252800439,0.9528834383134357,1.0,0.9755018145453402,0.9187630897142863,0.9187630897142863,0.6968783607208955,-0.0866767740168328,0.9465658179040355,0.6553378606462168,-0.42761343738714097,-0.16859312727359274,0.8942533634830339,0.8525015909129512,0.9300549139833052,0.9077399652659115,0.7853297517989213,0.8604590327607065,0.7891872293216236,0.7602143309318236,0.8880045799575886,0.8661756151981824,0.7950368272341198],[0.999107771578791,0.9991062928907664,0.999107771578791,0.9948423438306337,0.9948423438306337,0.974766952371883,0.974766952371883,0.9455803043434187,0.9455803043434187,0.7354499766122635,0.9939176689362766,0.7358205980834932,0.990487274828496,0.9898174116116173,0.9939829882843074,0.9755018145453402,1.0,0.9292499349604276,0.9292499349604276,0.863747211815643,0.01534583699184452,0.9874741300191966,0.8604522242006775,-0.4954957461500035,0.3530984904090431,0.8653152116825127,0.8752333561529811,0.9457983544246259,0.9315642556333156,0.8338612308322763,0.9062535527612853,0.8982153391458254,0.8145417620041111,0.9192438574179227,0.9537729562891394,0.838750434678919],[0.9173128108830751,0.9175600433024621,0.9173128108830751,0.8921785021542138,0.8921785021542138,0.9184215417008118,0.9184215417008118,0.970931316005293,0.970931316005293,0.8204541739028387,0.9031355117214467,0.8168243570290119,0.8910731575484262,0.875269991699605,0.903776802698287,0.9187630897142863,0.9292499349604276,1.0,1.0,0.7453201693114148,-0.04045980996480086,0.8562319291850401,0.5575747236669663,-0.20674298509465833,-0.20828227987737855,0.8293494612826192,0.7275903508453982,0.8400632425284291,0.9182823997561429,0.8411016250219093,0.799227309042023,0.7601083794183563,0.7077038176857816,0.8477795759788037,0.7816210224134432,0.854243491149499],[0.9173128108830751,0.9175600433024621,0.9173128108830751,0.8921785021542138,0.8921785021542138,0.9184215417008118,0.9184215417008118,0.970931316005293,0.970931316005293,0.8204541739028387,0.9031355117214467,0.8168243570290119,0.8910731575484262,0.875269991699605,0.903776802698287,0.9187630897142863,0.9292499349604276,1.0,1.0,0.7453201693114148,-0.04045980996480086,0.8562319291850401,0.5575747236669663,-0.20674298509465833,-0.20828227987737855,0.8293494612826192,0.7275903508453982,0.8400632425284291,0.9182823997561429,0.8411016250219093,0.799227309042023,0.7601083794183563,0.7077038176857816,0.8477795759788037,0.7816210224134432,0.854243491149499],[0.7816537030758354,0.8000737188786503,0.7816537030758354,0.755610493487726,0.755610493487726,0.648699955582292,0.648699955582292,0.5932136947117744,0.5932136947117744,0.696231584314846,0.8536532732824087,0.657220970968143,0.8330173146732351,0.8545056902071332,0.854540450047618,0.6968783607208955,0.863747211815643,0.7453201693114148,0.7453201693114148,1.0,0.030237131081915336,0.717300083669613,-0.35393416314625625,0.30824142078283884,-0.6560192375268448,0.3595061963684202,0.6991523374330845,0.5166463688964658,0.8376568341830937,0.6977289761702957,0.1259333762130543,0.3168736686596503,0.5685604220884175,0.7839465744990923,0.48566998870818195,-0.14302822290618938],[-0.15276520645387587,0.06000200917836398,-0.15276520645387587,-0.16100902346594928,-0.16100902346594928,-0.10246986850381032,-0.10246986850381032,0.01857822052145345,0.01857822052145345,-0.09934532338730916,-0.00038552475518400115,0.028263451550110705,0.026374552031946816,-0.09970826698412082,0.00045509944693176817,-0.0866767740168328,0.01534583699184452,-0.04045980996480086,-0.04045980996480086,0.030237131081915336,1.0,-0.1038102245447976,0.10072271155773825,0.1612283013056909,0.7480509820167162,-0.09606663962849392,-0.05789837553597528,-0.021617823291649067,0.15432505940252944,-0.0072597301660080596,0.03544922398795374,0.3218603737243893,0.5633947099275508,-0.12965229138458734,0.09735254954840913,0.152240699115543],[0.9786356372290905,0.9706781046180504,0.9786356372290905,0.9909428176256159,0.9909428176256159,0.9398312657895456,0.9398312657895456,0.85512766541164,0.85512766541164,0.7644993062230641,0.9965864165488189,0.7242659603402245,0.9896085533567742,0.9857510378457989,0.996456809947415,0.9465658179040355,0.9874741300191966,0.8562319291850401,0.8562319291850401,0.717300083669613,-0.1038102245447976,1.0,0.11684723539998072,-0.20784394033754897,-0.2999171631525944,0.668053504671045,0.920245064028227,0.9006699152472006,0.8522519306178773,0.7561383734953756,0.6050657753979546,0.601159071415738,0.5285114301669953,0.9045026149258711,0.6779034942379619,0.19322248662259525],[0.18277035772847838,-0.031239405407783232,0.18277035772847838,0.21025647020207952,0.21025647020207952,0.3348669301357523,0.3348669301357523,0.5617857525076713,0.5617857525076713,0.037932429026225276,0.8923396311449597,0.4329548332454366,0.9117451765471498,0.9194216844737266,0.8915669424461845,0.6553378606462168,0.8604522242006775,0.5575747236669663,0.5575747236669663,-0.35393416314625625,0.10072271155773825,0.11684723539998072,1.0,-0.46371352147458855,0.7076468360736711,0.3855708218339417,0.13463241691700525,0.3271214860671114,-0.08145118892898945,0.09213938398132536,0.6050221310427567,0.48556563482494286,0.20422227542170182,0.02514800635408574,0.402233527654955,0.472779546278021],[-0.11556911222780082,-0.10734697806356977,-0.11556911222780082,-0.15186508683336014,-0.15186508683336014,-0.2965786500161172,-0.2965786500161172,-0.3226217857371363,-0.3226217857371363,0.048541900778873964,-0.5170024181256379,-0.17160196671494793,-0.6688253865354697,-0.8382205523317695,-0.5138581722366427,-0.42761343738714097,-0.4954957461500035,-0.20674298509465833,-0.20674298509465833,0.30824142078283884,0.1612283013056909,-0.20784394033754897,-0.46371352147458855,1.0,-0.02545810308891997,-0.17163802783127816,-0.20619407648347338,-0.31191813736829954,-0.05435898550392014,-0.08488028782694432,-0.5722316483998273,-0.208549324982037,-0.029570374289464508,-0.05890477040105815,-0.23157257491503855,-0.41195073393039716],[-0.2509861654287569,-0.2513118105644494,-0.2509861654287569,-0.2508691983241001,-0.2508691983241001,-0.12144243130506602,-0.12144243130506602,0.012458770496806595,0.012458770496806595,-0.24303758508864984,0.33403093352420915,-0.2305994934690879,0.3986064691062818,0.43324302789256586,0.33353723165426286,-0.16859312727359274,0.3530984904090431,-0.20828227987737855,-0.20828227987737855,-0.6560192375268448,0.7480509820167162,-0.2999171631525944,0.7076468360736711,-0.02545810308891997,1.0,-0.1083413988025057,-0.24148581197794203,-0.06904154476696697,-0.3515832302124599,-0.3298037852925331,0.0637345316916986,0.15798289247231,0.2612474285978348,-0.37781192347719644,0.106988490424912,0.08864059973101705],[0.8143393969524202,0.6495328170253125,0.8143393969524202,0.8041785176124593,0.8041785176124593,0.8826548785629477,0.8826548785629477,0.7890115035601292,0.7890115035601292,0.7886046451960121,0.8188095273259967,0.8205675520662242,0.7886401056111272,0.7369013585254554,0.8193976103988099,0.8942533634830339,0.8653152116825127,0.8293494612826192,0.8293494612826192,0.3595061963684202,-0.09606663962849392,0.668053504671045,0.3855708218339417,-0.17163802783127816,-0.1083413988025057,1.0,0.543829622219757,0.8397066721742141,0.5004973851746177,0.6322953488751998,0.5545214318702752,0.6617812478562043,0.42813456577417536,0.7082046557002122,0.7060470533553896,0.421535709062672],[0.9062765990308075,0.9071328504926404,0.9062765990308075,0.9192788037179083,0.9192788037179083,0.8586580208402218,0.8586580208402218,0.758165950034227,0.758165950034227,0.5561800755307559,0.8848002930767669,0.46294734433642476,0.8936276482556458,0.898752453072009,0.8832323684481946,0.8525015909129512,0.8752333561529811,0.7275903508453982,0.7275903508453982,0.6991523374330845,-0.05789837553597528,0.920245064028227,0.13463241691700525,-0.20619407648347338,-0.24148581197794203,0.543829622219757,1.0,0.8004152096140481,0.7767144881732234,0.6657034259733573,0.5198961660532088,0.5082005155600994,0.5110498205900278,0.8407088062420108,0.6352520276658278,0.12090608935001454],[0.9165732257669349,0.8927254493845549,0.9165732257669349,0.9172714370833029,0.9172714370833029,0.9340728081543199,0.9340728081543199,0.8782221195529208,0.8782221195529208,0.7669054363445014,0.934853007236355,0.7423052334706937,0.9415021553343591,0.9346650036030685,0.9341430265185592,0.9300549139833052,0.9457983544246259,0.8400632425284291,0.8400632425284291,0.5166463688964658,-0.021617823291649067,0.9006699152472006,0.3271214860671114,-0.31191813736829954,-0.06904154476696697,0.8397066721742141,0.8004152096140481,1.0,0.758173054362552,0.6202234232020896,0.6128254676694921,0.6097619510205708,0.5361345470270432,0.8251956725737455,0.8396389069984126,0.2297723759143387],[0.9246317543515046,0.9194389810671816,0.9246317543515046,0.9080829138441184,0.9080829138441184,0.9004904419794226,0.9004904419794226,0.8552560732395703,0.8552560732395703,0.8174905663761037,0.90222456690726,0.7906877685077831,0.891402491016825,0.8769717972614115,0.9028224314888351,0.9077399652659115,0.9315642556333156,0.9182823997561429,0.9182823997561429,0.8376568341830937,0.15432505940252944,0.8522519306178773,-0.08145118892898945,-0.05435898550392014,-0.3515832302124599,0.5004973851746177,0.7767144881732234,0.758173054362552,1.0,0.9081789310415889,0.5571772804939384,0.693249080443641,0.6680164007646182,0.8810576828906773,0.5187435893071882,0.3061558547984804],[0.7837687232182069,0.7938867632894822,0.7837687232182069,0.787844323589769,0.787844323589769,0.7493239278747504,0.7493239278747504,0.7623008449184171,0.7623008449184171,0.6877628124572169,0.812196533986167,0.7138777271708776,0.748519387183578,0.6823025694599207,0.8132696285286444,0.7853297517989213,0.8338612308322763,0.8411016250219093,0.8411016250219093,0.6977289761702957,-0.0072597301660080596,0.7561383734953756,0.09213938398132536,-0.08488028782694432,-0.3298037852925331,0.6322953488751998,0.6657034259733573,0.6202234232020896,0.9081789310415889,1.0,0.5902731077729282,0.6757344183682199,0.6123338957469563,0.737515325669329,0.5958496596081748,0.4782125964328487],[0.5758241462564001,0.566715227285261,0.5758241462564001,0.6050573811924108,0.6050573811924108,0.7587714299002389,0.7587714299002389,0.8807806387160313,0.8807806387160313,0.3588608774896749,0.9184297742982501,0.5880824541863853,0.9189671866580188,0.9269198497274546,0.9177481326627338,0.8604590327607065,0.9062535527612853,0.799227309042023,0.799227309042023,0.1259333762130543,0.03544922398795374,0.6050657753979546,0.6050221310427567,-0.5722316483998273,0.0637345316916986,0.5545214318702752,0.5198961660532088,0.6128254676694921,0.5571772804939384,0.5902731077729282,1.0,0.7477485723557669,0.38749283950589414,0.5186898468588583,0.6004350078934166,0.7541811973421902],[0.6416647826022228,0.6387579881472986,0.6416647826022228,0.6343530346046442,0.6343530346046442,0.7425366144852926,0.7425366144852926,0.7850315081177595,0.7850315081177595,0.5328693996991466,0.866970897305238,0.7096985405057098,0.8444617748749633,0.8359012235966061,0.8680716262783312,0.7891872293216236,0.8982153391458254,0.7601083794183563,0.7601083794183563,0.3168736686596503,0.3218603737243893,0.601159071415738,0.48556563482494286,-0.208549324982037,0.15798289247231,0.6617812478562043,0.5082005155600994,0.6097619510205708,0.693249080443641,0.6757344183682199,0.7477485723557669,1.0,0.7795015018403036,0.5091478388130671,0.7339266204753558,0.5534525389513767],[0.62874642487658,0.6541440470616823,0.62874642487658,0.5979461738854387,0.5979461738854387,0.7035138407841323,0.7035138407841323,0.7163418644145235,0.7163418644145235,0.5649188340567353,0.7718796683085334,0.6843632007453031,0.7496983534823828,0.690929947417914,0.7732752987471305,0.7602143309318236,0.8145417620041111,0.7077038176857816,0.7077038176857816,0.5685604220884175,0.5633947099275508,0.5285114301669953,0.20422227542170182,-0.029570374289464508,0.2612474285978348,0.42813456577417536,0.5110498205900278,0.5361345470270432,0.6680164007646182,0.6123338957469563,0.38749283950589414,0.7795015018403036,1.0,0.49588592625309863,0.6657730534208346,0.20626963086878466],[0.9354212569935187,0.9331532170431237,0.9354212569935187,0.9254899885616603,0.9254899885616603,0.866828678527768,0.866828678527768,0.7999148088109187,0.7999148088109187,0.7970028492302731,0.9061274643969649,0.7561075927119159,0.8909338948080128,0.9147695440403771,0.9060204419346253,0.8880045799575886,0.9192438574179227,0.8477795759788037,0.8477795759788037,0.7839465744990923,-0.12965229138458734,0.9045026149258711,0.02514800635408574,-0.05890477040105815,-0.37781192347719644,0.7082046557002122,0.8407088062420108,0.8251956725737455,0.8810576828906773,0.737515325669329,0.5186898468588583,0.5091478388130671,0.49588592625309863,1.0,0.7440270699601278,0.185027557326183],[0.8395062173362179,0.69898626475682,0.8395062173362179,0.8296320578203793,0.8296320578203793,0.8691701615503342,0.8691701615503342,0.8550557971648631,0.8550557971648631,0.6625109126180536,0.9450853787420851,0.6539260719737823,0.9573401048316617,0.9580611983528746,0.9450405876932348,0.8661756151981824,0.9537729562891394,0.7816210224134432,0.7816210224134432,0.48566998870818195,0.09735254954840913,0.6779034942379619,0.402233527654955,-0.23157257491503855,0.106988490424912,0.7060470533553896,0.6352520276658278,0.8396389069984126,0.5187435893071882,0.5958496596081748,0.6004350078934166,0.7339266204753558,0.6657730534208346,0.7440270699601278,1.0,0.19433377281262573],[0.2002593414660302,0.19675663708513985,0.2002593414660302,0.21259714571532928,0.21259714571532928,0.47729777565988246,0.47729777565988246,0.8069903429973816,0.8069903429973816,0.17237170207439984,0.7843347157689579,0.6772483077656727,0.8104317787024163,0.7809109446452996,0.784703421951152,0.7950368272341198,0.838750434678919,0.854243491149499,0.854243491149499,-0.14302822290618938,0.152240699115543,0.19322248662259525,0.472779546278021,-0.41195073393039716,0.08864059973101705,0.421535709062672,0.12090608935001454,0.2297723759143387,0.3061558547984804,0.4782125964328487,0.7541811973421902,0.5534525389513767,0.20626963086878466,0.185027557326183,0.19433377281262573,1.0]],"x":["^TAIEX       \u81fa\u7063\u52a0\u6b0a\u5831\u916c\u6307\u6578","^TWII        \u81fa\u7063\u52a0\u6b0a\u6307\u6578","^TAIEXx2     \u81fa\u7063\u52a0\u6b0a\u5831\u916c\u6307\u6578_\u65e5\u6b632","^TAI50I      \u81fa\u706350\u5831\u916c\u6307\u6578","^TAI50Ix2    \u81fa\u706350\u5831\u916c\u6307\u6578_\u65e5\u6b632","^TAI100I     \u81fa\u7063\u4e2d\u578b100\u5831\u916c\u6307\u6578","^TAI100Ix2   \u81fa\u7063\u4e2d\u578b100\u5831\u916c\u6307\u6578_\u65e5\u6b632","^TAIDIVIDI   \u81fa\u7063\u9ad8\u80a1\u606f\u5831\u916c\u6307\u6578","^TAIDIVIDIx2 \u81fa\u7063\u9ad8\u80a1\u606f\u5831\u916c\u6307\u6578_\u65e5\u6b632","0050Fund     \u5143\u5927\u53f0\u7063\u5353\u8d8a50\u57fa\u91d1","006208Fund   \u5bcc\u90a6\u53f0\u7063\u91c6\u540950\u57fa\u91d1","0050         \u5143\u5927\u81fa\u706350","00631L       \u5143\u5927\u53f0\u706350\u6b632","00675L       \u5bcc\u90a6\u81fa\u7063\u52a0\u6b0a\u6b632","006208       \u5bcc\u90a6\u53f050","0051         \u5143\u5927\u4e2d\u578b100","006204       \u6c38\u8c50\u81fa\u7063\u52a0\u6b0a","0056         \u5143\u5927\u9ad8\u80a1\u606f","0056         \u5143\u5927\u9ad8\u80a1\u606f_\u80a1\u606f\u4e0d\u6295\u5165","2412         \u4e2d\u83ef\u96fb\u4fe1","2002         \u4e2d\u92fc","2330         \u53f0\u7a4d\u96fb","2317         \u9d3b\u6d77","6505         \u53f0\u5851\u77f3\u5316","3481         \u7fa4\u5275","2303         \u806f\u96fb","2308         \u53f0\u9054\u96fb","2454         \u806f\u767c\u79d1","2886         \u5146\u8c50\u91d1","2884         \u7389\u5c71\u91d1","2891         \u4e2d\u4fe1\u91d1","2892         \u7b2c\u4e00\u91d1","5880         \u5408\u5eab\u91d1","2881         \u5bcc\u90a6\u91d1","2885         \u5143\u5927\u91d1","2887         \u53f0\u65b0\u91d1"],"y":["^TAIEX       \u81fa\u7063\u52a0\u6b0a\u5831\u916c\u6307\u6578","^TWII        \u81fa\u7063\u52a0\u6b0a\u6307\u6578","^TAIEXx2     \u81fa\u7063\u52a0\u6b0a\u5831\u916c\u6307\u6578_\u65e5\u6b632","^TAI50I      \u81fa\u706350\u5831\u916c\u6307\u6578","^TAI50Ix2    \u81fa\u706350\u5831\u916c\u6307\u6578_\u65e5\u6b632","^TAI100I     \u81fa\u7063\u4e2d\u578b100\u5831\u916c\u6307\u6578","^TAI100Ix2   \u81fa\u7063\u4e2d\u578b100\u5831\u916c\u6307\u6578_\u65e5\u6b632","^TAIDIVIDI   \u81fa\u7063\u9ad8\u80a1\u606f\u5831\u916c\u6307\u6578","^TAIDIVIDIx2 \u81fa\u7063\u9ad8\u80a1\u606f\u5831\u916c\u6307\u6578_\u65e5\u6b632","0050Fund     \u5143\u5927\u53f0\u7063\u5353\u8d8a50\u57fa\u91d1","006208Fund   \u5bcc\u90a6\u53f0\u7063\u91c6\u540950\u57fa\u91d1","0050         \u5143\u5927\u81fa\u706350","00631L       \u5143\u5927\u53f0\u706350\u6b632","00675L       \u5bcc\u90a6\u81fa\u7063\u52a0\u6b0a\u6b632","006208       \u5bcc\u90a6\u53f050","0051         \u5143\u5927\u4e2d\u578b100","006204       \u6c38\u8c50\u81fa\u7063\u52a0\u6b0a","0056         \u5143\u5927\u9ad8\u80a1\u606f","0056         \u5143\u5927\u9ad8\u80a1\u606f_\u80a1\u606f\u4e0d\u6295\u5165","2412         \u4e2d\u83ef\u96fb\u4fe1","2002         \u4e2d\u92fc","2330         \u53f0\u7a4d\u96fb","2317         \u9d3b\u6d77","6505         \u53f0\u5851\u77f3\u5316","3481         \u7fa4\u5275","2303         \u806f\u96fb","2308         \u53f0\u9054\u96fb","2454         \u806f\u767c\u79d1","2886         \u5146\u8c50\u91d1","2884         \u7389\u5c71\u91d1","2891         \u4e2d\u4fe1\u91d1","2892         \u7b2c\u4e00\u91d1","5880         \u5408\u5eab\u91d1","2881         \u5bcc\u90a6\u91d1","2885         \u5143\u5927\u91d1","2887         \u53f0\u65b0\u91d1"],"zmin":-1,"zmax":1,"colorbar":{"x":-0.2}}],"layout":{"autotypenumbers":"strict","colorway":["#636efa","#EF553B","#00cc96","#ab63fa","#FFA15A","#19d3f3","#FF6692","#B6E880","#FF97FF","#FECB52"],"font":{"color":"#f2f5fa","family":"Courier New"},"hovermode":"closest","hoverlabel":{"align":"left"},"paper_bgcolor":"rgb(17,17,17)","plot_bgcolor":"rgb(17,17,17)","polar":{"bgcolor":"rgb(17,17,17)","angularaxis":{"gridcolor":"#506784","linecolor":"#506784","ticks":""},"radialaxis":{"gridcolor":"#506784","linecolor":"#506784","ticks":""}},"ternary":{"bgcolor":"rgb(17,17,17)","aaxis":{"gridcolor":"#506784","linecolor":"#506784","ticks":""},"baxis":{"gridcolor":"#506784","linecolor":"#506784","ticks":""},"caxis":{"gridcolor":"#506784","linecolor":"#506784","ticks":""}},"coloraxis":{"colorbar":{"outlinewidth":0,"ticks":""}},"colorscale":{"sequential":[[0.0,"#0d0887"],[0.1111111111111111,"#46039f"],[0.2222222222222222,"#7201a8"],[0.3333333333333333,"#9c179e"],[0.4444444444444444,"#bd3786"],[0.5555555555555556,"#d8576b"],[0.6666666666666666,"#ed7953"],[0.7777777777777778,"#fb9f3a"],[0.8888888888888888,"#fdca26"],[1.0,"#f0f921"]],"sequentialminus":[[0.0,"#0d0887"],[0.1111111111111111,"#46039f"],[0.2222222222222222,"#7201a8"],[0.3333333333333333,"#9c179e"],[0.4444444444444444,"#bd3786"],[0.5555555555555556,"#d8576b"],[0.6666666666666666,"#ed7953"],[0.7777777777777778,"#fb9f3a"],[0.8888888888888888,"#fdca26"],[1.0,"#f0f921"]],"diverging":[[0,"#8e0152"],[0.1,"#c51b7d"],[0.2,"#de77ae"],[0.3,"#f1b6da"],[0.4,"#fde0ef"],[0.5,"#f7f7f7"],[0.6,"#e6f5d0"],[0.7,"#b8e186"],[0.8,"#7fbc41"],[0.9,"#4d9221"],[1,"#276419"]]},"xaxis":{"gridcolor":"rgba(0, 0, 0, 0)","linecolor":"#506784","ticks":"","title":{"standoff":15},"zerolinecolor":"#283442","automargin":true,"zerolinewidth":2,"tickfont":{"family":"Courier New","size":14},"side":"top","tickangle":-90},"yaxis":{"gridcolor":"rgba(0, 0, 0, 0)","linecolor":"#506784","ticks":"","title":{"standoff":15},"zerolinecolor":"#283442","automargin":true,"zerolinewidth":2,"tickfont":{"family":"Courier New"},"side":"right"},"scene":{"xaxis":{"backgroundcolor":"rgb(17,17,17)","gridcolor":"#506784","linecolor":"#506784","showbackground":true,"ticks":"","zerolinecolor":"#C8D4E3","gridwidth":2},"yaxis":{"backgroundcolor":"rgb(17,17,17)","gridcolor":"#506784","linecolor":"#506784","showbackground":true,"ticks":"","zerolinecolor":"#C8D4E3","gridwidth":2},"zaxis":{"backgroundcolor":"rgb(17,17,17)","gridcolor":"#506784","linecolor":"#506784","showbackground":true,"ticks":"","zerolinecolor":"#C8D4E3","gridwidth":2}},"shapedefaults":{"line":{"color":"#f2f5fa"}},"annotationdefaults":{"arrowcolor":"#f2f5fa","arrowhead":0,"arrowwidth":1},"geo":{"bgcolor":"rgb(17,17,17)","landcolor":"rgb(17,17,17)","subunitcolor":"#506784","showland":true,"showlakes":true,"lakecolor":"rgb(17,17,17)"},"title":{"x":0.05,"font":{"family":"Times New Roman"},"y":0.05,"text":"<b>Correlation of Close<b><br><i>2016-09-23 ~ 2025-12-31<i>"},"updatemenudefaults":{"bgcolor":"#506784","borderwidth":0},"sliderdefaults":{"bgcolor":"#C8D4E3","borderwidth":1,"bordercolor":"rgb(17,17,17)","tickwidth":0},"mapbox":{"style":"dark"},"annotations":[{"text":"<b>@zwindr<b>","textangle":0,"opacity":0.5,"font":{"color":"white","size":12},"xref":"paper","yref":"paper","xanchor":"left","yanchor":"bottom","x":1.0,"y":1.0,"showarrow":false}]},"config":{"responsive":true,"toImageButtonOptions":{"filename":"Correlation of Close_2016-09-23~2025-12-31","scale":5}}};Plotly.newPlot("correlationClose",correlationClose.data,correlationClose.layout||{},correlationClose.config);}else{console.log("style display is none => correlationClose");}