var element=document.getElementById("correlationAdjClose");if(element.style.display!='none'){var correlationAdjClose={"data":[{"type":"heatmap","z":[[1.0,0.9960890275941284,0.9639548238179583,0.9964954666224474,0.9342050514756698,0.9872561195019035,0.9623748990025036,0.982460020302734,0.9789827952411165,0.9966350981217195,0.9963723856969701,0.9967014461985686,0.8297894134195137,0.9890137312762497,0.9964713199870842,0.9881508692839481,0.9997608772500131,0.9818846961112259,0.8905449859519995,0.9031201514947987,0.627906256053025,0.9843135672896353,0.9424790874649126,0.3008219441082774,-0.2531099354678127,0.90877958600577,0.8966557602123304,0.9675311066360311,0.9565387212958548,0.9549221659931812,0.9831046379238257,0.9554068336799543,0.9170727904191616,0.9768356008212757,0.9807897529770764,0.9623222621121812],[0.9960890275941284,1.0,0.9644721005103436,0.9931718290846382,0.935238099926093,0.9839067383250075,0.9609787214790896,0.9740157521679793,0.9736133811559105,0.9942720146639421,0.9958724130262161,0.9954462742003396,0.8361725160112564,0.9896565169048361,0.9959275154567447,0.9839206667354364,0.9979554092728651,0.9754203125312847,0.9042452934383718,0.8921515838430848,0.6515907486035171,0.9736452122552702,0.9260949025518818,0.2973088065170293,-0.1914459739597819,0.8909878469865276,0.8968917293653165,0.9669909587782525,0.9385661529874623,0.9427840283808928,0.9759929116117929,0.9411339305914582,0.9152320425182114,0.9676743728759778,0.9741804552039349,0.9574330442295215],[0.9639548238179583,0.9644721005103436,1.0,0.9790446527039878,0.9937624028159223,0.9578804603888615,0.979569077272078,0.9209476397381532,0.9553951953570501,0.978996156435543,0.9858822047386537,0.9826160364598344,0.8551067149995352,0.9971464143577848,0.9855883903474858,0.9549514711508722,0.9751420918595018,0.9199131746030077,0.8146020747221412,0.7755949189457715,0.4612531625417437,0.9892533021892838,0.9131349480918055,0.1256346204975842,-0.1612584686625104,0.8647279488701016,0.957110881367549,0.9563503291362171,0.8539833723134801,0.8631767805168846,0.9549971946657697,0.8570631233346402,0.815509112670936,0.9202742734498737,0.9633857468045824,0.9058054162566638],[0.9964954666224474,0.9931718290846382,0.9790446527039878,1.0,0.9571170091342092,0.9787968955440294,0.9638842805933568,0.9685385546424282,0.972971793783473,0.9999783559827328,0.9999942399255896,0.9999712408275905,0.8382379227496687,0.9926125859790655,0.9999630001670923,0.9771923340696407,0.9960256512931065,0.9675219253071088,0.8666701197708411,0.8770340722178646,0.5807175755003774,0.9946840664819212,0.9426429207079301,0.26227775141409665,-0.23611836169169417,0.8963540030701335,0.9194114335366084,0.9686223689828523,0.9347166229829587,0.9406142140420931,0.9835406961035473,0.9345238332636829,0.8917698779214362,0.9674959794395938,0.9790688473727253,0.949984820166483],[0.9342050514756698,0.935238099926093,0.9937624028159223,0.9571170091342092,1.0,0.92156227299512,0.9561682159017404,0.8780099609397863,0.9212457709406581,0.9575365184829214,0.9680178539473332,0.9635290624345979,0.848430383117305,0.9830185210720169,0.9675262878990838,0.9177229073767359,0.9480527140765215,0.8766113189908129,0.7633318027278736,0.7258173031795168,0.39875661837388293,0.9750263604263888,0.8877451047051875,0.08805219882354126,-0.14102138593104782,0.8184151230326554,0.9704653914253408,0.9280223353326764,0.8012522788169271,0.8187869981504864,0.9289916590996711,0.8062005695938176,0.7570217954254231,0.8811772029470605,0.9342631672145086,0.8644456803576006],[0.9872561195019035,0.9839067383250075,0.9578804603888615,0.9787968955440294,0.92156227299512,1.0,0.9815522696844782,0.9806606834758836,0.9860049578774314,0.9783912775179361,0.9731260014774148,0.9764142704446154,0.8146135169672796,0.9624969721650505,0.9731940979487066,0.9999178792150226,0.988971751345355,0.9813431504393539,0.8980727045980608,0.8681926164040114,0.5980662802919027,0.969291024568644,0.9206714243101686,0.1894401835613576,-0.18918017987176408,0.9368514444226914,0.8716836171047887,0.9707210835668847,0.9453369308358046,0.9323409320333268,0.9666322425063367,0.9453291466259601,0.9312098526616733,0.9625841434755915,0.9835448217071203,0.9649381082686981],[0.9623748990025036,0.9609787214790896,0.979569077272078,0.9638842805933568,0.9561682159017404,0.9815522696844782,1.0,0.9438441630157371,0.9799374593802885,0.9629526260435523,0.9714862987334032,0.968401373241896,0.8399373634710361,0.9808157252029787,0.971322379592965,0.982535848237667,0.9779905712424879,0.9457151846132102,0.8500374712828704,0.7820286030086213,0.4751576427906263,0.9675410807214797,0.9144482598372554,0.05648448267597776,-0.12583257520721944,0.893483687157357,0.9073750730961415,0.9641624136508283,0.8756546023656157,0.863076458303887,0.9492075864223973,0.876646788039609,0.8638629225169138,0.9259302793500681,0.9747724099249931,0.9219699047438623],[0.982460020302734,0.9740157521679793,0.9209476397381532,0.9685385546424282,0.8780099609397863,0.9806606834758836,0.9438441630157371,1.0,0.9838156905216138,0.9684881305681764,0.962456881425126,0.9670977804453482,0.7776720031036394,0.9359199724987148,0.9627713872523184,0.9825226843351083,0.9788465227682017,0.9998970333054572,0.9315203367150549,0.9322667514992939,0.5839208382541322,0.9518054379441584,0.9136488838210806,0.16716771833023447,-0.28235411285236833,0.9185806139058019,0.8104141000102523,0.9485624130851161,0.9762314559510457,0.9606001565215067,0.9673493146470451,0.9667835412627908,0.9339611432266184,0.9680952345325204,0.9591064753861882,0.971745430377168],[0.9789827952411165,0.9736133811559105,0.9553951953570501,0.972971793783473,0.9212457709406581,0.9860049578774314,0.9799374593802885,0.9838156905216138,1.0,0.9724034306604736,0.9673207003355244,0.9709324851965773,0.8066865676702191,0.951690240591909,0.9673621064138908,0.9853146872674758,0.9776330577784681,0.983233153527666,0.9026244896424639,0.8664915316524181,0.4928671900130529,0.9669787672969113,0.9318405548279388,0.02980845635935188,-0.2026677553933977,0.8990970041512081,0.8484009165582747,0.970811572382241,0.9308056179515902,0.9110820401423995,0.9690098570709855,0.9224795958570653,0.8933382317970333,0.9573092069302229,0.9774649682526801,0.9415685019003663],[0.9966350981217195,0.9942720146639421,0.978996156435543,0.9999783559827328,0.9575365184829214,0.9783912775179361,0.9629526260435523,0.9684881305681764,0.9724034306604736,1.0,0.9999935197033303,0.9999851422899588,0.8392354816136804,0.9925930787634024,0.9999654248381256,0.9768457040588794,0.9959188515227335,0.9673405103219882,0.8679058820771394,0.8778096056778392,0.5739745365992024,0.9949201902142399,0.9428301863272193,0.2659185775902589,-0.23484027948810432,0.8967020157186311,0.9174317249159285,0.9676409822955617,0.9334521432643422,0.9390422275529653,0.9828245561937236,0.9331895795840062,0.889519850241475,0.9662116667429793,0.9785066040074977,0.9489156205967507],[0.9963723856969701,0.9958724130262161,0.9858822047386537,0.9999942399255896,0.9680178539473332,0.9731260014774148,0.9714862987334032,0.962456881425126,0.9673207003355244,0.9999935197033303,1.0,0.9999788366556281,0.8394912380026668,0.9925857565984073,0.9999673072809689,0.9726518776459067,0.9957724432084625,0.9624884841869241,0.8831063371252017,0.9071385975506128,0.41794560745593184,0.9976903629466838,0.9315353729278597,-0.20614018878732335,0.5209613911444163,0.886073532142137,0.9016185069484828,0.9665561002314431,0.9163505213359395,0.9199482190914187,0.9772738822713586,0.908199257849734,0.851849099405003,0.9545683217398215,0.9844969261814427,0.9468992768552715],[0.9967014461985686,0.9954462742003396,0.9826160364598344,0.9999712408275905,0.9635290624345979,0.9764142704446154,0.968401373241896,0.9670977804453482,0.9709324851965773,0.9999851422899588,0.9999788366556281,1.0,0.8393188573427258,0.9925912098073487,0.9999752541834618,0.9760353966199531,0.9958367425577412,0.9667667085524994,0.8750090283658774,0.8952452003506817,0.49708657085427765,0.996799307374433,0.9406812273644207,-0.003465751297416849,-0.09468484801337983,0.9022646415361274,0.9083972511553092,0.9636722745276621,0.9235901102643701,0.9276282491749656,0.9801458438592162,0.9212293956400183,0.8773021898387169,0.9613445242569738,0.9786054418536136,0.9505805971935947],[0.8297894134195137,0.8361725160112564,0.8551067149995352,0.8382379227496687,0.848430383117305,0.8146135169672796,0.8399373634710361,0.7776720031036394,0.8066865676702191,0.8392354816136804,0.8394912380026668,0.8393188573427258,1.0,0.9998552539471104,0.839107806531489,0.8149324776886882,0.8323455087144879,0.7789887153036953,0.6979109318692726,0.6832387963202994,0.2371419050152067,0.8409770006905325,0.783655493918657,-0.4945593977466978,0.49884421236182486,0.7081137302336833,0.8144707438998336,0.8256771619370984,0.7090144011853866,0.7043926260664121,0.8115310229021379,0.6952577851405701,0.6299441919928187,0.7876508281582091,0.8270906446963797,0.7804671328649438],[0.9890137312762497,0.9896565169048361,0.9971464143577848,0.9926125859790655,0.9830185210720169,0.9624969721650505,0.9808157252029787,0.9359199724987148,0.951690240591909,0.9925930787634024,0.9925857565984073,0.9925912098073487,0.9998552539471104,1.0,0.992610794002523,0.9614710794764265,0.9889645392090685,0.9357568582128319,0.8325800554323631,0.8913056260596872,0.1617610739128209,0.9897190967824032,0.9048105267714149,-0.7094839199407833,0.5338698254558314,0.825433311744189,0.9325054217125522,0.9505872867622851,0.8588284305375855,0.8685044398486007,0.9547937957623196,0.8652361017575543,0.7608300669824675,0.9220258746137003,0.9720190969540671,0.93295047809571],[0.9964713199870842,0.9959275154567447,0.9855883903474858,0.9999630001670923,0.9675262878990838,0.9731940979487066,0.971322379592965,0.9627713872523184,0.9673621064138908,0.9999654248381256,0.9999673072809689,0.9999752541834618,0.839107806531489,0.992610794002523,1.0,0.9727528204365973,0.9958585470430726,0.9628461345224782,0.8837568012132383,0.9079086678488778,0.4193556562704741,0.997523223284292,0.9315039338815471,-0.20348250837652648,0.5210304335988586,0.8864799371451504,0.9008390381804363,0.9663374888006284,0.9169710450005781,0.9205461291136443,0.977229452400314,0.9089749064426067,0.8528129000202667,0.9546781517697029,0.98453222843227,0.9473999369287563],[0.9881508692839481,0.9839206667354364,0.9549514711508722,0.9771923340696407,0.9177229073767359,0.9999178792150226,0.982535848237667,0.9825226843351083,0.9853146872674758,0.9768457040588794,0.9726518776459067,0.9760353966199531,0.8149324776886882,0.9614710794764265,0.9727528204365973,1.0,0.9888558721327512,0.9817009010414598,0.9009329864987908,0.8921741375873533,0.5749823463956157,0.966876284696138,0.9164827079214946,0.038001367723908684,-0.14468306248395824,0.9422819181935742,0.859236308759956,0.9683322056428402,0.9477676780314942,0.9296809191032018,0.9639798752086046,0.9461623510205401,0.9281680423540084,0.9644345709888893,0.9827576968491873,0.9681587544370766],[0.9997608772500131,0.9979554092728651,0.9751420918595018,0.9960256512931065,0.9480527140765215,0.988971751345355,0.9779905712424879,0.9788465227682017,0.9776330577784681,0.9959188515227335,0.9957724432084625,0.9958367425577412,0.8323455087144879,0.9889645392090685,0.9958585470430726,0.9888558721327512,1.0,0.9790273966618085,0.9097682634411409,0.9246514082997084,0.48703704405906495,0.9889978187729286,0.9286931366446485,-0.1486486057927142,0.5341736165142753,0.9171774123234988,0.8804357892353784,0.971459228510272,0.9431062400759577,0.9364112905703105,0.9771570074204158,0.9348953431998931,0.8931596241969252,0.9674033927796403,0.9901310164950659,0.9676262051949355],[0.9818846961112259,0.9754203125312847,0.9199131746030077,0.9675219253071088,0.8766113189908129,0.9813431504393539,0.9457151846132102,0.9998970333054572,0.983233153527666,0.9673405103219882,0.9624884841869241,0.9667667085524994,0.7789887153036953,0.9357568582128319,0.9628461345224782,0.9817009010414598,0.9790273966618085,1.0,0.9342749745831974,0.938404852819553,0.5796634585800818,0.9498534637051133,0.9167956194252248,0.12951028669586612,-0.2449232590953659,0.9228262179432876,0.804192398261236,0.9479247601493822,0.9766307413718789,0.9600831827760014,0.9657524968960218,0.9656326062452898,0.9332802313340145,0.9673764525239354,0.9571821217335822,0.9726134656433236],[0.8905449859519995,0.9042452934383718,0.8146020747221412,0.8666701197708411,0.7633318027278736,0.8980727045980608,0.8500374712828704,0.9315203367150549,0.9026244896424639,0.8679058820771394,0.8831063371252017,0.8750090283658774,0.6979109318692726,0.8325800554323631,0.8837568012132383,0.9009329864987908,0.9097682634411409,0.9342749745831974,1.0,0.8428423275407089,0.6668346858369187,0.8359741069955328,0.8189961028547272,0.2199949891892785,-0.13845946760910643,0.8699100397007613,0.6806839548547524,0.858046439408767,0.900744801929795,0.8712279600336277,0.8550900515966104,0.8823646362172781,0.8664245261740691,0.8656788055083481,0.8688944619556754,0.8992394639015047],[0.9031201514947987,0.8921515838430848,0.7755949189457715,0.8770340722178646,0.7258173031795168,0.8681926164040114,0.7820286030086213,0.9322667514992939,0.8664915316524181,0.8778096056778392,0.9071385975506128,0.8952452003506817,0.6832387963202994,0.8913056260596872,0.9079086678488778,0.8921741375873533,0.9246514082997084,0.938404852819553,0.8428423275407089,1.0,0.8113522521610808,0.824112735664724,0.8688564886247727,0.6017539971851987,-0.5001554305887591,0.7373180062341704,0.7220700268142063,0.813928763813962,0.9621251808610394,0.9412066122069137,0.8866225826294788,0.9505048294014949,0.9070005931539178,0.9029506896753711,0.8427820286491674,0.8858565303054134],[0.627906256053025,0.6515907486035171,0.4612531625417437,0.5807175755003774,0.39875661837388293,0.5980662802919027,0.4751576427906263,0.5839208382541322,0.4928671900130529,0.5739745365992024,0.41794560745593184,0.49708657085427765,0.2371419050152067,0.1617610739128209,0.4193556562704741,0.5749823463956157,0.48703704405906495,0.5796634585800818,0.6668346858369187,0.8113522521610808,1.0,0.5176247878741771,0.6540865916674452,0.7217235516749027,-0.11566343529507006,0.5194082699693673,0.4478190956574551,0.56316986121553,0.7562575994795957,0.6795895409003666,0.5695677350792233,0.7151341060790324,0.7426199968637056,0.6317538327739576,0.5789574704193482,0.6385098232018901],[0.9843135672896353,0.9736452122552702,0.9892533021892838,0.9946840664819212,0.9750263604263888,0.969291024568644,0.9675410807214797,0.9518054379441584,0.9669787672969113,0.9949201902142399,0.9976903629466838,0.996799307374433,0.8409770006905325,0.9897190967824032,0.997523223284292,0.966876284696138,0.9889978187729286,0.9498534637051133,0.8359741069955328,0.824112735664724,0.5176247878741771,1.0,0.9186523539166073,0.19393748767363078,-0.2220928311019255,0.8774211812988569,0.9342422016700156,0.9678410261946495,0.8954413918483803,0.9147857900126557,0.9743439010203875,0.9042602270072652,0.8569712969123139,0.9507780223573683,0.9661759325579842,0.9290219873135831],[0.9424790874649126,0.9260949025518818,0.9131349480918055,0.9426429207079301,0.8877451047051875,0.9206714243101686,0.9144482598372554,0.9136488838210806,0.9318405548279388,0.9428301863272193,0.9315353729278597,0.9406812273644207,0.783655493918657,0.9048105267714149,0.9315039338815471,0.9164827079214946,0.9286931366446485,0.9167956194252248,0.8189961028547272,0.8688564886247727,0.6540865916674452,0.9186523539166073,1.0,0.25286748948733667,-0.16669832805636778,0.7553394832584687,0.847981792537607,0.9124435904258709,0.9009304159029956,0.8723480638412696,0.9446221972298277,0.8808707754333989,0.8439954212873756,0.9399455327402454,0.9017767748035848,0.8800812314526512],[0.3008219441082774,0.2973088065170293,0.1256346204975842,0.26227775141409665,0.08805219882354126,0.1894401835613576,0.05648448267597776,0.16716771833023447,0.02980845635935188,0.2659185775902589,-0.20614018878732335,-0.003465751297416849,-0.4945593977466978,-0.7094839199407833,-0.20348250837652648,0.038001367723908684,-0.1486486057927142,0.12951028669586612,0.2199949891892785,0.6017539971851987,0.7217235516749027,0.19393748767363078,0.25286748948733667,1.0,-0.37946265668448115,0.231186970115679,0.1385598844908249,0.13555906666452144,0.43096217367297396,0.416893105174899,0.24568404101267963,0.44209286962425265,0.3804561465635991,0.2895491120530818,0.2003136664343759,0.3192484448653533],[-0.2531099354678127,-0.1914459739597819,-0.1612584686625104,-0.23611836169169417,-0.14102138593104782,-0.18918017987176408,-0.12583257520721944,-0.28235411285236833,-0.2026677553933977,-0.23484027948810432,0.5209613911444163,-0.09468484801337983,0.49884421236182486,0.5338698254558314,0.5210304335988586,-0.14468306248395824,0.5341736165142753,-0.2449232590953659,-0.13845946760910643,-0.5001554305887591,-0.11566343529507006,-0.2220928311019255,-0.16669832805636778,-0.37946265668448115,1.0,-0.14185322828143476,-0.1647598663555425,-0.156251413582498,-0.3679672296600442,-0.3523072410291208,-0.2716235503446676,-0.3254283230227744,-0.20159539161288692,-0.3142070235242602,-0.15371735568861164,-0.2819946932431601],[0.90877958600577,0.8909878469865276,0.8647279488701016,0.8963540030701335,0.8184151230326554,0.9368514444226914,0.893483687157357,0.9185806139058019,0.8990970041512081,0.8967020157186311,0.886073532142137,0.9022646415361274,0.7081137302336833,0.825433311744189,0.8864799371451504,0.9422819181935742,0.9171774123234988,0.9228262179432876,0.8699100397007613,0.7373180062341704,0.5194082699693673,0.8774211812988569,0.7553394832584687,0.231186970115679,-0.14185322828143476,1.0,0.7503649045824751,0.9002343648069019,0.835271283681268,0.8792168469059439,0.8524355179467491,0.8839828177722947,0.8722784117914314,0.8773512373889718,0.8841773018846274,0.9127050555033891],[0.8966557602123304,0.8968917293653165,0.957110881367549,0.9194114335366084,0.9704653914253408,0.8716836171047887,0.9073750730961415,0.8104141000102523,0.8484009165582747,0.9174317249159285,0.9016185069484828,0.9083972511553092,0.8144707438998336,0.9325054217125522,0.9008390381804363,0.859236308759956,0.8804357892353784,0.804192398261236,0.6806839548547524,0.7220700268142063,0.4478190956574551,0.9342422016700156,0.847981792537607,0.1385598844908249,-0.1647598663555425,0.7503649045824751,1.0,0.8688046552963278,0.768977043263496,0.7811667360722964,0.882118485777513,0.7675094997411833,0.7192248042098152,0.8328996648502126,0.8828748407385969,0.8261775561510732],[0.9675311066360311,0.9669909587782525,0.9563503291362171,0.9686223689828523,0.9280223353326764,0.9707210835668847,0.9641624136508283,0.9485624130851161,0.970811572382241,0.9676409822955617,0.9665561002314431,0.9636722745276621,0.8256771619370984,0.9505872867622851,0.9663374888006284,0.9683322056428402,0.971459228510272,0.9479247601493822,0.858046439408767,0.813928763813962,0.56316986121553,0.9678410261946495,0.9124435904258709,0.13555906666452144,-0.156251413582498,0.9002343648069019,0.8688046552963278,1.0,0.9023800925414363,0.8970540771264328,0.9539399705052239,0.8929508091738859,0.8743295247686383,0.9503369575430821,0.9774656708082914,0.9110938551132487],[0.9565387212958548,0.9385661529874623,0.8539833723134801,0.9347166229829587,0.8012522788169271,0.9453369308358046,0.8756546023656157,0.9762314559510457,0.9308056179515902,0.9334521432643422,0.9163505213359395,0.9235901102643701,0.7090144011853866,0.8588284305375855,0.9169710450005781,0.9477676780314942,0.9431062400759577,0.9766307413718789,0.900744801929795,0.9621251808610394,0.7562575994795957,0.8954413918483803,0.9009304159029956,0.43096217367297396,-0.3679672296600442,0.835271283681268,0.768977043263496,0.9023800925414363,1.0,0.9868225022719663,0.9452149391592738,0.9912159950969849,0.9563037119773858,0.9592354447213347,0.9032249780081305,0.961131652453521],[0.9549221659931812,0.9427840283808928,0.8631767805168846,0.9406142140420931,0.8187869981504864,0.9323409320333268,0.863076458303887,0.9606001565215067,0.9110820401423995,0.9390422275529653,0.9199482190914187,0.9276282491749656,0.7043926260664121,0.8685044398486007,0.9205461291136443,0.9296809191032018,0.9364112905703105,0.9600831827760014,0.8712279600336277,0.9412066122069137,0.6795895409003666,0.9147857900126557,0.8723480638412696,0.416893105174899,-0.3523072410291208,0.8792168469059439,0.7811667360722964,0.8970540771264328,0.9868225022719663,1.0,0.9450614238425197,0.9856817199449328,0.9567364132113979,0.9461473765055562,0.9204632602986432,0.9630503949126636],[0.9831046379238257,0.9759929116117929,0.9549971946657697,0.9835406961035473,0.9289916590996711,0.9666322425063367,0.9492075864223973,0.9673493146470451,0.9690098570709855,0.9828245561937236,0.9772738822713586,0.9801458438592162,0.8115310229021379,0.9547937957623196,0.977229452400314,0.9639798752086046,0.9771570074204158,0.9657524968960218,0.8550900515966104,0.8866225826294788,0.5695677350792233,0.9743439010203875,0.9446221972298277,0.24568404101267963,-0.2716235503446676,0.8524355179467491,0.882118485777513,0.9539399705052239,0.9452149391592738,0.9450614238425197,1.0,0.9411201815582511,0.894812759607011,0.9752457442354958,0.9710026833269693,0.9525738037302249],[0.9554068336799543,0.9411339305914582,0.8570631233346402,0.9345238332636829,0.8062005695938176,0.9453291466259601,0.876646788039609,0.9667835412627908,0.9224795958570653,0.9331895795840062,0.908199257849734,0.9212293956400183,0.6952577851405701,0.8652361017575543,0.9089749064426067,0.9461623510205401,0.9348953431998931,0.9656326062452898,0.8823646362172781,0.9505048294014949,0.7151341060790324,0.9042602270072652,0.8808707754333989,0.44209286962425265,-0.3254283230227744,0.8839828177722947,0.7675094997411833,0.8929508091738859,0.9912159950969849,0.9856817199449328,0.9411201815582511,1.0,0.9745102951274043,0.9497354220750263,0.9271081693701841,0.9605916640370571],[0.9170727904191616,0.9152320425182114,0.815509112670936,0.8917698779214362,0.7570217954254231,0.9312098526616733,0.8638629225169138,0.9339611432266184,0.8933382317970333,0.889519850241475,0.851849099405003,0.8773021898387169,0.6299441919928187,0.7608300669824675,0.8528129000202667,0.9281680423540084,0.8931596241969252,0.9332802313340145,0.8664245261740691,0.9070005931539178,0.7426199968637056,0.8569712969123139,0.8439954212873756,0.3804561465635991,-0.20159539161288692,0.8722784117914314,0.7192248042098152,0.8743295247686383,0.9563037119773858,0.9567364132113979,0.894812759607011,0.9745102951274043,1.0,0.9076681323329463,0.905997341355403,0.9426033383637418],[0.9768356008212757,0.9676743728759778,0.9202742734498737,0.9674959794395938,0.8811772029470605,0.9625841434755915,0.9259302793500681,0.9680952345325204,0.9573092069302229,0.9662116667429793,0.9545683217398215,0.9613445242569738,0.7876508281582091,0.9220258746137003,0.9546781517697029,0.9644345709888893,0.9674033927796403,0.9673764525239354,0.8656788055083481,0.9029506896753711,0.6317538327739576,0.9507780223573683,0.9399455327402454,0.2895491120530818,-0.3142070235242602,0.8773512373889718,0.8328996648502126,0.9503369575430821,0.9592354447213347,0.9461473765055562,0.9752457442354958,0.9497354220750263,0.9076681323329463,1.0,0.9575737431553581,0.9504968760661688],[0.9807897529770764,0.9741804552039349,0.9633857468045824,0.9790688473727253,0.9342631672145086,0.9835448217071203,0.9747724099249931,0.9591064753861882,0.9774649682526801,0.9785066040074977,0.9844969261814427,0.9786054418536136,0.8270906446963797,0.9720190969540671,0.98453222843227,0.9827576968491873,0.9901310164950659,0.9571821217335822,0.8688944619556754,0.8427820286491674,0.5789574704193482,0.9661759325579842,0.9017767748035848,0.2003136664343759,-0.15371735568861164,0.8841773018846274,0.8828748407385969,0.9774656708082914,0.9032249780081305,0.9204632602986432,0.9710026833269693,0.9271081693701841,0.905997341355403,0.9575737431553581,1.0,0.9359337426998269],[0.9623222621121812,0.9574330442295215,0.9058054162566638,0.949984820166483,0.8644456803576006,0.9649381082686981,0.9219699047438623,0.971745430377168,0.9415685019003663,0.9489156205967507,0.9468992768552715,0.9505805971935947,0.7804671328649438,0.93295047809571,0.9473999369287563,0.9681587544370766,0.9676262051949355,0.9726134656433236,0.8992394639015047,0.8858565303054134,0.6385098232018901,0.9290219873135831,0.8800812314526512,0.3192484448653533,-0.2819946932431601,0.9127050555033891,0.8261775561510732,0.9110938551132487,0.961131652453521,0.9630503949126636,0.9525738037302249,0.9605916640370571,0.9426033383637418,0.9504968760661688,0.9359337426998269,1.0]],"x":["^TAIEX       \u81fa\u7063\u52a0\u6b0a\u5831\u916c\u6307\u6578","^TWII        \u81fa\u7063\u52a0\u6b0a\u6307\u6578","^TAIEXx2     \u81fa\u7063\u52a0\u6b0a\u5831\u916c\u6307\u6578_\u65e5\u6b632","^TAI50I      \u81fa\u706350\u5831\u916c\u6307\u6578","^TAI50Ix2    \u81fa\u706350\u5831\u916c\u6307\u6578_\u65e5\u6b632","^TAI100I     \u81fa\u7063\u4e2d\u578b100\u5831\u916c\u6307\u6578","^TAI100Ix2   \u81fa\u7063\u4e2d\u578b100\u5831\u916c\u6307\u6578_\u65e5\u6b632","^TAIDIVIDI   \u81fa\u7063\u9ad8\u80a1\u606f\u5831\u916c\u6307\u6578","^TAIDIVIDIx2 \u81fa\u7063\u9ad8\u80a1\u606f\u5831\u916c\u6307\u6578_\u65e5\u6b632","0050Fund     \u5143\u5927\u53f0\u7063\u5353\u8d8a50\u57fa\u91d1","006208Fund   \u5bcc\u90a6\u53f0\u7063\u91c6\u540950\u57fa\u91d1","0050         \u5143\u5927\u81fa\u706350","00631L       \u5143\u5927\u53f0\u706350\u6b632","00675L       \u5bcc\u90a6\u81fa\u7063\u52a0\u6b0a\u6b632","006208       \u5bcc\u90a6\u53f050","0051         \u5143\u5927\u4e2d\u578b100","006204       \u6c38\u8c50\u81fa\u7063\u52a0\u6b0a","0056         \u5143\u5927\u9ad8\u80a1\u606f","0056         \u5143\u5927\u9ad8\u80a1\u606f_\u80a1\u606f\u4e0d\u6295\u5165","2412         \u4e2d\u83ef\u96fb\u4fe1","2002         \u4e2d\u92fc","2330         \u53f0\u7a4d\u96fb","2317         \u9d3b\u6d77","6505         \u53f0\u5851\u77f3\u5316","3481         \u7fa4\u5275","2303         \u806f\u96fb","2308         \u53f0\u9054\u96fb","2454         \u806f\u767c\u79d1","2886         \u5146\u8c50\u91d1","2884         \u7389\u5c71\u91d1","2891         \u4e2d\u4fe1\u91d1","2892         \u7b2c\u4e00\u91d1","5880         \u5408\u5eab\u91d1","2881         \u5bcc\u90a6\u91d1","2885         \u5143\u5927\u91d1","2887         \u53f0\u65b0\u91d1"],"y":["^TAIEX       \u81fa\u7063\u52a0\u6b0a\u5831\u916c\u6307\u6578","^TWII        \u81fa\u7063\u52a0\u6b0a\u6307\u6578","^TAIEXx2     \u81fa\u7063\u52a0\u6b0a\u5831\u916c\u6307\u6578_\u65e5\u6b632","^TAI50I      \u81fa\u706350\u5831\u916c\u6307\u6578","^TAI50Ix2    \u81fa\u706350\u5831\u916c\u6307\u6578_\u65e5\u6b632","^TAI100I     \u81fa\u7063\u4e2d\u578b100\u5831\u916c\u6307\u6578","^TAI100Ix2   \u81fa\u7063\u4e2d\u578b100\u5831\u916c\u6307\u6578_\u65e5\u6b632","^TAIDIVIDI   \u81fa\u7063\u9ad8\u80a1\u606f\u5831\u916c\u6307\u6578","^TAIDIVIDIx2 \u81fa\u7063\u9ad8\u80a1\u606f\u5831\u916c\u6307\u6578_\u65e5\u6b632","0050Fund     \u5143\u5927\u53f0\u7063\u5353\u8d8a50\u57fa\u91d1","006208Fund   \u5bcc\u90a6\u53f0\u7063\u91c6\u540950\u57fa\u91d1","0050         \u5143\u5927\u81fa\u706350","00631L       \u5143\u5927\u53f0\u706350\u6b632","00675L       \u5bcc\u90a6\u81fa\u7063\u52a0\u6b0a\u6b632","006208       \u5bcc\u90a6\u53f050","0051         \u5143\u5927\u4e2d\u578b100","006204       \u6c38\u8c50\u81fa\u7063\u52a0\u6b0a","0056         \u5143\u5927\u9ad8\u80a1\u606f","0056         \u5143\u5927\u9ad8\u80a1\u606f_\u80a1\u606f\u4e0d\u6295\u5165","2412         \u4e2d\u83ef\u96fb\u4fe1","2002         \u4e2d\u92fc","2330         \u53f0\u7a4d\u96fb","2317         \u9d3b\u6d77","6505         \u53f0\u5851\u77f3\u5316","3481         \u7fa4\u5275","2303         \u806f\u96fb","2308         \u53f0\u9054\u96fb","2454         \u806f\u767c\u79d1","2886         \u5146\u8c50\u91d1","2884         \u7389\u5c71\u91d1","2891         \u4e2d\u4fe1\u91d1","2892         \u7b2c\u4e00\u91d1","5880         \u5408\u5eab\u91d1","2881         \u5bcc\u90a6\u91d1","2885         \u5143\u5927\u91d1","2887         \u53f0\u65b0\u91d1"],"zmin":-1,"zmax":1,"colorbar":{"x":-0.2}}],"layout":{"autotypenumbers":"strict","colorway":["#636efa","#EF553B","#00cc96","#ab63fa","#FFA15A","#19d3f3","#FF6692","#B6E880","#FF97FF","#FECB52"],"font":{"color":"#f2f5fa","family":"Courier New"},"hovermode":"closest","hoverlabel":{"align":"left"},"paper_bgcolor":"rgb(17,17,17)","plot_bgcolor":"rgb(17,17,17)","polar":{"bgcolor":"rgb(17,17,17)","angularaxis":{"gridcolor":"#506784","linecolor":"#506784","ticks":""},"radialaxis":{"gridcolor":"#506784","linecolor":"#506784","ticks":""}},"ternary":{"bgcolor":"rgb(17,17,17)","aaxis":{"gridcolor":"#506784","linecolor":"#506784","ticks":""},"baxis":{"gridcolor":"#506784","linecolor":"#506784","ticks":""},"caxis":{"gridcolor":"#506784","linecolor":"#506784","ticks":""}},"coloraxis":{"colorbar":{"outlinewidth":0,"ticks":""}},"colorscale":{"sequential":[[0.0,"#0d0887"],[0.1111111111111111,"#46039f"],[0.2222222222222222,"#7201a8"],[0.3333333333333333,"#9c179e"],[0.4444444444444444,"#bd3786"],[0.5555555555555556,"#d8576b"],[0.6666666666666666,"#ed7953"],[0.7777777777777778,"#fb9f3a"],[0.8888888888888888,"#fdca26"],[1.0,"#f0f921"]],"sequentialminus":[[0.0,"#0d0887"],[0.1111111111111111,"#46039f"],[0.2222222222222222,"#7201a8"],[0.3333333333333333,"#9c179e"],[0.4444444444444444,"#bd3786"],[0.5555555555555556,"#d8576b"],[0.6666666666666666,"#ed7953"],[0.7777777777777778,"#fb9f3a"],[0.8888888888888888,"#fdca26"],[1.0,"#f0f921"]],"diverging":[[0,"#8e0152"],[0.1,"#c51b7d"],[0.2,"#de77ae"],[0.3,"#f1b6da"],[0.4,"#fde0ef"],[0.5,"#f7f7f7"],[0.6,"#e6f5d0"],[0.7,"#b8e186"],[0.8,"#7fbc41"],[0.9,"#4d9221"],[1,"#276419"]]},"xaxis":{"gridcolor":"rgba(0, 0, 0, 0)","linecolor":"#506784","ticks":"","title":{"standoff":15},"zerolinecolor":"#283442","automargin":true,"zerolinewidth":2,"tickfont":{"family":"Courier New","size":14},"side":"top","tickangle":-90},"yaxis":{"gridcolor":"rgba(0, 0, 0, 0)","linecolor":"#506784","ticks":"","title":{"standoff":15},"zerolinecolor":"#283442","automargin":true,"zerolinewidth":2,"tickfont":{"family":"Courier New"},"side":"right"},"scene":{"xaxis":{"backgroundcolor":"rgb(17,17,17)","gridcolor":"#506784","linecolor":"#506784","showbackground":true,"ticks":"","zerolinecolor":"#C8D4E3","gridwidth":2},"yaxis":{"backgroundcolor":"rgb(17,17,17)","gridcolor":"#506784","linecolor":"#506784","showbackground":true,"ticks":"","zerolinecolor":"#C8D4E3","gridwidth":2},"zaxis":{"backgroundcolor":"rgb(17,17,17)","gridcolor":"#506784","linecolor":"#506784","showbackground":true,"ticks":"","zerolinecolor":"#C8D4E3","gridwidth":2}},"shapedefaults":{"line":{"color":"#f2f5fa"}},"annotationdefaults":{"arrowcolor":"#f2f5fa","arrowhead":0,"arrowwidth":1},"geo":{"bgcolor":"rgb(17,17,17)","landcolor":"rgb(17,17,17)","subunitcolor":"#506784","showland":true,"showlakes":true,"lakecolor":"rgb(17,17,17)"},"title":{"x":0.05,"font":{"family":"Times New Roman"},"y":0.05,"text":"<b>Correlation of Adj Close<b><br><i>2016-09-23 ~ 2026-04-29<i>"},"updatemenudefaults":{"bgcolor":"#506784","borderwidth":0},"sliderdefaults":{"bgcolor":"#C8D4E3","borderwidth":1,"bordercolor":"rgb(17,17,17)","tickwidth":0},"mapbox":{"style":"dark"},"annotations":[{"text":"<b>@zwindr<b>","textangle":0,"opacity":0.5,"font":{"color":"white","size":12},"xref":"paper","yref":"paper","xanchor":"left","yanchor":"bottom","x":1.0,"y":1.0,"showarrow":false}]},"config":{"responsive":true,"toImageButtonOptions":{"filename":"Correlation of Adj Close_2016-09-23~2026-04-29","scale":5}}};Plotly.newPlot("correlationAdjClose",correlationAdjClose.data,correlationAdjClose.layout||{},correlationAdjClose.config);}else{console.log("style display is none => correlationAdjClose");}