var element=document.getElementById("correlationClose");if(element.style.display!='none'){var correlationClose={"data":[{"type":"heatmap","z":[[1.0,0.9999999999999983,1.0,0.9954876831798525,0.9954876831798525,0.9634775566829759,0.9634775566829759,0.9010628943889841,0.9010628943889841,0.8493133674193891,0.9948497217783732,0.8789449457970735,0.9929631977472273,0.9927125060024621,0.9948869814156149,0.9730899421447172,0.9989506646937346,0.9242491770790726,0.9242491770790726,0.7855081374475958,-0.10457337546288167,0.9775141758772904,0.09932889207463447,-0.0513625454155504,-0.2527268547460595,0.8196352891026316,0.9336354687799505,0.9106308836267979,0.9289013817603711,0.778205378005585,0.5139788690395798,0.6247816968928351,0.637986042264377,0.9311093851971146,0.8207504277437612,0.17250865356931083],[0.9999999999999983,1.0,0.9999999999999986,0.9954444316634654,0.9954444316634654,0.9628699466023667,0.9628699466023667,0.90219301918967,0.90219301918967,0.8500854890469536,0.9948338358000848,0.8785596714215884,0.992700552340806,0.9921670344092512,0.994858482790547,0.9724183455486096,0.9989532472057587,0.9246738371298279,0.9246738371298279,0.8050847082776064,0.10475509540813908,0.9688701514474322,-0.08021655995721569,-0.04399424780585814,-0.2529799464679234,0.6471279267725067,0.9340917301652316,0.8841072457544954,0.9233564066810741,0.7900978078957555,0.5055008883731257,0.6218359980404777,0.6646973300874972,0.9283873002507228,0.6717366248573151,0.1691725828486095],[1.0,0.9999999999999986,1.0,0.9954876831798525,0.9954876831798525,0.9634775566829759,0.9634775566829759,0.9010628943889841,0.9010628943889841,0.8493133674193891,0.9948497217783732,0.8789449457970735,0.9929631977472273,0.9927125060024621,0.9948869814156149,0.9730899421447172,0.9989506646937346,0.9242491770790726,0.9242491770790726,0.7855081374475958,-0.10457337546288167,0.9775141758772904,0.09932889207463447,-0.0513625454155504,-0.2527268547460595,0.8196352891026316,0.9336354687799505,0.9106308836267979,0.9289013817603711,0.778205378005585,0.5139788690395798,0.6247816968928351,0.637986042264377,0.9311093851971146,0.8207504277437612,0.17250865356931083],[0.9954876831798525,0.9954444316634654,0.9954876831798525,1.0,1.0,0.9506697609921402,0.9506697609921402,0.8867515655804123,0.8867515655804123,0.8322733381860464,0.9994920446793674,0.8658461687258101,0.9892565590466272,0.9854169636828953,0.9994469009464432,0.9559450875829165,0.994927161119186,0.903806601781683,0.903806601781683,0.7639043979576728,-0.11107636326222389,0.9894140985415066,0.12138318837777114,-0.0848948734556347,-0.255305625078416,0.8165522091163258,0.932849128493572,0.9155258321170804,0.9173299991995844,0.7884259747158584,0.5417573730568789,0.6194303219075139,0.6111104908619763,0.9237894951121557,0.8108157049249324,0.1842941189745762],[0.9954876831798525,0.9954444316634654,0.9954876831798525,1.0,1.0,0.9506697609921402,0.9506697609921402,0.8867515655804123,0.8867515655804123,0.8322733381860464,0.9994920446793674,0.8658461687258101,0.9892565590466272,0.9854169636828953,0.9994469009464432,0.9559450875829165,0.994927161119186,0.903806601781683,0.903806601781683,0.7639043979576728,-0.11107636326222389,0.9894140985415066,0.12138318837777114,-0.0848948734556347,-0.255305625078416,0.8165522091163258,0.932849128493572,0.9155258321170804,0.9173299991995844,0.7884259747158584,0.5417573730568789,0.6194303219075139,0.6111104908619763,0.9237894951121557,0.8108157049249324,0.1842941189745762],[0.9634775566829759,0.9628699466023667,0.9634775566829759,0.9506697609921402,0.9506697609921402,1.0,1.0,0.9268981727671177,0.9268981727671177,0.8333287316475815,0.9526802806192433,0.8547287045075457,0.9756302970414807,0.9740432207665876,0.9524799357791737,0.9990374607418466,0.9731447059249839,0.9193684927159058,0.9193684927159058,0.636189690431855,-0.050507979222791224,0.9356661054050035,0.27282676834111896,-0.2474742116668037,-0.11226184598810268,0.8894807173863263,0.8914375922854465,0.9289343298688377,0.8985549062037563,0.7383756335519349,0.7248253663243488,0.732650819151653,0.712725855565931,0.8531896664986524,0.8537267635876176,0.4598000249204005],[0.9634775566829759,0.9628699466023667,0.9634775566829759,0.9506697609921402,0.9506697609921402,1.0,1.0,0.9268981727671177,0.9268981727671177,0.8333287316475815,0.9526802806192433,0.8547287045075457,0.9756302970414807,0.9740432207665876,0.9524799357791737,0.9990374607418466,0.9731447059249839,0.9193684927159058,0.9193684927159058,0.636189690431855,-0.050507979222791224,0.9356661054050035,0.27282676834111896,-0.2474742116668037,-0.11226184598810268,0.8894807173863263,0.8914375922854465,0.9289343298688377,0.8985549062037563,0.7383756335519349,0.7248253663243488,0.732650819151653,0.712725855565931,0.8531896664986524,0.8537267635876176,0.4598000249204005],[0.9010628943889841,0.90219301918967,0.9010628943889841,0.8867515655804123,0.8867515655804123,0.9268981727671177,0.9268981727671177,1.0,1.0,0.8189477215457569,0.9390052102001862,0.825030707634027,0.9470387192781646,0.9421426543962719,0.9388340818229663,0.9278180803124815,0.9424622884101289,0.972138705305279,0.972138705305279,0.5740480706525217,0.07027085673185963,0.8458231750080522,0.5184414509968418,-0.27185660767412795,0.026943848542061253,0.7848636707240066,0.78631124863585,0.8674457508687542,0.8471211846808485,0.7502610454416382,0.8723345033771903,0.7752234546872346,0.7195129546431254,0.7808807241805231,0.8411007751262475,0.7979467271079127],[0.9010628943889841,0.90219301918967,0.9010628943889841,0.8867515655804123,0.8867515655804123,0.9268981727671177,0.9268981727671177,1.0,1.0,0.8189477215457569,0.9390052102001862,0.825030707634027,0.9470387192781646,0.9421426543962719,0.9388340818229663,0.9278180803124815,0.9424622884101289,0.972138705305279,0.972138705305279,0.5740480706525217,0.07027085673185963,0.8458231750080522,0.5184414509968418,-0.27185660767412795,0.026943848542061253,0.7848636707240066,0.78631124863585,0.8674457508687542,0.8471211846808485,0.7502610454416382,0.8723345033771903,0.7752234546872346,0.7195129546431254,0.7808807241805231,0.8411007751262475,0.7979467271079127],[0.8493133674193891,0.8500854890469536,0.8493133674193891,0.8322733381860464,0.8322733381860464,0.8333287316475815,0.8333287316475815,0.8189477215457569,0.8189477215457569,1.0,0.824684430082745,0.9999758438550983,0.7920472097173696,0.7366521346064526,0.8265874287660462,0.8355814963599623,0.8449786469319776,0.8567214528108398,0.8567214528108398,0.7171009273532631,0.24560540864254699,0.8163825537052035,0.667271581132409,-0.2684585891305273,0.39256343928029236,0.8351812877708974,0.6173597845616297,0.809045926795116,0.803164920380375,0.6928916701166455,0.6690498235693877,0.7681900280839535,0.7686678819582563,0.7780684016414837,0.8183852181504834,0.7509469683587099],[0.9948497217783732,0.9948338358000848,0.9948497217783732,0.9994920446793674,0.9994920446793674,0.9526802806192433,0.9526802806192433,0.9390052102001862,0.9390052102001862,0.824684430082745,1.0,0.8244279197746183,0.9889522316276521,0.9855372225771173,0.9999169447278301,0.9529610333217172,0.9939352693414735,0.9191079388592868,0.9191079388592868,0.8515728477388712,0.1081343261421983,0.9959752996958433,0.8643021409423841,-0.4658486874173408,0.3545593355266648,0.8484963860883677,0.8983206710888471,0.9433476459069366,0.9132337824464781,0.8139074778206262,0.9014370207343156,0.8748302442010402,0.8041005192855146,0.8996419855132916,0.9436151155007865,0.7727146457746569],[0.8789449457970735,0.8785596714215884,0.8789449457970735,0.8658461687258101,0.8658461687258101,0.8547287045075457,0.8547287045075457,0.825030707634027,0.825030707634027,0.9999758438550983,0.8244279197746183,1.0,0.7894402312920685,0.7332885299623347,0.8244101169525722,0.855694909313724,0.8517006447092907,0.8581255031449,0.8581255031449,0.6865341592643797,0.012869345973359522,0.8479824937366351,0.5320105666477692,-0.19674553190628533,-0.23421602101168237,0.8471373321380953,0.690924041082681,0.7984062172211327,0.8326854890470922,0.7487565841808025,0.6823790914519507,0.7501755333406812,0.7022949343628659,0.8218204534851692,0.7222659426542781,0.7172071512039033],[0.9929631977472273,0.992700552340806,0.9929631977472273,0.9892565590466272,0.9892565590466272,0.9756302970414807,0.9756302970414807,0.9470387192781646,0.9470387192781646,0.7920472097173696,0.9889522316276521,0.7894402312920685,1.0,0.999715832066393,0.9889392696310263,0.9738818335100154,0.9904196920804912,0.9142484848121338,0.9142484848121338,0.8243429694473288,0.14408725778657744,0.986723269742511,0.8864545821355819,-0.639773077316811,0.42993990978875324,0.8274011675928106,0.9037637191038957,0.958488938503541,0.9080102850671306,0.7440181299903426,0.9017364661125705,0.8560692622474747,0.7934010432749212,0.8824625308693851,0.9625689995675033,0.8058652382562035],[0.9927125060024621,0.9921670344092512,0.9927125060024621,0.9854169636828953,0.9854169636828953,0.9740432207665876,0.9740432207665876,0.9421426543962719,0.9421426543962719,0.7366521346064526,0.9855372225771173,0.7332885299623347,0.999715832066393,1.0,0.9857007856572014,0.9713127702678349,0.9889703648009716,0.9006912623789227,0.9006912623789227,0.8438310185650028,0.0207919130631084,0.9814908565820771,0.8950883195861223,-0.835638251246572,0.47357000691859713,0.7810622347624756,0.90757104840701,0.955825554058838,0.8950039524412183,0.6678521766190041,0.9115808143079579,0.8451893861696413,0.7419478659719452,0.9126738563595552,0.9645148474889403,0.7725528922380347],[0.9948869814156149,0.994858482790547,0.9948869814156149,0.9994469009464432,0.9994469009464432,0.9524799357791737,0.9524799357791737,0.9388340818229663,0.9388340818229663,0.8265874287660462,0.9999169447278301,0.8244101169525722,0.9889392696310263,0.9857007856572014,1.0,0.9528678303967951,0.9939821360534803,0.9195333683230323,0.9195333683230323,0.8527358628353396,0.10743268238495511,0.9958475739099203,0.8638020377349468,-0.46339415683207535,0.3538349367363423,0.8485398224978348,0.8956713962535122,0.9423556837962117,0.9137953860950032,0.8152818413302273,0.9009429302321633,0.8760154233579452,0.8050832971107745,0.8995117355587212,0.9435430538343542,0.7730169883956808],[0.9730899421447172,0.9724183455486096,0.9730899421447172,0.9559450875829165,0.9559450875829165,0.9990374607418466,0.9990374607418466,0.9278180803124815,0.9278180803124815,0.8355814963599623,0.9529610333217172,0.855694909313724,0.9738818335100154,0.9713127702678349,0.9528678303967951,1.0,0.9746150761476808,0.9191052605937757,0.9191052605937757,0.6850334079835045,-0.0329640893128415,0.9454862061888835,0.6033119490246943,-0.3806834928598886,-0.16393730981258295,0.9016838348791985,0.8950724184095877,0.9245463267228484,0.9064250557482435,0.7771982525128281,0.8431633789009056,0.7814667476985412,0.7697827041753262,0.8762948204708488,0.8510514346134015,0.7851332129277052],[0.9989506646937346,0.9989532472057587,0.9989506646937346,0.994927161119186,0.994927161119186,0.9731447059249839,0.9731447059249839,0.9424622884101289,0.9424622884101289,0.8449786469319776,0.9939352693414735,0.8517006447092907,0.9904196920804912,0.9889703648009716,0.9939821360534803,0.9746150761476808,1.0,0.9382732618432892,0.9382732618432892,0.8576711395015799,0.11166278301561966,0.9872852086361859,0.8335631757247198,-0.44497341887546626,0.36911804741726545,0.8861432669190188,0.9040935866356482,0.9478240443449913,0.9380768505931912,0.8328271636308455,0.8890068430977112,0.9016421992133414,0.8374087216150776,0.911677348244643,0.9493317486192763,0.8304061097154382],[0.9242491770790726,0.9246738371298279,0.9242491770790726,0.903806601781683,0.903806601781683,0.9193684927159058,0.9193684927159058,0.972138705305279,0.972138705305279,0.8567214528108398,0.9191079388592868,0.8581255031449,0.9142484848121338,0.9006912623789227,0.9195333683230323,0.9191052605937757,0.9382732618432892,1.0,1.0,0.7349149546247311,-0.0034486254182737913,0.8673145851869255,0.5263052072617935,-0.16254643242571554,-0.20424091735441166,0.8242930678582144,0.7945292086593266,0.8317053542338378,0.914115028121823,0.8340378125353493,0.7968370098506661,0.7491139653528518,0.7040262261336657,0.8406517532128731,0.7705659742650992,0.8474735940942291],[0.9242491770790726,0.9246738371298279,0.9242491770790726,0.903806601781683,0.903806601781683,0.9193684927159058,0.9193684927159058,0.972138705305279,0.972138705305279,0.8567214528108398,0.9191079388592868,0.8581255031449,0.9142484848121338,0.9006912623789227,0.9195333683230323,0.9191052605937757,0.9382732618432892,1.0,1.0,0.7349149546247311,-0.0034486254182737913,0.8673145851869255,0.5263052072617935,-0.16254643242571554,-0.20424091735441166,0.8242930678582144,0.7945292086593266,0.8317053542338378,0.914115028121823,0.8340378125353493,0.7968370098506661,0.7491139653528518,0.7040262261336657,0.8406517532128731,0.7705659742650992,0.8474735940942291],[0.7855081374475958,0.8050847082776064,0.7855081374475958,0.7639043979576728,0.7639043979576728,0.636189690431855,0.636189690431855,0.5740480706525217,0.5740480706525217,0.7171009273532631,0.8515728477388712,0.6865341592643797,0.8243429694473288,0.8438310185650028,0.8527358628353396,0.6850334079835045,0.8576711395015799,0.7349149546247311,0.7349149546247311,1.0,0.048979934610873986,0.7264429974537874,-0.40830293906604403,0.3497315197474107,-0.659208299897537,0.3422236085736432,0.7698363706500735,0.49758191058633383,0.8330904395268602,0.6882000186519595,0.07538307082195032,0.29418008170988225,0.5619496550997142,0.7802776884709454,0.46451322505219755,-0.16392864360146092],[-0.10457337546288167,0.10475509540813908,-0.10457337546288167,-0.11107636326222389,-0.11107636326222389,-0.050507979222791224,-0.050507979222791224,0.07027085673185963,0.07027085673185963,0.24560540864254699,0.1081343261421983,0.012869345973359522,0.14408725778657744,0.0207919130631084,0.10743268238495511,-0.0329640893128415,0.11166278301561966,-0.0034486254182737913,-0.0034486254182737913,0.048979934610873986,1.0,-0.06663936764074707,0.12579653708393723,0.1362086041350392,0.7512831544167267,-0.08278041197105238,0.006261646674558211,0.01213323335478833,0.18193902848310917,0.019427333304475557,0.08854861247762791,0.36229138700208197,0.5798993634406553,-0.09745257460392084,0.12897355488931325,0.16900047477548277],[0.9775141758772904,0.9688701514474322,0.9775141758772904,0.9894140985415066,0.9894140985415066,0.9356661054050035,0.9356661054050035,0.8458231750080522,0.8458231750080522,0.8163825537052035,0.9959752996958433,0.8479824937366351,0.986723269742511,0.9814908565820771,0.9958475739099203,0.9454862061888835,0.9872852086361859,0.8673145851869255,0.8673145851869255,0.7264429974537874,-0.06663936764074707,1.0,0.03011397512863846,-0.14682650351049434,-0.31133228803530183,0.6788828115932515,0.9218776875609918,0.8999690508072062,0.8608037822500781,0.7577060548000903,0.5404048547485709,0.5846133049658075,0.5395470732644048,0.902596811480904,0.6499138025314724,0.16340463354594403],[0.09932889207463447,-0.08021655995721569,0.09932889207463447,0.12138318837777114,0.12138318837777114,0.27282676834111896,0.27282676834111896,0.5184414509968418,0.5184414509968418,0.667271581132409,0.8643021409423841,0.5320105666477692,0.8864545821355819,0.8950883195861223,0.8638020377349468,0.6033119490246943,0.8335631757247198,0.5263052072617935,0.5263052072617935,-0.40830293906604403,0.12579653708393723,0.03011397512863846,1.0,-0.43993531698945626,0.7547109248217034,0.36776385580247256,0.006902184034674175,0.27832337834131066,-0.13334330533916655,0.04572387348046397,0.5727557091474373,0.4605114480016592,0.18809566700512648,-0.04920365478007588,0.3688971679248105,0.4634732565219477],[-0.0513625454155504,-0.04399424780585814,-0.0513625454155504,-0.0848948734556347,-0.0848948734556347,-0.2474742116668037,-0.2474742116668037,-0.27185660767412795,-0.27185660767412795,-0.2684585891305273,-0.4658486874173408,-0.19674553190628533,-0.639773077316811,-0.835638251246572,-0.46339415683207535,-0.3806834928598886,-0.44497341887546626,-0.16254643242571554,-0.16254643242571554,0.3497315197474107,0.1362086041350392,-0.14682650351049434,-0.43993531698945626,1.0,-0.03733349108054367,-0.14562723312175066,-0.12120280714561318,-0.2767218240416506,-0.013520330096468898,-0.04965483634448213,-0.5535732849333543,-0.17970424920083752,-0.010557945294606021,-0.0071150017424949814,-0.18785081373111698,-0.40111833954195014],[-0.2527268547460595,-0.2529799464679234,-0.2527268547460595,-0.255305625078416,-0.255305625078416,-0.11226184598810268,-0.11226184598810268,0.026943848542061253,0.026943848542061253,0.39256343928029236,0.3545593355266648,-0.23421602101168237,0.42993990978875324,0.47357000691859713,0.3538349367363423,-0.16393730981258295,0.36911804741726545,-0.20424091735441166,-0.20424091735441166,-0.659208299897537,0.7512831544167267,-0.31133228803530183,0.7547109248217034,-0.03733349108054367,1.0,-0.1021245324031852,-0.28001842393553955,-0.05846968590687388,-0.3506006864630905,-0.3278281056914249,0.08929044914892413,0.17088923607809817,0.2682855927242423,-0.38172134554863046,0.12871321176104475,0.1004548614943535],[0.8196352891026316,0.6471279267725067,0.8196352891026316,0.8165522091163258,0.8165522091163258,0.8894807173863263,0.8894807173863263,0.7848636707240066,0.7848636707240066,0.8351812877708974,0.8484963860883677,0.8471373321380953,0.8274011675928106,0.7810622347624756,0.8485398224978348,0.9016838348791985,0.8861432669190188,0.8242930678582144,0.8242930678582144,0.3422236085736432,-0.08278041197105238,0.6788828115932515,0.36776385580247256,-0.14562723312175066,-0.1021245324031852,1.0,0.5847762684557564,0.8382384695391218,0.48608736106851363,0.6200492166653871,0.5362639339194049,0.6505522257289905,0.42008111629137107,0.6993200495929411,0.6999614031258198,0.4115335593333935],[0.9336354687799505,0.9340917301652316,0.9336354687799505,0.932849128493572,0.932849128493572,0.8914375922854465,0.8914375922854465,0.78631124863585,0.78631124863585,0.6173597845616297,0.8983206710888471,0.690924041082681,0.9037637191038957,0.90757104840701,0.8956713962535122,0.8950724184095877,0.9040935866356482,0.7945292086593266,0.7945292086593266,0.7698363706500735,0.006261646674558211,0.9218776875609918,0.006902184034674175,-0.12120280714561318,-0.28001842393553955,0.5847762684557564,1.0,0.8295022176046102,0.8350656709774442,0.7043730434736288,0.4192837711305598,0.505091506423598,0.5716877345995249,0.8799203370726825,0.6260397355590371,0.0693584873624134],[0.9106308836267979,0.8841072457544954,0.9106308836267979,0.9155258321170804,0.9155258321170804,0.9289343298688377,0.9289343298688377,0.8674457508687542,0.8674457508687542,0.809045926795116,0.9433476459069366,0.7984062172211327,0.958488938503541,0.955825554058838,0.9423556837962117,0.9245463267228484,0.9478240443449913,0.8317053542338378,0.8317053542338378,0.49758191058633383,0.01213323335478833,0.8999690508072062,0.27832337834131066,-0.2767218240416506,-0.05846968590687388,0.8382384695391218,0.8295022176046102,1.0,0.7438840517283184,0.599786070447712,0.5725538252022899,0.5898870718568774,0.5310852215695453,0.8098376297294788,0.8252239931977603,0.2087431513363958],[0.9289013817603711,0.9233564066810741,0.9289013817603711,0.9173299991995844,0.9173299991995844,0.8985549062037563,0.8985549062037563,0.8471211846808485,0.8471211846808485,0.803164920380375,0.9132337824464781,0.8326854890470922,0.9080102850671306,0.8950039524412183,0.9137953860950032,0.9064250557482435,0.9380768505931912,0.914115028121823,0.914115028121823,0.8330904395268602,0.18193902848310917,0.8608037822500781,-0.13334330533916655,-0.013520330096468898,-0.3506006864630905,0.48608736106851363,0.8350656709774442,0.7438840517283184,1.0,0.9043580912377689,0.5252318983427355,0.679539951858973,0.665213290171774,0.8752923076213867,0.4907756032664873,0.2910919885686743],[0.778205378005585,0.7900978078957555,0.778205378005585,0.7884259747158584,0.7884259747158584,0.7383756335519349,0.7383756335519349,0.7502610454416382,0.7502610454416382,0.6928916701166455,0.8139074778206262,0.7487565841808025,0.7440181299903426,0.6678521766190041,0.8152818413302273,0.7771982525128281,0.8328271636308455,0.8340378125353493,0.8340378125353493,0.6882000186519595,0.019427333304475557,0.7577060548000903,0.04572387348046397,-0.04965483634448213,-0.3278281056914249,0.6200492166653871,0.7043730434736288,0.599786070447712,0.9043580912377689,1.0,0.5665188763822087,0.6623364112421107,0.6069647088069454,0.7248693471901251,0.5732746079589178,0.46868954953323133],[0.5139788690395798,0.5055008883731257,0.5139788690395798,0.5417573730568789,0.5417573730568789,0.7248253663243488,0.7248253663243488,0.8723345033771903,0.8723345033771903,0.6690498235693877,0.9014370207343156,0.6823790914519507,0.9017364661125705,0.9115808143079579,0.9009429302321633,0.8431633789009056,0.8890068430977112,0.7968370098506661,0.7968370098506661,0.07538307082195032,0.08854861247762791,0.5404048547485709,0.5727557091474373,-0.5535732849333543,0.08929044914892413,0.5362639339194049,0.4192837711305598,0.5725538252022899,0.5252318983427355,0.5665188763822087,1.0,0.7396757685374634,0.3764072352372549,0.46645062379918906,0.5541377437847707,0.7678925178411689],[0.6247816968928351,0.6218359980404777,0.6247816968928351,0.6194303219075139,0.6194303219075139,0.732650819151653,0.732650819151653,0.7752234546872346,0.7752234546872346,0.7681900280839535,0.8748302442010402,0.7501755333406812,0.8560692622474747,0.8451893861696413,0.8760154233579452,0.7814667476985412,0.9016421992133414,0.7491139653528518,0.7491139653528518,0.29418008170988225,0.36229138700208197,0.5846133049658075,0.4605114480016592,-0.17970424920083752,0.17088923607809817,0.6505522257289905,0.505091506423598,0.5898870718568774,0.679539951858973,0.6623364112421107,0.7396757685374634,1.0,0.7781358929785168,0.4824960764232625,0.7227082247121879,0.546017828811205],[0.637986042264377,0.6646973300874972,0.637986042264377,0.6111104908619763,0.6111104908619763,0.712725855565931,0.712725855565931,0.7195129546431254,0.7195129546431254,0.7686678819582563,0.8041005192855146,0.7022949343628659,0.7934010432749212,0.7419478659719452,0.8050832971107745,0.7697827041753262,0.8374087216150776,0.7040262261336657,0.7040262261336657,0.5619496550997142,0.5798993634406553,0.5395470732644048,0.18809566700512648,-0.010557945294606021,0.2682855927242423,0.42008111629137107,0.5716877345995249,0.5310852215695453,0.665213290171774,0.6069647088069454,0.3764072352372549,0.7781358929785168,1.0,0.48903919242689775,0.6656240600152303,0.19711220661510354],[0.9311093851971146,0.9283873002507228,0.9311093851971146,0.9237894951121557,0.9237894951121557,0.8531896664986524,0.8531896664986524,0.7808807241805231,0.7808807241805231,0.7780684016414837,0.8996419855132916,0.8218204534851692,0.8824625308693851,0.9126738563595552,0.8995117355587212,0.8762948204708488,0.911677348244643,0.8406517532128731,0.8406517532128731,0.7802776884709454,-0.09745257460392084,0.902596811480904,-0.04920365478007588,-0.0071150017424949814,-0.38172134554863046,0.6993200495929411,0.8799203370726825,0.8098376297294788,0.8752923076213867,0.7248693471901251,0.46645062379918906,0.4824960764232625,0.48903919242689775,1.0,0.7195263945485086,0.16129408243041213],[0.8207504277437612,0.6717366248573151,0.8207504277437612,0.8108157049249324,0.8108157049249324,0.8537267635876176,0.8537267635876176,0.8411007751262475,0.8411007751262475,0.8183852181504834,0.9436151155007865,0.7222659426542781,0.9625689995675033,0.9645148474889403,0.9435430538343542,0.8510514346134015,0.9493317486192763,0.7705659742650992,0.7705659742650992,0.46451322505219755,0.12897355488931325,0.6499138025314724,0.3688971679248105,-0.18785081373111698,0.12871321176104475,0.6999614031258198,0.6260397355590371,0.8252239931977603,0.4907756032664873,0.5732746079589178,0.5541377437847707,0.7227082247121879,0.6656240600152303,0.7195263945485086,1.0,0.17015416172628003],[0.17250865356931083,0.1691725828486095,0.17250865356931083,0.1842941189745762,0.1842941189745762,0.4598000249204005,0.4598000249204005,0.7979467271079127,0.7979467271079127,0.7509469683587099,0.7727146457746569,0.7172071512039033,0.8058652382562035,0.7725528922380347,0.7730169883956808,0.7851332129277052,0.8304061097154382,0.8474735940942291,0.8474735940942291,-0.16392864360146092,0.16900047477548277,0.16340463354594403,0.4634732565219477,-0.40111833954195014,0.1004548614943535,0.4115335593333935,0.0693584873624134,0.2087431513363958,0.2910919885686743,0.46868954953323133,0.7678925178411689,0.546017828811205,0.19711220661510354,0.16129408243041213,0.17015416172628003,1.0]],"x":["^TAIEX       \u81fa\u7063\u52a0\u6b0a\u5831\u916c\u6307\u6578","^TWII        \u81fa\u7063\u52a0\u6b0a\u6307\u6578","^TAIEXx2     \u81fa\u7063\u52a0\u6b0a\u5831\u916c\u6307\u6578_\u65e5\u6b632","^TAI50I      \u81fa\u706350\u5831\u916c\u6307\u6578","^TAI50Ix2    \u81fa\u706350\u5831\u916c\u6307\u6578_\u65e5\u6b632","^TAI100I     \u81fa\u7063\u4e2d\u578b100\u5831\u916c\u6307\u6578","^TAI100Ix2   \u81fa\u7063\u4e2d\u578b100\u5831\u916c\u6307\u6578_\u65e5\u6b632","^TAIDIVIDI   \u81fa\u7063\u9ad8\u80a1\u606f\u5831\u916c\u6307\u6578","^TAIDIVIDIx2 \u81fa\u7063\u9ad8\u80a1\u606f\u5831\u916c\u6307\u6578_\u65e5\u6b632","0050Fund     \u5143\u5927\u53f0\u7063\u5353\u8d8a50\u57fa\u91d1","006208Fund   \u5bcc\u90a6\u53f0\u7063\u91c6\u540950\u57fa\u91d1","0050         \u5143\u5927\u81fa\u706350","00631L       \u5143\u5927\u53f0\u706350\u6b632","00675L       \u5bcc\u90a6\u81fa\u7063\u52a0\u6b0a\u6b632","006208       \u5bcc\u90a6\u53f050","0051         \u5143\u5927\u4e2d\u578b100","006204       \u6c38\u8c50\u81fa\u7063\u52a0\u6b0a","0056         \u5143\u5927\u9ad8\u80a1\u606f","0056         \u5143\u5927\u9ad8\u80a1\u606f_\u80a1\u606f\u4e0d\u6295\u5165","2412         \u4e2d\u83ef\u96fb\u4fe1","2002         \u4e2d\u92fc","2330         \u53f0\u7a4d\u96fb","2317         \u9d3b\u6d77","6505         \u53f0\u5851\u77f3\u5316","3481         \u7fa4\u5275","2303         \u806f\u96fb","2308         \u53f0\u9054\u96fb","2454         \u806f\u767c\u79d1","2886         \u5146\u8c50\u91d1","2884         \u7389\u5c71\u91d1","2891         \u4e2d\u4fe1\u91d1","2892         \u7b2c\u4e00\u91d1","5880         \u5408\u5eab\u91d1","2881         \u5bcc\u90a6\u91d1","2885         \u5143\u5927\u91d1","2887         \u53f0\u65b0\u91d1"],"y":["^TAIEX       \u81fa\u7063\u52a0\u6b0a\u5831\u916c\u6307\u6578","^TWII        \u81fa\u7063\u52a0\u6b0a\u6307\u6578","^TAIEXx2     \u81fa\u7063\u52a0\u6b0a\u5831\u916c\u6307\u6578_\u65e5\u6b632","^TAI50I      \u81fa\u706350\u5831\u916c\u6307\u6578","^TAI50Ix2    \u81fa\u706350\u5831\u916c\u6307\u6578_\u65e5\u6b632","^TAI100I     \u81fa\u7063\u4e2d\u578b100\u5831\u916c\u6307\u6578","^TAI100Ix2   \u81fa\u7063\u4e2d\u578b100\u5831\u916c\u6307\u6578_\u65e5\u6b632","^TAIDIVIDI   \u81fa\u7063\u9ad8\u80a1\u606f\u5831\u916c\u6307\u6578","^TAIDIVIDIx2 \u81fa\u7063\u9ad8\u80a1\u606f\u5831\u916c\u6307\u6578_\u65e5\u6b632","0050Fund     \u5143\u5927\u53f0\u7063\u5353\u8d8a50\u57fa\u91d1","006208Fund   \u5bcc\u90a6\u53f0\u7063\u91c6\u540950\u57fa\u91d1","0050         \u5143\u5927\u81fa\u706350","00631L       \u5143\u5927\u53f0\u706350\u6b632","00675L       \u5bcc\u90a6\u81fa\u7063\u52a0\u6b0a\u6b632","006208       \u5bcc\u90a6\u53f050","0051         \u5143\u5927\u4e2d\u578b100","006204       \u6c38\u8c50\u81fa\u7063\u52a0\u6b0a","0056         \u5143\u5927\u9ad8\u80a1\u606f","0056         \u5143\u5927\u9ad8\u80a1\u606f_\u80a1\u606f\u4e0d\u6295\u5165","2412         \u4e2d\u83ef\u96fb\u4fe1","2002         \u4e2d\u92fc","2330         \u53f0\u7a4d\u96fb","2317         \u9d3b\u6d77","6505         \u53f0\u5851\u77f3\u5316","3481         \u7fa4\u5275","2303         \u806f\u96fb","2308         \u53f0\u9054\u96fb","2454         \u806f\u767c\u79d1","2886         \u5146\u8c50\u91d1","2884         \u7389\u5c71\u91d1","2891         \u4e2d\u4fe1\u91d1","2892         \u7b2c\u4e00\u91d1","5880         \u5408\u5eab\u91d1","2881         \u5bcc\u90a6\u91d1","2885         \u5143\u5927\u91d1","2887         \u53f0\u65b0\u91d1"],"zmin":-1,"zmax":1,"colorbar":{"x":-0.2}}],"layout":{"autotypenumbers":"strict","colorway":["#636efa","#EF553B","#00cc96","#ab63fa","#FFA15A","#19d3f3","#FF6692","#B6E880","#FF97FF","#FECB52"],"font":{"color":"#f2f5fa","family":"Courier New"},"hovermode":"closest","hoverlabel":{"align":"left"},"paper_bgcolor":"rgb(17,17,17)","plot_bgcolor":"rgb(17,17,17)","polar":{"bgcolor":"rgb(17,17,17)","angularaxis":{"gridcolor":"#506784","linecolor":"#506784","ticks":""},"radialaxis":{"gridcolor":"#506784","linecolor":"#506784","ticks":""}},"ternary":{"bgcolor":"rgb(17,17,17)","aaxis":{"gridcolor":"#506784","linecolor":"#506784","ticks":""},"baxis":{"gridcolor":"#506784","linecolor":"#506784","ticks":""},"caxis":{"gridcolor":"#506784","linecolor":"#506784","ticks":""}},"coloraxis":{"colorbar":{"outlinewidth":0,"ticks":""}},"colorscale":{"sequential":[[0.0,"#0d0887"],[0.1111111111111111,"#46039f"],[0.2222222222222222,"#7201a8"],[0.3333333333333333,"#9c179e"],[0.4444444444444444,"#bd3786"],[0.5555555555555556,"#d8576b"],[0.6666666666666666,"#ed7953"],[0.7777777777777778,"#fb9f3a"],[0.8888888888888888,"#fdca26"],[1.0,"#f0f921"]],"sequentialminus":[[0.0,"#0d0887"],[0.1111111111111111,"#46039f"],[0.2222222222222222,"#7201a8"],[0.3333333333333333,"#9c179e"],[0.4444444444444444,"#bd3786"],[0.5555555555555556,"#d8576b"],[0.6666666666666666,"#ed7953"],[0.7777777777777778,"#fb9f3a"],[0.8888888888888888,"#fdca26"],[1.0,"#f0f921"]],"diverging":[[0,"#8e0152"],[0.1,"#c51b7d"],[0.2,"#de77ae"],[0.3,"#f1b6da"],[0.4,"#fde0ef"],[0.5,"#f7f7f7"],[0.6,"#e6f5d0"],[0.7,"#b8e186"],[0.8,"#7fbc41"],[0.9,"#4d9221"],[1,"#276419"]]},"xaxis":{"gridcolor":"rgba(0, 0, 0, 0)","linecolor":"#506784","ticks":"","title":{"standoff":15},"zerolinecolor":"#283442","automargin":true,"zerolinewidth":2,"tickfont":{"family":"Courier New","size":14},"side":"top","tickangle":-90},"yaxis":{"gridcolor":"rgba(0, 0, 0, 0)","linecolor":"#506784","ticks":"","title":{"standoff":15},"zerolinecolor":"#283442","automargin":true,"zerolinewidth":2,"tickfont":{"family":"Courier New"},"side":"right"},"scene":{"xaxis":{"backgroundcolor":"rgb(17,17,17)","gridcolor":"#506784","linecolor":"#506784","showbackground":true,"ticks":"","zerolinecolor":"#C8D4E3","gridwidth":2},"yaxis":{"backgroundcolor":"rgb(17,17,17)","gridcolor":"#506784","linecolor":"#506784","showbackground":true,"ticks":"","zerolinecolor":"#C8D4E3","gridwidth":2},"zaxis":{"backgroundcolor":"rgb(17,17,17)","gridcolor":"#506784","linecolor":"#506784","showbackground":true,"ticks":"","zerolinecolor":"#C8D4E3","gridwidth":2}},"shapedefaults":{"line":{"color":"#f2f5fa"}},"annotationdefaults":{"arrowcolor":"#f2f5fa","arrowhead":0,"arrowwidth":1},"geo":{"bgcolor":"rgb(17,17,17)","landcolor":"rgb(17,17,17)","subunitcolor":"#506784","showland":true,"showlakes":true,"lakecolor":"rgb(17,17,17)"},"title":{"x":0.05,"font":{"family":"Times New Roman"},"y":0.05,"text":"<b>Correlation of Close<b><br><i>2016-09-23 ~ 2025-09-25<i>"},"updatemenudefaults":{"bgcolor":"#506784","borderwidth":0},"sliderdefaults":{"bgcolor":"#C8D4E3","borderwidth":1,"bordercolor":"rgb(17,17,17)","tickwidth":0},"mapbox":{"style":"dark"},"annotations":[{"text":"<b>@zwindr<b>","textangle":0,"opacity":0.5,"font":{"color":"white","size":12},"xref":"paper","yref":"paper","xanchor":"left","yanchor":"bottom","x":1.0,"y":1.0,"showarrow":false}]},"config":{"responsive":true,"toImageButtonOptions":{"filename":"Correlation of Close_2016-09-23~2025-09-25","scale":5}}};Plotly.newPlot("correlationClose",correlationClose.data,correlationClose.layout||{},correlationClose.config);}else{console.log("style display is none => correlationClose");}