var element=document.getElementById("correlationAdjClose");if(element.style.display!='none'){var correlationAdjClose={"data":[{"type":"heatmap","z":[[1.0,0.9948616272167587,0.975536954793634,0.9971346006146361,0.9569846858817365,0.9835345295853212,0.9518193378804962,0.9892863539964023,0.9743647962441223,0.9972827460568631,0.9967132134679038,0.9971815496331158,0.9932265149279166,0.9941631224530254,0.9967624586296426,0.9851797452401032,0.9997100809702683,0.9891471188307044,0.8996916251582625,0.9196250769525836,0.6987439715522684,0.984759851963308,0.9314966109557024,0.37341877609778446,-0.2995159720859079,0.8984160824199655,0.9315202276209715,0.9593417447536186,0.9780084618222505,0.9649571530779928,0.9784674847451845,0.9712914199122913,0.9416395724100224,0.982248922272935,0.9742738451896191,0.955620844009928],[0.9948616272167587,1.0,0.9715781315864814,0.9916659938707558,0.9527723063951237,0.9795891734568725,0.9476949271299613,0.98142553574698,0.9684030753902774,0.992965244471113,0.9948952284641916,0.9943612206044495,0.9923259519364098,0.9921274610965333,0.994906429414914,0.980109460249764,0.9971951195840679,0.9837285131992324,0.9209780399164559,0.909682679020037,0.7176083630601287,0.9687554148393904,0.9143827260628479,0.3735370728914415,-0.23019378853735023,0.8761501300874714,0.9250267502714173,0.9586323683052388,0.95848700927944,0.952608868610595,0.9693613558962099,0.9574351045971339,0.9406522423105167,0.9725544918680742,0.9654431726408894,0.9504692084204539],[0.975536954793634,0.9715781315864814,1.0,0.9843432317704082,0.9946176705624507,0.9735389744679592,0.9776657161092686,0.9619803608836476,0.9797489690293357,0.9840165081319455,0.9906904204201263,0.9873938931126979,0.9970027732826325,0.9967878887859737,0.9904557087124154,0.9711961905819694,0.9857314005724628,0.9615902939134463,0.8635537156122962,0.8243333166596639,0.5719144617851315,0.9919049097697719,0.9303630072292497,0.2021244277321703,-0.22360313539833335,0.8852398244251476,0.9400373903362408,0.9724614572645683,0.9210393489400521,0.9089446758872308,0.9659975877725449,0.9136306289178779,0.890669071895532,0.9641065712580649,0.9714011410261507,0.9169174122744864],[0.9971346006146361,0.9916659938707558,0.9843432317704082,1.0,0.9727303940490611,0.9751205509713274,0.9486088276970209,0.9812311891676261,0.9710874810810753,0.9999691653968747,0.9999914618769363,0.999962119545107,0.9931309661909221,0.9916504781397406,0.999949588038131,0.974016090606283,0.9957245602377363,0.9807898281525793,0.883661619812715,0.9022618569486707,0.6615713301703517,0.9938434567129502,0.9360349577750788,0.3416566112265392,-0.28880677184887016,0.8907536105914263,0.941008498902174,0.9633019953122992,0.9659021298520488,0.9591981238755164,0.9804123021803706,0.9589093809237662,0.926424751315552,0.9791746873762426,0.9721864329355479,0.9447611274040189],[0.9569846858817365,0.9527723063951237,0.9946176705624507,0.9727303940490611,1.0,0.9465532354819381,0.9566880206447334,0.9372950865093342,0.9601050902931269,0.9727830261634077,0.9820728320511538,0.9782331781637756,0.9835698938602107,0.9805322922101055,0.9816783982454135,0.94274236759982,0.9675838819943889,0.9366009867189208,0.8314854970042583,0.7942029197189503,0.5231141001076208,0.9872861782937191,0.925363352520608,0.16776587064541287,-0.21301923363887823,0.8525126142053834,0.9447867622296877,0.9593242137618705,0.8909846143514167,0.8858003539193079,0.953742902706695,0.8832745064623043,0.8535822249938021,0.9460035786363155,0.952429219460564,0.8851138616832903],[0.9835345295853212,0.9795891734568725,0.9735389744679592,0.9751205509713274,0.9465532354819381,1.0,0.9829551570909556,0.9825262182596396,0.9823319534949965,0.97454443353734,0.9693692454817502,0.9726950644338715,0.973889489127866,0.9714069131962222,0.9692886126336308,0.9999010523065284,0.9868863720647867,0.9834633292010863,0.9021242800313157,0.870620369957385,0.6677697651395726,0.9670063231587067,0.902476525494065,0.24860079718103306,-0.219872025394219,0.9324285479303192,0.9046370952092423,0.9637500102250189,0.9598680815976977,0.9341260411784833,0.9572985188655173,0.954914702491262,0.9531568516461341,0.962231088532175,0.9792679962910159,0.9576513436191892],[0.9518193378804962,0.9476949271299613,0.9776657161092686,0.9486088276970209,0.9566880206447334,0.9829551570909556,1.0,0.9549051578095339,0.9850222415251024,0.9472282611416557,0.9577231355869169,0.9540952201361919,0.9768095143389095,0.9775457065482747,0.9574481424554612,0.9843004083567313,0.9704327653983973,0.9574439128012655,0.8680247831740512,0.7894085530807659,0.560030475029825,0.9525702599166359,0.9030606811182296,0.10772683341241945,-0.1582395944123043,0.8955690232437037,0.8960008442847851,0.9604802988758004,0.9042398082234894,0.8709242883944202,0.9366138164032548,0.8973913600931527,0.9054956850495671,0.9352096882588959,0.9683329549952496,0.9130993946667907],[0.9892863539964023,0.98142553574698,0.9619803608836476,0.9812311891676261,0.9372950865093342,0.9825262182596396,0.9549051578095339,1.0,0.9836713196003142,0.9812053444821266,0.9765822878271113,0.9800684981799289,0.9713427070423079,0.9703497536126837,0.9766921256727987,0.9843242309427794,0.9871473790814566,0.9998816960683838,0.9278617348638439,0.9287804787815938,0.6352244403817126,0.9688377174849387,0.8991027217844371,0.2272543336517794,-0.31058654020795456,0.9060689569326462,0.8862512230761203,0.9440231403705325,0.979180102661404,0.9567151718734135,0.969338363254276,0.9658304422137575,0.9374003369075429,0.9633735741733555,0.9614149549021772,0.96745238944455],[0.9743647962441223,0.9684030753902774,0.9797489690293357,0.9710874810810753,0.9601050902931269,0.9823319534949965,0.9850222415251024,0.9836713196003142,1.0,0.9703256949169987,0.9668238586338183,0.9691868299755695,0.9726947863458842,0.969545649281854,0.9666743448401358,0.9813720067752205,0.9742775755161741,0.9830314635190492,0.9031307789818834,0.8611132656779089,0.5547372729258051,0.969036347099461,0.9159943258006701,0.08602841204412352,-0.2327033814388843,0.8844750076123713,0.8884192209093819,0.9643256899165636,0.9375608098853652,0.9049173357734128,0.9618870801597798,0.922858537713195,0.9041325375542477,0.9526095116573924,0.9734264803248573,0.9275933031993141],[0.9972827460568631,0.992965244471113,0.9840165081319455,0.9999691653968747,0.9727830261634077,0.97454443353734,0.9472282611416557,0.9812053444821266,0.9703256949169987,1.0,0.9999899456188703,0.9999829314286772,0.9930160368793101,0.9915116348222298,0.9999547238963145,0.973449934094078,0.9956004512221958,0.9808600972675784,0.8854971625169971,0.9034389667700549,0.6593052934361092,0.9940365074732364,0.9358782367034901,0.34677341278351803,-0.28823868989521756,0.8915488519959254,0.9392618151780112,0.9618506448286663,0.9656429622915216,0.9583960102471204,0.9794523937962486,0.9583135119853198,0.925024458452927,0.9783937744387271,0.9710530888377911,0.9432229865336103],[0.9967132134679038,0.9948952284641916,0.9906904204201263,0.9999914618769363,0.9820728320511538,0.9693692454817502,0.9577231355869169,0.9765822878271113,0.9668238586338183,0.9999899456188703,1.0,0.9999736381784045,0.9931567889017989,0.9916487020166957,0.9999575240977049,0.9691575197641518,0.995380926440585,0.9772642812464525,0.9083406060968644,0.9306388472239832,0.5444527642893013,0.9972359299350696,0.9202323985143372,-0.13268271625374056,0.3918460495502871,0.8921565658486778,0.9089728060908255,0.9650964574803288,0.9566330503344967,0.9414450513359309,0.9709141220199865,0.9383564568107915,0.9044161196397493,0.968974295906502,0.9806281502886535,0.9390464195604015],[0.9971815496331158,0.9943612206044495,0.9873938931126979,0.999962119545107,0.9782331781637756,0.9726950644338715,0.9540952201361919,0.9800684981799289,0.9691868299755695,0.9999829314286772,0.9999736381784045,1.0,0.9930244085235143,0.9914776596558675,0.9999654207733959,0.9725654211872363,0.9954921840275163,0.9803115735205977,0.8930811389471105,0.9200367295371269,0.6070027933264698,0.9962385994517875,0.9322498522221857,0.08232028164782547,-0.1939551105664218,0.9059357725741141,0.924859005928691,0.9575545252463405,0.9598786347203138,0.949524008546358,0.9759389927015206,0.9492981066833073,0.92141196226332,0.9747145024441312,0.9707357702680179,0.9475713441359872],[0.9932265149279166,0.9923259519364098,0.9970027732826325,0.9931309661909221,0.9835698938602107,0.973889489127866,0.9768095143389095,0.9713427070423079,0.9726947863458842,0.9930160368793101,0.9931567889017989,0.9930244085235143,1.0,0.9997554794157555,0.9931532175026457,0.9737976145443703,0.993295128518969,0.9722823155610889,0.9008993332675319,0.9180078629818457,0.47233028077645917,0.9889021929747627,0.9161865665793625,-0.40073663051241265,0.40752437912087586,0.8757703352117393,0.9064048169940083,0.9694854835773171,0.940049955843672,0.9093169737304411,0.9549354765101661,0.9155357297404642,0.8736126303199035,0.9665593320176695,0.9778369466205604,0.9315095026175598],[0.9941631224530254,0.9921274610965333,0.9967878887859737,0.9916504781397406,0.9805322922101055,0.9714069131962222,0.9775457065482747,0.9703497536126837,0.969545649281854,0.9915116348222298,0.9916487020166957,0.9914776596558675,0.9997554794157555,1.0,0.9917587063943327,0.9712224813588407,0.9940469804108077,0.971480051755395,0.8860582585793666,0.9274329219305287,0.33447074628304274,0.9849367259469222,0.909508102771636,-0.7492607724445586,0.3785322399751601,0.8436041092518408,0.9028895650281973,0.9661400984287621,0.9336188749571802,0.8968631697771979,0.9481152984908285,0.9157840997914994,0.8518048319236071,0.9674594698429343,0.975891015060987,0.9253021481443472],[0.9967624586296426,0.994906429414914,0.9904557087124154,0.999949588038131,0.9816783982454135,0.9692886126336308,0.9574481424554612,0.9766921256727987,0.9666743448401358,0.9999547238963145,0.9999575240977049,0.9999654207733959,0.9931532175026457,0.9917587063943327,1.0,0.9691201904617672,0.9954205392047369,0.9773552928313471,0.9084667352476091,0.9312554429194085,0.5443054190029031,0.9970679498424782,0.9203585417830956,-0.1302211830818424,0.3913552255910052,0.8921368704450778,0.9079204195925883,0.9643574871784261,0.9568755736808598,0.941814865164256,0.9708908238427224,0.9389208873486147,0.9049639430430628,0.9689172495972523,0.9805851976592151,0.9395684091288302],[0.9851797452401032,0.980109460249764,0.9711961905819694,0.974016090606283,0.94274236759982,0.9999010523065284,0.9843004083567313,0.9843242309427794,0.9813720067752205,0.973449934094078,0.9691575197641518,0.9725654211872363,0.9737976145443703,0.9712224813588407,0.9691201904617672,1.0,0.9869606623337066,0.9836536882653901,0.9049869541022001,0.8944391925876499,0.6585098378819805,0.9646166864776029,0.8967431730062054,0.10537961927191715,-0.1987711278072932,0.9398725461502974,0.8935712359134919,0.9607227549275087,0.9632931388321819,0.9314176253216364,0.9538629468294716,0.9561013041933258,0.9523716407976868,0.9643411242288987,0.9785858824348673,0.961946543521599],[0.9997100809702683,0.9971951195840679,0.9857314005724628,0.9957245602377363,0.9675838819943889,0.9868863720647867,0.9704327653983973,0.9871473790814566,0.9742775755161741,0.9956004512221958,0.995380926440585,0.9954921840275163,0.993295128518969,0.9940469804108077,0.9954205392047369,0.9869606623337066,1.0,0.9877824521268089,0.9257974355880477,0.9398204381813476,0.6002822557404294,0.9882584243356944,0.9119910356264794,-0.07209287453854785,0.41813821181986355,0.9201250893847362,0.9005443039429704,0.9665107308788303,0.9728423096940405,0.9495501802229904,0.9692183462575771,0.9566788030025215,0.9343343710686315,0.9753130136389829,0.9863733610247819,0.962837618647258],[0.9891471188307044,0.9837285131992324,0.9615902939134463,0.9807898281525793,0.9366009867189208,0.9834633292010863,0.9574439128012655,0.9998816960683838,0.9830314635190492,0.9808600972675784,0.9772642812464525,0.9803115735205977,0.9722823155610889,0.971480051755395,0.9773552928313471,0.9836536882653901,0.9877824521268089,1.0,0.9307292776456209,0.9349865847501968,0.6325291660834489,0.96746959120951,0.9029764787549922,0.1915117800814194,-0.2923102352415941,0.9109907641174552,0.8816958047657786,0.9439612850676367,0.9796624319013518,0.9561326680476496,0.9677809216164935,0.964503709233851,0.9371618522077378,0.9626335112987628,0.9594670028579273,0.968594458765314],[0.8996916251582625,0.9209780399164559,0.8635537156122962,0.883661619812715,0.8314854970042583,0.9021242800313157,0.8680247831740512,0.9278617348638439,0.9031307789818834,0.8854971625169971,0.9083406060968644,0.8930811389471105,0.9008993332675319,0.8860582585793666,0.9084667352476091,0.9049869541022001,0.9257974355880477,0.9307292776456209,1.0,0.826636185926747,0.6998555075991365,0.8559667009146079,0.806890253944832,0.2683519209418471,-0.16397576231913516,0.8561440793647888,0.7604846333332095,0.8551353663468496,0.8913752500521075,0.857598293605869,0.8562732590561131,0.8703031874913014,0.8563938487975499,0.8549880777224693,0.8764515955159838,0.8950657045140359],[0.9196250769525836,0.909682679020037,0.8243333166596639,0.9022618569486707,0.7942029197189503,0.870620369957385,0.7894085530807659,0.9287804787815938,0.8611132656779089,0.9034389667700549,0.9306388472239832,0.9200367295371269,0.9180078629818457,0.9274329219305287,0.9312554429194085,0.8944391925876499,0.9398204381813476,0.9349865847501968,0.826636185926747,1.0,0.8269564769203559,0.8529295239201082,0.8677777273456718,0.6406737816385669,-0.5259006139281465,0.7138200830702892,0.8401447117117736,0.8122535745251048,0.9592946355167208,0.9377735932478926,0.9001057652054323,0.9467168780328983,0.8998256149454696,0.9006656764774407,0.8514669334308315,0.8857920973943543],[0.6987439715522684,0.7176083630601287,0.5719144617851315,0.6615713301703517,0.5231141001076208,0.6677697651395726,0.560030475029825,0.6352244403817126,0.5547372729258051,0.6593052934361092,0.5444527642893013,0.6070027933264698,0.47233028077645917,0.33447074628304274,0.5443054190029031,0.6585098378819805,0.6002822557404294,0.6325291660834489,0.6998555075991365,0.8269564769203559,1.0,0.5898360228690357,0.6965497940557647,0.7249235552596512,-0.1163134483181857,0.535326248794229,0.6159376083482513,0.611450999831841,0.7732188043085255,0.7041256795772998,0.6280469194251463,0.7398581970642507,0.7536176720665613,0.6668817152750385,0.634129176669383,0.6831677871705286],[0.984759851963308,0.9687554148393904,0.9919049097697719,0.9938434567129502,0.9872861782937191,0.9670063231587067,0.9525702599166359,0.9688377174849387,0.969036347099461,0.9940365074732364,0.9972359299350696,0.9962385994517875,0.9889021929747627,0.9849367259469222,0.9970679498424782,0.9646166864776029,0.9882584243356944,0.96746959120951,0.8559667009146079,0.8529295239201082,0.5898360228690357,1.0,0.9136072610914026,0.26844828254289854,-0.2806953167269235,0.8734457404295685,0.9426912888639524,0.9679048765750118,0.9329857529000783,0.9399228310324494,0.9720170808022034,0.9351092719474513,0.8987323799232064,0.9683154424736807,0.957443444606788,0.9243169835752424],[0.9314966109557024,0.9143827260628479,0.9303630072292497,0.9360349577750788,0.925363352520608,0.902476525494065,0.9030606811182296,0.8991027217844371,0.9159943258006701,0.9358782367034901,0.9202323985143372,0.9322498522221857,0.9161865665793625,0.909508102771636,0.9203585417830956,0.8967431730062054,0.9119910356264794,0.9029764787549922,0.806890253944832,0.8677777273456718,0.6965497940557647,0.9136072610914026,1.0,0.3073193424177984,-0.18966282999739165,0.7123377847266265,0.9131540583826304,0.896626890947075,0.8977554147883854,0.8561090166788453,0.9329978518138156,0.8710289734864033,0.8395239607975207,0.928165263522838,0.8815058250753569,0.8550343212143838],[0.37341877609778446,0.3735370728914415,0.2021244277321703,0.3416566112265392,0.16776587064541287,0.24860079718103306,0.10772683341241945,0.2272543336517794,0.08602841204412352,0.34677341278351803,-0.13268271625374056,0.08232028164782547,-0.40073663051241265,-0.7492607724445586,-0.1302211830818424,0.10537961927191715,-0.07209287453854785,0.1915117800814194,0.2683519209418471,0.6406737816385669,0.7249235552596512,0.26844828254289854,0.3073193424177984,1.0,-0.38233012225014357,0.26614384309647,0.2640082803826208,0.17651209978254645,0.4666705380603635,0.4601001303441957,0.3097595543353744,0.48223712956617026,0.4072304557102406,0.33608843067004457,0.2586734645297111,0.37554729242821316],[-0.2995159720859079,-0.23019378853735023,-0.22360313539833335,-0.28880677184887016,-0.21301923363887823,-0.219872025394219,-0.1582395944123043,-0.31058654020795456,-0.2327033814388843,-0.28823868989521756,0.3918460495502871,-0.1939551105664218,0.40752437912087586,0.3785322399751601,0.3913552255910052,-0.1987711278072932,0.41813821181986355,-0.2923102352415941,-0.16397576231913516,-0.5259006139281465,-0.1163134483181857,-0.2806953167269235,-0.18966282999739165,-0.38233012225014357,1.0,-0.15563620909544715,-0.27882570687904257,-0.18262839241106166,-0.38715360492716216,-0.3763885925371241,-0.3195568042315672,-0.3450849184289451,-0.20916118868453443,-0.34503212614630546,-0.18443139340963086,-0.3172822609430357],[0.8984160824199655,0.8761501300874714,0.8852398244251476,0.8907536105914263,0.8525126142053834,0.9324285479303192,0.8955690232437037,0.9060689569326462,0.8844750076123713,0.8915488519959254,0.8921565658486778,0.9059357725741141,0.8757703352117393,0.8436041092518408,0.8921368704450778,0.9398725461502974,0.9201250893847362,0.9109907641174552,0.8561440793647888,0.7138200830702892,0.535326248794229,0.8734457404295685,0.7123377847266265,0.26614384309647,-0.15563620909544715,1.0,0.7744573870684265,0.8856749194789167,0.8203862672094124,0.8643565738087416,0.8293473573053369,0.8721890012389212,0.8676934857869881,0.8599336797234562,0.8686019156518818,0.8988583508160819],[0.9315202276209715,0.9250267502714173,0.9400373903362408,0.941008498902174,0.9447867622296877,0.9046370952092423,0.8960008442847851,0.8862512230761203,0.8884192209093819,0.9392618151780112,0.9089728060908255,0.924859005928691,0.9064048169940083,0.9028895650281973,0.9079204195925883,0.8935712359134919,0.9005443039429704,0.8816958047657786,0.7604846333332095,0.8401447117117736,0.6159376083482513,0.9426912888639524,0.9131540583826304,0.2640082803826208,-0.27882570687904257,0.7744573870684265,1.0,0.8946217385526696,0.8925713288556488,0.8785371119083419,0.9162464634580868,0.8783668348079242,0.8426872904639013,0.9195505327854456,0.8974363147157586,0.8649472494179733],[0.9593417447536186,0.9586323683052388,0.9724614572645683,0.9633019953122992,0.9593242137618705,0.9637500102250189,0.9604802988758004,0.9440231403705325,0.9643256899165636,0.9618506448286663,0.9650964574803288,0.9575545252463405,0.9694854835773171,0.9661400984287621,0.9643574871784261,0.9607227549275087,0.9665107308788303,0.9439612850676367,0.8551353663468496,0.8122535745251048,0.611450999831841,0.9679048765750118,0.896626890947075,0.17651209978254645,-0.18262839241106166,0.8856749194789167,0.8946217385526696,1.0,0.9106825706757853,0.8935142097180814,0.9446853097667007,0.8940695289470382,0.8878340084179464,0.9501388686314014,0.9735171319510427,0.8923997460933828],[0.9780084618222505,0.95848700927944,0.9210393489400521,0.9659021298520488,0.8909846143514167,0.9598680815976977,0.9042398082234894,0.979180102661404,0.9375608098853652,0.9656429622915216,0.9566330503344967,0.9598786347203138,0.940049955843672,0.9336188749571802,0.9568755736808598,0.9632931388321819,0.9728423096940405,0.9796624319013518,0.8913752500521075,0.9592946355167208,0.7732188043085255,0.9329857529000783,0.8977554147883854,0.4666705380603635,-0.38715360492716216,0.8203862672094124,0.8925713288556488,0.9106825706757853,1.0,0.9864501148285097,0.9631984999000277,0.9905440519242774,0.9530912155698621,0.9600507533791706,0.9163950606044987,0.9684677529232745],[0.9649571530779928,0.952608868610595,0.9089446758872308,0.9591981238755164,0.8858003539193079,0.9341260411784833,0.8709242883944202,0.9567151718734135,0.9049173357734128,0.9583960102471204,0.9414450513359309,0.949524008546358,0.9093169737304411,0.8968631697771979,0.941814865164256,0.9314176253216364,0.9495501802229904,0.9561326680476496,0.857598293605869,0.9377735932478926,0.7041256795772998,0.9399228310324494,0.8561090166788453,0.4601001303441957,-0.3763885925371241,0.8643565738087416,0.8785371119083419,0.8935142097180814,0.9864501148285097,1.0,0.9517350661173339,0.9842102153717793,0.9558797182834101,0.9400377262338007,0.924328215662514,0.9635843637045695],[0.9784674847451845,0.9693613558962099,0.9659975877725449,0.9804123021803706,0.953742902706695,0.9572985188655173,0.9366138164032548,0.969338363254276,0.9618870801597798,0.9794523937962486,0.9709141220199865,0.9759389927015206,0.9549354765101661,0.9481152984908285,0.9708908238427224,0.9538629468294716,0.9692183462575771,0.9677809216164935,0.8562732590561131,0.9001057652054323,0.6280469194251463,0.9720170808022034,0.9329978518138156,0.3097595543353744,-0.3195568042315672,0.8293473573053369,0.9162464634580868,0.9446853097667007,0.9631984999000277,0.9517350661173339,1.0,0.9530049681777495,0.913729903245709,0.978038195008794,0.961966978499967,0.9432443591147525],[0.9712914199122913,0.9574351045971339,0.9136306289178779,0.9589093809237662,0.8832745064623043,0.954914702491262,0.8973913600931527,0.9658304422137575,0.922858537713195,0.9583135119853198,0.9383564568107915,0.9492981066833073,0.9155357297404642,0.9157840997914994,0.9389208873486147,0.9561013041933258,0.9566788030025215,0.964503709233851,0.8703031874913014,0.9467168780328983,0.7398581970642507,0.9351092719474513,0.8710289734864033,0.48223712956617026,-0.3450849184289451,0.8721890012389212,0.8783668348079242,0.8940695289470382,0.9905440519242774,0.9842102153717793,0.9530049681777495,1.0,0.9739295247206576,0.9464921627593339,0.9395142546713229,0.9644163559027177],[0.9416395724100224,0.9406522423105167,0.890669071895532,0.926424751315552,0.8535822249938021,0.9531568516461341,0.9054956850495671,0.9374003369075429,0.9041325375542477,0.925024458452927,0.9044161196397493,0.92141196226332,0.8736126303199035,0.8518048319236071,0.9049639430430628,0.9523716407976868,0.9343343710686315,0.9371618522077378,0.8563938487975499,0.8998256149454696,0.7536176720665613,0.8987323799232064,0.8395239607975207,0.4072304557102406,-0.20916118868453443,0.8676934857869881,0.8426872904639013,0.8878340084179464,0.9530912155698621,0.9558797182834101,0.913729903245709,0.9739295247206576,1.0,0.9073566588957508,0.9305831539848236,0.9543617591762455],[0.982248922272935,0.9725544918680742,0.9641065712580649,0.9791746873762426,0.9460035786363155,0.962231088532175,0.9352096882588959,0.9633735741733555,0.9526095116573924,0.9783937744387271,0.968974295906502,0.9747145024441312,0.9665593320176695,0.9674594698429343,0.9689172495972523,0.9643411242288987,0.9753130136389829,0.9626335112987628,0.8549880777224693,0.9006656764774407,0.6668817152750385,0.9683154424736807,0.928165263522838,0.33608843067004457,-0.34503212614630546,0.8599336797234562,0.9195505327854456,0.9501388686314014,0.9600507533791706,0.9400377262338007,0.978038195008794,0.9464921627593339,0.9073566588957508,1.0,0.9589252349606344,0.943846314224375],[0.9742738451896191,0.9654431726408894,0.9714011410261507,0.9721864329355479,0.952429219460564,0.9792679962910159,0.9683329549952496,0.9614149549021772,0.9734264803248573,0.9710530888377911,0.9806281502886535,0.9707357702680179,0.9778369466205604,0.975891015060987,0.9805851976592151,0.9785858824348673,0.9863733610247819,0.9594670028579273,0.8764515955159838,0.8514669334308315,0.634129176669383,0.957443444606788,0.8815058250753569,0.2586734645297111,-0.18443139340963086,0.8686019156518818,0.8974363147157586,0.9735171319510427,0.9163950606044987,0.924328215662514,0.961966978499967,0.9395142546713229,0.9305831539848236,0.9589252349606344,1.0,0.9223728247821953],[0.955620844009928,0.9504692084204539,0.9169174122744864,0.9447611274040189,0.8851138616832903,0.9576513436191892,0.9130993946667907,0.96745238944455,0.9275933031993141,0.9432229865336103,0.9390464195604015,0.9475713441359872,0.9315095026175598,0.9253021481443472,0.9395684091288302,0.961946543521599,0.962837618647258,0.968594458765314,0.8950657045140359,0.8857920973943543,0.6831677871705286,0.9243169835752424,0.8550343212143838,0.37554729242821316,-0.3172822609430357,0.8988583508160819,0.8649472494179733,0.8923997460933828,0.9684677529232745,0.9635843637045695,0.9432443591147525,0.9644163559027177,0.9543617591762455,0.943846314224375,0.9223728247821953,1.0]],"x":["^TAIEX       \u81fa\u7063\u52a0\u6b0a\u5831\u916c\u6307\u6578","^TWII        \u81fa\u7063\u52a0\u6b0a\u6307\u6578","^TAIEXx2     \u81fa\u7063\u52a0\u6b0a\u5831\u916c\u6307\u6578_\u65e5\u6b632","^TAI50I      \u81fa\u706350\u5831\u916c\u6307\u6578","^TAI50Ix2    \u81fa\u706350\u5831\u916c\u6307\u6578_\u65e5\u6b632","^TAI100I     \u81fa\u7063\u4e2d\u578b100\u5831\u916c\u6307\u6578","^TAI100Ix2   \u81fa\u7063\u4e2d\u578b100\u5831\u916c\u6307\u6578_\u65e5\u6b632","^TAIDIVIDI   \u81fa\u7063\u9ad8\u80a1\u606f\u5831\u916c\u6307\u6578","^TAIDIVIDIx2 \u81fa\u7063\u9ad8\u80a1\u606f\u5831\u916c\u6307\u6578_\u65e5\u6b632","0050Fund     \u5143\u5927\u53f0\u7063\u5353\u8d8a50\u57fa\u91d1","006208Fund   \u5bcc\u90a6\u53f0\u7063\u91c6\u540950\u57fa\u91d1","0050         \u5143\u5927\u81fa\u706350","00631L       \u5143\u5927\u53f0\u706350\u6b632","00675L       \u5bcc\u90a6\u81fa\u7063\u52a0\u6b0a\u6b632","006208       \u5bcc\u90a6\u53f050","0051         \u5143\u5927\u4e2d\u578b100","006204       \u6c38\u8c50\u81fa\u7063\u52a0\u6b0a","0056         \u5143\u5927\u9ad8\u80a1\u606f","0056         \u5143\u5927\u9ad8\u80a1\u606f_\u80a1\u606f\u4e0d\u6295\u5165","2412         \u4e2d\u83ef\u96fb\u4fe1","2002         \u4e2d\u92fc","2330         \u53f0\u7a4d\u96fb","2317         \u9d3b\u6d77","6505         \u53f0\u5851\u77f3\u5316","3481         \u7fa4\u5275","2303         \u806f\u96fb","2308         \u53f0\u9054\u96fb","2454         \u806f\u767c\u79d1","2886         \u5146\u8c50\u91d1","2884         \u7389\u5c71\u91d1","2891         \u4e2d\u4fe1\u91d1","2892         \u7b2c\u4e00\u91d1","5880         \u5408\u5eab\u91d1","2881         \u5bcc\u90a6\u91d1","2885         \u5143\u5927\u91d1","2887         \u53f0\u65b0\u91d1"],"y":["^TAIEX       \u81fa\u7063\u52a0\u6b0a\u5831\u916c\u6307\u6578","^TWII        \u81fa\u7063\u52a0\u6b0a\u6307\u6578","^TAIEXx2     \u81fa\u7063\u52a0\u6b0a\u5831\u916c\u6307\u6578_\u65e5\u6b632","^TAI50I      \u81fa\u706350\u5831\u916c\u6307\u6578","^TAI50Ix2    \u81fa\u706350\u5831\u916c\u6307\u6578_\u65e5\u6b632","^TAI100I     \u81fa\u7063\u4e2d\u578b100\u5831\u916c\u6307\u6578","^TAI100Ix2   \u81fa\u7063\u4e2d\u578b100\u5831\u916c\u6307\u6578_\u65e5\u6b632","^TAIDIVIDI   \u81fa\u7063\u9ad8\u80a1\u606f\u5831\u916c\u6307\u6578","^TAIDIVIDIx2 \u81fa\u7063\u9ad8\u80a1\u606f\u5831\u916c\u6307\u6578_\u65e5\u6b632","0050Fund     \u5143\u5927\u53f0\u7063\u5353\u8d8a50\u57fa\u91d1","006208Fund   \u5bcc\u90a6\u53f0\u7063\u91c6\u540950\u57fa\u91d1","0050         \u5143\u5927\u81fa\u706350","00631L       \u5143\u5927\u53f0\u706350\u6b632","00675L       \u5bcc\u90a6\u81fa\u7063\u52a0\u6b0a\u6b632","006208       \u5bcc\u90a6\u53f050","0051         \u5143\u5927\u4e2d\u578b100","006204       \u6c38\u8c50\u81fa\u7063\u52a0\u6b0a","0056         \u5143\u5927\u9ad8\u80a1\u606f","0056         \u5143\u5927\u9ad8\u80a1\u606f_\u80a1\u606f\u4e0d\u6295\u5165","2412         \u4e2d\u83ef\u96fb\u4fe1","2002         \u4e2d\u92fc","2330         \u53f0\u7a4d\u96fb","2317         \u9d3b\u6d77","6505         \u53f0\u5851\u77f3\u5316","3481         \u7fa4\u5275","2303         \u806f\u96fb","2308         \u53f0\u9054\u96fb","2454         \u806f\u767c\u79d1","2886         \u5146\u8c50\u91d1","2884         \u7389\u5c71\u91d1","2891         \u4e2d\u4fe1\u91d1","2892         \u7b2c\u4e00\u91d1","5880         \u5408\u5eab\u91d1","2881         \u5bcc\u90a6\u91d1","2885         \u5143\u5927\u91d1","2887         \u53f0\u65b0\u91d1"],"zmin":-1,"zmax":1,"colorbar":{"x":-0.2}}],"layout":{"autotypenumbers":"strict","colorway":["#636efa","#EF553B","#00cc96","#ab63fa","#FFA15A","#19d3f3","#FF6692","#B6E880","#FF97FF","#FECB52"],"font":{"color":"#f2f5fa","family":"Courier New"},"hovermode":"closest","hoverlabel":{"align":"left"},"paper_bgcolor":"rgb(17,17,17)","plot_bgcolor":"rgb(17,17,17)","polar":{"bgcolor":"rgb(17,17,17)","angularaxis":{"gridcolor":"#506784","linecolor":"#506784","ticks":""},"radialaxis":{"gridcolor":"#506784","linecolor":"#506784","ticks":""}},"ternary":{"bgcolor":"rgb(17,17,17)","aaxis":{"gridcolor":"#506784","linecolor":"#506784","ticks":""},"baxis":{"gridcolor":"#506784","linecolor":"#506784","ticks":""},"caxis":{"gridcolor":"#506784","linecolor":"#506784","ticks":""}},"coloraxis":{"colorbar":{"outlinewidth":0,"ticks":""}},"colorscale":{"sequential":[[0.0,"#0d0887"],[0.1111111111111111,"#46039f"],[0.2222222222222222,"#7201a8"],[0.3333333333333333,"#9c179e"],[0.4444444444444444,"#bd3786"],[0.5555555555555556,"#d8576b"],[0.6666666666666666,"#ed7953"],[0.7777777777777778,"#fb9f3a"],[0.8888888888888888,"#fdca26"],[1.0,"#f0f921"]],"sequentialminus":[[0.0,"#0d0887"],[0.1111111111111111,"#46039f"],[0.2222222222222222,"#7201a8"],[0.3333333333333333,"#9c179e"],[0.4444444444444444,"#bd3786"],[0.5555555555555556,"#d8576b"],[0.6666666666666666,"#ed7953"],[0.7777777777777778,"#fb9f3a"],[0.8888888888888888,"#fdca26"],[1.0,"#f0f921"]],"diverging":[[0,"#8e0152"],[0.1,"#c51b7d"],[0.2,"#de77ae"],[0.3,"#f1b6da"],[0.4,"#fde0ef"],[0.5,"#f7f7f7"],[0.6,"#e6f5d0"],[0.7,"#b8e186"],[0.8,"#7fbc41"],[0.9,"#4d9221"],[1,"#276419"]]},"xaxis":{"gridcolor":"rgba(0, 0, 0, 0)","linecolor":"#506784","ticks":"","title":{"standoff":15},"zerolinecolor":"#283442","automargin":true,"zerolinewidth":2,"tickfont":{"family":"Courier New","size":14},"side":"top","tickangle":-90},"yaxis":{"gridcolor":"rgba(0, 0, 0, 0)","linecolor":"#506784","ticks":"","title":{"standoff":15},"zerolinecolor":"#283442","automargin":true,"zerolinewidth":2,"tickfont":{"family":"Courier New"},"side":"right"},"scene":{"xaxis":{"backgroundcolor":"rgb(17,17,17)","gridcolor":"#506784","linecolor":"#506784","showbackground":true,"ticks":"","zerolinecolor":"#C8D4E3","gridwidth":2},"yaxis":{"backgroundcolor":"rgb(17,17,17)","gridcolor":"#506784","linecolor":"#506784","showbackground":true,"ticks":"","zerolinecolor":"#C8D4E3","gridwidth":2},"zaxis":{"backgroundcolor":"rgb(17,17,17)","gridcolor":"#506784","linecolor":"#506784","showbackground":true,"ticks":"","zerolinecolor":"#C8D4E3","gridwidth":2}},"shapedefaults":{"line":{"color":"#f2f5fa"}},"annotationdefaults":{"arrowcolor":"#f2f5fa","arrowhead":0,"arrowwidth":1},"geo":{"bgcolor":"rgb(17,17,17)","landcolor":"rgb(17,17,17)","subunitcolor":"#506784","showland":true,"showlakes":true,"lakecolor":"rgb(17,17,17)"},"title":{"x":0.05,"font":{"family":"Times New Roman"},"y":0.05,"text":"<b>Correlation of Adj Close<b><br><i>2016-09-23 ~ 2025-11-20<i>"},"updatemenudefaults":{"bgcolor":"#506784","borderwidth":0},"sliderdefaults":{"bgcolor":"#C8D4E3","borderwidth":1,"bordercolor":"rgb(17,17,17)","tickwidth":0},"mapbox":{"style":"dark"},"annotations":[{"text":"<b>@zwindr<b>","textangle":0,"opacity":0.5,"font":{"color":"white","size":12},"xref":"paper","yref":"paper","xanchor":"left","yanchor":"bottom","x":1.0,"y":1.0,"showarrow":false}]},"config":{"responsive":true,"toImageButtonOptions":{"filename":"Correlation of Adj Close_2016-09-23~2025-11-20","scale":5}}};Plotly.newPlot("correlationAdjClose",correlationAdjClose.data,correlationAdjClose.layout||{},correlationAdjClose.config);}else{console.log("style display is none => correlationAdjClose");}