var correlationAdjClose = {"data": [{"type": "heatmap", "z": [[1.0, 0.9939795885627035, 0.9768591707799418, 0.9976518144015102, 0.9647803793349469, 0.9813803249768431, -0.9427136699177066, 0.989965129466421, 0.9699456577251347, 0.9972272981197365, 0.9972180013162382, 0.9976940522030916, 0.9931956085663012, 0.9939013533858226, 0.9972095734005566, 0.9839221241117939, 0.999666264867277, 0.990009854523871, 0.9200193677453934, 0.7411574310994682, 0.9853593843770965, 0.9208123119031402, 0.4442649164672162, -0.30353799693499184, 0.9013026794859677, 0.9742242837610148, 0.9544050278283341, 0.9800353614263526, 0.963701420434576, 0.9756736981499226, 0.9719415467989034, 0.9454301018747836, 0.9796738701769366, 0.9701376422466794, 0.9549590810080483], [0.9939795885627035, 1.0, 0.9722323403148496, 0.9912948987450552, 0.9602540487684803, 0.9767792899353723, -0.9380173335280242, 0.9807970995164572, 0.9629889988900134, 0.9953492653650249, 0.9951974226111385, 0.9943894536135303, 0.9922827863509256, 0.9915252912664566, 0.9951213050284327, 0.9778330716536112, 0.9966422876369336, 0.9835737287680103, 0.9089971071298604, 0.752618251930976, 0.9669171907172353, 0.900040705328483, 0.4438383598410937, -0.22759840976057802, 0.8751274666358008, 0.9618904130839101, 0.9539211489002044, 0.9577948228118222, 0.9495658266671677, 0.9653761345073306, 0.9559826258545128, 0.9432062985181009, 0.9684358179146726, 0.9613718942102844, 0.9484966978487261], [0.9768591707799418, 0.9722323403148496, 1.0, 0.9829200204453348, 0.9960377667528874, 0.9790084307633291, -0.9757015703044802, 0.9701491356128213, 0.9839113727502294, 0.9885995617169445, 0.9893219002616687, 0.9857940044983862, 0.9970717392271822, 0.9968935213793446, 0.9891034692536247, 0.9776732502217471, 0.987750245212791, 0.9700542553050773, 0.8271264662210768, 0.6308560902498797, 0.9901546422604205, 0.9113640503839937, 0.279048616185085, -0.22641156294172118, 0.9071480195390162, 0.9437612970190074, 0.9793888745172565, 0.9297014317867479, 0.9110769431425022, 0.9637088329309447, 0.9197914631914311, 0.9067567365414051, 0.9663550156625471, 0.9738144840918741, 0.9248570356031464], [0.9976518144015102, 0.9912948987450552, 0.9829200204453348, 1.0, 0.9763748600785896, 0.9736169010420237, -0.9375166283709818, 0.9843351042110955, 0.9674008389673464, 0.9999707803520506, 0.9999892220731875, 0.9999567840136374, 0.9914035364906618, 0.9894433148156538, 0.9999429316629865, 0.9735265778777762, 0.9960525443695843, 0.984198445024995, 0.906166414852332, 0.7116190169255968, 0.993285601338802, 0.9219984273077402, 0.42117520438445877, -0.29494649128224243, 0.8994968844683734, 0.9691873279886434, 0.9606669581565795, 0.9709584904119748, 0.9608237894004794, 0.9775623640828088, 0.9622059189970894, 0.9344026409969481, 0.9776350025011687, 0.9687097932837396, 0.9469026339815926], [0.9647803793349469, 0.9602540487684803, 0.9960377667528874, 0.9763748600785896, 1.0, 0.9587461591810624, -0.9572608930826867, 0.9552049974038755, 0.971700535263756, 0.9848868907158385, 0.9856481759726443, 0.9816515717018979, 0.9865813413248278, 0.9829265053801354, 0.9853079959016405, 0.9563973172899631, 0.9759707353487808, 0.9550131056904155, 0.8066958269351673, 0.5959177828848827, 0.989463817900986, 0.9071331940751182, 0.25578656838686986, -0.21951302260947878, 0.8888526842307246, 0.9298206146138372, 0.9771808184332226, 0.9094945407204708, 0.8973508244435439, 0.9574055488763306, 0.8983267852327902, 0.8808246184637257, 0.9562034368635469, 0.9622855247711302, 0.9019370269063943], [0.9813803249768431, 0.9767792899353723, 0.9790084307633291, 0.9736169010420237, 0.9587461591810624, 1.0, -0.9807049376058512, 0.9804492274480584, 0.9797363200802935, 0.9687639211709261, 0.96912325410372, 0.9716685608114466, 0.9770514898233128, 0.9750344519843981, 0.9688984163582247, 0.9999069205086776, 0.9860325946457599, 0.9815468244938698, 0.8610402759122503, 0.708131372472169, 0.9672226851150091, 0.8911925825264443, 0.3108868028207515, -0.2149969394452658, 0.9366623317938263, 0.9565750588029309, 0.9593284764322254, 0.9571232037104362, 0.9270079882117599, 0.9521151726445467, 0.9512214678049798, 0.9546226407897311, 0.9564322158810699, 0.9762408878513275, 0.9555248146002417], [-0.9427136699177066, -0.9380173335280242, -0.9757015703044802, -0.9375166283709818, -0.9572608930826867, -0.9807049376058512, 1.0, -0.9514991542888311, -0.9833285790602899, -0.9479004952816342, -0.9491334590803171, -0.9442674695376692, -0.9740231504693001, -0.975761840814441, -0.948744881642031, -0.9838725502187725, -0.9643606482352763, -0.9545239172112618, -0.7735466904895418, -0.6062404430750952, -0.9428114378268911, -0.8815007600019974, -0.168430073961597, 0.14927169655099307, -0.9048877828970436, -0.9138136668732185, -0.9570574825368942, -0.8983536443153821, -0.857165457550417, -0.9244239993598221, -0.889792450033921, -0.9088250578807061, -0.9249696843030399, -0.9633462340939623, -0.9096961779216133], [0.989965129466421, 0.9807970995164572, 0.9701491356128213, 0.9843351042110955, 0.9552049974038755, 0.9804492274480584, -0.9514991542888311, 1.0, 0.9823574222366381, 0.9800602878928893, 0.9800154854941385, 0.9832361915799369, 0.9758773576260006, 0.9748508934310274, 0.980002847782366, 0.9823936264422952, 0.9875815929045078, 0.9998702581658123, 0.922930707940585, 0.6759965921348253, 0.9738940176501372, 0.8947704662569881, 0.3031387919012167, -0.31146957611921827, 0.9055401170852158, 0.9554480198734243, 0.9373125468847906, 0.9774848469431923, 0.9520969485725097, 0.968950988140816, 0.9623664711357716, 0.9352793029281782, 0.9588775067132271, 0.957100244741269, 0.9656067446970567], [0.9699456577251347, 0.9629889988900134, 0.9839113727502294, 0.9674008389673464, 0.971700535263756, 0.9797363200802935, -0.9833285790602899, 0.9823574222366381, 1.0, 0.9629891033098523, 0.9636666032971163, 0.9654783586621281, 0.9728761924163836, 0.9699542499921537, 0.963400480781569, 0.9788560351404441, 0.9700296083669888, 0.9816787133072293, 0.849357215062177, 0.6006938426026843, 0.967450143236736, 0.905728500811319, 0.1602924647312783, -0.23011962478015183, 0.8869432426559507, 0.9327758748921748, 0.9598076175889817, 0.9326715611328352, 0.894187686882746, 0.9563482943953433, 0.9155396956245081, 0.9024644786430336, 0.9447519983280817, 0.9690299834825435, 0.9233184587494425], [0.9972272981197365, 0.9953492653650249, 0.9885995617169445, 0.9999707803520506, 0.9848868907158385, 0.9687639211709261, -0.9479004952816342, 0.9800602878928893, 0.9629891033098523, 1.0, 0.9999874017155111, 0.9999823598038617, 0.9912362141340031, 0.9892410273069605, 0.9999476452069056, 0.9693277480905987, 0.9956378184085661, 0.981097106179331, 0.9304224008038033, 0.6367218506014924, 0.996671301200318, 0.8993938627689244, -0.011345797061421982, 0.4378485157785062, 0.917308180374215, 0.9533907376663849, 0.9659339407501724, 0.961716038518861, 0.942432150305293, 0.9653019150895645, 0.9414730706470291, 0.9205399236505983, 0.9647689454666459, 0.980038861209825, 0.9445103658899215], [0.9972180013162382, 0.9951974226111385, 0.9893219002616687, 0.9999892220731875, 0.9856481759726443, 0.96912325410372, -0.9491334590803171, 0.9800154854941385, 0.9636666032971163, 0.9999874017155111, 1.0, 0.9999713743148505, 0.9914260418801932, 0.9894259081570865, 0.9999523834074788, 0.9696597960303217, 0.995689437322632, 0.9810219383261416, 0.9295739841553281, 0.6330531051526682, 0.9969650852897426, 0.8986184956795508, -0.026251081659364853, 0.43344134516924215, 0.9166149732790874, 0.9532347237828789, 0.9668346997063357, 0.9612028682704888, 0.9411092655448973, 0.9654019725607352, 0.9404222701231278, 0.9192567637676982, 0.9649566218000785, 0.9805753414811299, 0.9438230238311174], [0.9976940522030916, 0.9943894536135303, 0.9857940044983862, 0.9999567840136374, 0.9816515717018979, 0.9716685608114466, -0.9442674695376692, 0.9832361915799369, 0.9654783586621281, 0.9999823598038617, 0.9999713743148505, 1.0, 0.9911997356860457, 0.9891579935529976, 0.999961373677992, 0.9721242475021712, 0.9958240231046962, 0.9838253254329826, 0.9217161074349955, 0.6818047702630456, 0.9958555818040677, 0.915994672392177, 0.1863079760014132, -0.19469003371681035, 0.924113868988224, 0.9622778486842016, 0.9555370711441585, 0.965187878481646, 0.9514187249255583, 0.9720504007754007, 0.9526265484379708, 0.9331528108256459, 0.9721628755537458, 0.9669930093382906, 0.9531062002423301], [0.9931956085663012, 0.9922827863509256, 0.9970717392271822, 0.9914035364906618, 0.9865813413248278, 0.9770514898233128, -0.9740231504693001, 0.9758773576260006, 0.9728761924163836, 0.9912362141340031, 0.9914260418801932, 0.9911997356860457, 1.0, 0.999680690587863, 0.9913570438269295, 0.9778896836145242, 0.9935274700048804, 0.9772772988435401, 0.9112196915147349, 0.5748833848235502, 0.9861160810129115, 0.8911575838632753, -0.3124744685200229, 0.4597920363682283, 0.907090360012973, 0.9529575275753878, 0.9774715128443223, 0.9439549924731006, 0.9031306479194391, 0.9464000003093661, 0.9139403456047992, 0.8895673703569537, 0.9630264248542708, 0.9795578234389184, 0.9358749297094026], [0.9939013533858226, 0.9915252912664566, 0.9968935213793446, 0.9894433148156538, 0.9829265053801354, 0.9750344519843981, -0.975761840814441, 0.9748508934310274, 0.9699542499921537, 0.9892410273069605, 0.9894259081570865, 0.9891579935529976, 0.999680690587863, 1.0, 0.9894680610024964, 0.9759439286045976, 0.9940603424393573, 0.9765119816558525, 0.9186927082405432, 0.45615311168177214, 0.9808944457864074, 0.8798874366562731, -0.7057570075001123, 0.43812493106660955, 0.8801577871097619, 0.9497574377051431, 0.9768321136682571, 0.9362295644070345, 0.8851618484049841, 0.9373326773588619, 0.9107931921090102, 0.8677927965289938, 0.9652048358087078, 0.9777939317378521, 0.9283017246918872], [0.9972095734005566, 0.9951213050284327, 0.9891034692536247, 0.9999429316629865, 0.9853079959016405, 0.9688984163582247, -0.948744881642031, 0.980002847782366, 0.963400480781569, 0.9999476452069056, 0.9999523834074788, 0.999961373677992, 0.9913570438269295, 0.9894680610024964, 1.0, 0.969458748324161, 0.9956564669935662, 0.9810572145249548, 0.9302936129346105, 0.6329141999124122, 0.9968007551700011, 0.8988840498323311, -0.024546716521601977, 0.43262253701197945, 0.9162835100072805, 0.9524206122326052, 0.9661968096081748, 0.9615262505756749, 0.9417158069057352, 0.9654410208768115, 0.9410680016199843, 0.9197487910274639, 0.9648387071078205, 0.9804215413083044, 0.9440421780627655], [0.9839221241117939, 0.9778330716536112, 0.9776732502217471, 0.9735265778777762, 0.9563973172899631, 0.9999069205086776, -0.9838725502187725, 0.9823936264422952, 0.9788560351404441, 0.9693277480905987, 0.9696597960303217, 0.9721242475021712, 0.9778896836145242, 0.9759439286045976, 0.969458748324161, 1.0, 0.9864909113190804, 0.9816939324939598, 0.8848133690004538, 0.7080553808231302, 0.9657998178488082, 0.8868675594954069, 0.1811347827632256, -0.1934728358172224, 0.9452188155762595, 0.9584784297701545, 0.9561257618552694, 0.9605469245463237, 0.923965699752905, 0.9489068973588485, 0.9521445477120887, 0.9539870487162954, 0.9590456134649281, 0.9758195464643438, 0.9603270574181128], [0.999666264867277, 0.9966422876369336, 0.987750245212791, 0.9960525443695843, 0.9759707353487808, 0.9860325946457599, -0.9643606482352763, 0.9875815929045078, 0.9700296083669888, 0.9956378184085661, 0.995689437322632, 0.9958240231046962, 0.9935274700048804, 0.9940603424393573, 0.9956564669935662, 0.9864909113190804, 1.0, 0.9884687306743429, 0.9359963308850262, 0.6746391804024368, 0.9888974975808151, 0.8960587976583546, 0.02618558478762666, 0.45142401296969376, 0.9354286773823471, 0.9609452124612472, 0.9643288768013658, 0.9744323701755531, 0.9465661353538293, 0.9643482271366097, 0.9562171748415779, 0.94308754287138, 0.9709332101365706, 0.9845347529099508, 0.9651034450510464], [0.990009854523871, 0.9835737287680103, 0.9700542553050773, 0.984198445024995, 0.9550131056904155, 0.9815468244938698, -0.9545239172112618, 0.9998702581658123, 0.9816787133072293, 0.981097106179331, 0.9810219383261416, 0.9838253254329826, 0.9772772988435401, 0.9765119816558525, 0.9810572145249548, 0.9816939324939598, 0.9884687306743429, 1.0, 0.9292664496969962, 0.6745418842691705, 0.9729054721022264, 0.8998849939171204, 0.2695519532714656, -0.2926186100807249, 0.9110311733286365, 0.9541732778029002, 0.9373917822884679, 0.9779627816571409, 0.9515022516123888, 0.9674859135247887, 0.9608344301297803, 0.9351401284608867, 0.9582375364998326, 0.9550244421918489, 0.9667790730291753], [0.9200193677453934, 0.9089971071298604, 0.8271264662210768, 0.906166414852332, 0.8066958269351673, 0.8610402759122503, -0.7735466904895418, 0.922930707940585, 0.849357215062177, 0.9304224008038033, 0.9295739841553281, 0.9217161074349955, 0.9112196915147349, 0.9186927082405432, 0.9302936129346105, 0.8848133690004538, 0.9359963308850262, 0.9292664496969962, 1.0, 0.8418335563140716, 0.8575489966431249, 0.8723556128899588, 0.6920666733783932, -0.533211473231029, 0.696286249059225, 0.9157413487501971, 0.7993268954006144, 0.9571272149445967, 0.9347498369914847, 0.9015915315182358, 0.9432950937174771, 0.8929510914267057, 0.8973822624637249, 0.8452112846143826, 0.8779039292584918], [0.7411574310994682, 0.752618251930976, 0.6308560902498797, 0.7116190169255968, 0.5959177828848827, 0.708131372472169, -0.6062404430750952, 0.6759965921348253, 0.6006938426026843, 0.6367218506014924, 0.6330531051526682, 0.6818047702630456, 0.5748833848235502, 0.45615311168177214, 0.6329141999124122, 0.7080553808231302, 0.6746391804024368, 0.6745418842691705, 0.8418335563140716, 1.0, 0.6342300046723135, 0.7480555447900799, 0.731692798614923, -0.11635313552701244, 0.5376230490665321, 0.7524047696982155, 0.6381785624361545, 0.7927445726720148, 0.7286154751945488, 0.6691462049602634, 0.7649497745582792, 0.7674240273844495, 0.699236388057807, 0.6667363588098529, 0.7018230664319309], [0.9853593843770965, 0.9669171907172353, 0.9901546422604205, 0.993285601338802, 0.989463817900986, 0.9672226851150091, -0.9428114378268911, 0.9738940176501372, 0.967450143236736, 0.996671301200318, 0.9969650852897426, 0.9958555818040677, 0.9861160810129115, 0.9808944457864074, 0.9968007551700011, 0.9657998178488082, 0.9888974975808151, 0.9729054721022264, 0.8575489966431249, 0.6342300046723135, 1.0, 0.8929044325203975, 0.3474686129610799, -0.28887733894859213, 0.8863677861688363, 0.9525003415990764, 0.9699101462301707, 0.9397664993870756, 0.9436402247478699, 0.9687870000496471, 0.9401573035180528, 0.9103602243678004, 0.9679273222215821, 0.9550898619962126, 0.9287313373095522], [0.9208123119031402, 0.900040705328483, 0.9113640503839937, 0.9219984273077402, 0.9071331940751182, 0.8911925825264443, -0.8815007600019974, 0.8947704662569881, 0.905728500811319, 0.8993938627689244, 0.8986184956795508, 0.915994672392177, 0.8911575838632753, 0.8798874366562731, 0.8988840498323311, 0.8868675594954069, 0.8960587976583546, 0.8998849939171204, 0.8723556128899588, 0.7480555447900799, 0.8929044325203975, 1.0, 0.3948932406879735, -0.1876833303419948, 0.6985525952251789, 0.9171963482443241, 0.8834524348439989, 0.8959393991762874, 0.84391206757379, 0.9209830294001318, 0.8650551446895816, 0.8395873842414321, 0.9191110212373375, 0.8645432534901386, 0.8468674419751828], [0.4442649164672162, 0.4438383598410937, 0.279048616185085, 0.42117520438445877, 0.25578656838686986, 0.3108868028207515, -0.168430073961597, 0.3031387919012167, 0.1602924647312783, -0.011345797061421982, -0.026251081659364853, 0.1863079760014132, -0.3124744685200229, -0.7057570075001123, -0.024546716521601977, 0.1811347827632256, 0.02618558478762666, 0.2695519532714656, 0.6920666733783932, 0.731692798614923, 0.3474686129610799, 0.3948932406879735, 1.0, -0.3960666924138194, 0.2951518107595682, 0.4248297466252464, 0.22647059319718799, 0.5208621153801396, 0.5199324234402387, 0.3829394437814968, 0.5381417160140628, 0.4473852339387536, 0.39839467425017483, 0.31754118626470085, 0.4219880988457269], [-0.30353799693499184, -0.22759840976057802, -0.22641156294172118, -0.29494649128224243, -0.21951302260947878, -0.2149969394452658, 0.14927169655099307, -0.31146957611921827, -0.23011962478015183, 0.4378485157785062, 0.43344134516924215, -0.19469003371681035, 0.4597920363682283, 0.43812493106660955, 0.43262253701197945, -0.1934728358172224, 0.45142401296969376, -0.2926186100807249, -0.533211473231029, -0.11635313552701244, -0.28887733894859213, -0.1876833303419948, -0.3960666924138194, 1.0, -0.14729381128787633, -0.3323073030316472, -0.1750298777785275, -0.3899771020941838, -0.38004005941540375, -0.32755381439604514, -0.3458314358008492, -0.2020625157142387, -0.3508920007375005, -0.17736403237456871, -0.31586157204137066], [0.9013026794859677, 0.8751274666358008, 0.9071480195390162, 0.8994968844683734, 0.8888526842307246, 0.9366623317938263, -0.9048877828970436, 0.9055401170852158, 0.8869432426559507, 0.917308180374215, 0.9166149732790874, 0.924113868988224, 0.907090360012973, 0.8801577871097619, 0.9162835100072805, 0.9452188155762595, 0.9354286773823471, 0.9110311733286365, 0.696286249059225, 0.5376230490665321, 0.8863677861688363, 0.6985525952251789, 0.2951518107595682, -0.14729381128787633, 1.0, 0.8359514882084873, 0.8855534372785288, 0.809270259124919, 0.8582680526586282, 0.8280583078382696, 0.8655973545932193, 0.8592421056216782, 0.8564631767497637, 0.8663662892241601, 0.8936616806850909], [0.9742242837610148, 0.9618904130839101, 0.9437612970190074, 0.9691873279886434, 0.9298206146138372, 0.9565750588029309, -0.9138136668732185, 0.9554480198734243, 0.9327758748921748, 0.9533907376663849, 0.9532347237828789, 0.9622778486842016, 0.9529575275753878, 0.9497574377051431, 0.9524206122326052, 0.9584784297701545, 0.9609452124612472, 0.9541732778029002, 0.9157413487501971, 0.7524047696982155, 0.9525003415990764, 0.9171963482443241, 0.4248297466252464, -0.3323073030316472, 0.8359514882084873, 1.0, 0.9329678312825482, 0.9602245745861797, 0.9347273385687196, 0.943228876024462, 0.9440319608107693, 0.916529006297888, 0.9635422727983726, 0.926701716885513, 0.9242053258404167], [0.9544050278283341, 0.9539211489002044, 0.9793888745172565, 0.9606669581565795, 0.9771808184332226, 0.9593284764322254, -0.9570574825368942, 0.9373125468847906, 0.9598076175889817, 0.9659339407501724, 0.9668346997063357, 0.9555370711441585, 0.9774715128443223, 0.9768321136682571, 0.9661968096081748, 0.9561257618552694, 0.9643288768013658, 0.9373917822884679, 0.7993268954006144, 0.6381785624361545, 0.9699101462301707, 0.8834524348439989, 0.22647059319718799, -0.1750298777785275, 0.8855534372785288, 0.9329678312825482, 1.0, 0.9025581587468039, 0.880415824361351, 0.936539090773972, 0.8828823129329209, 0.8833396585938722, 0.9433017747671645, 0.9704620013026399, 0.8840288089361373], [0.9800353614263526, 0.9577948228118222, 0.9297014317867479, 0.9709584904119748, 0.9094945407204708, 0.9571232037104362, -0.8983536443153821, 0.9774848469431923, 0.9326715611328352, 0.961716038518861, 0.9612028682704888, 0.965187878481646, 0.9439549924731006, 0.9362295644070345, 0.9615262505756749, 0.9605469245463237, 0.9744323701755531, 0.9779627816571409, 0.9571272149445967, 0.7927445726720148, 0.9397664993870756, 0.8959393991762874, 0.5208621153801396, -0.3899771020941838, 0.809270259124919, 0.9602245745861797, 0.9025581587468039, 1.0, 0.9854429741337082, 0.965578873538663, 0.9896025536354417, 0.9513025710851644, 0.9580941725382548, 0.9126720860643854, 0.9662480214437981], [0.963701420434576, 0.9495658266671677, 0.9110769431425022, 0.9608237894004794, 0.8973508244435439, 0.9270079882117599, -0.857165457550417, 0.9520969485725097, 0.894187686882746, 0.942432150305293, 0.9411092655448973, 0.9514187249255583, 0.9031306479194391, 0.8851618484049841, 0.9417158069057352, 0.923965699752905, 0.9465661353538293, 0.9515022516123888, 0.9347498369914847, 0.7286154751945488, 0.9436402247478699, 0.84391206757379, 0.5199324234402387, -0.38004005941540375, 0.8582680526586282, 0.9347273385687196, 0.880415824361351, 0.9854429741337082, 1.0, 0.9494295224322523, 0.9828242885576891, 0.9546320979468088, 0.9339282653314889, 0.9162354420414878, 0.9617813957424636], [0.9756736981499226, 0.9653761345073306, 0.9637088329309447, 0.9775623640828088, 0.9574055488763306, 0.9521151726445467, -0.9244239993598221, 0.968950988140816, 0.9563482943953433, 0.9653019150895645, 0.9654019725607352, 0.9720504007754007, 0.9464000003093661, 0.9373326773588619, 0.9654410208768115, 0.9489068973588485, 0.9643482271366097, 0.9674859135247887, 0.9015915315182358, 0.6691462049602634, 0.9687870000496471, 0.9209830294001318, 0.3829394437814968, -0.32755381439604514, 0.8280583078382696, 0.943228876024462, 0.936539090773972, 0.965578873538663, 0.9494295224322523, 1.0, 0.9533064135150792, 0.9173368862740481, 0.9755953044954785, 0.9560860726129479, 0.944607861278391], [0.9719415467989034, 0.9559826258545128, 0.9197914631914311, 0.9622059189970894, 0.8983267852327902, 0.9512214678049798, -0.889792450033921, 0.9623664711357716, 0.9155396956245081, 0.9414730706470291, 0.9404222701231278, 0.9526265484379708, 0.9139403456047992, 0.9107931921090102, 0.9410680016199843, 0.9521445477120887, 0.9562171748415779, 0.9608344301297803, 0.9432950937174771, 0.7649497745582792, 0.9401573035180528, 0.8650551446895816, 0.5381417160140628, -0.3458314358008492, 0.8655973545932193, 0.9440319608107693, 0.8828823129329209, 0.9896025536354417, 0.9828242885576891, 0.9533064135150792, 1.0, 0.9731242769659296, 0.9421891890371655, 0.9348111983685385, 0.961713844715424], [0.9454301018747836, 0.9432062985181009, 0.9067567365414051, 0.9344026409969481, 0.8808246184637257, 0.9546226407897311, -0.9088250578807061, 0.9352793029281782, 0.9024644786430336, 0.9205399236505983, 0.9192567637676982, 0.9331528108256459, 0.8895673703569537, 0.8677927965289938, 0.9197487910274639, 0.9539870487162954, 0.94308754287138, 0.9351401284608867, 0.8929510914267057, 0.7674240273844495, 0.9103602243678004, 0.8395873842414321, 0.4473852339387536, -0.2020625157142387, 0.8592421056216782, 0.916529006297888, 0.8833396585938722, 0.9513025710851644, 0.9546320979468088, 0.9173368862740481, 0.9731242769659296, 1.0, 0.9048809324428734, 0.9326760686584025, 0.9522281718584761], [0.9796738701769366, 0.9684358179146726, 0.9663550156625471, 0.9776350025011687, 0.9562034368635469, 0.9564322158810699, -0.9249696843030399, 0.9588775067132271, 0.9447519983280817, 0.9647689454666459, 0.9649566218000785, 0.9721628755537458, 0.9630264248542708, 0.9652048358087078, 0.9648387071078205, 0.9590456134649281, 0.9709332101365706, 0.9582375364998326, 0.8973822624637249, 0.699236388057807, 0.9679273222215821, 0.9191110212373375, 0.39839467425017483, -0.3508920007375005, 0.8564631767497637, 0.9635422727983726, 0.9433017747671645, 0.9580941725382548, 0.9339282653314889, 0.9755953044954785, 0.9421891890371655, 0.9048809324428734, 1.0, 0.9525217246055593, 0.9405174108299703], [0.9701376422466794, 0.9613718942102844, 0.9738144840918741, 0.9687097932837396, 0.9622855247711302, 0.9762408878513275, -0.9633462340939623, 0.957100244741269, 0.9690299834825435, 0.980038861209825, 0.9805753414811299, 0.9669930093382906, 0.9795578234389184, 0.9777939317378521, 0.9804215413083044, 0.9758195464643438, 0.9845347529099508, 0.9550244421918489, 0.8452112846143826, 0.6667363588098529, 0.9550898619962126, 0.8645432534901386, 0.31754118626470085, -0.17736403237456871, 0.8663662892241601, 0.926701716885513, 0.9704620013026399, 0.9126720860643854, 0.9162354420414878, 0.9560860726129479, 0.9348111983685385, 0.9326760686584025, 0.9525217246055593, 1.0, 0.9168081695317848], [0.9549590810080483, 0.9484966978487261, 0.9248570356031464, 0.9469026339815926, 0.9019370269063943, 0.9555248146002417, -0.9096961779216133, 0.9656067446970567, 0.9233184587494425, 0.9445103658899215, 0.9438230238311174, 0.9531062002423301, 0.9358749297094026, 0.9283017246918872, 0.9440421780627655, 0.9603270574181128, 0.9651034450510464, 0.9667790730291753, 0.8779039292584918, 0.7018230664319309, 0.9287313373095522, 0.8468674419751828, 0.4219880988457269, -0.31586157204137066, 0.8936616806850909, 0.9242053258404167, 0.8840288089361373, 0.9662480214437981, 0.9617813957424636, 0.944607861278391, 0.961713844715424, 0.9522281718584761, 0.9405174108299703, 0.9168081695317848, 1.0]], "x": ["^TAIEX       \u81fa\u7063\u52a0\u6b0a\u5831\u916c\u6307\u6578", "^TWII        \u81fa\u7063\u52a0\u6b0a\u6307\u6578", "^TAIEXx2     \u81fa\u7063\u52a0\u6b0a\u5831\u916c\u6307\u6578_\u65e5\u6b632", "^TAI50I      \u81fa\u706350\u5831\u916c\u6307\u6578", "^TAI50Ix2    \u81fa\u706350\u5831\u916c\u6307\u6578_\u65e5\u6b632", "^TAI100I     \u81fa\u7063\u4e2d\u578b100\u5831\u916c\u6307\u6578", "^TAI100Ix2   \u81fa\u7063\u4e2d\u578b100\u5831\u916c\u6307\u6578_\u65e5\u6b632", "^TAIDIVIDI   \u81fa\u7063\u9ad8\u80a1\u606f\u5831\u916c\u6307\u6578", "^TAIDIVIDIx2 \u81fa\u7063\u9ad8\u80a1\u606f\u5831\u916c\u6307\u6578_\u65e5\u6b632", "0050Fund     \u5143\u5927\u53f0\u7063\u5353\u8d8a50\u57fa\u91d1", "006208Fund   \u5bcc\u90a6\u53f0\u7063\u91c6\u540950\u57fa\u91d1", "0050         \u5143\u5927\u81fa\u706350", "00631L       \u5143\u5927\u53f0\u706350\u6b632", "00675L       \u5bcc\u90a6\u81fa\u7063\u52a0\u6b0a\u6b632", "006208       \u5bcc\u90a6\u53f050", "0051         \u5143\u5927\u4e2d\u578b100", "006204       \u6c38\u8c50\u81fa\u7063\u52a0\u6b0a", "0056         \u5143\u5927\u9ad8\u80a1\u606f", "2412         \u4e2d\u83ef\u96fb\u4fe1", "2002         \u4e2d\u92fc", "2330         \u53f0\u7a4d\u96fb", "2317         \u9d3b\u6d77", "6505         \u53f0\u5851\u77f3\u5316", "3481         \u7fa4\u5275", "2303         \u806f\u96fb", "2308         \u53f0\u9054\u96fb", "2454         \u806f\u767c\u79d1", "2886         \u5146\u8c50\u91d1", "2884         \u7389\u5c71\u91d1", "2891         \u4e2d\u4fe1\u91d1", "2892         \u7b2c\u4e00\u91d1", "5880         \u5408\u5eab\u91d1", "2881         \u5bcc\u90a6\u91d1", "2885         \u5143\u5927\u91d1", "2887         \u53f0\u65b0\u91d1"], "y": ["^TAIEX       \u81fa\u7063\u52a0\u6b0a\u5831\u916c\u6307\u6578", "^TWII        \u81fa\u7063\u52a0\u6b0a\u6307\u6578", "^TAIEXx2     \u81fa\u7063\u52a0\u6b0a\u5831\u916c\u6307\u6578_\u65e5\u6b632", "^TAI50I      \u81fa\u706350\u5831\u916c\u6307\u6578", "^TAI50Ix2    \u81fa\u706350\u5831\u916c\u6307\u6578_\u65e5\u6b632", "^TAI100I     \u81fa\u7063\u4e2d\u578b100\u5831\u916c\u6307\u6578", "^TAI100Ix2   \u81fa\u7063\u4e2d\u578b100\u5831\u916c\u6307\u6578_\u65e5\u6b632", "^TAIDIVIDI   \u81fa\u7063\u9ad8\u80a1\u606f\u5831\u916c\u6307\u6578", "^TAIDIVIDIx2 \u81fa\u7063\u9ad8\u80a1\u606f\u5831\u916c\u6307\u6578_\u65e5\u6b632", "0050Fund     \u5143\u5927\u53f0\u7063\u5353\u8d8a50\u57fa\u91d1", "006208Fund   \u5bcc\u90a6\u53f0\u7063\u91c6\u540950\u57fa\u91d1", "0050         \u5143\u5927\u81fa\u706350", "00631L       \u5143\u5927\u53f0\u706350\u6b632", "00675L       \u5bcc\u90a6\u81fa\u7063\u52a0\u6b0a\u6b632", "006208       \u5bcc\u90a6\u53f050", "0051         \u5143\u5927\u4e2d\u578b100", "006204       \u6c38\u8c50\u81fa\u7063\u52a0\u6b0a", "0056         \u5143\u5927\u9ad8\u80a1\u606f", "2412         \u4e2d\u83ef\u96fb\u4fe1", "2002         \u4e2d\u92fc", "2330         \u53f0\u7a4d\u96fb", "2317         \u9d3b\u6d77", "6505         \u53f0\u5851\u77f3\u5316", "3481         \u7fa4\u5275", "2303         \u806f\u96fb", "2308         \u53f0\u9054\u96fb", "2454         \u806f\u767c\u79d1", "2886         \u5146\u8c50\u91d1", "2884         \u7389\u5c71\u91d1", "2891         \u4e2d\u4fe1\u91d1", "2892         \u7b2c\u4e00\u91d1", "5880         \u5408\u5eab\u91d1", "2881         \u5bcc\u90a6\u91d1", "2885         \u5143\u5927\u91d1", "2887         \u53f0\u65b0\u91d1"], "zmin": -1, "zmax": 1, "colorbar": {"x": -0.2}}], "layout": {"autotypenumbers": "strict", "colorway": ["#636efa", "#EF553B", "#00cc96", "#ab63fa", "#FFA15A", "#19d3f3", "#FF6692", "#B6E880", "#FF97FF", "#FECB52"], "font": {"color": "#f2f5fa", "family": "Courier New"}, "hovermode": "closest", "hoverlabel": {"align": "left"}, "paper_bgcolor": "rgb(17,17,17)", "plot_bgcolor": "rgb(17,17,17)", "polar": {"bgcolor": "rgb(17,17,17)", "angularaxis": {"gridcolor": "#506784", "linecolor": "#506784", "ticks": ""}, "radialaxis": {"gridcolor": "#506784", "linecolor": "#506784", "ticks": ""}}, "ternary": {"bgcolor": "rgb(17,17,17)", "aaxis": {"gridcolor": "#506784", "linecolor": "#506784", "ticks": ""}, "baxis": {"gridcolor": "#506784", "linecolor": "#506784", "ticks": ""}, "caxis": {"gridcolor": "#506784", "linecolor": "#506784", "ticks": ""}}, "coloraxis": {"colorbar": {"outlinewidth": 0, "ticks": ""}}, "colorscale": {"sequential": [[0.0, "#0d0887"], [0.1111111111111111, "#46039f"], [0.2222222222222222, "#7201a8"], [0.3333333333333333, "#9c179e"], [0.4444444444444444, "#bd3786"], [0.5555555555555556, "#d8576b"], [0.6666666666666666, "#ed7953"], [0.7777777777777778, "#fb9f3a"], [0.8888888888888888, "#fdca26"], [1.0, "#f0f921"]], "sequentialminus": [[0.0, "#0d0887"], [0.1111111111111111, "#46039f"], [0.2222222222222222, "#7201a8"], [0.3333333333333333, "#9c179e"], [0.4444444444444444, "#bd3786"], [0.5555555555555556, "#d8576b"], [0.6666666666666666, "#ed7953"], [0.7777777777777778, "#fb9f3a"], [0.8888888888888888, "#fdca26"], [1.0, "#f0f921"]], "diverging": [[0, "#8e0152"], [0.1, "#c51b7d"], [0.2, "#de77ae"], [0.3, "#f1b6da"], [0.4, "#fde0ef"], [0.5, "#f7f7f7"], [0.6, "#e6f5d0"], [0.7, "#b8e186"], [0.8, "#7fbc41"], [0.9, "#4d9221"], [1, "#276419"]]}, "xaxis": {"gridcolor": "rgba(0, 0, 0, 0)", "linecolor": "#506784", "ticks": "", "title": {"standoff": 15}, "zerolinecolor": "#283442", "automargin": true, "zerolinewidth": 2, "tickfont": {"family": "Courier New", "size": 14}, "side": "top", "tickangle": -90}, "yaxis": {"gridcolor": "rgba(0, 0, 0, 0)", "linecolor": "#506784", "ticks": "", "title": {"standoff": 15}, "zerolinecolor": "#283442", "automargin": true, "zerolinewidth": 2, "tickfont": {"family": "Courier New"}, "side": "right"}, "scene": {"xaxis": {"backgroundcolor": "rgb(17,17,17)", "gridcolor": "#506784", "linecolor": "#506784", "showbackground": true, "ticks": "", "zerolinecolor": "#C8D4E3", "gridwidth": 2}, "yaxis": {"backgroundcolor": "rgb(17,17,17)", "gridcolor": "#506784", "linecolor": "#506784", "showbackground": true, "ticks": "", "zerolinecolor": "#C8D4E3", "gridwidth": 2}, "zaxis": {"backgroundcolor": "rgb(17,17,17)", "gridcolor": "#506784", "linecolor": "#506784", "showbackground": true, "ticks": "", "zerolinecolor": "#C8D4E3", "gridwidth": 2}}, "shapedefaults": {"line": {"color": "#f2f5fa"}}, "annotationdefaults": {"arrowcolor": "#f2f5fa", "arrowhead": 0, "arrowwidth": 1}, "geo": {"bgcolor": "rgb(17,17,17)", "landcolor": "rgb(17,17,17)", "subunitcolor": "#506784", "showland": true, "showlakes": true, "lakecolor": "rgb(17,17,17)"}, "title": {"x": 0.05, "font": {"family": "Times New Roman"}, "y": 0.05, "text": "<b>Correlation of Adj Close<b><br><i>2016-09-23 ~ 2025-07-25<i>"}, "updatemenudefaults": {"bgcolor": "#506784", "borderwidth": 0}, "sliderdefaults": {"bgcolor": "#C8D4E3", "borderwidth": 1, "bordercolor": "rgb(17,17,17)", "tickwidth": 0}, "mapbox": {"style": "dark"}}, "config": {"responsive": true, "toImageButtonOptions": {"filename": "Correlation of Adj Close_2016-09-23~2025-07-25", "scale": 5}}};

Plotly.newPlot("correlationAdjClose",
    correlationAdjClose.data,
    correlationAdjClose.layout || {},
    correlationAdjClose.config);