var element=document.getElementById("correlationClose");if(element.style.display!='none'){var correlationClose={"data":[{"type":"heatmap","z":[[1.0,0.9999999999999973,1.0,0.9949492395070874,0.9949492395070874,0.9701044431634148,0.9701044431634148,0.9125844886572747,0.9125844886572747,0.7639594376069487,0.9949393732988984,0.7101993663619769,0.9904064901880134,0.9911278003089675,0.9950414038490637,0.9765888634664545,0.9992309718036868,0.909876557114358,0.909876557114358,0.7740291730415205,-0.17870151869802667,0.9797608011132417,0.23341980163829812,-0.15242811285254404,-0.23387655689697961,0.8208815632113725,0.9017666095476994,0.924383738769264,0.9125992948875146,0.7875086117189832,0.6270663580473897,0.6510085884413649,0.6144323257845712,0.9329395892734192,0.8574857880492202,0.24398155519498727],[0.9999999999999973,1.0,0.9999999999999974,0.9949171877268889,0.9949171877268889,0.96964202627379,0.96964202627379,0.9133340818264576,0.9133340818264576,0.7655825507578745,0.9949326754320706,0.7105196109522968,0.9901089579555813,0.9906813830954503,0.9950469540217055,0.9761837933187174,0.9992312270374256,0.9097437293231777,0.9097437293231777,0.7915202497100021,0.03202683432913572,0.9723934464099528,0.0018842224735620367,-0.1453027996391683,-0.23359818129905882,0.6644275792768383,0.9009898739015825,0.9031494977056951,0.9080547488844504,0.7962104915910667,0.6194418880636613,0.648594189549673,0.6389169342769002,0.9312272753930432,0.727159407204117,0.24142016213902107],[1.0,0.9999999999999974,1.0,0.9949492395070874,0.9949492395070874,0.9701044431634148,0.9701044431634148,0.9125844886572747,0.9125844886572747,0.7639594376069487,0.9949393732988984,0.7101993663619769,0.9904064901880134,0.9911278003089675,0.9950414038490637,0.9765888634664545,0.9992309718036868,0.909876557114358,0.909876557114358,0.7740291730415205,-0.17870151869802667,0.9797608011132417,0.23341980163829812,-0.15242811285254404,-0.23387655689697961,0.8208815632113725,0.9017666095476994,0.924383738769264,0.9125992948875146,0.7875086117189832,0.6270663580473897,0.6510085884413649,0.6144323257845712,0.9329395892734192,0.8574857880492202,0.24398155519498727],[0.9949492395070874,0.9949171877268889,0.9949492395070874,1.0,1.0,0.9572958345929975,0.9572958345929975,0.8953112600917974,0.8953112600917974,0.7266418538742103,0.9996152456498649,0.6718956863506268,0.9923775463681168,0.9906853807124568,0.999565984131629,0.9592415239504416,0.9950632263758183,0.8812530052731301,0.8812530052731301,0.7441001817121117,-0.18658530449031485,0.9920936496825097,0.26223933618509465,-0.18842309414807662,-0.23042839884897812,0.8076829857108957,0.9207141980396494,0.9234199559899644,0.8906359532573283,0.786716859445814,0.6569174649064788,0.6413712039433049,0.5801429682985,0.9192274734149813,0.848894109663003,0.2584248935026123],[0.9949492395070874,0.9949171877268889,0.9949492395070874,1.0,1.0,0.9572958345929975,0.9572958345929975,0.8953112600917974,0.8953112600917974,0.7266418538742103,0.9996152456498649,0.6718956863506268,0.9923775463681168,0.9906853807124568,0.999565984131629,0.9592415239504416,0.9950632263758183,0.8812530052731301,0.8812530052731301,0.7441001817121117,-0.18658530449031485,0.9920936496825097,0.26223933618509465,-0.18842309414807662,-0.23042839884897812,0.8076829857108957,0.9207141980396494,0.9234199559899644,0.8906359532573283,0.786716859445814,0.6569174649064788,0.6413712039433049,0.5801429682985,0.9192274734149813,0.848894109663003,0.2584248935026123],[0.9701044431634148,0.96964202627379,0.9701044431634148,0.9572958345929975,0.9572958345929975,1.0,1.0,0.9361305502757724,0.9361305502757724,0.7522810593774144,0.9561116462281043,0.7305714397938579,0.9645532271573121,0.9618564910986503,0.9561425855237616,0.9990748298458881,0.9764307372258046,0.9157925619317361,0.9157925619317361,0.6526136047295319,-0.12680528638649616,0.9436566661963564,0.36592888017306796,-0.32098870357544124,-0.11690877008448101,0.8844240996016459,0.8575980143684838,0.9388811891250097,0.8949287403327769,0.7555314104018142,0.7819887910814364,0.745764787441609,0.6911965417106446,0.8714840724713296,0.8806841447923751,0.5016331930814736],[0.9701044431634148,0.96964202627379,0.9701044431634148,0.9572958345929975,0.9572958345929975,1.0,1.0,0.9361305502757724,0.9361305502757724,0.7522810593774144,0.9561116462281043,0.7305714397938579,0.9645532271573121,0.9618564910986503,0.9561425855237616,0.9990748298458881,0.9764307372258046,0.9157925619317361,0.9157925619317361,0.6526136047295319,-0.12680528638649616,0.9436566661963564,0.36592888017306796,-0.32098870357544124,-0.11690877008448101,0.8844240996016459,0.8575980143684838,0.9388811891250097,0.8949287403327769,0.7555314104018142,0.7819887910814364,0.745764787441609,0.6911965417106446,0.8714840724713296,0.8806841447923751,0.5016331930814736],[0.9125844886572747,0.9133340818264576,0.9125844886572747,0.8953112600917974,0.8953112600917974,0.9361305502757724,0.9361305502757724,1.0,1.0,0.7102768192229614,0.9361758586987895,0.7207540931608536,0.9276216958813861,0.9221587991506995,0.9363257548050609,0.9387349455011106,0.9465343005958494,0.9698586138488738,0.9698586138488738,0.6059054593028596,-0.011873910804276157,0.8609818398269169,0.5877091811248533,-0.3512632787803688,0.012161090562877454,0.799764214259301,0.7535721868650255,0.8872590732532537,0.8568876662011964,0.7721316742147799,0.886472554422211,0.7909642126778346,0.709363953878103,0.8117584901971704,0.8658380278625725,0.8210374826269172],[0.9125844886572747,0.9133340818264576,0.9125844886572747,0.8953112600917974,0.8953112600917974,0.9361305502757724,0.9361305502757724,1.0,1.0,0.7102768192229614,0.9361758586987895,0.7207540931608536,0.9276216958813861,0.9221587991506995,0.9363257548050609,0.9387349455011106,0.9465343005958494,0.9698586138488738,0.9698586138488738,0.6059054593028596,-0.011873910804276157,0.8609818398269169,0.5877091811248533,-0.3512632787803688,0.012161090562877454,0.799764214259301,0.7535721868650255,0.8872590732532537,0.8568876662011964,0.7721316742147799,0.886472554422211,0.7909642126778346,0.709363953878103,0.8117584901971704,0.8658380278625725,0.8210374826269172],[0.7639594376069487,0.7655825507578745,0.7639594376069487,0.7266418538742103,0.7266418538742103,0.7522810593774144,0.7522810593774144,0.7102768192229614,0.7102768192229614,1.0,0.5918226634594849,0.9999696939217614,0.48921054601878233,0.3829621598436402,0.5939810408716781,0.7382520604275578,0.6580292178372772,0.7984196340911671,0.7984196340911671,0.6879520721376718,-0.0976878840712029,0.694701759845023,0.035570440902173726,0.049663365479677236,-0.24288587435592585,0.7676376820484214,0.46036884492236313,0.7273211964271553,0.8040808930952776,0.6734164581990049,0.3337677647673703,0.5237731735299779,0.5623915724051944,0.7733873626836925,0.6228608516523163,0.1685563869734365],[0.9949393732988984,0.9949326754320706,0.9949393732988984,0.9996152456498649,0.9996152456498649,0.9561116462281043,0.9561116462281043,0.9361758586987895,0.9361758586987895,0.5918226634594849,1.0,0.5916812919318124,0.9918281164689254,0.9904308925386973,0.9999385107470551,0.954564533239552,0.9944735907817752,0.8904554004218059,0.8904554004218059,0.8505552542185968,-0.05648922571422154,0.996940741336967,0.9051920705859094,-0.5362709127180657,0.428325543068745,0.8146448677686003,0.8940249458535814,0.9365101256765274,0.8806481346244377,0.813013265121603,0.9321111557529663,0.8558458439271989,0.737597772710797,0.9017214349381503,0.9511834638700127,0.8142739216203202],[0.7101993663619769,0.7105196109522968,0.7101993663619769,0.6718956863506268,0.6718956863506268,0.7305714397938579,0.7305714397938579,0.7207540931608536,0.7207540931608536,0.9999696939217614,0.5916812919318124,1.0,0.48740932041033613,0.38069910159355774,0.5926073652005018,0.7273689595099325,0.6567244623923593,0.7921377187457729,0.7921377187457729,0.6425332311571763,0.03247433031502271,0.6420025878250175,0.3963797691793557,-0.16307885472767808,-0.23197297215668972,0.7935628605211691,0.3589773775486424,0.6948706073204385,0.7733245306361426,0.6931704398312033,0.5255977181516365,0.688716528941906,0.6777522402005144,0.7248265082454259,0.6000814860072546,0.6328350262475575],[0.9904064901880134,0.9901089579555813,0.9904064901880134,0.9923775463681168,0.9923775463681168,0.9645532271573121,0.9645532271573121,0.9276216958813861,0.9276216958813861,0.48921054601878233,0.9918281164689254,0.48740932041033613,1.0,0.9998305744647097,0.9917364713503416,0.9588547028336203,0.9890244283227239,0.864307548739847,0.864307548739847,0.8287054652415528,-0.041506511137813264,0.99138364839417,0.9163197650880427,-0.6648213753900509,0.5041171457396959,0.7752730292782382,0.9147438778969887,0.9331621288934933,0.851804422744108,0.7508347395276879,0.9322395512743541,0.8211634680262768,0.69303540466372,0.8780484396674159,0.9559359295785338,0.8386391414368974],[0.9911278003089675,0.9906813830954503,0.9911278003089675,0.9906853807124568,0.9906853807124568,0.9618564910986503,0.9618564910986503,0.9221587991506995,0.9221587991506995,0.3829621598436402,0.9904308925386973,0.38069910159355774,0.9998305744647097,1.0,0.9904871248879343,0.955330293303467,0.9891043985025392,0.8478844046953107,0.8478844046953107,0.851266956551096,-0.16335752647341395,0.9887551281017971,0.9199276260479674,-0.8100513824239147,0.5398096409113973,0.7263355627857093,0.9213409506709647,0.9250152280210238,0.8326629302288902,0.6962946358442899,0.9384941692915552,0.8142673956822534,0.6270273890155899,0.8943862576732637,0.9569362156727211,0.819161182672281],[0.9950414038490637,0.9950469540217055,0.9950414038490637,0.999565984131629,0.999565984131629,0.9561425855237616,0.9561425855237616,0.9363257548050609,0.9363257548050609,0.5939810408716781,0.9999385107470551,0.5926073652005018,0.9917364713503416,0.9904871248879343,1.0,0.954800435715333,0.9945990758352211,0.8910891258198145,0.8910891258198145,0.8516105359058764,-0.05690288184157221,0.9967912883994187,0.9047158334047305,-0.533629888274283,0.4312228074638061,0.8152924411897098,0.8925431407589521,0.9361938013130799,0.8809323930610974,0.8141017856613911,0.9317733137647815,0.8567761496053321,0.7383550545759535,0.9016032206757035,0.9513800350531555,0.8154170556592387],[0.9765888634664545,0.9761837933187174,0.9765888634664545,0.9592415239504416,0.9592415239504416,0.9990748298458881,0.9990748298458881,0.9387349455011106,0.9387349455011106,0.7382520604275578,0.954564533239552,0.7273689595099325,0.9588547028336203,0.955330293303467,0.954800435715333,1.0,0.976465307199635,0.9168331697659021,0.9168331697659021,0.7028505744302733,-0.11875718683547061,0.9484019819786523,0.6892481915889905,-0.45353467146811294,-0.1482700379413008,0.8960492050017843,0.8453728816750455,0.9367826083186942,0.9007390649574812,0.7915064752711123,0.8756143982552238,0.791781043697353,0.7443621888755223,0.8928152459699207,0.8806996928989349,0.8136507165174881],[0.9992309718036868,0.9992312270374256,0.9992309718036868,0.9950632263758183,0.9950632263758183,0.9764307372258046,0.9764307372258046,0.9465343005958494,0.9465343005958494,0.6580292178372772,0.9944735907817752,0.6567244623923593,0.9890244283227239,0.9891043985025392,0.9945990758352211,0.976465307199635,1.0,0.9195437726364597,0.9195437726364597,0.8635624704434561,-0.04001564399393862,0.988190475234258,0.8783717373303181,-0.5186042660709451,0.4408864658427274,0.8613180747591607,0.8795199976891686,0.9488006167311948,0.9134002228115051,0.8344999914206721,0.920825127867681,0.8893013584653673,0.7844887538007869,0.9166612790184574,0.9597452989028458,0.8598018173038617],[0.909876557114358,0.9097437293231777,0.909876557114358,0.8812530052731301,0.8812530052731301,0.9157925619317361,0.9157925619317361,0.9698586138488738,0.9698586138488738,0.7984196340911671,0.8904554004218059,0.7921377187457729,0.864307548739847,0.8478844046953107,0.8910891258198145,0.9168331697659021,0.9195437726364597,1.0,1.0,0.75291608126504,-0.06280313091930123,0.8456195353966283,0.5816978636127711,-0.23396271097827748,-0.196822690099108,0.8363631101376233,0.6987980603307309,0.8442847150478152,0.9203742401463021,0.8472107067042042,0.7994538739987757,0.7682840848711956,0.7078090905916994,0.8543351428076609,0.7881246113156803,0.8586652309853876],[0.909876557114358,0.9097437293231777,0.909876557114358,0.8812530052731301,0.8812530052731301,0.9157925619317361,0.9157925619317361,0.9698586138488738,0.9698586138488738,0.7984196340911671,0.8904554004218059,0.7921377187457729,0.864307548739847,0.8478844046953107,0.8910891258198145,0.9168331697659021,0.9195437726364597,1.0,1.0,0.75291608126504,-0.06280313091930123,0.8456195353966283,0.5816978636127711,-0.23396271097827748,-0.196822690099108,0.8363631101376233,0.6987980603307309,0.8442847150478152,0.9203742401463021,0.8472107067042042,0.7994538739987757,0.7682840848711956,0.7078090905916994,0.8543351428076609,0.7881246113156803,0.8586652309853876],[0.7740291730415205,0.7915202497100021,0.7740291730415205,0.7441001817121117,0.7441001817121117,0.6526136047295319,0.6526136047295319,0.6059054593028596,0.6059054593028596,0.6879520721376718,0.8505552542185968,0.6425332311571763,0.8287054652415528,0.851266956551096,0.8516105359058764,0.7028505744302733,0.8635624704434561,0.75291608126504,0.75291608126504,1.0,0.019600743182725422,0.7047341455439333,-0.32104916090054325,0.2838908715987108,-0.6480655313145552,0.3769565473723075,0.6552752346048716,0.5289698125461721,0.8410066254465669,0.7047340304930028,0.16538408608720137,0.33303272565964304,0.5723392157703006,0.787321331533423,0.4998291525719624,-0.11623378802215607],[-0.17870151869802667,0.03202683432913572,-0.17870151869802667,-0.18658530449031485,-0.18658530449031485,-0.12680528638649616,-0.12680528638649616,-0.011873910804276157,-0.011873910804276157,-0.0976878840712029,-0.05648922571422154,0.03247433031502271,-0.041506511137813264,-0.16335752647341395,-0.05690288184157221,-0.11875718683547061,-0.04001564399393862,-0.06280313091930123,-0.06280313091930123,0.019600743182725422,1.0,-0.12267166755282428,0.08821325247715049,0.1733891577065884,0.7432036732309067,-0.10709410704602702,-0.08568592790110782,-0.04499390762975308,0.14041979387602305,-0.023959324797473425,0.0002527799814321371,0.2976690060686869,0.5550112870873952,-0.1460954332667827,0.07382531059735169,0.13431063507143154],[0.9797608011132417,0.9723934464099528,0.9797608011132417,0.9920936496825097,0.9920936496825097,0.9436566661963564,0.9436566661963564,0.8609818398269169,0.8609818398269169,0.694701759845023,0.996940741336967,0.6420025878250175,0.99138364839417,0.9887551281017971,0.9967912883994187,0.9484019819786523,0.988190475234258,0.8456195353966283,0.8456195353966283,0.7047341455439333,-0.12267166755282428,1.0,0.16991653389659964,-0.2402387238617836,-0.27238537163129617,0.6761219952999534,0.9264018751337921,0.9075202901155547,0.83431047171023,0.7542269947444434,0.6598038207977127,0.6094178776679103,0.5122501914947666,0.8971618352937748,0.7087759426511322,0.24279725429217447],[0.23341980163829812,0.0018842224735620367,0.23341980163829812,0.26223933618509465,0.26223933618509465,0.36592888017306796,0.36592888017306796,0.5877091811248533,0.5877091811248533,0.035570440902173726,0.9051920705859094,0.3963797691793557,0.9163197650880427,0.9199276260479674,0.9047158334047305,0.6892481915889905,0.8783717373303181,0.5816978636127711,0.5816978636127711,-0.32104916090054325,0.08821325247715049,0.16991653389659964,1.0,-0.47580108489952144,0.6905459087597525,0.40350737938498094,0.19711239429304214,0.3617160042509893,-0.05315552241312965,0.1235343435545572,0.6221424665976896,0.5018076561420154,0.21326192204926034,0.06669918798115661,0.42550818315100153,0.48866191768446565],[-0.15242811285254404,-0.1453027996391683,-0.15242811285254404,-0.18842309414807662,-0.18842309414807662,-0.32098870357544124,-0.32098870357544124,-0.3512632787803688,-0.3512632787803688,0.049663365479677236,-0.5362709127180657,-0.16307885472767808,-0.6648213753900509,-0.8100513824239147,-0.533629888274283,-0.45353467146811294,-0.5186042660709451,-0.23396271097827748,-0.23396271097827748,0.2838908715987108,0.1733891577065884,-0.2402387238617836,-0.47580108489952144,1.0,-0.02485909348487689,-0.1938523880598402,-0.23981376237821034,-0.33302975930380924,-0.07517717974086885,-0.10718693585156422,-0.5762725647035006,-0.22551796809552296,-0.039457198320427406,-0.08688020173785038,-0.258793216843532,-0.42367751693299865],[-0.23387655689697961,-0.23359818129905882,-0.23387655689697961,-0.23042839884897812,-0.23042839884897812,-0.11690877008448101,-0.11690877008448101,0.012161090562877454,0.012161090562877454,-0.24288587435592585,0.428325543068745,-0.23197297215668972,0.5041171457396959,0.5398096409113973,0.4312228074638061,-0.1482700379413008,0.4408864658427274,-0.196822690099108,-0.196822690099108,-0.6480655313145552,0.7432036732309067,-0.27238537163129617,0.6905459087597525,-0.02485909348487689,1.0,-0.1056370146964963,-0.19766682413056913,-0.0655996718812537,-0.34660417875567884,-0.32359378201777744,0.05867619586611591,0.15551434755624516,0.2603065995393821,-0.3672115992213879,0.10051190291939907,0.08525357477698814],[0.8208815632113725,0.6644275792768383,0.8208815632113725,0.8076829857108957,0.8076829857108957,0.8844240996016459,0.8844240996016459,0.799764214259301,0.799764214259301,0.7676376820484214,0.8146448677686003,0.7935628605211691,0.7752730292782382,0.7263355627857093,0.8152924411897098,0.8960492050017843,0.8613180747591607,0.8363631101376233,0.8363631101376233,0.3769565473723075,-0.10709410704602702,0.6761219952999534,0.40350737938498094,-0.1938523880598402,-0.1056370146964963,1.0,0.5513801588228063,0.8459664653098858,0.5155976157011213,0.6465307138829237,0.583011196618893,0.6728673732149355,0.4334316158777316,0.7219718983537506,0.7183693486407291,0.44201344562214423],[0.9017666095476994,0.9009898739015825,0.9017666095476994,0.9207141980396494,0.9207141980396494,0.8575980143684838,0.8575980143684838,0.7535721868650255,0.7535721868650255,0.46036884492236313,0.8940249458535814,0.3589773775486424,0.9147438778969887,0.9213409506709647,0.8925431407589521,0.8453728816750455,0.8795199976891686,0.6987980603307309,0.6987980603307309,0.6552752346048716,-0.08568592790110782,0.9264018751337921,0.19711239429304214,-0.23981376237821034,-0.19766682413056913,0.5513801588228063,1.0,0.8058900273018452,0.7311280711274569,0.6491776859686887,0.597418385170463,0.5100764508262473,0.46858746379286104,0.8096528173970693,0.6644129992021348,0.19249512722032014],[0.924383738769264,0.9031494977056951,0.924383738769264,0.9234199559899644,0.9234199559899644,0.9388811891250097,0.9388811891250097,0.8872590732532537,0.8872590732532537,0.7273211964271553,0.9365101256765274,0.6948706073204385,0.9331621288934933,0.9250152280210238,0.9361938013130799,0.9367826083186942,0.9488006167311948,0.8442847150478152,0.8442847150478152,0.5289698125461721,-0.04499390762975308,0.9075202901155547,0.3617160042509893,-0.33302975930380924,-0.0655996718812537,0.8459664653098858,0.8058900273018452,1.0,0.7619670308167856,0.6370136820877829,0.6535658189839874,0.623153585103525,0.5324623518692446,0.8341502067017202,0.8550935215928452,0.2676545427809042],[0.9125992948875146,0.9080547488844504,0.9125992948875146,0.8906359532573283,0.8906359532573283,0.8949287403327769,0.8949287403327769,0.8568876662011964,0.8568876662011964,0.8040808930952776,0.8806481346244377,0.7733245306361426,0.851804422744108,0.8326629302288902,0.8809323930610974,0.9007390649574812,0.9134002228115051,0.9203742401463021,0.9203742401463021,0.8410066254465669,0.14041979387602305,0.83431047171023,-0.05315552241312965,-0.07517717974086885,-0.34660417875567884,0.5155976157011213,0.7311280711274569,0.7619670308167856,1.0,0.9108499155795953,0.5736203851924765,0.7020637873759104,0.6696173663761867,0.8838650491958786,0.537108469593949,0.3254913449053939],[0.7875086117189832,0.7962104915910667,0.7875086117189832,0.786716859445814,0.786716859445814,0.7555314104018142,0.7555314104018142,0.7721316742147799,0.7721316742147799,0.6734164581990049,0.813013265121603,0.6931704398312033,0.7508347395276879,0.6962946358442899,0.8141017856613911,0.7915064752711123,0.8344999914206721,0.8472107067042042,0.8472107067042042,0.7047340304930028,-0.023959324797473425,0.7542269947444434,0.1235343435545572,-0.10718693585156422,-0.32359378201777744,0.6465307138829237,0.6491776859686887,0.6370136820877829,0.9108499155795953,1.0,0.609054272482949,0.6860060020760463,0.6143895607383051,0.7480275518730006,0.6143240830867888,0.49439557603501794],[0.6270663580473897,0.6194418880636613,0.6270663580473897,0.6569174649064788,0.6569174649064788,0.7819887910814364,0.7819887910814364,0.886472554422211,0.886472554422211,0.3337677647673703,0.9321111557529663,0.5255977181516365,0.9322395512743541,0.9384941692915552,0.9317733137647815,0.8756143982552238,0.920825127867681,0.7994538739987757,0.7994538739987757,0.16538408608720137,0.0002527799814321371,0.6598038207977127,0.6221424665976896,-0.5762725647035006,0.05867619586611591,0.583011196618893,0.597418385170463,0.6535658189839874,0.5736203851924765,0.609054272482949,1.0,0.7496909191027618,0.38956314961047556,0.553355342508568,0.6448590481673943,0.7553770376183782],[0.6510085884413649,0.648594189549673,0.6510085884413649,0.6413712039433049,0.6413712039433049,0.745764787441609,0.745764787441609,0.7909642126778346,0.7909642126778346,0.5237731735299779,0.8558458439271989,0.688716528941906,0.8211634680262768,0.8142673956822534,0.8567761496053321,0.791781043697353,0.8893013584653673,0.7682840848711956,0.7682840848711956,0.33303272565964304,0.2976690060686869,0.6094178776679103,0.5018076561420154,-0.22551796809552296,0.15551434755624516,0.6728673732149355,0.5100764508262473,0.623153585103525,0.7020637873759104,0.6860060020760463,0.7496909191027618,1.0,0.7792299657963979,0.5272870559033745,0.7384720875874717,0.5657323697703549],[0.6144323257845712,0.6389169342769002,0.6144323257845712,0.5801429682985,0.5801429682985,0.6911965417106446,0.6911965417106446,0.709363953878103,0.709363953878103,0.5623915724051944,0.737597772710797,0.6777522402005144,0.69303540466372,0.6270273890155899,0.7383550545759535,0.7443621888755223,0.7844887538007869,0.7078090905916994,0.7078090905916994,0.5723392157703006,0.5550112870873952,0.5122501914947666,0.21326192204926034,-0.039457198320427406,0.2603065995393821,0.4334316158777316,0.46858746379286104,0.5324623518692446,0.6696173663761867,0.6143895607383051,0.38956314961047556,0.7792299657963979,1.0,0.49922229953580927,0.6584088112323117,0.21575803181885372],[0.9329395892734192,0.9312272753930432,0.9329395892734192,0.9192274734149813,0.9192274734149813,0.8714840724713296,0.8714840724713296,0.8117584901971704,0.8117584901971704,0.7733873626836925,0.9017214349381503,0.7248265082454259,0.8780484396674159,0.8943862576732637,0.9016032206757035,0.8928152459699207,0.9166612790184574,0.8543351428076609,0.8543351428076609,0.787321331533423,-0.1460954332667827,0.8971618352937748,0.06669918798115661,-0.08688020173785038,-0.3672115992213879,0.7219718983537506,0.8096528173970693,0.8341502067017202,0.8838650491958786,0.7480275518730006,0.553355342508568,0.5272870559033745,0.49922229953580927,1.0,0.7593041989380176,0.2158371673503202],[0.8574857880492202,0.727159407204117,0.8574857880492202,0.848894109663003,0.848894109663003,0.8806841447923751,0.8806841447923751,0.8658380278625725,0.8658380278625725,0.6228608516523163,0.9511834638700127,0.6000814860072546,0.9559359295785338,0.9569362156727211,0.9513800350531555,0.8806996928989349,0.9597452989028458,0.7881246113156803,0.7881246113156803,0.4998291525719624,0.07382531059735169,0.7087759426511322,0.42550818315100153,-0.258793216843532,0.10051190291939907,0.7183693486407291,0.6644129992021348,0.8550935215928452,0.537108469593949,0.6143240830867888,0.6448590481673943,0.7384720875874717,0.6584088112323117,0.7593041989380176,1.0,0.2357511637473206],[0.24398155519498727,0.24142016213902107,0.24398155519498727,0.2584248935026123,0.2584248935026123,0.5016331930814736,0.5016331930814736,0.8210374826269172,0.8210374826269172,0.1685563869734365,0.8142739216203202,0.6328350262475575,0.8386391414368974,0.819161182672281,0.8154170556592387,0.8136507165174881,0.8598018173038617,0.8586652309853876,0.8586652309853876,-0.11623378802215607,0.13431063507143154,0.24279725429217447,0.48866191768446565,-0.42367751693299865,0.08525357477698814,0.44201344562214423,0.19249512722032014,0.2676545427809042,0.3254913449053939,0.49439557603501794,0.7553770376183782,0.5657323697703549,0.21575803181885372,0.2158371673503202,0.2357511637473206,1.0]],"x":["^TAIEX       \u81fa\u7063\u52a0\u6b0a\u5831\u916c\u6307\u6578","^TWII        \u81fa\u7063\u52a0\u6b0a\u6307\u6578","^TAIEXx2     \u81fa\u7063\u52a0\u6b0a\u5831\u916c\u6307\u6578_\u65e5\u6b632","^TAI50I      \u81fa\u706350\u5831\u916c\u6307\u6578","^TAI50Ix2    \u81fa\u706350\u5831\u916c\u6307\u6578_\u65e5\u6b632","^TAI100I     \u81fa\u7063\u4e2d\u578b100\u5831\u916c\u6307\u6578","^TAI100Ix2   \u81fa\u7063\u4e2d\u578b100\u5831\u916c\u6307\u6578_\u65e5\u6b632","^TAIDIVIDI   \u81fa\u7063\u9ad8\u80a1\u606f\u5831\u916c\u6307\u6578","^TAIDIVIDIx2 \u81fa\u7063\u9ad8\u80a1\u606f\u5831\u916c\u6307\u6578_\u65e5\u6b632","0050Fund     \u5143\u5927\u53f0\u7063\u5353\u8d8a50\u57fa\u91d1","006208Fund   \u5bcc\u90a6\u53f0\u7063\u91c6\u540950\u57fa\u91d1","0050         \u5143\u5927\u81fa\u706350","00631L       \u5143\u5927\u53f0\u706350\u6b632","00675L       \u5bcc\u90a6\u81fa\u7063\u52a0\u6b0a\u6b632","006208       \u5bcc\u90a6\u53f050","0051         \u5143\u5927\u4e2d\u578b100","006204       \u6c38\u8c50\u81fa\u7063\u52a0\u6b0a","0056         \u5143\u5927\u9ad8\u80a1\u606f","0056         \u5143\u5927\u9ad8\u80a1\u606f_\u80a1\u606f\u4e0d\u6295\u5165","2412         \u4e2d\u83ef\u96fb\u4fe1","2002         \u4e2d\u92fc","2330         \u53f0\u7a4d\u96fb","2317         \u9d3b\u6d77","6505         \u53f0\u5851\u77f3\u5316","3481         \u7fa4\u5275","2303         \u806f\u96fb","2308         \u53f0\u9054\u96fb","2454         \u806f\u767c\u79d1","2886         \u5146\u8c50\u91d1","2884         \u7389\u5c71\u91d1","2891         \u4e2d\u4fe1\u91d1","2892         \u7b2c\u4e00\u91d1","5880         \u5408\u5eab\u91d1","2881         \u5bcc\u90a6\u91d1","2885         \u5143\u5927\u91d1","2887         \u53f0\u65b0\u91d1"],"y":["^TAIEX       \u81fa\u7063\u52a0\u6b0a\u5831\u916c\u6307\u6578","^TWII        \u81fa\u7063\u52a0\u6b0a\u6307\u6578","^TAIEXx2     \u81fa\u7063\u52a0\u6b0a\u5831\u916c\u6307\u6578_\u65e5\u6b632","^TAI50I      \u81fa\u706350\u5831\u916c\u6307\u6578","^TAI50Ix2    \u81fa\u706350\u5831\u916c\u6307\u6578_\u65e5\u6b632","^TAI100I     \u81fa\u7063\u4e2d\u578b100\u5831\u916c\u6307\u6578","^TAI100Ix2   \u81fa\u7063\u4e2d\u578b100\u5831\u916c\u6307\u6578_\u65e5\u6b632","^TAIDIVIDI   \u81fa\u7063\u9ad8\u80a1\u606f\u5831\u916c\u6307\u6578","^TAIDIVIDIx2 \u81fa\u7063\u9ad8\u80a1\u606f\u5831\u916c\u6307\u6578_\u65e5\u6b632","0050Fund     \u5143\u5927\u53f0\u7063\u5353\u8d8a50\u57fa\u91d1","006208Fund   \u5bcc\u90a6\u53f0\u7063\u91c6\u540950\u57fa\u91d1","0050         \u5143\u5927\u81fa\u706350","00631L       \u5143\u5927\u53f0\u706350\u6b632","00675L       \u5bcc\u90a6\u81fa\u7063\u52a0\u6b0a\u6b632","006208       \u5bcc\u90a6\u53f050","0051         \u5143\u5927\u4e2d\u578b100","006204       \u6c38\u8c50\u81fa\u7063\u52a0\u6b0a","0056         \u5143\u5927\u9ad8\u80a1\u606f","0056         \u5143\u5927\u9ad8\u80a1\u606f_\u80a1\u606f\u4e0d\u6295\u5165","2412         \u4e2d\u83ef\u96fb\u4fe1","2002         \u4e2d\u92fc","2330         \u53f0\u7a4d\u96fb","2317         \u9d3b\u6d77","6505         \u53f0\u5851\u77f3\u5316","3481         \u7fa4\u5275","2303         \u806f\u96fb","2308         \u53f0\u9054\u96fb","2454         \u806f\u767c\u79d1","2886         \u5146\u8c50\u91d1","2884         \u7389\u5c71\u91d1","2891         \u4e2d\u4fe1\u91d1","2892         \u7b2c\u4e00\u91d1","5880         \u5408\u5eab\u91d1","2881         \u5bcc\u90a6\u91d1","2885         \u5143\u5927\u91d1","2887         \u53f0\u65b0\u91d1"],"zmin":-1,"zmax":1,"colorbar":{"x":-0.2}}],"layout":{"autotypenumbers":"strict","colorway":["#636efa","#EF553B","#00cc96","#ab63fa","#FFA15A","#19d3f3","#FF6692","#B6E880","#FF97FF","#FECB52"],"font":{"color":"#f2f5fa","family":"Courier New"},"hovermode":"closest","hoverlabel":{"align":"left"},"paper_bgcolor":"rgb(17,17,17)","plot_bgcolor":"rgb(17,17,17)","polar":{"bgcolor":"rgb(17,17,17)","angularaxis":{"gridcolor":"#506784","linecolor":"#506784","ticks":""},"radialaxis":{"gridcolor":"#506784","linecolor":"#506784","ticks":""}},"ternary":{"bgcolor":"rgb(17,17,17)","aaxis":{"gridcolor":"#506784","linecolor":"#506784","ticks":""},"baxis":{"gridcolor":"#506784","linecolor":"#506784","ticks":""},"caxis":{"gridcolor":"#506784","linecolor":"#506784","ticks":""}},"coloraxis":{"colorbar":{"outlinewidth":0,"ticks":""}},"colorscale":{"sequential":[[0.0,"#0d0887"],[0.1111111111111111,"#46039f"],[0.2222222222222222,"#7201a8"],[0.3333333333333333,"#9c179e"],[0.4444444444444444,"#bd3786"],[0.5555555555555556,"#d8576b"],[0.6666666666666666,"#ed7953"],[0.7777777777777778,"#fb9f3a"],[0.8888888888888888,"#fdca26"],[1.0,"#f0f921"]],"sequentialminus":[[0.0,"#0d0887"],[0.1111111111111111,"#46039f"],[0.2222222222222222,"#7201a8"],[0.3333333333333333,"#9c179e"],[0.4444444444444444,"#bd3786"],[0.5555555555555556,"#d8576b"],[0.6666666666666666,"#ed7953"],[0.7777777777777778,"#fb9f3a"],[0.8888888888888888,"#fdca26"],[1.0,"#f0f921"]],"diverging":[[0,"#8e0152"],[0.1,"#c51b7d"],[0.2,"#de77ae"],[0.3,"#f1b6da"],[0.4,"#fde0ef"],[0.5,"#f7f7f7"],[0.6,"#e6f5d0"],[0.7,"#b8e186"],[0.8,"#7fbc41"],[0.9,"#4d9221"],[1,"#276419"]]},"xaxis":{"gridcolor":"rgba(0, 0, 0, 0)","linecolor":"#506784","ticks":"","title":{"standoff":15},"zerolinecolor":"#283442","automargin":true,"zerolinewidth":2,"tickfont":{"family":"Courier New","size":14},"side":"top","tickangle":-90},"yaxis":{"gridcolor":"rgba(0, 0, 0, 0)","linecolor":"#506784","ticks":"","title":{"standoff":15},"zerolinecolor":"#283442","automargin":true,"zerolinewidth":2,"tickfont":{"family":"Courier New"},"side":"right"},"scene":{"xaxis":{"backgroundcolor":"rgb(17,17,17)","gridcolor":"#506784","linecolor":"#506784","showbackground":true,"ticks":"","zerolinecolor":"#C8D4E3","gridwidth":2},"yaxis":{"backgroundcolor":"rgb(17,17,17)","gridcolor":"#506784","linecolor":"#506784","showbackground":true,"ticks":"","zerolinecolor":"#C8D4E3","gridwidth":2},"zaxis":{"backgroundcolor":"rgb(17,17,17)","gridcolor":"#506784","linecolor":"#506784","showbackground":true,"ticks":"","zerolinecolor":"#C8D4E3","gridwidth":2}},"shapedefaults":{"line":{"color":"#f2f5fa"}},"annotationdefaults":{"arrowcolor":"#f2f5fa","arrowhead":0,"arrowwidth":1},"geo":{"bgcolor":"rgb(17,17,17)","landcolor":"rgb(17,17,17)","subunitcolor":"#506784","showland":true,"showlakes":true,"lakecolor":"rgb(17,17,17)"},"title":{"x":0.05,"font":{"family":"Times New Roman"},"y":0.05,"text":"<b>Correlation of Close<b><br><i>2016-09-23 ~ 2026-02-26<i>"},"updatemenudefaults":{"bgcolor":"#506784","borderwidth":0},"sliderdefaults":{"bgcolor":"#C8D4E3","borderwidth":1,"bordercolor":"rgb(17,17,17)","tickwidth":0},"mapbox":{"style":"dark"},"annotations":[{"text":"<b>@zwindr<b>","textangle":0,"opacity":0.5,"font":{"color":"white","size":12},"xref":"paper","yref":"paper","xanchor":"left","yanchor":"bottom","x":1.0,"y":1.0,"showarrow":false}]},"config":{"responsive":true,"toImageButtonOptions":{"filename":"Correlation of Close_2016-09-23~2026-02-26","scale":5}}};Plotly.newPlot("correlationClose",correlationClose.data,correlationClose.layout||{},correlationClose.config);}else{console.log("style display is none => correlationClose");}