var config = { responsive: true }

var correlationClose = {"data": [{"type": "heatmap", "z": [[1.0, 0.9999999999999979, 1.0, 0.9957163993104322, 0.9957163993104322, 0.9580983727535635, 0.9580983727535635, 0.8880432189703716, 0.8880432189703716, 0.9959335016943955, 0.9921055875774437, 0.9918233456234565, 0.9952515906830388, 0.96993284029396, 0.9987857966839072, 0.9287650661257624, 0.8072110505151472, 0.2769913891026535, 0.9774069859828969, 0.8003651083651604, 0.11255145520104329, -0.2777288256396327, 0.7607925392496192, 0.9460981217882471, 0.9171478287871394], [0.9999999999999979, 1.0, 0.9999999999999981, 0.9956472125399055, 0.9956472125399055, 0.9574138776881472, 0.9574138776881472, 0.8895848290778935, 0.8895848290778935, 0.9958937062733757, 0.9918070719289108, 0.9911433180369414, 0.9952006379653737, 0.9690991315385628, 0.9987916844874489, 0.9294157966980283, 0.8154784453683701, 0.4095579836211919, 0.9699721715141364, 0.7722178299343747, 0.11938230767104915, -0.27742834644708037, 0.6555347223009735, 0.9468899162570626, 0.9233489351100423], [1.0, 0.9999999999999981, 1.0, 0.9957163993104322, 0.9957163993104322, 0.9580983727535635, 0.9580983727535635, 0.8880432189703716, 0.8880432189703716, 0.9959335016943955, 0.9921055875774437, 0.9918233456234565, 0.9952515906830388, 0.96993284029396, 0.9987857966839072, 0.9287650661257624, 0.8072110505151472, 0.2769913891026535, 0.9774069859828969, 0.8003651083651604, 0.11255145520104329, -0.2777288256396327, 0.7607925392496192, 0.9460981217882471, 0.9171478287871394], [0.9957163993104322, 0.9956472125399055, 0.9957163993104322, 1.0, 1.0, 0.9446179619806582, 0.9446179619806582, 0.8733135660039747, 0.8733135660039747, 0.9996104054765398, 0.9883554751662363, 0.9844174469830602, 0.9993330083290023, 0.9520671219814731, 0.9946157364993728, 0.91224956583579, 0.7839484358092923, 0.2513912426782759, 0.988584323015909, 0.7929299233125262, 0.08427062944684591, -0.28249881745682465, 0.7708544008268341, 0.9343053635733543, 0.9172794705546257], [0.9957163993104322, 0.9956472125399055, 0.9957163993104322, 1.0, 1.0, 0.9446179619806582, 0.9446179619806582, 0.8733135660039747, 0.8733135660039747, 0.9996104054765398, 0.9883554751662363, 0.9844174469830602, 0.9993330083290023, 0.9520671219814731, 0.9946157364993728, 0.91224956583579, 0.7839484358092923, 0.2513912426782759, 0.988584323015909, 0.7929299233125262, 0.08427062944684591, -0.28249881745682465, 0.7708544008268341, 0.9343053635733543, 0.9172794705546257], [0.9580983727535635, 0.9574138776881472, 0.9580983727535635, 0.9446179619806582, 0.9446179619806582, 1.0, 1.0, 0.9175976581250832, 0.9175976581250832, 0.948376105672437, 0.9756529521386472, 0.974577777994777, 0.9494447586875535, 0.9989526119403329, 0.9704168907853604, 0.9191791657534357, 0.6762336169506452, 0.2121431433397317, 0.9284218097162749, 0.7252654512309569, -0.12046108939029745, -0.12760843605526437, 0.8710691608006689, 0.8994317786373182, 0.9191616973011925], [0.9580983727535635, 0.9574138776881472, 0.9580983727535635, 0.9446179619806582, 0.9446179619806582, 1.0, 1.0, 0.9175976581250832, 0.9175976581250832, 0.948376105672437, 0.9756529521386472, 0.974577777994777, 0.9494447586875535, 0.9989526119403329, 0.9704168907853604, 0.9191791657534357, 0.6762336169506452, 0.2121431433397317, 0.9284218097162749, 0.7252654512309569, -0.12046108939029745, -0.12760843605526437, 0.8710691608006689, 0.8994317786373182, 0.9191616973011925], [0.8880432189703716, 0.8895848290778935, 0.8880432189703716, 0.8733135660039747, 0.8733135660039747, 0.9175976581250832, 0.9175976581250832, 1.0, 1.0, 0.8955405754951231, 0.9435180614717431, 0.9383628663285302, 0.9334319491978148, 0.9185840079276161, 0.934851737085831, 0.9755466230826567, 0.6176002242798148, 0.26011374756906486, 0.8262558697666799, 0.7399921064671385, -0.15333051432978723, 0.02051769143047315, 0.7806444068284553, 0.784552005878432, 0.8493964872922644], [0.8880432189703716, 0.8895848290778935, 0.8880432189703716, 0.8733135660039747, 0.8733135660039747, 0.9175976581250832, 0.9175976581250832, 1.0, 1.0, 0.8955405754951231, 0.9435180614717431, 0.9383628663285302, 0.9334319491978148, 0.9185840079276161, 0.934851737085831, 0.9755466230826567, 0.6176002242798148, 0.26011374756906486, 0.8262558697666799, 0.7399921064671385, -0.15333051432978723, 0.02051769143047315, 0.7806444068284553, 0.784552005878432, 0.8493964872922644], [0.9959335016943955, 0.9958937062733757, 0.9959335016943955, 0.9996104054765398, 0.9996104054765398, 0.948376105672437, 0.948376105672437, 0.8955405754951231, 0.8955405754951231, 1.0, 0.9870495379836394, 0.9832832174606433, 0.9993791581263084, 0.9505111566759195, 0.9944409938605764, 0.9118493291032339, 0.8251576746366548, 0.08383875874313279, 0.991564495199226, 0.78992058451628, -0.17810116804974158, -0.3147152885261003, 0.8862532649603745, 0.9284835079025361, 0.9035529110147681], [0.9921055875774437, 0.9918070719289108, 0.9921055875774437, 0.9883554751662363, 0.9883554751662363, 0.9756529521386472, 0.9756529521386472, 0.9435180614717431, 0.9435180614717431, 0.9870495379836394, 1.0, 0.9996538350662445, 0.9881458141469249, 0.9741715398292399, 0.9888305758921935, 0.9254031399604234, 0.7900256016678114, 0.2734022887564635, 0.9869776225358826, 0.7123567487900215, -0.5632584269976874, 0.23875472082977225, 0.8544918538455722, 0.9293645150395823, 0.9541069577286101], [0.9918233456234565, 0.9911433180369414, 0.9918233456234565, 0.9844174469830602, 0.9844174469830602, 0.974577777994777, 0.974577777994777, 0.9383628663285302, 0.9383628663285302, 0.9832832174606433, 0.9996538350662445, 1.0, 0.9852116782526901, 0.971966175081568, 0.9870670519411918, 0.9140391309712078, 0.8127863022053531, 0.15841826709431217, 0.9817632309671556, 0.7172345927188619, -0.8043919538906141, 0.2825005453403481, 0.8140417028367873, 0.9361070524264935, 0.9519189455386845], [0.9952515906830388, 0.9952006379653737, 0.9952515906830388, 0.9993330083290023, 0.9993330083290023, 0.9494447586875535, 0.9494447586875535, 0.9334319491978148, 0.9334319491978148, 0.9993791581263084, 0.9881458141469249, 0.9852116782526901, 1.0, 0.9509936621015405, 0.9937165060801763, 0.9338017167602489, 0.8266436199558431, 0.2727656731598197, 0.9950849193154369, 0.7542846832504607, -0.34057152994128653, 0.18384291510558684, 0.8774899852880453, 0.9064752427879618, 0.933547706708091], [0.96993284029396, 0.9690991315385628, 0.96993284029396, 0.9520671219814731, 0.9520671219814731, 0.9989526119403329, 0.9989526119403329, 0.9185840079276161, 0.9185840079276161, 0.9505111566759195, 0.9741715398292399, 0.971966175081568, 0.9509936621015405, 1.0, 0.972686941366293, 0.9181740046790172, 0.75010742068939, 0.1794171481438769, 0.9420847726972906, 0.7220512660196405, -0.27150242581017775, -0.20166872272634076, 0.9090660515620241, 0.9194642791859217, 0.9158921631125423], [0.9987857966839072, 0.9987916844874489, 0.9987857966839072, 0.9946157364993728, 0.9946157364993728, 0.9704168907853604, 0.9704168907853604, 0.934851737085831, 0.934851737085831, 0.9944409938605764, 0.9888305758921935, 0.9870670519411918, 0.9937165060801763, 0.972686941366293, 1.0, 0.9458912801811888, 0.8338417130276216, 0.2807662416301803, 0.986804017140766, 0.7401984728170697, -0.3317860241674135, 0.19457712336837052, 0.9068739423020558, 0.9265140019214717, 0.9390384869194444], [0.9287650661257624, 0.9294157966980283, 0.9287650661257624, 0.91224956583579, 0.91224956583579, 0.9191791657534357, 0.9191791657534357, 0.9755466230826567, 0.9755466230826567, 0.9118493291032339, 0.9254031399604234, 0.9140391309712078, 0.9338017167602489, 0.9181740046790172, 0.9458912801811888, 1.0, 0.7649390296669077, 0.21381577533795582, 0.8753863283153913, 0.7163666352140005, -0.060105480728108986, -0.23623429073940136, 0.817602873547815, 0.8388866744949016, 0.8290083518961878], [0.8072110505151472, 0.8154784453683701, 0.8072110505151472, 0.7839484358092923, 0.7839484358092923, 0.6762336169506452, 0.6762336169506452, 0.6176002242798148, 0.6176002242798148, 0.8251576746366548, 0.7900256016678114, 0.8127863022053531, 0.8266436199558431, 0.75010742068939, 0.8338417130276216, 0.7649390296669077, 1.0, 0.5300621193498123, 0.7379705194842867, 0.774924442570116, 0.5037035264715594, -0.5813239495353567, 0.2599010143434241, 0.8274273477317341, 0.6486318250711839], [0.2769913891026535, 0.4095579836211919, 0.2769913891026535, 0.2513912426782759, 0.2513912426782759, 0.2121431433397317, 0.2121431433397317, 0.26011374756906486, 0.26011374756906486, 0.08383875874313279, 0.2734022887564635, 0.15841826709431217, 0.2727656731598197, 0.1794171481438769, 0.2807662416301803, 0.21381577533795582, 0.5300621193498123, 1.0, 0.25852133977109987, 0.5689801630462398, 0.3824958955622431, 0.5539098183963315, 0.026040396491508123, 0.4237363576602469, 0.3941765303559848], [0.9774069859828969, 0.9699721715141364, 0.9774069859828969, 0.988584323015909, 0.988584323015909, 0.9284218097162749, 0.9284218097162749, 0.8262558697666799, 0.8262558697666799, 0.991564495199226, 0.9869776225358826, 0.9817632309671556, 0.9950849193154369, 0.9420847726972906, 0.986804017140766, 0.8753863283153913, 0.7379705194842867, 0.25852133977109987, 1.0, 0.7348465867134871, 0.02592131957195848, -0.3478129024485669, 0.6697219228602544, 0.9171849664480379, 0.9073344852590004], [0.8003651083651604, 0.7722178299343747, 0.8003651083651604, 0.7929299233125262, 0.7929299233125262, 0.7252654512309569, 0.7252654512309569, 0.7399921064671385, 0.7399921064671385, 0.78992058451628, 0.7123567487900215, 0.7172345927188619, 0.7542846832504607, 0.7220512660196405, 0.7401984728170697, 0.7163666352140005, 0.774924442570116, 0.5689801630462398, 0.7348465867134871, 1.0, 0.21816390707105277, -0.04517906247220193, 0.22666255737276916, 0.8264933730280053, 0.7368776968141697], [0.11255145520104329, 0.11938230767104915, 0.11255145520104329, 0.08427062944684591, 0.08427062944684591, -0.12046108939029745, -0.12046108939029745, -0.15333051432978723, -0.15333051432978723, -0.17810116804974158, -0.5632584269976874, -0.8043919538906141, -0.34057152994128653, -0.27150242581017775, -0.3317860241674135, -0.060105480728108986, 0.5037035264715594, 0.3824958955622431, 0.02592131957195848, 0.21816390707105277, 1.0, -0.09105031514559, -0.1585957748384357, 0.1061487682275823, -0.0876508244281376], [-0.2777288256396327, -0.27742834644708037, -0.2777288256396327, -0.28249881745682465, -0.28249881745682465, -0.12760843605526437, -0.12760843605526437, 0.02051769143047315, 0.02051769143047315, -0.3147152885261003, 0.23875472082977225, 0.2825005453403481, 0.18384291510558684, -0.20166872272634076, 0.19457712336837052, -0.23623429073940136, -0.5813239495353567, 0.5539098183963315, -0.3478129024485669, -0.04517906247220193, -0.09105031514559, 1.0, -0.060765522356428486, -0.3461563151160911, -0.07579321329911974], [0.7607925392496192, 0.6555347223009735, 0.7607925392496192, 0.7708544008268341, 0.7708544008268341, 0.8710691608006689, 0.8710691608006689, 0.7806444068284553, 0.7806444068284553, 0.8862532649603745, 0.8544918538455722, 0.8140417028367873, 0.8774899852880453, 0.9090660515620241, 0.9068739423020558, 0.817602873547815, 0.2599010143434241, 0.026040396491508123, 0.6697219228602544, 0.22666255737276916, -0.1585957748384357, -0.060765522356428486, 1.0, 0.5307750781989767, 0.7304641552646594], [0.9460981217882471, 0.9468899162570626, 0.9460981217882471, 0.9343053635733543, 0.9343053635733543, 0.8994317786373182, 0.8994317786373182, 0.784552005878432, 0.784552005878432, 0.9284835079025361, 0.9293645150395823, 0.9361070524264935, 0.9064752427879618, 0.9194642791859217, 0.9265140019214717, 0.8388866744949016, 0.8274273477317341, 0.4237363576602469, 0.9171849664480379, 0.8264933730280053, 0.1061487682275823, -0.3461563151160911, 0.5307750781989767, 1.0, 0.8795740537572586], [0.9171478287871394, 0.9233489351100423, 0.9171478287871394, 0.9172794705546257, 0.9172794705546257, 0.9191616973011925, 0.9191616973011925, 0.8493964872922644, 0.8493964872922644, 0.9035529110147681, 0.9541069577286101, 0.9519189455386845, 0.933547706708091, 0.9158921631125423, 0.9390384869194444, 0.8290083518961878, 0.6486318250711839, 0.3941765303559848, 0.9073344852590004, 0.7368776968141697, -0.0876508244281376, -0.07579321329911974, 0.7304641552646594, 0.8795740537572586, 1.0]], "x": ["^TAIEX       \u81fa\u7063\u52a0\u6b0a\u5831\u916c\u6307\u6578", "^TWII        \u81fa\u7063\u52a0\u6b0a\u6307\u6578", "^TAIEXx2     \u81fa\u7063\u52a0\u6b0a\u5831\u916c\u6307\u6578_\u65e5\u6b632", "^TAI50I      \u81fa\u706350\u5831\u916c\u6307\u6578", "^TAI50Ix2    \u81fa\u706350\u5831\u916c\u6307\u6578_\u65e5\u6b632", "^TAI100I     \u81fa\u7063\u4e2d\u578b100\u5831\u916c\u6307\u6578", "^TAI100Ix2   \u81fa\u7063\u4e2d\u578b100\u5831\u916c\u6307\u6578_\u65e5\u6b632", "^TAIDIVIDI   \u81fa\u7063\u9ad8\u80a1\u606f\u5831\u916c\u6307\u6578", "^TAIDIVIDIx2 \u81fa\u7063\u9ad8\u80a1\u606f\u5831\u916c\u6307\u6578_\u65e5\u6b632", "0050         \u5143\u5927\u81fa\u706350", "00631L       \u5143\u5927\u53f0\u706350\u6b632", "00675L       \u5bcc\u90a6\u81fa\u7063\u52a0\u6b0a\u6b632", "006208       \u5bcc\u90a6\u53f050", "0051         \u5143\u5927\u4e2d\u578b100", "006204       \u6c38\u8c50\u81fa\u7063\u52a0\u6b0a", "0056         \u5143\u5927\u9ad8\u80a1\u606f", "2412         \u4e2d\u83ef\u96fb\u4fe1", "2002         \u4e2d\u92fc", "2330         \u53f0\u7a4d\u96fb", "2317         \u9d3b\u6d77", "6505         \u53f0\u5851\u77f3\u5316", "3481         \u7fa4\u5275", "2303         \u806f\u96fb", "2308         \u53f0\u9054\u96fb", "2454         \u806f\u767c\u79d1"], "y": ["^TAIEX       \u81fa\u7063\u52a0\u6b0a\u5831\u916c\u6307\u6578", "^TWII        \u81fa\u7063\u52a0\u6b0a\u6307\u6578", "^TAIEXx2     \u81fa\u7063\u52a0\u6b0a\u5831\u916c\u6307\u6578_\u65e5\u6b632", "^TAI50I      \u81fa\u706350\u5831\u916c\u6307\u6578", "^TAI50Ix2    \u81fa\u706350\u5831\u916c\u6307\u6578_\u65e5\u6b632", "^TAI100I     \u81fa\u7063\u4e2d\u578b100\u5831\u916c\u6307\u6578", "^TAI100Ix2   \u81fa\u7063\u4e2d\u578b100\u5831\u916c\u6307\u6578_\u65e5\u6b632", "^TAIDIVIDI   \u81fa\u7063\u9ad8\u80a1\u606f\u5831\u916c\u6307\u6578", "^TAIDIVIDIx2 \u81fa\u7063\u9ad8\u80a1\u606f\u5831\u916c\u6307\u6578_\u65e5\u6b632", "0050         \u5143\u5927\u81fa\u706350", "00631L       \u5143\u5927\u53f0\u706350\u6b632", "00675L       \u5bcc\u90a6\u81fa\u7063\u52a0\u6b0a\u6b632", "006208       \u5bcc\u90a6\u53f050", "0051         \u5143\u5927\u4e2d\u578b100", "006204       \u6c38\u8c50\u81fa\u7063\u52a0\u6b0a", "0056         \u5143\u5927\u9ad8\u80a1\u606f", "2412         \u4e2d\u83ef\u96fb\u4fe1", "2002         \u4e2d\u92fc", "2330         \u53f0\u7a4d\u96fb", "2317         \u9d3b\u6d77", "6505         \u53f0\u5851\u77f3\u5316", "3481         \u7fa4\u5275", "2303         \u806f\u96fb", "2308         \u53f0\u9054\u96fb", "2454         \u806f\u767c\u79d1"], "zmin": -1, "zmax": 1, "colorbar": {"x": -0.2}}], "layout": {"title": {"text": "<b>Correlation of Close<b><br><i>2016/09/23 ~ 2025/04/30<i>", "y": 0.05, "font": {"family": "Times New Roman"}, "x": 0.05}, "xaxis": {"side": "top", "tickangle": -90, "gridcolor": "rgba(0, 0, 0, 0)", "tickfont": {"family": "Courier New", "size": 14}, "automargin": true}, "yaxis": {"side": "right", "gridcolor": "rgba(0, 0, 0, 0)", "tickfont": {"family": "Courier New"}, "automargin": true}, "height": 600, "font": {"family": "Courier New", "color": "#ffffff"}, "plot_bgcolor": "#000", "paper_bgcolor": "#000"}};

Plotly.newPlot("correlationClose",
    correlationClose.data,
    correlationClose.layout || {},
    config);