var config = { responsive: true }

var correlationClose = {"data": [{"type": "heatmap", "z": [[1.0, 0.9999999999999981, 1.0, 0.9957182297316887, 0.9957182297316887, 0.9583611557911665, 0.9583611557911665, 0.8887329530858131, 0.8887329530858131, 0.9959482594396352, 0.9920906002782238, 0.9917715010906987, 0.9952524211672752, 0.9700790312374041, 0.9987937826198424, 0.9284304025789117, 0.8079512317562829, 0.273955840359272, 0.9774573887084905, 0.8010966477347143, 0.10586158566330924, -0.2783387467169953, 0.7614488514587227, 0.946428675781089, 0.9176820358053231], [0.9999999999999981, 1.0, 0.9999999999999982, 0.9956501494863949, 0.9956501494863949, 0.9576781308074688, 0.9576781308074688, 0.8902510407284825, 0.8902510407284825, 0.9959092795186145, 0.9917992763824534, 0.9911037898312888, 0.9952038076828051, 0.9692543738551094, 0.9987996322244744, 0.9290990163289238, 0.8160937043811293, 0.40749334934820414, 0.9700661772287444, 0.7729673237681045, 0.11283507243335947, -0.27803480488835713, 0.6564361856297146, 0.9472066631037562, 0.9238178888794346], [1.0, 0.9999999999999982, 1.0, 0.9957182297316887, 0.9957182297316887, 0.9583611557911665, 0.9583611557911665, 0.8887329530858131, 0.8887329530858131, 0.9959482594396352, 0.9920906002782238, 0.9917715010906987, 0.9952524211672752, 0.9700790312374041, 0.9987937826198424, 0.9284304025789117, 0.8079512317562829, 0.273955840359272, 0.9774573887084905, 0.8010966477347143, 0.10586158566330924, -0.2783387467169953, 0.7614488514587227, 0.946428675781089, 0.9176820358053231], [0.9957182297316887, 0.9956501494863949, 0.9957182297316887, 1.0, 1.0, 0.9449478990165661, 0.9449478990165661, 0.8740865566674619, 0.8740865566674619, 0.9996114439429491, 0.9882333196873814, 0.9842296561151852, 0.9993375946971034, 0.9522698596438344, 0.9946284744730136, 0.9117607529664682, 0.7847259822973138, 0.24830507426563522, 0.9886428813864964, 0.7936150184181818, 0.07724976763921995, -0.2830575752890132, 0.7713241823916157, 0.9346850041393211, 0.9179377377164147], [0.9957182297316887, 0.9956501494863949, 0.9957182297316887, 1.0, 1.0, 0.9449478990165661, 0.9449478990165661, 0.8740865566674619, 0.8740865566674619, 0.9996114439429491, 0.9882333196873814, 0.9842296561151852, 0.9993375946971034, 0.9522698596438344, 0.9946284744730136, 0.9117607529664682, 0.7847259822973138, 0.24830507426563522, 0.9886428813864964, 0.7936150184181818, 0.07724976763921995, -0.2830575752890132, 0.7713241823916157, 0.9346850041393211, 0.9179377377164147], [0.9583611557911665, 0.9576781308074688, 0.9583611557911665, 0.9449478990165661, 0.9449478990165661, 1.0, 1.0, 0.9180780767655539, 0.9180780767655539, 0.9486779420917487, 0.9757770663253625, 0.9746953559231422, 0.9496801789129972, 0.9989513665405175, 0.9705814582520907, 0.9190009377461684, 0.6778276384993642, 0.20869128336888776, 0.9288014583615395, 0.7264780899534559, -0.12622146890090422, -0.1287068252652941, 0.8712629000612317, 0.9000475670037912, 0.9196081335444861], [0.9583611557911665, 0.9576781308074688, 0.9583611557911665, 0.9449478990165661, 0.9449478990165661, 1.0, 1.0, 0.9180780767655539, 0.9180780767655539, 0.9486779420917487, 0.9757770663253625, 0.9746953559231422, 0.9496801789129972, 0.9989513665405175, 0.9705814582520907, 0.9190009377461684, 0.6778276384993642, 0.20869128336888776, 0.9288014583615395, 0.7264780899534559, -0.12622146890090422, -0.1287068252652941, 0.8712629000612317, 0.9000475670037912, 0.9196081335444861], [0.8887329530858131, 0.8902510407284825, 0.8887329530858131, 0.8740865566674619, 0.8740865566674619, 0.9180780767655539, 0.9180780767655539, 1.0, 1.0, 0.8961970529605515, 0.9438062305870082, 0.9386410916538135, 0.9338730436947309, 0.9190369778391965, 0.9352848233962678, 0.9751405301061654, 0.6196771763521272, 0.2561914966459868, 0.8273428749001737, 0.7411520414237682, -0.1599857009521415, 0.01900938081896428, 0.7812722202307747, 0.7858542028216335, 0.8503060192255939], [0.8887329530858131, 0.8902510407284825, 0.8887329530858131, 0.8740865566674619, 0.8740865566674619, 0.9180780767655539, 0.9180780767655539, 1.0, 1.0, 0.8961970529605515, 0.9438062305870082, 0.9386410916538135, 0.9338730436947309, 0.9190369778391965, 0.9352848233962678, 0.9751405301061654, 0.6196771763521272, 0.2561914966459868, 0.8273428749001737, 0.7411520414237682, -0.1599857009521415, 0.01900938081896428, 0.7812722202307747, 0.7858542028216335, 0.8503060192255939], [0.9959482594396352, 0.9959092795186145, 0.9959482594396352, 0.9996114439429491, 0.9996114439429491, 0.9486779420917487, 0.9486779420917487, 0.8961970529605515, 0.8961970529605515, 1.0, 0.986976083665177, 0.9831510238854245, 0.999381530370229, 0.9507460643879722, 0.9944673317385082, 0.9114521540351549, 0.8262390385365158, 0.08013428688740025, 0.9915882081547505, 0.7908927882909563, -0.18556741767172696, -0.31531110562258724, 0.8862289928060534, 0.9289721443337431, 0.904319951257211], [0.9920906002782238, 0.9917992763824534, 0.9920906002782238, 0.9882333196873814, 0.9882333196873814, 0.9757770663253625, 0.9757770663253625, 0.9438062305870082, 0.9438062305870082, 0.986976083665177, 1.0, 0.99965542816297, 0.9880213488585534, 0.9742936984046268, 0.9888378228320973, 0.9251535720922118, 0.7911746886180576, 0.2694662567533847, 0.9866750065676683, 0.7135899077180098, -0.5663547135059736, 0.23636357706528424, 0.8545850697216993, 0.9297189046866492, 0.9541724029435966], [0.9917715010906987, 0.9911037898312888, 0.9917715010906987, 0.9842296561151852, 0.9842296561151852, 0.9746953559231422, 0.9746953559231422, 0.9386410916538135, 0.9386410916538135, 0.9831510238854245, 0.99965542816297, 1.0, 0.9850047449527611, 0.9720867337714528, 0.9870463454762679, 0.913666343137955, 0.8132262256995902, 0.15417997284074736, 0.9813495949476929, 0.7183295353075283, -0.8043838323353846, 0.2800522710407851, 0.8140950754575417, 0.936385931030734, 0.9519384985959081], [0.9952524211672752, 0.9952038076828051, 0.9952524211672752, 0.9993375946971034, 0.9993375946971034, 0.9496801789129972, 0.9496801789129972, 0.9338730436947309, 0.9338730436947309, 0.999381530370229, 0.9880213488585534, 0.9850047449527611, 1.0, 0.9511371658805299, 0.9937333614927626, 0.9330826307110401, 0.8280717990983805, 0.26767352836376845, 0.9950967382369662, 0.7554290781379824, -0.3473072006941921, 0.18085829167928946, 0.8772008123590423, 0.9071718495197018, 0.9341121453703108], [0.9700790312374041, 0.9692543738551094, 0.9700790312374041, 0.9522698596438344, 0.9522698596438344, 0.9989513665405175, 0.9989513665405175, 0.9190369778391965, 0.9190369778391965, 0.9507460643879722, 0.9742936984046268, 0.9720867337714528, 0.9511371658805299, 1.0, 0.9727961226293903, 0.9181081078074088, 0.7514907932988794, 0.17597460863416253, 0.9422507011031952, 0.7233385898695347, -0.27700859725844496, -0.20265140729642034, 0.9092018612928526, 0.9199197674186063, 0.9162400042552987], [0.9987937826198424, 0.9987996322244744, 0.9987937826198424, 0.9946284744730136, 0.9946284744730136, 0.9705814582520907, 0.9705814582520907, 0.9352848233962678, 0.9352848233962678, 0.9944673317385082, 0.9888378228320973, 0.9870463454762679, 0.9937333614927626, 0.9727961226293903, 1.0, 0.9454535003615794, 0.8350528422804354, 0.2760636509696985, 0.9867928674059308, 0.7414448660773987, -0.33793008011612485, 0.19184558743052685, 0.9067235343841374, 0.9270149493330012, 0.9394345838740215], [0.9284304025789117, 0.9290990163289238, 0.9284304025789117, 0.9117607529664682, 0.9117607529664682, 0.9190009377461684, 0.9190009377461684, 0.9751405301061654, 0.9751405301061654, 0.9114521540351549, 0.9251535720922118, 0.913666343137955, 0.9330826307110401, 0.9181081078074088, 0.9454535003615794, 1.0, 0.765441216738289, 0.21165405413048255, 0.8748356685724176, 0.717099460141708, -0.06457331103402807, -0.23691764180956557, 0.8180297716001874, 0.8389816370382522, 0.8286981596829117], [0.8079512317562829, 0.8160937043811293, 0.8079512317562829, 0.7847259822973138, 0.7847259822973138, 0.6778276384993642, 0.6778276384993642, 0.6196771763521272, 0.6196771763521272, 0.8262390385365158, 0.7911746886180576, 0.8132262256995902, 0.8280717990983805, 0.7514907932988794, 0.8350528422804354, 0.765441216738289, 1.0, 0.5285465771565566, 0.7388058180923771, 0.7756372933439706, 0.49698124575457914, -0.581101955884863, 0.2619330836714186, 0.8280023366154035, 0.6500343647975227], [0.273955840359272, 0.40749334934820414, 0.273955840359272, 0.24830507426563522, 0.24830507426563522, 0.20869128336888776, 0.20869128336888776, 0.2561914966459868, 0.2561914966459868, 0.08013428688740025, 0.2694662567533847, 0.15417997284074736, 0.26767352836376845, 0.17597460863416253, 0.2760636509696985, 0.21165405413048255, 0.5285465771565566, 1.0, 0.25646725583703056, 0.5675725549703922, 0.3835094706978262, 0.5541419825623127, 0.02560477908347421, 0.42180501098957096, 0.39103436184135426], [0.9774573887084905, 0.9700661772287444, 0.9774573887084905, 0.9886428813864964, 0.9886428813864964, 0.9288014583615395, 0.9288014583615395, 0.8273428749001737, 0.8273428749001737, 0.9915882081547505, 0.9866750065676683, 0.9813495949476929, 0.9950967382369662, 0.9422507011031952, 0.9867928674059308, 0.8748356685724176, 0.7388058180923771, 0.25646725583703056, 1.0, 0.7356726540898076, 0.018901330417661427, -0.34799861446058117, 0.6703361489902936, 0.9176116649587499, 0.9081744662208593], [0.8010966477347143, 0.7729673237681045, 0.8010966477347143, 0.7936150184181818, 0.7936150184181818, 0.7264780899534559, 0.7264780899534559, 0.7411520414237682, 0.7411520414237682, 0.7908927882909563, 0.7135899077180098, 0.7183295353075283, 0.7554290781379824, 0.7233385898695347, 0.7414448660773987, 0.717099460141708, 0.7756372933439706, 0.5675725549703922, 0.7356726540898076, 1.0, 0.2129274251119744, -0.046311197485418246, 0.22863714084522216, 0.8270573121987856, 0.7377606995917015], [0.10586158566330924, 0.11283507243335947, 0.10586158566330924, 0.07724976763921995, 0.07724976763921995, -0.12622146890090422, -0.12622146890090422, -0.1599857009521415, -0.1599857009521415, -0.18556741767172696, -0.5663547135059736, -0.8043838323353846, -0.3473072006941921, -0.27700859725844496, -0.33793008011612485, -0.06457331103402807, 0.49698124575457914, 0.3835094706978262, 0.018901330417661427, 0.2129274251119744, 1.0, -0.08859549784662654, -0.16159370964376857, 0.09997094915395968, -0.09386986123396147], [-0.2783387467169953, -0.27803480488835713, -0.2783387467169953, -0.2830575752890132, -0.2830575752890132, -0.1287068252652941, -0.1287068252652941, 0.01900938081896428, 0.01900938081896428, -0.31531110562258724, 0.23636357706528424, 0.2800522710407851, 0.18085829167928946, -0.20265140729642034, 0.19184558743052685, -0.23691764180956557, -0.581101955884863, 0.5541419825623127, -0.34799861446058117, -0.046311197485418246, -0.08859549784662654, 1.0, -0.06167797581433456, -0.3465218840125624, -0.07731062132693528], [0.7614488514587227, 0.6564361856297146, 0.7614488514587227, 0.7713241823916157, 0.7713241823916157, 0.8712629000612317, 0.8712629000612317, 0.7812722202307747, 0.7812722202307747, 0.8862289928060534, 0.8545850697216993, 0.8140950754575417, 0.8772008123590423, 0.9092018612928526, 0.9067235343841374, 0.8180297716001874, 0.2619330836714186, 0.02560477908347421, 0.6703361489902936, 0.22863714084522216, -0.16159370964376857, -0.06167797581433456, 1.0, 0.5321739520340063, 0.7309629696087161], [0.946428675781089, 0.9472066631037562, 0.946428675781089, 0.9346850041393211, 0.9346850041393211, 0.9000475670037912, 0.9000475670037912, 0.7858542028216335, 0.7858542028216335, 0.9289721443337431, 0.9297189046866492, 0.936385931030734, 0.9071718495197018, 0.9199197674186063, 0.9270149493330012, 0.8389816370382522, 0.8280023366154035, 0.42180501098957096, 0.9176116649587499, 0.8270573121987856, 0.09997094915395968, -0.3465218840125624, 0.5321739520340063, 1.0, 0.8802969504274769], [0.9176820358053231, 0.9238178888794346, 0.9176820358053231, 0.9179377377164147, 0.9179377377164147, 0.9196081335444861, 0.9196081335444861, 0.8503060192255939, 0.8503060192255939, 0.904319951257211, 0.9541724029435966, 0.9519384985959081, 0.9341121453703108, 0.9162400042552987, 0.9394345838740215, 0.8286981596829117, 0.6500343647975227, 0.39103436184135426, 0.9081744662208593, 0.7377606995917015, -0.09386986123396147, -0.07731062132693528, 0.7309629696087161, 0.8802969504274769, 1.0]], "x": ["^TAIEX       \u81fa\u7063\u52a0\u6b0a\u5831\u916c\u6307\u6578", "^TWII        \u81fa\u7063\u52a0\u6b0a\u6307\u6578", "^TAIEXx2     \u81fa\u7063\u52a0\u6b0a\u5831\u916c\u6307\u6578_\u65e5\u6b632", "^TAI50I      \u81fa\u706350\u5831\u916c\u6307\u6578", "^TAI50Ix2    \u81fa\u706350\u5831\u916c\u6307\u6578_\u65e5\u6b632", "^TAI100I     \u81fa\u7063\u4e2d\u578b100\u5831\u916c\u6307\u6578", "^TAI100Ix2   \u81fa\u7063\u4e2d\u578b100\u5831\u916c\u6307\u6578_\u65e5\u6b632", "^TAIDIVIDI   \u81fa\u7063\u9ad8\u80a1\u606f\u5831\u916c\u6307\u6578", "^TAIDIVIDIx2 \u81fa\u7063\u9ad8\u80a1\u606f\u5831\u916c\u6307\u6578_\u65e5\u6b632", "0050         \u5143\u5927\u81fa\u706350", "00631L       \u5143\u5927\u53f0\u706350\u6b632", "00675L       \u5bcc\u90a6\u81fa\u7063\u52a0\u6b0a\u6b632", "006208       \u5bcc\u90a6\u53f050", "0051         \u5143\u5927\u4e2d\u578b100", "006204       \u6c38\u8c50\u81fa\u7063\u52a0\u6b0a", "0056         \u5143\u5927\u9ad8\u80a1\u606f", "2412         \u4e2d\u83ef\u96fb\u4fe1", "2002         \u4e2d\u92fc", "2330         \u53f0\u7a4d\u96fb", "2317         \u9d3b\u6d77", "6505         \u53f0\u5851\u77f3\u5316", "3481         \u7fa4\u5275", "2303         \u806f\u96fb", "2308         \u53f0\u9054\u96fb", "2454         \u806f\u767c\u79d1"], "y": ["^TAIEX       \u81fa\u7063\u52a0\u6b0a\u5831\u916c\u6307\u6578", "^TWII        \u81fa\u7063\u52a0\u6b0a\u6307\u6578", "^TAIEXx2     \u81fa\u7063\u52a0\u6b0a\u5831\u916c\u6307\u6578_\u65e5\u6b632", "^TAI50I      \u81fa\u706350\u5831\u916c\u6307\u6578", "^TAI50Ix2    \u81fa\u706350\u5831\u916c\u6307\u6578_\u65e5\u6b632", "^TAI100I     \u81fa\u7063\u4e2d\u578b100\u5831\u916c\u6307\u6578", "^TAI100Ix2   \u81fa\u7063\u4e2d\u578b100\u5831\u916c\u6307\u6578_\u65e5\u6b632", "^TAIDIVIDI   \u81fa\u7063\u9ad8\u80a1\u606f\u5831\u916c\u6307\u6578", "^TAIDIVIDIx2 \u81fa\u7063\u9ad8\u80a1\u606f\u5831\u916c\u6307\u6578_\u65e5\u6b632", "0050         \u5143\u5927\u81fa\u706350", "00631L       \u5143\u5927\u53f0\u706350\u6b632", "00675L       \u5bcc\u90a6\u81fa\u7063\u52a0\u6b0a\u6b632", "006208       \u5bcc\u90a6\u53f050", "0051         \u5143\u5927\u4e2d\u578b100", "006204       \u6c38\u8c50\u81fa\u7063\u52a0\u6b0a", "0056         \u5143\u5927\u9ad8\u80a1\u606f", "2412         \u4e2d\u83ef\u96fb\u4fe1", "2002         \u4e2d\u92fc", "2330         \u53f0\u7a4d\u96fb", "2317         \u9d3b\u6d77", "6505         \u53f0\u5851\u77f3\u5316", "3481         \u7fa4\u5275", "2303         \u806f\u96fb", "2308         \u53f0\u9054\u96fb", "2454         \u806f\u767c\u79d1"], "zmin": -1, "zmax": 1, "colorbar": {"x": -0.2}}], "layout": {"title": {"text": "<b>Correlation of Close<b><br><i>2016/09/23 ~ 2025/05/09<i>", "y": 0.05, "font": {"family": "Times New Roman"}, "x": 0.05}, "xaxis": {"side": "top", "tickangle": -90, "gridcolor": "rgba(0, 0, 0, 0)", "tickfont": {"family": "Courier New", "size": 14}, "automargin": true}, "yaxis": {"side": "right", "gridcolor": "rgba(0, 0, 0, 0)", "tickfont": {"family": "Courier New"}, "automargin": true}, "height": 600, "font": {"family": "Courier New", "color": "#ffffff"}, "plot_bgcolor": "#000", "paper_bgcolor": "#000"}};

Plotly.newPlot("correlationClose",
    correlationClose.data,
    correlationClose.layout || {},
    config);