var element=document.getElementById("correlationClose");if(element.style.display!='none'){var correlationClose={"data":[{"type":"heatmap","z":[[1.0,0.999999999999998,1.0,0.9956368087998082,0.9956368087998082,0.9793120579694568,0.9793120579694568,0.934498916097482,0.934498916097482,0.659988125008628,0.9964321465048422,0.5918936837979015,0.8960517941895858,0.9847036990852668,0.9964931104339118,0.982037593297117,0.9994511704795458,0.9162434582013972,0.9162434582013972,0.7418833766722762,-0.234848567630068,0.9857588361529213,0.34501121582524563,-0.21230787998176695,-0.13174432749020723,0.8652749575620248,0.8962052931895739,0.9219387405355178,0.871330863645173,0.7672676176961928,0.7395674034312609,0.6571615640236821,0.5629165499744482,0.9238341680843105,0.9034595061081323,0.38279963781336096],[0.999999999999998,1.0,0.9999999999999982,0.9955857017326806,0.9955857017326806,0.9790130771285905,0.9790130771285905,0.9352374799625659,0.9352374799625659,0.6582681466954946,0.9964713196512734,0.5889869486106164,0.8980437094593712,0.9844757954276985,0.9965447235377413,0.9820101983356307,0.9994569808814391,0.9165262110349808,0.9165262110349808,0.7561257748554261,-0.03592379100129749,0.9805725651105315,0.08540591197987246,-0.20770060543251892,-0.1271566894950665,0.7560845743481267,0.8930675062078168,0.908794693270402,0.8678828808175781,0.7729092818664918,0.7365275113651002,0.656339129304434,0.5850124935838001,0.9239076408828435,0.8085235970967362,0.38468681700938123],[1.0,0.9999999999999982,1.0,0.9956368087998082,0.9956368087998082,0.9793120579694568,0.9793120579694568,0.934498916097482,0.934498916097482,0.659988125008628,0.9964321465048422,0.5918936837979015,0.8960517941895858,0.9847036990852668,0.9964931104339118,0.982037593297117,0.9994511704795458,0.9162434582013972,0.9162434582013972,0.7418833766722762,-0.234848567630068,0.9857588361529213,0.34501121582524563,-0.21230787998176695,-0.13174432749020723,0.8652749575620248,0.8962052931895739,0.9219387405355178,0.871330863645173,0.7672676176961928,0.7395674034312609,0.6571615640236821,0.5629165499744482,0.9238341680843105,0.9034595061081323,0.38279963781336096],[0.9956368087998082,0.9955857017326806,0.9956368087998082,1.0,1.0,0.9690933578160102,0.9690933578160102,0.9201849655890535,0.9201849655890535,0.6124615448245845,0.999764017418165,0.5468103980048515,0.9035930281879667,0.9886359188052095,0.9997256213288609,0.9679219625941751,0.9959266526079036,0.8894839892064599,0.8894839892064599,0.7061663923374408,-0.23945473656199726,0.9941468559576295,0.37106590061151107,-0.24223869419928057,-0.12141408831987732,0.8593127448690941,0.9196232132970581,0.9300977399421582,0.8407979102873842,0.7551086045422317,0.7648291634055613,0.6421816679149424,0.5242082603218398,0.9047449254939671,0.8999712873597898,0.3995584992110986],[0.9956368087998082,0.9955857017326806,0.9956368087998082,1.0,1.0,0.9690933578160102,0.9690933578160102,0.9201849655890535,0.9201849655890535,0.6124615448245845,0.999764017418165,0.5468103980048515,0.9035930281879667,0.9886359188052095,0.9997256213288609,0.9679219625941751,0.9959266526079036,0.8894839892064599,0.8894839892064599,0.7061663923374408,-0.23945473656199726,0.9941468559576295,0.37106590061151107,-0.24223869419928057,-0.12141408831987732,0.8593127448690941,0.9196232132970581,0.9300977399421582,0.8407979102873842,0.7551086045422317,0.7648291634055613,0.6421816679149424,0.5242082603218398,0.9047449254939671,0.8999712873597898,0.3995584992110986],[0.9793120579694568,0.9790130771285905,0.9793120579694568,0.9690933578160102,0.9690933578160102,1.0,1.0,0.9520988401660728,0.9520988401660728,0.6487881051376321,0.9677397759581791,0.6181289151076926,0.8694616424896141,0.9511823144020537,0.967713170581401,0.9992390571645918,0.9831828035225951,0.9242602647867759,0.9242602647867759,0.6540950630715543,-0.20181523012169747,0.9609932706477813,0.455266372809842,-0.3617035080511164,-0.04327540254684656,0.9039792156207227,0.8627132940420238,0.9232087881444709,0.8623756287690327,0.747301228160731,0.8509533559224027,0.7382306187729207,0.6292505103762136,0.8806195705389686,0.918603579778099,0.6077689742251252],[0.9793120579694568,0.9790130771285905,0.9793120579694568,0.9690933578160102,0.9690933578160102,1.0,1.0,0.9520988401660728,0.9520988401660728,0.6487881051376321,0.9677397759581791,0.6181289151076926,0.8694616424896141,0.9511823144020537,0.967713170581401,0.9992390571645918,0.9831828035225951,0.9242602647867759,0.9242602647867759,0.6540950630715543,-0.20181523012169747,0.9609932706477813,0.455266372809842,-0.3617035080511164,-0.04327540254684656,0.9039792156207227,0.8627132940420238,0.9232087881444709,0.8623756287690327,0.747301228160731,0.8509533559224027,0.7382306187729207,0.6292505103762136,0.8806195705389686,0.918603579778099,0.6077689742251252],[0.934498916097482,0.9352374799625659,0.934498916097482,0.9201849655890535,0.9201849655890535,0.9520988401660728,0.9520988401660728,1.0,1.0,0.6299743897541951,0.9509270413891264,0.6294325681496938,0.846176621554335,0.9288647998316664,0.950816203878012,0.9539068035542538,0.9602051688387755,0.9720879799981277,0.9720879799981277,0.6230848082256389,-0.09576051179288292,0.8968967014852447,0.6466927664928477,-0.3977133477376611,0.06565547645350162,0.8513704261098898,0.7896221196321743,0.8893901245526747,0.839962287535806,0.765285567012259,0.916798542802128,0.7832325078005882,0.6584545777627959,0.8419770063869007,0.9029112890189139,0.8635149004988515],[0.934498916097482,0.9352374799625659,0.934498916097482,0.9201849655890535,0.9201849655890535,0.9520988401660728,0.9520988401660728,1.0,1.0,0.6299743897541951,0.9509270413891264,0.6294325681496938,0.846176621554335,0.9288647998316664,0.950816203878012,0.9539068035542538,0.9602051688387755,0.9720879799981277,0.9720879799981277,0.6230848082256389,-0.09576051179288292,0.8968967014852447,0.6466927664928477,-0.3977133477376611,0.06565547645350162,0.8513704261098898,0.7896221196321743,0.8893901245526747,0.839962287535806,0.765285567012259,0.916798542802128,0.7832325078005882,0.6584545777627959,0.8419770063869007,0.9029112890189139,0.8635149004988515],[0.659988125008628,0.6582681466954946,0.659988125008628,0.6124615448245845,0.6124615448245845,0.6487881051376321,0.6487881051376321,0.6299743897541951,0.6299743897541951,1.0,0.45169768281529954,0.9999685260206036,0.23938633396061662,0.19365010700871335,0.45437806349669313,0.6402247942805489,0.528393043759163,0.7352510046559525,0.7352510046559525,0.6822379724776639,-0.10538485859040661,0.5927681515994964,0.051691507412885786,0.04062953930329039,-0.23420970634980395,0.6497384524425819,0.31756029541586717,0.5418089760405472,0.7894353584038148,0.6645611178414167,0.31133646873897713,0.5205193998024739,0.5639321432682338,0.7342784635579637,0.5361415730046042,0.17852327565635517],[0.9964321465048422,0.9964713196512734,0.9964321465048422,0.999764017418165,0.999764017418165,0.9677397759581791,0.9677397759581791,0.9509270413891264,0.9509270413891264,0.45169768281529954,1.0,0.4528785654638968,0.903573469350848,0.98819120339016,0.9999585995797058,0.9648250412724011,0.9958298111844743,0.9023501619377663,0.9023501619377663,0.8328812001961314,-0.1805260198936638,0.996956459198156,0.9151807961683467,-0.5394518411561582,0.6833670174434657,0.8682447356789547,0.9130739364608621,0.9419400881861965,0.8241732669109246,0.7752364931950068,0.9553036965116171,0.8105324781997946,0.6380802941854807,0.895411120222051,0.9696325514672788,0.8754626890458799],[0.5918936837979015,0.5889869486106164,0.5918936837979015,0.5468103980048515,0.5468103980048515,0.6181289151076926,0.6181289151076926,0.6294325681496938,0.6294325681496938,0.9999685260206036,0.4528785654638968,1.0,0.23894582739331727,0.19252187888446234,0.4532623762508751,0.6262237039425795,0.5281729763071494,0.7213947202266855,0.7213947202266855,0.6287015512472066,0.02497487513132124,0.5304987976888319,0.36664239207379873,-0.1652788602789224,-0.19391827685668278,0.655796320726023,0.23264046010113254,0.4956008784613271,0.7538524136696947,0.6775907770663,0.4421901910949898,0.6681277417923175,0.6752384280873809,0.6735338394038859,0.4918062785914991,0.5435896919331008],[0.8960517941895858,0.8980437094593712,0.8960517941895858,0.9035930281879667,0.9035930281879667,0.8694616424896141,0.8694616424896141,0.846176621554335,0.846176621554335,0.23938633396061662,0.903573469350848,0.23894582739331727,1.0,0.9998965629955889,0.9045386707638622,0.8655666747721525,0.8956052578233594,0.7780444276505829,0.7780444276505829,0.659504777412957,-0.16229801861967846,0.8960288173096084,0.8306800646066357,-0.6087075475739517,0.7531232806492769,0.7781436368548535,0.8940755505209832,0.8975445928467009,0.6635876230379237,0.6007295835847019,0.8794699914441636,0.6493756342918827,0.45836481818183933,0.7898742471855034,0.8888563049876254,0.8296593147530366],[0.9847036990852668,0.9844757954276985,0.9847036990852668,0.9886359188052095,0.9886359188052095,0.9511823144020537,0.9511823144020537,0.9288647998316664,0.9288647998316664,0.19365010700871335,0.98819120339016,0.19252187888446234,0.9998965629955889,1.0,0.9883471917942731,0.9456106316787524,0.9819858652978832,0.8660709866152837,0.8660709866152837,0.818149159229018,-0.2826875839684768,0.9780635616564102,0.8832374231880199,-0.6837212150772315,0.8039570802039866,0.8368086315863699,0.9575058888700101,0.9577889301118947,0.7268555672033385,0.6509293391808553,0.9444427325214653,0.7329715315937414,0.45956208493075446,0.8584399598671034,0.9655583607977446,0.8851256829683126],[0.9964931104339118,0.9965447235377413,0.9964931104339118,0.9997256213288609,0.9997256213288609,0.967713170581401,0.967713170581401,0.950816203878012,0.950816203878012,0.45437806349669313,0.9999585995797058,0.4532623762508751,0.9045386707638622,0.9883471917942731,1.0,0.9652220293058297,0.9959431792772245,0.9039755307216012,0.9039755307216012,0.8334798691546891,-0.18102930847155882,0.996873452249066,0.9147917933024072,-0.5374545081354798,0.6849554323484689,0.8696035515070831,0.9126421401424282,0.9418951792545154,0.8253392541386354,0.7764077386403085,0.9552644948418327,0.8120522076863347,0.6391741157041518,0.8960830459615303,0.9698590064795908,0.8762580529555816],[0.982037593297117,0.9820101983356307,0.982037593297117,0.9679219625941751,0.9679219625941751,0.9992390571645918,0.9992390571645918,0.9539068035542538,0.9539068035542538,0.6402247942805489,0.9648250412724011,0.6262237039425795,0.8655666747721525,0.9456106316787524,0.9652220293058297,1.0,0.9821588532390133,0.9280221429064761,0.9280221429064761,0.7043972445239873,-0.1948729251297685,0.962843532918284,0.7575840913708384,-0.48602695495481935,0.002479276983348044,0.9119202185995444,0.8507176003708601,0.9168842005290564,0.869603384361892,0.7771121776167058,0.9128463951425991,0.7799962799778837,0.6823452920654064,0.9015701815756976,0.916368114981687,0.8586944806778138],[0.9994511704795458,0.9994569808814391,0.9994511704795458,0.9959266526079036,0.9959266526079036,0.9831828035225951,0.9831828035225951,0.9602051688387755,0.9602051688387755,0.528393043759163,0.9958298111844743,0.5281729763071494,0.8956052578233594,0.9819858652978832,0.9959431792772245,0.9821588532390133,1.0,0.9284910630397776,0.9284910630397776,0.8522873579610435,-0.1621397203002319,0.992047426447225,0.9024713572078165,-0.5355243446579175,0.6652150355846713,0.8948063139359748,0.892061414105372,0.9401964669025329,0.8640198608752824,0.801531283269678,0.9481645564144078,0.8505142101594773,0.6951970500141493,0.912623393015918,0.973794895330974,0.9000723955893174],[0.9162434582013972,0.9165262110349808,0.9162434582013972,0.8894839892064599,0.8894839892064599,0.9242602647867759,0.9242602647867759,0.9720879799981277,0.9720879799981277,0.7352510046559525,0.9023501619377663,0.7213947202266855,0.7780444276505829,0.8660709866152837,0.9039755307216012,0.9280221429064761,0.9284910630397776,1.0,1.0,0.7600069635447168,-0.13212089944771602,0.8676212982474696,0.6613734557371272,-0.294901571393496,-0.06392061623046005,0.8613190410100313,0.714259773081283,0.8328828990950072,0.9100963189510727,0.8425236075518506,0.8386050219854976,0.7774802602740933,0.680451594414825,0.8791819806363013,0.8292743581534965,0.8826801947863584],[0.9162434582013972,0.9165262110349808,0.9162434582013972,0.8894839892064599,0.8894839892064599,0.9242602647867759,0.9242602647867759,0.9720879799981277,0.9720879799981277,0.7352510046559525,0.9023501619377663,0.7213947202266855,0.7780444276505829,0.8660709866152837,0.9039755307216012,0.9280221429064761,0.9284910630397776,1.0,1.0,0.7600069635447168,-0.13212089944771602,0.8676212982474696,0.6613734557371272,-0.294901571393496,-0.06392061623046005,0.8613190410100313,0.714259773081283,0.8328828990950072,0.9100963189510727,0.8425236075518506,0.8386050219854976,0.7774802602740933,0.680451594414825,0.8791819806363013,0.8292743581534965,0.8826801947863584],[0.7418833766722762,0.7561257748554261,0.7418833766722762,0.7061663923374408,0.7061663923374408,0.6540950630715543,0.6540950630715543,0.6230848082256389,0.6230848082256389,0.6822379724776639,0.8328812001961314,0.6287015512472066,0.659504777412957,0.818149159229018,0.8334798691546891,0.7043972445239873,0.8522873579610435,0.7600069635447168,0.7600069635447168,1.0,-0.0054197877227869454,0.6784423448276934,-0.24563222183158484,0.23838611288047828,-0.6022205409709743,0.4094664352767006,0.5473192509153952,0.4954295565858533,0.8479168007727398,0.7193714395437191,0.2500454700444284,0.3679703261826608,0.5794014548170663,0.787932628503214,0.5172575292723655,-0.03297264537533469],[-0.234848567630068,-0.03592379100129749,-0.234848567630068,-0.23945473656199726,-0.23945473656199726,-0.20181523012169747,-0.20181523012169747,-0.09576051179288292,-0.09576051179288292,-0.10538485859040661,-0.1805260198936638,0.02497487513132124,-0.16229801861967846,-0.2826875839684768,-0.18102930847155882,-0.1948729251297685,-0.1621397203002319,-0.13212089944771602,-0.13212089944771602,-0.0054197877227869454,1.0,-0.16324659497132032,0.05767995534902107,0.19594667674562757,0.7105963897884617,-0.14462513292471366,-0.13819267611886274,-0.11721751528207636,0.10711651197764013,-0.05746751179591074,-0.07954779017114377,0.243638134036884,0.5366118449478562,-0.1853371723179562,0.003762326366963896,0.07492226193602405],[0.9857588361529213,0.9805725651105315,0.9857588361529213,0.9941468559576295,0.9941468559576295,0.9609932706477813,0.9609932706477813,0.8968967014852447,0.8968967014852447,0.5927681515994964,0.996956459198156,0.5304987976888319,0.8960288173096084,0.9780635616564102,0.996873452249066,0.962843532918284,0.992047426447225,0.8676212982474696,0.8676212982474696,0.6784423448276934,-0.16324659497132032,1.0,0.2798676649527241,-0.28384748309923985,-0.1568943465733123,0.7636087502994092,0.9172205422279648,0.912318980587838,0.8003049087527889,0.7338421297283249,0.7672082176212424,0.6227302631141932,0.4738206114403477,0.8923244521515933,0.7975743758627694,0.38919332431531384],[0.34501121582524563,0.08540591197987246,0.34501121582524563,0.37106590061151107,0.37106590061151107,0.455266372809842,0.455266372809842,0.6466927664928477,0.6466927664928477,0.051691507412885786,0.9151807961683467,0.36664239207379873,0.8306800646066357,0.8832374231880199,0.9147917933024072,0.7575840913708384,0.9024713572078165,0.6613734557371272,0.6613734557371272,-0.24563222183158484,0.05767995534902107,0.2798676649527241,1.0,-0.4942976214115216,0.6800265969011978,0.4578732004762554,0.3147518485271688,0.4418152274048654,0.01307404143645345,0.18382964401871313,0.6545843394093616,0.5354126842380627,0.23134867376685256,0.1692916012088394,0.4810248742756851,0.5344337340514345],[-0.21230787998176695,-0.20770060543251892,-0.21230787998176695,-0.24223869419928057,-0.24223869419928057,-0.3617035080511164,-0.3617035080511164,-0.3977133477376611,-0.3977133477376611,0.04062953930329039,-0.5394518411561582,-0.1652788602789224,-0.6087075475739517,-0.6837212150772315,-0.5374545081354798,-0.48602695495481935,-0.5355243446579175,-0.294901571393496,-0.294901571393496,0.23838611288047828,0.19594667674562757,-0.28384748309923985,-0.4942976214115216,1.0,-0.042079129659578024,-0.23675300497029925,-0.2663184679155081,-0.32986127068510285,-0.1124295017875492,-0.1416000119291845,-0.5590203119517926,-0.2533170575892648,-0.05546025137876895,-0.13788448091666675,-0.29581282837266126,-0.44083240494555115],[-0.13174432749020723,-0.1271566894950665,-0.13174432749020723,-0.12141408831987732,-0.12141408831987732,-0.04327540254684656,-0.04327540254684656,0.06565547645350162,0.06565547645350162,-0.23420970634980395,0.6833670174434657,-0.19391827685668278,0.7531232806492769,0.8039570802039866,0.6849554323484689,0.002479276983348044,0.6652150355846713,-0.06392061623046005,-0.06392061623046005,-0.6022205409709743,0.7105963897884617,-0.1568943465733123,0.6800265969011978,-0.042079129659578024,1.0,-0.011730580293573403,-0.03469041100608171,0.03886116543099116,-0.3043930183626366,-0.2863623053934387,0.10814847446071622,0.17574443432504921,0.2681014866859072,-0.28819253083343566,0.14327000694914527,0.12861319620325248],[0.8652749575620248,0.7560845743481267,0.8652749575620248,0.8593127448690941,0.8593127448690941,0.9039792156207227,0.9039792156207227,0.8513704261098898,0.8513704261098898,0.6497384524425819,0.8682447356789547,0.655796320726023,0.7781436368548535,0.8368086315863699,0.8696035515070831,0.9119202185995444,0.8948063139359748,0.8613190410100313,0.8613190410100313,0.4094664352767006,-0.14462513292471366,0.7636087502994092,0.4578732004762554,-0.23675300497029925,-0.011730580293573403,1.0,0.6931080251434352,0.8946035652780224,0.5477727497541734,0.636059913256419,0.7084723399939518,0.6629389512190357,0.4115613157381354,0.7609261305366583,0.7940471002717192,0.5404410097386969],[0.8962052931895739,0.8930675062078168,0.8962052931895739,0.9196232132970581,0.9196232132970581,0.8627132940420238,0.8627132940420238,0.7896221196321743,0.7896221196321743,0.31756029541586717,0.9130739364608621,0.23264046010113254,0.8940755505209832,0.9575058888700101,0.9126421401424282,0.8507176003708601,0.892061414105372,0.714259773081283,0.714259773081283,0.5473192509153952,-0.13819267611886274,0.9172205422279648,0.3147518485271688,-0.2663184679155081,-0.03469041100608171,0.6931080251434352,1.0,0.8916224338359351,0.6215019525384997,0.5677991225173055,0.730107680273385,0.488380880669469,0.3618071696813637,0.7472037638856319,0.7583963685054307,0.3792009128770315],[0.9219387405355178,0.908794693270402,0.9219387405355178,0.9300977399421582,0.9300977399421582,0.9232087881444709,0.9232087881444709,0.8893901245526747,0.8893901245526747,0.5418089760405472,0.9419400881861965,0.4956008784613271,0.8975445928467009,0.9577889301118947,0.9418951792545154,0.9168842005290564,0.9401964669025329,0.8328828990950072,0.8328828990950072,0.4954295565858533,-0.11721751528207636,0.912318980587838,0.4418152274048654,-0.32986127068510285,0.03886116543099116,0.8946035652780224,0.8916224338359351,1.0,0.6818491848947282,0.5885148001023114,0.7608879246601442,0.5848409269968006,0.4358387314077125,0.8025325845407525,0.8888693636758931,0.4207277749906284],[0.871330863645173,0.8678828808175781,0.871330863645173,0.8407979102873842,0.8407979102873842,0.8623756287690327,0.8623756287690327,0.839962287535806,0.839962287535806,0.7894353584038148,0.8241732669109246,0.7538524136696947,0.6635876230379237,0.7268555672033385,0.8253392541386354,0.869603384361892,0.8640198608752824,0.9100963189510727,0.9100963189510727,0.8479168007727398,0.10711651197764013,0.8003049087527889,0.01307404143645345,-0.1124295017875492,-0.3043930183626366,0.5477727497541734,0.6215019525384997,0.6818491848947282,1.0,0.9161714270880947,0.6064274643358362,0.721933341700176,0.6711869632233528,0.8862480181051975,0.5744878801703007,0.3866137621943544],[0.7672676176961928,0.7729092818664918,0.7672676176961928,0.7551086045422317,0.7551086045422317,0.747301228160731,0.747301228160731,0.765285567012259,0.765285567012259,0.6645611178414167,0.7752364931950068,0.6775907770663,0.6007295835847019,0.6509293391808553,0.7764077386403085,0.7771121776167058,0.801531283269678,0.8425236075518506,0.8425236075518506,0.7193714395437191,-0.05746751179591074,0.7338421297283249,0.18382964401871313,-0.1416000119291845,-0.2863623053934387,0.636059913256419,0.5677991225173055,0.5885148001023114,0.9161714270880947,1.0,0.6276975878266863,0.705473165163863,0.6190334915631456,0.7612760092538461,0.6255057151467474,0.532844275202662],[0.7395674034312609,0.7365275113651002,0.7395674034312609,0.7648291634055613,0.7648291634055613,0.8509533559224027,0.8509533559224027,0.916798542802128,0.916798542802128,0.31133646873897713,0.9553036965116171,0.4421901910949898,0.8794699914441636,0.9444427325214653,0.9552644948418327,0.9128463951425991,0.9481645564144078,0.8386050219854976,0.8386050219854976,0.2500454700444284,-0.07954779017114377,0.7672082176212424,0.6545843394093616,-0.5590203119517926,0.10814847446071622,0.7084723399939518,0.730107680273385,0.7608879246601442,0.6064274643358362,0.6276975878266863,1.0,0.7439151598585495,0.3835686487199771,0.6399537336380713,0.7577465120833288,0.7836710047497507],[0.6571615640236821,0.656339129304434,0.6571615640236821,0.6421816679149424,0.6421816679149424,0.7382306187729207,0.7382306187729207,0.7832325078005882,0.7832325078005882,0.5205193998024739,0.8105324781997946,0.6681277417923175,0.6493756342918827,0.7329715315937414,0.8120522076863347,0.7799962799778837,0.8505142101594773,0.7774802602740933,0.7774802602740933,0.3679703261826608,0.243638134036884,0.6227302631141932,0.5354126842380627,-0.2533170575892648,0.17574443432504921,0.6629389512190357,0.488380880669469,0.5848409269968006,0.721933341700176,0.705473165163863,0.7439151598585495,1.0,0.7769974257572269,0.5677090513173142,0.7243872507371572,0.6013787681642709],[0.5629165499744482,0.5850124935838001,0.5629165499744482,0.5242082603218398,0.5242082603218398,0.6292505103762136,0.6292505103762136,0.6584545777627959,0.6584545777627959,0.5639321432682338,0.6380802941854807,0.6752384280873809,0.45836481818183933,0.45956208493075446,0.6391741157041518,0.6823452920654064,0.6951970500141493,0.680451594414825,0.680451594414825,0.5794014548170663,0.5366118449478562,0.4738206114403477,0.23134867376685256,-0.05546025137876895,0.2681014866859072,0.4115613157381354,0.3618071696813637,0.4358387314077125,0.6711869632233528,0.6190334915631456,0.3835686487199771,0.7769974257572269,1.0,0.4989902325807484,0.6094308742644202,0.23933565316360164],[0.9238341680843105,0.9239076408828435,0.9238341680843105,0.9047449254939671,0.9047449254939671,0.8806195705389686,0.8806195705389686,0.8419770063869007,0.8419770063869007,0.7342784635579637,0.895411120222051,0.6735338394038859,0.7898742471855034,0.8584399598671034,0.8960830459615303,0.9015701815756976,0.912623393015918,0.8791819806363013,0.8791819806363013,0.787932628503214,-0.1853371723179562,0.8923244521515933,0.1692916012088394,-0.13788448091666675,-0.28819253083343566,0.7609261305366583,0.7472037638856319,0.8025325845407525,0.8862480181051975,0.7612760092538461,0.6399537336380713,0.5677090513173142,0.4989902325807484,1.0,0.7949798729182916,0.32626041930175],[0.9034595061081323,0.8085235970967362,0.9034595061081323,0.8999712873597898,0.8999712873597898,0.918603579778099,0.918603579778099,0.9029112890189139,0.9029112890189139,0.5361415730046042,0.9696325514672788,0.4918062785914991,0.8888563049876254,0.9655583607977446,0.9698590064795908,0.916368114981687,0.973794895330974,0.8292743581534965,0.8292743581534965,0.5172575292723655,0.003762326366963896,0.7975743758627694,0.4810248742756851,-0.29581282837266126,0.14327000694914527,0.7940471002717192,0.7583963685054307,0.8888693636758931,0.5744878801703007,0.6255057151467474,0.7577465120833288,0.7243872507371572,0.6094308742644202,0.7949798729182916,1.0,0.38659270095928183],[0.38279963781336096,0.38468681700938123,0.38279963781336096,0.3995584992110986,0.3995584992110986,0.6077689742251252,0.6077689742251252,0.8635149004988515,0.8635149004988515,0.17852327565635517,0.8754626890458799,0.5435896919331008,0.8296593147530366,0.8851256829683126,0.8762580529555816,0.8586944806778138,0.9000723955893174,0.8826801947863584,0.8826801947863584,-0.03297264537533469,0.07492226193602405,0.38919332431531384,0.5344337340514345,-0.44083240494555115,0.12861319620325248,0.5404410097386969,0.3792009128770315,0.4207277749906284,0.3866137621943544,0.532844275202662,0.7836710047497507,0.6013787681642709,0.23933565316360164,0.32626041930175,0.38659270095928183,1.0]],"x":["^TAIEX       \u81fa\u7063\u52a0\u6b0a\u5831\u916c\u6307\u6578","^TWII        \u81fa\u7063\u52a0\u6b0a\u6307\u6578","^TAIEXx2     \u81fa\u7063\u52a0\u6b0a\u5831\u916c\u6307\u6578_\u65e5\u6b632","^TAI50I      \u81fa\u706350\u5831\u916c\u6307\u6578","^TAI50Ix2    \u81fa\u706350\u5831\u916c\u6307\u6578_\u65e5\u6b632","^TAI100I     \u81fa\u7063\u4e2d\u578b100\u5831\u916c\u6307\u6578","^TAI100Ix2   \u81fa\u7063\u4e2d\u578b100\u5831\u916c\u6307\u6578_\u65e5\u6b632","^TAIDIVIDI   \u81fa\u7063\u9ad8\u80a1\u606f\u5831\u916c\u6307\u6578","^TAIDIVIDIx2 \u81fa\u7063\u9ad8\u80a1\u606f\u5831\u916c\u6307\u6578_\u65e5\u6b632","0050Fund     \u5143\u5927\u53f0\u7063\u5353\u8d8a50\u57fa\u91d1","006208Fund   \u5bcc\u90a6\u53f0\u7063\u91c6\u540950\u57fa\u91d1","0050         \u5143\u5927\u81fa\u706350","00631L       \u5143\u5927\u53f0\u706350\u6b632","00675L       \u5bcc\u90a6\u81fa\u7063\u52a0\u6b0a\u6b632","006208       \u5bcc\u90a6\u53f050","0051         \u5143\u5927\u4e2d\u578b100","006204       \u6c38\u8c50\u81fa\u7063\u52a0\u6b0a","0056         \u5143\u5927\u9ad8\u80a1\u606f","0056         \u5143\u5927\u9ad8\u80a1\u606f_\u80a1\u606f\u4e0d\u6295\u5165","2412         \u4e2d\u83ef\u96fb\u4fe1","2002         \u4e2d\u92fc","2330         \u53f0\u7a4d\u96fb","2317         \u9d3b\u6d77","6505         \u53f0\u5851\u77f3\u5316","3481         \u7fa4\u5275","2303         \u806f\u96fb","2308         \u53f0\u9054\u96fb","2454         \u806f\u767c\u79d1","2886         \u5146\u8c50\u91d1","2884         \u7389\u5c71\u91d1","2891         \u4e2d\u4fe1\u91d1","2892         \u7b2c\u4e00\u91d1","5880         \u5408\u5eab\u91d1","2881         \u5bcc\u90a6\u91d1","2885         \u5143\u5927\u91d1","2887         \u53f0\u65b0\u91d1"],"y":["^TAIEX       \u81fa\u7063\u52a0\u6b0a\u5831\u916c\u6307\u6578","^TWII        \u81fa\u7063\u52a0\u6b0a\u6307\u6578","^TAIEXx2     \u81fa\u7063\u52a0\u6b0a\u5831\u916c\u6307\u6578_\u65e5\u6b632","^TAI50I      \u81fa\u706350\u5831\u916c\u6307\u6578","^TAI50Ix2    \u81fa\u706350\u5831\u916c\u6307\u6578_\u65e5\u6b632","^TAI100I     \u81fa\u7063\u4e2d\u578b100\u5831\u916c\u6307\u6578","^TAI100Ix2   \u81fa\u7063\u4e2d\u578b100\u5831\u916c\u6307\u6578_\u65e5\u6b632","^TAIDIVIDI   \u81fa\u7063\u9ad8\u80a1\u606f\u5831\u916c\u6307\u6578","^TAIDIVIDIx2 \u81fa\u7063\u9ad8\u80a1\u606f\u5831\u916c\u6307\u6578_\u65e5\u6b632","0050Fund     \u5143\u5927\u53f0\u7063\u5353\u8d8a50\u57fa\u91d1","006208Fund   \u5bcc\u90a6\u53f0\u7063\u91c6\u540950\u57fa\u91d1","0050         \u5143\u5927\u81fa\u706350","00631L       \u5143\u5927\u53f0\u706350\u6b632","00675L       \u5bcc\u90a6\u81fa\u7063\u52a0\u6b0a\u6b632","006208       \u5bcc\u90a6\u53f050","0051         \u5143\u5927\u4e2d\u578b100","006204       \u6c38\u8c50\u81fa\u7063\u52a0\u6b0a","0056         \u5143\u5927\u9ad8\u80a1\u606f","0056         \u5143\u5927\u9ad8\u80a1\u606f_\u80a1\u606f\u4e0d\u6295\u5165","2412         \u4e2d\u83ef\u96fb\u4fe1","2002         \u4e2d\u92fc","2330         \u53f0\u7a4d\u96fb","2317         \u9d3b\u6d77","6505         \u53f0\u5851\u77f3\u5316","3481         \u7fa4\u5275","2303         \u806f\u96fb","2308         \u53f0\u9054\u96fb","2454         \u806f\u767c\u79d1","2886         \u5146\u8c50\u91d1","2884         \u7389\u5c71\u91d1","2891         \u4e2d\u4fe1\u91d1","2892         \u7b2c\u4e00\u91d1","5880         \u5408\u5eab\u91d1","2881         \u5bcc\u90a6\u91d1","2885         \u5143\u5927\u91d1","2887         \u53f0\u65b0\u91d1"],"zmin":-1,"zmax":1,"colorbar":{"x":-0.2}}],"layout":{"autotypenumbers":"strict","colorway":["#636efa","#EF553B","#00cc96","#ab63fa","#FFA15A","#19d3f3","#FF6692","#B6E880","#FF97FF","#FECB52"],"font":{"color":"#f2f5fa","family":"Courier New"},"hovermode":"closest","hoverlabel":{"align":"left"},"paper_bgcolor":"rgb(17,17,17)","plot_bgcolor":"rgb(17,17,17)","polar":{"bgcolor":"rgb(17,17,17)","angularaxis":{"gridcolor":"#506784","linecolor":"#506784","ticks":""},"radialaxis":{"gridcolor":"#506784","linecolor":"#506784","ticks":""}},"ternary":{"bgcolor":"rgb(17,17,17)","aaxis":{"gridcolor":"#506784","linecolor":"#506784","ticks":""},"baxis":{"gridcolor":"#506784","linecolor":"#506784","ticks":""},"caxis":{"gridcolor":"#506784","linecolor":"#506784","ticks":""}},"coloraxis":{"colorbar":{"outlinewidth":0,"ticks":""}},"colorscale":{"sequential":[[0.0,"#0d0887"],[0.1111111111111111,"#46039f"],[0.2222222222222222,"#7201a8"],[0.3333333333333333,"#9c179e"],[0.4444444444444444,"#bd3786"],[0.5555555555555556,"#d8576b"],[0.6666666666666666,"#ed7953"],[0.7777777777777778,"#fb9f3a"],[0.8888888888888888,"#fdca26"],[1.0,"#f0f921"]],"sequentialminus":[[0.0,"#0d0887"],[0.1111111111111111,"#46039f"],[0.2222222222222222,"#7201a8"],[0.3333333333333333,"#9c179e"],[0.4444444444444444,"#bd3786"],[0.5555555555555556,"#d8576b"],[0.6666666666666666,"#ed7953"],[0.7777777777777778,"#fb9f3a"],[0.8888888888888888,"#fdca26"],[1.0,"#f0f921"]],"diverging":[[0,"#8e0152"],[0.1,"#c51b7d"],[0.2,"#de77ae"],[0.3,"#f1b6da"],[0.4,"#fde0ef"],[0.5,"#f7f7f7"],[0.6,"#e6f5d0"],[0.7,"#b8e186"],[0.8,"#7fbc41"],[0.9,"#4d9221"],[1,"#276419"]]},"xaxis":{"gridcolor":"rgba(0, 0, 0, 0)","linecolor":"#506784","ticks":"","title":{"standoff":15},"zerolinecolor":"#283442","automargin":true,"zerolinewidth":2,"tickfont":{"family":"Courier New","size":14},"side":"top","tickangle":-90},"yaxis":{"gridcolor":"rgba(0, 0, 0, 0)","linecolor":"#506784","ticks":"","title":{"standoff":15},"zerolinecolor":"#283442","automargin":true,"zerolinewidth":2,"tickfont":{"family":"Courier New"},"side":"right"},"scene":{"xaxis":{"backgroundcolor":"rgb(17,17,17)","gridcolor":"#506784","linecolor":"#506784","showbackground":true,"ticks":"","zerolinecolor":"#C8D4E3","gridwidth":2},"yaxis":{"backgroundcolor":"rgb(17,17,17)","gridcolor":"#506784","linecolor":"#506784","showbackground":true,"ticks":"","zerolinecolor":"#C8D4E3","gridwidth":2},"zaxis":{"backgroundcolor":"rgb(17,17,17)","gridcolor":"#506784","linecolor":"#506784","showbackground":true,"ticks":"","zerolinecolor":"#C8D4E3","gridwidth":2}},"shapedefaults":{"line":{"color":"#f2f5fa"}},"annotationdefaults":{"arrowcolor":"#f2f5fa","arrowhead":0,"arrowwidth":1},"geo":{"bgcolor":"rgb(17,17,17)","landcolor":"rgb(17,17,17)","subunitcolor":"#506784","showland":true,"showlakes":true,"lakecolor":"rgb(17,17,17)"},"title":{"x":0.05,"font":{"family":"Times New Roman"},"y":0.05,"text":"<b>Correlation of Close<b><br><i>2016-09-23 ~ 2026-07-15<i>"},"updatemenudefaults":{"bgcolor":"#506784","borderwidth":0},"sliderdefaults":{"bgcolor":"#C8D4E3","borderwidth":1,"bordercolor":"rgb(17,17,17)","tickwidth":0},"mapbox":{"style":"dark"},"annotations":[{"text":"<b>@zwindr<b>","textangle":0,"opacity":0.5,"font":{"color":"white","size":12},"xref":"paper","yref":"paper","xanchor":"left","yanchor":"bottom","x":1.0,"y":1.0,"showarrow":false}]},"config":{"responsive":true,"toImageButtonOptions":{"filename":"Correlation of Close_2016-09-23~2026-07-15","scale":5}}};Plotly.newPlot("correlationClose",correlationClose.data,correlationClose.layout||{},correlationClose.config);}else{console.log("style display is none => correlationClose");}