var element=document.getElementById("correlationClose");if(element.style.display!='none'){var correlationClose={"data":[{"type":"heatmap","z":[[1.0,0.999999999999998,1.0,0.9951983121993103,0.9951983121993103,0.97602154469604,0.97602154469604,0.9217556240541751,0.9217556240541751,0.6963215723460158,0.9957507075295422,0.6309384892283688,0.8678818707763446,0.987389111647589,0.9958536484246122,0.9798900647070587,0.999360272149367,0.9055289421719617,0.9055289421719617,0.756523789702934,-0.21418850472192807,0.983148550250878,0.293966142391722,-0.19373859826109263,-0.19571582044791194,0.8407260103094103,0.8815896932008322,0.9240489994749361,0.8844554966221576,0.7751039790125086,0.6895395491011093,0.6485341693235451,0.5824627583865635,0.9187257715290834,0.8842959870243289,0.3044229983217009],[0.999999999999998,1.0,0.9999999999999981,0.995225118594408,0.995225118594408,0.9763083170524028,0.9763083170524028,0.9246996966762394,0.9246996966762394,0.688616643768947,0.9959111904284513,0.6210119125946667,0.8756955489108416,0.9855205364549048,0.996027009199951,0.9801740423741995,0.9993847292638619,0.9077011952083658,0.9077011952083658,0.7687439133871784,-0.013877062342222494,0.9776939187968533,0.05582737292768981,-0.1929152841070419,-0.18209607918185086,0.7142535893537566,0.8789984636181356,0.9047857773946859,0.8767254281535082,0.7786721335696929,0.6945742270359014,0.6445073625129819,0.6007221165384772,0.9180288462143017,0.7791398430168909,0.3135847489665975],[1.0,0.9999999999999981,1.0,0.9951983121993103,0.9951983121993103,0.97602154469604,0.97602154469604,0.9217556240541751,0.9217556240541751,0.6963215723460158,0.9957507075295422,0.6309384892283688,0.8678818707763446,0.987389111647589,0.9958536484246122,0.9798900647070587,0.999360272149367,0.9055289421719617,0.9055289421719617,0.756523789702934,-0.21418850472192807,0.983148550250878,0.293966142391722,-0.19373859826109263,-0.19571582044791194,0.8407260103094103,0.8815896932008322,0.9240489994749361,0.8844554966221576,0.7751039790125086,0.6895395491011093,0.6485341693235451,0.5824627583865635,0.9187257715290834,0.8842959870243289,0.3044229983217009],[0.9951983121993103,0.995225118594408,0.9951983121993103,1.0,1.0,0.9655712391213902,0.9655712391213902,0.9075820931942532,0.9075820931942532,0.6435598041999006,0.9997179894529591,0.5786505261381883,0.8807610680175716,0.9893390006064487,0.9996745700549885,0.9649273719033087,0.9955145248869958,0.8782795292572474,0.8782795292572474,0.7190358459466711,-0.22345200023286158,0.9936858235102979,0.33365108916653813,-0.22984315498003363,-0.17715440545682942,0.8339891650795737,0.907295647297704,0.9258831149685663,0.8512179194620879,0.7631200555563693,0.7252540779534299,0.6324065272801774,0.5393975427150541,0.8986751741611115,0.8819185941039612,0.3290488774027462],[0.9951983121993103,0.995225118594408,0.9951983121993103,1.0,1.0,0.9655712391213902,0.9655712391213902,0.9075820931942532,0.9075820931942532,0.6435598041999006,0.9997179894529591,0.5786505261381883,0.8807610680175716,0.9893390006064487,0.9996745700549885,0.9649273719033087,0.9955145248869958,0.8782795292572474,0.8782795292572474,0.7190358459466711,-0.22345200023286158,0.9936858235102979,0.33365108916653813,-0.22984315498003363,-0.17715440545682942,0.8339891650795737,0.907295647297704,0.9258831149685663,0.8512179194620879,0.7631200555563693,0.7252540779534299,0.6324065272801774,0.5393975427150541,0.8986751741611115,0.8819185941039612,0.3290488774027462],[0.97602154469604,0.9763083170524028,0.97602154469604,0.9655712391213902,0.9655712391213902,1.0,1.0,0.9452913158106768,0.9452913158106768,0.6743419963732252,0.9642070831669401,0.6446989934092225,0.8501912341693804,0.9531233457574502,0.9642974094476869,0.9991613340161094,0.981275807185227,0.9160072575259628,0.9160072575259628,0.6542415616436338,-0.18022543037109384,0.9555822427319268,0.42631820416598526,-0.3539464973201009,-0.0845482444056416,0.8963197267052351,0.8460340488670096,0.9280070154711503,0.867471254615865,0.7484613781632982,0.8288019025308709,0.7332123679795106,0.6449730007974849,0.8689550566307188,0.9078979515008325,0.5584845315725827],[0.97602154469604,0.9763083170524028,0.97602154469604,0.9655712391213902,0.9655712391213902,1.0,1.0,0.9452913158106768,0.9452913158106768,0.6743419963732252,0.9642070831669401,0.6446989934092225,0.8501912341693804,0.9531233457574502,0.9642974094476869,0.9991613340161094,0.981275807185227,0.9160072575259628,0.9160072575259628,0.6542415616436338,-0.18022543037109384,0.9555822427319268,0.42631820416598526,-0.3539464973201009,-0.0845482444056416,0.8963197267052351,0.8460340488670096,0.9280070154711503,0.867471254615865,0.7484613781632982,0.8288019025308709,0.7332123679795106,0.6449730007974849,0.8689550566307188,0.9078979515008325,0.5584845315725827],[0.9217556240541751,0.9246996966762394,0.9217556240541751,0.9075820931942532,0.9075820931942532,0.9452913158106768,0.9452913158106768,1.0,1.0,0.6601901272651124,0.941609587231317,0.6626885049591986,0.8143170890796988,0.9164997064700263,0.9418177527535946,0.9475730141120047,0.953125988985564,0.97002776080882,0.97002776080882,0.6197996092335328,-0.06453839068401784,0.8805576376680316,0.6264150238382454,-0.38701701329399774,0.028574087743058384,0.8281833619840047,0.7523909169188676,0.8817134205321979,0.8457357084412954,0.7699839502067605,0.9032386608838329,0.7831280062455864,0.679157007745152,0.8239967548339703,0.8870133458114223,0.8414313569995597],[0.9217556240541751,0.9246996966762394,0.9217556240541751,0.9075820931942532,0.9075820931942532,0.9452913158106768,0.9452913158106768,1.0,1.0,0.6601901272651124,0.941609587231317,0.6626885049591986,0.8143170890796988,0.9164997064700263,0.9418177527535946,0.9475730141120047,0.953125988985564,0.97002776080882,0.97002776080882,0.6197996092335328,-0.06453839068401784,0.8805576376680316,0.6264150238382454,-0.38701701329399774,0.028574087743058384,0.8281833619840047,0.7523909169188676,0.8817134205321979,0.8457357084412954,0.7699839502067605,0.9032386608838329,0.7831280062455864,0.679157007745152,0.8239967548339703,0.8870133458114223,0.8414313569995597],[0.6963215723460158,0.688616643768947,0.6963215723460158,0.6435598041999006,0.6435598041999006,0.6743419963732252,0.6743419963732252,0.6601901272651124,0.6601901272651124,1.0,0.4859857653715717,0.9999688946025779,0.2671329990519425,0.23219208522404217,0.4879025016269955,0.6664516569844585,0.5613435635146969,0.7608707750579017,0.7608707750579017,0.6821035632673037,-0.10089161834898112,0.6167149771724206,0.04297885887656487,0.045094055530205686,-0.24070272221178657,0.7117634332928899,0.3319030379484535,0.60389899564235,0.7941149083914185,0.6655181762370886,0.3153501395919878,0.5202551644224969,0.5623393870791098,0.753143852404484,0.5652387561276366,0.17080242750649366],[0.9957507075295422,0.9959111904284513,0.9957507075295422,0.9997179894529591,0.9997179894529591,0.9642070831669401,0.9642070831669401,0.941609587231317,0.941609587231317,0.4859857653715717,1.0,0.4860088871186742,0.8802808958114696,0.9887184860049648,0.9999527181322458,0.9612727757759528,0.9953159786459261,0.8887293230477221,0.8887293230477221,0.8371500384860266,-0.142752401265671,0.9972233799032996,0.9127914972182892,-0.5451457004491362,0.6019212430770576,0.8388168320383588,0.8948501983275272,0.936447983779554,0.8306531495107798,0.781806644203853,0.9458711840933066,0.8129996116723435,0.6640559888243996,0.8812579927005854,0.9631191482010456,0.848167869299031],[0.6309384892283688,0.6210119125946667,0.6309384892283688,0.5786505261381883,0.5786505261381883,0.6446989934092225,0.6446989934092225,0.6626885049591986,0.6626885049591986,0.9999688946025779,0.4860088871186742,1.0,0.26692385412260344,0.23132468899153616,0.48728412179923736,0.6535857160101035,0.5607057679699362,0.7503720947873939,0.7503720947873939,0.630525728200611,0.030265770218608757,0.5556933438744924,0.3706838409349729,-0.16188670890300166,-0.2210061387508922,0.7259263470375037,0.24187855524747492,0.5583120103510452,0.7603697553531603,0.6805776774734119,0.46716745614775146,0.6750749396295308,0.6749059848963249,0.6980287260116016,0.5263164649998523,0.5861138770122215],[0.8678818707763446,0.8756955489108416,0.8678818707763446,0.8807610680175716,0.8807610680175716,0.8501912341693804,0.8501912341693804,0.8143170890796988,0.8143170890796988,0.2671329990519425,0.8802808958114696,0.26692385412260344,1.0,0.9998703168435282,0.8807659244314369,0.8450884889604355,0.8733955436928987,0.7380744955869115,0.7380744955869115,0.6370699846631096,-0.11974236806944935,0.8762747576840976,0.8231670704266391,-0.6334700512736293,0.6682984228603758,0.7081803707993091,0.8642076291652003,0.8652248074305354,0.654577798585285,0.588627127012679,0.8502989831023486,0.6342465590832176,0.47869352724178793,0.7522019391812153,0.8599476106036135,0.7772669705016525],[0.987389111647589,0.9855205364549048,0.987389111647589,0.9893390006064487,0.9893390006064487,0.9531233457574502,0.9531233457574502,0.9164997064700263,0.9164997064700263,0.23219208522404217,0.9887184860049648,0.23132468899153616,0.9998703168435282,1.0,0.9887354322831284,0.9463105090948156,0.9831465316438729,0.8410539100375857,0.8410539100375857,0.8234295469597134,-0.2494993749574397,0.9819488087439321,0.8955270023900322,-0.7290864332687557,0.7260366094505388,0.7761574450733211,0.9467562436176475,0.9426339684251692,0.7331920748896004,0.6497530776086109,0.9337626158616487,0.728681568760359,0.49562303177578376,0.8374149363769299,0.9576056159788684,0.8439912132879932],[0.9958536484246122,0.996027009199951,0.9958536484246122,0.9996745700549885,0.9996745700549885,0.9642974094476869,0.9642974094476869,0.9418177527535946,0.9418177527535946,0.4879025016269955,0.9999527181322458,0.48728412179923736,0.8807659244314369,0.9887354322831284,1.0,0.9615824893550818,0.9954442120075291,0.8900128016651692,0.8900128016651692,0.8379097792994478,-0.14336782082005453,0.9971206867839311,0.9127807063088756,-0.5431039003968487,0.6047215133100315,0.8404866362227787,0.8942205005329777,0.9360641330768871,0.8309436526271249,0.7825046827567755,0.9458444938233761,0.8135960882880108,0.6644028670677348,0.8819124377850451,0.9634488691466642,0.8494211809474849],[0.9798900647070587,0.9801740423741995,0.9798900647070587,0.9649273719033087,0.9649273719033087,0.9991613340161094,0.9991613340161094,0.9475730141120047,0.9475730141120047,0.6664516569844585,0.9612727757759528,0.6535857160101035,0.8450884889604355,0.9463105090948156,0.9615824893550818,1.0,0.9803267854018788,0.9195301236049024,0.9195301236049024,0.703971222223961,-0.17086760101606457,0.9577356254300439,0.7360062996558568,-0.4808427691875118,-0.07924377084206795,0.9064978928989276,0.8312454497349387,0.9209912911080455,0.8743564891419545,0.7797590465956002,0.9007428662155881,0.7762140849147999,0.6992207402437831,0.8905315296324162,0.9058775376820433,0.8386745986810206],[0.999360272149367,0.9993847292638619,0.999360272149367,0.9955145248869958,0.9955145248869958,0.981275807185227,0.981275807185227,0.953125988985564,0.953125988985564,0.5613435635146969,0.9953159786459261,0.5607057679699362,0.8733955436928987,0.9831465316438729,0.9954442120075291,0.9803267854018788,1.0,0.9186382937729397,0.9186382937729397,0.8554608562030778,-0.12508343224704738,0.9908210361886782,0.8962192797695695,-0.5360074310963524,0.5963465291112939,0.8775385473330375,0.8730890063270148,0.9394032286406652,0.8708751441141743,0.8081952531336585,0.9387756174835926,0.8533422519651966,0.7190310602836322,0.9019375680310804,0.9698561926206779,0.8837187200196847],[0.9055289421719617,0.9077011952083658,0.9055289421719617,0.8782795292572474,0.8782795292572474,0.9160072575259628,0.9160072575259628,0.97002776080882,0.97002776080882,0.7608707750579017,0.8887293230477221,0.7503720947873939,0.7380744955869115,0.8410539100375857,0.8900128016651692,0.9195301236049024,0.9186382937729397,1.0,1.0,0.7604512687872664,-0.10556959380691715,0.8513364962565133,0.6312077700583175,-0.2761830064843421,-0.14362459515995532,0.8522396385430433,0.6754730388341728,0.8256723570544903,0.9141165127689685,0.8462332263194673,0.8188485611012126,0.7709479980831532,0.6922878522858483,0.866061686406786,0.808735257979689,0.8710623624460542],[0.9055289421719617,0.9077011952083658,0.9055289421719617,0.8782795292572474,0.8782795292572474,0.9160072575259628,0.9160072575259628,0.97002776080882,0.97002776080882,0.7608707750579017,0.8887293230477221,0.7503720947873939,0.7380744955869115,0.8410539100375857,0.8900128016651692,0.9195301236049024,0.9186382937729397,1.0,1.0,0.7604512687872664,-0.10556959380691715,0.8513364962565133,0.6312077700583175,-0.2761830064843421,-0.14362459515995532,0.8522396385430433,0.6754730388341728,0.8256723570544903,0.9141165127689685,0.8462332263194673,0.8188485611012126,0.7709479980831532,0.6922878522858483,0.866061686406786,0.808735257979689,0.8710623624460542],[0.756523789702934,0.7687439133871784,0.756523789702934,0.7190358459466711,0.7190358459466711,0.6542415616436338,0.6542415616436338,0.6197996092335328,0.6197996092335328,0.6821035632673037,0.8371500384860266,0.630525728200611,0.6370699846631096,0.8234295469597134,0.8379097792994478,0.703971222223961,0.8554608562030778,0.7604512687872664,0.7604512687872664,1.0,0.0031090834728302176,0.6857077563442188,-0.2729989093347451,0.25218074020498704,-0.6278337365446288,0.4021931647039234,0.5569211677828441,0.5082134306024855,0.8458640992919464,0.7141083392471061,0.21986262756764088,0.3532908348581546,0.5761801018876691,0.7923289027316781,0.5145902995834444,-0.07336587401434255],[-0.21418850472192807,-0.013877062342222494,-0.21418850472192807,-0.22345200023286158,-0.22345200023286158,-0.18022543037109384,-0.18022543037109384,-0.06453839068401784,-0.06453839068401784,-0.10089161834898112,-0.142752401265671,0.030265770218608757,-0.11974236806944935,-0.2494993749574397,-0.14336782082005453,-0.17086760101606457,-0.12508343224704738,-0.10556959380691715,-0.10556959380691715,0.0031090834728302176,1.0,-0.15052187094283773,0.06865404813140122,0.18965437063821589,0.7291969732912864,-0.13020057104214403,-0.12281494275216369,-0.09278247763372094,0.12052167237863085,-0.045326868849745086,-0.05088973772308388,0.26698942572090323,0.5438752805266267,-0.16986187086972382,0.030035728850127324,0.10399101379716631],[0.983148550250878,0.9776939187968533,0.983148550250878,0.9936858235102979,0.9936858235102979,0.9555822427319268,0.9555822427319268,0.8805576376680316,0.8805576376680316,0.6167149771724206,0.9972233799032996,0.5556933438744924,0.8762747576840976,0.9819488087439321,0.9971206867839311,0.9577356254300439,0.9908210361886782,0.8513364962565133,0.8513364962565133,0.6857077563442188,-0.15052187094283773,1.0,0.24238384063235907,-0.2751203174414238,-0.2138180378095438,0.7211815324027686,0.907367404201499,0.908826125666711,0.8035865144328087,0.7361227233134182,0.7292695145776432,0.6067484815035713,0.4818950022493218,0.8823095564482043,0.7652893974072285,0.3165960279236204],[0.293966142391722,0.05582737292768981,0.293966142391722,0.33365108916653813,0.33365108916653813,0.42631820416598526,0.42631820416598526,0.6264150238382454,0.6264150238382454,0.04297885887656487,0.9127914972182892,0.3706838409349729,0.8231670704266391,0.8955270023900322,0.9127807063088756,0.7360062996558568,0.8962192797695695,0.6312077700583175,0.6312077700583175,-0.2729989093347451,0.06865404813140122,0.24238384063235907,1.0,-0.4895309113604721,0.6766931800371673,0.4408132477491149,0.2766688892163558,0.4162368387210662,-0.014624304856791288,0.16032369413484798,0.6448880066387741,0.5197436526719481,0.22338184536801692,0.12417730401804146,0.4616841592218777,0.5136101873141222],[-0.19373859826109263,-0.1929152841070419,-0.19373859826109263,-0.22984315498003363,-0.22984315498003363,-0.3539464973201009,-0.3539464973201009,-0.38701701329399774,-0.38701701329399774,0.045094055530205686,-0.5451457004491362,-0.16188670890300166,-0.6334700512736293,-0.7290864332687557,-0.5431039003968487,-0.4808427691875118,-0.5360074310963524,-0.2761830064843421,-0.2761830064843421,0.25218074020498704,0.18965437063821589,-0.2751203174414238,-0.4895309113604721,1.0,-0.031180648746680417,-0.22832172710225473,-0.25980775248209736,-0.33889139193054674,-0.09991990059244323,-0.13100756057992718,-0.5743412790860086,-0.24405305314508355,-0.0497490051846153,-0.11996398005549203,-0.29066625681472047,-0.43975135583059555],[-0.19571582044791194,-0.18209607918185086,-0.19571582044791194,-0.17715440545682942,-0.17715440545682942,-0.0845482444056416,-0.0845482444056416,0.028574087743058384,0.028574087743058384,-0.24070272221178657,0.6019212430770576,-0.2210061387508922,0.6682984228603758,0.7260366094505388,0.6047215133100315,-0.07924377084206795,0.5963465291112939,-0.14362459515995532,-0.14362459515995532,-0.6278337365446288,0.7291969732912864,-0.2138180378095438,0.6766931800371673,-0.031180648746680417,1.0,-0.07401510175644917,-0.09647836703464684,-0.02082990995025962,-0.33232124763054294,-0.30971826050189655,0.07098571993723621,0.1591257728516975,0.26175624437582173,-0.3401689775747364,0.10817106471078365,0.09317465507642997],[0.8407260103094103,0.7142535893537566,0.8407260103094103,0.8339891650795737,0.8339891650795737,0.8963197267052351,0.8963197267052351,0.8281833619840047,0.8281833619840047,0.7117634332928899,0.8388168320383588,0.7259263470375037,0.7081803707993091,0.7761574450733211,0.8404866362227787,0.9064978928989276,0.8775385473330375,0.8522396385430433,0.8522396385430433,0.4021931647039234,-0.13020057104214403,0.7211815324027686,0.4408132477491149,-0.22832172710225473,-0.07401510175644917,1.0,0.6158725940022006,0.864233778054849,0.533706045211673,0.6479335987057603,0.648409170230888,0.6666649337230397,0.42573762641467155,0.7398222949468796,0.7562721386456888,0.4771137349236777],[0.8815896932008322,0.8789984636181356,0.8815896932008322,0.907295647297704,0.907295647297704,0.8460340488670096,0.8460340488670096,0.7523909169188676,0.7523909169188676,0.3319030379484535,0.8948501983275272,0.24187855524747492,0.8642076291652003,0.9467562436176475,0.8942205005329777,0.8312454497349387,0.8730890063270148,0.6754730388341728,0.6754730388341728,0.5569211677828441,-0.12281494275216369,0.907367404201499,0.2766688892163558,-0.25980775248209736,-0.09647836703464684,0.6158725940022006,1.0,0.8599703403572881,0.6199268951505035,0.5659475818536639,0.675481285016045,0.46317818167471486,0.37152767321943786,0.7214736575776798,0.7128800288900967,0.2893745280841729],[0.9240489994749361,0.9047857773946859,0.9240489994749361,0.9258831149685663,0.9258831149685663,0.9280070154711503,0.9280070154711503,0.8817134205321979,0.8817134205321979,0.60389899564235,0.936447983779554,0.5583120103510452,0.8652248074305354,0.9426339684251692,0.9360641330768871,0.9209912911080455,0.9394032286406652,0.8256723570544903,0.8256723570544903,0.5082134306024855,-0.09278247763372094,0.908826125666711,0.4162368387210662,-0.33889139193054674,-0.02082990995025962,0.864233778054849,0.8599703403572881,1.0,0.7013158172193598,0.6012193464482987,0.7119448275420488,0.5831301153514122,0.46642283520849254,0.795732389713119,0.8697330102317972,0.3307474092051732],[0.8844554966221576,0.8767254281535082,0.8844554966221576,0.8512179194620879,0.8512179194620879,0.867471254615865,0.867471254615865,0.8457357084412954,0.8457357084412954,0.7941149083914185,0.8306531495107798,0.7603697553531603,0.654577798585285,0.7331920748896004,0.8309436526271249,0.8743564891419545,0.8708751441141743,0.9141165127689685,0.9141165127689685,0.8458640992919464,0.12052167237863085,0.8035865144328087,-0.014624304856791288,-0.09991990059244323,-0.33232124763054294,0.533706045211673,0.6199268951505035,0.7013158172193598,1.0,0.9140570660758396,0.5908505924842334,0.7119931961511419,0.6705467941564784,0.8864883196532936,0.5572658457344727,0.354381996289321],[0.7751039790125086,0.7786721335696929,0.7751039790125086,0.7631200555563693,0.7631200555563693,0.7484613781632982,0.7484613781632982,0.7699839502067605,0.7699839502067605,0.6655181762370886,0.781806644203853,0.6805776774734119,0.588627127012679,0.6497530776086109,0.7825046827567755,0.7797590465956002,0.8081952531336585,0.8462332263194673,0.8462332263194673,0.7141083392471061,-0.045326868849745086,0.7361227233134182,0.16032369413484798,-0.13100756057992718,-0.30971826050189655,0.6479335987057603,0.5659475818536639,0.6012193464482987,0.9140570660758396,1.0,0.621846100519498,0.6966571320807885,0.6165718109483431,0.7576752170054015,0.6222674702099735,0.5157754234332121],[0.6895395491011093,0.6945742270359014,0.6895395491011093,0.7252540779534299,0.7252540779534299,0.8288019025308709,0.8288019025308709,0.9032386608838329,0.9032386608838329,0.3153501395919878,0.9458711840933066,0.46716745614775146,0.8502989831023486,0.9337626158616487,0.9458444938233761,0.9007428662155881,0.9387756174835926,0.8188485611012126,0.8188485611012126,0.21986262756764088,-0.05088973772308388,0.7292695145776432,0.6448880066387741,-0.5743412790860086,0.07098571993723621,0.648409170230888,0.675481285016045,0.7119448275420488,0.5908505924842334,0.621846100519498,1.0,0.7416487969447941,0.38512587611971383,0.5969420215607919,0.7134091309870579,0.7614152244860227],[0.6485341693235451,0.6445073625129819,0.6485341693235451,0.6324065272801774,0.6324065272801774,0.7332123679795106,0.7332123679795106,0.7831280062455864,0.7831280062455864,0.5202551644224969,0.8129996116723435,0.6750749396295308,0.6342465590832176,0.728681568760359,0.8135960882880108,0.7762140849147999,0.8533422519651966,0.7709479980831532,0.7709479980831532,0.3532908348581546,0.26698942572090323,0.6067484815035713,0.5197436526719481,-0.24405305314508355,0.1591257728516975,0.6666649337230397,0.46317818167471486,0.5831301153514122,0.7119931961511419,0.6966571320807885,0.7416487969447941,1.0,0.7785940691877432,0.5464344814300427,0.7236907741999654,0.5820359884946694],[0.5824627583865635,0.6007221165384772,0.5824627583865635,0.5393975427150541,0.5393975427150541,0.6449730007974849,0.6449730007974849,0.679157007745152,0.679157007745152,0.5623393870791098,0.6640559888243996,0.6749059848963249,0.47869352724178793,0.49562303177578376,0.6644028670677348,0.6992207402437831,0.7190310602836322,0.6922878522858483,0.6922878522858483,0.5761801018876691,0.5438752805266267,0.4818950022493218,0.22338184536801692,-0.0497490051846153,0.26175624437582173,0.42573762641467155,0.37152767321943786,0.46642283520849254,0.6705467941564784,0.6165718109483431,0.38512587611971383,0.7785940691877432,1.0,0.5005042864389482,0.629549115426814,0.2277196308050246],[0.9187257715290834,0.9180288462143017,0.9187257715290834,0.8986751741611115,0.8986751741611115,0.8689550566307188,0.8689550566307188,0.8239967548339703,0.8239967548339703,0.753143852404484,0.8812579927005854,0.6980287260116016,0.7522019391812153,0.8374149363769299,0.8819124377850451,0.8905315296324162,0.9019375680310804,0.866061686406786,0.866061686406786,0.7923289027316781,-0.16986187086972382,0.8823095564482043,0.12417730401804146,-0.11996398005549203,-0.3401689775747364,0.7398222949468796,0.7214736575776798,0.795732389713119,0.8864883196532936,0.7576752170054015,0.5969420215607919,0.5464344814300427,0.5005042864389482,1.0,0.7733066611924777,0.2628909633225253],[0.8842959870243289,0.7791398430168909,0.8842959870243289,0.8819185941039612,0.8819185941039612,0.9078979515008325,0.9078979515008325,0.8870133458114223,0.8870133458114223,0.5652387561276366,0.9631191482010456,0.5263164649998523,0.8599476106036135,0.9576056159788684,0.9634488691466642,0.9058775376820433,0.9698561926206779,0.808735257979689,0.808735257979689,0.5145902995834444,0.030035728850127324,0.7652893974072285,0.4616841592218777,-0.29066625681472047,0.10817106471078365,0.7562721386456888,0.7128800288900967,0.8697330102317972,0.5572658457344727,0.6222674702099735,0.7134091309870579,0.7236907741999654,0.629549115426814,0.7733066611924777,1.0,0.306270208552122],[0.3044229983217009,0.3135847489665975,0.3044229983217009,0.3290488774027462,0.3290488774027462,0.5584845315725827,0.5584845315725827,0.8414313569995597,0.8414313569995597,0.17080242750649366,0.848167869299031,0.5861138770122215,0.7772669705016525,0.8439912132879932,0.8494211809474849,0.8386745986810206,0.8837187200196847,0.8710623624460542,0.8710623624460542,-0.07336587401434255,0.10399101379716631,0.3165960279236204,0.5136101873141222,-0.43975135583059555,0.09317465507642997,0.4771137349236777,0.2893745280841729,0.3307474092051732,0.354381996289321,0.5157754234332121,0.7614152244860227,0.5820359884946694,0.2277196308050246,0.2628909633225253,0.306270208552122,1.0]],"x":["^TAIEX       \u81fa\u7063\u52a0\u6b0a\u5831\u916c\u6307\u6578","^TWII        \u81fa\u7063\u52a0\u6b0a\u6307\u6578","^TAIEXx2     \u81fa\u7063\u52a0\u6b0a\u5831\u916c\u6307\u6578_\u65e5\u6b632","^TAI50I      \u81fa\u706350\u5831\u916c\u6307\u6578","^TAI50Ix2    \u81fa\u706350\u5831\u916c\u6307\u6578_\u65e5\u6b632","^TAI100I     \u81fa\u7063\u4e2d\u578b100\u5831\u916c\u6307\u6578","^TAI100Ix2   \u81fa\u7063\u4e2d\u578b100\u5831\u916c\u6307\u6578_\u65e5\u6b632","^TAIDIVIDI   \u81fa\u7063\u9ad8\u80a1\u606f\u5831\u916c\u6307\u6578","^TAIDIVIDIx2 \u81fa\u7063\u9ad8\u80a1\u606f\u5831\u916c\u6307\u6578_\u65e5\u6b632","0050Fund     \u5143\u5927\u53f0\u7063\u5353\u8d8a50\u57fa\u91d1","006208Fund   \u5bcc\u90a6\u53f0\u7063\u91c6\u540950\u57fa\u91d1","0050         \u5143\u5927\u81fa\u706350","00631L       \u5143\u5927\u53f0\u706350\u6b632","00675L       \u5bcc\u90a6\u81fa\u7063\u52a0\u6b0a\u6b632","006208       \u5bcc\u90a6\u53f050","0051         \u5143\u5927\u4e2d\u578b100","006204       \u6c38\u8c50\u81fa\u7063\u52a0\u6b0a","0056         \u5143\u5927\u9ad8\u80a1\u606f","0056         \u5143\u5927\u9ad8\u80a1\u606f_\u80a1\u606f\u4e0d\u6295\u5165","2412         \u4e2d\u83ef\u96fb\u4fe1","2002         \u4e2d\u92fc","2330         \u53f0\u7a4d\u96fb","2317         \u9d3b\u6d77","6505         \u53f0\u5851\u77f3\u5316","3481         \u7fa4\u5275","2303         \u806f\u96fb","2308         \u53f0\u9054\u96fb","2454         \u806f\u767c\u79d1","2886         \u5146\u8c50\u91d1","2884         \u7389\u5c71\u91d1","2891         \u4e2d\u4fe1\u91d1","2892         \u7b2c\u4e00\u91d1","5880         \u5408\u5eab\u91d1","2881         \u5bcc\u90a6\u91d1","2885         \u5143\u5927\u91d1","2887         \u53f0\u65b0\u91d1"],"y":["^TAIEX       \u81fa\u7063\u52a0\u6b0a\u5831\u916c\u6307\u6578","^TWII        \u81fa\u7063\u52a0\u6b0a\u6307\u6578","^TAIEXx2     \u81fa\u7063\u52a0\u6b0a\u5831\u916c\u6307\u6578_\u65e5\u6b632","^TAI50I      \u81fa\u706350\u5831\u916c\u6307\u6578","^TAI50Ix2    \u81fa\u706350\u5831\u916c\u6307\u6578_\u65e5\u6b632","^TAI100I     \u81fa\u7063\u4e2d\u578b100\u5831\u916c\u6307\u6578","^TAI100Ix2   \u81fa\u7063\u4e2d\u578b100\u5831\u916c\u6307\u6578_\u65e5\u6b632","^TAIDIVIDI   \u81fa\u7063\u9ad8\u80a1\u606f\u5831\u916c\u6307\u6578","^TAIDIVIDIx2 \u81fa\u7063\u9ad8\u80a1\u606f\u5831\u916c\u6307\u6578_\u65e5\u6b632","0050Fund     \u5143\u5927\u53f0\u7063\u5353\u8d8a50\u57fa\u91d1","006208Fund   \u5bcc\u90a6\u53f0\u7063\u91c6\u540950\u57fa\u91d1","0050         \u5143\u5927\u81fa\u706350","00631L       \u5143\u5927\u53f0\u706350\u6b632","00675L       \u5bcc\u90a6\u81fa\u7063\u52a0\u6b0a\u6b632","006208       \u5bcc\u90a6\u53f050","0051         \u5143\u5927\u4e2d\u578b100","006204       \u6c38\u8c50\u81fa\u7063\u52a0\u6b0a","0056         \u5143\u5927\u9ad8\u80a1\u606f","0056         \u5143\u5927\u9ad8\u80a1\u606f_\u80a1\u606f\u4e0d\u6295\u5165","2412         \u4e2d\u83ef\u96fb\u4fe1","2002         \u4e2d\u92fc","2330         \u53f0\u7a4d\u96fb","2317         \u9d3b\u6d77","6505         \u53f0\u5851\u77f3\u5316","3481         \u7fa4\u5275","2303         \u806f\u96fb","2308         \u53f0\u9054\u96fb","2454         \u806f\u767c\u79d1","2886         \u5146\u8c50\u91d1","2884         \u7389\u5c71\u91d1","2891         \u4e2d\u4fe1\u91d1","2892         \u7b2c\u4e00\u91d1","5880         \u5408\u5eab\u91d1","2881         \u5bcc\u90a6\u91d1","2885         \u5143\u5927\u91d1","2887         \u53f0\u65b0\u91d1"],"zmin":-1,"zmax":1,"colorbar":{"x":-0.2}}],"layout":{"autotypenumbers":"strict","colorway":["#636efa","#EF553B","#00cc96","#ab63fa","#FFA15A","#19d3f3","#FF6692","#B6E880","#FF97FF","#FECB52"],"font":{"color":"#f2f5fa","family":"Courier New"},"hovermode":"closest","hoverlabel":{"align":"left"},"paper_bgcolor":"rgb(17,17,17)","plot_bgcolor":"rgb(17,17,17)","polar":{"bgcolor":"rgb(17,17,17)","angularaxis":{"gridcolor":"#506784","linecolor":"#506784","ticks":""},"radialaxis":{"gridcolor":"#506784","linecolor":"#506784","ticks":""}},"ternary":{"bgcolor":"rgb(17,17,17)","aaxis":{"gridcolor":"#506784","linecolor":"#506784","ticks":""},"baxis":{"gridcolor":"#506784","linecolor":"#506784","ticks":""},"caxis":{"gridcolor":"#506784","linecolor":"#506784","ticks":""}},"coloraxis":{"colorbar":{"outlinewidth":0,"ticks":""}},"colorscale":{"sequential":[[0.0,"#0d0887"],[0.1111111111111111,"#46039f"],[0.2222222222222222,"#7201a8"],[0.3333333333333333,"#9c179e"],[0.4444444444444444,"#bd3786"],[0.5555555555555556,"#d8576b"],[0.6666666666666666,"#ed7953"],[0.7777777777777778,"#fb9f3a"],[0.8888888888888888,"#fdca26"],[1.0,"#f0f921"]],"sequentialminus":[[0.0,"#0d0887"],[0.1111111111111111,"#46039f"],[0.2222222222222222,"#7201a8"],[0.3333333333333333,"#9c179e"],[0.4444444444444444,"#bd3786"],[0.5555555555555556,"#d8576b"],[0.6666666666666666,"#ed7953"],[0.7777777777777778,"#fb9f3a"],[0.8888888888888888,"#fdca26"],[1.0,"#f0f921"]],"diverging":[[0,"#8e0152"],[0.1,"#c51b7d"],[0.2,"#de77ae"],[0.3,"#f1b6da"],[0.4,"#fde0ef"],[0.5,"#f7f7f7"],[0.6,"#e6f5d0"],[0.7,"#b8e186"],[0.8,"#7fbc41"],[0.9,"#4d9221"],[1,"#276419"]]},"xaxis":{"gridcolor":"rgba(0, 0, 0, 0)","linecolor":"#506784","ticks":"","title":{"standoff":15},"zerolinecolor":"#283442","automargin":true,"zerolinewidth":2,"tickfont":{"family":"Courier New","size":14},"side":"top","tickangle":-90},"yaxis":{"gridcolor":"rgba(0, 0, 0, 0)","linecolor":"#506784","ticks":"","title":{"standoff":15},"zerolinecolor":"#283442","automargin":true,"zerolinewidth":2,"tickfont":{"family":"Courier New"},"side":"right"},"scene":{"xaxis":{"backgroundcolor":"rgb(17,17,17)","gridcolor":"#506784","linecolor":"#506784","showbackground":true,"ticks":"","zerolinecolor":"#C8D4E3","gridwidth":2},"yaxis":{"backgroundcolor":"rgb(17,17,17)","gridcolor":"#506784","linecolor":"#506784","showbackground":true,"ticks":"","zerolinecolor":"#C8D4E3","gridwidth":2},"zaxis":{"backgroundcolor":"rgb(17,17,17)","gridcolor":"#506784","linecolor":"#506784","showbackground":true,"ticks":"","zerolinecolor":"#C8D4E3","gridwidth":2}},"shapedefaults":{"line":{"color":"#f2f5fa"}},"annotationdefaults":{"arrowcolor":"#f2f5fa","arrowhead":0,"arrowwidth":1},"geo":{"bgcolor":"rgb(17,17,17)","landcolor":"rgb(17,17,17)","subunitcolor":"#506784","showland":true,"showlakes":true,"lakecolor":"rgb(17,17,17)"},"title":{"x":0.05,"font":{"family":"Times New Roman"},"y":0.05,"text":"<b>Correlation of Close<b><br><i>2016-09-23 ~ 2026-05-28<i>"},"updatemenudefaults":{"bgcolor":"#506784","borderwidth":0},"sliderdefaults":{"bgcolor":"#C8D4E3","borderwidth":1,"bordercolor":"rgb(17,17,17)","tickwidth":0},"mapbox":{"style":"dark"},"annotations":[{"text":"<b>@zwindr<b>","textangle":0,"opacity":0.5,"font":{"color":"white","size":12},"xref":"paper","yref":"paper","xanchor":"left","yanchor":"bottom","x":1.0,"y":1.0,"showarrow":false}]},"config":{"responsive":true,"toImageButtonOptions":{"filename":"Correlation of Close_2016-09-23~2026-05-28","scale":5}}};Plotly.newPlot("correlationClose",correlationClose.data,correlationClose.layout||{},correlationClose.config);}else{console.log("style display is none => correlationClose");}