var element=document.getElementById("correlationClose");if(element.style.display!='none'){var correlationClose={"data":[{"type":"heatmap","z":[[1.0,0.999999999999998,1.0,0.9950664623675624,0.9950664623675624,0.9741116010144725,0.9741116010144725,0.9166389884095121,0.9166389884095121,0.7190916060503001,0.9954114770594128,0.6586726991665792,0.837003354519444,0.9899608974287497,0.9954886865380768,0.978668682134945,0.9993170719885528,0.9043573338272207,0.9043573338272207,0.7652198248349408,-0.20136716602146784,0.9816286030028811,0.26588483299548765,-0.17840232284975524,-0.21595926038075314,0.8264492584966731,0.8840122157372013,0.930320808287613,0.8973419770546125,0.7832709335289177,0.6674890989905021,0.6520709750302609,0.5973223507375458,0.9240197797209475,0.873943136095672,0.2860694678937792],[0.999999999999998,1.0,0.9999999999999981,0.9950243180326482,0.9950243180326482,0.9735990568221256,0.9735990568221256,0.9170937639025144,0.9170937639025144,0.7207459060288602,0.9954029779005541,0.6589504516381589,0.8374221156096913,0.9894802517360297,0.9954958628243566,0.9783530084744454,0.9993178719905161,0.9040069541932937,0.9040069541932937,0.7823255110093557,0.008026024467901616,0.9747591307383499,0.022945947406630838,-0.17111526915022468,-0.21667897453920137,0.6772403219079353,0.8817774049286788,0.9112151541839997,0.8944548190473931,0.7913146430924324,0.6590986948671782,0.6500403965032081,0.6223740547092887,0.9233501843910542,0.7528112656146863,0.2819720530971368],[1.0,0.9999999999999981,1.0,0.9950664623675624,0.9950664623675624,0.9741116010144725,0.9741116010144725,0.9166389884095121,0.9166389884095121,0.7190916060503001,0.9954114770594128,0.6586726991665792,0.837003354519444,0.9899608974287497,0.9954886865380768,0.978668682134945,0.9993170719885528,0.9043573338272207,0.9043573338272207,0.7652198248349408,-0.20136716602146784,0.9816286030028811,0.26588483299548765,-0.17840232284975524,-0.21595926038075314,0.8264492584966731,0.8840122157372013,0.930320808287613,0.8973419770546125,0.7832709335289177,0.6674890989905021,0.6520709750302609,0.5973223507375458,0.9240197797209475,0.873943136095672,0.2860694678937792],[0.9950664623675624,0.9950243180326482,0.9950664623675624,1.0,1.0,0.9623330137497206,0.9623330137497206,0.8988487734213783,0.8988487734213783,0.6760392847778328,0.999672344505616,0.6158821875554723,0.8425791575141134,0.9914170448788698,0.9996251537303537,0.9623531426526695,0.9953204915655512,0.8741588529199295,0.8741588529199295,0.7326816771243388,-0.20841328965177963,0.993156600971459,0.2937474000769229,-0.21281014804474807,-0.2102352305499665,0.8111755088769474,0.9074754368524501,0.9288673104230097,0.8712407394161221,0.7779508147426446,0.6961097288558022,0.6398973339980338,0.5607232009840843,0.9065073435644949,0.8667671675204054,0.30157886272117823],[0.9950664623675624,0.9950243180326482,0.9950664623675624,1.0,1.0,0.9623330137497206,0.9623330137497206,0.8988487734213783,0.8988487734213783,0.6760392847778328,0.999672344505616,0.6158821875554723,0.8425791575141134,0.9914170448788698,0.9996251537303537,0.9623531426526695,0.9953204915655512,0.8741588529199295,0.8741588529199295,0.7326816771243388,-0.20841328965177963,0.993156600971459,0.2937474000769229,-0.21281014804474807,-0.2102352305499665,0.8111755088769474,0.9074754368524501,0.9288673104230097,0.8712407394161221,0.7779508147426446,0.6961097288558022,0.6398973339980338,0.5607232009840843,0.9065073435644949,0.8667671675204054,0.30157886272117823],[0.9741116010144725,0.9735990568221256,0.9741116010144725,0.9623330137497206,0.9623330137497206,1.0,1.0,0.9398601485643809,0.9398601485643809,0.7004049659720148,0.9609893155687546,0.674310206840909,0.8190576468718096,0.9594734751283319,0.9609124070694983,0.9991089452310857,0.9792424340309044,0.9117158713619619,0.9117158713619619,0.6559668822055296,-0.1604265790205107,0.9505337970735421,0.39564875992146337,-0.34190060150055135,-0.10595756453553916,0.8851118007638007,0.8450461601386665,0.9438689309195104,0.8806702007675427,0.75577628390125,0.8110966157617432,0.7417618306020014,0.6667783893380204,0.8687705904769815,0.8970684848353172,0.5402362865569854],[0.9741116010144725,0.9735990568221256,0.9741116010144725,0.9623330137497206,0.9623330137497206,1.0,1.0,0.9398601485643809,0.9398601485643809,0.7004049659720148,0.9609893155687546,0.674310206840909,0.8190576468718096,0.9594734751283319,0.9609124070694983,0.9991089452310857,0.9792424340309044,0.9117158713619619,0.9117158713619619,0.6559668822055296,-0.1604265790205107,0.9505337970735421,0.39564875992146337,-0.34190060150055135,-0.10595756453553916,0.8851118007638007,0.8450461601386665,0.9438689309195104,0.8806702007675427,0.75577628390125,0.8110966157617432,0.7417618306020014,0.6667783893380204,0.8687705904769815,0.8970684848353172,0.5402362865569854],[0.9166389884095121,0.9170937639025144,0.9166389884095121,0.8988487734213783,0.8988487734213783,0.9398601485643809,0.9398601485643809,1.0,1.0,0.6835529111283734,0.9358455106882272,0.6905934188968983,0.7784136773318359,0.9141916465427783,0.9360076953524806,0.942173600326537,0.9477992786618828,0.9692300823950774,0.9692300823950774,0.6164050326864384,-0.0396306530460335,0.868161249760725,0.603983257782144,-0.37201881224130434,0.013617703868637159,0.8095580741056481,0.735823052486209,0.8931689518877959,0.8554303644349942,0.7763423477520901,0.8932939805187824,0.7919889754016728,0.6993585327800664,0.8183110618876605,0.8750322079628052,0.8338353241242525],[0.9166389884095121,0.9170937639025144,0.9166389884095121,0.8988487734213783,0.8988487734213783,0.9398601485643809,0.9398601485643809,1.0,1.0,0.6835529111283734,0.9358455106882272,0.6905934188968983,0.7784136773318359,0.9141916465427783,0.9360076953524806,0.942173600326537,0.9477992786618828,0.9692300823950774,0.9692300823950774,0.6164050326864384,-0.0396306530460335,0.868161249760725,0.603983257782144,-0.37201881224130434,0.013617703868637159,0.8095580741056481,0.735823052486209,0.8931689518877959,0.8554303644349942,0.7763423477520901,0.8932939805187824,0.7919889754016728,0.6993585327800664,0.8183110618876605,0.8750322079628052,0.8338353241242525],[0.7190916060503001,0.7207459060288602,0.7190916060503001,0.6760392847778328,0.6760392847778328,0.7004049659720148,0.7004049659720148,0.6835529111283734,0.6835529111283734,1.0,0.5248266506134127,0.9999693852673847,0.29917729697148737,0.2890884990175207,0.5286403243740816,0.695044184900287,0.599036181762725,0.7805742444716354,0.7805742444716354,0.6827005485236161,-0.0979872227697281,0.6433419016016947,0.03657853661003913,0.04865769962567971,-0.24288610181043888,0.7512527599477746,0.37084547868072415,0.6892659402889628,0.7962502509167794,0.6662606155383096,0.3184822799993177,0.5197017836770306,0.5616084457786947,0.76094187174301,0.5879936584096508,0.1672098374176841],[0.9954114770594128,0.9954029779005541,0.9954114770594128,0.999672344505616,0.999672344505616,0.9609893155687546,0.9609893155687546,0.9358455106882272,0.9358455106882272,0.5248266506134127,1.0,0.5266170837123908,0.8412132710192488,0.9910219686716553,0.9999461065043344,0.958180309925565,0.994942743809333,0.8823572308223103,0.8823572308223103,0.8459657045855862,-0.10594931516112646,0.9973957499541282,0.9050599025407622,-0.5439169482324739,0.5087329721513586,0.8124733929915874,0.8866924279005183,0.9392957672314505,0.85545472562395,0.8016123707197825,0.9405296761921408,0.8368552321670352,0.7013950269638342,0.8869523746812509,0.9575509881301585,0.8384160517588256],[0.6586726991665792,0.6589504516381589,0.6586726991665792,0.6158821875554723,0.6158821875554723,0.674310206840909,0.674310206840909,0.6905934188968983,0.6905934188968983,0.9999693852673847,0.5266170837123908,1.0,0.3000479998826523,0.2898157708001995,0.529372186619285,0.6839470449843399,0.5996508172842329,0.7731067131793947,0.7731067131793947,0.6331953393829722,0.03366185008305499,0.5872470724428831,0.38130652879928006,-0.15990872435444017,-0.2321233390537056,0.7742212506254657,0.27697704900469033,0.6557198776796535,0.7636632665466697,0.6829269206673715,0.48718307313303033,0.6779772141337834,0.6747342580709923,0.7094999681756368,0.5574838972083688,0.5995835694648515],[0.837003354519444,0.8374221156096913,0.837003354519444,0.8425791575141134,0.8425791575141134,0.8190576468718096,0.8190576468718096,0.7784136773318359,0.7784136773318359,0.29917729697148737,0.8412132710192488,0.3000479998826523,1.0,0.9998569176553824,0.8406685233802392,0.8129952238526089,0.8359933261411886,0.6982217798696053,0.6982217798696053,0.6075844860810025,-0.07076658191314635,0.8411161992496694,0.7951867495150508,-0.6509798660539203,0.5541681655260303,0.6342516324371774,0.8134654383897809,0.8136983938415987,0.6678242078182768,0.5900268481629715,0.821080640295899,0.6457616015779354,0.5119098660980594,0.7397061711464149,0.8236994045210622,0.7495225882920478],[0.9899608974287497,0.9894802517360297,0.9899608974287497,0.9914170448788698,0.9914170448788698,0.9594734751283319,0.9594734751283319,0.9141916465427783,0.9141916465427783,0.2890884990175207,0.9910219686716553,0.2898157708001995,0.9998569176553824,1.0,0.991052530652328,0.9530842018198717,0.9878469268231478,0.8316975355758499,0.8316975355758499,0.845006890739755,-0.2114869837168845,0.9891897321034414,0.9016734299357808,-0.7778635965339387,0.6125930737868995,0.7207843154188612,0.9271115839452522,0.9219087105607988,0.788969012738446,0.6856553011230364,0.9398925199280639,0.7818906396309881,0.5691043745241859,0.8613989950358115,0.95812779563715,0.8433029649064594],[0.9954886865380768,0.9954958628243566,0.9954886865380768,0.9996251537303537,0.9996251537303537,0.9609124070694983,0.9609124070694983,0.9360076953524806,0.9360076953524806,0.5286403243740816,0.9999461065043344,0.529372186619285,0.8406685233802392,0.991052530652328,1.0,0.9583389716078514,0.9950456548779552,0.8832288548541903,0.8832288548541903,0.8474198497918098,-0.10328859029070864,0.9972429334797714,0.9044028055910805,-0.5415176930714289,0.5054085488728275,0.8128811885369052,0.8854698637483925,0.9386600947435936,0.8576075092904696,0.8036224874005519,0.9399098228782015,0.839134976658827,0.7046654812734315,0.8877848822154539,0.9573539549831195,0.8382654740188236],[0.978668682134945,0.9783530084744454,0.978668682134945,0.9623531426526695,0.9623531426526695,0.9991089452310857,0.9991089452310857,0.942173600326537,0.942173600326537,0.695044184900287,0.958180309925565,0.6839470449843399,0.8129952238526089,0.9530842018198717,0.9583389716078514,1.0,0.9784730746033912,0.9144864455866968,0.9144864455866968,0.7053848805319841,-0.14680677328947941,0.952759109147496,0.7088462602833101,-0.469497451609786,-0.12733809679463365,0.8961139417647971,0.8299222296991556,0.940983902958111,0.8890417973910326,0.7890993687290158,0.8889004736767193,0.7868293421217352,0.724320636576318,0.8898641903858194,0.8938090402831005,0.8294662027415284],[0.9993170719885528,0.9993178719905161,0.9993170719885528,0.9953204915655512,0.9953204915655512,0.9792424340309044,0.9792424340309044,0.9477992786618828,0.9477992786618828,0.599036181762725,0.994942743809333,0.5996508172842329,0.8359933261411886,0.9878469268231478,0.9950456548779552,0.9784730746033912,1.0,0.913432680405638,0.913432680405638,0.8618797219973742,-0.08544248738412726,0.9894105986732903,0.8839272510654138,-0.5302240357399143,0.5091841370803786,0.8585629628555522,0.8676130891689687,0.950931238393617,0.8937374509113843,0.8259256881409698,0.9306882090207399,0.8748719183667163,0.754898064506729,0.906228466671166,0.9649299172079608,0.8759276162135722],[0.9043573338272207,0.9040069541932937,0.9043573338272207,0.8741588529199295,0.8741588529199295,0.9117158713619619,0.9117158713619619,0.9692300823950774,0.9692300823950774,0.7805742444716354,0.8823572308223103,0.7731067131793947,0.6982217798696053,0.8316975355758499,0.8832288548541903,0.9144864455866968,0.913432680405638,1.0,1.0,0.7590788821743728,-0.08272833686342232,0.8412661907097094,0.6004796982896944,-0.2544755642459727,-0.18484044780213446,0.8429272922896326,0.6628589270103524,0.8462909669097063,0.9208600101759679,0.8507166459902583,0.8035603997860499,0.7732240327268209,0.7054227163727195,0.8594652721128269,0.7935231842564505,0.8630779821677772],[0.9043573338272207,0.9040069541932937,0.9043573338272207,0.8741588529199295,0.8741588529199295,0.9117158713619619,0.9117158713619619,0.9692300823950774,0.9692300823950774,0.7805742444716354,0.8823572308223103,0.7731067131793947,0.6982217798696053,0.8316975355758499,0.8832288548541903,0.9144864455866968,0.913432680405638,1.0,1.0,0.7590788821743728,-0.08272833686342232,0.8412661907097094,0.6004796982896944,-0.2544755642459727,-0.18484044780213446,0.8429272922896326,0.6628589270103524,0.8462909669097063,0.9208600101759679,0.8507166459902583,0.8035603997860499,0.7732240327268209,0.7054227163727195,0.8594652721128269,0.7935231842564505,0.8630779821677772],[0.7652198248349408,0.7823255110093557,0.7652198248349408,0.7326816771243388,0.7326816771243388,0.6559668822055296,0.6559668822055296,0.6164050326864384,0.6164050326864384,0.6827005485236161,0.8459657045855862,0.6331953393829722,0.6075844860810025,0.845006890739755,0.8474198497918098,0.7053848805319841,0.8618797219973742,0.7590788821743728,0.7590788821743728,1.0,0.010269273193525365,0.6946527512814743,-0.2989711630881422,0.26591904403125266,-0.6405394987417676,0.39188912162017825,0.5964455160551866,0.5357370502596986,0.843809179804456,0.7102913053243107,0.196583632971605,0.34500488147653907,0.5748934253372745,0.7910864797929632,0.5101407493478576,-0.09118047286297239],[-0.20136716602146784,0.008026024467901616,-0.20136716602146784,-0.20841328965177963,-0.20841328965177963,-0.1604265790205107,-0.1604265790205107,-0.0396306530460335,-0.0396306530460335,-0.0979872227697281,-0.10594931516112646,0.03366185008305499,-0.07076658191314635,-0.2114869837168845,-0.10328859029070864,-0.14680677328947941,-0.08544248738412726,-0.08272833686342232,-0.08272833686342232,0.010269273193525365,1.0,-0.13850853294584017,0.07951819253256265,0.18250693556990485,0.7384171020094763,-0.11736537078580592,-0.10784238004224012,-0.06685994317017634,0.12919853357764916,-0.036545895556657576,-0.028368321794877954,0.27974899844903417,0.5483809466075851,-0.15868923454480546,0.05092071982404806,0.11677797668132127],[0.9816286030028811,0.9747591307383499,0.9816286030028811,0.993156600971459,0.993156600971459,0.9505337970735421,0.9505337970735421,0.868161249760725,0.868161249760725,0.6433419016016947,0.9973957499541282,0.5872470724428831,0.8411161992496694,0.9891897321034414,0.9972429334797714,0.952759109147496,0.9894105986732903,0.8412661907097094,0.8412661907097094,0.6946527512814743,-0.13850853294584017,1.0,0.2011345816795756,-0.260270096514307,-0.24884387033502214,0.6854035626961573,0.9136583314925111,0.9142586873490538,0.8174089909781597,0.7463232825118856,0.6990718654243165,0.6097618515684134,0.4967604624533371,0.8852896193402626,0.7382638164911827,0.28685506285618795],[0.26588483299548765,0.022945947406630838,0.26588483299548765,0.2937474000769229,0.2937474000769229,0.39564875992146337,0.39564875992146337,0.603983257782144,0.603983257782144,0.03657853661003913,0.9050599025407622,0.38130652879928006,0.7951867495150508,0.9016734299357808,0.9044028055910805,0.7088462602833101,0.8839272510654138,0.6004796982896944,0.6004796982896944,-0.2989711630881422,0.07951819253256265,0.2011345816795756,1.0,-0.48304871105012187,0.6818987346397388,0.4157877717906085,0.22749501138106906,0.3829596422352144,-0.035487034643136676,0.1417659681322464,0.6283530036566192,0.5112779351607977,0.21879338593587316,0.09049708955254135,0.4385658086351528,0.5005004499031698],[-0.17840232284975524,-0.17111526915022468,-0.17840232284975524,-0.21281014804474807,-0.21281014804474807,-0.34190060150055135,-0.34190060150055135,-0.37201881224130434,-0.37201881224130434,0.04865769962567971,-0.5439169482324739,-0.15990872435444017,-0.6509798660539203,-0.7778635965339387,-0.5415176930714289,-0.469497451609786,-0.5302240357399143,-0.2544755642459727,-0.2544755642459727,0.26591904403125266,0.18250693556990485,-0.260270096514307,-0.48304871105012187,1.0,-0.02528725334399262,-0.21028440138769122,-0.2516533888446643,-0.34542154733869884,-0.08916582597110242,-0.12123247407191112,-0.5761521525579328,-0.236292886430443,-0.04576125669447126,-0.10409801216822424,-0.2771600854085051,-0.43299480569693616],[-0.21595926038075314,-0.21667897453920137,-0.21595926038075314,-0.2102352305499665,-0.2102352305499665,-0.10595756453553916,-0.10595756453553916,0.013617703868637159,0.013617703868637159,-0.24288610181043888,0.5087329721513586,-0.2321233390537056,0.5541681655260303,0.6125930737868995,0.5054085488728275,-0.12733809679463365,0.5091841370803786,-0.18484044780213446,-0.18484044780213446,-0.6405394987417676,0.7384171020094763,-0.24884387033502214,0.6818987346397388,-0.02528725334399262,1.0,-0.10213812512992497,-0.15218579996432782,-0.06033551911838627,-0.3422539480029974,-0.3188982145767765,0.056724865504775665,0.15468733252725056,0.260080265877519,-0.3597460799902565,0.09578187351571449,0.08337524113047794],[0.8264492584966731,0.6772403219079353,0.8264492584966731,0.8111755088769474,0.8111755088769474,0.8851118007638007,0.8851118007638007,0.8095580741056481,0.8095580741056481,0.7512527599477746,0.8124733929915874,0.7742212506254657,0.6342516324371774,0.7207843154188612,0.8128811885369052,0.8961139417647971,0.8585629628555522,0.8429272922896326,0.8429272922896326,0.39188912162017825,-0.11736537078580592,0.6854035626961573,0.4157877717906085,-0.21028440138769122,-0.10213812512992497,1.0,0.5474352348959554,0.8499143116266453,0.5275757395713659,0.6559487175384481,0.6069094442457592,0.6797159314696545,0.4364917901830582,0.7319645569454499,0.7295910507484892,0.461381941355169],[0.8840122157372013,0.8817774049286788,0.8840122157372013,0.9074754368524501,0.9074754368524501,0.8450461601386665,0.8450461601386665,0.735823052486209,0.735823052486209,0.37084547868072415,0.8866924279005183,0.27697704900469033,0.8134654383897809,0.9271115839452522,0.8854698637483925,0.8299222296991556,0.8676130891689687,0.6628589270103524,0.6628589270103524,0.5964455160551866,-0.10784238004224012,0.9136583314925111,0.22749501138106906,-0.2516533888446643,-0.15218579996432782,0.5474352348959554,1.0,0.8035609621196208,0.66421891049903,0.6025838991419534,0.6406958732072101,0.48419325658596635,0.41255464241077094,0.7465143034581865,0.6842401998066382,0.2535559613522342],[0.930320808287613,0.9112151541839997,0.930320808287613,0.9288673104230097,0.9288673104230097,0.9438689309195104,0.9438689309195104,0.8931689518877959,0.8931689518877959,0.6892659402889628,0.9392957672314505,0.6557198776796535,0.8136983938415987,0.9219087105607988,0.9386600947435936,0.940983902958111,0.950931238393617,0.8462909669097063,0.8462909669097063,0.5357370502596986,-0.06685994317017634,0.9142586873490538,0.3829596422352144,-0.34542154733869884,-0.06033551911838627,0.8499143116266453,0.8035609621196208,1.0,0.7574474679025266,0.6419489252126414,0.6847975473042391,0.6256682488211165,0.5221611300469718,0.8326746741604781,0.8679819484661895,0.30290537218969865],[0.8973419770546125,0.8944548190473931,0.8973419770546125,0.8712407394161221,0.8712407394161221,0.8806702007675427,0.8806702007675427,0.8554303644349942,0.8554303644349942,0.7962502509167794,0.85545472562395,0.7636632665466697,0.6678242078182768,0.788969012738446,0.8576075092904696,0.8890417973910326,0.8937374509113843,0.9208600101759679,0.9208600101759679,0.843809179804456,0.12919853357764916,0.8174089909781597,-0.035487034643136676,-0.08916582597110242,-0.3422539480029974,0.5275757395713659,0.66421891049903,0.7574474679025266,1.0,0.9127776332443,0.5843520375913948,0.7079846117778967,0.6705476268175851,0.886233197735021,0.5498222331179404,0.34231945381210765],[0.7832709335289177,0.7913146430924324,0.7832709335289177,0.7779508147426446,0.7779508147426446,0.75577628390125,0.75577628390125,0.7763423477520901,0.7763423477520901,0.6662606155383096,0.8016123707197825,0.6829269206673715,0.5900268481629715,0.6856553011230364,0.8036224874005519,0.7890993687290158,0.8259256881409698,0.8507166459902583,0.8507166459902583,0.7102913053243107,-0.036545895556657576,0.7463232825118856,0.1417659681322464,-0.12123247407191112,-0.3188982145767765,0.6559487175384481,0.6025838991419534,0.6419489252126414,0.9127776332443,1.0,0.6189554761104303,0.6925127136285053,0.615914042841032,0.7545757094872326,0.6228257547885983,0.5074688695122789],[0.6674890989905021,0.6590986948671782,0.6674890989905021,0.6961097288558022,0.6961097288558022,0.8110966157617432,0.8110966157617432,0.8932939805187824,0.8932939805187824,0.3184822799993177,0.9405296761921408,0.48718307313303033,0.821080640295899,0.9398925199280639,0.9399098228782015,0.8889004736767193,0.9306882090207399,0.8035603997860499,0.8035603997860499,0.196583632971605,-0.028368321794877954,0.6990718654243165,0.6283530036566192,-0.5761521525579328,0.056724865504775665,0.6069094442457592,0.6406958732072101,0.6847975473042391,0.5843520375913948,0.6189554761104303,1.0,0.7476376389163931,0.3892660709326923,0.574447477976457,0.6815180578627676,0.7604281636459851],[0.6520709750302609,0.6500403965032081,0.6520709750302609,0.6398973339980338,0.6398973339980338,0.7417618306020014,0.7417618306020014,0.7919889754016728,0.7919889754016728,0.5197017836770306,0.8368552321670352,0.6779772141337834,0.6457616015779354,0.7818906396309881,0.839134976658827,0.7868293421217352,0.8748719183667163,0.7732240327268209,0.7732240327268209,0.34500488147653907,0.27974899844903417,0.6097618515684134,0.5112779351607977,-0.236292886430443,0.15468733252725056,0.6797159314696545,0.48419325658596635,0.6256682488211165,0.7079846117778967,0.6925127136285053,0.7476376389163931,1.0,0.7791069257363826,0.5386347317699367,0.7346990714643927,0.5756590527517358],[0.5973223507375458,0.6223740547092887,0.5973223507375458,0.5607232009840843,0.5607232009840843,0.6667783893380204,0.6667783893380204,0.6993585327800664,0.6993585327800664,0.5616084457786947,0.7013950269638342,0.6747342580709923,0.5119098660980594,0.5691043745241859,0.7046654812734315,0.724320636576318,0.754898064506729,0.7054227163727195,0.7054227163727195,0.5748934253372745,0.5483809466075851,0.4967604624533371,0.21879338593587316,-0.04576125669447126,0.260080265877519,0.4364917901830582,0.41255464241077094,0.5221611300469718,0.6705476268175851,0.615914042841032,0.3892660709326923,0.7791069257363826,1.0,0.5016091683191509,0.646751093941917,0.22334833893804767],[0.9240197797209475,0.9233501843910542,0.9240197797209475,0.9065073435644949,0.9065073435644949,0.8687705904769815,0.8687705904769815,0.8183110618876605,0.8183110618876605,0.76094187174301,0.8869523746812509,0.7094999681756368,0.7397061711464149,0.8613989950358115,0.8877848822154539,0.8898641903858194,0.906228466671166,0.8594652721128269,0.8594652721128269,0.7910864797929632,-0.15868923454480546,0.8852896193402626,0.09049708955254135,-0.10409801216822424,-0.3597460799902565,0.7319645569454499,0.7465143034581865,0.8326746741604781,0.886233197735021,0.7545757094872326,0.574447477976457,0.5386347317699367,0.5016091683191509,1.0,0.7653758878076566,0.24099567853767023],[0.873943136095672,0.7528112656146863,0.873943136095672,0.8667671675204054,0.8667671675204054,0.8970684848353172,0.8970684848353172,0.8750322079628052,0.8750322079628052,0.5879936584096508,0.9575509881301585,0.5574838972083688,0.8236994045210622,0.95812779563715,0.9573539549831195,0.8938090402831005,0.9649299172079608,0.7935231842564505,0.7935231842564505,0.5101407493478576,0.05092071982404806,0.7382638164911827,0.4385658086351528,-0.2771600854085051,0.09578187351571449,0.7295910507484892,0.6842401998066382,0.8679819484661895,0.5498222331179404,0.6228257547885983,0.6815180578627676,0.7346990714643927,0.646751093941917,0.7653758878076566,1.0,0.27584890398918105],[0.2860694678937792,0.2819720530971368,0.2860694678937792,0.30157886272117823,0.30157886272117823,0.5402362865569854,0.5402362865569854,0.8338353241242525,0.8338353241242525,0.1672098374176841,0.8384160517588256,0.5995835694648515,0.7495225882920478,0.8433029649064594,0.8382654740188236,0.8294662027415284,0.8759276162135722,0.8630779821677772,0.8630779821677772,-0.09118047286297239,0.11677797668132127,0.28685506285618795,0.5005004499031698,-0.43299480569693616,0.08337524113047794,0.461381941355169,0.2535559613522342,0.30290537218969865,0.34231945381210765,0.5074688695122789,0.7604281636459851,0.5756590527517358,0.22334833893804767,0.24099567853767023,0.27584890398918105,1.0]],"x":["^TAIEX       \u81fa\u7063\u52a0\u6b0a\u5831\u916c\u6307\u6578","^TWII        \u81fa\u7063\u52a0\u6b0a\u6307\u6578","^TAIEXx2     \u81fa\u7063\u52a0\u6b0a\u5831\u916c\u6307\u6578_\u65e5\u6b632","^TAI50I      \u81fa\u706350\u5831\u916c\u6307\u6578","^TAI50Ix2    \u81fa\u706350\u5831\u916c\u6307\u6578_\u65e5\u6b632","^TAI100I     \u81fa\u7063\u4e2d\u578b100\u5831\u916c\u6307\u6578","^TAI100Ix2   \u81fa\u7063\u4e2d\u578b100\u5831\u916c\u6307\u6578_\u65e5\u6b632","^TAIDIVIDI   \u81fa\u7063\u9ad8\u80a1\u606f\u5831\u916c\u6307\u6578","^TAIDIVIDIx2 \u81fa\u7063\u9ad8\u80a1\u606f\u5831\u916c\u6307\u6578_\u65e5\u6b632","0050Fund     \u5143\u5927\u53f0\u7063\u5353\u8d8a50\u57fa\u91d1","006208Fund   \u5bcc\u90a6\u53f0\u7063\u91c6\u540950\u57fa\u91d1","0050         \u5143\u5927\u81fa\u706350","00631L       \u5143\u5927\u53f0\u706350\u6b632","00675L       \u5bcc\u90a6\u81fa\u7063\u52a0\u6b0a\u6b632","006208       \u5bcc\u90a6\u53f050","0051         \u5143\u5927\u4e2d\u578b100","006204       \u6c38\u8c50\u81fa\u7063\u52a0\u6b0a","0056         \u5143\u5927\u9ad8\u80a1\u606f","0056         \u5143\u5927\u9ad8\u80a1\u606f_\u80a1\u606f\u4e0d\u6295\u5165","2412         \u4e2d\u83ef\u96fb\u4fe1","2002         \u4e2d\u92fc","2330         \u53f0\u7a4d\u96fb","2317         \u9d3b\u6d77","6505         \u53f0\u5851\u77f3\u5316","3481         \u7fa4\u5275","2303         \u806f\u96fb","2308         \u53f0\u9054\u96fb","2454         \u806f\u767c\u79d1","2886         \u5146\u8c50\u91d1","2884         \u7389\u5c71\u91d1","2891         \u4e2d\u4fe1\u91d1","2892         \u7b2c\u4e00\u91d1","5880         \u5408\u5eab\u91d1","2881         \u5bcc\u90a6\u91d1","2885         \u5143\u5927\u91d1","2887         \u53f0\u65b0\u91d1"],"y":["^TAIEX       \u81fa\u7063\u52a0\u6b0a\u5831\u916c\u6307\u6578","^TWII        \u81fa\u7063\u52a0\u6b0a\u6307\u6578","^TAIEXx2     \u81fa\u7063\u52a0\u6b0a\u5831\u916c\u6307\u6578_\u65e5\u6b632","^TAI50I      \u81fa\u706350\u5831\u916c\u6307\u6578","^TAI50Ix2    \u81fa\u706350\u5831\u916c\u6307\u6578_\u65e5\u6b632","^TAI100I     \u81fa\u7063\u4e2d\u578b100\u5831\u916c\u6307\u6578","^TAI100Ix2   \u81fa\u7063\u4e2d\u578b100\u5831\u916c\u6307\u6578_\u65e5\u6b632","^TAIDIVIDI   \u81fa\u7063\u9ad8\u80a1\u606f\u5831\u916c\u6307\u6578","^TAIDIVIDIx2 \u81fa\u7063\u9ad8\u80a1\u606f\u5831\u916c\u6307\u6578_\u65e5\u6b632","0050Fund     \u5143\u5927\u53f0\u7063\u5353\u8d8a50\u57fa\u91d1","006208Fund   \u5bcc\u90a6\u53f0\u7063\u91c6\u540950\u57fa\u91d1","0050         \u5143\u5927\u81fa\u706350","00631L       \u5143\u5927\u53f0\u706350\u6b632","00675L       \u5bcc\u90a6\u81fa\u7063\u52a0\u6b0a\u6b632","006208       \u5bcc\u90a6\u53f050","0051         \u5143\u5927\u4e2d\u578b100","006204       \u6c38\u8c50\u81fa\u7063\u52a0\u6b0a","0056         \u5143\u5927\u9ad8\u80a1\u606f","0056         \u5143\u5927\u9ad8\u80a1\u606f_\u80a1\u606f\u4e0d\u6295\u5165","2412         \u4e2d\u83ef\u96fb\u4fe1","2002         \u4e2d\u92fc","2330         \u53f0\u7a4d\u96fb","2317         \u9d3b\u6d77","6505         \u53f0\u5851\u77f3\u5316","3481         \u7fa4\u5275","2303         \u806f\u96fb","2308         \u53f0\u9054\u96fb","2454         \u806f\u767c\u79d1","2886         \u5146\u8c50\u91d1","2884         \u7389\u5c71\u91d1","2891         \u4e2d\u4fe1\u91d1","2892         \u7b2c\u4e00\u91d1","5880         \u5408\u5eab\u91d1","2881         \u5bcc\u90a6\u91d1","2885         \u5143\u5927\u91d1","2887         \u53f0\u65b0\u91d1"],"zmin":-1,"zmax":1,"colorbar":{"x":-0.2}}],"layout":{"autotypenumbers":"strict","colorway":["#636efa","#EF553B","#00cc96","#ab63fa","#FFA15A","#19d3f3","#FF6692","#B6E880","#FF97FF","#FECB52"],"font":{"color":"#f2f5fa","family":"Courier New"},"hovermode":"closest","hoverlabel":{"align":"left"},"paper_bgcolor":"rgb(17,17,17)","plot_bgcolor":"rgb(17,17,17)","polar":{"bgcolor":"rgb(17,17,17)","angularaxis":{"gridcolor":"#506784","linecolor":"#506784","ticks":""},"radialaxis":{"gridcolor":"#506784","linecolor":"#506784","ticks":""}},"ternary":{"bgcolor":"rgb(17,17,17)","aaxis":{"gridcolor":"#506784","linecolor":"#506784","ticks":""},"baxis":{"gridcolor":"#506784","linecolor":"#506784","ticks":""},"caxis":{"gridcolor":"#506784","linecolor":"#506784","ticks":""}},"coloraxis":{"colorbar":{"outlinewidth":0,"ticks":""}},"colorscale":{"sequential":[[0.0,"#0d0887"],[0.1111111111111111,"#46039f"],[0.2222222222222222,"#7201a8"],[0.3333333333333333,"#9c179e"],[0.4444444444444444,"#bd3786"],[0.5555555555555556,"#d8576b"],[0.6666666666666666,"#ed7953"],[0.7777777777777778,"#fb9f3a"],[0.8888888888888888,"#fdca26"],[1.0,"#f0f921"]],"sequentialminus":[[0.0,"#0d0887"],[0.1111111111111111,"#46039f"],[0.2222222222222222,"#7201a8"],[0.3333333333333333,"#9c179e"],[0.4444444444444444,"#bd3786"],[0.5555555555555556,"#d8576b"],[0.6666666666666666,"#ed7953"],[0.7777777777777778,"#fb9f3a"],[0.8888888888888888,"#fdca26"],[1.0,"#f0f921"]],"diverging":[[0,"#8e0152"],[0.1,"#c51b7d"],[0.2,"#de77ae"],[0.3,"#f1b6da"],[0.4,"#fde0ef"],[0.5,"#f7f7f7"],[0.6,"#e6f5d0"],[0.7,"#b8e186"],[0.8,"#7fbc41"],[0.9,"#4d9221"],[1,"#276419"]]},"xaxis":{"gridcolor":"rgba(0, 0, 0, 0)","linecolor":"#506784","ticks":"","title":{"standoff":15},"zerolinecolor":"#283442","automargin":true,"zerolinewidth":2,"tickfont":{"family":"Courier New","size":14},"side":"top","tickangle":-90},"yaxis":{"gridcolor":"rgba(0, 0, 0, 0)","linecolor":"#506784","ticks":"","title":{"standoff":15},"zerolinecolor":"#283442","automargin":true,"zerolinewidth":2,"tickfont":{"family":"Courier New"},"side":"right"},"scene":{"xaxis":{"backgroundcolor":"rgb(17,17,17)","gridcolor":"#506784","linecolor":"#506784","showbackground":true,"ticks":"","zerolinecolor":"#C8D4E3","gridwidth":2},"yaxis":{"backgroundcolor":"rgb(17,17,17)","gridcolor":"#506784","linecolor":"#506784","showbackground":true,"ticks":"","zerolinecolor":"#C8D4E3","gridwidth":2},"zaxis":{"backgroundcolor":"rgb(17,17,17)","gridcolor":"#506784","linecolor":"#506784","showbackground":true,"ticks":"","zerolinecolor":"#C8D4E3","gridwidth":2}},"shapedefaults":{"line":{"color":"#f2f5fa"}},"annotationdefaults":{"arrowcolor":"#f2f5fa","arrowhead":0,"arrowwidth":1},"geo":{"bgcolor":"rgb(17,17,17)","landcolor":"rgb(17,17,17)","subunitcolor":"#506784","showland":true,"showlakes":true,"lakecolor":"rgb(17,17,17)"},"title":{"x":0.05,"font":{"family":"Times New Roman"},"y":0.05,"text":"<b>Correlation of Close<b><br><i>2016-09-23 ~ 2026-05-04<i>"},"updatemenudefaults":{"bgcolor":"#506784","borderwidth":0},"sliderdefaults":{"bgcolor":"#C8D4E3","borderwidth":1,"bordercolor":"rgb(17,17,17)","tickwidth":0},"mapbox":{"style":"dark"},"annotations":[{"text":"<b>@zwindr<b>","textangle":0,"opacity":0.5,"font":{"color":"white","size":12},"xref":"paper","yref":"paper","xanchor":"left","yanchor":"bottom","x":1.0,"y":1.0,"showarrow":false}]},"config":{"responsive":true,"toImageButtonOptions":{"filename":"Correlation of Close_2016-09-23~2026-05-04","scale":5}}};Plotly.newPlot("correlationClose",correlationClose.data,correlationClose.layout||{},correlationClose.config);}else{console.log("style display is none => correlationClose");}