var element=document.getElementById("correlationClose");if(element.style.display!='none'){var correlationClose={"data":[{"type":"heatmap","z":[[1.0,0.9999999999999983,1.0,0.9951760005920285,0.9951760005920285,0.965765541961465,0.965765541961465,0.9057125987158444,0.9057125987158444,0.8489557804617904,0.9944368109360229,0.8137010114173329,0.9926158909807444,0.9926864133255351,0.9944787861655223,0.9743219736572442,0.999048559667865,0.9201936876272133,0.9201936876272133,0.7836013650649954,-0.13555965436354359,0.9780243692692187,0.1547370547991868,-0.09411949647572045,-0.25164400232570994,0.8148645853222304,0.909335965262477,0.9134181147560446,0.9264991490732243,0.7806402573294434,0.5511511644353472,0.6358702541514303,0.6317055570819429,0.933236615743176,0.8313696775443364,0.18803477907240942],[0.9999999999999983,1.0,0.9999999999999986,0.9951432247548084,0.9951432247548084,0.9652227826055112,0.9652227826055112,0.9066944088379306,0.9066944088379306,0.8502967980456059,0.9944302229562707,0.8137617453379505,0.9923422183728566,0.9921744561202526,0.9944806403540876,0.9737424385743523,0.9990501728367557,0.9203967749421101,0.9203967749421101,0.802305194255565,0.07563255473728026,0.9698349879067444,-0.04744224332953266,-0.08658203688761976,-0.2519371033378489,0.6471924791897664,0.9104471264795411,0.8886901670538228,0.9210903216714589,0.7914194060437004,0.542889527714119,0.6329856650780741,0.6575486004190593,0.9309156612522868,0.687366090270919,0.1848830507943983],[1.0,0.9999999999999986,1.0,0.9951760005920285,0.9951760005920285,0.965765541961465,0.965765541961465,0.9057125987158444,0.9057125987158444,0.8489557804617904,0.9944368109360229,0.8137010114173329,0.9926158909807444,0.9926864133255351,0.9944787861655223,0.9743219736572442,0.999048559667865,0.9201936876272133,0.9201936876272133,0.7836013650649954,-0.13555965436354359,0.9780243692692187,0.1547370547991868,-0.09411949647572045,-0.25164400232570994,0.8148645853222304,0.909335965262477,0.9134181147560446,0.9264991490732243,0.7806402573294434,0.5511511644353472,0.6358702541514303,0.6317055570819429,0.933236615743176,0.8313696775443364,0.18803477907240942],[0.9951760005920285,0.9951432247548084,0.9951760005920285,1.0,1.0,0.952507410380183,0.952507410380183,0.8903038956150384,0.8903038956150384,0.8265578040430187,0.9995320362867782,0.7894333242719478,0.9907947387319025,0.9877127169613724,0.999494213285748,0.9568739077525222,0.9947913863353707,0.8965631735115768,0.8965631735115768,0.7590306405202598,-0.1434101293245935,0.9903750618087944,0.18089793434206158,-0.12990564183565845,-0.2524028673360003,0.8067569512226374,0.919223571968806,0.9151069253408853,0.9116076128221898,0.7865687792416696,0.5796828986651676,0.6292505335078482,0.6020519661266831,0.9238203872844268,0.820863061841417,0.20003162766629104],[0.9951760005920285,0.9951432247548084,0.9951760005920285,1.0,1.0,0.952507410380183,0.952507410380183,0.8903038956150384,0.8903038956150384,0.8265578040430187,0.9995320362867782,0.7894333242719478,0.9907947387319025,0.9877127169613724,0.999494213285748,0.9568739077525222,0.9947913863353707,0.8965631735115768,0.8965631735115768,0.7590306405202598,-0.1434101293245935,0.9903750618087944,0.18089793434206158,-0.12990564183565845,-0.2524028673360003,0.8067569512226374,0.919223571968806,0.9151069253408853,0.9116076128221898,0.7865687792416696,0.5796828986651676,0.6292505335078482,0.6020519661266831,0.9238203872844268,0.820863061841417,0.20003162766629104],[0.965765541961465,0.9652227826055112,0.965765541961465,0.952507410380183,0.952507410380183,1.0,1.0,0.9309828470581876,0.9309828470581876,0.8185828779339589,0.952169654053822,0.8053296020410504,0.9706909641984078,0.9682065773292379,0.952011255160768,0.9990945528543012,0.9739045870921287,0.9193734904704121,0.9193734904704121,0.6449318994642584,-0.083503387775706,0.9376848123042469,0.31364748601395315,-0.27993408955128807,-0.11814721423506516,0.8844410300076048,0.8611618003968942,0.9315528070906164,0.9003218085075448,0.7445028380777907,0.7456523118922856,0.7394307506975015,0.7069304597085689,0.8613232970323651,0.8627905760918296,0.4691589026871628],[0.965765541961465,0.9652227826055112,0.965765541961465,0.952507410380183,0.952507410380183,1.0,1.0,0.9309828470581876,0.9309828470581876,0.8185828779339589,0.952169654053822,0.8053296020410504,0.9706909641984078,0.9682065773292379,0.952011255160768,0.9990945528543012,0.9739045870921287,0.9193734904704121,0.9193734904704121,0.6449318994642584,-0.083503387775706,0.9376848123042469,0.31364748601395315,-0.27993408955128807,-0.11814721423506516,0.8844410300076048,0.8611618003968942,0.9315528070906164,0.9003218085075448,0.7445028380777907,0.7456523118922856,0.7394307506975015,0.7069304597085689,0.8613232970323651,0.8627905760918296,0.4691589026871628],[0.9057125987158444,0.9066944088379306,0.9057125987158444,0.8903038956150384,0.8903038956150384,0.9309828470581876,0.9309828470581876,1.0,1.0,0.763687038167182,0.9377112788120255,0.7830499180709681,0.9423793269946897,0.9371572251910781,0.9375769429267791,0.9319424430406376,0.9445849148886255,0.9714758057239568,0.9714758057239568,0.5867650825429211,0.037076045153793986,0.8516776699787559,0.5472005540030604,-0.3056851487359288,0.017723070841373204,0.7864656768560725,0.7605520368969063,0.8739498732185859,0.8524669760606192,0.7571796282103763,0.8791140025116972,0.7816262513336821,0.7170473576578733,0.7926910757573232,0.8499116964307494,0.8027328831989932],[0.9057125987158444,0.9066944088379306,0.9057125987158444,0.8903038956150384,0.8903038956150384,0.9309828470581876,0.9309828470581876,1.0,1.0,0.763687038167182,0.9377112788120255,0.7830499180709681,0.9423793269946897,0.9371572251910781,0.9375769429267791,0.9319424430406376,0.9445849148886255,0.9714758057239568,0.9714758057239568,0.5867650825429211,0.037076045153793986,0.8516776699787559,0.5472005540030604,-0.3056851487359288,0.017723070841373204,0.7864656768560725,0.7605520368969063,0.8739498732185859,0.8524669760606192,0.7571796282103763,0.8791140025116972,0.7816262513336821,0.7170473576578733,0.7926910757573232,0.8499116964307494,0.8027328831989932],[0.8489557804617904,0.8502967980456059,0.8489557804617904,0.8265578040430187,0.8265578040430187,0.8185828779339589,0.8185828779339589,0.763687038167182,0.763687038167182,1.0,0.7284284006987373,0.9999698733833244,0.6730794691715819,0.593625587671132,0.7301463868829915,0.8140434029392557,0.7773671305408208,0.833843351413108,0.833843351413108,0.7025891097384249,-0.10235458106677237,0.8010691901903986,0.04214696294142656,0.0459451063325143,-0.24437427959213534,0.7970391489769659,0.6121239717332798,0.7866217675842154,0.8292856185608277,0.6979150117682013,0.37607532918647785,0.5399520077266572,0.5681805110273719,0.8173644495473892,0.6843737113111364,0.17494807796951195],[0.9944368109360229,0.9944302229562707,0.9944368109360229,0.9995320362867782,0.9995320362867782,0.952169654053822,0.952169654053822,0.9377112788120255,0.9377112788120255,0.7284284006987373,1.0,0.7283516179048106,0.9905658119384304,0.9878020034131251,0.9999261683665828,0.9524173825344511,0.9936837525164113,0.9083665335954465,0.9083665335954465,0.8537469589791014,0.03614109094668124,0.9964121194162537,0.8832991672166114,-0.501156840515581,0.34057744786867733,0.8259744249963028,0.8825630180119144,0.9350349483780211,0.9058057239879251,0.8098976019019443,0.9119762997650103,0.8693194751075818,0.7814404424053595,0.9019204041770346,0.9422090020941002,0.7770937073206285],[0.8137010114173329,0.8137617453379505,0.8137010114173329,0.7894333242719478,0.7894333242719478,0.8053296020410504,0.8053296020410504,0.7830499180709681,0.7830499180709681,0.9999698733833244,0.7283516179048106,1.0,0.6710156731379316,0.5909522972129893,0.7285725040649391,0.8063226859388593,0.7759573973101126,0.8308140624150553,0.8308140624150553,0.66684954322547,0.023051831423733227,0.7654664374172043,0.46212313667411686,-0.1796517672131379,-0.2318507424570929,0.8312364119775043,0.5232389848949318,0.7648884757998807,0.8049021904683027,0.7274668569464819,0.6261461981074288,0.7236602690588325,0.690961526701203,0.7815512203946332,0.6822727352202137,0.6937378089173166],[0.9926158909807444,0.9923422183728566,0.9926158909807444,0.9907947387319025,0.9907947387319025,0.9706909641984078,0.9706909641984078,0.9423793269946897,0.9423793269946897,0.6730794691715819,0.9905658119384304,0.6710156731379316,1.0,0.9997586870618704,0.9905649549186747,0.9691562356128303,0.9903855624485776,0.8994037301360396,0.8994037301360396,0.8319485032258126,0.06547057939928064,0.9886456099240344,0.9038665219899737,-0.660631852718806,0.4088637747653024,0.7989705946384347,0.888603710076745,0.9445623144620595,0.8975106283238573,0.7434531105751047,0.9119160395706782,0.8485304538076521,0.7635427896602905,0.8860808882206492,0.9564955686571285,0.8055667789150895],[0.9926864133255351,0.9921744561202526,0.9926864133255351,0.9877127169613724,0.9877127169613724,0.9682065773292379,0.9682065773292379,0.9371572251910781,0.9371572251910781,0.593625587671132,0.9878020034131251,0.5909522972129893,0.9997586870618704,1.0,0.9879547291719021,0.9659307381773667,0.9894542356390211,0.8843676711618035,0.8843676711618035,0.8531404566885077,-0.06024049649492558,0.9843304493187446,0.9121369752332541,-0.8387143567909197,0.4463889813571629,0.7482830029544838,0.8931866132034765,0.9384996941935663,0.883576647770359,0.6727238977196771,0.9203078307115224,0.8391890784865796,0.7067634469184466,0.9118232608603359,0.9571171608930523,0.7739376173238188],[0.9944787861655223,0.9944806403540876,0.9944787861655223,0.999494213285748,0.999494213285748,0.952011255160768,0.952011255160768,0.9375769429267791,0.9375769429267791,0.7301463868829915,0.9999261683665828,0.7285725040649391,0.9905649549186747,0.9879547291719021,1.0,0.9523979649820917,0.9937472684589291,0.9087208899672516,0.9087208899672516,0.8546553178972516,0.03526410238845378,0.9962930810625226,0.8828935147503587,-0.4984829644061399,0.3396801519976155,0.82609034759956,0.8809275050829509,0.9341662397932209,0.9062146894145292,0.8108568937147481,0.9115476290343062,0.8702129452369584,0.7823220192144298,0.901945458896212,0.9422255690119562,0.7775540560286243],[0.9743219736572442,0.9737424385743523,0.9743219736572442,0.9568739077525222,0.9568739077525222,0.9990945528543012,0.9990945528543012,0.9319424430406376,0.9319424430406376,0.8140434029392557,0.9524173825344511,0.8063226859388593,0.9691562356128303,0.9659307381773667,0.9523979649820917,1.0,0.9752377703955751,0.9190342324065115,0.9190342324065115,0.6932695744919197,-0.06817216763942081,0.9459549218523099,0.6382830652300671,-0.4123760180188774,-0.16697749913391752,0.8956762307705809,0.8582634177727085,0.9274166828992894,0.9074190667408163,0.78137527662296,0.8551285938138012,0.786563652257924,0.7630579743732455,0.8834741125828904,0.8602932451138879,0.7902747268151009],[0.999048559667865,0.9990501728367557,0.999048559667865,0.9947913863353707,0.9947913863353707,0.9739045870921287,0.9739045870921287,0.9445849148886255,0.9445849148886255,0.7773671305408208,0.9936837525164113,0.7759573973101126,0.9903855624485776,0.9894542356390211,0.9937472684589291,0.9752377703955751,1.0,0.9328029440957889,0.9328029440957889,0.8627501586377369,0.04809000778153925,0.9871756467744615,0.8507819375407614,-0.47956575745280966,0.3584814257834116,0.8708599450493156,0.8755886061680889,0.9450758262187623,0.9342453042618131,0.8317656734673123,0.9004456291280843,0.8996600729465306,0.82196264295441,0.9157070913748716,0.9512180273829882,0.8340245075738447],[0.9201936876272133,0.9203967749421101,0.9201936876272133,0.8965631735115768,0.8965631735115768,0.9193734904704121,0.9193734904704121,0.9714758057239568,0.9714758057239568,0.833843351413108,0.9083665335954465,0.8308140624150553,0.8994037301360396,0.8843676711618035,0.9087208899672516,0.9190342324065115,0.9328029440957889,1.0,1.0,0.7418771078463071,-0.027759604785862063,0.8599708754523947,0.5469320235601696,-0.1924270830929934,-0.2068242241339439,0.82702301973549,0.7414529778517848,0.8375587458064508,0.916859854389649,0.8383846524833425,0.8007621796554915,0.7563417318759008,0.7060517476584948,0.8457511383983786,0.7785890549651294,0.8517855971140714],[0.9201936876272133,0.9203967749421101,0.9201936876272133,0.8965631735115768,0.8965631735115768,0.9193734904704121,0.9193734904704121,0.9714758057239568,0.9714758057239568,0.833843351413108,0.9083665335954465,0.8308140624150553,0.8994037301360396,0.8843676711618035,0.9087208899672516,0.9190342324065115,0.9328029440957889,1.0,1.0,0.7418771078463071,-0.027759604785862063,0.8599708754523947,0.5469320235601696,-0.1924270830929934,-0.2068242241339439,0.82702301973549,0.7414529778517848,0.8375587458064508,0.916859854389649,0.8383846524833425,0.8007621796554915,0.7563417318759008,0.7060517476584948,0.8457511383983786,0.7785890549651294,0.8517855971140714],[0.7836013650649954,0.802305194255565,0.7836013650649954,0.7590306405202598,0.7590306405202598,0.6449318994642584,0.6449318994642584,0.5867650825429211,0.5867650825429211,0.7025891097384249,0.8537469589791014,0.66684954322547,0.8319485032258126,0.8531404566885077,0.8546553178972516,0.6932695744919197,0.8627501586377369,0.7418771078463071,0.7418771078463071,1.0,0.03667198384813255,0.7206027915291461,-0.3714697194875493,0.3216095396916061,-0.6569804845572423,0.3528746179500124,0.7167077770725583,0.5101072105527156,0.836131841122096,0.6943795196023922,0.106890262715403,0.309117400958732,0.5660840430240238,0.7833888667528356,0.4784117429999188,-0.15138906951331793],[-0.13555965436354359,0.07563255473728026,-0.13555965436354359,-0.1434101293245935,-0.1434101293245935,-0.083503387775706,-0.083503387775706,0.037076045153793986,0.037076045153793986,-0.10235458106677237,0.03614109094668124,0.023051831423733227,0.06547057939928064,-0.06024049649492558,0.03526410238845378,-0.06817216763942081,0.04809000778153925,-0.027759604785862063,-0.027759604785862063,0.03667198384813255,1.0,-0.09126315579602196,0.10894947046930419,0.1529177411951411,0.7491461962202576,-0.09087229125763521,-0.038502574878230375,-0.008710336229970524,0.16388510408585552,0.0028570632970886176,0.05623248412000351,0.33600397635734447,0.5694474883115043,-0.11783611673158507,0.1099628717129457,0.15907943931269117],[0.9780243692692187,0.9698349879067444,0.9780243692692187,0.9903750618087944,0.9903750618087944,0.9376848123042469,0.9376848123042469,0.8516776699787559,0.8516776699787559,0.8010691901903986,0.9964121194162537,0.7654664374172043,0.9886456099240344,0.9843304493187446,0.9962930810625226,0.9459549218523099,0.9871756467744615,0.8599708754523947,0.8599708754523947,0.7206027915291461,-0.09126315579602196,1.0,0.08931376399660287,-0.18860726065715586,-0.3036484569616069,0.66945302689163,0.9178409673304835,0.8983997606992684,0.8551287327379847,0.7547017352129577,0.5796997397734577,0.5953997601388403,0.5314936327031302,0.9024293055166314,0.6650720329190204,0.18035113088133556],[0.1547370547991868,-0.04744224332953266,0.1547370547991868,0.18089793434206158,0.18089793434206158,0.31364748601395315,0.31364748601395315,0.5472005540030604,0.5472005540030604,0.04214696294142656,0.8832991672166114,0.46212313667411686,0.9038665219899737,0.9121369752332541,0.8828935147503587,0.6382830652300671,0.8507819375407614,0.5469320235601696,0.5469320235601696,-0.3714697194875493,0.10894947046930419,0.08931376399660287,1.0,-0.45619548495865003,0.7225134748315741,0.37864931496312915,0.09854650087677341,0.3096600775567202,-0.09845233626342413,0.0753878506066847,0.5945085185795764,0.477143913856936,0.19848635039208865,-0.000888780107066345,0.3901174688024656,0.4683031793871698],[-0.09411949647572045,-0.08658203688761976,-0.09411949647572045,-0.12990564183565845,-0.12990564183565845,-0.27993408955128807,-0.27993408955128807,-0.3056851487359288,-0.3056851487359288,0.0459451063325143,-0.501156840515581,-0.1796517672131379,-0.660631852718806,-0.8387143567909197,-0.4984829644061399,-0.4123760180188774,-0.47956575745280966,-0.1924270830929934,-0.1924270830929934,0.3216095396916061,0.1529177411951411,-0.18860726065715586,-0.45619548495865003,1.0,-0.02944077175382607,-0.16200310336527496,-0.18227640617294888,-0.2996659861358042,-0.04111784345111273,-0.07228765893056924,-0.5671394030448538,-0.19903200367559806,-0.02288638522684758,-0.04063027738536892,-0.2158117630915585,-0.4073847810250857],[-0.25164400232570994,-0.2519371033378489,-0.25164400232570994,-0.2524028673360003,-0.2524028673360003,-0.11814721423506516,-0.11814721423506516,0.017723070841373204,0.017723070841373204,-0.24437427959213534,0.34057744786867733,-0.2318507424570929,0.4088637747653024,0.4463889813571629,0.3396801519976155,-0.16697749913391752,0.3584814257834116,-0.2068242241339439,-0.2068242241339439,-0.6569804845572423,0.7491461962202576,-0.3036484569616069,0.7225134748315741,-0.02944077175382607,1.0,-0.1059424841575076,-0.25045374662482683,-0.06500756043143371,-0.35115777940055504,-0.32921347275994023,0.07387766756693499,0.162564831910954,0.26392458571971,-0.3797096953556563,0.11587768554579449,0.09345876958222794],[0.8148645853222304,0.6471924791897664,0.8148645853222304,0.8067569512226374,0.8067569512226374,0.8844410300076048,0.8844410300076048,0.7864656768560725,0.7864656768560725,0.7970391489769659,0.8259744249963028,0.8312364119775043,0.7989705946384347,0.7482830029544838,0.82609034759956,0.8956762307705809,0.8708599450493156,0.82702301973549,0.82702301973549,0.3528746179500124,-0.09087229125763521,0.66945302689163,0.37864931496312915,-0.16200310336527496,-0.1059424841575076,1.0,0.5493453479687466,0.8389591206506739,0.4945705352095956,0.6270578804132724,0.5468711348113247,0.6572933919175319,0.42487470404603983,0.7042126845653381,0.7034418128213508,0.41693402017236714],[0.909335965262477,0.9104471264795411,0.909335965262477,0.919223571968806,0.919223571968806,0.8611618003968942,0.8611618003968942,0.7605520368969063,0.7605520368969063,0.6121239717332798,0.8825630180119144,0.5232389848949318,0.888603710076745,0.8931866132034765,0.8809275050829509,0.8582634177727085,0.8755886061680889,0.7414529778517848,0.7414529778517848,0.7167077770725583,-0.038502574878230375,0.9178409673304835,0.09854650087677341,-0.18227640617294888,-0.25045374662482683,0.5493453479687466,1.0,0.8006324476603334,0.7900617728783758,0.6702499499524063,0.4804029010178004,0.5042152767351148,0.525101768343185,0.84492973383536,0.6232032282386035,0.10083640860175354],[0.9134181147560446,0.8886901670538228,0.9134181147560446,0.9151069253408853,0.9151069253408853,0.9315528070906164,0.9315528070906164,0.8739498732185859,0.8739498732185859,0.7866217675842154,0.9350349483780211,0.7648884757998807,0.9445623144620595,0.9384996941935663,0.9341662397932209,0.9274166828992894,0.9450758262187623,0.8375587458064508,0.8375587458064508,0.5101072105527156,-0.008710336229970524,0.8983997606992684,0.3096600775567202,-0.2996659861358042,-0.06500756043143371,0.8389591206506739,0.8006324476603334,1.0,0.7532967178047861,0.611909306885222,0.5959759359905968,0.6027121614292587,0.5344862610716414,0.818909162210627,0.833545975648988,0.22027420587463165],[0.9264991490732243,0.9210903216714589,0.9264991490732243,0.9116076128221898,0.9116076128221898,0.9003218085075448,0.9003218085075448,0.8524669760606192,0.8524669760606192,0.8292856185608277,0.9058057239879251,0.8049021904683027,0.8975106283238573,0.883576647770359,0.9062146894145292,0.9074190667408163,0.9342453042618131,0.916859854389649,0.916859854389649,0.836131841122096,0.16388510408585552,0.8551287327379847,-0.09845233626342413,-0.04111784345111273,-0.35115777940055504,0.4945705352095956,0.7900617728783758,0.7532967178047861,1.0,0.9066515029873792,0.5460154503321355,0.6885443874353515,0.6667563188042003,0.8793805332376968,0.508112480687027,0.2996996511546719],[0.7806402573294434,0.7914194060437004,0.7806402573294434,0.7865687792416696,0.7865687792416696,0.7445028380777907,0.7445028380777907,0.7571796282103763,0.7571796282103763,0.6979150117682013,0.8098976019019443,0.7274668569464819,0.7434531105751047,0.6727238977196771,0.8108568937147481,0.78137527662296,0.8317656734673123,0.8383846524833425,0.8383846524833425,0.6943795196023922,0.0028570632970886176,0.7547017352129577,0.0753878506066847,-0.07228765893056924,-0.32921347275994023,0.6270578804132724,0.6702499499524063,0.611909306885222,0.9066515029873792,1.0,0.5805981263736381,0.6706805871363918,0.6102997327144597,0.7322508052076571,0.586498501884715,0.473717995011765],[0.5511511644353472,0.542889527714119,0.5511511644353472,0.5796828986651676,0.5796828986651676,0.7456523118922856,0.7456523118922856,0.8791140025116972,0.8791140025116972,0.37607532918647785,0.9119762997650103,0.6261461981074288,0.9119160395706782,0.9203078307115224,0.9115476290343062,0.8551285938138012,0.9004456291280843,0.8007621796554915,0.8007621796554915,0.106890262715403,0.05623248412000351,0.5796997397734577,0.5945085185795764,-0.5671394030448538,0.07387766756693499,0.5468711348113247,0.4804029010178004,0.5959759359905968,0.5460154503321355,0.5805981263736381,1.0,0.7460980959459735,0.3836406144129785,0.49735905253209656,0.5804512595041733,0.7597228873269117],[0.6358702541514303,0.6329856650780741,0.6358702541514303,0.6292505335078482,0.6292505335078482,0.7394307506975015,0.7394307506975015,0.7816262513336821,0.7816262513336821,0.5399520077266572,0.8693194751075818,0.7236602690588325,0.8485304538076521,0.8391890784865796,0.8702129452369584,0.786563652257924,0.8996600729465306,0.7563417318759008,0.7563417318759008,0.309117400958732,0.33600397635734447,0.5953997601388403,0.477143913856936,-0.19903200367559806,0.162564831910954,0.6572933919175319,0.5042152767351148,0.6027121614292587,0.6885443874353515,0.6706805871363918,0.7460980959459735,1.0,0.7788243217811753,0.4994888272166509,0.7305181938569264,0.5499045063514072],[0.6317055570819429,0.6575486004190593,0.6317055570819429,0.6020519661266831,0.6020519661266831,0.7069304597085689,0.7069304597085689,0.7170473576578733,0.7170473576578733,0.5681805110273719,0.7814404424053595,0.690961526701203,0.7635427896602905,0.7067634469184466,0.7823220192144298,0.7630579743732455,0.82196264295441,0.7060517476584948,0.7060517476584948,0.5660840430240238,0.5694474883115043,0.5314936327031302,0.19848635039208865,-0.02288638522684758,0.26392458571971,0.42487470404603983,0.525101768343185,0.5344862610716414,0.6667563188042003,0.6102997327144597,0.3836406144129785,0.7788243217811753,1.0,0.4933624650864969,0.6663506412736562,0.20231993919192512],[0.933236615743176,0.9309156612522868,0.933236615743176,0.9238203872844268,0.9238203872844268,0.8613232970323651,0.8613232970323651,0.7926910757573232,0.7926910757573232,0.8173644495473892,0.9019204041770346,0.7815512203946332,0.8860808882206492,0.9118232608603359,0.901945458896212,0.8834741125828904,0.9157070913748716,0.8457511383983786,0.8457511383983786,0.7833888667528356,-0.11783611673158507,0.9024293055166314,-0.000888780107066345,-0.04063027738536892,-0.3797096953556563,0.7042126845653381,0.84492973383536,0.818909162210627,0.8793805332376968,0.7322508052076571,0.49735905253209656,0.4994888272166509,0.4933624650864969,1.0,0.7339853892751317,0.17449306571374507],[0.8313696775443364,0.687366090270919,0.8313696775443364,0.820863061841417,0.820863061841417,0.8627905760918296,0.8627905760918296,0.8499116964307494,0.8499116964307494,0.6843737113111364,0.9422090020941002,0.6822727352202137,0.9564955686571285,0.9571171608930523,0.9422255690119562,0.8602932451138879,0.9512180273829882,0.7785890549651294,0.7785890549651294,0.4784117429999188,0.1099628717129457,0.6650720329190204,0.3901174688024656,-0.2158117630915585,0.11587768554579449,0.7034418128213508,0.6232032282386035,0.833545975648988,0.508112480687027,0.586498501884715,0.5804512595041733,0.7305181938569264,0.6663506412736562,0.7339853892751317,1.0,0.1831825143171491],[0.18803477907240942,0.1848830507943983,0.18803477907240942,0.20003162766629104,0.20003162766629104,0.4691589026871628,0.4691589026871628,0.8027328831989932,0.8027328831989932,0.17494807796951195,0.7770937073206285,0.6937378089173166,0.8055667789150895,0.7739376173238188,0.7775540560286243,0.7902747268151009,0.8340245075738447,0.8517855971140714,0.8517855971140714,-0.15138906951331793,0.15907943931269117,0.18035113088133556,0.4683031793871698,-0.4073847810250857,0.09345876958222794,0.41693402017236714,0.10083640860175354,0.22027420587463165,0.2996996511546719,0.473717995011765,0.7597228873269117,0.5499045063514072,0.20231993919192512,0.17449306571374507,0.1831825143171491,1.0]],"x":["^TAIEX       \u81fa\u7063\u52a0\u6b0a\u5831\u916c\u6307\u6578","^TWII        \u81fa\u7063\u52a0\u6b0a\u6307\u6578","^TAIEXx2     \u81fa\u7063\u52a0\u6b0a\u5831\u916c\u6307\u6578_\u65e5\u6b632","^TAI50I      \u81fa\u706350\u5831\u916c\u6307\u6578","^TAI50Ix2    \u81fa\u706350\u5831\u916c\u6307\u6578_\u65e5\u6b632","^TAI100I     \u81fa\u7063\u4e2d\u578b100\u5831\u916c\u6307\u6578","^TAI100Ix2   \u81fa\u7063\u4e2d\u578b100\u5831\u916c\u6307\u6578_\u65e5\u6b632","^TAIDIVIDI   \u81fa\u7063\u9ad8\u80a1\u606f\u5831\u916c\u6307\u6578","^TAIDIVIDIx2 \u81fa\u7063\u9ad8\u80a1\u606f\u5831\u916c\u6307\u6578_\u65e5\u6b632","0050Fund     \u5143\u5927\u53f0\u7063\u5353\u8d8a50\u57fa\u91d1","006208Fund   \u5bcc\u90a6\u53f0\u7063\u91c6\u540950\u57fa\u91d1","0050         \u5143\u5927\u81fa\u706350","00631L       \u5143\u5927\u53f0\u706350\u6b632","00675L       \u5bcc\u90a6\u81fa\u7063\u52a0\u6b0a\u6b632","006208       \u5bcc\u90a6\u53f050","0051         \u5143\u5927\u4e2d\u578b100","006204       \u6c38\u8c50\u81fa\u7063\u52a0\u6b0a","0056         \u5143\u5927\u9ad8\u80a1\u606f","0056         \u5143\u5927\u9ad8\u80a1\u606f_\u80a1\u606f\u4e0d\u6295\u5165","2412         \u4e2d\u83ef\u96fb\u4fe1","2002         \u4e2d\u92fc","2330         \u53f0\u7a4d\u96fb","2317         \u9d3b\u6d77","6505         \u53f0\u5851\u77f3\u5316","3481         \u7fa4\u5275","2303         \u806f\u96fb","2308         \u53f0\u9054\u96fb","2454         \u806f\u767c\u79d1","2886         \u5146\u8c50\u91d1","2884         \u7389\u5c71\u91d1","2891         \u4e2d\u4fe1\u91d1","2892         \u7b2c\u4e00\u91d1","5880         \u5408\u5eab\u91d1","2881         \u5bcc\u90a6\u91d1","2885         \u5143\u5927\u91d1","2887         \u53f0\u65b0\u91d1"],"y":["^TAIEX       \u81fa\u7063\u52a0\u6b0a\u5831\u916c\u6307\u6578","^TWII        \u81fa\u7063\u52a0\u6b0a\u6307\u6578","^TAIEXx2     \u81fa\u7063\u52a0\u6b0a\u5831\u916c\u6307\u6578_\u65e5\u6b632","^TAI50I      \u81fa\u706350\u5831\u916c\u6307\u6578","^TAI50Ix2    \u81fa\u706350\u5831\u916c\u6307\u6578_\u65e5\u6b632","^TAI100I     \u81fa\u7063\u4e2d\u578b100\u5831\u916c\u6307\u6578","^TAI100Ix2   \u81fa\u7063\u4e2d\u578b100\u5831\u916c\u6307\u6578_\u65e5\u6b632","^TAIDIVIDI   \u81fa\u7063\u9ad8\u80a1\u606f\u5831\u916c\u6307\u6578","^TAIDIVIDIx2 \u81fa\u7063\u9ad8\u80a1\u606f\u5831\u916c\u6307\u6578_\u65e5\u6b632","0050Fund     \u5143\u5927\u53f0\u7063\u5353\u8d8a50\u57fa\u91d1","006208Fund   \u5bcc\u90a6\u53f0\u7063\u91c6\u540950\u57fa\u91d1","0050         \u5143\u5927\u81fa\u706350","00631L       \u5143\u5927\u53f0\u706350\u6b632","00675L       \u5bcc\u90a6\u81fa\u7063\u52a0\u6b0a\u6b632","006208       \u5bcc\u90a6\u53f050","0051         \u5143\u5927\u4e2d\u578b100","006204       \u6c38\u8c50\u81fa\u7063\u52a0\u6b0a","0056         \u5143\u5927\u9ad8\u80a1\u606f","0056         \u5143\u5927\u9ad8\u80a1\u606f_\u80a1\u606f\u4e0d\u6295\u5165","2412         \u4e2d\u83ef\u96fb\u4fe1","2002         \u4e2d\u92fc","2330         \u53f0\u7a4d\u96fb","2317         \u9d3b\u6d77","6505         \u53f0\u5851\u77f3\u5316","3481         \u7fa4\u5275","2303         \u806f\u96fb","2308         \u53f0\u9054\u96fb","2454         \u806f\u767c\u79d1","2886         \u5146\u8c50\u91d1","2884         \u7389\u5c71\u91d1","2891         \u4e2d\u4fe1\u91d1","2892         \u7b2c\u4e00\u91d1","5880         \u5408\u5eab\u91d1","2881         \u5bcc\u90a6\u91d1","2885         \u5143\u5927\u91d1","2887         \u53f0\u65b0\u91d1"],"zmin":-1,"zmax":1,"colorbar":{"x":-0.2}}],"layout":{"autotypenumbers":"strict","colorway":["#636efa","#EF553B","#00cc96","#ab63fa","#FFA15A","#19d3f3","#FF6692","#B6E880","#FF97FF","#FECB52"],"font":{"color":"#f2f5fa","family":"Courier New"},"hovermode":"closest","hoverlabel":{"align":"left"},"paper_bgcolor":"rgb(17,17,17)","plot_bgcolor":"rgb(17,17,17)","polar":{"bgcolor":"rgb(17,17,17)","angularaxis":{"gridcolor":"#506784","linecolor":"#506784","ticks":""},"radialaxis":{"gridcolor":"#506784","linecolor":"#506784","ticks":""}},"ternary":{"bgcolor":"rgb(17,17,17)","aaxis":{"gridcolor":"#506784","linecolor":"#506784","ticks":""},"baxis":{"gridcolor":"#506784","linecolor":"#506784","ticks":""},"caxis":{"gridcolor":"#506784","linecolor":"#506784","ticks":""}},"coloraxis":{"colorbar":{"outlinewidth":0,"ticks":""}},"colorscale":{"sequential":[[0.0,"#0d0887"],[0.1111111111111111,"#46039f"],[0.2222222222222222,"#7201a8"],[0.3333333333333333,"#9c179e"],[0.4444444444444444,"#bd3786"],[0.5555555555555556,"#d8576b"],[0.6666666666666666,"#ed7953"],[0.7777777777777778,"#fb9f3a"],[0.8888888888888888,"#fdca26"],[1.0,"#f0f921"]],"sequentialminus":[[0.0,"#0d0887"],[0.1111111111111111,"#46039f"],[0.2222222222222222,"#7201a8"],[0.3333333333333333,"#9c179e"],[0.4444444444444444,"#bd3786"],[0.5555555555555556,"#d8576b"],[0.6666666666666666,"#ed7953"],[0.7777777777777778,"#fb9f3a"],[0.8888888888888888,"#fdca26"],[1.0,"#f0f921"]],"diverging":[[0,"#8e0152"],[0.1,"#c51b7d"],[0.2,"#de77ae"],[0.3,"#f1b6da"],[0.4,"#fde0ef"],[0.5,"#f7f7f7"],[0.6,"#e6f5d0"],[0.7,"#b8e186"],[0.8,"#7fbc41"],[0.9,"#4d9221"],[1,"#276419"]]},"xaxis":{"gridcolor":"rgba(0, 0, 0, 0)","linecolor":"#506784","ticks":"","title":{"standoff":15},"zerolinecolor":"#283442","automargin":true,"zerolinewidth":2,"tickfont":{"family":"Courier New","size":14},"side":"top","tickangle":-90},"yaxis":{"gridcolor":"rgba(0, 0, 0, 0)","linecolor":"#506784","ticks":"","title":{"standoff":15},"zerolinecolor":"#283442","automargin":true,"zerolinewidth":2,"tickfont":{"family":"Courier New"},"side":"right"},"scene":{"xaxis":{"backgroundcolor":"rgb(17,17,17)","gridcolor":"#506784","linecolor":"#506784","showbackground":true,"ticks":"","zerolinecolor":"#C8D4E3","gridwidth":2},"yaxis":{"backgroundcolor":"rgb(17,17,17)","gridcolor":"#506784","linecolor":"#506784","showbackground":true,"ticks":"","zerolinecolor":"#C8D4E3","gridwidth":2},"zaxis":{"backgroundcolor":"rgb(17,17,17)","gridcolor":"#506784","linecolor":"#506784","showbackground":true,"ticks":"","zerolinecolor":"#C8D4E3","gridwidth":2}},"shapedefaults":{"line":{"color":"#f2f5fa"}},"annotationdefaults":{"arrowcolor":"#f2f5fa","arrowhead":0,"arrowwidth":1},"geo":{"bgcolor":"rgb(17,17,17)","landcolor":"rgb(17,17,17)","subunitcolor":"#506784","showland":true,"showlakes":true,"lakecolor":"rgb(17,17,17)"},"title":{"x":0.05,"font":{"family":"Times New Roman"},"y":0.05,"text":"<b>Correlation of Close<b><br><i>2016-09-23 ~ 2025-11-26<i>"},"updatemenudefaults":{"bgcolor":"#506784","borderwidth":0},"sliderdefaults":{"bgcolor":"#C8D4E3","borderwidth":1,"bordercolor":"rgb(17,17,17)","tickwidth":0},"mapbox":{"style":"dark"},"annotations":[{"text":"<b>@zwindr<b>","textangle":0,"opacity":0.5,"font":{"color":"white","size":12},"xref":"paper","yref":"paper","xanchor":"left","yanchor":"bottom","x":1.0,"y":1.0,"showarrow":false}]},"config":{"responsive":true,"toImageButtonOptions":{"filename":"Correlation of Close_2016-09-23~2025-11-26","scale":5}}};Plotly.newPlot("correlationClose",correlationClose.data,correlationClose.layout||{},correlationClose.config);}else{console.log("style display is none => correlationClose");}