var config = { responsive: true }

var correlationClose = {"data": [{"type": "heatmap", "z": [[1.0, 0.9999999999999984, 1.0, 0.9956610121408009, 0.9956610121408009, 0.9604516455097959, 0.9604516455097959, 0.8946612316334286, 0.8946612316334286, 0.953229572631122, 0.9952328888275778, 0.9613640627307373, 0.9924032174230664, 0.9919498332934386, 0.9951419122116077, 0.9712125539221502, 0.9988645198448132, 0.927356579367403, 0.782186365897475, -0.07070015201535045, 0.976597526993176, 0.05357894716016449, 0.01344343054024294, -0.25060495331622445, 0.8247869701544469, 0.9508796201022771, 0.9020989791726026], [0.9999999999999984, 1.0, 0.9999999999999986, 0.9956037701735251, 0.9956037701735251, 0.9597929044683484, 0.9597929044683484, 0.8959909840346105, 0.8959909840346105, 0.9534557035415372, 0.9952156751633313, 0.9617395772176931, 0.9921346989549219, 0.9913459556674485, 0.9951057066564211, 0.970422552448657, 0.99886716993864, 0.9279661948910751, 0.8030976313889899, 0.13578652600074168, 0.9673969521855542, -0.10532653181424732, 0.022032798505486773, -0.2508518424323456, 0.6476711419296737, 0.9509769871430012, 0.8733273552685081], [1.0, 0.9999999999999986, 1.0, 0.9956610121408009, 0.9956610121408009, 0.9604516455097959, 0.9604516455097959, 0.8946612316334286, 0.8946612316334286, 0.953229572631122, 0.9952328888275778, 0.9613640627307373, 0.9924032174230664, 0.9919498332934386, 0.9951419122116077, 0.9712125539221502, 0.9988645198448132, 0.927356579367403, 0.782186365897475, -0.07070015201535045, 0.976597526993176, 0.05357894716016449, 0.01344343054024294, -0.25060495331622445, 0.8247869701544469, 0.9508796201022771, 0.9020989791726026], [0.9956610121408009, 0.9956037701735251, 0.9956610121408009, 1.0, 1.0, 0.9473880716341037, 0.9473880716341037, 0.880633582404527, 0.880633582404527, 0.9509279927617398, 0.9994528308908903, 0.9599835507504092, 0.9879465915115678, 0.9836533269585814, 0.999381175517372, 0.9536745194680817, 0.994696574291651, 0.9094406283808185, 0.7621535081919928, -0.0758298815481295, 0.9883417189365196, 0.07283622758232183, -0.016135391414503746, -0.25449752671451853, 0.826358372587035, 0.9412826861494126, 0.9071192190496714], [0.9956610121408009, 0.9956037701735251, 0.9956610121408009, 1.0, 1.0, 0.9473880716341037, 0.9473880716341037, 0.880633582404527, 0.880633582404527, 0.9509279927617398, 0.9994528308908903, 0.9599835507504092, 0.9879465915115678, 0.9836533269585814, 0.999381175517372, 0.9536745194680817, 0.994696574291651, 0.9094406283808185, 0.7621535081919928, -0.0758298815481295, 0.9883417189365196, 0.07283622758232183, -0.016135391414503746, -0.25449752671451853, 0.826358372587035, 0.9412826861494126, 0.9071192190496714], [0.9604516455097959, 0.9597929044683484, 0.9604516455097959, 0.9473880716341037, 0.9473880716341037, 1.0, 1.0, 0.9220620849912662, 0.9220620849912662, 0.9169549927521697, 0.9515281368823438, 0.9218774249996434, 0.976647255522635, 0.9755189715315585, 0.9510567077002561, 0.998961018841029, 0.9717685529622102, 0.9194679350042103, 0.62194907571425, -0.013441428979653633, 0.9317767704816016, 0.23884885572158945, -0.19538285909632158, -0.10342978157065807, 0.896272968307192, 0.9105593317571865, 0.923031598010766], [0.9604516455097959, 0.9597929044683484, 0.9604516455097959, 0.9473880716341037, 0.9473880716341037, 1.0, 1.0, 0.9220620849912662, 0.9220620849912662, 0.9169549927521697, 0.9515281368823438, 0.9218774249996434, 0.976647255522635, 0.9755189715315585, 0.9510567077002561, 0.998961018841029, 0.9717685529622102, 0.9194679350042103, 0.62194907571425, -0.013441428979653633, 0.9317767704816016, 0.23884885572158945, -0.19538285909632158, -0.10342978157065807, 0.896272968307192, 0.9105593317571865, 0.923031598010766], [0.8946612316334286, 0.8959909840346105, 0.8946612316334286, 0.880633582404527, 0.880633582404527, 0.9220620849912662, 0.9220620849912662, 1.0, 1.0, 0.8966190538784855, 0.9378626466997633, 0.8707358613694411, 0.9466728274137154, 0.9416964558941999, 0.9373969795298068, 0.9228659338530727, 0.9389968740630728, 0.9731887851718799, 0.5556713408986966, 0.1079743488212554, 0.836744839213758, 0.4929061778472021, -0.2188970473667382, 0.03950902053162704, 0.7841141069279791, 0.8009215339128155, 0.858475264080235], [0.8946612316334286, 0.8959909840346105, 0.8946612316334286, 0.880633582404527, 0.880633582404527, 0.9220620849912662, 0.9220620849912662, 1.0, 1.0, 0.8966190538784855, 0.9378626466997633, 0.8707358613694411, 0.9466728274137154, 0.9416964558941999, 0.9373969795298068, 0.9228659338530727, 0.9389968740630728, 0.9731887851718799, 0.5556713408986966, 0.1079743488212554, 0.836744839213758, 0.4929061778472021, -0.2188970473667382, 0.03950902053162704, 0.7841141069279791, 0.8009215339128155, 0.858475264080235], [0.953229572631122, 0.9534557035415372, 0.953229572631122, 0.9509279927617398, 0.9509279927617398, 0.9169549927521697, 0.9169549927521697, 0.8966190538784855, 0.8966190538784855, 1.0, 0.9484475711851532, 0.9959131406572381, 0.9345353520735458, 0.9150707863701416, 0.9490437684467835, 0.918403880621954, 0.9515317736593523, 0.9089122215431551, 0.7941211162598805, 0.22705559746035944, 0.94087923837656, 0.792018783228572, -0.32790929897854865, 0.3958704624636752, 0.864409656093759, 0.863133448335763, 0.8991456365663303], [0.9952328888275778, 0.9952156751633313, 0.9952328888275778, 0.9994528308908903, 0.9994528308908903, 0.9515281368823438, 0.9515281368823438, 0.9378626466997633, 0.9378626466997633, 0.9484475711851532, 1.0, 0.9441787530075505, 0.9877655743210138, 0.984125657105334, 0.999913214027797, 0.952083102281736, 0.993842578271455, 0.928777908259531, 0.8388422802612181, 0.1842983237625208, 0.9954385166455075, 0.8443795676283713, -0.403693125126501, 0.3810229130550382, 0.8718945716601022, 0.9152531398477886, 0.9392166103853251], [0.9613640627307373, 0.9617395772176931, 0.9613640627307373, 0.9599835507504092, 0.9599835507504092, 0.9218774249996434, 0.9218774249996434, 0.8707358613694411, 0.8707358613694411, 0.9959131406572381, 0.9441787530075505, 1.0, 0.9303314554623425, 0.9095419855131985, 0.9449552655591981, 0.9238656018944124, 0.9508625054404072, 0.8932691941648305, 0.7327712690316285, -0.08502472198429274, 0.9475500641212581, 0.4865916350854859, -0.20005175730806807, -0.2631282325365428, 0.8707355839815053, 0.8927181180896454, 0.8716261476085315], [0.9924032174230664, 0.9921346989549219, 0.9924032174230664, 0.9879465915115678, 0.9879465915115678, 0.976647255522635, 0.976647255522635, 0.9466728274137154, 0.9466728274137154, 0.9345353520735458, 0.9877655743210138, 0.9303314554623425, 1.0, 0.9996738199396656, 0.9876264951572584, 0.9749248828367295, 0.9893517882126948, 0.9238107952259789, 0.8034164824981178, 0.22125999713771735, 0.9854664231916082, 0.8701996484634944, -0.5962288101371143, 0.45909110586151947, 0.8521579793406932, 0.9331964133659876, 0.9564903800914532], [0.9919498332934386, 0.9913459556674485, 0.9919498332934386, 0.9836533269585814, 0.9836533269585814, 0.9755189715315585, 0.9755189715315585, 0.9416964558941999, 0.9416964558941999, 0.9150707863701416, 0.984125657105334, 0.9095419855131985, 0.9996738199396656, 1.0, 0.9841357152583994, 0.972674725637881, 0.9875257719777208, 0.9118577709418796, 0.8215836487089886, 0.10269206303727169, 0.9796689152675979, 0.8795105921038054, -0.8142016273407284, 0.5085140390462356, 0.8108820648793155, 0.9393625364468042, 0.954260466392588], [0.9951419122116077, 0.9951057066564211, 0.9951419122116077, 0.999381175517372, 0.999381175517372, 0.9510567077002561, 0.9510567077002561, 0.9373969795298068, 0.9373969795298068, 0.9490437684467835, 0.999913214027797, 0.9449552655591981, 0.9876264951572584, 0.9841357152583994, 1.0, 0.9517191155655689, 0.993776305825987, 0.9288736138504718, 0.8397818728061895, 0.18433215909661188, 0.9953322480728917, 0.8435909593883112, -0.4002005257022783, 0.37983102889140546, 0.8716680294349927, 0.9136167522472093, 0.9380246751637701], [0.9712125539221502, 0.970422552448657, 0.9712125539221502, 0.9536745194680817, 0.9536745194680817, 0.998961018841029, 0.998961018841029, 0.9228659338530727, 0.9228659338530727, 0.918403880621954, 0.952083102281736, 0.9238656018944124, 0.9749248828367295, 0.972674725637881, 0.9517191155655689, 1.0, 0.9735069075662226, 0.919043807808355, 0.6706773099285172, 0.00669286159836431, 0.9432767565566104, 0.5659434965056799, -0.3285720928728497, -0.15732241403050995, 0.9093715843300963, 0.9238650681297083, 0.9183473945660626], [0.9988645198448132, 0.99886716993864, 0.9988645198448132, 0.994696574291651, 0.994696574291651, 0.9717685529622102, 0.9717685529622102, 0.9389968740630728, 0.9389968740630728, 0.9515317736593523, 0.993842578271455, 0.9508625054404072, 0.9893517882126948, 0.9875257719777208, 0.993776305825987, 0.9735069075662226, 1.0, 0.9436048438306106, 0.8450277464879465, 0.18110863074002448, 0.9867453105293715, 0.8131826634068389, -0.385700772532921, 0.3911554294615461, 0.9034494423056916, 0.9312070465906759, 0.9429715957168716], [0.927356579367403, 0.9279661948910751, 0.927356579367403, 0.9094406283808185, 0.9094406283808185, 0.9194679350042103, 0.9194679350042103, 0.9731887851718799, 0.9731887851718799, 0.9089122215431551, 0.928777908259531, 0.8932691941648305, 0.9238107952259789, 0.9118577709418796, 0.9288736138504718, 0.919043807808355, 0.9436048438306106, 1.0, 0.7254663587283932, 0.02368618781779691, 0.8724726278153272, 0.5024218950128685, -0.11696477053837151, -0.1992094642814318, 0.8216587120266499, 0.8405467794955338, 0.8281440887917884], [0.782186365897475, 0.8030976313889899, 0.782186365897475, 0.7621535081919928, 0.7621535081919928, 0.62194907571425, 0.62194907571425, 0.5556713408986966, 0.5556713408986966, 0.7941211162598805, 0.8388422802612181, 0.7327712690316285, 0.8034164824981178, 0.8215836487089886, 0.8397818728061895, 0.6706773099285172, 0.8450277464879465, 0.7254663587283932, 1.0, 0.06440074311992748, 0.7248669141568573, -0.44356371539668554, 0.40047372079568333, -0.6623301012916493, 0.3294219001372496, 0.803898236649956, 0.4775702734877605], [-0.07070015201535045, 0.13578652600074168, -0.07070015201535045, -0.0758298815481295, -0.0758298815481295, -0.013441428979653633, -0.013441428979653633, 0.1079743488212554, 0.1079743488212554, 0.22705559746035944, 0.1842983237625208, -0.08502472198429274, 0.22125999713771735, 0.10269206303727169, 0.18433215909661188, 0.00669286159836431, 0.18110863074002448, 0.02368618781779691, 0.06440074311992748, 1.0, -0.04025572586384187, 0.138638428602079, 0.11039279150179321, 0.75274448047772, -0.07463853436224803, 0.05236400705008963, 0.04333607356207375], [0.976597526993176, 0.9673969521855542, 0.976597526993176, 0.9883417189365196, 0.9883417189365196, 0.9317767704816016, 0.9317767704816016, 0.836744839213758, 0.836744839213758, 0.94087923837656, 0.9954385166455075, 0.9475500641212581, 0.9854664231916082, 0.9796689152675979, 0.9953322480728917, 0.9432767565566104, 0.9867453105293715, 0.8724726278153272, 0.7248669141568573, -0.04025572586384187, 1.0, -0.01802226715551782, -0.07903218577764291, -0.3152626815654381, 0.6889434697505353, 0.9220458281801248, 0.8900880176318774], [0.05357894716016449, -0.10532653181424732, 0.05357894716016449, 0.07283622758232183, 0.07283622758232183, 0.23884885572158945, 0.23884885572158945, 0.4929061778472021, 0.4929061778472021, 0.792018783228572, 0.8443795676283713, 0.4865916350854859, 0.8701996484634944, 0.8795105921038054, 0.8435909593883112, 0.5659434965056799, 0.8131826634068389, 0.5024218950128685, -0.44356371539668554, 0.138638428602079, -0.01802226715551782, 1.0, -0.4202446947677808, 0.7813970267343904, 0.35924786451931007, -0.06898931660416872, 0.2452638457634629], [0.01344343054024294, 0.022032798505486773, 0.01344343054024294, -0.016135391414503746, -0.016135391414503746, -0.19538285909632158, -0.19538285909632158, -0.2188970473667382, -0.2188970473667382, -0.32790929897854865, -0.403693125126501, -0.20005175730806807, -0.5962288101371143, -0.8142016273407284, -0.4002005257022783, -0.3285720928728497, -0.385700772532921, -0.11696477053837151, 0.40047372079568333, 0.11039279150179321, -0.07903218577764291, -0.4202446947677808, 1.0, -0.05257140932183681, -0.12180533642514262, -0.019626939989477087, -0.22831005534432622], [-0.25060495331622445, -0.2508518424323456, -0.25060495331622445, -0.25449752671451853, -0.25449752671451853, -0.10342978157065807, -0.10342978157065807, 0.03950902053162704, 0.03950902053162704, 0.3958704624636752, 0.3810229130550382, -0.2631282325365428, 0.45909110586151947, 0.5085140390462356, 0.37983102889140546, -0.15732241403050995, 0.3911554294615461, -0.1992094642814318, -0.6623301012916493, 0.75274448047772, -0.3152626815654381, 0.7813970267343904, -0.05257140932183681, 1.0, -0.09694654798215797, -0.30284784890729516, -0.04637143890348308], [0.8247869701544469, 0.6476711419296737, 0.8247869701544469, 0.826358372587035, 0.826358372587035, 0.896272968307192, 0.896272968307192, 0.7841141069279791, 0.7841141069279791, 0.864409656093759, 0.8718945716601022, 0.8707355839815053, 0.8521579793406932, 0.8108820648793155, 0.8716680294349927, 0.9093715843300963, 0.9034494423056916, 0.8216587120266499, 0.3294219001372496, -0.07463853436224803, 0.6889434697505353, 0.35924786451931007, -0.12180533642514262, -0.09694654798215797, 1.0, 0.6155422191599653, 0.8458122471085886], [0.9508796201022771, 0.9509769871430012, 0.9508796201022771, 0.9412826861494126, 0.9412826861494126, 0.9105593317571865, 0.9105593317571865, 0.8009215339128155, 0.8009215339128155, 0.863133448335763, 0.9152531398477886, 0.8927181180896454, 0.9331964133659876, 0.9393625364468042, 0.9136167522472093, 0.9238650681297083, 0.9312070465906759, 0.8405467794955338, 0.803898236649956, 0.05236400705008963, 0.9220458281801248, -0.06898931660416872, -0.019626939989477087, -0.30284784890729516, 0.6155422191599653, 1.0, 0.8251880018697002], [0.9020989791726026, 0.8733273552685081, 0.9020989791726026, 0.9071192190496714, 0.9071192190496714, 0.923031598010766, 0.923031598010766, 0.858475264080235, 0.858475264080235, 0.8991456365663303, 0.9392166103853251, 0.8716261476085315, 0.9564903800914532, 0.954260466392588, 0.9380246751637701, 0.9183473945660626, 0.9429715957168716, 0.8281440887917884, 0.4775702734877605, 0.04333607356207375, 0.8900880176318774, 0.2452638457634629, -0.22831005534432622, -0.04637143890348308, 0.8458122471085886, 0.8251880018697002, 1.0]], "x": ["^TAIEX       \u81fa\u7063\u52a0\u6b0a\u5831\u916c\u6307\u6578", "^TWII        \u81fa\u7063\u52a0\u6b0a\u6307\u6578", "^TAIEXx2     \u81fa\u7063\u52a0\u6b0a\u5831\u916c\u6307\u6578_\u65e5\u6b632", "^TAI50I      \u81fa\u706350\u5831\u916c\u6307\u6578", "^TAI50Ix2    \u81fa\u706350\u5831\u916c\u6307\u6578_\u65e5\u6b632", "^TAI100I     \u81fa\u7063\u4e2d\u578b100\u5831\u916c\u6307\u6578", "^TAI100Ix2   \u81fa\u7063\u4e2d\u578b100\u5831\u916c\u6307\u6578_\u65e5\u6b632", "^TAIDIVIDI   \u81fa\u7063\u9ad8\u80a1\u606f\u5831\u916c\u6307\u6578", "^TAIDIVIDIx2 \u81fa\u7063\u9ad8\u80a1\u606f\u5831\u916c\u6307\u6578_\u65e5\u6b632", "0050         \u5143\u5927\u53f0\u7063\u5353\u8d8a50\u57fa\u91d1", "006208       \u5bcc\u90a6\u53f0\u7063\u91c6\u540950\u57fa\u91d1", "0050         \u5143\u5927\u81fa\u706350", "00631L       \u5143\u5927\u53f0\u706350\u6b632", "00675L       \u5bcc\u90a6\u81fa\u7063\u52a0\u6b0a\u6b632", "006208       \u5bcc\u90a6\u53f050", "0051         \u5143\u5927\u4e2d\u578b100", "006204       \u6c38\u8c50\u81fa\u7063\u52a0\u6b0a", "0056         \u5143\u5927\u9ad8\u80a1\u606f", "2412         \u4e2d\u83ef\u96fb\u4fe1", "2002         \u4e2d\u92fc", "2330         \u53f0\u7a4d\u96fb", "2317         \u9d3b\u6d77", "6505         \u53f0\u5851\u77f3\u5316", "3481         \u7fa4\u5275", "2303         \u806f\u96fb", "2308         \u53f0\u9054\u96fb", "2454         \u806f\u767c\u79d1"], "y": ["^TAIEX       \u81fa\u7063\u52a0\u6b0a\u5831\u916c\u6307\u6578", "^TWII        \u81fa\u7063\u52a0\u6b0a\u6307\u6578", "^TAIEXx2     \u81fa\u7063\u52a0\u6b0a\u5831\u916c\u6307\u6578_\u65e5\u6b632", "^TAI50I      \u81fa\u706350\u5831\u916c\u6307\u6578", "^TAI50Ix2    \u81fa\u706350\u5831\u916c\u6307\u6578_\u65e5\u6b632", "^TAI100I     \u81fa\u7063\u4e2d\u578b100\u5831\u916c\u6307\u6578", "^TAI100Ix2   \u81fa\u7063\u4e2d\u578b100\u5831\u916c\u6307\u6578_\u65e5\u6b632", "^TAIDIVIDI   \u81fa\u7063\u9ad8\u80a1\u606f\u5831\u916c\u6307\u6578", "^TAIDIVIDIx2 \u81fa\u7063\u9ad8\u80a1\u606f\u5831\u916c\u6307\u6578_\u65e5\u6b632", "0050         \u5143\u5927\u53f0\u7063\u5353\u8d8a50\u57fa\u91d1", "006208       \u5bcc\u90a6\u53f0\u7063\u91c6\u540950\u57fa\u91d1", "0050         \u5143\u5927\u81fa\u706350", "00631L       \u5143\u5927\u53f0\u706350\u6b632", "00675L       \u5bcc\u90a6\u81fa\u7063\u52a0\u6b0a\u6b632", "006208       \u5bcc\u90a6\u53f050", "0051         \u5143\u5927\u4e2d\u578b100", "006204       \u6c38\u8c50\u81fa\u7063\u52a0\u6b0a", "0056         \u5143\u5927\u9ad8\u80a1\u606f", "2412         \u4e2d\u83ef\u96fb\u4fe1", "2002         \u4e2d\u92fc", "2330         \u53f0\u7a4d\u96fb", "2317         \u9d3b\u6d77", "6505         \u53f0\u5851\u77f3\u5316", "3481         \u7fa4\u5275", "2303         \u806f\u96fb", "2308         \u53f0\u9054\u96fb", "2454         \u806f\u767c\u79d1"], "zmin": -1, "zmax": 1, "colorbar": {"x": -0.2}}], "layout": {"autotypenumbers": "strict", "colorway": ["#636efa", "#EF553B", "#00cc96", "#ab63fa", "#FFA15A", "#19d3f3", "#FF6692", "#B6E880", "#FF97FF", "#FECB52"], "font": {"color": "#f2f5fa", "family": "Courier New"}, "hovermode": "closest", "hoverlabel": {"align": "left"}, "paper_bgcolor": "rgb(17,17,17)", "plot_bgcolor": "rgb(17,17,17)", "polar": {"bgcolor": "rgb(17,17,17)", "angularaxis": {"gridcolor": "#506784", "linecolor": "#506784", "ticks": ""}, "radialaxis": {"gridcolor": "#506784", "linecolor": "#506784", "ticks": ""}}, "ternary": {"bgcolor": "rgb(17,17,17)", "aaxis": {"gridcolor": "#506784", "linecolor": "#506784", "ticks": ""}, "baxis": {"gridcolor": "#506784", "linecolor": "#506784", "ticks": ""}, "caxis": {"gridcolor": "#506784", "linecolor": "#506784", "ticks": ""}}, "coloraxis": {"colorbar": {"outlinewidth": 0, "ticks": ""}}, "colorscale": {"sequential": [[0.0, "#0d0887"], [0.1111111111111111, "#46039f"], [0.2222222222222222, "#7201a8"], [0.3333333333333333, "#9c179e"], [0.4444444444444444, "#bd3786"], [0.5555555555555556, "#d8576b"], [0.6666666666666666, "#ed7953"], [0.7777777777777778, "#fb9f3a"], [0.8888888888888888, "#fdca26"], [1.0, "#f0f921"]], "sequentialminus": [[0.0, "#0d0887"], [0.1111111111111111, "#46039f"], [0.2222222222222222, "#7201a8"], [0.3333333333333333, "#9c179e"], [0.4444444444444444, "#bd3786"], [0.5555555555555556, "#d8576b"], [0.6666666666666666, "#ed7953"], [0.7777777777777778, "#fb9f3a"], [0.8888888888888888, "#fdca26"], [1.0, "#f0f921"]], "diverging": [[0, "#8e0152"], [0.1, "#c51b7d"], [0.2, "#de77ae"], [0.3, "#f1b6da"], [0.4, "#fde0ef"], [0.5, "#f7f7f7"], [0.6, "#e6f5d0"], [0.7, "#b8e186"], [0.8, "#7fbc41"], [0.9, "#4d9221"], [1, "#276419"]]}, "xaxis": {"gridcolor": "rgba(0, 0, 0, 0)", "linecolor": "#506784", "ticks": "", "title": {"standoff": 15}, "zerolinecolor": "#283442", "automargin": true, "zerolinewidth": 2, "tickfont": {"family": "Courier New", "size": 14}, "side": "top", "tickangle": -90}, "yaxis": {"gridcolor": "rgba(0, 0, 0, 0)", "linecolor": "#506784", "ticks": "", "title": {"standoff": 15}, "zerolinecolor": "#283442", "automargin": true, "zerolinewidth": 2, "tickfont": {"family": "Courier New"}, "side": "right"}, "scene": {"xaxis": {"backgroundcolor": "rgb(17,17,17)", "gridcolor": "#506784", "linecolor": "#506784", "showbackground": true, "ticks": "", "zerolinecolor": "#C8D4E3", "gridwidth": 2}, "yaxis": {"backgroundcolor": "rgb(17,17,17)", "gridcolor": "#506784", "linecolor": "#506784", "showbackground": true, "ticks": "", "zerolinecolor": "#C8D4E3", "gridwidth": 2}, "zaxis": {"backgroundcolor": "rgb(17,17,17)", "gridcolor": "#506784", "linecolor": "#506784", "showbackground": true, "ticks": "", "zerolinecolor": "#C8D4E3", "gridwidth": 2}}, "shapedefaults": {"line": {"color": "#f2f5fa"}}, "annotationdefaults": {"arrowcolor": "#f2f5fa", "arrowhead": 0, "arrowwidth": 1}, "geo": {"bgcolor": "rgb(17,17,17)", "landcolor": "rgb(17,17,17)", "subunitcolor": "#506784", "showland": true, "showlakes": true, "lakecolor": "rgb(17,17,17)"}, "title": {"x": 0.05, "font": {"family": "Times New Roman"}, "y": 0.05, "text": "<b>Correlation of Close<b><br><i>2016/09/23 ~ 2025/07/11<i>"}, "updatemenudefaults": {"bgcolor": "#506784", "borderwidth": 0}, "sliderdefaults": {"bgcolor": "#C8D4E3", "borderwidth": 1, "bordercolor": "rgb(17,17,17)", "tickwidth": 0}, "mapbox": {"style": "dark"}, "height": 600}};

Plotly.newPlot("correlationClose",
    correlationClose.data,
    correlationClose.layout || {},
    config);