var element=document.getElementById("correlationAdjClose");if(element.style.display!='none'){var correlationAdjClose={"data":[{"type":"heatmap","z":[[1.0,0.996449672270607,0.9514763740750967,0.9964439675400102,0.9186600640920831,0.9887057639842519,0.9628142274996626,0.9810268175821955,0.9806900270129831,0.996561839084416,0.9965547926714357,0.9967411252888787,0.8719057589642006,0.9820535311811549,0.9966531803422826,0.989321610686123,0.9997832634639129,0.9808479161707062,0.8984382641309255,0.8880260627629292,0.5902191697358574,0.9862210724249307,0.9463707105392742,0.2707180350094229,-0.19874077439366614,0.9191654691003186,0.8895537715115088,0.9445454214716504,0.9385784579069822,0.9393531940190387,0.9838242240425925,0.9383946144948531,0.8945015523794088,0.9719409908979405,0.9832946744958763,0.960796266028895],[0.996449672270607,1.0,0.9561785651634119,0.9940880540143653,0.9243735687151399,0.9851937593317645,0.9639608408502269,0.9717973524852921,0.9769803606551563,0.9950820992288826,0.9966027756074666,0.9961700550082367,0.8803472700726773,0.9853095457774653,0.9966539571758426,0.9850520388779646,0.9979837878698788,0.9736194816487621,0.909244112621352,0.8751146082182847,0.614479804081749,0.977380770438952,0.9293997692586125,0.26470719745740945,-0.13928909930121106,0.9053261281555375,0.8936397325582686,0.948834338451539,0.9196809792376892,0.9253453946548621,0.9767336633073987,0.9216428947702346,0.8909483067644254,0.9618770078995464,0.9777368324650673,0.9543938291391374],[0.9514763740750967,0.9561785651634119,1.0,0.9696411877628197,0.9944981456698231,0.9423863184465209,0.9814475419885481,0.8989354660689557,0.9540105368797743,0.9698210367670972,0.977240695687978,0.9740628906575156,0.9031242167300054,0.9974880042164241,0.9771428995621795,0.9402070376783056,0.9627920418586676,0.9000374930994176,0.8114651348428497,0.7287616407399559,0.39596295059629066,0.975809125415036,0.8932365255135644,0.09301744673431424,-0.08391020772587213,0.8904842209017314,0.9691833682032575,0.9688450467000329,0.7965349573630356,0.808500185116134,0.934069161988306,0.8006997521652983,0.7499630227228712,0.8849633871171672,0.9539229216260205,0.8786483827697419],[0.9964439675400102,0.9940880540143653,0.9696411877628197,1.0,0.943886088366638,0.9803617605107376,0.9675186738959578,0.966050148224235,0.976649884712176,0.9999818131683781,0.9999950704098232,0.9999745981741001,0.8824902585170058,0.988221013292329,0.9999686022299387,0.9787427114765899,0.9960890522962181,0.9656563668201251,0.8751710784226795,0.8579335278881675,0.539937749490145,0.9954458889713982,0.9441391896143301,0.23087459642524427,-0.17801561823187848,0.9120404492168931,0.9151590180343666,0.9533083975655611,0.912099881660725,0.9200147201873463,0.9823760241248278,0.9128687831890236,0.8642514658592534,0.9595895698875485,0.9819473174014237,0.946549856322221],[0.9186600640920831,0.9243735687151399,0.9944981456698231,0.943886088366638,1.0,0.9039380121844998,0.9600118609845485,0.8534804667441195,0.9215140035311469,0.9446373024539149,0.9566764855703029,0.9517369248229928,0.8968901682712139,0.9863813904981358,0.9564217899959685,0.9015571310357389,0.9336766087465213,0.8546884000158029,0.7612577142740642,0.6733454333424103,0.3333593060214796,0.9551951568288067,0.860687916546325,0.058010067120961184,-0.06001986602061982,0.8524101030661788,0.9803345190571706,0.952040660926299,0.7372231080313894,0.7560515029214454,0.9017410022989256,0.7430760233506851,0.6855506788865714,0.8395363556496125,0.92214874760527,0.8327671745525926],[0.9887057639842519,0.9851937593317645,0.9423863184465209,0.9803617605107376,0.9039380121844998,1.0,0.9752304462529234,0.9811285921742752,0.9849117111089911,0.9799910078996292,0.9751366504832307,0.978062561671226,0.8508805060134669,0.9527793544489087,0.9751967287652882,0.9999273458636082,0.9900679132787874,0.9820066433218636,0.9061370144657576,0.8599756011974629,0.5616626134193408,0.972613030075117,0.9284921535668802,0.16615238344295208,-0.14433352478347714,0.9408029155754766,0.8647836098684638,0.9407979193531737,0.9314602101375611,0.9213787091866038,0.9698938761023157,0.9321820025168573,0.9110237045095533,0.9609275781832354,0.9848972108344788,0.9644949657175719],[0.9628142274996626,0.9639608408502269,0.9814475419885481,0.9675186738959578,0.9600118609845485,0.9752304462529234,1.0,0.9346829943058834,0.9811827999885421,0.966826748150799,0.9756352744006539,0.9720569273677826,0.8888525858054568,0.9843240053957011,0.9753011473936011,0.9764231996208576,0.9772164654544473,0.9375991230107695,0.853568162964873,0.7571004826275413,0.42038165593109655,0.9691276497595815,0.911965998757483,0.03507567998465664,-0.06704755193174224,0.9141145325711906,0.9245719691886624,0.9653949341783616,0.8387878506671269,0.8311305918799364,0.9447136531240309,0.8408523697440455,0.8162827403749059,0.9091972586321625,0.9743902894300427,0.9095941211921534],[0.9810268175821955,0.9717973524852921,0.8989354660689557,0.966050148224235,0.8534804667441195,0.9811285921742752,0.9346829943058834,1.0,0.9780441330939716,0.9659341021590669,0.9610797374451939,0.9648431660691108,0.8117862860725794,0.9237589933643693,0.9613804163622794,0.9828712441153089,0.9783116592051633,0.9998963768112455,0.9374358134522908,0.9275651754627167,0.5532274121103181,0.9526107303784601,0.9220538343174153,0.1426512631421081,-0.23962338888552343,0.9186132664651492,0.7990183769825737,0.9061510138564013,0.9680362345444882,0.9544988144075537,0.9700695090461311,0.9596219136207262,0.9221503390324299,0.969646382417198,0.9594553665222688,0.9733116568773054],[0.9806900270129831,0.9769803606551563,0.9540105368797743,0.976649884712176,0.9215140035311469,0.9849117111089911,0.9811827999885421,0.9780441330939716,1.0,0.9761993971713077,0.9724695222494265,0.974960109892985,0.8568095543294588,0.9571439371810043,0.9723104123361396,0.9843497236641986,0.979767349510423,0.9784086201719713,0.9065167408760888,0.8472313067164541,0.44332231836771585,0.9707737831769119,0.9349609281432666,0.005000335098367116,-0.14386731120272012,0.917135828400377,0.866086127303461,0.9572762734616059,0.9032849433910384,0.887761040361014,0.9691352062724244,0.8966467831196208,0.8587731804368733,0.94879231915506,0.9802595460080221,0.9367802243057247],[0.996561839084416,0.9950820992288826,0.9698210367670972,0.9999818131683781,0.9446373024539149,0.9799910078996292,0.966826748150799,0.9659341021590669,0.9761993971713077,1.0,0.999994728911564,0.9999852636790442,0.8841410866980672,0.9883401505009435,0.999969841434879,0.9784767583914826,0.9959794526620062,0.9654951165386545,0.8766557416166978,0.8581393172236169,0.5307691531986984,0.9956516961560687,0.9447596661296757,0.23326639690483225,-0.17459486688925754,0.9128802629214774,0.9145020541765776,0.9523556232269725,0.9099591449229851,0.9175095909652873,0.9817239630924456,0.9106391371338948,0.8610041185510974,0.958140411996695,0.9816062426012473,0.9453168787346654],[0.9965547926714357,0.9966027756074666,0.977240695687978,0.9999950704098232,0.9566764855703029,0.9751366504832307,0.9756352744006539,0.9610797374451939,0.9724695222494265,0.999994728911564,1.0,0.9999797443578754,0.8842294464394399,0.9882204764285799,0.9999717851804812,0.9747190469107418,0.9958809418174334,0.9618614082000144,0.8929091824105889,0.8875061501170962,0.3604269801414843,0.9977674332518199,0.9356682419767186,-0.22546827320753476,0.6323624411880862,0.9074164190453996,0.9076728515322646,0.9525220507890303,0.8882450844364446,0.8939194777745147,0.9766385129108057,0.880937495499951,0.814000272624971,0.9462323451262444,0.9865551427435376,0.942811472819806],[0.9967411252888787,0.9961700550082367,0.9740628906575156,0.9999745981741001,0.9517369248229928,0.978062561671226,0.9720569273677826,0.9648431660691108,0.974960109892985,0.9999852636790442,0.9999797443578754,1.0,0.8842706406181732,0.988395295642003,0.9999775386855342,0.9777383880858721,0.9958987362553334,0.9651450058946602,0.8841020035229828,0.8758531038859908,0.44568931862676237,0.9971250846183433,0.9435063338222779,-0.031477633445396794,0.024378572747452826,0.9183315147074337,0.9093516838745124,0.949646770059125,0.8981716966482512,0.9038313593161241,0.9788940674161988,0.8966134812046964,0.8447719961499981,0.9528726637690995,0.9817837839765178,0.9449124703220168],[0.8719057589642006,0.8803472700726773,0.9031242167300054,0.8824902585170058,0.8968901682712139,0.8508805060134669,0.8888525858054568,0.8117862860725794,0.8568095543294588,0.8841410866980672,0.8842294464394399,0.8842706406181732,1.0,0.9998754548221723,0.8838714394841761,0.8515916908391048,0.8733790361214355,0.8152445920704867,0.745447770517777,0.6977640578119534,0.18293580787988237,0.8809151995657535,0.8166473638890046,-0.47913500965704686,0.6480652312115357,0.7867513285959777,0.8733378026692193,0.8810374197149851,0.700523788478262,0.7024672109316306,0.8455477778691584,0.6902713149359012,0.6076912443132454,0.8034077518620795,0.8675196894535528,0.8056025559608377],[0.9820535311811549,0.9853095457774653,0.9974880042164241,0.988221013292329,0.9863813904981358,0.9527793544489087,0.9843240053957011,0.9237589933643693,0.9571439371810043,0.9883401505009435,0.9882204764285799,0.988395295642003,0.9998754548221723,1.0,0.9881984046503245,0.9518764904370002,0.9807326801624393,0.9256752954437206,0.8455210523250469,0.8487062243516442,0.08684563775709696,0.981067832286329,0.8955920914169225,-0.6610828476693537,0.6899642057811199,0.8717619102339763,0.9538684589581494,0.9636696345533686,0.7979323357174642,0.8140829193790605,0.9425384909256912,0.8068926278991899,0.6860096747782463,0.8906476928154226,0.9663652962287856,0.9119697015683067],[0.9966531803422826,0.9966539571758426,0.9771428995621795,0.9999686022299387,0.9564217899959685,0.9751967287652882,0.9753011473936011,0.9613804163622794,0.9723104123361396,0.999969841434879,0.9999717851804812,0.9999775386855342,0.8838714394841761,0.9881984046503245,1.0,0.9748568607653024,0.9959827942339776,0.9622528090698205,0.893533000240962,0.8887885192396753,0.3637260168938837,0.9976513673118589,0.9356386737073473,-0.22253288804397395,0.6285856328997937,0.9069657941070913,0.9063043448642971,0.9525778945099498,0.8896071482461542,0.8952254927715844,0.9765280226743239,0.8823823209863663,0.816089425973052,0.9462466398549386,0.9865134219321415,0.9429930351080271],[0.989321610686123,0.9850520388779646,0.9402070376783056,0.9787427114765899,0.9015571310357389,0.9999273458636082,0.9764231996208576,0.9828712441153089,0.9843497236641986,0.9784767583914826,0.9747190469107418,0.9777383880858721,0.8515916908391048,0.9518764904370002,0.9748568607653024,1.0,0.989978407608895,0.9824221003867959,0.9090553129340463,0.8838532712653702,0.5328678894753203,0.9705702739609813,0.9252439362650382,0.014000691878191134,-0.07000441453270785,0.9455813392630144,0.855202564122456,0.9376225308333827,0.9330826295578484,0.9180437721251625,0.9676459211316009,0.9322221396590887,0.906453603500233,0.9627555899039816,0.9841603836619631,0.9667648805420866],[0.9997832634639129,0.9979837878698788,0.9627920418586676,0.9960890522962181,0.9336766087465213,0.9900679132787874,0.9772164654544473,0.9783116592051633,0.979767349510423,0.9959794526620062,0.9958809418174334,0.9958987362553334,0.8733790361214355,0.9807326801624393,0.9959827942339776,0.989978407608895,1.0,0.978974610187368,0.9179914445372588,0.9104037328797924,0.4352359294803723,0.9906184862627895,0.9354699611024486,-0.17111531239973124,0.6245181466375673,0.9285729491041055,0.8816164276330244,0.9480820972250006,0.9215762077415738,0.9174004484353998,0.9786310616976749,0.9140332578252461,0.8628892710120595,0.9622216252580552,0.9915542964804773,0.9642788634224129],[0.9808479161707062,0.9736194816487621,0.9000374930994176,0.9656563668201251,0.8546884000158029,0.9820066433218636,0.9375991230107695,0.9998963768112455,0.9784086201719713,0.9654951165386545,0.9618614082000144,0.9651450058946602,0.8152445920704867,0.9256752954437206,0.9622528090698205,0.9824221003867959,0.978974610187368,1.0,0.9401755702922342,0.9330552503223963,0.5474034311479564,0.951436337619421,0.9251064642760898,0.10419073637813023,-0.17322138405040824,0.9230732183090025,0.7965015911695332,0.907730424915398,0.9675160433115133,0.9531245395635911,0.9688623328842695,0.9575721049651061,0.9202148866172699,0.9687935924081401,0.9583783459242178,0.973753158771584],[0.8984382641309255,0.909244112621352,0.8114651348428497,0.8751710784226795,0.7612577142740642,0.9061370144657576,0.853568162964873,0.9374358134522908,0.9065167408760888,0.8766557416166978,0.8929091824105889,0.8841020035229828,0.745447770517777,0.8455210523250469,0.893533000240962,0.9090553129340463,0.9179914445372588,0.9401755702922342,1.0,0.8448629274421078,0.6337078446187989,0.8493856702623895,0.8359134348928143,0.19209442044686748,-0.07657906540731142,0.8753674604882384,0.6959712647533111,0.8337584598064124,0.8980642391121368,0.8713214383746432,0.8687176125939304,0.8810209343460074,0.8592716658460945,0.8758489343178126,0.8789602659940615,0.9067553713249578],[0.8880260627629292,0.8751146082182847,0.7287616407399559,0.8579335278881675,0.6733454333424103,0.8599756011974629,0.7571004826275413,0.9275651754627167,0.8472313067164541,0.8581393172236169,0.8875061501170962,0.8758531038859908,0.6977640578119534,0.8487062243516442,0.8887885192396753,0.8838532712653702,0.9104037328797924,0.9330552503223963,0.8448629274421078,1.0,0.8051554920233099,0.8102652756538054,0.866270116186092,0.5892571665511114,-0.4736645242710872,0.7204865214612368,0.6678433733569016,0.7449771818822629,0.9631065956305197,0.9427579398501634,0.8790425306709213,0.9518623137922498,0.908872184304203,0.9019113825928461,0.8296412049213251,0.8844895401330719],[0.5902191697358574,0.614479804081749,0.39596295059629066,0.539937749490145,0.3333593060214796,0.5616626134193408,0.42038165593109655,0.5532274121103181,0.44332231836771585,0.5307691531986984,0.3604269801414843,0.44568931862676237,0.18293580787988237,0.08684563775709696,0.3637260168938837,0.5328678894753203,0.4352359294803723,0.5474034311479564,0.6337078446187989,0.8051554920233099,1.0,0.4876471656109069,0.6340257366164601,0.7211297503842021,-0.11544153245864973,0.47711279178922156,0.37904065744239235,0.4720912877401552,0.7502610140150138,0.672367160705966,0.5446724659653523,0.7071370299425879,0.7394236919356196,0.615645396761591,0.5466436846490065,0.6197384952237048],[0.9862210724249307,0.977380770438952,0.975809125415036,0.9954458889713982,0.9551951568288067,0.972613030075117,0.9691276497595815,0.9526107303784601,0.9707737831769119,0.9956516961560687,0.9977674332518199,0.9971250846183433,0.8809151995657535,0.981067832286329,0.9976513673118589,0.9705702739609813,0.9906184862627895,0.951436337619421,0.8493856702623895,0.8102652756538054,0.4876471656109069,1.0,0.9225565332257646,0.16897573609011735,-0.16616432607369913,0.8953087696951826,0.9250743296170645,0.9510092981125757,0.8774577253656473,0.8977772619096416,0.9745833628145373,0.8866426306145955,0.8343606170973107,0.9454364974270686,0.9709318218721165,0.9283034546562612],[0.9463707105392742,0.9293997692586125,0.8932365255135644,0.9441391896143301,0.860687916546325,0.9284921535668802,0.911965998757483,0.9220538343174153,0.9349609281432666,0.9447596661296757,0.9356682419767186,0.9435063338222779,0.8166473638890046,0.8955920914169225,0.9356386737073473,0.9252439362650382,0.9354699611024486,0.9251064642760898,0.8359134348928143,0.866270116186092,0.6340257366164601,0.9225565332257646,1.0,0.23336484791395,-0.12730225154680788,0.7760641354620743,0.8267559334679999,0.8809869596044091,0.898282984728304,0.8725451960597613,0.9494464758142261,0.879135752677731,0.8395304281853554,0.9434547616093482,0.908703483792889,0.8891564355620908],[0.2707180350094229,0.26470719745740945,0.09301744673431424,0.23087459642524427,0.058010067120961184,0.16615238344295208,0.03507567998465664,0.1426512631421081,0.005000335098367116,0.23326639690483225,-0.22546827320753476,-0.031477633445396794,-0.47913500965704686,-0.6610828476693537,-0.22253288804397395,0.014000691878191134,-0.17111531239973124,0.10419073637813023,0.19209442044686748,0.5892571665511114,0.7211297503842021,0.16897573609011735,0.23336484791395,1.0,-0.3816466359849965,0.19608653199118456,0.09758460623357096,0.0962973212655657,0.420437805686294,0.4056394253348477,0.22392242716130004,0.4310023748421924,0.3735449758764418,0.27319744402707735,0.17565398482080016,0.3000317468894981],[-0.19874077439366614,-0.13928909930121106,-0.08391020772587213,-0.17801561823187848,-0.06001986602061982,-0.14433352478347714,-0.06704755193174224,-0.23962338888552343,-0.14386731120272012,-0.17459486688925754,0.6323624411880862,0.024378572747452826,0.6480652312115357,0.6899642057811199,0.6285856328997937,-0.07000441453270785,0.6245181466375673,-0.17322138405040824,-0.07657906540731142,-0.4736645242710872,-0.11544153245864973,-0.16616432607369913,-0.12730225154680788,-0.3816466359849965,1.0,-0.08352583905817902,-0.0756012748788244,-0.06828045124339137,-0.34480787715677935,-0.3283663655646623,-0.22260305654004695,-0.3028213943228957,-0.18644100037130582,-0.27585816548542413,-0.10381030277970249,-0.24352782115854926],[0.9191654691003186,0.9053261281555375,0.8904842209017314,0.9120404492168931,0.8524101030661788,0.9408029155754766,0.9141145325711906,0.9186132664651492,0.917135828400377,0.9128802629214774,0.9074164190453996,0.9183315147074337,0.7867513285959777,0.8717619102339763,0.9069657941070913,0.9455813392630144,0.9285729491041055,0.9230732183090025,0.8753674604882384,0.7204865214612368,0.47711279178922156,0.8953087696951826,0.7760641354620743,0.19608653199118456,-0.08352583905817902,1.0,0.8041189576218619,0.9149227883401806,0.8098600545871399,0.8521140322772047,0.8661057298169922,0.854364521306396,0.8322161205527809,0.8731732220192091,0.9000225767015441,0.9056681640845112],[0.8895537715115088,0.8936397325582686,0.9691833682032575,0.9151590180343666,0.9803345190571706,0.8647836098684638,0.9245719691886624,0.7990183769825737,0.866086127303461,0.9145020541765776,0.9076728515322646,0.9093516838745124,0.8733378026692193,0.9538684589581494,0.9063043448642971,0.855202564122456,0.8816164276330244,0.7965015911695332,0.6959712647533111,0.6678433733569016,0.37904065744239235,0.9250743296170645,0.8267559334679999,0.09758460623357096,-0.0756012748788244,0.8041189576218619,1.0,0.9128751696515155,0.7102293971610237,0.7247171641150276,0.864326325626691,0.7103143572623039,0.6555341610534028,0.8006114015467078,0.883117457984714,0.800571151502573],[0.9445454214716504,0.948834338451539,0.9688450467000329,0.9533083975655611,0.952040660926299,0.9407979193531737,0.9653949341783616,0.9061510138564013,0.9572762734616059,0.9523556232269725,0.9525220507890303,0.949646770059125,0.8810374197149851,0.9636696345533686,0.9525778945099498,0.9376225308333827,0.9480820972250006,0.907730424915398,0.8337584598064124,0.7449771818822629,0.4720912877401552,0.9510092981125757,0.8809869596044091,0.0962973212655657,-0.06828045124339137,0.9149227883401806,0.9128751696515155,1.0,0.8205241152986723,0.8203695651817461,0.9224404869946865,0.8129248076348569,0.7825860551037231,0.8964882560735443,0.9556102863148469,0.8701904920873403],[0.9385784579069822,0.9196809792376892,0.7965349573630356,0.912099881660725,0.7372231080313894,0.9314602101375611,0.8387878506671269,0.9680362345444882,0.9032849433910384,0.9099591449229851,0.8882450844364446,0.8981716966482512,0.700523788478262,0.7979323357174642,0.8896071482461542,0.9330826295578484,0.9215762077415738,0.9675160433115133,0.8980642391121368,0.9631065956305197,0.7502610140150138,0.8774577253656473,0.898282984728304,0.420437805686294,-0.34480787715677935,0.8098600545871399,0.7102293971610237,0.8205241152986723,1.0,0.987170290032039,0.9352818937055023,0.9914418348766039,0.9568773283264106,0.95659443855223,0.8871941602687549,0.9570588528194521],[0.9393531940190387,0.9253453946548621,0.808500185116134,0.9200147201873463,0.7560515029214454,0.9213787091866038,0.8311305918799364,0.9544988144075537,0.887761040361014,0.9175095909652873,0.8939194777745147,0.9038313593161241,0.7024672109316306,0.8140829193790605,0.8952254927715844,0.9180437721251625,0.9174004484353998,0.9531245395635911,0.8713214383746432,0.9427579398501634,0.672367160705966,0.8977772619096416,0.8725451960597613,0.4056394253348477,-0.3283663655646623,0.8521140322772047,0.7247171641150276,0.8203695651817461,0.987170290032039,1.0,0.9368722370255332,0.9861213165571246,0.9568942152905133,0.9451297302266752,0.9056641698508986,0.9600062114983544],[0.9838242240425925,0.9767336633073987,0.934069161988306,0.9823760241248278,0.9017410022989256,0.9698938761023157,0.9447136531240309,0.9700695090461311,0.9691352062724244,0.9817239630924456,0.9766385129108057,0.9788940674161988,0.8455477778691584,0.9425384909256912,0.9765280226743239,0.9676459211316009,0.9786310616976749,0.9688623328842695,0.8687176125939304,0.8790425306709213,0.5446724659653523,0.9745833628145373,0.9494464758142261,0.22392242716130004,-0.22260305654004695,0.8661057298169922,0.864326325626691,0.9224404869946865,0.9352818937055023,0.9368722370255332,1.0,0.9318466758534174,0.8817423212296156,0.9748390574725716,0.9730215036126623,0.9553199781947481],[0.9383946144948531,0.9216428947702346,0.8006997521652983,0.9128687831890236,0.7430760233506851,0.9321820025168573,0.8408523697440455,0.9596219136207262,0.8966467831196208,0.9106391371338948,0.880937495499951,0.8966134812046964,0.6902713149359012,0.8068926278991899,0.8823823209863663,0.9322221396590887,0.9140332578252461,0.9575721049651061,0.8810209343460074,0.9518623137922498,0.7071370299425879,0.8866426306145955,0.879135752677731,0.4310023748421924,-0.3028213943228957,0.854364521306396,0.7103143572623039,0.8129248076348569,0.9914418348766039,0.9861213165571246,0.9318466758534174,1.0,0.974405699723356,0.9478545949020555,0.9095354857382917,0.956790544868797],[0.8945015523794088,0.8909483067644254,0.7499630227228712,0.8642514658592534,0.6855506788865714,0.9110237045095533,0.8162827403749059,0.9221503390324299,0.8587731804368733,0.8610041185510974,0.814000272624971,0.8447719961499981,0.6076912443132454,0.6860096747782463,0.816089425973052,0.906453603500233,0.8628892710120595,0.9202148866172699,0.8592716658460945,0.908872184304203,0.7394236919356196,0.8343606170973107,0.8395304281853554,0.3735449758764418,-0.18644100037130582,0.8322161205527809,0.6555341610534028,0.7825860551037231,0.9568773283264106,0.9568942152905133,0.8817423212296156,0.974405699723356,1.0,0.9033741926469155,0.8819619796986478,0.9349741367355523],[0.9719409908979405,0.9618770078995464,0.8849633871171672,0.9595895698875485,0.8395363556496125,0.9609275781832354,0.9091972586321625,0.969646382417198,0.94879231915506,0.958140411996695,0.9462323451262444,0.9528726637690995,0.8034077518620795,0.8906476928154226,0.9462466398549386,0.9627555899039816,0.9622216252580552,0.9687935924081401,0.8758489343178126,0.9019113825928461,0.615645396761591,0.9454364974270686,0.9434547616093482,0.27319744402707735,-0.27585816548542413,0.8731732220192091,0.8006114015467078,0.8964882560735443,0.95659443855223,0.9451297302266752,0.9748390574725716,0.9478545949020555,0.9033741926469155,1.0,0.9538594546414413,0.9538761537034892],[0.9832946744958763,0.9777368324650673,0.9539229216260205,0.9819473174014237,0.92214874760527,0.9848972108344788,0.9743902894300427,0.9594553665222688,0.9802595460080221,0.9816062426012473,0.9865551427435376,0.9817837839765178,0.8675196894535528,0.9663652962287856,0.9865134219321415,0.9841603836619631,0.9915542964804773,0.9583783459242178,0.8789602659940615,0.8296412049213251,0.5466436846490065,0.9709318218721165,0.908703483792889,0.17565398482080016,-0.10381030277970249,0.9000225767015441,0.883117457984714,0.9556102863148469,0.8871941602687549,0.9056641698508986,0.9730215036126623,0.9095354857382917,0.8819619796986478,0.9538594546414413,1.0,0.9364809850625156],[0.960796266028895,0.9543938291391374,0.8786483827697419,0.946549856322221,0.8327671745525926,0.9644949657175719,0.9095941211921534,0.9733116568773054,0.9367802243057247,0.9453168787346654,0.942811472819806,0.9449124703220168,0.8056025559608377,0.9119697015683067,0.9429930351080271,0.9667648805420866,0.9642788634224129,0.973753158771584,0.9067553713249578,0.8844895401330719,0.6197384952237048,0.9283034546562612,0.8891564355620908,0.3000317468894981,-0.24352782115854926,0.9056681640845112,0.800571151502573,0.8701904920873403,0.9570588528194521,0.9600062114983544,0.9553199781947481,0.956790544868797,0.9349741367355523,0.9538761537034892,0.9364809850625156,1.0]],"x":["^TAIEX       \u81fa\u7063\u52a0\u6b0a\u5831\u916c\u6307\u6578","^TWII        \u81fa\u7063\u52a0\u6b0a\u6307\u6578","^TAIEXx2     \u81fa\u7063\u52a0\u6b0a\u5831\u916c\u6307\u6578_\u65e5\u6b632","^TAI50I      \u81fa\u706350\u5831\u916c\u6307\u6578","^TAI50Ix2    \u81fa\u706350\u5831\u916c\u6307\u6578_\u65e5\u6b632","^TAI100I     \u81fa\u7063\u4e2d\u578b100\u5831\u916c\u6307\u6578","^TAI100Ix2   \u81fa\u7063\u4e2d\u578b100\u5831\u916c\u6307\u6578_\u65e5\u6b632","^TAIDIVIDI   \u81fa\u7063\u9ad8\u80a1\u606f\u5831\u916c\u6307\u6578","^TAIDIVIDIx2 \u81fa\u7063\u9ad8\u80a1\u606f\u5831\u916c\u6307\u6578_\u65e5\u6b632","0050Fund     \u5143\u5927\u53f0\u7063\u5353\u8d8a50\u57fa\u91d1","006208Fund   \u5bcc\u90a6\u53f0\u7063\u91c6\u540950\u57fa\u91d1","0050         \u5143\u5927\u81fa\u706350","00631L       \u5143\u5927\u53f0\u706350\u6b632","00675L       \u5bcc\u90a6\u81fa\u7063\u52a0\u6b0a\u6b632","006208       \u5bcc\u90a6\u53f050","0051         \u5143\u5927\u4e2d\u578b100","006204       \u6c38\u8c50\u81fa\u7063\u52a0\u6b0a","0056         \u5143\u5927\u9ad8\u80a1\u606f","0056         \u5143\u5927\u9ad8\u80a1\u606f_\u80a1\u606f\u4e0d\u6295\u5165","2412         \u4e2d\u83ef\u96fb\u4fe1","2002         \u4e2d\u92fc","2330         \u53f0\u7a4d\u96fb","2317         \u9d3b\u6d77","6505         \u53f0\u5851\u77f3\u5316","3481         \u7fa4\u5275","2303         \u806f\u96fb","2308         \u53f0\u9054\u96fb","2454         \u806f\u767c\u79d1","2886         \u5146\u8c50\u91d1","2884         \u7389\u5c71\u91d1","2891         \u4e2d\u4fe1\u91d1","2892         \u7b2c\u4e00\u91d1","5880         \u5408\u5eab\u91d1","2881         \u5bcc\u90a6\u91d1","2885         \u5143\u5927\u91d1","2887         \u53f0\u65b0\u91d1"],"y":["^TAIEX       \u81fa\u7063\u52a0\u6b0a\u5831\u916c\u6307\u6578","^TWII        \u81fa\u7063\u52a0\u6b0a\u6307\u6578","^TAIEXx2     \u81fa\u7063\u52a0\u6b0a\u5831\u916c\u6307\u6578_\u65e5\u6b632","^TAI50I      \u81fa\u706350\u5831\u916c\u6307\u6578","^TAI50Ix2    \u81fa\u706350\u5831\u916c\u6307\u6578_\u65e5\u6b632","^TAI100I     \u81fa\u7063\u4e2d\u578b100\u5831\u916c\u6307\u6578","^TAI100Ix2   \u81fa\u7063\u4e2d\u578b100\u5831\u916c\u6307\u6578_\u65e5\u6b632","^TAIDIVIDI   \u81fa\u7063\u9ad8\u80a1\u606f\u5831\u916c\u6307\u6578","^TAIDIVIDIx2 \u81fa\u7063\u9ad8\u80a1\u606f\u5831\u916c\u6307\u6578_\u65e5\u6b632","0050Fund     \u5143\u5927\u53f0\u7063\u5353\u8d8a50\u57fa\u91d1","006208Fund   \u5bcc\u90a6\u53f0\u7063\u91c6\u540950\u57fa\u91d1","0050         \u5143\u5927\u81fa\u706350","00631L       \u5143\u5927\u53f0\u706350\u6b632","00675L       \u5bcc\u90a6\u81fa\u7063\u52a0\u6b0a\u6b632","006208       \u5bcc\u90a6\u53f050","0051         \u5143\u5927\u4e2d\u578b100","006204       \u6c38\u8c50\u81fa\u7063\u52a0\u6b0a","0056         \u5143\u5927\u9ad8\u80a1\u606f","0056         \u5143\u5927\u9ad8\u80a1\u606f_\u80a1\u606f\u4e0d\u6295\u5165","2412         \u4e2d\u83ef\u96fb\u4fe1","2002         \u4e2d\u92fc","2330         \u53f0\u7a4d\u96fb","2317         \u9d3b\u6d77","6505         \u53f0\u5851\u77f3\u5316","3481         \u7fa4\u5275","2303         \u806f\u96fb","2308         \u53f0\u9054\u96fb","2454         \u806f\u767c\u79d1","2886         \u5146\u8c50\u91d1","2884         \u7389\u5c71\u91d1","2891         \u4e2d\u4fe1\u91d1","2892         \u7b2c\u4e00\u91d1","5880         \u5408\u5eab\u91d1","2881         \u5bcc\u90a6\u91d1","2885         \u5143\u5927\u91d1","2887         \u53f0\u65b0\u91d1"],"zmin":-1,"zmax":1,"colorbar":{"x":-0.2}}],"layout":{"autotypenumbers":"strict","colorway":["#636efa","#EF553B","#00cc96","#ab63fa","#FFA15A","#19d3f3","#FF6692","#B6E880","#FF97FF","#FECB52"],"font":{"color":"#f2f5fa","family":"Courier New"},"hovermode":"closest","hoverlabel":{"align":"left"},"paper_bgcolor":"rgb(17,17,17)","plot_bgcolor":"rgb(17,17,17)","polar":{"bgcolor":"rgb(17,17,17)","angularaxis":{"gridcolor":"#506784","linecolor":"#506784","ticks":""},"radialaxis":{"gridcolor":"#506784","linecolor":"#506784","ticks":""}},"ternary":{"bgcolor":"rgb(17,17,17)","aaxis":{"gridcolor":"#506784","linecolor":"#506784","ticks":""},"baxis":{"gridcolor":"#506784","linecolor":"#506784","ticks":""},"caxis":{"gridcolor":"#506784","linecolor":"#506784","ticks":""}},"coloraxis":{"colorbar":{"outlinewidth":0,"ticks":""}},"colorscale":{"sequential":[[0.0,"#0d0887"],[0.1111111111111111,"#46039f"],[0.2222222222222222,"#7201a8"],[0.3333333333333333,"#9c179e"],[0.4444444444444444,"#bd3786"],[0.5555555555555556,"#d8576b"],[0.6666666666666666,"#ed7953"],[0.7777777777777778,"#fb9f3a"],[0.8888888888888888,"#fdca26"],[1.0,"#f0f921"]],"sequentialminus":[[0.0,"#0d0887"],[0.1111111111111111,"#46039f"],[0.2222222222222222,"#7201a8"],[0.3333333333333333,"#9c179e"],[0.4444444444444444,"#bd3786"],[0.5555555555555556,"#d8576b"],[0.6666666666666666,"#ed7953"],[0.7777777777777778,"#fb9f3a"],[0.8888888888888888,"#fdca26"],[1.0,"#f0f921"]],"diverging":[[0,"#8e0152"],[0.1,"#c51b7d"],[0.2,"#de77ae"],[0.3,"#f1b6da"],[0.4,"#fde0ef"],[0.5,"#f7f7f7"],[0.6,"#e6f5d0"],[0.7,"#b8e186"],[0.8,"#7fbc41"],[0.9,"#4d9221"],[1,"#276419"]]},"xaxis":{"gridcolor":"rgba(0, 0, 0, 0)","linecolor":"#506784","ticks":"","title":{"standoff":15},"zerolinecolor":"#283442","automargin":true,"zerolinewidth":2,"tickfont":{"family":"Courier New","size":14},"side":"top","tickangle":-90},"yaxis":{"gridcolor":"rgba(0, 0, 0, 0)","linecolor":"#506784","ticks":"","title":{"standoff":15},"zerolinecolor":"#283442","automargin":true,"zerolinewidth":2,"tickfont":{"family":"Courier New"},"side":"right"},"scene":{"xaxis":{"backgroundcolor":"rgb(17,17,17)","gridcolor":"#506784","linecolor":"#506784","showbackground":true,"ticks":"","zerolinecolor":"#C8D4E3","gridwidth":2},"yaxis":{"backgroundcolor":"rgb(17,17,17)","gridcolor":"#506784","linecolor":"#506784","showbackground":true,"ticks":"","zerolinecolor":"#C8D4E3","gridwidth":2},"zaxis":{"backgroundcolor":"rgb(17,17,17)","gridcolor":"#506784","linecolor":"#506784","showbackground":true,"ticks":"","zerolinecolor":"#C8D4E3","gridwidth":2}},"shapedefaults":{"line":{"color":"#f2f5fa"}},"annotationdefaults":{"arrowcolor":"#f2f5fa","arrowhead":0,"arrowwidth":1},"geo":{"bgcolor":"rgb(17,17,17)","landcolor":"rgb(17,17,17)","subunitcolor":"#506784","showland":true,"showlakes":true,"lakecolor":"rgb(17,17,17)"},"title":{"x":0.05,"font":{"family":"Times New Roman"},"y":0.05,"text":"<b>Correlation of Adj Close<b><br><i>2016-09-23 ~ 2026-06-15<i>"},"updatemenudefaults":{"bgcolor":"#506784","borderwidth":0},"sliderdefaults":{"bgcolor":"#C8D4E3","borderwidth":1,"bordercolor":"rgb(17,17,17)","tickwidth":0},"mapbox":{"style":"dark"},"annotations":[{"text":"<b>@zwindr<b>","textangle":0,"opacity":0.5,"font":{"color":"white","size":12},"xref":"paper","yref":"paper","xanchor":"left","yanchor":"bottom","x":1.0,"y":1.0,"showarrow":false}]},"config":{"responsive":true,"toImageButtonOptions":{"filename":"Correlation of Adj Close_2016-09-23~2026-06-15","scale":5}}};Plotly.newPlot("correlationAdjClose",correlationAdjClose.data,correlationAdjClose.layout||{},correlationAdjClose.config);}else{console.log("style display is none => correlationAdjClose");}