var element=document.getElementById("correlationClose");if(element.style.display!='none'){var correlationClose={"data":[{"type":"heatmap","z":[[1.0,0.9999999999999982,1.0,0.9951551872673691,0.9951551872673691,0.9663000217577434,0.9663000217577434,0.9065448280515084,0.9065448280515084,0.8389772421918448,0.9944979648568186,0.8014076138952457,0.9926058322951766,0.9927352135914719,0.994542177368631,0.974551411055109,0.9990682996865996,0.9192123113284133,0.9192123113284133,0.7829603745301944,-0.14137391690602955,0.9782269940177627,0.1643493708260204,-0.10073133781580908,-0.25140573477803824,0.8144249667587032,0.907229610854998,0.9145125661727677,0.9258758023073792,0.7808900923840862,0.5585736885631817,0.637060406717661,0.6303845823742144,0.933866976395483,0.8338348599871312,0.19086910824435746],[0.9999999999999982,1.0,0.9999999999999984,0.9951230671386276,0.9951230671386276,0.9657664397656454,0.9657664397656454,0.9074998588982903,0.9074998588982903,0.8403748864726082,0.9944912903665737,0.8015208045516029,0.9923258922576216,0.9922259745153919,0.9945443133539986,0.9739850925773023,0.9990697665913557,0.9193938235575242,0.9193938235575242,0.801513116576454,0.0701452918628269,0.9701283266764287,-0.0416254772247034,-0.09328489663314747,-0.2516855203818003,0.6477811076960408,0.9082522211415773,0.8901606029371655,0.9205080719051475,0.7915968029507154,0.550397235252037,0.6342301872107756,0.6560929619846729,0.9316108364674646,0.6910324737796678,0.1878321765937564],[1.0,0.9999999999999984,1.0,0.9951551872673691,0.9951551872673691,0.9663000217577434,0.9663000217577434,0.9065448280515084,0.9065448280515084,0.8389772421918448,0.9944979648568186,0.8014076138952457,0.9926058322951766,0.9927352135914719,0.994542177368631,0.974551411055109,0.9990682996865996,0.9192123113284133,0.9192123113284133,0.7829603745301944,-0.14137391690602955,0.9782269940177627,0.1643493708260204,-0.10073133781580908,-0.25140573477803824,0.8144249667587032,0.907229610854998,0.9145125661727677,0.9258758023073792,0.7808900923840862,0.5585736885631817,0.637060406717661,0.6303845823742144,0.933866976395483,0.8338348599871312,0.19086910824435746],[0.9951551872673691,0.9951230671386276,0.9951551872673691,1.0,1.0,0.9531091941708908,0.9531091941708908,0.8909894254723459,0.8909894254723459,0.8148848489270035,0.999538168449202,0.7754928835916575,0.991056922591531,0.9881006340049578,0.9994994084802278,0.9571135521384071,0.9948105726040596,0.895079463346665,0.895079463346665,0.7579049486841999,-0.1493688744814434,0.9905646334867313,0.1909891241033356,-0.1366513852567562,-0.2518733059354534,0.8055908099039358,0.918363260061761,0.9158908858340311,0.9104357572147419,0.7860731656911685,0.5872042655018277,0.6300981496783271,0.6003174237934609,0.924233111925583,0.8234178442398707,0.20285921992796574],[0.9951551872673691,0.9951230671386276,0.9951551872673691,1.0,1.0,0.9531091941708908,0.9531091941708908,0.8909894254723459,0.8909894254723459,0.8148848489270035,0.999538168449202,0.7754928835916575,0.991056922591531,0.9881006340049578,0.9994994084802278,0.9571135521384071,0.9948105726040596,0.895079463346665,0.895079463346665,0.7579049486841999,-0.1493688744814434,0.9905646334867313,0.1909891241033356,-0.1366513852567562,-0.2518733059354534,0.8055908099039358,0.918363260061761,0.9158908858340311,0.9104357572147419,0.7860731656911685,0.5872042655018277,0.6300981496783271,0.6003174237934609,0.924233111925583,0.8234178442398707,0.20285921992796574],[0.9663000217577434,0.9657664397656454,0.9663000217577434,0.9531091941708908,0.9531091941708908,1.0,1.0,0.9316670605736361,0.9316670605736361,0.8095983949342032,0.9526733646716782,0.7951299048582717,0.9703342792647606,0.9678254973194689,0.9525267497816592,0.9990878576299158,0.9742221737773101,0.9189925462800256,0.9189925462800256,0.6461647510265405,-0.08995510677241188,0.9384528610145683,0.3209884335553063,-0.2850532511369908,-0.11922524223860141,0.8835680052790936,0.859294070606646,0.9324126239412486,0.9003340763957591,0.7453416063563032,0.7499109665651176,0.7398167046913519,0.7053613304678802,0.8630651216032941,0.8648063949388032,0.47073821927188353],[0.9663000217577434,0.9657664397656454,0.9663000217577434,0.9531091941708908,0.9531091941708908,1.0,1.0,0.9316670605736361,0.9316670605736361,0.8095983949342032,0.9526733646716782,0.7951299048582717,0.9703342792647606,0.9678254973194689,0.9525267497816592,0.9990878576299158,0.9742221737773101,0.9189925462800256,0.9189925462800256,0.6461647510265405,-0.08995510677241188,0.9384528610145683,0.3209884335553063,-0.2850532511369908,-0.11922524223860141,0.8835680052790936,0.859294070606646,0.9324126239412486,0.9003340763957591,0.7453416063563032,0.7499109665651176,0.7398167046913519,0.7053613304678802,0.8630651216032941,0.8648063949388032,0.47073821927188353],[0.9065448280515084,0.9074998588982903,0.9065448280515084,0.8909894254723459,0.8909894254723459,0.9316670605736361,0.9316670605736361,1.0,1.0,0.7569429262280312,0.9377617984037037,0.7751788473499021,0.9416009356934105,0.9363594902633079,0.9376411109224727,0.9327096262202145,0.9449382524999592,0.9712739813215928,0.9712739813215928,0.5889056977954857,0.030837176049154317,0.8528618496276382,0.5522083747140409,-0.3109675028880467,0.015988628499026436,0.7871270485749109,0.7585462803669893,0.8753896777969429,0.8533872625004669,0.7583784788485604,0.880261387489936,0.7823409261343277,0.7165077582026134,0.7950612782114848,0.8516855650869153,0.803591054761848],[0.9065448280515084,0.9074998588982903,0.9065448280515084,0.8909894254723459,0.8909894254723459,0.9316670605736361,0.9316670605736361,1.0,1.0,0.7569429262280312,0.9377617984037037,0.7751788473499021,0.9416009356934105,0.9363594902633079,0.9376411109224727,0.9327096262202145,0.9449382524999592,0.9712739813215928,0.9712739813215928,0.5889056977954857,0.030837176049154317,0.8528618496276382,0.5522083747140409,-0.3109675028880467,0.015988628499026436,0.7871270485749109,0.7585462803669893,0.8753896777969429,0.8533872625004669,0.7583784788485604,0.880261387489936,0.7823409261343277,0.7165077582026134,0.7950612782114848,0.8516855650869153,0.803591054761848],[0.8389772421918448,0.8403748864726082,0.8389772421918448,0.8148848489270035,0.8148848489270035,0.8095983949342032,0.8095983949342032,0.7569429262280312,0.7569429262280312,1.0,0.7120225811321895,0.9999698539323502,0.6517910591381961,0.5684648237025494,0.7137431871226314,0.8050594436431739,0.763134847281645,0.8293294705753788,0.8293294705753788,0.7004154403513027,-0.1012891196687642,0.7886713563020445,0.040624385965352734,0.04680875128976314,-0.24391491204043336,0.7943947751323288,0.5907717904644525,0.7798395390722723,0.8252998491173673,0.6951878954272567,0.37119613458410194,0.5379566949992464,0.5671780376419813,0.8108346979955158,0.6778037926262446,0.17427634880532167],[0.9944979648568186,0.9944912903665737,0.9944979648568186,0.999538168449202,0.999538168449202,0.9526733646716782,0.9526733646716782,0.9377617984037037,0.9377617984037037,0.7120225811321895,1.0,0.7119300758445041,0.9908072676014894,0.988170199234781,0.9999273109972563,0.9526321466342677,0.9937683114193752,0.9066092276710768,0.9066092276710768,0.8537212264896779,0.02375911976779655,0.9964651492451213,0.8863964139451935,-0.5059174981241197,0.33884803175280315,0.8232170490116347,0.8819812251302301,0.9350614859863009,0.904616746720702,0.8092539815971537,0.9140950620827064,0.8676811751868592,0.7777607496895024,0.903131495245862,0.9428933547218783,0.7779807708206821],[0.8014076138952457,0.8015208045516029,0.8014076138952457,0.7754928835916575,0.7754928835916575,0.7951299048582717,0.7951299048582717,0.7751788473499021,0.7751788473499021,0.9999698539323502,0.7119300758445041,1.0,0.6496931835872509,0.5657623164212631,0.7121716996273452,0.7969622007021356,0.7617139605201375,0.8258838754654653,0.8258838754654653,0.6634683879524755,0.024940336281452757,0.7508443898209733,0.45118395942514855,-0.17697651485554391,-0.23143499629010317,0.8276734127469568,0.49911497216567186,0.7567222438097103,0.7999068505367998,0.7235572823446512,0.6148144429729417,0.7195374410614348,0.6888626656815517,0.7730096062175464,0.6732596681845233,0.6893376762596445],[0.9926058322951766,0.9923258922576216,0.9926058322951766,0.991056922591531,0.991056922591531,0.9703342792647606,0.9703342792647606,0.9416009356934105,0.9416009356934105,0.6517910591381961,0.9908072676014894,0.6496931835872509,1.0,0.9997657841241735,0.9908044599355579,0.9684204292964983,0.9904347796395042,0.8964744973851746,0.8964744973851746,0.8322324458255037,0.051592133039422075,0.9889886522601784,0.9067915589734282,-0.6629702430426024,0.4058834782709866,0.7949709401107563,0.8891950825935899,0.9436419152260378,0.8953488139327666,0.7433364792341614,0.9141104316035018,0.8458763270823658,0.7580616941639087,0.8875236743813362,0.9563991228928119,0.8054299945783105],[0.9927352135914719,0.9922259745153919,0.9927352135914719,0.9881006340049578,0.9881006340049578,0.9678254973194689,0.9678254973194689,0.9363594902633079,0.9363594902633079,0.5684648237025494,0.988170199234781,0.5657623164212631,0.9997657841241735,1.0,0.9883202215486274,0.9651321738748824,0.989597772163552,0.8811516552888086,0.8811516552888086,0.8535088690325643,-0.07431679773549528,0.9848351843759077,0.914889299806587,-0.8380870259751482,0.44245318453810106,0.743816180324373,0.8939693005482435,0.9373318691430368,0.8812240631914422,0.6735699021048573,0.9223077959405386,0.8363872592153291,0.7003439200778339,0.9125764688387487,0.95700000653246,0.7740980541929764],[0.994542177368631,0.9945443133539986,0.994542177368631,0.9994994084802278,0.9994994084802278,0.9525267497816592,0.9525267497816592,0.9376411109224727,0.9376411109224727,0.7137431871226314,0.9999273109972563,0.7121716996273452,0.9908044599355579,0.9883202215486274,1.0,0.9526170805486023,0.9938359280303183,0.9069852976584395,0.9069852976584395,0.8545561943483859,0.022936919336322473,0.9963464041360369,0.8860114632053486,-0.503309908590221,0.3380624517597901,0.8234525809800725,0.8804508478912916,0.9342721418192886,0.9050135185257435,0.8103929097615189,0.9136886922710153,0.8685571179203843,0.7786542121318166,0.9031877298103871,0.9429538526539578,0.7785537438423199],[0.974551411055109,0.9739850925773023,0.974551411055109,0.9571135521384071,0.9571135521384071,0.9990878576299158,0.9990878576299158,0.9327096262202145,0.9327096262202145,0.8050594436431739,0.9526321466342677,0.7969622007021356,0.9684204292964983,0.9651321738748824,0.9526170805486023,1.0,0.9753519987693589,0.9189043390799356,0.9189043390799356,0.694481357595781,-0.07472752160130908,0.9462052422352895,0.6444563798178143,-0.41730739929675886,-0.16747249744243697,0.8949824550903765,0.8549139106937839,0.9283701342124395,0.9074947525424537,0.7821358724337835,0.8573611698728896,0.7869097994069977,0.761689430081716,0.8850055530729709,0.8623079963874994,0.7911923661084426],[0.9990682996865996,0.9990697665913557,0.9990682996865996,0.9948105726040596,0.9948105726040596,0.9742221737773101,0.9742221737773101,0.9449382524999592,0.9449382524999592,0.763134847281645,0.9937683114193752,0.7617139605201375,0.9904347796395042,0.989597772163552,0.9938359280303183,0.9753519987693589,1.0,0.9315331488321105,0.9315331488321105,0.8630359974801709,0.036482953604946126,0.9872814349214641,0.8542158169102185,-0.48463836403561444,0.3570746544051516,0.868648086126278,0.8741427030572314,0.9454013525673736,0.9332768753486338,0.8314568842690894,0.9026429972753827,0.8984134995722054,0.8189048410069518,0.9168083129957275,0.9519763639052369,0.8345610243008318],[0.9192123113284133,0.9193938235575242,0.9192123113284133,0.895079463346665,0.895079463346665,0.9189925462800256,0.9189925462800256,0.9712739813215928,0.9712739813215928,0.8293294705753788,0.9066092276710768,0.8258838754654653,0.8964744973851746,0.8811516552888086,0.9069852976584395,0.9189043390799356,0.9315331488321105,1.0,1.0,0.743058933377593,-0.032200751388462484,0.8586359193592242,0.5506250929109526,-0.1971040097586082,-0.20729005333164155,0.8277713544303311,0.7348662355847316,0.8383970604755726,0.9173542561524903,0.839201817246093,0.8010698008956201,0.7574514011454374,0.7064461893290297,0.8465274013869896,0.7798458938770794,0.8525926920283614],[0.9192123113284133,0.9193938235575242,0.9192123113284133,0.895079463346665,0.895079463346665,0.9189925462800256,0.9189925462800256,0.9712739813215928,0.9712739813215928,0.8293294705753788,0.9066092276710768,0.8258838754654653,0.8964744973851746,0.8811516552888086,0.9069852976584395,0.9189043390799356,0.9315331488321105,1.0,1.0,0.743058933377593,-0.032200751388462484,0.8586359193592242,0.5506250929109526,-0.1971040097586082,-0.20729005333164155,0.8277713544303311,0.7348662355847316,0.8383970604755726,0.9173542561524903,0.839201817246093,0.8010698008956201,0.7574514011454374,0.7064461893290297,0.8465274013869896,0.7798458938770794,0.8525926920283614],[0.7829603745301944,0.801513116576454,0.7829603745301944,0.7579049486841999,0.7579049486841999,0.6461647510265405,0.6461647510265405,0.5889056977954857,0.5889056977954857,0.7004154403513027,0.8537212264896779,0.6634683879524755,0.8322324458255037,0.8535088690325643,0.8545561943483859,0.694481357595781,0.8630359974801709,0.743058933377593,0.743058933377593,1.0,0.03443264468331115,0.7194187365964485,-0.36520627065031436,0.3173172823661383,-0.6566436371699553,0.3550774195867135,0.7090550626029148,0.5123686208810954,0.8366582493810397,0.6954890337754278,0.11288276654664126,0.3114896814284402,0.5668523252481089,0.7836604226743115,0.4809286809134513,-0.14910320833614657],[-0.14137391690602955,0.0701452918628269,-0.14137391690602955,-0.1493688744814434,-0.1493688744814434,-0.08995510677241188,-0.08995510677241188,0.030837176049154317,0.030837176049154317,-0.1012891196687642,0.02375911976779655,0.024940336281452757,0.051592133039422075,-0.07431679773549528,0.022936919336322473,-0.07472752160130908,0.036482953604946126,-0.032200751388462484,-0.032200751388462484,0.03443264468331115,1.0,-0.09570025791281178,0.10598602973368045,0.15562240169222755,0.7487423641360544,-0.0926097937864812,-0.045773062579132856,-0.013299976722715094,0.1605563009830849,-0.0002563457733263097,0.04976311835806141,0.33170164289479076,0.56748049471441,-0.1218870372597244,0.10586952465118998,0.15719990905541154],[0.9782269940177627,0.9701283266764287,0.9782269940177627,0.9905646334867313,0.9905646334867313,0.9384528610145683,0.9384528610145683,0.8528618496276382,0.8528618496276382,0.7886713563020445,0.9964651492451213,0.7508443898209733,0.9889886522601784,0.9848351843759077,0.9963464041360369,0.9462052422352895,0.9872814349214641,0.8586359193592242,0.8586359193592242,0.7194187365964485,-0.09570025791281178,1.0,0.09928052202094194,-0.19473756899083144,-0.3023013273050252,0.668670285356774,0.9180283629991138,0.8992890802789834,0.854101875669225,0.7542694591003769,0.5874946748691314,0.5964289799299365,0.5301025858643025,0.9029835004042436,0.6689876930003267,0.18345135782574126],[0.1643493708260204,-0.0416254772247034,0.1643493708260204,0.1909891241033356,0.1909891241033356,0.3209884335553063,0.3209884335553063,0.5522083747140409,0.5522083747140409,0.040624385965352734,0.8863964139451935,0.45118395942514855,0.9067915589734282,0.914889299806587,0.8860114632053486,0.6444563798178143,0.8542158169102185,0.5506250929109526,0.5506250929109526,-0.36520627065031436,0.10598602973368045,0.09928052202094194,1.0,-0.4586151590326743,0.7171277045360429,0.380994516841419,0.11239786293324715,0.31602926753322863,-0.09238477186871578,0.08066787012224878,0.5983866645340571,0.4797015567148486,0.2003650934809449,0.008210760602377793,0.3942952372263897,0.46927751668603856],[-0.10073133781580908,-0.09328489663314747,-0.10073133781580908,-0.1366513852567562,-0.1366513852567562,-0.2850532511369908,-0.2850532511369908,-0.3109675028880467,-0.3109675028880467,0.04680875128976314,-0.5059174981241197,-0.17697651485554391,-0.6629702430426024,-0.8380870259751482,-0.503309908590221,-0.41730739929675886,-0.48463836403561444,-0.1971040097586082,-0.1971040097586082,0.3173172823661383,0.15562240169222755,-0.19473756899083144,-0.4586151590326743,1.0,-0.028168743124399268,-0.16498346136501557,-0.19004954462578905,-0.30358055779989396,-0.045379137426395016,-0.07582566520291287,-0.5687953224598169,-0.20171269881048745,-0.024846936035899308,-0.04636828982848204,-0.22058559572316064,-0.40848799858761403],[-0.25140573477803824,-0.2516855203818003,-0.25140573477803824,-0.2518733059354534,-0.2518733059354534,-0.11922524223860141,-0.11922524223860141,0.015988628499026436,0.015988628499026436,-0.24391491204043336,0.33884803175280315,-0.23143499629010317,0.4058834782709866,0.44245318453810106,0.3380624517597901,-0.16747249744243697,0.3570746544051516,-0.20729005333164155,-0.20729005333164155,-0.6566436371699553,0.7487423641360544,-0.3023013273050252,0.7171277045360429,-0.028168743124399268,1.0,-0.1067297635639773,-0.24653088916952767,-0.06639610733779762,-0.3512870062699156,-0.32949067633706264,0.07082053608451365,0.16123528452142222,0.26311615570282476,-0.37911049387326295,0.1130786275318272,0.092145290983761],[0.8144249667587032,0.6477811076960408,0.8144249667587032,0.8055908099039358,0.8055908099039358,0.8835680052790936,0.8835680052790936,0.7871270485749109,0.7871270485749109,0.7943947751323288,0.8232170490116347,0.8276734127469568,0.7949709401107563,0.743816180324373,0.8234525809800725,0.8949824550903765,0.868648086126278,0.8277713544303311,0.8277713544303311,0.3550774195867135,-0.0926097937864812,0.668670285356774,0.380994516841419,-0.16498346136501557,-0.1067297635639773,1.0,0.5460081510693269,0.8390226642886018,0.4965065342273728,0.6286248798741044,0.5494406831791733,0.6586073975642197,0.4258710128562375,0.7054766021590125,0.7043127606545981,0.4180445593272282],[0.907229610854998,0.9082522211415773,0.907229610854998,0.918363260061761,0.918363260061761,0.859294070606646,0.859294070606646,0.7585462803669893,0.7585462803669893,0.5907717904644525,0.8819812251302301,0.49911497216567186,0.8891950825935899,0.8939693005482435,0.8804508478912916,0.8549139106937839,0.8741427030572314,0.7348662355847316,0.7348662355847316,0.7090550626029148,-0.045773062579132856,0.9180283629991138,0.11239786293324715,-0.19004954462578905,-0.24653088916952767,0.5460081510693269,1.0,0.7998415662717242,0.7839484387501703,0.6659461115995998,0.49239903768005466,0.5033029831712446,0.5185292090291304,0.8419152612492165,0.6258763174236943,0.10609868661435433],[0.9145125661727677,0.8901606029371655,0.9145125661727677,0.9158908858340311,0.9158908858340311,0.9324126239412486,0.9324126239412486,0.8753896777969429,0.8753896777969429,0.7798395390722723,0.9350614859863009,0.7567222438097103,0.9436419152260378,0.9373318691430368,0.9342721418192886,0.9283701342124395,0.9454013525673736,0.8383970604755726,0.8383970604755726,0.5123686208810954,-0.013299976722715094,0.8992890802789834,0.31602926753322863,-0.30358055779989396,-0.06639610733779762,0.8390226642886018,0.7998415662717242,1.0,0.7549793390324604,0.6142137414765436,0.6015687305843134,0.6045709047390732,0.5347867809491598,0.8210746300157133,0.8356413762715221,0.2226423957494534],[0.9258758023073792,0.9205080719051475,0.9258758023073792,0.9104357572147419,0.9104357572147419,0.9003340763957591,0.9003340763957591,0.8533872625004669,0.8533872625004669,0.8252998491173673,0.904616746720702,0.7999068505367998,0.8953488139327666,0.8812240631914422,0.9050135185257435,0.9074947525424537,0.9332768753486338,0.9173542561524903,0.9173542561524903,0.8366582493810397,0.1605563009830849,0.854101875669225,-0.09238477186871578,-0.045379137426395016,-0.3512870062699156,0.4965065342273728,0.7839484387501703,0.7549793390324604,1.0,0.9070821456170423,0.5498678985164734,0.6899050092071223,0.6670654450652456,0.8800151895101244,0.5116466121132394,0.3013174150581027],[0.7808900923840862,0.7915968029507154,0.7808900923840862,0.7860731656911685,0.7860731656911685,0.7453416063563032,0.7453416063563032,0.7583784788485604,0.7583784788485604,0.6951878954272567,0.8092539815971537,0.7235572823446512,0.7433364792341614,0.6735699021048573,0.8103929097615189,0.7821358724337835,0.8314568842690894,0.839201817246093,0.839201817246093,0.6954890337754278,-0.0002563457733263097,0.7542694591003769,0.08066787012224878,-0.07582566520291287,-0.32949067633706264,0.6286248798741044,0.6659461115995998,0.6142137414765436,0.9070821456170423,1.0,0.5831855953029363,0.6720159744375681,0.6109331114862011,0.7335914299636006,0.5890265919016915,0.4746956200362581],[0.5585736885631817,0.550397235252037,0.5585736885631817,0.5872042655018277,0.5872042655018277,0.7499109665651176,0.7499109665651176,0.880261387489936,0.880261387489936,0.37119613458410194,0.9140950620827064,0.6148144429729417,0.9141104316035018,0.9223077959405386,0.9136886922710153,0.8573611698728896,0.9026429972753827,0.8010698008956201,0.8010698008956201,0.11288276654664126,0.04976311835806141,0.5874946748691314,0.5983866645340571,-0.5687953224598169,0.07082053608451365,0.5494406831791733,0.49239903768005466,0.6015687305843134,0.5498678985164734,0.5831855953029363,1.0,0.7464788036014581,0.3848737797015397,0.503966498328967,0.5863502697178379,0.7577359386658068],[0.637060406717661,0.6342301872107756,0.637060406717661,0.6300981496783271,0.6300981496783271,0.7398167046913519,0.7398167046913519,0.7823409261343277,0.7823409261343277,0.5379566949992464,0.8676811751868592,0.7195374410614348,0.8458763270823658,0.8363872592153291,0.8685571179203843,0.7869097994069977,0.8984134995722054,0.7574514011454374,0.7574514011454374,0.3114896814284402,0.33170164289479076,0.5964289799299365,0.4797015567148486,-0.20171269881048745,0.16123528452142222,0.6586073975642197,0.5033029831712446,0.6045709047390732,0.6899050092071223,0.6720159744375681,0.7464788036014581,1.0,0.7790694576210705,0.5021690030129772,0.7312533565534483,0.550664063856099],[0.6303845823742144,0.6560929619846729,0.6303845823742144,0.6003174237934609,0.6003174237934609,0.7053613304678802,0.7053613304678802,0.7165077582026134,0.7165077582026134,0.5671780376419813,0.7777607496895024,0.6888626656815517,0.7580616941639087,0.7003439200778339,0.7786542121318166,0.761689430081716,0.8189048410069518,0.7064461893290297,0.7064461893290297,0.5668523252481089,0.56748049471441,0.5301025858643025,0.2003650934809449,-0.024846936035899308,0.26311615570282476,0.4258710128562375,0.5185292090291304,0.5347867809491598,0.6670654450652456,0.6109331114862011,0.3848737797015397,0.7790694576210705,1.0,0.49403946669067467,0.66617116058498,0.20331080176643218],[0.933866976395483,0.9316108364674646,0.933866976395483,0.924233111925583,0.924233111925583,0.8630651216032941,0.8630651216032941,0.7950612782114848,0.7950612782114848,0.8108346979955158,0.903131495245862,0.7730096062175464,0.8875236743813362,0.9125764688387487,0.9031877298103871,0.8850055530729709,0.9168083129957275,0.8465274013869896,0.8465274013869896,0.7836604226743115,-0.1218870372597244,0.9029835004042436,0.008210760602377793,-0.04636828982848204,-0.37911049387326295,0.7054766021590125,0.8419152612492165,0.8210746300157133,0.8800151895101244,0.7335914299636006,0.503966498328967,0.5021690030129772,0.49403946669067467,1.0,0.7372219115616666,0.17711266342349205],[0.8338348599871312,0.6910324737796678,0.8338348599871312,0.8234178442398707,0.8234178442398707,0.8648063949388032,0.8648063949388032,0.8516855650869153,0.8516855650869153,0.6778037926262446,0.9428933547218783,0.6732596681845233,0.9563991228928119,0.95700000653246,0.9429538526539578,0.8623079963874994,0.9519763639052369,0.7798458938770794,0.7798458938770794,0.4809286809134513,0.10586952465118998,0.6689876930003267,0.3942952372263897,-0.22058559572316064,0.1130786275318272,0.7043127606545981,0.6258763174236943,0.8356413762715221,0.5116466121132394,0.5890265919016915,0.5863502697178379,0.7312533565534483,0.66617116058498,0.7372219115616666,1.0,0.18584359099600326],[0.19086910824435746,0.1878321765937564,0.19086910824435746,0.20285921992796574,0.20285921992796574,0.47073821927188353,0.47073821927188353,0.803591054761848,0.803591054761848,0.17427634880532167,0.7779807708206821,0.6893376762596445,0.8054299945783105,0.7740980541929764,0.7785537438423199,0.7911923661084426,0.8345610243008318,0.8525926920283614,0.8525926920283614,-0.14910320833614657,0.15719990905541154,0.18345135782574126,0.46927751668603856,-0.40848799858761403,0.092145290983761,0.4180445593272282,0.10609868661435433,0.2226423957494534,0.3013174150581027,0.4746956200362581,0.7577359386658068,0.550664063856099,0.20331080176643218,0.17711266342349205,0.18584359099600326,1.0]],"x":["^TAIEX       \u81fa\u7063\u52a0\u6b0a\u5831\u916c\u6307\u6578","^TWII        \u81fa\u7063\u52a0\u6b0a\u6307\u6578","^TAIEXx2     \u81fa\u7063\u52a0\u6b0a\u5831\u916c\u6307\u6578_\u65e5\u6b632","^TAI50I      \u81fa\u706350\u5831\u916c\u6307\u6578","^TAI50Ix2    \u81fa\u706350\u5831\u916c\u6307\u6578_\u65e5\u6b632","^TAI100I     \u81fa\u7063\u4e2d\u578b100\u5831\u916c\u6307\u6578","^TAI100Ix2   \u81fa\u7063\u4e2d\u578b100\u5831\u916c\u6307\u6578_\u65e5\u6b632","^TAIDIVIDI   \u81fa\u7063\u9ad8\u80a1\u606f\u5831\u916c\u6307\u6578","^TAIDIVIDIx2 \u81fa\u7063\u9ad8\u80a1\u606f\u5831\u916c\u6307\u6578_\u65e5\u6b632","0050Fund     \u5143\u5927\u53f0\u7063\u5353\u8d8a50\u57fa\u91d1","006208Fund   \u5bcc\u90a6\u53f0\u7063\u91c6\u540950\u57fa\u91d1","0050         \u5143\u5927\u81fa\u706350","00631L       \u5143\u5927\u53f0\u706350\u6b632","00675L       \u5bcc\u90a6\u81fa\u7063\u52a0\u6b0a\u6b632","006208       \u5bcc\u90a6\u53f050","0051         \u5143\u5927\u4e2d\u578b100","006204       \u6c38\u8c50\u81fa\u7063\u52a0\u6b0a","0056         \u5143\u5927\u9ad8\u80a1\u606f","0056         \u5143\u5927\u9ad8\u80a1\u606f_\u80a1\u606f\u4e0d\u6295\u5165","2412         \u4e2d\u83ef\u96fb\u4fe1","2002         \u4e2d\u92fc","2330         \u53f0\u7a4d\u96fb","2317         \u9d3b\u6d77","6505         \u53f0\u5851\u77f3\u5316","3481         \u7fa4\u5275","2303         \u806f\u96fb","2308         \u53f0\u9054\u96fb","2454         \u806f\u767c\u79d1","2886         \u5146\u8c50\u91d1","2884         \u7389\u5c71\u91d1","2891         \u4e2d\u4fe1\u91d1","2892         \u7b2c\u4e00\u91d1","5880         \u5408\u5eab\u91d1","2881         \u5bcc\u90a6\u91d1","2885         \u5143\u5927\u91d1","2887         \u53f0\u65b0\u91d1"],"y":["^TAIEX       \u81fa\u7063\u52a0\u6b0a\u5831\u916c\u6307\u6578","^TWII        \u81fa\u7063\u52a0\u6b0a\u6307\u6578","^TAIEXx2     \u81fa\u7063\u52a0\u6b0a\u5831\u916c\u6307\u6578_\u65e5\u6b632","^TAI50I      \u81fa\u706350\u5831\u916c\u6307\u6578","^TAI50Ix2    \u81fa\u706350\u5831\u916c\u6307\u6578_\u65e5\u6b632","^TAI100I     \u81fa\u7063\u4e2d\u578b100\u5831\u916c\u6307\u6578","^TAI100Ix2   \u81fa\u7063\u4e2d\u578b100\u5831\u916c\u6307\u6578_\u65e5\u6b632","^TAIDIVIDI   \u81fa\u7063\u9ad8\u80a1\u606f\u5831\u916c\u6307\u6578","^TAIDIVIDIx2 \u81fa\u7063\u9ad8\u80a1\u606f\u5831\u916c\u6307\u6578_\u65e5\u6b632","0050Fund     \u5143\u5927\u53f0\u7063\u5353\u8d8a50\u57fa\u91d1","006208Fund   \u5bcc\u90a6\u53f0\u7063\u91c6\u540950\u57fa\u91d1","0050         \u5143\u5927\u81fa\u706350","00631L       \u5143\u5927\u53f0\u706350\u6b632","00675L       \u5bcc\u90a6\u81fa\u7063\u52a0\u6b0a\u6b632","006208       \u5bcc\u90a6\u53f050","0051         \u5143\u5927\u4e2d\u578b100","006204       \u6c38\u8c50\u81fa\u7063\u52a0\u6b0a","0056         \u5143\u5927\u9ad8\u80a1\u606f","0056         \u5143\u5927\u9ad8\u80a1\u606f_\u80a1\u606f\u4e0d\u6295\u5165","2412         \u4e2d\u83ef\u96fb\u4fe1","2002         \u4e2d\u92fc","2330         \u53f0\u7a4d\u96fb","2317         \u9d3b\u6d77","6505         \u53f0\u5851\u77f3\u5316","3481         \u7fa4\u5275","2303         \u806f\u96fb","2308         \u53f0\u9054\u96fb","2454         \u806f\u767c\u79d1","2886         \u5146\u8c50\u91d1","2884         \u7389\u5c71\u91d1","2891         \u4e2d\u4fe1\u91d1","2892         \u7b2c\u4e00\u91d1","5880         \u5408\u5eab\u91d1","2881         \u5bcc\u90a6\u91d1","2885         \u5143\u5927\u91d1","2887         \u53f0\u65b0\u91d1"],"zmin":-1,"zmax":1,"colorbar":{"x":-0.2}}],"layout":{"autotypenumbers":"strict","colorway":["#636efa","#EF553B","#00cc96","#ab63fa","#FFA15A","#19d3f3","#FF6692","#B6E880","#FF97FF","#FECB52"],"font":{"color":"#f2f5fa","family":"Courier New"},"hovermode":"closest","hoverlabel":{"align":"left"},"paper_bgcolor":"rgb(17,17,17)","plot_bgcolor":"rgb(17,17,17)","polar":{"bgcolor":"rgb(17,17,17)","angularaxis":{"gridcolor":"#506784","linecolor":"#506784","ticks":""},"radialaxis":{"gridcolor":"#506784","linecolor":"#506784","ticks":""}},"ternary":{"bgcolor":"rgb(17,17,17)","aaxis":{"gridcolor":"#506784","linecolor":"#506784","ticks":""},"baxis":{"gridcolor":"#506784","linecolor":"#506784","ticks":""},"caxis":{"gridcolor":"#506784","linecolor":"#506784","ticks":""}},"coloraxis":{"colorbar":{"outlinewidth":0,"ticks":""}},"colorscale":{"sequential":[[0.0,"#0d0887"],[0.1111111111111111,"#46039f"],[0.2222222222222222,"#7201a8"],[0.3333333333333333,"#9c179e"],[0.4444444444444444,"#bd3786"],[0.5555555555555556,"#d8576b"],[0.6666666666666666,"#ed7953"],[0.7777777777777778,"#fb9f3a"],[0.8888888888888888,"#fdca26"],[1.0,"#f0f921"]],"sequentialminus":[[0.0,"#0d0887"],[0.1111111111111111,"#46039f"],[0.2222222222222222,"#7201a8"],[0.3333333333333333,"#9c179e"],[0.4444444444444444,"#bd3786"],[0.5555555555555556,"#d8576b"],[0.6666666666666666,"#ed7953"],[0.7777777777777778,"#fb9f3a"],[0.8888888888888888,"#fdca26"],[1.0,"#f0f921"]],"diverging":[[0,"#8e0152"],[0.1,"#c51b7d"],[0.2,"#de77ae"],[0.3,"#f1b6da"],[0.4,"#fde0ef"],[0.5,"#f7f7f7"],[0.6,"#e6f5d0"],[0.7,"#b8e186"],[0.8,"#7fbc41"],[0.9,"#4d9221"],[1,"#276419"]]},"xaxis":{"gridcolor":"rgba(0, 0, 0, 0)","linecolor":"#506784","ticks":"","title":{"standoff":15},"zerolinecolor":"#283442","automargin":true,"zerolinewidth":2,"tickfont":{"family":"Courier New","size":14},"side":"top","tickangle":-90},"yaxis":{"gridcolor":"rgba(0, 0, 0, 0)","linecolor":"#506784","ticks":"","title":{"standoff":15},"zerolinecolor":"#283442","automargin":true,"zerolinewidth":2,"tickfont":{"family":"Courier New"},"side":"right"},"scene":{"xaxis":{"backgroundcolor":"rgb(17,17,17)","gridcolor":"#506784","linecolor":"#506784","showbackground":true,"ticks":"","zerolinecolor":"#C8D4E3","gridwidth":2},"yaxis":{"backgroundcolor":"rgb(17,17,17)","gridcolor":"#506784","linecolor":"#506784","showbackground":true,"ticks":"","zerolinecolor":"#C8D4E3","gridwidth":2},"zaxis":{"backgroundcolor":"rgb(17,17,17)","gridcolor":"#506784","linecolor":"#506784","showbackground":true,"ticks":"","zerolinecolor":"#C8D4E3","gridwidth":2}},"shapedefaults":{"line":{"color":"#f2f5fa"}},"annotationdefaults":{"arrowcolor":"#f2f5fa","arrowhead":0,"arrowwidth":1},"geo":{"bgcolor":"rgb(17,17,17)","landcolor":"rgb(17,17,17)","subunitcolor":"#506784","showland":true,"showlakes":true,"lakecolor":"rgb(17,17,17)"},"title":{"x":0.05,"font":{"family":"Times New Roman"},"y":0.05,"text":"<b>Correlation of Close<b><br><i>2016-09-23 ~ 2025-12-08<i>"},"updatemenudefaults":{"bgcolor":"#506784","borderwidth":0},"sliderdefaults":{"bgcolor":"#C8D4E3","borderwidth":1,"bordercolor":"rgb(17,17,17)","tickwidth":0},"mapbox":{"style":"dark"},"annotations":[{"text":"<b>@zwindr<b>","textangle":0,"opacity":0.5,"font":{"color":"white","size":12},"xref":"paper","yref":"paper","xanchor":"left","yanchor":"bottom","x":1.0,"y":1.0,"showarrow":false}]},"config":{"responsive":true,"toImageButtonOptions":{"filename":"Correlation of Close_2016-09-23~2025-12-08","scale":5}}};Plotly.newPlot("correlationClose",correlationClose.data,correlationClose.layout||{},correlationClose.config);}else{console.log("style display is none => correlationClose");}