var correlationClose = {"data": [{"type": "heatmap", "z": [[1.0, 0.9999999999999987, 1.0, 0.9956207857114288, 0.9956207857114288, 0.9607821377986693, 0.9607821377986693, 0.8955351183669247, 0.8955351183669247, 0.9401617927070882, 0.9951601033823634, 0.9519033112749964, 0.9924959928589899, 0.9920548511803733, 0.9950810476660427, 0.9713868186874893, 0.9988735068619251, 0.9271801134356242, 0.7825789918811114, -0.07536258241729633, 0.9766285686525641, 0.05682462292394646, 0.004616061554466691, -0.2512211219296486, 0.8246409145735109, 0.9511041329639348, 0.9031880394701617, 0.9269081225360244, 0.7663766174951524, 0.4711045757519298, 0.6074557441212017, 0.6381874592859703, 0.9277135492353895, 0.8092413967104224, 0.16885666938648197], [0.9999999999999987, 1.0, 0.9999999999999988, 0.995566157561107, 0.995566157561107, 0.9601302564215453, 0.9601302564215453, 0.896837849005776, 0.896837849005776, 0.9404712139752053, 0.995131027133314, 0.9523676466641176, 0.9922288373413147, 0.9914579116682929, 0.9950479528099565, 0.9706087024246187, 0.9988758787477272, 0.9277715746179173, 0.8033709636923397, 0.13117405235925506, 0.96750972972338, -0.10357137751709444, 0.012008620482469324, -0.2515473433704686, 0.6481181341655229, 0.9511975438375865, 0.8748872929851231, 0.92152660310133, 0.7798762310900806, 0.46268282343843237, 0.6044091551843979, 0.6693387063394592, 0.9247438659321069, 0.6709597682241015, 0.16514445416710247], [1.0, 0.9999999999999988, 1.0, 0.9956207857114288, 0.9956207857114288, 0.9607821377986693, 0.9607821377986693, 0.8955351183669247, 0.8955351183669247, 0.9401617927070882, 0.9951601033823634, 0.9519033112749964, 0.9924959928589899, 0.9920548511803733, 0.9950810476660427, 0.9713868186874893, 0.9988735068619251, 0.9271801134356242, 0.7825789918811114, -0.07536258241729633, 0.9766285686525641, 0.05682462292394646, 0.004616061554466691, -0.2512211219296486, 0.8246409145735109, 0.9511041329639348, 0.9031880394701617, 0.9269081225360244, 0.7663766174951524, 0.4711045757519298, 0.6074557441212017, 0.6381874592859703, 0.9277135492353895, 0.8092413967104224, 0.16885666938648197], [0.9956207857114288, 0.995566157561107, 0.9956207857114288, 1.0, 1.0, 0.9476993772912701, 0.9476993772912701, 0.8814962615576944, 0.8814962615576944, 0.9356438348316778, 0.9994567406638163, 0.9488992519460538, 0.9880214147000225, 0.983733896436368, 0.9993893535622034, 0.9538237248505232, 0.9947086175560751, 0.9089381107872467, 0.7623140523953621, -0.08077612297458592, 0.9884567384182763, 0.07627763658726351, -0.02568061743105943, -0.25497497306675265, 0.8256579013623854, 0.9420320709834427, 0.9083283150582053, 0.916536216091525, 0.7783672408011114, 0.4971165914582296, 0.6016994512667599, 0.6125791132575886, 0.9213628238299694, 0.799073041051925, 0.1814756872436118], [0.9956207857114288, 0.995566157561107, 0.9956207857114288, 1.0, 1.0, 0.9476993772912701, 0.9476993772912701, 0.8814962615576944, 0.8814962615576944, 0.9356438348316778, 0.9994567406638163, 0.9488992519460538, 0.9880214147000225, 0.983733896436368, 0.9993893535622034, 0.9538237248505232, 0.9947086175560751, 0.9089381107872467, 0.7623140523953621, -0.08077612297458592, 0.9884567384182763, 0.07627763658726351, -0.02568061743105943, -0.25497497306675265, 0.8256579013623854, 0.9420320709834427, 0.9083283150582053, 0.916536216091525, 0.7783672408011114, 0.4971165914582296, 0.6016994512667599, 0.6125791132575886, 0.9213628238299694, 0.799073041051925, 0.1814756872436118], [0.9607821377986693, 0.9601302564215453, 0.9607821377986693, 0.9476993772912701, 0.9476993772912701, 1.0, 1.0, 0.9226963785306064, 0.9226963785306064, 0.9067182687040337, 0.9515193651183195, 0.9150149385462758, 0.9765944838624556, 0.9754157015150139, 0.9510963544851768, 0.9989684732411556, 0.9718804259978221, 0.9196463542709447, 0.6236106374743197, -0.018362904338164385, 0.9320825395886178, 0.24099710901353366, -0.2023420549011993, -0.10477827362647066, 0.8959465843218755, 0.9108120224013985, 0.9236545855004603, 0.8939207629066043, 0.7242754243620457, 0.7013726168235735, 0.721371852515113, 0.7139905425907328, 0.844341962169306, 0.8443167017672839, 0.46148355133249325], [0.9607821377986693, 0.9601302564215453, 0.9607821377986693, 0.9476993772912701, 0.9476993772912701, 1.0, 1.0, 0.9226963785306064, 0.9226963785306064, 0.9067182687040337, 0.9515193651183195, 0.9150149385462758, 0.9765944838624556, 0.9754157015150139, 0.9510963544851768, 0.9989684732411556, 0.9718804259978221, 0.9196463542709447, 0.6236106374743197, -0.018362904338164385, 0.9320825395886178, 0.24099710901353366, -0.2023420549011993, -0.10477827362647066, 0.8959465843218755, 0.9108120224013985, 0.9236545855004603, 0.8939207629066043, 0.7242754243620457, 0.7013726168235735, 0.721371852515113, 0.7139905425907328, 0.844341962169306, 0.8443167017672839, 0.46148355133249325], [0.8955351183669247, 0.896837849005776, 0.8955351183669247, 0.8814962615576944, 0.8814962615576944, 0.9226963785306064, 0.9226963785306064, 1.0, 1.0, 0.8860879180358374, 0.938140510972291, 0.877157550008622, 0.9470200840221636, 0.942089934054337, 0.9377164344450447, 0.9234984650431172, 0.939522832013135, 0.9730742980621274, 0.5578435691794518, 0.10267374682285327, 0.8379675129470247, 0.49466989410598716, -0.2264319216863329, 0.03765147386133933, 0.7844779648826583, 0.802265908554185, 0.8596272815169715, 0.8395384659892439, 0.7376524866074359, 0.8680346368086062, 0.7655833896929338, 0.717886960203588, 0.7685455374076784, 0.8319354668862682, 0.8008476421384344], [0.8955351183669247, 0.896837849005776, 0.8955351183669247, 0.8814962615576944, 0.8814962615576944, 0.9226963785306064, 0.9226963785306064, 1.0, 1.0, 0.8860879180358374, 0.938140510972291, 0.877157550008622, 0.9470200840221636, 0.942089934054337, 0.9377164344450447, 0.9234984650431172, 0.939522832013135, 0.9730742980621274, 0.5578435691794518, 0.10267374682285327, 0.8379675129470247, 0.49466989410598716, -0.2264319216863329, 0.03765147386133933, 0.7844779648826583, 0.802265908554185, 0.8596272815169715, 0.8395384659892439, 0.7376524866074359, 0.8680346368086062, 0.7655833896929338, 0.717886960203588, 0.7685455374076784, 0.8319354668862682, 0.8008476421384344], [0.9401617927070882, 0.9404712139752053, 0.9401617927070882, 0.9356438348316778, 0.9356438348316778, 0.9067182687040337, 0.9067182687040337, 0.8860879180358374, 0.8860879180358374, 1.0, 0.9324547271980768, 0.9999756196486393, 0.9173627146818318, 0.8931183286975239, 0.9332943264614343, 0.9084207296166493, 0.93807575429869, 0.9016947480832662, 0.7846914190762734, 0.22998463300143385, 0.9239847560516308, 0.7812697364572986, -0.31864912196113854, 0.3964178402523487, 0.8598273020510824, 0.8426250092437326, 0.8858531429438006, 0.86569528736053, 0.7559534197323341, 0.7792635383810089, 0.8271671857488292, 0.7990815899913408, 0.8434915083637556, 0.8880648393952193, 0.7769227748191151], [0.9951601033823634, 0.995131027133314, 0.9951601033823634, 0.9994567406638163, 0.9994567406638163, 0.9515193651183195, 0.9515193651183195, 0.938140510972291, 0.938140510972291, 0.9324547271980768, 1.0, 0.9322992576205317, 0.9877957870758837, 0.9841214681773713, 0.9999131237811821, 0.9519939043195449, 0.9938286563241889, 0.9278181783038334, 0.8401732583561333, 0.1735831686430962, 0.995492619542683, 0.8460892414476024, -0.41257766799028106, 0.37500063079859675, 0.8696751582697515, 0.91645903638723, 0.9400030269795361, 0.9114223107285205, 0.8000419007857479, 0.8883707073200532, 0.8703265212825586, 0.8151103508447939, 0.8945385899715218, 0.9420095401857693, 0.785496075588014], [0.9519033112749964, 0.9523676466641176, 0.9519033112749964, 0.9488992519460538, 0.9488992519460538, 0.9150149385462758, 0.9150149385462758, 0.877157550008622, 0.877157550008622, 0.9999756196486393, 0.9322992576205317, 1.0, 0.9173453725048151, 0.8929951517187849, 0.9333266634498142, 0.916647926387846, 0.9415366559548656, 0.8926808198405097, 0.7186000729928109, -0.0017292992085236488, 0.9368998047781437, 0.6066716304536619, -0.2303192999617386, -0.2391815247179904, 0.8669091711727566, 0.8756221093904647, 0.8618713157281616, 0.877896368652184, 0.7914432205333879, 0.7722978418027912, 0.7945300644256116, 0.7234333100696427, 0.8737419786935025, 0.7734365345847973, 0.7347923519364583], [0.9924959928589899, 0.9922288373413147, 0.9924959928589899, 0.9880214147000225, 0.9880214147000225, 0.9765944838624556, 0.9765944838624556, 0.9470200840221636, 0.9470200840221636, 0.9173627146818318, 0.9877957870758837, 0.9173453725048151, 1.0, 0.9996781004336239, 0.987684543927093, 0.9748404403554402, 0.9894889760498581, 0.9232542141392655, 0.8056274947877441, 0.21143880262512232, 0.9854195047871522, 0.8715762382836542, -0.6019273183422277, 0.4532717685871234, 0.8504056021656038, 0.9333008777339475, 0.957035423867026, 0.9054873566140107, 0.7209633337612251, 0.889303989260435, 0.8496650410503076, 0.806488421504708, 0.8746721756891684, 0.9629099260693816, 0.8216341036521184], [0.9920548511803733, 0.9914579116682929, 0.9920548511803733, 0.983733896436368, 0.983733896436368, 0.9754157015150139, 0.9754157015150139, 0.942089934054337, 0.942089934054337, 0.8931183286975239, 0.9841214681773713, 0.8929951517187849, 0.9996781004336239, 1.0, 0.9841668444673737, 0.9725455677296453, 0.9876882822877749, 0.9111921878170705, 0.8239121144261797, 0.09220087961252571, 0.979607584741768, 0.8807042688864588, -0.816896083888336, 0.5019239866586174, 0.8087321824513027, 0.9393639955287507, 0.9548319543471926, 0.8913941014565099, 0.6338654444759163, 0.9001258786603656, 0.8353404322293426, 0.7576226220477722, 0.9082610260483367, 0.9654186975804588, 0.7921992870942817], [0.9950810476660427, 0.9950479528099565, 0.9950810476660427, 0.9993893535622034, 0.9993893535622034, 0.9510963544851768, 0.9510963544851768, 0.9377164344450447, 0.9377164344450447, 0.9332943264614343, 0.9999131237811821, 0.9333266634498142, 0.987684543927093, 0.9841668444673737, 1.0, 0.9516814783428725, 0.9937836583653433, 0.9279896080075433, 0.8411237663633906, 0.17376541226065606, 0.9953753746279563, 0.8453187732002022, -0.4090276482943383, 0.3739335950828261, 0.86955576504092, 0.9147883206949465, 0.9388358058116388, 0.9117980006552986, 0.8012623605307789, 0.8877159508421362, 0.8713656070511105, 0.8161078392011485, 0.8941573024963337, 0.9416795683714683, 0.7853997488775553], [0.9713868186874893, 0.9706087024246187, 0.9713868186874893, 0.9538237248505232, 0.9538237248505232, 0.9989684732411556, 0.9989684732411556, 0.9234984650431172, 0.9234984650431172, 0.9084207296166493, 0.9519939043195449, 0.916647926387846, 0.9748404403554402, 0.9725455677296453, 0.9516814783428725, 1.0, 0.973560141238886, 0.9192533712661156, 0.6722721697739522, 0.001568465524261096, 0.9433089667746625, 0.5689727959438439, -0.33528695448590995, -0.15857726337518305, 0.9089944241470442, 0.9236050607871605, 0.9189478115122409, 0.9023239900272069, 0.7650614223309968, 0.8315588488098059, 0.7717393157286884, 0.771772739418356, 0.8684555782225513, 0.8411717586823803, 0.7892578073194905], [0.9988735068619251, 0.9988758787477272, 0.9988735068619251, 0.9947086175560751, 0.9947086175560751, 0.9718804259978221, 0.9718804259978221, 0.939522832013135, 0.939522832013135, 0.93807575429869, 0.9938286563241889, 0.9415366559548656, 0.9894889760498581, 0.9876882822877749, 0.9937836583653433, 0.973560141238886, 1.0, 0.9431953191419801, 0.8463942865489059, 0.1717190047961588, 0.9867298722832225, 0.8152334077863845, -0.39375145579860893, 0.38610624789666903, 0.9019996167484516, 0.931555296171827, 0.9436832702096326, 0.9361859757170039, 0.8211969944779318, 0.8775195211741542, 0.8971017078354878, 0.844923174377539, 0.9063010781031731, 0.9461583302671005, 0.8404131627140551], [0.9271801134356242, 0.9277715746179173, 0.9271801134356242, 0.9089381107872467, 0.9089381107872467, 0.9196463542709447, 0.9196463542709447, 0.9730742980621274, 0.9730742980621274, 0.9016947480832662, 0.9278181783038334, 0.8926808198405097, 0.9232542141392655, 0.9111921878170705, 0.9279896080075433, 0.9192533712661156, 0.9431953191419801, 1.0, 0.7265967792235889, 0.019876557446624036, 0.8719263583517928, 0.5049667441339162, -0.12337312517068758, -0.20014209273065275, 0.8221251822488462, 0.8395897993411351, 0.8284983426587544, 0.9118217496514224, 0.8285368786343525, 0.7982272860634455, 0.7406138416601069, 0.6993990687354501, 0.8357886211304781, 0.7624919367811489, 0.8466460921126128], [0.7825789918811114, 0.8033709636923397, 0.7825789918811114, 0.7623140523953621, 0.7623140523953621, 0.6236106374743197, 0.6236106374743197, 0.5578435691794518, 0.5578435691794518, 0.7846914190762734, 0.8401732583561333, 0.7186000729928109, 0.8056274947877441, 0.8239121144261797, 0.8411237663633906, 0.6722721697739522, 0.8463942865489059, 0.7265967792235889, 1.0, 0.06209978746087091, 0.7249299183805997, -0.4406856149432993, 0.3928297649805747, -0.6621506655828618, 0.33141868057879575, 0.8028397194215081, 0.48029262568207537, 0.8292342319669599, 0.6793332044953375, 0.033429523813157974, 0.2738393153189326, 0.5560690385841149, 0.7749953045718132, 0.45543815251685216, -0.17154140735539208], [-0.07536258241729633, 0.13117405235925506, -0.07536258241729633, -0.08077612297458592, -0.08077612297458592, -0.018362904338164385, -0.018362904338164385, 0.10267374682285327, 0.10267374682285327, 0.22998463300143385, 0.1735831686430962, -0.0017292992085236488, 0.21143880262512232, 0.09220087961252571, 0.17376541226065606, 0.001568465524261096, 0.1717190047961588, 0.019876557446624036, 0.06209978746087091, 1.0, -0.044466802177951945, 0.13755260353068519, 0.11474486462198254, 0.7525579814147049, -0.07605002009682033, 0.04705889015846155, 0.03815435197552925, 0.20213016220522717, 0.040774072925601576, 0.124823083814232, 0.39325309763980215, 0.5981527339817145, -0.07760653883397901, 0.16324250934818668, 0.1737146331888115], [0.9766285686525641, 0.96750972972338, 0.9766285686525641, 0.9884567384182763, 0.9884567384182763, 0.9320825395886178, 0.9320825395886178, 0.8379675129470247, 0.8379675129470247, 0.9239847560516308, 0.995492619542683, 0.9368998047781437, 0.9854195047871522, 0.979607584741768, 0.9953753746279563, 0.9433089667746625, 0.9867298722832225, 0.8719263583517928, 0.7249299183805997, -0.044466802177951945, 1.0, -0.01415345572253684, -0.08981692305402991, -0.3151089275975211, 0.6880292157350101, 0.9234751413708069, 0.8917836672843944, 0.8585733014109888, 0.7469494692453811, 0.49337482490637846, 0.56458921481046, 0.542398081173256, 0.8997031801359019, 0.6460929787305987, 0.16015915590763513], [0.05682462292394646, -0.10357137751709444, 0.05682462292394646, 0.07627763658726351, 0.07627763658726351, 0.24099710901353366, 0.24099710901353366, 0.49466989410598716, 0.49466989410598716, 0.7812697364572986, 0.8460892414476024, 0.6066716304536619, 0.8715762382836542, 0.8807042688864588, 0.8453187732002022, 0.5689727959438439, 0.8152334077863845, 0.5049667441339162, -0.4406856149432993, 0.13755260353068519, -0.01415345572253684, 1.0, -0.4216341144592997, 0.7793251276617429, 0.35998558452640694, -0.06445142444111822, 0.2475699121694448, -0.16500146859568746, 0.013433384023903075, 0.5568917064461222, 0.44416218965185056, 0.1706736402758026, -0.08930094121442941, 0.3437650037477912, 0.4639382046985218], [0.004616061554466691, 0.012008620482469324, 0.004616061554466691, -0.02568061743105943, -0.02568061743105943, -0.2023420549011993, -0.2023420549011993, -0.2264319216863329, -0.2264319216863329, -0.31864912196113854, -0.41257766799028106, -0.2303192999617386, -0.6019273183422277, -0.816896083888336, -0.4090276482943383, -0.33528695448590995, -0.39375145579860893, -0.12337312517068758, 0.3928297649805747, 0.11474486462198254, -0.08981692305402991, -0.4216341144592997, 1.0, -0.04982043739764164, -0.1259352311186555, -0.03202762018608783, -0.23644135106709427, 0.029578146057540698, -0.009043010689663462, -0.5294006152301012, -0.14906133661904988, 0.009953341333519957, 0.03948175206865655, -0.14851084718533308, -0.401595295168278], [-0.2512211219296486, -0.2515473433704686, -0.2512211219296486, -0.25497497306675265, -0.25497497306675265, -0.10477827362647066, -0.10477827362647066, 0.03765147386133933, 0.03765147386133933, 0.3964178402523487, 0.37500063079859675, -0.2391815247179904, 0.4532717685871234, 0.5019239866586174, 0.3739335950828261, -0.15857726337518305, 0.38610624789666903, -0.20014209273065275, -0.6621506655828618, 0.7525579814147049, -0.3151089275975211, 0.7793251276617429, -0.04982043739764164, 1.0, -0.09790286197096791, -0.3024116285613782, -0.04855683716395519, -0.3497735104390015, -0.32647992686747757, 0.11067134578186104, 0.1825940690976841, 0.27490948585233344, -0.3826217932579426, 0.14321429309733674, 0.10505289643127502], [0.8246409145735109, 0.6481181341655229, 0.8246409145735109, 0.8256579013623854, 0.8256579013623854, 0.8959465843218755, 0.8959465843218755, 0.7844779648826583, 0.7844779648826583, 0.8598273020510824, 0.8696751582697515, 0.8669091711727566, 0.8504056021656038, 0.8087321824513027, 0.86955576504092, 0.9089944241470442, 0.9019996167484516, 0.8221251822488462, 0.33141868057879575, -0.07605002009682033, 0.6880292157350101, 0.35998558452640694, -0.1259352311186555, -0.09790286197096791, 1.0, 0.6151484489747505, 0.844810501227177, 0.4787730173292019, 0.6135453530831516, 0.5284850810690193, 0.6443383442569028, 0.4072786833974223, 0.6961214303704998, 0.6946253530302817, 0.4103338444787173], [0.9511041329639348, 0.9511975438375865, 0.9511041329639348, 0.9420320709834427, 0.9420320709834427, 0.9108120224013985, 0.9108120224013985, 0.802265908554185, 0.802265908554185, 0.8426250092437326, 0.91645903638723, 0.8756221093904647, 0.9333008777339475, 0.9393639955287507, 0.9147883206949465, 0.9236050607871605, 0.931555296171827, 0.8395897993411351, 0.8028397194215081, 0.04705889015846155, 0.9234751413708069, -0.06445142444111822, -0.03202762018608783, -0.3024116285613782, 0.6151484489747505, 1.0, 0.8279753380005227, 0.8585210630916302, 0.70682322004056, 0.33776131794990893, 0.48503643577943123, 0.6028853913019885, 0.9015907760259305, 0.6324641229643958, 0.0584552388328782], [0.9031880394701617, 0.8748872929851231, 0.9031880394701617, 0.9083283150582053, 0.9083283150582053, 0.9236545855004603, 0.9236545855004603, 0.8596272815169715, 0.8596272815169715, 0.8858531429438006, 0.9400030269795361, 0.8618713157281616, 0.957035423867026, 0.9548319543471926, 0.9388358058116388, 0.9189478115122409, 0.9436832702096326, 0.8284983426587544, 0.48029262568207537, 0.03815435197552925, 0.8917836672843944, 0.2475699121694448, -0.23644135106709427, -0.04855683716395519, 0.844810501227177, 0.8279753380005227, 1.0, 0.7306085237999073, 0.5777727851457498, 0.5356638958328472, 0.570659889098458, 0.5266822724673528, 0.7981659028844883, 0.8166699378432548, 0.20676825455285638], [0.9269081225360244, 0.92152660310133, 0.9269081225360244, 0.916536216091525, 0.916536216091525, 0.8939207629066043, 0.8939207629066043, 0.8395384659892439, 0.8395384659892439, 0.86569528736053, 0.9114223107285205, 0.877896368652184, 0.9054873566140107, 0.8913941014565099, 0.9117980006552986, 0.9023239900272069, 0.9361859757170039, 0.9118217496514224, 0.8292342319669599, 0.20213016220522717, 0.8585733014109888, -0.16500146859568746, 0.029578146057540698, -0.3497735104390015, 0.4787730173292019, 0.8585210630916302, 0.7306085237999073, 1.0, 0.9002445634638848, 0.49634598234283267, 0.6667785633618859, 0.6683787629683964, 0.8693576064883387, 0.4890263310025787, 0.29011163324733513], [0.7663766174951524, 0.7798762310900806, 0.7663766174951524, 0.7783672408011114, 0.7783672408011114, 0.7242754243620457, 0.7242754243620457, 0.7376524866074359, 0.7376524866074359, 0.7559534197323341, 0.8000419007857479, 0.7914432205333879, 0.7209633337612251, 0.6338654444759163, 0.8012623605307789, 0.7650614223309968, 0.8211969944779318, 0.8285368786343525, 0.6793332044953375, 0.040774072925601576, 0.7469494692453811, 0.013433384023903075, -0.009043010689663462, -0.32647992686747757, 0.6135453530831516, 0.70682322004056, 0.5777727851457498, 0.9002445634638848, 1.0, 0.5413715374604567, 0.6491458051967149, 0.6022938680102453, 0.7116651599541219, 0.5528611413332211, 0.4715196958529143], [0.4711045757519298, 0.46268282343843237, 0.4711045757519298, 0.4971165914582296, 0.4971165914582296, 0.7013726168235735, 0.7013726168235735, 0.8680346368086062, 0.8680346368086062, 0.7792635383810089, 0.8883707073200532, 0.7722978418027912, 0.889303989260435, 0.9001258786603656, 0.8877159508421362, 0.8315588488098059, 0.8775195211741542, 0.7982272860634455, 0.033429523813157974, 0.124823083814232, 0.49337482490637846, 0.5568917064461222, -0.5294006152301012, 0.11067134578186104, 0.5284850810690193, 0.33776131794990893, 0.5356638958328472, 0.49634598234283267, 0.5413715374604567, 1.0, 0.7295685115285255, 0.36473557581550026, 0.42965120572606436, 0.5236923724528404, 0.7916623489406794], [0.6074557441212017, 0.6044091551843979, 0.6074557441212017, 0.6016994512667599, 0.6016994512667599, 0.721371852515113, 0.721371852515113, 0.7655833896929338, 0.7655833896929338, 0.8271671857488292, 0.8703265212825586, 0.7945300644256116, 0.8496650410503076, 0.8353404322293426, 0.8713656070511105, 0.7717393157286884, 0.8971017078354878, 0.7406138416601069, 0.2738393153189326, 0.39325309763980215, 0.56458921481046, 0.44416218965185056, -0.14906133661904988, 0.1825940690976841, 0.6443383442569028, 0.48503643577943123, 0.570659889098458, 0.6667785633618859, 0.6491458051967149, 0.7295685115285255, 1.0, 0.7767784134174238, 0.46032664550450436, 0.7113157360725267, 0.5491271888238657], [0.6381874592859703, 0.6693387063394592, 0.6381874592859703, 0.6125791132575886, 0.6125791132575886, 0.7139905425907328, 0.7139905425907328, 0.717886960203588, 0.717886960203588, 0.7990815899913408, 0.8151103508447939, 0.7234333100696427, 0.806488421504708, 0.7576226220477722, 0.8161078392011485, 0.771772739418356, 0.844923174377539, 0.6993990687354501, 0.5560690385841149, 0.5981527339817145, 0.542398081173256, 0.1706736402758026, 0.009953341333519957, 0.27490948585233344, 0.4072786833974223, 0.6028853913019885, 0.5266822724673528, 0.6683787629683964, 0.6022938680102453, 0.36473557581550026, 0.7767784134174238, 1.0, 0.48139236058417606, 0.6689941892649488, 0.194644563896782], [0.9277135492353895, 0.9247438659321069, 0.9277135492353895, 0.9213628238299694, 0.9213628238299694, 0.844341962169306, 0.844341962169306, 0.7685455374076784, 0.7685455374076784, 0.8434915083637556, 0.8945385899715218, 0.8737419786935025, 0.8746721756891684, 0.9082610260483367, 0.8941573024963337, 0.8684555782225513, 0.9063010781031731, 0.8357886211304781, 0.7749953045718132, -0.07760653883397901, 0.8997031801359019, -0.08930094121442941, 0.03948175206865655, -0.3826217932579426, 0.6961214303704998, 0.9015907760259305, 0.7981659028844883, 0.8693576064883387, 0.7116651599541219, 0.42965120572606436, 0.46032664550450436, 0.48139236058417606, 1.0, 0.704685336242968, 0.15718171777205753], [0.8092413967104224, 0.6709597682241015, 0.8092413967104224, 0.799073041051925, 0.799073041051925, 0.8443167017672839, 0.8443167017672839, 0.8319354668862682, 0.8319354668862682, 0.8880648393952193, 0.9420095401857693, 0.7734365345847973, 0.9629099260693816, 0.9654186975804588, 0.9416795683714683, 0.8411717586823803, 0.9461583302671005, 0.7624919367811489, 0.45543815251685216, 0.16324250934818668, 0.6460929787305987, 0.3437650037477912, -0.14851084718533308, 0.14321429309733674, 0.6946253530302817, 0.6324641229643958, 0.8166699378432548, 0.4890263310025787, 0.5528611413332211, 0.5236923724528404, 0.7113157360725267, 0.6689941892649488, 0.704685336242968, 1.0, 0.16617109144920297], [0.16885666938648197, 0.16514445416710247, 0.16885666938648197, 0.1814756872436118, 0.1814756872436118, 0.46148355133249325, 0.46148355133249325, 0.8008476421384344, 0.8008476421384344, 0.7769227748191151, 0.785496075588014, 0.7347923519364583, 0.8216341036521184, 0.7921992870942817, 0.7853997488775553, 0.7892578073194905, 0.8404131627140551, 0.8466460921126128, -0.17154140735539208, 0.1737146331888115, 0.16015915590763513, 0.4639382046985218, -0.401595295168278, 0.10505289643127502, 0.4103338444787173, 0.0584552388328782, 0.20676825455285638, 0.29011163324733513, 0.4715196958529143, 0.7916623489406794, 0.5491271888238657, 0.194644563896782, 0.15718171777205753, 0.16617109144920297, 1.0]], "x": ["^TAIEX       \u81fa\u7063\u52a0\u6b0a\u5831\u916c\u6307\u6578", "^TWII        \u81fa\u7063\u52a0\u6b0a\u6307\u6578", "^TAIEXx2     \u81fa\u7063\u52a0\u6b0a\u5831\u916c\u6307\u6578_\u65e5\u6b632", "^TAI50I      \u81fa\u706350\u5831\u916c\u6307\u6578", "^TAI50Ix2    \u81fa\u706350\u5831\u916c\u6307\u6578_\u65e5\u6b632", "^TAI100I     \u81fa\u7063\u4e2d\u578b100\u5831\u916c\u6307\u6578", "^TAI100Ix2   \u81fa\u7063\u4e2d\u578b100\u5831\u916c\u6307\u6578_\u65e5\u6b632", "^TAIDIVIDI   \u81fa\u7063\u9ad8\u80a1\u606f\u5831\u916c\u6307\u6578", "^TAIDIVIDIx2 \u81fa\u7063\u9ad8\u80a1\u606f\u5831\u916c\u6307\u6578_\u65e5\u6b632", "0050Fund     \u5143\u5927\u53f0\u7063\u5353\u8d8a50\u57fa\u91d1", "006208Fund   \u5bcc\u90a6\u53f0\u7063\u91c6\u540950\u57fa\u91d1", "0050         \u5143\u5927\u81fa\u706350", "00631L       \u5143\u5927\u53f0\u706350\u6b632", "00675L       \u5bcc\u90a6\u81fa\u7063\u52a0\u6b0a\u6b632", "006208       \u5bcc\u90a6\u53f050", "0051         \u5143\u5927\u4e2d\u578b100", "006204       \u6c38\u8c50\u81fa\u7063\u52a0\u6b0a", "0056         \u5143\u5927\u9ad8\u80a1\u606f", "2412         \u4e2d\u83ef\u96fb\u4fe1", "2002         \u4e2d\u92fc", "2330         \u53f0\u7a4d\u96fb", "2317         \u9d3b\u6d77", "6505         \u53f0\u5851\u77f3\u5316", "3481         \u7fa4\u5275", "2303         \u806f\u96fb", "2308         \u53f0\u9054\u96fb", "2454         \u806f\u767c\u79d1", "2886         \u5146\u8c50\u91d1", "2884         \u7389\u5c71\u91d1", "2891         \u4e2d\u4fe1\u91d1", "2892         \u7b2c\u4e00\u91d1", "5880         \u5408\u5eab\u91d1", "2881         \u5bcc\u90a6\u91d1", "2885         \u5143\u5927\u91d1", "2887         \u53f0\u65b0\u91d1"], "y": ["^TAIEX       \u81fa\u7063\u52a0\u6b0a\u5831\u916c\u6307\u6578", "^TWII        \u81fa\u7063\u52a0\u6b0a\u6307\u6578", "^TAIEXx2     \u81fa\u7063\u52a0\u6b0a\u5831\u916c\u6307\u6578_\u65e5\u6b632", "^TAI50I      \u81fa\u706350\u5831\u916c\u6307\u6578", "^TAI50Ix2    \u81fa\u706350\u5831\u916c\u6307\u6578_\u65e5\u6b632", "^TAI100I     \u81fa\u7063\u4e2d\u578b100\u5831\u916c\u6307\u6578", "^TAI100Ix2   \u81fa\u7063\u4e2d\u578b100\u5831\u916c\u6307\u6578_\u65e5\u6b632", "^TAIDIVIDI   \u81fa\u7063\u9ad8\u80a1\u606f\u5831\u916c\u6307\u6578", "^TAIDIVIDIx2 \u81fa\u7063\u9ad8\u80a1\u606f\u5831\u916c\u6307\u6578_\u65e5\u6b632", "0050Fund     \u5143\u5927\u53f0\u7063\u5353\u8d8a50\u57fa\u91d1", "006208Fund   \u5bcc\u90a6\u53f0\u7063\u91c6\u540950\u57fa\u91d1", "0050         \u5143\u5927\u81fa\u706350", "00631L       \u5143\u5927\u53f0\u706350\u6b632", "00675L       \u5bcc\u90a6\u81fa\u7063\u52a0\u6b0a\u6b632", "006208       \u5bcc\u90a6\u53f050", "0051         \u5143\u5927\u4e2d\u578b100", "006204       \u6c38\u8c50\u81fa\u7063\u52a0\u6b0a", "0056         \u5143\u5927\u9ad8\u80a1\u606f", "2412         \u4e2d\u83ef\u96fb\u4fe1", "2002         \u4e2d\u92fc", "2330         \u53f0\u7a4d\u96fb", "2317         \u9d3b\u6d77", "6505         \u53f0\u5851\u77f3\u5316", "3481         \u7fa4\u5275", "2303         \u806f\u96fb", "2308         \u53f0\u9054\u96fb", "2454         \u806f\u767c\u79d1", "2886         \u5146\u8c50\u91d1", "2884         \u7389\u5c71\u91d1", "2891         \u4e2d\u4fe1\u91d1", "2892         \u7b2c\u4e00\u91d1", "5880         \u5408\u5eab\u91d1", "2881         \u5bcc\u90a6\u91d1", "2885         \u5143\u5927\u91d1", "2887         \u53f0\u65b0\u91d1"], "zmin": -1, "zmax": 1, "colorbar": {"x": -0.2}}], "layout": {"autotypenumbers": "strict", "colorway": ["#636efa", "#EF553B", "#00cc96", "#ab63fa", "#FFA15A", "#19d3f3", "#FF6692", "#B6E880", "#FF97FF", "#FECB52"], "font": {"color": "#f2f5fa", "family": "Courier New"}, "hovermode": "closest", "hoverlabel": {"align": "left"}, "paper_bgcolor": "rgb(17,17,17)", "plot_bgcolor": "rgb(17,17,17)", "polar": {"bgcolor": "rgb(17,17,17)", "angularaxis": {"gridcolor": "#506784", "linecolor": "#506784", "ticks": ""}, "radialaxis": {"gridcolor": "#506784", "linecolor": "#506784", "ticks": ""}}, "ternary": {"bgcolor": "rgb(17,17,17)", "aaxis": {"gridcolor": "#506784", "linecolor": "#506784", "ticks": ""}, "baxis": {"gridcolor": "#506784", "linecolor": "#506784", "ticks": ""}, "caxis": {"gridcolor": "#506784", "linecolor": "#506784", "ticks": ""}}, "coloraxis": {"colorbar": {"outlinewidth": 0, "ticks": ""}}, "colorscale": {"sequential": [[0.0, "#0d0887"], [0.1111111111111111, "#46039f"], [0.2222222222222222, "#7201a8"], [0.3333333333333333, "#9c179e"], [0.4444444444444444, "#bd3786"], [0.5555555555555556, "#d8576b"], [0.6666666666666666, "#ed7953"], [0.7777777777777778, "#fb9f3a"], [0.8888888888888888, "#fdca26"], [1.0, "#f0f921"]], "sequentialminus": [[0.0, "#0d0887"], [0.1111111111111111, "#46039f"], [0.2222222222222222, "#7201a8"], [0.3333333333333333, "#9c179e"], [0.4444444444444444, "#bd3786"], [0.5555555555555556, "#d8576b"], [0.6666666666666666, "#ed7953"], [0.7777777777777778, "#fb9f3a"], [0.8888888888888888, "#fdca26"], [1.0, "#f0f921"]], "diverging": [[0, "#8e0152"], [0.1, "#c51b7d"], [0.2, "#de77ae"], [0.3, "#f1b6da"], [0.4, "#fde0ef"], [0.5, "#f7f7f7"], [0.6, "#e6f5d0"], [0.7, "#b8e186"], [0.8, "#7fbc41"], [0.9, "#4d9221"], [1, "#276419"]]}, "xaxis": {"gridcolor": "rgba(0, 0, 0, 0)", "linecolor": "#506784", "ticks": "", "title": {"standoff": 15}, "zerolinecolor": "#283442", "automargin": true, "zerolinewidth": 2, "tickfont": {"family": "Courier New", "size": 14}, "side": "top", "tickangle": -90}, "yaxis": {"gridcolor": "rgba(0, 0, 0, 0)", "linecolor": "#506784", "ticks": "", "title": {"standoff": 15}, "zerolinecolor": "#283442", "automargin": true, "zerolinewidth": 2, "tickfont": {"family": "Courier New"}, "side": "right"}, "scene": {"xaxis": {"backgroundcolor": "rgb(17,17,17)", "gridcolor": "#506784", "linecolor": "#506784", "showbackground": true, "ticks": "", "zerolinecolor": "#C8D4E3", "gridwidth": 2}, "yaxis": {"backgroundcolor": "rgb(17,17,17)", "gridcolor": "#506784", "linecolor": "#506784", "showbackground": true, "ticks": "", "zerolinecolor": "#C8D4E3", "gridwidth": 2}, "zaxis": {"backgroundcolor": "rgb(17,17,17)", "gridcolor": "#506784", "linecolor": "#506784", "showbackground": true, "ticks": "", "zerolinecolor": "#C8D4E3", "gridwidth": 2}}, "shapedefaults": {"line": {"color": "#f2f5fa"}}, "annotationdefaults": {"arrowcolor": "#f2f5fa", "arrowhead": 0, "arrowwidth": 1}, "geo": {"bgcolor": "rgb(17,17,17)", "landcolor": "rgb(17,17,17)", "subunitcolor": "#506784", "showland": true, "showlakes": true, "lakecolor": "rgb(17,17,17)"}, "title": {"x": 0.05, "font": {"family": "Times New Roman"}, "y": 0.05, "text": "<b>Correlation of Close<b><br><i>2016-09-23 ~ 2025-07-22<i>"}, "updatemenudefaults": {"bgcolor": "#506784", "borderwidth": 0}, "sliderdefaults": {"bgcolor": "#C8D4E3", "borderwidth": 1, "bordercolor": "rgb(17,17,17)", "tickwidth": 0}, "mapbox": {"style": "dark"}}, "config": {"responsive": true, "toImageButtonOptions": {"filename": "Correlation of Close_2016-09-23~2025-07-22", "scale": 5}}};

Plotly.newPlot("correlationClose",
    correlationClose.data,
    correlationClose.layout || {},
    correlationClose.config);