var element=document.getElementById("correlationClose");if(element.style.display!='none'){var correlationClose={"data":[{"type":"heatmap","z":[[1.0,0.9999999999999983,1.0,0.9952475159491884,0.9952475159491884,0.9648245594480386,0.9648245594480386,0.9043559570899415,0.9043559570899415,0.8678657167957942,0.9944610832315118,0.8386269264633481,0.9926700928817622,0.9926261285804036,0.9945409867440677,0.9737451334114423,0.9990096008686069,0.9224360393251723,0.9224360393251723,0.7842846802490705,-0.12357426998954034,0.9777793989814219,0.13453731573508926,-0.08179997331837115,-0.25160999845221615,0.8165881734180926,0.9136405340146697,0.912920613011719,0.9278224163678354,0.7807669324642398,0.5367677076859523,0.632573275755302,0.6339272552404395,0.9322791267408518,0.8272600941872662,0.1826109774709679],[0.9999999999999983,1.0,0.9999999999999986,0.995220249253203,0.995220249253203,0.9642018959384706,0.9642018959384706,0.9052546994533779,0.9052546994533779,0.8704033893655363,0.9944649713864866,0.8384219137099705,0.9923784882375252,0.9920818354656841,0.994519251245916,0.9731458466024719,0.9990119040354675,0.9227043634216832,0.9227043634216832,0.8033276224736631,0.08752344960582978,0.9693968027502458,-0.06025009184916697,-0.07322733855039634,-0.2518993413485138,0.647133236845954,0.9151519515360559,0.8874645575306893,0.9223203707952734,0.7917600888669724,0.5284256763467373,0.6294141782502493,0.6602228002125793,0.9297580615376975,0.6809122275165342,0.17907833253769614],[1.0,0.9999999999999986,1.0,0.9952475159491884,0.9952475159491884,0.9648245594480386,0.9648245594480386,0.9043559570899415,0.9043559570899415,0.8678657167957942,0.9944610832315118,0.8386269264633481,0.9926700928817622,0.9926261285804036,0.9945409867440677,0.9737451334114423,0.9990096008686069,0.9224360393251723,0.9224360393251723,0.7842846802490705,-0.12357426998954034,0.9777793989814219,0.13453731573508926,-0.08179997331837115,-0.25160999845221615,0.8165881734180926,0.9136405340146697,0.912920613011719,0.9278224163678354,0.7807669324642398,0.5367677076859523,0.632573275755302,0.6339272552404395,0.9322791267408518,0.8272600941872662,0.1826109774709679],[0.9952475159491884,0.995220249253203,0.9952475159491884,1.0,1.0,0.9515449469593036,0.9515449469593036,0.8893647867328096,0.8893647867328096,0.8490039420434714,0.9995186762029118,0.8181578168090186,0.9902460449873556,0.9868416329850332,0.999476728562249,0.9562563722456726,0.9948274048982454,0.9000444738295306,0.9000444738295306,0.7606467614197512,-0.13096173778696682,0.9900426069824947,0.15940340532874558,-0.11722682054982696,-0.2529147319032167,0.8101233643873745,0.9208408510598955,0.9159272268525575,0.9141165024780549,0.7884133885436198,0.5650718530029984,0.6264778136182437,0.6051315108955982,0.9234342637487184,0.8167955270921489,0.19458145569395896],[0.9952475159491884,0.995220249253203,0.9952475159491884,1.0,1.0,0.9515449469593036,0.9515449469593036,0.8893647867328096,0.8893647867328096,0.8490039420434714,0.9995186762029118,0.8181578168090186,0.9902460449873556,0.9868416329850332,0.999476728562249,0.9562563722456726,0.9948274048982454,0.9000444738295306,0.9000444738295306,0.7606467614197512,-0.13096173778696682,0.9900426069824947,0.15940340532874558,-0.11722682054982696,-0.2529147319032167,0.8101233643873745,0.9208408510598955,0.9159272268525575,0.9141165024780549,0.7884133885436198,0.5650718530029984,0.6264778136182437,0.6051315108955982,0.9234342637487184,0.8167955270921489,0.19458145569395896],[0.9648245594480386,0.9642018959384706,0.9648245594480386,0.9515449469593036,0.9515449469593036,1.0,1.0,0.929781561327605,0.929781561327605,0.8351071869066384,0.9516899159515916,0.8252955347552746,0.971822200838472,0.969693439923534,0.9515991136292318,0.999078641097424,0.9733590729488905,0.9201585611235699,0.9201585611235699,0.6419879857741485,-0.07056319403545287,0.9365629201709346,0.2983838924829642,-0.27052322570408033,-0.11571477949913599,0.8866176384224175,0.8656835674610601,0.9310638873693973,0.9003077651288219,0.7432692456937694,0.7374836253075158,0.7376915158546515,0.7093889373973474,0.8582618539892835,0.8593794412486773,0.46600997708093767],[0.9648245594480386,0.9642018959384706,0.9648245594480386,0.9515449469593036,0.9515449469593036,1.0,1.0,0.929781561327605,0.929781561327605,0.8351071869066384,0.9516899159515916,0.8252955347552746,0.971822200838472,0.969693439923534,0.9515991136292318,0.999078641097424,0.9733590729488905,0.9201585611235699,0.9201585611235699,0.6419879857741485,-0.07056319403545287,0.9365629201709346,0.2983838924829642,-0.27052322570408033,-0.11571477949913599,0.8866176384224175,0.8656835674610601,0.9310638873693973,0.9003077651288219,0.7432692456937694,0.7374836253075158,0.7376915158546515,0.7093889373973474,0.8582618539892835,0.8593794412486773,0.46600997708093767],[0.9043559570899415,0.9052546994533779,0.9043559570899415,0.8893647867328096,0.8893647867328096,0.929781561327605,0.929781561327605,1.0,1.0,0.7760216389960561,0.938301800912342,0.7985047005452656,0.9443839299892615,0.9394690511006727,0.9382400450771375,0.9305428303616484,0.9440117121470324,0.971892991346399,0.971892991346399,0.5823040138402222,0.0493645893676365,0.8500022226890149,0.5371580032683081,-0.2960271743387488,0.02122186154612421,0.7857523030023016,0.7656360375114827,0.8717646421194085,0.8508180115001075,0.7551731476553386,0.8769038369729087,0.7796275601327648,0.7177050518417792,0.7885144777380996,0.8468266854078218,0.8009544010962101],[0.9043559570899415,0.9052546994533779,0.9043559570899415,0.8893647867328096,0.8893647867328096,0.929781561327605,0.929781561327605,1.0,1.0,0.7760216389960561,0.938301800912342,0.7985047005452656,0.9443839299892615,0.9394690511006727,0.9382400450771375,0.9305428303616484,0.9440117121470324,0.971892991346399,0.971892991346399,0.5823040138402222,0.0493645893676365,0.8500022226890149,0.5371580032683081,-0.2960271743387488,0.02122186154612421,0.7857523030023016,0.7656360375114827,0.8717646421194085,0.8508180115001075,0.7551731476553386,0.8769038369729087,0.7796275601327648,0.7177050518417792,0.7885144777380996,0.8468266854078218,0.8009544010962101],[0.8678657167957942,0.8704033893655363,0.8678657167957942,0.8490039420434714,0.8490039420434714,0.8351071869066384,0.8351071869066384,0.7760216389960561,0.7760216389960561,1.0,0.7613574204589059,0.9999700093987082,0.7172080639851518,0.6499157654785823,0.7682128154624799,0.8329189823224978,0.8061257125216174,0.8426777346787546,0.8426777346787546,0.7070840834459411,-0.10464266755770339,0.8255651104306116,0.045484878350419394,0.04424914664191264,-0.2453699024130636,0.801405573880806,0.6540448462620849,0.7963505880811284,0.8366326394585532,0.7030009731759357,0.38552396302575004,0.5443520726779275,0.5702062201669555,0.8290981176956977,0.6956605112768844,0.17627824057560657],[0.9944610832315118,0.9944649713864866,0.9944610832315118,0.9995186762029118,0.9995186762029118,0.9516899159515916,0.9516899159515916,0.938301800912342,0.938301800912342,0.7613574204589059,1.0,0.76362214476254,0.9899952277556017,0.9869315007306884,0.9999223720918189,0.9520799292249701,0.9937007408347317,0.9130915469498582,0.9130915469498582,0.8528971418829059,0.06298028190868844,0.9963027837403028,0.8770697181969531,-0.49216550387777674,0.3489754681114002,0.8333060433230998,0.8830535039444523,0.9387501423224298,0.9090259495769458,0.8131274677854372,0.9079148947080553,0.871643406566502,0.788764808842492,0.9004245963830064,0.9419143562592189,0.7754446470663032],[0.8386269264633481,0.8384219137099705,0.8386269264633481,0.8181578168090186,0.8181578168090186,0.8252955347552746,0.8252955347552746,0.7985047005452656,0.7985047005452656,0.9999700093987082,0.76362214476254,1.0,0.7145321089874496,0.6464976825116923,0.7660747875772328,0.8258315908266819,0.8044651450394928,0.8403090880629326,0.8403090880629326,0.6744606952477533,0.01872530595319338,0.7961692049083544,0.4885883809792684,-0.1851852356206588,-0.2330413277086048,0.8374868432924756,0.5744230145033514,0.776664188168328,0.814778949442309,0.7345979806303877,0.6483118026898896,0.7331516458979305,0.695402408943888,0.7978173481768455,0.6987124898576779,0.702667259827129],[0.9926700928817622,0.9923784882375252,0.9926700928817622,0.9902460449873556,0.9902460449873556,0.971822200838472,0.971822200838472,0.9443839299892615,0.9443839299892615,0.7172080639851518,0.9899952277556017,0.7145321089874496,1.0,0.9997428570052809,0.989957496516517,0.9703061440858705,0.9903407662500083,0.9059215862913467,0.9059215862913467,0.8291737943608831,0.09659430940622428,0.987974473773628,0.8977210312518941,-0.6557183174479072,0.4206129880543753,0.8089536518571602,0.8881439750632816,0.9503609183462067,0.9022121441318519,0.7458536028633868,0.9078384855346887,0.8519850072918471,0.7740534224645382,0.8839565774273166,0.9577089436661376,0.8056705938477983],[0.9926261285804036,0.9920818354656841,0.9926261285804036,0.9868416329850332,0.9868416329850332,0.969693439923534,0.969693439923534,0.9394690511006727,0.9394690511006727,0.6499157654785823,0.9869315007306884,0.6464976825116923,0.9997428570052809,1.0,0.9871083568683767,0.9673490333814396,0.9892131344750018,0.8922092144043576,0.8922092144043576,0.8497355603861656,-0.02611643428053884,0.9832752623201129,0.9056755394177523,-0.8396488460817013,0.46150984490248415,0.760540291248254,0.8922672805784154,0.9460779280781703,0.8892572817786539,0.6741603623772288,0.9165039961103989,0.8426934046821467,0.7201971092277798,0.911185001994784,0.9588570975049302,0.7734669933476711],[0.9945409867440677,0.994519251245916,0.9945409867440677,0.999476728562249,0.999476728562249,0.9515991136292318,0.9515991136292318,0.9382400450771375,0.9382400450771375,0.7682128154624799,0.9999223720918189,0.7660747875772328,0.989957496516517,0.9871083568683767,1.0,0.9520824882897597,0.9937591708555452,0.9137440068212906,0.9137440068212906,0.8538402110674541,0.06581863403984431,0.9961545269779004,0.8756817623573071,-0.4876859684626058,0.34897622174879034,0.834341292596856,0.8812150970717668,0.9379234591984585,0.9098434233327738,0.8142387983503535,0.9071907832242666,0.873010452397831,0.7908401355418676,0.900246472404935,0.9419337995242542,0.7757273966292839],[0.9737451334114423,0.9731458466024719,0.9737451334114423,0.9562563722456726,0.9562563722456726,0.999078641097424,0.999078641097424,0.9305428303616484,0.9305428303616484,0.8329189823224978,0.9520799292249701,0.8258315908266819,0.9703061440858705,0.9673490333814396,0.9520824882897597,1.0,0.974828895876306,0.9197192191648237,0.9197192191648237,0.6902392715891562,-0.05354037232954279,0.9454348108648152,0.6247945404375786,-0.4023871433737433,-0.16522653006742333,0.8981547280837158,0.8648977338462025,0.9267869288190514,0.9075543192993155,0.7806846803886877,0.8505020088904146,0.7851990679442886,0.7658172141074753,0.8806185614139131,0.8565564586745139,0.7885002015152786],[0.9990096008686069,0.9990119040354675,0.9990096008686069,0.9948274048982454,0.9948274048982454,0.9733590729488905,0.9733590729488905,0.9440117121470324,0.9440117121470324,0.8061257125216174,0.9937007408347317,0.8044651450394928,0.9903407662500083,0.9892131344750018,0.9937591708555452,0.974828895876306,1.0,0.9356264794243841,0.9356264794243841,0.8609037593616921,0.07376109886382055,0.9871772873485959,0.8445191002187605,-0.469335321936952,0.3657654278926548,0.8763965772034302,0.87958470261627,0.9466947772995503,0.9362691047393142,0.8334194692572467,0.8961663603742785,0.9009083535322212,0.8275681315765332,0.9138454867583072,0.9501188230116162,0.8327686004395294],[0.9224360393251723,0.9227043634216832,0.9224360393251723,0.9000444738295306,0.9000444738295306,0.9201585611235699,0.9201585611235699,0.971892991346399,0.971892991346399,0.8426777346787546,0.9130915469498582,0.8403090880629326,0.9059215862913467,0.8922092144043576,0.9137440068212906,0.9197192191648237,0.9356264794243841,1.0,1.0,0.7393530504924842,-0.0184491476208658,0.8635396921282209,0.5404622944144206,-0.18341826382118362,-0.20544192780217804,0.8258796184350476,0.7564884143839562,0.8356501167614335,0.9159446427818618,0.8370006649585432,0.8003284144357397,0.7539127893776577,0.7051210042263869,0.8443156886106499,0.7761585334641523,0.8502142689559574],[0.9224360393251723,0.9227043634216832,0.9224360393251723,0.9000444738295306,0.9000444738295306,0.9201585611235699,0.9201585611235699,0.971892991346399,0.971892991346399,0.8426777346787546,0.9130915469498582,0.8403090880629326,0.9059215862913467,0.8922092144043576,0.9137440068212906,0.9197192191648237,0.9356264794243841,1.0,1.0,0.7393530504924842,-0.0184491476208658,0.8635396921282209,0.5404622944144206,-0.18341826382118362,-0.20544192780217804,0.8258796184350476,0.7564884143839562,0.8356501167614335,0.9159446427818618,0.8370006649585432,0.8003284144357397,0.7539127893776577,0.7051210042263869,0.8443156886106499,0.7761585334641523,0.8502142689559574],[0.7842846802490705,0.8033276224736631,0.7842846802490705,0.7606467614197512,0.7606467614197512,0.6419879857741485,0.6419879857741485,0.5823040138402222,0.5823040138402222,0.7070840834459411,0.8528971418829059,0.6744606952477533,0.8291737943608831,0.8497355603861656,0.8538402110674541,0.6902392715891562,0.8609037593616921,0.7393530504924842,0.7393530504924842,1.0,0.04147464001821923,0.7224267113148825,-0.3849392733409048,0.3298949675242166,-0.6575987635050274,0.3490472725928466,0.730137478086855,0.5054420653090127,0.8349902347441849,0.6921381669347378,0.09461184469410634,0.30405735474158513,0.5645808859114977,0.7823774098351542,0.4733518429862673,-0.15580694701994363],[-0.12357426998954034,0.08752344960582978,-0.12357426998954034,-0.13096173778696682,-0.13096173778696682,-0.07056319403545287,-0.07056319403545287,0.0493645893676365,0.0493645893676365,-0.10464266755770339,0.06298028190868844,0.01872530595319338,0.09659430940622428,-0.02611643428053884,0.06581863403984431,-0.05354037232954279,0.07376109886382055,-0.0184491476208658,-0.0184491476208658,0.04147464001821923,1.0,-0.08173429266592287,0.11559332460275708,0.14757105205492177,0.7499805169206105,-0.08770908580035526,-0.02292262958754009,-0.0005879340357804187,0.17051380968299293,0.009137763524269834,0.06975309421881128,0.3454860595432758,0.573571678703143,-0.10972317979722895,0.11766106297244208,0.16284968897792057],[0.9777793989814219,0.9693968027502458,0.9777793989814219,0.9900426069824947,0.9900426069824947,0.9365629201709346,0.9365629201709346,0.8500022226890149,0.8500022226890149,0.8255651104306116,0.9963027837403028,0.7961692049083544,0.987974473773628,0.9832752623201129,0.9961545269779004,0.9454348108648152,0.9871772873485959,0.8635396921282209,0.8635396921282209,0.7224267113148825,-0.08173429266592287,1.0,0.06829505988233482,-0.17724274009893862,-0.3057355368509868,0.6726047783594379,0.9169572647312841,0.8996489519464753,0.8575296383315708,0.7568580243179237,0.5645396038652042,0.5923792443256675,0.5340950868682276,0.9019745415734501,0.6589397468968534,0.17463976008994667],[0.13453731573508926,-0.06025009184916697,0.13453731573508926,0.15940340532874558,0.15940340532874558,0.2983838924829642,0.2983838924829642,0.5371580032683081,0.5371580032683081,0.045484878350419394,0.8770697181969531,0.4885883809792684,0.8977210312518941,0.9056755394177523,0.8756817623573071,0.6247945404375786,0.8445191002187605,0.5404622944144206,0.5404622944144206,-0.3849392733409048,0.11559332460275708,0.06829505988233482,1.0,-0.4516563042714413,0.7345990312469852,0.3747113236994714,0.06891599543810939,0.29809049252016856,-0.11061335953048529,0.06472297667823777,0.585832415734174,0.4715148320465518,0.19465243485494826,-0.018837630167131532,0.3820518477634863,0.4666751488168008],[-0.08179997331837115,-0.07322733855039634,-0.08179997331837115,-0.11722682054982696,-0.11722682054982696,-0.27052322570408033,-0.27052322570408033,-0.2960271743387488,-0.2960271743387488,0.04424914664191264,-0.49216550387777674,-0.1851852356206588,-0.6557183174479072,-0.8396488460817013,-0.4876859684626058,-0.4023871433737433,-0.469335321936952,-0.18341826382118362,-0.18341826382118362,0.3298949675242166,0.14757105205492177,-0.17724274009893862,-0.4516563042714413,1.0,-0.03203995383550569,-0.1571478765583791,-0.16772862833913363,-0.2929386452897716,-0.03349258566973845,-0.06579370953346834,-0.563745405909724,-0.19373113668301073,-0.019226240149004082,-0.030489683822473124,-0.20755215894885148,-0.40540764775279814],[-0.25160999845221615,-0.2518993413485138,-0.25160999845221615,-0.2529147319032167,-0.2529147319032167,-0.11571477949913599,-0.11571477949913599,0.02122186154612421,0.02122186154612421,-0.2453699024130636,0.3489754681114002,-0.2330413277086048,0.4206129880543753,0.46150984490248415,0.34897622174879034,-0.16522653006742333,0.3657654278926548,-0.20544192780217804,-0.20544192780217804,-0.6575987635050274,0.7499805169206105,-0.3057355368509868,0.7345990312469852,-0.03203995383550569,1.0,-0.1044023400769514,-0.2570924614888355,-0.0623450812352545,-0.3506211786722886,-0.3283782503654388,0.08031739121921565,0.1655641571635874,0.26563192928534335,-0.38026131154821424,0.1210671612056627,0.09613131049332245],[0.8165881734180926,0.647133236845954,0.8165881734180926,0.8101233643873745,0.8101233643873745,0.8866176384224175,0.8866176384224175,0.7857523030023016,0.7857523030023016,0.801405573880806,0.8333060433230998,0.8374868432924756,0.8089536518571602,0.760540291248254,0.834341292596856,0.8981547280837158,0.8763965772034302,0.8258796184350476,0.8258796184350476,0.3490472725928466,-0.08770908580035526,0.6726047783594379,0.3747113236994714,-0.1571478765583791,-0.1044023400769514,1.0,0.558049109800004,0.8384077138480533,0.4915917552728199,0.624478790170227,0.5428324615372173,0.654959045559601,0.4231352099201217,0.7025679065774494,0.7023075205493065,0.41505702787697674],[0.9136405340146697,0.9151519515360559,0.9136405340146697,0.9208408510598955,0.9208408510598955,0.8656835674610601,0.8656835674610601,0.7656360375114827,0.7656360375114827,0.6540448462620849,0.8830535039444523,0.5744230145033514,0.8881439750632816,0.8922672805784154,0.8812150970717668,0.8648977338462025,0.87958470261627,0.7564884143839562,0.7564884143839562,0.730137478086855,-0.02292262958754009,0.9169572647312841,0.06891599543810939,-0.16772862833913363,-0.2570924614888355,0.558049109800004,1.0,0.8088815285924539,0.8020323026928707,0.6809272119894062,0.4571441563161705,0.5037591274597073,0.5372111633212832,0.8516093662407237,0.6202142489446708,0.09096213830926755],[0.912920613011719,0.8874645575306893,0.912920613011719,0.9159272268525575,0.9159272268525575,0.9310638873693973,0.9310638873693973,0.8717646421194085,0.8717646421194085,0.7963505880811284,0.9387501423224298,0.776664188168328,0.9503609183462067,0.9460779280781703,0.9379234591984585,0.9267869288190514,0.9466947772995503,0.8356501167614335,0.8356501167614335,0.5054420653090127,-0.0005879340357804187,0.8996489519464753,0.29809049252016856,-0.2929386452897716,-0.0623450812352545,0.8384077138480533,0.8088815285924539,1.0,0.7500676625631048,0.6080285619653336,0.5876503477917163,0.5983829325900628,0.5330214458321187,0.8156625148308417,0.8305763019218501,0.21612822907489204],[0.9278224163678354,0.9223203707952734,0.9278224163678354,0.9141165024780549,0.9141165024780549,0.9003077651288219,0.9003077651288219,0.8508180115001075,0.8508180115001075,0.8366326394585532,0.9090259495769458,0.814778949442309,0.9022121441318519,0.8892572817786539,0.9098434233327738,0.9075543192993155,0.9362691047393142,0.9159446427818618,0.9159446427818618,0.8349902347441849,0.17051380968299293,0.8575296383315708,-0.11061335953048529,-0.03349258566973845,-0.3506211786722886,0.4915917552728199,0.8020323026928707,0.7500676625631048,1.0,0.9059514331621872,0.5386026797624901,0.6856908554205947,0.6660688640190261,0.8781924621910395,0.5020067457464936,0.2967920042068388],[0.7807669324642398,0.7917600888669724,0.7807669324642398,0.7884133885436198,0.7884133885436198,0.7432692456937694,0.7432692456937694,0.7551731476553386,0.7551731476553386,0.7030009731759357,0.8131274677854372,0.7345979806303877,0.7458536028633868,0.6741603623772288,0.8142387983503535,0.7806846803886877,0.8334194692572467,0.8370006649585432,0.8370006649585432,0.6921381669347378,0.009137763524269834,0.7568580243179237,0.06472297667823777,-0.06579370953346834,-0.3283782503654388,0.624478790170227,0.6809272119894062,0.6080285619653336,0.9059514331621872,1.0,0.5761639248654287,0.667950049171873,0.6089413776739698,0.730025394012219,0.5821225799655445,0.471858694113925],[0.5367677076859523,0.5284256763467373,0.5367677076859523,0.5650718530029984,0.5650718530029984,0.7374836253075158,0.7374836253075158,0.8769038369729087,0.8769038369729087,0.38552396302575004,0.9079148947080553,0.6483118026898896,0.9078384855346887,0.9165039961103989,0.9071907832242666,0.8505020088904146,0.8961663603742785,0.8003284144357397,0.8003284144357397,0.09461184469410634,0.06975309421881128,0.5645396038652042,0.585832415734174,-0.563745405909724,0.08031739121921565,0.5428324615372173,0.4571441563161705,0.5876503477917163,0.5386026797624901,0.5761639248654287,1.0,0.7442732637863747,0.38091407394875787,0.4850208616459292,0.5697940558625755,0.76326323624106],[0.632573275755302,0.6294141782502493,0.632573275755302,0.6264778136182437,0.6264778136182437,0.7376915158546515,0.7376915158546515,0.7796275601327648,0.7796275601327648,0.5443520726779275,0.871643406566502,0.7331516458979305,0.8519850072918471,0.8426934046821467,0.873010452397831,0.7851990679442886,0.9009083535322212,0.7539127893776577,0.7539127893776577,0.30405735474158513,0.3454860595432758,0.5923792443256675,0.4715148320465518,-0.19373113668301073,0.1655641571635874,0.654959045559601,0.5037591274597073,0.5983829325900628,0.6856908554205947,0.667950049171873,0.7442732637863747,1.0,0.7784376781181414,0.4938257115172962,0.7282161790247925,0.5485444603017097],[0.6339272552404395,0.6602228002125793,0.6339272552404395,0.6051315108955982,0.6051315108955982,0.7093889373973474,0.7093889373973474,0.7177050518417792,0.7177050518417792,0.5702062201669555,0.788764808842492,0.695402408943888,0.7740534224645382,0.7201971092277798,0.7908401355418676,0.7658172141074753,0.8275681315765332,0.7051210042263869,0.7051210042263869,0.5645808859114977,0.573571678703143,0.5340950868682276,0.19465243485494826,-0.019226240149004082,0.26563192928534335,0.4231352099201217,0.5372111633212832,0.5330214458321187,0.6660688640190261,0.6089413776739698,0.38091407394875787,0.7784376781181414,1.0,0.4918532201108302,0.6662304290628479,0.2004722207788469],[0.9322791267408518,0.9297580615376975,0.9322791267408518,0.9234342637487184,0.9234342637487184,0.8582618539892835,0.8582618539892835,0.7885144777380996,0.7885144777380996,0.8290981176956977,0.9004245963830064,0.7978173481768455,0.8839565774273166,0.911185001994784,0.900246472404935,0.8806185614139131,0.9138454867583072,0.8443156886106499,0.8443156886106499,0.7823774098351542,-0.10972317979722895,0.9019745415734501,-0.018837630167131532,-0.030489683822473124,-0.38026131154821424,0.7025679065774494,0.8516093662407237,0.8156625148308417,0.8781924621910395,0.730025394012219,0.4850208616459292,0.4938257115172962,0.4918532201108302,1.0,0.7284896641076529,0.16983098183441514],[0.8272600941872662,0.6809122275165342,0.8272600941872662,0.8167955270921489,0.8167955270921489,0.8593794412486773,0.8593794412486773,0.8468266854078218,0.8468266854078218,0.6956605112768844,0.9419143562592189,0.6987124898576779,0.9577089436661376,0.9588570975049302,0.9419337995242542,0.8565564586745139,0.9501188230116162,0.7761585334641523,0.7761585334641523,0.4733518429862673,0.11766106297244208,0.6589397468968534,0.3820518477634863,-0.20755215894885148,0.1210671612056627,0.7023075205493065,0.6202142489446708,0.8305763019218501,0.5020067457464936,0.5821225799655445,0.5697940558625755,0.7282161790247925,0.6662304290628479,0.7284896641076529,1.0,0.17855013720451593],[0.1826109774709679,0.17907833253769614,0.1826109774709679,0.19458145569395896,0.19458145569395896,0.46600997708093767,0.46600997708093767,0.8009544010962101,0.8009544010962101,0.17627824057560657,0.7754446470663032,0.702667259827129,0.8056705938477983,0.7734669933476711,0.7757273966292839,0.7885002015152786,0.8327686004395294,0.8502142689559574,0.8502142689559574,-0.15580694701994363,0.16284968897792057,0.17463976008994667,0.4666751488168008,-0.40540764775279814,0.09613131049332245,0.41505702787697674,0.09096213830926755,0.21612822907489204,0.2967920042068388,0.471858694113925,0.76326323624106,0.5485444603017097,0.2004722207788469,0.16983098183441514,0.17855013720451593,1.0]],"x":["^TAIEX       \u81fa\u7063\u52a0\u6b0a\u5831\u916c\u6307\u6578","^TWII        \u81fa\u7063\u52a0\u6b0a\u6307\u6578","^TAIEXx2     \u81fa\u7063\u52a0\u6b0a\u5831\u916c\u6307\u6578_\u65e5\u6b632","^TAI50I      \u81fa\u706350\u5831\u916c\u6307\u6578","^TAI50Ix2    \u81fa\u706350\u5831\u916c\u6307\u6578_\u65e5\u6b632","^TAI100I     \u81fa\u7063\u4e2d\u578b100\u5831\u916c\u6307\u6578","^TAI100Ix2   \u81fa\u7063\u4e2d\u578b100\u5831\u916c\u6307\u6578_\u65e5\u6b632","^TAIDIVIDI   \u81fa\u7063\u9ad8\u80a1\u606f\u5831\u916c\u6307\u6578","^TAIDIVIDIx2 \u81fa\u7063\u9ad8\u80a1\u606f\u5831\u916c\u6307\u6578_\u65e5\u6b632","0050Fund     \u5143\u5927\u53f0\u7063\u5353\u8d8a50\u57fa\u91d1","006208Fund   \u5bcc\u90a6\u53f0\u7063\u91c6\u540950\u57fa\u91d1","0050         \u5143\u5927\u81fa\u706350","00631L       \u5143\u5927\u53f0\u706350\u6b632","00675L       \u5bcc\u90a6\u81fa\u7063\u52a0\u6b0a\u6b632","006208       \u5bcc\u90a6\u53f050","0051         \u5143\u5927\u4e2d\u578b100","006204       \u6c38\u8c50\u81fa\u7063\u52a0\u6b0a","0056         \u5143\u5927\u9ad8\u80a1\u606f","0056         \u5143\u5927\u9ad8\u80a1\u606f_\u80a1\u606f\u4e0d\u6295\u5165","2412         \u4e2d\u83ef\u96fb\u4fe1","2002         \u4e2d\u92fc","2330         \u53f0\u7a4d\u96fb","2317         \u9d3b\u6d77","6505         \u53f0\u5851\u77f3\u5316","3481         \u7fa4\u5275","2303         \u806f\u96fb","2308         \u53f0\u9054\u96fb","2454         \u806f\u767c\u79d1","2886         \u5146\u8c50\u91d1","2884         \u7389\u5c71\u91d1","2891         \u4e2d\u4fe1\u91d1","2892         \u7b2c\u4e00\u91d1","5880         \u5408\u5eab\u91d1","2881         \u5bcc\u90a6\u91d1","2885         \u5143\u5927\u91d1","2887         \u53f0\u65b0\u91d1"],"y":["^TAIEX       \u81fa\u7063\u52a0\u6b0a\u5831\u916c\u6307\u6578","^TWII        \u81fa\u7063\u52a0\u6b0a\u6307\u6578","^TAIEXx2     \u81fa\u7063\u52a0\u6b0a\u5831\u916c\u6307\u6578_\u65e5\u6b632","^TAI50I      \u81fa\u706350\u5831\u916c\u6307\u6578","^TAI50Ix2    \u81fa\u706350\u5831\u916c\u6307\u6578_\u65e5\u6b632","^TAI100I     \u81fa\u7063\u4e2d\u578b100\u5831\u916c\u6307\u6578","^TAI100Ix2   \u81fa\u7063\u4e2d\u578b100\u5831\u916c\u6307\u6578_\u65e5\u6b632","^TAIDIVIDI   \u81fa\u7063\u9ad8\u80a1\u606f\u5831\u916c\u6307\u6578","^TAIDIVIDIx2 \u81fa\u7063\u9ad8\u80a1\u606f\u5831\u916c\u6307\u6578_\u65e5\u6b632","0050Fund     \u5143\u5927\u53f0\u7063\u5353\u8d8a50\u57fa\u91d1","006208Fund   \u5bcc\u90a6\u53f0\u7063\u91c6\u540950\u57fa\u91d1","0050         \u5143\u5927\u81fa\u706350","00631L       \u5143\u5927\u53f0\u706350\u6b632","00675L       \u5bcc\u90a6\u81fa\u7063\u52a0\u6b0a\u6b632","006208       \u5bcc\u90a6\u53f050","0051         \u5143\u5927\u4e2d\u578b100","006204       \u6c38\u8c50\u81fa\u7063\u52a0\u6b0a","0056         \u5143\u5927\u9ad8\u80a1\u606f","0056         \u5143\u5927\u9ad8\u80a1\u606f_\u80a1\u606f\u4e0d\u6295\u5165","2412         \u4e2d\u83ef\u96fb\u4fe1","2002         \u4e2d\u92fc","2330         \u53f0\u7a4d\u96fb","2317         \u9d3b\u6d77","6505         \u53f0\u5851\u77f3\u5316","3481         \u7fa4\u5275","2303         \u806f\u96fb","2308         \u53f0\u9054\u96fb","2454         \u806f\u767c\u79d1","2886         \u5146\u8c50\u91d1","2884         \u7389\u5c71\u91d1","2891         \u4e2d\u4fe1\u91d1","2892         \u7b2c\u4e00\u91d1","5880         \u5408\u5eab\u91d1","2881         \u5bcc\u90a6\u91d1","2885         \u5143\u5927\u91d1","2887         \u53f0\u65b0\u91d1"],"zmin":-1,"zmax":1,"colorbar":{"x":-0.2}}],"layout":{"autotypenumbers":"strict","colorway":["#636efa","#EF553B","#00cc96","#ab63fa","#FFA15A","#19d3f3","#FF6692","#B6E880","#FF97FF","#FECB52"],"font":{"color":"#f2f5fa","family":"Courier New"},"hovermode":"closest","hoverlabel":{"align":"left"},"paper_bgcolor":"rgb(17,17,17)","plot_bgcolor":"rgb(17,17,17)","polar":{"bgcolor":"rgb(17,17,17)","angularaxis":{"gridcolor":"#506784","linecolor":"#506784","ticks":""},"radialaxis":{"gridcolor":"#506784","linecolor":"#506784","ticks":""}},"ternary":{"bgcolor":"rgb(17,17,17)","aaxis":{"gridcolor":"#506784","linecolor":"#506784","ticks":""},"baxis":{"gridcolor":"#506784","linecolor":"#506784","ticks":""},"caxis":{"gridcolor":"#506784","linecolor":"#506784","ticks":""}},"coloraxis":{"colorbar":{"outlinewidth":0,"ticks":""}},"colorscale":{"sequential":[[0.0,"#0d0887"],[0.1111111111111111,"#46039f"],[0.2222222222222222,"#7201a8"],[0.3333333333333333,"#9c179e"],[0.4444444444444444,"#bd3786"],[0.5555555555555556,"#d8576b"],[0.6666666666666666,"#ed7953"],[0.7777777777777778,"#fb9f3a"],[0.8888888888888888,"#fdca26"],[1.0,"#f0f921"]],"sequentialminus":[[0.0,"#0d0887"],[0.1111111111111111,"#46039f"],[0.2222222222222222,"#7201a8"],[0.3333333333333333,"#9c179e"],[0.4444444444444444,"#bd3786"],[0.5555555555555556,"#d8576b"],[0.6666666666666666,"#ed7953"],[0.7777777777777778,"#fb9f3a"],[0.8888888888888888,"#fdca26"],[1.0,"#f0f921"]],"diverging":[[0,"#8e0152"],[0.1,"#c51b7d"],[0.2,"#de77ae"],[0.3,"#f1b6da"],[0.4,"#fde0ef"],[0.5,"#f7f7f7"],[0.6,"#e6f5d0"],[0.7,"#b8e186"],[0.8,"#7fbc41"],[0.9,"#4d9221"],[1,"#276419"]]},"xaxis":{"gridcolor":"rgba(0, 0, 0, 0)","linecolor":"#506784","ticks":"","title":{"standoff":15},"zerolinecolor":"#283442","automargin":true,"zerolinewidth":2,"tickfont":{"family":"Courier New","size":14},"side":"top","tickangle":-90},"yaxis":{"gridcolor":"rgba(0, 0, 0, 0)","linecolor":"#506784","ticks":"","title":{"standoff":15},"zerolinecolor":"#283442","automargin":true,"zerolinewidth":2,"tickfont":{"family":"Courier New"},"side":"right"},"scene":{"xaxis":{"backgroundcolor":"rgb(17,17,17)","gridcolor":"#506784","linecolor":"#506784","showbackground":true,"ticks":"","zerolinecolor":"#C8D4E3","gridwidth":2},"yaxis":{"backgroundcolor":"rgb(17,17,17)","gridcolor":"#506784","linecolor":"#506784","showbackground":true,"ticks":"","zerolinecolor":"#C8D4E3","gridwidth":2},"zaxis":{"backgroundcolor":"rgb(17,17,17)","gridcolor":"#506784","linecolor":"#506784","showbackground":true,"ticks":"","zerolinecolor":"#C8D4E3","gridwidth":2}},"shapedefaults":{"line":{"color":"#f2f5fa"}},"annotationdefaults":{"arrowcolor":"#f2f5fa","arrowhead":0,"arrowwidth":1},"geo":{"bgcolor":"rgb(17,17,17)","landcolor":"rgb(17,17,17)","subunitcolor":"#506784","showland":true,"showlakes":true,"lakecolor":"rgb(17,17,17)"},"title":{"x":0.05,"font":{"family":"Times New Roman"},"y":0.05,"text":"<b>Correlation of Close<b><br><i>2016-09-23 ~ 2025-11-03<i>"},"updatemenudefaults":{"bgcolor":"#506784","borderwidth":0},"sliderdefaults":{"bgcolor":"#C8D4E3","borderwidth":1,"bordercolor":"rgb(17,17,17)","tickwidth":0},"mapbox":{"style":"dark"},"annotations":[{"text":"<b>@zwindr<b>","textangle":0,"opacity":0.5,"font":{"color":"white","size":12},"xref":"paper","yref":"paper","xanchor":"left","yanchor":"bottom","x":1.0,"y":1.0,"showarrow":false}]},"config":{"responsive":true,"toImageButtonOptions":{"filename":"Correlation of Close_2016-09-23~2025-11-03","scale":5}}};Plotly.newPlot("correlationClose",correlationClose.data,correlationClose.layout||{},correlationClose.config);}else{console.log("style display is none => correlationClose");}