var element=document.getElementById("correlationClose");if(element.style.display!='none'){var correlationClose={"data":[{"type":"heatmap","z":[[1.0,0.9999999999999979,1.0,0.9950604975208535,0.9950604975208535,0.9738929051264954,0.9738929051264954,0.9163512418486838,0.9163512418486838,0.721879049316573,0.9953778573666385,0.6602913454616822,0.8357392094753349,0.990146359057615,0.9954719771323355,0.9786112915760792,0.9993160980278464,0.9045931077023518,0.9045931077023518,0.7662707366072419,-0.1998054094380716,0.9814558158920039,0.2631110634211022,-0.17683583691394175,-0.21730518893878292,0.8254993040161013,0.8853137967117821,0.9300177443742488,0.8989357301438663,0.7842410335575936,0.6651151259295255,0.6525180753283618,0.5990145408955252,0.924920995779197,0.8727139134165925,0.28380967572824606],[0.9999999999999979,1.0,0.9999999999999981,0.9950226234510307,0.9950226234510307,0.9734880114309771,0.9734880114309771,0.9169794457188906,0.9169794457188906,0.7221354880119415,0.9953870767817241,0.6605633216971817,0.8361729934841039,0.9896565386021446,0.9954791731413635,0.9782930347126474,0.9993169018147215,0.9042452067391414,0.9042452067391414,0.7828643669303649,0.008927050153020654,0.9746530981700666,0.022031829358846816,-0.17028082007643197,-0.21729606940805973,0.6764496908862304,0.8825539959019654,0.9108654717044297,0.8951888431927049,0.7918233786854805,0.6579096265548091,0.6502609213625015,0.6231932352759647,0.923778381818136,0.7518516414088684,0.28086448029015254],[1.0,0.9999999999999981,1.0,0.9950604975208535,0.9950604975208535,0.9738929051264954,0.9738929051264954,0.9163512418486838,0.9163512418486838,0.721879049316573,0.9953778573666385,0.6602913454616822,0.8357392094753349,0.990146359057615,0.9954719771323355,0.9786112915760792,0.9993160980278464,0.9045931077023518,0.9045931077023518,0.7662707366072419,-0.1998054094380716,0.9814558158920039,0.2631110634211022,-0.17683583691394175,-0.21730518893878292,0.8254993040161013,0.8853137967117821,0.9300177443742488,0.8989357301438663,0.7842410335575936,0.6651151259295255,0.6525180753283618,0.5990145408955252,0.924920995779197,0.8727139134165925,0.28380967572824606],[0.9950604975208535,0.9950226234510307,0.9950604975208535,1.0,1.0,0.9620795797864937,0.9620795797864937,0.8986106244779848,0.8986106244779848,0.6792102879362062,0.9996680146153016,0.6176553077832129,0.8411992961646263,0.9914779043822393,0.9996228778278028,0.9622768204226164,0.9953283223383341,0.8744678367769013,0.8744678367769013,0.7339898279048256,-0.20692808619258224,0.9930791306912127,0.2910285138664702,-0.2114055134430817,-0.21175276261721743,0.8102739146302578,0.9084258514589018,0.9281630615592418,0.8732228105664944,0.7793530115566296,0.6939292085995069,0.6406125530870057,0.5626347759443103,0.9077487849844756,0.8654303992246133,0.29933563480791187],[0.9950604975208535,0.9950226234510307,0.9950604975208535,1.0,1.0,0.9620795797864937,0.9620795797864937,0.8986106244779848,0.8986106244779848,0.6792102879362062,0.9996680146153016,0.6176553077832129,0.8411992961646263,0.9914779043822393,0.9996228778278028,0.9622768204226164,0.9953283223383341,0.8744678367769013,0.8744678367769013,0.7339898279048256,-0.20692808619258224,0.9930791306912127,0.2910285138664702,-0.2114055134430817,-0.21175276261721743,0.8102739146302578,0.9084258514589018,0.9281630615592418,0.8732228105664944,0.7793530115566296,0.6939292085995069,0.6406125530870057,0.5626347759443103,0.9077487849844756,0.8654303992246133,0.29933563480791187],[0.9738929051264954,0.9734880114309771,0.9738929051264954,0.9620795797864937,0.9620795797864937,1.0,1.0,0.9395956875262766,0.9395956875262766,0.7028021335783948,0.9607594179080433,0.6756190048752774,0.8180946006256962,0.959852504237064,0.9607988820047978,0.9991072964532455,0.9791587273154061,0.911804722197436,0.911804722197436,0.6561195335082028,-0.15855617972737998,0.9501172474954942,0.3936397637955096,-0.3409223552602805,-0.10657187693578946,0.8845614726567516,0.84628177411576,0.94404829169018,0.8818783128230596,0.7563857168965996,0.8097323870849323,0.7424568583047055,0.6685955795260669,0.8691138422626288,0.8961087723600932,0.5387649559772052],[0.9738929051264954,0.9734880114309771,0.9738929051264954,0.9620795797864937,0.9620795797864937,1.0,1.0,0.9395956875262766,0.9395956875262766,0.7028021335783948,0.9607594179080433,0.6756190048752774,0.8180946006256962,0.959852504237064,0.9607988820047978,0.9991072964532455,0.9791587273154061,0.911804722197436,0.911804722197436,0.6561195335082028,-0.15855617972737998,0.9501172474954942,0.3936397637955096,-0.3409223552602805,-0.10657187693578946,0.8845614726567516,0.84628177411576,0.94404829169018,0.8818783128230596,0.7563857168965996,0.8097323870849323,0.7424568583047055,0.6685955795260669,0.8691138422626288,0.8961087723600932,0.5387649559772052],[0.9163512418486838,0.9169794457188906,0.9163512418486838,0.8986106244779848,0.8986106244779848,0.9395956875262766,0.9395956875262766,1.0,1.0,0.6850557037064041,0.9358996601870092,0.691438311334478,0.7778024298707007,0.9148646706985072,0.9360694171408462,0.9420387254655346,0.94775016892766,0.9692453445366245,0.9692453445366245,0.6159057340943084,-0.03764268088200612,0.8675458943079649,0.6025860901761326,-0.37078100228400207,0.01352328095650846,0.8085303654501291,0.7371228775033456,0.8938554029303248,0.8558307598927719,0.7764488500767732,0.8926386743404611,0.792239514936214,0.700433716848951,0.817948193011939,0.8743607313815465,0.8331295508671692],[0.9163512418486838,0.9169794457188906,0.9163512418486838,0.8986106244779848,0.8986106244779848,0.9395956875262766,0.9395956875262766,1.0,1.0,0.6850557037064041,0.9358996601870092,0.691438311334478,0.7778024298707007,0.9148646706985072,0.9360694171408462,0.9420387254655346,0.94775016892766,0.9692453445366245,0.9692453445366245,0.6159057340943084,-0.03764268088200612,0.8675458943079649,0.6025860901761326,-0.37078100228400207,0.01352328095650846,0.8085303654501291,0.7371228775033456,0.8938554029303248,0.8558307598927719,0.7764488500767732,0.8926386743404611,0.792239514936214,0.700433716848951,0.817948193011939,0.8743607313815465,0.8331295508671692],[0.721879049316573,0.7221354880119415,0.721879049316573,0.6792102879362062,0.6792102879362062,0.7028021335783948,0.7028021335783948,0.6850557037064041,0.6850557037064041,1.0,0.5286075647994667,0.9999693854330243,0.3009793279484526,0.2918760468005998,0.5305397488584619,0.6962404468694181,0.600677993285577,0.7810455750873355,0.7810455750873355,0.6827939108339034,-0.09778739186074978,0.646117420177487,0.03623440434277654,0.048885496081606326,-0.24290084458671787,0.7525733912198566,0.3757968280567918,0.6945142072335869,0.7964498980620026,0.666372173926193,0.3187547577426963,0.5197027830158356,0.561562920993154,0.7614213206790367,0.589996686785313,0.16700189704157323],[0.9953778573666385,0.9953870767817241,0.9953778573666385,0.9996680146153016,0.9996680146153016,0.9607594179080433,0.9607594179080433,0.9358996601870092,0.9358996601870092,0.5286075647994667,1.0,0.52852041618634,0.839848651627521,0.9910874985674347,0.9999457570598794,0.958097614687382,0.9949420363943091,0.8826736237631378,0.8826736237631378,0.8469615065597226,-0.10246693404061633,0.9973690886273134,0.9049576164091537,-0.5439643341815776,0.5041310871674888,0.8118028186446712,0.8868908016322716,0.9385303141898718,0.8579526462150789,0.8034667151334283,0.9403801884452145,0.8389797380734352,0.7046621048731347,0.8883213893963372,0.9570984711962356,0.8376648743621208],[0.6602913454616822,0.6605633216971817,0.6602913454616822,0.6176553077832129,0.6176553077832129,0.6756190048752774,0.6756190048752774,0.691438311334478,0.691438311334478,0.9999693854330243,0.52852041618634,1.0,0.30185048296149897,0.29260538753061305,0.5312719475456873,0.685179878301808,0.6012923118230121,0.7736303834012215,0.7736303834012215,0.6333239008869991,0.03375917309694253,0.5888066007692955,0.3816222814250144,-0.159872256279388,-0.23218754873424485,0.7750057081286975,0.27923610912499053,0.6582710259840292,0.7638007760382122,0.6830426127308976,0.48786484276327174,0.6781178717684343,0.6747420060395294,0.7098116558025774,0.5586732666970987,0.6001041686303635],[0.8357392094753349,0.8361729934841039,0.8357392094753349,0.8411992961646263,0.8411992961646263,0.8180946006256962,0.8180946006256962,0.7778024298707007,0.7778024298707007,0.3009793279484526,0.839848651627521,0.30185048296149897,1.0,0.9998552539471104,0.8393043927996579,0.8120820265043784,0.8348155437829522,0.6979109318692726,0.6979109318692726,0.6070154070461977,-0.06869129829441371,0.8398341615901308,0.79493478949292,-0.6517241857316406,0.5521933765772941,0.6331355338048291,0.8117637819831675,0.8119272195562309,0.6688917824996777,0.5905091926388373,0.8205060712195913,0.646572143312769,0.5135128417801031,0.7401533424377181,0.8226632715596627,0.7488108177934936],[0.990146359057615,0.9896565386021446,0.990146359057615,0.9914779043822393,0.9914779043822393,0.959852504237064,0.959852504237064,0.9148646706985072,0.9148646706985072,0.2918760468005998,0.9910874985674347,0.29260538753061305,0.9998552539471104,1.0,0.9911215277721256,0.9534836262953047,0.9880901006050393,0.8325800554323631,0.8325800554323631,0.8461733525413612,-0.20969680725988157,0.9893325679808077,0.9027319394386653,-0.7799252536667158,0.6109738163379083,0.720446767145712,0.9264843731599873,0.9210734637995047,0.7916393976483033,0.6873554286299629,0.9406185342336395,0.7841987046591258,0.5721851813744789,0.8633257252525189,0.9583383765243887,0.8434938891880244],[0.9954719771323355,0.9954791731413635,0.9954719771323355,0.9996228778278028,0.9996228778278028,0.9607988820047978,0.9607988820047978,0.9360694171408462,0.9360694171408462,0.5305397488584619,0.9999457570598794,0.5312719475456873,0.8393043927996579,0.9911215277721256,1.0,0.9582531161955362,0.9950435034528823,0.8835401668222825,0.8835401668222825,0.8479393429096378,-0.10154064367936012,0.9972262634368967,0.9044361263945022,-0.5414891519331193,0.5034029478782884,0.8125846240180259,0.8856713129972955,0.9382148170013351,0.8588673711216122,0.8045804602665572,0.9398456462643223,0.8402200065842806,0.7063047095849916,0.8885006285579952,0.9571570693432422,0.8379116112793185],[0.9786112915760792,0.9782930347126474,0.9786112915760792,0.9622768204226164,0.9622768204226164,0.9991072964532455,0.9991072964532455,0.9420387254655346,0.9420387254655346,0.6962404468694181,0.958097614687382,0.685179878301808,0.8120820265043784,0.9534836262953047,0.9582531161955362,1.0,0.9784072035987719,0.9145398461489092,0.9145398461489092,0.7054486551862608,-0.14580968901264998,0.9526061164733433,0.7080757248775952,-0.4690521008101193,-0.12798733239239182,0.8958844642823698,0.8307079932665703,0.9410027045864334,0.8896301706012156,0.7894464712352858,0.8884899434833854,0.7872067158209983,0.725228760451543,0.8900380836593531,0.8933387881807214,0.8291373771713592],[0.9993160980278464,0.9993169018147215,0.9993160980278464,0.9953283223383341,0.9953283223383341,0.9791587273154061,0.9791587273154061,0.94775016892766,0.94775016892766,0.600677993285577,0.9949420363943091,0.6012923118230121,0.8348155437829522,0.9880901006050393,0.9950435034528823,0.9784072035987719,1.0,0.9136201046287928,0.9136201046287928,0.8621824368302354,-0.08377276654797364,0.9893612992158886,0.8836954592078076,-0.5299875475825752,0.5073209082198848,0.8583197030306015,0.8681668069373119,0.9507443329992078,0.8947109531632231,0.8266387076294159,0.9304599277475915,0.8756897911194951,0.7562474536279964,0.9067159379757712,0.9647409330324314,0.8756543885290017],[0.9045931077023518,0.9042452067391414,0.9045931077023518,0.8744678367769013,0.8744678367769013,0.911804722197436,0.911804722197436,0.9692453445366245,0.9692453445366245,0.7810455750873355,0.8826736237631378,0.7736303834012215,0.6979109318692726,0.8325800554323631,0.8835401668222825,0.9145398461489092,0.9136201046287928,1.0,1.0,0.7589168069603199,-0.08198408498152214,0.8413768321317233,0.5997406583758517,-0.2537832388811467,-0.18522838577870498,0.8426514035345084,0.6642449136237762,0.846896476003584,0.920913473102898,0.850692392018605,0.8032369116370748,0.7731327285270191,0.7056257547115441,0.8592881936059589,0.793297588000533,0.8628406954599673],[0.9045931077023518,0.9042452067391414,0.9045931077023518,0.8744678367769013,0.8744678367769013,0.911804722197436,0.911804722197436,0.9692453445366245,0.9692453445366245,0.7810455750873355,0.8826736237631378,0.7736303834012215,0.6979109318692726,0.8325800554323631,0.8835401668222825,0.9145398461489092,0.9136201046287928,1.0,1.0,0.7589168069603199,-0.08198408498152214,0.8413768321317233,0.5997406583758517,-0.2537832388811467,-0.18522838577870498,0.8426514035345084,0.6642449136237762,0.846896476003584,0.920913473102898,0.850692392018605,0.8032369116370748,0.7731327285270191,0.7056257547115441,0.8592881936059589,0.793297588000533,0.8628406954599673],[0.7662707366072419,0.7828643669303649,0.7662707366072419,0.7339898279048256,0.7339898279048256,0.6561195335082028,0.6561195335082028,0.6159057340943084,0.6159057340943084,0.6827939108339034,0.8469615065597226,0.6333239008869991,0.6070154070461977,0.8461733525413612,0.8479393429096378,0.7054486551862608,0.8621824368302354,0.7589168069603199,0.7589168069603199,1.0,0.01085934063506779,0.6956356252315262,-0.30059871465337645,0.2669389873218212,-0.6409746097471466,0.39088598326719004,0.6012965364665862,0.5367324167791696,0.843651970116942,0.7099947605756964,0.19487913900228523,0.34435740578465585,0.5747814749806897,0.7908899650748494,0.5097483056906383,-0.09247966738990744],[-0.1998054094380716,0.008927050153020654,-0.1998054094380716,-0.20692808619258224,-0.20692808619258224,-0.15855617972737998,-0.15855617972737998,-0.03764268088200612,-0.03764268088200612,-0.09778739186074978,-0.10246693404061633,0.03375917309694253,-0.06869129829441371,-0.20969680725988157,-0.10154064367936012,-0.14580968901264998,-0.08377276654797364,-0.08198408498152214,-0.08198408498152214,0.01085934063506779,1.0,-0.13741389464486287,0.08024272263911475,0.18194153920793205,0.7387446197979572,-0.11648709105103688,-0.10639145226225828,-0.06471218079474107,0.1298873292760119,-0.03581931974488428,-0.026645711799131434,0.280803454742756,0.5487669187225525,-0.15784756171369685,0.052627699904227374,0.1177731184310992],[0.9814558158920039,0.9746530981700666,0.9814558158920039,0.9930791306912127,0.9930791306912127,0.9501172474954942,0.9501172474954942,0.8675458943079649,0.8675458943079649,0.646117420177487,0.9973690886273134,0.5888066007692955,0.8398341615901308,0.9893325679808077,0.9972262634368967,0.9526061164733433,0.9893612992158886,0.8413768321317233,0.8413768321317233,0.6956356252315262,-0.13741389464486287,1.0,0.19848833436013358,-0.2591851481064355,-0.25047769958850297,0.6839035917861606,0.9148196324224018,0.913427339289893,0.8189254180367918,0.747420747754089,0.6969447287353921,0.6101857500358094,0.49814175758954743,0.8862354918782628,0.7360728808094313,0.2846024127171218],[0.2631110634211022,0.022031829358846816,0.2631110634211022,0.2910285138664702,0.2910285138664702,0.3936397637955096,0.3936397637955096,0.6025860901761326,0.6025860901761326,0.03623440434277654,0.9049576164091537,0.3816222814250144,0.79493478949292,0.9027319394386653,0.9044361263945022,0.7080757248775952,0.8836954592078076,0.5997406583758517,0.5997406583758517,-0.30059871465337645,0.08024272263911475,0.19848833436013358,1.0,-0.4825784716166915,0.6826674370749389,0.4145664452430177,0.2247079311208269,0.38106932062988885,-0.03676240657902277,0.14055207175684728,0.6274755989808591,0.5106505347853285,0.21845444620594442,0.08865432085756232,0.4373102296241066,0.4996850982509279],[-0.17683583691394175,-0.17028082007643197,-0.17683583691394175,-0.2114055134430817,-0.2114055134430817,-0.3409223552602805,-0.3409223552602805,-0.37078100228400207,-0.37078100228400207,0.048885496081606326,-0.5439643341815776,-0.159872256279388,-0.6517241857316406,-0.7799252536667158,-0.5414891519331193,-0.4690521008101193,-0.5299875475825752,-0.2537832388811467,-0.2537832388811467,0.2669389873218212,0.18194153920793205,-0.2591851481064355,-0.4825784716166915,1.0,-0.025255275842367593,-0.20911436629346,-0.25152681958153034,-0.34536606000958947,-0.08839293972531409,-0.12050146265211195,-0.5761209881804145,-0.23570619397361328,-0.045451119595190034,-0.10306391175714066,-0.276152355770762,-0.43248907748370957],[-0.21730518893878292,-0.21729606940805973,-0.21730518893878292,-0.21175276261721743,-0.21175276261721743,-0.10657187693578946,-0.10657187693578946,0.01352328095650846,0.01352328095650846,-0.24290084458671787,0.5041310871674888,-0.23218754873424485,0.5521933765772941,0.6109738163379083,0.5034029478782884,-0.12798733239239182,0.5073209082198848,-0.18522838577870498,-0.18522838577870498,-0.6409746097471466,0.7387446197979572,-0.25047769958850297,0.6826674370749389,-0.025255275842367593,1.0,-0.10250053780658809,-0.15531549925324087,-0.06112695760504209,-0.3424966472136641,-0.31913171333910545,0.05680405910702881,0.1547215434805784,0.26008445154651477,-0.3602382744589446,0.09613414667678245,0.08344467465779926],[0.8254993040161013,0.6764496908862304,0.8254993040161013,0.8102739146302578,0.8102739146302578,0.8845614726567516,0.8845614726567516,0.8085303654501291,0.8085303654501291,0.7525733912198566,0.8118028186446712,0.7750057081286975,0.6331355338048291,0.720446767145712,0.8125846240180259,0.8958844642823698,0.8583197030306015,0.8426514035345084,0.8426514035345084,0.39088598326719004,-0.11648709105103688,0.6839035917861606,0.4145664452430177,-0.20911436629346,-0.10250053780658809,1.0,0.5461545214134802,0.8502671674029545,0.5268121377604931,0.655596829626701,0.6047770368474606,0.6795431377906508,0.43653648352937635,0.7312533402814473,0.7282986697750089,0.4601604852437932],[0.8853137967117821,0.8825539959019654,0.8853137967117821,0.9084258514589018,0.9084258514589018,0.84628177411576,0.84628177411576,0.7371228775033456,0.7371228775033456,0.3757968280567918,0.8868908016322716,0.27923610912499053,0.8117637819831675,0.9264843731599873,0.8856713129972955,0.8307079932665703,0.8681668069373119,0.6642449136237762,0.6642449136237762,0.6012965364665862,-0.10639145226225828,0.9148196324224018,0.2247079311208269,-0.25152681958153034,-0.15531549925324087,0.5461545214134802,1.0,0.7996902333106959,0.6698214736080095,0.6071725311124686,0.6394640749492024,0.48705056968998556,0.41713493139963437,0.7514262415254678,0.6827183970932533,0.25097140927093464],[0.9300177443742488,0.9108654717044297,0.9300177443742488,0.9281630615592418,0.9281630615592418,0.94404829169018,0.94404829169018,0.8938554029303248,0.8938554029303248,0.6945142072335869,0.9385303141898718,0.6582710259840292,0.8119272195562309,0.9210734637995047,0.9382148170013351,0.9410027045864334,0.9507443329992078,0.846896476003584,0.846896476003584,0.5367324167791696,-0.06471218079474107,0.913427339289893,0.38106932062988885,-0.34536606000958947,-0.06112695760504209,0.8502671674029545,0.7996902333106959,1.0,0.7602322070340474,0.6436756963613844,0.6827478057606053,0.627489319325563,0.5250702869477009,0.834789532878511,0.8670097023382596,0.3007048129522162],[0.8989357301438663,0.8951888431927049,0.8989357301438663,0.8732228105664944,0.8732228105664944,0.8818783128230596,0.8818783128230596,0.8558307598927719,0.8558307598927719,0.7964498980620026,0.8579526462150789,0.7638007760382122,0.6688917824996777,0.7916393976483033,0.8588673711216122,0.8896301706012156,0.8947109531632231,0.920913473102898,0.920913473102898,0.843651970116942,0.1298873292760119,0.8189254180367918,-0.03676240657902277,-0.08839293972531409,-0.3424966472136641,0.5268121377604931,0.6698214736080095,0.7602322070340474,1.0,0.912679035670898,0.5837878339317448,0.7076735875508569,0.6705243976326573,0.8861311310916159,0.5492739031469209,0.34146325817056217],[0.7842410335575936,0.7918233786854805,0.7842410335575936,0.7793530115566296,0.7793530115566296,0.7563857168965996,0.7563857168965996,0.7764488500767732,0.7764488500767732,0.666372173926193,0.8034667151334283,0.6830426127308976,0.5905091926388373,0.6873554286299629,0.8045804602665572,0.7894464712352858,0.8266387076294159,0.850692392018605,0.850692392018605,0.7099947605756964,-0.03581931974488428,0.747420747754089,0.14055207175684728,-0.12050146265211195,-0.31913171333910545,0.655596829626701,0.6071725311124686,0.6436756963613844,0.912679035670898,1.0,0.6185492645850577,0.6921876935331697,0.6158507070710363,0.7542639421701018,0.6228124372054291,0.5068455089394305],[0.6651151259295255,0.6579096265548091,0.6651151259295255,0.6939292085995069,0.6939292085995069,0.8097323870849323,0.8097323870849323,0.8926386743404611,0.8926386743404611,0.3187547577426963,0.9403801884452145,0.48786484276327174,0.8205060712195913,0.9406185342336395,0.9398456462643223,0.8884899434833854,0.9304599277475915,0.8032369116370748,0.8032369116370748,0.19487913900228523,-0.026645711799131434,0.6969447287353921,0.6274755989808591,-0.5761209881804145,0.05680405910702881,0.6047770368474606,0.6394640749492024,0.6827478057606053,0.5837878339317448,0.6185492645850577,1.0,0.747784366765464,0.3893788112206446,0.5731358664712606,0.6793267587476529,0.7602698070862661],[0.6525180753283618,0.6502609213625015,0.6525180753283618,0.6406125530870057,0.6406125530870057,0.7424568583047055,0.7424568583047055,0.792239514936214,0.792239514936214,0.5197027830158356,0.8389797380734352,0.6781178717684343,0.646572143312769,0.7841987046591258,0.8402200065842806,0.7872067158209983,0.8756897911194951,0.7731327285270191,0.7731327285270191,0.34435740578465585,0.280803454742756,0.6101857500358094,0.5106505347853285,-0.23570619397361328,0.1547215434805784,0.6795431377906508,0.48705056968998556,0.627489319325563,0.7076735875508569,0.6921876935331697,0.747784366765464,1.0,0.7791352892594279,0.538015913167011,0.7354690660774765,0.5751615730473056],[0.5990145408955252,0.6231932352759647,0.5990145408955252,0.5626347759443103,0.5626347759443103,0.6685955795260669,0.6685955795260669,0.700433716848951,0.700433716848951,0.561562920993154,0.7046621048731347,0.6747420060395294,0.5135128417801031,0.5721851813744789,0.7063047095849916,0.725228760451543,0.7562474536279964,0.7056257547115441,0.7056257547115441,0.5747814749806897,0.5487669187225525,0.49814175758954743,0.21845444620594442,-0.045451119595190034,0.26008445154651477,0.43653648352937635,0.41713493139963437,0.5250702869477009,0.6705243976326573,0.6158507070710363,0.3893788112206446,0.7791352892594279,1.0,0.5015610394996951,0.647970619960217,0.22299962773636123],[0.924920995779197,0.923778381818136,0.924920995779197,0.9077487849844756,0.9077487849844756,0.8691138422626288,0.8691138422626288,0.817948193011939,0.817948193011939,0.7614213206790367,0.8883213893963372,0.7098116558025774,0.7401533424377181,0.8633257252525189,0.8885006285579952,0.8900380836593531,0.9067159379757712,0.8592881936059589,0.8592881936059589,0.7908899650748494,-0.15784756171369685,0.8862354918782628,0.08865432085756232,-0.10306391175714066,-0.3602382744589446,0.7312533402814473,0.7514262415254678,0.834789532878511,0.8861311310916159,0.7542639421701018,0.5731358664712606,0.538015913167011,0.5015610394996951,1.0,0.7651624309466396,0.23961767068677864],[0.8727139134165925,0.7518516414088684,0.8727139134165925,0.8654303992246133,0.8654303992246133,0.8961087723600932,0.8961087723600932,0.8743607313815465,0.8743607313815465,0.589996686785313,0.9570984711962356,0.5586732666970987,0.8226632715596627,0.9583383765243887,0.9571570693432422,0.8933387881807214,0.9647409330324314,0.793297588000533,0.793297588000533,0.5097483056906383,0.052627699904227374,0.7360728808094313,0.4373102296241066,-0.276152355770762,0.09613414667678245,0.7282986697750089,0.6827183970932533,0.8670097023382596,0.5492739031469209,0.6228124372054291,0.6793267587476529,0.7354690660774765,0.647970619960217,0.7651624309466396,1.0,0.27365021301046183],[0.28380967572824606,0.28086448029015254,0.28380967572824606,0.29933563480791187,0.29933563480791187,0.5387649559772052,0.5387649559772052,0.8331295508671692,0.8331295508671692,0.16700189704157323,0.8376648743621208,0.6001041686303635,0.7488108177934936,0.8434938891880244,0.8379116112793185,0.8291373771713592,0.8756543885290017,0.8628406954599673,0.8628406954599673,-0.09247966738990744,0.1177731184310992,0.2846024127171218,0.4996850982509279,-0.43248907748370957,0.08344467465779926,0.4601604852437932,0.25097140927093464,0.3007048129522162,0.34146325817056217,0.5068455089394305,0.7602698070862661,0.5751615730473056,0.22299962773636123,0.23961767068677864,0.27365021301046183,1.0]],"x":["^TAIEX       \u81fa\u7063\u52a0\u6b0a\u5831\u916c\u6307\u6578","^TWII        \u81fa\u7063\u52a0\u6b0a\u6307\u6578","^TAIEXx2     \u81fa\u7063\u52a0\u6b0a\u5831\u916c\u6307\u6578_\u65e5\u6b632","^TAI50I      \u81fa\u706350\u5831\u916c\u6307\u6578","^TAI50Ix2    \u81fa\u706350\u5831\u916c\u6307\u6578_\u65e5\u6b632","^TAI100I     \u81fa\u7063\u4e2d\u578b100\u5831\u916c\u6307\u6578","^TAI100Ix2   \u81fa\u7063\u4e2d\u578b100\u5831\u916c\u6307\u6578_\u65e5\u6b632","^TAIDIVIDI   \u81fa\u7063\u9ad8\u80a1\u606f\u5831\u916c\u6307\u6578","^TAIDIVIDIx2 \u81fa\u7063\u9ad8\u80a1\u606f\u5831\u916c\u6307\u6578_\u65e5\u6b632","0050Fund     \u5143\u5927\u53f0\u7063\u5353\u8d8a50\u57fa\u91d1","006208Fund   \u5bcc\u90a6\u53f0\u7063\u91c6\u540950\u57fa\u91d1","0050         \u5143\u5927\u81fa\u706350","00631L       \u5143\u5927\u53f0\u706350\u6b632","00675L       \u5bcc\u90a6\u81fa\u7063\u52a0\u6b0a\u6b632","006208       \u5bcc\u90a6\u53f050","0051         \u5143\u5927\u4e2d\u578b100","006204       \u6c38\u8c50\u81fa\u7063\u52a0\u6b0a","0056         \u5143\u5927\u9ad8\u80a1\u606f","0056         \u5143\u5927\u9ad8\u80a1\u606f_\u80a1\u606f\u4e0d\u6295\u5165","2412         \u4e2d\u83ef\u96fb\u4fe1","2002         \u4e2d\u92fc","2330         \u53f0\u7a4d\u96fb","2317         \u9d3b\u6d77","6505         \u53f0\u5851\u77f3\u5316","3481         \u7fa4\u5275","2303         \u806f\u96fb","2308         \u53f0\u9054\u96fb","2454         \u806f\u767c\u79d1","2886         \u5146\u8c50\u91d1","2884         \u7389\u5c71\u91d1","2891         \u4e2d\u4fe1\u91d1","2892         \u7b2c\u4e00\u91d1","5880         \u5408\u5eab\u91d1","2881         \u5bcc\u90a6\u91d1","2885         \u5143\u5927\u91d1","2887         \u53f0\u65b0\u91d1"],"y":["^TAIEX       \u81fa\u7063\u52a0\u6b0a\u5831\u916c\u6307\u6578","^TWII        \u81fa\u7063\u52a0\u6b0a\u6307\u6578","^TAIEXx2     \u81fa\u7063\u52a0\u6b0a\u5831\u916c\u6307\u6578_\u65e5\u6b632","^TAI50I      \u81fa\u706350\u5831\u916c\u6307\u6578","^TAI50Ix2    \u81fa\u706350\u5831\u916c\u6307\u6578_\u65e5\u6b632","^TAI100I     \u81fa\u7063\u4e2d\u578b100\u5831\u916c\u6307\u6578","^TAI100Ix2   \u81fa\u7063\u4e2d\u578b100\u5831\u916c\u6307\u6578_\u65e5\u6b632","^TAIDIVIDI   \u81fa\u7063\u9ad8\u80a1\u606f\u5831\u916c\u6307\u6578","^TAIDIVIDIx2 \u81fa\u7063\u9ad8\u80a1\u606f\u5831\u916c\u6307\u6578_\u65e5\u6b632","0050Fund     \u5143\u5927\u53f0\u7063\u5353\u8d8a50\u57fa\u91d1","006208Fund   \u5bcc\u90a6\u53f0\u7063\u91c6\u540950\u57fa\u91d1","0050         \u5143\u5927\u81fa\u706350","00631L       \u5143\u5927\u53f0\u706350\u6b632","00675L       \u5bcc\u90a6\u81fa\u7063\u52a0\u6b0a\u6b632","006208       \u5bcc\u90a6\u53f050","0051         \u5143\u5927\u4e2d\u578b100","006204       \u6c38\u8c50\u81fa\u7063\u52a0\u6b0a","0056         \u5143\u5927\u9ad8\u80a1\u606f","0056         \u5143\u5927\u9ad8\u80a1\u606f_\u80a1\u606f\u4e0d\u6295\u5165","2412         \u4e2d\u83ef\u96fb\u4fe1","2002         \u4e2d\u92fc","2330         \u53f0\u7a4d\u96fb","2317         \u9d3b\u6d77","6505         \u53f0\u5851\u77f3\u5316","3481         \u7fa4\u5275","2303         \u806f\u96fb","2308         \u53f0\u9054\u96fb","2454         \u806f\u767c\u79d1","2886         \u5146\u8c50\u91d1","2884         \u7389\u5c71\u91d1","2891         \u4e2d\u4fe1\u91d1","2892         \u7b2c\u4e00\u91d1","5880         \u5408\u5eab\u91d1","2881         \u5bcc\u90a6\u91d1","2885         \u5143\u5927\u91d1","2887         \u53f0\u65b0\u91d1"],"zmin":-1,"zmax":1,"colorbar":{"x":-0.2}}],"layout":{"autotypenumbers":"strict","colorway":["#636efa","#EF553B","#00cc96","#ab63fa","#FFA15A","#19d3f3","#FF6692","#B6E880","#FF97FF","#FECB52"],"font":{"color":"#f2f5fa","family":"Courier New"},"hovermode":"closest","hoverlabel":{"align":"left"},"paper_bgcolor":"rgb(17,17,17)","plot_bgcolor":"rgb(17,17,17)","polar":{"bgcolor":"rgb(17,17,17)","angularaxis":{"gridcolor":"#506784","linecolor":"#506784","ticks":""},"radialaxis":{"gridcolor":"#506784","linecolor":"#506784","ticks":""}},"ternary":{"bgcolor":"rgb(17,17,17)","aaxis":{"gridcolor":"#506784","linecolor":"#506784","ticks":""},"baxis":{"gridcolor":"#506784","linecolor":"#506784","ticks":""},"caxis":{"gridcolor":"#506784","linecolor":"#506784","ticks":""}},"coloraxis":{"colorbar":{"outlinewidth":0,"ticks":""}},"colorscale":{"sequential":[[0.0,"#0d0887"],[0.1111111111111111,"#46039f"],[0.2222222222222222,"#7201a8"],[0.3333333333333333,"#9c179e"],[0.4444444444444444,"#bd3786"],[0.5555555555555556,"#d8576b"],[0.6666666666666666,"#ed7953"],[0.7777777777777778,"#fb9f3a"],[0.8888888888888888,"#fdca26"],[1.0,"#f0f921"]],"sequentialminus":[[0.0,"#0d0887"],[0.1111111111111111,"#46039f"],[0.2222222222222222,"#7201a8"],[0.3333333333333333,"#9c179e"],[0.4444444444444444,"#bd3786"],[0.5555555555555556,"#d8576b"],[0.6666666666666666,"#ed7953"],[0.7777777777777778,"#fb9f3a"],[0.8888888888888888,"#fdca26"],[1.0,"#f0f921"]],"diverging":[[0,"#8e0152"],[0.1,"#c51b7d"],[0.2,"#de77ae"],[0.3,"#f1b6da"],[0.4,"#fde0ef"],[0.5,"#f7f7f7"],[0.6,"#e6f5d0"],[0.7,"#b8e186"],[0.8,"#7fbc41"],[0.9,"#4d9221"],[1,"#276419"]]},"xaxis":{"gridcolor":"rgba(0, 0, 0, 0)","linecolor":"#506784","ticks":"","title":{"standoff":15},"zerolinecolor":"#283442","automargin":true,"zerolinewidth":2,"tickfont":{"family":"Courier New","size":14},"side":"top","tickangle":-90},"yaxis":{"gridcolor":"rgba(0, 0, 0, 0)","linecolor":"#506784","ticks":"","title":{"standoff":15},"zerolinecolor":"#283442","automargin":true,"zerolinewidth":2,"tickfont":{"family":"Courier New"},"side":"right"},"scene":{"xaxis":{"backgroundcolor":"rgb(17,17,17)","gridcolor":"#506784","linecolor":"#506784","showbackground":true,"ticks":"","zerolinecolor":"#C8D4E3","gridwidth":2},"yaxis":{"backgroundcolor":"rgb(17,17,17)","gridcolor":"#506784","linecolor":"#506784","showbackground":true,"ticks":"","zerolinecolor":"#C8D4E3","gridwidth":2},"zaxis":{"backgroundcolor":"rgb(17,17,17)","gridcolor":"#506784","linecolor":"#506784","showbackground":true,"ticks":"","zerolinecolor":"#C8D4E3","gridwidth":2}},"shapedefaults":{"line":{"color":"#f2f5fa"}},"annotationdefaults":{"arrowcolor":"#f2f5fa","arrowhead":0,"arrowwidth":1},"geo":{"bgcolor":"rgb(17,17,17)","landcolor":"rgb(17,17,17)","subunitcolor":"#506784","showland":true,"showlakes":true,"lakecolor":"rgb(17,17,17)"},"title":{"x":0.05,"font":{"family":"Times New Roman"},"y":0.05,"text":"<b>Correlation of Close<b><br><i>2016-09-23 ~ 2026-04-29<i>"},"updatemenudefaults":{"bgcolor":"#506784","borderwidth":0},"sliderdefaults":{"bgcolor":"#C8D4E3","borderwidth":1,"bordercolor":"rgb(17,17,17)","tickwidth":0},"mapbox":{"style":"dark"},"annotations":[{"text":"<b>@zwindr<b>","textangle":0,"opacity":0.5,"font":{"color":"white","size":12},"xref":"paper","yref":"paper","xanchor":"left","yanchor":"bottom","x":1.0,"y":1.0,"showarrow":false}]},"config":{"responsive":true,"toImageButtonOptions":{"filename":"Correlation of Close_2016-09-23~2026-04-29","scale":5}}};Plotly.newPlot("correlationClose",correlationClose.data,correlationClose.layout||{},correlationClose.config);}else{console.log("style display is none => correlationClose");}