var element=document.getElementById("correlationAdjClose");if(element.style.display!='none'){var correlationAdjClose={"data":[{"type":"heatmap","z":[[1.0,0.9963435892630694,0.9551669431711212,0.9964277633535469,0.9225589673039388,0.9882559701668254,0.9626121148665635,0.9808820929755703,0.9806732019280546,0.9965523844758682,0.9964603039266927,0.9966962209460548,0.8621635249561144,0.9841765510576644,0.9965591937594478,0.9889310385797108,0.9997734965569479,0.9805726370662794,0.8940927069887594,0.8926974031485151,0.6024376257070992,0.9855200013248147,0.9448405103247913,0.2801335470821255,-0.22089066879039668,0.915708337359223,0.8887139081243057,0.9517712578044554,0.9437940731086375,0.9439525311973957,0.9830206412440561,0.9434607259651977,0.9015972684437138,0.9719493377339626,0.9825871648585381,0.9596229819899269],[0.9963435892630694,1.0,0.9583922640636574,0.9938033270991585,0.9266845819411209,0.984833029278315,0.9630558005758516,0.9717333478834452,0.9761509261808394,0.9948410447171079,0.9963905286268007,0.9959583485152498,0.871500449238259,0.9861720624961516,0.9964458472822884,0.9847324894117707,0.9979580913874031,0.973453725881618,0.9062140413626871,0.8791435165332809,0.6239369010647772,0.9764323091927404,0.928368307883679,0.27272418432570855,-0.1557082342974639,0.9014822311986385,0.8922252138328285,0.9529560010293113,0.9238497208097257,0.9291907261877425,0.975836911352232,0.9259421707362159,0.8968128497746252,0.9617929164379152,0.9768237116271247,0.9534078453259737],[0.9551669431711212,0.9583922640636574,1.0,0.9725663043326936,0.9941348212302594,0.9471358899248096,0.980850523973156,0.9034092365753659,0.9515737670298682,0.972671911305115,0.9798472680608845,0.9769233768802994,0.891570260077738,0.9973748798525779,0.9799342802414271,0.9449276248535103,0.9665301421745905,0.9041638711508306,0.8077177435860268,0.7427496129494603,0.41619609191549156,0.9805400462631695,0.8982850969791254,0.10252687042543693,-0.11449582037606296,0.8808800764435301,0.9652527107019295,0.9650048858214936,0.8130063030573356,0.8244083492274429,0.9367278646072136,0.8171421209434848,0.7698128598049407,0.8910558997393732,0.955115697243223,0.8813406874324617],[0.9964277633535469,0.9938033270991585,0.9725663043326936,1.0,0.947373321515178,0.979848354181856,0.9664226714326817,0.9658915403817884,0.975517049684483,0.9999807335869048,0.999994809925778,0.9999734108850379,0.8722478874547587,0.9897359545724194,0.9999665970388177,0.9781711273023702,0.9960058255533003,0.9652870043755997,0.8700253862471797,0.8636688001333475,0.5529108376422307,0.9952315772498476,0.943201743890241,0.24051566614782982,-0.2014262751104821,0.9066965265605152,0.9139776965958888,0.9583060614216351,0.9185053699578081,0.9259632349157423,0.9816649415588853,0.919144407439104,0.8726823993084937,0.959953066640026,0.9808602537496006,0.94528874223028],[0.9225589673039388,0.9266845819411209,0.9941348212302594,0.947373321515178,1.0,0.9086089364256827,0.9584734492725288,0.8574310022971214,0.9170554650498032,0.9480191025757106,0.95948894665717,0.9550491131688338,0.8849825390423787,0.9851292034305286,0.9594665029958735,0.9059868391962292,0.9372947842464405,0.8581737224089465,0.7556763664761016,0.6880038020364337,0.3527553575162146,0.9613876238035914,0.8668951892870919,0.06634622936341905,-0.09151025196401082,0.8395896078045648,0.9777949337129939,0.9447299105049058,0.754397758353132,0.7731665045822631,0.9046601916113589,0.7603101214179512,0.7059815131469137,0.8457347338247351,0.9230082978839327,0.83491383059345],[0.9882559701668254,0.984833029278315,0.9471358899248096,0.979848354181856,0.9086089364256827,1.0,0.9772371309485235,0.9805400576389641,0.9863130513358424,0.9794668867560082,0.974456194089457,0.9774749665543562,0.8427871691481449,0.9557018471976357,0.974472469762535,0.9999240596475544,0.9897263563298179,0.9813695166143218,0.9021358497684993,0.8622860738535368,0.5732779495260781,0.9714268862891889,0.9257243023198869,0.1732572542061666,-0.16297138936036232,0.939675119316394,0.8638721169276377,0.9503627568892001,0.9352549692996454,0.9243870127352546,0.9684949770548248,0.9358967123256405,0.9172168923537541,0.9600326976290513,0.984794503816439,0.9632505243710338],[0.9626121148665635,0.9630558005758516,0.980850523973156,0.9664226714326817,0.9584734492725288,0.9772371309485235,1.0,0.9360648553189693,0.9796375459314473,0.9656554654707942,0.9744034361024364,0.9709958822080705,0.8766677307770865,0.9830982523530636,0.9741452757893466,0.9785497379916817,0.9774911257953258,0.9389007426594502,0.8491828837963536,0.7644576321964452,0.43757539199008944,0.9689722769504177,0.9119558253652061,0.0412213394856289,-0.09121122044296405,0.9067374050786441,0.9180446747623848,0.9651666941765965,0.8493029823693384,0.8403348796821581,0.9435953223610695,0.8512855536281705,0.8308836563264269,0.9108679039461908,0.9736100951623885,0.9093563792534769],[0.9808820929755703,0.9717333478834452,0.9034092365753659,0.9658915403817884,0.8574310022971214,0.9805400576389641,0.9360648553189693,1.0,0.9808002067531519,0.9657902763961159,0.9603089160644619,0.964524373116739,0.8019141676237168,0.9244646397948939,0.9605848898885159,0.9823238282118084,0.9777946396532513,0.9998956333433496,0.9349344304609771,0.9296242813145545,0.564323785463773,0.9512184124986626,0.9190364726977919,0.15085501425667466,-0.2584268046812559,0.9179305144797291,0.7962386234497246,0.917030952214842,0.9710983011953775,0.9569054357459709,0.969260820535589,0.9623966310090101,0.9268117915601883,0.968700243068207,0.959214634504399,0.9723647294945317],[0.9806732019280546,0.9761509261808394,0.9515737670298682,0.975517049684483,0.9170554650498032,0.9863130513358424,0.9796375459314473,0.9808002067531519,1.0,0.9750146320183481,0.9707155632190646,0.9736378945787556,0.8414163692473173,0.9523401297185466,0.9705963184623043,0.9858567001847208,0.9796831354338111,0.9810474813291199,0.9046407553222191,0.855995594354152,0.46225037198008756,0.969901361945384,0.9348250699719046,0.013118549373914965,-0.17022612176965218,0.910277756934244,0.8545044220915063,0.9581548044348066,0.9146652235816033,0.897754487995976,0.9687141185860818,0.9075528979830012,0.873290613461136,0.9511004441042262,0.9792489905227081,0.9371339538489624],[0.9965523844758682,0.9948410447171079,0.972671911305115,0.9999807335869048,0.9480191025757106,0.9794668867560082,0.9656554654707942,0.9657902763961159,0.9750146320183481,1.0,0.9999943734216896,0.9999845215304268,0.8741281889201686,0.9896711758450452,0.9999681942715566,0.9778981758933395,0.995897754923986,0.9651090670718232,0.8716082129032349,0.8637326660848722,0.5439640530735228,0.9954607510855286,0.9437441085039513,0.24289778334486337,-0.19781730305792528,0.907545723972968,0.9128761891063141,0.9569653506118541,0.9162657398764326,0.9233910604046351,0.9809564890445787,0.9168177479053603,0.8693267344881219,0.9584181307086089,0.9804930480476367,0.9439334850050535],[0.9964603039266927,0.9963905286268007,0.9798472680608845,0.999994809925778,0.95948894665717,0.974456194089457,0.9744034361024364,0.9603089160644619,0.9707155632190646,0.9999943734216896,1.0,0.9999786127775393,0.8742626140909365,0.9895837488793633,0.9999701356474788,0.973973408882027,0.9957820767667566,0.9608827619992795,0.887285572531928,0.8924563444078708,0.3774794550541323,0.9978166707826386,0.9337994356062116,-0.22049021859146525,0.5968425910378551,0.9003499560946913,0.9034471518548671,0.9564367939386779,0.895129220488745,0.9004964142287901,0.975292087105073,0.8878619360028053,0.8246764735695417,0.9455469869218673,0.9856041805380158,0.9405936349182846],[0.9966962209460548,0.9959583485152498,0.9769233768802994,0.9999734108850379,0.9550491131688338,0.9774749665543562,0.9709958822080705,0.964524373116739,0.9736378945787556,0.9999845215304268,0.9999786127775393,1.0,0.8754383834810023,0.9893715788196776,0.9999764946811603,0.9772023701309592,0.9958194757566529,0.9647159108045508,0.8795937300970873,0.8806273502959555,0.45996333202701767,0.9970812510220645,0.9421803341110507,-0.024156783375760583,-0.018218207419738137,0.9134043765827566,0.9068435741178995,0.9534207143313991,0.9042063289966809,0.9096789168536854,0.9780509766059416,0.9027251256489724,0.8534168265565789,0.952835103522418,0.9807326692172239,0.9439005438639082],[0.8621635249561144,0.871500449238259,0.891570260077738,0.8722478874547587,0.8849825390423787,0.8427871691481449,0.8766677307770865,0.8019141676237168,0.8414163692473173,0.8741281889201686,0.8742626140909365,0.8754383834810023,1.0,0.9998653382318763,0.8750753513638853,0.8444669374960435,0.8652232471609701,0.80626739233195,0.7310196323368358,0.695725297288827,0.19880224781137443,0.8737457891436449,0.8090362867578988,-0.48376956158586404,0.6049417492235613,0.767081316574472,0.8602776593024672,0.8695556281213407,0.7035328356423237,0.7043040759704328,0.8355577521923555,0.6930495464078298,0.6157367919428967,0.7964209352140841,0.8580840688856078,0.795671302693394],[0.9841765510576644,0.9861720624961516,0.9973748798525779,0.9897359545724194,0.9851292034305286,0.9557018471976357,0.9830982523530636,0.9244646397948939,0.9523401297185466,0.9896711758450452,0.9895837488793633,0.9893715788196776,0.9998653382318763,1.0,0.989217372607059,0.9538530136558593,0.9823881614348706,0.9254558564026869,0.8367751963449088,0.8574165946896769,0.10625528042163454,0.9835729944550066,0.8959948422935058,-0.6748950846810099,0.6444088058897385,0.8579961479431782,0.9482293544348903,0.9604394636657299,0.8105376555754287,0.8255473804855793,0.9411847708518609,0.8194990765500048,0.7040399626607354,0.8920305078303408,0.9659469249882511,0.9099794729343125],[0.9965591937594478,0.9964458472822884,0.9799342802414271,0.9999665970388177,0.9594665029958735,0.974472469762535,0.9741452757893466,0.9605848898885159,0.9705963184623043,0.9999681942715566,0.9999701356474788,0.9999764946811603,0.8750753513638853,0.989217372607059,1.0,0.9741932648971604,0.9958890005366735,0.9614012627020032,0.8886544152118778,0.8931931667469503,0.3790177606180129,0.9976788729476386,0.9338380870327688,-0.21788740440079607,0.5968787147464201,0.9007261440417272,0.9026312563338468,0.9561533165730276,0.8957859055053183,0.9011774642949414,0.975373989256729,0.8887430689236779,0.8256853717435254,0.9457101027798611,0.9856999112584379,0.941229496157876],[0.9889310385797108,0.9847324894117707,0.9449276248535103,0.9781711273023702,0.9059868391962292,0.9999240596475544,0.9785497379916817,0.9823238282118084,0.9858567001847208,0.9778981758933395,0.973973408882027,0.9772023701309592,0.8444669374960435,0.9538530136558593,0.9741932648971604,1.0,0.989678291429225,0.9818756606704175,0.9056821134771011,0.885845301061895,0.5448647998503114,0.9693882494283742,0.9225022481544639,0.02042583750649733,-0.09748396554487936,0.9446695440340287,0.853372656817846,0.9458700645500998,0.9366065842415903,0.9208684791828199,0.9662908245675388,0.9357391820921028,0.9124097223448424,0.9619234530145545,0.9840860338011563,0.9658310898365308],[0.9997734965569479,0.9979580913874031,0.9665301421745905,0.9960058255533003,0.9372947842464405,0.9897263563298179,0.9774911257953258,0.9777946396532513,0.9796831354338111,0.995897754923986,0.9957820767667566,0.9958194757566529,0.8652232471609701,0.9823881614348706,0.9958890005366735,0.989678291429225,1.0,0.9784454379098779,0.9142827759079951,0.9139508153193593,0.44994165346057613,0.9901090222552373,0.9331986452652719,-0.1653670660352748,0.5978605468848703,0.9250604148323215,0.8783081812310788,0.9539322690270223,0.9267844079035664,0.9221585417382125,0.9775230529001829,0.9193639017292476,0.8712356117403441,0.9617417726188864,0.9912077791585334,0.9632534486801053],[0.9805726370662794,0.973453725881618,0.9041638711508306,0.9652870043755997,0.8581737224089465,0.9813695166143218,0.9389007426594502,0.9998956333433496,0.9810474813291199,0.9651090670718232,0.9608827619992795,0.9647159108045508,0.80626739233195,0.9254558564026869,0.9614012627020032,0.9818756606704175,0.9784454379098779,1.0,0.9380531596283798,0.9350342090504521,0.557825065841052,0.9499972521020176,0.9224631317146429,0.11170105110870147,-0.20100213098151862,0.9223497526938214,0.7930351930912547,0.916495334697056,0.970479052679777,0.9555098261983948,0.9679968790377806,0.9603231357451444,0.924759897631204,0.9679390082119823,0.9579017366986851,0.9729526180031008],[0.8940927069887594,0.9062140413626871,0.8077177435860268,0.8700253862471797,0.7556763664761016,0.9021358497684993,0.8491828837963536,0.9349344304609771,0.9046407553222191,0.8716082129032349,0.887285572531928,0.8795937300970873,0.7310196323368358,0.8367751963449088,0.8886544152118778,0.9056821134771011,0.9142827759079951,0.9380531596283798,1.0,0.8447468000939043,0.6455227765506936,0.8435895363206278,0.830088452058028,0.2011171288743863,-0.10177070525017835,0.8721283869871878,0.6847226690110638,0.8361857439452689,0.8993717896914095,0.8717502160080607,0.8637683081280719,0.8819593808627032,0.8624729081637207,0.8719382741421545,0.8748029447223423,0.9036627375135144],[0.8926974031485151,0.8791435165332809,0.7427496129494603,0.8636688001333475,0.6880038020364337,0.8622860738535368,0.7644576321964452,0.9296242813145545,0.855995594354152,0.8637326660848722,0.8924563444078708,0.8806273502959555,0.695725297288827,0.8574165946896769,0.8931931667469503,0.885845301061895,0.9139508153193593,0.9350342090504521,0.8447468000939043,1.0,0.80705757059642,0.8131556853888054,0.8669087445813373,0.5929238005067884,-0.4834855210815483,0.7251131041941402,0.6774658592194612,0.7625395179423862,0.9628180737914013,0.942296706692606,0.8826914353631462,0.9514462255877908,0.9082922764820157,0.9031524697606544,0.8342141915827064,0.8862561555341164],[0.6024376257070992,0.6239369010647772,0.41619609191549156,0.5529108376422307,0.3527553575162146,0.5732779495260781,0.43757539199008944,0.564323785463773,0.46225037198008756,0.5439640530735228,0.3774794550541323,0.45996333202701767,0.19880224781137443,0.10625528042163454,0.3790177606180129,0.5448647998503114,0.44994165346057613,0.557825065841052,0.6455227765506936,0.80705757059642,1.0,0.4954148692776642,0.6399153103420838,0.7212831594420167,-0.1155703204638775,0.48958886951023944,0.39412920936068324,0.49651609915054584,0.7522732700330492,0.6746867652827425,0.55381520053922,0.709712034902844,0.7404340833673844,0.6221647241585133,0.5570825215524309,0.6276656342609876],[0.9855200013248147,0.9764323091927404,0.9805400462631695,0.9952315772498476,0.9613876238035914,0.9714268862891889,0.9689722769504177,0.9512184124986626,0.969901361945384,0.9954607510855286,0.9978166707826386,0.9970812510220645,0.8737457891436449,0.9835729944550066,0.9976788729476386,0.9693882494283742,0.9901090222552373,0.9499972521020176,0.8435895363206278,0.8131556853888054,0.4954148692776642,1.0,0.9210056135656339,0.17531969348395574,-0.18478198752403524,0.8903234717250882,0.925616933667643,0.9558661438882042,0.8810503785970647,0.9011931173045605,0.9734660512550145,0.8901385940046842,0.839563698025001,0.9445995769918955,0.9695310547312538,0.926019453760025],[0.9448405103247913,0.928368307883679,0.8982850969791254,0.943201743890241,0.8668951892870919,0.9257243023198869,0.9119558253652061,0.9190364726977919,0.9348250699719046,0.9437441085039513,0.9337994356062116,0.9421803341110507,0.8090362867578988,0.8959948422935058,0.9338380870327688,0.9225022481544639,0.9331986452652719,0.9224631317146429,0.830088452058028,0.8669087445813373,0.6399153103420838,0.9210056135656339,1.0,0.23878613460554318,-0.1414071630097537,0.7702157354303032,0.8283956514956049,0.8887917815207524,0.89872161217625,0.8721675263032906,0.948324094794096,0.879261757942594,0.8406677610832096,0.9419736774688552,0.9070718345809679,0.8858508144841791],[0.2801335470821255,0.27272418432570855,0.10252687042543693,0.24051566614782982,0.06634622936341905,0.1732572542061666,0.0412213394856289,0.15085501425667466,0.013118549373914965,0.24289778334486337,-0.22049021859146525,-0.024156783375760583,-0.48376956158586404,-0.6748950846810099,-0.21788740440079607,0.02042583750649733,-0.1653670660352748,0.11170105110870147,0.2011171288743863,0.5929238005067884,0.7212831594420167,0.17531969348395574,0.23878613460554318,1.0,-0.3809717331982826,0.20593553706737955,0.10659961922595385,0.10628561243213512,0.42367246002891223,0.4090208250411059,0.2311587580174529,0.4343683349132144,0.37555183014465354,0.27902470556448683,0.18298485082947225,0.30721572261428226],[-0.22089066879039668,-0.1557082342974639,-0.11449582037606296,-0.2014262751104821,-0.09151025196401082,-0.16297138936036232,-0.09121122044296405,-0.2584268046812559,-0.17022612176965218,-0.19781730305792528,0.5968425910378551,-0.018218207419738137,0.6049417492235613,0.6444088058897385,0.5968787147464201,-0.09748396554487936,0.5978605468848703,-0.20100213098151862,-0.10177070525017835,-0.4834855210815483,-0.1155703204638775,-0.18478198752403524,-0.1414071630097537,-0.3809717331982826,1.0,-0.10385018907784713,-0.10207408178862148,-0.09669934201464837,-0.35380121154393723,-0.33757032152754096,-0.24202592528074796,-0.31163055863823547,-0.19235090623877218,-0.29183579547807964,-0.12251015531669839,-0.2601867389862274],[0.915708337359223,0.9014822311986385,0.8808800764435301,0.9066965265605152,0.8395896078045648,0.939675119316394,0.9067374050786441,0.9179305144797291,0.910277756934244,0.907545723972968,0.9003499560946913,0.9134043765827566,0.767081316574472,0.8579961479431782,0.9007261440417272,0.9446695440340287,0.9250604148323215,0.9223497526938214,0.8721283869871878,0.7251131041941402,0.48958886951023944,0.8903234717250882,0.7702157354303032,0.20593553706737955,-0.10385018907784713,1.0,0.7882523265569925,0.9101191913442284,0.8164366414892905,0.8592157535336182,0.860087551339623,0.8620447365787909,0.8435637291527127,0.8716055313471627,0.8944825249288207,0.9041925784499534],[0.8887139081243057,0.8922252138328285,0.9652527107019295,0.9139776965958888,0.9777949337129939,0.8638721169276377,0.9180446747623848,0.7962386234497246,0.8545044220915063,0.9128761891063141,0.9034471518548671,0.9068435741178995,0.8602776593024672,0.9482293544348903,0.9026312563338468,0.853372656817846,0.8783081812310788,0.7930351930912547,0.6847226690110638,0.6774658592194612,0.39412920936068324,0.925616933667643,0.8283956514956049,0.10659961922595385,-0.10207408178862148,0.7882523265569925,1.0,0.9025471282214094,0.7200265056532487,0.7339161951279838,0.8615167847017976,0.7195342162582009,0.6674903996357504,0.8001010680585248,0.8786381479592265,0.7973884261739896],[0.9517712578044554,0.9529560010293113,0.9650048858214936,0.9583060614216351,0.9447299105049058,0.9503627568892001,0.9651666941765965,0.917030952214842,0.9581548044348066,0.9569653506118541,0.9564367939386779,0.9534207143313991,0.8695556281213407,0.9604394636657299,0.9561533165730276,0.9458700645500998,0.9539322690270223,0.916495334697056,0.8361857439452689,0.7625395179423862,0.49651609915054584,0.9558661438882042,0.8887917815207524,0.10628561243213512,-0.09669934201464837,0.9101191913442284,0.9025471282214094,1.0,0.8406764179083038,0.8392190839880626,0.9264902862508692,0.8324066621678814,0.8062376989647104,0.905603448635653,0.9591899272084992,0.8744313221887097],[0.9437940731086375,0.9238497208097257,0.8130063030573356,0.9185053699578081,0.754397758353132,0.9352549692996454,0.8493029823693384,0.9710983011953775,0.9146652235816033,0.9162657398764326,0.895129220488745,0.9042063289966809,0.7035328356423237,0.8105376555754287,0.8957859055053183,0.9366065842415903,0.9267844079035664,0.970479052679777,0.8993717896914095,0.9628180737914013,0.7522732700330492,0.8810503785970647,0.89872161217625,0.42367246002891223,-0.35380121154393723,0.8164366414892905,0.7200265056532487,0.8406764179083038,1.0,0.9870489922325096,0.9394001445675603,0.9913549921654056,0.9567329059722924,0.9581665882319026,0.892266984925229,0.9595633183691749],[0.9439525311973957,0.9291907261877425,0.8244083492274429,0.9259632349157423,0.7731665045822631,0.9243870127352546,0.8403348796821581,0.9569054357459709,0.897754487995976,0.9233910604046351,0.9004964142287901,0.9096789168536854,0.7043040759704328,0.8255473804855793,0.9011774642949414,0.9208684791828199,0.9221585417382125,0.9555098261983948,0.8717502160080607,0.942296706692606,0.6746867652827425,0.9011931173045605,0.8721675263032906,0.4090208250411059,-0.33757032152754096,0.8592157535336182,0.7339161951279838,0.8392190839880626,0.9870489922325096,1.0,0.9404728678370899,0.985978129586916,0.9568744602267368,0.9461181299826869,0.9104622938000544,0.9621501250340888],[0.9830206412440561,0.975836911352232,0.9367278646072136,0.9816649415588853,0.9046601916113589,0.9684949770548248,0.9435953223610695,0.969260820535589,0.9687141185860818,0.9809564890445787,0.975292087105073,0.9780509766059416,0.8355577521923555,0.9411847708518609,0.975373989256729,0.9662908245675388,0.9775230529001829,0.9679968790377806,0.8637683081280719,0.8826914353631462,0.55381520053922,0.9734660512550145,0.948324094794096,0.2311587580174529,-0.24202592528074796,0.860087551339623,0.8615167847017976,0.9264902862508692,0.9394001445675603,0.9404728678370899,1.0,0.935775111964392,0.8872252794303416,0.9747207025383112,0.9719696318805512,0.9539259663050282],[0.9434607259651977,0.9259421707362159,0.8171421209434848,0.919144407439104,0.7603101214179512,0.9358967123256405,0.8512855536281705,0.9623966310090101,0.9075528979830012,0.9168177479053603,0.8878619360028053,0.9027251256489724,0.6930495464078298,0.8194990765500048,0.8887430689236779,0.9357391820921028,0.9193639017292476,0.9603231357451444,0.8819593808627032,0.9514462255877908,0.709712034902844,0.8901385940046842,0.879261757942594,0.4343683349132144,-0.31163055863823547,0.8620447365787909,0.7195342162582009,0.8324066621678814,0.9913549921654056,0.985978129586916,0.935775111964392,1.0,0.9744685506682762,0.9491365856577711,0.915126529562463,0.9592407369065333],[0.9015972684437138,0.8968128497746252,0.7698128598049407,0.8726823993084937,0.7059815131469137,0.9172168923537541,0.8308836563264269,0.9268117915601883,0.873290613461136,0.8693267344881219,0.8246764735695417,0.8534168265565789,0.6157367919428967,0.7040399626607354,0.8256853717435254,0.9124097223448424,0.8712356117403441,0.924759897631204,0.8624729081637207,0.9082922764820157,0.7404340833673844,0.839563698025001,0.8406677610832096,0.37555183014465354,-0.19235090623877218,0.8435637291527127,0.6674903996357504,0.8062376989647104,0.9567329059722924,0.9568744602267368,0.8872252794303416,0.9744685506682762,1.0,0.9058211585131781,0.8898740110271832,0.9391336771369063],[0.9719493377339626,0.9617929164379152,0.8910558997393732,0.959953066640026,0.8457347338247351,0.9600326976290513,0.9108679039461908,0.968700243068207,0.9511004441042262,0.9584181307086089,0.9455469869218673,0.952835103522418,0.7964209352140841,0.8920305078303408,0.9457101027798611,0.9619234530145545,0.9617417726188864,0.9679390082119823,0.8719382741421545,0.9031524697606544,0.6221647241585133,0.9445995769918955,0.9419736774688552,0.27902470556448683,-0.29183579547807964,0.8716055313471627,0.8001010680585248,0.905603448635653,0.9581665882319026,0.9461181299826869,0.9747207025383112,0.9491365856577711,0.9058211585131781,1.0,0.9538666446368066,0.9525407794543175],[0.9825871648585381,0.9768237116271247,0.955115697243223,0.9808602537496006,0.9230082978839327,0.984794503816439,0.9736100951623885,0.959214634504399,0.9792489905227081,0.9804930480476367,0.9856041805380158,0.9807326692172239,0.8580840688856078,0.9659469249882511,0.9856999112584379,0.9840860338011563,0.9912077791585334,0.9579017366986851,0.8748029447223423,0.8342141915827064,0.5570825215524309,0.9695310547312538,0.9070718345809679,0.18298485082947225,-0.12251015531669839,0.8944825249288207,0.8786381479592265,0.9591899272084992,0.892266984925229,0.9104622938000544,0.9719696318805512,0.915126529562463,0.8898740110271832,0.9538666446368066,1.0,0.934866338984257],[0.9596229819899269,0.9534078453259737,0.8813406874324617,0.94528874223028,0.83491383059345,0.9632505243710338,0.9093563792534769,0.9723647294945317,0.9371339538489624,0.9439334850050535,0.9405936349182846,0.9439005438639082,0.795671302693394,0.9099794729343125,0.941229496157876,0.9658310898365308,0.9632534486801053,0.9729526180031008,0.9036627375135144,0.8862561555341164,0.6276656342609876,0.926019453760025,0.8858508144841791,0.30721572261428226,-0.2601867389862274,0.9041925784499534,0.7973884261739896,0.8744313221887097,0.9595633183691749,0.9621501250340888,0.9539259663050282,0.9592407369065333,0.9391336771369063,0.9525407794543175,0.934866338984257,1.0]],"x":["^TAIEX       \u81fa\u7063\u52a0\u6b0a\u5831\u916c\u6307\u6578","^TWII        \u81fa\u7063\u52a0\u6b0a\u6307\u6578","^TAIEXx2     \u81fa\u7063\u52a0\u6b0a\u5831\u916c\u6307\u6578_\u65e5\u6b632","^TAI50I      \u81fa\u706350\u5831\u916c\u6307\u6578","^TAI50Ix2    \u81fa\u706350\u5831\u916c\u6307\u6578_\u65e5\u6b632","^TAI100I     \u81fa\u7063\u4e2d\u578b100\u5831\u916c\u6307\u6578","^TAI100Ix2   \u81fa\u7063\u4e2d\u578b100\u5831\u916c\u6307\u6578_\u65e5\u6b632","^TAIDIVIDI   \u81fa\u7063\u9ad8\u80a1\u606f\u5831\u916c\u6307\u6578","^TAIDIVIDIx2 \u81fa\u7063\u9ad8\u80a1\u606f\u5831\u916c\u6307\u6578_\u65e5\u6b632","0050Fund     \u5143\u5927\u53f0\u7063\u5353\u8d8a50\u57fa\u91d1","006208Fund   \u5bcc\u90a6\u53f0\u7063\u91c6\u540950\u57fa\u91d1","0050         \u5143\u5927\u81fa\u706350","00631L       \u5143\u5927\u53f0\u706350\u6b632","00675L       \u5bcc\u90a6\u81fa\u7063\u52a0\u6b0a\u6b632","006208       \u5bcc\u90a6\u53f050","0051         \u5143\u5927\u4e2d\u578b100","006204       \u6c38\u8c50\u81fa\u7063\u52a0\u6b0a","0056         \u5143\u5927\u9ad8\u80a1\u606f","0056         \u5143\u5927\u9ad8\u80a1\u606f_\u80a1\u606f\u4e0d\u6295\u5165","2412         \u4e2d\u83ef\u96fb\u4fe1","2002         \u4e2d\u92fc","2330         \u53f0\u7a4d\u96fb","2317         \u9d3b\u6d77","6505         \u53f0\u5851\u77f3\u5316","3481         \u7fa4\u5275","2303         \u806f\u96fb","2308         \u53f0\u9054\u96fb","2454         \u806f\u767c\u79d1","2886         \u5146\u8c50\u91d1","2884         \u7389\u5c71\u91d1","2891         \u4e2d\u4fe1\u91d1","2892         \u7b2c\u4e00\u91d1","5880         \u5408\u5eab\u91d1","2881         \u5bcc\u90a6\u91d1","2885         \u5143\u5927\u91d1","2887         \u53f0\u65b0\u91d1"],"y":["^TAIEX       \u81fa\u7063\u52a0\u6b0a\u5831\u916c\u6307\u6578","^TWII        \u81fa\u7063\u52a0\u6b0a\u6307\u6578","^TAIEXx2     \u81fa\u7063\u52a0\u6b0a\u5831\u916c\u6307\u6578_\u65e5\u6b632","^TAI50I      \u81fa\u706350\u5831\u916c\u6307\u6578","^TAI50Ix2    \u81fa\u706350\u5831\u916c\u6307\u6578_\u65e5\u6b632","^TAI100I     \u81fa\u7063\u4e2d\u578b100\u5831\u916c\u6307\u6578","^TAI100Ix2   \u81fa\u7063\u4e2d\u578b100\u5831\u916c\u6307\u6578_\u65e5\u6b632","^TAIDIVIDI   \u81fa\u7063\u9ad8\u80a1\u606f\u5831\u916c\u6307\u6578","^TAIDIVIDIx2 \u81fa\u7063\u9ad8\u80a1\u606f\u5831\u916c\u6307\u6578_\u65e5\u6b632","0050Fund     \u5143\u5927\u53f0\u7063\u5353\u8d8a50\u57fa\u91d1","006208Fund   \u5bcc\u90a6\u53f0\u7063\u91c6\u540950\u57fa\u91d1","0050         \u5143\u5927\u81fa\u706350","00631L       \u5143\u5927\u53f0\u706350\u6b632","00675L       \u5bcc\u90a6\u81fa\u7063\u52a0\u6b0a\u6b632","006208       \u5bcc\u90a6\u53f050","0051         \u5143\u5927\u4e2d\u578b100","006204       \u6c38\u8c50\u81fa\u7063\u52a0\u6b0a","0056         \u5143\u5927\u9ad8\u80a1\u606f","0056         \u5143\u5927\u9ad8\u80a1\u606f_\u80a1\u606f\u4e0d\u6295\u5165","2412         \u4e2d\u83ef\u96fb\u4fe1","2002         \u4e2d\u92fc","2330         \u53f0\u7a4d\u96fb","2317         \u9d3b\u6d77","6505         \u53f0\u5851\u77f3\u5316","3481         \u7fa4\u5275","2303         \u806f\u96fb","2308         \u53f0\u9054\u96fb","2454         \u806f\u767c\u79d1","2886         \u5146\u8c50\u91d1","2884         \u7389\u5c71\u91d1","2891         \u4e2d\u4fe1\u91d1","2892         \u7b2c\u4e00\u91d1","5880         \u5408\u5eab\u91d1","2881         \u5bcc\u90a6\u91d1","2885         \u5143\u5927\u91d1","2887         \u53f0\u65b0\u91d1"],"zmin":-1,"zmax":1,"colorbar":{"x":-0.2}}],"layout":{"autotypenumbers":"strict","colorway":["#636efa","#EF553B","#00cc96","#ab63fa","#FFA15A","#19d3f3","#FF6692","#B6E880","#FF97FF","#FECB52"],"font":{"color":"#f2f5fa","family":"Courier New"},"hovermode":"closest","hoverlabel":{"align":"left"},"paper_bgcolor":"rgb(17,17,17)","plot_bgcolor":"rgb(17,17,17)","polar":{"bgcolor":"rgb(17,17,17)","angularaxis":{"gridcolor":"#506784","linecolor":"#506784","ticks":""},"radialaxis":{"gridcolor":"#506784","linecolor":"#506784","ticks":""}},"ternary":{"bgcolor":"rgb(17,17,17)","aaxis":{"gridcolor":"#506784","linecolor":"#506784","ticks":""},"baxis":{"gridcolor":"#506784","linecolor":"#506784","ticks":""},"caxis":{"gridcolor":"#506784","linecolor":"#506784","ticks":""}},"coloraxis":{"colorbar":{"outlinewidth":0,"ticks":""}},"colorscale":{"sequential":[[0.0,"#0d0887"],[0.1111111111111111,"#46039f"],[0.2222222222222222,"#7201a8"],[0.3333333333333333,"#9c179e"],[0.4444444444444444,"#bd3786"],[0.5555555555555556,"#d8576b"],[0.6666666666666666,"#ed7953"],[0.7777777777777778,"#fb9f3a"],[0.8888888888888888,"#fdca26"],[1.0,"#f0f921"]],"sequentialminus":[[0.0,"#0d0887"],[0.1111111111111111,"#46039f"],[0.2222222222222222,"#7201a8"],[0.3333333333333333,"#9c179e"],[0.4444444444444444,"#bd3786"],[0.5555555555555556,"#d8576b"],[0.6666666666666666,"#ed7953"],[0.7777777777777778,"#fb9f3a"],[0.8888888888888888,"#fdca26"],[1.0,"#f0f921"]],"diverging":[[0,"#8e0152"],[0.1,"#c51b7d"],[0.2,"#de77ae"],[0.3,"#f1b6da"],[0.4,"#fde0ef"],[0.5,"#f7f7f7"],[0.6,"#e6f5d0"],[0.7,"#b8e186"],[0.8,"#7fbc41"],[0.9,"#4d9221"],[1,"#276419"]]},"xaxis":{"gridcolor":"rgba(0, 0, 0, 0)","linecolor":"#506784","ticks":"","title":{"standoff":15},"zerolinecolor":"#283442","automargin":true,"zerolinewidth":2,"tickfont":{"family":"Courier New","size":14},"side":"top","tickangle":-90},"yaxis":{"gridcolor":"rgba(0, 0, 0, 0)","linecolor":"#506784","ticks":"","title":{"standoff":15},"zerolinecolor":"#283442","automargin":true,"zerolinewidth":2,"tickfont":{"family":"Courier New"},"side":"right"},"scene":{"xaxis":{"backgroundcolor":"rgb(17,17,17)","gridcolor":"#506784","linecolor":"#506784","showbackground":true,"ticks":"","zerolinecolor":"#C8D4E3","gridwidth":2},"yaxis":{"backgroundcolor":"rgb(17,17,17)","gridcolor":"#506784","linecolor":"#506784","showbackground":true,"ticks":"","zerolinecolor":"#C8D4E3","gridwidth":2},"zaxis":{"backgroundcolor":"rgb(17,17,17)","gridcolor":"#506784","linecolor":"#506784","showbackground":true,"ticks":"","zerolinecolor":"#C8D4E3","gridwidth":2}},"shapedefaults":{"line":{"color":"#f2f5fa"}},"annotationdefaults":{"arrowcolor":"#f2f5fa","arrowhead":0,"arrowwidth":1},"geo":{"bgcolor":"rgb(17,17,17)","landcolor":"rgb(17,17,17)","subunitcolor":"#506784","showland":true,"showlakes":true,"lakecolor":"rgb(17,17,17)"},"title":{"x":0.05,"font":{"family":"Times New Roman"},"y":0.05,"text":"<b>Correlation of Adj Close<b><br><i>2016-09-23 ~ 2026-06-01<i>"},"updatemenudefaults":{"bgcolor":"#506784","borderwidth":0},"sliderdefaults":{"bgcolor":"#C8D4E3","borderwidth":1,"bordercolor":"rgb(17,17,17)","tickwidth":0},"mapbox":{"style":"dark"},"annotations":[{"text":"<b>@zwindr<b>","textangle":0,"opacity":0.5,"font":{"color":"white","size":12},"xref":"paper","yref":"paper","xanchor":"left","yanchor":"bottom","x":1.0,"y":1.0,"showarrow":false}]},"config":{"responsive":true,"toImageButtonOptions":{"filename":"Correlation of Adj Close_2016-09-23~2026-06-01","scale":5}}};Plotly.newPlot("correlationAdjClose",correlationAdjClose.data,correlationAdjClose.layout||{},correlationAdjClose.config);}else{console.log("style display is none => correlationAdjClose");}