var config = { responsive: true }

var correlationClose = {"data": [{"type": "heatmap", "z": [[1.0, 0.9999999999999981, 1.0, 0.9957208848748413, 0.9957208848748413, 0.9587067070639155, 0.9587067070639155, 0.8897416823557565, 0.8897416823557565, 0.9959692286874614, 0.9921189650229146, 0.9917677845782868, 0.9952570726844594, 0.9702608582746296, 0.998805093458587, 0.9282626042003264, 0.8087951627016053, 0.27008186469877193, 0.9775562998472129, 0.802343185656504, 0.0977310872771468, -0.2790021173315323, 0.7623356972622198, 0.9468204788760707, 0.9184264503410826], [0.9999999999999981, 1.0, 0.9999999999999982, 0.995654207418476, 0.995654207418476, 0.9580267471517658, 0.9580267471517658, 0.8912268236161915, 0.8912268236161915, 0.9959309239699877, 0.9918373307670855, 0.9911169066576436, 0.9952097873396265, 0.9694474892412107, 0.9988108413423767, 0.9289405413592976, 0.8167585927722646, 0.40471408519972396, 0.9702180188000273, 0.7741469263468321, 0.10465074270576835, -0.27869594736445064, 0.6577100681634038, 0.9475749687206626, 0.9244762693873784], [1.0, 0.9999999999999982, 1.0, 0.9957208848748413, 0.9957208848748413, 0.9587067070639155, 0.9587067070639155, 0.8897416823557565, 0.8897416823557565, 0.9959692286874614, 0.9921189650229146, 0.9917677845782868, 0.9952570726844594, 0.9702608582746296, 0.998805093458587, 0.9282626042003264, 0.8087951627016053, 0.27008186469877193, 0.9775562998472129, 0.802343185656504, 0.0977310872771468, -0.2790021173315323, 0.7623356972622198, 0.9468204788760707, 0.9184264503410826], [0.9957208848748413, 0.995654207418476, 0.9957208848748413, 1.0, 1.0, 0.9453735419213565, 0.9453735419213565, 0.8752465958307454, 0.8752465958307454, 0.9996136008964894, 0.9881601908146274, 0.9841002721784083, 0.9993449350548508, 0.9525188963983655, 0.9946425581981869, 0.9114449339134656, 0.7855844755014545, 0.2443637414562825, 0.9887372361442233, 0.7948509232794454, 0.06872034141811396, -0.2836386539174134, 0.7719600614177555, 0.9350962282471005, 0.9188199171993259], [0.9957208848748413, 0.995654207418476, 0.9957208848748413, 1.0, 1.0, 0.9453735419213565, 0.9453735419213565, 0.8752465958307454, 0.8752465958307454, 0.9996136008964894, 0.9881601908146274, 0.9841002721784083, 0.9993449350548508, 0.9525188963983655, 0.9946425581981869, 0.9114449339134656, 0.7855844755014545, 0.2443637414562825, 0.9887372361442233, 0.7948509232794454, 0.06872034141811396, -0.2836386539174134, 0.7719600614177555, 0.9350962282471005, 0.9188199171993259], [0.9587067070639155, 0.9580267471517658, 0.9587067070639155, 0.9453735419213565, 0.9453735419213565, 1.0, 1.0, 0.918750515262296, 0.918750515262296, 0.94906666843784, 0.975951055635709, 0.9748676687416595, 0.9499693483506101, 0.9989502830714123, 0.970795140042595, 0.9190494091241609, 0.6798042867829337, 0.20438701183820754, 0.9293101285910312, 0.7284080021701365, -0.13312069246387173, -0.1300351527530538, 0.871543750107641, 0.9008228800711313, 0.920216722984249], [0.9587067070639155, 0.9580267471517658, 0.9587067070639155, 0.9453735419213565, 0.9453735419213565, 1.0, 1.0, 0.918750515262296, 0.918750515262296, 0.94906666843784, 0.975951055635709, 0.9748676687416595, 0.9499693483506101, 0.9989502830714123, 0.970795140042595, 0.9190494091241609, 0.6798042867829337, 0.20438701183820754, 0.9293101285910312, 0.7284080021701365, -0.13312069246387173, -0.1300351527530538, 0.871543750107641, 0.9008228800711313, 0.920216722984249], [0.8897416823557565, 0.8912268236161915, 0.8897416823557565, 0.8752465958307454, 0.8752465958307454, 0.918750515262296, 0.918750515262296, 1.0, 1.0, 0.8971726553195725, 0.9442684356592916, 0.9391152282867715, 0.934560292256754, 0.9196417613155163, 0.9359078811222912, 0.9747022166592945, 0.622426877036817, 0.25093341668175545, 0.8289880699910581, 0.7430892248545939, -0.1685200821334759, 0.01701258100739814, 0.7820686068902339, 0.7876106900627333, 0.8517083545117878], [0.8897416823557565, 0.8912268236161915, 0.8897416823557565, 0.8752465958307454, 0.8752465958307454, 0.918750515262296, 0.918750515262296, 1.0, 1.0, 0.8971726553195725, 0.9442684356592916, 0.9391152282867715, 0.934560292256754, 0.9196417613155163, 0.9359078811222912, 0.9747022166592945, 0.622426877036817, 0.25093341668175545, 0.8289880699910581, 0.7430892248545939, -0.1685200821334759, 0.01701258100739814, 0.7820686068902339, 0.7876106900627333, 0.8517083545117878], [0.9959692286874614, 0.9959309239699877, 0.9959692286874614, 0.9996136008964894, 0.9996136008964894, 0.94906666843784, 0.94906666843784, 0.8971726553195725, 0.8971726553195725, 1.0, 0.9869581297355773, 0.983082946406849, 0.9993850774669224, 0.9510358438493471, 0.9944983984254474, 0.9112278600841985, 0.8275368681222525, 0.07529836844067807, 0.9916426782493021, 0.7925435148041393, -0.19492016862523068, -0.31592748841191565, 0.8861896307839944, 0.9295330775922557, 0.9053736111981856], [0.9921189650229146, 0.9918373307670855, 0.9921189650229146, 0.9881601908146274, 0.9881601908146274, 0.975951055635709, 0.975951055635709, 0.9442684356592916, 0.9442684356592916, 0.9869581297355773, 1.0, 0.9996581610921497, 0.9879437962261975, 0.9744324133672916, 0.9889076384326854, 0.9250405585821948, 0.7931279581293479, 0.2638343185212543, 0.9864711582526737, 0.7157809645376834, -0.5710633642370702, 0.23297829663691405, 0.854631778925209, 0.9303082219047993, 0.9544828615608991], [0.9917677845782868, 0.9911169066576436, 0.9917677845782868, 0.9841002721784083, 0.9841002721784083, 0.9748676687416595, 0.9748676687416595, 0.9391152282867715, 0.9391152282867715, 0.983082946406849, 0.9996581610921497, 1.0, 0.9848456536280265, 0.972224361920446, 0.9871036934414423, 0.9134911245755228, 0.8146443685313898, 0.14805965456170192, 0.9810636635507164, 0.7203591548543034, -0.8056904861351795, 0.2764669861550153, 0.8141034045898, 0.9368926007523474, 0.9522425134192715], [0.9952570726844594, 0.9952097873396265, 0.9952570726844594, 0.9993449350548508, 0.9993449350548508, 0.9499693483506101, 0.9499693483506101, 0.934560292256754, 0.934560292256754, 0.9993850774669224, 0.9879437962261975, 0.9848456536280265, 1.0, 0.9512861791260868, 0.9937490999215735, 0.9325221960503036, 0.8299066840493889, 0.2608589442559368, 0.9951353212595561, 0.757490086675714, -0.3558911321150026, 0.17694892268652135, 0.8767898679976002, 0.9079916569313832, 0.9348901931678345], [0.9702608582746296, 0.9694474892412107, 0.9702608582746296, 0.9525188963983655, 0.9525188963983655, 0.9989502830714123, 0.9989502830714123, 0.9196417613155163, 0.9196417613155163, 0.9510358438493471, 0.9744324133672916, 0.972224361920446, 0.9512861791260868, 1.0, 0.9729289057664844, 0.9182695949886421, 0.7532350231300743, 0.1715605100259403, 0.9424719008448782, 0.7253125615866414, -0.2838258325667511, -0.20382516067519388, 0.9094149401262404, 0.920521887699919, 0.916732582583926], [0.998805093458587, 0.9988108413423767, 0.998805093458587, 0.9946425581981869, 0.9946425581981869, 0.970795140042595, 0.970795140042595, 0.9359078811222912, 0.9359078811222912, 0.9944983984254474, 0.9889076384326854, 0.9871036934414423, 0.9937490999215735, 0.9729289057664844, 1.0, 0.9452120448937206, 0.8366421611983724, 0.2698611925093575, 0.9868041403693686, 0.7435337906516918, -0.3457094749621191, 0.18831850276914497, 0.9065329158739677, 0.9276403342513475, 0.9400103873160149], [0.9282626042003264, 0.9289405413592976, 0.9282626042003264, 0.9114449339134656, 0.9114449339134656, 0.9190494091241609, 0.9190494091241609, 0.9747022166592945, 0.9747022166592945, 0.9112278600841985, 0.9250405585821948, 0.9134911245755228, 0.9325221960503036, 0.9182695949886421, 0.9452120448937206, 1.0, 0.766453510566325, 0.2084705880499988, 0.8745736044445493, 0.7183653726092867, -0.07091534960850336, -0.23782168780420312, 0.8187147747795273, 0.8395367341003653, 0.8288387322100915], [0.8087951627016053, 0.8167585927722646, 0.8087951627016053, 0.7855844755014545, 0.7855844755014545, 0.6798042867829337, 0.6798042867829337, 0.622426877036817, 0.622426877036817, 0.8275368681222525, 0.7931279581293479, 0.8146443685313898, 0.8299066840493889, 0.7532350231300743, 0.8366421611983724, 0.766453510566325, 1.0, 0.5267044025204796, 0.7396985771023166, 0.7765751378029901, 0.48913907617963887, -0.5808093281785524, 0.2645641974070892, 0.8286871066279495, 0.6516711955909391], [0.27008186469877193, 0.40471408519972396, 0.27008186469877193, 0.2443637414562825, 0.2443637414562825, 0.20438701183820754, 0.20438701183820754, 0.25093341668175545, 0.25093341668175545, 0.07529836844067807, 0.2638343185212543, 0.14805965456170192, 0.2608589442559368, 0.1715605100259403, 0.2698611925093575, 0.2084705880499988, 0.5267044025204796, 1.0, 0.25376912769934806, 0.5654492461074667, 0.3847448435026013, 0.554409131103745, 0.02500952778677795, 0.41946442763257785, 0.38702981658968766], [0.9775562998472129, 0.9702180188000273, 0.9775562998472129, 0.9887372361442233, 0.9887372361442233, 0.9293101285910312, 0.9293101285910312, 0.8289880699910581, 0.8289880699910581, 0.9916426782493021, 0.9864711582526737, 0.9810636635507164, 0.9951353212595561, 0.9424719008448782, 0.9868041403693686, 0.8745736044445493, 0.7396985771023166, 0.25376912769934806, 1.0, 0.7370964133361373, 0.010296325707288702, -0.34808752820591476, 0.6712701747341389, 0.9180344542540914, 0.9092532730327235], [0.802343185656504, 0.7741469263468321, 0.802343185656504, 0.7948509232794454, 0.7948509232794454, 0.7284080021701365, 0.7284080021701365, 0.7430892248545939, 0.7430892248545939, 0.7925435148041393, 0.7157809645376834, 0.7203591548543034, 0.757490086675714, 0.7253125615866414, 0.7435337906516918, 0.7183653726092867, 0.7765751378029901, 0.5654492461074667, 0.7370964133361373, 1.0, 0.20580152874844487, -0.047873018771404124, 0.2315411326630603, 0.8279833042661456, 0.7392967803024456], [0.0977310872771468, 0.10465074270576835, 0.0977310872771468, 0.06872034141811396, 0.06872034141811396, -0.13312069246387173, -0.13312069246387173, -0.1685200821334759, -0.1685200821334759, -0.19492016862523068, -0.5710633642370702, -0.8056904861351795, -0.3558911321150026, -0.2838258325667511, -0.3457094749621191, -0.07091534960850336, 0.48913907617963887, 0.3847448435026013, 0.010296325707288702, 0.20580152874844487, 1.0, -0.08579005664648733, -0.16539385849024074, 0.0927732342337728, -0.10135675560394262], [-0.2790021173315323, -0.27869594736445064, -0.2790021173315323, -0.2836386539174134, -0.2836386539174134, -0.1300351527530538, -0.1300351527530538, 0.01701258100739814, 0.01701258100739814, -0.31592748841191565, 0.23297829663691405, 0.2764669861550153, 0.17694892268652135, -0.20382516067519388, 0.18831850276914497, -0.23782168780420312, -0.5808093281785524, 0.554409131103745, -0.34808752820591476, -0.047873018771404124, -0.08579005664648733, 1.0, -0.06282684364562828, -0.3469314823115812, -0.07913632584949783], [0.7623356972622198, 0.6577100681634038, 0.7623356972622198, 0.7719600614177555, 0.7719600614177555, 0.871543750107641, 0.871543750107641, 0.7820686068902339, 0.7820686068902339, 0.8861896307839944, 0.854631778925209, 0.8141034045898, 0.8767898679976002, 0.9094149401262404, 0.9065329158739677, 0.8187147747795273, 0.2645641974070892, 0.02500952778677795, 0.6712701747341389, 0.2315411326630603, -0.16539385849024074, -0.06282684364562828, 1.0, 0.5340793097786654, 0.731756023294813], [0.9468204788760707, 0.9475749687206626, 0.9468204788760707, 0.9350962282471005, 0.9350962282471005, 0.9008228800711313, 0.9008228800711313, 0.7876106900627333, 0.7876106900627333, 0.9295330775922557, 0.9303082219047993, 0.9368926007523474, 0.9079916569313832, 0.920521887699919, 0.9276403342513475, 0.8395367341003653, 0.8286871066279495, 0.41946442763257785, 0.9180344542540914, 0.8279833042661456, 0.0927732342337728, -0.3469314823115812, 0.5340793097786654, 1.0, 0.8811175955114631], [0.9184264503410826, 0.9244762693873784, 0.9184264503410826, 0.9188199171993259, 0.9188199171993259, 0.920216722984249, 0.920216722984249, 0.8517083545117878, 0.8517083545117878, 0.9053736111981856, 0.9544828615608991, 0.9522425134192715, 0.9348901931678345, 0.916732582583926, 0.9400103873160149, 0.8288387322100915, 0.6516711955909391, 0.38702981658968766, 0.9092532730327235, 0.7392967803024456, -0.10135675560394262, -0.07913632584949783, 0.731756023294813, 0.8811175955114631, 1.0]], "x": ["^TAIEX       \u81fa\u7063\u52a0\u6b0a\u5831\u916c\u6307\u6578", "^TWII        \u81fa\u7063\u52a0\u6b0a\u6307\u6578", "^TAIEXx2     \u81fa\u7063\u52a0\u6b0a\u5831\u916c\u6307\u6578_\u65e5\u6b632", "^TAI50I      \u81fa\u706350\u5831\u916c\u6307\u6578", "^TAI50Ix2    \u81fa\u706350\u5831\u916c\u6307\u6578_\u65e5\u6b632", "^TAI100I     \u81fa\u7063\u4e2d\u578b100\u5831\u916c\u6307\u6578", "^TAI100Ix2   \u81fa\u7063\u4e2d\u578b100\u5831\u916c\u6307\u6578_\u65e5\u6b632", "^TAIDIVIDI   \u81fa\u7063\u9ad8\u80a1\u606f\u5831\u916c\u6307\u6578", "^TAIDIVIDIx2 \u81fa\u7063\u9ad8\u80a1\u606f\u5831\u916c\u6307\u6578_\u65e5\u6b632", "0050         \u5143\u5927\u81fa\u706350", "00631L       \u5143\u5927\u53f0\u706350\u6b632", "00675L       \u5bcc\u90a6\u81fa\u7063\u52a0\u6b0a\u6b632", "006208       \u5bcc\u90a6\u53f050", "0051         \u5143\u5927\u4e2d\u578b100", "006204       \u6c38\u8c50\u81fa\u7063\u52a0\u6b0a", "0056         \u5143\u5927\u9ad8\u80a1\u606f", "2412         \u4e2d\u83ef\u96fb\u4fe1", "2002         \u4e2d\u92fc", "2330         \u53f0\u7a4d\u96fb", "2317         \u9d3b\u6d77", "6505         \u53f0\u5851\u77f3\u5316", "3481         \u7fa4\u5275", "2303         \u806f\u96fb", "2308         \u53f0\u9054\u96fb", "2454         \u806f\u767c\u79d1"], "y": ["^TAIEX       \u81fa\u7063\u52a0\u6b0a\u5831\u916c\u6307\u6578", "^TWII        \u81fa\u7063\u52a0\u6b0a\u6307\u6578", "^TAIEXx2     \u81fa\u7063\u52a0\u6b0a\u5831\u916c\u6307\u6578_\u65e5\u6b632", "^TAI50I      \u81fa\u706350\u5831\u916c\u6307\u6578", "^TAI50Ix2    \u81fa\u706350\u5831\u916c\u6307\u6578_\u65e5\u6b632", "^TAI100I     \u81fa\u7063\u4e2d\u578b100\u5831\u916c\u6307\u6578", "^TAI100Ix2   \u81fa\u7063\u4e2d\u578b100\u5831\u916c\u6307\u6578_\u65e5\u6b632", "^TAIDIVIDI   \u81fa\u7063\u9ad8\u80a1\u606f\u5831\u916c\u6307\u6578", "^TAIDIVIDIx2 \u81fa\u7063\u9ad8\u80a1\u606f\u5831\u916c\u6307\u6578_\u65e5\u6b632", "0050         \u5143\u5927\u81fa\u706350", "00631L       \u5143\u5927\u53f0\u706350\u6b632", "00675L       \u5bcc\u90a6\u81fa\u7063\u52a0\u6b0a\u6b632", "006208       \u5bcc\u90a6\u53f050", "0051         \u5143\u5927\u4e2d\u578b100", "006204       \u6c38\u8c50\u81fa\u7063\u52a0\u6b0a", "0056         \u5143\u5927\u9ad8\u80a1\u606f", "2412         \u4e2d\u83ef\u96fb\u4fe1", "2002         \u4e2d\u92fc", "2330         \u53f0\u7a4d\u96fb", "2317         \u9d3b\u6d77", "6505         \u53f0\u5851\u77f3\u5316", "3481         \u7fa4\u5275", "2303         \u806f\u96fb", "2308         \u53f0\u9054\u96fb", "2454         \u806f\u767c\u79d1"], "zmin": -1, "zmax": 1, "colorbar": {"x": -0.2}}], "layout": {"autotypenumbers": "strict", "colorway": ["#636efa", "#EF553B", "#00cc96", "#ab63fa", "#FFA15A", "#19d3f3", "#FF6692", "#B6E880", "#FF97FF", "#FECB52"], "font": {"color": "#f2f5fa", "family": "Courier New"}, "hovermode": "closest", "hoverlabel": {"align": "left"}, "paper_bgcolor": "rgb(17,17,17)", "plot_bgcolor": "rgb(17,17,17)", "polar": {"bgcolor": "rgb(17,17,17)", "angularaxis": {"gridcolor": "#506784", "linecolor": "#506784", "ticks": ""}, "radialaxis": {"gridcolor": "#506784", "linecolor": "#506784", "ticks": ""}}, "ternary": {"bgcolor": "rgb(17,17,17)", "aaxis": {"gridcolor": "#506784", "linecolor": "#506784", "ticks": ""}, "baxis": {"gridcolor": "#506784", "linecolor": "#506784", "ticks": ""}, "caxis": {"gridcolor": "#506784", "linecolor": "#506784", "ticks": ""}}, "coloraxis": {"colorbar": {"outlinewidth": 0, "ticks": ""}}, "colorscale": {"sequential": [[0.0, "#0d0887"], [0.1111111111111111, "#46039f"], [0.2222222222222222, "#7201a8"], [0.3333333333333333, "#9c179e"], [0.4444444444444444, "#bd3786"], [0.5555555555555556, "#d8576b"], [0.6666666666666666, "#ed7953"], [0.7777777777777778, "#fb9f3a"], [0.8888888888888888, "#fdca26"], [1.0, "#f0f921"]], "sequentialminus": [[0.0, "#0d0887"], [0.1111111111111111, "#46039f"], [0.2222222222222222, "#7201a8"], [0.3333333333333333, "#9c179e"], [0.4444444444444444, "#bd3786"], [0.5555555555555556, "#d8576b"], [0.6666666666666666, "#ed7953"], [0.7777777777777778, "#fb9f3a"], [0.8888888888888888, "#fdca26"], [1.0, "#f0f921"]], "diverging": [[0, "#8e0152"], [0.1, "#c51b7d"], [0.2, "#de77ae"], [0.3, "#f1b6da"], [0.4, "#fde0ef"], [0.5, "#f7f7f7"], [0.6, "#e6f5d0"], [0.7, "#b8e186"], [0.8, "#7fbc41"], [0.9, "#4d9221"], [1, "#276419"]]}, "xaxis": {"gridcolor": "rgba(0, 0, 0, 0)", "linecolor": "#506784", "ticks": "", "title": {"standoff": 15}, "zerolinecolor": "#283442", "automargin": true, "zerolinewidth": 2, "tickfont": {"family": "Courier New", "size": 14}, "side": "top", "tickangle": -90}, "yaxis": {"gridcolor": "rgba(0, 0, 0, 0)", "linecolor": "#506784", "ticks": "", "title": {"standoff": 15}, "zerolinecolor": "#283442", "automargin": true, "zerolinewidth": 2, "tickfont": {"family": "Courier New"}, "side": "right"}, "scene": {"xaxis": {"backgroundcolor": "rgb(17,17,17)", "gridcolor": "#506784", "linecolor": "#506784", "showbackground": true, "ticks": "", "zerolinecolor": "#C8D4E3", "gridwidth": 2}, "yaxis": {"backgroundcolor": "rgb(17,17,17)", "gridcolor": "#506784", "linecolor": "#506784", "showbackground": true, "ticks": "", "zerolinecolor": "#C8D4E3", "gridwidth": 2}, "zaxis": {"backgroundcolor": "rgb(17,17,17)", "gridcolor": "#506784", "linecolor": "#506784", "showbackground": true, "ticks": "", "zerolinecolor": "#C8D4E3", "gridwidth": 2}}, "shapedefaults": {"line": {"color": "#f2f5fa"}}, "annotationdefaults": {"arrowcolor": "#f2f5fa", "arrowhead": 0, "arrowwidth": 1}, "geo": {"bgcolor": "rgb(17,17,17)", "landcolor": "rgb(17,17,17)", "subunitcolor": "#506784", "showland": true, "showlakes": true, "lakecolor": "rgb(17,17,17)"}, "title": {"x": 0.05, "font": {"family": "Times New Roman"}, "y": 0.05, "text": "<b>Correlation of Close<b><br><i>2016/09/23 ~ 2025/05/20<i>"}, "updatemenudefaults": {"bgcolor": "#506784", "borderwidth": 0}, "sliderdefaults": {"bgcolor": "#C8D4E3", "borderwidth": 1, "bordercolor": "rgb(17,17,17)", "tickwidth": 0}, "mapbox": {"style": "dark"}, "height": 600}};

Plotly.newPlot("correlationClose",
    correlationClose.data,
    correlationClose.layout || {},
    config);