var element=document.getElementById("correlationClose");if(element.style.display!='none'){var correlationClose={"data":[{"type":"heatmap","z":[[1.0,0.9999999999999979,1.0,0.9950929620131522,0.9950929620131522,0.9746889127165788,0.9746889127165788,0.9180227042506298,0.9180227042506298,0.712103567872238,0.995506910054822,0.650631627268688,0.8540907639517668,0.9889461772594431,0.9955767488339966,0.978984329636803,0.9993266181342888,0.9041754716724834,0.9041754716724834,0.7623723982969818,-0.20518648404973633,0.9820983881255563,0.27437239252491974,-0.18260895835949073,-0.2114359368991804,0.8301321459259164,0.8818304683441349,0.928526321202583,0.8933959632703634,0.7810358218474698,0.6739615529696181,0.6516562845461471,0.5929333797581807,0.921976086134192,0.8771571032528739,0.2917356253136971],[0.9999999999999979,1.0,0.999999999999998,0.9950451626449592,0.9950451626449592,0.974177188798599,0.974177188798599,0.9183224840033403,0.9183224840033403,0.7137807450535447,0.9954942071778243,0.6509334600107141,0.8543968047073885,0.9885111944199051,0.9955837544480322,0.978681150370468,0.9993273432938743,0.9038040403496955,0.9038040403496955,0.7795081452820419,0.0035540584042769033,0.9753426072240828,0.02882169265733347,-0.17530657047391052,-0.21256464150139612,0.6825738097000897,0.8791901263896312,0.9105373606382445,0.8908692832482105,0.789027708757178,0.6656815688577717,0.6495637908320238,0.6181768107554279,0.921503185317928,0.7581460561995619,0.28777968566816564],[1.0,0.999999999999998,1.0,0.9950929620131522,0.9950929620131522,0.9746889127165788,0.9746889127165788,0.9180227042506298,0.9180227042506298,0.712103567872238,0.995506910054822,0.650631627268688,0.8540907639517668,0.9889461772594431,0.9955767488339966,0.978984329636803,0.9993266181342888,0.9041754716724834,0.9041754716724834,0.7623723982969818,-0.20518648404973633,0.9820983881255563,0.27437239252491974,-0.18260895835949073,-0.2114359368991804,0.8301321459259164,0.8818304683441349,0.928526321202583,0.8933959632703634,0.7810358218474698,0.6739615529696181,0.6516562845461471,0.5929333797581807,0.921976086134192,0.8771571032528739,0.2917356253136971],[0.9950929620131522,0.9950451626449592,0.9950929620131522,1.0,1.0,0.9630306794067542,0.9630306794067542,0.900328170281165,0.900328170281165,0.6681752452634966,0.9996833026348464,0.607176197624882,0.8601396776535954,0.9909913219720775,0.9996377823068446,0.9628048108516146,0.9953157747316957,0.8738690493076499,0.8738690493076499,0.7292196146705442,-0.21201231325277017,0.9933230794430197,0.3021771455617845,-0.21660223713097604,-0.2052373897877647,0.8151267897120836,0.9059819157778596,0.9286925107464755,0.8663960899237295,0.7746963853313151,0.7021259087186935,0.6389260010508728,0.555830388877546,0.9037014274511432,0.8702940191731704,0.3071725127847771],[0.9950929620131522,0.9950451626449592,0.9950929620131522,1.0,1.0,0.9630306794067542,0.9630306794067542,0.900328170281165,0.900328170281165,0.6681752452634966,0.9996833026348464,0.607176197624882,0.8601396776535954,0.9909913219720775,0.9996377823068446,0.9628048108516146,0.9953157747316957,0.8738690493076499,0.8738690493076499,0.7292196146705442,-0.21201231325277017,0.9933230794430197,0.3021771455617845,-0.21660223713097604,-0.2052373897877647,0.8151267897120836,0.9059819157778596,0.9286925107464755,0.8663960899237295,0.7746963853313151,0.7021259087186935,0.6389260010508728,0.555830388877546,0.9037014274511432,0.8702940191731704,0.3071725127847771],[0.9746889127165788,0.974177188798599,0.9746889127165788,0.9630306794067542,0.9630306794067542,1.0,1.0,0.9409354887428902,0.9409354887428902,0.6943068732377031,0.9616521399922177,0.6677223667505331,0.8341731605172176,0.9575814294198649,0.9615382309756842,0.9991181113679044,0.9796756936738004,0.9120269415759098,0.9120269415759098,0.6553808809525336,-0.1650699374528562,0.9516741283456563,0.40200910378258065,-0.34456104398999576,-0.10339104287910496,0.88741238111973,0.8432778974676632,0.9404136980353178,0.8776248884229493,0.7543920532875631,0.8148203488415137,0.740567307000745,0.6619828047726379,0.8680996761774009,0.8995730945644622,0.543852549442301],[0.9746889127165788,0.974177188798599,0.9746889127165788,0.9630306794067542,0.9630306794067542,1.0,1.0,0.9409354887428902,0.9409354887428902,0.6943068732377031,0.9616521399922177,0.6677223667505331,0.8341731605172176,0.9575814294198649,0.9615382309756842,0.9991181113679044,0.9796756936738004,0.9120269415759098,0.9120269415759098,0.6553808809525336,-0.1650699374528562,0.9516741283456563,0.40200910378258065,-0.34456104398999576,-0.10339104287910496,0.88741238111973,0.8432778974676632,0.9404136980353178,0.8776248884229493,0.7543920532875631,0.8148203488415137,0.740567307000745,0.6619828047726379,0.8680996761774009,0.8995730945644622,0.543852549442301],[0.9180227042506298,0.9183224840033403,0.9180227042506298,0.900328170281165,0.900328170281165,0.9409354887428902,0.9409354887428902,1.0,1.0,0.678868545417859,0.936645855650302,0.6853722414729642,0.7928894304405903,0.9127610993807336,0.9366146045590777,0.9431948549098644,0.9486276998384704,0.9692491853885038,0.9692491853885038,0.6172767121178078,-0.04509083217354116,0.8706271316032421,0.6085069409549243,-0.3754098249735882,0.014716581543873281,0.8130747031775053,0.736340557541748,0.8892637437838613,0.8538276511460914,0.7757032393373414,0.8952774861470568,0.7912479892525309,0.6956895343732413,0.8191516900533833,0.8773754668285498,0.8354317193570646],[0.9180227042506298,0.9183224840033403,0.9180227042506298,0.900328170281165,0.900328170281165,0.9409354887428902,0.9409354887428902,1.0,1.0,0.678868545417859,0.936645855650302,0.6853722414729642,0.7928894304405903,0.9127610993807336,0.9366146045590777,0.9431948549098644,0.9486276998384704,0.9692491853885038,0.9692491853885038,0.6172767121178078,-0.04509083217354116,0.8706271316032421,0.6085069409549243,-0.3754098249735882,0.014716581543873281,0.8130747031775053,0.736340557541748,0.8892637437838613,0.8538276511460914,0.7757032393373414,0.8952774861470568,0.7912479892525309,0.6956895343732413,0.8191516900533833,0.8773754668285498,0.8354317193570646],[0.712103567872238,0.7137807450535447,0.712103567872238,0.6681752452634966,0.6681752452634966,0.6943068732377031,0.6943068732377031,0.678868545417859,0.678868545417859,1.0,0.5155841133593176,0.9999693497763937,0.29696008961578035,0.27542912734793806,0.5192732012479151,0.6889770164410365,0.5907916065218987,0.7773980710305225,0.7773980710305225,0.6825361059472921,-0.09855178430392192,0.6368618786502095,0.037693382180230134,0.04798701391214257,-0.24275564189611867,0.7461257550554472,0.3597120192821274,0.6700818109222675,0.7957443963559651,0.6659818955713193,0.3178202394659514,0.5196864432439346,0.5617456233384258,0.7596423671156506,0.5828187488208002,0.16782968724803132],[0.995506910054822,0.9954942071778243,0.995506910054822,0.9996833026348464,0.9996833026348464,0.9616521399922177,0.9616521399922177,0.936645855650302,0.936645855650302,0.5155841133593176,1.0,0.5173367228610917,0.8587580090823912,0.9905718303985824,0.9999480025171871,0.9586831699312762,0.994978628445932,0.8822991186353994,0.8822991186353994,0.8432486960443658,-0.11446491062776344,0.9974154173473038,0.906366615996311,-0.5440001295249185,0.5254225782054717,0.8163776543151433,0.8871652192544156,0.9391907284619906,0.8495203673860634,0.7974831700891696,0.9412376545989626,0.8324892898725672,0.6930745364805133,0.8840793206754521,0.958800309525489,0.8401117118948092],[0.650631627268688,0.6509334600107141,0.650631627268688,0.607176197624882,0.607176197624882,0.6677223667505331,0.6677223667505331,0.6853722414729642,0.6853722414729642,0.9999693497763937,0.5173367228610917,1.0,0.2978951077821615,0.2762130729843736,0.5200429891199279,0.6777275427705455,0.5914421233860122,0.7696005809776916,0.7696005809776916,0.6326202005618782,0.03309752703151785,0.5800203819261295,0.37916983455384,-0.16017805668269375,-0.23145971901711718,0.7688232078269666,0.2671576500704136,0.6359435246233729,0.7629449966738584,0.68230477217334,0.4834509506904731,0.6771393089474983,0.6747216414593046,0.7077521199710054,0.5507572653262262,0.5969958701015623],[0.8540907639517668,0.8543968047073885,0.8540907639517668,0.8601396776535954,0.8601396776535954,0.8341731605172176,0.8341731605172176,0.7928894304405903,0.7928894304405903,0.29696008961578035,0.8587580090823912,0.2978951077821615,1.0,0.999848360892309,0.8582732204156551,0.8279509436485476,0.8526874590002105,0.7121501119736315,0.7121501119736315,0.6236051218101814,-0.08261905095681618,0.8579343083125142,0.8071193153148932,-0.6488806414587105,0.5721385435448499,0.6521087693107367,0.8308272943903444,0.8326663558678368,0.6727302511795715,0.5981077981214132,0.8331379733558048,0.6527061758233625,0.5123979835524156,0.7459748119094908,0.8393058540999688,0.7615772136853859],[0.9889461772594431,0.9885111944199051,0.9889461772594431,0.9909913219720775,0.9909913219720775,0.9575814294198649,0.9575814294198649,0.9127610993807336,0.9127610993807336,0.27542912734793806,0.9905718303985824,0.2762130729843736,0.999848360892309,1.0,0.990619246259491,0.9511068644694833,0.9866081380570202,0.8302626973552882,0.8302626973552882,0.8389116179855344,-0.21999510805249858,0.9879969071838081,0.8989559196156445,-0.76702285327452,0.6281763820730029,0.7260760171204927,0.9310813558540747,0.9269004791572028,0.7762063628754006,0.6784231110441115,0.9370999773378347,0.7720099369048415,0.5534690391328773,0.8528107998434711,0.9579407288915872,0.8424355377504743],[0.9955767488339966,0.9955837544480322,0.9955767488339966,0.9996377823068446,0.9996377823068446,0.9615382309756842,0.9615382309756842,0.9366146045590777,0.9366146045590777,0.5192732012479151,0.9999480025171871,0.5200429891199279,0.8582732204156551,0.990619246259491,1.0,0.9588368266910033,0.9950778671784004,0.883148470329185,0.883148470329185,0.8447565173561002,-0.11181251864158394,0.9972784589993969,0.9056302919326624,-0.5415453415717428,0.5206525890757727,0.816112119956492,0.8857838872329843,0.938959622224991,0.8516746340714557,0.7994509765063459,0.9406772099101663,0.834530479881667,0.6963716124192174,0.884867563100283,0.958652545423356,0.84018218494659],[0.978984329636803,0.978681150370468,0.978984329636803,0.9628048108516146,0.9628048108516146,0.9991181113679044,0.9991181113679044,0.9431948549098644,0.9431948549098644,0.6889770164410365,0.9586831699312762,0.6777275427705455,0.8279509436485476,0.9511068644694833,0.9588368266910033,1.0,0.9788195244293556,0.9149109211962405,0.9149109211962405,0.7049646682009157,-0.15173847021767978,0.9536633252031488,0.7139041261195392,-0.4716682011906683,-0.12243511436707244,0.8979304150288501,0.8276717615654638,0.9373561155037572,0.886161567741918,0.7875755495964663,0.8911723887289726,0.7853845649355636,0.7195994810376027,0.8892830248360498,0.8962399053997571,0.8311762189804818],[0.9993266181342888,0.9993273432938743,0.9993266181342888,0.9953157747316957,0.9953157747316957,0.9796756936738004,0.9796756936738004,0.9486276998384704,0.9486276998384704,0.5907916065218987,0.994978628445932,0.5914421233860122,0.8526874590002105,0.9866081380570202,0.9950778671784004,0.9788195244293556,1.0,0.9135459998398091,0.9135459998398091,0.8602318651281928,-0.09367814448627487,0.9897088802321102,0.8861458228296849,-0.5312827356891561,0.5229373141119152,0.8610005223868588,0.8665053051945627,0.9490847889746866,0.8890350589067407,0.8227374402411574,0.9321212374371265,0.8713412650255595,0.7479277365362087,0.9042199671890092,0.9659753700466376,0.8773609073629084],[0.9041754716724834,0.9038040403496955,0.9041754716724834,0.8738690493076499,0.8738690493076499,0.9120269415759098,0.9120269415759098,0.9692491853885038,0.9692491853885038,0.7773980710305225,0.8822991186353994,0.7696005809776916,0.7121501119736315,0.8302626973552882,0.883148470329185,0.9149109211962405,0.9135459998398091,1.0,1.0,0.7596626879711876,-0.08690370561486306,0.842122572061936,0.6054730299665855,-0.2583533260880276,-0.18132302811177517,0.8447559795212383,0.66044762738124,0.8402637226520688,0.920227263117787,0.8506329548814289,0.8058755511175141,0.773719817426782,0.7037951416892667,0.8604580062956514,0.7954397529280678,0.8645096236405412],[0.9041754716724834,0.9038040403496955,0.9041754716724834,0.8738690493076499,0.8738690493076499,0.9120269415759098,0.9120269415759098,0.9692491853885038,0.9692491853885038,0.7773980710305225,0.8822991186353994,0.7696005809776916,0.7121501119736315,0.8302626973552882,0.883148470329185,0.9149109211962405,0.9135459998398091,1.0,1.0,0.7596626879711876,-0.08690370561486306,0.842122572061936,0.6054730299665855,-0.2583533260880276,-0.18132302811177517,0.8447559795212383,0.66044762738124,0.8402637226520688,0.920227263117787,0.8506329548814289,0.8058755511175141,0.773719817426782,0.7037951416892667,0.8604580062956514,0.7954397529280678,0.8645096236405412],[0.7623723982969818,0.7795081452820419,0.7623723982969818,0.7292196146705442,0.7292196146705442,0.6553808809525336,0.6553808809525336,0.6172767121178078,0.6172767121178078,0.6825361059472921,0.8432486960443658,0.6326202005618782,0.6236051218101814,0.8389116179855344,0.8447565173561002,0.7049646682009157,0.8602318651281928,0.7596626879711876,0.7596626879711876,1.0,0.008816684599592622,0.6923028828104897,-0.29419159552762264,0.2632592450256101,-0.6390930731009143,0.3943736218250457,0.585154488466295,0.5298328692661486,0.8442075907510664,0.7110642722706991,0.20099815851805136,0.3468362947947116,0.5751834002802904,0.7915144246789562,0.5109482579131127,-0.08793015982295654],[-0.20518648404973633,0.0035540584042769033,-0.20518648404973633,-0.21201231325277017,-0.21201231325277017,-0.1650699374528562,-0.1650699374528562,-0.04509083217354116,-0.04509083217354116,-0.09855178430392192,-0.11446491062776344,0.03309752703151785,-0.08261905095681618,-0.21999510805249858,-0.11181251864158394,-0.15173847021767978,-0.09367814448627487,-0.08690370561486306,-0.08690370561486306,0.008816684599592622,1.0,-0.14114531666504865,0.07741090841926952,0.18396920569947325,0.7373191911769895,-0.11985044288122486,-0.11126226621127727,-0.07275115267661579,0.12741837366616304,-0.03844449250625549,-0.03283935976009246,0.2767625871313466,0.5474200323437606,-0.16086138148339993,0.046546343692065076,0.11431821780959088],[0.9820983881255563,0.9753426072240828,0.9820983881255563,0.9933230794430197,0.9933230794430197,0.9516741283456563,0.9516741283456563,0.8706271316032421,0.8706271316032421,0.6368618786502095,0.9974154173473038,0.5800203819261295,0.8579343083125142,0.9879969071838081,0.9972784589993969,0.9536633252031488,0.9897088802321102,0.842122572061936,0.842122572061936,0.6923028828104897,-0.14114531666504865,1.0,0.20915775813274062,-0.26325167168539615,-0.24380650690237263,0.6911611720143003,0.9110707788586092,0.9140224101050889,0.8140522678351787,0.7441092922683568,0.7048968333139303,0.6097057210004869,0.4934616133572917,0.883504304488215,0.7440058848436648,0.2924378724109928],[0.27437239252491974,0.02882169265733347,0.27437239252491974,0.3021771455617845,0.3021771455617845,0.40200910378258065,0.40200910378258065,0.6085069409549243,0.6085069409549243,0.037693382180230134,0.906366615996311,0.37916983455384,0.8071193153148932,0.8989559196156445,0.9056302919326624,0.7139041261195392,0.8861458228296849,0.6054730299665855,0.6054730299665855,-0.29419159552762264,0.07741090841926952,0.20915775813274062,1.0,-0.484375766376136,0.679863091189157,0.42003194944454103,0.23695027856447717,0.3889238340475378,-0.03159674503758193,0.14547691686789982,0.631336240007596,0.5133301289377168,0.21973777530213673,0.09615738286426595,0.4427601428110146,0.5028014105245686],[-0.18260895835949073,-0.17530657047391052,-0.18260895835949073,-0.21660223713097604,-0.21660223713097604,-0.34456104398999576,-0.34456104398999576,-0.3754098249735882,-0.3754098249735882,0.04798701391214257,-0.5440001295249185,-0.16017805668269375,-0.6488806414587105,-0.76702285327452,-0.5415453415717428,-0.4716682011906683,-0.5312827356891561,-0.2583533260880276,-0.2583533260880276,0.2632592450256101,0.18396920569947325,-0.26325167168539615,-0.484375766376136,1.0,-0.02570324632372219,-0.21374998868872416,-0.25262244140225604,-0.3440754676444668,-0.09128931139715189,-0.12326859224371804,-0.5761787623747835,-0.23803209878542486,-0.046587155564250866,-0.10697103128004697,-0.27991071680571505,-0.43434096434466946],[-0.2114359368991804,-0.21256464150139612,-0.2114359368991804,-0.2052373897877647,-0.2052373897877647,-0.10339104287910496,-0.10339104287910496,0.014716581543873281,0.014716581543873281,-0.24275564189611867,0.5254225782054717,-0.23145971901711718,0.5721385435448499,0.6281763820730029,0.5206525890757727,-0.12243511436707244,0.5229373141119152,-0.18132302811177517,-0.18132302811177517,-0.6390930731009143,0.7373191911769895,-0.24380650690237263,0.679863091189157,-0.02570324632372219,1.0,-0.09997149848794737,-0.14300977329972528,-0.05598082058265212,-0.3412298872482973,-0.31788096250194,0.05733240691457075,0.15491287546208435,0.2601880887051154,-0.3578401801225911,0.09583512339997505,0.08378288681996986],[0.8301321459259164,0.6825738097000897,0.8301321459259164,0.8151267897120836,0.8151267897120836,0.88741238111973,0.88741238111973,0.8130747031775053,0.8130747031775053,0.7461257550554472,0.8163776543151433,0.7688232078269666,0.6521087693107367,0.7260760171204927,0.816112119956492,0.8979304150288501,0.8610005223868588,0.8447559795212383,0.8447559795212383,0.3943736218250457,-0.11985044288122486,0.6911611720143003,0.42003194944454103,-0.21374998868872416,-0.09997149848794737,1.0,0.5559101257733544,0.8488346062027922,0.529527745889855,0.656393536632483,0.6136950317677885,0.6799224520250896,0.435766391465769,0.733679845607992,0.7340774725208571,0.464472569522168],[0.8818304683441349,0.8791901263896312,0.8818304683441349,0.9059819157778596,0.9059819157778596,0.8432778974676632,0.8432778974676632,0.736340557541748,0.736340557541748,0.3597120192821274,0.8871652192544156,0.2671576500704136,0.8308272943903444,0.9310813558540747,0.8857838872329843,0.8276717615654638,0.8665053051945627,0.66044762738124,0.66044762738124,0.585154488466295,-0.11126226621127727,0.9110707788586092,0.23695027856447717,-0.25262244140225604,-0.14300977329972528,0.5559101257733544,1.0,0.817188377423296,0.6517635875409552,0.5927654743916528,0.6454747001125659,0.47944046559432635,0.4018931633275041,0.7362498241502085,0.6892376761978846,0.25992963172558664],[0.928526321202583,0.9105373606382445,0.928526321202583,0.9286925107464755,0.9286925107464755,0.9404136980353178,0.9404136980353178,0.8892637437838613,0.8892637437838613,0.6700818109222675,0.9391907284619906,0.6359435246233729,0.8326663558678368,0.9269004791572028,0.938959622224991,0.9373561155037572,0.9490847889746866,0.8402637226520688,0.8402637226520688,0.5298328692661486,-0.07275115267661579,0.9140224101050889,0.3889238340475378,-0.3440754676444668,-0.05598082058265212,0.8488346062027922,0.817188377423296,1.0,0.7456094410435148,0.6340278238945264,0.6891614753171941,0.6183479659157045,0.5106297844748274,0.8230094147878413,0.8685438092538565,0.307798350495701],[0.8933959632703634,0.8908692832482105,0.8933959632703634,0.8663960899237295,0.8663960899237295,0.8776248884229493,0.8776248884229493,0.8538276511460914,0.8538276511460914,0.7957443963559651,0.8495203673860634,0.7629449966738584,0.6727302511795715,0.7762063628754006,0.8516746340714557,0.886161567741918,0.8890350589067407,0.920227263117787,0.920227263117787,0.8442075907510664,0.12741837366616304,0.8140522678351787,-0.03159674503758193,-0.09128931139715189,-0.3412298872482973,0.529527745889855,0.6517635875409552,0.7456094410435148,1.0,0.9130521452629872,0.5858634492280358,0.7089203249743609,0.6705827061860613,0.8864967295357192,0.5513256479977073,0.34456930776526934],[0.7810358218474698,0.789027708757178,0.7810358218474698,0.7746963853313151,0.7746963853313151,0.7543920532875631,0.7543920532875631,0.7757032393373414,0.7757032393373414,0.6659818955713193,0.7974831700891696,0.68230477217334,0.5981077981214132,0.6784231110441115,0.7994509765063459,0.7875755495964663,0.8227374402411574,0.8506329548814289,0.8506329548814289,0.7110642722706991,-0.03844449250625549,0.7441092922683568,0.14547691686789982,-0.12326859224371804,-0.31788096250194,0.656393536632483,0.5927654743916528,0.6340278238945264,0.9130521452629872,1.0,0.6200945717063195,0.693501969360891,0.6160485825721378,0.7554516904574728,0.6230118038343391,0.5091345447748905],[0.6739615529696181,0.6656815688577717,0.6739615529696181,0.7021259087186935,0.7021259087186935,0.8148203488415137,0.8148203488415137,0.8952774861470568,0.8952774861470568,0.3178202394659514,0.9412376545989626,0.4834509506904731,0.8331379733558048,0.9370999773378347,0.9406772099101663,0.8911723887289726,0.9321212374371265,0.8058755511175141,0.8058755511175141,0.20099815851805136,-0.03283935976009246,0.7048968333139303,0.631336240007596,-0.5761787623747835,0.05733240691457075,0.6136950317677885,0.6454747001125659,0.6891614753171941,0.5858634492280358,0.6200945717063195,1.0,0.7475517315997048,0.38882641993025957,0.5781227765867526,0.6875452424891589,0.7605843838734825],[0.6516562845461471,0.6495637908320238,0.6516562845461471,0.6389260010508728,0.6389260010508728,0.740567307000745,0.740567307000745,0.7912479892525309,0.7912479892525309,0.5196864432439346,0.8324892898725672,0.6771393089474983,0.6527061758233625,0.7720099369048415,0.834530479881667,0.7853845649355636,0.8713412650255595,0.773719817426782,0.773719817426782,0.3468362947947116,0.2767625871313466,0.6097057210004869,0.5133301289377168,-0.23803209878542486,0.15491287546208435,0.6799224520250896,0.47944046559432635,0.6183479659157045,0.7089203249743609,0.693501969360891,0.7475517315997048,1.0,0.7789115500371031,0.5405699556213024,0.7332339586137295,0.5771053686941159],[0.5929333797581807,0.6181768107554279,0.5929333797581807,0.555830388877546,0.555830388877546,0.6619828047726379,0.6619828047726379,0.6956895343732413,0.6956895343732413,0.5617456233384258,0.6930745364805133,0.6747216414593046,0.5123979835524156,0.5534690391328773,0.6963716124192174,0.7195994810376027,0.7479277365362087,0.7037951416892667,0.7037951416892667,0.5751834002802904,0.5474200323437606,0.4934616133572917,0.21973777530213673,-0.046587155564250866,0.2601880887051154,0.435766391465769,0.4018931633275041,0.5106297844748274,0.6705827061860613,0.6160485825721378,0.38882641993025957,0.7789115500371031,1.0,0.501670739516,0.6433958185779872,0.2242382911940169],[0.921976086134192,0.921503185317928,0.921976086134192,0.9037014274511432,0.9037014274511432,0.8680996761774009,0.8680996761774009,0.8191516900533833,0.8191516900533833,0.7596423671156506,0.8840793206754521,0.7077521199710054,0.7459748119094908,0.8528107998434711,0.884867563100283,0.8892830248360498,0.9042199671890092,0.8604580062956514,0.8604580062956514,0.7915144246789562,-0.16086138148339993,0.883504304488215,0.09615738286426595,-0.10697103128004697,-0.3578401801225911,0.733679845607992,0.7362498241502085,0.8230094147878413,0.8864967295357192,0.7554516904574728,0.5781227765867526,0.5405699556213024,0.501670739516,1.0,0.7661183835335527,0.244636896775023],[0.8771571032528739,0.7581460561995619,0.8771571032528739,0.8702940191731704,0.8702940191731704,0.8995730945644622,0.8995730945644622,0.8773754668285498,0.8773754668285498,0.5828187488208002,0.958800309525489,0.5507572653262262,0.8393058540999688,0.9579407288915872,0.958652545423356,0.8962399053997571,0.9659753700466376,0.7954397529280678,0.7954397529280678,0.5109482579131127,0.046546343692065076,0.7440058848436648,0.4427601428110146,-0.27991071680571505,0.09583512339997505,0.7340774725208571,0.6892376761978846,0.8685438092538565,0.5513256479977073,0.6230118038343391,0.6875452424891589,0.7332339586137295,0.6433958185779872,0.7661183835335527,1.0,0.2814283532246907],[0.2917356253136971,0.28777968566816564,0.2917356253136971,0.3071725127847771,0.3071725127847771,0.543852549442301,0.543852549442301,0.8354317193570646,0.8354317193570646,0.16782968724803132,0.8401117118948092,0.5969958701015623,0.7615772136853859,0.8424355377504743,0.84018218494659,0.8311762189804818,0.8773609073629084,0.8645096236405412,0.8645096236405412,-0.08793015982295654,0.11431821780959088,0.2924378724109928,0.5028014105245686,-0.43434096434466946,0.08378288681996986,0.464472569522168,0.25992963172558664,0.307798350495701,0.34456930776526934,0.5091345447748905,0.7605843838734825,0.5771053686941159,0.2242382911940169,0.244636896775023,0.2814283532246907,1.0]],"x":["^TAIEX       \u81fa\u7063\u52a0\u6b0a\u5831\u916c\u6307\u6578","^TWII        \u81fa\u7063\u52a0\u6b0a\u6307\u6578","^TAIEXx2     \u81fa\u7063\u52a0\u6b0a\u5831\u916c\u6307\u6578_\u65e5\u6b632","^TAI50I      \u81fa\u706350\u5831\u916c\u6307\u6578","^TAI50Ix2    \u81fa\u706350\u5831\u916c\u6307\u6578_\u65e5\u6b632","^TAI100I     \u81fa\u7063\u4e2d\u578b100\u5831\u916c\u6307\u6578","^TAI100Ix2   \u81fa\u7063\u4e2d\u578b100\u5831\u916c\u6307\u6578_\u65e5\u6b632","^TAIDIVIDI   \u81fa\u7063\u9ad8\u80a1\u606f\u5831\u916c\u6307\u6578","^TAIDIVIDIx2 \u81fa\u7063\u9ad8\u80a1\u606f\u5831\u916c\u6307\u6578_\u65e5\u6b632","0050Fund     \u5143\u5927\u53f0\u7063\u5353\u8d8a50\u57fa\u91d1","006208Fund   \u5bcc\u90a6\u53f0\u7063\u91c6\u540950\u57fa\u91d1","0050         \u5143\u5927\u81fa\u706350","00631L       \u5143\u5927\u53f0\u706350\u6b632","00675L       \u5bcc\u90a6\u81fa\u7063\u52a0\u6b0a\u6b632","006208       \u5bcc\u90a6\u53f050","0051         \u5143\u5927\u4e2d\u578b100","006204       \u6c38\u8c50\u81fa\u7063\u52a0\u6b0a","0056         \u5143\u5927\u9ad8\u80a1\u606f","0056         \u5143\u5927\u9ad8\u80a1\u606f_\u80a1\u606f\u4e0d\u6295\u5165","2412         \u4e2d\u83ef\u96fb\u4fe1","2002         \u4e2d\u92fc","2330         \u53f0\u7a4d\u96fb","2317         \u9d3b\u6d77","6505         \u53f0\u5851\u77f3\u5316","3481         \u7fa4\u5275","2303         \u806f\u96fb","2308         \u53f0\u9054\u96fb","2454         \u806f\u767c\u79d1","2886         \u5146\u8c50\u91d1","2884         \u7389\u5c71\u91d1","2891         \u4e2d\u4fe1\u91d1","2892         \u7b2c\u4e00\u91d1","5880         \u5408\u5eab\u91d1","2881         \u5bcc\u90a6\u91d1","2885         \u5143\u5927\u91d1","2887         \u53f0\u65b0\u91d1"],"y":["^TAIEX       \u81fa\u7063\u52a0\u6b0a\u5831\u916c\u6307\u6578","^TWII        \u81fa\u7063\u52a0\u6b0a\u6307\u6578","^TAIEXx2     \u81fa\u7063\u52a0\u6b0a\u5831\u916c\u6307\u6578_\u65e5\u6b632","^TAI50I      \u81fa\u706350\u5831\u916c\u6307\u6578","^TAI50Ix2    \u81fa\u706350\u5831\u916c\u6307\u6578_\u65e5\u6b632","^TAI100I     \u81fa\u7063\u4e2d\u578b100\u5831\u916c\u6307\u6578","^TAI100Ix2   \u81fa\u7063\u4e2d\u578b100\u5831\u916c\u6307\u6578_\u65e5\u6b632","^TAIDIVIDI   \u81fa\u7063\u9ad8\u80a1\u606f\u5831\u916c\u6307\u6578","^TAIDIVIDIx2 \u81fa\u7063\u9ad8\u80a1\u606f\u5831\u916c\u6307\u6578_\u65e5\u6b632","0050Fund     \u5143\u5927\u53f0\u7063\u5353\u8d8a50\u57fa\u91d1","006208Fund   \u5bcc\u90a6\u53f0\u7063\u91c6\u540950\u57fa\u91d1","0050         \u5143\u5927\u81fa\u706350","00631L       \u5143\u5927\u53f0\u706350\u6b632","00675L       \u5bcc\u90a6\u81fa\u7063\u52a0\u6b0a\u6b632","006208       \u5bcc\u90a6\u53f050","0051         \u5143\u5927\u4e2d\u578b100","006204       \u6c38\u8c50\u81fa\u7063\u52a0\u6b0a","0056         \u5143\u5927\u9ad8\u80a1\u606f","0056         \u5143\u5927\u9ad8\u80a1\u606f_\u80a1\u606f\u4e0d\u6295\u5165","2412         \u4e2d\u83ef\u96fb\u4fe1","2002         \u4e2d\u92fc","2330         \u53f0\u7a4d\u96fb","2317         \u9d3b\u6d77","6505         \u53f0\u5851\u77f3\u5316","3481         \u7fa4\u5275","2303         \u806f\u96fb","2308         \u53f0\u9054\u96fb","2454         \u806f\u767c\u79d1","2886         \u5146\u8c50\u91d1","2884         \u7389\u5c71\u91d1","2891         \u4e2d\u4fe1\u91d1","2892         \u7b2c\u4e00\u91d1","5880         \u5408\u5eab\u91d1","2881         \u5bcc\u90a6\u91d1","2885         \u5143\u5927\u91d1","2887         \u53f0\u65b0\u91d1"],"zmin":-1,"zmax":1,"colorbar":{"x":-0.2}}],"layout":{"autotypenumbers":"strict","colorway":["#636efa","#EF553B","#00cc96","#ab63fa","#FFA15A","#19d3f3","#FF6692","#B6E880","#FF97FF","#FECB52"],"font":{"color":"#f2f5fa","family":"Courier New"},"hovermode":"closest","hoverlabel":{"align":"left"},"paper_bgcolor":"rgb(17,17,17)","plot_bgcolor":"rgb(17,17,17)","polar":{"bgcolor":"rgb(17,17,17)","angularaxis":{"gridcolor":"#506784","linecolor":"#506784","ticks":""},"radialaxis":{"gridcolor":"#506784","linecolor":"#506784","ticks":""}},"ternary":{"bgcolor":"rgb(17,17,17)","aaxis":{"gridcolor":"#506784","linecolor":"#506784","ticks":""},"baxis":{"gridcolor":"#506784","linecolor":"#506784","ticks":""},"caxis":{"gridcolor":"#506784","linecolor":"#506784","ticks":""}},"coloraxis":{"colorbar":{"outlinewidth":0,"ticks":""}},"colorscale":{"sequential":[[0.0,"#0d0887"],[0.1111111111111111,"#46039f"],[0.2222222222222222,"#7201a8"],[0.3333333333333333,"#9c179e"],[0.4444444444444444,"#bd3786"],[0.5555555555555556,"#d8576b"],[0.6666666666666666,"#ed7953"],[0.7777777777777778,"#fb9f3a"],[0.8888888888888888,"#fdca26"],[1.0,"#f0f921"]],"sequentialminus":[[0.0,"#0d0887"],[0.1111111111111111,"#46039f"],[0.2222222222222222,"#7201a8"],[0.3333333333333333,"#9c179e"],[0.4444444444444444,"#bd3786"],[0.5555555555555556,"#d8576b"],[0.6666666666666666,"#ed7953"],[0.7777777777777778,"#fb9f3a"],[0.8888888888888888,"#fdca26"],[1.0,"#f0f921"]],"diverging":[[0,"#8e0152"],[0.1,"#c51b7d"],[0.2,"#de77ae"],[0.3,"#f1b6da"],[0.4,"#fde0ef"],[0.5,"#f7f7f7"],[0.6,"#e6f5d0"],[0.7,"#b8e186"],[0.8,"#7fbc41"],[0.9,"#4d9221"],[1,"#276419"]]},"xaxis":{"gridcolor":"rgba(0, 0, 0, 0)","linecolor":"#506784","ticks":"","title":{"standoff":15},"zerolinecolor":"#283442","automargin":true,"zerolinewidth":2,"tickfont":{"family":"Courier New","size":14},"side":"top","tickangle":-90},"yaxis":{"gridcolor":"rgba(0, 0, 0, 0)","linecolor":"#506784","ticks":"","title":{"standoff":15},"zerolinecolor":"#283442","automargin":true,"zerolinewidth":2,"tickfont":{"family":"Courier New"},"side":"right"},"scene":{"xaxis":{"backgroundcolor":"rgb(17,17,17)","gridcolor":"#506784","linecolor":"#506784","showbackground":true,"ticks":"","zerolinecolor":"#C8D4E3","gridwidth":2},"yaxis":{"backgroundcolor":"rgb(17,17,17)","gridcolor":"#506784","linecolor":"#506784","showbackground":true,"ticks":"","zerolinecolor":"#C8D4E3","gridwidth":2},"zaxis":{"backgroundcolor":"rgb(17,17,17)","gridcolor":"#506784","linecolor":"#506784","showbackground":true,"ticks":"","zerolinecolor":"#C8D4E3","gridwidth":2}},"shapedefaults":{"line":{"color":"#f2f5fa"}},"annotationdefaults":{"arrowcolor":"#f2f5fa","arrowhead":0,"arrowwidth":1},"geo":{"bgcolor":"rgb(17,17,17)","landcolor":"rgb(17,17,17)","subunitcolor":"#506784","showland":true,"showlakes":true,"lakecolor":"rgb(17,17,17)"},"title":{"x":0.05,"font":{"family":"Times New Roman"},"y":0.05,"text":"<b>Correlation of Close<b><br><i>2016-09-23 ~ 2026-05-11<i>"},"updatemenudefaults":{"bgcolor":"#506784","borderwidth":0},"sliderdefaults":{"bgcolor":"#C8D4E3","borderwidth":1,"bordercolor":"rgb(17,17,17)","tickwidth":0},"mapbox":{"style":"dark"},"annotations":[{"text":"<b>@zwindr<b>","textangle":0,"opacity":0.5,"font":{"color":"white","size":12},"xref":"paper","yref":"paper","xanchor":"left","yanchor":"bottom","x":1.0,"y":1.0,"showarrow":false}]},"config":{"responsive":true,"toImageButtonOptions":{"filename":"Correlation of Close_2016-09-23~2026-05-11","scale":5}}};Plotly.newPlot("correlationClose",correlationClose.data,correlationClose.layout||{},correlationClose.config);}else{console.log("style display is none => correlationClose");}