var correlationAdjClose = {"data": [{"type": "heatmap", "z": [[1.0, 0.9939613473969371, 0.9768200453477477, 0.9976569629496909, 0.9647944541663847, 0.9813550797095493, -0.9426156412285221, 0.9899541279945931, 0.9698916176709387, 0.9972322354997539, 0.9972234865325815, 0.9977019293775315, 0.9931676744767467, 0.9938772880957272, 0.9972161301660357, 0.983892761784605, 0.9996649872344943, 0.9899904898021598, 0.9199547869543133, 0.7419674067782736, 0.9853715394324702, 0.9205393299622947, 0.4460911989845554, -0.3034552199308365, 0.9012412761142019, 0.9742610236552808, 0.9542771222978109, 0.9799965747743729, 0.9635880323593712, 0.9756785037630942, 0.9718929069961472, 0.9454042746033541, 0.979605788820483, 0.9700374756049137, 0.9550253504680538], [0.9939613473969371, 1.0, 0.9721959932809812, 0.991295106790001, 0.9602800530654964, 0.9767450628088364, -0.9379154660429121, 0.9807689799485678, 0.962926439906031, 0.9953589798071509, 0.9952076264195681, 0.9943971201751565, 0.9922560086133634, 0.99149166519825, 0.9951353211589347, 0.9777752854694696, 0.9966327327423908, 0.983527339349899, 0.9088989856411358, 0.7532290413475687, 0.9668928399349134, 0.8997396497458815, 0.44558175850366594, -0.22737063098582064, 0.874977481862932, 0.9618979028353638, 0.953827858468834, 0.9576921733326047, 0.9494140090921336, 0.9653736554832177, 0.955879157942384, 0.9431503413273851, 0.9683384148085615, 0.9612545901532201, 0.9485114194765182], [0.9768200453477477, 0.9721959932809812, 1.0, 0.9828869147071307, 0.9960490691935419, 0.9790175527294336, -0.975679270489904, 0.9701384142783332, 0.9838957755936867, 0.9885723655701484, 0.9892962143600434, 0.985732463565515, 0.99708117554197, 0.9969069516377622, 0.98905204560782, 0.9777107700771777, 0.9877265911936938, 0.9700384228960061, 0.8269391914022752, 0.6318084641442271, 0.9901089471693559, 0.9110344712687057, 0.2809180584667388, -0.22622145487757422, 0.9072900520034465, 0.9434952384930225, 0.9792930221678204, 0.929586534783352, 0.9108160119841846, 0.9635380460314559, 0.919676181788268, 0.9067808493470715, 0.966275036861425, 0.9737637562695564, 0.9250488145065586], [0.9976569629496909, 0.991295106790001, 0.9828869147071307, 1.0, 0.9763622986779008, 0.9735958828826237, -0.9374090777905772, 0.9843350396602705, 0.9673437915701436, 0.9999707262536245, 0.9999891984344513, 0.9999567259870701, 0.9914012698364215, 0.9894481437963096, 0.9999429821923462, 0.9735203849244076, 0.9960548127219597, 0.9842015793958863, 0.9061611687378436, 0.7120843140978125, 0.9932797886702104, 0.9218575982906152, 0.42220408127685977, -0.2949171756964802, 0.8995139776485385, 0.9691431886527396, 0.9605883532601667, 0.9709481969851794, 0.9607703015359838, 0.9775327629865618, 0.9621912314192655, 0.9344136410050249, 0.97760138035916, 0.9686602563782902, 0.9469742093948144], [0.9647944541663847, 0.9602800530654964, 0.9960490691935419, 0.9763622986779008, 1.0, 0.9587882557093784, -0.957254428855886, 0.9552371871052449, 0.9717110603848935, 0.9848762116929023, 0.9856381039094629, 0.9816420766892616, 0.9866264168697753, 0.9829732155136051, 0.9853016990234368, 0.9564579053306282, 0.975988196102816, 0.9550507444179374, 0.8066569877311377, 0.5964929150032875, 0.9894498891976948, 0.9069967879049156, 0.25686967255210813, -0.21943188993867316, 0.889017312218195, 0.9296221664739449, 0.9771365460144749, 0.9094688886597846, 0.8972361879605311, 0.9572899966266428, 0.8982979136421321, 0.8808869662000821, 0.9561928263416949, 0.9622904814815872, 0.9021091554254351], [0.9813550797095493, 0.9767450628088364, 0.9790175527294336, 0.9735958828826237, 0.9587882557093784, 1.0, -0.9806782472046989, 0.9804201630056975, 0.9797112182997666, 0.9687540377012657, 0.9691159108418366, 0.9716502067004049, 0.9770333331737008, 0.9750151375159325, 0.9688861534756901, 0.9999072380402918, 0.9860221625683506, 0.9815196369661032, 0.8609077007705862, 0.7085021385416517, 0.9672197905980925, 0.8910227973149625, 0.3117184051130512, -0.2148689186832114, 0.9366583224290812, 0.9566048829530306, 0.9593082304367622, 0.9570637598017185, 0.9268976918609406, 0.9521162577983522, 0.9511582780386669, 0.9545960246551962, 0.9563674082067809, 0.9762084141301589, 0.9555324390895225], [-0.9426156412285221, -0.9379154660429121, -0.975679270489904, -0.9374090777905772, -0.957254428855886, -0.9806782472046989, 1.0, -0.9514246817364094, -0.9833008415485956, -0.9478306291994851, -0.9490675397398854, -0.9441783768109857, -0.9739894958442895, -0.9757366924539115, -0.9486752022593714, -0.983853567996853, -0.9643030720622529, -0.9544552319497002, -0.7733110740398027, -0.6065892991883766, -0.9427283455859541, -0.8812907338383772, -0.16919918776554196, 0.14908896297499485, -0.9048731877299748, -0.913700730555177, -0.9570025421866121, -0.8982079961107818, -0.8569337945827932, -0.924323028786461, -0.8896441747135724, -0.9087571173515393, -0.9248420315925894, -0.9632835781080911, -0.9096753733364429], [0.9899541279945931, 0.9807689799485678, 0.9701384142783332, 0.9843350396602705, 0.9552371871052449, 0.9804201630056975, -0.9514246817364094, 1.0, 0.9823355228024185, 0.9800533728351043, 0.9800097314547767, 0.9832321537338131, 0.975840337967762, 0.9748075112798865, 0.9799932826491279, 0.9823691618178333, 0.9875655519204706, 0.9998701336184307, 0.9228576925128917, 0.6764376648710163, 0.9739040710279634, 0.8946053501897269, 0.3042499850478008, -0.31142168062934655, 0.9055101679458102, 0.9554951464072261, 0.937248594725309, 0.9774533995604989, 0.9520239262407215, 0.9689914157983052, 0.9623175653908755, 0.9352339615751897, 0.9588161583613029, 0.9570362479042468, 0.9656334168295015], [0.9698916176709387, 0.962926439906031, 0.9838957755936867, 0.9673437915701436, 0.9717110603848935, 0.9797112182997666, -0.9833008415485956, 0.9823355228024185, 1.0, 0.9629283361870631, 0.9636080993704457, 0.9654180769628602, 0.972826409890638, 0.9698983046502899, 0.9633393532037638, 0.9788351003260397, 0.9699744311638688, 0.9816567834823862, 0.8492019737049239, 0.6011640172921721, 0.9674075985255967, 0.9055516686992849, 0.1613692564072455, -0.23001564559935464, 0.8869284593500724, 0.9327020254664962, 0.9597478274549939, 0.932577657214594, 0.8940124227171629, 0.9563064830849158, 0.9154297505123008, 0.9024022128301342, 0.9446535943235302, 0.9689746100174436, 0.9233362423879539], [0.9972322354997539, 0.9953589798071509, 0.9885723655701484, 0.9999707262536245, 0.9848762116929023, 0.9687540377012657, -0.9478306291994851, 0.9800533728351043, 0.9629283361870631, 1.0, 0.999987377770128, 0.9999823226363533, 0.9912328073111741, 0.989244475942372, 0.9999476202407632, 0.9693311627927423, 0.9956389497941829, 0.9810950337491071, 0.9303548659207455, 0.6375658791160739, 0.9966690368476302, 0.8991677959560767, -0.009818857484023844, 0.438722792935652, 0.9174617782922926, 0.9533395601648713, 0.9658529819389011, 0.9616724965863306, 0.9423236815488596, 0.9652481789273064, 0.9414227390976989, 0.9205887310334007, 0.9647006791222001, 0.9800188369488815, 0.9446489280082441], [0.9972234865325815, 0.9952076264195681, 0.9892962143600434, 0.9999891984344513, 0.9856381039094629, 0.9691159108418366, -0.9490675397398854, 0.9800097314547767, 0.9636080993704457, 0.999987377770128, 1.0, 0.999971326402674, 0.9914233959346618, 0.9894299989346576, 0.999952421668395, 0.9696659670906581, 0.9956912618171856, 0.981021036720229, 0.9295034911998171, 0.6339069824876279, 0.9969630221482524, 0.8983891877686344, -0.02472744740612082, 0.43432331826942505, 0.9167736901166881, 0.9531827683726316, 0.9667552289747441, 0.9611585807591188, 0.9409970612086447, 0.965347694248222, 0.9403703631585757, 0.9193071803862559, 0.964888536144582, 0.9805574745839032, 0.9439641610106462], [0.9977019293775315, 0.9943971201751565, 0.985732463565515, 0.9999567259870701, 0.9816420766892616, 0.9716502067004049, -0.9441783768109857, 0.9832321537338131, 0.9654180769628602, 0.9999823226363533, 0.999971326402674, 1.0, 0.9911879414761761, 0.9891581618975196, 0.9999612827586806, 0.9721043581327463, 0.9958249630764515, 0.9838243125973223, 0.9216338669577181, 0.6832400665682675, 0.9958501868316934, 0.9156389762142051, 0.1891189107452071, -0.19434383345051406, 0.9243170697267404, 0.9621993969307086, 0.9553406746875712, 0.9651358592844538, 0.9512773555759644, 0.9719635759181036, 0.9525721771149579, 0.933220558149902, 0.9720673564150615, 0.9668841549624915, 0.9533540491288354], [0.9931676744767467, 0.9922560086133634, 0.99708117554197, 0.9914012698364215, 0.9866264168697753, 0.9770333331737008, -0.9739894958442895, 0.975840337967762, 0.972826409890638, 0.9912328073111741, 0.9914233959346618, 0.9911879414761761, 1.0, 0.9996794017210561, 0.9913425533455028, 0.9778751158251756, 0.9935011605163643, 0.9772129438386996, 0.9108912257796642, 0.5766017040920574, 0.9861201459125412, 0.8906905095205864, -0.3100163909684709, 0.46155285676187985, 0.9073213470410875, 0.9530622965275948, 0.9773869403931807, 0.943754136406097, 0.90272826477969, 0.9463349127863566, 0.9136691099602209, 0.8895099507054401, 0.9628758265444805, 0.97949357620375, 0.9360470174799985], [0.9938772880957272, 0.99149166519825, 0.9969069516377622, 0.9894481437963096, 0.9829732155136051, 0.9750151375159325, -0.9757366924539115, 0.9748075112798865, 0.9698983046502899, 0.989244475942372, 0.9894299989346576, 0.9891581618975196, 0.9996794017210561, 1.0, 0.9894643112087176, 0.9759302205580854, 0.994036383178651, 0.9764352952213283, 0.9183466509666439, 0.45828072162517897, 0.9809001753870698, 0.8793618014130258, -0.7043871336588291, 0.4400829439872284, 0.8804300675497406, 0.949866242615976, 0.9767412668832712, 0.9359775564791564, 0.8846534121243531, 0.9372729508149296, 0.9104551208779945, 0.8676818007370004, 0.965061234031109, 0.9777207585072296, 0.928503528435868], [0.9972161301660357, 0.9951353211589347, 0.98905204560782, 0.9999429821923462, 0.9853016990234368, 0.9688861534756901, -0.9486752022593714, 0.9799932826491279, 0.9633393532037638, 0.9999476202407632, 0.999952421668395, 0.9999612827586806, 0.9913425533455028, 0.9894643112087176, 1.0, 0.9694564430138698, 0.9956553847818782, 0.9810474002105609, 0.9301435878921451, 0.6346392110495517, 0.9967988319285901, 0.8984251977315774, -0.021571582455865226, 0.4343341751763383, 0.9165829820411185, 0.9523349105191345, 0.9660387736506505, 0.9614339145890957, 0.9414989681976172, 0.9653353080860576, 0.940965168184667, 0.9198467099399834, 0.9647034961867967, 0.980384045600784, 0.9443188977002062], [0.983892761784605, 0.9777752854694696, 0.9777107700771777, 0.9735203849244076, 0.9564579053306282, 0.9999072380402918, -0.983853567996853, 0.9823691618178333, 0.9788351003260397, 0.9693311627927423, 0.9696659670906581, 0.9721043581327463, 0.9778751158251756, 0.9759302205580854, 0.9694564430138698, 1.0, 0.9864821430786962, 0.9816419324903934, 0.8845518536398407, 0.708991984457938, 0.965820918957761, 0.8865355078740365, 0.1831705337626955, -0.19314207902943756, 0.9452299030939516, 0.9586589076277705, 0.9560883762782789, 0.9604359806743805, 0.9237439408717776, 0.9489375242698834, 0.9520179579392634, 0.9539351986146842, 0.9589365259700662, 0.9757626901554729, 0.9603562499158036], [0.9996649872344943, 0.9966327327423908, 0.9877265911936938, 0.9960548127219597, 0.975988196102816, 0.9860221625683506, -0.9643030720622529, 0.9875655519204706, 0.9699744311638688, 0.9956389497941829, 0.9956912618171856, 0.9958249630764515, 0.9935011605163643, 0.994036383178651, 0.9956553847818782, 0.9864821430786962, 1.0, 0.9884420324332189, 0.9358344526814787, 0.676100565557739, 0.9889089922760069, 0.8956449576912072, 0.028929879840336844, 0.45289161722522836, 0.9356045218619348, 0.9610263821585422, 0.9642050782161682, 0.9743572061595667, 0.9463723818922348, 0.9643351832011131, 0.9561183518849918, 0.9431286858859145, 0.9708226587378389, 0.9844822134695497, 0.9652887206183758], [0.9899904898021598, 0.983527339349899, 0.9700384228960061, 0.9842015793958863, 0.9550507444179374, 0.9815196369661032, -0.9544552319497002, 0.9998701336184307, 0.9816567834823862, 0.9810950337491071, 0.981021036720229, 0.9838243125973223, 0.9772129438386996, 0.9764352952213283, 0.9810474002105609, 0.9816419324903934, 0.9884420324332189, 1.0, 0.9291198192902607, 0.6754767756590613, 0.9729303778907479, 0.899577707864451, 0.27181738573624586, -0.29243940761745, 0.9109857112039611, 0.9542959299688205, 0.9372586432524664, 0.9779001954332712, 0.9513559937069747, 0.9675649725024389, 0.9607322466923668, 0.935054428675144, 0.95811525547352, 0.9548911338809989, 0.9668400426670739], [0.9199547869543133, 0.9088989856411358, 0.8269391914022752, 0.9061611687378436, 0.8066569877311377, 0.8609077007705862, -0.7733110740398027, 0.9228576925128917, 0.8492019737049239, 0.9303548659207455, 0.9295034911998171, 0.9216338669577181, 0.9108912257796642, 0.9183466509666439, 0.9301435878921451, 0.8845518536398407, 0.9358344526814787, 0.9291198192902607, 1.0, 0.8421527465785712, 0.8575277611933754, 0.8721992844517179, 0.6934806353556419, -0.5332975359524615, 0.6958202492884903, 0.9160047735192864, 0.7990891496407401, 0.9570926284636532, 0.9347024657871809, 0.9017502350368499, 0.9432146931455644, 0.8927754334926581, 0.8972776491444026, 0.8449885679050442, 0.8777131919080629], [0.7419674067782736, 0.7532290413475687, 0.6318084641442271, 0.7120843140978125, 0.5964929150032875, 0.7085021385416517, -0.6065892991883766, 0.6764376648710163, 0.6011640172921721, 0.6375658791160739, 0.6339069824876279, 0.6832400665682675, 0.5766017040920574, 0.45828072162517897, 0.6346392110495517, 0.708991984457938, 0.676100565557739, 0.6754767756590613, 0.8421527465785712, 1.0, 0.635065593741437, 0.7487106742433747, 0.7319259520758495, -0.11633695357389205, 0.5376567938672805, 0.7536838046649377, 0.6390408840565331, 0.7932528858843428, 0.7292549963954496, 0.6702950808679107, 0.7655265123021268, 0.7677114957138607, 0.6999099391669116, 0.6672688302162871, 0.702045426019859], [0.9853715394324702, 0.9668928399349134, 0.9901089471693559, 0.9932797886702104, 0.9894498891976948, 0.9672197905980925, -0.9427283455859541, 0.9739040710279634, 0.9674075985255967, 0.9966690368476302, 0.9969630221482524, 0.9958501868316934, 0.9861201459125412, 0.9809001753870698, 0.9967988319285901, 0.965820918957761, 0.9889089922760069, 0.9729303778907479, 0.8575277611933754, 0.635065593741437, 1.0, 0.8925564282816033, 0.34953609879447695, -0.28885329975313456, 0.8864746093715267, 0.9522688304075861, 0.9697715718553742, 0.9397370215816921, 0.9435275650942213, 0.9686350921121498, 0.9401357701521632, 0.910431016329394, 0.9678676309548159, 0.9549828062666582, 0.928963824518045], [0.9205393299622947, 0.8997396497458815, 0.9110344712687057, 0.9218575982906152, 0.9069967879049156, 0.8910227973149625, -0.8812907338383772, 0.8946053501897269, 0.9055516686992849, 0.8991677959560767, 0.8983891877686344, 0.9156389762142051, 0.8906905095205864, 0.8793618014130258, 0.8984251977315774, 0.8865355078740365, 0.8956449576912072, 0.899577707864451, 0.8721992844517179, 0.7487106742433747, 0.8925564282816033, 1.0, 0.3967078838872614, -0.18739179285220658, 0.6980083322154411, 0.9169753211333781, 0.8830409670695406, 0.8956695710096358, 0.8434212762179887, 0.9207320470164577, 0.8647000588950811, 0.839295118808826, 0.9188416029961451, 0.8641080018838834, 0.8466786382601513], [0.4460911989845554, 0.44558175850366594, 0.2809180584667388, 0.42220408127685977, 0.25686967255210813, 0.3117184051130512, -0.16919918776554196, 0.3042499850478008, 0.1613692564072455, -0.009818857484023844, -0.02472744740612082, 0.1891189107452071, -0.3100163909684709, -0.7043871336588291, -0.021571582455865226, 0.1831705337626955, 0.028929879840336844, 0.27181738573624586, 0.6934806353556419, 0.7319259520758495, 0.34953609879447695, 0.3967078838872614, 1.0, -0.39655180422258857, 0.2960565176759686, 0.42739287610553534, 0.22818548621036525, 0.5225059114249103, 0.5217389323671289, 0.3852707554553308, 0.5397320167294084, 0.44858918189072855, 0.4000997252069665, 0.3191121171884734, 0.4230316166857455], [-0.3034552199308365, -0.22737063098582064, -0.22622145487757422, -0.2949171756964802, -0.21943188993867316, -0.2148689186832114, 0.14908896297499485, -0.31142168062934655, -0.23001564559935464, 0.438722792935652, 0.43432331826942505, -0.19434383345051406, 0.46155285676187985, 0.4400829439872284, 0.4343341751763383, -0.19314207902943756, 0.45289161722522836, -0.29243940761745, -0.5332975359524615, -0.11633695357389205, -0.28885329975313456, -0.18739179285220658, -0.39655180422258857, 1.0, -0.1470034563224911, -0.3325223478865233, -0.17471631664875523, -0.38997474849580654, -0.3800539385377071, -0.32768606463734334, -0.34575116167702113, -0.20179977667367818, -0.3508894510348019, -0.17704982874431777, -0.3157006147460905], [0.9012412761142019, 0.874977481862932, 0.9072900520034465, 0.8995139776485385, 0.889017312218195, 0.9366583224290812, -0.9048731877299748, 0.9055101679458102, 0.8869284593500724, 0.9174617782922926, 0.9167736901166881, 0.9243170697267404, 0.9073213470410875, 0.8804300675497406, 0.9165829820411185, 0.9452299030939516, 0.9356045218619348, 0.9109857112039611, 0.6958202492884903, 0.5376567938672805, 0.8864746093715267, 0.6980083322154411, 0.2960565176759686, -0.1470034563224911, 1.0, 0.835975825528319, 0.8856231900957967, 0.808954811726514, 0.8580804808365488, 0.828042562232456, 0.8653950635896029, 0.859019352067935, 0.8562971935391175, 0.8662188293740978, 0.8935022303597668], [0.9742610236552808, 0.9618979028353638, 0.9434952384930225, 0.9691431886527396, 0.9296221664739449, 0.9566048829530306, -0.913700730555177, 0.9554951464072261, 0.9327020254664962, 0.9533395601648713, 0.9531827683726316, 0.9621993969307086, 0.9530622965275948, 0.949866242615976, 0.9523349105191345, 0.9586589076277705, 0.9610263821585422, 0.9542959299688205, 0.9160047735192864, 0.7536838046649377, 0.9522688304075861, 0.9169753211333781, 0.42739287610553534, -0.3325223478865233, 0.835975825528319, 1.0, 0.9326532169541798, 0.9603357115554519, 0.9346367123500688, 0.9429288614234651, 0.94412262946972, 0.9167030754821455, 0.9635172605776929, 0.9265128281177577, 0.9245501160158238], [0.9542771222978109, 0.953827858468834, 0.9792930221678204, 0.9605883532601667, 0.9771365460144749, 0.9593082304367622, -0.9570025421866121, 0.937248594725309, 0.9597478274549939, 0.9658529819389011, 0.9667552289747441, 0.9553406746875712, 0.9773869403931807, 0.9767412668832712, 0.9660387736506505, 0.9560883762782789, 0.9642050782161682, 0.9372586432524664, 0.7990891496407401, 0.6390408840565331, 0.9697715718553742, 0.8830409670695406, 0.22818548621036525, -0.17471631664875523, 0.8856231900957967, 0.9326532169541798, 1.0, 0.9023602003583574, 0.8800486640930343, 0.9362385161013166, 0.8826368995808203, 0.8832955421352525, 0.9431314522724038, 0.9704012938854897, 0.8840867962525135], [0.9799965747743729, 0.9576921733326047, 0.929586534783352, 0.9709481969851794, 0.9094688886597846, 0.9570637598017185, -0.8982079961107818, 0.9774533995604989, 0.932577657214594, 0.9616724965863306, 0.9611585807591188, 0.9651358592844538, 0.943754136406097, 0.9359775564791564, 0.9614339145890957, 0.9604359806743805, 0.9743572061595667, 0.9779001954332712, 0.9570926284636532, 0.7932528858843428, 0.9397370215816921, 0.8956695710096358, 0.5225059114249103, -0.38997474849580654, 0.808954811726514, 0.9603357115554519, 0.9023602003583574, 1.0, 0.9854106357440454, 0.9656684441093304, 0.9895774714055903, 0.9512284643652956, 0.9579947137554586, 0.9124503871614107, 0.9662475901953695], [0.9635880323593712, 0.9494140090921336, 0.9108160119841846, 0.9607703015359838, 0.8972361879605311, 0.9268976918609406, -0.8569337945827932, 0.9520239262407215, 0.8940124227171629, 0.9423236815488596, 0.9409970612086447, 0.9512773555759644, 0.90272826477969, 0.8846534121243531, 0.9414989681976172, 0.9237439408717776, 0.9463723818922348, 0.9513559937069747, 0.9347024657871809, 0.7292549963954496, 0.9435275650942213, 0.8434212762179887, 0.5217389323671289, -0.3800539385377071, 0.8580804808365488, 0.9346367123500688, 0.8800486640930343, 0.9854106357440454, 1.0, 0.9493704173145437, 0.982792188757544, 0.9546011116826809, 0.9337248126037201, 0.9159773751853532, 0.9618182485804545], [0.9756785037630942, 0.9653736554832177, 0.9635380460314559, 0.9775327629865618, 0.9572899966266428, 0.9521162577983522, -0.924323028786461, 0.9689914157983052, 0.9563064830849158, 0.9652481789273064, 0.965347694248222, 0.9719635759181036, 0.9463349127863566, 0.9372729508149296, 0.9653353080860576, 0.9489375242698834, 0.9643351832011131, 0.9675649725024389, 0.9017502350368499, 0.6702950808679107, 0.9686350921121498, 0.9207320470164577, 0.3852707554553308, -0.32768606463734334, 0.828042562232456, 0.9429288614234651, 0.9362385161013166, 0.9656684441093304, 0.9493704173145437, 1.0, 0.9533901887826789, 0.9174879429666496, 0.9755967843782236, 0.9560103721796127, 0.9449646067737529], [0.9718929069961472, 0.955879157942384, 0.919676181788268, 0.9621912314192655, 0.8982979136421321, 0.9511582780386669, -0.8896441747135724, 0.9623175653908755, 0.9154297505123008, 0.9414227390976989, 0.9403703631585757, 0.9525721771149579, 0.9136691099602209, 0.9104551208779945, 0.940965168184667, 0.9520179579392634, 0.9561183518849918, 0.9607322466923668, 0.9432146931455644, 0.7655265123021268, 0.9401357701521632, 0.8647000588950811, 0.5397320167294084, -0.34575116167702113, 0.8653950635896029, 0.94412262946972, 0.8826368995808203, 0.9895774714055903, 0.982792188757544, 0.9533901887826789, 1.0, 0.9730914459545909, 0.9420546362639964, 0.9346552186456004, 0.9616926693883885], [0.9454042746033541, 0.9431503413273851, 0.9067808493470715, 0.9344136410050249, 0.8808869662000821, 0.9545960246551962, -0.9087571173515393, 0.9352339615751897, 0.9024022128301342, 0.9205887310334007, 0.9193071803862559, 0.933220558149902, 0.8895099507054401, 0.8676818007370004, 0.9198467099399834, 0.9539351986146842, 0.9431286858859145, 0.935054428675144, 0.8927754334926581, 0.7677114957138607, 0.910431016329394, 0.839295118808826, 0.44858918189072855, -0.20179977667367818, 0.859019352067935, 0.9167030754821455, 0.8832955421352525, 0.9512284643652956, 0.9546011116826809, 0.9174879429666496, 0.9730914459545909, 1.0, 0.904755455735174, 0.9326187631125864, 0.9521547271885117], [0.979605788820483, 0.9683384148085615, 0.966275036861425, 0.97760138035916, 0.9561928263416949, 0.9563674082067809, -0.9248420315925894, 0.9588161583613029, 0.9446535943235302, 0.9647006791222001, 0.964888536144582, 0.9720673564150615, 0.9628758265444805, 0.965061234031109, 0.9647034961867967, 0.9589365259700662, 0.9708226587378389, 0.95811525547352, 0.8972776491444026, 0.6999099391669116, 0.9678676309548159, 0.9188416029961451, 0.4000997252069665, -0.3508894510348019, 0.8562971935391175, 0.9635172605776929, 0.9431314522724038, 0.9579947137554586, 0.9337248126037201, 0.9755967843782236, 0.9420546362639964, 0.904755455735174, 1.0, 0.9523665890715067, 0.9405441676482942], [0.9700374756049137, 0.9612545901532201, 0.9737637562695564, 0.9686602563782902, 0.9622904814815872, 0.9762084141301589, -0.9632835781080911, 0.9570362479042468, 0.9689746100174436, 0.9800188369488815, 0.9805574745839032, 0.9668841549624915, 0.97949357620375, 0.9777207585072296, 0.980384045600784, 0.9757626901554729, 0.9844822134695497, 0.9548911338809989, 0.8449885679050442, 0.6672688302162871, 0.9549828062666582, 0.8641080018838834, 0.3191121171884734, -0.17704982874431777, 0.8662188293740978, 0.9265128281177577, 0.9704012938854897, 0.9124503871614107, 0.9159773751853532, 0.9560103721796127, 0.9346552186456004, 0.9326187631125864, 0.9523665890715067, 1.0, 0.9167726223943439], [0.9550253504680538, 0.9485114194765182, 0.9250488145065586, 0.9469742093948144, 0.9021091554254351, 0.9555324390895225, -0.9096753733364429, 0.9656334168295015, 0.9233362423879539, 0.9446489280082441, 0.9439641610106462, 0.9533540491288354, 0.9360470174799985, 0.928503528435868, 0.9443188977002062, 0.9603562499158036, 0.9652887206183758, 0.9668400426670739, 0.8777131919080629, 0.702045426019859, 0.928963824518045, 0.8466786382601513, 0.4230316166857455, -0.3157006147460905, 0.8935022303597668, 0.9245501160158238, 0.8840867962525135, 0.9662475901953695, 0.9618182485804545, 0.9449646067737529, 0.9616926693883885, 0.9521547271885117, 0.9405441676482942, 0.9167726223943439, 1.0]], "x": ["^TAIEX       \u81fa\u7063\u52a0\u6b0a\u5831\u916c\u6307\u6578", "^TWII        \u81fa\u7063\u52a0\u6b0a\u6307\u6578", "^TAIEXx2     \u81fa\u7063\u52a0\u6b0a\u5831\u916c\u6307\u6578_\u65e5\u6b632", "^TAI50I      \u81fa\u706350\u5831\u916c\u6307\u6578", "^TAI50Ix2    \u81fa\u706350\u5831\u916c\u6307\u6578_\u65e5\u6b632", "^TAI100I     \u81fa\u7063\u4e2d\u578b100\u5831\u916c\u6307\u6578", "^TAI100Ix2   \u81fa\u7063\u4e2d\u578b100\u5831\u916c\u6307\u6578_\u65e5\u6b632", "^TAIDIVIDI   \u81fa\u7063\u9ad8\u80a1\u606f\u5831\u916c\u6307\u6578", "^TAIDIVIDIx2 \u81fa\u7063\u9ad8\u80a1\u606f\u5831\u916c\u6307\u6578_\u65e5\u6b632", "0050Fund     \u5143\u5927\u53f0\u7063\u5353\u8d8a50\u57fa\u91d1", "006208Fund   \u5bcc\u90a6\u53f0\u7063\u91c6\u540950\u57fa\u91d1", "0050         \u5143\u5927\u81fa\u706350", "00631L       \u5143\u5927\u53f0\u706350\u6b632", "00675L       \u5bcc\u90a6\u81fa\u7063\u52a0\u6b0a\u6b632", "006208       \u5bcc\u90a6\u53f050", "0051         \u5143\u5927\u4e2d\u578b100", "006204       \u6c38\u8c50\u81fa\u7063\u52a0\u6b0a", "0056         \u5143\u5927\u9ad8\u80a1\u606f", "2412         \u4e2d\u83ef\u96fb\u4fe1", "2002         \u4e2d\u92fc", "2330         \u53f0\u7a4d\u96fb", "2317         \u9d3b\u6d77", "6505         \u53f0\u5851\u77f3\u5316", "3481         \u7fa4\u5275", "2303         \u806f\u96fb", "2308         \u53f0\u9054\u96fb", "2454         \u806f\u767c\u79d1", "2886         \u5146\u8c50\u91d1", "2884         \u7389\u5c71\u91d1", "2891         \u4e2d\u4fe1\u91d1", "2892         \u7b2c\u4e00\u91d1", "5880         \u5408\u5eab\u91d1", "2881         \u5bcc\u90a6\u91d1", "2885         \u5143\u5927\u91d1", "2887         \u53f0\u65b0\u91d1"], "y": ["^TAIEX       \u81fa\u7063\u52a0\u6b0a\u5831\u916c\u6307\u6578", "^TWII        \u81fa\u7063\u52a0\u6b0a\u6307\u6578", "^TAIEXx2     \u81fa\u7063\u52a0\u6b0a\u5831\u916c\u6307\u6578_\u65e5\u6b632", "^TAI50I      \u81fa\u706350\u5831\u916c\u6307\u6578", "^TAI50Ix2    \u81fa\u706350\u5831\u916c\u6307\u6578_\u65e5\u6b632", "^TAI100I     \u81fa\u7063\u4e2d\u578b100\u5831\u916c\u6307\u6578", "^TAI100Ix2   \u81fa\u7063\u4e2d\u578b100\u5831\u916c\u6307\u6578_\u65e5\u6b632", "^TAIDIVIDI   \u81fa\u7063\u9ad8\u80a1\u606f\u5831\u916c\u6307\u6578", "^TAIDIVIDIx2 \u81fa\u7063\u9ad8\u80a1\u606f\u5831\u916c\u6307\u6578_\u65e5\u6b632", "0050Fund     \u5143\u5927\u53f0\u7063\u5353\u8d8a50\u57fa\u91d1", "006208Fund   \u5bcc\u90a6\u53f0\u7063\u91c6\u540950\u57fa\u91d1", "0050         \u5143\u5927\u81fa\u706350", "00631L       \u5143\u5927\u53f0\u706350\u6b632", "00675L       \u5bcc\u90a6\u81fa\u7063\u52a0\u6b0a\u6b632", "006208       \u5bcc\u90a6\u53f050", "0051         \u5143\u5927\u4e2d\u578b100", "006204       \u6c38\u8c50\u81fa\u7063\u52a0\u6b0a", "0056         \u5143\u5927\u9ad8\u80a1\u606f", "2412         \u4e2d\u83ef\u96fb\u4fe1", "2002         \u4e2d\u92fc", "2330         \u53f0\u7a4d\u96fb", "2317         \u9d3b\u6d77", "6505         \u53f0\u5851\u77f3\u5316", "3481         \u7fa4\u5275", "2303         \u806f\u96fb", "2308         \u53f0\u9054\u96fb", "2454         \u806f\u767c\u79d1", "2886         \u5146\u8c50\u91d1", "2884         \u7389\u5c71\u91d1", "2891         \u4e2d\u4fe1\u91d1", "2892         \u7b2c\u4e00\u91d1", "5880         \u5408\u5eab\u91d1", "2881         \u5bcc\u90a6\u91d1", "2885         \u5143\u5927\u91d1", "2887         \u53f0\u65b0\u91d1"], "zmin": -1, "zmax": 1, "colorbar": {"x": -0.2}}], "layout": {"autotypenumbers": "strict", "colorway": ["#636efa", "#EF553B", "#00cc96", "#ab63fa", "#FFA15A", "#19d3f3", "#FF6692", "#B6E880", "#FF97FF", "#FECB52"], "font": {"color": "#f2f5fa", "family": "Courier New"}, "hovermode": "closest", "hoverlabel": {"align": "left"}, "paper_bgcolor": "rgb(17,17,17)", "plot_bgcolor": "rgb(17,17,17)", "polar": {"bgcolor": "rgb(17,17,17)", "angularaxis": {"gridcolor": "#506784", "linecolor": "#506784", "ticks": ""}, "radialaxis": {"gridcolor": "#506784", "linecolor": "#506784", "ticks": ""}}, "ternary": {"bgcolor": "rgb(17,17,17)", "aaxis": {"gridcolor": "#506784", "linecolor": "#506784", "ticks": ""}, "baxis": {"gridcolor": "#506784", "linecolor": "#506784", "ticks": ""}, "caxis": {"gridcolor": "#506784", "linecolor": "#506784", "ticks": ""}}, "coloraxis": {"colorbar": {"outlinewidth": 0, "ticks": ""}}, "colorscale": {"sequential": [[0.0, "#0d0887"], [0.1111111111111111, "#46039f"], [0.2222222222222222, "#7201a8"], [0.3333333333333333, "#9c179e"], [0.4444444444444444, "#bd3786"], [0.5555555555555556, "#d8576b"], [0.6666666666666666, "#ed7953"], [0.7777777777777778, "#fb9f3a"], [0.8888888888888888, "#fdca26"], [1.0, "#f0f921"]], "sequentialminus": [[0.0, "#0d0887"], [0.1111111111111111, "#46039f"], [0.2222222222222222, "#7201a8"], [0.3333333333333333, "#9c179e"], [0.4444444444444444, "#bd3786"], [0.5555555555555556, "#d8576b"], [0.6666666666666666, "#ed7953"], [0.7777777777777778, "#fb9f3a"], [0.8888888888888888, "#fdca26"], [1.0, "#f0f921"]], "diverging": [[0, "#8e0152"], [0.1, "#c51b7d"], [0.2, "#de77ae"], [0.3, "#f1b6da"], [0.4, "#fde0ef"], [0.5, "#f7f7f7"], [0.6, "#e6f5d0"], [0.7, "#b8e186"], [0.8, "#7fbc41"], [0.9, "#4d9221"], [1, "#276419"]]}, "xaxis": {"gridcolor": "rgba(0, 0, 0, 0)", "linecolor": "#506784", "ticks": "", "title": {"standoff": 15}, "zerolinecolor": "#283442", "automargin": true, "zerolinewidth": 2, "tickfont": {"family": "Courier New", "size": 14}, "side": "top", "tickangle": -90}, "yaxis": {"gridcolor": "rgba(0, 0, 0, 0)", "linecolor": "#506784", "ticks": "", "title": {"standoff": 15}, "zerolinecolor": "#283442", "automargin": true, "zerolinewidth": 2, "tickfont": {"family": "Courier New"}, "side": "right"}, "scene": {"xaxis": {"backgroundcolor": "rgb(17,17,17)", "gridcolor": "#506784", "linecolor": "#506784", "showbackground": true, "ticks": "", "zerolinecolor": "#C8D4E3", "gridwidth": 2}, "yaxis": {"backgroundcolor": "rgb(17,17,17)", "gridcolor": "#506784", "linecolor": "#506784", "showbackground": true, "ticks": "", "zerolinecolor": "#C8D4E3", "gridwidth": 2}, "zaxis": {"backgroundcolor": "rgb(17,17,17)", "gridcolor": "#506784", "linecolor": "#506784", "showbackground": true, "ticks": "", "zerolinecolor": "#C8D4E3", "gridwidth": 2}}, "shapedefaults": {"line": {"color": "#f2f5fa"}}, "annotationdefaults": {"arrowcolor": "#f2f5fa", "arrowhead": 0, "arrowwidth": 1}, "geo": {"bgcolor": "rgb(17,17,17)", "landcolor": "rgb(17,17,17)", "subunitcolor": "#506784", "showland": true, "showlakes": true, "lakecolor": "rgb(17,17,17)"}, "title": {"x": 0.05, "font": {"family": "Times New Roman"}, "y": 0.05, "text": "<b>Correlation of Adj Close<b><br><i>2016-09-23 ~ 2025-07-24<i>"}, "updatemenudefaults": {"bgcolor": "#506784", "borderwidth": 0}, "sliderdefaults": {"bgcolor": "#C8D4E3", "borderwidth": 1, "bordercolor": "rgb(17,17,17)", "tickwidth": 0}, "mapbox": {"style": "dark"}}, "config": {"responsive": true, "toImageButtonOptions": {"filename": "Correlation of Adj Close_2016-09-23~2025-07-24", "scale": 5}}};

Plotly.newPlot("correlationAdjClose",
    correlationAdjClose.data,
    correlationAdjClose.layout || {},
    correlationAdjClose.config);