var correlationClose = {"data": [{"type": "heatmap", "z": [[1.0, 0.9999999999999984, 1.0, 0.9956103746267864, 0.9956103746267864, 0.9608806168365656, 0.9608806168365656, 0.8957939949023833, 0.8957939949023833, 0.9363625099252514, 0.995139618378631, 0.9488698129034516, 0.992522993261204, 0.9920866848501587, 0.9950676897794699, 0.9714385335279018, 0.9988764973883103, 0.927073020995183, 0.7826712577451405, -0.07658000199183142, 0.9766427988862761, 0.05791999044645248, 0.002195781247439268, -0.25138034489645755, 0.8245933096000769, 0.9511442231517984, 0.9035089463040985, 0.9270856623175887, 0.7668882658324162, 0.4730150762961009, 0.6083024656220454, 0.6384062081929769, 0.9278562724649638, 0.8097034007224511, 0.169044550020299], [0.9999999999999984, 1.0, 0.9999999999999987, 0.995556446531672, 0.995556446531672, 0.9602307405999091, 0.9602307405999091, 0.8970888449009058, 0.8970888449009058, 0.9366953898273699, 0.9951113052684449, 0.9493667423086889, 0.9922561406125839, 0.9914916921751247, 0.9950353951126796, 0.9706639160346835, 0.9988787870546276, 0.927659694911632, 0.8033931845604397, 0.13062266442839726, 0.9675272890989728, -0.10327756316476713, 0.010803394999111598, -0.2516261074570275, 0.648168620512123, 0.9512181291603958, 0.8750880477818345, 0.9216097176716618, 0.7800954505586315, 0.4636344674499822, 0.604838029970845, 0.6693977698736597, 0.9248192449741425, 0.6712707146572974, 0.16517217972261264], [1.0, 0.9999999999999987, 1.0, 0.9956103746267864, 0.9956103746267864, 0.9608806168365656, 0.9608806168365656, 0.8957939949023833, 0.8957939949023833, 0.9363625099252514, 0.995139618378631, 0.9488698129034516, 0.992522993261204, 0.9920866848501587, 0.9950676897794699, 0.9714385335279018, 0.9988764973883103, 0.927073020995183, 0.7826712577451405, -0.07658000199183142, 0.9766427988862761, 0.05791999044645248, 0.002195781247439268, -0.25138034489645755, 0.8245933096000769, 0.9511442231517984, 0.9035089463040985, 0.9270856623175887, 0.7668882658324162, 0.4730150762961009, 0.6083024656220454, 0.6384062081929769, 0.9278562724649638, 0.8097034007224511, 0.169044550020299], [0.9956103746267864, 0.995556446531672, 0.9956103746267864, 1.0, 1.0, 0.9477950237187688, 0.9477950237187688, 0.8817540175303124, 0.8817540175303124, 0.9312236972071924, 0.9994584018498334, 0.9453730904347246, 0.988052354031993, 0.9837701797703696, 0.9993920149100982, 0.9538709098730455, 0.9947128152336403, 0.9087239128794619, 0.7623362081642899, -0.08205809864862486, 0.9884914397433286, 0.077441863272967, -0.028285934484247703, -0.2550918050683669, 0.8254507781010572, 0.9422391236943827, 0.908683828716362, 0.9167003733748662, 0.7788142074798435, 0.49915726709602276, 0.6025956836522587, 0.6127651455593242, 0.9214610123127012, 0.7995433051337006, 0.18163308856515703], [0.9956103746267864, 0.995556446531672, 0.9956103746267864, 1.0, 1.0, 0.9477950237187688, 0.9477950237187688, 0.8817540175303124, 0.8817540175303124, 0.9312236972071924, 0.9994584018498334, 0.9453730904347246, 0.988052354031993, 0.9837701797703696, 0.9993920149100982, 0.9538709098730455, 0.9947128152336403, 0.9087239128794619, 0.7623362081642899, -0.08205809864862486, 0.9884914397433286, 0.077441863272967, -0.028285934484247703, -0.2550918050683669, 0.8254507781010572, 0.9422391236943827, 0.908683828716362, 0.9167003733748662, 0.7788142074798435, 0.49915726709602276, 0.6025956836522587, 0.6127651455593242, 0.9214610123127012, 0.7995433051337006, 0.18163308856515703], [0.9608806168365656, 0.9602307405999091, 0.9608806168365656, 0.9477950237187688, 0.9477950237187688, 1.0, 1.0, 0.9228844261843816, 0.9228844261843816, 0.903739532155429, 0.9515279582892789, 0.9125861792626133, 0.9765717542364759, 0.9753779787745495, 0.9511182435958191, 0.9989706295260999, 0.9719163751669464, 0.9196582611031864, 0.6240768480685841, -0.01966603841454677, 0.9321813642914089, 0.24174786224992859, -0.20425628366879722, -0.10515773282986385, 0.895843939660729, 0.910854192234653, 0.9238401930956102, 0.8941874576275531, 0.7248646006660101, 0.7023181804598193, 0.7219354738510368, 0.7141863031149329, 0.8446984092089505, 0.8446883290117534, 0.46148378336460744], [0.9608806168365656, 0.9602307405999091, 0.9608806168365656, 0.9477950237187688, 0.9477950237187688, 1.0, 1.0, 0.9228844261843816, 0.9228844261843816, 0.903739532155429, 0.9515279582892789, 0.9125861792626133, 0.9765717542364759, 0.9753779787745495, 0.9511182435958191, 0.9989706295260999, 0.9719163751669464, 0.9196582611031864, 0.6240768480685841, -0.01966603841454677, 0.9321813642914089, 0.24174786224992859, -0.20425628366879722, -0.10515773282986385, 0.895843939660729, 0.910854192234653, 0.9238401930956102, 0.8941874576275531, 0.7248646006660101, 0.7023181804598193, 0.7219354738510368, 0.7141863031149329, 0.8446984092089505, 0.8446883290117534, 0.46148378336460744], [0.8957939949023833, 0.8970888449009058, 0.8957939949023833, 0.8817540175303124, 0.8817540175303124, 0.9228844261843816, 0.9228844261843816, 1.0, 1.0, 0.8830323549862442, 0.9382300193618305, 0.874795550494289, 0.9471175107770046, 0.9422025104864317, 0.9378174522947198, 0.923685766045302, 0.9396797298017807, 0.9730076187768719, 0.5584605206060139, 0.10126235612622488, 0.8383345465806138, 0.4952881641475245, -0.22851424631003833, 0.03712049532897577, 0.7845809074444476, 0.8026340285240471, 0.8599687719046543, 0.8399202098223009, 0.738203031117506, 0.8681548662726716, 0.7660582632792583, 0.7181221399376668, 0.7690677795055939, 0.832321097287113, 0.8007407628963038], [0.8957939949023833, 0.8970888449009058, 0.8957939949023833, 0.8817540175303124, 0.8817540175303124, 0.9228844261843816, 0.9228844261843816, 1.0, 1.0, 0.8830323549862442, 0.9382300193618305, 0.874795550494289, 0.9471175107770046, 0.9422025104864317, 0.9378174522947198, 0.923685766045302, 0.9396797298017807, 0.9730076187768719, 0.5584605206060139, 0.10126235612622488, 0.8383345465806138, 0.4952881641475245, -0.22851424631003833, 0.03712049532897577, 0.7845809074444476, 0.8026340285240471, 0.8599687719046543, 0.8399202098223009, 0.738203031117506, 0.8681548662726716, 0.7660582632792583, 0.7181221399376668, 0.7690677795055939, 0.832321097287113, 0.8007407628963038], [0.9363625099252514, 0.9366953898273699, 0.9363625099252514, 0.9312236972071924, 0.9312236972071924, 0.903739532155429, 0.903739532155429, 0.8830323549862442, 0.8830323549862442, 1.0, 0.9278565108481845, 0.9999756378149307, 0.9123060772717558, 0.8866893983467783, 0.9287630504055063, 0.9055227321912009, 0.9341766434915076, 0.8997720466510146, 0.782072639540511, 0.23071140665038192, 0.9191290360102449, 0.7778291410225402, -0.31619974734275763, 0.39652747053405235, 0.8585169759552596, 0.8364052155295226, 0.8819923645566433, 0.8623490671293039, 0.7531063726131706, 0.7735920811219786, 0.8241808123929735, 0.7973598577306186, 0.8406835400862843, 0.8850469837477926, 0.7756386479022809], [0.995139618378631, 0.9951113052684449, 0.995139618378631, 0.9994584018498334, 0.9994584018498334, 0.9515279582892789, 0.9515279582892789, 0.9382300193618305, 0.9382300193618305, 0.9278565108481845, 1.0, 0.9276906918440121, 0.9878184341768098, 0.984139644729438, 0.9999131688695395, 0.9519774006154811, 0.9938276169358982, 0.9274569019490607, 0.8405285157558136, 0.1708433787993211, 0.9955085942396417, 0.8466788200471896, -0.41498996588718257, 0.37339166666606377, 0.8690299113268293, 0.9167737353611939, 0.9402377019702425, 0.9116962899403981, 0.8006596156103686, 0.8888927668912825, 0.8706780936625623, 0.8150089117542284, 0.8947380291259825, 0.9420721093249241, 0.7850803684777686], [0.9488698129034516, 0.9493667423086889, 0.9488698129034516, 0.9453730904347246, 0.9453730904347246, 0.9125861792626133, 0.9125861792626133, 0.874795550494289, 0.874795550494289, 0.9999756378149307, 0.9276906918440121, 1.0, 0.9122894099625172, 0.8865642551461497, 0.9287947518173305, 0.9142898884150787, 0.9378545672652961, 0.8912402181917165, 0.7173335329119854, -0.0010569280502026083, 0.9330041703994892, 0.604549455186092, -0.22870603766301018, -0.23887189454591737, 0.8658770174837245, 0.8708266069430972, 0.8587299009751709, 0.8755557252537908, 0.789555156558673, 0.7677772810708279, 0.7923295511286584, 0.7222339144028054, 0.8715623842327553, 0.7712909959887402, 0.7339460610032429], [0.992522993261204, 0.9922561406125839, 0.992522993261204, 0.988052354031993, 0.988052354031993, 0.9765717542364759, 0.9765717542364759, 0.9471175107770046, 0.9471175107770046, 0.9123060772717558, 0.9878184341768098, 0.9122894099625172, 1.0, 0.9996794017210561, 0.9877137301652821, 0.9748063720643867, 0.989530544759873, 0.9229840546047001, 0.8062551538047527, 0.20886327622439327, 0.9854241743991062, 0.8720439099038159, -0.6035350351044984, 0.45166271958209697, 0.8498543185873902, 0.9333008768956048, 0.9571997309329315, 0.9058120562984368, 0.7219150978413259, 0.8896642691633398, 0.8501183122249448, 0.8064381662682499, 0.8749990004567822, 0.9629422879568799, 0.8212138128419365], [0.9920866848501587, 0.9914916921751247, 0.9920866848501587, 0.9837701797703696, 0.9837701797703696, 0.9753779787745495, 0.9753779787745495, 0.9422025104864317, 0.9422025104864317, 0.8866893983467783, 0.984139644729438, 0.8865642551461497, 0.9996794017210561, 1.0, 0.9841933591523695, 0.9724981051747745, 0.9877391778065343, 0.910866056658331, 0.8245903371505277, 0.0894453448617418, 0.9796140338786328, 0.8811246902647216, -0.817698546368634, 0.500089395314716, 0.8080620777816325, 0.9393321117120174, 0.9550045990253465, 0.8917959044020611, 0.6352219360388673, 0.9004178473059438, 0.835940116916392, 0.7575913760647429, 0.9084717465364808, 0.9654356160074568, 0.7916591392611463], [0.9950676897794699, 0.9950353951126796, 0.9950676897794699, 0.9993920149100982, 0.9993920149100982, 0.9511182435958191, 0.9511182435958191, 0.9378174522947198, 0.9378174522947198, 0.9287630504055063, 0.9999131688695395, 0.9287947518173305, 0.9877137301652821, 0.9841933591523695, 1.0, 0.9516792631352198, 0.9937882701037082, 0.9276519185697959, 0.8414829282972554, 0.17106218287983188, 0.9953883164169258, 0.8459103556202109, -0.411427518731104, 0.37235802410057917, 0.8689405115595613, 0.9150911178453202, 0.9390770962012585, 0.9120753344918818, 0.801876979811812, 0.8882205272439545, 0.8717192350345504, 0.8160226958645334, 0.8943673970392022, 0.9417542300008456, 0.7850080738717126], [0.9714385335279018, 0.9706639160346835, 0.9714385335279018, 0.9538709098730455, 0.9538709098730455, 0.9989706295260999, 0.9989706295260999, 0.923685766045302, 0.923685766045302, 0.9055227321912009, 0.9519774006154811, 0.9142898884150787, 0.9748063720643867, 0.9724981051747745, 0.9516792631352198, 1.0, 0.9735778331042695, 0.9192773727612692, 0.6727195727147505, 0.00022446134365364676, 0.943327111458609, 0.5699606822186457, -0.33714638427231663, -0.15892025620011635, 0.9088781258622752, 0.9234804730546183, 0.9191258593051718, 0.9025620087194798, 0.765558013636649, 0.8318620045819989, 0.7722174302376621, 0.7719424979077414, 0.8687600917469802, 0.8415463408782032, 0.789193429684274], [0.9988764973883103, 0.9988787870546276, 0.9988764973883103, 0.9947128152336403, 0.9947128152336403, 0.9719163751669464, 0.9719163751669464, 0.9396797298017807, 0.9396797298017807, 0.9341766434915076, 0.9938276169358982, 0.9378545672652961, 0.989530544759873, 0.9877391778065343, 0.9937882701037082, 0.9735778331042695, 1.0, 0.9430104384923045, 0.8467700352772914, 0.16929929508122998, 0.986729607598408, 0.8158955167044297, -0.3959657042432785, 0.38475170455302304, 0.9015679962014417, 0.9316114898594331, 0.943893689388225, 0.9363868978948083, 0.82169742537802, 0.8778791093003996, 0.8973970409860398, 0.8449226257296164, 0.9065155727066909, 0.9462875369157029, 0.8401129229223226], [0.927073020995183, 0.927659694911632, 0.927073020995183, 0.9087239128794619, 0.9087239128794619, 0.9196582611031864, 0.9196582611031864, 0.9730076187768719, 0.9730076187768719, 0.8997720466510146, 0.9274569019490607, 0.8912402181917165, 0.9229840546047001, 0.910866056658331, 0.9276519185697959, 0.9192773727612692, 0.9430104384923045, 1.0, 0.7269051927677008, 0.018938724962829553, 0.871693035948722, 0.5057085009106707, -0.1250291302297732, -0.20038975035602347, 0.8222667464727264, 0.8391336798592816, 0.8285308699045266, 0.9118667845152709, 0.8287536944067113, 0.7979602609188257, 0.7409653646415039, 0.6996905466357545, 0.8359815183532769, 0.7628072914344509, 0.8466993739237261], [0.7826712577451405, 0.8033931845604397, 0.7826712577451405, 0.7623362081642899, 0.7623362081642899, 0.6240768480685841, 0.6240768480685841, 0.5584605206060139, 0.5584605206060139, 0.782072639540511, 0.8405285157558136, 0.7173335329119854, 0.8062551538047527, 0.8245903371505277, 0.8414829282972554, 0.6727195727147505, 0.8467700352772914, 0.7269051927677008, 1.0, 0.061834808923568095, 0.7249238823878481, -0.4402545301754787, 0.39194193214839207, -0.6621284366383714, 0.3316655404703609, 0.8026670380323712, 0.48062313972018283, 0.8292836567457782, 0.6794992486093282, 0.03432406332368494, 0.2742723510971693, 0.5562228262960627, 0.7750889948659462, 0.45576081473082114, -0.17142615789158716], [-0.07658000199183142, 0.13062266442839726, -0.07658000199183142, -0.08205809864862486, -0.08205809864862486, -0.01966603841454677, -0.01966603841454677, 0.10126235612622488, 0.10126235612622488, 0.23071140665038192, 0.1708433787993211, -0.0010569280502026083, 0.20886327622439327, 0.0894453448617418, 0.17106218287983188, 0.00022446134365364676, 0.16929929508122998, 0.018938724962829553, 0.061834808923568095, 1.0, -0.04495434312422151, 0.1373916666125461, 0.1152295074242624, 0.7525412063439094, -0.07621381466965765, 0.04641791809656567, 0.03753860763041128, 0.2016405928356088, 0.040314590783140355, 0.12396746362663462, 0.39251373717763755, 0.5978404098267912, -0.07802750355670218, 0.16286313269429803, 0.17363700871762983], [0.9766427988862761, 0.9675272890989728, 0.9766427988862761, 0.9884914397433286, 0.9884914397433286, 0.9321813642914089, 0.9321813642914089, 0.8383345465806138, 0.8383345465806138, 0.9191290360102449, 0.9955085942396417, 0.9330041703994892, 0.9854241743991062, 0.9796140338786328, 0.9953883164169258, 0.943327111458609, 0.986729607598408, 0.871693035948722, 0.7249238823878481, -0.04495434312422151, 1.0, -0.013536808329456808, -0.09109647420238966, -0.3150792118783984, 0.6879088207845003, 0.9236576905134845, 0.8920008417875134, 0.8586943133545636, 0.7471805311757732, 0.4944790571112674, 0.5651052057934782, 0.5425033876409402, 0.89975122916181, 0.646417632257902, 0.16015653164045388], [0.05791999044645248, -0.10327756316476713, 0.05791999044645248, 0.077441863272967, 0.077441863272967, 0.24174786224992859, 0.24174786224992859, 0.4952881641475245, 0.4952881641475245, 0.7778291410225402, 0.8466788200471896, 0.604549455186092, 0.8720439099038159, 0.8811246902647216, 0.8459103556202109, 0.5699606822186457, 0.8158955167044297, 0.5057085009106707, -0.4402545301754787, 0.1373916666125461, -0.013536808329456808, 1.0, -0.42187941424634445, 0.778994950405418, 0.3601098489488467, -0.06372413614791934, 0.24797987243800998, -0.16449225822168811, 0.013890997155153895, 0.5569728303996545, 0.44438852933476974, 0.17084629020615447, -0.08873571219935084, 0.3439514212056221, 0.4639368879282747], [0.002195781247439268, 0.010803394999111598, 0.002195781247439268, -0.028285934484247703, -0.028285934484247703, -0.20425628366879722, -0.20425628366879722, -0.22851424631003833, -0.22851424631003833, -0.31619974734275763, -0.41498996588718257, -0.22870603766301018, -0.6035350351044984, -0.817698546368634, -0.411427518731104, -0.33714638427231663, -0.3959657042432785, -0.1250291302297732, 0.39194193214839207, 0.1152295074242624, -0.09109647420238966, -0.42187941424634445, 1.0, -0.049502222586106065, -0.12642596527047686, -0.03353920564252875, -0.23740872742906416, 0.028514141079555015, -0.009933439011565551, -0.5299704066682742, -0.14980172361616179, 0.009396517838757399, 0.0384820866186206, -0.14935499440553596, -0.4015370766226698], [-0.25138034489645755, -0.2516261074570275, -0.25138034489645755, -0.2550918050683669, -0.2550918050683669, -0.10515773282986385, -0.10515773282986385, 0.03712049532897577, 0.03712049532897577, 0.39652747053405235, 0.37339166666606377, -0.23887189454591737, 0.45166271958209697, 0.500089395314716, 0.37235802410057917, -0.15892025620011635, 0.38475170455302304, -0.20038975035602347, -0.6621284366383714, 0.7525412063439094, -0.3150792118783984, 0.778994950405418, -0.049502222586106065, 1.0, -0.09801971463576213, -0.3023310228512172, -0.048826402219377285, -0.3498042003961797, -0.3265389138927487, 0.11010759226466289, 0.1822860867960896, 0.27470681517000156, -0.3826424242305811, 0.14288644861071684, 0.10495926513794365], [0.8245933096000769, 0.648168620512123, 0.8245933096000769, 0.8254507781010572, 0.8254507781010572, 0.895843939660729, 0.895843939660729, 0.7845809074444476, 0.7845809074444476, 0.8585169759552596, 0.8690299113268293, 0.8658770174837245, 0.8498543185873902, 0.8080620777816325, 0.8689405115595613, 0.9088781258622752, 0.9015679962014417, 0.8222667464727264, 0.3316655404703609, -0.07621381466965765, 0.6879088207845003, 0.3601098489488467, -0.12642596527047686, -0.09801971463576213, 1.0, 0.6150749177119537, 0.8446737158594008, 0.4789728296194126, 0.6137247954913972, 0.5287114047691815, 0.6445061982175001, 0.4074353014149348, 0.69624042627445, 0.6947105149153822, 0.4103296943507113], [0.9511442231517984, 0.9512181291603958, 0.9511442231517984, 0.9422391236943827, 0.9422391236943827, 0.910854192234653, 0.910854192234653, 0.8026340285240471, 0.8026340285240471, 0.8364052155295226, 0.9167737353611939, 0.8708266069430972, 0.9333008768956048, 0.9393321117120174, 0.9150911178453202, 0.9234804730546183, 0.9316114898594331, 0.8391336798592816, 0.8026670380323712, 0.04641791809656567, 0.9236576905134845, -0.06372413614791934, -0.03353920564252875, -0.3023310228512172, 0.6150749177119537, 1.0, 0.8283343045203339, 0.8586114416659364, 0.7070982310618213, 0.3393101887493622, 0.4856990994405645, 0.6028720030323667, 0.9015933296780425, 0.632796893342564, 0.058573194423133156], [0.9035089463040985, 0.8750880477818345, 0.9035089463040985, 0.908683828716362, 0.908683828716362, 0.9238401930956102, 0.9238401930956102, 0.8599687719046543, 0.8599687719046543, 0.8819923645566433, 0.9402377019702425, 0.8587299009751709, 0.9571997309329315, 0.9550045990253465, 0.9390770962012585, 0.9191258593051718, 0.943893689388225, 0.8285308699045266, 0.48062313972018283, 0.03753860763041128, 0.8920008417875134, 0.24797987243800998, -0.23740872742906416, -0.048826402219377285, 0.8446737158594008, 0.8283343045203339, 1.0, 0.7309620697076936, 0.5782584218751682, 0.5365921551161954, 0.5711534585575114, 0.5268554718291819, 0.798401489694184, 0.8168717908863948, 0.206735750135608], [0.9270856623175887, 0.9216097176716618, 0.9270856623175887, 0.9167003733748662, 0.9167003733748662, 0.8941874576275531, 0.8941874576275531, 0.8399202098223009, 0.8399202098223009, 0.8623490671293039, 0.9116962899403981, 0.8755557252537908, 0.9058120562984368, 0.8917959044020611, 0.9120753344918818, 0.9025620087194798, 0.9363868978948083, 0.9118667845152709, 0.8292836567457782, 0.2016405928356088, 0.8586943133545636, -0.16449225822168811, 0.028514141079555015, -0.3498042003961797, 0.4789728296194126, 0.8586114416659364, 0.7309620697076936, 1.0, 0.9003356188162464, 0.49709501057856215, 0.6671070106906033, 0.6684765205027261, 0.8695001317720356, 0.48947417355578227, 0.2900717069430305], [0.7668882658324162, 0.7800954505586315, 0.7668882658324162, 0.7788142074798435, 0.7788142074798435, 0.7248646006660101, 0.7248646006660101, 0.738203031117506, 0.738203031117506, 0.7531063726131706, 0.8006596156103686, 0.789555156558673, 0.7219150978413259, 0.6352219360388673, 0.801876979811812, 0.765558013636649, 0.82169742537802, 0.8287536944067113, 0.6794992486093282, 0.040314590783140355, 0.7471805311757732, 0.013890997155153895, -0.009933439011565551, -0.3265389138927487, 0.6137247954913972, 0.7070982310618213, 0.5782584218751682, 0.9003356188162464, 1.0, 0.5419242990329187, 0.6494580647124955, 0.6024557790722839, 0.7119378881729532, 0.5532851739035617, 0.4714229693085715], [0.4730150762961009, 0.4636344674499822, 0.4730150762961009, 0.49915726709602276, 0.49915726709602276, 0.7023181804598193, 0.7023181804598193, 0.8681548662726716, 0.8681548662726716, 0.7735920811219786, 0.8888927668912825, 0.7677772810708279, 0.8896642691633398, 0.9004178473059438, 0.8882205272439545, 0.8318620045819989, 0.8778791093003996, 0.7979602609188257, 0.03432406332368494, 0.12396746362663462, 0.4944790571112674, 0.5569728303996545, -0.5299704066682742, 0.11010759226466289, 0.5287114047691815, 0.3393101887493622, 0.5365921551161954, 0.49709501057856215, 0.5419242990329187, 1.0, 0.7298348672385049, 0.3651016469868233, 0.4304554720768576, 0.5243497220242932, 0.7910077460221607], [0.6083024656220454, 0.604838029970845, 0.6083024656220454, 0.6025956836522587, 0.6025956836522587, 0.7219354738510368, 0.7219354738510368, 0.7660582632792583, 0.7660582632792583, 0.8241808123929735, 0.8706780936625623, 0.7923295511286584, 0.8501183122249448, 0.835940116916392, 0.8717192350345504, 0.7722174302376621, 0.8973970409860398, 0.7409653646415039, 0.2742723510971693, 0.39251373717763755, 0.5651052057934782, 0.44438852933476974, -0.14980172361616179, 0.1822860867960896, 0.6445061982175001, 0.4856990994405645, 0.5711534585575114, 0.6671070106906033, 0.6494580647124955, 0.7298348672385049, 1.0, 0.7768453956219106, 0.4608378835106748, 0.7115900302252683, 0.5489967981522931], [0.6384062081929769, 0.6693977698736597, 0.6384062081929769, 0.6127651455593242, 0.6127651455593242, 0.7141863031149329, 0.7141863031149329, 0.7181221399376668, 0.7181221399376668, 0.7973598577306186, 0.8150089117542284, 0.7222339144028054, 0.8064381662682499, 0.7575913760647429, 0.8160226958645334, 0.7719424979077414, 0.8449226257296164, 0.6996905466357545, 0.5562228262960627, 0.5978404098267912, 0.5425033876409402, 0.17084629020615447, 0.009396517838757399, 0.27470681517000156, 0.4074353014149348, 0.6028720030323667, 0.5268554718291819, 0.6684765205027261, 0.6024557790722839, 0.3651016469868233, 0.7768453956219106, 1.0, 0.48163199212243135, 0.669109020026231, 0.19467996890216924], [0.9278562724649638, 0.9248192449741425, 0.9278562724649638, 0.9214610123127012, 0.9214610123127012, 0.8446984092089505, 0.8446984092089505, 0.7690677795055939, 0.7690677795055939, 0.8406835400862843, 0.8947380291259825, 0.8715623842327553, 0.8749990004567822, 0.9084717465364808, 0.8943673970392022, 0.8687600917469802, 0.9065155727066909, 0.8359815183532769, 0.7750889948659462, -0.07802750355670218, 0.89975122916181, -0.08873571219935084, 0.0384820866186206, -0.3826424242305811, 0.69624042627445, 0.9015933296780425, 0.798401489694184, 0.8695001317720356, 0.7119378881729532, 0.4304554720768576, 0.4608378835106748, 0.48163199212243135, 1.0, 0.7049942152332109, 0.15722136976562337], [0.8097034007224511, 0.6712707146572974, 0.8097034007224511, 0.7995433051337006, 0.7995433051337006, 0.8446883290117534, 0.8446883290117534, 0.832321097287113, 0.832321097287113, 0.8850469837477926, 0.9420721093249241, 0.7712909959887402, 0.9629422879568799, 0.9654356160074568, 0.9417542300008456, 0.8415463408782032, 0.9462875369157029, 0.7628072914344509, 0.45576081473082114, 0.16286313269429803, 0.646417632257902, 0.3439514212056221, -0.14935499440553596, 0.14288644861071684, 0.6947105149153822, 0.632796893342564, 0.8168717908863948, 0.48947417355578227, 0.5532851739035617, 0.5243497220242932, 0.7115900302252683, 0.669109020026231, 0.7049942152332109, 1.0, 0.16620609012626217], [0.169044550020299, 0.16517217972261264, 0.169044550020299, 0.18163308856515703, 0.18163308856515703, 0.46148378336460744, 0.46148378336460744, 0.8007407628963038, 0.8007407628963038, 0.7756386479022809, 0.7850803684777686, 0.7339460610032429, 0.8212138128419365, 0.7916591392611463, 0.7850080738717126, 0.789193429684274, 0.8401129229223226, 0.8466993739237261, -0.17142615789158716, 0.17363700871762983, 0.16015653164045388, 0.4639368879282747, -0.4015370766226698, 0.10495926513794365, 0.4103296943507113, 0.058573194423133156, 0.206735750135608, 0.2900717069430305, 0.4714229693085715, 0.7910077460221607, 0.5489967981522931, 0.19467996890216924, 0.15722136976562337, 0.16620609012626217, 1.0]], "x": ["^TAIEX       \u81fa\u7063\u52a0\u6b0a\u5831\u916c\u6307\u6578", "^TWII        \u81fa\u7063\u52a0\u6b0a\u6307\u6578", "^TAIEXx2     \u81fa\u7063\u52a0\u6b0a\u5831\u916c\u6307\u6578_\u65e5\u6b632", "^TAI50I      \u81fa\u706350\u5831\u916c\u6307\u6578", "^TAI50Ix2    \u81fa\u706350\u5831\u916c\u6307\u6578_\u65e5\u6b632", "^TAI100I     \u81fa\u7063\u4e2d\u578b100\u5831\u916c\u6307\u6578", "^TAI100Ix2   \u81fa\u7063\u4e2d\u578b100\u5831\u916c\u6307\u6578_\u65e5\u6b632", "^TAIDIVIDI   \u81fa\u7063\u9ad8\u80a1\u606f\u5831\u916c\u6307\u6578", "^TAIDIVIDIx2 \u81fa\u7063\u9ad8\u80a1\u606f\u5831\u916c\u6307\u6578_\u65e5\u6b632", "0050Fund     \u5143\u5927\u53f0\u7063\u5353\u8d8a50\u57fa\u91d1", "006208Fund   \u5bcc\u90a6\u53f0\u7063\u91c6\u540950\u57fa\u91d1", "0050         \u5143\u5927\u81fa\u706350", "00631L       \u5143\u5927\u53f0\u706350\u6b632", "00675L       \u5bcc\u90a6\u81fa\u7063\u52a0\u6b0a\u6b632", "006208       \u5bcc\u90a6\u53f050", "0051         \u5143\u5927\u4e2d\u578b100", "006204       \u6c38\u8c50\u81fa\u7063\u52a0\u6b0a", "0056         \u5143\u5927\u9ad8\u80a1\u606f", "2412         \u4e2d\u83ef\u96fb\u4fe1", "2002         \u4e2d\u92fc", "2330         \u53f0\u7a4d\u96fb", "2317         \u9d3b\u6d77", "6505         \u53f0\u5851\u77f3\u5316", "3481         \u7fa4\u5275", "2303         \u806f\u96fb", "2308         \u53f0\u9054\u96fb", "2454         \u806f\u767c\u79d1", "2886         \u5146\u8c50\u91d1", "2884         \u7389\u5c71\u91d1", "2891         \u4e2d\u4fe1\u91d1", "2892         \u7b2c\u4e00\u91d1", "5880         \u5408\u5eab\u91d1", "2881         \u5bcc\u90a6\u91d1", "2885         \u5143\u5927\u91d1", "2887         \u53f0\u65b0\u91d1"], "y": ["^TAIEX       \u81fa\u7063\u52a0\u6b0a\u5831\u916c\u6307\u6578", "^TWII        \u81fa\u7063\u52a0\u6b0a\u6307\u6578", "^TAIEXx2     \u81fa\u7063\u52a0\u6b0a\u5831\u916c\u6307\u6578_\u65e5\u6b632", "^TAI50I      \u81fa\u706350\u5831\u916c\u6307\u6578", "^TAI50Ix2    \u81fa\u706350\u5831\u916c\u6307\u6578_\u65e5\u6b632", "^TAI100I     \u81fa\u7063\u4e2d\u578b100\u5831\u916c\u6307\u6578", "^TAI100Ix2   \u81fa\u7063\u4e2d\u578b100\u5831\u916c\u6307\u6578_\u65e5\u6b632", "^TAIDIVIDI   \u81fa\u7063\u9ad8\u80a1\u606f\u5831\u916c\u6307\u6578", "^TAIDIVIDIx2 \u81fa\u7063\u9ad8\u80a1\u606f\u5831\u916c\u6307\u6578_\u65e5\u6b632", "0050Fund     \u5143\u5927\u53f0\u7063\u5353\u8d8a50\u57fa\u91d1", "006208Fund   \u5bcc\u90a6\u53f0\u7063\u91c6\u540950\u57fa\u91d1", "0050         \u5143\u5927\u81fa\u706350", "00631L       \u5143\u5927\u53f0\u706350\u6b632", "00675L       \u5bcc\u90a6\u81fa\u7063\u52a0\u6b0a\u6b632", "006208       \u5bcc\u90a6\u53f050", "0051         \u5143\u5927\u4e2d\u578b100", "006204       \u6c38\u8c50\u81fa\u7063\u52a0\u6b0a", "0056         \u5143\u5927\u9ad8\u80a1\u606f", "2412         \u4e2d\u83ef\u96fb\u4fe1", "2002         \u4e2d\u92fc", "2330         \u53f0\u7a4d\u96fb", "2317         \u9d3b\u6d77", "6505         \u53f0\u5851\u77f3\u5316", "3481         \u7fa4\u5275", "2303         \u806f\u96fb", "2308         \u53f0\u9054\u96fb", "2454         \u806f\u767c\u79d1", "2886         \u5146\u8c50\u91d1", "2884         \u7389\u5c71\u91d1", "2891         \u4e2d\u4fe1\u91d1", "2892         \u7b2c\u4e00\u91d1", "5880         \u5408\u5eab\u91d1", "2881         \u5bcc\u90a6\u91d1", "2885         \u5143\u5927\u91d1", "2887         \u53f0\u65b0\u91d1"], "zmin": -1, "zmax": 1, "colorbar": {"x": -0.2}}], "layout": {"autotypenumbers": "strict", "colorway": ["#636efa", "#EF553B", "#00cc96", "#ab63fa", "#FFA15A", "#19d3f3", "#FF6692", "#B6E880", "#FF97FF", "#FECB52"], "font": {"color": "#f2f5fa", "family": "Courier New"}, "hovermode": "closest", "hoverlabel": {"align": "left"}, "paper_bgcolor": "rgb(17,17,17)", "plot_bgcolor": "rgb(17,17,17)", "polar": {"bgcolor": "rgb(17,17,17)", "angularaxis": {"gridcolor": "#506784", "linecolor": "#506784", "ticks": ""}, "radialaxis": {"gridcolor": "#506784", "linecolor": "#506784", "ticks": ""}}, "ternary": {"bgcolor": "rgb(17,17,17)", "aaxis": {"gridcolor": "#506784", "linecolor": "#506784", "ticks": ""}, "baxis": {"gridcolor": "#506784", "linecolor": "#506784", "ticks": ""}, "caxis": {"gridcolor": "#506784", "linecolor": "#506784", "ticks": ""}}, "coloraxis": {"colorbar": {"outlinewidth": 0, "ticks": ""}}, "colorscale": {"sequential": [[0.0, "#0d0887"], [0.1111111111111111, "#46039f"], [0.2222222222222222, "#7201a8"], [0.3333333333333333, "#9c179e"], [0.4444444444444444, "#bd3786"], [0.5555555555555556, "#d8576b"], [0.6666666666666666, "#ed7953"], [0.7777777777777778, "#fb9f3a"], [0.8888888888888888, "#fdca26"], [1.0, "#f0f921"]], "sequentialminus": [[0.0, "#0d0887"], [0.1111111111111111, "#46039f"], [0.2222222222222222, "#7201a8"], [0.3333333333333333, "#9c179e"], [0.4444444444444444, "#bd3786"], [0.5555555555555556, "#d8576b"], [0.6666666666666666, "#ed7953"], [0.7777777777777778, "#fb9f3a"], [0.8888888888888888, "#fdca26"], [1.0, "#f0f921"]], "diverging": [[0, "#8e0152"], [0.1, "#c51b7d"], [0.2, "#de77ae"], [0.3, "#f1b6da"], [0.4, "#fde0ef"], [0.5, "#f7f7f7"], [0.6, "#e6f5d0"], [0.7, "#b8e186"], [0.8, "#7fbc41"], [0.9, "#4d9221"], [1, "#276419"]]}, "xaxis": {"gridcolor": "rgba(0, 0, 0, 0)", "linecolor": "#506784", "ticks": "", "title": {"standoff": 15}, "zerolinecolor": "#283442", "automargin": true, "zerolinewidth": 2, "tickfont": {"family": "Courier New", "size": 14}, "side": "top", "tickangle": -90}, "yaxis": {"gridcolor": "rgba(0, 0, 0, 0)", "linecolor": "#506784", "ticks": "", "title": {"standoff": 15}, "zerolinecolor": "#283442", "automargin": true, "zerolinewidth": 2, "tickfont": {"family": "Courier New"}, "side": "right"}, "scene": {"xaxis": {"backgroundcolor": "rgb(17,17,17)", "gridcolor": "#506784", "linecolor": "#506784", "showbackground": true, "ticks": "", "zerolinecolor": "#C8D4E3", "gridwidth": 2}, "yaxis": {"backgroundcolor": "rgb(17,17,17)", "gridcolor": "#506784", "linecolor": "#506784", "showbackground": true, "ticks": "", "zerolinecolor": "#C8D4E3", "gridwidth": 2}, "zaxis": {"backgroundcolor": "rgb(17,17,17)", "gridcolor": "#506784", "linecolor": "#506784", "showbackground": true, "ticks": "", "zerolinecolor": "#C8D4E3", "gridwidth": 2}}, "shapedefaults": {"line": {"color": "#f2f5fa"}}, "annotationdefaults": {"arrowcolor": "#f2f5fa", "arrowhead": 0, "arrowwidth": 1}, "geo": {"bgcolor": "rgb(17,17,17)", "landcolor": "rgb(17,17,17)", "subunitcolor": "#506784", "showland": true, "showlakes": true, "lakecolor": "rgb(17,17,17)"}, "title": {"x": 0.05, "font": {"family": "Times New Roman"}, "y": 0.05, "text": "<b>Correlation of Close<b><br><i>2016-09-23 ~ 2025-07-24<i>"}, "updatemenudefaults": {"bgcolor": "#506784", "borderwidth": 0}, "sliderdefaults": {"bgcolor": "#C8D4E3", "borderwidth": 1, "bordercolor": "rgb(17,17,17)", "tickwidth": 0}, "mapbox": {"style": "dark"}}, "config": {"responsive": true, "toImageButtonOptions": {"filename": "Correlation of Close_2016-09-23~2025-07-24", "scale": 5}}};

Plotly.newPlot("correlationClose",
    correlationClose.data,
    correlationClose.layout || {},
    correlationClose.config);