var config = { responsive: true }

var correlationClose = {"data": [{"type": "heatmap", "z": [[1.0, 0.9999999999999983, 1.0, 0.9957124870747432, 0.9957124870747432, 0.9597815358128045, 0.9597815358128045, 0.8927946196944921, 0.8927946196944921, 0.9820379583578014, 0.9922345021123754, 0.9917920756058364, 0.9952454204257126, 0.9708383485399095, 0.9988411308816121, 0.9277164110592191, 0.7806342097062098, -0.0607831739829877, 0.9764892280565685, 0.047043580376591024, 0.032316527420366316, -0.24932916449231707, 0.8245998522841871, 0.9499178876804731, 0.8999591118285486], [0.9999999999999983, 1.0, 0.9999999999999984, 0.9956505774520297, 0.9956505774520297, 0.9591122606677362, 0.9591122606677362, 0.8941827514790065, 0.8941827514790065, 0.9808741992836387, 0.991967985003632, 0.9911766808748066, 0.9951971976966657, 0.9700491208894607, 0.998845898635393, 0.9283233406525258, 0.8020607110756909, 0.14381644521602596, 0.9671681985974595, -0.10814516883276468, 0.039696141880660445, -0.24967469906515846, 0.6465568223561711, 0.9501385298160588, 0.8708398850918894], [1.0, 0.9999999999999984, 1.0, 0.9957124870747432, 0.9957124870747432, 0.9597815358128045, 0.9597815358128045, 0.8927946196944921, 0.8927946196944921, 0.9820379583578014, 0.9922345021123754, 0.9917920756058364, 0.9952454204257126, 0.9708383485399095, 0.9988411308816121, 0.9277164110592191, 0.7806342097062098, -0.0607831739829877, 0.9764892280565685, 0.047043580376591024, 0.032316527420366316, -0.24932916449231707, 0.8245998522841871, 0.9499178876804731, 0.8999591118285486], [0.9957124870747432, 0.9956505774520297, 0.9957124870747432, 1.0, 1.0, 0.9466705716160485, 0.9466705716160485, 0.8786977916538619, 0.8786977916538619, 0.983809422172274, 0.9879485452707244, 0.9837131398302174, 0.9993674359368422, 0.9532794264777055, 0.9946781321169079, 0.9103579483498299, 0.7608352051679518, -0.06538346216307443, 0.9881160660807885, 0.06595895364598742, 0.0041007487253012995, -0.253466793458322, 0.8270963207789797, 0.9397938472551602, 0.9049397330336849], [0.9957124870747432, 0.9956505774520297, 0.9957124870747432, 1.0, 1.0, 0.9466705716160485, 0.9466705716160485, 0.8786977916538619, 0.8786977916538619, 0.983809422172274, 0.9879485452707244, 0.9837131398302174, 0.9993674359368422, 0.9532794264777055, 0.9946781321169079, 0.9103579483498299, 0.7608352051679518, -0.06538346216307443, 0.9881160660807885, 0.06595895364598742, 0.0041007487253012995, -0.253466793458322, 0.8270963207789797, 0.9397938472551602, 0.9049397330336849], [0.9597815358128045, 0.9591122606677362, 0.9597815358128045, 0.9466705716160485, 0.9466705716160485, 1.0, 1.0, 0.9208231826942874, 0.9208231826942874, 0.9378807370046686, 0.9764721262986364, 0.9753818754209826, 0.9508059724021258, 0.9989522302412832, 0.9714456413226605, 0.9192108262338154, 0.618081022316663, -0.0035257757840249466, 0.9310202561609394, 0.2347989552878775, -0.1812486539500552, -0.10084204645382715, 0.8966357420051474, 0.9092109539156803, 0.9217048367561358], [0.9597815358128045, 0.9591122606677362, 0.9597815358128045, 0.9466705716160485, 0.9466705716160485, 1.0, 1.0, 0.9208231826942874, 0.9208231826942874, 0.9378807370046686, 0.9764721262986364, 0.9753818754209826, 0.9508059724021258, 0.9989522302412832, 0.9714456413226605, 0.9192108262338154, 0.618081022316663, -0.0035257757840249466, 0.9310202561609394, 0.2347989552878775, -0.1812486539500552, -0.10084204645382715, 0.8966357420051474, 0.9092109539156803, 0.9217048367561358], [0.8927946196944921, 0.8941827514790065, 0.8927946196944921, 0.8786977916538619, 0.8786977916538619, 0.9208231826942874, 0.9208231826942874, 1.0, 1.0, 0.8867990348433284, 0.9457425574756627, 0.9406615803025894, 0.9365449205100778, 0.9215586436219345, 0.9378239671726378, 0.9735277730471593, 0.5503177499035976, 0.11942261643917601, 0.8340247408052908, 0.48928937279383383, -0.202388257365235, 0.04334397635110519, 0.7830582333119441, 0.7973592637327643, 0.8559718061012078], [0.8927946196944921, 0.8941827514790065, 0.8927946196944921, 0.8786977916538619, 0.8786977916538619, 0.9208231826942874, 0.9208231826942874, 1.0, 1.0, 0.8867990348433284, 0.9457425574756627, 0.9406615803025894, 0.9365449205100778, 0.9215586436219345, 0.9378239671726378, 0.9735277730471593, 0.5503177499035976, 0.11942261643917601, 0.8340247408052908, 0.48928937279383383, -0.202388257365235, 0.04334397635110519, 0.7830582333119441, 0.7973592637327643, 0.8559718061012078], [0.9820379583578014, 0.9808741992836387, 0.9820379583578014, 0.983809422172274, 0.983809422172274, 0.9378807370046686, 0.9378807370046686, 0.8867990348433284, 0.8867990348433284, 1.0, 0.9624929140600357, 0.9510575207152703, 0.975700091055116, 0.9392393648429623, 0.9754586804734175, 0.9031277093426309, 0.7425912890588646, -0.08972838360281209, 0.9725009184726289, 0.4960368821725595, -0.2117016236334966, -0.26515201723223725, 0.8781739995617794, 0.9159003976190085, 0.8898620748200672], [0.9922345021123754, 0.991967985003632, 0.9922345021123754, 0.9879485452707244, 0.9879485452707244, 0.9764721262986364, 0.9764721262986364, 0.9457425574756627, 0.9457425574756627, 0.9624929140600357, 1.0, 0.9996667176337752, 0.9876835258441855, 0.9748421310042443, 0.989127196017831, 0.9244756282070669, 0.7989815684287299, 0.23959428039589406, 0.9857769973290267, 0.8675420447729956, -0.5855797784823136, 0.4679267871758529, 0.8543439220571212, 0.9321609166564389, 0.9556424375573651], [0.9917920756058364, 0.9911766808748066, 0.9917920756058364, 0.9837131398302174, 0.9837131398302174, 0.9753818754209826, 0.9753818754209826, 0.9406615803025894, 0.9406615803025894, 0.9510575207152703, 0.9996667176337752, 1.0, 0.9843225270592965, 0.972629807109694, 0.9872849546950366, 0.9126895969626622, 0.8179420229188821, 0.12224248013235263, 0.9800950178985987, 0.8771518296984568, -0.8098170903594786, 0.5184292323200469, 0.8136109017175114, 0.938493758824875, 0.9534027005013566], [0.9952454204257126, 0.9951971976966657, 0.9952454204257126, 0.9993674359368422, 0.9993674359368422, 0.9508059724021258, 0.9508059724021258, 0.9365449205100778, 0.9365449205100778, 0.975700091055116, 0.9876835258441855, 0.9843225270592965, 1.0, 0.9516961898965126, 0.9937825922706885, 0.9304687526513734, 0.8360931475409435, 0.20508284527544104, 0.9952466941883414, 0.84012017276325, -0.38245339634775205, 0.38948929166901447, 0.8749633391543483, 0.9110963163243394, 0.9368678813823141], [0.9708383485399095, 0.9700491208894607, 0.9708383485399095, 0.9532794264777055, 0.9532794264777055, 0.9989522302412832, 0.9989522302412832, 0.9215586436219345, 0.9215586436219345, 0.9392393648429623, 0.9748421310042443, 0.972629807109694, 0.9516961898965126, 1.0, 0.973330670887118, 0.9186679924213265, 0.6669277684754781, 0.016878591139731107, 0.9431041715834416, 0.5600603395520769, -0.31503806124107675, -0.15502018820125577, 0.909827514476148, 0.9231755018626927, 0.9170565390803306], [0.9988411308816121, 0.998845898635393, 0.9988411308816121, 0.9946781321169079, 0.9946781321169079, 0.9714456413226605, 0.9714456413226605, 0.9378239671726378, 0.9378239671726378, 0.9754586804734175, 0.989127196017831, 0.9872849546950366, 0.9937825922706885, 0.973330670887118, 1.0, 0.9442767337250226, 0.8417846985329818, 0.19941144225186697, 0.9867935387248705, 0.8092119038258333, -0.3697437461208925, 0.3992856338011221, 0.905568048008781, 0.9298174389424138, 0.9417905285316314], [0.9277164110592191, 0.9283233406525258, 0.9277164110592191, 0.9103579483498299, 0.9103579483498299, 0.9192108262338154, 0.9192108262338154, 0.9735277730471593, 0.9735277730471593, 0.9031277093426309, 0.9244756282070669, 0.9126895969626622, 0.9304687526513734, 0.9186679924213265, 0.9442767337250226, 1.0, 0.7230871582853479, 0.03117172849765458, 0.8734057398962944, 0.49756400577913523, -0.1041815834872466, -0.19750570346134952, 0.8206243931277691, 0.8406869279842567, 0.8270961318761547], [0.7806342097062098, 0.8020607110756909, 0.7806342097062098, 0.7608352051679518, 0.7608352051679518, 0.618081022316663, 0.618081022316663, 0.5503177499035976, 0.5503177499035976, 0.7425912890588646, 0.7989815684287299, 0.8179420229188821, 0.8360931475409435, 0.6669277684754781, 0.8417846985329818, 0.7230871582853479, 1.0, 0.06885753517958541, 0.723795035310397, -0.4488945258504551, 0.4154074901799596, -0.6629784839395578, 0.32556844722576567, 0.80362050930776, 0.47228830761983764], [-0.0607831739829877, 0.14381644521602596, -0.0607831739829877, -0.06538346216307443, -0.06538346216307443, -0.0035257757840249466, -0.0035257757840249466, 0.11942261643917601, 0.11942261643917601, -0.08972838360281209, 0.23959428039589406, 0.12224248013235263, 0.20508284527544104, 0.016878591139731107, 0.19941144225186697, 0.03117172849765458, 0.06885753517958541, 1.0, -0.03284241690413001, 0.14052658580373406, 0.10229035088209779, 0.7531695752504942, -0.07200860131908558, 0.06037885970474116, 0.05172795635753408], [0.9764892280565685, 0.9671681985974595, 0.9764892280565685, 0.9881160660807885, 0.9881160660807885, 0.9310202561609394, 0.9310202561609394, 0.8340247408052908, 0.8340247408052908, 0.9725009184726289, 0.9857769973290267, 0.9800950178985987, 0.9952466941883414, 0.9431041715834416, 0.9867935387248705, 0.8734057398962944, 0.723795035310397, -0.03284241690413001, 1.0, -0.024324173404788752, -0.06005275549448228, -0.31543211035338886, 0.6898772130323526, 0.9201096339402429, 0.887704139652821], [0.047043580376591024, -0.10814516883276468, 0.047043580376591024, 0.06595895364598742, 0.06595895364598742, 0.2347989552878775, 0.2347989552878775, 0.48928937279383383, 0.48928937279383383, 0.4960368821725595, 0.8675420447729956, 0.8771518296984568, 0.84012017276325, 0.5600603395520769, 0.8092119038258333, 0.49756400577913523, -0.4488945258504551, 0.14052658580373406, -0.024324173404788752, 1.0, -0.4179512813687471, 0.7848371181072501, 0.357997926733035, -0.07535147575043635, 0.24156936435491183], [0.032316527420366316, 0.039696141880660445, 0.032316527420366316, 0.0041007487253012995, 0.0041007487253012995, -0.1812486539500552, -0.1812486539500552, -0.202388257365235, -0.202388257365235, -0.2117016236334966, -0.5855797784823136, -0.8098170903594786, -0.38245339634775205, -0.31503806124107675, -0.3697437461208925, -0.1041815834872466, 0.4154074901799596, 0.10229035088209779, -0.06005275549448228, -0.4179512813687471, 1.0, -0.0574895326518738, -0.11408808493155043, -0.0005978117930388645, -0.2148504218466001], [-0.24932916449231707, -0.24967469906515846, -0.24932916449231707, -0.253466793458322, -0.253466793458322, -0.10084204645382715, -0.10084204645382715, 0.04334397635110519, 0.04334397635110519, -0.26515201723223725, 0.4679267871758529, 0.5184292323200469, 0.38948929166901447, -0.15502018820125577, 0.3992856338011221, -0.19750570346134952, -0.6629784839395578, 0.7531695752504942, -0.31543211035338886, 0.7848371181072501, -0.0574895326518738, 1.0, -0.09527798267951815, -0.3027536242290815, -0.0429797049136512], [0.8245998522841871, 0.6465568223561711, 0.8245998522841871, 0.8270963207789797, 0.8270963207789797, 0.8966357420051474, 0.8966357420051474, 0.7830582333119441, 0.7830582333119441, 0.8781739995617794, 0.8543439220571212, 0.8136109017175114, 0.8749633391543483, 0.909827514476148, 0.905568048008781, 0.8206243931277691, 0.32556844722576567, -0.07200860131908558, 0.6898772130323526, 0.357997926733035, -0.11408808493155043, -0.09527798267951815, 1.0, 0.6147143729752252, 0.8464609525876886], [0.9499178876804731, 0.9501385298160588, 0.9499178876804731, 0.9397938472551602, 0.9397938472551602, 0.9092109539156803, 0.9092109539156803, 0.7973592637327643, 0.7973592637327643, 0.9159003976190085, 0.9321609166564389, 0.938493758824875, 0.9110963163243394, 0.9231755018626927, 0.9298174389424138, 0.8406869279842567, 0.80362050930776, 0.06037885970474116, 0.9201096339402429, -0.07535147575043635, -0.0005978117930388645, -0.3027536242290815, 0.6147143729752252, 1.0, 0.8213192858030088], [0.8999591118285486, 0.8708398850918894, 0.8999591118285486, 0.9049397330336849, 0.9049397330336849, 0.9217048367561358, 0.9217048367561358, 0.8559718061012078, 0.8559718061012078, 0.8898620748200672, 0.9556424375573651, 0.9534027005013566, 0.9368678813823141, 0.9170565390803306, 0.9417905285316314, 0.8270961318761547, 0.47228830761983764, 0.05172795635753408, 0.887704139652821, 0.24156936435491183, -0.2148504218466001, -0.0429797049136512, 0.8464609525876886, 0.8213192858030088, 1.0]], "x": ["^TAIEX       \u81fa\u7063\u52a0\u6b0a\u5831\u916c\u6307\u6578", "^TWII        \u81fa\u7063\u52a0\u6b0a\u6307\u6578", "^TAIEXx2     \u81fa\u7063\u52a0\u6b0a\u5831\u916c\u6307\u6578_\u65e5\u6b632", "^TAI50I      \u81fa\u706350\u5831\u916c\u6307\u6578", "^TAI50Ix2    \u81fa\u706350\u5831\u916c\u6307\u6578_\u65e5\u6b632", "^TAI100I     \u81fa\u7063\u4e2d\u578b100\u5831\u916c\u6307\u6578", "^TAI100Ix2   \u81fa\u7063\u4e2d\u578b100\u5831\u916c\u6307\u6578_\u65e5\u6b632", "^TAIDIVIDI   \u81fa\u7063\u9ad8\u80a1\u606f\u5831\u916c\u6307\u6578", "^TAIDIVIDIx2 \u81fa\u7063\u9ad8\u80a1\u606f\u5831\u916c\u6307\u6578_\u65e5\u6b632", "0050         \u5143\u5927\u81fa\u706350", "00631L       \u5143\u5927\u53f0\u706350\u6b632", "00675L       \u5bcc\u90a6\u81fa\u7063\u52a0\u6b0a\u6b632", "006208       \u5bcc\u90a6\u53f050", "0051         \u5143\u5927\u4e2d\u578b100", "006204       \u6c38\u8c50\u81fa\u7063\u52a0\u6b0a", "0056         \u5143\u5927\u9ad8\u80a1\u606f", "2412         \u4e2d\u83ef\u96fb\u4fe1", "2002         \u4e2d\u92fc", "2330         \u53f0\u7a4d\u96fb", "2317         \u9d3b\u6d77", "6505         \u53f0\u5851\u77f3\u5316", "3481         \u7fa4\u5275", "2303         \u806f\u96fb", "2308         \u53f0\u9054\u96fb", "2454         \u806f\u767c\u79d1"], "y": ["^TAIEX       \u81fa\u7063\u52a0\u6b0a\u5831\u916c\u6307\u6578", "^TWII        \u81fa\u7063\u52a0\u6b0a\u6307\u6578", "^TAIEXx2     \u81fa\u7063\u52a0\u6b0a\u5831\u916c\u6307\u6578_\u65e5\u6b632", "^TAI50I      \u81fa\u706350\u5831\u916c\u6307\u6578", "^TAI50Ix2    \u81fa\u706350\u5831\u916c\u6307\u6578_\u65e5\u6b632", "^TAI100I     \u81fa\u7063\u4e2d\u578b100\u5831\u916c\u6307\u6578", "^TAI100Ix2   \u81fa\u7063\u4e2d\u578b100\u5831\u916c\u6307\u6578_\u65e5\u6b632", "^TAIDIVIDI   \u81fa\u7063\u9ad8\u80a1\u606f\u5831\u916c\u6307\u6578", "^TAIDIVIDIx2 \u81fa\u7063\u9ad8\u80a1\u606f\u5831\u916c\u6307\u6578_\u65e5\u6b632", "0050         \u5143\u5927\u81fa\u706350", "00631L       \u5143\u5927\u53f0\u706350\u6b632", "00675L       \u5bcc\u90a6\u81fa\u7063\u52a0\u6b0a\u6b632", "006208       \u5bcc\u90a6\u53f050", "0051         \u5143\u5927\u4e2d\u578b100", "006204       \u6c38\u8c50\u81fa\u7063\u52a0\u6b0a", "0056         \u5143\u5927\u9ad8\u80a1\u606f", "2412         \u4e2d\u83ef\u96fb\u4fe1", "2002         \u4e2d\u92fc", "2330         \u53f0\u7a4d\u96fb", "2317         \u9d3b\u6d77", "6505         \u53f0\u5851\u77f3\u5316", "3481         \u7fa4\u5275", "2303         \u806f\u96fb", "2308         \u53f0\u9054\u96fb", "2454         \u806f\u767c\u79d1"], "zmin": -1, "zmax": 1, "colorbar": {"x": -0.2}}], "layout": {"autotypenumbers": "strict", "colorway": ["#636efa", "#EF553B", "#00cc96", "#ab63fa", "#FFA15A", "#19d3f3", "#FF6692", "#B6E880", "#FF97FF", "#FECB52"], "font": {"color": "#f2f5fa", "family": "Courier New"}, "hovermode": "closest", "hoverlabel": {"align": "left"}, "paper_bgcolor": "rgb(17,17,17)", "plot_bgcolor": "rgb(17,17,17)", "polar": {"bgcolor": "rgb(17,17,17)", "angularaxis": {"gridcolor": "#506784", "linecolor": "#506784", "ticks": ""}, "radialaxis": {"gridcolor": "#506784", "linecolor": "#506784", "ticks": ""}}, "ternary": {"bgcolor": "rgb(17,17,17)", "aaxis": {"gridcolor": "#506784", "linecolor": "#506784", "ticks": ""}, "baxis": {"gridcolor": "#506784", "linecolor": "#506784", "ticks": ""}, "caxis": {"gridcolor": "#506784", "linecolor": "#506784", "ticks": ""}}, "coloraxis": {"colorbar": {"outlinewidth": 0, "ticks": ""}}, "colorscale": {"sequential": [[0.0, "#0d0887"], [0.1111111111111111, "#46039f"], [0.2222222222222222, "#7201a8"], [0.3333333333333333, "#9c179e"], [0.4444444444444444, "#bd3786"], [0.5555555555555556, "#d8576b"], [0.6666666666666666, "#ed7953"], [0.7777777777777778, "#fb9f3a"], [0.8888888888888888, "#fdca26"], [1.0, "#f0f921"]], "sequentialminus": [[0.0, "#0d0887"], [0.1111111111111111, "#46039f"], [0.2222222222222222, "#7201a8"], [0.3333333333333333, "#9c179e"], [0.4444444444444444, "#bd3786"], [0.5555555555555556, "#d8576b"], [0.6666666666666666, "#ed7953"], [0.7777777777777778, "#fb9f3a"], [0.8888888888888888, "#fdca26"], [1.0, "#f0f921"]], "diverging": [[0, "#8e0152"], [0.1, "#c51b7d"], [0.2, "#de77ae"], [0.3, "#f1b6da"], [0.4, "#fde0ef"], [0.5, "#f7f7f7"], [0.6, "#e6f5d0"], [0.7, "#b8e186"], [0.8, "#7fbc41"], [0.9, "#4d9221"], [1, "#276419"]]}, "xaxis": {"gridcolor": "rgba(0, 0, 0, 0)", "linecolor": "#506784", "ticks": "", "title": {"standoff": 15}, "zerolinecolor": "#283442", "automargin": true, "zerolinewidth": 2, "tickfont": {"family": "Courier New", "size": 14}, "side": "top", "tickangle": -90}, "yaxis": {"gridcolor": "rgba(0, 0, 0, 0)", "linecolor": "#506784", "ticks": "", "title": {"standoff": 15}, "zerolinecolor": "#283442", "automargin": true, "zerolinewidth": 2, "tickfont": {"family": "Courier New"}, "side": "right"}, "scene": {"xaxis": {"backgroundcolor": "rgb(17,17,17)", "gridcolor": "#506784", "linecolor": "#506784", "showbackground": true, "ticks": "", "zerolinecolor": "#C8D4E3", "gridwidth": 2}, "yaxis": {"backgroundcolor": "rgb(17,17,17)", "gridcolor": "#506784", "linecolor": "#506784", "showbackground": true, "ticks": "", "zerolinecolor": "#C8D4E3", "gridwidth": 2}, "zaxis": {"backgroundcolor": "rgb(17,17,17)", "gridcolor": "#506784", "linecolor": "#506784", "showbackground": true, "ticks": "", "zerolinecolor": "#C8D4E3", "gridwidth": 2}}, "shapedefaults": {"line": {"color": "#f2f5fa"}}, "annotationdefaults": {"arrowcolor": "#f2f5fa", "arrowhead": 0, "arrowwidth": 1}, "geo": {"bgcolor": "rgb(17,17,17)", "landcolor": "rgb(17,17,17)", "subunitcolor": "#506784", "showland": true, "showlakes": true, "lakecolor": "rgb(17,17,17)"}, "title": {"x": 0.05, "font": {"family": "Times New Roman"}, "y": 0.05, "text": "<b>Correlation of Close<b><br><i>2016/09/23 ~ 2025/06/20<i>"}, "updatemenudefaults": {"bgcolor": "#506784", "borderwidth": 0}, "sliderdefaults": {"bgcolor": "#C8D4E3", "borderwidth": 1, "bordercolor": "rgb(17,17,17)", "tickwidth": 0}, "mapbox": {"style": "dark"}, "height": 600}};

Plotly.newPlot("correlationClose",
    correlationClose.data,
    correlationClose.layout || {},
    config);