var element=document.getElementById("correlationAdjClose");if(element.style.display!='none'){var correlationAdjClose={"data":[{"type":"heatmap","z":[[1.0,0.9967110584311833,0.9469743858916666,0.9965440053733945,0.9155181500748729,0.9895732903821288,0.9633153829134102,0.9815327171204976,0.9806498863364539,0.9966523487386933,0.9967912548369041,0.9968901515137236,0.888894301596266,0.980306773338785,0.9968695360413253,0.9900464549829657,0.9997933647773528,0.9814246909274843,0.9069015818243469,0.8786134478497154,0.5667079804724309,0.9874844241037959,0.9464020131835528,0.25934527624327697,-0.14193020110772867,0.9186677280551322,0.8995695823697796,0.942486064881992,0.9314249991052209,0.932301078236238,0.9852487290999693,0.9321239545992533,0.8830012300443365,0.9731377539615079,0.9843528218829275,0.9642426730937905],[0.9967110584311833,1.0,0.9530187102355419,0.9946941933761473,0.9225257342179992,0.9860922201442159,0.9658251771283151,0.9724060233918093,0.978618083885674,0.9956166813240965,0.9970553059584742,0.9966189462116017,0.8981339966552166,0.9844341152116217,0.9970829006111553,0.9858543244833097,0.9980422409000581,0.974224585623177,0.9165701678333995,0.863887458783603,0.5891991795109224,0.9798029818833089,0.9288859415773053,0.25063530795059064,-0.0788232604280821,0.9089238370828425,0.9047163229787223,0.947423908616324,0.9114592012668428,0.9169337287370528,0.9788905626510385,0.9140992776188054,0.8774145771672278,0.9635651709151707,0.9799014008110162,0.9587787514437892],[0.9469743858916666,0.9530187102355419,1.0,0.9658465358493898,0.9952984924943115,0.9365889095196803,0.9830836397410048,0.8943161286081509,0.9591685426572384,0.9661371808103492,0.9740805965449871,0.9703883468534326,0.9215718985865916,0.9975825393628565,0.9737800501498354,0.9341665513168698,0.95803647401599,0.8952353556947329,0.8209593459406024,0.7054522297015767,0.36131289292717467,0.9697054206282378,0.8780850694011003,0.08597241905339072,-0.010496979610196565,0.9124631432869995,0.9719500467999157,0.9746908585118559,0.7756025139438709,0.7864564029834666,0.9307075201354784,0.7811035916177563,0.7210246455204081,0.8810047629061347,0.9543337141982661,0.8848435945564813],[0.9965440053733945,0.9946941933761473,0.9658465358493898,1.0,0.9406748562698827,0.9814979739397227,0.9693178355301915,0.9668831078220431,0.9784641624213025,0.9999837647810683,0.9999955778940307,0.9999762156800216,0.8997815210525743,0.9869042783661758,0.9999710090487584,0.9799184842652056,0.9962599338352379,0.9666106104939963,0.8853150929593987,0.8469391152773175,0.5155929446633066,0.9958774423529901,0.9424611338610053,0.2198433537780737,-0.11885929128934297,0.9165761135316918,0.9241083166483196,0.9531552264632668,0.903624944168898,0.9111640291858906,0.9836102759488173,0.9053685252393195,0.8510349483379035,0.9607957815595127,0.9838260078868641,0.9514502378206565],[0.9155181500748729,0.9225257342179992,0.9952984924943115,0.9406748562698827,1.0,0.9000970471487825,0.9641082121873645,0.8516110883102312,0.9309802543292042,0.9415738080353759,0.9545353225473238,0.9487154165482645,0.9161282209147505,0.9884058695931396,0.9540093771381797,0.8976922606837172,0.930612546323119,0.8526537780644206,0.7751578100594639,0.6509150710295526,0.3017655380678694,0.9485132558642376,0.8443566731551259,0.0538828867423404,0.01419791817557746,0.8833061598819455,0.979027262641927,0.9609490678114516,0.7179429088336203,0.7346337615284321,0.8994629390041232,0.7251813450527018,0.6583076184644977,0.8379102566707815,0.9248347341065589,0.843134999034983],[0.9895732903821288,0.9860922201442159,0.9365889095196803,0.9814979739397227,0.9000970471487825,1.0,0.9720819027651453,0.9822939033631402,0.9824715439371484,0.981152426104742,0.9766919141799406,0.979330233178343,0.865805392394752,0.9507036548894553,0.9767216787340529,0.99993244360868,0.9907861388061128,0.9831945722640938,0.9138695737484421,0.8548197768145914,0.5389164296432724,0.9747988675900209,0.9312258037369723,0.15910781000534063,-0.09481584673819078,0.9348332570625315,0.8760411813186605,0.9366099818229418,0.9266477307402378,0.9170527058383641,0.9725321347458933,0.9280805950216382,0.9008914314997193,0.9635518518137434,0.9848015395252896,0.9672637305865951],[0.9633153829134102,0.9658251771283151,0.9830836397410048,0.9693178355301915,0.9641082121873645,0.9720819027651453,1.0,0.9330090288113241,0.9838063805182423,0.9687498543198483,0.97756250217757,0.9738999731333465,0.908891577907868,0.9867886461364681,0.9773076838785903,0.9730656670460206,0.9768193771111028,0.9358168069879877,0.8626589629295808,0.7430196784631117,0.3885375208323958,0.9696573557068501,0.9055046172157241,0.03255459553973012,-0.004873844142829174,0.9277199606633261,0.9360762240172094,0.9702936295532955,0.8246200861091489,0.8175233301298911,0.9465112431826437,0.8278976638938939,0.7929890847606262,0.9098879969109679,0.9762935556674033,0.9163012215320171],[0.9815327171204976,0.9724060233918093,0.8943161286081509,0.9668831078220431,0.8516110883102312,0.9822939033631402,0.9330090288113241,1.0,0.9732903119998226,0.9668001847162491,0.963187718630093,0.9659438879063882,0.8310186373368009,0.9256708910524045,0.9633636496309563,0.9840129641543472,0.9795661493927048,0.9999017609862038,0.9425034661050147,0.9225033687284709,0.5299186670084293,0.955527423519667,0.9264889371293158,0.1335108642217583,-0.18717953059973347,0.9107690826123351,0.8148970266010055,0.9013679279084567,0.9637983582973888,0.950654631201422,0.9719446782127726,0.9564740260614925,0.9141015624618111,0.9719600613462545,0.959853253324889,0.9745693401593406],[0.9806498863364539,0.978618083885674,0.9591685426572384,0.9784641624213025,0.9309802543292042,0.9824715439371484,0.9838063805182423,0.9732903119998226,1.0,0.9781908615241286,0.9754357823491798,0.977326062794062,0.8833381955433648,0.9654410151365648,0.9754026649444354,0.981692592687723,0.9799123211957627,0.9737431708770719,0.9110222062145454,0.8292193969980839,0.4058232499973504,0.9725151862487982,0.9288849333723703,-0.00017147753646624885,-0.0739335317365142,0.929165468773929,0.8868929668158483,0.9621970511929487,0.8859892672138211,0.8712175297495752,0.9695594986587872,0.8813370221290032,0.8337429092060552,0.9474788560337365,0.9824578990349463,0.9416357722910333],[0.9966523487386933,0.9956166813240965,0.9661371808103492,0.9999837647810683,0.9415738080353759,0.981152426104742,0.9687498543198483,0.9668001847162491,0.9781908615241286,1.0,0.999995387806743,0.999985689010125,0.901784509753123,0.9871495617186212,0.9999721602255214,0.9797395037672831,0.9961659711660142,0.9665498801039382,0.8871052869667282,0.8469416939469748,0.5048622792976029,0.9960649842642818,0.9431617132751954,0.22148652557908066,-0.1128033282068756,0.9177727896634554,0.9240974481933815,0.9525832704592674,0.9013950727343892,0.9083919939501172,0.98313203818708,0.9030397178122301,0.847495525058733,0.959582309287814,0.9836087566166718,0.9506420754621959],[0.9967912548369041,0.9970553059584742,0.9740805965449871,0.9999955778940307,0.9545353225473238,0.9766919141799406,0.97756250217757,0.963187718630093,0.9754357823491798,0.999995387806743,1.0,0.9999807051635545,0.9018056997484603,0.9869938632551855,0.9999737561587668,0.9763519306297289,0.9960980791984783,0.9640383593914192,0.9041531850447624,0.8775581727856283,0.3273953738326006,0.997818800955181,0.9344854700856444,-0.22384160914616244,0.6857114485176162,0.9157673187273209,0.920302771847829,0.9545230521372412,0.8809098273946376,0.8850267556759333,0.9790451564415796,0.8745067445139232,0.7976683267154058,0.9500848692826106,0.9882668735871039,0.9497976265561753],[0.9968901515137236,0.9966189462116017,0.9703883468534326,0.9999762156800216,0.9487154165482645,0.979330233178343,0.9738999731333465,0.9659438879063882,0.977326062794062,0.999985689010125,0.9999807051635545,1.0,0.9026210945270406,0.9872515071889462,0.9999802982134461,0.9791227070829894,0.9960990193412876,0.9664722166250623,0.8951175025769703,0.8643261886993046,0.4126237211453943,0.9973120444499319,0.9420268198666011,-0.03938018768847957,0.15228329125847553,0.9245346221181258,0.9211945552598507,0.9506406814380706,0.8890518710810683,0.8934979378192021,0.9808551477038874,0.8884722970869294,0.8284040474662188,0.9554533742370027,0.9840601555135265,0.950927824482951],[0.888894301596266,0.8981339966552166,0.9215718985865916,0.8997815210525743,0.9161282209147505,0.865805392394752,0.908891577907868,0.8310186373368009,0.8833381955433648,0.901784509753123,0.9018056997484603,0.9026210945270406,1.0,0.9998978844884052,0.9022637974289356,0.8675309167983036,0.8906264974602944,0.8352759998263681,0.7782310748723086,0.7009132815566773,0.14745505186688837,0.8967584604767433,0.8227385867838468,-0.4572886461969808,0.7278661033835243,0.8318973365394396,0.896166925528784,0.9052630139225993,0.7036963706662677,0.7049819416902539,0.8669541879207144,0.6964107965535136,0.5965892398791025,0.824897858477826,0.8887491653667389,0.8371769444601],[0.980306773338785,0.9844341152116217,0.9975825393628565,0.9869042783661758,0.9884058695931396,0.9507036548894553,0.9867886461364681,0.9256708910524045,0.9654410151365648,0.9871495617186212,0.9869938632551855,0.9872515071889462,0.9998978844884052,1.0,0.9870785412197693,0.9501090273565593,0.9785752407096293,0.928305606811685,0.8661786976965754,0.8309494947514281,0.04533456355513846,0.9780121046199676,0.8849151484066046,-0.6206759685593258,0.7695144876446075,0.9019124276348391,0.9607611248020901,0.9717856374469651,0.785493279217124,0.8001429738252047,0.9467756015573018,0.7977765203223155,0.6584982198153485,0.89677047969673,0.9695484666204285,0.9268700371035866],[0.9968695360413253,0.9970829006111553,0.9737800501498354,0.9999710090487584,0.9540093771381797,0.9767216787340529,0.9773076838785903,0.9633636496309563,0.9754026649444354,0.9999721602255214,0.9999737561587668,0.9999802982134461,0.9022637974289356,0.9870785412197693,1.0,0.9765265718432853,0.9961888966389297,0.9644758256589289,0.9051766384314885,0.8779330371130168,0.32847292876021883,0.9977004296549907,0.9343912281790467,-0.22314783334883215,0.6859076872337029,0.9161142878429984,0.9197527142119697,0.9542458147686568,0.8813308287908566,0.8854323769613339,0.9791102968975981,0.8750645572102793,0.7983655956444238,0.9502154319512319,0.9883369242759734,0.9503492216797172],[0.9900464549829657,0.9858543244833097,0.9341665513168698,0.9799184842652056,0.8976922606837172,0.99993244360868,0.9730656670460206,0.9840129641543472,0.981692592687723,0.9797395037672831,0.9763519306297289,0.9791227070829894,0.8675309167983036,0.9501090273565593,0.9765265718432853,1.0,0.990742954142359,0.983709171271695,0.9171757072229739,0.8783307831579409,0.5040626723432475,0.9732182177941994,0.9287670524369384,0.006266418397264642,0.018931154115398287,0.9390757527078959,0.8689749926322865,0.9327584473903077,0.9277720961266711,0.9132253656262603,0.9707876131622181,0.9277757489196203,0.8946323530195542,0.9657624128558461,0.9839569971651798,0.9696541420045256],[0.9997933647773528,0.9980422409000581,0.95803647401599,0.9962599338352379,0.930612546323119,0.9907861388061128,0.9768193771111028,0.9795661493927048,0.9799123211957627,0.9961659711660142,0.9960980791984783,0.9960990193412876,0.8906264974602944,0.9785752407096293,0.9961888966389297,0.990742954142359,1.0,0.9803534518365855,0.9267905829531757,0.901531887113135,0.40100089279470047,0.9917291081126616,0.9365710387706216,-0.17515104435613255,0.6704767845831087,0.9293038664841776,0.8961006544935598,0.9466208833056219,0.914288907492121,0.9095008574588015,0.981096660524742,0.9076011002750519,0.847144110646699,0.9652051008970854,0.9920453896226707,0.9682216504461924],[0.9814246909274843,0.974224585623177,0.8952353556947329,0.9666106104939963,0.8526537780644206,0.9831945722640938,0.9358168069879877,0.9999017609862038,0.9737431708770719,0.9665498801039382,0.9640383593914192,0.9664722166250623,0.8352759998263681,0.928305606811685,0.9644758256589289,0.983709171271695,0.9803534518365855,1.0,0.945235220522803,0.9275594991030118,0.5220147235879739,0.9547860820888042,0.929469139406854,0.09324799074580266,-0.08299063137157879,0.9152678731898035,0.8139090395451766,0.9026087246765624,0.9628154360286477,0.9488701557664482,0.9709890318732137,0.9541072893137318,0.9112310109057952,0.9713383507732104,0.9591541466405412,0.9751093836559419],[0.9069015818243469,0.9165701678333995,0.8209593459406024,0.8853150929593987,0.7751578100594639,0.9138695737484421,0.8626589629295808,0.9425034661050147,0.9110222062145454,0.8871052869667282,0.9041531850447624,0.8951175025769703,0.7782310748723086,0.8661786976965754,0.9051766384314885,0.9171757072229739,0.9267905829531757,0.945235220522803,1.0,0.8438408273611155,0.6039041152655485,0.8633249787429395,0.8467344888886148,0.17704418797175597,0.007234097244219297,0.8758858978866199,0.7268476398785599,0.8410113029934316,0.8970561965763999,0.8714540919155337,0.8806725729385682,0.8817748843714871,0.8529303979436936,0.8863152756986068,0.8890192209310057,0.9148006503010863],[0.8786134478497154,0.863887458783603,0.7054522297015767,0.8469391152773175,0.6509150710295526,0.8548197768145914,0.7430196784631117,0.9225033687284709,0.8292193969980839,0.8469416939469748,0.8775581727856283,0.8643261886993046,0.7009132815566773,0.8309494947514281,0.8779330371130168,0.8783307831579409,0.901531887113135,0.9275594991030118,0.8438408273611155,1.0,0.8008558924023417,0.8024510051065608,0.8666992439866549,0.5839278126424376,-0.4406749294420171,0.6944801459890945,0.6615928834893818,0.7208015795206112,0.9634020497316242,0.9435378673302838,0.8703690050323688,0.9523295344714029,0.9104550695039487,0.8969003819571492,0.8173041436292209,0.8739320678135285],[0.5667079804724309,0.5891991795109224,0.36131289292717467,0.5155929446633066,0.3017655380678694,0.5389164296432724,0.3885375208323958,0.5299186670084293,0.4058232499973504,0.5048622792976029,0.3273953738326006,0.4126237211453943,0.14745505186688837,0.04533456355513846,0.32847292876021883,0.5040626723432475,0.40100089279470047,0.5220147235879739,0.6039041152655485,0.8008558924023417,1.0,0.4691174648044563,0.6237756082214815,0.7208849368900011,-0.11463656002273119,0.434536108547075,0.3591057504329965,0.4322438624180216,0.7439739784482622,0.6659008463794575,0.5237953866573986,0.6988779018579011,0.7363644043817216,0.598010316861488,0.5213296268470716,0.593729959836693],[0.9874844241037959,0.9798029818833089,0.9697054206282378,0.9958774423529901,0.9485132558642376,0.9747988675900209,0.9696573557068501,0.955527423519667,0.9725151862487982,0.9960649842642818,0.997818800955181,0.9973120444499319,0.8967584604767433,0.9780121046199676,0.9977004296549907,0.9732182177941994,0.9917291081126616,0.9547860820888042,0.8633249787429395,0.8024510051065608,0.4691174648044563,1.0,0.9225782062042268,0.16144440008590583,-0.10532446454684745,0.9012181348805706,0.932499435722919,0.9502392927271974,0.871744199678684,0.8912580555434665,0.9769052645832598,0.8819720493868467,0.8239326444127307,0.9485031223076187,0.9740301425090603,0.935590866540821],[0.9464020131835528,0.9288859415773053,0.8780850694011003,0.9424611338610053,0.8443566731551259,0.9312258037369723,0.9055046172157241,0.9264889371293158,0.9288849333723703,0.9431617132751954,0.9344854700856444,0.9420268198666011,0.8227385867838468,0.8849151484066046,0.9343912281790467,0.9287670524369384,0.9365710387706216,0.929469139406854,0.8467344888886148,0.8666992439866549,0.6237756082214815,0.9225782062042268,1.0,0.22812104334863043,-0.08629947034979185,0.7731263499517669,0.8289172837532994,0.8687997108299818,0.9004911101511872,0.8759714789221124,0.9496266572489165,0.8826775546355449,0.8403872264624306,0.9459866783039645,0.9078624706717116,0.8929790401535304],[0.25934527624327697,0.25063530795059064,0.08597241905339072,0.2198433537780737,0.0538828867423404,0.15910781000534063,0.03255459553973012,0.1335108642217583,-0.00017147753646624885,0.22148652557908066,-0.22384160914616244,-0.03938018768847957,-0.4572886461969808,-0.6206759685593258,-0.22314783334883215,0.006266418397264642,-0.17515104435613255,0.09324799074580266,0.17704418797175597,0.5839278126424376,0.7208849368900011,0.16144440008590583,0.22812104334863043,1.0,-0.3792399427556436,0.17626122686559187,0.09184307226597466,0.08812146982530022,0.41513744230247285,0.40060354480949417,0.21420130496164458,0.4251629159089536,0.37105975982270123,0.2641768909859126,0.16624077792291922,0.285989180250639],[-0.14193020110772867,-0.0788232604280821,-0.010496979610196565,-0.11885929128934297,0.01419791817557746,-0.09481584673819078,-0.004873844142829174,-0.18717953059973347,-0.0739335317365142,-0.1128033282068756,0.6857114485176162,0.15228329125847553,0.7278661033835243,0.7695144876446075,0.6859076872337029,0.018931154115398287,0.6704767845831087,-0.08299063137157879,0.007234097244219297,-0.4406749294420171,-0.11463656002273119,-0.10532446454684745,-0.08629947034979185,-0.3792399427556436,1.0,-0.004134984276555109,-0.009890618762812923,0.007472891301964101,-0.30979727676610247,-0.2943908693398899,-0.16123754908972052,-0.26780980936356974,-0.16341730553256104,-0.21997140308810476,-0.041689760972776525,-0.17973995354552408],[0.9186677280551322,0.9089238370828425,0.9124631432869995,0.9165761135316918,0.8833061598819455,0.9348332570625315,0.9277199606633261,0.9107690826123351,0.929165468773929,0.9177727896634554,0.9157673187273209,0.9245346221181258,0.8318973365394396,0.9019124276348391,0.9161142878429984,0.9390757527078959,0.9293038664841776,0.9152678731898035,0.8758858978866199,0.6944801459890945,0.434536108547075,0.9012181348805706,0.7731263499517669,0.17626122686559187,-0.004134984276555109,1.0,0.8366485430602396,0.9316770052093323,0.7839893581503199,0.8221682914886114,0.8728505292602444,0.8262153426349184,0.7905624946182727,0.8699241046276259,0.9086409540594137,0.9073543794204576],[0.8995695823697796,0.9047163229787223,0.9719500467999157,0.9241083166483196,0.979027262641927,0.8760411813186605,0.9360762240172094,0.8148970266010055,0.8868929668158483,0.9240974481933815,0.920302771847829,0.9211945552598507,0.896166925528784,0.9607611248020901,0.9197527142119697,0.8689749926322865,0.8961006544935598,0.8139090395451766,0.7268476398785599,0.6615928834893818,0.3591057504329965,0.932499435722919,0.8289172837532994,0.09184307226597466,-0.009890618762812923,0.8366485430602396,1.0,0.9265236237358186,0.7093446910042032,0.7235254991862352,0.8774032666369451,0.7121063611061612,0.6488011634666854,0.8153066405469492,0.8980099978307972,0.8223924970293414],[0.942486064881992,0.947423908616324,0.9746908585118559,0.9531552264632668,0.9609490678114516,0.9366099818229418,0.9702936295532955,0.9013679279084567,0.9621970511929487,0.9525832704592674,0.9545230521372412,0.9506406814380706,0.9052630139225993,0.9717856374469651,0.9542458147686568,0.9327584473903077,0.9466208833056219,0.9026087246765624,0.8410113029934316,0.7208015795206112,0.4322438624180216,0.9502392927271974,0.8687997108299818,0.08812146982530022,0.007472891301964101,0.9316770052093323,0.9265236237358186,1.0,0.798465725649554,0.798755224817471,0.9227388617379914,0.7937659694928432,0.7517944867971214,0.8928841256951203,0.956743558544235,0.8790076293312324],[0.9314249991052209,0.9114592012668428,0.7756025139438709,0.903624944168898,0.7179429088336203,0.9266477307402378,0.8246200861091489,0.9637983582973888,0.8859892672138211,0.9013950727343892,0.8809098273946376,0.8890518710810683,0.7036963706662677,0.785493279217124,0.8813308287908566,0.9277720961266711,0.914288907492121,0.9628154360286477,0.8970561965763999,0.9634020497316242,0.7439739784482622,0.871744199678684,0.9004911101511872,0.41513744230247285,-0.30979727676610247,0.7839893581503199,0.7093446910042032,0.798465725649554,1.0,0.9875339365515506,0.9288594764273848,0.9916826727822954,0.9571649633020372,0.9532022750191824,0.877784263696208,0.9479626438454974],[0.932301078236238,0.9169337287370528,0.7864564029834666,0.9111640291858906,0.7346337615284321,0.9170527058383641,0.8175233301298911,0.950654631201422,0.8712175297495752,0.9083919939501172,0.8850267556759333,0.8934979378192021,0.7049819416902539,0.8001429738252047,0.8854323769613339,0.9132253656262603,0.9095008574588015,0.9488701557664482,0.8714540919155337,0.9435378673302838,0.6659008463794575,0.8912580555434665,0.8759714789221124,0.40060354480949417,-0.2943908693398899,0.8221682914886114,0.7235254991862352,0.798755224817471,0.9875339365515506,1.0,0.9304805500591966,0.9865236310079003,0.9570528918011341,0.9424860992425852,0.8955854862156565,0.950880561501594],[0.9852487290999693,0.9788905626510385,0.9307075201354784,0.9836102759488173,0.8994629390041232,0.9725321347458933,0.9465112431826437,0.9719446782127726,0.9695594986587872,0.98313203818708,0.9790451564415796,0.9808551477038874,0.8669541879207144,0.9467756015573018,0.9791102968975981,0.9707876131622181,0.981096660524742,0.9709890318732137,0.8806725729385682,0.8703690050323688,0.5237953866573986,0.9769052645832598,0.9496266572489165,0.21420130496164458,-0.16123754908972052,0.8728505292602444,0.8774032666369451,0.9227388617379914,0.9288594764273848,0.9304805500591966,1.0,0.926462210698559,0.8714574074807929,0.9761260805706454,0.9749912353296698,0.9593410422592852],[0.9321239545992533,0.9140992776188054,0.7811035916177563,0.9053685252393195,0.7251813450527018,0.9280805950216382,0.8278976638938939,0.9564740260614925,0.8813370221290032,0.9030397178122301,0.8745067445139232,0.8884722970869294,0.6964107965535136,0.7977765203223155,0.8750645572102793,0.9277757489196203,0.9076011002750519,0.9541072893137318,0.8817748843714871,0.9523295344714029,0.6988779018579011,0.8819720493868467,0.8826775546355449,0.4251629159089536,-0.26780980936356974,0.8262153426349184,0.7121063611061612,0.7937659694928432,0.9916826727822954,0.9865236310079003,0.926462210698559,1.0,0.9739425628970636,0.9456244761435602,0.8998681827790318,0.948394118593614],[0.8830012300443365,0.8774145771672278,0.7210246455204081,0.8510349483379035,0.6583076184644977,0.9008914314997193,0.7929890847606262,0.9141015624618111,0.8337429092060552,0.847495525058733,0.7976683267154058,0.8284040474662188,0.5965892398791025,0.6584982198153485,0.7983655956444238,0.8946323530195542,0.847144110646699,0.9112310109057952,0.8529303979436936,0.9104550695039487,0.7363644043817216,0.8239326444127307,0.8403872264624306,0.37105975982270123,-0.16341730553256104,0.7905624946182727,0.6488011634666854,0.7517944867971214,0.9571649633020372,0.9570528918011341,0.8714574074807929,0.9739425628970636,1.0,0.8972378583461289,0.8647177568943677,0.92006367047757],[0.9731377539615079,0.9635651709151707,0.8810047629061347,0.9607957815595127,0.8379102566707815,0.9635518518137434,0.9098879969109679,0.9719600613462545,0.9474788560337365,0.959582309287814,0.9500848692826106,0.9554533742370027,0.824897858477826,0.89677047969673,0.9502154319512319,0.9657624128558461,0.9652051008970854,0.9713383507732104,0.8863152756986068,0.8969003819571492,0.598010316861488,0.9485031223076187,0.9459866783039645,0.2641768909859126,-0.21997140308810476,0.8699241046276259,0.8153066405469492,0.8928841256951203,0.9532022750191824,0.9424860992425852,0.9761260805706454,0.9456244761435602,0.8972378583461289,1.0,0.9549636155134357,0.9564066468192955],[0.9843528218829275,0.9799014008110162,0.9543337141982661,0.9838260078868641,0.9248347341065589,0.9848015395252896,0.9762935556674033,0.959853253324889,0.9824578990349463,0.9836087566166718,0.9882668735871039,0.9840601555135265,0.8887491653667389,0.9695484666204285,0.9883369242759734,0.9839569971651798,0.9920453896226707,0.9591541466405412,0.8890192209310057,0.8173041436292209,0.5213296268470716,0.9740301425090603,0.9078624706717116,0.16624077792291922,-0.041689760972776525,0.9086409540594137,0.8980099978307972,0.956743558544235,0.877784263696208,0.8955854862156565,0.9749912353296698,0.8998681827790318,0.8647177568943677,0.9549636155134357,1.0,0.9428763152117582],[0.9642426730937905,0.9587787514437892,0.8848435945564813,0.9514502378206565,0.843134999034983,0.9672637305865951,0.9163012215320171,0.9745693401593406,0.9416357722910333,0.9506420754621959,0.9497976265561753,0.950927824482951,0.8371769444601,0.9268700371035866,0.9503492216797172,0.9696541420045256,0.9682216504461924,0.9751093836559419,0.9148006503010863,0.8739320678135285,0.593729959836693,0.935590866540821,0.8929790401535304,0.285989180250639,-0.17973995354552408,0.9073543794204576,0.8223924970293414,0.8790076293312324,0.9479626438454974,0.950880561501594,0.9593410422592852,0.948394118593614,0.92006367047757,0.9564066468192955,0.9428763152117582,1.0]],"x":["^TAIEX       \u81fa\u7063\u52a0\u6b0a\u5831\u916c\u6307\u6578","^TWII        \u81fa\u7063\u52a0\u6b0a\u6307\u6578","^TAIEXx2     \u81fa\u7063\u52a0\u6b0a\u5831\u916c\u6307\u6578_\u65e5\u6b632","^TAI50I      \u81fa\u706350\u5831\u916c\u6307\u6578","^TAI50Ix2    \u81fa\u706350\u5831\u916c\u6307\u6578_\u65e5\u6b632","^TAI100I     \u81fa\u7063\u4e2d\u578b100\u5831\u916c\u6307\u6578","^TAI100Ix2   \u81fa\u7063\u4e2d\u578b100\u5831\u916c\u6307\u6578_\u65e5\u6b632","^TAIDIVIDI   \u81fa\u7063\u9ad8\u80a1\u606f\u5831\u916c\u6307\u6578","^TAIDIVIDIx2 \u81fa\u7063\u9ad8\u80a1\u606f\u5831\u916c\u6307\u6578_\u65e5\u6b632","0050Fund     \u5143\u5927\u53f0\u7063\u5353\u8d8a50\u57fa\u91d1","006208Fund   \u5bcc\u90a6\u53f0\u7063\u91c6\u540950\u57fa\u91d1","0050         \u5143\u5927\u81fa\u706350","00631L       \u5143\u5927\u53f0\u706350\u6b632","00675L       \u5bcc\u90a6\u81fa\u7063\u52a0\u6b0a\u6b632","006208       \u5bcc\u90a6\u53f050","0051         \u5143\u5927\u4e2d\u578b100","006204       \u6c38\u8c50\u81fa\u7063\u52a0\u6b0a","0056         \u5143\u5927\u9ad8\u80a1\u606f","0056         \u5143\u5927\u9ad8\u80a1\u606f_\u80a1\u606f\u4e0d\u6295\u5165","2412         \u4e2d\u83ef\u96fb\u4fe1","2002         \u4e2d\u92fc","2330         \u53f0\u7a4d\u96fb","2317         \u9d3b\u6d77","6505         \u53f0\u5851\u77f3\u5316","3481         \u7fa4\u5275","2303         \u806f\u96fb","2308         \u53f0\u9054\u96fb","2454         \u806f\u767c\u79d1","2886         \u5146\u8c50\u91d1","2884         \u7389\u5c71\u91d1","2891         \u4e2d\u4fe1\u91d1","2892         \u7b2c\u4e00\u91d1","5880         \u5408\u5eab\u91d1","2881         \u5bcc\u90a6\u91d1","2885         \u5143\u5927\u91d1","2887         \u53f0\u65b0\u91d1"],"y":["^TAIEX       \u81fa\u7063\u52a0\u6b0a\u5831\u916c\u6307\u6578","^TWII        \u81fa\u7063\u52a0\u6b0a\u6307\u6578","^TAIEXx2     \u81fa\u7063\u52a0\u6b0a\u5831\u916c\u6307\u6578_\u65e5\u6b632","^TAI50I      \u81fa\u706350\u5831\u916c\u6307\u6578","^TAI50Ix2    \u81fa\u706350\u5831\u916c\u6307\u6578_\u65e5\u6b632","^TAI100I     \u81fa\u7063\u4e2d\u578b100\u5831\u916c\u6307\u6578","^TAI100Ix2   \u81fa\u7063\u4e2d\u578b100\u5831\u916c\u6307\u6578_\u65e5\u6b632","^TAIDIVIDI   \u81fa\u7063\u9ad8\u80a1\u606f\u5831\u916c\u6307\u6578","^TAIDIVIDIx2 \u81fa\u7063\u9ad8\u80a1\u606f\u5831\u916c\u6307\u6578_\u65e5\u6b632","0050Fund     \u5143\u5927\u53f0\u7063\u5353\u8d8a50\u57fa\u91d1","006208Fund   \u5bcc\u90a6\u53f0\u7063\u91c6\u540950\u57fa\u91d1","0050         \u5143\u5927\u81fa\u706350","00631L       \u5143\u5927\u53f0\u706350\u6b632","00675L       \u5bcc\u90a6\u81fa\u7063\u52a0\u6b0a\u6b632","006208       \u5bcc\u90a6\u53f050","0051         \u5143\u5927\u4e2d\u578b100","006204       \u6c38\u8c50\u81fa\u7063\u52a0\u6b0a","0056         \u5143\u5927\u9ad8\u80a1\u606f","0056         \u5143\u5927\u9ad8\u80a1\u606f_\u80a1\u606f\u4e0d\u6295\u5165","2412         \u4e2d\u83ef\u96fb\u4fe1","2002         \u4e2d\u92fc","2330         \u53f0\u7a4d\u96fb","2317         \u9d3b\u6d77","6505         \u53f0\u5851\u77f3\u5316","3481         \u7fa4\u5275","2303         \u806f\u96fb","2308         \u53f0\u9054\u96fb","2454         \u806f\u767c\u79d1","2886         \u5146\u8c50\u91d1","2884         \u7389\u5c71\u91d1","2891         \u4e2d\u4fe1\u91d1","2892         \u7b2c\u4e00\u91d1","5880         \u5408\u5eab\u91d1","2881         \u5bcc\u90a6\u91d1","2885         \u5143\u5927\u91d1","2887         \u53f0\u65b0\u91d1"],"zmin":-1,"zmax":1,"colorbar":{"x":-0.2}}],"layout":{"autotypenumbers":"strict","colorway":["#636efa","#EF553B","#00cc96","#ab63fa","#FFA15A","#19d3f3","#FF6692","#B6E880","#FF97FF","#FECB52"],"font":{"color":"#f2f5fa","family":"Courier New"},"hovermode":"closest","hoverlabel":{"align":"left"},"paper_bgcolor":"rgb(17,17,17)","plot_bgcolor":"rgb(17,17,17)","polar":{"bgcolor":"rgb(17,17,17)","angularaxis":{"gridcolor":"#506784","linecolor":"#506784","ticks":""},"radialaxis":{"gridcolor":"#506784","linecolor":"#506784","ticks":""}},"ternary":{"bgcolor":"rgb(17,17,17)","aaxis":{"gridcolor":"#506784","linecolor":"#506784","ticks":""},"baxis":{"gridcolor":"#506784","linecolor":"#506784","ticks":""},"caxis":{"gridcolor":"#506784","linecolor":"#506784","ticks":""}},"coloraxis":{"colorbar":{"outlinewidth":0,"ticks":""}},"colorscale":{"sequential":[[0.0,"#0d0887"],[0.1111111111111111,"#46039f"],[0.2222222222222222,"#7201a8"],[0.3333333333333333,"#9c179e"],[0.4444444444444444,"#bd3786"],[0.5555555555555556,"#d8576b"],[0.6666666666666666,"#ed7953"],[0.7777777777777778,"#fb9f3a"],[0.8888888888888888,"#fdca26"],[1.0,"#f0f921"]],"sequentialminus":[[0.0,"#0d0887"],[0.1111111111111111,"#46039f"],[0.2222222222222222,"#7201a8"],[0.3333333333333333,"#9c179e"],[0.4444444444444444,"#bd3786"],[0.5555555555555556,"#d8576b"],[0.6666666666666666,"#ed7953"],[0.7777777777777778,"#fb9f3a"],[0.8888888888888888,"#fdca26"],[1.0,"#f0f921"]],"diverging":[[0,"#8e0152"],[0.1,"#c51b7d"],[0.2,"#de77ae"],[0.3,"#f1b6da"],[0.4,"#fde0ef"],[0.5,"#f7f7f7"],[0.6,"#e6f5d0"],[0.7,"#b8e186"],[0.8,"#7fbc41"],[0.9,"#4d9221"],[1,"#276419"]]},"xaxis":{"gridcolor":"rgba(0, 0, 0, 0)","linecolor":"#506784","ticks":"","title":{"standoff":15},"zerolinecolor":"#283442","automargin":true,"zerolinewidth":2,"tickfont":{"family":"Courier New","size":14},"side":"top","tickangle":-90},"yaxis":{"gridcolor":"rgba(0, 0, 0, 0)","linecolor":"#506784","ticks":"","title":{"standoff":15},"zerolinecolor":"#283442","automargin":true,"zerolinewidth":2,"tickfont":{"family":"Courier New"},"side":"right"},"scene":{"xaxis":{"backgroundcolor":"rgb(17,17,17)","gridcolor":"#506784","linecolor":"#506784","showbackground":true,"ticks":"","zerolinecolor":"#C8D4E3","gridwidth":2},"yaxis":{"backgroundcolor":"rgb(17,17,17)","gridcolor":"#506784","linecolor":"#506784","showbackground":true,"ticks":"","zerolinecolor":"#C8D4E3","gridwidth":2},"zaxis":{"backgroundcolor":"rgb(17,17,17)","gridcolor":"#506784","linecolor":"#506784","showbackground":true,"ticks":"","zerolinecolor":"#C8D4E3","gridwidth":2}},"shapedefaults":{"line":{"color":"#f2f5fa"}},"annotationdefaults":{"arrowcolor":"#f2f5fa","arrowhead":0,"arrowwidth":1},"geo":{"bgcolor":"rgb(17,17,17)","landcolor":"rgb(17,17,17)","subunitcolor":"#506784","showland":true,"showlakes":true,"lakecolor":"rgb(17,17,17)"},"title":{"x":0.05,"font":{"family":"Times New Roman"},"y":0.05,"text":"<b>Correlation of Adj Close<b><br><i>2016-09-23 ~ 2026-07-16<i>"},"updatemenudefaults":{"bgcolor":"#506784","borderwidth":0},"sliderdefaults":{"bgcolor":"#C8D4E3","borderwidth":1,"bordercolor":"rgb(17,17,17)","tickwidth":0},"mapbox":{"style":"dark"},"annotations":[{"text":"<b>@zwindr<b>","textangle":0,"opacity":0.5,"font":{"color":"white","size":12},"xref":"paper","yref":"paper","xanchor":"left","yanchor":"bottom","x":1.0,"y":1.0,"showarrow":false}]},"config":{"responsive":true,"toImageButtonOptions":{"filename":"Correlation of Adj Close_2016-09-23~2026-07-16","scale":5}}};Plotly.newPlot("correlationAdjClose",correlationAdjClose.data,correlationAdjClose.layout||{},correlationAdjClose.config);}else{console.log("style display is none => correlationAdjClose");}