var element=document.getElementById("correlationAdjClose");if(element.style.display!='none'){var correlationAdjClose={"data":[{"type":"heatmap","z":[[1.0,0.9958822299565863,0.9677104625439472,0.9965690800393858,0.9399276817928237,0.986501501702513,0.9612334264074103,0.9843974655277355,0.9781548016538019,0.9967153840530312,0.9963554106189932,0.9967290263005671,0.9629623746787305,0.9909256377987912,0.9964468522235128,0.9875133522407069,0.9997471994604169,0.9838635116302561,0.8916588161103013,0.9081819458422895,0.6422148398217571,0.9839998451807628,0.9425070166872171,0.31401795686891304,-0.26483998451680124,0.9060356614066312,0.9103565096226901,0.9662811817243055,0.963027350251411,0.9592776735293846,0.9826548070665481,0.9610318154235322,0.9243780298759077,0.9804196325151469,0.9795590827821137,0.9617541170036642],[0.9958822299565863,1.0,0.9669069831871094,0.9927872976624215,0.9394088671223676,0.9830795959142233,0.9589429029023845,0.976417861594061,0.9728003526831056,0.9939184224692771,0.9955527119860904,0.9951269612253112,0.9625110258524883,0.9907830050849546,0.9956068262512818,0.983144303648016,0.9978758573987466,0.9780825265779,0.9073895405830423,0.8981285428476357,0.6666684478821036,0.9721732558530212,0.9264578357501227,0.31228342530283926,-0.2023344581810122,0.8872129051893906,0.9092141354637686,0.9655641112369487,0.9455401182899724,0.9478629307384486,0.9754022967251716,0.9477509255039482,0.9235574109631292,0.971775332561325,0.972407044784307,0.9571091204939299],[0.9677104625439472,0.9669069831871094,1.0,0.981437802057024,0.9936797476140389,0.9621807089431265,0.9785916762564778,0.9325960173621438,0.9620169759088733,0.9813148961956578,0.9881085367230641,0.9848761921400087,0.9584995112980775,0.9970576642938117,0.987833748314716,0.9593689772241385,0.9790949666162446,0.9315413629180042,0.8251263500141874,0.7908346968612722,0.48522119403922104,0.9913605183057961,0.9249806427745794,0.13963399634674842,-0.17737239087576037,0.8690330606643637,0.9559948391285554,0.9593986604803109,0.8740290794275544,0.8796452263237236,0.9622285880843237,0.8756884052470827,0.8371668948982777,0.9376025523087331,0.9665569183813244,0.9125563167375957],[0.9965690800393858,0.9927872976624215,0.981437802057024,1.0,0.9615686529409553,0.9779206391048639,0.9613926795727672,0.9716368140293651,0.9726087965757445,0.999976653338737,0.9999937821966929,0.9999698434077293,0.9633870380158479,0.9932526218651685,0.999960636395933,0.9763596492839325,0.9960292020546478,0.9706548268707774,0.8689074582941387,0.8839282400614147,0.5966555108368538,0.994395179287835,0.9444777533322709,0.27635758399044674,-0.24901532696131762,0.8942140510936804,0.9303678542126781,0.9674889514781849,0.9433646621946425,0.9470580809994279,0.983991416048263,0.942202581485773,0.901247807588035,0.9730834535287018,0.9777991560101725,0.9500237218487314],[0.9399276817928237,0.9394088671223676,0.9936797476140389,0.9615686529409553,1.0,0.927262575303148,0.9547471338165889,0.8928051593657125,0.9302357315388625,0.9618797672545545,0.9719424138700581,0.9676978113443724,0.9390901517925779,0.9819514488900088,0.9714702643177461,0.9233421696624489,0.9536250889847834,0.891314166240604,0.7763518539989964,0.7446302317952487,0.4241206039304293,0.9795348934105539,0.9049557755200556,0.10165733899046199,-0.15850564671739922,0.8245041171919344,0.9672032774523013,0.9328845836821175,0.8255442870624456,0.8396973431579454,0.9399305840199752,0.8289744628467973,0.7825132856994957,0.9035383145097716,0.9393709172563827,0.8735624995230379],[0.986501501702513,0.9830795959142233,0.9621807089431265,0.9779206391048639,0.927262575303148,1.0,0.9828983844589968,0.9816528015907652,0.9853408348050552,0.9774910734941864,0.9720364452979255,0.9754584197027305,0.9437619667768135,0.9647866463532686,0.972083893788177,0.9999147009270163,0.9883525215374468,0.9823448970461364,0.8985108354159395,0.8706886206882916,0.6123320988454274,0.9682226361227284,0.9189378287378339,0.20006901763434876,-0.19786080835300893,0.9354573560845828,0.8844463381715735,0.9699371885511755,0.9506336093440553,0.935183598732617,0.9650109813622658,0.9498328004607796,0.938180748818466,0.9649523235416498,0.9826044107668783,0.9641747893168788],[0.9612334264074103,0.9589429029023845,0.9785916762564778,0.9613926795727672,0.9547471338165889,0.9828983844589968,1.0,0.949241451692654,0.9825122282864868,0.9603646394440599,0.9688856128575828,0.9659237648816729,0.9495481639957595,0.9791420103068433,0.9687208877946955,0.9839851373712223,0.977380222795699,0.9511519921999096,0.8551687163385292,0.7886902080826435,0.4947537625851842,0.9648291595083401,0.9181963173155745,0.06578971443810183,-0.13607164296362884,0.8945340482657481,0.9067852027553649,0.963942025914664,0.8877015117653573,0.871050254541463,0.9498754543338717,0.887432812767115,0.8787945164522457,0.934786946993803,0.9743914500481711,0.9236091512053999],[0.9843974655277355,0.976417861594061,0.9325960173621438,0.9716368140293651,0.8928051593657125,0.9816528015907652,0.949241451692654,1.0,0.9841167791057897,0.9716125804441003,0.9657768831292695,0.9702349752768165,0.9334964252884549,0.94560846740171,0.966045257711418,0.983458835180428,0.9807715616131275,0.9998942599046797,0.9301889532026224,0.9321529781063816,0.5928934085520481,0.9550687498455892,0.9106481610028282,0.17689339544475402,-0.2895478807745791,0.9158305793271485,0.8352448921336167,0.9495768566147844,0.9775365028395879,0.9605976115826005,0.9669928281680569,0.9674410267376277,0.9356069430019072,0.9675422506033245,0.9601510209618719,0.9708547519413717],[0.9781548016538019,0.9728003526831056,0.9620169759088733,0.9726087965757445,0.9302357315388625,0.9853408348050552,0.9825122282864868,0.9841167791057897,1.0,0.9720155302916756,0.9670877079856989,0.9705615113316441,0.9426779449836972,0.9563876934464632,0.9670880380775178,0.9845818491482261,0.9768603129827893,0.9834894935355636,0.9021142937154703,0.8670178462094216,0.5046358614683278,0.9668730247221291,0.929875092064581,0.0389617211175362,-0.21091579268438618,0.8954825235211337,0.8634616146586945,0.9702975106226608,0.934121693535661,0.9120015708802192,0.9675583468205179,0.9247672140700743,0.8976693681155784,0.9583457325053483,0.9767007427560719,0.9393574520804006],[0.9967153840530312,0.9939184224692771,0.9813148961956578,0.999976653338737,0.9618797672545545,0.9774910734941864,0.9603646394440599,0.9716125804441003,0.9720155302916756,1.0,0.9999928720928876,0.999985185213819,0.9632684132311573,0.9932475620000505,0.9999636677273114,0.9759310121934215,0.9959233394850789,0.9707156216427616,0.8704286258324697,0.8852301228928722,0.5916663219372372,0.9946047706176916,0.9447240603058867,0.2809330691908263,-0.2484778235325836,0.8944231143915767,0.9290867807424156,0.9663124607193344,0.9428763126118492,0.9461250849193602,0.983329355893657,0.9414979679670485,0.8998139478745907,0.9722871724820452,0.9770683609489755,0.9489678205073989],[0.9963554106189932,0.9955527119860904,0.9881085367230641,0.9999937821966929,0.9719424138700581,0.9720364452979255,0.9688856128575828,0.9657768831292695,0.9670877079856989,0.9999928720928876,1.0,0.9999784745894765,0.9633794617501494,0.9932833676288335,0.9999656769999153,0.9715474551888111,0.9957588472155396,0.966011888511071,0.8865183971832055,0.9145269778284721,0.44213193765641345,0.9974970977540059,0.9338640867569615,-0.19573510408377967,0.4882998861152325,0.8850949051462502,0.9102163338618701,0.9655127268771607,0.9281487603281957,0.928482122216333,0.9776983450117805,0.9185111506608613,0.8661810173214594,0.9624137306918433,0.983701930568189,0.9468277104819325],[0.9967290263005671,0.9951269612253112,0.9848761921400087,0.9999698434077293,0.9676978113443724,0.9754584197027305,0.9659237648816729,0.9702349752768165,0.9705615113316441,0.999985185213819,0.9999784745894765,1.0,0.963077477548669,0.9932268942745461,0.9999731194431963,0.9750782728793204,0.9958344562809451,0.9701361795081679,0.8775444844079132,0.902700432674258,0.5189706766597014,0.9965764737466393,0.9427228722883406,0.010744269049739503,-0.11996915387246981,0.9014259830938158,0.9189125448316363,0.9620468773697222,0.9342199543802482,0.9357078106662102,0.9807468530508039,0.9306051419562608,0.8896670748379216,0.9682523718700409,0.9770812286917536,0.9513322867920151],[0.9629623746787305,0.9625110258524883,0.9584995112980775,0.9633870380158479,0.9390901517925779,0.9437619667768135,0.9495481639957595,0.9334964252884549,0.9426779449836972,0.9632684132311573,0.9633794617501494,0.963077477548669,1.0,0.9599247980500479,0.963052326309054,0.9432057030063945,0.9631269202365159,0.9337943695166333,0.8521649865499913,0.883908265088123,0.3559167464171972,0.9595584287129607,0.9115832133737098,-0.4280402415793409,0.4838144980449235,0.8471280776447507,0.8639875704261634,0.9425084810238689,0.8886465350730249,0.8818451612568772,0.9355220543505872,0.8770282449508416,0.813672700529074,0.9354896734586243,0.948797047698549,0.9123218398234461],[0.9909256377987912,0.9907830050849546,0.9970576642938117,0.9932526218651685,0.9819514488900088,0.9647866463532686,0.9791420103068433,0.94560846740171,0.9563876934464632,0.9932475620000505,0.9932833676288335,0.9932268942745461,0.9599247980500479,1.0,0.9933003050570149,0.9641104419727121,0.9914878664736552,0.9460734915229273,0.8422243087798539,0.9057183689150045,0.1947809886315864,0.9900461374205847,0.9166305098870212,-0.7270197416314723,0.49628860357851634,0.8267291445718213,0.9290918631893178,0.9521446156817521,0.883101062159124,0.8846611969607218,0.959451712975772,0.8858537949720732,0.7882420730731589,0.9428343935656543,0.9741141758341935,0.9366716752656548],[0.9964468522235128,0.9956068262512818,0.987833748314716,0.999960636395933,0.9714702643177461,0.972083893788177,0.9687208877946955,0.966045257711418,0.9670880380775178,0.9999636677273114,0.9999656769999153,0.9999731194431963,0.963052326309054,0.9933003050570149,1.0,0.9716370895244409,0.9958400354462038,0.9663435087491836,0.8871469057130622,0.9152824613167783,0.44353477782988454,0.9973268567780318,0.9337771228025771,-0.1929488416565427,0.48845443242728676,0.8854597593713592,0.9093910920890725,0.9652016228883084,0.9287287492575825,0.9290535091675463,0.9776454508177471,0.919261335170403,0.8671169206375903,0.9624690842714558,0.9837306877056251,0.9473540105371482],[0.9875133522407069,0.983144303648016,0.9593689772241385,0.9763596492839325,0.9233421696624489,0.9999147009270163,0.9839851373712223,0.983458835180428,0.9845818491482261,0.9759310121934215,0.9715474551888111,0.9750782728793204,0.9432057030063945,0.9641104419727121,0.9716370895244409,1.0,0.988229591159021,0.9826915788278439,0.9014231632623391,0.8947794481355404,0.5927697548696742,0.9656414300873853,0.9142574400476827,0.049898303698998246,-0.1597605203307499,0.9411528412920358,0.8729281578934424,0.9675144587060395,0.9536816747035874,0.9328213012551366,0.9620562297672837,0.9510867531930406,0.9361652542056081,0.9669537212771766,0.9817481536337543,0.9676349443613677],[0.9997471994604169,0.9978758573987466,0.9790949666162446,0.9960292020546478,0.9536250889847834,0.9883525215374468,0.977380222795699,0.9807715616131275,0.9768603129827893,0.9959233394850789,0.9957588472155396,0.9958344562809451,0.9631269202365159,0.9914878664736552,0.9958400354462038,0.988229591159021,1.0,0.9810905150875942,0.9116288719136931,0.9296791164386842,0.5090281695878957,0.9886289923014098,0.9284105583143182,-0.1367904665114801,0.5046786576141984,0.9160462546733936,0.8926598189795061,0.9705305717997861,0.9518945512328928,0.9421989275357953,0.9763561157160672,0.9424754820318652,0.9044234930069626,0.9724243879851718,0.9893602028346442,0.9675319830584015],[0.9838635116302561,0.9780825265779,0.9315413629180042,0.9706548268707774,0.891314166240604,0.9823448970461364,0.9511519921999096,0.9998942599046797,0.9834894935355636,0.9707156216427616,0.966011888511071,0.9701361795081679,0.9337943695166333,0.9460734915229273,0.9663435087491836,0.9826915788278439,0.9810905150875942,1.0,0.9329399912048643,0.9383225323415407,0.5896954868622442,0.9532646257843713,0.9137088607749876,0.14004644456145537,-0.2573993629313293,0.9200245603295175,0.8305855404447103,0.949352930013753,0.9780944444914149,0.960123056434434,0.9652867070410436,0.9663401220179838,0.9352062059279667,0.9667588978408916,0.9582234584115161,0.9717012234583514],[0.8916588161103013,0.9073895405830423,0.8251263500141874,0.8689074582941387,0.7763518539989964,0.8985108354159395,0.8551687163385292,0.9301889532026224,0.9021142937154703,0.8704286258324697,0.8865183971832055,0.8775444844079132,0.8521649865499913,0.8422243087798539,0.8871469057130622,0.9014231632623391,0.9116288719136931,0.9329399912048643,1.0,0.8396904586245022,0.6743011044611736,0.8378830693960421,0.8141008180047753,0.2293024279140778,-0.14644586973143364,0.8666961288620569,0.7024069889954628,0.8588155166278464,0.8991228684218641,0.8684127987896021,0.852754018499172,0.8800917838949207,0.8651528931445751,0.8623092806135102,0.8695640100537652,0.8973071940611774],[0.9081819458422895,0.8981285428476357,0.7908346968612722,0.8839282400614147,0.7446302317952487,0.8706886206882916,0.7886902080826435,0.9321529781063816,0.8670178462094216,0.8852301228928722,0.9145269778284721,0.902700432674258,0.883908265088123,0.9057183689150045,0.9152824613167783,0.8947794481355404,0.9296791164386842,0.9383225323415407,0.8396904586245022,1.0,0.8139739355366856,0.8313689718112209,0.8676451270579482,0.6080630464582607,-0.5060757039269652,0.7336834741327538,0.7602501894031428,0.8175147524913801,0.9615862071542134,0.940446833383442,0.8887864659330696,0.9497656216567133,0.9058270958685019,0.9018297881775311,0.8464856955707698,0.8861890288801039],[0.6422148398217571,0.6666684478821036,0.48522119403922104,0.5966555108368538,0.4241206039304293,0.6123320988454274,0.4947537625851842,0.5928934085520481,0.5046358614683278,0.5916663219372372,0.44213193765641345,0.5189706766597014,0.3559167464171972,0.1947809886315864,0.44353477782988454,0.5927697548696742,0.5090281695878957,0.5896954868622442,0.6743011044611736,0.8139739355366856,1.0,0.5319894263586751,0.6592141282957766,0.7221976690910688,-0.11579009477018361,0.524019899437477,0.49066863624542595,0.5765134769045489,0.7587102989721061,0.6830702819718587,0.5790391256304773,0.7186348429827872,0.7441159474837569,0.6359215518516658,0.5910346627379277,0.6467836001621141],[0.9839998451807628,0.9721732558530212,0.9913605183057961,0.994395179287835,0.9795348934105539,0.9682226361227284,0.9648291595083401,0.9550687498455892,0.9668730247221291,0.9946047706176916,0.9974970977540059,0.9965764737466393,0.9595584287129607,0.9900461374205847,0.9973268567780318,0.9656414300873853,0.9886289923014098,0.9532646257843713,0.8378830693960421,0.8313689718112209,0.5319894263586751,1.0,0.9212728409758578,0.20685915238212646,-0.2361330695827654,0.8747111633178072,0.944075497157147,0.9670890491315483,0.9051036216065426,0.9224685872291192,0.9751661282991536,0.9130882020463846,0.8675666877233869,0.9577255827841267,0.9642164481782557,0.929005680085255],[0.9425070166872171,0.9264578357501227,0.9249806427745794,0.9444777533322709,0.9049557755200556,0.9189378287378339,0.9181963173155745,0.9106481610028282,0.929875092064581,0.9447240603058867,0.9338640867569615,0.9427228722883406,0.9115832133737098,0.9166305098870212,0.9337771228025771,0.9142574400476827,0.9284105583143182,0.9137088607749876,0.8141008180047753,0.8676451270579482,0.6592141282957766,0.9212728409758578,1.0,0.2596426765077858,-0.17189314586741927,0.7470326361608962,0.8803647316821647,0.9122976932806398,0.8999625556845887,0.8696884898911923,0.9436237480243966,0.8790328570375965,0.8428628645018346,0.9384301413403368,0.9004949096733251,0.8760177424313184],[0.31401795686891304,0.31228342530283926,0.13963399634674842,0.27635758399044674,0.10165733899046199,0.20006901763434876,0.06578971443810183,0.17689339544475402,0.0389617211175362,0.2809330691908263,-0.19573510408377967,0.010744269049739503,-0.4280402415793409,-0.7270197416314723,-0.1929488416565427,0.049898303698998246,-0.1367904665114801,0.14004644456145537,0.2293024279140778,0.6080630464582607,0.7221976690910688,0.20685915238212646,0.2596426765077858,1.0,-0.37934193262705096,0.23835057235023446,0.1645775157358921,0.14402688189862486,0.43617252404363055,0.42312972586211095,0.25545755445760954,0.4478775586325866,0.38427398663086115,0.29543647806187845,0.21104400097374668,0.32889315712337014],[-0.26483998451680124,-0.2023344581810122,-0.17737239087576037,-0.24901532696131762,-0.15850564671739922,-0.19786080835300893,-0.13607164296362884,-0.2895478807745791,-0.21091579268438618,-0.2484778235325836,0.4882998861152325,-0.11996915387246981,0.4838144980449235,0.49628860357851634,0.48845443242728676,-0.1597605203307499,0.5046786576141984,-0.2573993629313293,-0.14644586973143364,-0.5060757039269652,-0.11579009477018361,-0.2361330695827654,-0.17189314586741927,-0.37934193262705096,1.0,-0.14678075605291255,-0.19463492940722601,-0.16507564516721102,-0.3724876876669508,-0.35763893687584125,-0.2820194726822336,-0.32998819007581187,-0.20409122647278963,-0.3202737817598686,-0.16268221167019709,-0.29048416516867737],[0.9060356614066312,0.8872129051893906,0.8690330606643637,0.8942140510936804,0.8245041171919344,0.9354573560845828,0.8945340482657481,0.9158305793271485,0.8954825235211337,0.8944231143915767,0.8850949051462502,0.9014259830938158,0.8471280776447507,0.8267291445718213,0.8854597593713592,0.9411528412920358,0.9160462546733936,0.9200245603295175,0.8666961288620569,0.7336834741327538,0.524019899437477,0.8747111633178072,0.7470326361608962,0.23835057235023446,-0.14678075605291255,1.0,0.7596555841474569,0.8973222205324468,0.8336749165675461,0.8773771288640912,0.846544075369387,0.8829723922081804,0.8731834824681036,0.8743198188299501,0.8800185337312415,0.9095925465055335],[0.9103565096226901,0.9092141354637686,0.9559948391285554,0.9303678542126781,0.9672032774523013,0.8844463381715735,0.9067852027553649,0.8352448921336167,0.8634616146586945,0.9290867807424156,0.9102163338618701,0.9189125448316363,0.8639875704261634,0.9290918631893178,0.9093910920890725,0.8729281578934424,0.8926598189795061,0.8305855404447103,0.7024069889954628,0.7602501894031428,0.49066863624542595,0.944075497157147,0.8803647316821647,0.1645775157358921,-0.19463492940722601,0.7596555841474569,1.0,0.8769441018178337,0.8104130994818346,0.8182613343692463,0.903780513061663,0.8072878946461106,0.7602424828383213,0.8704675578635247,0.8934813288393169,0.8470719191880197],[0.9662811817243055,0.9655641112369487,0.9593986604803109,0.9674889514781849,0.9328845836821175,0.9699371885511755,0.963942025914664,0.9495768566147844,0.9702975106226608,0.9663124607193344,0.9655127268771607,0.9620468773697222,0.9425084810238689,0.9521446156817521,0.9652016228883084,0.9675144587060395,0.9705305717997861,0.949352930013753,0.8588155166278464,0.8175147524913801,0.5765134769045489,0.9670890491315483,0.9122976932806398,0.14402688189862486,-0.16507564516721102,0.8973222205324468,0.8769441018178337,1.0,0.9087610310910906,0.9009335041660849,0.9535629847888654,0.8980806000912054,0.882224013533916,0.9545532810549056,0.9771347148396508,0.9095262280824278],[0.963027350251411,0.9455401182899724,0.8740290794275544,0.9433646621946425,0.8255442870624456,0.9506336093440553,0.8877015117653573,0.9775365028395879,0.934121693535661,0.9428763126118492,0.9281487603281957,0.9342199543802482,0.8886465350730249,0.883101062159124,0.9287287492575825,0.9536816747035874,0.9518945512328928,0.9780944444914149,0.8991228684218641,0.9615862071542134,0.7587102989721061,0.9051036216065426,0.8999625556845887,0.43617252404363055,-0.3724876876669508,0.8336749165675461,0.8104130994818346,0.9087610310910906,1.0,0.9867235111403985,0.9486682314373801,0.9910934602444834,0.9558099349776114,0.9589698152607025,0.9084084233791473,0.9630402875045071],[0.9592776735293846,0.9478629307384486,0.8796452263237236,0.9470580809994279,0.8396973431579454,0.935183598732617,0.871050254541463,0.9605976115826005,0.9120015708802192,0.9461250849193602,0.928482122216333,0.9357078106662102,0.8818451612568772,0.8846611969607218,0.9290535091675463,0.9328213012551366,0.9421989275357953,0.960123056434434,0.8684127987896021,0.940446833383442,0.6830702819718587,0.9224685872291192,0.8696884898911923,0.42312972586211095,-0.35763893687584125,0.8773771288640912,0.8182613343692463,0.9009335041660849,0.9867235111403985,1.0,0.9467928549368596,0.9854521014918713,0.956575953944217,0.9450501270264496,0.9239180466352646,0.9637641365394285],[0.9826548070665481,0.9754022967251716,0.9622285880843237,0.983991416048263,0.9399305840199752,0.9650109813622658,0.9498754543338717,0.9669928281680569,0.9675583468205179,0.983329355893657,0.9776983450117805,0.9807468530508039,0.9355220543505872,0.959451712975772,0.9776454508177471,0.9620562297672837,0.9763561157160672,0.9652867070410436,0.852754018499172,0.8887864659330696,0.5790391256304773,0.9751661282991536,0.9436237480243966,0.25545755445760954,-0.2820194726822336,0.846544075369387,0.903780513061663,0.9535629847888654,0.9486682314373801,0.9467928549368596,1.0,0.9437440654142925,0.898540682731449,0.9766771789152977,0.9698591482387973,0.9506161288455788],[0.9610318154235322,0.9477509255039482,0.8756884052470827,0.942202581485773,0.8289744628467973,0.9498328004607796,0.887432812767115,0.9674410267376277,0.9247672140700743,0.9414979679670485,0.9185111506608613,0.9306051419562608,0.8770282449508416,0.8858537949720732,0.919261335170403,0.9510867531930406,0.9424754820318652,0.9663401220179838,0.8800917838949207,0.9497656216567133,0.7186348429827872,0.9130882020463846,0.8790328570375965,0.4478775586325866,-0.32998819007581187,0.8829723922081804,0.8072878946461106,0.8980806000912054,0.9910934602444834,0.9854521014918713,0.9437440654142925,1.0,0.9744010564132808,0.948987176603878,0.9324023712179202,0.9619984017451274],[0.9243780298759077,0.9235574109631292,0.8371668948982777,0.901247807588035,0.7825132856994957,0.938180748818466,0.8787945164522457,0.9356069430019072,0.8976693681155784,0.8998139478745907,0.8661810173214594,0.8896670748379216,0.813672700529074,0.7882420730731589,0.8671169206375903,0.9361652542056081,0.9044234930069626,0.9352062059279667,0.8651528931445751,0.9058270958685019,0.7441159474837569,0.8675666877233869,0.8428628645018346,0.38427398663086115,-0.20409122647278963,0.8731834824681036,0.7602424828383213,0.882224013533916,0.9558099349776114,0.956575953944217,0.898540682731449,0.9744010564132808,1.0,0.9071939310246251,0.9136002459722053,0.9454776803422482],[0.9804196325151469,0.971775332561325,0.9376025523087331,0.9730834535287018,0.9035383145097716,0.9649523235416498,0.934786946993803,0.9675422506033245,0.9583457325053483,0.9722871724820452,0.9624137306918433,0.9682523718700409,0.9354896734586243,0.9428343935656543,0.9624690842714558,0.9669537212771766,0.9724243879851718,0.9667588978408916,0.8623092806135102,0.9018297881775311,0.6359215518516658,0.9577255827841267,0.9384301413403368,0.29543647806187845,-0.3202737817598686,0.8743198188299501,0.8704675578635247,0.9545532810549056,0.9589698152607025,0.9450501270264496,0.9766771789152977,0.948987176603878,0.9071939310246251,1.0,0.9606603256542174,0.9497713465491743],[0.9795590827821137,0.972407044784307,0.9665569183813244,0.9777991560101725,0.9393709172563827,0.9826044107668783,0.9743914500481711,0.9601510209618719,0.9767007427560719,0.9770683609489755,0.983701930568189,0.9770812286917536,0.948797047698549,0.9741141758341935,0.9837306877056251,0.9817481536337543,0.9893602028346442,0.9582234584115161,0.8695640100537652,0.8464856955707698,0.5910346627379277,0.9642164481782557,0.9004949096733251,0.21104400097374668,-0.16268221167019709,0.8800185337312415,0.8934813288393169,0.9771347148396508,0.9084084233791473,0.9239180466352646,0.9698591482387973,0.9324023712179202,0.9136002459722053,0.9606603256542174,1.0,0.9340612409409548],[0.9617541170036642,0.9571091204939299,0.9125563167375957,0.9500237218487314,0.8735624995230379,0.9641747893168788,0.9236091512053999,0.9708547519413717,0.9393574520804006,0.9489678205073989,0.9468277104819325,0.9513322867920151,0.9123218398234461,0.9366716752656548,0.9473540105371482,0.9676349443613677,0.9675319830584015,0.9717012234583514,0.8973071940611774,0.8861890288801039,0.6467836001621141,0.929005680085255,0.8760177424313184,0.32889315712337014,-0.29048416516867737,0.9095925465055335,0.8470719191880197,0.9095262280824278,0.9630402875045071,0.9637641365394285,0.9506161288455788,0.9619984017451274,0.9454776803422482,0.9497713465491743,0.9340612409409548,1.0]],"x":["^TAIEX       \u81fa\u7063\u52a0\u6b0a\u5831\u916c\u6307\u6578","^TWII        \u81fa\u7063\u52a0\u6b0a\u6307\u6578","^TAIEXx2     \u81fa\u7063\u52a0\u6b0a\u5831\u916c\u6307\u6578_\u65e5\u6b632","^TAI50I      \u81fa\u706350\u5831\u916c\u6307\u6578","^TAI50Ix2    \u81fa\u706350\u5831\u916c\u6307\u6578_\u65e5\u6b632","^TAI100I     \u81fa\u7063\u4e2d\u578b100\u5831\u916c\u6307\u6578","^TAI100Ix2   \u81fa\u7063\u4e2d\u578b100\u5831\u916c\u6307\u6578_\u65e5\u6b632","^TAIDIVIDI   \u81fa\u7063\u9ad8\u80a1\u606f\u5831\u916c\u6307\u6578","^TAIDIVIDIx2 \u81fa\u7063\u9ad8\u80a1\u606f\u5831\u916c\u6307\u6578_\u65e5\u6b632","0050Fund     \u5143\u5927\u53f0\u7063\u5353\u8d8a50\u57fa\u91d1","006208Fund   \u5bcc\u90a6\u53f0\u7063\u91c6\u540950\u57fa\u91d1","0050         \u5143\u5927\u81fa\u706350","00631L       \u5143\u5927\u53f0\u706350\u6b632","00675L       \u5bcc\u90a6\u81fa\u7063\u52a0\u6b0a\u6b632","006208       \u5bcc\u90a6\u53f050","0051         \u5143\u5927\u4e2d\u578b100","006204       \u6c38\u8c50\u81fa\u7063\u52a0\u6b0a","0056         \u5143\u5927\u9ad8\u80a1\u606f","0056         \u5143\u5927\u9ad8\u80a1\u606f_\u80a1\u606f\u4e0d\u6295\u5165","2412         \u4e2d\u83ef\u96fb\u4fe1","2002         \u4e2d\u92fc","2330         \u53f0\u7a4d\u96fb","2317         \u9d3b\u6d77","6505         \u53f0\u5851\u77f3\u5316","3481         \u7fa4\u5275","2303         \u806f\u96fb","2308         \u53f0\u9054\u96fb","2454         \u806f\u767c\u79d1","2886         \u5146\u8c50\u91d1","2884         \u7389\u5c71\u91d1","2891         \u4e2d\u4fe1\u91d1","2892         \u7b2c\u4e00\u91d1","5880         \u5408\u5eab\u91d1","2881         \u5bcc\u90a6\u91d1","2885         \u5143\u5927\u91d1","2887         \u53f0\u65b0\u91d1"],"y":["^TAIEX       \u81fa\u7063\u52a0\u6b0a\u5831\u916c\u6307\u6578","^TWII        \u81fa\u7063\u52a0\u6b0a\u6307\u6578","^TAIEXx2     \u81fa\u7063\u52a0\u6b0a\u5831\u916c\u6307\u6578_\u65e5\u6b632","^TAI50I      \u81fa\u706350\u5831\u916c\u6307\u6578","^TAI50Ix2    \u81fa\u706350\u5831\u916c\u6307\u6578_\u65e5\u6b632","^TAI100I     \u81fa\u7063\u4e2d\u578b100\u5831\u916c\u6307\u6578","^TAI100Ix2   \u81fa\u7063\u4e2d\u578b100\u5831\u916c\u6307\u6578_\u65e5\u6b632","^TAIDIVIDI   \u81fa\u7063\u9ad8\u80a1\u606f\u5831\u916c\u6307\u6578","^TAIDIVIDIx2 \u81fa\u7063\u9ad8\u80a1\u606f\u5831\u916c\u6307\u6578_\u65e5\u6b632","0050Fund     \u5143\u5927\u53f0\u7063\u5353\u8d8a50\u57fa\u91d1","006208Fund   \u5bcc\u90a6\u53f0\u7063\u91c6\u540950\u57fa\u91d1","0050         \u5143\u5927\u81fa\u706350","00631L       \u5143\u5927\u53f0\u706350\u6b632","00675L       \u5bcc\u90a6\u81fa\u7063\u52a0\u6b0a\u6b632","006208       \u5bcc\u90a6\u53f050","0051         \u5143\u5927\u4e2d\u578b100","006204       \u6c38\u8c50\u81fa\u7063\u52a0\u6b0a","0056         \u5143\u5927\u9ad8\u80a1\u606f","0056         \u5143\u5927\u9ad8\u80a1\u606f_\u80a1\u606f\u4e0d\u6295\u5165","2412         \u4e2d\u83ef\u96fb\u4fe1","2002         \u4e2d\u92fc","2330         \u53f0\u7a4d\u96fb","2317         \u9d3b\u6d77","6505         \u53f0\u5851\u77f3\u5316","3481         \u7fa4\u5275","2303         \u806f\u96fb","2308         \u53f0\u9054\u96fb","2454         \u806f\u767c\u79d1","2886         \u5146\u8c50\u91d1","2884         \u7389\u5c71\u91d1","2891         \u4e2d\u4fe1\u91d1","2892         \u7b2c\u4e00\u91d1","5880         \u5408\u5eab\u91d1","2881         \u5bcc\u90a6\u91d1","2885         \u5143\u5927\u91d1","2887         \u53f0\u65b0\u91d1"],"zmin":-1,"zmax":1,"colorbar":{"x":-0.2}}],"layout":{"autotypenumbers":"strict","colorway":["#636efa","#EF553B","#00cc96","#ab63fa","#FFA15A","#19d3f3","#FF6692","#B6E880","#FF97FF","#FECB52"],"font":{"color":"#f2f5fa","family":"Courier New"},"hovermode":"closest","hoverlabel":{"align":"left"},"paper_bgcolor":"rgb(17,17,17)","plot_bgcolor":"rgb(17,17,17)","polar":{"bgcolor":"rgb(17,17,17)","angularaxis":{"gridcolor":"#506784","linecolor":"#506784","ticks":""},"radialaxis":{"gridcolor":"#506784","linecolor":"#506784","ticks":""}},"ternary":{"bgcolor":"rgb(17,17,17)","aaxis":{"gridcolor":"#506784","linecolor":"#506784","ticks":""},"baxis":{"gridcolor":"#506784","linecolor":"#506784","ticks":""},"caxis":{"gridcolor":"#506784","linecolor":"#506784","ticks":""}},"coloraxis":{"colorbar":{"outlinewidth":0,"ticks":""}},"colorscale":{"sequential":[[0.0,"#0d0887"],[0.1111111111111111,"#46039f"],[0.2222222222222222,"#7201a8"],[0.3333333333333333,"#9c179e"],[0.4444444444444444,"#bd3786"],[0.5555555555555556,"#d8576b"],[0.6666666666666666,"#ed7953"],[0.7777777777777778,"#fb9f3a"],[0.8888888888888888,"#fdca26"],[1.0,"#f0f921"]],"sequentialminus":[[0.0,"#0d0887"],[0.1111111111111111,"#46039f"],[0.2222222222222222,"#7201a8"],[0.3333333333333333,"#9c179e"],[0.4444444444444444,"#bd3786"],[0.5555555555555556,"#d8576b"],[0.6666666666666666,"#ed7953"],[0.7777777777777778,"#fb9f3a"],[0.8888888888888888,"#fdca26"],[1.0,"#f0f921"]],"diverging":[[0,"#8e0152"],[0.1,"#c51b7d"],[0.2,"#de77ae"],[0.3,"#f1b6da"],[0.4,"#fde0ef"],[0.5,"#f7f7f7"],[0.6,"#e6f5d0"],[0.7,"#b8e186"],[0.8,"#7fbc41"],[0.9,"#4d9221"],[1,"#276419"]]},"xaxis":{"gridcolor":"rgba(0, 0, 0, 0)","linecolor":"#506784","ticks":"","title":{"standoff":15},"zerolinecolor":"#283442","automargin":true,"zerolinewidth":2,"tickfont":{"family":"Courier New","size":14},"side":"top","tickangle":-90},"yaxis":{"gridcolor":"rgba(0, 0, 0, 0)","linecolor":"#506784","ticks":"","title":{"standoff":15},"zerolinecolor":"#283442","automargin":true,"zerolinewidth":2,"tickfont":{"family":"Courier New"},"side":"right"},"scene":{"xaxis":{"backgroundcolor":"rgb(17,17,17)","gridcolor":"#506784","linecolor":"#506784","showbackground":true,"ticks":"","zerolinecolor":"#C8D4E3","gridwidth":2},"yaxis":{"backgroundcolor":"rgb(17,17,17)","gridcolor":"#506784","linecolor":"#506784","showbackground":true,"ticks":"","zerolinecolor":"#C8D4E3","gridwidth":2},"zaxis":{"backgroundcolor":"rgb(17,17,17)","gridcolor":"#506784","linecolor":"#506784","showbackground":true,"ticks":"","zerolinecolor":"#C8D4E3","gridwidth":2}},"shapedefaults":{"line":{"color":"#f2f5fa"}},"annotationdefaults":{"arrowcolor":"#f2f5fa","arrowhead":0,"arrowwidth":1},"geo":{"bgcolor":"rgb(17,17,17)","landcolor":"rgb(17,17,17)","subunitcolor":"#506784","showland":true,"showlakes":true,"lakecolor":"rgb(17,17,17)"},"title":{"x":0.05,"font":{"family":"Times New Roman"},"y":0.05,"text":"<b>Correlation of Adj Close<b><br><i>2016-09-23 ~ 2026-04-02<i>"},"updatemenudefaults":{"bgcolor":"#506784","borderwidth":0},"sliderdefaults":{"bgcolor":"#C8D4E3","borderwidth":1,"bordercolor":"rgb(17,17,17)","tickwidth":0},"mapbox":{"style":"dark"},"annotations":[{"text":"<b>@zwindr<b>","textangle":0,"opacity":0.5,"font":{"color":"white","size":12},"xref":"paper","yref":"paper","xanchor":"left","yanchor":"bottom","x":1.0,"y":1.0,"showarrow":false}]},"config":{"responsive":true,"toImageButtonOptions":{"filename":"Correlation of Adj Close_2016-09-23~2026-04-02","scale":5}}};Plotly.newPlot("correlationAdjClose",correlationAdjClose.data,correlationAdjClose.layout||{},correlationAdjClose.config);}else{console.log("style display is none => correlationAdjClose");}