var element=document.getElementById("correlationClose");if(element.style.display!='none'){var correlationClose={"data":[{"type":"heatmap","z":[[1.0,0.9999999999999974,1.0,0.9949908545506144,0.9949908545506144,0.9719358517376872,0.9719358517376872,0.9140293317151562,0.9140293317151562,0.7476350695554366,0.9951005881808663,0.6907024841419223,0.9715252219267732,0.9911589137052796,0.9951907783856535,0.9773817539636375,0.9992634856017311,0.9078878005674232,0.9078878005674232,0.7719424078163758,-0.187301392352594,0.98031859850451,0.24455711873968286,-0.16114413026100557,-0.22753170517740254,0.8217478100618067,0.8973227590314331,0.9263779118790323,0.9081250643216371,0.7868841138053746,0.6417742625899343,0.6524783343904466,0.608866862784861,0.9309133234796014,0.8628603766149825,0.25984304844885625],[0.9999999999999974,1.0,0.9999999999999976,0.9949568698023759,0.9949568698023759,0.9715011833574666,0.9715011833574666,0.9147333524738166,0.9147333524738166,0.7492646637970738,0.9950934296222548,0.6925769377368762,0.9712740776931104,0.990733649442253,0.9951860575919704,0.9769453591704306,0.9992608716290143,0.9078799899419223,0.9078799899419223,0.789337578528018,0.02376102676284649,0.9730816721827302,0.00851511111101953,-0.15357715007255218,-0.22800097653806722,0.6673295722629642,0.8963589588445836,0.9055707997903277,0.9042986062986645,0.7952996650167812,0.6331288960667459,0.6500410322756628,0.6338588245883948,0.9295875660218607,0.7349848575540237,0.25586867894397425],[1.0,0.9999999999999976,1.0,0.9949908545506144,0.9949908545506144,0.9719358517376872,0.9719358517376872,0.9140293317151562,0.9140293317151562,0.7476350695554366,0.9951005881808663,0.6907024841419223,0.9715252219267732,0.9911589137052796,0.9951907783856535,0.9773817539636375,0.9992634856017311,0.9078878005674232,0.9078878005674232,0.7719424078163758,-0.187301392352594,0.98031859850451,0.24455711873968286,-0.16114413026100557,-0.22753170517740254,0.8217478100618067,0.8973227590314331,0.9263779118790323,0.9081250643216371,0.7868841138053746,0.6417742625899343,0.6524783343904466,0.608866862784861,0.9309133234796014,0.8628603766149825,0.25984304844885625],[0.9949908545506144,0.9949568698023759,0.9949908545506144,1.0,1.0,0.9595724996292538,0.9595724996292538,0.8966153888058113,0.8966153888058113,0.7082490893723908,0.999634028581965,0.6506782012378449,0.9714008979431451,0.9912264189839709,0.9995881499714535,0.9604526597353222,0.9952256467019458,0.878700403907107,0.878700403907107,0.7412596586517647,-0.194997161316934,0.9924461308133288,0.2731268574067902,-0.19665909830557127,-0.2232796894120601,0.8076697395832109,0.9176872461209722,0.924886948250489,0.8848735724748531,0.7846977027424077,0.6714176290528397,0.6421531330810297,0.5738279797402444,0.9161112428676987,0.8546720557209833,0.2748655605551732],[0.9949908545506144,0.9949568698023759,0.9949908545506144,1.0,1.0,0.9595724996292538,0.9595724996292538,0.8966153888058113,0.8966153888058113,0.7082490893723908,0.999634028581965,0.6506782012378449,0.9714008979431451,0.9912264189839709,0.9995881499714535,0.9604526597353222,0.9952256467019458,0.878700403907107,0.878700403907107,0.7412596586517647,-0.194997161316934,0.9924461308133288,0.2731268574067902,-0.19665909830557127,-0.2232796894120601,0.8076697395832109,0.9176872461209722,0.924886948250489,0.8848735724748531,0.7846977027424077,0.6714176290528397,0.6421531330810297,0.5738279797402444,0.9161112428676987,0.8546720557209833,0.2748655605551732],[0.9719358517376872,0.9715011833574666,0.9719358517376872,0.9595724996292538,0.9595724996292538,1.0,1.0,0.9378540181012522,0.9378540181012522,0.7270322504948734,0.9582863645595473,0.7024542549897146,0.9479094338661488,0.9613060231628625,0.9583013563265295,0.999088346392055,0.9776457117048253,0.9136946828746992,0.9136946828746992,0.6553140875338096,-0.14323484643867024,0.946629181095023,0.3806627953200168,-0.32998336975980513,-0.1114001539127622,0.8837878906230535,0.8551028594085617,0.9416385161654383,0.8892938399859297,0.7571841325675357,0.7961144019187706,0.7455346586774528,0.6803686651618246,0.8715906848460316,0.8880650905641181,0.5214181479328968],[0.9719358517376872,0.9715011833574666,0.9719358517376872,0.9595724996292538,0.9595724996292538,1.0,1.0,0.9378540181012522,0.9378540181012522,0.7270322504948734,0.9582863645595473,0.7024542549897146,0.9479094338661488,0.9613060231628625,0.9583013563265295,0.999088346392055,0.9776457117048253,0.9136946828746992,0.9136946828746992,0.6553140875338096,-0.14323484643867024,0.946629181095023,0.3806627953200168,-0.32998336975980513,-0.1114001539127622,0.8837878906230535,0.8551028594085617,0.9416385161654383,0.8892938399859297,0.7571841325675357,0.7961144019187706,0.7455346586774528,0.6803686651618246,0.8715906848460316,0.8880650905641181,0.5214181479328968],[0.9140293317151562,0.9147333524738166,0.9140293317151562,0.8966153888058113,0.8966153888058113,0.9378540181012522,0.9378540181012522,1.0,1.0,0.7001016530035612,0.9362047809015092,0.7089690270453093,0.9159497421867848,0.9204900742986738,0.936321070506628,0.9399202384650428,0.9469054961529574,0.9695533554692546,0.9695533554692546,0.6099970336819296,-0.021962981778773486,0.8633284160971618,0.5933813252401218,-0.358311901657617,0.01296733361499688,0.802422122738884,0.7493588800424542,0.890087834655393,0.8567290265754756,0.7739925567029535,0.8885172181795068,0.7919593951384034,0.7060118769781082,0.8145164003787643,0.8690887597864139,0.8257373932549029],[0.9140293317151562,0.9147333524738166,0.9140293317151562,0.8966153888058113,0.8966153888058113,0.9378540181012522,0.9378540181012522,1.0,1.0,0.7001016530035612,0.9362047809015092,0.7089690270453093,0.9159497421867848,0.9204900742986738,0.936321070506628,0.9399202384650428,0.9469054961529574,0.9695533554692546,0.9695533554692546,0.6099970336819296,-0.021962981778773486,0.8633284160971618,0.5933813252401218,-0.358311901657617,0.01296733361499688,0.802422122738884,0.7493588800424542,0.890087834655393,0.8567290265754756,0.7739925567029535,0.8885172181795068,0.7919593951384034,0.7060118769781082,0.8145164003787643,0.8690887597864139,0.8257373932549029],[0.7476350695554366,0.7492646637970738,0.7476350695554366,0.7082490893723908,0.7082490893723908,0.7270322504948734,0.7270322504948734,0.7001016530035612,0.7001016530035612,1.0,0.5674626606276363,0.9999696156771916,0.47206502708362785,0.34801091659824307,0.5694448015234813,0.7219973981361976,0.6355158857133016,0.7916958592993594,0.7916958592993594,0.6854732823552402,-0.09730720989402755,0.6758246806018098,0.035239947938549836,0.0497974452780121,-0.24291513195764997,0.7625376154210757,0.42945036014846044,0.7166825688974534,0.8007371543267007,0.6702118046819304,0.32680590018538097,0.5216568967000225,0.5619122135846472,0.7679798621600726,0.6108165045959649,0.1672364197083443],[0.9951005881808663,0.9950934296222548,0.9951005881808663,0.999634028581965,0.999634028581965,0.9582863645595473,0.9582863645595473,0.9362047809015092,0.9362047809015092,0.5674626606276363,1.0,0.5673648180047693,0.9711557007195959,0.9909429244879647,0.9999415468481235,0.95592897550214,0.9947018580281799,0.8875539126258521,0.8875539126258521,0.850539690367807,-0.07436463343057342,0.99708758648547,0.905921406312776,-0.5392967714503633,0.4601468928018149,0.8122556202942062,0.8928061001513379,0.9366474897882701,0.8733548093277835,0.8105540557731633,0.9357427236111838,0.8513677660505111,0.7262032550603956,0.8984618005861325,0.9531162864314866,0.8241849158039323],[0.6907024841419223,0.6925769377368762,0.6907024841419223,0.6506782012378449,0.6506782012378449,0.7024542549897146,0.7024542549897146,0.7089690270453093,0.7089690270453093,0.9999696156771916,0.5673648180047693,1.0,0.4728344718207922,0.34868826957630933,0.5701313351743125,0.7118019134160408,0.6360808658281556,0.7853488040431345,0.7853488040431345,0.6385102268859947,0.033511363604025776,0.622249423362372,0.39004308365077195,-0.1613958266901224,-0.23236593229185543,0.7875678438228536,0.33001139126729956,0.6835874239709312,0.7693810149498507,0.6889380968801198,0.510122987393288,0.684079874979633,0.6764728168432872,0.7184056758999555,0.5855364202791473,0.6187536573055139],[0.9715252219267732,0.9712740776931104,0.9715252219267732,0.9714008979431451,0.9714008979431451,0.9479094338661488,0.9479094338661488,0.9159497421867848,0.9159497421867848,0.47206502708362785,0.9711557007195959,0.4728344718207922,1.0,0.972446635635105,0.9708506485671786,0.9439436456994668,0.969893451658569,0.8551311771319741,0.8551311771319741,0.8207212376270993,-0.049136809033399245,0.9699173810894101,0.9062001655775751,-0.6584945436796816,0.5095006473339826,0.7679023407049073,0.8702492893810964,0.922178512577656,0.8415970739259572,0.7438839825348658,0.9150710758462924,0.8125214767596431,0.6828975483281399,0.8682440834269607,0.9394327735193663,0.8267136586894793],[0.9911589137052796,0.990733649442253,0.9911589137052796,0.9912264189839709,0.9912264189839709,0.9613060231628625,0.9613060231628625,0.9204900742986738,0.9204900742986738,0.34801091659824307,0.9909429244879647,0.34868826957630933,0.972446635635105,1.0,0.9909688703646158,0.9556150635857298,0.9893646990084201,0.8432880973553026,0.8432880973553026,0.8523545857590309,-0.18096635086803575,0.9894090248012358,0.9164171304670536,-0.8022824952878286,0.5688823465634459,0.7225242188608569,0.9224682765650679,0.9226706572144344,0.8212380665162003,0.6952175898701702,0.9414113757221191,0.8076582486759354,0.6098730538552922,0.8875020894868322,0.9576470144911499,0.8304346241636593],[0.9951907783856535,0.9951860575919704,0.9951907783856535,0.9995881499714535,0.9995881499714535,0.9583013563265295,0.9583013563265295,0.936321070506628,0.936321070506628,0.5694448015234813,0.9999415468481235,0.5701313351743125,0.9708506485671786,0.9909688703646158,1.0,0.9560720399094008,0.9948004540689003,0.8884078967911551,0.8884078967911551,0.851525450207021,-0.07341243809053662,0.9969388005651157,0.9052935690306178,-0.5366206954729041,0.45945568051938407,0.8130062175794374,0.8914417482444446,0.9362138820941153,0.8742271827145233,0.8116720168044907,0.9351617787395657,0.8525959841234321,0.7278395405634562,0.8985678077361838,0.9531717924990261,0.8244812957642994],[0.9773817539636375,0.9769453591704306,0.9773817539636375,0.9604526597353222,0.9604526597353222,0.999088346392055,0.999088346392055,0.9399202384650428,0.9399202384650428,0.7219973981361976,0.95592897550214,0.7118019134160408,0.9439436456994668,0.9556150635857298,0.9560720399094008,1.0,0.9771140124117982,0.9158707964929804,0.9158707964929804,0.7042981703691623,-0.12876405981172864,0.949836617117426,0.6959217404474396,-0.45882487254714205,-0.14083554413975385,0.8951481580251861,0.8424588126084763,0.9382848796560819,0.8973130546243195,0.7911794367011626,0.8801865865672005,0.7909307909314853,0.7378359298095903,0.8925552838700991,0.884897172096621,0.819659112230669],[0.9992634856017311,0.9992608716290143,0.9992634856017311,0.9952256467019458,0.9952256467019458,0.9776457117048253,0.9776457117048253,0.9469054961529574,0.9469054961529574,0.6355158857133016,0.9947018580281799,0.6360808658281556,0.969893451658569,0.9893646990084201,0.9948004540689003,0.9771140124117982,1.0,0.9172035368990673,0.9172035368990673,0.8638490115471992,-0.05625721013998031,0.9886017755813757,0.8805770968201737,-0.5225942732837326,0.4668345214938767,0.8589802008741891,0.87763555973281,0.9490552100851569,0.9074128248802004,0.8322653489804809,0.9245026881778846,0.8856098804583711,0.7748657112647866,0.9141963051169364,0.9613275263473127,0.8661183707145006],[0.9078878005674232,0.9078799899419223,0.9078878005674232,0.878700403907107,0.878700403907107,0.9136946828746992,0.9136946828746992,0.9695533554692546,0.9695533554692546,0.7916958592993594,0.8875539126258521,0.7853488040431345,0.8551311771319741,0.8432880973553026,0.8884078967911551,0.9158707964929804,0.9172035368990673,1.0,1.0,0.755131014417191,-0.06960386904437321,0.8438701890537145,0.587678760277853,-0.24045867930988332,-0.1926907573212707,0.8382614044339294,0.6884210655503876,0.8459678075442811,0.9207198634957997,0.8485128647026708,0.800024574880735,0.7701940740593117,0.7071166559848792,0.8561325575576972,0.7899325243340949,0.8595382505683408],[0.9078878005674232,0.9078799899419223,0.9078878005674232,0.878700403907107,0.878700403907107,0.9136946828746992,0.9136946828746992,0.9695533554692546,0.9695533554692546,0.7916958592993594,0.8875539126258521,0.7853488040431345,0.8551311771319741,0.8432880973553026,0.8884078967911551,0.9158707964929804,0.9172035368990673,1.0,1.0,0.755131014417191,-0.06960386904437321,0.8438701890537145,0.587678760277853,-0.24045867930988332,-0.1926907573212707,0.8382614044339294,0.6884210655503876,0.8459678075442811,0.9207198634957997,0.8485128647026708,0.800024574880735,0.7701940740593117,0.7071166559848792,0.8561325575576972,0.7899325243340949,0.8595382505683408],[0.7719424078163758,0.789337578528018,0.7719424078163758,0.7412596586517647,0.7412596586517647,0.6553140875338096,0.6553140875338096,0.6099970336819296,0.6099970336819296,0.6854732823552402,0.850539690367807,0.6385102268859947,0.8207212376270993,0.8523545857590309,0.851525450207021,0.7042981703691623,0.8638490115471992,0.755131014417191,0.755131014417191,1.0,0.01604358825231926,0.7021136710119564,-0.3133964356634213,0.277537646086216,-0.6452162968882585,0.38198074667766097,0.6395219477683309,0.5329732071435623,0.8420368171623012,0.706776575346892,0.1770419380432626,0.3375146621392358,0.5731963630930929,0.7887133310157818,0.5041190397745697,-0.10675691983201109],[-0.187301392352594,0.02376102676284649,-0.187301392352594,-0.194997161316934,-0.194997161316934,-0.14323484643867024,-0.14323484643867024,-0.021962981778773486,-0.021962981778773486,-0.09730720989402755,-0.07436463343057342,0.033511363604025776,-0.049136809033399245,-0.18096635086803575,-0.07341243809053662,-0.12876405981172864,-0.05625721013998031,-0.06960386904437321,-0.06960386904437321,0.01604358825231926,1.0,-0.12882629473431306,0.08514431273744955,0.17670008781149502,0.741280355443587,-0.11052356135714088,-0.09478850723352775,-0.05220216752781342,0.13622312391867458,-0.028710045837630066,-0.010746907376102136,0.2907722210591018,0.5525789304723632,-0.15094671918023986,0.06593563473503183,0.12749041028416538],[0.98031859850451,0.9730816721827302,0.98031859850451,0.9924461308133288,0.9924461308133288,0.946629181095023,0.946629181095023,0.8633284160971618,0.8633284160971618,0.6758246806018098,0.99708758648547,0.622249423362372,0.9699173810894101,0.9894090248012358,0.9969388005651157,0.949836617117426,0.9886017755813757,0.8438701890537145,0.8438701890537145,0.7021136710119564,-0.12882629473431306,1.0,0.18022850950874014,-0.2471439670219413,-0.264218257871065,0.6773831470384674,0.924427330896419,0.9090319716042462,0.8291629695562301,0.7522573155114777,0.6743896892080133,0.6106124349315497,0.507178663146619,0.8940884917318858,0.7180672813858456,0.2594146233000899],[0.24455711873968286,0.00851511111101953,0.24455711873968286,0.2731268574067902,0.2731268574067902,0.3806627953200168,0.3806627953200168,0.5933813252401218,0.5933813252401218,0.035239947938549836,0.905921406312776,0.39004308365077195,0.9062001655775751,0.9164171304670536,0.9052935690306178,0.6959217404474396,0.8805770968201737,0.587678760277853,0.587678760277853,-0.3133964356634213,0.08514431273744955,0.18022850950874014,1.0,-0.4782088164636095,0.6878163774495141,0.4071743566380484,0.20756405060400399,0.3685558543128845,-0.04714675869240687,0.12982327718006414,0.6238394601738368,0.505188711518724,0.21511915665407644,0.07503020649681663,0.42973434871886546,0.492849797646863],[-0.16114413026100557,-0.15357715007255218,-0.16114413026100557,-0.19665909830557127,-0.19665909830557127,-0.32998336975980513,-0.32998336975980513,-0.358311901657617,-0.358311901657617,0.0497974452780121,-0.5392967714503633,-0.1613958266901224,-0.6584945436796816,-0.8022824952878286,-0.5366206954729041,-0.45882487254714205,-0.5225942732837326,-0.24045867930988332,-0.24045867930988332,0.277537646086216,0.17670008781149502,-0.2471439670219413,-0.4782088164636095,1.0,-0.025076475370859642,-0.1989444732916643,-0.24506938634132294,-0.33771885205413316,-0.08001516326453385,-0.11207141861305452,-0.5758334124605781,-0.2293473933292556,-0.04155092148529878,-0.09298882506120769,-0.26505549379737064,-0.4269261156496603],[-0.22753170517740254,-0.22800097653806722,-0.22753170517740254,-0.2232796894120601,-0.2232796894120601,-0.1114001539127622,-0.1114001539127622,0.01296733361499688,0.01296733361499688,-0.24291513195764997,0.4601468928018149,-0.23236593229185543,0.5095006473339826,0.5688823465634459,0.45945568051938407,-0.14083554413975385,0.4668345214938767,-0.1926907573212707,-0.1926907573212707,-0.6452162968882585,0.741280355443587,-0.264218257871065,0.6878163774495141,-0.025076475370859642,1.0,-0.10455941885054296,-0.18268674696208317,-0.06404557959126839,-0.34498483222998,-0.32181831818651063,0.058119558557301505,0.1552701193947013,0.2602652860685139,-0.3643219975507025,0.09926809932870746,0.08464863571342511],[0.8217478100618067,0.6673295722629642,0.8217478100618067,0.8076697395832109,0.8076697395832109,0.8837878906230535,0.8837878906230535,0.802422122738884,0.802422122738884,0.7625376154210757,0.8122556202942062,0.7875678438228536,0.7679023407049073,0.7225242188608569,0.8130062175794374,0.8951481580251861,0.8589802008741891,0.8382614044339294,0.8382614044339294,0.38198074667766097,-0.11052356135714088,0.6773831470384674,0.4071743566380484,-0.1989444732916643,-0.10455941885054296,1.0,0.5479525688522838,0.8474195433978512,0.5195326090463476,0.6499192084923566,0.5898645474259183,0.6756854636945103,0.43470538287905514,0.7254109608886089,0.7211200592707779,0.4485884635951465],[0.8973227590314331,0.8963589588445836,0.8973227590314331,0.9176872461209722,0.9176872461209722,0.8551028594085617,0.8551028594085617,0.7493588800424542,0.7493588800424542,0.42945036014846044,0.8928061001513379,0.33001139126729956,0.8702492893810964,0.9224682765650679,0.8914417482444446,0.8424588126084763,0.87763555973281,0.6884210655503876,0.6884210655503876,0.6395219477683309,-0.09478850723352775,0.924427330896419,0.20756405060400399,-0.24506938634132294,-0.18268674696208317,0.5479525688522838,1.0,0.801814422579404,0.7126121905491078,0.6374190634089407,0.6170446447584171,0.5053911463422815,0.4520040109308817,0.7934854084890528,0.6713800853369938,0.21685292989362187],[0.9263779118790323,0.9055707997903277,0.9263779118790323,0.924886948250489,0.924886948250489,0.9416385161654383,0.9416385161654383,0.890087834655393,0.890087834655393,0.7166825688974534,0.9366474897882701,0.6835874239709312,0.922178512577656,0.9226706572144344,0.9362138820941153,0.9382848796560819,0.9490552100851569,0.8459678075442811,0.8459678075442811,0.5329732071435623,-0.05220216752781342,0.9090319716042462,0.3685558543128845,-0.33771885205413316,-0.06404557959126839,0.8474195433978512,0.801814422579404,1.0,0.7630049679527096,0.6406640909381391,0.6641909136108808,0.6263571147683158,0.5311750694363513,0.8361879574347068,0.8591271275100546,0.2800804885024373],[0.9081250643216371,0.9042986062986645,0.9081250643216371,0.8848735724748531,0.8848735724748531,0.8892938399859297,0.8892938399859297,0.8567290265754756,0.8567290265754756,0.8007371543267007,0.8733548093277835,0.7693810149498507,0.8415970739259572,0.8212380665162003,0.8742271827145233,0.8973130546243195,0.9074128248802004,0.9207198634957997,0.9207198634957997,0.8420368171623012,0.13622312391867458,0.8291629695562301,-0.04714675869240687,-0.08001516326453385,-0.34498483222998,0.5195326090463476,0.7126121905491078,0.7630049679527096,1.0,0.9115411618199045,0.5774535160161288,0.7042532687926202,0.6698950127517509,0.8846857646975589,0.541881861324525,0.3317221596909928],[0.7868841138053746,0.7952996650167812,0.7868841138053746,0.7846977027424077,0.7846977027424077,0.7571841325675357,0.7571841325675357,0.7739925567029535,0.7739925567029535,0.6702118046819304,0.8105540557731633,0.6889380968801198,0.7438839825348658,0.6952175898701702,0.8116720168044907,0.7911794367011626,0.8322653489804809,0.8485128647026708,0.8485128647026708,0.706776575346892,-0.028710045837630066,0.7522573155114777,0.12982327718006414,-0.11207141861305452,-0.32181831818651063,0.6499192084923566,0.6374190634089407,0.6406640909381391,0.9115411618199045,1.0,0.6126533367922515,0.6884302936944312,0.6148529398798506,0.7504228648594669,0.6179907931909775,0.49925811179978224],[0.6417742625899343,0.6331288960667459,0.6417742625899343,0.6714176290528397,0.6714176290528397,0.7961144019187706,0.7961144019187706,0.8885172181795068,0.8885172181795068,0.32680590018538097,0.9357427236111838,0.510122987393288,0.9150710758462924,0.9414113757221191,0.9351617787395657,0.8801865865672005,0.9245026881778846,0.800024574880735,0.800024574880735,0.1770419380432626,-0.010746907376102136,0.6743896892080133,0.6238394601738368,-0.5758334124605781,0.058119558557301505,0.5898645474259183,0.6170446447584171,0.6641909136108808,0.5774535160161288,0.6126533367922515,1.0,0.7491294287090292,0.38916420969286525,0.5613813046299064,0.6576874182157186,0.7575617055811973],[0.6524783343904466,0.6500410322756628,0.6524783343904466,0.6421531330810297,0.6421531330810297,0.7455346586774528,0.7455346586774528,0.7919593951384034,0.7919593951384034,0.5216568967000225,0.8513677660505111,0.684079874979633,0.8125214767596431,0.8076582486759354,0.8525959841234321,0.7909307909314853,0.8856098804583711,0.7701940740593117,0.7701940740593117,0.3375146621392358,0.2907722210591018,0.6106124349315497,0.505188711518724,-0.2293473933292556,0.1552701193947013,0.6756854636945103,0.5053911463422815,0.6263571147683158,0.7042532687926202,0.6884302936944312,0.7491294287090292,1.0,0.7790517729645533,0.5315874474102807,0.7384930869094684,0.5695223921989359],[0.608866862784861,0.6338588245883948,0.608866862784861,0.5738279797402444,0.5738279797402444,0.6803686651618246,0.6803686651618246,0.7060118769781082,0.7060118769781082,0.5619122135846472,0.7262032550603956,0.6764728168432872,0.6828975483281399,0.6098730538552922,0.7278395405634562,0.7378359298095903,0.7748657112647866,0.7071166559848792,0.7071166559848792,0.5731963630930929,0.5525789304723632,0.507178663146619,0.21511915665407644,-0.04155092148529878,0.2602652860685139,0.43470538287905514,0.4520040109308817,0.5311750694363513,0.6698950127517509,0.6148529398798506,0.38916420969286525,0.7790517729645533,1.0,0.49993877876731213,0.6551984134352781,0.21841604654519683],[0.9309133234796014,0.9295875660218607,0.9309133234796014,0.9161112428676987,0.9161112428676987,0.8715906848460316,0.8715906848460316,0.8145164003787643,0.8145164003787643,0.7679798621600726,0.8984618005861325,0.7184056758999555,0.8682440834269607,0.8875020894868322,0.8985678077361838,0.8925552838700991,0.9141963051169364,0.8561325575576972,0.8561325575576972,0.7887133310157818,-0.15094671918023986,0.8940884917318858,0.07503020649681663,-0.09298882506120769,-0.3643219975507025,0.7254109608886089,0.7934854084890528,0.8361879574347068,0.8846857646975589,0.7504228648594669,0.5613813046299064,0.5315874474102807,0.49993877876731213,1.0,0.7623952033656266,0.2254377058171303],[0.8628603766149825,0.7349848575540237,0.8628603766149825,0.8546720557209833,0.8546720557209833,0.8880650905641181,0.8880650905641181,0.8690887597864139,0.8690887597864139,0.6108165045959649,0.9531162864314866,0.5855364202791473,0.9394327735193663,0.9576470144911499,0.9531717924990261,0.884897172096621,0.9613275263473127,0.7899325243340949,0.7899325243340949,0.5041190397745697,0.06593563473503183,0.7180672813858456,0.42973434871886546,-0.26505549379737064,0.09926809932870746,0.7211200592707779,0.6713800853369938,0.8591271275100546,0.541881861324525,0.6179907931909775,0.6576874182157186,0.7384930869094684,0.6551984134352781,0.7623952033656266,1.0,0.2502393125440034],[0.25984304844885625,0.25586867894397425,0.25984304844885625,0.2748655605551732,0.2748655605551732,0.5214181479328968,0.5214181479328968,0.8257373932549029,0.8257373932549029,0.1672364197083443,0.8241849158039323,0.6187536573055139,0.8267136586894793,0.8304346241636593,0.8244812957642994,0.819659112230669,0.8661183707145006,0.8595382505683408,0.8595382505683408,-0.10675691983201109,0.12749041028416538,0.2594146233000899,0.492849797646863,-0.4269261156496603,0.08464863571342511,0.4485884635951465,0.21685292989362187,0.2800804885024373,0.3317221596909928,0.49925811179978224,0.7575617055811973,0.5695223921989359,0.21841604654519683,0.2254377058171303,0.2502393125440034,1.0]],"x":["^TAIEX       \u81fa\u7063\u52a0\u6b0a\u5831\u916c\u6307\u6578","^TWII        \u81fa\u7063\u52a0\u6b0a\u6307\u6578","^TAIEXx2     \u81fa\u7063\u52a0\u6b0a\u5831\u916c\u6307\u6578_\u65e5\u6b632","^TAI50I      \u81fa\u706350\u5831\u916c\u6307\u6578","^TAI50Ix2    \u81fa\u706350\u5831\u916c\u6307\u6578_\u65e5\u6b632","^TAI100I     \u81fa\u7063\u4e2d\u578b100\u5831\u916c\u6307\u6578","^TAI100Ix2   \u81fa\u7063\u4e2d\u578b100\u5831\u916c\u6307\u6578_\u65e5\u6b632","^TAIDIVIDI   \u81fa\u7063\u9ad8\u80a1\u606f\u5831\u916c\u6307\u6578","^TAIDIVIDIx2 \u81fa\u7063\u9ad8\u80a1\u606f\u5831\u916c\u6307\u6578_\u65e5\u6b632","0050Fund     \u5143\u5927\u53f0\u7063\u5353\u8d8a50\u57fa\u91d1","006208Fund   \u5bcc\u90a6\u53f0\u7063\u91c6\u540950\u57fa\u91d1","0050         \u5143\u5927\u81fa\u706350","00631L       \u5143\u5927\u53f0\u706350\u6b632","00675L       \u5bcc\u90a6\u81fa\u7063\u52a0\u6b0a\u6b632","006208       \u5bcc\u90a6\u53f050","0051         \u5143\u5927\u4e2d\u578b100","006204       \u6c38\u8c50\u81fa\u7063\u52a0\u6b0a","0056         \u5143\u5927\u9ad8\u80a1\u606f","0056         \u5143\u5927\u9ad8\u80a1\u606f_\u80a1\u606f\u4e0d\u6295\u5165","2412         \u4e2d\u83ef\u96fb\u4fe1","2002         \u4e2d\u92fc","2330         \u53f0\u7a4d\u96fb","2317         \u9d3b\u6d77","6505         \u53f0\u5851\u77f3\u5316","3481         \u7fa4\u5275","2303         \u806f\u96fb","2308         \u53f0\u9054\u96fb","2454         \u806f\u767c\u79d1","2886         \u5146\u8c50\u91d1","2884         \u7389\u5c71\u91d1","2891         \u4e2d\u4fe1\u91d1","2892         \u7b2c\u4e00\u91d1","5880         \u5408\u5eab\u91d1","2881         \u5bcc\u90a6\u91d1","2885         \u5143\u5927\u91d1","2887         \u53f0\u65b0\u91d1"],"y":["^TAIEX       \u81fa\u7063\u52a0\u6b0a\u5831\u916c\u6307\u6578","^TWII        \u81fa\u7063\u52a0\u6b0a\u6307\u6578","^TAIEXx2     \u81fa\u7063\u52a0\u6b0a\u5831\u916c\u6307\u6578_\u65e5\u6b632","^TAI50I      \u81fa\u706350\u5831\u916c\u6307\u6578","^TAI50Ix2    \u81fa\u706350\u5831\u916c\u6307\u6578_\u65e5\u6b632","^TAI100I     \u81fa\u7063\u4e2d\u578b100\u5831\u916c\u6307\u6578","^TAI100Ix2   \u81fa\u7063\u4e2d\u578b100\u5831\u916c\u6307\u6578_\u65e5\u6b632","^TAIDIVIDI   \u81fa\u7063\u9ad8\u80a1\u606f\u5831\u916c\u6307\u6578","^TAIDIVIDIx2 \u81fa\u7063\u9ad8\u80a1\u606f\u5831\u916c\u6307\u6578_\u65e5\u6b632","0050Fund     \u5143\u5927\u53f0\u7063\u5353\u8d8a50\u57fa\u91d1","006208Fund   \u5bcc\u90a6\u53f0\u7063\u91c6\u540950\u57fa\u91d1","0050         \u5143\u5927\u81fa\u706350","00631L       \u5143\u5927\u53f0\u706350\u6b632","00675L       \u5bcc\u90a6\u81fa\u7063\u52a0\u6b0a\u6b632","006208       \u5bcc\u90a6\u53f050","0051         \u5143\u5927\u4e2d\u578b100","006204       \u6c38\u8c50\u81fa\u7063\u52a0\u6b0a","0056         \u5143\u5927\u9ad8\u80a1\u606f","0056         \u5143\u5927\u9ad8\u80a1\u606f_\u80a1\u606f\u4e0d\u6295\u5165","2412         \u4e2d\u83ef\u96fb\u4fe1","2002         \u4e2d\u92fc","2330         \u53f0\u7a4d\u96fb","2317         \u9d3b\u6d77","6505         \u53f0\u5851\u77f3\u5316","3481         \u7fa4\u5275","2303         \u806f\u96fb","2308         \u53f0\u9054\u96fb","2454         \u806f\u767c\u79d1","2886         \u5146\u8c50\u91d1","2884         \u7389\u5c71\u91d1","2891         \u4e2d\u4fe1\u91d1","2892         \u7b2c\u4e00\u91d1","5880         \u5408\u5eab\u91d1","2881         \u5bcc\u90a6\u91d1","2885         \u5143\u5927\u91d1","2887         \u53f0\u65b0\u91d1"],"zmin":-1,"zmax":1,"colorbar":{"x":-0.2}}],"layout":{"autotypenumbers":"strict","colorway":["#636efa","#EF553B","#00cc96","#ab63fa","#FFA15A","#19d3f3","#FF6692","#B6E880","#FF97FF","#FECB52"],"font":{"color":"#f2f5fa","family":"Courier New"},"hovermode":"closest","hoverlabel":{"align":"left"},"paper_bgcolor":"rgb(17,17,17)","plot_bgcolor":"rgb(17,17,17)","polar":{"bgcolor":"rgb(17,17,17)","angularaxis":{"gridcolor":"#506784","linecolor":"#506784","ticks":""},"radialaxis":{"gridcolor":"#506784","linecolor":"#506784","ticks":""}},"ternary":{"bgcolor":"rgb(17,17,17)","aaxis":{"gridcolor":"#506784","linecolor":"#506784","ticks":""},"baxis":{"gridcolor":"#506784","linecolor":"#506784","ticks":""},"caxis":{"gridcolor":"#506784","linecolor":"#506784","ticks":""}},"coloraxis":{"colorbar":{"outlinewidth":0,"ticks":""}},"colorscale":{"sequential":[[0.0,"#0d0887"],[0.1111111111111111,"#46039f"],[0.2222222222222222,"#7201a8"],[0.3333333333333333,"#9c179e"],[0.4444444444444444,"#bd3786"],[0.5555555555555556,"#d8576b"],[0.6666666666666666,"#ed7953"],[0.7777777777777778,"#fb9f3a"],[0.8888888888888888,"#fdca26"],[1.0,"#f0f921"]],"sequentialminus":[[0.0,"#0d0887"],[0.1111111111111111,"#46039f"],[0.2222222222222222,"#7201a8"],[0.3333333333333333,"#9c179e"],[0.4444444444444444,"#bd3786"],[0.5555555555555556,"#d8576b"],[0.6666666666666666,"#ed7953"],[0.7777777777777778,"#fb9f3a"],[0.8888888888888888,"#fdca26"],[1.0,"#f0f921"]],"diverging":[[0,"#8e0152"],[0.1,"#c51b7d"],[0.2,"#de77ae"],[0.3,"#f1b6da"],[0.4,"#fde0ef"],[0.5,"#f7f7f7"],[0.6,"#e6f5d0"],[0.7,"#b8e186"],[0.8,"#7fbc41"],[0.9,"#4d9221"],[1,"#276419"]]},"xaxis":{"gridcolor":"rgba(0, 0, 0, 0)","linecolor":"#506784","ticks":"","title":{"standoff":15},"zerolinecolor":"#283442","automargin":true,"zerolinewidth":2,"tickfont":{"family":"Courier New","size":14},"side":"top","tickangle":-90},"yaxis":{"gridcolor":"rgba(0, 0, 0, 0)","linecolor":"#506784","ticks":"","title":{"standoff":15},"zerolinecolor":"#283442","automargin":true,"zerolinewidth":2,"tickfont":{"family":"Courier New"},"side":"right"},"scene":{"xaxis":{"backgroundcolor":"rgb(17,17,17)","gridcolor":"#506784","linecolor":"#506784","showbackground":true,"ticks":"","zerolinecolor":"#C8D4E3","gridwidth":2},"yaxis":{"backgroundcolor":"rgb(17,17,17)","gridcolor":"#506784","linecolor":"#506784","showbackground":true,"ticks":"","zerolinecolor":"#C8D4E3","gridwidth":2},"zaxis":{"backgroundcolor":"rgb(17,17,17)","gridcolor":"#506784","linecolor":"#506784","showbackground":true,"ticks":"","zerolinecolor":"#C8D4E3","gridwidth":2}},"shapedefaults":{"line":{"color":"#f2f5fa"}},"annotationdefaults":{"arrowcolor":"#f2f5fa","arrowhead":0,"arrowwidth":1},"geo":{"bgcolor":"rgb(17,17,17)","landcolor":"rgb(17,17,17)","subunitcolor":"#506784","showland":true,"showlakes":true,"lakecolor":"rgb(17,17,17)"},"title":{"x":0.05,"font":{"family":"Times New Roman"},"y":0.05,"text":"<b>Correlation of Close<b><br><i>2016-09-23 ~ 2026-03-30<i>"},"updatemenudefaults":{"bgcolor":"#506784","borderwidth":0},"sliderdefaults":{"bgcolor":"#C8D4E3","borderwidth":1,"bordercolor":"rgb(17,17,17)","tickwidth":0},"mapbox":{"style":"dark"},"annotations":[{"text":"<b>@zwindr<b>","textangle":0,"opacity":0.5,"font":{"color":"white","size":12},"xref":"paper","yref":"paper","xanchor":"left","yanchor":"bottom","x":1.0,"y":1.0,"showarrow":false}]},"config":{"responsive":true,"toImageButtonOptions":{"filename":"Correlation of Close_2016-09-23~2026-03-30","scale":5}}};Plotly.newPlot("correlationClose",correlationClose.data,correlationClose.layout||{},correlationClose.config);}else{console.log("style display is none => correlationClose");}