var element = document.getElementById("correlationAdjClose");

if (element.style.display != 'none') {
    var correlationAdjClose = {"data": [{"type": "heatmap", "z": [[1.0, 0.994123726317271, 0.9770695099367465, 0.997579890589857, 0.9644255166182538, 0.9818056075814419, -0.944367943221301, 0.9900768991109806, 0.9708138801105239, 0.9971641838094327, 0.9971478888244911, 0.9976421354297692, 0.993407730950869, 0.9941055037203337, 0.997167499840223, 0.9841616284037336, 0.9996757400118774, 0.9900773155045136, 0.920620793335834, 0.7351837324687851, 0.9853515494612544, 0.9227280977425388, 0.43151521175056945, -0.3038775080551478, 0.9009413199804689, 0.9711305162273821, 0.955519565568263, 0.9802526709780267, 0.9645252455429137, 0.9758019842978214, 0.9722786142102701, 0.9456275197714333, 0.9801680308567318, 0.9708653594540573, 0.9545588849117038], [0.994123726317271, 1.0, 0.9724344348818338, 0.991320998673111, 0.9597379782109103, 0.9773482033902171, -0.9397290650048978, 0.9811978952979286, 0.9640187378550424, 0.9952323803715726, 0.9950756027291011, 0.9943553537657396, 0.9924803838261791, 0.9917916622363291, 0.9950388044376347, 0.9783167197924778, 0.9967301406003416, 0.9838755195654498, 0.9098788036445309, 0.7477263861692268, 0.9672276683312473, 0.9024696227397888, 0.43069732546259365, -0.2290722910033007, 0.8754831271069486, 0.9590938519286665, 0.9549564232347205, 0.9585286546190119, 0.9507563241615966, 0.9656240440701557, 0.9567685400496547, 0.9436397484846787, 0.9691987995209669, 0.9610551523834725, 0.9484408463340871], [0.9770695099367465, 0.9724344348818338, 1.0, 0.9834089940209245, 0.9958841813626484, 0.9787476103871663, -0.9761265308692806, 0.9699935076154426, 0.9839508328555358, 0.9890262593611299, 0.9897257802483387, 0.9862331210547244, 0.9970066421174127, 0.9968064581746754, 0.989479283459953, 0.9772639422129824, 0.9878320952696336, 0.9698245323804343, 0.8285730690868824, 0.6235192694273691, 0.9904834703134615, 0.9142169568647065, 0.26576225942597886, -0.2274275970346446, 0.9047018453306113, 0.9446031210453353, 0.9798612026669248, 0.93023826029056, 0.9129017069967986, 0.9649765698466283, 0.9204569154320121, 0.9064049122505339, 0.9668859978570762, 0.974114397494455, 0.9233665440239675], [0.997579890589857, 0.991320998673111, 0.9834089940209245, 1.0, 0.9764571552567812, 0.9740001550450229, -0.9394001366830729, 0.9842255429770475, 0.9682661382005638, 0.9999717370266257, 0.9999896181213339, 0.999957851016041, 0.9915767426629365, 0.9895736479186509, 0.999943452542038, 0.9737044796484676, 0.9960229327439074, 0.9840237506889019, 0.9064701119948111, 0.7041728350918027, 0.9934068987887787, 0.9243830759391917, 0.4061166498736435, -0.2950999036126555, 0.8982719621141256, 0.967757720013206, 0.9618578425129873, 0.9710205214348809, 0.9616222513517994, 0.9781222723641461, 0.9623952663794861, 0.9342203186158486, 0.9781563283326287, 0.969473348886419, 0.9458707320962514], [0.9644255166182538, 0.9597379782109103, 0.9958841813626484, 0.9764571552567812, 1.0, 0.957949522691013, -0.9575213852271176, 0.9542248413625497, 0.971181502503831, 0.984951428310294, 0.9857013509449573, 0.9817004448638668, 0.9860065318961625, 0.9823765378533937, 0.9853222244099216, 0.9553417551752722, 0.9755362497459406, 0.9539183469103955, 0.8074648022034644, 0.5863810979921469, 0.9895286653075721, 0.9101043339904273, 0.2397440378082328, -0.22032602740833143, 0.8845724171982842, 0.9329291747816388, 0.9771209733126415, 0.909478378751712, 0.8989043491503708, 0.9589785555348814, 0.8984929785803575, 0.8795871216961135, 0.9562314691916785, 0.9620518061281249, 0.8991108774522011], [0.9818056075814419, 0.9773482033902171, 0.9787476103871663, 0.9740001550450229, 0.957949522691013, 1.0, -0.9811096447937869, 0.9809118617544158, 0.9801978878149209, 0.9689915466049047, 0.9693134431921199, 0.972010295478734, 0.9772410431452566, 0.9752302907312779, 0.9691422747038625, 0.9999038033818, 0.9862304619557779, 0.9819746193199808, 0.8632552681766755, 0.7020447043773128, 0.9674029399789743, 0.8935794607827552, 0.29869771161727343, -0.2167312315620658, 0.9360143167634959, 0.952655138900739, 0.9601229014148575, 0.9580027737441983, 0.9287216441319012, 0.9524301500279118, 0.9521772287172912, 0.9550036436865595, 0.9574480505751557, 0.9767556079495938, 0.9554185536822473], [-0.944367943221301, -0.9397290650048978, -0.9761265308692806, -0.9394001366830729, -0.9575213852271176, -0.9811096447937869, 1.0, -0.9526173947225015, -0.983794590254239, -0.9492528287673496, -0.9504272830532853, -0.9458767503949611, -0.9746188103998963, -0.9762143490357775, -0.9500776772531313, -0.9841506481519361, -0.9653884052180509, -0.9555369796105582, -0.7774186985296413, -0.6001720293361029, -0.9443130209915377, -0.8849342098298815, -0.15695732131068582, 0.15185461025112434, -0.9040196866368398, -0.913465642516599, -0.958243391051481, -0.9004912190739881, -0.8607895420928705, -0.9263749248970347, -0.8920159519897267, -0.9097256459949016, -0.9270012161005422, -0.9643420653798359, -0.9098926798496367], [0.9900768991109806, 0.9811978952979286, 0.9699935076154426, 0.9842255429770475, 0.9542248413625497, 0.9809118617544158, -0.9526173947225015, 1.0, 0.9826961604332846, 0.9800302874988963, 0.9799654906883422, 0.9831781534559587, 0.976258425504837, 0.9753351863693326, 0.9799986456047941, 0.9828047875474382, 0.9877733808807867, 0.9998719059042662, 0.9242315910628099, 0.6691878301130271, 0.9736822943525263, 0.8966841115465536, 0.2873886202985272, -0.31202993342398205, 0.9054249116707631, 0.9501510059733115, 0.9385786032087968, 0.9779487938635274, 0.9531744521581503, 0.9684595044460749, 0.9631202900291453, 0.9360459836191848, 0.959739190907114, 0.9580082398208754, 0.9653574562233083], [0.9708138801105239, 0.9640187378550424, 0.9839508328555358, 0.9682661382005638, 0.971181502503831, 0.9801978878149209, -0.983794590254239, 0.9826961604332846, 1.0, 0.9638812483650973, 0.9645202969202232, 0.9663866601213495, 0.9735575160266458, 0.9707088370749176, 0.9642896218899675, 0.9792794994546554, 0.9708994650834036, 0.9820142971252636, 0.852037253465549, 0.593385819605984, 0.9680589459713791, 0.9081390605344449, 0.1450321373734063, -0.2314910770085752, 0.8864199373178908, 0.9303747589389557, 0.9608759891825468, 0.9340679902320211, 0.8968434880976893, 0.9570607282342577, 0.9172413896998568, 0.9035118656646983, 0.9462359380185347, 0.9698621696297781, 0.9232426978488586], [0.9971641838094327, 0.9952323803715726, 0.9890262593611299, 0.9999717370266257, 0.984951428310294, 0.9689915466049047, -0.9492528287673496, 0.9800302874988963, 0.9638812483650973, 1.0, 0.9999878216663003, 0.9999827995741133, 0.9914230052261479, 0.9893876592003813, 0.9999487730334218, 0.9693767948125335, 0.9956252528795168, 0.9809765021351508, 0.9318019318920504, 0.6232804827920589, 0.9967395111866697, 0.9030828593365662, -0.03332134689827987, 0.42572268533850716, 0.9135909402996326, 0.9498343144291642, 0.9669650871964545, 0.9622603322513011, 0.9440772056983698, 0.9663255163923096, 0.9422075640381469, 0.9197809733895572, 0.965830984568005, 0.9803485346952792, 0.9425119618148644], [0.9971478888244911, 0.9950756027291011, 0.9897257802483387, 0.9999896181213339, 0.9857013509449573, 0.9693134431921199, -0.9504272830532853, 0.9799654906883422, 0.9645202969202232, 0.9999878216663003, 1.0, 0.9999721317244469, 0.9916027995497613, 0.9895643667370447, 0.9999528595209441, 0.969668978646057, 0.9956671195813623, 0.9808811000641027, 0.931007164188672, 0.6194668901739065, 0.9970280823703405, 0.9023681088267598, -0.048160215139772304, 0.42121536085891725, 0.9128051587863613, 0.9496190486215467, 0.9678300260312676, 0.961758208329095, 0.9428121645524404, 0.9664329682023899, 0.9411832315182324, 0.9184781169797086, 0.9660166827480775, 0.980853357631593, 0.9417943782206516], [0.9976421354297692, 0.9943553537657396, 0.9862331210547244, 0.999957851016041, 0.9817004448638668, 0.972010295478734, -0.9458767503949611, 0.9831781534559587, 0.9663866601213495, 0.9999827995741133, 0.9999721317244469, 1.0, 0.9914007382233879, 0.9893287415663107, 0.9999622550946993, 0.9723361460053761, 0.9958162074762467, 0.9836727642422518, 0.9226567387974163, 0.6707215091001711, 0.9959317211266981, 0.9188288414175216, 0.16558434923990056, -0.19675415043563732, 0.9213280658862204, 0.9594053634691092, 0.9569451945279986, 0.9654741977349391, 0.9525448873348171, 0.9728342755985797, 0.9530489533588291, 0.9326598892713097, 0.9729368442657134, 0.9678635590589808, 0.9513649687221389], [0.993407730950869, 0.9924803838261791, 0.9970066421174127, 0.9915767426629365, 0.9860065318961625, 0.9772410431452566, -0.9746188103998963, 0.976258425504837, 0.9735575160266458, 0.9914230052261479, 0.9916027995497613, 0.9914007382233879, 1.0, 0.9996923450045587, 0.9915702619619678, 0.9779073980247536, 0.9937315961437613, 0.9775371887353468, 0.914053866891481, 0.5610121500020863, 0.9863354088255643, 0.8948566293261168, -0.330875165290755, 0.44702291339437317, 0.903323738978733, 0.9463122324982661, 0.9781235216107952, 0.945371914889772, 0.9064081471608207, 0.9475610513373237, 0.9160140142244529, 0.8898505250861172, 0.9642530609045766, 0.9800167404712032, 0.9345145462753407], [0.9941055037203337, 0.9917916622363291, 0.9968064581746754, 0.9895736479186509, 0.9823765378533937, 0.9752302907312779, -0.9762143490357775, 0.9753351863693326, 0.9707088370749176, 0.9893876592003813, 0.9895643667370447, 0.9893287415663107, 0.9996923450045587, 1.0, 0.9896560426286852, 0.9759346648657672, 0.9942683338805266, 0.9768588874159232, 0.9216340674548426, 0.4391062577372272, 0.9812104343574953, 0.8842224317402774, -0.7162473643036682, 0.42380236603065824, 0.8756108125308205, 0.9425138439427729, 0.977475354184947, 0.9380870080711636, 0.8894087400521319, 0.9386885162146582, 0.9134671068605837, 0.8685421009678161, 0.9663789605203422, 0.978320334826524, 0.9267562972727454], [0.997167499840223, 0.9950388044376347, 0.989479283459953, 0.999943452542038, 0.9853222244099216, 0.9691422747038625, -0.9500776772531313, 0.9799986456047941, 0.9642896218899675, 0.9999487730334218, 0.9999528595209441, 0.9999622550946993, 0.9915702619619678, 0.9896560426286852, 1.0, 0.9695376597305674, 0.9956624210538259, 0.980939503411986, 0.9317970141313956, 0.6195970850704813, 0.9968565174778365, 0.9026010990245229, -0.04636235847286981, 0.4207842604351953, 0.9124806245270128, 0.9483376319636477, 0.9672175125624747, 0.9621093313093738, 0.943436151654509, 0.9664379683887848, 0.9418723581434012, 0.9190318705438947, 0.9659301979585391, 0.9807426588502871, 0.942145446083821], [0.9841616284037336, 0.9783167197924778, 0.9772639422129824, 0.9737044796484676, 0.9553417551752722, 0.9999038033818, -0.9841506481519361, 0.9828047875474382, 0.9792794994546554, 0.9693767948125335, 0.969668978646057, 0.9723361460053761, 0.9779073980247536, 0.9759346648657672, 0.9695376597305674, 1.0, 0.9865982827361875, 0.9821158433828427, 0.8870069050994057, 0.7007032546230979, 0.9658061008982007, 0.8890081736421106, 0.1659862847410591, -0.19566730687849715, 0.9443711534562393, 0.9523710081112978, 0.956914212512038, 0.9613889236003867, 0.9257176531798409, 0.9490144829227245, 0.9531297742688021, 0.954383435039794, 0.9598967343484385, 0.9762660120270912, 0.9601596069961275], [0.9996757400118774, 0.9967301406003416, 0.9878320952696336, 0.9960229327439074, 0.9755362497459406, 0.9862304619557779, -0.9653884052180509, 0.9877733808807867, 0.9708994650834036, 0.9956252528795168, 0.9956671195813623, 0.9958162074762467, 0.9937315961437613, 0.9942683338805266, 0.9956624210538259, 0.9865982827361875, 1.0, 0.9885923689277387, 0.9374726769184398, 0.6633693953891407, 0.9888926462914264, 0.8990599854710674, 0.006024655970193263, 0.44134676771781667, 0.9329170109672119, 0.9550510573301445, 0.9653915632378854, 0.9749489494176681, 0.9480898007129578, 0.9647096857730872, 0.9569915311012637, 0.9428056274861337, 0.9717958751069629, 0.9849524387403618, 0.9638527936310128], [0.9900773155045136, 0.9838755195654498, 0.9698245323804343, 0.9840237506889019, 0.9539183469103955, 0.9819746193199808, -0.9555369796105582, 0.9998719059042662, 0.9820142971252636, 0.9809765021351508, 0.9808811000641027, 0.9836727642422518, 0.9775371887353468, 0.9768588874159232, 0.980939503411986, 0.9821158433828427, 0.9885923689277387, 1.0, 0.930561501459531, 0.667718470540229, 0.9726115431387858, 0.9014553256965578, 0.2533092618334547, -0.2936887058268244, 0.9107956501985851, 0.9479837026076016, 0.9386157018295235, 0.9784234626304934, 0.9525696565656353, 0.9668983331635594, 0.9616348362573931, 0.9359186320989973, 0.9590513453314253, 0.955941516885371, 0.9665554592259807], [0.920620793335834, 0.9098788036445309, 0.8285730690868824, 0.9064701119948111, 0.8074648022034644, 0.8632552681766755, -0.7774186985296413, 0.9242315910628099, 0.852037253465549, 0.9318019318920504, 0.931007164188672, 0.9226567387974163, 0.914053866891481, 0.9216340674548426, 0.9317970141313956, 0.8870069050994057, 0.9374726769184398, 0.930561501459531, 1.0, 0.8391190341751052, 0.858109598225555, 0.8731361874562037, 0.6810449522622438, -0.5321446044934042, 0.6994881507496921, 0.9099053370630216, 0.8018981685236855, 0.9575251397178589, 0.9352389938959973, 0.9009681103372098, 0.9440100714467721, 0.894362243756617, 0.8983245257000979, 0.8458088400074435, 0.8794571052175372], [0.7351837324687851, 0.7477263861692268, 0.6235192694273691, 0.7041728350918027, 0.5863810979921469, 0.7020447043773128, -0.6001720293361029, 0.6691878301130271, 0.593385819605984, 0.6232804827920589, 0.6194668901739065, 0.6707215091001711, 0.5610121500020863, 0.4391062577372272, 0.6195970850704813, 0.7007032546230979, 0.6633693953891407, 0.667718470540229, 0.8391190341751052, 1.0, 0.6279135581938521, 0.7412829764850891, 0.7300283302153355, -0.11648625177038562, 0.5376438648765745, 0.7364304223049674, 0.6327524349134788, 0.7889225068159531, 0.7235439719188006, 0.660727527202911, 0.7604311984066389, 0.7631225549001857, 0.6938228993494002, 0.6576432386561042, 0.6999664590744604], [0.9853515494612544, 0.9672276683312473, 0.9904834703134615, 0.9934068987887787, 0.9895286653075721, 0.9674029399789743, -0.9443130209915377, 0.9736822943525263, 0.9680589459713791, 0.9967395111866697, 0.9970280823703405, 0.9959317211266981, 0.9863354088255643, 0.9812104343574953, 0.9968565174778365, 0.9658061008982007, 0.9888926462914264, 0.9726115431387858, 0.858109598225555, 0.6279135581938521, 1.0, 0.8962290986792771, 0.33237498945859434, -0.2887862868160398, 0.8844958236907359, 0.9530546976998363, 0.9707543275505404, 0.93995144928357, 0.9446091814910942, 0.9699194453717174, 0.940424691286222, 0.9095105368971665, 0.9684981757241651, 0.9547289455295679, 0.9272723307913168], [0.9227280977425388, 0.9024696227397888, 0.9142169568647065, 0.9243830759391917, 0.9101043339904273, 0.8935794607827552, -0.8849342098298815, 0.8966841115465536, 0.9081390605344449, 0.9030828593365662, 0.9023681088267598, 0.9188288414175216, 0.8948566293261168, 0.8842224317402774, 0.9026010990245229, 0.8890081736421106, 0.8990599854710674, 0.9014553256965578, 0.8731361874562037, 0.7412829764850891, 0.8962290986792771, 1.0, 0.3791708435052371, -0.18942183118414485, 0.7013073375726823, 0.9183887137657859, 0.8869219808609681, 0.8976652491046846, 0.8478350309276579, 0.923565942915877, 0.8674817623438323, 0.840188898720954, 0.9212472885282541, 0.8651939226369073, 0.8478025052828853], [0.43151521175056945, 0.43069732546259365, 0.26576225942597886, 0.4061166498736435, 0.2397440378082328, 0.29869771161727343, -0.15695732131068582, 0.2873886202985272, 0.1450321373734063, -0.03332134689827987, -0.048160215139772304, 0.16558434923990056, -0.330875165290755, -0.7162473643036682, -0.04636235847286981, 0.1659862847410591, 0.006024655970193263, 0.2533092618334547, 0.6810449522622438, 0.7300283302153355, 0.33237498945859434, 0.3791708435052371, 1.0, -0.3927102086821209, 0.28935489449455265, 0.39915491852224244, 0.21508663121828844, 0.5088625504574215, 0.5063251409873197, 0.36618204640526175, 0.5262429519481042, 0.43837723666710654, 0.38551010634813526, 0.30575922701588004, 0.41404948655496937], [-0.3038775080551478, -0.2290722910033007, -0.2274275970346446, -0.2950999036126555, -0.22032602740833143, -0.2167312315620658, 0.15185461025112434, -0.31202993342398205, -0.2314910770085752, 0.42572268533850716, 0.42121536085891725, -0.19675415043563732, 0.44702291339437317, 0.42380236603065824, 0.4207842604351953, -0.19566730687849715, 0.44134676771781667, -0.2936887058268244, -0.5321446044934042, -0.11648625177038562, -0.2887862868160398, -0.18942183118414485, -0.3927102086821209, 1.0, -0.1492219573619903, -0.3274603762454305, -0.17719207704102236, -0.3898075623063037, -0.3796235658600875, -0.3263650153589466, -0.34620564326275205, -0.20391164824061683, -0.3505548699114891, -0.17951163515013327, -0.3169215499244138], [0.9009413199804689, 0.8754831271069486, 0.9047018453306113, 0.8982719621141256, 0.8845724171982842, 0.9360143167634959, -0.9040196866368398, 0.9054249116707631, 0.8864199373178908, 0.9135909402996326, 0.9128051587863613, 0.9213280658862204, 0.903323738978733, 0.8756108125308205, 0.9124806245270128, 0.9443711534562393, 0.9329170109672119, 0.9107956501985851, 0.6994881507496921, 0.5376438648765745, 0.8844958236907359, 0.7013073375726823, 0.28935489449455265, -0.1492219573619903, 1.0, 0.830284885188709, 0.8847767415162552, 0.8110888761603383, 0.8589020759389179, 0.8271136350015078, 0.8665552599556231, 0.8612117681315412, 0.8567879288499272, 0.8670601086111821, 0.8946715365829373], [0.9711305162273821, 0.9590938519286665, 0.9446031210453353, 0.967757720013206, 0.9329291747816388, 0.952655138900739, -0.913465642516599, 0.9501510059733115, 0.9303747589389557, 0.9498343144291642, 0.9496190486215467, 0.9594053634691092, 0.9463122324982661, 0.9425138439427729, 0.9483376319636477, 0.9523710081112978, 0.9550510573301445, 0.9479837026076016, 0.9099053370630216, 0.7364304223049674, 0.9530546976998363, 0.9183887137657859, 0.39915491852224244, -0.3274603762454305, 0.830284885188709, 1.0, 0.9330138975464953, 0.9557090818040639, 0.9327169910802355, 0.9443494221899967, 0.939607181836079, 0.910581677561438, 0.9611748187843291, 0.9240603194928534, 0.9172342613282433], [0.955519565568263, 0.9549564232347205, 0.9798612026669248, 0.9618578425129873, 0.9771209733126415, 0.9601229014148575, -0.958243391051481, 0.9385786032087968, 0.9608759891825468, 0.9669650871964545, 0.9678300260312676, 0.9569451945279986, 0.9781235216107952, 0.977475354184947, 0.9672175125624747, 0.956914212512038, 0.9653915632378854, 0.9386157018295235, 0.8018981685236855, 0.6327524349134788, 0.9707543275505404, 0.8869219808609681, 0.21508663121828844, -0.17719207704102236, 0.8847767415162552, 0.9330138975464953, 1.0, 0.9043148890881164, 0.8833839708384864, 0.9384506933640049, 0.8851152906899622, 0.8843213300377661, 0.9448026426942837, 0.9709762049412111, 0.8844849548443228], [0.9802526709780267, 0.9585286546190119, 0.93023826029056, 0.9710205214348809, 0.909478378751712, 0.9580027737441983, -0.9004912190739881, 0.9779487938635274, 0.9340679902320211, 0.9622603322513011, 0.961758208329095, 0.9654741977349391, 0.945371914889772, 0.9380870080711636, 0.9621093313093738, 0.9613889236003867, 0.9749489494176681, 0.9784234626304934, 0.9575251397178589, 0.7889225068159531, 0.93995144928357, 0.8976652491046846, 0.5088625504574215, -0.3898075623063037, 0.8110888761603383, 0.9557090818040639, 0.9043148890881164, 1.0, 0.9856479970687804, 0.9649821515985539, 0.9898004105589597, 0.9508214808251946, 0.9587752655773262, 0.9115744478213805, 0.9663776398821595], [0.9645252455429137, 0.9507563241615966, 0.9129017069967986, 0.9616222513517994, 0.8989043491503708, 0.9287216441319012, -0.8607895420928705, 0.9531744521581503, 0.8968434880976893, 0.9440772056983698, 0.9428121645524404, 0.9525448873348171, 0.9064081471608207, 0.8894087400521319, 0.943436151654509, 0.9257176531798409, 0.9480898007129578, 0.9525696565656353, 0.9352389938959973, 0.7235439719188006, 0.9446091814910942, 0.8478350309276579, 0.5063251409873197, -0.3796235658600875, 0.8589020759389179, 0.9327169910802355, 0.8833839708384864, 0.9856479970687804, 1.0, 0.9500888867404584, 0.9830599951746276, 0.954861986875239, 0.9355228850312438, 0.9182439525008803, 0.9615616723743737], [0.9758019842978214, 0.9656240440701557, 0.9649765698466283, 0.9781222723641461, 0.9589785555348814, 0.9524301500279118, -0.9263749248970347, 0.9684595044460749, 0.9570607282342577, 0.9663255163923096, 0.9664329682023899, 0.9728342755985797, 0.9475610513373237, 0.9386885162146582, 0.9664379683887848, 0.9490144829227245, 0.9647096857730872, 0.9668983331635594, 0.9009681103372098, 0.660727527202911, 0.9699194453717174, 0.923565942915877, 0.36618204640526175, -0.3263650153589466, 0.8271136350015078, 0.9443494221899967, 0.9384506933640049, 0.9649821515985539, 0.9500888867404584, 1.0, 0.9529186470600428, 0.9165141652720378, 0.9757973592856575, 0.9568622799941808, 0.942405937592564], [0.9722786142102701, 0.9567685400496547, 0.9204569154320121, 0.9623952663794861, 0.8984929785803575, 0.9521772287172912, -0.8920159519897267, 0.9631202900291453, 0.9172413896998568, 0.9422075640381469, 0.9411832315182324, 0.9530489533588291, 0.9160140142244529, 0.9134671068605837, 0.9418723581434012, 0.9531297742688021, 0.9569915311012637, 0.9616348362573931, 0.9440100714467721, 0.7604311984066389, 0.940424691286222, 0.8674817623438323, 0.5262429519481042, -0.34620564326275205, 0.8665552599556231, 0.939607181836079, 0.8851152906899622, 0.9898004105589597, 0.9830599951746276, 0.9529186470600428, 1.0, 0.973386132652876, 0.9432058506908764, 0.936003128257428, 0.9619429054307518], [0.9456275197714333, 0.9436397484846787, 0.9064049122505339, 0.9342203186158486, 0.8795871216961135, 0.9550036436865595, -0.9097256459949016, 0.9360459836191848, 0.9035118656646983, 0.9197809733895572, 0.9184781169797086, 0.9326598892713097, 0.8898505250861172, 0.8685421009678161, 0.9190318705438947, 0.954383435039794, 0.9428056274861337, 0.9359186320989973, 0.894362243756617, 0.7631225549001857, 0.9095105368971665, 0.840188898720954, 0.43837723666710654, -0.20391164824061683, 0.8612117681315412, 0.910581677561438, 0.8843213300377661, 0.9508214808251946, 0.954861986875239, 0.9165141652720378, 0.973386132652876, 1.0, 0.9058228455890296, 0.9320978682812879, 0.9528223372525105], [0.9801680308567318, 0.9691987995209669, 0.9668859978570762, 0.9781563283326287, 0.9562314691916785, 0.9574480505751557, -0.9270012161005422, 0.959739190907114, 0.9462359380185347, 0.965830984568005, 0.9660166827480775, 0.9729368442657134, 0.9642530609045766, 0.9663789605203422, 0.9659301979585391, 0.9598967343484385, 0.9717958751069629, 0.9590513453314253, 0.8983245257000979, 0.6938228993494002, 0.9684981757241651, 0.9212472885282541, 0.38551010634813526, -0.3505548699114891, 0.8567879288499272, 0.9611748187843291, 0.9448026426942837, 0.9587752655773262, 0.9355228850312438, 0.9757973592856575, 0.9432058506908764, 0.9058228455890296, 1.0, 0.9536926739408463, 0.9403562280714871], [0.9708653594540573, 0.9610551523834725, 0.974114397494455, 0.969473348886419, 0.9620518061281249, 0.9767556079495938, -0.9643420653798359, 0.9580082398208754, 0.9698621696297781, 0.9803485346952792, 0.980853357631593, 0.9678635590589808, 0.9800167404712032, 0.978320334826524, 0.9807426588502871, 0.9762660120270912, 0.9849524387403618, 0.955941516885371, 0.8458088400074435, 0.6576432386561042, 0.9547289455295679, 0.8651939226369073, 0.30575922701588004, -0.17951163515013327, 0.8670601086111821, 0.9240603194928534, 0.9709762049412111, 0.9115744478213805, 0.9182439525008803, 0.9568622799941808, 0.936003128257428, 0.9320978682812879, 0.9536926739408463, 1.0, 0.9171582872180751], [0.9545588849117038, 0.9484408463340871, 0.9233665440239675, 0.9458707320962514, 0.8991108774522011, 0.9554185536822473, -0.9098926798496367, 0.9653574562233083, 0.9232426978488586, 0.9425119618148644, 0.9417943782206516, 0.9513649687221389, 0.9345145462753407, 0.9267562972727454, 0.942145446083821, 0.9601596069961275, 0.9638527936310128, 0.9665554592259807, 0.8794571052175372, 0.6999664590744604, 0.9272723307913168, 0.8478025052828853, 0.41404948655496937, -0.3169215499244138, 0.8946715365829373, 0.9172342613282433, 0.8844849548443228, 0.9663776398821595, 0.9615616723743737, 0.942405937592564, 0.9619429054307518, 0.9528223372525105, 0.9403562280714871, 0.9171582872180751, 1.0]], "x": ["^TAIEX       \u81fa\u7063\u52a0\u6b0a\u5831\u916c\u6307\u6578", "^TWII        \u81fa\u7063\u52a0\u6b0a\u6307\u6578", "^TAIEXx2     \u81fa\u7063\u52a0\u6b0a\u5831\u916c\u6307\u6578_\u65e5\u6b632", "^TAI50I      \u81fa\u706350\u5831\u916c\u6307\u6578", "^TAI50Ix2    \u81fa\u706350\u5831\u916c\u6307\u6578_\u65e5\u6b632", "^TAI100I     \u81fa\u7063\u4e2d\u578b100\u5831\u916c\u6307\u6578", "^TAI100Ix2   \u81fa\u7063\u4e2d\u578b100\u5831\u916c\u6307\u6578_\u65e5\u6b632", "^TAIDIVIDI   \u81fa\u7063\u9ad8\u80a1\u606f\u5831\u916c\u6307\u6578", "^TAIDIVIDIx2 \u81fa\u7063\u9ad8\u80a1\u606f\u5831\u916c\u6307\u6578_\u65e5\u6b632", "0050Fund     \u5143\u5927\u53f0\u7063\u5353\u8d8a50\u57fa\u91d1", "006208Fund   \u5bcc\u90a6\u53f0\u7063\u91c6\u540950\u57fa\u91d1", "0050         \u5143\u5927\u81fa\u706350", "00631L       \u5143\u5927\u53f0\u706350\u6b632", "00675L       \u5bcc\u90a6\u81fa\u7063\u52a0\u6b0a\u6b632", "006208       \u5bcc\u90a6\u53f050", "0051         \u5143\u5927\u4e2d\u578b100", "006204       \u6c38\u8c50\u81fa\u7063\u52a0\u6b0a", "0056         \u5143\u5927\u9ad8\u80a1\u606f", "2412         \u4e2d\u83ef\u96fb\u4fe1", "2002         \u4e2d\u92fc", "2330         \u53f0\u7a4d\u96fb", "2317         \u9d3b\u6d77", "6505         \u53f0\u5851\u77f3\u5316", "3481         \u7fa4\u5275", "2303         \u806f\u96fb", "2308         \u53f0\u9054\u96fb", "2454         \u806f\u767c\u79d1", "2886         \u5146\u8c50\u91d1", "2884         \u7389\u5c71\u91d1", "2891         \u4e2d\u4fe1\u91d1", "2892         \u7b2c\u4e00\u91d1", "5880         \u5408\u5eab\u91d1", "2881         \u5bcc\u90a6\u91d1", "2885         \u5143\u5927\u91d1", "2887         \u53f0\u65b0\u91d1"], "y": ["^TAIEX       \u81fa\u7063\u52a0\u6b0a\u5831\u916c\u6307\u6578", "^TWII        \u81fa\u7063\u52a0\u6b0a\u6307\u6578", "^TAIEXx2     \u81fa\u7063\u52a0\u6b0a\u5831\u916c\u6307\u6578_\u65e5\u6b632", "^TAI50I      \u81fa\u706350\u5831\u916c\u6307\u6578", "^TAI50Ix2    \u81fa\u706350\u5831\u916c\u6307\u6578_\u65e5\u6b632", "^TAI100I     \u81fa\u7063\u4e2d\u578b100\u5831\u916c\u6307\u6578", "^TAI100Ix2   \u81fa\u7063\u4e2d\u578b100\u5831\u916c\u6307\u6578_\u65e5\u6b632", "^TAIDIVIDI   \u81fa\u7063\u9ad8\u80a1\u606f\u5831\u916c\u6307\u6578", "^TAIDIVIDIx2 \u81fa\u7063\u9ad8\u80a1\u606f\u5831\u916c\u6307\u6578_\u65e5\u6b632", "0050Fund     \u5143\u5927\u53f0\u7063\u5353\u8d8a50\u57fa\u91d1", "006208Fund   \u5bcc\u90a6\u53f0\u7063\u91c6\u540950\u57fa\u91d1", "0050         \u5143\u5927\u81fa\u706350", "00631L       \u5143\u5927\u53f0\u706350\u6b632", "00675L       \u5bcc\u90a6\u81fa\u7063\u52a0\u6b0a\u6b632", "006208       \u5bcc\u90a6\u53f050", "0051         \u5143\u5927\u4e2d\u578b100", "006204       \u6c38\u8c50\u81fa\u7063\u52a0\u6b0a", "0056         \u5143\u5927\u9ad8\u80a1\u606f", "2412         \u4e2d\u83ef\u96fb\u4fe1", "2002         \u4e2d\u92fc", "2330         \u53f0\u7a4d\u96fb", "2317         \u9d3b\u6d77", "6505         \u53f0\u5851\u77f3\u5316", "3481         \u7fa4\u5275", "2303         \u806f\u96fb", "2308         \u53f0\u9054\u96fb", "2454         \u806f\u767c\u79d1", "2886         \u5146\u8c50\u91d1", "2884         \u7389\u5c71\u91d1", "2891         \u4e2d\u4fe1\u91d1", "2892         \u7b2c\u4e00\u91d1", "5880         \u5408\u5eab\u91d1", "2881         \u5bcc\u90a6\u91d1", "2885         \u5143\u5927\u91d1", "2887         \u53f0\u65b0\u91d1"], "zmin": -1, "zmax": 1, "colorbar": {"x": -0.2}}], "layout": {"autotypenumbers": "strict", "colorway": ["#636efa", "#EF553B", "#00cc96", "#ab63fa", "#FFA15A", "#19d3f3", "#FF6692", "#B6E880", "#FF97FF", "#FECB52"], "font": {"color": "#f2f5fa", "family": "Courier New"}, "hovermode": "closest", "hoverlabel": {"align": "left"}, "paper_bgcolor": "rgb(17,17,17)", "plot_bgcolor": "rgb(17,17,17)", "polar": {"bgcolor": "rgb(17,17,17)", "angularaxis": {"gridcolor": "#506784", "linecolor": "#506784", "ticks": ""}, "radialaxis": {"gridcolor": "#506784", "linecolor": "#506784", "ticks": ""}}, "ternary": {"bgcolor": "rgb(17,17,17)", "aaxis": {"gridcolor": "#506784", "linecolor": "#506784", "ticks": ""}, "baxis": {"gridcolor": "#506784", "linecolor": "#506784", "ticks": ""}, "caxis": {"gridcolor": "#506784", "linecolor": "#506784", "ticks": ""}}, "coloraxis": {"colorbar": {"outlinewidth": 0, "ticks": ""}}, "colorscale": {"sequential": [[0.0, "#0d0887"], [0.1111111111111111, "#46039f"], [0.2222222222222222, "#7201a8"], [0.3333333333333333, "#9c179e"], [0.4444444444444444, "#bd3786"], [0.5555555555555556, "#d8576b"], [0.6666666666666666, "#ed7953"], [0.7777777777777778, "#fb9f3a"], [0.8888888888888888, "#fdca26"], [1.0, "#f0f921"]], "sequentialminus": [[0.0, "#0d0887"], [0.1111111111111111, "#46039f"], [0.2222222222222222, "#7201a8"], [0.3333333333333333, "#9c179e"], [0.4444444444444444, "#bd3786"], [0.5555555555555556, "#d8576b"], [0.6666666666666666, "#ed7953"], [0.7777777777777778, "#fb9f3a"], [0.8888888888888888, "#fdca26"], [1.0, "#f0f921"]], "diverging": [[0, "#8e0152"], [0.1, "#c51b7d"], [0.2, "#de77ae"], [0.3, "#f1b6da"], [0.4, "#fde0ef"], [0.5, "#f7f7f7"], [0.6, "#e6f5d0"], [0.7, "#b8e186"], [0.8, "#7fbc41"], [0.9, "#4d9221"], [1, "#276419"]]}, "xaxis": {"gridcolor": "rgba(0, 0, 0, 0)", "linecolor": "#506784", "ticks": "", "title": {"standoff": 15}, "zerolinecolor": "#283442", "automargin": true, "zerolinewidth": 2, "tickfont": {"family": "Courier New", "size": 14}, "side": "top", "tickangle": -90}, "yaxis": {"gridcolor": "rgba(0, 0, 0, 0)", "linecolor": "#506784", "ticks": "", "title": {"standoff": 15}, "zerolinecolor": "#283442", "automargin": true, "zerolinewidth": 2, "tickfont": {"family": "Courier New"}, "side": "right"}, "scene": {"xaxis": {"backgroundcolor": "rgb(17,17,17)", "gridcolor": "#506784", "linecolor": "#506784", "showbackground": true, "ticks": "", "zerolinecolor": "#C8D4E3", "gridwidth": 2}, "yaxis": {"backgroundcolor": "rgb(17,17,17)", "gridcolor": "#506784", "linecolor": "#506784", "showbackground": true, "ticks": "", "zerolinecolor": "#C8D4E3", "gridwidth": 2}, "zaxis": {"backgroundcolor": "rgb(17,17,17)", "gridcolor": "#506784", "linecolor": "#506784", "showbackground": true, "ticks": "", "zerolinecolor": "#C8D4E3", "gridwidth": 2}}, "shapedefaults": {"line": {"color": "#f2f5fa"}}, "annotationdefaults": {"arrowcolor": "#f2f5fa", "arrowhead": 0, "arrowwidth": 1}, "geo": {"bgcolor": "rgb(17,17,17)", "landcolor": "rgb(17,17,17)", "subunitcolor": "#506784", "showland": true, "showlakes": true, "lakecolor": "rgb(17,17,17)"}, "title": {"x": 0.05, "font": {"family": "Times New Roman"}, "y": 0.05, "text": "<b>Correlation of Adj Close<b><br><i>2016-09-23 ~ 2025-08-18<i>"}, "updatemenudefaults": {"bgcolor": "#506784", "borderwidth": 0}, "sliderdefaults": {"bgcolor": "#C8D4E3", "borderwidth": 1, "bordercolor": "rgb(17,17,17)", "tickwidth": 0}, "mapbox": {"style": "dark"}, "annotations": [{"text": "<b>@zwindr<b>", "textangle": 0, "opacity": 0.5, "font": {"color": "white", "size": 12}, "xref": "paper", "yref": "paper", "xanchor": "left", "yanchor": "bottom", "x": 1.0, "y": 1.0, "showarrow": false}]}, "config": {"responsive": true, "toImageButtonOptions": {"filename": "Correlation of Adj Close_2016-09-23~2025-08-18", "scale": 5}}};

    Plotly.newPlot("correlationAdjClose",
        correlationAdjClose.data,
        correlationAdjClose.layout || {},
        correlationAdjClose.config);
} else {
    // The element with the specified ID does not exist
    console.log("style display is none => correlationAdjClose");
}