var element=document.getElementById("correlationAdjClose");if(element.style.display!='none'){var correlationAdjClose={"data":[{"type":"heatmap","z":[[1.0,0.9960766656844124,0.9639548238179583,0.9964954666224474,0.9342050514756698,0.9872561195019035,0.9623748990025036,0.982460020302734,0.9789827952411165,0.9966350981217195,0.9963723856969701,0.9967038327421456,0.8286951646854426,0.9891848711900457,0.9964703602452603,0.9881150950177879,0.9997603313433806,0.9820404231791646,0.8906640424446345,0.9031201514947987,0.627906256053025,0.9843135672896354,0.9424790874649126,0.3008219441082774,-0.2531099354678127,0.90877958600577,0.8966557602123304,0.9675311066360301,0.9565387212958548,0.9549221659931812,0.9831046379238257,0.9554068336799543,0.9170727904191616,0.9768356008212757,0.9807897529770764,0.9623222621121812],[0.9960766656844124,1.0,0.9646906587303586,0.9931460613054017,0.9356078644320581,0.9838629158582772,0.9608463543445344,0.9742105646082863,0.9735698834660856,0.9942277898652018,0.9958318827274394,0.9954082757661589,0.8339343245593324,0.9898543611146455,0.9958893474902623,0.9838361911771207,0.997949110886119,0.9757991829128879,0.9047188562955647,0.8930002235267023,0.653629720008047,0.9734416130122884,0.9261313603643199,0.2989970464505512,-0.19259958414758274,0.8904091954318128,0.8987002723968527,0.966851694734089,0.9395439551861586,0.9435822524799063,0.9760183164475548,0.942064643544016,0.916442218590743,0.9682167263985543,0.9739664125177433,0.9575366927194355],[0.9639548238179583,0.9646906587303586,1.0,0.9790446527039878,0.9937624028159223,0.9578804603888615,0.979569077272078,0.9209476397381532,0.9553951953570501,0.978996156435543,0.9858822047386537,0.982822478419185,0.8538203911980164,0.9971413111343513,0.9857919109669226,0.9553653581821306,0.975496629802836,0.9208565798864937,0.815499829665507,0.7755949189457715,0.4612531625417437,0.9892533021892826,0.9131349480918055,0.1256346204975842,-0.1612584686625104,0.8647279488701016,0.957110881367549,0.9563503291362149,0.8539833723134801,0.8631767805168846,0.9549971946657697,0.8570631233346402,0.815509112670936,0.9202742734498737,0.9633857468045824,0.9058054162566638],[0.9964954666224474,0.9931460613054017,0.9790446527039878,1.0,0.9571170091342092,0.9787968955440294,0.9638842805933568,0.9685385546424282,0.972971793783473,0.9999783559827328,0.9999942399255896,0.9999710790939595,0.8370506108805313,0.9926849663595069,0.9999627752605267,0.9771527974958683,0.9960311935021026,0.9677651515464901,0.8668760187011122,0.8770340722178646,0.5807175755003774,0.9946840664819226,0.9426429207079301,0.26227775141409665,-0.23611836169169417,0.8963540030701335,0.9194114335366084,0.9686223689828519,0.9347166229829587,0.9406142140420931,0.9835406961035473,0.9345238332636829,0.8917698779214362,0.9674959794395938,0.9790688473727253,0.949984820166483],[0.9342050514756698,0.9356078644320581,0.9937624028159223,0.9571170091342092,1.0,0.92156227299512,0.9561682159017404,0.8780099609397863,0.9212457709406581,0.9575365184829214,0.9680178539473332,0.9638997142245093,0.8471354168655483,0.9829544952647992,0.9678781561269834,0.9182677537782713,0.9485593061437051,0.877810140596174,0.7644421865474921,0.7258173031795168,0.39875661837388293,0.9750263604263907,0.8877451047051875,0.08805219882354126,-0.14102138593104782,0.8184151230326554,0.9704653914253408,0.9280223353326752,0.8012522788169271,0.8187869981504864,0.9289916590996711,0.8062005695938176,0.7570217954254231,0.8811772029470605,0.9342631672145086,0.8644456803576006],[0.9872561195019035,0.9838629158582772,0.9578804603888615,0.9787968955440294,0.92156227299512,1.0,0.9815522696844782,0.9806606834758836,0.9860049578774314,0.9783912775179361,0.9731260014774148,0.9763671898773955,0.813693890552296,0.9627544154123703,0.9731401897823736,0.9999176392088659,0.9889357915264793,0.9814121918881942,0.8981187568161898,0.8681926164040114,0.5980662802919027,0.9692910245686441,0.9206714243101686,0.1894401835613576,-0.18918017987176408,0.9368514444226914,0.8716836171047887,0.9707210835668847,0.9453369308358046,0.9323409320333268,0.9666322425063367,0.9453291466259601,0.9312098526616733,0.9625841434755915,0.9835448217071203,0.9649381082686981],[0.9623748990025036,0.9608463543445344,0.979569077272078,0.9638842805933568,0.9561682159017404,0.9815522696844782,1.0,0.9438441630157371,0.9799374593802885,0.9629526260435523,0.9714862987334032,0.9682409541898273,0.8386687693212841,0.9807215965398693,0.971152204434712,0.9826629429735935,0.9779664502638644,0.9461348854144133,0.8504640462005328,0.7820286030086213,0.4751576427906263,0.9675410807214802,0.9144482598372554,0.05648448267597776,-0.12583257520721944,0.893483687157357,0.9073750730961415,0.9641624136508299,0.8756546023656157,0.863076458303887,0.9492075864223973,0.876646788039609,0.8638629225169138,0.9259302793500681,0.9747724099249931,0.9219699047438623],[0.982460020302734,0.9742105646082863,0.9209476397381532,0.9685385546424282,0.8780099609397863,0.9806606834758836,0.9438441630157371,1.0,0.9838156905216138,0.9684881305681764,0.962456881425126,0.9673397222271526,0.7772207085137254,0.9367149076834448,0.9630259181285403,0.9825880359971878,0.9789875023031815,0.9998968094005174,0.931440810628758,0.9322667514992939,0.5839208382541322,0.9518054379441582,0.9136488838210806,0.16716771833023447,-0.28235411285236833,0.9185806139058019,0.8104141000102523,0.948562413085115,0.9762314559510457,0.9606001565215067,0.9673493146470451,0.9667835412627908,0.9339611432266184,0.9680952345325204,0.9591064753861882,0.971745430377168],[0.9789827952411165,0.9735698834660856,0.9553951953570501,0.972971793783473,0.9212457709406581,0.9860049578774314,0.9799374593802885,0.9838156905216138,1.0,0.9724034306604736,0.9673207003355244,0.97091678352207,0.8058995861297878,0.9520902127307921,0.9673535502877896,0.985265439719806,0.977581832753738,0.9832605059991695,0.9026188743861903,0.8664915316524181,0.4928671900130529,0.9669787672969117,0.9318405548279388,0.02980845635935188,-0.2026677553933977,0.8990970041512081,0.8484009165582747,0.9708115723822416,0.9308056179515902,0.9110820401423995,0.9690098570709855,0.9224795958570653,0.8933382317970333,0.9573092069302229,0.9774649682526801,0.9415685019003663],[0.9966350981217195,0.9942277898652018,0.978996156435543,0.9999783559827328,0.9575365184829214,0.9783912775179361,0.9629526260435523,0.9684881305681764,0.9724034306604736,1.0,0.9999934827171171,0.9999853761149246,0.8369022426224209,0.9927343575943377,0.9999653285144929,0.9767438041454852,0.9959214904120451,0.9677995060919258,0.8682989203024014,0.8783056660929778,0.5751696250111712,0.994895971252493,0.9429405298159423,0.26668556046302333,-0.235560381617154,0.8964475551501498,0.9183120401826321,0.9675232766081333,0.9340949309715944,0.939562838503142,0.982917554264851,0.9337210874051768,0.8902383932679476,0.9665921715302727,0.9784206483431689,0.9490029331944194],[0.9963723856969701,0.9958318827274394,0.9858822047386537,0.9999942399255896,0.9680178539473332,0.9731260014774148,0.9714862987334032,0.962456881425126,0.9673207003355244,0.9999934827171171,1.0,0.9999790961553191,0.8371672789662524,0.9927331942149265,0.9999672658637563,0.9725273716754674,0.9957726934806875,0.9629670152748206,0.8836127000521269,0.9076487351061127,0.41961440093763736,0.9976767905018925,0.9316623670127252,-0.2057630086678402,0.5195212526030991,0.8858384554240049,0.9023024661149662,0.9663784844038176,0.917163947277698,0.9205938517975966,0.9773867229203986,0.9088525934789963,0.8528394735134921,0.9550504772698268,0.9844471819284614,0.9470072988540641],[0.9967038327421456,0.9954082757661589,0.982822478419185,0.9999710790939595,0.9638997142245093,0.9763671898773955,0.9682409541898273,0.9673397222271526,0.97091678352207,0.9999853761149246,0.9999790961553191,1.0,0.8369687062178294,0.9927167511036361,0.9999749770402075,0.9759344111755167,0.9958432882271391,0.9672427054914128,0.8754240385841077,0.8963199610796301,0.5001314542096466,0.9967639704783599,0.9409053284229332,-0.0020062417619395897,-0.09721935619422856,0.9019838143941334,0.9099282947020899,0.9633076461060628,0.9250624623414158,0.9288591466709436,0.9803804803874449,0.9225325851369166,0.8790823162457891,0.9622382535337902,0.9784291184123138,0.950889570704334],[0.8286951646854426,0.8339343245593324,0.8538203911980164,0.8370506108805313,0.8471354168655483,0.813693890552296,0.8386687693212841,0.7772207085137254,0.8058995861297878,0.8369022426224209,0.8371672789662524,0.8369687062178294,1.0,0.9998529973896635,0.8367625246201855,0.8130884692050732,0.8302790861427014,0.7780752492402098,0.6973621138080464,0.6826692634383904,0.2405075293574172,0.83872517787085,0.7828692411334426,-0.49533813746139443,0.4955264832202705,0.7061867193348627,0.811967257475782,0.8228863866081411,0.7097786158388536,0.7044970485393067,0.8102728301313602,0.6955972022785909,0.6313201819190029,0.7878119873482405,0.8251582750112207,0.7792663924530467],[0.9891848711900457,0.9898543611146455,0.9971413111343513,0.9926849663595069,0.9829544952647992,0.9627544154123703,0.9807215965398693,0.9367149076834448,0.9520902127307921,0.9927343575943377,0.9927331942149265,0.9927167511036361,0.9998529973896635,1.0,0.9927425981934852,0.9619205553122955,0.9893672817301596,0.9372699065671034,0.8340894895817443,0.8935426800611904,0.16641164171274878,0.9898964396941351,0.9062961722559364,-0.7123467313445673,0.5309621058021842,0.8252396160180618,0.9320964769117484,0.9497601184760072,0.8622918423530772,0.8711708919545811,0.9559115880354359,0.8682080773105607,0.764881698218623,0.9247796158670502,0.9723882861975153,0.9340087555549802],[0.9964703602452603,0.9958893474902623,0.9857919109669226,0.9999627752605267,0.9678781561269834,0.9731401897823736,0.971152204434712,0.9630259181285403,0.9673535502877896,0.9999653285144929,0.9999672658637563,0.9999749770402075,0.8367625246201855,0.9927425981934852,1.0,0.9726346827495567,0.9958632031965254,0.9633421930052724,0.8842843237122755,0.9089959900183917,0.4227164242876168,0.9974938012171128,0.9317427356493092,-0.20254045488899433,0.5181299769710399,0.8861317478069832,0.9021068741344062,0.9659452901086927,0.9186053335620475,0.9218727017220375,0.9774667453417912,0.9104091320265164,0.8548689612440284,0.9556778636169766,0.984446028288281,0.9476412458993394],[0.9881150950177879,0.9838361911771207,0.9553653581821306,0.9771527974958683,0.9182677537782713,0.9999176392088659,0.9826629429735935,0.9825880359971878,0.985265439719806,0.9767438041454852,0.9725273716754674,0.9759344111755167,0.8130884692050732,0.9619205553122955,0.9726346827495567,1.0,0.9887828281982363,0.9818414687281011,0.9010417484562905,0.8925844527814067,0.5774238210370296,0.9666979421864934,0.9161796669854918,0.03922549194292605,-0.14618713683011467,0.9420267690177292,0.8612902874572127,0.968435741858531,0.9485807110143784,0.9302105570440667,0.9638085080460695,0.9468441912793474,0.929306700601877,0.9647523544454606,0.9826354520260983,0.9681980890073129],[0.9997603313433806,0.997949110886119,0.975496629802836,0.9960311935021026,0.9485593061437051,0.9889357915264793,0.9779664502638644,0.9789875023031815,0.977581832753738,0.9959214904120451,0.9957726934806875,0.9958432882271391,0.8302790861427014,0.9893672817301596,0.9958632031965254,0.9887828281982363,1.0,0.9793103659143549,0.9100618529524868,0.9253871475596367,0.49006030638828413,0.9889252334903633,0.9286118436970049,-0.14750429440438625,0.5314793143345331,0.9168607920658434,0.8822524383488609,0.9713551827162671,0.9443067884145121,0.93731823240921,0.9771614522332828,0.9359337993055635,0.8947553448777615,0.9680300369790796,0.9900373876134724,0.9677663089751],[0.9820404231791646,0.9757991829128879,0.9208565798864937,0.9677651515464901,0.877810140596174,0.9814121918881942,0.9461348854144133,0.9998968094005174,0.9832605059991695,0.9677995060919258,0.9629670152748206,0.9672427054914128,0.7780752492402098,0.9372699065671034,0.9633421930052724,0.9818414687281011,0.9793103659143549,1.0,0.9341256542220309,0.9384266390824147,0.5810667745406196,0.9502240959375311,0.9164217055784436,0.13060524771493012,-0.24616604412783427,0.9224735017628493,0.8079197768005943,0.948826258480443,0.9768383751383367,0.9601425337339543,0.9656285074986821,0.9657438704252719,0.933593155773341,0.9672980359628276,0.9573294168685867,0.9724916831821799],[0.8906640424446345,0.9047188562955647,0.815499829665507,0.8668760187011122,0.7644421865474921,0.8981187568161898,0.8504640462005328,0.931440810628758,0.9026188743861903,0.8682989203024014,0.8836127000521269,0.8754240385841077,0.6973621138080464,0.8340894895817443,0.8842843237122755,0.9010417484562905,0.9100618529524868,0.9341256542220309,1.0,0.8424889535504689,0.6678754244507263,0.8361975535503147,0.8184337259114807,0.22096082579125853,-0.1392136114996863,0.8695790822317453,0.6838861813219271,0.859013392416425,0.9005685209900657,0.8709248344008688,0.8547362213847658,0.8821085169577692,0.8663237557727598,0.8652796977856281,0.8690262715101487,0.8989688841503468],[0.9031201514947987,0.8930002235267023,0.7755949189457715,0.8770340722178646,0.7258173031795168,0.8681926164040114,0.7820286030086213,0.9322667514992939,0.8664915316524181,0.8783056660929778,0.9076487351061127,0.8963199610796301,0.6826692634383904,0.8935426800611904,0.9089959900183917,0.8925844527814067,0.9253871475596367,0.9384266390824147,0.8424889535504689,1.0,0.8115308778845299,0.8245370089281273,0.8688055033020317,0.602052367004949,-0.500443677016327,0.7371674457868301,0.7246818835142409,0.814641868614651,0.9620954202042997,0.9411614649330331,0.8866988224521349,0.9504646422115505,0.906941474260519,0.902895002024428,0.8430490272625305,0.8858515925816162],[0.627906256053025,0.653629720008047,0.4612531625417437,0.5807175755003774,0.39875661837388293,0.5980662802919027,0.4751576427906263,0.5839208382541322,0.4928671900130529,0.5751696250111712,0.41961440093763736,0.5001314542096466,0.2405075293574172,0.16641164171274878,0.4227164242876168,0.5774238210370296,0.49006030638828413,0.5810667745406196,0.6678754244507263,0.8115308778845299,1.0,0.5185296058564047,0.6544589293103688,0.7217306129982524,-0.11566216444411775,0.519845075718211,0.45072142682162875,0.5646232171934608,0.7564166398703606,0.6798098669464268,0.5701164699448096,0.7153850112777882,0.7427177581924986,0.632057129528151,0.5797765909497706,0.6389951139303116],[0.9843135672896354,0.9734416130122884,0.9892533021892826,0.9946840664819226,0.9750263604263907,0.9692910245686441,0.9675410807214802,0.9518054379441582,0.9669787672969117,0.994895971252493,0.9976767905018925,0.9967639704783599,0.83872517787085,0.9898964396941351,0.9974938012171128,0.9666979421864934,0.9889252334903633,0.9502240959375311,0.8361975535503147,0.8245370089281273,0.5185296058564047,1.0,0.9187582439213129,0.19454042212596462,-0.2227912857362161,0.8770993527056417,0.9351241362847666,0.9676997303311994,0.8960282502398759,0.9152807479065459,0.9744385698536838,0.9047558806262135,0.8576347060310889,0.9511503474191141,0.9660484822968154,0.9290811068201635],[0.9424790874649126,0.9261313603643199,0.9131349480918055,0.9426429207079301,0.8877451047051875,0.9206714243101686,0.9144482598372554,0.9136488838210806,0.9318405548279388,0.9429405298159423,0.9316623670127252,0.9409053284229332,0.7828692411334426,0.9062961722559364,0.9317427356493092,0.9161796669854918,0.9286118436970049,0.9164217055784436,0.8184337259114807,0.8688055033020317,0.6544589293103688,0.9187582439213129,1.0,0.25319415231406495,-0.16695364487003325,0.7548172611601591,0.8501399079154992,0.9127537567473434,0.9009023720600774,0.8722253893456882,0.9445208552130957,0.8807748097154958,0.8439721655833233,0.9398574399716618,0.9016974781384969,0.879838270469702],[0.3008219441082774,0.2989970464505512,0.1256346204975842,0.26227775141409665,0.08805219882354126,0.1894401835613576,0.05648448267597776,0.16716771833023447,0.02980845635935188,0.26668556046302333,-0.2057630086678402,-0.0020062417619395897,-0.49533813746139443,-0.7123467313445673,-0.20254045488899433,0.03922549194292605,-0.14750429440438625,0.13060524771493012,0.22096082579125853,0.602052367004949,0.7217306129982524,0.19454042212596462,0.25319415231406495,1.0,-0.3794610565359143,0.23158736910524325,0.1399203307767868,0.13613441989641967,0.4311890399314695,0.4171617238279103,0.24609676918892356,0.44236447273429763,0.38060953195871,0.28982325912300533,0.20083674194719348,0.31966842377439453],[-0.2531099354678127,-0.19259958414758274,-0.1612584686625104,-0.23611836169169417,-0.14102138593104782,-0.18918017987176408,-0.12583257520721944,-0.28235411285236833,-0.2026677553933977,-0.235560381617154,0.5195212526030991,-0.09721935619422856,0.4955264832202705,0.5309621058021842,0.5181299769710399,-0.14618713683011467,0.5314793143345331,-0.24616604412783427,-0.1392136114996863,-0.500443677016327,-0.11566216444411775,-0.2227912857362161,-0.16695364487003325,-0.3794610565359143,1.0,-0.14212973247798327,-0.16641817784843888,-0.15693001623433603,-0.3681704456494643,-0.3525430451185063,-0.27208675810064253,-0.32564550629272127,-0.20169293552690318,-0.31450922138090737,-0.15416474312399497,-0.2823748193740458],[0.90877958600577,0.8904091954318128,0.8647279488701016,0.8963540030701335,0.8184151230326554,0.9368514444226914,0.893483687157357,0.9185806139058019,0.8990970041512081,0.8964475551501498,0.8858384554240049,0.9019838143941334,0.7061867193348627,0.8252396160180618,0.8861317478069832,0.9420267690177292,0.9168607920658434,0.9224735017628493,0.8695790822317453,0.7371674457868301,0.519845075718211,0.8770993527056417,0.7548172611601591,0.23158736910524325,-0.14212973247798327,1.0,0.750734934607472,0.9001496863696418,0.8352698902451818,0.8791965439695802,0.8520316608931526,0.8839858208554198,0.8724614606402723,0.8771917402803154,0.8838355677431065,0.912512453020054],[0.8966557602123304,0.8987002723968527,0.957110881367549,0.9194114335366084,0.9704653914253408,0.8716836171047887,0.9073750730961415,0.8104141000102523,0.8484009165582747,0.9183120401826321,0.9023024661149662,0.9099282947020899,0.811967257475782,0.9320964769117484,0.9021068741344062,0.8612902874572127,0.8822524383488609,0.8079197768005943,0.6838861813219271,0.7246818835142409,0.45072142682162875,0.9351241362847666,0.8501399079154992,0.1399203307767868,-0.16641817784843888,0.750734934607472,1.0,0.8684169176861307,0.7718643632410459,0.7838558838008927,0.8839485448212956,0.7701933548794908,0.722114650064573,0.8354248466541292,0.8837023307395567,0.8279398663875089],[0.9675311066360301,0.966851694734089,0.9563503291362149,0.9686223689828519,0.9280223353326752,0.9707210835668847,0.9641624136508299,0.948562413085115,0.9708115723822416,0.9675232766081333,0.9663784844038176,0.9633076461060628,0.8228863866081411,0.9497601184760072,0.9659452901086927,0.968435741858531,0.9713551827162671,0.948826258480443,0.859013392416425,0.814641868614651,0.5646232171934608,0.9676997303311994,0.9127537567473434,0.13613441989641967,-0.15693001623433603,0.9001496863696418,0.8684169176861307,1.0,0.9033641328684944,0.8978434951170283,0.95416166062739,0.8937780657391213,0.8754549098814547,0.9510347052548905,0.9774890086274707,0.9113138938799377],[0.9565387212958548,0.9395439551861586,0.8539833723134801,0.9347166229829587,0.8012522788169271,0.9453369308358046,0.8756546023656157,0.9762314559510457,0.9308056179515902,0.9340949309715944,0.917163947277698,0.9250624623414158,0.7097786158388536,0.8622918423530772,0.9186053335620475,0.9485807110143784,0.9443067884145121,0.9768383751383367,0.9005685209900657,0.9620954202042997,0.7564166398703606,0.8960282502398759,0.9009023720600774,0.4311890399314695,-0.3681704456494643,0.8352698902451818,0.7718643632410459,0.9033641328684944,1.0,0.9868159348966486,0.9453746755820023,0.9912114183665719,0.9562802123328894,0.9592343988124447,0.9036020111050549,0.9612218814715807],[0.9549221659931812,0.9435822524799063,0.8631767805168846,0.9406142140420931,0.8187869981504864,0.9323409320333268,0.863076458303887,0.9606001565215067,0.9110820401423995,0.939562838503142,0.9205938517975966,0.9288591466709436,0.7044970485393067,0.8711708919545811,0.9218727017220375,0.9302105570440667,0.93731823240921,0.9601425337339543,0.8709248344008688,0.9411614649330331,0.6798098669464268,0.9152807479065459,0.8722253893456882,0.4171617238279103,-0.3525430451185063,0.8791965439695802,0.7838558838008927,0.8978434951170283,0.9868159348966486,1.0,0.945143592362704,0.9856671535297159,0.9567304588905868,0.9460981508240828,0.9207532644871153,0.9630864482196394],[0.9831046379238257,0.9760183164475548,0.9549971946657697,0.9835406961035473,0.9289916590996711,0.9666322425063367,0.9492075864223973,0.9673493146470451,0.9690098570709855,0.982917554264851,0.9773867229203986,0.9803804803874449,0.8102728301313602,0.9559115880354359,0.9774667453417912,0.9638085080460695,0.9771614522332828,0.9656285074986821,0.8547362213847658,0.8866988224521349,0.5701164699448096,0.9744385698536838,0.9445208552130957,0.24609676918892356,-0.27208675810064253,0.8520316608931526,0.8839485448212956,0.95416166062739,0.9453746755820023,0.945143592362704,1.0,0.9412140625210302,0.895003888873694,0.9752790672971154,0.9709809998036056,0.9524739024680144],[0.9554068336799543,0.942064643544016,0.8570631233346402,0.9345238332636829,0.8062005695938176,0.9453291466259601,0.876646788039609,0.9667835412627908,0.9224795958570653,0.9337210874051768,0.9088525934789963,0.9225325851369166,0.6955972022785909,0.8682080773105607,0.9104091320265164,0.9468441912793474,0.9359337993055635,0.9657438704252719,0.8821085169577692,0.9504646422115505,0.7153850112777882,0.9047558806262135,0.8807748097154958,0.44236447273429763,-0.32564550629272127,0.8839858208554198,0.7701933548794908,0.8937780657391213,0.9912114183665719,0.9856671535297159,0.9412140625210302,1.0,0.9745144242108026,0.9496960486938504,0.927456210844736,0.9606386353614932],[0.9170727904191616,0.916442218590743,0.815509112670936,0.8917698779214362,0.7570217954254231,0.9312098526616733,0.8638629225169138,0.9339611432266184,0.8933382317970333,0.8902383932679476,0.8528394735134921,0.8790823162457891,0.6313201819190029,0.764881698218623,0.8548689612440284,0.929306700601877,0.8947553448777615,0.933593155773341,0.8663237557727598,0.906941474260519,0.7427177581924986,0.8576347060310889,0.8439721655833233,0.38060953195871,-0.20169293552690318,0.8724614606402723,0.722114650064573,0.8754549098814547,0.9562802123328894,0.9567304588905868,0.895003888873694,0.9745144242108026,1.0,0.9076683661805199,0.9065364797291015,0.9427560896671708],[0.9768356008212757,0.9682167263985543,0.9202742734498737,0.9674959794395938,0.8811772029470605,0.9625841434755915,0.9259302793500681,0.9680952345325204,0.9573092069302229,0.9665921715302727,0.9550504772698268,0.9622382535337902,0.7878119873482405,0.9247796158670502,0.9556778636169766,0.9647523544454606,0.9680300369790796,0.9672980359628276,0.8652796977856281,0.902895002024428,0.632057129528151,0.9511503474191141,0.9398574399716618,0.28982325912300533,-0.31450922138090737,0.8771917402803154,0.8354248466541292,0.9510347052548905,0.9592343988124447,0.9460981508240828,0.9752790672971154,0.9496960486938504,0.9076683661805199,1.0,0.9577739893651684,0.9504358815529864],[0.9807897529770764,0.9739664125177433,0.9633857468045824,0.9790688473727253,0.9342631672145086,0.9835448217071203,0.9747724099249931,0.9591064753861882,0.9774649682526801,0.9784206483431689,0.9844471819284614,0.9784291184123138,0.8251582750112207,0.9723882861975153,0.984446028288281,0.9826354520260983,0.9900373876134724,0.9573294168685867,0.8690262715101487,0.8430490272625305,0.5797765909497706,0.9660484822968154,0.9016974781384969,0.20083674194719348,-0.15416474312399497,0.8838355677431065,0.8837023307395567,0.9774890086274707,0.9036020111050549,0.9207532644871153,0.9709809998036056,0.927456210844736,0.9065364797291015,0.9577739893651684,1.0,0.935890695669054],[0.9623222621121812,0.9575366927194355,0.9058054162566638,0.949984820166483,0.8644456803576006,0.9649381082686981,0.9219699047438623,0.971745430377168,0.9415685019003663,0.9490029331944194,0.9470072988540641,0.950889570704334,0.7792663924530467,0.9340087555549802,0.9476412458993394,0.9681980890073129,0.9677663089751,0.9724916831821799,0.8989688841503468,0.8858515925816162,0.6389951139303116,0.9290811068201635,0.879838270469702,0.31966842377439453,-0.2823748193740458,0.912512453020054,0.8279398663875089,0.9113138938799377,0.9612218814715807,0.9630864482196394,0.9524739024680144,0.9606386353614932,0.9427560896671708,0.9504358815529864,0.935890695669054,1.0]],"x":["^TAIEX       \u81fa\u7063\u52a0\u6b0a\u5831\u916c\u6307\u6578","^TWII        \u81fa\u7063\u52a0\u6b0a\u6307\u6578","^TAIEXx2     \u81fa\u7063\u52a0\u6b0a\u5831\u916c\u6307\u6578_\u65e5\u6b632","^TAI50I      \u81fa\u706350\u5831\u916c\u6307\u6578","^TAI50Ix2    \u81fa\u706350\u5831\u916c\u6307\u6578_\u65e5\u6b632","^TAI100I     \u81fa\u7063\u4e2d\u578b100\u5831\u916c\u6307\u6578","^TAI100Ix2   \u81fa\u7063\u4e2d\u578b100\u5831\u916c\u6307\u6578_\u65e5\u6b632","^TAIDIVIDI   \u81fa\u7063\u9ad8\u80a1\u606f\u5831\u916c\u6307\u6578","^TAIDIVIDIx2 \u81fa\u7063\u9ad8\u80a1\u606f\u5831\u916c\u6307\u6578_\u65e5\u6b632","0050Fund     \u5143\u5927\u53f0\u7063\u5353\u8d8a50\u57fa\u91d1","006208Fund   \u5bcc\u90a6\u53f0\u7063\u91c6\u540950\u57fa\u91d1","0050         \u5143\u5927\u81fa\u706350","00631L       \u5143\u5927\u53f0\u706350\u6b632","00675L       \u5bcc\u90a6\u81fa\u7063\u52a0\u6b0a\u6b632","006208       \u5bcc\u90a6\u53f050","0051         \u5143\u5927\u4e2d\u578b100","006204       \u6c38\u8c50\u81fa\u7063\u52a0\u6b0a","0056         \u5143\u5927\u9ad8\u80a1\u606f","0056         \u5143\u5927\u9ad8\u80a1\u606f_\u80a1\u606f\u4e0d\u6295\u5165","2412         \u4e2d\u83ef\u96fb\u4fe1","2002         \u4e2d\u92fc","2330         \u53f0\u7a4d\u96fb","2317         \u9d3b\u6d77","6505         \u53f0\u5851\u77f3\u5316","3481         \u7fa4\u5275","2303         \u806f\u96fb","2308         \u53f0\u9054\u96fb","2454         \u806f\u767c\u79d1","2886         \u5146\u8c50\u91d1","2884         \u7389\u5c71\u91d1","2891         \u4e2d\u4fe1\u91d1","2892         \u7b2c\u4e00\u91d1","5880         \u5408\u5eab\u91d1","2881         \u5bcc\u90a6\u91d1","2885         \u5143\u5927\u91d1","2887         \u53f0\u65b0\u91d1"],"y":["^TAIEX       \u81fa\u7063\u52a0\u6b0a\u5831\u916c\u6307\u6578","^TWII        \u81fa\u7063\u52a0\u6b0a\u6307\u6578","^TAIEXx2     \u81fa\u7063\u52a0\u6b0a\u5831\u916c\u6307\u6578_\u65e5\u6b632","^TAI50I      \u81fa\u706350\u5831\u916c\u6307\u6578","^TAI50Ix2    \u81fa\u706350\u5831\u916c\u6307\u6578_\u65e5\u6b632","^TAI100I     \u81fa\u7063\u4e2d\u578b100\u5831\u916c\u6307\u6578","^TAI100Ix2   \u81fa\u7063\u4e2d\u578b100\u5831\u916c\u6307\u6578_\u65e5\u6b632","^TAIDIVIDI   \u81fa\u7063\u9ad8\u80a1\u606f\u5831\u916c\u6307\u6578","^TAIDIVIDIx2 \u81fa\u7063\u9ad8\u80a1\u606f\u5831\u916c\u6307\u6578_\u65e5\u6b632","0050Fund     \u5143\u5927\u53f0\u7063\u5353\u8d8a50\u57fa\u91d1","006208Fund   \u5bcc\u90a6\u53f0\u7063\u91c6\u540950\u57fa\u91d1","0050         \u5143\u5927\u81fa\u706350","00631L       \u5143\u5927\u53f0\u706350\u6b632","00675L       \u5bcc\u90a6\u81fa\u7063\u52a0\u6b0a\u6b632","006208       \u5bcc\u90a6\u53f050","0051         \u5143\u5927\u4e2d\u578b100","006204       \u6c38\u8c50\u81fa\u7063\u52a0\u6b0a","0056         \u5143\u5927\u9ad8\u80a1\u606f","0056         \u5143\u5927\u9ad8\u80a1\u606f_\u80a1\u606f\u4e0d\u6295\u5165","2412         \u4e2d\u83ef\u96fb\u4fe1","2002         \u4e2d\u92fc","2330         \u53f0\u7a4d\u96fb","2317         \u9d3b\u6d77","6505         \u53f0\u5851\u77f3\u5316","3481         \u7fa4\u5275","2303         \u806f\u96fb","2308         \u53f0\u9054\u96fb","2454         \u806f\u767c\u79d1","2886         \u5146\u8c50\u91d1","2884         \u7389\u5c71\u91d1","2891         \u4e2d\u4fe1\u91d1","2892         \u7b2c\u4e00\u91d1","5880         \u5408\u5eab\u91d1","2881         \u5bcc\u90a6\u91d1","2885         \u5143\u5927\u91d1","2887         \u53f0\u65b0\u91d1"],"zmin":-1,"zmax":1,"colorbar":{"x":-0.2}}],"layout":{"autotypenumbers":"strict","colorway":["#636efa","#EF553B","#00cc96","#ab63fa","#FFA15A","#19d3f3","#FF6692","#B6E880","#FF97FF","#FECB52"],"font":{"color":"#f2f5fa","family":"Courier New"},"hovermode":"closest","hoverlabel":{"align":"left"},"paper_bgcolor":"rgb(17,17,17)","plot_bgcolor":"rgb(17,17,17)","polar":{"bgcolor":"rgb(17,17,17)","angularaxis":{"gridcolor":"#506784","linecolor":"#506784","ticks":""},"radialaxis":{"gridcolor":"#506784","linecolor":"#506784","ticks":""}},"ternary":{"bgcolor":"rgb(17,17,17)","aaxis":{"gridcolor":"#506784","linecolor":"#506784","ticks":""},"baxis":{"gridcolor":"#506784","linecolor":"#506784","ticks":""},"caxis":{"gridcolor":"#506784","linecolor":"#506784","ticks":""}},"coloraxis":{"colorbar":{"outlinewidth":0,"ticks":""}},"colorscale":{"sequential":[[0.0,"#0d0887"],[0.1111111111111111,"#46039f"],[0.2222222222222222,"#7201a8"],[0.3333333333333333,"#9c179e"],[0.4444444444444444,"#bd3786"],[0.5555555555555556,"#d8576b"],[0.6666666666666666,"#ed7953"],[0.7777777777777778,"#fb9f3a"],[0.8888888888888888,"#fdca26"],[1.0,"#f0f921"]],"sequentialminus":[[0.0,"#0d0887"],[0.1111111111111111,"#46039f"],[0.2222222222222222,"#7201a8"],[0.3333333333333333,"#9c179e"],[0.4444444444444444,"#bd3786"],[0.5555555555555556,"#d8576b"],[0.6666666666666666,"#ed7953"],[0.7777777777777778,"#fb9f3a"],[0.8888888888888888,"#fdca26"],[1.0,"#f0f921"]],"diverging":[[0,"#8e0152"],[0.1,"#c51b7d"],[0.2,"#de77ae"],[0.3,"#f1b6da"],[0.4,"#fde0ef"],[0.5,"#f7f7f7"],[0.6,"#e6f5d0"],[0.7,"#b8e186"],[0.8,"#7fbc41"],[0.9,"#4d9221"],[1,"#276419"]]},"xaxis":{"gridcolor":"rgba(0, 0, 0, 0)","linecolor":"#506784","ticks":"","title":{"standoff":15},"zerolinecolor":"#283442","automargin":true,"zerolinewidth":2,"tickfont":{"family":"Courier New","size":14},"side":"top","tickangle":-90},"yaxis":{"gridcolor":"rgba(0, 0, 0, 0)","linecolor":"#506784","ticks":"","title":{"standoff":15},"zerolinecolor":"#283442","automargin":true,"zerolinewidth":2,"tickfont":{"family":"Courier New"},"side":"right"},"scene":{"xaxis":{"backgroundcolor":"rgb(17,17,17)","gridcolor":"#506784","linecolor":"#506784","showbackground":true,"ticks":"","zerolinecolor":"#C8D4E3","gridwidth":2},"yaxis":{"backgroundcolor":"rgb(17,17,17)","gridcolor":"#506784","linecolor":"#506784","showbackground":true,"ticks":"","zerolinecolor":"#C8D4E3","gridwidth":2},"zaxis":{"backgroundcolor":"rgb(17,17,17)","gridcolor":"#506784","linecolor":"#506784","showbackground":true,"ticks":"","zerolinecolor":"#C8D4E3","gridwidth":2}},"shapedefaults":{"line":{"color":"#f2f5fa"}},"annotationdefaults":{"arrowcolor":"#f2f5fa","arrowhead":0,"arrowwidth":1},"geo":{"bgcolor":"rgb(17,17,17)","landcolor":"rgb(17,17,17)","subunitcolor":"#506784","showland":true,"showlakes":true,"lakecolor":"rgb(17,17,17)"},"title":{"x":0.05,"font":{"family":"Times New Roman"},"y":0.05,"text":"<b>Correlation of Adj Close<b><br><i>2016-09-23 ~ 2026-04-28<i>"},"updatemenudefaults":{"bgcolor":"#506784","borderwidth":0},"sliderdefaults":{"bgcolor":"#C8D4E3","borderwidth":1,"bordercolor":"rgb(17,17,17)","tickwidth":0},"mapbox":{"style":"dark"},"annotations":[{"text":"<b>@zwindr<b>","textangle":0,"opacity":0.5,"font":{"color":"white","size":12},"xref":"paper","yref":"paper","xanchor":"left","yanchor":"bottom","x":1.0,"y":1.0,"showarrow":false}]},"config":{"responsive":true,"toImageButtonOptions":{"filename":"Correlation of Adj Close_2016-09-23~2026-04-28","scale":5}}};Plotly.newPlot("correlationAdjClose",correlationAdjClose.data,correlationAdjClose.layout||{},correlationAdjClose.config);}else{console.log("style display is none => correlationAdjClose");}