var element=document.getElementById("correlationAdjClose");if(element.style.display!='none'){var correlationAdjClose={"data":[{"type":"heatmap","z":[[1.0,0.9950294417338938,0.9752013760611309,0.9970540852541911,0.9557083631921589,0.9839884968387703,0.953378755106705,0.9889598679994528,0.9749268640013565,0.9972058183188579,0.9966528737380982,0.9971178835830532,0.9931811328235133,0.9941877037288321,0.9967059387312214,0.9855148963077016,0.9997179162299286,0.9887276533896252,0.8982927725775552,0.9187327202540647,0.6892825287610637,0.9846989638849218,0.9337478033008085,0.36408979034390043,-0.2985462267420305,0.8985662008303433,0.9273195213362981,0.9602322812223791,0.9770420311897201,0.964537583386753,0.9791709832886581,0.9703933518685556,0.940370538048997,0.9827813269410807,0.9751151229881917,0.9559521683127838],[0.9950294417338938,1.0,0.9714654703261532,0.9917892196169821,0.9516995211194843,0.9801560057771803,0.9494301175143036,0.98125577800782,0.9691143393775924,0.9930688892803584,0.994926603428726,0.9944350938991716,0.992307736098127,0.9922359563962381,0.9949506151088507,0.9806090163659871,0.9973016879147342,0.9834273110712318,0.9189967214362058,0.9089124520396226,0.7096864056282491,0.9692362397993388,0.91717522615951,0.3638946147018291,-0.23039341477617745,0.8769508876676168,0.9215869736867455,0.9596214921501764,0.9579893148216336,0.9525369163477823,0.9703553392634414,0.9568184106746088,0.9395358830257259,0.9733909447100992,0.9665353230267804,0.9509524842446972],[0.9752013760611309,0.9714654703261532,1.0,0.9845090157850522,0.9944860476089259,0.9726754241236317,0.9783777683118949,0.9600414035264374,0.9785175163377701,0.9842023417168941,0.9908525636384178,0.9875774839150341,0.9970340307152994,0.9968162194853231,0.990618533307907,0.9702337345477043,0.985448782321865,0.95927335077019,0.858985888624311,0.8222038048123019,0.5589247487674804,0.9921703423543333,0.9332789538950179,0.19267511915886576,-0.22278110817620106,0.8820650379628763,0.941408378563283,0.9707976285992181,0.9180260982435426,0.9068342470912965,0.9663318608407518,0.9106862010512401,0.8865424923579291,0.9638328172309225,0.9713261732684543,0.9156164766992817],[0.9970540852541911,0.9917892196169821,0.9845090157850522,1.0,0.9721162790283402,0.9755426097801487,0.9507253651475622,0.9804260107150511,0.9713958933167792,0.9999702867821317,0.9999918601080874,0.9999630159934597,0.9934693541071715,0.9921153878130579,0.9999511617084342,0.9743273404336231,0.9957584383685972,0.9797973809381377,0.8812035497025377,0.9005365971660707,0.650766420004105,0.9939537047590792,0.9385874959528133,0.33133424904416037,-0.28743825418025204,0.8899861411844491,0.938702679450222,0.9636240821033062,0.9641661223290727,0.9579453147259132,0.9810327774362554,0.9572440615709673,0.9242684272167283,0.9795770066669546,0.9730343540694728,0.9446541860754224],[0.9557083631921589,0.9516995211194843,0.9944860476089259,0.9721162790283402,1.0,0.9448853508138669,0.9574826303815125,0.9339319597974941,0.9577020025481612,0.9721865178973793,0.9815200278527614,0.9776387949998034,0.9834458590436715,0.9805896864775894,0.9811236194717476,0.9409751206833573,0.9665720235206056,0.9326128200735281,0.8245769000281603,0.7902693349290603,0.5080887593157355,0.9868971443427818,0.9276731743269558,0.1574779750110066,-0.21159487882724737,0.8473809343960422,0.9480794959725511,0.9557848993453454,0.8861301922385982,0.8817608591537698,0.9530527927707649,0.8785345966112673,0.8475867767405444,0.9446399441960925,0.9514903835863109,0.8825853727180512],[0.9839884968387703,0.9801560057771803,0.9726754241236317,0.9755426097801487,0.9448853508138669,1.0,0.9829237415084697,0.9826876064890367,0.9827679902278493,0.9749953651457517,0.9697055110443199,0.973098440337667,0.9735019875453317,0.971058394070294,0.9696402530558123,0.9999022702763541,0.9870930732448825,0.9836195412242559,0.9015060663977259,0.8715145907632664,0.658266867694795,0.9672177445556649,0.9052496069221322,0.24088913526272362,-0.22056544379103332,0.9320705890270242,0.9001344376109195,0.9645995535064775,0.9597806778876868,0.9347737898161721,0.9585438994921059,0.9548352743583184,0.9522397405309928,0.9633614176549892,0.9798284265899552,0.9581890553985377],[0.953378755106705,0.9494301175143036,0.9783777683118949,0.9507253651475622,0.9574826303815125,0.9829237415084697,1.0,0.9547213648735878,0.9848284698690125,0.9493965881214322,0.9595936448587717,0.9560591641269293,0.9777009391899285,0.9783721766225311,0.9593311926402033,0.9841943940469704,0.9715831230243697,0.9571302100328163,0.8658631695642651,0.7906157125671748,0.5484342435585716,0.9546412001648192,0.9072988825364212,0.10061156606495295,-0.15962595243237207,0.8939206724333709,0.8972941950905525,0.9606435074974798,0.903817658041959,0.8717662474794983,0.9388814781092076,0.8969775822230589,0.9033594594740288,0.9370757428241494,0.969296351016237,0.9135403437526134],[0.9889598679994528,0.98125577800782,0.9600414035264374,0.9804260107150511,0.9339319597974941,0.9826876064890367,0.9547213648735878,1.0,0.9838988929100833,0.9804125972695773,0.9756689292762045,0.9792555175774967,0.9699538643926194,0.9689421586559852,0.9757849962866436,0.9844861826833442,0.9867197063470632,0.9998836393107923,0.9278228756482219,0.9294342560921044,0.6276813484868126,0.9676566098216647,0.9000410107957184,0.21969626037582787,-0.31048736157480894,0.9068134633023497,0.8791115115381869,0.9450684078354585,0.9793310079454627,0.957269144314837,0.969397933713659,0.9661520215228193,0.9376282867295787,0.9638646316415094,0.9617299436300953,0.9679919631080673],[0.9749268640013565,0.9691143393775924,0.9785175163377701,0.9713958933167792,0.9577020025481612,0.9827679902278493,0.9848284698690125,0.9838988929100833,1.0,0.9706641005639067,0.9669546536894008,0.969480851048284,0.9720552932782927,0.9688084609729486,0.9668152124203505,0.9818310025156826,0.9747053723895313,0.9832382989319421,0.9027485684682041,0.8624892387282945,0.5463699329799266,0.9689274058455082,0.9176340034948434,0.07907142996114648,-0.2331453307196751,0.8850428910291344,0.8841883631630153,0.9650586879193891,0.9380611363170368,0.906108728852994,0.9627402707379119,0.9235430520925708,0.9042766130400951,0.9538006386478414,0.9739894040437513,0.9287144819427141],[0.9972058183188579,0.9930688892803584,0.9842023417168941,0.9999702867821317,0.9721865178973793,0.9749953651457517,0.9493965881214322,0.9804125972695773,0.9706641005639067,1.0,0.9999904113468976,0.9999828991300127,0.9933616061794865,0.9919853555844562,0.9999560241092987,0.9737899503837809,0.9956413681522307,0.9798802293272082,0.883012025716522,0.9017598000921908,0.6479470492899264,0.9941446464053973,0.9384720073020677,0.33639247115101145,-0.28689529961016763,0.890675804754425,0.93695688774708,0.9622100258330216,0.9639175060764974,0.9571427602729501,0.9801247828762953,0.9566544291037262,0.9229117885444881,0.9788294211438818,0.9719689467989897,0.9431759134878781],[0.9966528737380982,0.994926603428726,0.9908525636384178,0.9999918601080874,0.9815200278527614,0.9697055110443199,0.9595936448587717,0.9756689292762045,0.9669546536894008,0.9999904113468976,1.0,0.9999739376947191,0.9934941162529832,0.992113921815254,0.999958677070387,0.9694153096791358,0.9954261109098903,0.9761552287049299,0.904581257004504,0.9294306673479951,0.5256496183839641,0.997291960669393,0.9241191907755626,-0.14436219339929499,0.38414981488582606,0.8890148036206474,0.9077062626771394,0.9645296630861219,0.9546793040969842,0.9401225581496242,0.9720712876010948,0.9364059742004035,0.9008247226399699,0.9699079226512785,0.9810299095629021,0.9387557263143524],[0.9971178835830532,0.9944350938991716,0.9875774839150341,0.9999630159934597,0.9776387949998034,0.973098440337667,0.9560591641269293,0.9792555175774967,0.969480851048284,0.9999828991300127,0.9999739376947191,1.0,0.9933701877864116,0.9919604386349661,0.9999669658777733,0.9729220612045769,0.9955407228010266,0.9793226207070825,0.8905055124744985,0.9184970631721483,0.5911252115928719,0.9963074714066545,0.9352798528381732,0.0697068033835828,-0.19350413517785742,0.903694185260224,0.9228585998274826,0.957910413361437,0.958000655951666,0.9481156552940455,0.9767903051275343,0.947390237215401,0.9184971909248799,0.9753790722250714,0.9717136700857545,0.9469819143742412],[0.9931811328235133,0.992307736098127,0.9970340307152994,0.9934693541071715,0.9834458590436715,0.9735019875453317,0.9777009391899285,0.9699538643926194,0.9720552932782927,0.9933616061794865,0.9934941162529832,0.9933701877864116,1.0,0.9997684382372267,0.9934895696472137,0.9732637004629973,0.9932766745275843,0.9705114581142116,0.8952890492816719,0.9172445633670693,0.45007117303359767,0.9895001741792722,0.9208287809108077,-0.4094954232206494,0.3974429599434466,0.8710928661060701,0.9070101876356171,0.9678438698010835,0.9376498336641442,0.9087083582088649,0.9568931020106702,0.913428953552185,0.8690714481786052,0.9674507955688253,0.977961972442927,0.9309765023043787],[0.9941877037288321,0.9922359563962381,0.9968162194853231,0.9921153878130579,0.9805896864775894,0.971058394070294,0.9783721766225311,0.9689421586559852,0.9688084609729486,0.9919853555844562,0.992113921815254,0.9919604386349661,0.9997684382372267,1.0,0.9922242918711459,0.9707220442658411,0.9940995426644548,0.9696816203866416,0.8798617380218958,0.9270148241321234,0.3087747727728157,0.9857905980215187,0.9147375760662486,-0.7510626754261236,0.36721756012742135,0.838545808820612,0.9042640123573475,0.9640637945774146,0.9313010169237504,0.897201085741578,0.9505905584234836,0.9140222751265014,0.8471532657973903,0.9682046998929742,0.9761359889516776,0.9252662877392419],[0.9967059387312214,0.9949506151088507,0.990618533307907,0.9999511617084342,0.9811236194717476,0.9696402530558123,0.9593311926402033,0.9757849962866436,0.9668152124203505,0.9999560241092987,0.999958677070387,0.9999669658777733,0.9934895696472137,0.9922242918711459,1.0,0.9694128711359036,0.9954728987540574,0.9762506126971765,0.9047888766656588,0.9299640900336228,0.5256584844170156,0.9971291352599597,0.9242582271844387,-0.14220228535374782,0.3839391794962981,0.8890569626981392,0.9068422137862822,0.963988005418196,0.954930317023424,0.9405639848062085,0.9720682679959883,0.9369078618316222,0.9013353394067763,0.96988864026555,0.9810065401009842,0.9392982717231246],[0.9855148963077016,0.9806090163659871,0.9702337345477043,0.9743273404336231,0.9409751206833573,0.9999022702763541,0.9841943940469704,0.9844861826833442,0.9818310025156826,0.9737899503837809,0.9694153096791358,0.9729220612045769,0.9732637004629973,0.9707220442658411,0.9694128711359036,1.0,0.9871274154716816,0.9838328196880781,0.9044292674568286,0.8953403259173655,0.6468727930523506,0.964766163873021,0.8996173315911726,0.09589123501298474,-0.19947783173057307,0.9392616962636555,0.8885780332755191,0.9617185687030229,0.9632182594298809,0.9321800936185876,0.9551858925401866,0.9560417239964457,0.9513415860486295,0.9654043826333929,0.9791214856359924,0.9623594886630948],[0.9997179162299286,0.9973016879147342,0.985448782321865,0.9957584383685972,0.9665720235206056,0.9870930732448825,0.9715831230243697,0.9867197063470632,0.9747053723895313,0.9956413681522307,0.9954261109098903,0.9955407228010266,0.9932766745275843,0.9940995426644548,0.9954728987540574,0.9871274154716816,1.0,0.9872336351128187,0.9234136733698375,0.9392726497344582,0.5837027695032891,0.988331432611622,0.9155556966280474,-0.08394124794081918,0.4118345597547214,0.9179984938044173,0.8976375213012322,0.9668560779989207,0.9715849259954801,0.9490683902288582,0.9704286824747865,0.9553936328530287,0.9316628014517012,0.9761955528596462,0.986840827924107,0.9626136197031262],[0.9887276533896252,0.9834273110712318,0.95927335077019,0.9797973809381377,0.9326128200735281,0.9836195412242559,0.9571302100328163,0.9998836393107923,0.9832382989319421,0.9798802293272082,0.9761552287049299,0.9793226207070825,0.9705114581142116,0.9696816203866416,0.9762506126971765,0.9838328196880781,0.9872336351128187,1.0,0.9307190751552817,0.9356984933349348,0.6237697865704562,0.966046139337298,0.9039833525215698,0.18232950956902652,-0.2921697827122456,0.911785554098791,0.8734208632984012,0.9451930863842071,0.9798442173443301,0.9568205942562067,0.9678404590317783,0.9648990232937736,0.9373886212908945,0.9631605048284975,0.9598523706527333,0.9692019915824326],[0.8982927725775552,0.9189967214362058,0.858985888624311,0.8812035497025377,0.8245769000281603,0.9015060663977259,0.8658631695642651,0.9278228756482219,0.9027485684682041,0.883012025716522,0.904581257004504,0.8905055124744985,0.8952890492816719,0.8798617380218958,0.9047888766656588,0.9044292674568286,0.9234136733698375,0.9307190751552817,1.0,0.8286195057915107,0.695077534046856,0.8530696425074179,0.8056500062281149,0.2620052685282685,-0.1652786991924533,0.8577508392165288,0.7489802055339577,0.8559394645089171,0.892477854434919,0.8591395281263869,0.8556005280640179,0.8717070302445745,0.8579700126940237,0.8549492057816435,0.8754601618317166,0.8959158219941069],[0.9187327202540647,0.9089124520396226,0.8222038048123019,0.9005365971660707,0.7902693349290603,0.8715145907632664,0.7906157125671748,0.9294342560921044,0.8624892387282945,0.9017598000921908,0.9294306673479951,0.9184970631721483,0.9172445633670693,0.9270148241321234,0.9299640900336228,0.8953403259173655,0.9392726497344582,0.9356984933349348,0.8286195057915107,1.0,0.8242400252277,0.850901943114343,0.8667524888282184,0.6348639777719477,-0.5248935887107453,0.7172113931428232,0.8282586691169178,0.814062628999395,0.9596306393209703,0.938332834330669,0.8992254910894913,0.947287198903724,0.9009502795995435,0.9003548536439756,0.8517401829817453,0.8869522207360468],[0.6892825287610637,0.7096864056282491,0.5589247487674804,0.650766420004105,0.5080887593157355,0.658266867694795,0.5484342435585716,0.6276813484868126,0.5463699329799266,0.6479470492899264,0.5256496183839641,0.5911252115928719,0.45007117303359767,0.3087747727728157,0.5256584844170156,0.6468727930523506,0.5837027695032891,0.6237697865704562,0.695077534046856,0.8242400252277,1.0,0.5804420628864554,0.6872158510166342,0.7246531968094044,-0.11610263013708916,0.5340306893880323,0.5937926351027102,0.6061273979569013,0.7696896578183909,0.7000343099036178,0.6198133032638757,0.7355224982804669,0.7512458472035086,0.6593808677759021,0.6273551220882437,0.6784826586581101],[0.9846989638849218,0.9692362397993388,0.9921703423543333,0.9939537047590792,0.9868971443427818,0.9672177445556649,0.9546412001648192,0.9676566098216647,0.9689274058455082,0.9941446464053973,0.997291960669393,0.9963074714066545,0.9895001741792722,0.9857905980215187,0.9971291352599597,0.964766163873021,0.988331432611622,0.966046139337298,0.8530696425074179,0.850901943114343,0.5804420628864554,1.0,0.9169838435534399,0.2583514721269482,-0.27889210946492676,0.8721521124578632,0.9426872896135886,0.9674718535266037,0.9307923301553908,0.9381018849146302,0.972647945940496,0.9328411126461564,0.8959211272598907,0.9686301577559342,0.958494177942723,0.9238848076566065],[0.9337478033008085,0.91717522615951,0.9332789538950179,0.9385874959528133,0.9276731743269558,0.9052496069221322,0.9072988825364212,0.9000410107957184,0.9176340034948434,0.9384720073020677,0.9241191907755626,0.9352798528381732,0.9208287809108077,0.9147375760662486,0.9242582271844387,0.8996173315911726,0.9155556966280474,0.9039833525215698,0.8056500062281149,0.8667524888282184,0.6872158510166342,0.9169838435534399,1.0,0.2970287049422228,-0.19012105761409695,0.7164953654429269,0.9127406968482316,0.8992070943799952,0.8979233838337879,0.8577135654978842,0.9353458815508876,0.8715110306157712,0.8397732021985882,0.9303300573235457,0.885544474911571,0.8574985063366779],[0.36408979034390043,0.3638946147018291,0.19267511915886576,0.33133424904416037,0.1574779750110066,0.24088913526272362,0.10061156606495295,0.21969626037582787,0.07907142996114648,0.33639247115101145,-0.14436219339929499,0.0697068033835828,-0.4094954232206494,-0.7510626754261236,-0.14220228535374782,0.09589123501298474,-0.08394124794081918,0.18232950956902652,0.2620052685282685,0.6348639777719477,0.7246531968094044,0.2583514721269482,0.2970287049422228,1.0,-0.3810406512793124,0.26242065218533545,0.24576923194444147,0.1713949671111422,0.4606293366048245,0.45380526560358553,0.30099868972792587,0.4762396844023838,0.4028017013071347,0.32782614959207573,0.251043234541311,0.36928349423233037],[-0.2985462267420305,-0.23039341477617745,-0.22278110817620106,-0.28743825418025204,-0.21159487882724737,-0.22056544379103332,-0.15962595243237207,-0.31048736157480894,-0.2331453307196751,-0.28689529961016763,0.38414981488582606,-0.19350413517785742,0.3974429599434466,0.36721756012742135,0.3839391794962981,-0.19947783173057307,0.4118345597547214,-0.2921697827122456,-0.1652786991924533,-0.5248935887107453,-0.11610263013708916,-0.27889210946492676,-0.19012105761409695,-0.3810406512793124,1.0,-0.15722347677252807,-0.27151703701888535,-0.18390171263221783,-0.3868211045022998,-0.3760817281372773,-0.3180529384587548,-0.345173236079168,-0.21040372097054053,-0.3435203824489584,-0.185462567766781,-0.31731893666503846],[0.8985662008303433,0.8769508876676168,0.8820650379628763,0.8899861411844491,0.8473809343960422,0.9320705890270242,0.8939206724333709,0.9068134633023497,0.8850428910291344,0.890675804754425,0.8890148036206474,0.903694185260224,0.8710928661060701,0.838545808820612,0.8890569626981392,0.9392616962636555,0.9179984938044173,0.911785554098791,0.8577508392165288,0.7172113931428232,0.5340306893880323,0.8721521124578632,0.7164953654429269,0.26242065218533545,-0.15722347677252807,1.0,0.7684972039518307,0.8868163388933284,0.8229023766631491,0.8662833917804958,0.8308997368852016,0.873957470586683,0.8693174777746269,0.8612154217771251,0.8694557415813979,0.90019879476429],[0.9273195213362981,0.9215869736867455,0.941408378563283,0.938702679450222,0.9480794959725511,0.9001344376109195,0.8972941950905525,0.8791115115381869,0.8841883631630153,0.93695688774708,0.9077062626771394,0.9228585998274826,0.9070101876356171,0.9042640123573475,0.9068422137862822,0.8885780332755191,0.8976375213012322,0.8734208632984012,0.7489802055339577,0.8282586691169178,0.5937926351027102,0.9426872896135886,0.9127406968482316,0.24576923194444147,-0.27151703701888535,0.7684972039518307,1.0,0.8902443202636625,0.8820822864319439,0.869461919429085,0.9139522640437792,0.8677887615251008,0.8317760078713571,0.915576637476698,0.89616440573331,0.858475705842683],[0.9602322812223791,0.9596214921501764,0.9707976285992181,0.9636240821033062,0.9557848993453454,0.9645995535064775,0.9606435074974798,0.9450684078354585,0.9650586879193891,0.9622100258330216,0.9645296630861219,0.957910413361437,0.9678438698010835,0.9640637945774146,0.963988005418196,0.9617185687030229,0.9668560779989207,0.9451930863842071,0.8559394645089171,0.814062628999395,0.6061273979569013,0.9674718535266037,0.8992070943799952,0.1713949671111422,-0.18390171263221783,0.8868163388933284,0.8902443202636625,1.0,0.9118146007321789,0.8952544120397501,0.9459715532903115,0.8954877271539312,0.8884786662992599,0.9513757788352628,0.9740263631701513,0.8945569421406162],[0.9770420311897201,0.9579893148216336,0.9180260982435426,0.9641661223290727,0.8861301922385982,0.9597806778876868,0.903817658041959,0.9793310079454627,0.9380611363170368,0.9639175060764974,0.9546793040969842,0.958000655951666,0.9376498336641442,0.9313010169237504,0.954930317023424,0.9632182594298809,0.9715849259954801,0.9798442173443301,0.892477854434919,0.9596306393209703,0.7696896578183909,0.9307923301553908,0.8979233838337879,0.4606293366048245,-0.3868211045022998,0.8229023766631491,0.8820822864319439,0.9118146007321789,1.0,0.9866525973683654,0.962334492936135,0.9906882293094917,0.9536111682878293,0.9597732756787353,0.9167460307802446,0.9689144249625717],[0.964537583386753,0.9525369163477823,0.9068342470912965,0.9579453147259132,0.8817608591537698,0.9347737898161721,0.8717662474794983,0.957269144314837,0.906108728852994,0.9571427602729501,0.9401225581496242,0.9481156552940455,0.9087083582088649,0.897201085741578,0.9405639848062085,0.9321800936185876,0.9490683902288582,0.9568205942562067,0.8591395281263869,0.938332834330669,0.7000343099036178,0.9381018849146302,0.8577135654978842,0.45380526560358553,-0.3760817281372773,0.8662833917804958,0.869461919429085,0.8952544120397501,0.9866525973683654,1.0,0.9514537978986943,0.9844368951712663,0.9562763382085069,0.940478519601951,0.9249123771590271,0.9641967918354579],[0.9791709832886581,0.9703553392634414,0.9663318608407518,0.9810327774362554,0.9530527927707649,0.9585438994921059,0.9388814781092076,0.969397933713659,0.9627402707379119,0.9801247828762953,0.9720712876010948,0.9767903051275343,0.9568931020106702,0.9505905584234836,0.9720682679959883,0.9551858925401866,0.9704286824747865,0.9678404590317783,0.8556005280640179,0.8992254910894913,0.6198133032638757,0.972647945940496,0.9353458815508876,0.30099868972792587,-0.3180529384587548,0.8308997368852016,0.9139522640437792,0.9459715532903115,0.962334492936135,0.9514537978986943,1.0,0.9522483460652773,0.9127831914878979,0.9786820660245436,0.9632257981331378,0.9437493819395589],[0.9703933518685556,0.9568184106746088,0.9106862010512401,0.9572440615709673,0.8785345966112673,0.9548352743583184,0.8969775822230589,0.9661520215228193,0.9235430520925708,0.9566544291037262,0.9364059742004035,0.947390237215401,0.913428953552185,0.9140222751265014,0.9369078618316222,0.9560417239964457,0.9553936328530287,0.9648990232937736,0.8717070302445745,0.947287198903724,0.7355224982804669,0.9328411126461564,0.8715110306157712,0.4762396844023838,-0.345173236079168,0.873957470586683,0.8677887615251008,0.8954877271539312,0.9906882293094917,0.9844368951712663,0.9522483460652773,1.0,0.97417230450772,0.9464481013612538,0.9392778371626972,0.964901922698277],[0.940370538048997,0.9395358830257259,0.8865424923579291,0.9242684272167283,0.8475867767405444,0.9522397405309928,0.9033594594740288,0.9376282867295787,0.9042766130400951,0.9229117885444881,0.9008247226399699,0.9184971909248799,0.8690714481786052,0.8471532657973903,0.9013353394067763,0.9513415860486295,0.9316628014517012,0.9373886212908945,0.8579700126940237,0.9009502795995435,0.7512458472035086,0.8959211272598907,0.8397732021985882,0.4028017013071347,-0.21040372097054053,0.8693174777746269,0.8317760078713571,0.8884786662992599,0.9536111682878293,0.9562763382085069,0.9127831914878979,0.97417230450772,1.0,0.9071514178889738,0.9295014651529545,0.954582910252296],[0.9827813269410807,0.9733909447100992,0.9638328172309225,0.9795770066669546,0.9446399441960925,0.9633614176549892,0.9370757428241494,0.9638646316415094,0.9538006386478414,0.9788294211438818,0.9699079226512785,0.9753790722250714,0.9674507955688253,0.9682046998929742,0.96988864026555,0.9654043826333929,0.9761955528596462,0.9631605048284975,0.8549492057816435,0.9003548536439756,0.6593808677759021,0.9686301577559342,0.9303300573235457,0.32782614959207573,-0.3435203824489584,0.8612154217771251,0.915576637476698,0.9513757788352628,0.9597732756787353,0.940478519601951,0.9786820660245436,0.9464481013612538,0.9071514178889738,1.0,0.9601864059283803,0.9446555977705184],[0.9751151229881917,0.9665353230267804,0.9713261732684543,0.9730343540694728,0.9514903835863109,0.9798284265899552,0.969296351016237,0.9617299436300953,0.9739894040437513,0.9719689467989897,0.9810299095629021,0.9717136700857545,0.977961972442927,0.9761359889516776,0.9810065401009842,0.9791214856359924,0.986840827924107,0.9598523706527333,0.8754601618317166,0.8517401829817453,0.6273551220882437,0.958494177942723,0.885544474911571,0.251043234541311,-0.185462567766781,0.8694557415813979,0.89616440573331,0.9740263631701513,0.9167460307802446,0.9249123771590271,0.9632257981331378,0.9392778371626972,0.9295014651529545,0.9601864059283803,1.0,0.9235566254050793],[0.9559521683127838,0.9509524842446972,0.9156164766992817,0.9446541860754224,0.8825853727180512,0.9581890553985377,0.9135403437526134,0.9679919631080673,0.9287144819427141,0.9431759134878781,0.9387557263143524,0.9469819143742412,0.9309765023043787,0.9252662877392419,0.9392982717231246,0.9623594886630948,0.9626136197031262,0.9692019915824326,0.8959158219941069,0.8869522207360468,0.6784826586581101,0.9238848076566065,0.8574985063366779,0.36928349423233037,-0.31731893666503846,0.90019879476429,0.858475705842683,0.8945569421406162,0.9689144249625717,0.9641967918354579,0.9437493819395589,0.964901922698277,0.954582910252296,0.9446555977705184,0.9235566254050793,1.0]],"x":["^TAIEX       \u81fa\u7063\u52a0\u6b0a\u5831\u916c\u6307\u6578","^TWII        \u81fa\u7063\u52a0\u6b0a\u6307\u6578","^TAIEXx2     \u81fa\u7063\u52a0\u6b0a\u5831\u916c\u6307\u6578_\u65e5\u6b632","^TAI50I      \u81fa\u706350\u5831\u916c\u6307\u6578","^TAI50Ix2    \u81fa\u706350\u5831\u916c\u6307\u6578_\u65e5\u6b632","^TAI100I     \u81fa\u7063\u4e2d\u578b100\u5831\u916c\u6307\u6578","^TAI100Ix2   \u81fa\u7063\u4e2d\u578b100\u5831\u916c\u6307\u6578_\u65e5\u6b632","^TAIDIVIDI   \u81fa\u7063\u9ad8\u80a1\u606f\u5831\u916c\u6307\u6578","^TAIDIVIDIx2 \u81fa\u7063\u9ad8\u80a1\u606f\u5831\u916c\u6307\u6578_\u65e5\u6b632","0050Fund     \u5143\u5927\u53f0\u7063\u5353\u8d8a50\u57fa\u91d1","006208Fund   \u5bcc\u90a6\u53f0\u7063\u91c6\u540950\u57fa\u91d1","0050         \u5143\u5927\u81fa\u706350","00631L       \u5143\u5927\u53f0\u706350\u6b632","00675L       \u5bcc\u90a6\u81fa\u7063\u52a0\u6b0a\u6b632","006208       \u5bcc\u90a6\u53f050","0051         \u5143\u5927\u4e2d\u578b100","006204       \u6c38\u8c50\u81fa\u7063\u52a0\u6b0a","0056         \u5143\u5927\u9ad8\u80a1\u606f","0056         \u5143\u5927\u9ad8\u80a1\u606f_\u80a1\u606f\u4e0d\u6295\u5165","2412         \u4e2d\u83ef\u96fb\u4fe1","2002         \u4e2d\u92fc","2330         \u53f0\u7a4d\u96fb","2317         \u9d3b\u6d77","6505         \u53f0\u5851\u77f3\u5316","3481         \u7fa4\u5275","2303         \u806f\u96fb","2308         \u53f0\u9054\u96fb","2454         \u806f\u767c\u79d1","2886         \u5146\u8c50\u91d1","2884         \u7389\u5c71\u91d1","2891         \u4e2d\u4fe1\u91d1","2892         \u7b2c\u4e00\u91d1","5880         \u5408\u5eab\u91d1","2881         \u5bcc\u90a6\u91d1","2885         \u5143\u5927\u91d1","2887         \u53f0\u65b0\u91d1"],"y":["^TAIEX       \u81fa\u7063\u52a0\u6b0a\u5831\u916c\u6307\u6578","^TWII        \u81fa\u7063\u52a0\u6b0a\u6307\u6578","^TAIEXx2     \u81fa\u7063\u52a0\u6b0a\u5831\u916c\u6307\u6578_\u65e5\u6b632","^TAI50I      \u81fa\u706350\u5831\u916c\u6307\u6578","^TAI50Ix2    \u81fa\u706350\u5831\u916c\u6307\u6578_\u65e5\u6b632","^TAI100I     \u81fa\u7063\u4e2d\u578b100\u5831\u916c\u6307\u6578","^TAI100Ix2   \u81fa\u7063\u4e2d\u578b100\u5831\u916c\u6307\u6578_\u65e5\u6b632","^TAIDIVIDI   \u81fa\u7063\u9ad8\u80a1\u606f\u5831\u916c\u6307\u6578","^TAIDIVIDIx2 \u81fa\u7063\u9ad8\u80a1\u606f\u5831\u916c\u6307\u6578_\u65e5\u6b632","0050Fund     \u5143\u5927\u53f0\u7063\u5353\u8d8a50\u57fa\u91d1","006208Fund   \u5bcc\u90a6\u53f0\u7063\u91c6\u540950\u57fa\u91d1","0050         \u5143\u5927\u81fa\u706350","00631L       \u5143\u5927\u53f0\u706350\u6b632","00675L       \u5bcc\u90a6\u81fa\u7063\u52a0\u6b0a\u6b632","006208       \u5bcc\u90a6\u53f050","0051         \u5143\u5927\u4e2d\u578b100","006204       \u6c38\u8c50\u81fa\u7063\u52a0\u6b0a","0056         \u5143\u5927\u9ad8\u80a1\u606f","0056         \u5143\u5927\u9ad8\u80a1\u606f_\u80a1\u606f\u4e0d\u6295\u5165","2412         \u4e2d\u83ef\u96fb\u4fe1","2002         \u4e2d\u92fc","2330         \u53f0\u7a4d\u96fb","2317         \u9d3b\u6d77","6505         \u53f0\u5851\u77f3\u5316","3481         \u7fa4\u5275","2303         \u806f\u96fb","2308         \u53f0\u9054\u96fb","2454         \u806f\u767c\u79d1","2886         \u5146\u8c50\u91d1","2884         \u7389\u5c71\u91d1","2891         \u4e2d\u4fe1\u91d1","2892         \u7b2c\u4e00\u91d1","5880         \u5408\u5eab\u91d1","2881         \u5bcc\u90a6\u91d1","2885         \u5143\u5927\u91d1","2887         \u53f0\u65b0\u91d1"],"zmin":-1,"zmax":1,"colorbar":{"x":-0.2}}],"layout":{"autotypenumbers":"strict","colorway":["#636efa","#EF553B","#00cc96","#ab63fa","#FFA15A","#19d3f3","#FF6692","#B6E880","#FF97FF","#FECB52"],"font":{"color":"#f2f5fa","family":"Courier New"},"hovermode":"closest","hoverlabel":{"align":"left"},"paper_bgcolor":"rgb(17,17,17)","plot_bgcolor":"rgb(17,17,17)","polar":{"bgcolor":"rgb(17,17,17)","angularaxis":{"gridcolor":"#506784","linecolor":"#506784","ticks":""},"radialaxis":{"gridcolor":"#506784","linecolor":"#506784","ticks":""}},"ternary":{"bgcolor":"rgb(17,17,17)","aaxis":{"gridcolor":"#506784","linecolor":"#506784","ticks":""},"baxis":{"gridcolor":"#506784","linecolor":"#506784","ticks":""},"caxis":{"gridcolor":"#506784","linecolor":"#506784","ticks":""}},"coloraxis":{"colorbar":{"outlinewidth":0,"ticks":""}},"colorscale":{"sequential":[[0.0,"#0d0887"],[0.1111111111111111,"#46039f"],[0.2222222222222222,"#7201a8"],[0.3333333333333333,"#9c179e"],[0.4444444444444444,"#bd3786"],[0.5555555555555556,"#d8576b"],[0.6666666666666666,"#ed7953"],[0.7777777777777778,"#fb9f3a"],[0.8888888888888888,"#fdca26"],[1.0,"#f0f921"]],"sequentialminus":[[0.0,"#0d0887"],[0.1111111111111111,"#46039f"],[0.2222222222222222,"#7201a8"],[0.3333333333333333,"#9c179e"],[0.4444444444444444,"#bd3786"],[0.5555555555555556,"#d8576b"],[0.6666666666666666,"#ed7953"],[0.7777777777777778,"#fb9f3a"],[0.8888888888888888,"#fdca26"],[1.0,"#f0f921"]],"diverging":[[0,"#8e0152"],[0.1,"#c51b7d"],[0.2,"#de77ae"],[0.3,"#f1b6da"],[0.4,"#fde0ef"],[0.5,"#f7f7f7"],[0.6,"#e6f5d0"],[0.7,"#b8e186"],[0.8,"#7fbc41"],[0.9,"#4d9221"],[1,"#276419"]]},"xaxis":{"gridcolor":"rgba(0, 0, 0, 0)","linecolor":"#506784","ticks":"","title":{"standoff":15},"zerolinecolor":"#283442","automargin":true,"zerolinewidth":2,"tickfont":{"family":"Courier New","size":14},"side":"top","tickangle":-90},"yaxis":{"gridcolor":"rgba(0, 0, 0, 0)","linecolor":"#506784","ticks":"","title":{"standoff":15},"zerolinecolor":"#283442","automargin":true,"zerolinewidth":2,"tickfont":{"family":"Courier New"},"side":"right"},"scene":{"xaxis":{"backgroundcolor":"rgb(17,17,17)","gridcolor":"#506784","linecolor":"#506784","showbackground":true,"ticks":"","zerolinecolor":"#C8D4E3","gridwidth":2},"yaxis":{"backgroundcolor":"rgb(17,17,17)","gridcolor":"#506784","linecolor":"#506784","showbackground":true,"ticks":"","zerolinecolor":"#C8D4E3","gridwidth":2},"zaxis":{"backgroundcolor":"rgb(17,17,17)","gridcolor":"#506784","linecolor":"#506784","showbackground":true,"ticks":"","zerolinecolor":"#C8D4E3","gridwidth":2}},"shapedefaults":{"line":{"color":"#f2f5fa"}},"annotationdefaults":{"arrowcolor":"#f2f5fa","arrowhead":0,"arrowwidth":1},"geo":{"bgcolor":"rgb(17,17,17)","landcolor":"rgb(17,17,17)","subunitcolor":"#506784","showland":true,"showlakes":true,"lakecolor":"rgb(17,17,17)"},"title":{"x":0.05,"font":{"family":"Times New Roman"},"y":0.05,"text":"<b>Correlation of Adj Close<b><br><i>2016-09-23 ~ 2025-12-11<i>"},"updatemenudefaults":{"bgcolor":"#506784","borderwidth":0},"sliderdefaults":{"bgcolor":"#C8D4E3","borderwidth":1,"bordercolor":"rgb(17,17,17)","tickwidth":0},"mapbox":{"style":"dark"},"annotations":[{"text":"<b>@zwindr<b>","textangle":0,"opacity":0.5,"font":{"color":"white","size":12},"xref":"paper","yref":"paper","xanchor":"left","yanchor":"bottom","x":1.0,"y":1.0,"showarrow":false}]},"config":{"responsive":true,"toImageButtonOptions":{"filename":"Correlation of Adj Close_2016-09-23~2025-12-11","scale":5}}};Plotly.newPlot("correlationAdjClose",correlationAdjClose.data,correlationAdjClose.layout||{},correlationAdjClose.config);}else{console.log("style display is none => correlationAdjClose");}