var config = { responsive: true }

var correlationAdjClose = {"data": [{"type": "heatmap", "z": [[1.0, 0.993494185714232, 0.9751887264935755, 0.9978207050205571, 0.9635803529282707, 0.9799851469678589, -0.9379373817531576, 0.9891620473517747, 0.9671177441176483, 0.9966069610882141, 0.9930737161035427, 0.9942549240194143, 0.9972446615307075, 0.9774626265663929, 0.9995467346278469, 0.9861874999054819, 0.9115019380288837, 0.7625121681007778, 0.9858692322731291, 0.9217031428314375, 0.4983883388853244, -0.2741896723542663, 0.896818972043265, 0.9728004396114357, 0.9505910708941654], [0.993494185714232, 1.0, 0.970510525413663, 0.9911812323523234, 0.9594692791507926, 0.9749651124896442, -0.9329721277789131, 0.9791980179636187, 0.9597775956982284, 0.9938470597685364, 0.9918040054045736, 0.9911344058442405, 0.9952746765534863, 0.9720954216195121, 0.9962755588882406, 0.9821182820114387, 0.8999772747530532, 0.7682478418243732, 0.9664275953874918, 0.8994469831562216, 0.49474114266475294, -0.1958968753025724, 0.8683502736445926, 0.9598272332320872, 0.9511461060310774], [0.9751887264935755, 0.970510525413663, 1.0, 0.9811177435234446, 0.9962921496912615, 0.978332421453113, -0.9743999157462976, 0.9681215646825813, 0.9825338100128073, 0.9852155792704871, 0.9975986061528452, 0.9975844556084639, 0.9881964505117707, 0.9767048675124982, 0.9872133520142703, 0.9747708422840803, 0.8118499540530114, 0.6534002815693982, 0.9892218257425116, 0.9101450828233104, 0.33127346415677467, -0.19127074149455967, 0.9056787663923093, 0.9381904159254065, 0.9772319923053382], [0.9978207050205571, 0.9911812323523234, 0.9811177435234446, 1.0, 0.9746727767352806, 0.972180209119658, -0.9324641476282555, 0.9835884738619746, 0.9642244795330545, 0.999240773033607, 0.9925644559206896, 0.9914859229810408, 0.9999009073512809, 0.9672827083239524, 0.9960100208835646, 0.9809583554514812, 0.8972082332987368, 0.735642110601639, 0.9931895982555453, 0.9236021544232299, 0.4792861969188769, -0.26687223274721855, 0.8967297125597761, 0.9666906601738194, 0.956282750001487], [0.9635803529282707, 0.9594692791507926, 0.9962921496912615, 0.9746727767352806, 1.0, 0.9582269001887945, -0.9559623674960538, 0.9535018209353511, 0.9702496896300112, 0.9814090953398277, 0.9886014062030938, 0.9851425506081185, 0.9843940399578186, 0.955777146878041, 0.9756751231867286, 0.9602976848776458, 0.7916937250275756, 0.6218998069213322, 0.9880218329446938, 0.9073406456904344, 0.3126979498500067, -0.1858742547591503, 0.8896299525770736, 0.9230896824653277, 0.9747406625919124], [0.9799851469678589, 0.9749651124896442, 0.978332421453113, 0.972180209119658, 0.9582269001887945, 1.0, -0.9791924607014818, 0.9789322312728765, 0.9784451391479709, 0.971292818805083, 0.9756197543562636, 0.9735433392459834, 0.9679720909812521, 0.9988486102420522, 0.9856671889919325, 0.9854493173092445, 0.8491514410280808, 0.7286376395826315, 0.9668593511120793, 0.8882661182637943, 0.35938614396068774, -0.17910741322580903, 0.9346390229004881, 0.9545777871420739, 0.9575276457502493], [-0.9379373817531576, -0.9329721277789131, -0.9743999157462976, -0.9324641476282555, -0.9559623674960538, -0.9791924607014818, 1.0, -0.9476293974270549, -0.982274321307976, -0.940384880966705, -0.9723285512488564, -0.9744060341093248, -0.9462701528929437, -0.9856666742260412, -0.9625899120823179, -0.9639944851569964, -0.7555483344620193, -0.6238819975472134, -0.9392351288116375, -0.8747982768587386, -0.21107702176459864, 0.10809059200656515, -0.9012839930517396, -0.9073873617370747, -0.9549474065622732], [0.9891620473517747, 0.9791980179636187, 0.9681215646825813, 0.9835884738619746, 0.9535018209353511, 0.9789322312728765, -0.9476293974270549, 1.0, 0.9809484138339513, 0.9803908201333721, 0.9742397765025643, 0.9733953563546605, 0.9787713978330665, 0.9748939213465548, 0.9865974661603933, 0.9963077302703506, 0.9190191133250041, 0.701290396575498, 0.9736508259555239, 0.8941927847405464, 0.37240793610397993, -0.2814957298712565, 0.902336300019246, 0.953170622044354, 0.9321698910124305], [0.9671177441176483, 0.9597775956982284, 0.9825338100128073, 0.9642244795330545, 0.9702496896300112, 0.9784451391479709, -0.982274321307976, 0.9809484138339513, 1.0, 0.9633623669868419, 0.9708688769413134, 0.9678192109890951, 0.9602610753472114, 0.9766354123002647, 0.9676774495125958, 0.9867195038296848, 0.8404241097396423, 0.6266723956311994, 0.9649257797090492, 0.9024301969368168, 0.22581109422203874, -0.1940390783766799, 0.8836378230857199, 0.9271197641694545, 0.9560286004080536], [0.9966069610882141, 0.9938470597685364, 0.9852155792704871, 0.999240773033607, 0.9814090953398277, 0.971292818805083, -0.940384880966705, 0.9803908201333721, 0.9633623669868419, 1.0, 0.991395972211068, 0.9899052099152481, 0.999834069527567, 0.968249177499653, 0.9952253473405739, 0.9810747527395723, 0.9092136810574885, 0.7146071777279868, 0.9955725300482864, 0.9167761595965643, 0.31155725538966506, -0.17640314809480837, 0.9299129102556952, 0.9557390019149472, 0.9541916165662309], [0.9930737161035427, 0.9918040054045736, 0.9975986061528452, 0.9925644559206896, 0.9886014062030938, 0.9756197543562636, -0.9723285512488564, 0.9742397765025643, 0.9708688769413134, 0.991395972211068, 1.0, 0.9996540803981311, 0.9922485343995053, 0.9766592816490322, 0.9933870187229157, 0.9756690222616198, 0.9038600873741791, 0.6151939472936423, 0.9886362265681494, 0.887244121784169, -0.24397793767646653, 0.6612637040767954, 0.907118184220063, 0.9515173015727085, 0.9771471214389312], [0.9942549240194143, 0.9911344058442405, 0.9975844556084639, 0.9914859229810408, 0.9851425506081185, 0.9735433392459834, -0.9744060341093248, 0.9733953563546605, 0.9678192109890951, 0.9899052099152481, 0.9996540803981311, 1.0, 0.9911504467560306, 0.9746809034479735, 0.9942935811382345, 0.9750287282000298, 0.913894797133365, 0.5073608438660211, 0.9842935395549903, 0.8736198120945319, -0.677450749184491, 0.6620443322859165, 0.8802465622673037, 0.9482686028531303, 0.9767814008721385], [0.9972446615307075, 0.9952746765534863, 0.9881964505117707, 0.9999009073512809, 0.9843940399578186, 0.9679720909812521, -0.9462701528929437, 0.9787713978330665, 0.9602610753472114, 0.999834069527567, 0.9922485343995053, 0.9911504467560306, 1.0, 0.9687774672814791, 0.9955660493804396, 0.9798548011359551, 0.926441097575854, 0.6782891478678748, 0.9971212040725165, 0.8959693237453438, 0.06535263033202737, 0.6183387300380193, 0.91985837797957, 0.9476864331812236, 0.9624612767898683], [0.9774626265663929, 0.9720954216195121, 0.9767048675124982, 0.9672827083239524, 0.955777146878041, 0.9988486102420522, -0.9856666742260412, 0.9748939213465548, 0.9766354123002647, 0.968249177499653, 0.9766592816490322, 0.9746809034479735, 0.9687774672814791, 1.0, 0.9858435390241566, 0.9831367493713362, 0.8630454515872096, 0.7322549736214167, 0.9622326963851796, 0.8774433725378024, 0.22358615339151336, -0.09317889252938298, 0.9439927578581635, 0.9494447353040104, 0.9566214212537558], [0.9995467346278469, 0.9962755588882406, 0.9872133520142703, 0.9960100208835646, 0.9756751231867286, 0.9856671889919325, -0.9625899120823179, 0.9865974661603933, 0.9676774495125958, 0.9952253473405739, 0.9933870187229157, 0.9942935811382345, 0.9955660493804396, 0.9858435390241566, 1.0, 0.9869313041954332, 0.933627800924515, 0.7137703006256365, 0.9897099814435997, 0.8926151634913678, 0.1085807970620128, 0.6333242565122275, 0.9372974196124019, 0.9581457947357972, 0.9617176780891742], [0.9861874999054819, 0.9821182820114387, 0.9747708422840803, 0.9809583554514812, 0.9602976848776458, 0.9854493173092445, -0.9639944851569964, 0.9963077302703506, 0.9867195038296848, 0.9810747527395723, 0.9756690222616198, 0.9750287282000298, 0.9798548011359551, 0.9831367493713362, 0.9869313041954332, 1.0, 0.9010190183719489, 0.7032458835456189, 0.9729380995265848, 0.8939110358776722, 0.30519875535121094, -0.1666448322905509, 0.9142227006950179, 0.9426982394771417, 0.9436219867070303], [0.9115019380288837, 0.8999772747530532, 0.8118499540530114, 0.8972082332987368, 0.7916937250275756, 0.8491514410280808, -0.7555483344620193, 0.9190191133250041, 0.8404241097396423, 0.9092136810574885, 0.9038600873741791, 0.913894797133365, 0.926441097575854, 0.8630454515872096, 0.933627800924515, 0.9010190183719489, 1.0, 0.8607275948713408, 0.8456362695072703, 0.8707451211808965, 0.7442714990339756, -0.5264999650394837, 0.6676822944114645, 0.9091122209866278, 0.7843837475355055], [0.7625121681007778, 0.7682478418243732, 0.6534002815693982, 0.735642110601639, 0.6218998069213322, 0.7286376395826315, -0.6238819975472134, 0.701290396575498, 0.6266723956311994, 0.7146071777279868, 0.6151939472936423, 0.5073608438660211, 0.6782891478678748, 0.7322549736214167, 0.7137703006256365, 0.7032458835456189, 0.8607275948713408, 1.0, 0.6561998118312737, 0.7587815503851673, 0.7365843575813921, -0.10217226407801677, 0.5388928683724142, 0.7726180792802387, 0.6595242476654033], [0.9858692322731291, 0.9664275953874918, 0.9892218257425116, 0.9931895982555453, 0.9880218329446938, 0.9668593511120793, -0.9392351288116375, 0.9736508259555239, 0.9649257797090492, 0.9955725300482864, 0.9886362265681494, 0.9842935395549903, 0.9971212040725165, 0.9622326963851796, 0.9897099814435997, 0.9729380995265848, 0.8456362695072703, 0.6561998118312737, 1.0, 0.8946130857647215, 0.40935032212094996, -0.26128577702274236, 0.8854723298986813, 0.9489699559587721, 0.965784543459083], [0.9217031428314375, 0.8994469831562216, 0.9101450828233104, 0.9236021544232299, 0.9073406456904344, 0.8882661182637943, -0.8747982768587386, 0.8941927847405464, 0.9024301969368168, 0.9167761595965643, 0.887244121784169, 0.8736198120945319, 0.8959693237453438, 0.8774433725378024, 0.8926151634913678, 0.8939110358776722, 0.8707451211808965, 0.7587815503851673, 0.8946130857647215, 1.0, 0.4517128031479086, -0.16989596613806143, 0.6900990793604864, 0.9171979011718999, 0.8788620014113045], [0.4983883388853244, 0.49474114266475294, 0.33127346415677467, 0.4792861969188769, 0.3126979498500067, 0.35938614396068774, -0.21107702176459864, 0.37240793610397993, 0.22581109422203874, 0.31155725538966506, -0.24397793767646653, -0.677450749184491, 0.06535263033202737, 0.22358615339151336, 0.1085807970620128, 0.30519875535121094, 0.7442714990339756, 0.7365843575813921, 0.40935032212094996, 0.4517128031479086, 1.0, -0.41770475800426765, 0.32551200610753345, 0.4811748289703698, 0.27579969139080873], [-0.2741896723542663, -0.1958968753025724, -0.19127074149455967, -0.26687223274721855, -0.1858742547591503, -0.17910741322580903, 0.10809059200656515, -0.2814957298712565, -0.1940390783766799, -0.17640314809480837, 0.6612637040767954, 0.6620443322859165, 0.6183387300380193, -0.09317889252938298, 0.6333242565122275, -0.1666448322905509, -0.5264999650394837, -0.10217226407801677, -0.26128577702274236, -0.16989596613806143, -0.41770475800426765, 1.0, -0.11668817551578624, -0.3056705017039171, -0.13729387238121857], [0.896818972043265, 0.8683502736445926, 0.9056787663923093, 0.8967297125597761, 0.8896299525770736, 0.9346390229004881, -0.9012839930517396, 0.902336300019246, 0.8836378230857199, 0.9299129102556952, 0.907118184220063, 0.8802465622673037, 0.91985837797957, 0.9439927578581635, 0.9372974196124019, 0.9142227006950179, 0.6676822944114645, 0.5388928683724142, 0.8854723298986813, 0.6900990793604864, 0.32551200610753345, -0.11668817551578624, 1.0, 0.8288439370396646, 0.8835544068218396], [0.9728004396114357, 0.9598272332320872, 0.9381904159254065, 0.9666906601738194, 0.9230896824653277, 0.9545777871420739, -0.9073873617370747, 0.953170622044354, 0.9271197641694545, 0.9557390019149472, 0.9515173015727085, 0.9482686028531303, 0.9476864331812236, 0.9494447353040104, 0.9581457947357972, 0.9426982394771417, 0.9091122209866278, 0.7726180792802387, 0.9489699559587721, 0.9171979011718999, 0.4811748289703698, -0.3056705017039171, 0.8288439370396646, 1.0, 0.9265977422059348], [0.9505910708941654, 0.9511461060310774, 0.9772319923053382, 0.956282750001487, 0.9747406625919124, 0.9575276457502493, -0.9549474065622732, 0.9321698910124305, 0.9560286004080536, 0.9541916165662309, 0.9771471214389312, 0.9767814008721385, 0.9624612767898683, 0.9566214212537558, 0.9617176780891742, 0.9436219867070303, 0.7843837475355055, 0.6595242476654033, 0.965784543459083, 0.8788620014113045, 0.27579969139080873, -0.13729387238121857, 0.8835544068218396, 0.9265977422059348, 1.0]], "x": ["^TAIEX       \u81fa\u7063\u52a0\u6b0a\u5831\u916c\u6307\u6578", "^TWII        \u81fa\u7063\u52a0\u6b0a\u6307\u6578", "^TAIEXx2     \u81fa\u7063\u52a0\u6b0a\u5831\u916c\u6307\u6578_\u65e5\u6b632", "^TAI50I      \u81fa\u706350\u5831\u916c\u6307\u6578", "^TAI50Ix2    \u81fa\u706350\u5831\u916c\u6307\u6578_\u65e5\u6b632", "^TAI100I     \u81fa\u7063\u4e2d\u578b100\u5831\u916c\u6307\u6578", "^TAI100Ix2   \u81fa\u7063\u4e2d\u578b100\u5831\u916c\u6307\u6578_\u65e5\u6b632", "^TAIDIVIDI   \u81fa\u7063\u9ad8\u80a1\u606f\u5831\u916c\u6307\u6578", "^TAIDIVIDIx2 \u81fa\u7063\u9ad8\u80a1\u606f\u5831\u916c\u6307\u6578_\u65e5\u6b632", "0050         \u5143\u5927\u81fa\u706350", "00631L       \u5143\u5927\u53f0\u706350\u6b632", "00675L       \u5bcc\u90a6\u81fa\u7063\u52a0\u6b0a\u6b632", "006208       \u5bcc\u90a6\u53f050", "0051         \u5143\u5927\u4e2d\u578b100", "006204       \u6c38\u8c50\u81fa\u7063\u52a0\u6b0a", "0056         \u5143\u5927\u9ad8\u80a1\u606f", "2412         \u4e2d\u83ef\u96fb\u4fe1", "2002         \u4e2d\u92fc", "2330         \u53f0\u7a4d\u96fb", "2317         \u9d3b\u6d77", "6505         \u53f0\u5851\u77f3\u5316", "3481         \u7fa4\u5275", "2303         \u806f\u96fb", "2308         \u53f0\u9054\u96fb", "2454         \u806f\u767c\u79d1"], "y": ["^TAIEX       \u81fa\u7063\u52a0\u6b0a\u5831\u916c\u6307\u6578", "^TWII        \u81fa\u7063\u52a0\u6b0a\u6307\u6578", "^TAIEXx2     \u81fa\u7063\u52a0\u6b0a\u5831\u916c\u6307\u6578_\u65e5\u6b632", "^TAI50I      \u81fa\u706350\u5831\u916c\u6307\u6578", "^TAI50Ix2    \u81fa\u706350\u5831\u916c\u6307\u6578_\u65e5\u6b632", "^TAI100I     \u81fa\u7063\u4e2d\u578b100\u5831\u916c\u6307\u6578", "^TAI100Ix2   \u81fa\u7063\u4e2d\u578b100\u5831\u916c\u6307\u6578_\u65e5\u6b632", "^TAIDIVIDI   \u81fa\u7063\u9ad8\u80a1\u606f\u5831\u916c\u6307\u6578", "^TAIDIVIDIx2 \u81fa\u7063\u9ad8\u80a1\u606f\u5831\u916c\u6307\u6578_\u65e5\u6b632", "0050         \u5143\u5927\u81fa\u706350", "00631L       \u5143\u5927\u53f0\u706350\u6b632", "00675L       \u5bcc\u90a6\u81fa\u7063\u52a0\u6b0a\u6b632", "006208       \u5bcc\u90a6\u53f050", "0051         \u5143\u5927\u4e2d\u578b100", "006204       \u6c38\u8c50\u81fa\u7063\u52a0\u6b0a", "0056         \u5143\u5927\u9ad8\u80a1\u606f", "2412         \u4e2d\u83ef\u96fb\u4fe1", "2002         \u4e2d\u92fc", "2330         \u53f0\u7a4d\u96fb", "2317         \u9d3b\u6d77", "6505         \u53f0\u5851\u77f3\u5316", "3481         \u7fa4\u5275", "2303         \u806f\u96fb", "2308         \u53f0\u9054\u96fb", "2454         \u806f\u767c\u79d1"], "zmin": -1, "zmax": 1, "colorbar": {"x": -0.2}}], "layout": {"title": {"text": "<b>Correlation of Adj Close <b><br><i>2016/09/23 ~ 2025/05/02<i>", "y": 0.05, "font": {"family": "Times New Roman"}, "x": 0.05}, "xaxis": {"side": "top", "tickangle": -90, "gridcolor": "rgba(0, 0, 0, 0)", "tickfont": {"family": "Courier New", "size": 14}, "automargin": true}, "yaxis": {"side": "right", "gridcolor": "rgba(0, 0, 0, 0)", "tickfont": {"family": "Courier New"}, "automargin": true}, "height": 600, "font": {"family": "Courier New", "color": "#ffffff"}, "plot_bgcolor": "#000", "paper_bgcolor": "#000"}};

Plotly.newPlot("correlationAdjClose",
    correlationAdjClose.data,
    correlationAdjClose.layout || {},
    config);