var config = { responsive: true }

var correlationAdjClose = {"data": [{"type": "heatmap", "z": [[1.0, 0.9938492961875974, 0.9765185258082398, 0.9977283983396269, 0.9648805230803001, 0.9810500612410668, -0.9414317725783437, 0.9897979630255799, 0.969212690562718, 0.9978054244198763, 0.993017050434675, 0.9937723576714195, 0.9972628924559533, 0.9837266009096529, 0.9996574680768529, 0.9898550037549769, 0.919378220686025, 0.747710875326133, 0.985482260477721, 0.9189737518196431, 0.45851211380834145, -0.30272645524452396, 0.90070913531766, 0.9742922292279356, 0.9535340838917425], [0.9938492961875974, 1.0, 0.9719160340951483, 0.9913144230659223, 0.9605301852548889, 0.9763227623484004, -0.9366711625065643, 0.9804028226895598, 0.9621484982936819, 0.993347836826726, 0.9920957419550858, 0.991303234383174, 0.9952365671861048, 0.9774497413812975, 0.9965772563987573, 0.9832486957269332, 0.9081940784132229, 0.7571469574737252, 0.9667975048163854, 0.8981453466207632, 0.45649967124987306, -0.2258659134166737, 0.873994602410039, 0.9618048815177053, 0.9533874569104758], [0.9765185258082398, 0.9719160340951483, 1.0, 0.982450956311243, 0.9962038796809823, 0.9790851348209808, -0.9754563225925177, 0.9698805034217928, 0.9836499265354022, 0.9845345953642229, 0.9971644989886231, 0.9970137651322735, 0.9887325148003826, 0.9778884813562422, 0.9875495514722357, 0.9698233872203429, 0.8253758607390035, 0.6383351533936593, 0.9898504546670365, 0.9093796259650854, 0.29345690465144064, -0.2247562415218654, 0.9078228951072445, 0.9418635841496277, 0.978712762750171], [0.9977283983396269, 0.9913144230659223, 0.982450956311243, 1.0, 0.9761269835156311, 0.973367108182169, -0.9361668746570145, 0.9843036987796572, 0.9666254560057389, 0.9999549668790574, 0.991476634817586, 0.9896525406653522, 0.9999443458041267, 0.9734693825635988, 0.996104891421892, 0.9842195020754537, 0.9058668428630707, 0.7188249009526064, 0.9932120884430907, 0.9203882849218544, 0.4360103267698673, -0.2943510802479719, 0.8995705107363965, 0.9684967054916195, 0.9595984936061791], [0.9648805230803001, 0.9605301852548889, 0.9962038796809823, 0.9761269835156311, 1.0, 0.9592636393783716, -0.957295151178475, 0.9554478735449398, 0.9717471618865865, 0.9802956528188972, 0.987248762702148, 0.9836290304480975, 0.9851562258061759, 0.9571262931546632, 0.9761550742481798, 0.9553471449187695, 0.8056494533923586, 0.6045707330175719, 0.9892248765056678, 0.9058766219803589, 0.27122521590003507, -0.21813038551475336, 0.8906688777688194, 0.9272432011740838, 0.9765486631399446], [0.9810500612410668, 0.9763227623484004, 0.9790851348209808, 0.973367108182169, 0.9592636393783716, 1.0, -0.9803333663677767, 0.980059977898961, 0.979416468791843, 0.9720906767117713, 0.9767843361883936, 0.9747567088933446, 0.9687874150698302, 0.9999097806160784, 0.9859020518323632, 0.9811820245033231, 0.859069065834339, 0.7140419693297907, 0.9672541624504163, 0.8889482391835031, 0.3228515534330913, -0.21309677115145342, 0.9364693156351456, 0.956805037147063, 0.959110454584221], [-0.9414317725783437, -0.9366711625065643, -0.9754563225925177, -0.9361668746570145, -0.957295151178475, -0.9803333663677767, 1.0, -0.9504850525112508, -0.9829966562566567, -0.9412704498954508, -0.9736228012711579, -0.9754868275248023, -0.9479702913063199, -0.9835920028055813, -0.9636552072189988, -0.9535886707919721, -0.7701112942231486, -0.6116991088211756, -0.9418614195413845, -0.878884526472502, -0.17932232575461982, 0.1466489575111187, -0.9044253778006703, -0.912357623272968, -0.9564732521736017], [0.9897979630255799, 0.9804028226895598, 0.9698805034217928, 0.9843036987796572, 0.9554478735449398, 0.980059977898961, -0.9504850525112508, 1.0, 0.9820415748244553, 0.9836273830774536, 0.9753448166268808, 0.974250630540203, 0.9798351215981203, 0.9820716839767596, 0.9873398427489657, 0.9998691576830684, 0.921816072802507, 0.6833993098131609, 0.9740014233584355, 0.8925078694036346, 0.319443075134933, -0.31067504585828953, 0.9050476901591996, 0.9557415184418651, 0.9363922880813497], [0.969212690562718, 0.9621484982936819, 0.9836499265354022, 0.9666254560057389, 0.9717471618865865, 0.979416468791843, -0.9829966562566567, 0.9820415748244553, 1.0, 0.965327745618761, 0.9722098351542822, 0.9692091026921861, 0.962572560646644, 0.9785853955637248, 0.9692849936162796, 0.9813674359998873, 0.8470176845136221, 0.6085021040238795, 0.9668839781914137, 0.9034813061759881, 0.1759986717800771, -0.22852719276153347, 0.886587124225794, 0.9315973521744649, 0.959000304633963], [0.9978054244198763, 0.993347836826726, 0.9845345953642229, 0.9999549668790574, 0.9802956528188972, 0.9720906767117713, -0.9412704498954508, 0.9836273830774536, 0.965327745618761, 1.0, 0.9912201380298215, 0.9892968841031538, 0.9999609224883513, 0.9726096303397483, 0.9958516838289522, 0.9840503948523869, 0.9214968272247042, 0.686162916415462, 0.9953160860262099, 0.9175511235158655, 0.2604619599173511, -0.2580731775738026, 0.9267520156002566, 0.9629965869943011, 0.9545064056508138], [0.993017050434675, 0.9920957419550858, 0.9971644989886231, 0.991476634817586, 0.987248762702148, 0.9767843361883936, -0.9736228012711579, 0.9753448166268808, 0.9722098351542822, 0.9912201380298215, 1.0, 0.9996721945111214, 0.9913471667319841, 0.9777512014239537, 0.9933630937090513, 0.9768018000414692, 0.9089304199902106, 0.587663633772208, 0.9863284537729741, 0.8882802247940185, -0.29483118853574397, 0.4723510723219795, 0.9082602301028007, 0.9535922352801103, 0.9770444836053567], [0.9937723576714195, 0.991303234383174, 0.9970137651322735, 0.9896525406653522, 0.9836290304480975, 0.9747567088933446, -0.9754868275248023, 0.974250630540203, 0.9692091026921861, 0.9892968841031538, 0.9996721945111214, 1.0, 0.9895639028372195, 0.975817647984038, 0.9939231232697106, 0.9759690718741834, 0.9164577998436327, 0.47210202003830737, 0.9811686718414545, 0.8767153712392841, -0.6964951522396098, 0.4520652505563296, 0.8815602177519728, 0.9504109097941912, 0.976368520320215], [0.9972628924559533, 0.9952365671861048, 0.9887325148003826, 0.9999443458041267, 0.9851562258061759, 0.9687874150698302, -0.9479702913063199, 0.9798351215981203, 0.962572560646644, 0.9999609224883513, 0.9913471667319841, 0.9895639028372195, 1.0, 0.9695009913928646, 0.995666903070324, 0.9809721122247658, 0.9290545144692006, 0.646180791627936, 0.9968027231187012, 0.896160992063149, -0.002588409961358172, 0.44529268454536036, 0.9181381226317495, 0.951610654249383, 0.9651134721961843], [0.9837266009096529, 0.9774497413812975, 0.9778884813562422, 0.9734693825635988, 0.9571262931546632, 0.9999097806160784, -0.9835920028055813, 0.9820716839767596, 0.9785853955637248, 0.9726096303397483, 0.9777512014239537, 0.975817647984038, 0.9695009913928646, 1.0, 0.9864416706731609, 0.9813479859358596, 0.8829284439201984, 0.7153052559243013, 0.9660377868662627, 0.8846037223009342, 0.1960254801799528, -0.19098671589734648, 0.9451728720078763, 0.9594911987970598, 0.9560484545353524], [0.9996574680768529, 0.9965772563987573, 0.9875495514722357, 0.996104891421892, 0.9761550742481798, 0.9859020518323632, -0.9636552072189988, 0.9873398427489657, 0.9692849936162796, 0.9958516838289522, 0.9933630937090513, 0.9939231232697106, 0.995666903070324, 0.9864416706731609, 1.0, 0.9882681727534832, 0.9347460483147689, 0.6858180158766884, 0.9890375874556104, 0.8934420489317915, 0.04628254156303194, 0.46222121479952555, 0.9364267661412496, 0.961275734617068, 0.9635694022320253], [0.9898550037549769, 0.9832486957269332, 0.9698233872203429, 0.9842195020754537, 0.9553471449187695, 0.9811820245033231, -0.9535886707919721, 0.9998691576830684, 0.9813674359998873, 0.9840503948523869, 0.9768018000414692, 0.9759690718741834, 0.9809721122247658, 0.9813479859358596, 0.9882681727534832, 1.0, 0.92817194197825, 0.6819827702189017, 0.9730823344440422, 0.8977588961059552, 0.2863059484150129, -0.2911604085820814, 0.9106382381146402, 0.9546968206093885, 0.9365476304508862], [0.919378220686025, 0.9081940784132229, 0.8253758607390035, 0.9058668428630707, 0.8056494533923586, 0.859069065834339, -0.7701112942231486, 0.921816072802507, 0.8470176845136221, 0.9214968272247042, 0.9089304199902106, 0.9164577998436327, 0.9290545144692006, 0.8829284439201984, 0.9347460483147689, 0.92817194197825, 1.0, 0.8444796300814337, 0.8572045214390526, 0.8709663159206418, 0.7027828321065912, -0.5337858011735608, 0.6929691824849086, 0.9170114412546615, 0.7975565401960167], [0.747710875326133, 0.7571469574737252, 0.6383351533936593, 0.7188249009526064, 0.6045707330175719, 0.7140419693297907, -0.6116991088211756, 0.6833993098131609, 0.6085021040238795, 0.686162916415462, 0.587663633772208, 0.47210202003830737, 0.646180791627936, 0.7153052559243013, 0.6858180158766884, 0.6819827702189017, 0.8444796300814337, 1.0, 0.6405437845280442, 0.7521619833463763, 0.7332288157010427, -0.1164442922805633, 0.538197502540953, 0.761159016103294, 0.6449607491705164], [0.985482260477721, 0.9667975048163854, 0.9898504546670365, 0.9932120884430907, 0.9892248765056678, 0.9672541624504163, -0.9418614195413845, 0.9740014233584355, 0.9668839781914137, 0.9953160860262099, 0.9863284537729741, 0.9811686718414545, 0.9968027231187012, 0.9660377868662627, 0.9890375874556104, 0.9730823344440422, 0.8572045214390526, 0.6405437845280442, 1.0, 0.8910369620496381, 0.3626736295583626, -0.2885148432346992, 0.8869784238049155, 0.9509211057623554, 0.9689313362992467], [0.9189737518196431, 0.8981453466207632, 0.9093796259650854, 0.9203882849218544, 0.9058766219803589, 0.8889482391835031, -0.878884526472502, 0.8925078694036346, 0.9034813061759881, 0.9175511235158655, 0.8882802247940185, 0.8767153712392841, 0.896160992063149, 0.8846037223009342, 0.8934420489317915, 0.8977588961059552, 0.8709663159206418, 0.7521619833463763, 0.8910369620496381, 1.0, 0.40695328883391135, -0.18549378960265858, 0.6947332087704523, 0.9160885644636877, 0.8811589325079937], [0.45851211380834145, 0.45649967124987306, 0.29345690465144064, 0.4360103267698673, 0.27122521590003507, 0.3228515534330913, -0.17932232575461982, 0.319443075134933, 0.1759986717800771, 0.2604619599173511, -0.29483118853574397, -0.6964951522396098, -0.002588409961358172, 0.1960254801799528, 0.04628254156303194, 0.2863059484150129, 0.7027828321065912, 0.7332288157010427, 0.3626736295583626, 0.40695328883391135, 1.0, -0.39988644007712265, 0.3020305357921834, 0.44276495073826827, 0.23942220509231574], [-0.30272645524452396, -0.2258659134166737, -0.2247562415218654, -0.2943510802479719, -0.21813038551475336, -0.21309677115145342, 0.1466489575111187, -0.31067504585828953, -0.22852719276153347, -0.2580731775738026, 0.4723510723219795, 0.4520652505563296, 0.44529268454536036, -0.19098671589734648, 0.46222121479952555, -0.2911604085820814, -0.5337858011735608, -0.1164442922805633, -0.2885148432346992, -0.18549378960265858, -0.39988644007712265, 1.0, -0.14517775378205888, -0.33332971002257833, -0.17267969150686838], [0.90070913531766, 0.873994602410039, 0.9078228951072445, 0.8995705107363965, 0.8906688777688194, 0.9364693156351456, -0.9044253778006703, 0.9050476901591996, 0.886587124225794, 0.9267520156002566, 0.9082602301028007, 0.8815602177519728, 0.9181381226317495, 0.9451728720078763, 0.9364267661412496, 0.9106382381146402, 0.6929691824849086, 0.538197502540953, 0.8869784238049155, 0.6947332087704523, 0.3020305357921834, -0.14517775378205888, 1.0, 0.8356999618372, 0.8860370644916322], [0.9742922292279356, 0.9618048815177053, 0.9418635841496277, 0.9684967054916195, 0.9272432011740838, 0.956805037147063, -0.912357623272968, 0.9557415184418651, 0.9315973521744649, 0.9629965869943011, 0.9535922352801103, 0.9504109097941912, 0.951610654249383, 0.9594911987970598, 0.961275734617068, 0.9546968206093885, 0.9170114412546615, 0.761159016103294, 0.9509211057623554, 0.9160885644636877, 0.44276495073826827, -0.33332971002257833, 0.8356999618372, 1.0, 0.9307545388104412], [0.9535340838917425, 0.9533874569104758, 0.978712762750171, 0.9595984936061791, 0.9765486631399446, 0.959110454584221, -0.9564732521736017, 0.9363922880813497, 0.959000304633963, 0.9545064056508138, 0.9770444836053567, 0.976368520320215, 0.9651134721961843, 0.9560484545353524, 0.9635694022320253, 0.9365476304508862, 0.7975565401960167, 0.6449607491705164, 0.9689313362992467, 0.8811589325079937, 0.23942220509231574, -0.17267969150686838, 0.8860370644916322, 0.9307545388104412, 1.0]], "x": ["^TAIEX       \u81fa\u7063\u52a0\u6b0a\u5831\u916c\u6307\u6578", "^TWII        \u81fa\u7063\u52a0\u6b0a\u6307\u6578", "^TAIEXx2     \u81fa\u7063\u52a0\u6b0a\u5831\u916c\u6307\u6578_\u65e5\u6b632", "^TAI50I      \u81fa\u706350\u5831\u916c\u6307\u6578", "^TAI50Ix2    \u81fa\u706350\u5831\u916c\u6307\u6578_\u65e5\u6b632", "^TAI100I     \u81fa\u7063\u4e2d\u578b100\u5831\u916c\u6307\u6578", "^TAI100Ix2   \u81fa\u7063\u4e2d\u578b100\u5831\u916c\u6307\u6578_\u65e5\u6b632", "^TAIDIVIDI   \u81fa\u7063\u9ad8\u80a1\u606f\u5831\u916c\u6307\u6578", "^TAIDIVIDIx2 \u81fa\u7063\u9ad8\u80a1\u606f\u5831\u916c\u6307\u6578_\u65e5\u6b632", "0050         \u5143\u5927\u81fa\u706350", "00631L       \u5143\u5927\u53f0\u706350\u6b632", "00675L       \u5bcc\u90a6\u81fa\u7063\u52a0\u6b0a\u6b632", "006208       \u5bcc\u90a6\u53f050", "0051         \u5143\u5927\u4e2d\u578b100", "006204       \u6c38\u8c50\u81fa\u7063\u52a0\u6b0a", "0056         \u5143\u5927\u9ad8\u80a1\u606f", "2412         \u4e2d\u83ef\u96fb\u4fe1", "2002         \u4e2d\u92fc", "2330         \u53f0\u7a4d\u96fb", "2317         \u9d3b\u6d77", "6505         \u53f0\u5851\u77f3\u5316", "3481         \u7fa4\u5275", "2303         \u806f\u96fb", "2308         \u53f0\u9054\u96fb", "2454         \u806f\u767c\u79d1"], "y": ["^TAIEX       \u81fa\u7063\u52a0\u6b0a\u5831\u916c\u6307\u6578", "^TWII        \u81fa\u7063\u52a0\u6b0a\u6307\u6578", "^TAIEXx2     \u81fa\u7063\u52a0\u6b0a\u5831\u916c\u6307\u6578_\u65e5\u6b632", "^TAI50I      \u81fa\u706350\u5831\u916c\u6307\u6578", "^TAI50Ix2    \u81fa\u706350\u5831\u916c\u6307\u6578_\u65e5\u6b632", "^TAI100I     \u81fa\u7063\u4e2d\u578b100\u5831\u916c\u6307\u6578", "^TAI100Ix2   \u81fa\u7063\u4e2d\u578b100\u5831\u916c\u6307\u6578_\u65e5\u6b632", "^TAIDIVIDI   \u81fa\u7063\u9ad8\u80a1\u606f\u5831\u916c\u6307\u6578", "^TAIDIVIDIx2 \u81fa\u7063\u9ad8\u80a1\u606f\u5831\u916c\u6307\u6578_\u65e5\u6b632", "0050         \u5143\u5927\u81fa\u706350", "00631L       \u5143\u5927\u53f0\u706350\u6b632", "00675L       \u5bcc\u90a6\u81fa\u7063\u52a0\u6b0a\u6b632", "006208       \u5bcc\u90a6\u53f050", "0051         \u5143\u5927\u4e2d\u578b100", "006204       \u6c38\u8c50\u81fa\u7063\u52a0\u6b0a", "0056         \u5143\u5927\u9ad8\u80a1\u606f", "2412         \u4e2d\u83ef\u96fb\u4fe1", "2002         \u4e2d\u92fc", "2330         \u53f0\u7a4d\u96fb", "2317         \u9d3b\u6d77", "6505         \u53f0\u5851\u77f3\u5316", "3481         \u7fa4\u5275", "2303         \u806f\u96fb", "2308         \u53f0\u9054\u96fb", "2454         \u806f\u767c\u79d1"], "zmin": -1, "zmax": 1, "colorbar": {"x": -0.2}}], "layout": {"autotypenumbers": "strict", "colorway": ["#636efa", "#EF553B", "#00cc96", "#ab63fa", "#FFA15A", "#19d3f3", "#FF6692", "#B6E880", "#FF97FF", "#FECB52"], "font": {"color": "#f2f5fa", "family": "Courier New"}, "hovermode": "closest", "hoverlabel": {"align": "left"}, "paper_bgcolor": "rgb(17,17,17)", "plot_bgcolor": "rgb(17,17,17)", "polar": {"bgcolor": "rgb(17,17,17)", "angularaxis": {"gridcolor": "#506784", "linecolor": "#506784", "ticks": ""}, "radialaxis": {"gridcolor": "#506784", "linecolor": "#506784", "ticks": ""}}, "ternary": {"bgcolor": "rgb(17,17,17)", "aaxis": {"gridcolor": "#506784", "linecolor": "#506784", "ticks": ""}, "baxis": {"gridcolor": "#506784", "linecolor": "#506784", "ticks": ""}, "caxis": {"gridcolor": "#506784", "linecolor": "#506784", "ticks": ""}}, "coloraxis": {"colorbar": {"outlinewidth": 0, "ticks": ""}}, "colorscale": {"sequential": [[0.0, "#0d0887"], [0.1111111111111111, "#46039f"], [0.2222222222222222, "#7201a8"], [0.3333333333333333, "#9c179e"], [0.4444444444444444, "#bd3786"], [0.5555555555555556, "#d8576b"], [0.6666666666666666, "#ed7953"], [0.7777777777777778, "#fb9f3a"], [0.8888888888888888, "#fdca26"], [1.0, "#f0f921"]], "sequentialminus": [[0.0, "#0d0887"], [0.1111111111111111, "#46039f"], [0.2222222222222222, "#7201a8"], [0.3333333333333333, "#9c179e"], [0.4444444444444444, "#bd3786"], [0.5555555555555556, "#d8576b"], [0.6666666666666666, "#ed7953"], [0.7777777777777778, "#fb9f3a"], [0.8888888888888888, "#fdca26"], [1.0, "#f0f921"]], "diverging": [[0, "#8e0152"], [0.1, "#c51b7d"], [0.2, "#de77ae"], [0.3, "#f1b6da"], [0.4, "#fde0ef"], [0.5, "#f7f7f7"], [0.6, "#e6f5d0"], [0.7, "#b8e186"], [0.8, "#7fbc41"], [0.9, "#4d9221"], [1, "#276419"]]}, "xaxis": {"gridcolor": "rgba(0, 0, 0, 0)", "linecolor": "#506784", "ticks": "", "title": {"standoff": 15}, "zerolinecolor": "#283442", "automargin": true, "zerolinewidth": 2, "tickfont": {"family": "Courier New", "size": 14}, "side": "top", "tickangle": -90}, "yaxis": {"gridcolor": "rgba(0, 0, 0, 0)", "linecolor": "#506784", "ticks": "", "title": {"standoff": 15}, "zerolinecolor": "#283442", "automargin": true, "zerolinewidth": 2, "tickfont": {"family": "Courier New"}, "side": "right"}, "scene": {"xaxis": {"backgroundcolor": "rgb(17,17,17)", "gridcolor": "#506784", "linecolor": "#506784", "showbackground": true, "ticks": "", "zerolinecolor": "#C8D4E3", "gridwidth": 2}, "yaxis": {"backgroundcolor": "rgb(17,17,17)", "gridcolor": "#506784", "linecolor": "#506784", "showbackground": true, "ticks": "", "zerolinecolor": "#C8D4E3", "gridwidth": 2}, "zaxis": {"backgroundcolor": "rgb(17,17,17)", "gridcolor": "#506784", "linecolor": "#506784", "showbackground": true, "ticks": "", "zerolinecolor": "#C8D4E3", "gridwidth": 2}}, "shapedefaults": {"line": {"color": "#f2f5fa"}}, "annotationdefaults": {"arrowcolor": "#f2f5fa", "arrowhead": 0, "arrowwidth": 1}, "geo": {"bgcolor": "rgb(17,17,17)", "landcolor": "rgb(17,17,17)", "subunitcolor": "#506784", "showland": true, "showlakes": true, "lakecolor": "rgb(17,17,17)"}, "title": {"x": 0.05, "font": {"family": "Times New Roman"}, "y": 0.05, "text": "<b>Correlation of Adj Close <b><br><i>2016/09/23 ~ 2025/07/07<i>"}, "updatemenudefaults": {"bgcolor": "#506784", "borderwidth": 0}, "sliderdefaults": {"bgcolor": "#C8D4E3", "borderwidth": 1, "bordercolor": "rgb(17,17,17)", "tickwidth": 0}, "mapbox": {"style": "dark"}, "height": 600}};

Plotly.newPlot("correlationAdjClose",
    correlationAdjClose.data,
    correlationAdjClose.layout || {},
    config);