var element=document.getElementById("correlationClose");if(element.style.display!='none'){var correlationClose={"data":[{"type":"heatmap","z":[[1.0,0.9999999999999983,1.0,0.9951732016931654,0.9951732016931654,0.9658329181294543,0.9658329181294543,0.9058139195561382,0.9058139195561382,0.8477083910182317,0.9944442383422455,0.8121643512295667,0.9926151924505963,0.9926933299513145,0.9944860247385817,0.9743504117344605,0.9990510635080365,0.9200682106863605,0.9200682106863605,0.7835421365297343,-0.1363293760206439,0.9780482408595677,0.15598504559164164,-0.09496349832859412,-0.2516281904985118,0.8147760311798777,0.9091220094275109,0.91352345026769,0.9264329941015423,0.7806523921420202,0.5520837360331503,0.6360369399555852,0.6315421364442021,0.9333222617843154,0.8316745984534185,0.1883720846184011],[0.9999999999999983,1.0,0.9999999999999986,0.9951405191069064,0.9951405191069064,0.9652912633491137,0.9652912633491137,0.9067924077884489,0.9067924077884489,0.8490567597477363,0.9944376417331211,0.8122295192537421,0.9923372553403347,0.9921757145609877,0.9944859450728375,0.9737767307745426,0.9990525255735062,0.9202552830889273,0.9202552830889273,0.8022199159377156,0.0749138887647353,0.9698701283779556,-0.04673620043422775,-0.08742403352916253,-0.25192101437729325,0.6472123057172848,0.9102580975874417,0.8888663935279156,0.9210118387978078,0.7914076313836194,0.5437995036164964,0.6331291589874015,0.6573664768446492,0.9309949049804437,0.6877918518264216,0.18513135672180506],[1.0,0.9999999999999986,1.0,0.9951732016931654,0.9951732016931654,0.9658329181294543,0.9658329181294543,0.9058139195561382,0.9058139195561382,0.8477083910182317,0.9944442383422455,0.8121643512295667,0.9926151924505963,0.9926933299513145,0.9944860247385817,0.9743504117344605,0.9990510635080365,0.9200682106863605,0.9200682106863605,0.7835421365297343,-0.1363293760206439,0.9780482408595677,0.15598504559164164,-0.09496349832859412,-0.2516281904985118,0.8147760311798777,0.9091220094275109,0.91352345026769,0.9264329941015423,0.7806523921420202,0.5520837360331503,0.6360369399555852,0.6315421364442021,0.9333222617843154,0.8316745984534185,0.1883720846184011],[0.9951732016931654,0.9951405191069064,0.9951732016931654,1.0,1.0,0.9525838857151544,0.9525838857151544,0.8903858454350908,0.8903858454350908,0.8250963973440704,0.9995327860670953,0.7876877649545687,0.9908276930144991,0.9877611451871471,0.9994950952506603,0.9569031431817406,0.9947925007758431,0.8963734043935934,0.8963734043935934,0.7589137707845598,-0.14420283059450928,0.9903983679595428,0.18221233136700754,-0.13076963461627178,-0.2523518993173154,0.8065715691673839,0.9191595629518324,0.9151604628323098,0.9114753357499864,0.7864848421053177,0.5806305960930587,0.6293773031410137,0.6018365598139264,0.9238819373967377,0.8211784907392303,0.20036695242889654],[0.9951732016931654,0.9951405191069064,0.9951732016931654,1.0,1.0,0.9525838857151544,0.9525838857151544,0.8903858454350908,0.8903858454350908,0.8250963973440704,0.9995327860670953,0.7876877649545687,0.9908276930144991,0.9877611451871471,0.9994950952506603,0.9569031431817406,0.9947925007758431,0.8963734043935934,0.8963734043935934,0.7589137707845598,-0.14420283059450928,0.9903983679595428,0.18221233136700754,-0.13076963461627178,-0.2523518993173154,0.8065715691673839,0.9191595629518324,0.9151604628323098,0.9114753357499864,0.7864848421053177,0.5806305960930587,0.6293773031410137,0.6018365598139264,0.9238819373967377,0.8211784907392303,0.20036695242889654],[0.9658329181294543,0.9652912633491137,0.9658329181294543,0.9525838857151544,0.9525838857151544,1.0,1.0,0.9310658392946327,0.9310658392946327,0.8174528294067807,0.952234325752577,0.8040475628545215,0.9706508489016596,0.9681646069096161,0.9520761518178066,0.9990933085779162,0.9739463454334351,0.9193211169018528,0.9193211169018528,0.6451057810829594,-0.08435377064584304,0.9377812455460662,0.3146062989912747,-0.2805918145237329,-0.11829315136544914,0.8843013809552794,0.8609873889482713,0.9316360926972898,0.9003318517781175,0.7445874451997959,0.7461886311574665,0.739493476292015,0.706732858676489,0.8615471040990776,0.8630410507161695,0.46934205308150895],[0.9658329181294543,0.9652912633491137,0.9658329181294543,0.9525838857151544,0.9525838857151544,1.0,1.0,0.9310658392946327,0.9310658392946327,0.8174528294067807,0.952234325752577,0.8040475628545215,0.9706508489016596,0.9681646069096161,0.9520761518178066,0.9990933085779162,0.9739463454334351,0.9193211169018528,0.9193211169018528,0.6451057810829594,-0.08435377064584304,0.9377812455460662,0.3146062989912747,-0.2805918145237329,-0.11829315136544914,0.8843013809552794,0.8609873889482713,0.9316360926972898,0.9003318517781175,0.7445874451997959,0.7461886311574665,0.739493476292015,0.706732858676489,0.8615471040990776,0.8630410507161695,0.46934205308150895],[0.9058139195561382,0.9067924077884489,0.9058139195561382,0.8903858454350908,0.8903858454350908,0.9310658392946327,0.9310658392946327,1.0,1.0,0.7628473808760234,0.9377143171968492,0.7820708174572766,0.942280308074479,0.937055631591937,0.9375800788031885,0.9320369450167288,0.9446288444072924,0.971450249762406,0.971450249762406,0.5870499126649825,0.03626378834152224,0.8518194360421761,0.5478436464079025,-0.30635607031422624,0.017498875142295506,0.7865254379370428,0.7603464897757481,0.8741189670221763,0.8525884802465583,0.75731622260987,0.8792496543127887,0.7817270290983871,0.7169822038633287,0.7929874723815513,0.8501303332730152,0.802833620770488],[0.9058139195561382,0.9067924077884489,0.9058139195561382,0.8903858454350908,0.8903858454350908,0.9310658392946327,0.9310658392946327,1.0,1.0,0.7628473808760234,0.9377143171968492,0.7820708174572766,0.942280308074479,0.937055631591937,0.9375800788031885,0.9320369450167288,0.9446288444072924,0.971450249762406,0.971450249762406,0.5870499126649825,0.03626378834152224,0.8518194360421761,0.5478436464079025,-0.30635607031422624,0.017498875142295506,0.7865254379370428,0.7603464897757481,0.8741189670221763,0.8525884802465583,0.75731622260987,0.8792496543127887,0.7817270290983871,0.7169822038633287,0.7929874723815513,0.8501303332730152,0.802833620770488],[0.8477083910182317,0.8490567597477363,0.8477083910182317,0.8250963973440704,0.8250963973440704,0.8174528294067807,0.8174528294067807,0.7628473808760234,0.7628473808760234,1.0,0.7263693411648116,0.999969874574187,0.670410216431784,0.5904668077899452,0.7280805190807009,0.8129207525164264,0.7755954920684417,0.8332821640551404,0.8332821640551404,0.7023024451237757,-0.10221001286531833,0.7995088042299406,0.041942894645543814,0.04605875540757241,-0.2443131086040046,0.7967332939854962,0.6095345986022693,0.7858656898566694,0.8287709829427918,0.6975871811017531,0.3754519724645492,0.5396905736678224,0.5680533960044061,0.8165248246795608,0.6835555640284842,0.1748646406528713],[0.9944442383422455,0.9944376417331211,0.9944442383422455,0.9995327860670953,0.9995327860670953,0.952234325752577,0.952234325752577,0.9377143171968492,0.9377143171968492,0.7263693411648116,1.0,0.7262926838507675,0.9905963265687434,0.9878482524721384,0.999926398512448,0.9524432555047854,0.9936932856534013,0.9081410562412341,0.9081410562412341,0.8537935005337556,0.03448829088431556,0.9964181405762318,0.8836871254099209,-0.5017780294958495,0.3402412314929123,0.8255812426798151,0.8825443131903292,0.9349792464361169,0.9056776420563427,0.8097804209213126,0.9122449527006686,0.8691400103330169,0.7809834960931406,0.9020852397330791,0.9422927516054496,0.7771870817013006],[0.8121643512295667,0.8122295192537421,0.8121643512295667,0.7876877649545687,0.7876877649545687,0.8040475628545215,0.8040475628545215,0.7820708174572766,0.7820708174572766,0.999969874574187,0.7262926838507675,1.0,0.6683093684470182,0.5877265205966776,0.7264789918670168,0.8051277365442321,0.7741534969606145,0.8302191461869309,0.8302191461869309,0.6664071141012134,0.02330763973663334,0.7636237894157111,0.46076007523324,-0.17930764576984543,-0.2317891035164608,0.8308350139575219,0.5203807116408646,0.7638906610773261,0.8042887820968356,0.7270137329742752,0.6247669172790249,0.7231511344712852,0.6906983114743102,0.7805132130854657,0.6812083758044732,0.6933040480086492],[0.9926151924505963,0.9923372553403347,0.9926151924505963,0.9908276930144991,0.9908276930144991,0.9706508489016596,0.9706508489016596,0.942280308074479,0.942280308074479,0.670410216431784,0.9905963265687434,0.6683093684470182,1.0,0.9997596093607896,0.9905963552586527,0.9690695870607158,0.99039219051127,0.8989923297708629,0.8989923297708629,0.8320270264668468,0.06361162676728131,0.9886890626140826,0.9042333787506082,-0.6609357690528203,0.40832948683000175,0.7983663528585997,0.888785938165143,0.9444228274217713,0.8972084003656369,0.7433292659916624,0.9121759604814138,0.8481720033916654,0.7628423387777452,0.8862321492765528,0.9564439472577163,0.805311960618025],[0.9926933299513145,0.9921757145609877,0.9926933299513145,0.9877611451871471,0.9877611451871471,0.9681646069096161,0.9681646069096161,0.937055631591937,0.937055631591937,0.5904668077899452,0.9878482524721384,0.5877265205966776,0.9997596093607896,1.0,0.9880016743907486,0.9658312072568775,0.9894709310179257,0.8838967899974771,0.8838967899974771,0.8532326298737335,-0.06214222329859203,0.9843951456176857,0.9124815662753155,-0.8386379693300674,0.44571162927745184,0.7475855073119707,0.8934065870798488,0.93831696775597,0.8832324115724833,0.6726784581598863,0.9205389495678244,0.8387922228884849,0.7059280300950073,0.9118797934432604,0.9570502180536536,0.7736516059735804],[0.9944860247385817,0.9944859450728375,0.9944860247385817,0.9994950952506603,0.9994950952506603,0.9520761518178066,0.9520761518178066,0.9375800788031885,0.9375800788031885,0.7280805190807009,0.999926398512448,0.7264789918670168,0.9905963552586527,0.9880016743907486,1.0,0.9524267828081203,0.9937575566400707,0.9084634012433176,0.9084634012433176,0.8546671642067739,0.033605412778872835,0.9963012944929366,0.8832901892290138,-0.49909833463448333,0.3393351970880547,0.8256720330101944,0.8809921252100582,0.934157924681945,0.906035125758801,0.8107169754879444,0.9118086221633743,0.869980022762843,0.7818442596098804,0.9020779145052767,0.9422871054252104,0.7774812358257067],[0.9743504117344605,0.9737767307745426,0.9743504117344605,0.9569031431817406,0.9569031431817406,0.9990933085779162,0.9990933085779162,0.9320369450167288,0.9320369450167288,0.8129207525164264,0.9524432555047854,0.8051277365442321,0.9690695870607158,0.9658312072568775,0.9524267828081203,1.0,0.9752547152438614,0.918999403908548,0.918999403908548,0.6934327270747482,-0.06904399486268421,0.9459924615059057,0.639060212863831,-0.41300229437922364,-0.1670598883926331,0.89554242648749,0.8579783802589269,0.9275316971537388,0.9074157820052382,0.7814335302731601,0.8554143191564183,0.7865930274744415,0.7628758579029519,0.8836595052509199,0.8605367586179199,0.7902911204522682],[0.9990510635080365,0.9990525255735062,0.9990510635080365,0.9947925007758431,0.9947925007758431,0.9739463454334351,0.9739463454334351,0.9446288444072924,0.9446288444072924,0.7755954920684417,0.9936932856534013,0.7741534969606145,0.99039219051127,0.9894709310179257,0.9937575566400707,0.9752547152438614,1.0,0.932616849459438,0.932616849459438,0.8628090702839671,0.04654015289554127,0.9871902388188265,0.851216914771447,-0.4802105826746621,0.3581793688346541,0.8705154156911481,0.8755250208383358,0.9451036738968351,0.93410584865536,0.8316667292784384,0.9007184063799186,0.8994884528150265,0.82157063636902,0.9158301851828942,0.9512961035919866,0.833940380085315],[0.9200682106863605,0.9202552830889273,0.9200682106863605,0.8963734043935934,0.8963734043935934,0.9193211169018528,0.9193211169018528,0.971450249762406,0.971450249762406,0.8332821640551404,0.9081410562412341,0.8302191461869309,0.8989923297708629,0.8838967899974771,0.9084634012433176,0.918999403908548,0.932616849459438,1.0,1.0,0.7420274307291558,-0.028326058671508742,0.8597772263374477,0.547364133957497,-0.19299726110828577,-0.2068955783964509,0.8271007089246397,0.7407077383812365,0.8376551165340057,0.9169182955642695,0.8384762959175853,0.8007933007460785,0.7564742949249735,0.7061021657917892,0.8458403991348269,0.7787400423306885,0.8518599178435795],[0.9200682106863605,0.9202552830889273,0.9200682106863605,0.8963734043935934,0.8963734043935934,0.9193211169018528,0.9193211169018528,0.971450249762406,0.971450249762406,0.8332821640551404,0.9081410562412341,0.8302191461869309,0.8989923297708629,0.8838967899974771,0.9084634012433176,0.918999403908548,0.932616849459438,1.0,1.0,0.7420274307291558,-0.028326058671508742,0.8597772263374477,0.547364133957497,-0.19299726110828577,-0.2068955783964509,0.8271007089246397,0.7407077383812365,0.8376551165340057,0.9169182955642695,0.8384762959175853,0.8007933007460785,0.7564742949249735,0.7061021657917892,0.8458403991348269,0.7787400423306885,0.8518599178435795],[0.7835421365297343,0.8022199159377156,0.7835421365297343,0.7589137707845598,0.7589137707845598,0.6451057810829594,0.6451057810829594,0.5870499126649825,0.5870499126649825,0.7023024451237757,0.8537935005337556,0.6664071141012134,0.8320270264668468,0.8532326298737335,0.8546671642067739,0.6934327270747482,0.8628090702839671,0.7420274307291558,0.7420274307291558,1.0,0.03637210287649661,0.7204695860093829,-0.3706934673447953,0.32106017114326546,-0.6569396891170489,0.35313165866001883,0.7158958150553361,0.5103994357319754,0.8362019686828235,0.6945165816265666,0.10763525648572084,0.3094128152164772,0.5661788938207348,0.7834382099161833,0.478734138359544,-0.15115681298115316],[-0.1363293760206439,0.0749138887647353,-0.1363293760206439,-0.14420283059450928,-0.14420283059450928,-0.08435377064584304,-0.08435377064584304,0.03626378834152224,0.03626378834152224,-0.10221001286531833,0.03448829088431556,0.02330763973663334,0.06361162676728131,-0.06214222329859203,0.033605412778872835,-0.06904399486268421,0.04654015289554127,-0.028326058671508742,-0.028326058671508742,0.03637210287649661,1.0,-0.09185950632013744,0.10856780145258146,0.1532741592284046,0.7490907983618346,-0.09108325826207973,-0.03944788025367786,-0.009304148372331063,0.16345540061141592,0.0024706917143088604,0.05540756190209646,0.33545226702741415,0.5691896532617424,-0.118363370502939,0.1094493275884371,0.1588822525666651],[0.9780482408595677,0.9698701283779556,0.9780482408595677,0.9903983679595428,0.9903983679595428,0.9377812455460662,0.9377812455460662,0.8518194360421761,0.8518194360421761,0.7995088042299406,0.9964181405762318,0.7636237894157111,0.9886890626140826,0.9843951456176857,0.9963012944929366,0.9459924615059057,0.9871902388188265,0.8597772263374477,0.8597772263374477,0.7204695860093829,-0.09185950632013744,1.0,0.09053306676986346,-0.18938248763521595,-0.30349646153255805,0.6692860449731699,0.9179303207967697,0.8984973779895591,0.8549880913230319,0.7545995143062281,0.5806421675396833,0.5955116802999115,0.5313155999448257,0.9024828832355654,0.665516140155672,0.18059784311664512],[0.15598504559164164,-0.04673620043422775,0.15598504559164164,0.18221233136700754,0.18221233136700754,0.3146062989912747,0.3146062989912747,0.5478436464079025,0.5478436464079025,0.041942894645543814,0.8836871254099209,0.46076007523324,0.9042333787506082,0.9124815662753155,0.8832901892290138,0.639060212863831,0.851216914771447,0.547364133957497,0.547364133957497,-0.3706934673447953,0.10856780145258146,0.09053306676986346,1.0,-0.45649753630615936,0.7218486630968687,0.37890688049652016,0.10019524559458437,0.3104268362808985,-0.09772239518187581,0.07599776010372977,0.5949743669432724,0.47745087575826106,0.19871432690368745,0.00020324507825006936,0.3906088350749568,0.46836074050287546],[-0.09496349832859412,-0.08742403352916253,-0.09496349832859412,-0.13076963461627178,-0.13076963461627178,-0.2805918145237329,-0.2805918145237329,-0.30635607031422624,-0.30635607031422624,0.04605875540757241,-0.5017780294958495,-0.17930764576984543,-0.6609357690528203,-0.8386379693300674,-0.49909833463448333,-0.41300229437922364,-0.4802105826746621,-0.19299726110828577,-0.19299726110828577,0.32106017114326546,0.1532741592284046,-0.18938248763521595,-0.45649753630615936,1.0,-0.029273334033665065,-0.1623482748997012,-0.1832555207821336,-0.3001540847904063,-0.04164430300110892,-0.07270641891128864,-0.5673575204172382,-0.19936225452935363,-0.023129522871811303,-0.041337521759862675,-0.21639547084246027,-0.4074823096262208],[-0.2516281904985118,-0.25192101437729325,-0.2516281904985118,-0.2523518993173154,-0.2523518993173154,-0.11829315136544914,-0.11829315136544914,0.017498875142295506,0.017498875142295506,-0.2443131086040046,0.3402412314929123,-0.2317891035164608,0.40832948683000175,0.44571162927745184,0.3393351970880547,-0.1670598883926331,0.3581793688346541,-0.2068955783964509,-0.2068955783964509,-0.6569396891170489,0.7490907983618346,-0.30349646153255805,0.7218486630968687,-0.029273334033665065,1.0,-0.10604029680670676,-0.2500425660839267,-0.06518936737790984,-0.3511832336016317,-0.32925748624174705,0.07349256873655698,0.1623966259135359,0.2638214121793901,-0.3796534998733765,0.11553529691149686,0.09331943762655683],[0.8147760311798777,0.6472123057172848,0.8147760311798777,0.8065715691673839,0.8065715691673839,0.8843013809552794,0.8843013809552794,0.7865254379370428,0.7865254379370428,0.7967332939854962,0.8255812426798151,0.8308350139575219,0.7983663528585997,0.7475855073119707,0.8256720330101944,0.89554242648749,0.8705154156911481,0.8271007089246397,0.8271007089246397,0.35313165866001883,-0.09108325826207973,0.6692860449731699,0.37890688049652016,-0.1623482748997012,-0.10604029680670676,1.0,0.5488994296295844,0.8389385458854213,0.4947809951530669,0.6272269099862735,0.5471382904774937,0.6574417063103288,0.4249901200675154,0.7043342545339488,0.7035242365392677,0.4170239017278186],[0.9091220094275109,0.9102580975874417,0.9091220094275109,0.9191595629518324,0.9191595629518324,0.8609873889482713,0.8609873889482713,0.7603464897757481,0.7603464897757481,0.6095345986022693,0.8825443131903292,0.5203807116408646,0.888785938165143,0.8934065870798488,0.8809921252100582,0.8579783802589269,0.8755250208383358,0.7407077383812365,0.7407077383812365,0.7158958150553361,-0.03944788025367786,0.9179303207967697,0.10019524559458437,-0.1832555207821336,-0.2500425660839267,0.5488994296295844,1.0,0.8005836081684836,0.7893934606963263,0.6697310106306888,0.4818360108796544,0.5041428576073841,0.5243696594873669,0.8446188359010711,0.6235133525624476,0.10127671581004088],[0.91352345026769,0.8888663935279156,0.91352345026769,0.9151604628323098,0.9151604628323098,0.9316360926972898,0.9316360926972898,0.8741189670221763,0.8741189670221763,0.7858656898566694,0.9349792464361169,0.7638906610773261,0.9444228274217713,0.93831696775597,0.934157924681945,0.9275316971537388,0.9451036738968351,0.8376551165340057,0.8376551165340057,0.5103994357319754,-0.009304148372331063,0.8984973779895591,0.3104268362808985,-0.3001540847904063,-0.06518936737790984,0.8389385458854213,0.8005836081684836,1.0,0.7535006245488073,0.6121655596107937,0.5966455027652582,0.6029356798348007,0.5345267653985304,0.819169960795109,0.8337941770421358,0.22047088699442385],[0.9264329941015423,0.9210118387978078,0.9264329941015423,0.9114753357499864,0.9114753357499864,0.9003318517781175,0.9003318517781175,0.8525884802465583,0.8525884802465583,0.8287709829427918,0.9056776420563427,0.8042887820968356,0.8972084003656369,0.8832324115724833,0.906035125758801,0.9074157820052382,0.93410584865536,0.9169182955642695,0.9169182955642695,0.8362019686828235,0.16345540061141592,0.8549880913230319,-0.09772239518187581,-0.04164430300110892,-0.3511832336016317,0.4947809951530669,0.7893934606963263,0.7535006245488073,1.0,0.9066982950041103,0.5464794548646479,0.6887077272241359,0.6667952551167772,0.8794583750348184,0.5085316883421921,0.29983615827033394],[0.7806523921420202,0.7914076313836194,0.7806523921420202,0.7864848421053177,0.7864848421053177,0.7445874451997959,0.7445874451997959,0.75731622260987,0.75731622260987,0.6975871811017531,0.8097804209213126,0.7270137329742752,0.7433292659916624,0.6726784581598863,0.8107169754879444,0.7814335302731601,0.8316667292784384,0.8384762959175853,0.8384762959175853,0.6945165816265666,0.0024706917143088604,0.7545995143062281,0.07599776010372977,-0.07270641891128864,-0.32925748624174705,0.6272269099862735,0.6697310106306888,0.6121655596107937,0.9066982950041103,1.0,0.5808841757218934,0.6708361032460689,0.6103791574003066,0.7323947831321246,0.5867804536524298,0.47379230530954636],[0.5520837360331503,0.5437995036164964,0.5520837360331503,0.5806305960930587,0.5806305960930587,0.7461886311574665,0.7461886311574665,0.8792496543127887,0.8792496543127887,0.3754519724645492,0.9122449527006686,0.6247669172790249,0.9121759604814138,0.9205389495678244,0.9118086221633743,0.8554143191564183,0.9007184063799186,0.8007933007460785,0.8007933007460785,0.10763525648572084,0.05540756190209646,0.5806421675396833,0.5949743669432724,-0.5673575204172382,0.07349256873655698,0.5471382904774937,0.4818360108796544,0.5966455027652582,0.5464794548646479,0.5808841757218934,1.0,0.7461473643484272,0.38379465913642014,0.49814772734522006,0.5811404953215068,0.7594079871480198],[0.6360369399555852,0.6331291589874015,0.6360369399555852,0.6293773031410137,0.6293773031410137,0.739493476292015,0.739493476292015,0.7817270290983871,0.7817270290983871,0.5396905736678224,0.8691400103330169,0.7231511344712852,0.8481720033916654,0.8387922228884849,0.869980022762843,0.7865930274744415,0.8994884528150265,0.7564742949249735,0.7564742949249735,0.3094128152164772,0.33545226702741415,0.5955116802999115,0.47745087575826106,-0.19936225452935363,0.1623966259135359,0.6574417063103288,0.5041428576073841,0.6029356798348007,0.6887077272241359,0.6708361032460689,0.7461473643484272,1.0,0.778854985381188,0.4998103501008249,0.7306136507116224,0.5499594620332865],[0.6315421364442021,0.6573664768446492,0.6315421364442021,0.6018365598139264,0.6018365598139264,0.706732858676489,0.706732858676489,0.7169822038633287,0.7169822038633287,0.5680533960044061,0.7809834960931406,0.6906983114743102,0.7628423387777452,0.7059280300950073,0.7818442596098804,0.7628758579029519,0.82157063636902,0.7061021657917892,0.7061021657917892,0.5661788938207348,0.5691896532617424,0.5313155999448257,0.19871432690368745,-0.023129522871811303,0.2638214121793901,0.4249901200675154,0.5243696594873669,0.5345267653985304,0.6667952551167772,0.6103791574003066,0.38379465913642014,0.778854985381188,1.0,0.4934480964091327,0.6663405608925258,0.2024149658789538],[0.9333222617843154,0.9309949049804437,0.9333222617843154,0.9238819373967377,0.9238819373967377,0.8615471040990776,0.8615471040990776,0.7929874723815513,0.7929874723815513,0.8165248246795608,0.9020852397330791,0.7805132130854657,0.8862321492765528,0.9118797934432604,0.9020779145052767,0.8836595052509199,0.9158301851828942,0.8458403991348269,0.8458403991348269,0.7834382099161833,-0.118363370502939,0.9024828832355654,0.00020324507825006936,-0.041337521759862675,-0.3796534998733765,0.7043342545339488,0.8446188359010711,0.819169960795109,0.8794583750348184,0.7323947831321246,0.49814772734522006,0.4998103501008249,0.4934480964091327,1.0,0.7343671062324472,0.17472146080202552],[0.8316745984534185,0.6877918518264216,0.8316745984534185,0.8211784907392303,0.8211784907392303,0.8630410507161695,0.8630410507161695,0.8501303332730152,0.8501303332730152,0.6835555640284842,0.9422927516054496,0.6812083758044732,0.9564439472577163,0.9570502180536536,0.9422871054252104,0.8605367586179199,0.9512961035919866,0.7787400423306885,0.7787400423306885,0.478734138359544,0.1094493275884371,0.665516140155672,0.3906088350749568,-0.21639547084246027,0.11553529691149686,0.7035242365392677,0.6235133525624476,0.8337941770421358,0.5085316883421921,0.5867804536524298,0.5811404953215068,0.7306136507116224,0.6663405608925258,0.7343671062324472,1.0,0.18340846881172593],[0.1883720846184011,0.18513135672180506,0.1883720846184011,0.20036695242889654,0.20036695242889654,0.46934205308150895,0.46934205308150895,0.802833620770488,0.802833620770488,0.1748646406528713,0.7771870817013006,0.6933040480086492,0.805311960618025,0.7736516059735804,0.7774812358257067,0.7902911204522682,0.833940380085315,0.8518599178435795,0.8518599178435795,-0.15115681298115316,0.1588822525666651,0.18059784311664512,0.46836074050287546,-0.4074823096262208,0.09331943762655683,0.4170239017278186,0.10127671581004088,0.22047088699442385,0.29983615827033394,0.47379230530954636,0.7594079871480198,0.5499594620332865,0.2024149658789538,0.17472146080202552,0.18340846881172593,1.0]],"x":["^TAIEX       \u81fa\u7063\u52a0\u6b0a\u5831\u916c\u6307\u6578","^TWII        \u81fa\u7063\u52a0\u6b0a\u6307\u6578","^TAIEXx2     \u81fa\u7063\u52a0\u6b0a\u5831\u916c\u6307\u6578_\u65e5\u6b632","^TAI50I      \u81fa\u706350\u5831\u916c\u6307\u6578","^TAI50Ix2    \u81fa\u706350\u5831\u916c\u6307\u6578_\u65e5\u6b632","^TAI100I     \u81fa\u7063\u4e2d\u578b100\u5831\u916c\u6307\u6578","^TAI100Ix2   \u81fa\u7063\u4e2d\u578b100\u5831\u916c\u6307\u6578_\u65e5\u6b632","^TAIDIVIDI   \u81fa\u7063\u9ad8\u80a1\u606f\u5831\u916c\u6307\u6578","^TAIDIVIDIx2 \u81fa\u7063\u9ad8\u80a1\u606f\u5831\u916c\u6307\u6578_\u65e5\u6b632","0050Fund     \u5143\u5927\u53f0\u7063\u5353\u8d8a50\u57fa\u91d1","006208Fund   \u5bcc\u90a6\u53f0\u7063\u91c6\u540950\u57fa\u91d1","0050         \u5143\u5927\u81fa\u706350","00631L       \u5143\u5927\u53f0\u706350\u6b632","00675L       \u5bcc\u90a6\u81fa\u7063\u52a0\u6b0a\u6b632","006208       \u5bcc\u90a6\u53f050","0051         \u5143\u5927\u4e2d\u578b100","006204       \u6c38\u8c50\u81fa\u7063\u52a0\u6b0a","0056         \u5143\u5927\u9ad8\u80a1\u606f","0056         \u5143\u5927\u9ad8\u80a1\u606f_\u80a1\u606f\u4e0d\u6295\u5165","2412         \u4e2d\u83ef\u96fb\u4fe1","2002         \u4e2d\u92fc","2330         \u53f0\u7a4d\u96fb","2317         \u9d3b\u6d77","6505         \u53f0\u5851\u77f3\u5316","3481         \u7fa4\u5275","2303         \u806f\u96fb","2308         \u53f0\u9054\u96fb","2454         \u806f\u767c\u79d1","2886         \u5146\u8c50\u91d1","2884         \u7389\u5c71\u91d1","2891         \u4e2d\u4fe1\u91d1","2892         \u7b2c\u4e00\u91d1","5880         \u5408\u5eab\u91d1","2881         \u5bcc\u90a6\u91d1","2885         \u5143\u5927\u91d1","2887         \u53f0\u65b0\u91d1"],"y":["^TAIEX       \u81fa\u7063\u52a0\u6b0a\u5831\u916c\u6307\u6578","^TWII        \u81fa\u7063\u52a0\u6b0a\u6307\u6578","^TAIEXx2     \u81fa\u7063\u52a0\u6b0a\u5831\u916c\u6307\u6578_\u65e5\u6b632","^TAI50I      \u81fa\u706350\u5831\u916c\u6307\u6578","^TAI50Ix2    \u81fa\u706350\u5831\u916c\u6307\u6578_\u65e5\u6b632","^TAI100I     \u81fa\u7063\u4e2d\u578b100\u5831\u916c\u6307\u6578","^TAI100Ix2   \u81fa\u7063\u4e2d\u578b100\u5831\u916c\u6307\u6578_\u65e5\u6b632","^TAIDIVIDI   \u81fa\u7063\u9ad8\u80a1\u606f\u5831\u916c\u6307\u6578","^TAIDIVIDIx2 \u81fa\u7063\u9ad8\u80a1\u606f\u5831\u916c\u6307\u6578_\u65e5\u6b632","0050Fund     \u5143\u5927\u53f0\u7063\u5353\u8d8a50\u57fa\u91d1","006208Fund   \u5bcc\u90a6\u53f0\u7063\u91c6\u540950\u57fa\u91d1","0050         \u5143\u5927\u81fa\u706350","00631L       \u5143\u5927\u53f0\u706350\u6b632","00675L       \u5bcc\u90a6\u81fa\u7063\u52a0\u6b0a\u6b632","006208       \u5bcc\u90a6\u53f050","0051         \u5143\u5927\u4e2d\u578b100","006204       \u6c38\u8c50\u81fa\u7063\u52a0\u6b0a","0056         \u5143\u5927\u9ad8\u80a1\u606f","0056         \u5143\u5927\u9ad8\u80a1\u606f_\u80a1\u606f\u4e0d\u6295\u5165","2412         \u4e2d\u83ef\u96fb\u4fe1","2002         \u4e2d\u92fc","2330         \u53f0\u7a4d\u96fb","2317         \u9d3b\u6d77","6505         \u53f0\u5851\u77f3\u5316","3481         \u7fa4\u5275","2303         \u806f\u96fb","2308         \u53f0\u9054\u96fb","2454         \u806f\u767c\u79d1","2886         \u5146\u8c50\u91d1","2884         \u7389\u5c71\u91d1","2891         \u4e2d\u4fe1\u91d1","2892         \u7b2c\u4e00\u91d1","5880         \u5408\u5eab\u91d1","2881         \u5bcc\u90a6\u91d1","2885         \u5143\u5927\u91d1","2887         \u53f0\u65b0\u91d1"],"zmin":-1,"zmax":1,"colorbar":{"x":-0.2}}],"layout":{"autotypenumbers":"strict","colorway":["#636efa","#EF553B","#00cc96","#ab63fa","#FFA15A","#19d3f3","#FF6692","#B6E880","#FF97FF","#FECB52"],"font":{"color":"#f2f5fa","family":"Courier New"},"hovermode":"closest","hoverlabel":{"align":"left"},"paper_bgcolor":"rgb(17,17,17)","plot_bgcolor":"rgb(17,17,17)","polar":{"bgcolor":"rgb(17,17,17)","angularaxis":{"gridcolor":"#506784","linecolor":"#506784","ticks":""},"radialaxis":{"gridcolor":"#506784","linecolor":"#506784","ticks":""}},"ternary":{"bgcolor":"rgb(17,17,17)","aaxis":{"gridcolor":"#506784","linecolor":"#506784","ticks":""},"baxis":{"gridcolor":"#506784","linecolor":"#506784","ticks":""},"caxis":{"gridcolor":"#506784","linecolor":"#506784","ticks":""}},"coloraxis":{"colorbar":{"outlinewidth":0,"ticks":""}},"colorscale":{"sequential":[[0.0,"#0d0887"],[0.1111111111111111,"#46039f"],[0.2222222222222222,"#7201a8"],[0.3333333333333333,"#9c179e"],[0.4444444444444444,"#bd3786"],[0.5555555555555556,"#d8576b"],[0.6666666666666666,"#ed7953"],[0.7777777777777778,"#fb9f3a"],[0.8888888888888888,"#fdca26"],[1.0,"#f0f921"]],"sequentialminus":[[0.0,"#0d0887"],[0.1111111111111111,"#46039f"],[0.2222222222222222,"#7201a8"],[0.3333333333333333,"#9c179e"],[0.4444444444444444,"#bd3786"],[0.5555555555555556,"#d8576b"],[0.6666666666666666,"#ed7953"],[0.7777777777777778,"#fb9f3a"],[0.8888888888888888,"#fdca26"],[1.0,"#f0f921"]],"diverging":[[0,"#8e0152"],[0.1,"#c51b7d"],[0.2,"#de77ae"],[0.3,"#f1b6da"],[0.4,"#fde0ef"],[0.5,"#f7f7f7"],[0.6,"#e6f5d0"],[0.7,"#b8e186"],[0.8,"#7fbc41"],[0.9,"#4d9221"],[1,"#276419"]]},"xaxis":{"gridcolor":"rgba(0, 0, 0, 0)","linecolor":"#506784","ticks":"","title":{"standoff":15},"zerolinecolor":"#283442","automargin":true,"zerolinewidth":2,"tickfont":{"family":"Courier New","size":14},"side":"top","tickangle":-90},"yaxis":{"gridcolor":"rgba(0, 0, 0, 0)","linecolor":"#506784","ticks":"","title":{"standoff":15},"zerolinecolor":"#283442","automargin":true,"zerolinewidth":2,"tickfont":{"family":"Courier New"},"side":"right"},"scene":{"xaxis":{"backgroundcolor":"rgb(17,17,17)","gridcolor":"#506784","linecolor":"#506784","showbackground":true,"ticks":"","zerolinecolor":"#C8D4E3","gridwidth":2},"yaxis":{"backgroundcolor":"rgb(17,17,17)","gridcolor":"#506784","linecolor":"#506784","showbackground":true,"ticks":"","zerolinecolor":"#C8D4E3","gridwidth":2},"zaxis":{"backgroundcolor":"rgb(17,17,17)","gridcolor":"#506784","linecolor":"#506784","showbackground":true,"ticks":"","zerolinecolor":"#C8D4E3","gridwidth":2}},"shapedefaults":{"line":{"color":"#f2f5fa"}},"annotationdefaults":{"arrowcolor":"#f2f5fa","arrowhead":0,"arrowwidth":1},"geo":{"bgcolor":"rgb(17,17,17)","landcolor":"rgb(17,17,17)","subunitcolor":"#506784","showland":true,"showlakes":true,"lakecolor":"rgb(17,17,17)"},"title":{"x":0.05,"font":{"family":"Times New Roman"},"y":0.05,"text":"<b>Correlation of Close<b><br><i>2016-09-23 ~ 2025-11-27<i>"},"updatemenudefaults":{"bgcolor":"#506784","borderwidth":0},"sliderdefaults":{"bgcolor":"#C8D4E3","borderwidth":1,"bordercolor":"rgb(17,17,17)","tickwidth":0},"mapbox":{"style":"dark"},"annotations":[{"text":"<b>@zwindr<b>","textangle":0,"opacity":0.5,"font":{"color":"white","size":12},"xref":"paper","yref":"paper","xanchor":"left","yanchor":"bottom","x":1.0,"y":1.0,"showarrow":false}]},"config":{"responsive":true,"toImageButtonOptions":{"filename":"Correlation of Close_2016-09-23~2025-11-27","scale":5}}};Plotly.newPlot("correlationClose",correlationClose.data,correlationClose.layout||{},correlationClose.config);}else{console.log("style display is none => correlationClose");}