var element=document.getElementById("correlationClose");if(element.style.display!='none'){var correlationClose={"data":[{"type":"heatmap","z":[[1.0,0.9999999999999982,1.0,0.9951416988367725,0.9951416988367725,0.966562811372318,0.966562811372318,0.9069444442050923,0.9069444442050923,0.8339699349238899,0.9945250438571882,0.7952443787589968,0.9925830658481793,0.9927441680252045,0.9945722718302009,0.9746574232531043,0.9990785775591572,0.9187090058642015,0.9187090058642015,0.7825735465648521,-0.14436371280379937,0.9783257862741634,0.16931389380866937,-0.10443224564266122,-0.251295756417769,0.814327612198889,0.9067515242579417,0.9150551250653018,0.9255759243465972,0.7813907270247109,0.562520610351837,0.6377874760571787,0.6298386141735227,0.93423081416254,0.8351667200402648,0.19259741875003894],[0.9999999999999982,1.0,0.9999999999999984,0.9951099082744418,0.9951099082744418,0.9660343243138961,0.9660343243138961,0.9078861686487344,0.9078861686487344,0.8353938606868542,0.9945183690815641,0.7954435821436825,0.9923062398015954,0.9922415191284534,0.9945737954817622,0.9741058290852106,0.9990797880024126,0.9188718087013485,0.9188718087013485,0.8010961247076368,0.06736745329338777,0.9702736797247099,-0.03874302691798957,-0.09701993032805928,-0.2516040491707641,0.6481678226895788,0.9077982454667572,0.8908780848793506,0.9202722072223619,0.7920452019136194,0.5544061595163756,0.635052765594441,0.6555075424876952,0.9319970812682088,0.6929845877632759,0.18957290022633105],[1.0,0.9999999999999984,1.0,0.9951416988367725,0.9951416988367725,0.966562811372318,0.966562811372318,0.9069444442050923,0.9069444442050923,0.8339699349238899,0.9945250438571882,0.7952443787589968,0.9925830658481793,0.9927441680252045,0.9945722718302009,0.9746574232531043,0.9990785775591572,0.9187090058642015,0.9187090058642015,0.7825735465648521,-0.14436371280379937,0.9783257862741634,0.16931389380866937,-0.10443224564266122,-0.251295756417769,0.814327612198889,0.9067515242579417,0.9150551250653018,0.9255759243465972,0.7813907270247109,0.562520610351837,0.6377874760571787,0.6298386141735227,0.93423081416254,0.8351667200402648,0.19259741875003894],[0.9951416988367725,0.9951099082744418,0.9951416988367725,1.0,1.0,0.9533914413998174,0.9533914413998174,0.8912976450869711,0.8912976450869711,0.8089977651904601,0.9995419024256,0.7684734750184936,0.9911896212048985,0.9883006161747928,0.9995024460688877,0.957211254318889,0.9948148044596089,0.8943069773009898,0.8943069773009898,0.7572490480848799,-0.15243609599106248,0.9906615455065623,0.19620681343508597,-0.14044957332217547,-0.251610338557243,0.8051323923394876,0.9184303957924406,0.9162606345962951,0.9098483234497219,0.7862412743225405,0.591227098325654,0.6306590336586616,0.5995625889440439,0.9244980631673833,0.8248214460608988,0.20461031189574494],[0.9951416988367725,0.9951099082744418,0.9951416988367725,1.0,1.0,0.9533914413998174,0.9533914413998174,0.8912976450869711,0.8912976450869711,0.8089977651904601,0.9995419024256,0.7684734750184936,0.9911896212048985,0.9883006161747928,0.9995024460688877,0.957211254318889,0.9948148044596089,0.8943069773009898,0.8943069773009898,0.7572490480848799,-0.15243609599106248,0.9906615455065623,0.19620681343508597,-0.14044957332217547,-0.251610338557243,0.8051323923394876,0.9184303957924406,0.9162606345962951,0.9098483234497219,0.7862412743225405,0.591227098325654,0.6306590336586616,0.5995625889440439,0.9244980631673833,0.8248214460608988,0.20461031189574494],[0.966562811372318,0.9660343243138961,0.966562811372318,0.9533914413998174,0.9533914413998174,1.0,1.0,0.93201099747709,0.93201099747709,0.8051768195106095,0.95289353536916,0.7901102689390701,0.970074335198672,0.9675448803195812,0.9527565010605117,0.999085658470222,0.9743712549629784,0.9188255818594668,0.9188255818594668,0.6467547250279387,-0.09323972134644214,0.9388124642093435,0.3247509618140092,-0.287925337658828,-0.11979166234955288,0.8832593116815227,0.858901955012818,0.9328444465317536,0.9003832196409778,0.7461414832102955,0.7521172512087436,0.7401356219145414,0.7047421957083299,0.8640006514437859,0.8658777302877068,0.47181031338126406],[0.966562811372318,0.9660343243138961,0.966562811372318,0.9533914413998174,0.9533914413998174,1.0,1.0,0.93201099747709,0.93201099747709,0.8051768195106095,0.95289353536916,0.7901102689390701,0.970074335198672,0.9675448803195812,0.9527565010605117,0.999085658470222,0.9743712549629784,0.9188255818594668,0.9188255818594668,0.6467547250279387,-0.09323972134644214,0.9388124642093435,0.3247509618140092,-0.287925337658828,-0.11979166234955288,0.8832593116815227,0.858901955012818,0.9328444465317536,0.9003832196409778,0.7461414832102955,0.7521172512087436,0.7401356219145414,0.7047421957083299,0.8640006514437859,0.8658777302877068,0.47181031338126406],[0.9069444442050923,0.9078861686487344,0.9069444442050923,0.8912976450869711,0.8912976450869711,0.93201099747709,0.93201099747709,1.0,1.0,0.7536372231219984,0.9377332217779483,0.7713173512477347,0.9411002251820376,0.9358399350813363,0.9376260301966522,0.9330942888183665,0.9450965216585078,0.9711869838606851,0.9711869838606851,0.5899610592730766,0.02765628984546952,0.8534183133575118,0.5547603656917519,-0.313866553225966,0.01509214771837875,0.7875641696488968,0.7581275671112812,0.8761163483958528,0.8538816153308868,0.7592395758714233,0.8807567728484625,0.78278523873238,0.7163690588395648,0.7962846390610923,0.8525782065208335,0.8041808998750943],[0.9069444442050923,0.9078861686487344,0.9069444442050923,0.8912976450869711,0.8912976450869711,0.93201099747709,0.93201099747709,1.0,1.0,0.7536372231219984,0.9377332217779483,0.7713173512477347,0.9411002251820376,0.9358399350813363,0.9376260301966522,0.9330942888183665,0.9450965216585078,0.9711869838606851,0.9711869838606851,0.5899610592730766,0.02765628984546952,0.8534183133575118,0.5547603656917519,-0.313866553225966,0.01509214771837875,0.7875641696488968,0.7581275671112812,0.8761163483958528,0.8538816153308868,0.7592395758714233,0.8807567728484625,0.78278523873238,0.7163690588395648,0.7962846390610923,0.8525782065208335,0.8041808998750943],[0.8339699349238899,0.8353938606868542,0.8339699349238899,0.8089977651904601,0.8089977651904601,0.8051768195106095,0.8051768195106095,0.7536372231219984,0.7536372231219984,1.0,0.7037682972022793,0.9999698563353375,0.6410368659771798,0.5558217951035165,0.7055120779072108,0.8006205192842649,0.756045188862213,0.8270870691613208,0.8270870691613208,0.6993850810764748,-0.10078860411543404,0.7824180917140747,0.03990783692890437,0.04723560712689433,-0.243695830031211,0.7929895076990118,0.5813116318365977,0.7765130506742973,0.8232907794144579,0.69353550825144,0.368648049122503,0.5369247186568109,0.5666514613623772,0.8074383839588039,0.6743419467041497,0.1739164844436252],[0.9945250438571882,0.9945183690815641,0.9945250438571882,0.9995419024256,0.9995419024256,0.95289353536916,0.95289353536916,0.9377332217779483,0.9377332217779483,0.7037682972022793,1.0,0.7036622363882684,0.9909287803268402,0.9883588851731557,0.9999280966171201,0.9527077748802072,0.9938051526914942,0.9056888927487153,0.9056888927487153,0.8535849166970545,0.017339335448144713,0.9964939407611052,0.8879811190207123,-0.5086641806622832,0.33753637059567404,0.8219620772252471,0.8824641653524251,0.9350249667516666,0.9040396508452296,0.8095971655519026,0.9152148976851724,0.8669469461079954,0.7760435778106826,0.903834128085221,0.9433131622217475,0.778798707911604],[0.7952443787589968,0.7954435821436825,0.7952443787589968,0.7684734750184936,0.7684734750184936,0.7901102689390701,0.7901102689390701,0.7713173512477347,0.7713173512477347,0.9999698563353375,0.7036622363882684,1.0,0.639077490283897,0.5532821661079895,0.7040181748208574,0.792322580077444,0.7546947190138117,0.8234674046287362,0.8234674046287362,0.6618177399979238,0.025849475307706506,0.7435809375887046,0.44602279171872483,-0.17555006598468156,-0.23120289195345842,0.8258405324251624,0.488793098326485,0.752757552399668,0.7973141595950929,0.7211862859893836,0.6087023391606867,0.7173194415858608,0.6877018529229876,0.768603070605601,0.6685584794935863,0.6869123829196051],[0.9925830658481793,0.9923062398015954,0.9925830658481793,0.9911896212048985,0.9911896212048985,0.970074335198672,0.970074335198672,0.9411002251820376,0.9411002251820376,0.6410368659771798,0.9909287803268402,0.639077490283897,1.0,0.9997693336574488,0.9909225915204364,0.9680232458701872,0.9904413058005151,0.8949316236612733,0.8949316236612733,0.8323233400774867,0.04456375423501141,0.9891611013897599,0.9082085290624907,-0.664490233687216,0.403611241383686,0.7930684546850356,0.8902959782409486,0.9430925468791871,0.8944169833256044,0.7442778440327518,0.9153245548645975,0.8448181315384649,0.7556214093885477,0.8883510316133779,0.9564381777463259,0.8057785162005555],[0.9927441680252045,0.9922415191284534,0.9927441680252045,0.9883006161747928,0.9883006161747928,0.9675448803195812,0.9675448803195812,0.9358399350813363,0.9358399350813363,0.5558217951035165,0.9883588851731557,0.5532821661079895,0.9997693336574488,1.0,0.9885026307918946,0.9647048863359913,0.9896524840530239,0.879465518129294,0.879465518129294,0.8536415854694523,-0.08141374091177694,0.9850899916498304,0.9162023917429695,-0.8380507412307863,0.43962610423349296,0.7417218928180305,0.8951698065369038,0.9366474896077869,0.8802513447248324,0.6753423900464824,0.9234390067052597,0.8353788769438308,0.697573451586583,0.9130637536833592,0.9570470320831301,0.7747125634252289],[0.9945722718302009,0.9945737954817622,0.9945722718302009,0.9995024460688877,0.9995024460688877,0.9527565010605117,0.9527565010605117,0.9376260301966522,0.9376260301966522,0.7055120779072108,0.9999280966171201,0.7040181748208574,0.9909225915204364,0.9885026307918946,1.0,0.9527182192787823,0.9938745045123115,0.9060753467158054,0.9060753467158054,0.854474245813682,0.016708736364218105,0.9963747087749849,0.887558773292003,-0.5061070238635974,0.3366050801049544,0.82222761032738,0.8810435259639362,0.9342734450349888,0.9045370594569332,0.8108559779819875,0.9148141508623451,0.867942894409907,0.7770803400957723,0.9038899806149014,0.9433903147765467,0.7794116435452737],[0.9746574232531043,0.9741058290852106,0.9746574232531043,0.957211254318889,0.957211254318889,0.999085658470222,0.999085658470222,0.9330942888183665,0.9330942888183665,0.8006205192842649,0.9527077748802072,0.792322580077444,0.9680232458701872,0.9647048863359913,0.9527182192787823,1.0,0.975413849844592,0.9188294461131455,0.9188294461131455,0.6950813552940199,-0.07803475971742925,0.946325058646703,0.6475042207210069,-0.4200645607405298,-0.16780544320467514,0.8946983320377632,0.8541148374423837,0.9288370453228466,0.9075951971757064,0.782847976379909,0.8584447233319105,0.7872308980492013,0.7611928787957325,0.8858069542365412,0.8633542936036936,0.7918395811037912],[0.9990785775591572,0.9990797880024126,0.9990785775591572,0.9948148044596089,0.9948148044596089,0.9743712549629784,0.9743712549629784,0.9450965216585078,0.9450965216585078,0.756045188862213,0.9938051526914942,0.7546947190138117,0.9904413058005151,0.9896524840530239,0.9938745045123115,0.975413849844592,1.0,0.9308913655549758,0.9308913655549758,0.8631726023600161,0.03065172333819822,0.9873268396969406,0.8559231414145205,-0.48752112160557337,0.35580124765693893,0.8676513610650843,0.874234594064324,0.9455414083429686,0.9329107305499789,0.83186604081593,0.9037400120060451,0.8979876945521924,0.8176345974203432,0.9174249640433898,0.9524045894468266,0.8351180353985526],[0.9187090058642015,0.9188718087013485,0.9187090058642015,0.8943069773009898,0.8943069773009898,0.9188255818594668,0.9188255818594668,0.9711869838606851,0.9711869838606851,0.8270870691613208,0.9056888927487153,0.8234674046287362,0.8949316236612733,0.879465518129294,0.9060753467158054,0.9188294461131455,0.9308913655549758,1.0,1.0,0.7436523151462794,-0.034439373394241954,0.8579369130185106,0.5524718631315448,-0.1996466159923431,-0.20757851017706344,0.8281744929834647,0.7325590395717141,0.838824001887914,0.917605661831805,0.839688523258917,0.8010213690054341,0.7580674767223491,0.7067515053102479,0.8468806949159663,0.7804230336929251,0.8530369922103833],[0.9187090058642015,0.9188718087013485,0.9187090058642015,0.8943069773009898,0.8943069773009898,0.9188255818594668,0.9188255818594668,0.9711869838606851,0.9711869838606851,0.8270870691613208,0.9056888927487153,0.8234674046287362,0.8949316236612733,0.879465518129294,0.9060753467158054,0.9188294461131455,0.9308913655549758,1.0,1.0,0.7436523151462794,-0.034439373394241954,0.8579369130185106,0.5524718631315448,-0.1996466159923431,-0.20757851017706344,0.8281744929834647,0.7325590395717141,0.838824001887914,0.917605661831805,0.839688523258917,0.8010213690054341,0.7580674767223491,0.7067515053102479,0.8468806949159663,0.7804230336929251,0.8530369922103833],[0.7825735465648521,0.8010961247076368,0.7825735465648521,0.7572490480848799,0.7572490480848799,0.6467547250279387,0.6467547250279387,0.5899610592730766,0.5899610592730766,0.6993850810764748,0.8535849166970545,0.6618177399979238,0.8323233400774867,0.8536415854694523,0.854474245813682,0.6950813552940199,0.8631726023600161,0.7436523151462794,0.7436523151462794,1.0,0.0333020778227492,0.7187949410000497,-0.3621204641875585,0.314946812184537,-0.656493736994022,0.3562227260045169,0.7060771948450113,0.5134970999403954,0.8369104188532019,0.6960779015609088,0.11605202975405254,0.3127646520928589,0.5672909248562081,0.7837532394556324,0.4821903039153787,-0.14782709869334626],[-0.14436371280379937,0.06736745329338777,-0.14436371280379937,-0.15243609599106248,-0.15243609599106248,-0.09323972134644214,-0.09323972134644214,0.02765628984546952,0.02765628984546952,-0.10078860411543404,0.017339335448144713,0.025849475307706506,0.04456375423501141,-0.08141374091177694,0.016708736364218105,-0.07803475971742925,0.03065172333819822,-0.034439373394241954,-0.034439373394241954,0.0333020778227492,1.0,-0.09794367963502128,0.10451093612475446,0.15712160348196247,0.7485531271222992,-0.09352394537480657,-0.04919801384832951,-0.015595925100054558,0.15881724146223758,-0.0020533611239237264,0.046286174284182156,0.3293671901606571,0.5664003435914733,-0.1239750219772857,0.10371353340092243,0.15614093726241846],[0.9783257862741634,0.9702736797247099,0.9783257862741634,0.9906615455065623,0.9906615455065623,0.9388124642093435,0.9388124642093435,0.8534183133575118,0.8534183133575118,0.7824180917140747,0.9964939407611052,0.7435809375887046,0.9891611013897599,0.9850899916498304,0.9963747087749849,0.946325058646703,0.9873268396969406,0.8579369130185106,0.8579369130185106,0.7187949410000497,-0.09794367963502128,1.0,0.10418930039857781,-0.19821878358092984,-0.3016709286660358,0.6683834939019719,0.9185625199520233,0.8996941771953887,0.8536679118026494,0.7545302334937897,0.5917128272346405,0.5971896425961554,0.5295874423536161,0.9033261218854718,0.6711055200195161,0.18530921329843358],[0.16931389380866937,-0.03874302691798957,0.16931389380866937,0.19620681343508597,0.19620681343508597,0.3247509618140092,0.3247509618140092,0.5547603656917519,0.5547603656917519,0.03990783692890437,0.8879811190207123,0.44602279171872483,0.9082085290624907,0.9162023917429695,0.887558773292003,0.6475042207210069,0.8559231414145205,0.5524718631315448,0.5524718631315448,-0.3621204641875585,0.10451093612475446,0.10418930039857781,1.0,-0.45998210837746056,0.714456876156743,0.38220983805409525,0.11875600911781148,0.31914048593702865,-0.08929749924771191,0.08364924238068987,0.6002936204618153,0.48108872023804194,0.20139049006430576,0.012805466808020343,0.3964054430608298,0.4699041271060244],[-0.10443224564266122,-0.09701993032805928,-0.10443224564266122,-0.14044957332217547,-0.14044957332217547,-0.287925337658828,-0.287925337658828,-0.313866553225966,-0.313866553225966,0.04723560712689433,-0.5086641806622832,-0.17555006598468156,-0.664490233687216,-0.8380507412307863,-0.5061070238635974,-0.4200645607405298,-0.48752112160557337,-0.1996466159923431,-0.1996466159923431,0.314946812184537,0.15712160348196247,-0.19821878358092984,-0.45998210837746056,1.0,-0.027440287554016365,-0.16669098665320228,-0.19439302835889802,-0.3057943037237759,-0.04781500848573598,-0.07807671978474016,-0.5698264379147264,-0.20330490319851893,-0.026051379287980705,-0.04962372357968028,-0.2233512765225231,-0.4091740390927364],[-0.251295756417769,-0.2516040491707641,-0.251295756417769,-0.251610338557243,-0.251610338557243,-0.11979166234955288,-0.11979166234955288,0.01509214771837875,0.01509214771837875,-0.243695830031211,0.33753637059567404,-0.23120289195345842,0.403611241383686,0.43962610423349296,0.3366050801049544,-0.16780544320467514,0.35580124765693893,-0.20757851017706344,-0.20757851017706344,-0.656493736994022,0.7485531271222992,-0.3016709286660358,0.714456876156743,-0.027440287554016365,1.0,-0.10716125979017521,-0.24507587692822902,-0.06712982291692976,-0.3513633835658575,-0.32961465424182523,0.06911596552075881,0.1604797113409599,0.2626315394608958,-0.37880901650064064,0.11155514414462013,0.09138790522300726],[0.814327612198889,0.6481678226895788,0.814327612198889,0.8051323923394876,0.8051323923394876,0.8832593116815227,0.8832593116815227,0.7875641696488968,0.7875641696488968,0.7929895076990118,0.8219620772252471,0.8258405324251624,0.7930684546850356,0.7417218928180305,0.82222761032738,0.8946983320377632,0.8676513610650843,0.8281744929834647,0.8281744929834647,0.3562227260045169,-0.09352394537480657,0.6683834939019719,0.38220983805409525,-0.16669098665320228,-0.10716125979017521,1.0,0.5451055627515484,0.8391363589866094,0.49755144286603814,0.6295371383374155,0.5508028935827542,0.6593420093289398,0.4264440649199263,0.7061625604842441,0.704782715782593,0.41871161215692376],[0.9067515242579417,0.9077982454667572,0.9067515242579417,0.9184303957924406,0.9184303957924406,0.858901955012818,0.858901955012818,0.7581275671112812,0.7581275671112812,0.5813116318365977,0.8824641653524251,0.488793098326485,0.8902959782409486,0.8951698065369038,0.8810435259639362,0.8541148374423837,0.874234594064324,0.7325590395717141,0.7325590395717141,0.7060771948450113,-0.04919801384832951,0.9185625199520233,0.11875600911781148,-0.19439302835889802,-0.24507587692822902,0.5451055627515484,1.0,0.7999374974481348,0.781900174888552,0.6653273652256763,0.49884577471575564,0.5037187375318107,0.5162154041438983,0.8412779596536905,0.6278388275099058,0.10905449960735757],[0.9150551250653018,0.8908780848793506,0.9150551250653018,0.9162606345962951,0.9162606345962951,0.9328444465317536,0.9328444465317536,0.8761163483958528,0.8761163483958528,0.7765130506742973,0.9350249667516666,0.752757552399668,0.9430925468791871,0.9366474896077869,0.9342734450349888,0.9288370453228466,0.9455414083429686,0.838824001887914,0.838824001887914,0.5134970999403954,-0.015595925100054558,0.8996941771953887,0.31914048593702865,-0.3057943037237759,-0.06712982291692976,0.8391363589866094,0.7999374974481348,1.0,0.7558866581053004,0.6156953762396172,0.6044722107594643,0.6056680371148061,0.5350874859727818,0.8221807605879925,0.8367114529952604,0.22403828696961267],[0.9255759243465972,0.9202722072223619,0.9255759243465972,0.9098483234497219,0.9098483234497219,0.9003832196409778,0.9003832196409778,0.8538816153308868,0.8538816153308868,0.8232907794144579,0.9040396508452296,0.7973141595950929,0.8944169833256044,0.8802513447248324,0.9045370594569332,0.9075951971757064,0.9329107305499789,0.917605661831805,0.917605661831805,0.8369104188532019,0.15881724146223758,0.8536679118026494,-0.08929749924771191,-0.04781500848573598,-0.3513633835658575,0.49755144286603814,0.781900174888552,0.7558866581053004,1.0,0.9073706749618979,0.551941738787795,0.6906810930870642,0.6672816132789975,0.8803595784450226,0.5135406613815514,0.3022883234048431],[0.7813907270247109,0.7920452019136194,0.7813907270247109,0.7862412743225405,0.7862412743225405,0.7461414832102955,0.7461414832102955,0.7592395758714233,0.7592395758714233,0.69353550825144,0.8095971655519026,0.7211862859893836,0.7442778440327518,0.6753423900464824,0.8108559779819875,0.782847976379909,0.83186604081593,0.839688523258917,0.839688523258917,0.6960779015609088,-0.0020533611239237264,0.7545302334937897,0.08364924238068987,-0.07807671978474016,-0.32961465424182523,0.6295371383374155,0.6653273652256763,0.6156953762396172,0.9073706749618979,1.0,0.5848976834892857,0.6728257778958712,0.611300662750309,0.7345263243352534,0.5906610586963799,0.47531169363799985],[0.562520610351837,0.5544061595163756,0.562520610351837,0.591227098325654,0.591227098325654,0.7521172512087436,0.7521172512087436,0.8807567728484625,0.8807567728484625,0.368648049122503,0.9152148976851724,0.6087023391606867,0.9153245548645975,0.9234390067052597,0.9148141508623451,0.8584447233319105,0.9037400120060451,0.8010213690054341,0.8010213690054341,0.11605202975405254,0.046286174284182156,0.5917128272346405,0.6002936204618153,-0.5698264379147264,0.06911596552075881,0.5508028935827542,0.49884577471575564,0.6044722107594643,0.551941738787795,0.5848976834892857,1.0,0.7467105025061485,0.3856309489721698,0.5075508844791138,0.5895890861224684,0.7566926003664486],[0.6377874760571787,0.635052765594441,0.6377874760571787,0.6306590336586616,0.6306590336586616,0.7401356219145414,0.7401356219145414,0.78278523873238,0.78278523873238,0.5369247186568109,0.8669469461079954,0.7173194415858608,0.8448181315384649,0.8353788769438308,0.867942894409907,0.7872308980492013,0.8979876945521924,0.7580674767223491,0.7580674767223491,0.3127646520928589,0.3293671901606571,0.5971896425961554,0.48108872023804194,-0.20330490319851893,0.1604797113409599,0.6593420093289398,0.5037187375318107,0.6056680371148061,0.6906810930870642,0.6728257778958712,0.7467105025061485,1.0,0.7792278727893396,0.5036952407837779,0.7317318469865401,0.5511388139443647],[0.6298386141735227,0.6555075424876952,0.6298386141735227,0.5995625889440439,0.5995625889440439,0.7047421957083299,0.7047421957083299,0.7163690588395648,0.7163690588395648,0.5666514613623772,0.7760435778106826,0.6877018529229876,0.7556214093885477,0.697573451586583,0.7770803400957723,0.7611928787957325,0.8176345974203432,0.7067515053102479,0.7067515053102479,0.5672909248562081,0.5664003435914733,0.5295874423536161,0.20139049006430576,-0.026051379287980705,0.2626315394608958,0.4264440649199263,0.5162154041438983,0.5350874859727818,0.6672816132789975,0.611300662750309,0.3856309489721698,0.7792278727893396,1.0,0.4945014248399523,0.6661353801896704,0.20391957485116413],[0.93423081416254,0.9319970812682088,0.93423081416254,0.9244980631673833,0.9244980631673833,0.8640006514437859,0.8640006514437859,0.7962846390610923,0.7962846390610923,0.8074383839588039,0.903834128085221,0.768603070605601,0.8883510316133779,0.9130637536833592,0.9038899806149014,0.8858069542365412,0.9174249640433898,0.8468806949159663,0.8468806949159663,0.7837532394556324,-0.1239750219772857,0.9033261218854718,0.012805466808020343,-0.04962372357968028,-0.37880901650064064,0.7061625604842441,0.8412779596536905,0.8221807605879925,0.8803595784450226,0.7345263243352534,0.5075508844791138,0.5036952407837779,0.4945014248399523,1.0,0.7389372542202859,0.17865994157767429],[0.8351667200402648,0.6929845877632759,0.8351667200402648,0.8248214460608988,0.8248214460608988,0.8658777302877068,0.8658777302877068,0.8525782065208335,0.8525782065208335,0.6743419467041497,0.9433131622217475,0.6685584794935863,0.9564381777463259,0.9570470320831301,0.9433903147765467,0.8633542936036936,0.9524045894468266,0.7804230336929251,0.7804230336929251,0.4821903039153787,0.10371353340092243,0.6711055200195161,0.3964054430608298,-0.2233512765225231,0.11155514414462013,0.704782715782593,0.6278388275099058,0.8367114529952604,0.5135406613815514,0.5906610586963799,0.5895890861224684,0.7317318469865401,0.6661353801896704,0.7389372542202859,1.0,0.18742937292588813],[0.19259741875003894,0.18957290022633105,0.19259741875003894,0.20461031189574494,0.20461031189574494,0.47181031338126406,0.47181031338126406,0.8041808998750943,0.8041808998750943,0.1739164844436252,0.778798707911604,0.6869123829196051,0.8057785162005555,0.7747125634252289,0.7794116435452737,0.7918395811037912,0.8351180353985526,0.8530369922103833,0.8530369922103833,-0.14782709869334626,0.15614093726241846,0.18530921329843358,0.4699041271060244,-0.4091740390927364,0.09138790522300726,0.41871161215692376,0.10905449960735757,0.22403828696961267,0.3022883234048431,0.47531169363799985,0.7566926003664486,0.5511388139443647,0.20391957485116413,0.17865994157767429,0.18742937292588813,1.0]],"x":["^TAIEX       \u81fa\u7063\u52a0\u6b0a\u5831\u916c\u6307\u6578","^TWII        \u81fa\u7063\u52a0\u6b0a\u6307\u6578","^TAIEXx2     \u81fa\u7063\u52a0\u6b0a\u5831\u916c\u6307\u6578_\u65e5\u6b632","^TAI50I      \u81fa\u706350\u5831\u916c\u6307\u6578","^TAI50Ix2    \u81fa\u706350\u5831\u916c\u6307\u6578_\u65e5\u6b632","^TAI100I     \u81fa\u7063\u4e2d\u578b100\u5831\u916c\u6307\u6578","^TAI100Ix2   \u81fa\u7063\u4e2d\u578b100\u5831\u916c\u6307\u6578_\u65e5\u6b632","^TAIDIVIDI   \u81fa\u7063\u9ad8\u80a1\u606f\u5831\u916c\u6307\u6578","^TAIDIVIDIx2 \u81fa\u7063\u9ad8\u80a1\u606f\u5831\u916c\u6307\u6578_\u65e5\u6b632","0050Fund     \u5143\u5927\u53f0\u7063\u5353\u8d8a50\u57fa\u91d1","006208Fund   \u5bcc\u90a6\u53f0\u7063\u91c6\u540950\u57fa\u91d1","0050         \u5143\u5927\u81fa\u706350","00631L       \u5143\u5927\u53f0\u706350\u6b632","00675L       \u5bcc\u90a6\u81fa\u7063\u52a0\u6b0a\u6b632","006208       \u5bcc\u90a6\u53f050","0051         \u5143\u5927\u4e2d\u578b100","006204       \u6c38\u8c50\u81fa\u7063\u52a0\u6b0a","0056         \u5143\u5927\u9ad8\u80a1\u606f","0056         \u5143\u5927\u9ad8\u80a1\u606f_\u80a1\u606f\u4e0d\u6295\u5165","2412         \u4e2d\u83ef\u96fb\u4fe1","2002         \u4e2d\u92fc","2330         \u53f0\u7a4d\u96fb","2317         \u9d3b\u6d77","6505         \u53f0\u5851\u77f3\u5316","3481         \u7fa4\u5275","2303         \u806f\u96fb","2308         \u53f0\u9054\u96fb","2454         \u806f\u767c\u79d1","2886         \u5146\u8c50\u91d1","2884         \u7389\u5c71\u91d1","2891         \u4e2d\u4fe1\u91d1","2892         \u7b2c\u4e00\u91d1","5880         \u5408\u5eab\u91d1","2881         \u5bcc\u90a6\u91d1","2885         \u5143\u5927\u91d1","2887         \u53f0\u65b0\u91d1"],"y":["^TAIEX       \u81fa\u7063\u52a0\u6b0a\u5831\u916c\u6307\u6578","^TWII        \u81fa\u7063\u52a0\u6b0a\u6307\u6578","^TAIEXx2     \u81fa\u7063\u52a0\u6b0a\u5831\u916c\u6307\u6578_\u65e5\u6b632","^TAI50I      \u81fa\u706350\u5831\u916c\u6307\u6578","^TAI50Ix2    \u81fa\u706350\u5831\u916c\u6307\u6578_\u65e5\u6b632","^TAI100I     \u81fa\u7063\u4e2d\u578b100\u5831\u916c\u6307\u6578","^TAI100Ix2   \u81fa\u7063\u4e2d\u578b100\u5831\u916c\u6307\u6578_\u65e5\u6b632","^TAIDIVIDI   \u81fa\u7063\u9ad8\u80a1\u606f\u5831\u916c\u6307\u6578","^TAIDIVIDIx2 \u81fa\u7063\u9ad8\u80a1\u606f\u5831\u916c\u6307\u6578_\u65e5\u6b632","0050Fund     \u5143\u5927\u53f0\u7063\u5353\u8d8a50\u57fa\u91d1","006208Fund   \u5bcc\u90a6\u53f0\u7063\u91c6\u540950\u57fa\u91d1","0050         \u5143\u5927\u81fa\u706350","00631L       \u5143\u5927\u53f0\u706350\u6b632","00675L       \u5bcc\u90a6\u81fa\u7063\u52a0\u6b0a\u6b632","006208       \u5bcc\u90a6\u53f050","0051         \u5143\u5927\u4e2d\u578b100","006204       \u6c38\u8c50\u81fa\u7063\u52a0\u6b0a","0056         \u5143\u5927\u9ad8\u80a1\u606f","0056         \u5143\u5927\u9ad8\u80a1\u606f_\u80a1\u606f\u4e0d\u6295\u5165","2412         \u4e2d\u83ef\u96fb\u4fe1","2002         \u4e2d\u92fc","2330         \u53f0\u7a4d\u96fb","2317         \u9d3b\u6d77","6505         \u53f0\u5851\u77f3\u5316","3481         \u7fa4\u5275","2303         \u806f\u96fb","2308         \u53f0\u9054\u96fb","2454         \u806f\u767c\u79d1","2886         \u5146\u8c50\u91d1","2884         \u7389\u5c71\u91d1","2891         \u4e2d\u4fe1\u91d1","2892         \u7b2c\u4e00\u91d1","5880         \u5408\u5eab\u91d1","2881         \u5bcc\u90a6\u91d1","2885         \u5143\u5927\u91d1","2887         \u53f0\u65b0\u91d1"],"zmin":-1,"zmax":1,"colorbar":{"x":-0.2}}],"layout":{"autotypenumbers":"strict","colorway":["#636efa","#EF553B","#00cc96","#ab63fa","#FFA15A","#19d3f3","#FF6692","#B6E880","#FF97FF","#FECB52"],"font":{"color":"#f2f5fa","family":"Courier New"},"hovermode":"closest","hoverlabel":{"align":"left"},"paper_bgcolor":"rgb(17,17,17)","plot_bgcolor":"rgb(17,17,17)","polar":{"bgcolor":"rgb(17,17,17)","angularaxis":{"gridcolor":"#506784","linecolor":"#506784","ticks":""},"radialaxis":{"gridcolor":"#506784","linecolor":"#506784","ticks":""}},"ternary":{"bgcolor":"rgb(17,17,17)","aaxis":{"gridcolor":"#506784","linecolor":"#506784","ticks":""},"baxis":{"gridcolor":"#506784","linecolor":"#506784","ticks":""},"caxis":{"gridcolor":"#506784","linecolor":"#506784","ticks":""}},"coloraxis":{"colorbar":{"outlinewidth":0,"ticks":""}},"colorscale":{"sequential":[[0.0,"#0d0887"],[0.1111111111111111,"#46039f"],[0.2222222222222222,"#7201a8"],[0.3333333333333333,"#9c179e"],[0.4444444444444444,"#bd3786"],[0.5555555555555556,"#d8576b"],[0.6666666666666666,"#ed7953"],[0.7777777777777778,"#fb9f3a"],[0.8888888888888888,"#fdca26"],[1.0,"#f0f921"]],"sequentialminus":[[0.0,"#0d0887"],[0.1111111111111111,"#46039f"],[0.2222222222222222,"#7201a8"],[0.3333333333333333,"#9c179e"],[0.4444444444444444,"#bd3786"],[0.5555555555555556,"#d8576b"],[0.6666666666666666,"#ed7953"],[0.7777777777777778,"#fb9f3a"],[0.8888888888888888,"#fdca26"],[1.0,"#f0f921"]],"diverging":[[0,"#8e0152"],[0.1,"#c51b7d"],[0.2,"#de77ae"],[0.3,"#f1b6da"],[0.4,"#fde0ef"],[0.5,"#f7f7f7"],[0.6,"#e6f5d0"],[0.7,"#b8e186"],[0.8,"#7fbc41"],[0.9,"#4d9221"],[1,"#276419"]]},"xaxis":{"gridcolor":"rgba(0, 0, 0, 0)","linecolor":"#506784","ticks":"","title":{"standoff":15},"zerolinecolor":"#283442","automargin":true,"zerolinewidth":2,"tickfont":{"family":"Courier New","size":14},"side":"top","tickangle":-90},"yaxis":{"gridcolor":"rgba(0, 0, 0, 0)","linecolor":"#506784","ticks":"","title":{"standoff":15},"zerolinecolor":"#283442","automargin":true,"zerolinewidth":2,"tickfont":{"family":"Courier New"},"side":"right"},"scene":{"xaxis":{"backgroundcolor":"rgb(17,17,17)","gridcolor":"#506784","linecolor":"#506784","showbackground":true,"ticks":"","zerolinecolor":"#C8D4E3","gridwidth":2},"yaxis":{"backgroundcolor":"rgb(17,17,17)","gridcolor":"#506784","linecolor":"#506784","showbackground":true,"ticks":"","zerolinecolor":"#C8D4E3","gridwidth":2},"zaxis":{"backgroundcolor":"rgb(17,17,17)","gridcolor":"#506784","linecolor":"#506784","showbackground":true,"ticks":"","zerolinecolor":"#C8D4E3","gridwidth":2}},"shapedefaults":{"line":{"color":"#f2f5fa"}},"annotationdefaults":{"arrowcolor":"#f2f5fa","arrowhead":0,"arrowwidth":1},"geo":{"bgcolor":"rgb(17,17,17)","landcolor":"rgb(17,17,17)","subunitcolor":"#506784","showland":true,"showlakes":true,"lakecolor":"rgb(17,17,17)"},"title":{"x":0.05,"font":{"family":"Times New Roman"},"y":0.05,"text":"<b>Correlation of Close<b><br><i>2016-09-23 ~ 2025-12-12<i>"},"updatemenudefaults":{"bgcolor":"#506784","borderwidth":0},"sliderdefaults":{"bgcolor":"#C8D4E3","borderwidth":1,"bordercolor":"rgb(17,17,17)","tickwidth":0},"mapbox":{"style":"dark"},"annotations":[{"text":"<b>@zwindr<b>","textangle":0,"opacity":0.5,"font":{"color":"white","size":12},"xref":"paper","yref":"paper","xanchor":"left","yanchor":"bottom","x":1.0,"y":1.0,"showarrow":false}]},"config":{"responsive":true,"toImageButtonOptions":{"filename":"Correlation of Close_2016-09-23~2025-12-12","scale":5}}};Plotly.newPlot("correlationClose",correlationClose.data,correlationClose.layout||{},correlationClose.config);}else{console.log("style display is none => correlationClose");}