var correlationClose = {"data": [{"type": "heatmap", "z": [[1.0, 0.9999999999999984, 1.0, 0.9956508090994299, 0.9956508090994299, 0.9605446097049162, 0.9605446097049162, 0.894907445185759, 0.894907445185759, 0.9495759324937322, 0.995217509717845, -0.018748804279202707, 0.9924287904548356, 0.9919769579749357, 0.9951207415567498, 0.9712628705265037, 0.9988673697337617, 0.9273292717980552, 0.7823175302552083, -0.0720342799841025, 0.9766084979248227, 0.054456602440942525, 0.010890478063770546, -0.2507845947439257, 0.824766431820868, 0.9509605598650843, 0.9023976198664967, 0.9265010759007094, 0.7648039644736824, 0.46638467585412746, 0.6053074933384264, 0.6376534432152584, 0.9273502436215014, 0.8080866824339604, 0.16768744824513207], [0.9999999999999984, 1.0, 0.9999999999999986, 0.9955942743147673, 0.9955942743147673, 0.9598876329213831, 0.9598876329213831, 0.8962295732880566, 0.8962295732880566, 0.9498258276406022, 0.9951863869202775, -0.017741499501936066, 0.9921746866119495, 0.9913913882388291, 0.9950787551110997, 0.9705031456847892, 0.9988707888882574, 0.9279213167410968, 0.8032266853392098, 0.1340219167613247, 0.967439421046214, -0.10471203461657809, 0.01818341756556383, -0.2511194938410424, 0.647851768978368, 0.9510820958360533, 0.8738962997989652, 0.9211354597439121, 0.7785581788977324, 0.4579736274296299, 0.6022647810683832, 0.6690525504659489, 0.9243633582447923, 0.6694364620538842, 0.16406468526448278], [1.0, 0.9999999999999986, 1.0, 0.9956508090994299, 0.9956508090994299, 0.9605446097049162, 0.9605446097049162, 0.894907445185759, 0.894907445185759, 0.9495759324937322, 0.995217509717845, -0.018748804279202707, 0.9924287904548356, 0.9919769579749357, 0.9951207415567498, 0.9712628705265037, 0.9988673697337617, 0.9273292717980552, 0.7823175302552083, -0.0720342799841025, 0.9766084979248227, 0.054456602440942525, 0.010890478063770546, -0.2507845947439257, 0.824766431820868, 0.9509605598650843, 0.9023976198664967, 0.9265010759007094, 0.7648039644736824, 0.46638467585412746, 0.6053074933384264, 0.6376534432152584, 0.9273502436215014, 0.8080866824339604, 0.16768744824513207], [0.9956508090994299, 0.9955942743147673, 0.9956508090994299, 1.0, 1.0, 0.9474792557607988, 0.9474792557607988, 0.8808815900229666, 0.8808815900229666, 0.9466715033977432, 0.9994525148191808, -0.033657769460838975, 0.9879570449324506, 0.9836615715756607, 0.9993828679576147, 0.9537214554155284, 0.9946989691947249, 0.9093327348354577, 0.7622282869498829, -0.07724474563225925, 0.9883735951537378, 0.07376508486616556, -0.01889278084747687, -0.2546412941913909, 0.8261924693056045, 0.9414935160584529, 0.9074533312236652, 0.9161858484453419, 0.7768614225453422, 0.49205092333453176, 0.5994112704057902, 0.6121331876994023, 0.9211091771136966, 0.7978925450988159, 0.180300502217979], [0.9956508090994299, 0.9955942743147673, 0.9956508090994299, 1.0, 1.0, 0.9474792557607988, 0.9474792557607988, 0.8808815900229666, 0.8808815900229666, 0.9466715033977432, 0.9994525148191808, -0.033657769460838975, 0.9879570449324506, 0.9836615715756607, 0.9993828679576147, 0.9537214554155284, 0.9946989691947249, 0.9093327348354577, 0.7622282869498829, -0.07724474563225925, 0.9883735951537378, 0.07376508486616556, -0.01889278084747687, -0.2546412941913909, 0.8261924693056045, 0.9414935160584529, 0.9074533312236652, 0.9161858484453419, 0.7768614225453422, 0.49205092333453176, 0.5994112704057902, 0.6121331876994023, 0.9211091771136966, 0.7978925450988159, 0.180300502217979], [0.9605446097049162, 0.9598876329213831, 0.9605446097049162, 0.9474792557607988, 0.9474792557607988, 1.0, 1.0, 0.9222389157161976, 0.9222389157161976, 0.914053932985353, 0.9515238971311211, 0.09894048745993628, 0.9766522302541893, 0.9755131644690367, 0.951067825400263, 0.9989630308216226, 0.971805514179892, 0.9195282830824433, 0.6224278465782975, -0.014853480392307723, 0.9318698950656704, 0.23943024518901457, -0.19740652896377767, -0.10380948859474481, 0.8961939444803242, 0.9106649382623678, 0.9232042787364828, 0.8932879759198165, 0.7225615042958373, 0.6990632501177722, 0.7199453139005701, 0.713510631075005, 0.8434559712912505, 0.8433955991275178, 0.460800942552268], [0.9605446097049162, 0.9598876329213831, 0.9605446097049162, 0.9474792557607988, 0.9474792557607988, 1.0, 1.0, 0.9222389157161976, 0.9222389157161976, 0.914053932985353, 0.9515238971311211, 0.09894048745993628, 0.9766522302541893, 0.9755131644690367, 0.951067825400263, 0.9989630308216226, 0.971805514179892, 0.9195282830824433, 0.6224278465782975, -0.014853480392307723, 0.9318698950656704, 0.23943024518901457, -0.19740652896377767, -0.10380948859474481, 0.8961939444803242, 0.9106649382623678, 0.9232042787364828, 0.8932879759198165, 0.7225615042958373, 0.6990632501177722, 0.7199453139005701, 0.713510631075005, 0.8434559712912505, 0.8433955991275178, 0.460800942552268], [0.894907445185759, 0.8962295732880566, 0.894907445185759, 0.8808815900229666, 0.8808815900229666, 0.9222389157161976, 0.9222389157161976, 1.0, 1.0, 0.8936144172440802, 0.9379436198782946, 0.16202183995376662, 0.9467857385176894, 0.9418227753794497, 0.9374908629483444, 0.9230417181000076, 0.9391485718475846, 0.9731634484490921, 0.5562928811752955, 0.10645003261044038, 0.8370958766857368, 0.4933855064431252, -0.221089739970552, 0.038986446328538614, 0.7842242585072108, 0.8013324406523404, 0.8587987571448314, 0.8386278001541778, 0.7360926380330224, 0.8677804561966201, 0.7643866399073906, 0.7173098803098918, 0.7672554265308517, 0.8309838303080704, 0.8005264181667056], [0.894907445185759, 0.8962295732880566, 0.894907445185759, 0.8808815900229666, 0.8808815900229666, 0.9222389157161976, 0.9222389157161976, 1.0, 1.0, 0.8936144172440802, 0.9379436198782946, 0.16202183995376662, 0.9467857385176894, 0.9418227753794497, 0.9374908629483444, 0.9230417181000076, 0.9391485718475846, 0.9731634484490921, 0.5562928811752955, 0.10645003261044038, 0.8370958766857368, 0.4933855064431252, -0.221089739970552, 0.038986446328538614, 0.7842242585072108, 0.8013324406523404, 0.8587987571448314, 0.8386278001541778, 0.7360926380330224, 0.8677804561966201, 0.7643866399073906, 0.7173098803098918, 0.7672554265308517, 0.8309838303080704, 0.8005264181667056], [0.9495759324937322, 0.9498258276406022, 0.9495759324937322, 0.9466715033977432, 0.9466715033977432, 0.914053932985353, 0.914053932985353, 0.8936144172440802, 0.8936144172440802, 1.0, 0.9439213134968463, 0.28547722076259524, 0.9298448953422588, 0.9090478460435406, 0.9445976668175725, 0.9155779709602109, 0.9477923766401889, 0.9068168647249292, 0.791365618240092, 0.22793086516774796, 0.9361861338937012, 0.7889798604564385, -0.3251192873491943, 0.3960175094933948, 0.8630739870198821, 0.8576324610870414, 0.8953750079089597, 0.8736916321747067, 0.7647617423281079, 0.7934877269901706, 0.8347964372648963, 0.8033599156876837, 0.850544552635283, 0.8956550176746936, 0.7815929815257348], [0.995217509717845, 0.9951863869202775, 0.995217509717845, 0.9994525148191808, 0.9994525148191808, 0.9515238971311211, 0.9515238971311211, 0.9379436198782946, 0.9379436198782946, 0.9439213134968463, 1.0, 0.35463830822501746, 0.9877536588793928, 0.9840962883322933, 0.9999131047719945, 0.9520552700995643, 0.9938317123029357, 0.9285342289809497, 0.8392413196230182, 0.18121024733144608, 0.9954561618200836, 0.8448495663855033, -0.4062830439412525, 0.37936890503395404, 0.8712989731360052, 0.9156146020763638, 0.9394357004586937, 0.9108274091523395, 0.7979862617421449, 0.8870783671183707, 0.86939902404934, 0.8153771151226097, 0.8940293874696159, 0.9418397820050258, 0.7852381062001772], [-0.018748804279202707, -0.017741499501936066, -0.018748804279202707, -0.033657769460838975, -0.033657769460838975, 0.09894048745993628, 0.09894048745993628, 0.16202183995376662, 0.16202183995376662, 0.28547722076259524, 0.35463830822501746, 1.0, 0.9869173383521108, 0.9827745524343663, 0.3534149030257531, 0.09318411823320401, 0.2195867468478791, 0.08141117739444718, -0.3696703479358489, 0.45161451538814146, -0.017243864632534116, 0.37470566820351814, -0.3007502521646052, 0.552065871771414, 0.07624715927384977, -0.08850343975316406, 0.20607582053187262, -0.13224113495585704, -0.2701408557314036, 0.16220112548294152, 0.09917974148072577, 0.25835744987867365, -0.10511277158419766, 0.36827260475177487, 0.05395970678872454], [0.9924287904548356, 0.9921746866119495, 0.9924287904548356, 0.9879570449324506, 0.9879570449324506, 0.9766522302541893, 0.9766522302541893, 0.9467857385176894, 0.9467857385176894, 0.9298448953422588, 0.9877536588793928, 0.9869173383521108, 1.0, 0.9996755344930847, 0.9876337701017927, 0.9749131670062727, 0.9894068140980481, 0.9236663835968795, 0.8043710208276783, 0.2170851782838541, 0.9854284957819206, 0.8707695555278645, -0.5986412982462014, 0.45674298871165253, 0.8515064117396036, 0.9332416923273468, 0.9567170405545864, 0.9048958580000726, 0.71869861833589, 0.8885997809597741, 0.8487319541427634, 0.8066020216374844, 0.8740286120930915, 0.962845699981614, 0.8215338104267391], [0.9919769579749357, 0.9913913882388291, 0.9919769579749357, 0.9836615715756607, 0.9836615715756607, 0.9755131644690367, 0.9755131644690367, 0.9418227753794497, 0.9418227753794497, 0.9090478460435406, 0.9840962883322933, 0.9827745524343663, 0.9996755344930847, 1.0, 0.9841252443115862, 0.9726471993984017, 0.9875886650261668, 0.9116839679666112, 0.8225661028673825, 0.0982337591336707, 0.9796200142480026, 0.8800073838063541, -0.8152852355933987, 0.5058624110851422, 0.8100739615414841, 0.9393652536397182, 0.9544992021255091, 0.8906609952714732, 0.6306422371343166, 0.8995604794124136, 0.8341202442556218, 0.7577112829272157, 0.9078462652632926, 0.9653859314317883, 0.7921025814652969], [0.9951207415567498, 0.9950787551110997, 0.9951207415567498, 0.9993828679576147, 0.9993828679576147, 0.951067825400263, 0.951067825400263, 0.9374908629483444, 0.9374908629483444, 0.9445976668175725, 0.9999131047719945, 0.3534149030257531, 0.9876337701017927, 0.9841252443115862, 1.0, 0.9517062786330386, 0.9937768390840859, 0.9285581767937642, 0.8403945859516159, 0.17973768986980848, 0.995352057073452, 0.8443083649146669, -0.4040638692165714, 0.3773730996523953, 0.8708120641388776, 0.9141332184965645, 0.9383687725256604, 0.9113135104137823, 0.7996754905855424, 0.8866996239187374, 0.8706277357297212, 0.816308364384565, 0.8937512087149172, 0.9415429586123792, 0.7852368499924702], [0.9712628705265037, 0.9705031456847892, 0.9712628705265037, 0.9537214554155284, 0.9537214554155284, 0.9989630308216226, 0.9989630308216226, 0.9230417181000076, 0.9230417181000076, 0.9155779709602109, 0.9520552700995643, 0.09318411823320401, 0.9749131670062727, 0.9726471993984017, 0.9517062786330386, 1.0, 0.9735337167500977, 0.9191526266442367, 0.6713737696751039, 0.004466636572050796, 0.9432998196971404, 0.567202642486953, -0.33150043562240533, -0.15785548331343197, 0.9092253830864511, 0.9238066997267792, 0.9185989005828878, 0.9018716356365726, 0.7639261712892228, 0.8309708899474072, 0.7707739866155887, 0.7714465241442027, 0.867855674122949, 0.8404367230056541, 0.7889311081436311], [0.9988673697337617, 0.9988707888882574, 0.9988673697337617, 0.9946989691947249, 0.9946989691947249, 0.971805514179892, 0.971805514179892, 0.9391485718475846, 0.9391485718475846, 0.9477923766401889, 0.9938317123029357, 0.2195867468478791, 0.9894068140980481, 0.9875886650261668, 0.9937768390840859, 0.9735337167500977, 1.0, 0.9434794931522105, 0.8456354454353582, 0.1770405758321574, 0.9867400823517107, 0.8140341920384494, -0.3891990225662763, 0.38906157994904106, 0.9028735528933156, 0.9313846529360414, 0.9432690376907964, 0.9358211805347438, 0.8199663980247278, 0.8767990313143188, 0.8964932193976315, 0.8449426883584573, 0.9058799796649419, 0.9459063628783491, 0.8402896245853072], [0.9273292717980552, 0.9279213167410968, 0.9273292717980552, 0.9093327348354577, 0.9093327348354577, 0.9195282830824433, 0.9195282830824433, 0.9731634484490921, 0.9731634484490921, 0.9068168647249292, 0.9285342289809497, 0.08141117739444718, 0.9236663835968795, 0.9116839679666112, 0.9285581767937642, 0.9191526266442367, 0.9434794931522105, 1.0, 0.7259629835532558, 0.021993849347544323, 0.8723051910395173, 0.5035120118106686, -0.11983055078543806, -0.1996111233208662, 0.8218586164634948, 0.8402726477943706, 0.8283321689227904, 0.9116685738076927, 0.8281000863956325, 0.7986020990692703, 0.7398658131118105, 0.6988178005889915, 0.83535671801183, 0.7618088520087267, 0.8463447256355897], [0.7823175302552083, 0.8032266853392098, 0.7823175302552083, 0.7622282869498829, 0.7622282869498829, 0.6224278465782975, 0.6224278465782975, 0.5562928811752955, 0.5562928811752955, 0.791365618240092, 0.8392413196230182, -0.3696703479358489, 0.8043710208276783, 0.8225661028673825, 0.8403945859516159, 0.6713737696751039, 0.8456354454353582, 0.7259629835532558, 1.0, 0.06349611525585751, 0.7249370982837391, -0.4425094401649553, 0.3974612824178992, -0.6622586991786433, 0.3301739511087456, 0.8036087860427662, 0.47860667196616896, 0.8289518265667691, 0.6785036721642413, 0.028933633960418502, 0.27164744517941936, 0.5553040782490762, 0.774511077482387, 0.4538146181176872, -0.1726592498800104], [-0.0720342799841025, 0.1340219167613247, -0.0720342799841025, -0.07724474563225925, -0.07724474563225925, -0.014853480392307723, -0.014853480392307723, 0.10645003261044038, 0.10645003261044038, 0.22793086516774796, 0.18121024733144608, 0.45161451538814146, 0.2170851782838541, 0.0982337591336707, 0.17973768986980848, 0.004466636572050796, 0.1770405758321574, 0.021993849347544323, 0.06349611525585751, 1.0, -0.04188919851340302, 0.13822922781400496, 0.11214824170433925, 0.7526585865640139, -0.07519081836440415, 0.05036481831338368, 0.04133540684523272, 0.20461438702530627, 0.04343414171539883, 0.1292307179243537, 0.39708478084981047, 0.5997618125757279, -0.07540602467661792, 0.16519416138880544, 0.17453576276962435], [0.9766084979248227, 0.967439421046214, 0.9766084979248227, 0.9883735951537378, 0.9883735951537378, 0.9318698950656704, 0.9318698950656704, 0.8370958766857368, 0.8370958766857368, 0.9361861338937012, 0.9954561618200836, -0.017243864632534116, 0.9854284957819206, 0.9796200142480026, 0.995352057073452, 0.9432998196971404, 0.9867400823517107, 0.8723051910395173, 0.7249370982837391, -0.04188919851340302, 1.0, -0.01665107985928422, -0.0831841689165634, -0.31522628101195443, 0.688637264846682, 0.9225604978070309, 0.8907131681554389, 0.8580367321427258, 0.7454126932271696, 0.4878580671289383, 0.5619942680668593, 0.5419044283722461, 0.8994704008150018, 0.6445143331550439, 0.15901799350962753], [0.054456602440942525, -0.10471203461657809, 0.054456602440942525, 0.07376508486616556, 0.07376508486616556, 0.23943024518901457, 0.23943024518901457, 0.4933855064431252, 0.4933855064431252, 0.7889798604564385, 0.8448495663855033, 0.37470566820351814, 0.8707695555278645, 0.8800073838063541, 0.8443083649146669, 0.567202642486953, 0.8140341920384494, 0.5035120118106686, -0.4425094401649553, 0.13822922781400496, -0.01665107985928422, 1.0, -0.4207313109298712, 0.7806504531591065, 0.35950925132380757, -0.06740981725289895, 0.24607493091580387, -0.16707058982173875, 0.011355047647851415, 0.5569912735730725, 0.4433503707076421, 0.17000059832643732, -0.09165885957519973, 0.3431238448889373, 0.46365686063881395], [0.010890478063770546, 0.01818341756556383, 0.010890478063770546, -0.01889278084747687, -0.01889278084747687, -0.19740652896377767, -0.19740652896377767, -0.221089739970552, -0.221089739970552, -0.3251192873491943, -0.4062830439412525, -0.3007502521646052, -0.5986412982462014, -0.8152852355933987, -0.4040638692165714, -0.33150043562240533, -0.3891990225662763, -0.11983055078543806, 0.3974612824178992, 0.11214824170433925, -0.0831841689165634, -0.4207313109298712, 1.0, -0.05149491654357915, -0.12340880697948395, -0.024309930465254405, -0.2314695015323841, 0.03494725667070977, -0.003934938898200618, -0.5264168407287808, -0.14523694723252495, 0.01279098595434528, 0.044632662388177216, -0.1441993813965472, -0.40122481840499347], [-0.2507845947439257, -0.2511194938410424, -0.2507845947439257, -0.2546412941913909, -0.2546412941913909, -0.10380948859474481, -0.10380948859474481, 0.038986446328538614, 0.038986446328538614, 0.3960175094933948, 0.37936890503395404, 0.552065871771414, 0.45674298871165253, 0.5058624110851422, 0.3773730996523953, -0.15785548331343197, 0.38906157994904106, -0.1996111233208662, -0.6622586991786433, 0.7526585865640139, -0.31522628101195443, 0.7806504531591065, -0.05149491654357915, 1.0, -0.09730503446299006, -0.3027390410373219, -0.047185708829013365, -0.3495780479148874, -0.32622323925832497, 0.11352325445587079, 0.18416087278308405, 0.2759229721504604, -0.38249532107966305, 0.14485626909806662, 0.10586721079865982], [0.824766431820868, 0.647851768978368, 0.824766431820868, 0.8261924693056045, 0.8261924693056045, 0.8961939444803242, 0.8961939444803242, 0.7842242585072108, 0.7842242585072108, 0.8630739870198821, 0.8712989731360052, 0.07624715927384977, 0.8515064117396036, 0.8100739615414841, 0.8708120641388776, 0.9092253830864511, 0.9028735528933156, 0.8218586164634948, 0.3301739511087456, -0.07519081836440415, 0.688637264846682, 0.35950925132380757, -0.12340880697948395, -0.09730503446299006, 1.0, 0.6154641803263278, 0.8454572595959104, 0.47777379620861443, 0.6126567166983031, 0.5273406630418975, 0.643497528827643, 0.4065026333474024, 0.6955238982339214, 0.6941940934373482, 0.40995618495287933], [0.9509605598650843, 0.9510820958360533, 0.9509605598650843, 0.9414935160584529, 0.9414935160584529, 0.9106649382623678, 0.9106649382623678, 0.8013324406523404, 0.8013324406523404, 0.8576324610870414, 0.9156146020763638, -0.08850343975316406, 0.9332416923273468, 0.9393652536397182, 0.9141332184965645, 0.9238066997267792, 0.9313846529360414, 0.8402726477943706, 0.8036087860427662, 0.05036481831338368, 0.9225604978070309, -0.06740981725289895, -0.024309930465254405, -0.3027390410373219, 0.6154641803263278, 1.0, 0.826206760112201, 0.8581049470594645, 0.7049882769656032, 0.3301279194376514, 0.4817210979958622, 0.6029394279290635, 0.9015391132924014, 0.6308328666295773, 0.05663260608568204], [0.9023976198664967, 0.8738962997989652, 0.9023976198664967, 0.9074533312236652, 0.9074533312236652, 0.9232042787364828, 0.9232042787364828, 0.8587987571448314, 0.8587987571448314, 0.8953750079089597, 0.9394357004586937, 0.20607582053187262, 0.9567170405545864, 0.9544992021255091, 0.9383687725256604, 0.9185989005828878, 0.9432690376907964, 0.8283321689227904, 0.47860667196616896, 0.04133540684523272, 0.8907131681554389, 0.24607493091580387, -0.2314695015323841, -0.047185708829013365, 0.8454572595959104, 0.826206760112201, 1.0, 0.7289045563209686, 0.574965762962236, 0.5310788304413108, 0.5681914325207844, 0.5258323381349471, 0.7969859470001115, 0.8156819600278756, 0.20589331794172527], [0.9265010759007094, 0.9211354597439121, 0.9265010759007094, 0.9161858484453419, 0.9161858484453419, 0.8932879759198165, 0.8932879759198165, 0.8386278001541778, 0.8386278001541778, 0.8736916321747067, 0.9108274091523395, -0.13224113495585704, 0.9048958580000726, 0.8906609952714732, 0.9113135104137823, 0.9018716356365726, 0.9358211805347438, 0.9116685738076927, 0.8289518265667691, 0.20461438702530627, 0.8580367321427258, -0.16707058982173875, 0.03494725667070977, -0.3495780479148874, 0.47777379620861443, 0.8581049470594645, 0.7289045563209686, 1.0, 0.8997214806087324, 0.49270881657648763, 0.6651572620945275, 0.6678912357792672, 0.868658168728922, 0.4868522449330966, 0.2895235138326349], [0.7648039644736824, 0.7785581788977324, 0.7648039644736824, 0.7768614225453422, 0.7768614225453422, 0.7225615042958373, 0.7225615042958373, 0.7360926380330224, 0.7360926380330224, 0.7647617423281079, 0.7979862617421449, -0.2701408557314036, 0.71869861833589, 0.6306422371343166, 0.7996754905855424, 0.7639261712892228, 0.8199663980247278, 0.8281000863956325, 0.6785036721642413, 0.04343414171539883, 0.7454126932271696, 0.011355047647851415, -0.003934938898200618, -0.32622323925832497, 0.6126567166983031, 0.7049882769656032, 0.574965762962236, 0.8997214806087324, 1.0, 0.5381634924884983, 0.6474410561762117, 0.6015271155224297, 0.7101456201055072, 0.5505299421078694, 0.47143638412648986], [0.46638467585412746, 0.4579736274296299, 0.46638467585412746, 0.49205092333453176, 0.49205092333453176, 0.6990632501177722, 0.6990632501177722, 0.8677804561966201, 0.8677804561966201, 0.7934877269901706, 0.8870783671183707, 0.16220112548294152, 0.8885997809597741, 0.8995604794124136, 0.8866996239187374, 0.8309708899474072, 0.8767990313143188, 0.7986020990692703, 0.028933633960418502, 0.1292307179243537, 0.4878580671289383, 0.5569912735730725, -0.5264168407287808, 0.11352325445587079, 0.5273406630418975, 0.3301279194376514, 0.5310788304413108, 0.49270881657648763, 0.5381634924884983, 1.0, 0.7282226771241233, 0.36293722873993006, 0.4256428829507629, 0.5204566129406621, 0.7939019128020897], [0.6053074933384264, 0.6022647810683832, 0.6053074933384264, 0.5994112704057902, 0.5994112704057902, 0.7199453139005701, 0.7199453139005701, 0.7643866399073906, 0.7643866399073906, 0.8347964372648963, 0.86939902404934, 0.09917974148072577, 0.8487319541427634, 0.8341202442556218, 0.8706277357297212, 0.7707739866155887, 0.8964932193976315, 0.7398658131118105, 0.27164744517941936, 0.39708478084981047, 0.5619942680668593, 0.4433503707076421, -0.14523694723252495, 0.18416087278308405, 0.643497528827643, 0.4817210979958622, 0.5681914325207844, 0.6651572620945275, 0.6474410561762117, 0.7282226771241233, 1.0, 0.7764592395407696, 0.4577658391262504, 0.70995073505793, 0.5491402006583114], [0.6376534432152584, 0.6690525504659489, 0.6376534432152584, 0.6121331876994023, 0.6121331876994023, 0.713510631075005, 0.713510631075005, 0.7173098803098918, 0.7173098803098918, 0.8033599156876837, 0.8153771151226097, 0.25835744987867365, 0.8066020216374844, 0.7577112829272157, 0.816308364384565, 0.7714465241442027, 0.8449426883584573, 0.6988178005889915, 0.5553040782490762, 0.5997618125757279, 0.5419044283722461, 0.17000059832643732, 0.01279098595434528, 0.2759229721504604, 0.4065026333474024, 0.6029394279290635, 0.5258323381349471, 0.6678912357792672, 0.6015271155224297, 0.36293722873993006, 0.7764592395407696, 1.0, 0.48021409312300056, 0.6684301316135409, 0.19407130110028997], [0.9273502436215014, 0.9243633582447923, 0.9273502436215014, 0.9211091771136966, 0.9211091771136966, 0.8434559712912505, 0.8434559712912505, 0.7672554265308517, 0.7672554265308517, 0.850544552635283, 0.8940293874696159, -0.10511277158419766, 0.8740286120930915, 0.9078462652632926, 0.8937512087149172, 0.867855674122949, 0.9058799796649419, 0.83535671801183, 0.774511077482387, -0.07540602467661792, 0.8994704008150018, -0.09165885957519973, 0.044632662388177216, -0.38249532107966305, 0.6955238982339214, 0.9015391132924014, 0.7969859470001115, 0.868658168728922, 0.7101456201055072, 0.4256428829507629, 0.4577658391262504, 0.48021409312300056, 1.0, 0.7031565039836144, 0.1562098241229047], [0.8080866824339604, 0.6694364620538842, 0.8080866824339604, 0.7978925450988159, 0.7978925450988159, 0.8433955991275178, 0.8433955991275178, 0.8309838303080704, 0.8309838303080704, 0.8956550176746936, 0.9418397820050258, 0.36827260475177487, 0.962845699981614, 0.9653859314317883, 0.9415429586123792, 0.8404367230056541, 0.9459063628783491, 0.7618088520087267, 0.4538146181176872, 0.16519416138880544, 0.6445143331550439, 0.3431238448889373, -0.1441993813965472, 0.14485626909806662, 0.6941940934373482, 0.6308328666295773, 0.8156819600278756, 0.4868522449330966, 0.5505299421078694, 0.5204566129406621, 0.70995073505793, 0.6684301316135409, 0.7031565039836144, 1.0, 0.1652312775014501], [0.16768744824513207, 0.16406468526448278, 0.16768744824513207, 0.180300502217979, 0.180300502217979, 0.460800942552268, 0.460800942552268, 0.8005264181667056, 0.8005264181667056, 0.7815929815257348, 0.7852381062001772, 0.05395970678872454, 0.8215338104267391, 0.7921025814652969, 0.7852368499924702, 0.7889311081436311, 0.8402896245853072, 0.8463447256355897, -0.1726592498800104, 0.17453576276962435, 0.15901799350962753, 0.46365686063881395, -0.40122481840499347, 0.10586721079865982, 0.40995618495287933, 0.05663260608568204, 0.20589331794172527, 0.2895235138326349, 0.47143638412648986, 0.7939019128020897, 0.5491402006583114, 0.19407130110028997, 0.1562098241229047, 0.1652312775014501, 1.0]], "x": ["^TAIEX       \u81fa\u7063\u52a0\u6b0a\u5831\u916c\u6307\u6578", "^TWII        \u81fa\u7063\u52a0\u6b0a\u6307\u6578", "^TAIEXx2     \u81fa\u7063\u52a0\u6b0a\u5831\u916c\u6307\u6578_\u65e5\u6b632", "^TAI50I      \u81fa\u706350\u5831\u916c\u6307\u6578", "^TAI50Ix2    \u81fa\u706350\u5831\u916c\u6307\u6578_\u65e5\u6b632", "^TAI100I     \u81fa\u7063\u4e2d\u578b100\u5831\u916c\u6307\u6578", "^TAI100Ix2   \u81fa\u7063\u4e2d\u578b100\u5831\u916c\u6307\u6578_\u65e5\u6b632", "^TAIDIVIDI   \u81fa\u7063\u9ad8\u80a1\u606f\u5831\u916c\u6307\u6578", "^TAIDIVIDIx2 \u81fa\u7063\u9ad8\u80a1\u606f\u5831\u916c\u6307\u6578_\u65e5\u6b632", "0050Fund     \u5143\u5927\u53f0\u7063\u5353\u8d8a50\u57fa\u91d1", "006208Fund   \u5bcc\u90a6\u53f0\u7063\u91c6\u540950\u57fa\u91d1", "0050         \u5143\u5927\u81fa\u706350", "00631L       \u5143\u5927\u53f0\u706350\u6b632", "00675L       \u5bcc\u90a6\u81fa\u7063\u52a0\u6b0a\u6b632", "006208       \u5bcc\u90a6\u53f050", "0051         \u5143\u5927\u4e2d\u578b100", "006204       \u6c38\u8c50\u81fa\u7063\u52a0\u6b0a", "0056         \u5143\u5927\u9ad8\u80a1\u606f", "2412         \u4e2d\u83ef\u96fb\u4fe1", "2002         \u4e2d\u92fc", "2330         \u53f0\u7a4d\u96fb", "2317         \u9d3b\u6d77", "6505         \u53f0\u5851\u77f3\u5316", "3481         \u7fa4\u5275", "2303         \u806f\u96fb", "2308         \u53f0\u9054\u96fb", "2454         \u806f\u767c\u79d1", "2886         \u5146\u8c50\u91d1", "2884         \u7389\u5c71\u91d1", "2891         \u4e2d\u4fe1\u91d1", "2892         \u7b2c\u4e00\u91d1", "5880         \u5408\u5eab\u91d1", "2881         \u5bcc\u90a6\u91d1", "2885         \u5143\u5927\u91d1", "2887         \u53f0\u65b0\u91d1"], "y": ["^TAIEX       \u81fa\u7063\u52a0\u6b0a\u5831\u916c\u6307\u6578", "^TWII        \u81fa\u7063\u52a0\u6b0a\u6307\u6578", "^TAIEXx2     \u81fa\u7063\u52a0\u6b0a\u5831\u916c\u6307\u6578_\u65e5\u6b632", "^TAI50I      \u81fa\u706350\u5831\u916c\u6307\u6578", "^TAI50Ix2    \u81fa\u706350\u5831\u916c\u6307\u6578_\u65e5\u6b632", "^TAI100I     \u81fa\u7063\u4e2d\u578b100\u5831\u916c\u6307\u6578", "^TAI100Ix2   \u81fa\u7063\u4e2d\u578b100\u5831\u916c\u6307\u6578_\u65e5\u6b632", "^TAIDIVIDI   \u81fa\u7063\u9ad8\u80a1\u606f\u5831\u916c\u6307\u6578", "^TAIDIVIDIx2 \u81fa\u7063\u9ad8\u80a1\u606f\u5831\u916c\u6307\u6578_\u65e5\u6b632", "0050Fund     \u5143\u5927\u53f0\u7063\u5353\u8d8a50\u57fa\u91d1", "006208Fund   \u5bcc\u90a6\u53f0\u7063\u91c6\u540950\u57fa\u91d1", "0050         \u5143\u5927\u81fa\u706350", "00631L       \u5143\u5927\u53f0\u706350\u6b632", "00675L       \u5bcc\u90a6\u81fa\u7063\u52a0\u6b0a\u6b632", "006208       \u5bcc\u90a6\u53f050", "0051         \u5143\u5927\u4e2d\u578b100", "006204       \u6c38\u8c50\u81fa\u7063\u52a0\u6b0a", "0056         \u5143\u5927\u9ad8\u80a1\u606f", "2412         \u4e2d\u83ef\u96fb\u4fe1", "2002         \u4e2d\u92fc", "2330         \u53f0\u7a4d\u96fb", "2317         \u9d3b\u6d77", "6505         \u53f0\u5851\u77f3\u5316", "3481         \u7fa4\u5275", "2303         \u806f\u96fb", "2308         \u53f0\u9054\u96fb", "2454         \u806f\u767c\u79d1", "2886         \u5146\u8c50\u91d1", "2884         \u7389\u5c71\u91d1", "2891         \u4e2d\u4fe1\u91d1", "2892         \u7b2c\u4e00\u91d1", "5880         \u5408\u5eab\u91d1", "2881         \u5bcc\u90a6\u91d1", "2885         \u5143\u5927\u91d1", "2887         \u53f0\u65b0\u91d1"], "zmin": -1, "zmax": 1, "colorbar": {"x": -0.2}}], "layout": {"autotypenumbers": "strict", "colorway": ["#636efa", "#EF553B", "#00cc96", "#ab63fa", "#FFA15A", "#19d3f3", "#FF6692", "#B6E880", "#FF97FF", "#FECB52"], "font": {"color": "#f2f5fa", "family": "Courier New"}, "hovermode": "closest", "hoverlabel": {"align": "left"}, "paper_bgcolor": "rgb(17,17,17)", "plot_bgcolor": "rgb(17,17,17)", "polar": {"bgcolor": "rgb(17,17,17)", "angularaxis": {"gridcolor": "#506784", "linecolor": "#506784", "ticks": ""}, "radialaxis": {"gridcolor": "#506784", "linecolor": "#506784", "ticks": ""}}, "ternary": {"bgcolor": "rgb(17,17,17)", "aaxis": {"gridcolor": "#506784", "linecolor": "#506784", "ticks": ""}, "baxis": {"gridcolor": "#506784", "linecolor": "#506784", "ticks": ""}, "caxis": {"gridcolor": "#506784", "linecolor": "#506784", "ticks": ""}}, "coloraxis": {"colorbar": {"outlinewidth": 0, "ticks": ""}}, "colorscale": {"sequential": [[0.0, "#0d0887"], [0.1111111111111111, "#46039f"], [0.2222222222222222, "#7201a8"], [0.3333333333333333, "#9c179e"], [0.4444444444444444, "#bd3786"], [0.5555555555555556, "#d8576b"], [0.6666666666666666, "#ed7953"], [0.7777777777777778, "#fb9f3a"], [0.8888888888888888, "#fdca26"], [1.0, "#f0f921"]], "sequentialminus": [[0.0, "#0d0887"], [0.1111111111111111, "#46039f"], [0.2222222222222222, "#7201a8"], [0.3333333333333333, "#9c179e"], [0.4444444444444444, "#bd3786"], [0.5555555555555556, "#d8576b"], [0.6666666666666666, "#ed7953"], [0.7777777777777778, "#fb9f3a"], [0.8888888888888888, "#fdca26"], [1.0, "#f0f921"]], "diverging": [[0, "#8e0152"], [0.1, "#c51b7d"], [0.2, "#de77ae"], [0.3, "#f1b6da"], [0.4, "#fde0ef"], [0.5, "#f7f7f7"], [0.6, "#e6f5d0"], [0.7, "#b8e186"], [0.8, "#7fbc41"], [0.9, "#4d9221"], [1, "#276419"]]}, "xaxis": {"gridcolor": "rgba(0, 0, 0, 0)", "linecolor": "#506784", "ticks": "", "title": {"standoff": 15}, "zerolinecolor": "#283442", "automargin": true, "zerolinewidth": 2, "tickfont": {"family": "Courier New", "size": 14}, "side": "top", "tickangle": -90}, "yaxis": {"gridcolor": "rgba(0, 0, 0, 0)", "linecolor": "#506784", "ticks": "", "title": {"standoff": 15}, "zerolinecolor": "#283442", "automargin": true, "zerolinewidth": 2, "tickfont": {"family": "Courier New"}, "side": "right"}, "scene": {"xaxis": {"backgroundcolor": "rgb(17,17,17)", "gridcolor": "#506784", "linecolor": "#506784", "showbackground": true, "ticks": "", "zerolinecolor": "#C8D4E3", "gridwidth": 2}, "yaxis": {"backgroundcolor": "rgb(17,17,17)", "gridcolor": "#506784", "linecolor": "#506784", "showbackground": true, "ticks": "", "zerolinecolor": "#C8D4E3", "gridwidth": 2}, "zaxis": {"backgroundcolor": "rgb(17,17,17)", "gridcolor": "#506784", "linecolor": "#506784", "showbackground": true, "ticks": "", "zerolinecolor": "#C8D4E3", "gridwidth": 2}}, "shapedefaults": {"line": {"color": "#f2f5fa"}}, "annotationdefaults": {"arrowcolor": "#f2f5fa", "arrowhead": 0, "arrowwidth": 1}, "geo": {"bgcolor": "rgb(17,17,17)", "landcolor": "rgb(17,17,17)", "subunitcolor": "#506784", "showland": true, "showlakes": true, "lakecolor": "rgb(17,17,17)"}, "title": {"x": 0.05, "font": {"family": "Times New Roman"}, "y": 0.05, "text": "<b>Correlation of Close<b><br><i>2016-09-23 ~ 2025-07-15<i>"}, "updatemenudefaults": {"bgcolor": "#506784", "borderwidth": 0}, "sliderdefaults": {"bgcolor": "#C8D4E3", "borderwidth": 1, "bordercolor": "rgb(17,17,17)", "tickwidth": 0}, "mapbox": {"style": "dark"}}, "config": {"responsive": true, "toImageButtonOptions": {"filename": "Correlation of Close_2016-09-23~2025-07-15", "scale": 5}}};

Plotly.newPlot("correlationClose",
    correlationClose.data,
    correlationClose.layout || {},
    correlationClose.config);