var element = document.getElementById("correlationClose");

if (element.style.display != 'none') {
    var correlationClose = {"data": [{"type": "heatmap", "z": [[1.0, 0.9999999999999982, 1.0, 0.9955363361903193, 0.9955363361903193, 0.9619387302872884, 0.9619387302872884, 0.8981485117570835, 0.8981485117570835, 0.8980440447789778, 0.994979839166313, 0.9182052797752657, 0.9927699068748813, 0.9924000940917609, 0.9949564455918826, 0.9720762731060397, 0.9989020655864049, 0.9258052587787026, 0.7840774060140021, -0.0885302897660551, 0.9769367383399021, 0.07322948719154931, -0.020527403082121153, -0.25252188406649795, 0.8227834341506242, 0.9478698490272378, 0.9065210262080889, 0.9283614379310855, 0.7718011466177752, 0.49088996979713956, 0.6156248831542884, 0.6397006394402062, 0.9293285691575355, 0.8141235810064805, 0.16957929436222577], [0.9999999999999982, 1.0, 0.9999999999999984, 0.9954881119258375, 0.9954881119258375, 0.9613084919211792, 0.9613084919211792, 0.8993694102476226, 0.8993694102476226, 0.8985941345847075, 0.9949579728330856, 0.9190138674803073, 0.9925046741041192, 0.9918233762351834, 0.994931335731756, 0.9713343800185599, 0.9989035528180967, 0.9263426685778055, 0.8043039408144846, 0.11996023722003461, 0.968008409974566, -0.09526143087858936, -0.011908665457004218, -0.25277160505189483, 0.6479165639800123, 0.9481506249071553, 0.8788176038296047, 0.9228110591234626, 0.7843742158192947, 0.4814752470511202, 0.6122128060781566, 0.6670941691470333, 0.9263878418750352, 0.6620532525893259, 0.16585599182952845], [1.0, 0.9999999999999984, 1.0, 0.9955363361903193, 0.9955363361903193, 0.9619387302872884, 0.9619387302872884, 0.8981485117570835, 0.8981485117570835, 0.8980440447789778, 0.994979839166313, 0.9182052797752657, 0.9927699068748813, 0.9924000940917609, 0.9949564455918826, 0.9720762731060397, 0.9989020655864049, 0.9258052587787026, 0.7840774060140021, -0.0885302897660551, 0.9769367383399021, 0.07322948719154931, -0.020527403082121153, -0.25252188406649795, 0.8227834341506242, 0.9478698490272378, 0.9065210262080889, 0.9283614379310855, 0.7718011466177752, 0.49088996979713956, 0.6156248831542884, 0.6397006394402062, 0.9293285691575355, 0.8141235810064805, 0.16957929436222577], [0.9955363361903193, 0.9954881119258375, 0.9955363361903193, 1.0, 1.0, 0.9489016440418941, 0.9489016440418941, 0.8840017683672742, 0.8840017683672742, 0.887230597025789, 0.9994739279881423, 0.9101742728214248, 0.9884953672751178, 0.9843432374675403, 0.9994163348644236, 0.9546005007740432, 0.9948077580404707, 0.9064464331549115, 0.7632167741548721, -0.09454211090920683, 0.9888665465001872, 0.093753155754159, -0.052502813329033206, -0.255798742843492, 0.8219559996185523, 0.9416865034364146, 0.9116253337946685, 0.9176487191994548, 0.7830685962290584, 0.5179733743022086, 0.6101782056991325, 0.6136781612599762, 0.9225758292325139, 0.8040062659306509, 0.1817368251014866], [0.9955363361903193, 0.9954881119258375, 0.9955363361903193, 1.0, 1.0, 0.9489016440418941, 0.9489016440418941, 0.8840017683672742, 0.8840017683672742, 0.887230597025789, 0.9994739279881423, 0.9101742728214248, 0.9884953672751178, 0.9843432374675403, 0.9994163348644236, 0.9546005007740432, 0.9948077580404707, 0.9064464331549115, 0.7632167741548721, -0.09454211090920683, 0.9888665465001872, 0.093753155754159, -0.052502813329033206, -0.255798742843492, 0.8219559996185523, 0.9416865034364146, 0.9116253337946685, 0.9176487191994548, 0.7830685962290584, 0.5179733743022086, 0.6101782056991325, 0.6136781612599762, 0.9225758292325139, 0.8040062659306509, 0.1817368251014866], [0.9619387302872884, 0.9613084919211792, 0.9619387302872884, 0.9489016440418941, 0.9489016440418941, 1.0, 1.0, 0.9246775231584736, 0.9246775231584736, 0.8733421944132, 0.9518136228826549, 0.8877268310504575, 0.9762419767708453, 0.9748815575193852, 0.951497555873133, 0.9989974406895358, 0.972322850557489, 0.9196015647565846, 0.6292947720909856, -0.03259303002395769, 0.9334285814818868, 0.2529473663369913, -0.22237067103975247, -0.10856885846438445, 0.8936248651709864, 0.9069173365388125, 0.9259132423601819, 0.8964710677904095, 0.7306057375595328, 0.7116840385651758, 0.7267564451139946, 0.7152193122344846, 0.8483116688983282, 0.8482917436928525, 0.46007386865748595], [0.9619387302872884, 0.9613084919211792, 0.9619387302872884, 0.9489016440418941, 0.9489016440418941, 1.0, 1.0, 0.9246775231584736, 0.9246775231584736, 0.8733421944132, 0.9518136228826549, 0.8877268310504575, 0.9762419767708453, 0.9748815575193852, 0.951497555873133, 0.9989974406895358, 0.972322850557489, 0.9196015647565846, 0.6292947720909856, -0.03259303002395769, 0.9334285814818868, 0.2529473663369913, -0.22237067103975247, -0.10856885846438445, 0.8936248651709864, 0.9069173365388125, 0.9259132423601819, 0.8964710677904095, 0.7306057375595328, 0.7116840385651758, 0.7267564451139946, 0.7152193122344846, 0.8483116688983282, 0.8482917436928525, 0.46007386865748595], [0.8981485117570835, 0.8993694102476226, 0.8981485117570835, 0.8840017683672742, 0.8840017683672742, 0.9246775231584736, 0.9246775231584736, 1.0, 1.0, 0.8540616827731058, 0.9386964300223779, 0.8523752403984091, 0.9474830820846645, 0.9426198947342211, 0.938379611404153, 0.9255157703507608, 0.9409523610332817, 0.972509437681076, 0.5650914577938757, 0.08794523500466171, 0.8415376261968335, 0.5039645163381469, -0.2472402243546147, 0.03241784459571671, 0.784788626896505, 0.8007602337103558, 0.8631808380563311, 0.8432439320782991, 0.7433611550721627, 0.8694737372159534, 0.7701095219198988, 0.7198859871948764, 0.774077779203608, 0.8359268450723552, 0.7988399057377872], [0.8981485117570835, 0.8993694102476226, 0.8981485117570835, 0.8840017683672742, 0.8840017683672742, 0.9246775231584736, 0.9246775231584736, 1.0, 1.0, 0.8540616827731058, 0.9386964300223779, 0.8523752403984091, 0.9474830820846645, 0.9426198947342211, 0.938379611404153, 0.9255157703507608, 0.9409523610332817, 0.972509437681076, 0.5650914577938757, 0.08794523500466171, 0.8415376261968335, 0.5039645163381469, -0.2472402243546147, 0.03241784459571671, 0.784788626896505, 0.8007602337103558, 0.8631808380563311, 0.8432439320782991, 0.7433611550721627, 0.8694737372159534, 0.7701095219198988, 0.7198859871948764, 0.774077779203608, 0.8359268450723552, 0.7988399057377872], [0.8980440447789778, 0.8985941345847075, 0.8980440447789778, 0.887230597025789, 0.887230597025789, 0.8733421944132, 0.8733421944132, 0.8540616827731058, 0.8540616827731058, 1.0, 0.8820219135856366, 0.99997577400141, 0.8603016110451803, 0.8211658876450129, 0.8833612419728439, 0.875430372581248, 0.8945511286330463, 0.8808645627594902, 0.7532957465510383, 0.23751914006138314, 0.874261162881871, 0.7333046626423372, -0.2945016445154884, 0.3964723803055866, 0.8479851504170176, 0.755150591877835, 0.8502667613150033, 0.8338709187664417, 0.7264154875723036, 0.7244212367116463, 0.7984190755148889, 0.7825207590796657, 0.8131133789683468, 0.8569028719473915, 0.766082930809328], [0.994979839166313, 0.9949579728330856, 0.994979839166313, 0.9994739279881423, 0.9994739279881423, 0.9518136228826549, 0.9518136228826549, 0.9386964300223779, 0.9386964300223779, 0.8820219135856366, 1.0, 0.8818031014982242, 0.9882024084663771, 0.9845646225400899, 0.9999150913996291, 0.9521592030474035, 0.9938806004231185, 0.9236390679865952, 0.8453837293163957, 0.14398918586069376, 0.9956949758033958, 0.8538821761124349, -0.4371329480016896, 0.3609252909485839, 0.8607830387181019, 0.9144363011876041, 0.9416521633546955, 0.9133832473019157, 0.8065375581657105, 0.8942032185452434, 0.872973666713187, 0.8127304799119871, 0.8969802787718905, 0.9425187752245993, 0.7783187841533884], [0.9182052797752657, 0.9190138674803073, 0.9182052797752657, 0.9101742728214248, 0.9101742728214248, 0.8877268310504575, 0.8877268310504575, 0.8523752403984091, 0.8523752403984091, 0.99997577400141, 0.8818031014982242, 1.0, 0.8603476189597417, 0.8210911554543803, 0.883433835525126, 0.8897164416930626, 0.9004381989924788, 0.8770620542681185, 0.7039886961233899, 0.0052039404669608725, 0.8968996994220739, 0.5764447101667923, -0.2144432081004981, -0.23635015992872824, 0.8576389579861592, 0.8074786376952857, 0.8330402673720386, 0.8554925343886352, 0.7718523614687732, 0.7285038425257215, 0.7733529552943051, 0.7119573686225449, 0.8501494064881235, 0.7512219798010978, 0.7276045560218651], [0.9927699068748813, 0.9925046741041192, 0.9927699068748813, 0.9884953672751178, 0.9884953672751178, 0.9762419767708453, 0.9762419767708453, 0.9474830820846645, 0.9474830820846645, 0.8603016110451803, 0.9882024084663771, 0.8603476189597417, 1.0, 0.9996937105481691, 0.9881348310522705, 0.9744826684296861, 0.9899600916619653, 0.9195635370415121, 0.8137740825109243, 0.1826786319364179, 0.9857904186732472, 0.8775404342070763, -0.6187333257764203, 0.43848087920108425, 0.8417305806435097, 0.9264546923126138, 0.9580922377311213, 0.9080142390078757, 0.7312879674776795, 0.8942191458329264, 0.8533072792745034, 0.8041736252899083, 0.8784117865387882, 0.9628653357522787, 0.8137837298573215], [0.9924000940917609, 0.9918233762351834, 0.9924000940917609, 0.9843432374675403, 0.9843432374675403, 0.9748815575193852, 0.9748815575193852, 0.9426198947342211, 0.9426198947342211, 0.8211658876450129, 0.9845646225400899, 0.8210911554543803, 0.9996937105481691, 1.0, 0.9846610440368266, 0.9720576771725147, 0.9882862164743825, 0.9067777895721458, 0.8323674521205046, 0.061540655641028424, 0.980133830124846, 0.8863656094178435, -0.8253735573039104, 0.4847483078746153, 0.7982206712528473, 0.931691384340914, 0.9557924846617039, 0.8946247921220893, 0.6487891545454347, 0.9045272870532166, 0.8404364319124186, 0.755084254435662, 0.910674906951405, 0.9651367807301505, 0.7822685251651669], [0.9949564455918826, 0.994931335731756, 0.9949564455918826, 0.9994163348644236, 0.9994163348644236, 0.951497555873133, 0.951497555873133, 0.938379611404153, 0.938379611404153, 0.8833612419728439, 0.9999150913996291, 0.883433835525126, 0.9881348310522705, 0.9846610440368266, 1.0, 0.9519580301677669, 0.9938775379109164, 0.9240016586983009, 0.8463269072612513, 0.14445335408077906, 0.9955630323914744, 0.8530708381729758, -0.433545308675431, 0.3601029286048186, 0.8609195670344276, 0.9126419650735496, 0.9405828128750626, 0.9138044075310976, 0.8077296766969023, 0.8934530867361522, 0.8740360892591349, 0.8138609616745056, 0.8966828836501165, 0.9422910606858927, 0.7784472066577577], [0.9720762731060397, 0.9713343800185599, 0.9720762731060397, 0.9546005007740432, 0.9546005007740432, 0.9989974406895358, 0.9989974406895358, 0.9255157703507608, 0.9255157703507608, 0.875430372581248, 0.9521592030474035, 0.8897164416930626, 0.9744826684296861, 0.9720576771725147, 0.9519580301677669, 1.0, 0.9738791779336136, 0.9192709333384103, 0.677875917844418, -0.013321468216895987, 0.9439653758669788, 0.582470389360659, -0.3550096147275012, -0.16177391804424288, 0.9064024968952495, 0.916918483160605, 0.9212686726516601, 0.9046001996902112, 0.7704266666863387, 0.8358698446413659, 0.7763155099635982, 0.7726929496869128, 0.8718826435498513, 0.8452283274097466, 0.7869829708629974], [0.9989020655864049, 0.9989035528180967, 0.9989020655864049, 0.9948077580404707, 0.9948077580404707, 0.972322850557489, 0.972322850557489, 0.9409523610332817, 0.9409523610332817, 0.8945511286330463, 0.9938806004231185, 0.9004381989924788, 0.9899600916619653, 0.9882862164743825, 0.9938775379109164, 0.9738791779336136, 1.0, 0.9408302196934206, 0.8513591159491652, 0.14521244752237303, 0.9869246360400186, 0.8231519192079975, -0.41670484724948464, 0.37415104472090305, 0.8955161643117205, 0.92632133623064, 0.9455932090297998, 0.9377437196634476, 0.8264850639476282, 0.882169893831935, 0.8994951832191488, 0.8437310428318106, 0.9087527914981348, 0.9473954918104691, 0.8348609877947583], [0.9258052587787026, 0.9263426685778055, 0.9258052587787026, 0.9064464331549115, 0.9064464331549115, 0.9196015647565846, 0.9196015647565846, 0.972509437681076, 0.972509437681076, 0.8808645627594902, 0.9236390679865952, 0.8770620542681185, 0.9195635370415121, 0.9067777895721458, 0.9240016586983009, 0.9192709333384103, 0.9408302196934206, 1.0, 0.7301263451021712, 0.009787940645503946, 0.8696022988146723, 0.5136432399061883, -0.14041096337833836, -0.20246885344472884, 0.8231787466152103, 0.8269482006475378, 0.8296563287613365, 0.9125444486446623, 0.8308218960969245, 0.7963575960057976, 0.744232723399925, 0.7021881142040255, 0.8377279041503475, 0.7658500343656688, 0.8466656192917652], [0.7840774060140021, 0.8043039408144846, 0.7840774060140021, 0.7632167741548721, 0.7632167741548721, 0.6292947720909856, 0.6292947720909856, 0.5650914577938757, 0.5650914577938757, 0.7532957465510383, 0.8453837293163957, 0.7039886961233899, 0.8137740825109243, 0.8323674521205046, 0.8463269072612513, 0.677875917844418, 0.8513591159491652, 0.7301263451021712, 1.0, 0.05642803901596512, 0.7257426995103211, -0.4285259060835303, 0.37417937155045766, -0.661147467425732, 0.3360575736952738, 0.794891716148234, 0.4877464669181674, 0.8307657111835307, 0.6831459681040861, 0.052117928371513314, 0.2827439107641609, 0.5590721667504526, 0.7772783487139237, 0.45457446859836165, -0.16887489148375198], [-0.0885302897660551, 0.11996023722003461, -0.0885302897660551, -0.09454211090920683, -0.09454211090920683, -0.03259303002395769, -0.03259303002395769, 0.08794523500466171, 0.08794523500466171, 0.23751914006138314, 0.14398918586069376, 0.0052039404669608725, 0.1826786319364179, 0.061540655641028424, 0.14445335408077906, -0.013321468216895987, 0.14521244752237303, 0.009787940645503946, 0.05642803901596512, 1.0, -0.05411116374253446, 0.13323054037313145, 0.1241718604928232, 0.7521421189527563, -0.07896977241019576, 0.031418074637331, 0.026878183035951384, 0.19286442538080834, 0.03149775899217436, 0.10842349420949389, 0.3794189685671168, 0.5859308411206257, -0.08622363801728888, 0.13938343952554125, 0.17207754394746494], [0.9769367383399021, 0.968008409974566, 0.9769367383399021, 0.9888665465001872, 0.9888665465001872, 0.9334285814818868, 0.9334285814818868, 0.8415376261968335, 0.8415376261968335, 0.874261162881871, 0.9956949758033958, 0.8968996994220739, 0.9857904186732472, 0.980133830124846, 0.9955630323914744, 0.9439653758669788, 0.9869246360400186, 0.8696022988146723, 0.7257426995103211, -0.05411116374253446, 1.0, 0.0022043315180562545, -0.1145884275965277, -0.31417761897215535, 0.6842920403331585, 0.9256417044996688, 0.8953954384264352, 0.8603558385679771, 0.7517551455863466, 0.5145134081426928, 0.5737267669977699, 0.5414126797531786, 0.901052182827542, 0.63971739994899, 0.16034186027221853], [0.07322948719154931, -0.09526143087858936, 0.07322948719154931, 0.093753155754159, 0.093753155754159, 0.2529473663369913, 0.2529473663369913, 0.5039645163381469, 0.5039645163381469, 0.7333046626423372, 0.8538821761124349, 0.5764447101667923, 0.8775404342070763, 0.8863656094178435, 0.8530708381729758, 0.582470389360659, 0.8231519192079975, 0.5136432399061883, -0.4285259060835303, 0.13323054037313145, 0.0022043315180562545, 1.0, -0.4284041463024802, 0.7701495126309645, 0.36288675953593763, -0.04075375992586721, 0.25872319014603967, -0.15249053805157883, 0.025657165389467516, 0.5619180653215966, 0.45023575187717885, 0.1822595392676319, -0.07411499778995019, 0.3584207886182626, 0.4634927442623135], [-0.020527403082121153, -0.011908665457004218, -0.020527403082121153, -0.052502813329033206, -0.052502813329033206, -0.22237067103975247, -0.22237067103975247, -0.2472402243546147, -0.2472402243546147, -0.2945016445154884, -0.4371329480016896, -0.2144432081004981, -0.6187333257764203, -0.8253735573039104, -0.433545308675431, -0.3550096147275012, -0.41670484724948464, -0.14041096337833836, 0.37417937155045766, 0.1241718604928232, -0.1145884275965277, -0.4284041463024802, 1.0, -0.043900157718909566, -0.13450177381880543, -0.06732896136507094, -0.25394977110999745, 0.009823650833044976, -0.026690103760777743, -0.5401644008018126, -0.16269750851146136, -0.00030630119666565824, 0.019278728346161917, -0.16501533450122832, -0.4006772213144865], [-0.25252188406649795, -0.25277160505189483, -0.25252188406649795, -0.255798742843492, -0.255798742843492, -0.10856885846438445, -0.10856885846438445, 0.03241784459571671, 0.03241784459571671, 0.3964723803055866, 0.3609252909485839, -0.23635015992872824, 0.43848087920108425, 0.4847483078746153, 0.3601029286048186, -0.16177391804424288, 0.37415104472090305, -0.20246885344472884, -0.661147467425732, 0.7521421189527563, -0.31417761897215535, 0.7701495126309645, -0.043900157718909566, 1.0, -0.09992109807200154, -0.29703127085043757, -0.053309741152796776, -0.35032163028280966, -0.3274065700803572, 0.10031438783964368, 0.1770389419229934, 0.2712701482285061, -0.38263809465218607, 0.13685930516030773, 0.10319629869361578], [0.8227834341506242, 0.6479165639800123, 0.8227834341506242, 0.8219559996185523, 0.8219559996185523, 0.8936248651709864, 0.8936248651709864, 0.784788626896505, 0.784788626896505, 0.8479851504170176, 0.8607830387181019, 0.8576389579861592, 0.8417305806435097, 0.7982206712528473, 0.8609195670344276, 0.9064024968952495, 0.8955161643117205, 0.8231787466152103, 0.3360575736952738, -0.07896977241019576, 0.6842920403331585, 0.36288675953593763, -0.13450177381880543, -0.09992109807200154, 1.0, 0.6071684639665398, 0.8421640171044739, 0.48192179081955544, 0.6163599372774784, 0.5317433459588513, 0.6470247426221217, 0.417300782733093, 0.697527902165304, 0.6988229873402577, 0.4104600545251483], [0.9478698490272378, 0.9481506249071553, 0.9478698490272378, 0.9416865034364146, 0.9416865034364146, 0.9069173365388125, 0.9069173365388125, 0.8007602337103558, 0.8007602337103558, 0.755150591877835, 0.9144363011876041, 0.8074786376952857, 0.9264546923126138, 0.931691384340914, 0.9126419650735496, 0.916918483160605, 0.92632133623064, 0.8269482006475378, 0.794891716148234, 0.031418074637331, 0.9256417044996688, -0.04075375992586721, -0.06732896136507094, -0.29703127085043757, 0.6071684639665398, 1.0, 0.8319701338707544, 0.855215606947719, 0.7099747050875205, 0.37261347443884, 0.49627308329656494, 0.5954171479342812, 0.8978416651090366, 0.6242036335019057, 0.0611727737957291], [0.9065210262080889, 0.8788176038296047, 0.9065210262080889, 0.9116253337946685, 0.9116253337946685, 0.9259132423601819, 0.9259132423601819, 0.8631808380563311, 0.8631808380563311, 0.8502667613150033, 0.9416521633546955, 0.8330402673720386, 0.9580922377311213, 0.9557924846617039, 0.9405828128750626, 0.9212686726516601, 0.9455932090297998, 0.8296563287613365, 0.4877464669181674, 0.026878183035951384, 0.8953954384264352, 0.25872319014603967, -0.25394977110999745, -0.053309741152796776, 0.8421640171044739, 0.8319701338707544, 1.0, 0.7369649790390964, 0.587295393922212, 0.5521305396680445, 0.5793148579711038, 0.529860043977938, 0.803203209919346, 0.8190418055915297, 0.20662626601726664], [0.9283614379310855, 0.9228110591234626, 0.9283614379310855, 0.9176487191994548, 0.9176487191994548, 0.8964710677904095, 0.8964710677904095, 0.8432439320782991, 0.8432439320782991, 0.8338709187664417, 0.9133832473019157, 0.8554925343886352, 0.9080142390078757, 0.8946247921220893, 0.9138044075310976, 0.9046001996902112, 0.9377437196634476, 0.9125444486446623, 0.8307657111835307, 0.19286442538080834, 0.8603558385679771, -0.15249053805157883, 0.009823650833044976, -0.35032163028280966, 0.48192179081955544, 0.855215606947719, 0.7369649790390964, 1.0, 0.9020609184242487, 0.5100275606101476, 0.6726782909265252, 0.6641827860732248, 0.872108112981219, 0.4791937918856232, 0.28964416231171647], [0.7718011466177752, 0.7843742158192947, 0.7718011466177752, 0.7830685962290584, 0.7830685962290584, 0.7306057375595328, 0.7306057375595328, 0.7433611550721627, 0.7433611550721627, 0.7264154875723036, 0.8065375581657105, 0.7718523614687732, 0.7312879674776795, 0.6487891545454347, 0.8077296766969023, 0.7704266666863387, 0.8264850639476282, 0.8308218960969245, 0.6831459681040861, 0.03149775899217436, 0.7517551455863466, 0.025657165389467516, -0.026690103760777743, -0.3274065700803572, 0.6163599372774784, 0.7099747050875205, 0.587295393922212, 0.9020609184242487, 1.0, 0.5524828951184496, 0.654976150232913, 0.6050947517059149, 0.7173785973972273, 0.5613274471022703, 0.46960813955449676], [0.49088996979713956, 0.4814752470511202, 0.49088996979713956, 0.5179733743022086, 0.5179733743022086, 0.7116840385651758, 0.7116840385651758, 0.8694737372159534, 0.8694737372159534, 0.7244212367116463, 0.8942032185452434, 0.7285038425257215, 0.8942191458329264, 0.9045272870532166, 0.8934530867361522, 0.8358698446413659, 0.882169893831935, 0.7963575960057976, 0.052117928371513314, 0.10842349420949389, 0.5145134081426928, 0.5619180653215966, -0.5401644008018126, 0.10031438783964368, 0.5317433459588513, 0.37261347443884, 0.5521305396680445, 0.5100275606101476, 0.5524828951184496, 1.0, 0.7341233593522644, 0.3712663692871121, 0.44598270182317373, 0.5365855794014897, 0.7796376091045255], [0.6156248831542884, 0.6122128060781566, 0.6156248831542884, 0.6101782056991325, 0.6101782056991325, 0.7267564451139946, 0.7267564451139946, 0.7701095219198988, 0.7701095219198988, 0.7984190755148889, 0.872973666713187, 0.7733529552943051, 0.8533072792745034, 0.8404364319124186, 0.8740360892591349, 0.7763155099635982, 0.8994951832191488, 0.744232723399925, 0.2827439107641609, 0.3794189685671168, 0.5737267669977699, 0.45023575187717885, -0.16269750851146136, 0.1770389419229934, 0.6470247426221217, 0.49627308329656494, 0.5793148579711038, 0.6726782909265252, 0.654976150232913, 0.7341233593522644, 1.0, 0.7779166662109595, 0.4701184309708021, 0.7163196263150291, 0.5470079316267689], [0.6397006394402062, 0.6670941691470333, 0.6397006394402062, 0.6136781612599762, 0.6136781612599762, 0.7152193122344846, 0.7152193122344846, 0.7198859871948764, 0.7198859871948764, 0.7825207590796657, 0.8127304799119871, 0.7119573686225449, 0.8041736252899083, 0.755084254435662, 0.8138609616745056, 0.7726929496869128, 0.8437310428318106, 0.7021881142040255, 0.5590721667504526, 0.5859308411206257, 0.5414126797531786, 0.1822595392676319, -0.00030630119666565824, 0.2712701482285061, 0.417300782733093, 0.5954171479342812, 0.529860043977938, 0.6641827860732248, 0.6050947517059149, 0.3712663692871121, 0.7779166662109595, 1.0, 0.48569039752751164, 0.6646737535729532, 0.19543527079868514], [0.9293285691575355, 0.9263878418750352, 0.9293285691575355, 0.9225758292325139, 0.9225758292325139, 0.8483116688983282, 0.8483116688983282, 0.774077779203608, 0.774077779203608, 0.8131133789683468, 0.8969802787718905, 0.8501494064881235, 0.8784117865387882, 0.910674906951405, 0.8966828836501165, 0.8718826435498513, 0.9087527914981348, 0.8377279041503475, 0.7772783487139237, -0.08622363801728888, 0.901052182827542, -0.07411499778995019, 0.019278728346161917, -0.38263809465218607, 0.697527902165304, 0.8978416651090366, 0.803203209919346, 0.872108112981219, 0.7173785973972273, 0.44598270182317373, 0.4701184309708021, 0.48569039752751164, 1.0, 0.7105339607080887, 0.1581028070652738], [0.8141235810064805, 0.6620532525893259, 0.8141235810064805, 0.8040062659306509, 0.8040062659306509, 0.8482917436928525, 0.8482917436928525, 0.8359268450723552, 0.8359268450723552, 0.8569028719473915, 0.9425187752245993, 0.7512219798010978, 0.9628653357522787, 0.9651367807301505, 0.9422910606858927, 0.8452283274097466, 0.9473954918104691, 0.7658500343656688, 0.45457446859836165, 0.13938343952554125, 0.63971739994899, 0.3584207886182626, -0.16501533450122832, 0.13685930516030773, 0.6988229873402577, 0.6242036335019057, 0.8190418055915297, 0.4791937918856232, 0.5613274471022703, 0.5365855794014897, 0.7163196263150291, 0.6646737535729532, 0.7105339607080887, 1.0, 0.16703763382254191], [0.16957929436222577, 0.16585599182952845, 0.16957929436222577, 0.1817368251014866, 0.1817368251014866, 0.46007386865748595, 0.46007386865748595, 0.7988399057377872, 0.7988399057377872, 0.766082930809328, 0.7783187841533884, 0.7276045560218651, 0.8137837298573215, 0.7822685251651669, 0.7784472066577577, 0.7869829708629974, 0.8348609877947583, 0.8466656192917652, -0.16887489148375198, 0.17207754394746494, 0.16034186027221853, 0.4634927442623135, -0.4006772213144865, 0.10319629869361578, 0.4104600545251483, 0.0611727737957291, 0.20662626601726664, 0.28964416231171647, 0.46960813955449676, 0.7796376091045255, 0.5470079316267689, 0.19543527079868514, 0.1581028070652738, 0.16703763382254191, 1.0]], "x": ["^TAIEX       \u81fa\u7063\u52a0\u6b0a\u5831\u916c\u6307\u6578", "^TWII        \u81fa\u7063\u52a0\u6b0a\u6307\u6578", "^TAIEXx2     \u81fa\u7063\u52a0\u6b0a\u5831\u916c\u6307\u6578_\u65e5\u6b632", "^TAI50I      \u81fa\u706350\u5831\u916c\u6307\u6578", "^TAI50Ix2    \u81fa\u706350\u5831\u916c\u6307\u6578_\u65e5\u6b632", "^TAI100I     \u81fa\u7063\u4e2d\u578b100\u5831\u916c\u6307\u6578", "^TAI100Ix2   \u81fa\u7063\u4e2d\u578b100\u5831\u916c\u6307\u6578_\u65e5\u6b632", "^TAIDIVIDI   \u81fa\u7063\u9ad8\u80a1\u606f\u5831\u916c\u6307\u6578", "^TAIDIVIDIx2 \u81fa\u7063\u9ad8\u80a1\u606f\u5831\u916c\u6307\u6578_\u65e5\u6b632", "0050Fund     \u5143\u5927\u53f0\u7063\u5353\u8d8a50\u57fa\u91d1", "006208Fund   \u5bcc\u90a6\u53f0\u7063\u91c6\u540950\u57fa\u91d1", "0050         \u5143\u5927\u81fa\u706350", "00631L       \u5143\u5927\u53f0\u706350\u6b632", "00675L       \u5bcc\u90a6\u81fa\u7063\u52a0\u6b0a\u6b632", "006208       \u5bcc\u90a6\u53f050", "0051         \u5143\u5927\u4e2d\u578b100", "006204       \u6c38\u8c50\u81fa\u7063\u52a0\u6b0a", "0056         \u5143\u5927\u9ad8\u80a1\u606f", "2412         \u4e2d\u83ef\u96fb\u4fe1", "2002         \u4e2d\u92fc", "2330         \u53f0\u7a4d\u96fb", "2317         \u9d3b\u6d77", "6505         \u53f0\u5851\u77f3\u5316", "3481         \u7fa4\u5275", "2303         \u806f\u96fb", "2308         \u53f0\u9054\u96fb", "2454         \u806f\u767c\u79d1", "2886         \u5146\u8c50\u91d1", "2884         \u7389\u5c71\u91d1", "2891         \u4e2d\u4fe1\u91d1", "2892         \u7b2c\u4e00\u91d1", "5880         \u5408\u5eab\u91d1", "2881         \u5bcc\u90a6\u91d1", "2885         \u5143\u5927\u91d1", "2887         \u53f0\u65b0\u91d1"], "y": ["^TAIEX       \u81fa\u7063\u52a0\u6b0a\u5831\u916c\u6307\u6578", "^TWII        \u81fa\u7063\u52a0\u6b0a\u6307\u6578", "^TAIEXx2     \u81fa\u7063\u52a0\u6b0a\u5831\u916c\u6307\u6578_\u65e5\u6b632", "^TAI50I      \u81fa\u706350\u5831\u916c\u6307\u6578", "^TAI50Ix2    \u81fa\u706350\u5831\u916c\u6307\u6578_\u65e5\u6b632", "^TAI100I     \u81fa\u7063\u4e2d\u578b100\u5831\u916c\u6307\u6578", "^TAI100Ix2   \u81fa\u7063\u4e2d\u578b100\u5831\u916c\u6307\u6578_\u65e5\u6b632", "^TAIDIVIDI   \u81fa\u7063\u9ad8\u80a1\u606f\u5831\u916c\u6307\u6578", "^TAIDIVIDIx2 \u81fa\u7063\u9ad8\u80a1\u606f\u5831\u916c\u6307\u6578_\u65e5\u6b632", "0050Fund     \u5143\u5927\u53f0\u7063\u5353\u8d8a50\u57fa\u91d1", "006208Fund   \u5bcc\u90a6\u53f0\u7063\u91c6\u540950\u57fa\u91d1", "0050         \u5143\u5927\u81fa\u706350", "00631L       \u5143\u5927\u53f0\u706350\u6b632", "00675L       \u5bcc\u90a6\u81fa\u7063\u52a0\u6b0a\u6b632", "006208       \u5bcc\u90a6\u53f050", "0051         \u5143\u5927\u4e2d\u578b100", "006204       \u6c38\u8c50\u81fa\u7063\u52a0\u6b0a", "0056         \u5143\u5927\u9ad8\u80a1\u606f", "2412         \u4e2d\u83ef\u96fb\u4fe1", "2002         \u4e2d\u92fc", "2330         \u53f0\u7a4d\u96fb", "2317         \u9d3b\u6d77", "6505         \u53f0\u5851\u77f3\u5316", "3481         \u7fa4\u5275", "2303         \u806f\u96fb", "2308         \u53f0\u9054\u96fb", "2454         \u806f\u767c\u79d1", "2886         \u5146\u8c50\u91d1", "2884         \u7389\u5c71\u91d1", "2891         \u4e2d\u4fe1\u91d1", "2892         \u7b2c\u4e00\u91d1", "5880         \u5408\u5eab\u91d1", "2881         \u5bcc\u90a6\u91d1", "2885         \u5143\u5927\u91d1", "2887         \u53f0\u65b0\u91d1"], "zmin": -1, "zmax": 1, "colorbar": {"x": -0.2}}], "layout": {"autotypenumbers": "strict", "colorway": ["#636efa", "#EF553B", "#00cc96", "#ab63fa", "#FFA15A", "#19d3f3", "#FF6692", "#B6E880", "#FF97FF", "#FECB52"], "font": {"color": "#f2f5fa", "family": "Courier New"}, "hovermode": "closest", "hoverlabel": {"align": "left"}, "paper_bgcolor": "rgb(17,17,17)", "plot_bgcolor": "rgb(17,17,17)", "polar": {"bgcolor": "rgb(17,17,17)", "angularaxis": {"gridcolor": "#506784", "linecolor": "#506784", "ticks": ""}, "radialaxis": {"gridcolor": "#506784", "linecolor": "#506784", "ticks": ""}}, "ternary": {"bgcolor": "rgb(17,17,17)", "aaxis": {"gridcolor": "#506784", "linecolor": "#506784", "ticks": ""}, "baxis": {"gridcolor": "#506784", "linecolor": "#506784", "ticks": ""}, "caxis": {"gridcolor": "#506784", "linecolor": "#506784", "ticks": ""}}, "coloraxis": {"colorbar": {"outlinewidth": 0, "ticks": ""}}, "colorscale": {"sequential": [[0.0, "#0d0887"], [0.1111111111111111, "#46039f"], [0.2222222222222222, "#7201a8"], [0.3333333333333333, "#9c179e"], [0.4444444444444444, "#bd3786"], [0.5555555555555556, "#d8576b"], [0.6666666666666666, "#ed7953"], [0.7777777777777778, "#fb9f3a"], [0.8888888888888888, "#fdca26"], [1.0, "#f0f921"]], "sequentialminus": [[0.0, "#0d0887"], [0.1111111111111111, "#46039f"], [0.2222222222222222, "#7201a8"], [0.3333333333333333, "#9c179e"], [0.4444444444444444, "#bd3786"], [0.5555555555555556, "#d8576b"], [0.6666666666666666, "#ed7953"], [0.7777777777777778, "#fb9f3a"], [0.8888888888888888, "#fdca26"], [1.0, "#f0f921"]], "diverging": [[0, "#8e0152"], [0.1, "#c51b7d"], [0.2, "#de77ae"], [0.3, "#f1b6da"], [0.4, "#fde0ef"], [0.5, "#f7f7f7"], [0.6, "#e6f5d0"], [0.7, "#b8e186"], [0.8, "#7fbc41"], [0.9, "#4d9221"], [1, "#276419"]]}, "xaxis": {"gridcolor": "rgba(0, 0, 0, 0)", "linecolor": "#506784", "ticks": "", "title": {"standoff": 15}, "zerolinecolor": "#283442", "automargin": true, "zerolinewidth": 2, "tickfont": {"family": "Courier New", "size": 14}, "side": "top", "tickangle": -90}, "yaxis": {"gridcolor": "rgba(0, 0, 0, 0)", "linecolor": "#506784", "ticks": "", "title": {"standoff": 15}, "zerolinecolor": "#283442", "automargin": true, "zerolinewidth": 2, "tickfont": {"family": "Courier New"}, "side": "right"}, "scene": {"xaxis": {"backgroundcolor": "rgb(17,17,17)", "gridcolor": "#506784", "linecolor": "#506784", "showbackground": true, "ticks": "", "zerolinecolor": "#C8D4E3", "gridwidth": 2}, "yaxis": {"backgroundcolor": "rgb(17,17,17)", "gridcolor": "#506784", "linecolor": "#506784", "showbackground": true, "ticks": "", "zerolinecolor": "#C8D4E3", "gridwidth": 2}, "zaxis": {"backgroundcolor": "rgb(17,17,17)", "gridcolor": "#506784", "linecolor": "#506784", "showbackground": true, "ticks": "", "zerolinecolor": "#C8D4E3", "gridwidth": 2}}, "shapedefaults": {"line": {"color": "#f2f5fa"}}, "annotationdefaults": {"arrowcolor": "#f2f5fa", "arrowhead": 0, "arrowwidth": 1}, "geo": {"bgcolor": "rgb(17,17,17)", "landcolor": "rgb(17,17,17)", "subunitcolor": "#506784", "showland": true, "showlakes": true, "lakecolor": "rgb(17,17,17)"}, "title": {"x": 0.05, "font": {"family": "Times New Roman"}, "y": 0.05, "text": "<b>Correlation of Close<b><br><i>2016-09-23 ~ 2025-08-21<i>"}, "updatemenudefaults": {"bgcolor": "#506784", "borderwidth": 0}, "sliderdefaults": {"bgcolor": "#C8D4E3", "borderwidth": 1, "bordercolor": "rgb(17,17,17)", "tickwidth": 0}, "mapbox": {"style": "dark"}, "annotations": [{"text": "<b>@zwindr<b>", "textangle": 0, "opacity": 0.5, "font": {"color": "white", "size": 12}, "xref": "paper", "yref": "paper", "xanchor": "left", "yanchor": "bottom", "x": 1.0, "y": 1.0, "showarrow": false}]}, "config": {"responsive": true, "toImageButtonOptions": {"filename": "Correlation of Close_2016-09-23~2025-08-21", "scale": 5}}};

    Plotly.newPlot("correlationClose",
        correlationClose.data,
        correlationClose.layout || {},
        correlationClose.config);
} else {
    // The element with the specified ID does not exist
    console.log("style display is none => correlationClose");
}