var element=document.getElementById("correlationClose");if(element.style.display!='none'){var correlationClose={"data":[{"type":"heatmap","z":[[1.0,0.9999999999999982,1.0,0.9955343186059278,0.9955343186059278,0.962116824151517,0.962116824151517,0.8984440697224422,0.8984440697224422,0.8923406701633839,0.9949699097875229,0.9151770950183641,0.9927927469786905,0.9924299026318132,0.9949515083247683,0.9721540226563498,0.9989045617619343,0.92565003938338,0.7843428740790261,-0.09026074095781281,0.9770056755651234,0.07614045995723094,-0.023868184980615097,-0.25261124873947166,0.8224528632354814,0.9469991715264948,0.9070014173646175,0.9284490006950841,0.7726021041851162,0.49363055844433423,0.6165455402925648,0.6395382790426125,0.9296015336632476,0.8148352877499488,0.16960943713596277],[0.9999999999999982,1.0,0.9999999999999984,0.9954866207908065,0.9954866207908065,0.9614887647902779,0.9614887647902779,0.8996549926786197,0.8996549926786197,0.8929202552983775,0.9949487045008727,0.9160148119259752,0.9925276246879016,0.9918549012462428,0.9949269370767353,0.9714148031857052,0.9989059716964626,0.9261826867828543,0.8044838354172126,0.11840021353516578,0.9681073053843939,-0.09368811600436368,-0.015250807123941293,-0.2528624432970701,0.6478333516825472,0.9473323040562256,0.8794121842132436,0.9228958872436482,0.7850735589687553,0.48421355580620373,0.6131450370896767,0.6668688227145305,0.9266731908767768,0.6630427833411324,0.16591102994373919],[1.0,0.9999999999999984,1.0,0.9955343186059278,0.9955343186059278,0.962116824151517,0.962116824151517,0.8984440697224422,0.8984440697224422,0.8923406701633839,0.9949699097875229,0.9151770950183641,0.9927927469786905,0.9924299026318132,0.9949515083247683,0.9721540226563498,0.9989045617619343,0.92565003938338,0.7843428740790261,-0.09026074095781281,0.9770056755651234,0.07614045995723094,-0.023868184980615097,-0.25261124873947166,0.8224528632354814,0.9469991715264948,0.9070014173646175,0.9284490006950841,0.7726021041851162,0.49363055844433423,0.6165455402925648,0.6395382790426125,0.9296015336632476,0.8148352877499488,0.16960943713596277],[0.9955343186059278,0.9954866207908065,0.9955343186059278,1.0,1.0,0.9491161749322855,0.9491161749322855,0.8842760447117205,0.8842760447117205,0.8808538843388816,0.9994759352370169,0.9067888844771568,0.9885461566645826,0.984412001969585,0.9994181929690059,0.954709034587809,0.9948221591765404,0.9062108528981762,0.7634293919166315,-0.09631750140154519,0.9889271404993043,0.09682396227356159,-0.05600099646795575,-0.2558218832736938,0.8213919041309139,0.9412810652419509,0.9120975228540532,0.9176599395931209,0.7837779602658606,0.5208049806813534,0.6110983408462497,0.6134366162698497,0.9228267981067642,0.8047334782264898,0.18170122604428976],[0.9955343186059278,0.9954866207908065,0.9955343186059278,1.0,1.0,0.9491161749322855,0.9491161749322855,0.8842760447117205,0.8842760447117205,0.8808538843388816,0.9994759352370169,0.9067888844771568,0.9885461566645826,0.984412001969585,0.9994181929690059,0.954709034587809,0.9948221591765404,0.9062108528981762,0.7634293919166315,-0.09631750140154519,0.9889271404993043,0.09682396227356159,-0.05600099646795575,-0.2558218832736938,0.8213919041309139,0.9412810652419509,0.9120975228540532,0.9176599395931209,0.7837779602658606,0.5208049806813534,0.6110983408462497,0.6134366162698497,0.9228267981067642,0.8047334782264898,0.18170122604428976],[0.962116824151517,0.9614887647902779,0.962116824151517,0.9491161749322855,0.9491161749322855,1.0,1.0,0.9249041333820051,0.9249041333820051,0.8685719763204343,0.9519397805586483,0.8851422707512353,0.9762373786933011,0.9748669575425333,0.9515820817935902,0.9990003784096083,0.9723841894509556,0.9195446447382347,0.6301734521192695,-0.034549726383450954,0.9336994445136187,0.25518583423116653,-0.22511882481638615,-0.10903724208885654,0.893165169949369,0.906038256573878,0.9262661987778246,0.8967199388151883,0.7315515635540203,0.7132236550090485,0.7273301050085809,0.7149474703714094,0.84893543926749,0.8488783898517662,0.4597460688423202],[0.962116824151517,0.9614887647902779,0.962116824151517,0.9491161749322855,0.9491161749322855,1.0,1.0,0.9249041333820051,0.9249041333820051,0.8685719763204343,0.9519397805586483,0.8851422707512353,0.9762373786933011,0.9748669575425333,0.9515820817935902,0.9990003784096083,0.9723841894509556,0.9195446447382347,0.6301734521192695,-0.034549726383450954,0.9336994445136187,0.25518583423116653,-0.22511882481638615,-0.10903724208885654,0.893165169949369,0.906038256573878,0.9262661987778246,0.8967199388151883,0.7315515635540203,0.7132236550090485,0.7273301050085809,0.7149474703714094,0.84893543926749,0.8488783898517662,0.4597460688423202],[0.8984440697224422,0.8996549926786197,0.8984440697224422,0.8842760447117205,0.8842760447117205,0.9249041333820051,0.9249041333820051,1.0,1.0,0.8500295507658965,0.9387028270758704,0.8503000352263322,0.9474587158332354,0.9425884010718009,0.9383914265157383,0.9256746351102566,0.9410395189520728,0.9724712501636033,0.5661679374169537,0.08608225031169656,0.8419741845329478,0.5055492690329615,-0.24987409981526743,0.03177991693271624,0.7848318597375479,0.7998277110340025,0.8636307887280951,0.8436850576681562,0.7441644543110385,0.8696312177355378,0.7706252184656148,0.719885026317349,0.7748611514133968,0.8364731822398168,0.7985510855831236],[0.8984440697224422,0.8996549926786197,0.8984440697224422,0.8842760447117205,0.8842760447117205,0.9249041333820051,0.9249041333820051,1.0,1.0,0.8500295507658965,0.9387028270758704,0.8503000352263322,0.9474587158332354,0.9425884010718009,0.9383914265157383,0.9256746351102566,0.9410395189520728,0.9724712501636033,0.5661679374169537,0.08608225031169656,0.8419741845329478,0.5055492690329615,-0.24987409981526743,0.03177991693271624,0.7848318597375479,0.7998277110340025,0.8636307887280951,0.8436850576681562,0.7441644543110385,0.8696312177355378,0.7706252184656148,0.719885026317349,0.7748611514133968,0.8364731822398168,0.7985510855831236],[0.8923406701633839,0.8929202552983775,0.8923406701633839,0.8808538843388816,0.8808538843388816,0.8685719763204343,0.8685719763204343,0.8500295507658965,0.8500295507658965,1.0,0.8753695131933535,0.9999757757470237,0.8551501193192731,0.8147258135683768,0.878964150149408,0.8722995743011529,0.890641357895919,0.8790664974844096,0.7484997703851306,0.23847073646013567,0.8675314931802136,0.7250859736894085,-0.29139234352790594,0.3960960322409992,0.846398468279469,0.7410027542845599,0.8452472798541608,0.8301290513276696,0.7221352607790112,0.7171603272833859,0.7949982953314432,0.7807871064418144,0.8084477962874442,0.8524455559560041,0.7646865284518957],[0.9949699097875229,0.9949487045008727,0.9949699097875229,0.9994759352370169,0.9994759352370169,0.9519397805586483,0.9519397805586483,0.9387028270758704,0.9387028270758704,0.8753695131933535,1.0,0.8774005818826525,0.9882500104546,0.9846228566580768,0.9999154415490115,0.9522328387822816,0.9938925295676487,0.9232483349000524,0.846250754348637,0.14023426296482888,0.9957256921221064,0.8550153982259997,-0.4402884149900659,0.35996466042746267,0.8594829974683772,0.9135055582333377,0.9419047296359503,0.9134235685465039,0.8075084240805219,0.8950091237811302,0.8731071513492016,0.8118573778558614,0.897453371241812,0.9426265093859306,0.7771851099467958],[0.9151770950183641,0.9160148119259752,0.9151770950183641,0.9067888844771568,0.9067888844771568,0.8851422707512353,0.8851422707512353,0.8503000352263322,0.8503000352263322,0.9999757757470237,0.8774005818826525,1.0,0.8552121510266767,0.8146682876239624,0.8790490522465438,0.8871547628338288,0.8967500259246547,0.8757139328232837,0.7024691234603665,0.005791516768224591,0.8933128428462547,0.5729787717827439,-0.2130833077339919,-0.23614800046000797,0.8568292409181683,0.8000908615287293,0.8303318195004548,0.8536464183184056,0.7699624335995104,0.7245332149534671,0.771629814687921,0.7111592400030291,0.8476717236273184,0.7490590033785122,0.726958537632358],[0.9927927469786905,0.9925276246879016,0.9927927469786905,0.9885461566645826,0.9885461566645826,0.9762373786933011,0.9762373786933011,0.9474587158332354,0.9474587158332354,0.8551501193192731,0.9882500104546,0.8552121510266767,1.0,0.999695136519921,0.9881833090680899,0.9744808559532897,0.9900020870742741,0.9191603258249145,0.8146506221148256,0.18021132704477702,0.9858474471414788,0.8780994017147081,-0.6201908921513227,0.4377382415702938,0.8407974047915134,0.9253833803820907,0.9581952445744876,0.9081253437305659,0.7322930674171166,0.8947091985256335,0.8535047306251619,0.8035723110180363,0.8788591004302719,0.9628773898008675,0.8129687181305804],[0.9924299026318132,0.9918549012462428,0.9924299026318132,0.984412001969585,0.984412001969585,0.9748669575425333,0.9748669575425333,0.9425884010718009,0.9425884010718009,0.8147258135683768,0.9846228566580768,0.8146682876239624,0.999695136519921,1.0,0.9847192714984467,0.9720514095242567,0.9883404743305652,0.9062921078788865,0.8332366044049427,0.05891778955742058,0.980214899178002,0.8869059130143961,-0.8261089710725312,0.48383141296323523,0.797090871908655,0.9305155576657729,0.9558868536860822,0.89477646705253,0.6502426719686241,0.9049754444718975,0.8407455958267781,0.7543336418262864,0.910996666801006,0.9651298723682011,0.7812409840594227],[0.9949515083247683,0.9949269370767353,0.9949515083247683,0.9994181929690059,0.9994181929690059,0.9515820817935902,0.9515820817935902,0.9383914265157383,0.9383914265157383,0.878964150149408,0.9999154415490115,0.8790490522465438,0.9881833090680899,0.9847192714984467,1.0,0.9520352059409616,0.9938906667304044,0.9236169773409696,0.8469371075536122,0.14200188884836104,0.9955835531143226,0.8538162651787589,-0.43563330605049316,0.3594728395626871,0.8600525859412227,0.912040040938704,0.9407576073148154,0.9138806336179189,0.8083662337279977,0.8939797658459852,0.8741634779235027,0.8133298042340393,0.8970236191814274,0.9423837863044159,0.777768302325038],[0.9721540226563498,0.9714148031857052,0.9721540226563498,0.954709034587809,0.954709034587809,0.9990003784096083,0.9990003784096083,0.9256746351102566,0.9256746351102566,0.8722995743011529,0.9522328387822816,0.8871547628338288,0.9744808559532897,0.9720514095242567,0.9520352059409616,1.0,0.9739316613042994,0.9192188897491463,0.6784868221370093,-0.014660947932163134,0.9440878004881658,0.5839751136307472,-0.35680553212491034,-0.16198229646699727,0.9060590625265282,0.9160255346586678,0.9215105628579067,0.9047612663040666,0.7709558633944531,0.8363533520346429,0.7766588896591474,0.7725238712934295,0.872250067122301,0.8456354977799704,0.7866951293376198],[0.9989045617619343,0.9989059716964626,0.9989045617619343,0.9948221591765404,0.9948221591765404,0.9723841894509556,0.9723841894509556,0.9410395189520728,0.9410395189520728,0.890641357895919,0.9938925295676487,0.8967500259246547,0.9900020870742741,0.9883404743305652,0.9938906667304044,0.9739316613042994,1.0,0.9405764183116414,0.8519111815220883,0.14295430472050852,0.9869597847120837,0.823891359074716,-0.4186992141405668,0.3736100453514571,0.8948304790901929,0.9254464670234113,0.9457771568118406,0.9378101253134818,0.8270037210785434,0.8826239661769817,0.8996277213471235,0.8433326668606238,0.9090486599855612,0.9475281215451462,0.8342929717714124],[0.92565003938338,0.9261826867828543,0.92565003938338,0.9062108528981762,0.9062108528981762,0.9195446447382347,0.9195446447382347,0.9724712501636033,0.9724712501636033,0.8790664974844096,0.9232483349000524,0.8757139328232837,0.9191603258249145,0.9062921078788865,0.9236169773409696,0.9192188897491463,0.9405764183116414,1.0,0.7304692447020481,0.00893842467831514,0.8693914724338234,0.5144437728098069,-0.14186659918378758,-0.20262743616810733,0.8232629336246469,0.8252054913344529,0.8297361255200735,0.912630272168898,0.8310211210537471,0.7961640118098453,0.744547230262944,0.7023432665870574,0.8378579631993512,0.7661402870106216,0.8466669448659521],[0.7843428740790261,0.8044838354172126,0.7843428740790261,0.7634293919166315,0.7634293919166315,0.6301734521192695,0.6301734521192695,0.5661679374169537,0.5661679374169537,0.7484997703851306,0.846250754348637,0.7024691234603665,0.8146506221148256,0.8332366044049427,0.8469371075536122,0.6784868221370093,0.8519111815220883,0.7304692447020481,1.0,0.05561808006226513,0.7259671532908663,-0.42624716063476986,0.3714861071774663,-0.6609197110759454,0.33674776779887333,0.7932750379675119,0.48893097893615334,0.8310526248860581,0.6837539591466599,0.05493947389523033,0.2839855052922621,0.5593942836382064,0.7776348029933166,0.45571544554311866,-0.1684836678812803],[-0.09026074095781281,0.11840021353516578,-0.09026074095781281,-0.09631750140154519,-0.09631750140154519,-0.034549726383450954,-0.034549726383450954,0.08608225031169656,0.08608225031169656,0.23847073646013567,0.14023426296482888,0.005791516768224591,0.18021132704477702,0.05891778955742058,0.14200188884836104,-0.014660947932163134,0.14295430472050852,0.00893842467831514,0.05561808006226513,1.0,-0.05537813057674955,0.13247964163772896,0.12539168768920653,0.7520805018583134,-0.07935438435918252,0.02905828298690569,0.02531749624367262,0.19171909271347842,0.030184905660994955,0.10620778131588768,0.3777399703988137,0.5853044804244008,-0.08745786587691709,0.1383528364438369,0.1718737076824233],[0.9770056755651234,0.9681073053843939,0.9770056755651234,0.9889271404993043,0.9889271404993043,0.9336994445136187,0.9336994445136187,0.8419741845329478,0.8419741845329478,0.8675314931802136,0.9957256921221064,0.8933128428462547,0.9858474471414788,0.980214899178002,0.9955835531143226,0.9440878004881658,0.9869597847120837,0.8693914724338234,0.7259671532908663,-0.05537813057674955,1.0,0.005157564184043824,-0.11793760360706362,-0.31396212653040806,0.6837308320068208,0.9257049591742588,0.8959477573912202,0.8604615469409316,0.752530970522026,0.5174960889455581,0.5747720046155592,0.5412637256368238,0.9013649360045186,0.6407512473343545,0.16032111768372032],[0.07614045995723094,-0.09368811600436368,0.07614045995723094,0.09682396227356159,0.09682396227356159,0.25518583423116653,0.25518583423116653,0.5055492690329615,0.5055492690329615,0.7250859736894085,0.8550153982259997,0.5729787717827439,0.8780994017147081,0.8869059130143961,0.8538162651787589,0.5839751136307472,0.823891359074716,0.5144437728098069,-0.42624716063476986,0.13247964163772896,0.005157564184043824,1.0,-0.4296080047760929,0.76843945782084,0.3634001148202766,-0.036108531358308396,0.260874371844321,-0.1504200830301239,0.027914326523131264,0.5630928923337973,0.45127417524851726,0.18289090051904672,-0.07124103680059791,0.35950314493086166,0.4633188398563985],[-0.023868184980615097,-0.015250807123941293,-0.023868184980615097,-0.05600099646795575,-0.05600099646795575,-0.22511882481638615,-0.22511882481638615,-0.24987409981526743,-0.24987409981526743,-0.29139234352790594,-0.4402884149900659,-0.2130833077339919,-0.6201908921513227,-0.8261089710725312,-0.43563330605049316,-0.35680553212491034,-0.4186992141405668,-0.14186659918378758,0.3714861071774663,0.12539168768920653,-0.11793760360706362,-0.4296080047760929,1.0,-0.04315724242103754,-0.13566234835040072,-0.07261208912169566,-0.2563754139207125,0.007351065951910321,-0.02920567198952114,-0.5415786270123755,-0.16437297980818683,-0.0013844468067865303,0.016308400772066814,-0.16734000129961507,-0.40054671512456036],[-0.25261124873947166,-0.2528624432970701,-0.25261124873947166,-0.2558218832736938,-0.2558218832736938,-0.10903724208885654,-0.10903724208885654,0.03177991693271624,0.03177991693271624,0.3960960322409992,0.35996466042746267,-0.23614800046000797,0.4377382415702938,0.48383141296323523,0.3594728395626871,-0.16198229646699727,0.3736100453514571,-0.20262743616810733,-0.6609197110759454,0.7520805018583134,-0.31396212653040806,0.76843945782084,-0.04315724242103754,1.0,-0.10018021637129157,-0.29578051873922584,-0.05393418131703643,-0.3503869169000112,-0.3274752353795194,0.0989456470236531,0.1763845793868707,0.2709255502310863,-0.38252877259758633,0.13596589361420822,0.1029598666687488],[0.8224528632354814,0.6478333516825472,0.8224528632354814,0.8213919041309139,0.8213919041309139,0.893165169949369,0.893165169949369,0.7848318597375479,0.7848318597375479,0.846398468279469,0.8594829974683772,0.8568292409181683,0.8407974047915134,0.797090871908655,0.8600525859412227,0.9060590625265282,0.8948304790901929,0.8232629336246469,0.33674776779887333,-0.07935438435918252,0.6837308320068208,0.3634001148202766,-0.13566234835040072,-0.10018021637129157,1.0,0.6054554077530919,0.8417048385800318,0.4823611672244266,0.6167488980354592,0.5321864907969109,0.6474009614917279,0.4176015579003913,0.6976620986030068,0.6989554905548507,0.4104657974970519],[0.9469991715264948,0.9473323040562256,0.9469991715264948,0.9412810652419509,0.9412810652419509,0.906038256573878,0.906038256573878,0.7998277110340025,0.7998277110340025,0.7410027542845599,0.9135055582333377,0.8000908615287293,0.9253833803820907,0.9305155576657729,0.912040040938704,0.9160255346586678,0.9254464670234113,0.8252054913344529,0.7932750379675119,0.02905828298690569,0.9257049591742588,-0.036108531358308396,-0.07261208912169566,-0.29578051873922584,0.6054554077530919,1.0,0.832389409073643,0.8539422000183401,0.7102175039868585,0.3779440419287177,0.4973135699915832,0.5936272223015402,0.89702677455769,0.6247246203506057,0.061492013460183355],[0.9070014173646175,0.8794121842132436,0.9070014173646175,0.9120975228540532,0.9120975228540532,0.9262661987778246,0.9262661987778246,0.8636307887280951,0.8636307887280951,0.8452472798541608,0.9419047296359503,0.8303318195004548,0.9581952445744876,0.9558868536860822,0.9407576073148154,0.9215105628579067,0.9457771568118406,0.8297361255200735,0.48893097893615334,0.02531749624367262,0.8959477573912202,0.260874371844321,-0.2563754139207125,-0.05393418131703643,0.8417048385800318,0.832389409073643,1.0,0.7377433054976745,0.5887651383714043,0.5545352071499903,0.5803558872677186,0.5299963456737662,0.8040283222396839,0.8196874231061482,0.20655226238289676],[0.9284490006950841,0.9228958872436482,0.9284490006950841,0.9176599395931209,0.9176599395931209,0.8967199388151883,0.8967199388151883,0.8436850576681562,0.8436850576681562,0.8301290513276696,0.9134235685465039,0.8536464183184056,0.9081253437305659,0.89477646705253,0.9138806336179189,0.9047612663040666,0.9378101253134818,0.912630272168898,0.8310526248860581,0.19171909271347842,0.8604615469409316,-0.1504200830301239,0.007351065951910321,-0.3503869169000112,0.4823611672244266,0.8539422000183401,0.7377433054976745,1.0,0.9023230237085235,0.5117677502937764,0.6733730880744593,0.6642983341851706,0.872458661771128,0.4804226303091041,0.28958696117436533],[0.7726021041851162,0.7850735589687553,0.7726021041851162,0.7837779602658606,0.7837779602658606,0.7315515635540203,0.7315515635540203,0.7441644543110385,0.7441644543110385,0.7221352607790112,0.8075084240805219,0.7699624335995104,0.7322930674171166,0.6502426719686241,0.8083662337279977,0.7709558633944531,0.8270037210785434,0.8310211210537471,0.6837539591466599,0.030184905660994955,0.752530970522026,0.027914326523131264,-0.02920567198952114,-0.3274752353795194,0.6167488980354592,0.7102175039868585,0.5887651383714043,0.9023230237085235,1.0,0.5541646061724471,0.6557354005940825,0.6052885389769466,0.7182818727600706,0.5626642746387721,0.4692678034415019],[0.49363055844433423,0.48421355580620373,0.49363055844433423,0.5208049806813534,0.5208049806813534,0.7132236550090485,0.7132236550090485,0.8696312177355378,0.8696312177355378,0.7171603272833859,0.8950091237811302,0.7245332149534671,0.8947091985256335,0.9049754444718975,0.8939797658459852,0.8363533520346429,0.8826239661769817,0.7961640118098453,0.05493947389523033,0.10620778131588768,0.5174960889455581,0.5630928923337973,-0.5415786270123755,0.0989456470236531,0.5321864907969109,0.3779440419287177,0.5545352071499903,0.5117677502937764,0.5541646061724471,1.0,0.7345865108900632,0.3718251192332366,0.4485134144095044,0.5385072250932833,0.7778851998275121],[0.6165455402925648,0.6131450370896767,0.6165455402925648,0.6110983408462497,0.6110983408462497,0.7273301050085809,0.7273301050085809,0.7706252184656148,0.7706252184656148,0.7949982953314432,0.8731071513492016,0.771629814687921,0.8535047306251619,0.8407455958267781,0.8741634779235027,0.7766588896591474,0.8996277213471235,0.744547230262944,0.2839855052922621,0.3777399703988137,0.5747720046155592,0.45127417524851726,-0.16437297980818683,0.1763845793868707,0.6474009614917279,0.4973135699915832,0.5803558872677186,0.6733730880744593,0.6557354005940825,0.7345865108900632,1.0,0.777978209627485,0.47142862361422955,0.716938311521114,0.5467668521760005],[0.6395382790426125,0.6668688227145305,0.6395382790426125,0.6134366162698497,0.6134366162698497,0.7149474703714094,0.7149474703714094,0.719885026317349,0.719885026317349,0.7807871064418144,0.8118573778558614,0.7111592400030291,0.8035723110180363,0.7543336418262864,0.8133298042340393,0.7725238712934295,0.8433326668606238,0.7023432665870574,0.5593942836382064,0.5853044804244008,0.5412637256368238,0.18289090051904672,-0.0013844468067865303,0.2709255502310863,0.4176015579003913,0.5936272223015402,0.5299963456737662,0.6642983341851706,0.6052885389769466,0.3718251192332366,0.777978209627485,1.0,0.4860414772913357,0.6648056523104924,0.19552586593522203],[0.9296015336632476,0.9266731908767768,0.9296015336632476,0.9228267981067642,0.9228267981067642,0.84893543926749,0.84893543926749,0.7748611514133968,0.7748611514133968,0.8084477962874442,0.897453371241812,0.8476717236273184,0.8788591004302719,0.910996666801006,0.8970236191814274,0.872250067122301,0.9090486599855612,0.8378579631993512,0.7776348029933166,-0.08745786587691709,0.9013649360045186,-0.07124103680059791,0.016308400772066814,-0.38252877259758633,0.6976620986030068,0.89702677455769,0.8040283222396839,0.872458661771128,0.7182818727600706,0.4485134144095044,0.47142862361422955,0.4860414772913357,1.0,0.7115485489446728,0.15819233762514087],[0.8148352877499488,0.6630427833411324,0.8148352877499488,0.8047334782264898,0.8047334782264898,0.8488783898517662,0.8488783898517662,0.8364731822398168,0.8364731822398168,0.8524455559560041,0.9426265093859306,0.7490590033785122,0.9628773898008675,0.9651298723682011,0.9423837863044159,0.8456354977799704,0.9475281215451462,0.7661402870106216,0.45571544554311866,0.1383528364438369,0.6407512473343545,0.35950314493086166,-0.16734000129961507,0.13596589361420822,0.6989554905548507,0.6247246203506057,0.8196874231061482,0.4804226303091041,0.5626642746387721,0.5385072250932833,0.716938311521114,0.6648056523104924,0.7115485489446728,1.0,0.1671250174946481],[0.16960943713596277,0.16591102994373919,0.16960943713596277,0.18170122604428976,0.18170122604428976,0.4597460688423202,0.4597460688423202,0.7985510855831236,0.7985510855831236,0.7646865284518957,0.7771851099467958,0.726958537632358,0.8129687181305804,0.7812409840594227,0.777768302325038,0.7866951293376198,0.8342929717714124,0.8466669448659521,-0.1684836678812803,0.1718737076824233,0.16032111768372032,0.4633188398563985,-0.40054671512456036,0.1029598666687488,0.4104657974970519,0.061492013460183355,0.20655226238289676,0.28958696117436533,0.4692678034415019,0.7778851998275121,0.5467668521760005,0.19552586593522203,0.15819233762514087,0.1671250174946481,1.0]],"x":["^TAIEX       \u81fa\u7063\u52a0\u6b0a\u5831\u916c\u6307\u6578","^TWII        \u81fa\u7063\u52a0\u6b0a\u6307\u6578","^TAIEXx2     \u81fa\u7063\u52a0\u6b0a\u5831\u916c\u6307\u6578_\u65e5\u6b632","^TAI50I      \u81fa\u706350\u5831\u916c\u6307\u6578","^TAI50Ix2    \u81fa\u706350\u5831\u916c\u6307\u6578_\u65e5\u6b632","^TAI100I     \u81fa\u7063\u4e2d\u578b100\u5831\u916c\u6307\u6578","^TAI100Ix2   \u81fa\u7063\u4e2d\u578b100\u5831\u916c\u6307\u6578_\u65e5\u6b632","^TAIDIVIDI   \u81fa\u7063\u9ad8\u80a1\u606f\u5831\u916c\u6307\u6578","^TAIDIVIDIx2 \u81fa\u7063\u9ad8\u80a1\u606f\u5831\u916c\u6307\u6578_\u65e5\u6b632","0050Fund     \u5143\u5927\u53f0\u7063\u5353\u8d8a50\u57fa\u91d1","006208Fund   \u5bcc\u90a6\u53f0\u7063\u91c6\u540950\u57fa\u91d1","0050         \u5143\u5927\u81fa\u706350","00631L       \u5143\u5927\u53f0\u706350\u6b632","00675L       \u5bcc\u90a6\u81fa\u7063\u52a0\u6b0a\u6b632","006208       \u5bcc\u90a6\u53f050","0051         \u5143\u5927\u4e2d\u578b100","006204       \u6c38\u8c50\u81fa\u7063\u52a0\u6b0a","0056         \u5143\u5927\u9ad8\u80a1\u606f","2412         \u4e2d\u83ef\u96fb\u4fe1","2002         \u4e2d\u92fc","2330         \u53f0\u7a4d\u96fb","2317         \u9d3b\u6d77","6505         \u53f0\u5851\u77f3\u5316","3481         \u7fa4\u5275","2303         \u806f\u96fb","2308         \u53f0\u9054\u96fb","2454         \u806f\u767c\u79d1","2886         \u5146\u8c50\u91d1","2884         \u7389\u5c71\u91d1","2891         \u4e2d\u4fe1\u91d1","2892         \u7b2c\u4e00\u91d1","5880         \u5408\u5eab\u91d1","2881         \u5bcc\u90a6\u91d1","2885         \u5143\u5927\u91d1","2887         \u53f0\u65b0\u91d1"],"y":["^TAIEX       \u81fa\u7063\u52a0\u6b0a\u5831\u916c\u6307\u6578","^TWII        \u81fa\u7063\u52a0\u6b0a\u6307\u6578","^TAIEXx2     \u81fa\u7063\u52a0\u6b0a\u5831\u916c\u6307\u6578_\u65e5\u6b632","^TAI50I      \u81fa\u706350\u5831\u916c\u6307\u6578","^TAI50Ix2    \u81fa\u706350\u5831\u916c\u6307\u6578_\u65e5\u6b632","^TAI100I     \u81fa\u7063\u4e2d\u578b100\u5831\u916c\u6307\u6578","^TAI100Ix2   \u81fa\u7063\u4e2d\u578b100\u5831\u916c\u6307\u6578_\u65e5\u6b632","^TAIDIVIDI   \u81fa\u7063\u9ad8\u80a1\u606f\u5831\u916c\u6307\u6578","^TAIDIVIDIx2 \u81fa\u7063\u9ad8\u80a1\u606f\u5831\u916c\u6307\u6578_\u65e5\u6b632","0050Fund     \u5143\u5927\u53f0\u7063\u5353\u8d8a50\u57fa\u91d1","006208Fund   \u5bcc\u90a6\u53f0\u7063\u91c6\u540950\u57fa\u91d1","0050         \u5143\u5927\u81fa\u706350","00631L       \u5143\u5927\u53f0\u706350\u6b632","00675L       \u5bcc\u90a6\u81fa\u7063\u52a0\u6b0a\u6b632","006208       \u5bcc\u90a6\u53f050","0051         \u5143\u5927\u4e2d\u578b100","006204       \u6c38\u8c50\u81fa\u7063\u52a0\u6b0a","0056         \u5143\u5927\u9ad8\u80a1\u606f","2412         \u4e2d\u83ef\u96fb\u4fe1","2002         \u4e2d\u92fc","2330         \u53f0\u7a4d\u96fb","2317         \u9d3b\u6d77","6505         \u53f0\u5851\u77f3\u5316","3481         \u7fa4\u5275","2303         \u806f\u96fb","2308         \u53f0\u9054\u96fb","2454         \u806f\u767c\u79d1","2886         \u5146\u8c50\u91d1","2884         \u7389\u5c71\u91d1","2891         \u4e2d\u4fe1\u91d1","2892         \u7b2c\u4e00\u91d1","5880         \u5408\u5eab\u91d1","2881         \u5bcc\u90a6\u91d1","2885         \u5143\u5927\u91d1","2887         \u53f0\u65b0\u91d1"],"zmin":-1,"zmax":1,"colorbar":{"x":-0.2}}],"layout":{"autotypenumbers":"strict","colorway":["#636efa","#EF553B","#00cc96","#ab63fa","#FFA15A","#19d3f3","#FF6692","#B6E880","#FF97FF","#FECB52"],"font":{"color":"#f2f5fa","family":"Courier New"},"hovermode":"closest","hoverlabel":{"align":"left"},"paper_bgcolor":"rgb(17,17,17)","plot_bgcolor":"rgb(17,17,17)","polar":{"bgcolor":"rgb(17,17,17)","angularaxis":{"gridcolor":"#506784","linecolor":"#506784","ticks":""},"radialaxis":{"gridcolor":"#506784","linecolor":"#506784","ticks":""}},"ternary":{"bgcolor":"rgb(17,17,17)","aaxis":{"gridcolor":"#506784","linecolor":"#506784","ticks":""},"baxis":{"gridcolor":"#506784","linecolor":"#506784","ticks":""},"caxis":{"gridcolor":"#506784","linecolor":"#506784","ticks":""}},"coloraxis":{"colorbar":{"outlinewidth":0,"ticks":""}},"colorscale":{"sequential":[[0.0,"#0d0887"],[0.1111111111111111,"#46039f"],[0.2222222222222222,"#7201a8"],[0.3333333333333333,"#9c179e"],[0.4444444444444444,"#bd3786"],[0.5555555555555556,"#d8576b"],[0.6666666666666666,"#ed7953"],[0.7777777777777778,"#fb9f3a"],[0.8888888888888888,"#fdca26"],[1.0,"#f0f921"]],"sequentialminus":[[0.0,"#0d0887"],[0.1111111111111111,"#46039f"],[0.2222222222222222,"#7201a8"],[0.3333333333333333,"#9c179e"],[0.4444444444444444,"#bd3786"],[0.5555555555555556,"#d8576b"],[0.6666666666666666,"#ed7953"],[0.7777777777777778,"#fb9f3a"],[0.8888888888888888,"#fdca26"],[1.0,"#f0f921"]],"diverging":[[0,"#8e0152"],[0.1,"#c51b7d"],[0.2,"#de77ae"],[0.3,"#f1b6da"],[0.4,"#fde0ef"],[0.5,"#f7f7f7"],[0.6,"#e6f5d0"],[0.7,"#b8e186"],[0.8,"#7fbc41"],[0.9,"#4d9221"],[1,"#276419"]]},"xaxis":{"gridcolor":"rgba(0, 0, 0, 0)","linecolor":"#506784","ticks":"","title":{"standoff":15},"zerolinecolor":"#283442","automargin":true,"zerolinewidth":2,"tickfont":{"family":"Courier New","size":14},"side":"top","tickangle":-90},"yaxis":{"gridcolor":"rgba(0, 0, 0, 0)","linecolor":"#506784","ticks":"","title":{"standoff":15},"zerolinecolor":"#283442","automargin":true,"zerolinewidth":2,"tickfont":{"family":"Courier New"},"side":"right"},"scene":{"xaxis":{"backgroundcolor":"rgb(17,17,17)","gridcolor":"#506784","linecolor":"#506784","showbackground":true,"ticks":"","zerolinecolor":"#C8D4E3","gridwidth":2},"yaxis":{"backgroundcolor":"rgb(17,17,17)","gridcolor":"#506784","linecolor":"#506784","showbackground":true,"ticks":"","zerolinecolor":"#C8D4E3","gridwidth":2},"zaxis":{"backgroundcolor":"rgb(17,17,17)","gridcolor":"#506784","linecolor":"#506784","showbackground":true,"ticks":"","zerolinecolor":"#C8D4E3","gridwidth":2}},"shapedefaults":{"line":{"color":"#f2f5fa"}},"annotationdefaults":{"arrowcolor":"#f2f5fa","arrowhead":0,"arrowwidth":1},"geo":{"bgcolor":"rgb(17,17,17)","landcolor":"rgb(17,17,17)","subunitcolor":"#506784","showland":true,"showlakes":true,"lakecolor":"rgb(17,17,17)"},"title":{"x":0.05,"font":{"family":"Times New Roman"},"y":0.05,"text":"<b>Correlation of Close<b><br><i>2016-09-23 ~ 2025-08-25<i>"},"updatemenudefaults":{"bgcolor":"#506784","borderwidth":0},"sliderdefaults":{"bgcolor":"#C8D4E3","borderwidth":1,"bordercolor":"rgb(17,17,17)","tickwidth":0},"mapbox":{"style":"dark"},"annotations":[{"text":"<b>@zwindr<b>","textangle":0,"opacity":0.5,"font":{"color":"white","size":12},"xref":"paper","yref":"paper","xanchor":"left","yanchor":"bottom","x":1.0,"y":1.0,"showarrow":false}]},"config":{"responsive":true,"toImageButtonOptions":{"filename":"Correlation of Close_2016-09-23~2025-08-25","scale":5}}};Plotly.newPlot("correlationClose",correlationClose.data,correlationClose.layout||{},correlationClose.config);}else{console.log("style display is none => correlationClose");}