var element=document.getElementById("correlationAdjClose");if(element.style.display!='none'){var correlationAdjClose={"data":[{"type":"heatmap","z":[[1.0,0.9956848985191237,0.9690979404593012,0.9966226370395058,0.9420837449851479,0.98582093048256,0.9596430219652621,0.9855701257652436,0.977484071431909,0.9967706650901897,0.9963415614525225,0.9967579375339857,0.9898124376863102,0.9911914658689213,0.9964502283360729,0.9869045402595852,0.9997421996918839,0.9851024631733105,0.8931427637472105,0.9108819708395776,0.6542121993661073,0.9839251785923934,0.9417259206259216,0.323620091356672,-0.27559899541801,0.9048004208933539,0.9174026108912489,0.9650345108728768,0.9672157831370944,0.961529725319878,0.9817855589277326,0.9640511485692377,0.9291949083150477,0.9818804642329934,0.978526317433363,0.9601230728942217],[0.9956848985191237,1.0,0.9676081520703919,0.9924989978898648,0.9407956052350958,0.9822656239577929,0.956873525578551,0.9777070182929256,0.9720591093254668,0.9936698092674523,0.9953413944549734,0.9949147443785127,0.9901539450220446,0.9907016421238578,0.9954067268870638,0.9823679732704189,0.997742216400599,0.9794867156492792,0.9101504487121356,0.9007601858338115,0.6771268870300012,0.9713005142557765,0.9257884801210476,0.321843712312359,-0.21102177883250825,0.8855192255536967,0.9147727996594183,0.9644659827942913,0.949137163909937,0.9499184223212037,0.9742380406080517,0.9505970248593455,0.9280750202110222,0.9730174361213697,0.9710973446106509,0.9554667941066959],[0.9690979404593012,0.9676081520703919,1.0,0.9820618296645257,0.9935535650796821,0.9635391237247315,0.9776668820056826,0.9385440378869141,0.9655315040961483,0.9818978953510328,0.9886447922196788,0.985396115804034,0.9972438803241661,0.9970838676354639,0.988316234422317,0.9606686580251753,0.9801392280342176,0.9375646115710132,0.8322512095643361,0.7979114511209034,0.5029476884395632,0.9916138358840779,0.9303370703399029,0.14851994532459795,-0.19114944165822895,0.8730803528813322,0.954779277674657,0.9626409916218709,0.8852503821097091,0.8875790369511359,0.9633407537334409,0.8848363419857768,0.8497605522967866,0.9456127746583802,0.9674073528913982,0.9119917445272199],[0.9966226370395058,0.9924989978898648,0.9820618296645257,1.0,0.9630311834234228,0.9770439818107289,0.9589656580429231,0.9736144229807138,0.972333976314023,0.9999752041921101,0.9999933503275914,0.9999682796124016,0.9934696614432091,0.9928963413945004,0.9999583988238969,0.9754748932804845,0.9958994022859824,0.9727094123246929,0.8714320191211145,0.8878432269439479,0.610001285047007,0.9942374291217183,0.9449379449963569,0.28661863580232855,-0.26086712167543247,0.8938145707608178,0.9354965475141739,0.9668762549077901,0.9490829486230049,0.9507083303985093,0.9833670658954556,0.9465356684158609,0.9076292161703756,0.9757704522593353,0.976685202109763,0.9482401941067822],[0.9420837449851479,0.9407956052350958,0.9935535650796821,0.9630311834234228,1.0,0.9288072765115283,0.9532125864655266,0.9003252001326661,0.9349331790741378,0.9632855910486444,0.973082989787456,0.9689528797994128,0.9829693183573763,0.9813007972282514,0.9725170362190911,0.9246615542246213,0.9549650465908038,0.8988883652620373,0.7851183638868323,0.7535636372152471,0.4428512491396786,0.9806670215761005,0.9134396770554475,0.11016736443975779,-0.17357986571171108,0.8299262158249633,0.9644673902832154,0.9378789448762231,0.8391728191182083,0.850000458190944,0.9422879944157535,0.8402107298448055,0.7972853791118443,0.9141374324525136,0.9408803332383837,0.873016303289901],[0.98582093048256,0.9822656239577929,0.9635391237247315,0.9770439818107289,0.9288072765115283,1.0,0.9830206644876404,0.9822729828889895,0.9848530409561032,0.9765883624010575,0.9709413778663261,0.9745068033734631,0.9669552095748408,0.9645171614881853,0.9710058333045156,0.9999111073075745,0.9878561910547973,0.9830099932271739,0.8996210102682304,0.8714672838224621,0.6249546619877479,0.9673393241101935,0.9168230789448343,0.20778891032250074,-0.20618340062443102,0.9354329757556917,0.8899344438734617,0.968830503566765,0.9541431541746046,0.9364244319304187,0.9632334813205236,0.9522135644177033,0.9431008369084672,0.9656236126746236,0.9817968496499319,0.9626037352345337],[0.9596430219652621,0.956873525578551,0.9776668820056826,0.9589656580429231,0.9532125864655266,0.9830206644876404,1.0,0.9515434551037353,0.9837452399175574,0.9578673358368529,0.9665594467034714,0.9635908824291065,0.9779204836708183,0.9777055440751694,0.9663746101747144,0.984138854268576,0.9761393204270907,0.9535668093325673,0.8586958813648586,0.7902818119477188,0.5098356383666406,0.9622489954074869,0.9185683465615604,0.07151891641693672,-0.14514087800961,0.8962341863757962,0.9054189264834851,0.9642385295296121,0.893926948476997,0.8737573473140248,0.947690556978282,0.8919242898553837,0.8873191830867073,0.9378047150126754,0.9734609502314601,0.9211185589839459],[0.9855701257652436,0.9777070182929256,0.9385440378869141,0.9736144229807138,0.9003252001326661,0.9822729828889895,0.9515434551037353,1.0,0.9840691604143483,0.9735940500151625,0.9678904694891263,0.9722650174508906,0.9516874779058735,0.949816063679991,0.9682156036900494,0.9840803844561297,0.9822817129947349,0.9998916554886695,0.929494639055356,0.9315306722942422,0.6015013466845294,0.9576355649896571,0.907904184025572,0.18428797152311907,-0.29659514279146665,0.9137604527143428,0.8492459710367453,0.9483287366214044,0.9783219348893808,0.9601895588554853,0.9672735159846435,0.9674376280407916,0.9366157554302698,0.966689133884242,0.9606440469062475,0.9703788762768991],[0.977484071431909,0.9720591093254668,0.9655315040961483,0.972333976314023,0.9349331790741378,0.9848530409561032,0.9837452399175574,0.9840691604143483,1.0,0.9717109188966104,0.966987043491075,0.9703189845741839,0.9625572448907922,0.9583590234292424,0.9670170907702899,0.984045412495581,0.9764669375353963,0.9834321119039183,0.9020651054550015,0.8660023164742204,0.5149812728290329,0.9671554762817692,0.9276417674384003,0.045339176964927286,-0.2185911477103305,0.8933763731610542,0.8719262925587312,0.9690807108237782,0.9357047115655435,0.9114653071309119,0.9663447831331864,0.925085681513913,0.9000234667775203,0.957886633626633,0.9761781196688019,0.9367310073870196],[0.9967706650901897,0.9936698092674523,0.9818978953510328,0.9999752041921101,0.9632855910486444,0.9765883624010575,0.9578673358368529,0.9735940500151625,0.9717109188966104,1.0,0.9999923356588601,0.9999846723535374,0.9934442128810167,0.9928712293370039,0.9999615277204551,0.9750214979192664,0.9957902832983162,0.9727765426369159,0.873022404155109,0.8891175788017109,0.6055519028638509,0.9944446540927941,0.9451178348572644,0.2913159821349718,-0.26033587795914004,0.8941441846633066,0.9341183965671288,0.9656543993622486,0.9486615705299061,0.949824590901847,0.9826484990023523,0.9458655998353385,0.9062313658152392,0.9750070277910851,0.9758820288147203,0.947079385577729],[0.9963415614525225,0.9953413944549734,0.9886447922196788,0.9999933503275914,0.973082989787456,0.9709413778663261,0.9665594467034714,0.9678904694891263,0.966987043491075,0.9999923356588601,1.0,0.9999774611228135,0.9935159650007741,0.9929235144948165,0.9999637093649881,0.970460873440343,0.9956097526033477,0.9681830155758945,0.8901544276532024,0.9178133917680017,0.46242582775175456,0.9974061310297533,0.9343113179433642,-0.18828587732447621,0.4531494637411028,0.8866815683629781,0.9131498136113764,0.9656649051637888,0.9354196933757305,0.9327523388615434,0.9765172838707373,0.9237316814113042,0.8754365183195626,0.9658047953505645,0.9830242124788698,0.9442160519110075],[0.9967579375339857,0.9949147443785127,0.985396115804034,0.9999682796124016,0.9689528797994128,0.9745068033734631,0.9635908824291065,0.9722650174508906,0.9703189845741839,0.9999846723535374,0.9999774611228135,1.0,0.9934462829306446,0.9928394049008565,0.9999711662596467,0.974138814285533,0.9957028407653179,0.9722233940881825,0.8802603896938322,0.906371226200154,0.5369997512229436,0.996461342354166,0.943139371940531,0.020792606665449326,-0.14420389671191422,0.9026366730217289,0.9231081041771633,0.9614540874758036,0.940802121805486,0.9399505124898564,0.9799035210226795,0.9355095100055049,0.8975762400521333,0.9713189551087554,0.9758225321132094,0.9496516351399058],[0.9898124376863102,0.9901539450220446,0.9972438803241661,0.9934696614432091,0.9829693183573763,0.9669552095748408,0.9779204836708183,0.9516874779058735,0.9625572448907922,0.9934442128810167,0.9935159650007741,0.9934462829306446,1.0,0.9998282808136002,0.9934158830865377,0.9664133596880313,0.9904535745016633,0.9521229865056787,0.8654493440397292,0.8992132957309185,0.3687772456370383,0.9915846432130891,0.9269921908092584,-0.4327099303278968,0.47500767743590244,0.8600676738438089,0.9265937360856284,0.9603190915451926,0.9042757442601451,0.8970605364794969,0.9618489277652362,0.8918121254883495,0.8279261961676482,0.9533436495235359,0.975399158818449,0.9341646247978016],[0.9911914658689213,0.9907016421238578,0.9970838676354639,0.9928963413945004,0.9813007972282514,0.9645171614881853,0.9777055440751694,0.949816063679991,0.9583590234292424,0.9928712293370039,0.9929235144948165,0.9928394049008565,0.9998282808136002,1.0,0.9929217490366732,0.9638651798949466,0.9916246453841844,0.9503658467585131,0.8490159232721215,0.9095185346115816,0.22175500205540938,0.9891380993125471,0.920467761769771,-0.7364531671808617,0.4532532697826436,0.8301991522918226,0.9275032167141897,0.9550591593350264,0.8950377061546323,0.8898079988820572,0.9574804959093329,0.8934059422351781,0.8028787108618596,0.9506089654803177,0.9739773563318728,0.9326109342359544],[0.9964502283360729,0.9954067268870638,0.988316234422317,0.9999583988238969,0.9725170362190911,0.9710058333045156,0.9663746101747144,0.9682156036900494,0.9670170907702899,0.9999615277204551,0.9999637093649881,0.9999711662596467,0.9934158830865377,0.9929217490366732,1.0,0.9705692943774642,0.9957042360420008,0.9685705192631269,0.8908622428608078,0.9186545256563297,0.4639418796081319,0.9972155528055077,0.9342604315250279,-0.1853907492131368,0.4532861187940511,0.88710733785388,0.912093204055715,0.9653669697826001,0.9360840625894941,0.933401891755386,0.976465987210475,0.9245703831267046,0.8764734784959957,0.9659069846434742,0.9830598762105273,0.9447906241010018],[0.9869045402595852,0.9823679732704189,0.9606686580251753,0.9754748932804845,0.9246615542246213,0.9999111073075745,0.984138854268576,0.9840803844561297,0.984045412495581,0.9750214979192664,0.970460873440343,0.974138814285533,0.9664133596880313,0.9638651798949466,0.9705692943774642,1.0,0.9877461722350286,0.9833258598520722,0.9025678868919117,0.8954962040940998,0.6078234466813935,0.9646770574783669,0.9118530829342127,0.058303686125757155,-0.17410794980648478,0.9415723961083442,0.8782061935151838,0.9662878398638364,0.957382080306095,0.9340770907192221,0.9600906556296193,0.9535318557698823,0.9414954744417906,0.9676061038151347,0.9809128267466595,0.9662305847225001],[0.9997421996918839,0.997742216400599,0.9801392280342176,0.9958994022859824,0.9549650465908038,0.9878561910547973,0.9761393204270907,0.9822817129947349,0.9764669375353963,0.9957902832983162,0.9956097526033477,0.9957028407653179,0.9904535745016633,0.9916246453841844,0.9957042360420008,0.9877461722350286,1.0,0.9826504684079467,0.9143324062608806,0.9321263849467343,0.5281357251769278,0.9883283966792508,0.9274203681361874,-0.12818238206067112,0.47329896779121744,0.9173130062254541,0.8967924299204474,0.9700398202424602,0.9578040523739775,0.9453347977517288,0.9749549326801129,0.9467015388336499,0.9122987618446493,0.9746909441495656,0.9887897734974316,0.9659977173387919],[0.9851024631733105,0.9794867156492792,0.9375646115710132,0.9727094123246929,0.8988883652620373,0.9830099932271739,0.9535668093325673,0.9998916554886695,0.9834321119039183,0.9727765426369159,0.9681830155758945,0.9722233940881825,0.9521229865056787,0.9503658467585131,0.9685705192631269,0.9833258598520722,0.9826504684079467,1.0,0.9322881654600024,0.9377002728940657,0.5985586614103912,0.9558885798949084,0.9110750709205601,0.14768134006988134,-0.2693300841166971,0.9180887527608319,0.8445907670998809,0.948111755876588,0.9788751055357447,0.9596901428258464,0.9655672010126478,0.9662932290338133,0.9362636009614325,0.9658663233216433,0.958689802112661,0.9712830181000771],[0.8931427637472105,0.9101504487121356,0.8322512095643361,0.8714320191211145,0.7851183638868323,0.8996210102682304,0.8586958813648586,0.929494639055356,0.9020651054550015,0.873022404155109,0.8901544276532024,0.8802603896938322,0.8654493440397292,0.8490159232721215,0.8908622428608078,0.9025678868919117,0.9143324062608806,0.9322881654600024,1.0,0.8369283707155245,0.6800093908759072,0.8407552379748907,0.8107219899578988,0.23544154575968457,-0.15368876275104723,0.864261872374359,0.7166185449245213,0.8575104525291294,0.8975376826489142,0.8660608040570821,0.8527339605335519,0.8780013978350903,0.863623174123061,0.8598399434995831,0.8708322210410306,0.8972785893041528],[0.9108819708395776,0.9007601858338115,0.7979114511209034,0.8878432269439479,0.7535636372152471,0.8714672838224621,0.7902818119477188,0.9315306722942422,0.8660023164742204,0.8891175788017109,0.9178133917680017,0.906371226200154,0.8992132957309185,0.9095185346115816,0.9186545256563297,0.8954962040940998,0.9321263849467343,0.9377002728940657,0.8369283707155245,1.0,0.8165044322319125,0.8353122788713921,0.8663182333689373,0.6129423867733756,-0.5117110221340994,0.7297798563208183,0.7795421490617068,0.8163222340262878,0.9611015311991342,0.9397573949723033,0.890795184789437,0.9491101657063503,0.904801790006021,0.9008804111495027,0.8478303572331364,0.8868335509456498],[0.6542121993661073,0.6771268870300012,0.5029476884395632,0.610001285047007,0.4428512491396786,0.6249546619877479,0.5098356383666406,0.6015013466845294,0.5149812728290329,0.6055519028638509,0.46242582775175456,0.5369997512229436,0.3687772456370383,0.22175500205540938,0.4639418796081319,0.6078234466813935,0.5281357251769278,0.5985586614103912,0.6800093908759072,0.8165044322319125,1.0,0.542884407544482,0.6635220020237579,0.7224032040739716,-0.11583769354298326,0.5261606577860106,0.5179507621435617,0.5830319816466053,0.7609838506562209,0.686430401664706,0.5882090919850689,0.7221881467041369,0.7455563392233993,0.6401692765487368,0.5998402671411079,0.6553118640183846],[0.9839251785923934,0.9713005142557765,0.9916138358840779,0.9942374291217183,0.9806670215761005,0.9673393241101935,0.9622489954074869,0.9576355649896571,0.9671554762817692,0.9944446540927941,0.9974061310297533,0.996461342354166,0.9915846432130891,0.9891380993125471,0.9972155528055077,0.9646770574783669,0.9883283966792508,0.9558885798949084,0.8407552379748907,0.8353122788713921,0.542884407544482,1.0,0.9225006559893295,0.2154379729264829,-0.24787416391948527,0.8747232495616859,0.946781547458285,0.9674548488679604,0.9112305881277563,0.9268222446965968,0.9746001345694935,0.9179738996855391,0.87438373360675,0.9612141426912346,0.9627855444866664,0.9269891549283855],[0.9417259206259216,0.9257884801210476,0.9303370703399029,0.9449379449963569,0.9134396770554475,0.9168230789448343,0.9185683465615604,0.907904184025572,0.9276417674384003,0.9451178348572644,0.9343113179433642,0.943139371940531,0.9269921908092584,0.920467761769771,0.9342604315250279,0.9118530829342127,0.9274203681361874,0.9110750709205601,0.8107219899578988,0.8663182333689373,0.6635220020237579,0.9225006559893295,1.0,0.26423415339562073,-0.1767783964386775,0.7409979592568305,0.8966125790545689,0.9100629439735821,0.8989731345416049,0.8672104341752271,0.9431012215306623,0.8770781925618427,0.8416751593517885,0.9369519179482312,0.8988503982175883,0.8726015027870034],[0.323620091356672,0.321843712312359,0.14851994532459795,0.28661863580232855,0.11016736443975779,0.20778891032250074,0.07151891641693672,0.18428797152311907,0.045339176964927286,0.2913159821349718,-0.18828587732447621,0.020792606665449326,-0.4327099303278968,-0.7364531671808617,-0.1853907492131368,0.058303686125757155,-0.12818238206067112,0.14768134006988134,0.23544154575968457,0.6129423867733756,0.7224032040739716,0.2154379729264829,0.26423415339562073,1.0,-0.37920235641320893,0.2419245830030188,0.18043848629663653,0.1479588090405974,0.43995310771285245,0.42781345464385834,0.2630447548832368,0.4523602456526255,0.386957204452881,0.2999130418761802,0.21791022396804247,0.3368445431873143],[-0.27559899541801,-0.21102177883250825,-0.19114944165822895,-0.26086712167543247,-0.17357986571171108,-0.20618340062443102,-0.14514087800961,-0.29659514279146665,-0.2185911477103305,-0.26033587795914004,0.4531494637411028,-0.14420389671191422,0.47500767743590244,0.4532532697826436,0.4532861187940511,-0.17410794980648478,0.47329896779121744,-0.2693300841166971,-0.15368876275104723,-0.5117110221340994,-0.11583769354298326,-0.24787416391948527,-0.1767783964386775,-0.37920235641320893,1.0,-0.15038919353970706,-0.21676644787168586,-0.1710334407451271,-0.3767197342894053,-0.36273037179356993,-0.2920925021431677,-0.33450492722337877,-0.20651299763060085,-0.32630784357346027,-0.1701663253824912,-0.2991250517349848],[0.9048004208933539,0.8855192255536967,0.8730803528813322,0.8938145707608178,0.8299262158249633,0.9354329757556917,0.8962341863757962,0.9137604527143428,0.8933763731610542,0.8941441846633066,0.8866815683629781,0.9026366730217289,0.8600676738438089,0.8301991522918226,0.88710733785388,0.9415723961083442,0.9173130062254541,0.9180887527608319,0.864261872374359,0.7297798563208183,0.5261606577860106,0.8747232495616859,0.7409979592568305,0.2419245830030188,-0.15038919353970706,1.0,0.7670624549688494,0.8951717662573442,0.8312930092906133,0.8750260343710269,0.8434077390605937,0.8809436210336232,0.872268538285384,0.8714154519267266,0.8782314614378417,0.9079223561812655],[0.9174026108912489,0.9147727996594183,0.954779277674657,0.9354965475141739,0.9644673902832154,0.8899344438734617,0.9054189264834851,0.8492459710367453,0.8719262925587312,0.9341183965671288,0.9131498136113764,0.9231081041771633,0.9265937360856284,0.9275032167141897,0.912093204055715,0.8782061935151838,0.8967924299204474,0.8445907670998809,0.7166185449245213,0.7795421490617068,0.5179507621435617,0.946781547458285,0.8966125790545689,0.18043848629663653,-0.21676644787168586,0.7670624549688494,1.0,0.8849816630514478,0.8322524628938784,0.836263113062431,0.9096903426599908,0.8266465123580752,0.7820469976373525,0.8876743971558775,0.896757543171869,0.8512197071646601],[0.9650345108728768,0.9644659827942913,0.9626409916218709,0.9668762549077901,0.9378789448762231,0.968830503566765,0.9642385295296121,0.9483287366214044,0.9690807108237782,0.9656543993622486,0.9656649051637888,0.9614540874758036,0.9603190915451926,0.9550591593350264,0.9653669697826001,0.9662878398638364,0.9700398202424602,0.948111755876588,0.8575104525291294,0.8163222340262878,0.5830319816466053,0.9674548488679604,0.9100629439735821,0.1479588090405974,-0.1710334407451271,0.8951717662573442,0.8849816630514478,1.0,0.909467551698372,0.9000434849396111,0.9519815954177057,0.8976007183408272,0.8837053349919087,0.9540418089698655,0.9767062900710802,0.9060740956115373],[0.9672157831370944,0.949137163909937,0.8852503821097091,0.9490829486230049,0.8391728191182083,0.9541431541746046,0.893926948476997,0.9783219348893808,0.9357047115655435,0.9486615705299061,0.9354196933757305,0.940802121805486,0.9042757442601451,0.8950377061546323,0.9360840625894941,0.957382080306095,0.9578040523739775,0.9788751055357447,0.8975376826489142,0.9611015311991342,0.7609838506562209,0.9112305881277563,0.8989731345416049,0.43995310771285245,-0.3767197342894053,0.8312930092906133,0.8322524628938784,0.909467551698372,1.0,0.9866601352861818,0.9520557443927283,0.9910119131251973,0.9553746624235075,0.9588733745125789,0.911108768505523,0.9653332625099995],[0.961529725319878,0.9499184223212037,0.8875790369511359,0.9507083303985093,0.850000458190944,0.9364244319304187,0.8737573473140248,0.9601895588554853,0.9114653071309119,0.949824590901847,0.9327523388615434,0.9399505124898564,0.8970605364794969,0.8898079988820572,0.933401891755386,0.9340770907192221,0.9453347977517288,0.9596901428258464,0.8660608040570821,0.9397573949723033,0.686430401664706,0.9268222446965968,0.8672104341752271,0.42781345464385834,-0.36273037179356993,0.8750260343710269,0.836263113062431,0.9000434849396111,0.9866601352861818,1.0,0.9484714894567067,0.9852258534372866,0.9564675316728145,0.9440977423093458,0.9251999319892821,0.9647704572591996],[0.9817855589277326,0.9742380406080517,0.9633407537334409,0.9833670658954556,0.9422879944157535,0.9632334813205236,0.947690556978282,0.9672735159846435,0.9663447831331864,0.9826484990023523,0.9765172838707373,0.9799035210226795,0.9618489277652362,0.9574804959093329,0.976465987210475,0.9600906556296193,0.9749549326801129,0.9655672010126478,0.8527339605335519,0.890795184789437,0.5882090919850689,0.9746001345694935,0.9431012215306623,0.2630447548832368,-0.2920925021431677,0.8434077390605937,0.9096903426599908,0.9519815954177057,0.9520557443927283,0.9484714894567067,1.0,0.9460262470942928,0.9021653807935645,0.977844743047831,0.9684072521186841,0.9486459389766075],[0.9640511485692377,0.9505970248593455,0.8848363419857768,0.9465356684158609,0.8402107298448055,0.9522135644177033,0.8919242898553837,0.9674376280407916,0.925085681513913,0.9458655998353385,0.9237316814113042,0.9355095100055049,0.8918121254883495,0.8934059422351781,0.9245703831267046,0.9535318557698823,0.9467015388336499,0.9662932290338133,0.8780013978350903,0.9491101657063503,0.7221881467041369,0.9179738996855391,0.8770781925618427,0.4523602456526255,-0.33450492722337877,0.8809436210336232,0.8266465123580752,0.8976007183408272,0.9910119131251973,0.9852258534372866,0.9460262470942928,1.0,0.9743794344142704,0.9483009125523557,0.9347812395835056,0.9635270183212533],[0.9291949083150477,0.9280750202110222,0.8497605522967866,0.9076292161703756,0.7972853791118443,0.9431008369084672,0.8873191830867073,0.9366157554302698,0.9000234667775203,0.9062313658152392,0.8754365183195626,0.8975762400521333,0.8279261961676482,0.8028787108618596,0.8764734784959957,0.9414954744417906,0.9122987618446493,0.9362636009614325,0.863623174123061,0.904801790006021,0.7455563392233993,0.87438373360675,0.8416751593517885,0.386957204452881,-0.20651299763060085,0.872268538285384,0.7820469976373525,0.8837053349919087,0.9553746624235075,0.9564675316728145,0.9021653807935645,0.9743794344142704,1.0,0.9069375275878561,0.9180914865844544,0.9487145065673861],[0.9818804642329934,0.9730174361213697,0.9456127746583802,0.9757704522593353,0.9141374324525136,0.9656236126746236,0.9378047150126754,0.966689133884242,0.957886633626633,0.9750070277910851,0.9658047953505645,0.9713189551087554,0.9533436495235359,0.9506089654803177,0.9659069846434742,0.9676061038151347,0.9746909441495656,0.9658663233216433,0.8598399434995831,0.9008804111495027,0.6401692765487368,0.9612141426912346,0.9369519179482312,0.2999130418761802,-0.32630784357346027,0.8714154519267266,0.8876743971558775,0.9540418089698655,0.9588733745125789,0.9440977423093458,0.977844743047831,0.9483009125523557,0.9069375275878561,1.0,0.9615461631716488,0.9491649040293987],[0.978526317433363,0.9710973446106509,0.9674073528913982,0.976685202109763,0.9408803332383837,0.9817968496499319,0.9734609502314601,0.9606440469062475,0.9761781196688019,0.9758820288147203,0.9830242124788698,0.9758225321132094,0.975399158818449,0.9739773563318728,0.9830598762105273,0.9809128267466595,0.9887897734974316,0.958689802112661,0.8708322210410306,0.8478303572331364,0.5998402671411079,0.9627855444866664,0.8988503982175883,0.21791022396804247,-0.1701663253824912,0.8782314614378417,0.896757543171869,0.9767062900710802,0.911108768505523,0.9251999319892821,0.9684072521186841,0.9347812395835056,0.9180914865844544,0.9615461631716488,1.0,0.9314312601759589],[0.9601230728942217,0.9554667941066959,0.9119917445272199,0.9482401941067822,0.873016303289901,0.9626037352345337,0.9211185589839459,0.9703788762768991,0.9367310073870196,0.947079385577729,0.9442160519110075,0.9496516351399058,0.9341646247978016,0.9326109342359544,0.9447906241010018,0.9662305847225001,0.9659977173387919,0.9712830181000771,0.8972785893041528,0.8868335509456498,0.6553118640183846,0.9269891549283855,0.8726015027870034,0.3368445431873143,-0.2991250517349848,0.9079223561812655,0.8512197071646601,0.9060740956115373,0.9653332625099995,0.9647704572591996,0.9486459389766075,0.9635270183212533,0.9487145065673861,0.9491649040293987,0.9314312601759589,1.0]],"x":["^TAIEX       \u81fa\u7063\u52a0\u6b0a\u5831\u916c\u6307\u6578","^TWII        \u81fa\u7063\u52a0\u6b0a\u6307\u6578","^TAIEXx2     \u81fa\u7063\u52a0\u6b0a\u5831\u916c\u6307\u6578_\u65e5\u6b632","^TAI50I      \u81fa\u706350\u5831\u916c\u6307\u6578","^TAI50Ix2    \u81fa\u706350\u5831\u916c\u6307\u6578_\u65e5\u6b632","^TAI100I     \u81fa\u7063\u4e2d\u578b100\u5831\u916c\u6307\u6578","^TAI100Ix2   \u81fa\u7063\u4e2d\u578b100\u5831\u916c\u6307\u6578_\u65e5\u6b632","^TAIDIVIDI   \u81fa\u7063\u9ad8\u80a1\u606f\u5831\u916c\u6307\u6578","^TAIDIVIDIx2 \u81fa\u7063\u9ad8\u80a1\u606f\u5831\u916c\u6307\u6578_\u65e5\u6b632","0050Fund     \u5143\u5927\u53f0\u7063\u5353\u8d8a50\u57fa\u91d1","006208Fund   \u5bcc\u90a6\u53f0\u7063\u91c6\u540950\u57fa\u91d1","0050         \u5143\u5927\u81fa\u706350","00631L       \u5143\u5927\u53f0\u706350\u6b632","00675L       \u5bcc\u90a6\u81fa\u7063\u52a0\u6b0a\u6b632","006208       \u5bcc\u90a6\u53f050","0051         \u5143\u5927\u4e2d\u578b100","006204       \u6c38\u8c50\u81fa\u7063\u52a0\u6b0a","0056         \u5143\u5927\u9ad8\u80a1\u606f","0056         \u5143\u5927\u9ad8\u80a1\u606f_\u80a1\u606f\u4e0d\u6295\u5165","2412         \u4e2d\u83ef\u96fb\u4fe1","2002         \u4e2d\u92fc","2330         \u53f0\u7a4d\u96fb","2317         \u9d3b\u6d77","6505         \u53f0\u5851\u77f3\u5316","3481         \u7fa4\u5275","2303         \u806f\u96fb","2308         \u53f0\u9054\u96fb","2454         \u806f\u767c\u79d1","2886         \u5146\u8c50\u91d1","2884         \u7389\u5c71\u91d1","2891         \u4e2d\u4fe1\u91d1","2892         \u7b2c\u4e00\u91d1","5880         \u5408\u5eab\u91d1","2881         \u5bcc\u90a6\u91d1","2885         \u5143\u5927\u91d1","2887         \u53f0\u65b0\u91d1"],"y":["^TAIEX       \u81fa\u7063\u52a0\u6b0a\u5831\u916c\u6307\u6578","^TWII        \u81fa\u7063\u52a0\u6b0a\u6307\u6578","^TAIEXx2     \u81fa\u7063\u52a0\u6b0a\u5831\u916c\u6307\u6578_\u65e5\u6b632","^TAI50I      \u81fa\u706350\u5831\u916c\u6307\u6578","^TAI50Ix2    \u81fa\u706350\u5831\u916c\u6307\u6578_\u65e5\u6b632","^TAI100I     \u81fa\u7063\u4e2d\u578b100\u5831\u916c\u6307\u6578","^TAI100Ix2   \u81fa\u7063\u4e2d\u578b100\u5831\u916c\u6307\u6578_\u65e5\u6b632","^TAIDIVIDI   \u81fa\u7063\u9ad8\u80a1\u606f\u5831\u916c\u6307\u6578","^TAIDIVIDIx2 \u81fa\u7063\u9ad8\u80a1\u606f\u5831\u916c\u6307\u6578_\u65e5\u6b632","0050Fund     \u5143\u5927\u53f0\u7063\u5353\u8d8a50\u57fa\u91d1","006208Fund   \u5bcc\u90a6\u53f0\u7063\u91c6\u540950\u57fa\u91d1","0050         \u5143\u5927\u81fa\u706350","00631L       \u5143\u5927\u53f0\u706350\u6b632","00675L       \u5bcc\u90a6\u81fa\u7063\u52a0\u6b0a\u6b632","006208       \u5bcc\u90a6\u53f050","0051         \u5143\u5927\u4e2d\u578b100","006204       \u6c38\u8c50\u81fa\u7063\u52a0\u6b0a","0056         \u5143\u5927\u9ad8\u80a1\u606f","0056         \u5143\u5927\u9ad8\u80a1\u606f_\u80a1\u606f\u4e0d\u6295\u5165","2412         \u4e2d\u83ef\u96fb\u4fe1","2002         \u4e2d\u92fc","2330         \u53f0\u7a4d\u96fb","2317         \u9d3b\u6d77","6505         \u53f0\u5851\u77f3\u5316","3481         \u7fa4\u5275","2303         \u806f\u96fb","2308         \u53f0\u9054\u96fb","2454         \u806f\u767c\u79d1","2886         \u5146\u8c50\u91d1","2884         \u7389\u5c71\u91d1","2891         \u4e2d\u4fe1\u91d1","2892         \u7b2c\u4e00\u91d1","5880         \u5408\u5eab\u91d1","2881         \u5bcc\u90a6\u91d1","2885         \u5143\u5927\u91d1","2887         \u53f0\u65b0\u91d1"],"zmin":-1,"zmax":1,"colorbar":{"x":-0.2}}],"layout":{"autotypenumbers":"strict","colorway":["#636efa","#EF553B","#00cc96","#ab63fa","#FFA15A","#19d3f3","#FF6692","#B6E880","#FF97FF","#FECB52"],"font":{"color":"#f2f5fa","family":"Courier New"},"hovermode":"closest","hoverlabel":{"align":"left"},"paper_bgcolor":"rgb(17,17,17)","plot_bgcolor":"rgb(17,17,17)","polar":{"bgcolor":"rgb(17,17,17)","angularaxis":{"gridcolor":"#506784","linecolor":"#506784","ticks":""},"radialaxis":{"gridcolor":"#506784","linecolor":"#506784","ticks":""}},"ternary":{"bgcolor":"rgb(17,17,17)","aaxis":{"gridcolor":"#506784","linecolor":"#506784","ticks":""},"baxis":{"gridcolor":"#506784","linecolor":"#506784","ticks":""},"caxis":{"gridcolor":"#506784","linecolor":"#506784","ticks":""}},"coloraxis":{"colorbar":{"outlinewidth":0,"ticks":""}},"colorscale":{"sequential":[[0.0,"#0d0887"],[0.1111111111111111,"#46039f"],[0.2222222222222222,"#7201a8"],[0.3333333333333333,"#9c179e"],[0.4444444444444444,"#bd3786"],[0.5555555555555556,"#d8576b"],[0.6666666666666666,"#ed7953"],[0.7777777777777778,"#fb9f3a"],[0.8888888888888888,"#fdca26"],[1.0,"#f0f921"]],"sequentialminus":[[0.0,"#0d0887"],[0.1111111111111111,"#46039f"],[0.2222222222222222,"#7201a8"],[0.3333333333333333,"#9c179e"],[0.4444444444444444,"#bd3786"],[0.5555555555555556,"#d8576b"],[0.6666666666666666,"#ed7953"],[0.7777777777777778,"#fb9f3a"],[0.8888888888888888,"#fdca26"],[1.0,"#f0f921"]],"diverging":[[0,"#8e0152"],[0.1,"#c51b7d"],[0.2,"#de77ae"],[0.3,"#f1b6da"],[0.4,"#fde0ef"],[0.5,"#f7f7f7"],[0.6,"#e6f5d0"],[0.7,"#b8e186"],[0.8,"#7fbc41"],[0.9,"#4d9221"],[1,"#276419"]]},"xaxis":{"gridcolor":"rgba(0, 0, 0, 0)","linecolor":"#506784","ticks":"","title":{"standoff":15},"zerolinecolor":"#283442","automargin":true,"zerolinewidth":2,"tickfont":{"family":"Courier New","size":14},"side":"top","tickangle":-90},"yaxis":{"gridcolor":"rgba(0, 0, 0, 0)","linecolor":"#506784","ticks":"","title":{"standoff":15},"zerolinecolor":"#283442","automargin":true,"zerolinewidth":2,"tickfont":{"family":"Courier New"},"side":"right"},"scene":{"xaxis":{"backgroundcolor":"rgb(17,17,17)","gridcolor":"#506784","linecolor":"#506784","showbackground":true,"ticks":"","zerolinecolor":"#C8D4E3","gridwidth":2},"yaxis":{"backgroundcolor":"rgb(17,17,17)","gridcolor":"#506784","linecolor":"#506784","showbackground":true,"ticks":"","zerolinecolor":"#C8D4E3","gridwidth":2},"zaxis":{"backgroundcolor":"rgb(17,17,17)","gridcolor":"#506784","linecolor":"#506784","showbackground":true,"ticks":"","zerolinecolor":"#C8D4E3","gridwidth":2}},"shapedefaults":{"line":{"color":"#f2f5fa"}},"annotationdefaults":{"arrowcolor":"#f2f5fa","arrowhead":0,"arrowwidth":1},"geo":{"bgcolor":"rgb(17,17,17)","landcolor":"rgb(17,17,17)","subunitcolor":"#506784","showland":true,"showlakes":true,"lakecolor":"rgb(17,17,17)"},"title":{"x":0.05,"font":{"family":"Times New Roman"},"y":0.05,"text":"<b>Correlation of Adj Close<b><br><i>2016-09-23 ~ 2026-03-10<i>"},"updatemenudefaults":{"bgcolor":"#506784","borderwidth":0},"sliderdefaults":{"bgcolor":"#C8D4E3","borderwidth":1,"bordercolor":"rgb(17,17,17)","tickwidth":0},"mapbox":{"style":"dark"},"annotations":[{"text":"<b>@zwindr<b>","textangle":0,"opacity":0.5,"font":{"color":"white","size":12},"xref":"paper","yref":"paper","xanchor":"left","yanchor":"bottom","x":1.0,"y":1.0,"showarrow":false}]},"config":{"responsive":true,"toImageButtonOptions":{"filename":"Correlation of Adj Close_2016-09-23~2026-03-10","scale":5}}};Plotly.newPlot("correlationAdjClose",correlationAdjClose.data,correlationAdjClose.layout||{},correlationAdjClose.config);}else{console.log("style display is none => correlationAdjClose");}