var element=document.getElementById("correlationClose");if(element.style.display!='none'){var correlationClose={"data":[{"type":"heatmap","z":[[1.0,0.9999999999999979,1.0,0.995044741027333,0.995044741027333,0.9679036989698752,0.9679036989698752,0.9089638930399441,0.9089638930399441,0.807638990027692,0.9946390009455864,0.7629750985914301,0.9922350565355961,0.9925655030618588,0.9947143800406881,0.9750995290744292,0.9991339004768818,0.9159103687019751,0.9159103687019751,0.7804734965898504,-0.15913575331366153,0.9787732484935051,0.1945748134935037,-0.12491972995366407,-0.24831823051802776,0.814246873878556,0.9062405558672306,0.917702711272517,0.9229763587853016,0.784737155238041,0.5866273628841904,0.6444407927861424,0.6265736805487147,0.935755165520719,0.8430074244027556,0.20661261272442114],[0.9999999999999979,1.0,0.9999999999999981,0.9950143991706022,0.9950143991706022,0.9674059191451014,0.9674059191451014,0.9098356317551922,0.9098356317551922,0.8091768785931414,0.9946325401029666,0.7631813942210184,0.9919129855359335,0.9920446709617329,0.9947189981718966,0.9746056582338456,0.9991351810531383,0.915985175788087,0.915985175788087,0.7985772916073464,0.05298184597797334,0.9709604748659827,-0.02302154850628037,-0.1177371873224551,-0.24825280962756444,0.6510318491741279,0.9068129672332713,0.894497117841225,0.9177469970570011,0.7945927545350537,0.5787910034747589,0.6419249619155273,0.6515154388572263,0.9336066888338364,0.704861103512871,0.2039065632504021],[1.0,0.9999999999999981,1.0,0.995044741027333,0.995044741027333,0.9679036989698752,0.9679036989698752,0.9089638930399441,0.9089638930399441,0.807638990027692,0.9946390009455864,0.7629750985914301,0.9922350565355961,0.9925655030618588,0.9947143800406881,0.9750995290744292,0.9991339004768818,0.9159103687019751,0.9159103687019751,0.7804734965898504,-0.15913575331366153,0.9787732484935051,0.1945748134935037,-0.12491972995366407,-0.24831823051802776,0.814246873878556,0.9062405558672306,0.917702711272517,0.9229763587853016,0.784737155238041,0.5866273628841904,0.6444407927861424,0.6265736805487147,0.935755165520719,0.8430074244027556,0.20661261272442114],[0.995044741027333,0.9950143991706022,0.995044741027333,1.0,1.0,0.9547113602989078,0.9547113602989078,0.8926953952356526,0.8926953952356526,0.7778421172308855,0.999566140271789,0.7315318049820632,0.9918552118052396,0.9893543675049095,0.9995207401549521,0.9574687960392341,0.9948288845226858,0.8899371279382176,0.8899371279382176,0.7535825384716313,-0.16747122966218045,0.9911692565378453,0.22264386368278397,-0.161457192662098,-0.24750756346120806,0.8030744645312131,0.9204918221865894,0.9177709727389347,0.9053469131002989,0.7877908041856911,0.6162026587816202,0.6367692253390408,0.5950276202330106,0.9252309630394508,0.833317753333549,0.21920195778261575],[0.995044741027333,0.9950143991706022,0.995044741027333,1.0,1.0,0.9547113602989078,0.9547113602989078,0.8926953952356526,0.8926953952356526,0.7778421172308855,0.999566140271789,0.7315318049820632,0.9918552118052396,0.9893543675049095,0.9995207401549521,0.9574687960392341,0.9948288845226858,0.8899371279382176,0.8899371279382176,0.7535825384716313,-0.16747122966218045,0.9911692565378453,0.22264386368278397,-0.161457192662098,-0.24750756346120806,0.8030744645312131,0.9204918221865894,0.9177709727389347,0.9053469131002989,0.7877908041856911,0.6162026587816202,0.6367692253390408,0.5950276202330106,0.9252309630394508,0.833317753333549,0.21920195778261575],[0.9679036989698752,0.9674059191451014,0.9679036989698752,0.9547113602989078,0.9547113602989078,1.0,1.0,0.9338735104820425,0.9338735104820425,0.7825524817390517,0.9537806166639611,0.764481575565026,0.967881107244517,0.965142597080941,0.9537262269313012,0.9990726315781665,0.975035010855249,0.9180898130604469,0.9180898130604469,0.6502252342742486,-0.10950019044713467,0.9404256695401453,0.34360324490693034,-0.30365297243517175,-0.12085412233227515,0.88215128190897,0.8585442116500005,0.9350432764051494,0.8999955490527789,0.7511826979118673,0.7644122653206004,0.7441823592329827,0.7013750791257133,0.8687140639227796,0.8719186578111305,0.48167201386218483],[0.9679036989698752,0.9674059191451014,0.9679036989698752,0.9547113602989078,0.9547113602989078,1.0,1.0,0.9338735104820425,0.9338735104820425,0.7825524817390517,0.9537806166639611,0.764481575565026,0.967881107244517,0.965142597080941,0.9537262269313012,0.9990726315781665,0.975035010855249,0.9180898130604469,0.9180898130604469,0.6502252342742486,-0.10950019044713467,0.9404256695401453,0.34360324490693034,-0.30365297243517175,-0.12085412233227515,0.88215128190897,0.8585442116500005,0.9350432764051494,0.8999955490527789,0.7511826979118673,0.7644122653206004,0.7441823592329827,0.7013750791257133,0.8687140639227796,0.8719186578111305,0.48167201386218483],[0.9089638930399441,0.9098356317551922,0.9089638930399441,0.8926953952356526,0.8926953952356526,0.9338735104820425,0.9338735104820425,1.0,1.0,0.7367432338332182,0.9371911030329363,0.7515929785948862,0.9374425015881024,0.9319946232685848,0.9371996300284418,0.9351685478696492,0.945745041295445,0.970787362585985,0.970787362585985,0.5959725030230265,0.011647102804277836,0.8560323968198991,0.5677296432800929,-0.329723941603509,0.011877978907468454,0.7903347400720712,0.7579545651199393,0.8799924759720229,0.8560908787839113,0.7643817900433435,0.8815284786337181,0.7867200990521945,0.7155671739831077,0.80272692633327,0.8572189287446306,0.809243750699336],[0.9089638930399441,0.9098356317551922,0.9089638930399441,0.8926953952356526,0.8926953952356526,0.9338735104820425,0.9338735104820425,1.0,1.0,0.7367432338332182,0.9371911030329363,0.7515929785948862,0.9374425015881024,0.9319946232685848,0.9371996300284418,0.9351685478696492,0.945745041295445,0.970787362585985,0.970787362585985,0.5959725030230265,0.011647102804277836,0.8560323968198991,0.5677296432800929,-0.329723941603509,0.011877978907468454,0.7903347400720712,0.7579545651199393,0.8799924759720229,0.8560908787839113,0.7643817900433435,0.8815284786337181,0.7867200990521945,0.7155671739831077,0.80272692633327,0.8572189287446306,0.809243750699336],[0.807638990027692,0.8091768785931414,0.807638990027692,0.7778421172308855,0.7778421172308855,0.7825524817390517,0.7825524817390517,0.7367432338332182,0.7367432338332182,1.0,0.6604711977508758,0.9999698266096864,0.5842389580014792,0.489727216794697,0.662436641572334,0.7779690010282401,0.7189208781074411,0.815541654499088,0.815541654499088,0.6941656875537614,-0.09870634737579628,0.7490881761740338,0.03696516961472013,0.049078248834837836,-0.2429301496295936,0.7854034841413289,0.5368131285590879,0.7599161789565377,0.8139178944573063,0.68438587388562,0.3528001912430991,0.5303492718693398,0.5641168649428733,0.7906070927137396,0.6544192503236482,0.1715840545127802],[0.9946390009455864,0.9946325401029666,0.9946390009455864,0.999566140271789,0.999566140271789,0.9537806166639611,0.9537806166639611,0.9371911030329363,0.9371911030329363,0.6604711977508758,1.0,0.6603067372281755,0.991527239836279,0.9893387592909069,0.9999311884858701,0.9527605429010185,0.9939838744081173,0.9004783568272415,0.9004783568272415,0.8533812360259677,-0.0143337329361553,0.9966364929849204,0.8960534361878287,-0.5234463522901251,0.35019409415807945,0.815583117311846,0.887721256787964,0.9340931856466383,0.8989838699477007,0.8125034162534363,0.9214519967707494,0.8658133571965823,0.7658873968809048,0.9066815515769706,0.9461234924964456,0.7884131750426523],[0.7629750985914301,0.7631813942210184,0.7629750985914301,0.7315318049820632,0.7315318049820632,0.764481575565026,0.764481575565026,0.7515929785948862,0.7515929785948862,0.9999698266096864,0.6603067372281755,1.0,0.5819125580855983,0.486812457808179,0.6608301654736586,0.7686154143010108,0.717462064566959,0.8108178539612925,0.8108178539612925,0.6533646222676456,0.02972762947442839,0.7043871296168961,0.4218358523954755,-0.16877047217579672,-0.23097472420462276,0.8158880665801307,0.4393585931041397,0.7330921873201318,0.7856615335473683,0.7086730540898275,0.57200648655141,0.7036953096821583,0.6822938109257415,0.746925946676967,0.6417470074473108,0.6695033254078421],[0.9922350565355961,0.9919129855359335,0.9922350565355961,0.9918552118052396,0.9918552118052396,0.967881107244517,0.967881107244517,0.9374425015881024,0.9374425015881024,0.5842389580014792,0.991527239836279,0.5819125580855983,1.0,0.999790595039862,0.9914741912845718,0.9646911930168962,0.990227544475453,0.8856024682318955,0.8856024682318955,0.8330219983379822,0.008438553945374069,0.9901305394595942,0.9149677765039194,-0.6714626297887771,0.4187333074788725,0.7825967781224967,0.8988529015237027,0.9381721421231033,0.8850653275933661,0.7494457646813493,0.9225744519017774,0.8415732148693861,0.7391814022079187,0.8908521384161613,0.9569294435266473,0.8137812824697178],[0.9925655030618588,0.9920446709617329,0.9925655030618588,0.9893543675049095,0.9893543675049095,0.965142597080941,0.965142597080941,0.9319946232685848,0.9319946232685848,0.489727216794697,0.9893387592909069,0.486812457808179,0.999790595039862,1.0,0.9894398137687507,0.9610673132453027,0.9897115368411139,0.8694955196259572,0.8694955196259572,0.854799343136911,-0.11724951289407323,0.9865507450798522,0.922068627220316,-0.83564888882538,0.4537183561143418,0.7305386177251398,0.9043178531637829,0.9306678084776046,0.8699114793940624,0.685652375602358,0.9302462355804989,0.8337641423737365,0.6789913882405658,0.9133078492227736,0.9576446375646326,0.785856323091074],[0.9947143800406881,0.9947189981718966,0.9947143800406881,0.9995207401549521,0.9995207401549521,0.9537262269313012,0.9537262269313012,0.9371996300284418,0.9371996300284418,0.662436641572334,0.9999311884858701,0.6608301654736586,0.9914741912845718,0.9894398137687507,1.0,0.9528785340920417,0.9940838568939878,0.9010040009342538,0.9010040009342538,0.8543281212713657,-0.014833509877481265,0.996495719540307,0.8956967117441541,-0.520988831518269,0.35221650963539547,0.8160342296858785,0.8863944944794853,0.9334286930267732,0.8993724988359223,0.813584500187098,0.9211029910072179,0.8668888719472319,0.7667509424823474,0.9066632541741975,0.946277610987415,0.7893785019891358],[0.9750995290744292,0.9746056582338456,0.9750995290744292,0.9574687960392341,0.9574687960392341,0.9990726315781665,0.9990726315781665,0.9351685478696492,0.9351685478696492,0.7779690010282401,0.9527605429010185,0.7686154143010108,0.9646911930168962,0.9610673132453027,0.9528785340920417,1.0,0.975514564388299,0.9186896623819999,0.9186896623819999,0.6986604220560247,-0.09466210547328366,0.9464467304363466,0.6634928177609227,-0.43497654375265604,-0.1654885639516837,0.8937817939876023,0.8511518293539176,0.9312635450380782,0.9072889689735052,0.7869759360790611,0.8633133670824232,0.7907264088888538,0.7579752569462259,0.8898663347421601,0.8691648013912006,0.7980368376384996],[0.9991339004768818,0.9991351810531383,0.9991339004768818,0.9948288845226858,0.9948288845226858,0.975035010855249,0.975035010855249,0.945745041295445,0.945745041295445,0.7189208781074411,0.9939838744081173,0.717462064566959,0.990227544475453,0.9897115368411139,0.9940838568939878,0.975514564388299,1.0,0.9273318775117293,0.9273318775117293,0.864208318469309,0.0009704504414699452,0.9874896119737563,0.8652787042363451,-0.5030562534375722,0.36968927174878685,0.8626239236712323,0.877000746004585,0.9457178366906519,0.9289229237166174,0.8342537059986086,0.9095002362302197,0.8974923455455096,0.809239098591334,0.9200585607775457,0.9550324863051166,0.8419696602236078],[0.9159103687019751,0.915985175788087,0.9159103687019751,0.8899371279382176,0.8899371279382176,0.9180898130604469,0.9180898130604469,0.970787362585985,0.970787362585985,0.815541654499088,0.9004783568272415,0.8108178539612925,0.8856024682318955,0.8694955196259572,0.9010040009342538,0.9186896623819999,0.9273318775117293,1.0,1.0,0.7470736088551967,-0.04611694892150278,0.8537633434717075,0.5630691541732542,-0.21389229870859716,-0.20648796679720582,0.8306256942955692,0.7227591043837678,0.8414756842799455,0.9189139952310833,0.8424445879240112,0.7988998978184689,0.76214286129457,0.7080993505113978,0.8491519434839666,0.7832982975948813,0.855650548368358],[0.9159103687019751,0.915985175788087,0.9159103687019751,0.8899371279382176,0.8899371279382176,0.9180898130604469,0.9180898130604469,0.970787362585985,0.970787362585985,0.815541654499088,0.9004783568272415,0.8108178539612925,0.8856024682318955,0.8694955196259572,0.9010040009342538,0.9186896623819999,0.9273318775117293,1.0,1.0,0.7470736088551967,-0.04611694892150278,0.8537633434717075,0.5630691541732542,-0.21389229870859716,-0.20648796679720582,0.8306256942955692,0.7227591043837678,0.8414756842799455,0.9189139952310833,0.8424445879240112,0.7988998978184689,0.76214286129457,0.7080993505113978,0.8491519434839666,0.7832982975948813,0.855650548368358],[0.7804734965898504,0.7985772916073464,0.7804734965898504,0.7535825384716313,0.7535825384716313,0.6502252342742486,0.6502252342742486,0.5959725030230265,0.5959725030230265,0.6941656875537614,0.8533812360259677,0.6533646222676456,0.8330219983379822,0.854799343136911,0.8543281212713657,0.6986604220560247,0.864208318469309,0.7470736088551967,0.7470736088551967,1.0,0.027469092488818445,0.7147662291122028,-0.3455037167563148,0.3016766192925103,-0.6545133597484984,0.362919298764179,0.6915679383223566,0.5197750248217881,0.8384363202827569,0.6993553794138206,0.1352340489384753,0.3208556744716695,0.5695740881418018,0.7845383345807411,0.4891322522889901,-0.13834000022615406],[-0.15913575331366153,0.05298184597797334,-0.15913575331366153,-0.16747122966218045,-0.16747122966218045,-0.10950019044713467,-0.10950019044713467,0.011647102804277836,0.011647102804277836,-0.09870634737579628,-0.0143337329361553,0.02972762947442839,0.008438553945374069,-0.11724951289407323,-0.014833509877481265,-0.09466210547328366,0.0009704504414699452,-0.04611694892150278,-0.04611694892150278,0.027469092488818445,1.0,-0.10910817967764513,0.09715667095036053,0.16485210482292573,0.7469563936428183,-0.09843557411743288,-0.06550751562104003,-0.02706485989752895,0.15050025945499998,-0.011524579098349998,0.026302100388892028,0.3152764274606279,0.5610429299974086,-0.13429911215932072,0.09172750553185115,0.14879981217855842],[0.9787732484935051,0.9709604748659827,0.9787732484935051,0.9911692565378453,0.9911692565378453,0.9404256695401453,0.9404256695401453,0.8560323968198991,0.8560323968198991,0.7490881761740338,0.9966364929849204,0.7043871296168961,0.9901305394595942,0.9865507450798522,0.996495719540307,0.9464467304363466,0.9874896119737563,0.8537633434717075,0.8537633434717075,0.7147662291122028,-0.10910817967764513,1.0,0.1306581566326753,-0.21746948131814586,-0.2945874320855288,0.6673867403352433,0.9226721536547196,0.9010744822963141,0.8491265664286328,0.7557828510177005,0.618014463642308,0.6041710208056394,0.5255679118661809,0.9040455980730221,0.6842529719594453,0.20112817302227218],[0.1945748134935037,-0.02302154850628037,0.1945748134935037,0.22264386368278397,0.22264386368278397,0.34360324490693034,0.34360324490693034,0.5677296432800929,0.5677296432800929,0.03696516961472013,0.8960534361878287,0.4218358523954755,0.9149677765039194,0.922068627220316,0.8956967117441541,0.6634928177609227,0.8652787042363451,0.5630691541732542,0.5630691541732542,-0.3455037167563148,0.09715667095036053,0.1306581566326753,1.0,-0.46737897191400557,0.7024523210438276,0.38921889343969784,0.15102624440295256,0.3353710607058452,-0.07382835888332466,0.099993872158932,0.610067063303191,0.48994515078445927,0.20668625405163454,0.03661119723615682,0.40819220956970204,0.4756002830300623],[-0.12491972995366407,-0.1177371873224551,-0.12491972995366407,-0.161457192662098,-0.161457192662098,-0.30365297243517175,-0.30365297243517175,-0.329723941603509,-0.329723941603509,0.049078248834837836,-0.5234463522901251,-0.16877047217579672,-0.6714626297887771,-0.83564888882538,-0.520988831518269,-0.43497654375265604,-0.5030562534375722,-0.21389229870859716,-0.21389229870859716,0.3016766192925103,0.16485210482292573,-0.21746948131814586,-0.46737897191400557,1.0,-0.024926458308344706,-0.17663474917657276,-0.21729401422858988,-0.31783115291496433,-0.06034257290028164,-0.09085531017117934,-0.5746513860414736,-0.2134539986267786,-0.0324697436871978,-0.06708758703969252,-0.23927832299449403,-0.41457674605727285],[-0.24831823051802776,-0.24825280962756444,-0.24831823051802776,-0.24750756346120806,-0.24750756346120806,-0.12085412233227515,-0.12085412233227515,0.011877978907468454,0.011877978907468454,-0.2429301496295936,0.35019409415807945,-0.23097472420462276,0.4187333074788725,0.4537183561143418,0.35221650963539547,-0.1654885639516837,0.36968927174878685,-0.20648796679720582,-0.20648796679720582,-0.6545133597484984,0.7469563936428183,-0.2945874320855288,0.7024523210438276,-0.024926458308344706,1.0,-0.10831359893345846,-0.23364929230710874,-0.06902418171944383,-0.35063471754480735,-0.32882438939155784,0.06169993835947351,0.15695683986087072,0.26080754288921854,-0.37542515651773245,0.10497503075184288,0.08765635309982449],[0.814246873878556,0.6510318491741279,0.814246873878556,0.8030744645312131,0.8030744645312131,0.88215128190897,0.88215128190897,0.7903347400720712,0.7903347400720712,0.7854034841413289,0.815583117311846,0.8158880665801307,0.7825967781224967,0.7305386177251398,0.8160342296858785,0.8937817939876023,0.8626239236712323,0.8306256942955692,0.8306256942955692,0.362919298764179,-0.09843557411743288,0.6673867403352433,0.38921889343969784,-0.17663474917657276,-0.10831359893345846,1.0,0.5428434888026237,0.840422405814528,0.5034750337609942,0.6349375697193245,0.5587922003805863,0.6642233337066422,0.4295425749022207,0.7105627465261404,0.7076427409595922,0.4243621673580351],[0.9062405558672306,0.9068129672332713,0.9062405558672306,0.9204918221865894,0.9204918221865894,0.8585442116500005,0.8585442116500005,0.7579545651199393,0.7579545651199393,0.5368131285590879,0.887721256787964,0.4393585931041397,0.8988529015237027,0.9043178531637829,0.8863944944794853,0.8511518293539176,0.877000746004585,0.7227591043837678,0.7227591043837678,0.6915679383223566,-0.06550751562104003,0.9226721536547196,0.15102624440295256,-0.21729401422858988,-0.23364929230710874,0.5428434888026237,1.0,0.8005065858110838,0.7698928867737623,0.6636546965355646,0.5386339150356878,0.511477157934999,0.5039752180675107,0.8377197698903359,0.641679628494022,0.13228797512190332],[0.917702711272517,0.894497117841225,0.917702711272517,0.9177709727389347,0.9177709727389347,0.9350432764051494,0.9350432764051494,0.8799924759720229,0.8799924759720229,0.7599161789565377,0.9340931856466383,0.7330921873201318,0.9381721421231033,0.9306678084776046,0.9334286930267732,0.9312635450380782,0.9457178366906519,0.8414756842799455,0.8414756842799455,0.5197750248217881,-0.02706485989752895,0.9010744822963141,0.3353710607058452,-0.31783115291496433,-0.06902418171944383,0.840422405814528,0.8005065858110838,1.0,0.7600989937779866,0.6240600393324419,0.6209114710753001,0.6135767390881787,0.5364776284595179,0.8279058110494473,0.8425461282629556,0.23533383189074464],[0.9229763587853016,0.9177469970570011,0.9229763587853016,0.9053469131002989,0.9053469131002989,0.8999955490527789,0.8999955490527789,0.8560908787839113,0.8560908787839113,0.8139178944573063,0.8989838699477007,0.7856615335473683,0.8850653275933661,0.8699114793940624,0.8993724988359223,0.9072889689735052,0.9289229237166174,0.9189139952310833,0.9189139952310833,0.8384363202827569,0.15050025945499998,0.8491265664286328,-0.07382835888332466,-0.06034257290028164,-0.35063471754480735,0.5034750337609942,0.7698928867737623,0.7600989937779866,1.0,0.9088709999031622,0.5617580924587159,0.695569306794679,0.6684752889458703,0.8817629973486243,0.5234163795162526,0.30971898049664204],[0.784737155238041,0.7945927545350537,0.784737155238041,0.7877908041856911,0.7877908041856911,0.7511826979118673,0.7511826979118673,0.7643817900433435,0.7643817900433435,0.68438587388562,0.8125034162534363,0.7086730540898275,0.7494457646813493,0.685652375602358,0.813584500187098,0.7869759360790611,0.8342537059986086,0.8424445879240112,0.8424445879240112,0.6993553794138206,-0.011524579098349998,0.7557828510177005,0.099993872158932,-0.09085531017117934,-0.32882438939155784,0.6349375697193245,0.6636546965355646,0.6240600393324419,0.9088709999031622,1.0,0.594540358372364,0.6782784471804126,0.6130552566816286,0.7399414468667203,0.6000638125978979,0.48083698529212926],[0.5866273628841904,0.5787910034747589,0.5866273628841904,0.6162026587816202,0.6162026587816202,0.7644122653206004,0.7644122653206004,0.8815284786337181,0.8815284786337181,0.3528001912430991,0.9214519967707494,0.57200648655141,0.9225744519017774,0.9302462355804989,0.9211029910072179,0.8633133670824232,0.9095002362302197,0.7988998978184689,0.7988998978184689,0.1352340489384753,0.026302100388892028,0.618014463642308,0.610067063303191,-0.5746513860414736,0.06169993835947351,0.5587922003805863,0.5386339150356878,0.6209114710753001,0.5617580924587159,0.594540358372364,1.0,0.7488517234945309,0.3885475149518723,0.527932877454873,0.6102370389256954,0.7522466292771243],[0.6444407927861424,0.6419249619155273,0.6444407927861424,0.6367692253390408,0.6367692253390408,0.7441823592329827,0.7441823592329827,0.7867200990521945,0.7867200990521945,0.5303492718693398,0.8658133571965823,0.7036953096821583,0.8415732148693861,0.8337641423737365,0.8668888719472319,0.7907264088888538,0.8974923455455096,0.76214286129457,0.76214286129457,0.3208556744716695,0.3152764274606279,0.6041710208056394,0.48994515078445927,-0.2134539986267786,0.15695683986087072,0.6642233337066422,0.511477157934999,0.6135767390881787,0.695569306794679,0.6782784471804126,0.7488517234945309,1.0,0.7794894114647899,0.5139953689739443,0.735880632168838,0.5556284576465768],[0.6265736805487147,0.6515154388572263,0.6265736805487147,0.5950276202330106,0.5950276202330106,0.7013750791257133,0.7013750791257133,0.7155671739831077,0.7155671739831077,0.5641168649428733,0.7658873968809048,0.6822938109257415,0.7391814022079187,0.6789913882405658,0.7667509424823474,0.7579752569462259,0.809239098591334,0.7080993505113978,0.7080993505113978,0.5695740881418018,0.5610429299974086,0.5255679118661809,0.20668625405163454,-0.0324697436871978,0.26080754288921854,0.4295425749022207,0.5039752180675107,0.5364776284595179,0.6684752889458703,0.6130552566816286,0.3885475149518723,0.7794894114647899,1.0,0.49680590060374746,0.664920215938435,0.20822248152284872],[0.935755165520719,0.9336066888338364,0.935755165520719,0.9252309630394508,0.9252309630394508,0.8687140639227796,0.8687140639227796,0.80272692633327,0.80272692633327,0.7906070927137396,0.9066815515769706,0.746925946676967,0.8908521384161613,0.9133078492227736,0.9066632541741975,0.8898663347421601,0.9200585607775457,0.8491519434839666,0.8491519434839666,0.7845383345807411,-0.13429911215932072,0.9040455980730221,0.03661119723615682,-0.06708758703969252,-0.37542515651773245,0.7105627465261404,0.8377197698903359,0.8279058110494473,0.8817629973486243,0.7399414468667203,0.527932877454873,0.5139953689739443,0.49680590060374746,1.0,0.7483133521495544,0.19070696272313042],[0.8430074244027556,0.704861103512871,0.8430074244027556,0.833317753333549,0.833317753333549,0.8719186578111305,0.8719186578111305,0.8572189287446306,0.8572189287446306,0.6544192503236482,0.9461234924964456,0.6417470074473108,0.9569294435266473,0.9576446375646326,0.946277610987415,0.8691648013912006,0.9550324863051166,0.7832982975948813,0.7832982975948813,0.4891322522889901,0.09172750553185115,0.6842529719594453,0.40819220956970204,-0.23927832299449403,0.10497503075184288,0.7076427409595922,0.641679628494022,0.8425461282629556,0.5234163795162526,0.6000638125978979,0.6102370389256954,0.735880632168838,0.664920215938435,0.7483133521495544,1.0,0.20083524686311577],[0.20661261272442114,0.2039065632504021,0.20661261272442114,0.21920195778261575,0.21920195778261575,0.48167201386218483,0.48167201386218483,0.809243750699336,0.809243750699336,0.1715840545127802,0.7884131750426523,0.6695033254078421,0.8137812824697178,0.785856323091074,0.7893785019891358,0.7980368376384996,0.8419696602236078,0.855650548368358,0.855650548368358,-0.13834000022615406,0.14879981217855842,0.20112817302227218,0.4756002830300623,-0.41457674605727285,0.08765635309982449,0.4243621673580351,0.13228797512190332,0.23533383189074464,0.30971898049664204,0.48083698529212926,0.7522466292771243,0.5556284576465768,0.20822248152284872,0.19070696272313042,0.20083524686311577,1.0]],"x":["^TAIEX       \u81fa\u7063\u52a0\u6b0a\u5831\u916c\u6307\u6578","^TWII        \u81fa\u7063\u52a0\u6b0a\u6307\u6578","^TAIEXx2     \u81fa\u7063\u52a0\u6b0a\u5831\u916c\u6307\u6578_\u65e5\u6b632","^TAI50I      \u81fa\u706350\u5831\u916c\u6307\u6578","^TAI50Ix2    \u81fa\u706350\u5831\u916c\u6307\u6578_\u65e5\u6b632","^TAI100I     \u81fa\u7063\u4e2d\u578b100\u5831\u916c\u6307\u6578","^TAI100Ix2   \u81fa\u7063\u4e2d\u578b100\u5831\u916c\u6307\u6578_\u65e5\u6b632","^TAIDIVIDI   \u81fa\u7063\u9ad8\u80a1\u606f\u5831\u916c\u6307\u6578","^TAIDIVIDIx2 \u81fa\u7063\u9ad8\u80a1\u606f\u5831\u916c\u6307\u6578_\u65e5\u6b632","0050Fund     \u5143\u5927\u53f0\u7063\u5353\u8d8a50\u57fa\u91d1","006208Fund   \u5bcc\u90a6\u53f0\u7063\u91c6\u540950\u57fa\u91d1","0050         \u5143\u5927\u81fa\u706350","00631L       \u5143\u5927\u53f0\u706350\u6b632","00675L       \u5bcc\u90a6\u81fa\u7063\u52a0\u6b0a\u6b632","006208       \u5bcc\u90a6\u53f050","0051         \u5143\u5927\u4e2d\u578b100","006204       \u6c38\u8c50\u81fa\u7063\u52a0\u6b0a","0056         \u5143\u5927\u9ad8\u80a1\u606f","0056         \u5143\u5927\u9ad8\u80a1\u606f_\u80a1\u606f\u4e0d\u6295\u5165","2412         \u4e2d\u83ef\u96fb\u4fe1","2002         \u4e2d\u92fc","2330         \u53f0\u7a4d\u96fb","2317         \u9d3b\u6d77","6505         \u53f0\u5851\u77f3\u5316","3481         \u7fa4\u5275","2303         \u806f\u96fb","2308         \u53f0\u9054\u96fb","2454         \u806f\u767c\u79d1","2886         \u5146\u8c50\u91d1","2884         \u7389\u5c71\u91d1","2891         \u4e2d\u4fe1\u91d1","2892         \u7b2c\u4e00\u91d1","5880         \u5408\u5eab\u91d1","2881         \u5bcc\u90a6\u91d1","2885         \u5143\u5927\u91d1","2887         \u53f0\u65b0\u91d1"],"y":["^TAIEX       \u81fa\u7063\u52a0\u6b0a\u5831\u916c\u6307\u6578","^TWII        \u81fa\u7063\u52a0\u6b0a\u6307\u6578","^TAIEXx2     \u81fa\u7063\u52a0\u6b0a\u5831\u916c\u6307\u6578_\u65e5\u6b632","^TAI50I      \u81fa\u706350\u5831\u916c\u6307\u6578","^TAI50Ix2    \u81fa\u706350\u5831\u916c\u6307\u6578_\u65e5\u6b632","^TAI100I     \u81fa\u7063\u4e2d\u578b100\u5831\u916c\u6307\u6578","^TAI100Ix2   \u81fa\u7063\u4e2d\u578b100\u5831\u916c\u6307\u6578_\u65e5\u6b632","^TAIDIVIDI   \u81fa\u7063\u9ad8\u80a1\u606f\u5831\u916c\u6307\u6578","^TAIDIVIDIx2 \u81fa\u7063\u9ad8\u80a1\u606f\u5831\u916c\u6307\u6578_\u65e5\u6b632","0050Fund     \u5143\u5927\u53f0\u7063\u5353\u8d8a50\u57fa\u91d1","006208Fund   \u5bcc\u90a6\u53f0\u7063\u91c6\u540950\u57fa\u91d1","0050         \u5143\u5927\u81fa\u706350","00631L       \u5143\u5927\u53f0\u706350\u6b632","00675L       \u5bcc\u90a6\u81fa\u7063\u52a0\u6b0a\u6b632","006208       \u5bcc\u90a6\u53f050","0051         \u5143\u5927\u4e2d\u578b100","006204       \u6c38\u8c50\u81fa\u7063\u52a0\u6b0a","0056         \u5143\u5927\u9ad8\u80a1\u606f","0056         \u5143\u5927\u9ad8\u80a1\u606f_\u80a1\u606f\u4e0d\u6295\u5165","2412         \u4e2d\u83ef\u96fb\u4fe1","2002         \u4e2d\u92fc","2330         \u53f0\u7a4d\u96fb","2317         \u9d3b\u6d77","6505         \u53f0\u5851\u77f3\u5316","3481         \u7fa4\u5275","2303         \u806f\u96fb","2308         \u53f0\u9054\u96fb","2454         \u806f\u767c\u79d1","2886         \u5146\u8c50\u91d1","2884         \u7389\u5c71\u91d1","2891         \u4e2d\u4fe1\u91d1","2892         \u7b2c\u4e00\u91d1","5880         \u5408\u5eab\u91d1","2881         \u5bcc\u90a6\u91d1","2885         \u5143\u5927\u91d1","2887         \u53f0\u65b0\u91d1"],"zmin":-1,"zmax":1,"colorbar":{"x":-0.2}}],"layout":{"autotypenumbers":"strict","colorway":["#636efa","#EF553B","#00cc96","#ab63fa","#FFA15A","#19d3f3","#FF6692","#B6E880","#FF97FF","#FECB52"],"font":{"color":"#f2f5fa","family":"Courier New"},"hovermode":"closest","hoverlabel":{"align":"left"},"paper_bgcolor":"rgb(17,17,17)","plot_bgcolor":"rgb(17,17,17)","polar":{"bgcolor":"rgb(17,17,17)","angularaxis":{"gridcolor":"#506784","linecolor":"#506784","ticks":""},"radialaxis":{"gridcolor":"#506784","linecolor":"#506784","ticks":""}},"ternary":{"bgcolor":"rgb(17,17,17)","aaxis":{"gridcolor":"#506784","linecolor":"#506784","ticks":""},"baxis":{"gridcolor":"#506784","linecolor":"#506784","ticks":""},"caxis":{"gridcolor":"#506784","linecolor":"#506784","ticks":""}},"coloraxis":{"colorbar":{"outlinewidth":0,"ticks":""}},"colorscale":{"sequential":[[0.0,"#0d0887"],[0.1111111111111111,"#46039f"],[0.2222222222222222,"#7201a8"],[0.3333333333333333,"#9c179e"],[0.4444444444444444,"#bd3786"],[0.5555555555555556,"#d8576b"],[0.6666666666666666,"#ed7953"],[0.7777777777777778,"#fb9f3a"],[0.8888888888888888,"#fdca26"],[1.0,"#f0f921"]],"sequentialminus":[[0.0,"#0d0887"],[0.1111111111111111,"#46039f"],[0.2222222222222222,"#7201a8"],[0.3333333333333333,"#9c179e"],[0.4444444444444444,"#bd3786"],[0.5555555555555556,"#d8576b"],[0.6666666666666666,"#ed7953"],[0.7777777777777778,"#fb9f3a"],[0.8888888888888888,"#fdca26"],[1.0,"#f0f921"]],"diverging":[[0,"#8e0152"],[0.1,"#c51b7d"],[0.2,"#de77ae"],[0.3,"#f1b6da"],[0.4,"#fde0ef"],[0.5,"#f7f7f7"],[0.6,"#e6f5d0"],[0.7,"#b8e186"],[0.8,"#7fbc41"],[0.9,"#4d9221"],[1,"#276419"]]},"xaxis":{"gridcolor":"rgba(0, 0, 0, 0)","linecolor":"#506784","ticks":"","title":{"standoff":15},"zerolinecolor":"#283442","automargin":true,"zerolinewidth":2,"tickfont":{"family":"Courier New","size":14},"side":"top","tickangle":-90},"yaxis":{"gridcolor":"rgba(0, 0, 0, 0)","linecolor":"#506784","ticks":"","title":{"standoff":15},"zerolinecolor":"#283442","automargin":true,"zerolinewidth":2,"tickfont":{"family":"Courier New"},"side":"right"},"scene":{"xaxis":{"backgroundcolor":"rgb(17,17,17)","gridcolor":"#506784","linecolor":"#506784","showbackground":true,"ticks":"","zerolinecolor":"#C8D4E3","gridwidth":2},"yaxis":{"backgroundcolor":"rgb(17,17,17)","gridcolor":"#506784","linecolor":"#506784","showbackground":true,"ticks":"","zerolinecolor":"#C8D4E3","gridwidth":2},"zaxis":{"backgroundcolor":"rgb(17,17,17)","gridcolor":"#506784","linecolor":"#506784","showbackground":true,"ticks":"","zerolinecolor":"#C8D4E3","gridwidth":2}},"shapedefaults":{"line":{"color":"#f2f5fa"}},"annotationdefaults":{"arrowcolor":"#f2f5fa","arrowhead":0,"arrowwidth":1},"geo":{"bgcolor":"rgb(17,17,17)","landcolor":"rgb(17,17,17)","subunitcolor":"#506784","showland":true,"showlakes":true,"lakecolor":"rgb(17,17,17)"},"title":{"x":0.05,"font":{"family":"Times New Roman"},"y":0.05,"text":"<b>Correlation of Close<b><br><i>2016-09-23 ~ 2026-01-14<i>"},"updatemenudefaults":{"bgcolor":"#506784","borderwidth":0},"sliderdefaults":{"bgcolor":"#C8D4E3","borderwidth":1,"bordercolor":"rgb(17,17,17)","tickwidth":0},"mapbox":{"style":"dark"},"annotations":[{"text":"<b>@zwindr<b>","textangle":0,"opacity":0.5,"font":{"color":"white","size":12},"xref":"paper","yref":"paper","xanchor":"left","yanchor":"bottom","x":1.0,"y":1.0,"showarrow":false}]},"config":{"responsive":true,"toImageButtonOptions":{"filename":"Correlation of Close_2016-09-23~2026-01-14","scale":5}}};Plotly.newPlot("correlationClose",correlationClose.data,correlationClose.layout||{},correlationClose.config);}else{console.log("style display is none => correlationClose");}