var element=document.getElementById("correlationAdjClose");if(element.style.display!='none'){var correlationAdjClose={"data":[{"type":"heatmap","z":[[1.0,0.9951858610093733,0.9747743641331245,0.9969760276960408,0.9543151458551186,0.9843811275815092,0.954850057222973,0.9885109438162348,0.9756331387261371,0.9971305412476669,0.9965963296518734,0.9970642779319969,0.9930554733838597,0.9941248596780515,0.9966569097243876,0.9857908389758795,0.9997262746550656,0.9882825880349277,0.8971945112023557,0.9177440238256565,0.680791717729711,0.9846630265860264,0.9359053860303126,0.35380659097095096,-0.2973044445711059,0.8991175910044137,0.9258535102514032,0.9612130615717239,0.9760140939315961,0.9647349572787006,0.9795410706554627,0.9699369357968456,0.9393289435466701,0.9832905432653376,0.9758449570003876,0.9568696972463934],[0.9951858610093733,1.0,0.9712772541082514,0.9919111211339493,0.9505421035773567,0.9806444542720951,0.9510564692875411,0.9809716136364739,0.9699937909842039,0.9931713112264086,0.9949671679596795,0.9945088308839517,0.9922130911624134,0.9922553098350956,0.9949972661863424,0.980999538522399,0.9974025263012732,0.9830424501338278,0.9172508994082768,0.9080246915460333,0.7023286948262487,0.9696929259009348,0.9197248254282465,0.35331994420644536,-0.23001637948711254,0.8779971104192038,0.9205706189393006,0.9606227951797717,0.9573116783484504,0.9529950005240011,0.9710514342671527,0.9566457863039086,0.938541462845373,0.9741633949152896,0.967508508950273,0.9520006558705099],[0.9747743641331245,0.9712772541082514,1.0,0.9845936618950676,0.9943550859358095,0.9715906031735315,0.9785245449283393,0.9573269267112471,0.9768573551634872,0.9843066100912601,0.9909395583727999,0.987668488256456,0.9970738620177162,0.9968617110011461,0.9907004241006919,0.9690553730503899,0.9850687348607207,0.9567991522677445,0.8548002684267992,0.8197503254834532,0.5470838306105166,0.9923699007069974,0.9354123131768052,0.18185180905073764,-0.22150937317632238,0.8795824428340829,0.9439865422926694,0.9693671553602371,0.9147590109403569,0.906005122132688,0.9675293618973955,0.9085518342844157,0.8827288099747072,0.9636092042218077,0.9717696223878101,0.9158291427341813],[0.9969760276960408,0.9919111211339493,0.9845936618950676,1.0,0.9713891287673903,0.9758594457307431,0.9525384359161224,0.9793589567198476,0.971793473849348,0.9999713445667185,0.9999922267820861,0.9999640170112313,0.9937649511930384,0.9925409425252246,0.9999528071160252,0.9745386620331907,0.9957849265871663,0.9787845891523095,0.8791469386488417,0.8987160828805677,0.6410409674507961,0.9940685261050942,0.940830128414312,0.32000789854192946,-0.2857813423891702,0.8897652294288007,0.9385811032790439,0.9641240094933101,0.9623650785537714,0.9575751822077933,0.9817221469423698,0.9561927052086318,0.9224165415918071,0.9800072246555489,0.9740014805247348,0.9454733018852084],[0.9543151458551186,0.9505421035773567,0.9943550859358095,0.9713891287673903,1.0,0.9428906912728015,0.9572807460745351,0.9293403545922839,0.9545248517788437,0.9714780849976479,0.9808575080612336,0.9769080565486926,0.9833663792936976,0.9807103662323831,0.980446911157826,0.9388953828182188,0.9654195694200925,0.9284541780044229,0.818213526991708,0.7859937630501727,0.4944134501505039,0.9863810417486317,0.9288078979050443,0.14571545361138802,-0.2096763081362368,0.8431629956950629,0.9516161180843816,0.95260978781135,0.880991789237523,0.879426459182589,0.9539189027742265,0.8748721944644393,0.8420126422334985,0.9433864464814367,0.9514449238279822,0.8821187666661324],[0.9843811275815092,0.9806444542720951,0.9715906031735315,0.9758594457307431,0.9428906912728015,1.0,0.983030514790081,0.9829011981019763,0.9833134873755427,0.9753386267865747,0.9699134069566974,0.9733984323057842,0.9728457702967043,0.9703962433912329,0.9698704143576563,0.999903829463332,0.9872360180737441,0.9837761450374652,0.9012127212210218,0.8722953876035275,0.6500493693125748,0.9673317693571353,0.9079294038136254,0.23226365823124148,-0.22096328870946091,0.9321762952236964,0.8983700333453245,0.9655230736372857,0.9596751852077778,0.9359743337068364,0.9591359048120432,0.9551759384277655,0.9516225872214034,0.9643894759077835,0.9800652942763762,0.9591698365843141],[0.954850057222973,0.9510564692875411,0.9785245449283393,0.9525384359161224,0.9572807460745351,0.983030514790081,1.0,0.9547701342563506,0.9848221256268741,0.9512584374645997,0.9610266545288043,0.9576752795919264,0.9779745571494197,0.9784645822488579,0.9607858246049528,0.9842514574743274,0.9725733139423378,0.9571283907200646,0.8646913691812419,0.7919472640140105,0.5390776609263012,0.9562695007279469,0.9107945645669361,0.0926473748219462,-0.16072245616819875,0.8934882429980379,0.8991140438893714,0.961238030476931,0.9037426951994563,0.8739255688603025,0.9411776492225725,0.8976651314788838,0.9022041021439569,0.9390122011031744,0.9704125654279638,0.9153669990518467],[0.9885109438162348,0.9809716136364739,0.9573269267112471,0.9793589567198476,0.9293403545922839,0.9829011981019763,0.9547701342563506,1.0,0.9840878073796077,0.9793583432537979,0.974472130209719,0.9782149544102163,0.9679301133424959,0.9668672145431093,0.9746215322008771,0.9846931187962806,0.9861471265586391,0.999885911373061,0.9279787517838101,0.930163751208087,0.6191900742822989,0.9661755503493723,0.9017005199829166,0.20888968404404415,-0.31006409729783496,0.9080648966649297,0.8736687242133175,0.9464127976529333,0.9794775078960343,0.9582263744821412,0.9683059095821092,0.9667411867404343,0.9380331955109392,0.964370375346019,0.9615450946827814,0.9687323395445864],[0.9756331387261371,0.9699937909842039,0.9768573551634872,0.971793473849348,0.9545248517788437,0.9833134873755427,0.9848221256268741,0.9840878073796077,1.0,0.9710968522539064,0.9671576524372971,0.9698890564673066,0.9711410113788383,0.9677637984351439,0.967049671585868,0.9824014724808996,0.9752609704074423,0.9834606197010025,0.9024656868999126,0.8640065534833267,0.5368087176309139,0.9688659750219099,0.920057929438764,0.0688180709547726,-0.23332036287204427,0.8861633480852328,0.8820542528003633,0.9661110503253071,0.9385468349436705,0.9082023828360349,0.9632059770249589,0.9247449061248254,0.9045716551008606,0.9552723253890438,0.9744109483078953,0.9306242086302852],[0.9971305412476669,0.9931713112264086,0.9843066100912601,0.9999713445667185,0.9714780849976479,0.9753386267865747,0.9512584374645997,0.9793583432537979,0.9710968522539064,1.0,0.9999908432752588,0.9999831478771931,0.9936644934064894,0.9924202616538605,0.9999574175369309,0.9740271602883911,0.9956737248860357,0.9788772863770981,0.8809256613843824,0.8999788432787054,0.6377531452150342,0.9942579801457424,0.9407698930830505,0.32500963839557623,-0.28526020794417983,0.8903624523103807,0.9368890592163953,0.9627486011937922,0.9621227769796883,0.9567896838495251,0.9808504446112863,0.9556154157799611,0.921107036024721,0.9792909077740931,0.9729926548248116,0.9440684765288994],[0.9965963296518734,0.9949671679596795,0.9909395583727999,0.9999922267820861,0.9808575080612336,0.9699134069566974,0.9610266545288043,0.974472130209719,0.9671576524372971,0.9999908432752588,1.0,0.9999745002107987,0.9937887691673303,0.9925397747658093,0.9999599307665683,0.9695600105596018,0.9954630487346081,0.9750318527077714,0.901411539393099,0.9280609786436896,0.5091870006967186,0.9973548625128859,0.9275494179396948,-0.15754627383131056,0.37863759505351147,0.8868298729835803,0.9093590327313262,0.9643343340483743,0.9526385316804468,0.9402417679941938,0.9732952935864081,0.9354776958977342,0.8978046680798336,0.9708571073285714,0.9817330444862811,0.9399105052042304],[0.9970642779319969,0.9945088308839517,0.987668488256456,0.9999640170112313,0.9769080565486926,0.9733984323057842,0.9576752795919264,0.9782149544102163,0.9698890564673066,0.9999831478771931,0.9999745002107987,1.0,0.9936639485583736,0.9923955060982125,0.9999683651744963,0.9731149821647342,0.9955781293656177,0.9782640848606234,0.8882746458042291,0.9168434963175371,0.5768757130187875,0.9963700557803853,0.9379934513523679,0.055773336640918325,-0.19169054291971585,0.9020346642747217,0.92346823131347,0.9584014099064473,0.9559166798910992,0.9477630428979065,0.9777268602375976,0.9463176219814056,0.9159181705813964,0.9759980956104054,0.9728097298504539,0.9476001601229007],[0.9930554733838597,0.9922130911624134,0.9970738620177162,0.9937649511930384,0.9833663792936976,0.9728457702967043,0.9779745571494197,0.9679301133424959,0.9711410113788383,0.9936644934064894,0.9937887691673303,0.9936639485583736,1.0,0.9997810400792568,0.9937738584719182,0.9723504224412716,0.9931568370120283,0.9684357405084849,0.8900415037790178,0.9160425066927679,0.4298937521664833,0.9900723503051541,0.9247732566668802,-0.41970991945474434,0.39158758527523707,0.8671462974956166,0.9105225238043326,0.9663207135745938,0.9346402554810107,0.9097033556070141,0.9591867300453273,0.9125679645517816,0.8648636444766015,0.9681657930346248,0.9784735655397723,0.9322612604390506],[0.9941248596780515,0.9922553098350956,0.9968617110011461,0.9925409425252246,0.9807103662323831,0.9703962433912329,0.9784645822488579,0.9668672145431093,0.9677637984351439,0.9924202616538605,0.9925397747658093,0.9923955060982125,0.9997810400792568,1.0,0.9926416971903174,0.9697748508662377,0.994041396575627,0.9675261792939556,0.8741687873227436,0.926100334465275,0.28578055165152827,0.9866184774719703,0.9190878005465113,-0.7540596936881288,0.3606131621770982,0.8344207109573601,0.9085541048748934,0.9621355247895363,0.9282473904946625,0.8994777431623364,0.9534119593872319,0.9138144086372288,0.8429870412821565,0.9687568277277718,0.9768095018278549,0.9273354158440613],[0.9966569097243876,0.9949972661863424,0.9907004241006919,0.9999528071160252,0.980446911157826,0.9698704143576563,0.9607858246049528,0.9746215322008771,0.967049671585868,0.9999574175369309,0.9999599307665683,0.9999683651744963,0.9937738584719182,0.9926416971903174,1.0,0.9695137333563315,0.9955124562799539,0.9750677005516395,0.9015834226387011,0.928527492902286,0.5090079115429128,0.9971853422345234,0.9277030739686078,-0.15557786573509821,0.3801428830800263,0.8867371415168995,0.9086275770476702,0.9638391485680459,0.9527299967686417,0.940628432747448,0.9732961655427956,0.9359598778787062,0.8981610481010405,0.9707943806286992,0.9816843128771494,0.9404824946654871],[0.9857908389758795,0.980999538522399,0.9690553730503899,0.9745386620331907,0.9388953828182188,0.999903829463332,0.9842514574743274,0.9846931187962806,0.9824014724808996,0.9740271602883911,0.9695600105596018,0.9731149821647342,0.9723504224412716,0.9697748508662377,0.9695137333563315,1.0,0.9872000027870363,0.9840140708938178,0.904182577327606,0.8961764223731251,0.6367589822931529,0.9647122772130345,0.9023871001081001,0.08543829961731267,-0.19941681414055729,0.9391080599307822,0.8865174297567454,0.9627337218904196,0.9630998814372886,0.9334931321720545,0.9557082681222135,0.9564708379223471,0.9506382967032599,0.9663384298746459,0.9792555166555472,0.9632526336045991],[0.9997262746550656,0.9974025263012732,0.9850687348607207,0.9957849265871663,0.9654195694200925,0.9872360180737441,0.9725733139423378,0.9861471265586391,0.9752609704074423,0.9956737248860357,0.9954630487346081,0.9955781293656177,0.9931568370120283,0.994041396575627,0.9955124562799539,0.9872000027870363,1.0,0.9866362785687057,0.9213983185586728,0.9386115929277126,0.5689041409704533,0.9883831265508217,0.9189062345948462,-0.09706941064939505,0.408660624246305,0.9164773695926848,0.8979434279676496,0.9673346926572522,0.9701501705701271,0.9495407844036831,0.9712595860950946,0.9549044280560315,0.9293602633283403,0.9770126853281714,0.9873031341736829,0.9633588854886835],[0.9882825880349277,0.9830424501338278,0.9567991522677445,0.9787845891523095,0.9284541780044229,0.9837761450374652,0.9571283907200646,0.999885911373061,0.9834606197010025,0.9788772863770981,0.9750318527077714,0.9782640848606234,0.9684357405084849,0.9675261792939556,0.9750677005516395,0.9840140708938178,0.9866362785687057,1.0,0.9308638207047336,0.9363456904126048,0.6161238056611227,0.9645448356253828,0.9053177672828857,0.17223464880622497,-0.2914107668577829,0.9127895254741956,0.868941050987535,0.9463533201195539,0.9799706083911819,0.957706388091126,0.966627121746087,0.9654988166215355,0.9377440318780819,0.9635490925706838,0.959612772201399,0.9698284896910468],[0.8971945112023557,0.9172508994082768,0.8548002684267992,0.8791469386488417,0.818213526991708,0.9012127212210218,0.8646913691812419,0.9279787517838101,0.9024656868999126,0.8809256613843824,0.901411539393099,0.8882746458042291,0.8900415037790178,0.8741687873227436,0.9015834226387011,0.904182577327606,0.9213983185586728,0.9308638207047336,1.0,0.8305789953671289,0.6907339965281639,0.8505544229655952,0.8055490769579502,0.25470993598991015,-0.16606541292282395,0.859347489946222,0.7424208420769849,0.8567703224974925,0.893624775254158,0.8605102175719803,0.8534506012193989,0.8730389470501954,0.8595335960962701,0.8549937412617121,0.8738071656610917,0.8962403618300704],[0.9177440238256565,0.9080246915460333,0.8197503254834532,0.8987160828805677,0.7859937630501727,0.8722953876035275,0.7919472640140105,0.930163751208087,0.8640065534833267,0.8999788432787054,0.9280609786436896,0.9168434963175371,0.9160425066927679,0.926100334465275,0.928527492902286,0.8961764223731251,0.9386115929277126,0.9363456904126048,0.8305789953671289,1.0,0.8218708195840427,0.8487635634666211,0.866230179865923,0.6285645626522297,-0.5236909274355045,0.7204736498249648,0.8201209955282716,0.8156700418891704,0.9599525760645646,0.938571919623292,0.8966880550162171,0.9476721359121182,0.9020056260981658,0.8998649424326508,0.85121602113955,0.8875081083276697],[0.680791717729711,0.7023286948262487,0.5470838306105166,0.6410409674507961,0.4944134501505039,0.6500493693125748,0.5390776609263012,0.6191900742822989,0.5368087176309139,0.6377531452150342,0.5091870006967186,0.5768757130187875,0.4298937521664833,0.28578055165152827,0.5090079115429128,0.6367589822931529,0.5689041409704533,0.6161238056611227,0.6907339965281639,0.8218708195840427,1.0,0.5718198604281934,0.679624394701217,0.7241611442066077,-0.11599705074425745,0.5327442140786376,0.5770227621401646,0.6011467904746387,0.7666488239735995,0.6954847125068746,0.6100528014402403,0.7310169087467902,0.7490110200537161,0.6523971500256175,0.6200679835242578,0.6728156456988249],[0.9846630265860264,0.9696929259009348,0.9923699007069974,0.9940685261050942,0.9863810417486317,0.9673317693571353,0.9562695007279469,0.9661755503493723,0.9688659750219099,0.9942579801457424,0.9973548625128859,0.9963700557803853,0.9900723503051541,0.9866184774719703,0.9971853422345234,0.9647122772130345,0.9883831265508217,0.9645448356253828,0.8505544229655952,0.8487635634666211,0.5718198604281934,1.0,0.9197195844634065,0.24721925488440216,-0.27651560309523093,0.8713744791313016,0.9440487575458802,0.9672079113492937,0.928399378766853,0.9373174316524163,0.9737407215356849,0.9313854759798167,0.8933861539208641,0.96892389265665,0.9598305777597419,0.9247175813752072],[0.9359053860303126,0.9197248254282465,0.9354123131768052,0.940830128414312,0.9288078979050443,0.9079294038136254,0.9107945645669361,0.9017005199829166,0.920057929438764,0.9407698930830505,0.9275494179396948,0.9379934513523679,0.9247732566668802,0.9190878005465113,0.9277030739686078,0.9023871001081001,0.9189062345948462,0.9053177672828857,0.8055490769579502,0.866230179865923,0.679624394701217,0.9197195844634065,1.0,0.28667822556769285,-0.19016639930823678,0.7210419387903422,0.912983859199638,0.9018825507452816,0.8983033025905479,0.8603958409506178,0.9376696332168947,0.8730693092291033,0.8406044434360717,0.9324457910764183,0.889402752770557,0.8611013524961291],[0.35380659097095096,0.35331994420644536,0.18185180905073764,0.32000789854192946,0.14571545361138802,0.23226365823124148,0.0926473748219462,0.20888968404404415,0.0688180709547726,0.32500963839557623,-0.15754627383131056,0.055773336640918325,-0.41970991945474434,-0.7540596936881288,-0.15557786573509821,0.08543829961731267,-0.09706941064939505,0.17223464880622497,0.25470993598991015,0.6285645626522297,0.7241611442066077,0.24721925488440216,0.28667822556769285,1.0,-0.3796056227795342,0.25775275241622586,0.22901788385524302,0.16524234016075803,0.45410616105774604,0.44580558494285555,0.2894318535307796,0.4688788290658057,0.3975878968873808,0.31855854401250794,0.2415873889104804,0.3608311417810739],[-0.2973044445711059,-0.23001637948711254,-0.22150937317632238,-0.2857813423891702,-0.2096763081362368,-0.22096328870946091,-0.16072245616819875,-0.31006409729783496,-0.23332036287204427,-0.28526020794417983,0.37863759505351147,-0.19169054291971585,0.39158758527523707,0.3606131621770982,0.3801428830800263,-0.19941681414055729,0.408660624246305,-0.2914107668577829,-0.16606541292282395,-0.5236909274355045,-0.11599705074425745,-0.27651560309523093,-0.19016639930823678,-0.3796056227795342,1.0,-0.1584738882870688,-0.26554095632404545,-0.1846582770755467,-0.3862575908901235,-0.37505932559151955,-0.3150601672667269,-0.34471124467269604,-0.21130412105231342,-0.34154652322249013,-0.1857347308836211,-0.31649839685041925],[0.8991175910044137,0.8779971104192038,0.8795824428340829,0.8897652294288007,0.8431629956950629,0.9321762952236964,0.8934882429980379,0.9080648966649297,0.8861633480852328,0.8903624523103807,0.8868298729835803,0.9020346642747217,0.8671462974956166,0.8344207109573601,0.8867371415168995,0.9391080599307822,0.9164773695926848,0.9127895254741956,0.859347489946222,0.7204736498249648,0.5327442140786376,0.8713744791313016,0.7210419387903422,0.25775275241622586,-0.1584738882870688,1.0,0.7662473618035553,0.888124386116438,0.8253710677080648,0.8682619393814544,0.831800254753821,0.8758044938187088,0.8709385930785202,0.8627176539443335,0.8701261036833217,0.9013805230523165],[0.9258535102514032,0.9205706189393006,0.9439865422926694,0.9385811032790439,0.9516161180843816,0.8983700333453245,0.8991140438893714,0.8736687242133175,0.8820542528003633,0.9368890592163953,0.9093590327313262,0.92346823131347,0.9105225238043326,0.9085541048748934,0.9086275770476702,0.8865174297567454,0.8979434279676496,0.868941050987535,0.7424208420769849,0.8201209955282716,0.5770227621401646,0.9440487575458802,0.912983859199638,0.22901788385524302,-0.26554095632404545,0.7662473618035553,1.0,0.8888150731184274,0.8749232797487437,0.8658556677446849,0.9161055760929165,0.86252603618381,0.8249569024487338,0.9143111342324405,0.8980624756044483,0.8577164210120415],[0.9612130615717239,0.9606227951797717,0.9693671553602371,0.9641240094933101,0.95260978781135,0.9655230736372857,0.961238030476931,0.9464127976529333,0.9661110503253071,0.9627486011937922,0.9643343340483743,0.9584014099064473,0.9663207135745938,0.9621355247895363,0.9638391485680459,0.9627337218904196,0.9673346926572522,0.9463533201195539,0.8567703224974925,0.8156700418891704,0.6011467904746387,0.9672079113492937,0.9018825507452816,0.16524234016075803,-0.1846582770755467,0.888124386116438,0.8888150731184274,1.0,0.9127484007963514,0.8973674409135991,0.9467982070671387,0.8972264359961922,0.8891724439089165,0.9526267040910074,0.9743638267881114,0.8971181028942262],[0.9760140939315961,0.9573116783484504,0.9147590109403569,0.9623650785537714,0.880991789237523,0.9596751852077778,0.9037426951994563,0.9794775078960343,0.9385468349436705,0.9621227769796883,0.9526385316804468,0.9559166798910992,0.9346402554810107,0.9282473904946625,0.9527299967686417,0.9630998814372886,0.9701501705701271,0.9799706083911819,0.893624775254158,0.9599525760645646,0.7666488239735995,0.928399378766853,0.8983033025905479,0.45410616105774604,-0.3862575908901235,0.8253710677080648,0.8749232797487437,0.9127484007963514,1.0,0.9867003631968205,0.9598905582683227,0.990791854126728,0.9541515369278365,0.9592955823374749,0.9163163530067986,0.9689080554630749],[0.9647349572787006,0.9529950005240011,0.906005122132688,0.9575751822077933,0.879426459182589,0.9359743337068364,0.8739255688603025,0.9582263744821412,0.9082023828360349,0.9567896838495251,0.9402417679941938,0.9477630428979065,0.9097033556070141,0.8994777431623364,0.940628432747448,0.9334931321720545,0.9495407844036831,0.957706388091126,0.8605102175719803,0.938571919623292,0.6954847125068746,0.9373174316524163,0.8603958409506178,0.44580558494285555,-0.37505932559151955,0.8682619393814544,0.8658556677446849,0.8973674409135991,0.9867003631968205,1.0,0.9508159215037942,0.9846672537000185,0.9564808632693619,0.9413671229419711,0.9256989396903251,0.9648308933672175],[0.9795410706554627,0.9710514342671527,0.9675293618973955,0.9817221469423698,0.9539189027742265,0.9591359048120432,0.9411776492225725,0.9683059095821092,0.9632059770249589,0.9808504446112863,0.9732952935864081,0.9777268602375976,0.9591867300453273,0.9534119593872319,0.9732961655427956,0.9557082681222135,0.9712595860950946,0.966627121746087,0.8534506012193989,0.8966880550162171,0.6100528014402403,0.9737407215356849,0.9376696332168947,0.2894318535307796,-0.3150601672667269,0.831800254753821,0.9161055760929165,0.9467982070671387,0.9598905582683227,0.9508159215037942,1.0,0.950776469987435,0.9105212256483913,0.9789333146671069,0.9645345631087333,0.9443586263165158],[0.9699369357968456,0.9566457863039086,0.9085518342844157,0.9561927052086318,0.8748721944644393,0.9551759384277655,0.8976651314788838,0.9667411867404343,0.9247449061248254,0.9556154157799611,0.9354776958977342,0.9463176219814056,0.9125679645517816,0.9138144086372288,0.9359598778787062,0.9564708379223471,0.9549044280560315,0.9654988166215355,0.8730389470501954,0.9476721359121182,0.7310169087467902,0.9313854759798167,0.8730693092291033,0.4688788290658057,-0.34471124467269604,0.8758044938187088,0.86252603618381,0.8972264359961922,0.990791854126728,0.9846672537000185,0.950776469987435,1.0,0.9743247261197855,0.9467539464495707,0.9389906358272133,0.9652746856335558],[0.9393289435466701,0.938541462845373,0.8827288099747072,0.9224165415918071,0.8420126422334985,0.9516225872214034,0.9022041021439569,0.9380331955109392,0.9045716551008606,0.921107036024721,0.8978046680798336,0.9159181705813964,0.8648636444766015,0.8429870412821565,0.8981610481010405,0.9506382967032599,0.9293602633283403,0.9377440318780819,0.8595335960962701,0.9020056260981658,0.7490110200537161,0.8933861539208641,0.8406044434360717,0.3975878968873808,-0.21130412105231342,0.8709385930785202,0.8249569024487338,0.8891724439089165,0.9541515369278365,0.9564808632693619,0.9105212256483913,0.9743247261197855,1.0,0.9070069985235936,0.9278730252186198,0.9543106147516582],[0.9832905432653376,0.9741633949152896,0.9636092042218077,0.9800072246555489,0.9433864464814367,0.9643894759077835,0.9390122011031744,0.964370375346019,0.9552723253890438,0.9792909077740931,0.9708571073285714,0.9759980956104054,0.9681657930346248,0.9687568277277718,0.9707943806286992,0.9663384298746459,0.9770126853281714,0.9635490925706838,0.8549937412617121,0.8998649424326508,0.6523971500256175,0.96892389265665,0.9324457910764183,0.31855854401250794,-0.34154652322249013,0.8627176539443335,0.9143111342324405,0.9526267040910074,0.9592955823374749,0.9413671229419711,0.9789333146671069,0.9467539464495707,0.9070069985235936,1.0,0.9613393107523869,0.9459591986262988],[0.9758449570003876,0.967508508950273,0.9717696223878101,0.9740014805247348,0.9514449238279822,0.9800652942763762,0.9704125654279638,0.9615450946827814,0.9744109483078953,0.9729926548248116,0.9817330444862811,0.9728097298504539,0.9784735655397723,0.9768095018278549,0.9816843128771494,0.9792555166555472,0.9873031341736829,0.959612772201399,0.8738071656610917,0.85121602113955,0.6200679835242578,0.9598305777597419,0.889402752770557,0.2415873889104804,-0.1857347308836211,0.8701261036833217,0.8980624756044483,0.9743638267881114,0.9163163530067986,0.9256989396903251,0.9645345631087333,0.9389906358272133,0.9278730252186198,0.9613393107523869,1.0,0.9252079955060777],[0.9568696972463934,0.9520006558705099,0.9158291427341813,0.9454733018852084,0.8821187666661324,0.9591698365843141,0.9153669990518467,0.9687323395445864,0.9306242086302852,0.9440684765288994,0.9399105052042304,0.9476001601229007,0.9322612604390506,0.9273354158440613,0.9404824946654871,0.9632526336045991,0.9633588854886835,0.9698284896910468,0.8962403618300704,0.8875081083276697,0.6728156456988249,0.9247175813752072,0.8611013524961291,0.3608311417810739,-0.31649839685041925,0.9013805230523165,0.8577164210120415,0.8971181028942262,0.9689080554630749,0.9648308933672175,0.9443586263165158,0.9652746856335558,0.9543106147516582,0.9459591986262988,0.9252079955060777,1.0]],"x":["^TAIEX       \u81fa\u7063\u52a0\u6b0a\u5831\u916c\u6307\u6578","^TWII        \u81fa\u7063\u52a0\u6b0a\u6307\u6578","^TAIEXx2     \u81fa\u7063\u52a0\u6b0a\u5831\u916c\u6307\u6578_\u65e5\u6b632","^TAI50I      \u81fa\u706350\u5831\u916c\u6307\u6578","^TAI50Ix2    \u81fa\u706350\u5831\u916c\u6307\u6578_\u65e5\u6b632","^TAI100I     \u81fa\u7063\u4e2d\u578b100\u5831\u916c\u6307\u6578","^TAI100Ix2   \u81fa\u7063\u4e2d\u578b100\u5831\u916c\u6307\u6578_\u65e5\u6b632","^TAIDIVIDI   \u81fa\u7063\u9ad8\u80a1\u606f\u5831\u916c\u6307\u6578","^TAIDIVIDIx2 \u81fa\u7063\u9ad8\u80a1\u606f\u5831\u916c\u6307\u6578_\u65e5\u6b632","0050Fund     \u5143\u5927\u53f0\u7063\u5353\u8d8a50\u57fa\u91d1","006208Fund   \u5bcc\u90a6\u53f0\u7063\u91c6\u540950\u57fa\u91d1","0050         \u5143\u5927\u81fa\u706350","00631L       \u5143\u5927\u53f0\u706350\u6b632","00675L       \u5bcc\u90a6\u81fa\u7063\u52a0\u6b0a\u6b632","006208       \u5bcc\u90a6\u53f050","0051         \u5143\u5927\u4e2d\u578b100","006204       \u6c38\u8c50\u81fa\u7063\u52a0\u6b0a","0056         \u5143\u5927\u9ad8\u80a1\u606f","0056         \u5143\u5927\u9ad8\u80a1\u606f_\u80a1\u606f\u4e0d\u6295\u5165","2412         \u4e2d\u83ef\u96fb\u4fe1","2002         \u4e2d\u92fc","2330         \u53f0\u7a4d\u96fb","2317         \u9d3b\u6d77","6505         \u53f0\u5851\u77f3\u5316","3481         \u7fa4\u5275","2303         \u806f\u96fb","2308         \u53f0\u9054\u96fb","2454         \u806f\u767c\u79d1","2886         \u5146\u8c50\u91d1","2884         \u7389\u5c71\u91d1","2891         \u4e2d\u4fe1\u91d1","2892         \u7b2c\u4e00\u91d1","5880         \u5408\u5eab\u91d1","2881         \u5bcc\u90a6\u91d1","2885         \u5143\u5927\u91d1","2887         \u53f0\u65b0\u91d1"],"y":["^TAIEX       \u81fa\u7063\u52a0\u6b0a\u5831\u916c\u6307\u6578","^TWII        \u81fa\u7063\u52a0\u6b0a\u6307\u6578","^TAIEXx2     \u81fa\u7063\u52a0\u6b0a\u5831\u916c\u6307\u6578_\u65e5\u6b632","^TAI50I      \u81fa\u706350\u5831\u916c\u6307\u6578","^TAI50Ix2    \u81fa\u706350\u5831\u916c\u6307\u6578_\u65e5\u6b632","^TAI100I     \u81fa\u7063\u4e2d\u578b100\u5831\u916c\u6307\u6578","^TAI100Ix2   \u81fa\u7063\u4e2d\u578b100\u5831\u916c\u6307\u6578_\u65e5\u6b632","^TAIDIVIDI   \u81fa\u7063\u9ad8\u80a1\u606f\u5831\u916c\u6307\u6578","^TAIDIVIDIx2 \u81fa\u7063\u9ad8\u80a1\u606f\u5831\u916c\u6307\u6578_\u65e5\u6b632","0050Fund     \u5143\u5927\u53f0\u7063\u5353\u8d8a50\u57fa\u91d1","006208Fund   \u5bcc\u90a6\u53f0\u7063\u91c6\u540950\u57fa\u91d1","0050         \u5143\u5927\u81fa\u706350","00631L       \u5143\u5927\u53f0\u706350\u6b632","00675L       \u5bcc\u90a6\u81fa\u7063\u52a0\u6b0a\u6b632","006208       \u5bcc\u90a6\u53f050","0051         \u5143\u5927\u4e2d\u578b100","006204       \u6c38\u8c50\u81fa\u7063\u52a0\u6b0a","0056         \u5143\u5927\u9ad8\u80a1\u606f","0056         \u5143\u5927\u9ad8\u80a1\u606f_\u80a1\u606f\u4e0d\u6295\u5165","2412         \u4e2d\u83ef\u96fb\u4fe1","2002         \u4e2d\u92fc","2330         \u53f0\u7a4d\u96fb","2317         \u9d3b\u6d77","6505         \u53f0\u5851\u77f3\u5316","3481         \u7fa4\u5275","2303         \u806f\u96fb","2308         \u53f0\u9054\u96fb","2454         \u806f\u767c\u79d1","2886         \u5146\u8c50\u91d1","2884         \u7389\u5c71\u91d1","2891         \u4e2d\u4fe1\u91d1","2892         \u7b2c\u4e00\u91d1","5880         \u5408\u5eab\u91d1","2881         \u5bcc\u90a6\u91d1","2885         \u5143\u5927\u91d1","2887         \u53f0\u65b0\u91d1"],"zmin":-1,"zmax":1,"colorbar":{"x":-0.2}}],"layout":{"autotypenumbers":"strict","colorway":["#636efa","#EF553B","#00cc96","#ab63fa","#FFA15A","#19d3f3","#FF6692","#B6E880","#FF97FF","#FECB52"],"font":{"color":"#f2f5fa","family":"Courier New"},"hovermode":"closest","hoverlabel":{"align":"left"},"paper_bgcolor":"rgb(17,17,17)","plot_bgcolor":"rgb(17,17,17)","polar":{"bgcolor":"rgb(17,17,17)","angularaxis":{"gridcolor":"#506784","linecolor":"#506784","ticks":""},"radialaxis":{"gridcolor":"#506784","linecolor":"#506784","ticks":""}},"ternary":{"bgcolor":"rgb(17,17,17)","aaxis":{"gridcolor":"#506784","linecolor":"#506784","ticks":""},"baxis":{"gridcolor":"#506784","linecolor":"#506784","ticks":""},"caxis":{"gridcolor":"#506784","linecolor":"#506784","ticks":""}},"coloraxis":{"colorbar":{"outlinewidth":0,"ticks":""}},"colorscale":{"sequential":[[0.0,"#0d0887"],[0.1111111111111111,"#46039f"],[0.2222222222222222,"#7201a8"],[0.3333333333333333,"#9c179e"],[0.4444444444444444,"#bd3786"],[0.5555555555555556,"#d8576b"],[0.6666666666666666,"#ed7953"],[0.7777777777777778,"#fb9f3a"],[0.8888888888888888,"#fdca26"],[1.0,"#f0f921"]],"sequentialminus":[[0.0,"#0d0887"],[0.1111111111111111,"#46039f"],[0.2222222222222222,"#7201a8"],[0.3333333333333333,"#9c179e"],[0.4444444444444444,"#bd3786"],[0.5555555555555556,"#d8576b"],[0.6666666666666666,"#ed7953"],[0.7777777777777778,"#fb9f3a"],[0.8888888888888888,"#fdca26"],[1.0,"#f0f921"]],"diverging":[[0,"#8e0152"],[0.1,"#c51b7d"],[0.2,"#de77ae"],[0.3,"#f1b6da"],[0.4,"#fde0ef"],[0.5,"#f7f7f7"],[0.6,"#e6f5d0"],[0.7,"#b8e186"],[0.8,"#7fbc41"],[0.9,"#4d9221"],[1,"#276419"]]},"xaxis":{"gridcolor":"rgba(0, 0, 0, 0)","linecolor":"#506784","ticks":"","title":{"standoff":15},"zerolinecolor":"#283442","automargin":true,"zerolinewidth":2,"tickfont":{"family":"Courier New","size":14},"side":"top","tickangle":-90},"yaxis":{"gridcolor":"rgba(0, 0, 0, 0)","linecolor":"#506784","ticks":"","title":{"standoff":15},"zerolinecolor":"#283442","automargin":true,"zerolinewidth":2,"tickfont":{"family":"Courier New"},"side":"right"},"scene":{"xaxis":{"backgroundcolor":"rgb(17,17,17)","gridcolor":"#506784","linecolor":"#506784","showbackground":true,"ticks":"","zerolinecolor":"#C8D4E3","gridwidth":2},"yaxis":{"backgroundcolor":"rgb(17,17,17)","gridcolor":"#506784","linecolor":"#506784","showbackground":true,"ticks":"","zerolinecolor":"#C8D4E3","gridwidth":2},"zaxis":{"backgroundcolor":"rgb(17,17,17)","gridcolor":"#506784","linecolor":"#506784","showbackground":true,"ticks":"","zerolinecolor":"#C8D4E3","gridwidth":2}},"shapedefaults":{"line":{"color":"#f2f5fa"}},"annotationdefaults":{"arrowcolor":"#f2f5fa","arrowhead":0,"arrowwidth":1},"geo":{"bgcolor":"rgb(17,17,17)","landcolor":"rgb(17,17,17)","subunitcolor":"#506784","showland":true,"showlakes":true,"lakecolor":"rgb(17,17,17)"},"title":{"x":0.05,"font":{"family":"Times New Roman"},"y":0.05,"text":"<b>Correlation of Adj Close<b><br><i>2016-09-23 ~ 2026-01-02<i>"},"updatemenudefaults":{"bgcolor":"#506784","borderwidth":0},"sliderdefaults":{"bgcolor":"#C8D4E3","borderwidth":1,"bordercolor":"rgb(17,17,17)","tickwidth":0},"mapbox":{"style":"dark"},"annotations":[{"text":"<b>@zwindr<b>","textangle":0,"opacity":0.5,"font":{"color":"white","size":12},"xref":"paper","yref":"paper","xanchor":"left","yanchor":"bottom","x":1.0,"y":1.0,"showarrow":false}]},"config":{"responsive":true,"toImageButtonOptions":{"filename":"Correlation of Adj Close_2016-09-23~2026-01-02","scale":5}}};Plotly.newPlot("correlationAdjClose",correlationAdjClose.data,correlationAdjClose.layout||{},correlationAdjClose.config);}else{console.log("style display is none => correlationAdjClose");}