var element=document.getElementById("correlationAdjClose");if(element.style.display!='none'){var correlationAdjClose={"data":[{"type":"heatmap","z":[[1.0,0.9948397343471199,0.975564723320626,0.9971477183752073,0.9571467864398113,0.9834782500855672,0.9516057990980487,0.9893499014747356,0.974303021309808,0.9972952364043992,0.9967249421096946,0.9971952434847164,0.9932255265767251,0.9941537291459143,0.9967760872248014,0.9851404099243509,0.9997088740579271,0.989215775383542,0.899973516562019,0.9196964931441375,0.7000964579913288,0.984787981008596,0.9312330119890533,0.37446265516696403,-0.2995523906740785,0.898476330088211,0.9321308965267583,0.959344218172429,0.978150703843201,0.9650265632451308,0.9783750470427476,0.971374455088548,0.9417817115073449,0.982192343046803,0.9741650199283673,0.9555784864807942],[0.9948397343471199,1.0,0.9715831586955056,0.9916544505081235,0.9529172905288389,0.9795173476565902,0.9474627200356371,0.9814623660564904,0.9683185433404702,0.9929559152674975,0.9948976276787289,0.9943636068859494,0.9923221357537786,0.9921087276905906,0.9949108460862106,0.980048729161633,0.9971818618555714,0.9837648095892294,0.921291315746576,0.9097153245275842,0.7186974539223149,0.9687179027214162,0.9140300052679232,0.3745892073640586,-0.2300578009328597,0.8761058419915333,0.9255623851485139,0.9586208257272318,0.9585450193079191,0.9526252046834482,0.9692367729884739,0.957453801276213,0.9407525621559512,0.9724576264587192,0.9653045544800114,0.9504032843887515],[0.975564723320626,0.9715831586955056,1.0,0.9843064468775452,0.994644069802285,0.9736457305203328,0.9775888571827476,0.9622811603952786,0.9799794807160712,0.9839772828233398,0.990656016312553,0.9873521576358902,0.996997226216765,0.9967824823437399,0.9904182602240355,0.9713166111552718,0.9857556451000418,0.9618972846243399,0.8642652882055514,0.8245028580001987,0.5737307604385552,0.9918566560702268,0.9299088753641138,0.2031254018870543,-0.22358532873838904,0.885755834313135,0.9399123780610263,0.9729375268673331,0.9214351710049777,0.9092237076258936,0.9659394410654586,0.9139171848822726,0.8911343686604203,0.9641896281229753,0.9714168925091806,0.9170648947946637],[0.9971477183752073,0.9916544505081235,0.9843064468775452,1.0,0.9727971439098893,0.975075996662986,0.948334570113625,0.9813818726051976,0.9710858121786529,0.999969020188712,0.9999914088822077,0.9999619727799527,0.9930844105158082,0.9915898003386636,0.9999493356171404,0.9739890280017611,0.9957238767240005,0.9809485219624727,0.8841148945879094,0.9024401981371489,0.6631248003704738,0.9938362386297724,0.9356928103781645,0.34282797016041056,-0.2888912032853498,0.8909614442639214,0.9413406389814213,0.9634431310101587,0.9661592619638275,0.9593897330964418,0.9803321426877308,0.9590896942463283,0.926686649602657,0.9791567934149783,0.9720862447556504,0.9447827457308198],[0.9571467864398113,0.9529172905288389,0.994644069802285,0.9727971439098893,1.0,0.946786809377123,0.9566308232659152,0.937846133133013,0.9605618161136722,0.9728479205353774,0.9821324868615942,0.9782901492976126,0.9836007662956431,0.9805423544530038,0.9817311082874888,0.9429924146537769,0.9677175996024554,0.9371618375623264,0.8325696751776341,0.7946118498525068,0.5252520250337613,0.9873061613668647,0.9249250489875683,0.16887214649484583,-0.2130727158439651,0.8533445683248205,0.9443571680635201,0.9601730997558027,0.8916547037490284,0.8863630812510258,0.9538279497580017,0.8837994059591644,0.8543086821424459,0.9462749583498137,0.9525823909742155,0.8854419851412343],[0.9834782500855672,0.9795173476565902,0.9736457305203328,0.975075996662986,0.946786809377123,1.0,0.9829441256873188,0.98250691505969,0.9822738678867909,0.9744957928016168,0.9693439729968462,0.9726597526882957,0.9739431693434051,0.9714589445781767,0.9692658244062559,0.999900906832973,0.986864551813408,0.9834474194209544,0.902276030485354,0.8704537337224503,0.6691304104261273,0.9670135986668077,0.9021850839383577,0.24942289696259512,-0.21969740863719914,0.9325325756240528,0.9053323801629309,0.9637237758399779,0.9598868368002862,0.9340491175220824,0.9571400797520482,0.9548874707587882,0.9532453143113067,0.962090509385477,0.9791932465567763,0.9575766281979795],[0.9516057990980487,0.9474627200356371,0.9775888571827476,0.948334570113625,0.9566308232659152,0.9829441256873188,1.0,0.954919173605032,0.985060840677558,0.9469471550589589,0.9574951266532717,0.9538462212745867,0.9767127595696083,0.9774622174910902,0.9572192922419115,0.9842977052510591,0.9702807933800331,0.9574682785494338,0.8683633656138189,0.7891439058588159,0.561633835007546,0.9523182921925525,0.9025192317628075,0.10842573932424862,-0.15795388876237199,0.8958319967461392,0.8959750054118232,0.960627489753894,0.9042760806233355,0.8708018802396452,0.9363123027708824,0.8973458141014443,0.9056840473332717,0.9349936823634701,0.9682048096033014,0.9130065572757086],[0.9893499014747356,0.9814623660564904,0.9622811603952786,0.9813818726051976,0.937846133133013,0.98250691505969,0.954919173605032,1.0,0.9836354021158251,0.9813536666634778,0.976761312212608,0.9802288764744267,0.9715760886001367,0.9705955775083953,0.9768763374592205,0.9843044718528,0.9872301516070102,0.9998813867135636,0.9279082069676274,0.9286526227586139,0.6364749689669832,0.9690832556819196,0.8991136079200032,0.22818129592249534,-0.31052898018958275,0.9059960337880668,0.8875050185657455,0.9438901264660934,0.979159491870567,0.9566333375735361,0.9693439587755088,0.9657617280705039,0.9373433941688326,0.9632891213443907,0.9613684480536598,0.9673697395537748],[0.974303021309808,0.9683185433404702,0.9799794807160712,0.9710858121786529,0.9605618161136722,0.9822738678867909,0.985060840677558,0.9836354021158251,1.0,0.9703190978968798,0.9668694211328123,0.9691964222078585,0.9728519204741372,0.9697327322870892,0.9667231884674474,0.9813093365394948,0.9742466727729693,0.9829938884774132,0.903215186790947,0.8608469610645728,0.5560754649773516,0.969136469425896,0.9159050652389245,0.08683314258606294,-0.2325511780791372,0.8844223544944588,0.8893094598095772,0.9642746890599883,0.9374769788782906,0.9047323309688878,0.9617845223627044,0.9227051377000954,0.904057189088935,0.9524442198630386,0.9733561379213296,0.9274129602695197],[0.9972952364043992,0.9929559152674975,0.9839772828233398,0.999969020188712,0.9728479205353774,0.9744957928016168,0.9469471550589589,0.9813536666634778,0.9703190978968798,1.0,0.9999898845125456,0.9999829471027678,0.9929686279912763,0.9914499462331824,0.9999545214359521,0.9734187620783064,0.9955986700499472,0.9810165748642893,0.8859528713255092,0.9036097553201359,0.6609443390075321,0.9940296681877437,0.9355348000442205,0.34795219243955805,-0.28831948600500845,0.8917718133080407,0.9395964957370814,0.9619911585655107,0.9658990997137735,0.9585880547414208,0.979365250485015,0.9584921435873747,0.9252798522311938,0.978371994828946,0.9709436969392736,0.9432367195201319],[0.9967249421096946,0.9948976276787289,0.990656016312553,0.9999914088822077,0.9821324868615942,0.9693439729968462,0.9574951266532717,0.976761312212608,0.9668694211328123,0.9999898845125456,1.0,0.9999735834817631,0.9931103836387004,0.9915879819355691,0.9999573240887616,0.9691437332750531,0.9953789924715652,0.9774488162827454,0.9090045772193702,0.9307238531865367,0.5472340844236843,0.9972355610645378,0.9197206290298968,-0.1314159989264106,0.3934711721205292,0.8927255290494859,0.9092047156023915,0.9654665226293041,0.9569440961753846,0.9416695178262717,0.9707639359127829,0.9385555508552801,0.9048610334561967,0.9689055499193973,0.9805958614829283,0.9391004979631159],[0.9971952434847164,0.9943636068859494,0.9873521576358902,0.9999619727799527,0.9782901492976126,0.9726597526882957,0.9538462212745867,0.9802288764744267,0.9691964222078585,0.9999829471027678,0.9999735834817631,1.0,0.9929792025721536,0.9914205757631911,0.99996515387813,0.9725463411887212,0.995495404910674,0.9804684259268858,0.8935458399382307,0.9201653361557307,0.6093870291691644,0.9962312242068584,0.9318510017451916,0.08372319009474914,-0.1937545801512505,0.9063541732702598,0.9251526247886634,0.9577881064132824,0.9601571976798255,0.9497608540434372,0.9758290399990923,0.9494839159843934,0.9217645729517178,0.9746739426017499,0.9706161869052298,0.9476737455428479],[0.9932255265767251,0.9923221357537786,0.996997226216765,0.9930844105158082,0.9836007662956431,0.9739431693434051,0.9767127595696083,0.9715760886001367,0.9728519204741372,0.9929686279912763,0.9931103836387004,0.9929792025721536,1.0,0.9997538473824855,0.9931082429730095,0.973862277221784,0.9932876919101755,0.9724904110773676,0.9017118538967837,0.9179273201360283,0.47550802142561505,0.9888366189627613,0.9155936465449056,-0.39985362315931605,0.4095620875529223,0.8764698561100859,0.9065338074602866,0.9700477928814408,0.940338642745078,0.9094198822104743,0.9546756185843549,0.9156298579647176,0.8740637928066239,0.9664891184447578,0.9778070122517265,0.9315582082297913],[0.9941537291459143,0.9921087276905906,0.9967824823437399,0.9915898003386636,0.9805423544530038,0.9714589445781767,0.9774622174910902,0.9705955775083953,0.9697327322870892,0.9914499462331824,0.9915879819355691,0.9914205757631911,0.9997538473824855,1.0,0.9917017596560915,0.9712864552533506,0.9940315867543915,0.9716947853801671,0.8869926211060435,0.9272900104849257,0.33819738075441935,0.9848445043353462,0.908825454068903,-0.7491835453700774,0.38080054426231175,0.8443914237872221,0.9029324113833211,0.9668301961123578,0.9339049429386428,0.8968675134175504,0.9477893823078213,0.9158079886573854,0.8522543851858824,0.967416175988275,0.9758448946939309,0.925294158736596],[0.9967760872248014,0.9949108460862106,0.9904182602240355,0.9999493356171404,0.9817311082874888,0.9692658244062559,0.9572192922419115,0.9768763374592205,0.9667231884674474,0.9999545214359521,0.9999573240887616,0.99996515387813,0.9931082429730095,0.9917017596560915,1.0,0.9691101516955548,0.9954197639759745,0.9775225885211045,0.9090833103564182,0.9313225497288369,0.5470810946804995,0.9970650357163819,0.9198477986953901,-0.12892507614670795,0.3930356574936778,0.89267506734095,0.9081379256777841,0.9647339095465622,0.9571582049428291,0.942032864763735,0.970736713684509,0.9390910352920296,0.9053873964877678,0.9688415449622926,0.9805376121207828,0.9396249875916679],[0.9851404099243509,0.980048729161633,0.9713166111552718,0.9739890280017611,0.9429924146537769,0.999900906832973,0.9842977052510591,0.9843044718528,0.9813093365394948,0.9734187620783064,0.9691437332750531,0.9725463411887212,0.973862277221784,0.9712864552533506,0.9691101516955548,1.0,0.9869467354060665,0.9836278216079122,0.9051032409502071,0.8942564674005856,0.6601875841336429,0.9646403612036166,0.8964600220906921,0.10638182114833732,-0.19852183233813772,0.9399924067056755,0.8943860089031814,0.9606913855212644,0.9632960670808147,0.9313263795825628,0.9537059285938685,0.9560529705961618,0.9524547898015558,0.9642082600061658,0.978523096647934,0.9618871547085246],[0.9997088740579271,0.9971818618555714,0.9857556451000418,0.9957238767240005,0.9677175996024554,0.986864551813408,0.9702807933800331,0.9872301516070102,0.9742466727729693,0.9955986700499472,0.9953789924715652,0.995495404910674,0.9932876919101755,0.9940315867543915,0.9954197639759745,0.9869467354060665,1.0,0.9878565076877052,0.926191586573737,0.9398011484246392,0.6027047704230749,0.9882705139284924,0.9115732666055528,-0.07081034902572599,0.4195724433698168,0.9204852495007083,0.901061507130744,0.9666834873564873,0.973008444360016,0.9496360830592723,0.969063906927925,0.9567603056528419,0.9346190905737551,0.9752186827109673,0.9863129757066232,0.962867066892006],[0.989215775383542,0.9837648095892294,0.9618972846243399,0.9809485219624727,0.9371618375623264,0.9834474194209544,0.9574682785494338,0.9998813867135636,0.9829938884774132,0.9810165748642893,0.9774488162827454,0.9804684259268858,0.9724904110773676,0.9716947853801671,0.9775225885211045,0.9836278216079122,0.9878565076877052,1.0,0.930770515214699,0.9348600809443701,0.6338378990828191,0.9676990739485035,0.9029684443482583,0.19250445720737147,-0.2921910352484476,0.9109288769736912,0.8829231008725933,0.9438343200335488,0.9796391721366717,0.9560500479509619,0.9677863383683385,0.9644273456614347,0.937106749787857,0.9625482394315813,0.9594213373073357,0.9685161154522519],[0.899973516562019,0.921291315746576,0.8642652882055514,0.8841148945879094,0.8325696751776341,0.902276030485354,0.8683633656138189,0.9279082069676274,0.903215186790947,0.8859528713255092,0.9090045772193702,0.8935458399382307,0.9017118538967837,0.8869926211060435,0.9090833103564182,0.9051032409502071,0.926191586573737,0.930770515214699,1.0,0.8264166644495209,0.7005383043544545,0.8564974558630739,0.8073307935642378,0.2689850150325331,-0.16372720714301756,0.8559640779313411,0.7623155062483508,0.8549739965762329,0.8912647579903775,0.8574325197159188,0.8564577339005446,0.8701708608510936,0.8562108465022564,0.8550137029649927,0.8766567646327147,0.8949952485109562],[0.9196964931441375,0.9097153245275842,0.8245028580001987,0.9024401981371489,0.7946118498525068,0.8704537337224503,0.7891439058588159,0.9286526227586139,0.8608469610645728,0.9036097553201359,0.9307238531865367,0.9201653361557307,0.9179273201360283,0.9272900104849257,0.9313225497288369,0.8942564674005856,0.9398011484246392,0.9348600809443701,0.8264166644495209,1.0,0.8274091736538819,0.8531395519214329,0.8679418285464625,0.6413764450828924,-0.5259998324697244,0.7133833425231905,0.8416277701203397,0.8119282080524866,0.9592361816890732,0.9376773450185957,0.9001647104605931,0.9466359698736433,0.8996691810840575,0.9006133149543988,0.8513663009450464,0.8856105427174619],[0.7000964579913288,0.7186974539223149,0.5737307604385552,0.6631248003704738,0.5252520250337613,0.6691304104261273,0.561633835007546,0.6364749689669832,0.5560754649773516,0.6609443390075321,0.5472340844236843,0.6093870291691644,0.47550802142561505,0.33819738075441935,0.5470810946804995,0.6601875841336429,0.6027047704230749,0.6338378990828191,0.7005383043544545,0.8274091736538819,1.0,0.5912136265678964,0.6980402885771668,0.7249300744862692,-0.11638207849970335,0.5355158023944827,0.6190848114985839,0.6119588795494065,0.7737276461723381,0.7047096597115889,0.6292504872043301,0.7405794377961394,0.7540028752897793,0.6678663777121444,0.635089627772381,0.6838538851349755],[0.984787981008596,0.9687179027214162,0.9918566560702268,0.9938362386297724,0.9873061613668647,0.9670135986668077,0.9523182921925525,0.9690832556819196,0.969136469425896,0.9940296681877437,0.9972355610645378,0.9962312242068584,0.9888366189627613,0.9848445043353462,0.9970650357163819,0.9646403612036166,0.9882705139284924,0.9676990739485035,0.8564974558630739,0.8531395519214329,0.5912136265678964,1.0,0.913114918143125,0.26958714166328435,-0.2808200865272285,0.8737498671631,0.9426787867299259,0.9682444563074831,0.9333106911634096,0.9402206209869587,0.9719423289134504,0.9353523616626114,0.8990828013197342,0.9683406334954195,0.9573223573016627,0.9244068405652917],[0.9312330119890533,0.9140300052679232,0.9299088753641138,0.9356928103781645,0.9249250489875683,0.9021850839383577,0.9025192317628075,0.8991136079200032,0.9159050652389245,0.9355348000442205,0.9197206290298968,0.9318510017451916,0.9155936465449056,0.908825454068903,0.9198477986953901,0.8964600220906921,0.9115732666055528,0.9029684443482583,0.8073307935642378,0.8679418285464625,0.6980402885771668,0.913114918143125,1.0,0.30858972430754733,-0.1895092846574815,0.7119531270422096,0.9130577099785443,0.8965970548122976,0.8978257709963787,0.8560071109407326,0.9327026239890608,0.8709753427339394,0.8395345461341818,0.9279625642227727,0.8809805438441869,0.8547825078848595],[0.37446265516696403,0.3745892073640586,0.2031254018870543,0.34282797016041056,0.16887214649484583,0.24942289696259512,0.10842573932424862,0.22818129592249534,0.08683314258606294,0.34795219243955805,-0.1314159989264106,0.08372319009474914,-0.39985362315931605,-0.7491835453700774,-0.12892507614670795,0.10638182114833732,-0.07081034902572599,0.19250445720737147,0.2689850150325331,0.6413764450828924,0.7249300744862692,0.26958714166328435,0.30858972430754733,1.0,-0.3824801958910439,0.2664849195686972,0.2661714279828054,0.17689201764030207,0.46732150883467366,0.46076337257005223,0.3107308009977797,0.482953216283549,0.4077216999436903,0.33693007154028326,0.2594866617978565,0.37621648855375855],[-0.2995523906740785,-0.2300578009328597,-0.22358532873838904,-0.2888912032853498,-0.2130727158439651,-0.21969740863719914,-0.15795388876237199,-0.31052898018958275,-0.2325511780791372,-0.28831948600500845,0.3934711721205292,-0.1937545801512505,0.4095620875529223,0.38080054426231175,0.3930356574936778,-0.19852183233813772,0.4195724433698168,-0.2921910352484476,-0.16372720714301756,-0.5259998324697244,-0.11638207849970335,-0.2808200865272285,-0.1895092846574815,-0.3824801958910439,1.0,-0.15538031594949497,-0.2796393450730321,-0.18237218343535966,-0.3871245732536872,-0.37634952419664,-0.31964871093577435,-0.3450217408024528,-0.20894117579545043,-0.345093694468386,-0.1841913560045703,-0.31719911570155485],[0.898476330088211,0.8761058419915333,0.885755834313135,0.8909614442639214,0.8533445683248205,0.9325325756240528,0.8958319967461392,0.9059960337880668,0.8844223544944588,0.8917718133080407,0.8927255290494859,0.9063541732702598,0.8764698561100859,0.8443914237872221,0.89267506734095,0.9399924067056755,0.9204852495007083,0.9109288769736912,0.8559640779313411,0.7133833425231905,0.5355158023944827,0.8737498671631,0.7119531270422096,0.2664849195686972,-0.15538031594949497,1.0,0.7754890042508218,0.8854994499494174,0.8200906795579944,0.864137256486437,0.8292329891694522,0.8719873726309543,0.8674888977834101,0.85980065201113,0.8685600171623141,0.8987189790124107],[0.9321308965267583,0.9255623851485139,0.9399123780610263,0.9413406389814213,0.9443571680635201,0.9053323801629309,0.8959750054118232,0.8875050185657455,0.8893094598095772,0.9395964957370814,0.9092047156023915,0.9251526247886634,0.9065338074602866,0.9029324113833211,0.9081379256777841,0.8943860089031814,0.901061507130744,0.8829231008725933,0.7623155062483508,0.8416277701203397,0.6190848114985839,0.9426787867299259,0.9130577099785443,0.2661714279828054,-0.2796393450730321,0.7754890042508218,1.0,0.8958814500520065,0.8940319217820653,0.8798586630840136,0.9165804308538207,0.879662595482202,0.8440972242871194,0.920270225766372,0.8976595447932382,0.8658780692513949],[0.959344218172429,0.9586208257272318,0.9729375268673331,0.9634431310101587,0.9601730997558027,0.9637237758399779,0.960627489753894,0.9438901264660934,0.9642746890599883,0.9619911585655107,0.9654665226293041,0.9577881064132824,0.9700477928814408,0.9668301961123578,0.9647339095465622,0.9606913855212644,0.9666834873564873,0.9438343200335488,0.8549739965762329,0.8119282080524866,0.6119588795494065,0.9682444563074831,0.8965970548122976,0.17689201764030207,-0.18237218343535966,0.8854994499494174,0.8958814500520065,1.0,0.9104979575143778,0.8932827400111207,0.9446786365429124,0.893831956933549,0.8876481628295906,0.9500642578266932,0.9735718230188906,0.8921441502462228],[0.978150703843201,0.9585450193079191,0.9214351710049777,0.9661592619638275,0.8916547037490284,0.9598868368002862,0.9042760806233355,0.979159491870567,0.9374769788782906,0.9658990997137735,0.9569440961753846,0.9601571976798255,0.940338642745078,0.9339049429386428,0.9571582049428291,0.9632960670808147,0.973008444360016,0.9796391721366717,0.8912647579903775,0.9592361816890732,0.7737276461723381,0.9333106911634096,0.8978257709963787,0.46732150883467366,-0.3871245732536872,0.8200906795579944,0.8940319217820653,0.9104979575143778,1.0,0.9864229821661027,0.9633228683598863,0.9905259538137914,0.9530164528288333,0.9600555662616187,0.9163505529546795,0.9684105722158217],[0.9650265632451308,0.9526252046834482,0.9092237076258936,0.9593897330964418,0.8863630812510258,0.9340491175220824,0.8708018802396452,0.9566333375735361,0.9047323309688878,0.9585880547414208,0.9416695178262717,0.9497608540434372,0.9094198822104743,0.8968675134175504,0.942032864763735,0.9313263795825628,0.9496360830592723,0.9560500479509619,0.8574325197159188,0.9376773450185957,0.7047096597115889,0.9402206209869587,0.8560071109407326,0.46076337257005223,-0.37634952419664,0.864137256486437,0.8798586630840136,0.8932827400111207,0.9864229821661027,1.0,0.951796895823292,0.9841765458235969,0.9558142564686137,0.9399668086807058,0.9242678104260177,0.963509187508672],[0.9783750470427476,0.9692367729884739,0.9659394410654586,0.9803321426877308,0.9538279497580017,0.9571400797520482,0.9363123027708824,0.9693439587755088,0.9617845223627044,0.979365250485015,0.9707639359127829,0.9758290399990923,0.9546756185843549,0.9477893823078213,0.970736713684509,0.9537059285938685,0.969063906927925,0.9677863383683385,0.8564577339005446,0.9001647104605931,0.6292504872043301,0.9719423289134504,0.9327026239890608,0.3107308009977797,-0.31964871093577435,0.8292329891694522,0.9165804308538207,0.9446786365429124,0.9633228683598863,0.951796895823292,1.0,0.9530540260764313,0.9138239017201709,0.9779732018108456,0.9618042284466397,0.9431884189472355],[0.971374455088548,0.957453801276213,0.9139171848822726,0.9590896942463283,0.8837994059591644,0.9548874707587882,0.8973458141014443,0.9657617280705039,0.9227051377000954,0.9584921435873747,0.9385555508552801,0.9494839159843934,0.9156298579647176,0.9158079886573854,0.9390910352920296,0.9560529705961618,0.9567603056528419,0.9644273456614347,0.8701708608510936,0.9466359698736433,0.7405794377961394,0.9353523616626114,0.8709753427339394,0.482953216283549,-0.3450217408024528,0.8719873726309543,0.879662595482202,0.893831956933549,0.9905259538137914,0.9841765458235969,0.9530540260764313,1.0,0.9739011621876923,0.946423335743747,0.9394870487406642,0.9643376770377498],[0.9417817115073449,0.9407525621559512,0.8911343686604203,0.926686649602657,0.8543086821424459,0.9532453143113067,0.9056840473332717,0.9373433941688326,0.904057189088935,0.9252798522311938,0.9048610334561967,0.9217645729517178,0.8740637928066239,0.8522543851858824,0.9053873964877678,0.9524547898015558,0.9346190905737551,0.937106749787857,0.8562108465022564,0.8996691810840575,0.7540028752897793,0.8990828013197342,0.8395345461341818,0.4077216999436903,-0.20894117579545043,0.8674888977834101,0.8440972242871194,0.8876481628295906,0.9530164528288333,0.9558142564686137,0.9138239017201709,0.9739011621876923,1.0,0.9073129039930885,0.9306844699770146,0.9543163560007802],[0.982192343046803,0.9724576264587192,0.9641896281229753,0.9791567934149783,0.9462749583498137,0.962090509385477,0.9349936823634701,0.9632891213443907,0.9524442198630386,0.978371994828946,0.9689055499193973,0.9746739426017499,0.9664891184447578,0.967416175988275,0.9688415449622926,0.9642082600061658,0.9752186827109673,0.9625482394315813,0.8550137029649927,0.9006133149543988,0.6678663777121444,0.9683406334954195,0.9279625642227727,0.33693007154028326,-0.345093694468386,0.85980065201113,0.920270225766372,0.9500642578266932,0.9600555662616187,0.9399668086807058,0.9779732018108456,0.946423335743747,0.9073129039930885,1.0,0.9587767056634735,0.9437254704890314],[0.9741650199283673,0.9653045544800114,0.9714168925091806,0.9720862447556504,0.9525823909742155,0.9791932465567763,0.9682048096033014,0.9613684480536598,0.9733561379213296,0.9709436969392736,0.9805958614829283,0.9706161869052298,0.9778070122517265,0.9758448946939309,0.9805376121207828,0.978523096647934,0.9863129757066232,0.9594213373073357,0.8766567646327147,0.8513663009450464,0.635089627772381,0.9573223573016627,0.8809805438441869,0.2594866617978565,-0.1841913560045703,0.8685600171623141,0.8976595447932382,0.9735718230188906,0.9163505529546795,0.9242678104260177,0.9618042284466397,0.9394870487406642,0.9306844699770146,0.9587767056634735,1.0,0.922221974329663],[0.9555784864807942,0.9504032843887515,0.9170648947946637,0.9447827457308198,0.8854419851412343,0.9575766281979795,0.9130065572757086,0.9673697395537748,0.9274129602695197,0.9432367195201319,0.9391004979631159,0.9476737455428479,0.9315582082297913,0.925294158736596,0.9396249875916679,0.9618871547085246,0.962867066892006,0.9685161154522519,0.8949952485109562,0.8856105427174619,0.6838538851349755,0.9244068405652917,0.8547825078848595,0.37621648855375855,-0.31719911570155485,0.8987189790124107,0.8658780692513949,0.8921441502462228,0.9684105722158217,0.963509187508672,0.9431884189472355,0.9643376770377498,0.9543163560007802,0.9437254704890314,0.922221974329663,1.0]],"x":["^TAIEX       \u81fa\u7063\u52a0\u6b0a\u5831\u916c\u6307\u6578","^TWII        \u81fa\u7063\u52a0\u6b0a\u6307\u6578","^TAIEXx2     \u81fa\u7063\u52a0\u6b0a\u5831\u916c\u6307\u6578_\u65e5\u6b632","^TAI50I      \u81fa\u706350\u5831\u916c\u6307\u6578","^TAI50Ix2    \u81fa\u706350\u5831\u916c\u6307\u6578_\u65e5\u6b632","^TAI100I     \u81fa\u7063\u4e2d\u578b100\u5831\u916c\u6307\u6578","^TAI100Ix2   \u81fa\u7063\u4e2d\u578b100\u5831\u916c\u6307\u6578_\u65e5\u6b632","^TAIDIVIDI   \u81fa\u7063\u9ad8\u80a1\u606f\u5831\u916c\u6307\u6578","^TAIDIVIDIx2 \u81fa\u7063\u9ad8\u80a1\u606f\u5831\u916c\u6307\u6578_\u65e5\u6b632","0050Fund     \u5143\u5927\u53f0\u7063\u5353\u8d8a50\u57fa\u91d1","006208Fund   \u5bcc\u90a6\u53f0\u7063\u91c6\u540950\u57fa\u91d1","0050         \u5143\u5927\u81fa\u706350","00631L       \u5143\u5927\u53f0\u706350\u6b632","00675L       \u5bcc\u90a6\u81fa\u7063\u52a0\u6b0a\u6b632","006208       \u5bcc\u90a6\u53f050","0051         \u5143\u5927\u4e2d\u578b100","006204       \u6c38\u8c50\u81fa\u7063\u52a0\u6b0a","0056         \u5143\u5927\u9ad8\u80a1\u606f","0056         \u5143\u5927\u9ad8\u80a1\u606f_\u80a1\u606f\u4e0d\u6295\u5165","2412         \u4e2d\u83ef\u96fb\u4fe1","2002         \u4e2d\u92fc","2330         \u53f0\u7a4d\u96fb","2317         \u9d3b\u6d77","6505         \u53f0\u5851\u77f3\u5316","3481         \u7fa4\u5275","2303         \u806f\u96fb","2308         \u53f0\u9054\u96fb","2454         \u806f\u767c\u79d1","2886         \u5146\u8c50\u91d1","2884         \u7389\u5c71\u91d1","2891         \u4e2d\u4fe1\u91d1","2892         \u7b2c\u4e00\u91d1","5880         \u5408\u5eab\u91d1","2881         \u5bcc\u90a6\u91d1","2885         \u5143\u5927\u91d1","2887         \u53f0\u65b0\u91d1"],"y":["^TAIEX       \u81fa\u7063\u52a0\u6b0a\u5831\u916c\u6307\u6578","^TWII        \u81fa\u7063\u52a0\u6b0a\u6307\u6578","^TAIEXx2     \u81fa\u7063\u52a0\u6b0a\u5831\u916c\u6307\u6578_\u65e5\u6b632","^TAI50I      \u81fa\u706350\u5831\u916c\u6307\u6578","^TAI50Ix2    \u81fa\u706350\u5831\u916c\u6307\u6578_\u65e5\u6b632","^TAI100I     \u81fa\u7063\u4e2d\u578b100\u5831\u916c\u6307\u6578","^TAI100Ix2   \u81fa\u7063\u4e2d\u578b100\u5831\u916c\u6307\u6578_\u65e5\u6b632","^TAIDIVIDI   \u81fa\u7063\u9ad8\u80a1\u606f\u5831\u916c\u6307\u6578","^TAIDIVIDIx2 \u81fa\u7063\u9ad8\u80a1\u606f\u5831\u916c\u6307\u6578_\u65e5\u6b632","0050Fund     \u5143\u5927\u53f0\u7063\u5353\u8d8a50\u57fa\u91d1","006208Fund   \u5bcc\u90a6\u53f0\u7063\u91c6\u540950\u57fa\u91d1","0050         \u5143\u5927\u81fa\u706350","00631L       \u5143\u5927\u53f0\u706350\u6b632","00675L       \u5bcc\u90a6\u81fa\u7063\u52a0\u6b0a\u6b632","006208       \u5bcc\u90a6\u53f050","0051         \u5143\u5927\u4e2d\u578b100","006204       \u6c38\u8c50\u81fa\u7063\u52a0\u6b0a","0056         \u5143\u5927\u9ad8\u80a1\u606f","0056         \u5143\u5927\u9ad8\u80a1\u606f_\u80a1\u606f\u4e0d\u6295\u5165","2412         \u4e2d\u83ef\u96fb\u4fe1","2002         \u4e2d\u92fc","2330         \u53f0\u7a4d\u96fb","2317         \u9d3b\u6d77","6505         \u53f0\u5851\u77f3\u5316","3481         \u7fa4\u5275","2303         \u806f\u96fb","2308         \u53f0\u9054\u96fb","2454         \u806f\u767c\u79d1","2886         \u5146\u8c50\u91d1","2884         \u7389\u5c71\u91d1","2891         \u4e2d\u4fe1\u91d1","2892         \u7b2c\u4e00\u91d1","5880         \u5408\u5eab\u91d1","2881         \u5bcc\u90a6\u91d1","2885         \u5143\u5927\u91d1","2887         \u53f0\u65b0\u91d1"],"zmin":-1,"zmax":1,"colorbar":{"x":-0.2}}],"layout":{"autotypenumbers":"strict","colorway":["#636efa","#EF553B","#00cc96","#ab63fa","#FFA15A","#19d3f3","#FF6692","#B6E880","#FF97FF","#FECB52"],"font":{"color":"#f2f5fa","family":"Courier New"},"hovermode":"closest","hoverlabel":{"align":"left"},"paper_bgcolor":"rgb(17,17,17)","plot_bgcolor":"rgb(17,17,17)","polar":{"bgcolor":"rgb(17,17,17)","angularaxis":{"gridcolor":"#506784","linecolor":"#506784","ticks":""},"radialaxis":{"gridcolor":"#506784","linecolor":"#506784","ticks":""}},"ternary":{"bgcolor":"rgb(17,17,17)","aaxis":{"gridcolor":"#506784","linecolor":"#506784","ticks":""},"baxis":{"gridcolor":"#506784","linecolor":"#506784","ticks":""},"caxis":{"gridcolor":"#506784","linecolor":"#506784","ticks":""}},"coloraxis":{"colorbar":{"outlinewidth":0,"ticks":""}},"colorscale":{"sequential":[[0.0,"#0d0887"],[0.1111111111111111,"#46039f"],[0.2222222222222222,"#7201a8"],[0.3333333333333333,"#9c179e"],[0.4444444444444444,"#bd3786"],[0.5555555555555556,"#d8576b"],[0.6666666666666666,"#ed7953"],[0.7777777777777778,"#fb9f3a"],[0.8888888888888888,"#fdca26"],[1.0,"#f0f921"]],"sequentialminus":[[0.0,"#0d0887"],[0.1111111111111111,"#46039f"],[0.2222222222222222,"#7201a8"],[0.3333333333333333,"#9c179e"],[0.4444444444444444,"#bd3786"],[0.5555555555555556,"#d8576b"],[0.6666666666666666,"#ed7953"],[0.7777777777777778,"#fb9f3a"],[0.8888888888888888,"#fdca26"],[1.0,"#f0f921"]],"diverging":[[0,"#8e0152"],[0.1,"#c51b7d"],[0.2,"#de77ae"],[0.3,"#f1b6da"],[0.4,"#fde0ef"],[0.5,"#f7f7f7"],[0.6,"#e6f5d0"],[0.7,"#b8e186"],[0.8,"#7fbc41"],[0.9,"#4d9221"],[1,"#276419"]]},"xaxis":{"gridcolor":"rgba(0, 0, 0, 0)","linecolor":"#506784","ticks":"","title":{"standoff":15},"zerolinecolor":"#283442","automargin":true,"zerolinewidth":2,"tickfont":{"family":"Courier New","size":14},"side":"top","tickangle":-90},"yaxis":{"gridcolor":"rgba(0, 0, 0, 0)","linecolor":"#506784","ticks":"","title":{"standoff":15},"zerolinecolor":"#283442","automargin":true,"zerolinewidth":2,"tickfont":{"family":"Courier New"},"side":"right"},"scene":{"xaxis":{"backgroundcolor":"rgb(17,17,17)","gridcolor":"#506784","linecolor":"#506784","showbackground":true,"ticks":"","zerolinecolor":"#C8D4E3","gridwidth":2},"yaxis":{"backgroundcolor":"rgb(17,17,17)","gridcolor":"#506784","linecolor":"#506784","showbackground":true,"ticks":"","zerolinecolor":"#C8D4E3","gridwidth":2},"zaxis":{"backgroundcolor":"rgb(17,17,17)","gridcolor":"#506784","linecolor":"#506784","showbackground":true,"ticks":"","zerolinecolor":"#C8D4E3","gridwidth":2}},"shapedefaults":{"line":{"color":"#f2f5fa"}},"annotationdefaults":{"arrowcolor":"#f2f5fa","arrowhead":0,"arrowwidth":1},"geo":{"bgcolor":"rgb(17,17,17)","landcolor":"rgb(17,17,17)","subunitcolor":"#506784","showland":true,"showlakes":true,"lakecolor":"rgb(17,17,17)"},"title":{"x":0.05,"font":{"family":"Times New Roman"},"y":0.05,"text":"<b>Correlation of Adj Close<b><br><i>2016-09-23 ~ 2025-11-18<i>"},"updatemenudefaults":{"bgcolor":"#506784","borderwidth":0},"sliderdefaults":{"bgcolor":"#C8D4E3","borderwidth":1,"bordercolor":"rgb(17,17,17)","tickwidth":0},"mapbox":{"style":"dark"},"annotations":[{"text":"<b>@zwindr<b>","textangle":0,"opacity":0.5,"font":{"color":"white","size":12},"xref":"paper","yref":"paper","xanchor":"left","yanchor":"bottom","x":1.0,"y":1.0,"showarrow":false}]},"config":{"responsive":true,"toImageButtonOptions":{"filename":"Correlation of Adj Close_2016-09-23~2025-11-18","scale":5}}};Plotly.newPlot("correlationAdjClose",correlationAdjClose.data,correlationAdjClose.layout||{},correlationAdjClose.config);}else{console.log("style display is none => correlationAdjClose");}