var config = { responsive: true }

var correlationClose = {"data": [{"type": "heatmap", "z": [[1.0, 0.9999999999999982, 1.0, 0.9957232171596057, 0.9957232171596057, 0.958856414349369, 0.958856414349369, 0.8901862546922193, 0.8901862546922193, 0.9959817482649266, 0.99213392787267, 0.9917622878081278, 0.9952632538551334, 0.9703655234381641, 0.9988115592680595, 0.9281935123319146, 0.8093589781591058, 0.2675409341588372, 0.9776222533388079, 0.802973270401044, 0.0930556819655477, -0.279428712380317, 0.7629195605527066, 0.9470591132224411, 0.9188642709522459], [0.9999999999999982, 1.0, 0.9999999999999984, 0.9956570886342311, 0.9956570886342311, 0.9581778437584343, 0.9581778437584343, 0.8916570288640828, 0.8916570288640828, 0.9959411497502427, 0.9918485232886551, 0.9911144131208629, 0.9952158511940102, 0.9695283078896141, 0.9988155048751816, 0.9288791041717086, 0.817099657507641, 0.40334943021463004, 0.9702866967218652, 0.7745905561671286, 0.1011624517369098, -0.27903187526389484, 0.6582801526363928, 0.9477396187629044, 0.9247615680676501], [1.0, 0.9999999999999984, 1.0, 0.9957232171596057, 0.9957232171596057, 0.958856414349369, 0.958856414349369, 0.8901862546922193, 0.8901862546922193, 0.9959817482649266, 0.99213392787267, 0.9917622878081278, 0.9952632538551334, 0.9703655234381641, 0.9988115592680595, 0.9281935123319146, 0.8093589781591058, 0.2675409341588372, 0.9776222533388079, 0.802973270401044, 0.0930556819655477, -0.279428712380317, 0.7629195605527066, 0.9470591132224411, 0.9188642709522459], [0.9957232171596057, 0.9956570886342311, 0.9957232171596057, 1.0, 1.0, 0.9455587870934148, 0.9455587870934148, 0.8757607242302725, 0.8757607242302725, 0.9996145778927538, 0.9881310592478364, 0.9840460436398447, 0.9993480997432379, 0.952628337401293, 0.9946489439890157, 0.9113416396444242, 0.7860246027520158, 0.24245179576745357, 0.9887803218591494, 0.7953097588081031, 0.06502441789430656, -0.28391639019956716, 0.772325518655317, 0.9352960540722599, 0.9191955912666117], [0.9957232171596057, 0.9956570886342311, 0.9957232171596057, 1.0, 1.0, 0.9455587870934148, 0.9455587870934148, 0.8757607242302725, 0.8757607242302725, 0.9996145778927538, 0.9881310592478364, 0.9840460436398447, 0.9993480997432379, 0.952628337401293, 0.9946489439890157, 0.9113416396444242, 0.7860246027520158, 0.24245179576745357, 0.9887803218591494, 0.7953097588081031, 0.06502441789430656, -0.28391639019956716, 0.772325518655317, 0.9352960540722599, 0.9191955912666117], [0.958856414349369, 0.9581778437584343, 0.958856414349369, 0.9455587870934148, 0.9455587870934148, 1.0, 1.0, 0.9190441521696325, 0.9190441521696325, 0.9492354984591512, 0.9760274785902313, 0.9749439666138079, 0.9500986205176586, 0.9989498306468302, 0.9708885251398205, 0.9190921045652951, 0.6807282773410119, 0.2022993727170247, 0.9295365100471578, 0.7291779594843623, -0.13611418502842906, -0.13063425977856283, 0.8717239250568496, 0.9011698678684096, 0.9204953056537305], [0.958856414349369, 0.9581778437584343, 0.958856414349369, 0.9455587870934148, 0.9455587870934148, 1.0, 1.0, 0.9190441521696325, 0.9190441521696325, 0.9492354984591512, 0.9760274785902313, 0.9749439666138079, 0.9500986205176586, 0.9989498306468302, 0.9708885251398205, 0.9190921045652951, 0.6807282773410119, 0.2022993727170247, 0.9295365100471578, 0.7291779594843623, -0.13611418502842906, -0.13063425977856283, 0.8717239250568496, 0.9011698678684096, 0.9204953056537305], [0.8901862546922193, 0.8916570288640828, 0.8901862546922193, 0.8757607242302725, 0.8757607242302725, 0.9190441521696325, 0.9190441521696325, 1.0, 1.0, 0.8976039970951822, 0.9444675764585426, 0.9393170610164683, 0.9348657367142048, 0.9199027981662382, 0.936178596842667, 0.9745172932664691, 0.6237219015765162, 0.24837031276363009, 0.8297171760578217, 0.7438596424723664, -0.17225969419546108, 0.016108424250703742, 0.7824802900566503, 0.7884072226239867, 0.8523314787953995], [0.8901862546922193, 0.8916570288640828, 0.8901862546922193, 0.8757607242302725, 0.8757607242302725, 0.9190441521696325, 0.9190441521696325, 1.0, 1.0, 0.8976039970951822, 0.9444675764585426, 0.9393170610164683, 0.9348657367142048, 0.9199027981662382, 0.936178596842667, 0.9745172932664691, 0.6237219015765162, 0.24837031276363009, 0.8297171760578217, 0.7438596424723664, -0.17225969419546108, 0.016108424250703742, 0.7824802900566503, 0.7884072226239867, 0.8523314787953995], [0.9959817482649266, 0.9959411497502427, 0.9959817482649266, 0.9996145778927538, 0.9996145778927538, 0.9492354984591512, 0.9492354984591512, 0.8976039970951822, 0.8976039970951822, 1.0, 0.986946269416401, 0.9830468935456186, 0.9993869423144071, 0.9511596071787526, 0.9945128848548335, 0.9111464576283949, 0.8281675983097624, 0.07289697217181874, 0.9916664166649469, 0.7931553361080529, -0.19885899475289343, -0.3162898122552049, 0.8862091582197003, 0.929787263579492, 0.9058034622303921], [0.99213392787267, 0.9918485232886551, 0.99213392787267, 0.9881310592478364, 0.9881310592478364, 0.9760274785902313, 0.9760274785902313, 0.9444675764585426, 0.9444675764585426, 0.986946269416401, 1.0, 0.9996592475692829, 0.987910263216661, 0.9744940869513344, 0.9889324374849026, 0.9250110832666671, 0.7938935694148389, 0.2610234022016494, 0.9863844588127996, 0.7166027023973084, -0.5729995465856467, 0.231060555524617, 0.8546957138006367, 0.9305548598649478, 0.9546267529917319], [0.9917622878081278, 0.9911144131208629, 0.9917622878081278, 0.9840460436398447, 0.9840460436398447, 0.9749439666138079, 0.9749439666138079, 0.9393170610164683, 0.9393170610164683, 0.9830468935456186, 0.9996592475692829, 1.0, 0.9847762955618418, 0.9722866308436082, 0.9871200639970756, 0.9134406413961443, 0.8150178062591844, 0.14504582557919293, 0.9809399391232269, 0.7211098312830457, -0.8061788986369293, 0.27444722497943125, 0.8141616550321293, 0.93710446296957, 0.9523838424262713], [0.9952632538551334, 0.9952158511940102, 0.9952632538551334, 0.9993480997432379, 0.9993480997432379, 0.9500986205176586, 0.9500986205176586, 0.9348657367142048, 0.9348657367142048, 0.9993869423144071, 0.987910263216661, 0.9847762955618418, 1.0, 0.9513562115378902, 0.9937593591933077, 0.9323107688418854, 0.830752778403571, 0.25747048951079016, 0.9951510410322008, 0.7582393869237891, -0.3594741940708463, 0.17476602160174226, 0.8766718694919804, 0.9083623443584079, 0.9351969730502435], [0.9703655234381641, 0.9695283078896141, 0.9703655234381641, 0.952628337401293, 0.952628337401293, 0.9989498306468302, 0.9989498306468302, 0.9199027981662382, 0.9199027981662382, 0.9511596071787526, 0.9744940869513344, 0.9722866308436082, 0.9513562115378902, 1.0, 0.9729844724224472, 0.9183416384662679, 0.7540248381796408, 0.16936906504421223, 0.9425713263529947, 0.7260857641327172, -0.2867102951076688, -0.20440539039497232, 0.9095228426811844, 0.9207768358841835, 0.9169676835086338], [0.9988115592680595, 0.9988155048751816, 0.9988115592680595, 0.9946489439890157, 0.9946489439890157, 0.9708885251398205, 0.9708885251398205, 0.936178596842667, 0.936178596842667, 0.9945128848548335, 0.9889324374849026, 0.9871200639970756, 0.9937593591933077, 0.9729844724224472, 1.0, 0.9451164531046488, 0.8373518621052483, 0.26674266890213544, 0.9868146915817678, 0.744322261768694, -0.3489900287089638, 0.18632456716341095, 0.9064825641874182, 0.927915654336806, 0.940258338522252], [0.9281935123319146, 0.9288791041717086, 0.9281935123319146, 0.9113416396444242, 0.9113416396444242, 0.9190921045652951, 0.9190921045652951, 0.9745172932664691, 0.9745172932664691, 0.9111464576283949, 0.9250110832666671, 0.9134406413961443, 0.9323107688418854, 0.9183416384662679, 0.9451164531046488, 1.0, 0.7668740593316582, 0.20686658618115134, 0.8744843488219562, 0.7188985194791564, -0.07362012482098666, -0.23826370450553214, 0.8190116889669112, 0.839762266440399, 0.8289653331889549], [0.8093589781591058, 0.817099657507641, 0.8093589781591058, 0.7860246027520158, 0.7860246027520158, 0.6807282773410119, 0.6807282773410119, 0.6237219015765162, 0.6237219015765162, 0.8281675983097624, 0.7938935694148389, 0.8150178062591844, 0.830752778403571, 0.7540248381796408, 0.8373518621052483, 0.7668740593316582, 1.0, 0.5257086904095568, 0.740174041526946, 0.7769882329296921, 0.48558146688869847, -0.5806666909598718, 0.2657644932271196, 0.829018054080955, 0.6524658504765383], [0.2675409341588372, 0.40334943021463004, 0.2675409341588372, 0.24245179576745357, 0.24245179576745357, 0.2022993727170247, 0.2022993727170247, 0.24837031276363009, 0.24837031276363009, 0.07289697217181874, 0.2610234022016494, 0.14504582557919293, 0.25747048951079016, 0.16936906504421223, 0.26674266890213544, 0.20686658618115134, 0.5257086904095568, 1.0, 0.2524273890612249, 0.5644798368528053, 0.3854621030696739, 0.5545304000849733, 0.02464307093533626, 0.4182679788938916, 0.38520698555562366], [0.9776222533388079, 0.9702866967218652, 0.9776222533388079, 0.9887803218591494, 0.9887803218591494, 0.9295365100471578, 0.9295365100471578, 0.8297171760578217, 0.8297171760578217, 0.9916664166649469, 0.9863844588127996, 0.9809399391232269, 0.9951510410322008, 0.9425713263529947, 0.9868146915817678, 0.8744843488219562, 0.740174041526946, 0.2524273890612249, 1.0, 0.7376154288737233, 0.006658711500634745, -0.34819656067688143, 0.6717129557796356, 0.9182424982650006, 0.9096779549090815], [0.802973270401044, 0.7745905561671286, 0.802973270401044, 0.7953097588081031, 0.7953097588081031, 0.7291779594843623, 0.7291779594843623, 0.7438596424723664, 0.7438596424723664, 0.7931553361080529, 0.7166027023973084, 0.7211098312830457, 0.7582393869237891, 0.7260857641327172, 0.744322261768694, 0.7188985194791564, 0.7769882329296921, 0.5644798368528053, 0.7376154288737233, 1.0, 0.202928396069765, -0.04854259458142972, 0.2327449594291771, 0.8283334793726822, 0.7398747923258786], [0.0930556819655477, 0.1011624517369098, 0.0930556819655477, 0.06502441789430656, 0.06502441789430656, -0.13611418502842906, -0.13611418502842906, -0.17225969419546108, -0.17225969419546108, -0.19885899475289343, -0.5729995465856467, -0.8061788986369293, -0.3594741940708463, -0.2867102951076688, -0.3489900287089638, -0.07362012482098666, 0.48558146688869847, 0.3854621030696739, 0.006658711500634745, 0.202928396069765, 1.0, -0.08452490770016975, -0.16705856273048456, 0.08963173458997405, -0.1044202235709682], [-0.279428712380317, -0.27903187526389484, -0.279428712380317, -0.28391639019956716, -0.28391639019956716, -0.13063425977856283, -0.13063425977856283, 0.016108424250703742, 0.016108424250703742, -0.3162898122552049, 0.231060555524617, 0.27444722497943125, 0.17476602160174226, -0.20440539039497232, 0.18632456716341095, -0.23826370450553214, -0.5806666909598718, 0.5545304000849733, -0.34819656067688143, -0.04854259458142972, -0.08452490770016975, 1.0, -0.06336072622867824, -0.3471474552988403, -0.07994464011138311], [0.7629195605527066, 0.6582801526363928, 0.7629195605527066, 0.772325518655317, 0.772325518655317, 0.8717239250568496, 0.8717239250568496, 0.7824802900566503, 0.7824802900566503, 0.8862091582197003, 0.8546957138006367, 0.8141616550321293, 0.8766718694919804, 0.9095228426811844, 0.9064825641874182, 0.8190116889669112, 0.2657644932271196, 0.02464307093533626, 0.6717129557796356, 0.2327449594291771, -0.16705856273048456, -0.06336072622867824, 1.0, 0.5349231842862252, 0.732163967029036], [0.9470591132224411, 0.9477396187629044, 0.9470591132224411, 0.9352960540722599, 0.9352960540722599, 0.9011698678684096, 0.9011698678684096, 0.7884072226239867, 0.7884072226239867, 0.929787263579492, 0.9305548598649478, 0.93710446296957, 0.9083623443584079, 0.9207768358841835, 0.927915654336806, 0.839762266440399, 0.829018054080955, 0.4182679788938916, 0.9182424982650006, 0.8283334793726822, 0.08963173458997405, -0.3471474552988403, 0.5349231842862252, 1.0, 0.8815018548153009], [0.9188642709522459, 0.9247615680676501, 0.9188642709522459, 0.9191955912666117, 0.9191955912666117, 0.9204953056537305, 0.9204953056537305, 0.8523314787953995, 0.8523314787953995, 0.9058034622303921, 0.9546267529917319, 0.9523838424262713, 0.9351969730502435, 0.9169676835086338, 0.940258338522252, 0.8289653331889549, 0.6524658504765383, 0.38520698555562366, 0.9096779549090815, 0.7398747923258786, -0.1044202235709682, -0.07994464011138311, 0.732163967029036, 0.8815018548153009, 1.0]], "x": ["^TAIEX       \u81fa\u7063\u52a0\u6b0a\u5831\u916c\u6307\u6578", "^TWII        \u81fa\u7063\u52a0\u6b0a\u6307\u6578", "^TAIEXx2     \u81fa\u7063\u52a0\u6b0a\u5831\u916c\u6307\u6578_\u65e5\u6b632", "^TAI50I      \u81fa\u706350\u5831\u916c\u6307\u6578", "^TAI50Ix2    \u81fa\u706350\u5831\u916c\u6307\u6578_\u65e5\u6b632", "^TAI100I     \u81fa\u7063\u4e2d\u578b100\u5831\u916c\u6307\u6578", "^TAI100Ix2   \u81fa\u7063\u4e2d\u578b100\u5831\u916c\u6307\u6578_\u65e5\u6b632", "^TAIDIVIDI   \u81fa\u7063\u9ad8\u80a1\u606f\u5831\u916c\u6307\u6578", "^TAIDIVIDIx2 \u81fa\u7063\u9ad8\u80a1\u606f\u5831\u916c\u6307\u6578_\u65e5\u6b632", "0050         \u5143\u5927\u81fa\u706350", "00631L       \u5143\u5927\u53f0\u706350\u6b632", "00675L       \u5bcc\u90a6\u81fa\u7063\u52a0\u6b0a\u6b632", "006208       \u5bcc\u90a6\u53f050", "0051         \u5143\u5927\u4e2d\u578b100", "006204       \u6c38\u8c50\u81fa\u7063\u52a0\u6b0a", "0056         \u5143\u5927\u9ad8\u80a1\u606f", "2412         \u4e2d\u83ef\u96fb\u4fe1", "2002         \u4e2d\u92fc", "2330         \u53f0\u7a4d\u96fb", "2317         \u9d3b\u6d77", "6505         \u53f0\u5851\u77f3\u5316", "3481         \u7fa4\u5275", "2303         \u806f\u96fb", "2308         \u53f0\u9054\u96fb", "2454         \u806f\u767c\u79d1"], "y": ["^TAIEX       \u81fa\u7063\u52a0\u6b0a\u5831\u916c\u6307\u6578", "^TWII        \u81fa\u7063\u52a0\u6b0a\u6307\u6578", "^TAIEXx2     \u81fa\u7063\u52a0\u6b0a\u5831\u916c\u6307\u6578_\u65e5\u6b632", "^TAI50I      \u81fa\u706350\u5831\u916c\u6307\u6578", "^TAI50Ix2    \u81fa\u706350\u5831\u916c\u6307\u6578_\u65e5\u6b632", "^TAI100I     \u81fa\u7063\u4e2d\u578b100\u5831\u916c\u6307\u6578", "^TAI100Ix2   \u81fa\u7063\u4e2d\u578b100\u5831\u916c\u6307\u6578_\u65e5\u6b632", "^TAIDIVIDI   \u81fa\u7063\u9ad8\u80a1\u606f\u5831\u916c\u6307\u6578", "^TAIDIVIDIx2 \u81fa\u7063\u9ad8\u80a1\u606f\u5831\u916c\u6307\u6578_\u65e5\u6b632", "0050         \u5143\u5927\u81fa\u706350", "00631L       \u5143\u5927\u53f0\u706350\u6b632", "00675L       \u5bcc\u90a6\u81fa\u7063\u52a0\u6b0a\u6b632", "006208       \u5bcc\u90a6\u53f050", "0051         \u5143\u5927\u4e2d\u578b100", "006204       \u6c38\u8c50\u81fa\u7063\u52a0\u6b0a", "0056         \u5143\u5927\u9ad8\u80a1\u606f", "2412         \u4e2d\u83ef\u96fb\u4fe1", "2002         \u4e2d\u92fc", "2330         \u53f0\u7a4d\u96fb", "2317         \u9d3b\u6d77", "6505         \u53f0\u5851\u77f3\u5316", "3481         \u7fa4\u5275", "2303         \u806f\u96fb", "2308         \u53f0\u9054\u96fb", "2454         \u806f\u767c\u79d1"], "zmin": -1, "zmax": 1, "colorbar": {"x": -0.2}}], "layout": {"autotypenumbers": "strict", "colorway": ["#636efa", "#EF553B", "#00cc96", "#ab63fa", "#FFA15A", "#19d3f3", "#FF6692", "#B6E880", "#FF97FF", "#FECB52"], "font": {"color": "#f2f5fa", "family": "Courier New"}, "hovermode": "closest", "hoverlabel": {"align": "left"}, "paper_bgcolor": "rgb(17,17,17)", "plot_bgcolor": "rgb(17,17,17)", "polar": {"bgcolor": "rgb(17,17,17)", "angularaxis": {"gridcolor": "#506784", "linecolor": "#506784", "ticks": ""}, "radialaxis": {"gridcolor": "#506784", "linecolor": "#506784", "ticks": ""}}, "ternary": {"bgcolor": "rgb(17,17,17)", "aaxis": {"gridcolor": "#506784", "linecolor": "#506784", "ticks": ""}, "baxis": {"gridcolor": "#506784", "linecolor": "#506784", "ticks": ""}, "caxis": {"gridcolor": "#506784", "linecolor": "#506784", "ticks": ""}}, "coloraxis": {"colorbar": {"outlinewidth": 0, "ticks": ""}}, "colorscale": {"sequential": [[0.0, "#0d0887"], [0.1111111111111111, "#46039f"], [0.2222222222222222, "#7201a8"], [0.3333333333333333, "#9c179e"], [0.4444444444444444, "#bd3786"], [0.5555555555555556, "#d8576b"], [0.6666666666666666, "#ed7953"], [0.7777777777777778, "#fb9f3a"], [0.8888888888888888, "#fdca26"], [1.0, "#f0f921"]], "sequentialminus": [[0.0, "#0d0887"], [0.1111111111111111, "#46039f"], [0.2222222222222222, "#7201a8"], [0.3333333333333333, "#9c179e"], [0.4444444444444444, "#bd3786"], [0.5555555555555556, "#d8576b"], [0.6666666666666666, "#ed7953"], [0.7777777777777778, "#fb9f3a"], [0.8888888888888888, "#fdca26"], [1.0, "#f0f921"]], "diverging": [[0, "#8e0152"], [0.1, "#c51b7d"], [0.2, "#de77ae"], [0.3, "#f1b6da"], [0.4, "#fde0ef"], [0.5, "#f7f7f7"], [0.6, "#e6f5d0"], [0.7, "#b8e186"], [0.8, "#7fbc41"], [0.9, "#4d9221"], [1, "#276419"]]}, "xaxis": {"gridcolor": "rgba(0, 0, 0, 0)", "linecolor": "#506784", "ticks": "", "title": {"standoff": 15}, "zerolinecolor": "#283442", "automargin": true, "zerolinewidth": 2, "tickfont": {"family": "Courier New", "size": 14}, "side": "top", "tickangle": -90}, "yaxis": {"gridcolor": "rgba(0, 0, 0, 0)", "linecolor": "#506784", "ticks": "", "title": {"standoff": 15}, "zerolinecolor": "#283442", "automargin": true, "zerolinewidth": 2, "tickfont": {"family": "Courier New"}, "side": "right"}, "scene": {"xaxis": {"backgroundcolor": "rgb(17,17,17)", "gridcolor": "#506784", "linecolor": "#506784", "showbackground": true, "ticks": "", "zerolinecolor": "#C8D4E3", "gridwidth": 2}, "yaxis": {"backgroundcolor": "rgb(17,17,17)", "gridcolor": "#506784", "linecolor": "#506784", "showbackground": true, "ticks": "", "zerolinecolor": "#C8D4E3", "gridwidth": 2}, "zaxis": {"backgroundcolor": "rgb(17,17,17)", "gridcolor": "#506784", "linecolor": "#506784", "showbackground": true, "ticks": "", "zerolinecolor": "#C8D4E3", "gridwidth": 2}}, "shapedefaults": {"line": {"color": "#f2f5fa"}}, "annotationdefaults": {"arrowcolor": "#f2f5fa", "arrowhead": 0, "arrowwidth": 1}, "geo": {"bgcolor": "rgb(17,17,17)", "landcolor": "rgb(17,17,17)", "subunitcolor": "#506784", "showland": true, "showlakes": true, "lakecolor": "rgb(17,17,17)"}, "title": {"x": 0.05, "font": {"family": "Times New Roman"}, "y": 0.05, "text": "<b>Correlation of Close<b><br><i>2016/09/23 ~ 2025/05/23<i>"}, "updatemenudefaults": {"bgcolor": "#506784", "borderwidth": 0}, "sliderdefaults": {"bgcolor": "#C8D4E3", "borderwidth": 1, "bordercolor": "rgb(17,17,17)", "tickwidth": 0}, "mapbox": {"style": "dark"}, "height": 600}};

Plotly.newPlot("correlationClose",
    correlationClose.data,
    correlationClose.layout || {},
    config);