var config = { responsive: true }

var correlationAdjClose = {"data": [{"type": "heatmap", "z": [[1.0, 0.9935405191319416, 0.9753997757469479, 0.997816538580036, 0.9638211443618591, 0.9801236943644855, -0.9383448799572103, 0.9892435143439853, 0.9673677208591245, 0.9966167019240543, 0.9929823139616308, 0.9940728738509497, 0.9972471247101216, 0.9776356253248585, 0.9995505580010033, 0.9863103174443679, 0.9119703244167423, 0.7612384028272327, 0.9859270361860756, 0.922263038779265, 0.49260480404164236, -0.3242591234308932, 0.8973663491379466, 0.9730195556213239, 0.9507780554319905], [0.9935405191319416, 1.0, 0.9707309832262669, 0.991194675705102, 0.9596772895022971, 0.9751331411930242, -0.9334052157695187, 0.9793364469313202, 0.9600495851686909, 0.9938469144516349, 0.9918027742060087, 0.9911034438747212, 0.9952553614960015, 0.9722846661964504, 0.996291309059837, 0.9822373363714458, 0.9004240951743165, 0.7674801141263297, 0.9665736105571239, 0.8999442407426417, 0.4900998114918213, -0.24648346411745034, 0.8689940922903263, 0.9600869638095555, 0.9511737635289007], [0.9753997757469479, 0.9707309832262669, 1.0, 0.9812664075678927, 0.9962997296751498, 0.9784759963969684, -0.9745431405516085, 0.9683650986882205, 0.9826699447743311, 0.985345590107598, 0.9975257832646243, 0.9974886339554268, 0.9882751391462722, 0.9768751838514469, 0.9873270103811281, 0.9749981528535525, 0.8130100076661824, 0.6524535501229004, 0.9892927938151131, 0.9105341359853228, 0.3260676478720718, -0.2410131424231276, 0.9061094474318887, 0.9386971788823563, 0.9772348773482041], [0.997816538580036, 0.991194675705102, 0.9812664075678927, 1.0, 0.9748794422724331, 0.9723527444677602, -0.9328903628576429, 0.9837031096038724, 0.9645093027284468, 0.99924679445629, 0.9923288251506726, 0.9911272532418938, 0.9999009205193355, 0.967470279017724, 0.9960239868603027, 0.981092351903965, 0.8976292755132305, 0.7344244288086106, 0.9932385566436293, 0.9239280402279374, 0.47402600668733297, -0.3164975421739841, 0.8971082114816011, 0.9668999152538833, 0.95654605429732], [0.9638211443618591, 0.9596772895022971, 0.9962997296751498, 0.9748794422724331, 1.0, 0.9584828898795058, -0.9561856267228139, 0.9538496341619048, 0.970481550511391, 0.9815653893802859, 0.9884709495911714, 0.9849883115209229, 0.984527803610557, 0.9560349216563803, 0.9758559563896553, 0.960588801570239, 0.7927710275770532, 0.6210180962536125, 0.9881277293335854, 0.9075242198986224, 0.3079934122603929, -0.23432026371970488, 0.8899856891362743, 0.9236061135182909, 0.9748992015669193], [0.9801236943644855, 0.9751331411930242, 0.9784759963969684, 0.9723527444677602, 0.9584828898795058, 1.0, -0.9793246582768502, 0.9790739720122119, 0.9785820168616114, 0.9714619493539248, 0.9757333958510436, 0.9736487705875239, 0.9681340949706967, 0.9988559509786582, 0.9857469635070923, 0.9855428883253613, 0.8500057893693125, 0.7276005374925412, 0.9670390069568343, 0.8888604030055077, 0.3546526757396546, -0.2314049673932995, 0.9348722875538532, 0.954889140311036, 0.9575518834595816], [-0.9383448799572103, -0.9334052157695187, -0.9745431405516085, -0.9328903628576429, -0.9561856267228139, -0.9793246582768502, 1.0, -0.9479580777239178, -0.982349567313668, -0.9407283405863739, -0.9724725986699506, -0.9745270989276659, -0.9464937488597933, -0.9857528645350113, -0.9627739027055228, -0.9642070459696519, -0.7569326242062107, -0.6233159461843291, -0.9395695164180496, -0.8752857186034867, -0.20713465255378882, 0.15938252383042698, -0.9017241322648285, -0.9079941371885785, -0.9548972240237126], [0.9892435143439853, 0.9793364469313202, 0.9683650986882205, 0.9837031096038724, 0.9538496341619048, 0.9790739720122119, -0.9479580777239178, 1.0, 0.9810913826435689, 0.980532681725259, 0.9742603801705215, 0.973335080017731, 0.9789362746792747, 0.9750564282274169, 0.9867003115837755, 0.9963352142180705, 0.9195115481586744, 0.6999022236813188, 0.9738265525124727, 0.8949514105104381, 0.36562832352168967, -0.3317421707420592, 0.9026857370113984, 0.9535097452014448, 0.9325428503453339], [0.9673677208591245, 0.9600495851686909, 0.9826699447743311, 0.9645093027284468, 0.970481550511391, 0.9785820168616114, -0.982349567313668, 0.9810913826435689, 1.0, 0.9636525300090203, 0.9709524092910758, 0.9678862506255508, 0.960565555176443, 0.976776791220314, 0.9679234921751583, 0.986817822995279, 0.8414467575519974, 0.6254840192410184, 0.96519102161813, 0.9030705400103289, 0.2196443747971976, -0.24416385946977978, 0.8840693020833409, 0.9276560507078879, 0.9562246109135873], [0.9966167019240543, 0.9938469144516349, 0.985345590107598, 0.99924679445629, 0.9815653893802859, 0.9714619493539248, -0.9407283405863739, 0.980532681725259, 0.9636525300090203, 1.0, 0.9912143546381943, 0.9896153114014977, 0.9998353685340804, 0.9684375398639911, 0.9952517489445231, 0.9812148734786456, 0.909786052991098, 0.712816163880238, 0.9956086409714613, 0.9171956480208786, 0.30410669183013056, -0.2632510108828795, 0.9299906973291018, 0.9560588427185562, 0.9544918984671545], [0.9929823139616308, 0.9918027742060087, 0.9975257832646243, 0.9923288251506726, 0.9884709495911714, 0.9757333958510436, -0.9724725986699506, 0.9742603801705215, 0.9709524092910758, 0.9912143546381943, 1.0, 0.9996557809745897, 0.9920513802168811, 0.9767800998886564, 0.9933102154610026, 0.9757263405656638, 0.904241008402748, 0.6135593099538521, 0.9884119091320334, 0.88778582463113, -0.24988604443801868, 0.47078929586971574, 0.9074025680549934, 0.9517246580988503, 0.9766800545754545], [0.9940728738509497, 0.9911034438747212, 0.9974886339554268, 0.9911272532418938, 0.9849883115209229, 0.9736487705875239, -0.9745270989276659, 0.973335080017731, 0.9678862506255508, 0.9896153114014977, 0.9996557809745897, 1.0, 0.9908420711637559, 0.9747976417625263, 0.9941478524222699, 0.9750235649043847, 0.9137962446596607, 0.5051350790431361, 0.9839864763764036, 0.8742932224144497, -0.6787329404075766, 0.5002507869847019, 0.8805651089672075, 0.9484644457371946, 0.9762126259013153], [0.9972471247101216, 0.9952553614960015, 0.9882751391462722, 0.9999009205193355, 0.984527803610557, 0.9681340949706967, -0.9464937488597933, 0.9789362746792747, 0.960565555176443, 0.9998353685340804, 0.9920513802168811, 0.9908420711637559, 1.0, 0.9689168688935251, 0.9955859035359053, 0.9800004244782742, 0.9270578551691216, 0.6759606399347862, 0.9971463033129966, 0.8964725403710566, 0.056739565768649594, 0.3892680930257569, 0.9198243233343126, 0.9481017869386901, 0.9627209335648743], [0.9776356253248585, 0.9722846661964504, 0.9768751838514469, 0.967470279017724, 0.9560349216563803, 0.9988559509786582, -0.9857528645350113, 0.9750564282274169, 0.976776791220314, 0.9684375398639911, 0.9767800998886564, 0.9747976417625263, 0.9689168688935251, 1.0, 0.9859155804016746, 0.9832436870169545, 0.863925787625465, 0.7309043740745178, 0.9624355839954594, 0.8781504123536911, 0.2174992813863246, -0.1840246656829182, 0.9441603449682945, 0.949791739667571, 0.9566028985913057], [0.9995505580010033, 0.996291309059837, 0.9873270103811281, 0.9960239868603027, 0.9758559563896553, 0.9857469635070923, -0.9627739027055228, 0.9867003115837755, 0.9679234921751583, 0.9952517489445231, 0.9933102154610026, 0.9941478524222699, 0.9955859035359053, 0.9859155804016746, 1.0, 0.9870328098959554, 0.9341461999235597, 0.7117452905615308, 0.989763897882401, 0.8931626156433967, 0.10050039560771953, 0.3916111175146683, 0.9373272312120376, 0.9584643855339736, 0.9618444400381081], [0.9863103174443679, 0.9822373363714458, 0.9749981528535525, 0.981092351903965, 0.960588801570239, 0.9855428883253613, -0.9642070459696519, 0.9963352142180705, 0.986817822995279, 0.9812148734786456, 0.9757263405656638, 0.9750235649043847, 0.9800004244782742, 0.9832436870169545, 0.9870328098959554, 1.0, 0.9016648170281577, 0.7017567826438273, 0.9731275006438672, 0.8945290500820201, 0.29823540973463464, -0.2543372406424473, 0.9144893589101465, 0.9431198684107058, 0.9438959050510307], [0.9119703244167423, 0.9004240951743165, 0.8130100076661824, 0.8976292755132305, 0.7927710275770532, 0.8500057893693125, -0.7569326242062107, 0.9195115481586744, 0.8414467575519974, 0.909786052991098, 0.904241008402748, 0.9137962446596607, 0.9270578551691216, 0.863925787625465, 0.9341461999235597, 0.9016648170281577, 1.0, 0.8601612152181266, 0.8462520164898439, 0.8718957640012842, 0.7397609950015263, -0.5695511824681965, 0.6691796451820323, 0.9094972798459854, 0.7852438659650612], [0.7612384028272327, 0.7674801141263297, 0.6524535501229004, 0.7344244288086106, 0.6210180962536125, 0.7276005374925412, -0.6233159461843291, 0.6999022236813188, 0.6254840192410184, 0.712816163880238, 0.6135593099538521, 0.5051350790431361, 0.6759606399347862, 0.7309043740745178, 0.7117452905615308, 0.7017567826438273, 0.8601612152181266, 1.0, 0.6553264835245165, 0.7588784639648436, 0.735361244092383, -0.14354721020380423, 0.5391454498387896, 0.7718043785270858, 0.6579248744509008], [0.9859270361860756, 0.9665736105571239, 0.9892927938151131, 0.9932385566436293, 0.9881277293335854, 0.9670390069568343, -0.9395695164180496, 0.9738265525124727, 0.96519102161813, 0.9956086409714613, 0.9884119091320334, 0.9839864763764036, 0.9971463033129966, 0.9624355839954594, 0.989763897882401, 0.9731275006438672, 0.8462520164898439, 0.6553264835245165, 1.0, 0.8949412205209195, 0.4041968659774772, -0.310354494654848, 0.8858707228972774, 0.949279332366503, 0.9660120564485876], [0.922263038779265, 0.8999442407426417, 0.9105341359853228, 0.9239280402279374, 0.9075242198986224, 0.8888604030055077, -0.8752857186034867, 0.8949514105104381, 0.9030705400103289, 0.9171956480208786, 0.88778582463113, 0.8742932224144497, 0.8964725403710566, 0.8781504123536911, 0.8931626156433967, 0.8945290500820201, 0.8718957640012842, 0.7588784639648436, 0.8949412205209195, 1.0, 0.4484248099741732, -0.2162886192589154, 0.6910678514787387, 0.9178438244675927, 0.8792519178010665], [0.49260480404164236, 0.4900998114918213, 0.3260676478720718, 0.47402600668733297, 0.3079934122603929, 0.3546526757396546, -0.20713465255378882, 0.36562832352168967, 0.2196443747971976, 0.30410669183013056, -0.24988604443801868, -0.6787329404075766, 0.056739565768649594, 0.2174992813863246, 0.10050039560771953, 0.29823540973463464, 0.7397609950015263, 0.735361244092383, 0.4041968659774772, 0.4484248099741732, 1.0, -0.4326988823722891, 0.3224376627390449, 0.4765826671064714, 0.2704057774665506], [-0.3242591234308932, -0.24648346411745034, -0.2410131424231276, -0.3164975421739841, -0.23432026371970488, -0.2314049673932995, 0.15938252383042698, -0.3317421707420592, -0.24416385946977978, -0.2632510108828795, 0.47078929586971574, 0.5002507869847019, 0.3892680930257569, -0.1840246656829182, 0.3916111175146683, -0.2543372406424473, -0.5695511824681965, -0.14354721020380423, -0.310354494654848, -0.2162886192589154, -0.4326988823722891, 1.0, -0.1680194930440849, -0.3547189932185187, -0.1848257880246078], [0.8973663491379466, 0.8689940922903263, 0.9061094474318887, 0.8971082114816011, 0.8899856891362743, 0.9348722875538532, -0.9017241322648285, 0.9026857370113984, 0.8840693020833409, 0.9299906973291018, 0.9074025680549934, 0.8805651089672075, 0.9198243233343126, 0.9441603449682945, 0.9373272312120376, 0.9144893589101465, 0.6691796451820323, 0.5391454498387896, 0.8858707228972774, 0.6910678514787387, 0.3224376627390449, -0.1680194930440849, 1.0, 0.8297060607107078, 0.88364962020741], [0.9730195556213239, 0.9600869638095555, 0.9386971788823563, 0.9668999152538833, 0.9236061135182909, 0.954889140311036, -0.9079941371885785, 0.9535097452014448, 0.9276560507078879, 0.9560588427185562, 0.9517246580988503, 0.9484644457371946, 0.9481017869386901, 0.949791739667571, 0.9584643855339736, 0.9431198684107058, 0.9094972798459854, 0.7718043785270858, 0.949279332366503, 0.9178438244675927, 0.4765826671064714, -0.3547189932185187, 0.8297060607107078, 1.0, 0.9268941245665412], [0.9507780554319905, 0.9511737635289007, 0.9772348773482041, 0.95654605429732, 0.9748992015669193, 0.9575518834595816, -0.9548972240237126, 0.9325428503453339, 0.9562246109135873, 0.9544918984671545, 0.9766800545754545, 0.9762126259013153, 0.9627209335648743, 0.9566028985913057, 0.9618444400381081, 0.9438959050510307, 0.7852438659650612, 0.6579248744509008, 0.9660120564485876, 0.8792519178010665, 0.2704057774665506, -0.1848257880246078, 0.88364962020741, 0.9268941245665412, 1.0]], "x": ["^TAIEX       \u81fa\u7063\u52a0\u6b0a\u5831\u916c\u6307\u6578", "^TWII        \u81fa\u7063\u52a0\u6b0a\u6307\u6578", "^TAIEXx2     \u81fa\u7063\u52a0\u6b0a\u5831\u916c\u6307\u6578_\u65e5\u6b632", "^TAI50I      \u81fa\u706350\u5831\u916c\u6307\u6578", "^TAI50Ix2    \u81fa\u706350\u5831\u916c\u6307\u6578_\u65e5\u6b632", "^TAI100I     \u81fa\u7063\u4e2d\u578b100\u5831\u916c\u6307\u6578", "^TAI100Ix2   \u81fa\u7063\u4e2d\u578b100\u5831\u916c\u6307\u6578_\u65e5\u6b632", "^TAIDIVIDI   \u81fa\u7063\u9ad8\u80a1\u606f\u5831\u916c\u6307\u6578", "^TAIDIVIDIx2 \u81fa\u7063\u9ad8\u80a1\u606f\u5831\u916c\u6307\u6578_\u65e5\u6b632", "0050         \u5143\u5927\u81fa\u706350", "00631L       \u5143\u5927\u53f0\u706350\u6b632", "00675L       \u5bcc\u90a6\u81fa\u7063\u52a0\u6b0a\u6b632", "006208       \u5bcc\u90a6\u53f050", "0051         \u5143\u5927\u4e2d\u578b100", "006204       \u6c38\u8c50\u81fa\u7063\u52a0\u6b0a", "0056         \u5143\u5927\u9ad8\u80a1\u606f", "2412         \u4e2d\u83ef\u96fb\u4fe1", "2002         \u4e2d\u92fc", "2330         \u53f0\u7a4d\u96fb", "2317         \u9d3b\u6d77", "6505         \u53f0\u5851\u77f3\u5316", "3481         \u7fa4\u5275", "2303         \u806f\u96fb", "2308         \u53f0\u9054\u96fb", "2454         \u806f\u767c\u79d1"], "y": ["^TAIEX       \u81fa\u7063\u52a0\u6b0a\u5831\u916c\u6307\u6578", "^TWII        \u81fa\u7063\u52a0\u6b0a\u6307\u6578", "^TAIEXx2     \u81fa\u7063\u52a0\u6b0a\u5831\u916c\u6307\u6578_\u65e5\u6b632", "^TAI50I      \u81fa\u706350\u5831\u916c\u6307\u6578", "^TAI50Ix2    \u81fa\u706350\u5831\u916c\u6307\u6578_\u65e5\u6b632", "^TAI100I     \u81fa\u7063\u4e2d\u578b100\u5831\u916c\u6307\u6578", "^TAI100Ix2   \u81fa\u7063\u4e2d\u578b100\u5831\u916c\u6307\u6578_\u65e5\u6b632", "^TAIDIVIDI   \u81fa\u7063\u9ad8\u80a1\u606f\u5831\u916c\u6307\u6578", "^TAIDIVIDIx2 \u81fa\u7063\u9ad8\u80a1\u606f\u5831\u916c\u6307\u6578_\u65e5\u6b632", "0050         \u5143\u5927\u81fa\u706350", "00631L       \u5143\u5927\u53f0\u706350\u6b632", "00675L       \u5bcc\u90a6\u81fa\u7063\u52a0\u6b0a\u6b632", "006208       \u5bcc\u90a6\u53f050", "0051         \u5143\u5927\u4e2d\u578b100", "006204       \u6c38\u8c50\u81fa\u7063\u52a0\u6b0a", "0056         \u5143\u5927\u9ad8\u80a1\u606f", "2412         \u4e2d\u83ef\u96fb\u4fe1", "2002         \u4e2d\u92fc", "2330         \u53f0\u7a4d\u96fb", "2317         \u9d3b\u6d77", "6505         \u53f0\u5851\u77f3\u5316", "3481         \u7fa4\u5275", "2303         \u806f\u96fb", "2308         \u53f0\u9054\u96fb", "2454         \u806f\u767c\u79d1"], "zmin": -1, "zmax": 1, "colorbar": {"x": -0.2}}], "layout": {"title": {"text": "<b>Correlation of Adj Close <b><br><i>2016/09/23 ~ 2025/05/12<i>", "y": 0.05, "font": {"family": "Times New Roman"}, "x": 0.05}, "xaxis": {"side": "top", "tickangle": -90, "gridcolor": "rgba(0, 0, 0, 0)", "tickfont": {"family": "Courier New", "size": 14}, "automargin": true, "zerolinecolor": "#ccc", "linecolor": "#ccc"}, "yaxis": {"side": "right", "gridcolor": "rgba(0, 0, 0, 0)", "tickfont": {"family": "Courier New"}, "automargin": true, "zerolinecolor": "#ccc", "linecolor": "#ccc"}, "height": 600, "font": {"family": "Courier New", "color": "#ffffff"}, "plot_bgcolor": "#000", "paper_bgcolor": "#000", "legend": {"font": {"color": "#ffffff"}}}};

Plotly.newPlot("correlationAdjClose",
    correlationAdjClose.data,
    correlationAdjClose.layout || {},
    config);