var element=document.getElementById("correlationAdjClose");if(element.style.display!='none'){var correlationAdjClose={"data":[{"type":"heatmap","z":[[1.0,0.995804417553735,0.9680637688624447,0.9965847732984358,0.9404239869799504,0.9862336223534841,0.9605771174579133,0.9848436578789247,0.9779285304514453,0.9967313666724781,0.9963445150337787,0.996738154731056,0.9894625409979911,0.9909363009966143,0.9964471994328873,0.9872685455269749,0.9997445065858773,0.9843226634938114,0.892288893123131,0.9091881656679963,0.6467685639208399,0.9839539555126546,0.9423628907727778,0.31798064817499766,-0.26851567516307134,0.9056317987712377,0.9136573880679172,0.965964355615498,0.9645461075854641,0.9600661156391956,0.982309998932011,0.9621634361352203,0.926018435071772,0.9809437361434822,0.9791673267158258,0.9611282452643163],[0.995804417553735,1.0,0.9670372548879801,0.9926776000147911,0.9396654525443208,0.982754845867325,0.9581241169465368,0.9768886231243933,0.9725460002900784,0.9938238704593992,0.995473950401914,0.9950614170635422,0.9900212959958201,0.990695917804057,0.9955474469079547,0.982872860735422,0.9978331439524318,0.9785013242601054,0.9083318062916513,0.8990001848647273,0.6702314525644433,0.9718730036402305,0.9263313819811579,0.31578254182985727,-0.20496249845825013,0.8866784918990644,0.9114805733456426,0.965337566821613,0.94669210741278,0.9484695751101573,0.9749752163773883,0.9486903410471913,0.9249246895205148,0.9721621258440988,0.9719440754839694,0.9565407711962589],[0.9680637688624447,0.9670372548879801,1.0,0.981555316387368,0.9936106402016015,0.9624800752265937,0.9782024614694076,0.9345718910401133,0.9632419916179676,0.9814187192319185,0.9882009493406021,0.984950401531735,0.9972169191516875,0.9970590126737509,0.9878942455280886,0.9596096440689378,0.9793481489233243,0.9335127291918847,0.8276464572246265,0.793183393794982,0.4915903602207459,0.9913825104051006,0.9271421400298685,0.1432546543269254,-0.18184191524053658,0.8704808097287349,0.9561233709741648,0.9610189276097748,0.8777946077276476,0.8822111614922487,0.9622287150951742,0.8788009520331609,0.8412560051574463,0.9402731756735386,0.9664199766410402,0.9121811338619429],[0.9965847732984358,0.9926776000147911,0.981555316387368,1.0,0.9618711303301591,0.9775633572797622,0.9604442079065952,0.972374315569436,0.9725468014987066,0.9999761007661878,0.999993611975619,0.9999694186966933,0.9935235464805439,0.9930812808329854,0.9999599972678895,0.9759873334936214,0.9959805309243162,0.9714043974923305,0.8699295058249741,0.8853743817600268,0.6016911360732408,0.9943310780438593,0.944853564266162,0.28057446887266,-0.25305012086534073,0.8941423823618299,0.932914933296223,0.9675184616849023,0.9454281493756933,0.948347729413777,0.9836800297636992,0.9438104856208964,0.9034273244094566,0.9740510085128855,0.977296813197081,0.9493383782650375],[0.9404239869799504,0.9396654525443208,0.9936106402016015,0.9618711303301591,1.0,0.9274752491323869,0.9540540028736431,0.8952006893881664,0.9317845987093732,0.9621639465822197,0.9721358069324991,0.9679159620599657,0.9831284404574893,0.9816668669416488,0.9716093137206464,0.9234238527919769,0.9538598468098151,0.8936890351442326,0.7793496636431413,0.747513542825863,0.43073256311567054,0.9797721653400381,0.9082092115603467,0.10513281512708436,-0.16332370007995098,0.8263564500367169,0.9666138150826707,0.9351972904567917,0.8300001167489424,0.8429531621977596,0.9401505772581508,0.8326853906751489,0.787181949391416,0.9069797424273254,0.939204652817966,0.8730726498112467],[0.9862336223534841,0.982754845867325,0.9624800752265937,0.9775633572797622,0.9274752491323869,1.0,0.9828745235899942,0.9819031200876684,0.9851803484702805,0.9771233142982293,0.9715850827141981,0.9750716692096169,0.9667373498854018,0.964503351835939,0.9716455801911341,0.9999130491278134,0.9881458537244378,0.9826031530820385,0.8990199726011529,0.8709715145861415,0.6171607715274312,0.9678444413678313,0.9182848283673499,0.20334044528143597,-0.20064074312937508,0.9355310485496265,0.8870797221152209,0.9696566504318506,0.951913395286713,0.9355933146713256,0.9643153227651621,0.9507397327396819,0.9398893333682892,0.9651854575780862,0.9823214312186654,0.9635723691371909],[0.9605771174579133,0.9581241169465368,0.9782024614694076,0.9604442079065952,0.9540540028736431,0.9828745235899942,1.0,0.9500106798223403,0.9829753494718578,0.959390056272566,0.9679944848774306,0.9650168364852357,0.9787698547097632,0.978577631165432,0.967819852488086,0.9839603003759001,0.9768832043440315,0.9519452733975637,0.8564807986071638,0.7891285821390371,0.500292845811075,0.9638420147442566,0.9185226452835917,0.06827142430728009,-0.13895451045263418,0.8951888309385185,0.9069195627553609,0.964367608033053,0.8897908261323483,0.8718244460285477,0.9488509049693671,0.8889665636854429,0.8815905072272111,0.9357552792680742,0.9738522435726762,0.9226072636074282],[0.9848436578789247,0.9768886231243933,0.9345718910401133,0.972374315569436,0.8952006893881664,0.9819031200876684,0.9500106798223403,1.0,0.9840666467161817,0.9723498936508247,0.9665570417464799,0.9710013526909113,0.9487883028569668,0.9469594581988486,0.9668649862617223,0.9837225028850098,0.981330147045398,0.9998930574404925,0.9299480383603311,0.9318961645986323,0.5961584874723339,0.9560118663365209,0.9096089090543868,0.18003834323628196,-0.29192602910538107,0.9150560065666454,0.8413282707691222,0.9489886887852448,0.9777890229702796,0.9604014106610057,0.9672449046544866,0.96742406930518,0.9358590239872836,0.9672007506354808,0.9605531504071546,0.9706612994253863],[0.9779285304514453,0.9725460002900784,0.9632419916179676,0.9725468014987066,0.9317845987093732,0.9851803484702805,0.9829753494718578,0.9840666467161817,1.0,0.9719413388215261,0.9671048458803737,0.9705223654517071,0.9612675129349132,0.9570712848525996,0.9671289785417416,0.9844061436119249,0.9767486792271618,0.9834285606702922,0.9020820289925991,0.8665445946738715,0.5084388876084225,0.9670305285969012,0.9291051781514588,0.04170603623296016,-0.2134041908468423,0.8946956276813443,0.8676084157610805,0.9698773070835208,0.9345703289226451,0.9116691108430134,0.9671809923522078,0.9248006623264218,0.8982900535555276,0.9581008228231621,0.9766528482838754,0.9383596513887497],[0.9967313666724781,0.9938238704593992,0.9814187192319185,0.9999761007661878,0.9621639465822197,0.9771233142982293,0.959390056272566,0.9723498936508247,0.9719413388215261,1.0,0.9999926689618257,0.9999851634390975,0.9935106355865078,0.9930709751817008,0.9999630149965797,0.9755485365713108,0.9958730073466039,0.9714659162192631,0.8714751976740864,0.8866627581493645,0.5969021286385027,0.9945404956834515,0.9450771386765446,0.28519527725294797,-0.25251187743961656,0.8943977164476599,0.9316032617373456,0.9663312094799513,0.944959386179971,0.9474286812771417,0.9829957049758069,0.9431159365734288,0.9019963926953576,0.9732637056863281,0.9765393056752787,0.9482423019619524],[0.9963445150337787,0.995473950401914,0.9882009493406021,0.999993611975619,0.9721358069324991,0.9715850827141981,0.9679944848774306,0.9665570417464799,0.9671048458803737,0.9999926689618257,1.0,0.9999783036041322,0.9935725802953772,0.9931118634963173,0.9999651036090332,0.9710868878927363,0.9957026003106141,0.9667930135445035,0.8879783231995744,0.9157259437442464,0.44976820548645324,0.997461466489063,0.9343338044926519,-0.19235030562267963,0.4767291651005877,0.8858094916126638,0.9119999457157825,0.9659858243902627,0.9307170231345768,0.9299404411885146,0.977146489525903,0.9204219414667827,0.8693032448299775,0.96360817614838,0.9833131368495195,0.9458397132456463],[0.996738154731056,0.9950614170635422,0.984950401531735,0.9999694186966933,0.9679159620599657,0.9750716692096169,0.9650168364852357,0.9710013526909113,0.9705223654517071,0.9999851634390975,0.9999783036041322,1.0,0.9935146145225768,0.9930648661897865,0.9999724966487095,0.9747418534140698,0.9957946129797968,0.970781657118624,0.87850260238418,0.9038369331701536,0.5247208992302532,0.9965374927626575,0.943077350886476,0.014358663135287547,-0.12674441036550532,0.9019280269235146,0.9206249573825087,0.9621892704496626,0.9362026611997516,0.9369406144734762,0.9803898683513466,0.9321348817420967,0.8919151844191169,0.9691795651758872,0.9765949734333773,0.950793323930716],[0.9894625409979911,0.9900212959958201,0.9972169191516875,0.9935235464805439,0.9831284404574893,0.9667373498854018,0.9787698547097632,0.9487883028569668,0.9612675129349132,0.9935106355865078,0.9935725802953772,0.9935146145225768,1.0,0.9998379588662785,0.9934816764591953,0.9661480693371878,0.9902106541157703,0.9491416830989944,0.8608969866898571,0.8962933121970678,0.3526899074564745,0.991938711368445,0.9253722155761145,-0.43242198760387596,0.5018808738475481,0.8574241996054716,0.928022089736881,0.9591985274180066,0.8968473479164482,0.8929551020759365,0.962440313529434,0.886708196109219,0.8186718712060336,0.9488731986028015,0.9749313359342526,0.9358697012302372],[0.9909363009966143,0.990695917804057,0.9970590126737509,0.9930812808329854,0.9816668669416488,0.964503351835939,0.978577631165432,0.9469594581988486,0.9570712848525996,0.9930709751817008,0.9931118634963173,0.9930648661897865,0.9998379588662785,1.0,0.9931382847757055,0.9638192808479181,0.9914596568550761,0.947156064239388,0.8443088777373332,0.9066596190978647,0.20310529604793576,0.9897444068612182,0.918073461852978,-0.7291483457476774,0.48509910868747325,0.8278395772278024,0.9293142852229399,0.953601749666547,0.8862843730072305,0.8857705838774871,0.9585004356098648,0.8878982361520996,0.7919279723457746,0.9448921461399732,0.9736595880613714,0.9353505123094896],[0.9964471994328873,0.9955474469079547,0.9878942455280886,0.9999599972678895,0.9716093137206464,0.9716455801911341,0.967819852488086,0.9668649862617223,0.9671289785417416,0.9999630149965797,0.9999651036090332,0.9999724966487095,0.9934816764591953,0.9931382847757055,1.0,0.971254505618034,0.9958006902512991,0.96703377659646,0.8884525638222499,0.9163310038257119,0.45004633450840703,0.9972886767357443,0.9342092862589866,-0.19007905757357202,0.47873320941226427,0.8861323669568612,0.9106194627330775,0.9656688895725914,0.9309321466565738,0.9302959438973766,0.9771724522279964,0.9209171296439059,0.8697690523823004,0.9635066038251997,0.9834015139009383,0.9465431155845738],[0.9872685455269749,0.982872860735422,0.9596096440689378,0.9759873334936214,0.9234238527919769,0.9999130491278134,0.9839603003759001,0.9837225028850098,0.9844061436119249,0.9755485365713108,0.9710868878927363,0.9747418534140698,0.9661480693371878,0.9638192808479181,0.971254505618034,1.0,0.9880510130744424,0.9829131270004033,0.9019019140492441,0.8950171301631878,0.5976825016440346,0.9652786636741201,0.913633137189396,0.052952976239602566,-0.16381125597139362,0.9414009083985075,0.874858187853993,0.9672736343920806,0.9548393078185542,0.9331696058764388,0.9614058816291953,0.9518946519300535,0.9377384769814154,0.9671591187949005,0.9815093588216757,0.9671851048266064],[0.9997445065858773,0.9978331439524318,0.9793481489233243,0.9959805309243162,0.9538598468098151,0.9881458537244378,0.9768832043440315,0.981330147045398,0.9767486792271618,0.9958730073466039,0.9957026003106141,0.9957946129797968,0.9902106541157703,0.9914596568550761,0.9958006902512991,0.9880510130744424,1.0,0.9815602643907795,0.912571078201687,0.9304174976897304,0.5151106372605107,0.9885342929652697,0.9282947130821937,-0.133614038170924,0.49588854987903075,0.9165513763655827,0.8944144245751713,0.9706531107890276,0.9536426493133328,0.9430616925282211,0.975870872943412,0.9437732344297887,0.906637426024137,0.9730846644889987,0.9891459417368019,0.9670405234084469],[0.9843226634938114,0.9785013242601054,0.9335127291918847,0.9714043974923305,0.8936890351442326,0.9826031530820385,0.9519452733975637,0.9998930574404925,0.9834285606702922,0.9714659162192631,0.9667930135445035,0.970781657118624,0.9491416830989944,0.947156064239388,0.96703377659646,0.9829131270004033,0.9815602643907795,1.0,0.9327624693776254,0.938107903892667,0.5925554603291155,0.9540648656161257,0.9128610391054739,0.1427896740655079,-0.26078491830911765,0.9194208662491768,0.8354776051934812,0.9488428084378682,0.9783090036512803,0.9599441367266077,0.9655126357386224,0.9663147018353911,0.9354268611998847,0.9664570431345594,0.958561303022109,0.9715472590984031],[0.892288893123131,0.9083318062916513,0.8276464572246265,0.8699295058249741,0.7793496636431413,0.8990199726011529,0.8564807986071638,0.9299480383603311,0.9020820289925991,0.8714751976740864,0.8879783231995744,0.87850260238418,0.8608969866898571,0.8443088777373332,0.8884525638222499,0.9019019140492441,0.912571078201687,0.9327624693776254,1.0,0.8387858222120969,0.6760705159927942,0.8388813719338002,0.8129845480649126,0.23145963153895155,-0.14838327723396647,0.8659141366060116,0.7075998630930308,0.8582105819713213,0.8985842819816819,0.8676426223464752,0.8530160325232196,0.8794086898022524,0.8645716088954539,0.8615304694035014,0.8703326586159863,0.8973354853014204],[0.9091881656679963,0.8990001848647273,0.793183393794982,0.8853743817600268,0.747513542825863,0.8709715145861415,0.7891285821390371,0.9318961645986323,0.8665445946738715,0.8866627581493645,0.9157259437442464,0.9038369331701536,0.8962933121970678,0.9066596190978647,0.9163310038257119,0.8950171301631878,0.9304174976897304,0.938107903892667,0.8387858222120969,1.0,0.8148463766396707,0.8326876415264843,0.8671041403238281,0.6098974239278612,-0.5078630786883518,0.7322784973337795,0.767278529631282,0.8168598475947995,0.9614113974098808,0.9402065306347771,0.8896494305401701,0.9495296957388902,0.9054310767974125,0.9014892181062695,0.847143610438756,0.8863614843074121],[0.6467685639208399,0.6702314525644433,0.4915903602207459,0.6016911360732408,0.43073256311567054,0.6171607715274312,0.500292845811075,0.5961584874723339,0.5084388876084225,0.5969021286385027,0.44976820548645324,0.5247208992302532,0.3526899074564745,0.20310529604793576,0.45004633450840703,0.5976825016440346,0.5151106372605107,0.5925554603291155,0.6760705159927942,0.8148463766396707,1.0,0.5356843104805832,0.6605264494976283,0.7222941563908665,-0.1158068904523612,0.5246627430467485,0.5003478932057825,0.5783220298984884,0.7595227524520657,0.6842707383244145,0.5824162332620698,0.7198613128048418,0.7446682137002213,0.6373893590425739,0.5943449961505362,0.6496584453884184],[0.9839539555126546,0.9718730036402305,0.9913825104051006,0.9943310780438593,0.9797721653400381,0.9678444413678313,0.9638420147442566,0.9560118663365209,0.9670305285969012,0.9945404956834515,0.997461466489063,0.9965374927626575,0.991938711368445,0.9897444068612182,0.9972886767357443,0.9652786636741201,0.9885342929652697,0.9540648656161257,0.8388813719338002,0.8326876415264843,0.5356843104805832,1.0,0.9218858536872163,0.2100362777623155,-0.23978474228099567,0.8748109388942015,0.9452743545006741,0.9675475421010539,0.9071073684691413,0.9238430658209935,0.9748566474272182,0.9147316918144118,0.8696703756057957,0.9588815299986794,0.9635878160056649,0.9283208700897467],[0.9423628907727778,0.9263313819811579,0.9271421400298685,0.944853564266162,0.9082092115603467,0.9182848283673499,0.9185226452835917,0.9096089090543868,0.9291051781514588,0.9450771386765446,0.9343338044926519,0.943077350886476,0.9253722155761145,0.918073461852978,0.9342092862589866,0.913633137189396,0.9282947130821937,0.9128610391054739,0.8129845480649126,0.8671041403238281,0.6605264494976283,0.9218858536872163,1.0,0.26127628173129447,-0.17321444377992395,0.7449946157410118,0.8868366756085005,0.9115293637148666,0.8995148757567643,0.8687546220843062,0.9436658554426282,0.8782882459667652,0.8422683581828472,0.9379018908984181,0.9001759840372046,0.874914593652951],[0.31798064817499766,0.31578254182985727,0.1432546543269254,0.28057446887266,0.10513281512708436,0.20334044528143597,0.06827142430728009,0.18003834323628196,0.04170603623296016,0.28519527725294797,-0.19235030562267963,0.014358663135287547,-0.43242198760387596,-0.7291483457476774,-0.19007905757357202,0.052952976239602566,-0.133614038170924,0.1427896740655079,0.23145963153895155,0.6098974239278612,0.7222941563908665,0.2100362777623155,0.26127628173129447,1.0,-0.37931764064482243,0.23967949679901307,0.17049438840790232,0.14537785396172884,0.4376477280455108,0.4249504760866579,0.258433578312559,0.4495790780278737,0.38537966414298813,0.2971503010325949,0.2137806001683092,0.3318041446204777],[-0.26851567516307134,-0.20496249845825013,-0.18184191524053658,-0.25305012086534073,-0.16332370007995098,-0.20064074312937508,-0.13895451045263418,-0.29192602910538107,-0.2134041908468423,-0.25251187743961656,0.4767291651005877,-0.12674441036550532,0.5018808738475481,0.48509910868747325,0.47873320941226427,-0.16381125597139362,0.49588854987903075,-0.26078491830911765,-0.14838327723396647,-0.5078630786883518,-0.1158068904523612,-0.23978474228099567,-0.17321444377992395,-0.37931764064482243,1.0,-0.14776486216810883,-0.2018190826816436,-0.16660372868197684,-0.37382739666721715,-0.3592614800853463,-0.285371333424496,-0.33137602679632033,-0.20482750722777307,-0.32216046792631775,-0.165076406704133,-0.29314739597155637],[0.9056317987712377,0.8866784918990644,0.8704808097287349,0.8941423823618299,0.8263564500367169,0.9355310485496265,0.8951888309385185,0.9150560065666454,0.8946956276813443,0.8943977164476599,0.8858094916126638,0.9019280269235146,0.8574241996054716,0.8278395772278024,0.8861323669568612,0.9414009083985075,0.9165513763655827,0.9194208662491768,0.8659141366060116,0.7322784973337795,0.5246627430467485,0.8748109388942015,0.7449946157410118,0.23967949679901307,-0.14776486216810883,1.0,0.7627744932656414,0.8965139903201279,0.8327757433607532,0.8765149665035957,0.8456021649212666,0.8822369475577927,0.8727362301809068,0.8733052525502867,0.8795977171964179,0.9090475997322321],[0.9136573880679172,0.9114805733456426,0.9561233709741648,0.932914933296223,0.9666138150826707,0.8870797221152209,0.9069195627553609,0.8413282707691222,0.8676084157610805,0.9316032617373456,0.9119999457157825,0.9206249573825087,0.928022089736881,0.9293142852229399,0.9106194627330775,0.874858187853993,0.8944144245751713,0.8354776051934812,0.7075998630930308,0.767278529631282,0.5003478932057825,0.9452743545006741,0.8868366756085005,0.17049438840790232,-0.2018190826816436,0.7627744932656414,1.0,0.881077064392539,0.8182001483656591,0.8246334742111149,0.905679721231301,0.8143222819856727,0.7677542961340366,0.8767337485390443,0.8943551559570961,0.848893946249753],[0.965964355615498,0.965337566821613,0.9610189276097748,0.9675184616849023,0.9351972904567917,0.9696566504318506,0.964367608033053,0.9489886887852448,0.9698773070835208,0.9663312094799513,0.9659858243902627,0.9621892704496626,0.9591985274180066,0.953601749666547,0.9656688895725914,0.9672736343920806,0.9706531107890276,0.9488428084378682,0.8582105819713213,0.8168598475947995,0.5783220298984884,0.9675475421010539,0.9115293637148666,0.14537785396172884,-0.16660372868197684,0.8965139903201279,0.881077064392539,1.0,0.9086741788582452,0.9003738652208894,0.9532178788193844,0.8976733205741702,0.8822777598325113,0.9542199907920912,0.9772351048029676,0.9084319890997394],[0.9645461075854641,0.94669210741278,0.8777946077276476,0.9454281493756933,0.8300001167489424,0.951913395286713,0.8897908261323483,0.9777890229702796,0.9345703289226451,0.944959386179971,0.9307170231345768,0.9362026611997516,0.8968473479164482,0.8862843730072305,0.9309321466565738,0.9548393078185542,0.9536426493133328,0.9783090036512803,0.8985842819816819,0.9614113974098808,0.7595227524520657,0.9071073684691413,0.8995148757567643,0.4376477280455108,-0.37382739666721715,0.8327757433607532,0.8182001483656591,0.9086741788582452,1.0,0.986698749407923,0.9499780223575948,0.9910577826608999,0.9556328080827532,0.9589125323124735,0.9095078772573795,0.9637442935387724],[0.9600661156391956,0.9484695751101573,0.8822111614922487,0.948347729413777,0.8429531621977596,0.9355933146713256,0.8718244460285477,0.9604014106610057,0.9116691108430134,0.9474286812771417,0.9299404411885146,0.9369406144734762,0.8929551020759365,0.8857705838774871,0.9302959438973766,0.9331696058764388,0.9430616925282211,0.9599441367266077,0.8676426223464752,0.9402065306347771,0.6842707383244145,0.9238430658209935,0.8687546220843062,0.4249504760866579,-0.3592614800853463,0.8765149665035957,0.8246334742111149,0.9003738652208894,0.986698749407923,1.0,0.9474580634537167,0.9853730897875236,0.9565017900538281,0.9446891888801344,0.9244743142591841,0.964026315830587],[0.982309998932011,0.9749752163773883,0.9622287150951742,0.9836800297636992,0.9401505772581508,0.9643153227651621,0.9488509049693671,0.9672449046544866,0.9671809923522078,0.9829957049758069,0.977146489525903,0.9803898683513466,0.962440313529434,0.9585004356098648,0.9771724522279964,0.9614058816291953,0.975870872943412,0.9655126357386224,0.8530160325232196,0.8896494305401701,0.5824162332620698,0.9748566474272182,0.9436658554426282,0.258433578312559,-0.285371333424496,0.8456021649212666,0.905679721231301,0.9532178788193844,0.9499780223575948,0.9474580634537167,1.0,0.9446995353232251,0.8998245776187022,0.9771950673256156,0.9693173614466151,0.9499548395169467],[0.9621634361352203,0.9486903410471913,0.8788009520331609,0.9438104856208964,0.8326853906751489,0.9507397327396819,0.8889665636854429,0.96742406930518,0.9248006623264218,0.9431159365734288,0.9204219414667827,0.9321348817420967,0.886708196109219,0.8878982361520996,0.9209171296439059,0.9518946519300535,0.9437732344297887,0.9663147018353911,0.8794086898022524,0.9495296957388902,0.7198613128048418,0.9147316918144118,0.8782882459667652,0.4495790780278737,-0.33137602679632033,0.8822369475577927,0.8143222819856727,0.8976733205741702,0.9910577826608999,0.9853730897875236,0.9446995353232251,1.0,0.9743543026754156,0.94873991385205,0.9334442121515006,0.9624815702215658],[0.926018435071772,0.9249246895205148,0.8412560051574463,0.9034273244094566,0.787181949391416,0.9398893333682892,0.8815905072272111,0.9358590239872836,0.8982900535555276,0.9019963926953576,0.8693032448299775,0.8919151844191169,0.8186718712060336,0.7919279723457746,0.8697690523823004,0.9377384769814154,0.906637426024137,0.9354268611998847,0.8645716088954539,0.9054310767974125,0.7446682137002213,0.8696703756057957,0.8422683581828472,0.38537966414298813,-0.20482750722777307,0.8727362301809068,0.7677542961340366,0.8822777598325113,0.9556328080827532,0.9565017900538281,0.8998245776187022,0.9743543026754156,1.0,0.9070174870739796,0.9152634780529888,0.9464177607710046],[0.9809437361434822,0.9721621258440988,0.9402731756735386,0.9740510085128855,0.9069797424273254,0.9651854575780862,0.9357552792680742,0.9672007506354808,0.9581008228231621,0.9732637056863281,0.96360817614838,0.9691795651758872,0.9488731986028015,0.9448921461399732,0.9635066038251997,0.9671591187949005,0.9730846644889987,0.9664570431345594,0.8615304694035014,0.9014892181062695,0.6373893590425739,0.9588815299986794,0.9379018908984181,0.2971503010325949,-0.32216046792631775,0.8733052525502867,0.8767337485390443,0.9542199907920912,0.9589125323124735,0.9446891888801344,0.9771950673256156,0.94873991385205,0.9070174870739796,1.0,0.9611121458144063,0.9495184178658049],[0.9791673267158258,0.9719440754839694,0.9664199766410402,0.977296813197081,0.939204652817966,0.9823214312186654,0.9738522435726762,0.9605531504071546,0.9766528482838754,0.9765393056752787,0.9833131368495195,0.9765949734333773,0.9749313359342526,0.9736595880613714,0.9834015139009383,0.9815093588216757,0.9891459417368019,0.958561303022109,0.8703326586159863,0.847143610438756,0.5943449961505362,0.9635878160056649,0.9001759840372046,0.2137806001683092,-0.165076406704133,0.8795977171964179,0.8943551559570961,0.9772351048029676,0.9095078772573795,0.9244743142591841,0.9693173614466151,0.9334442121515006,0.9152634780529888,0.9611121458144063,1.0,0.93318193579997],[0.9611282452643163,0.9565407711962589,0.9121811338619429,0.9493383782650375,0.8730726498112467,0.9635723691371909,0.9226072636074282,0.9706612994253863,0.9383596513887497,0.9482423019619524,0.9458397132456463,0.950793323930716,0.9358697012302372,0.9353505123094896,0.9465431155845738,0.9671851048266064,0.9670405234084469,0.9715472590984031,0.8973354853014204,0.8863614843074121,0.6496584453884184,0.9283208700897467,0.874914593652951,0.3318041446204777,-0.29314739597155637,0.9090475997322321,0.848893946249753,0.9084319890997394,0.9637442935387724,0.964026315830587,0.9499548395169467,0.9624815702215658,0.9464177607710046,0.9495184178658049,0.93318193579997,1.0]],"x":["^TAIEX       \u81fa\u7063\u52a0\u6b0a\u5831\u916c\u6307\u6578","^TWII        \u81fa\u7063\u52a0\u6b0a\u6307\u6578","^TAIEXx2     \u81fa\u7063\u52a0\u6b0a\u5831\u916c\u6307\u6578_\u65e5\u6b632","^TAI50I      \u81fa\u706350\u5831\u916c\u6307\u6578","^TAI50Ix2    \u81fa\u706350\u5831\u916c\u6307\u6578_\u65e5\u6b632","^TAI100I     \u81fa\u7063\u4e2d\u578b100\u5831\u916c\u6307\u6578","^TAI100Ix2   \u81fa\u7063\u4e2d\u578b100\u5831\u916c\u6307\u6578_\u65e5\u6b632","^TAIDIVIDI   \u81fa\u7063\u9ad8\u80a1\u606f\u5831\u916c\u6307\u6578","^TAIDIVIDIx2 \u81fa\u7063\u9ad8\u80a1\u606f\u5831\u916c\u6307\u6578_\u65e5\u6b632","0050Fund     \u5143\u5927\u53f0\u7063\u5353\u8d8a50\u57fa\u91d1","006208Fund   \u5bcc\u90a6\u53f0\u7063\u91c6\u540950\u57fa\u91d1","0050         \u5143\u5927\u81fa\u706350","00631L       \u5143\u5927\u53f0\u706350\u6b632","00675L       \u5bcc\u90a6\u81fa\u7063\u52a0\u6b0a\u6b632","006208       \u5bcc\u90a6\u53f050","0051         \u5143\u5927\u4e2d\u578b100","006204       \u6c38\u8c50\u81fa\u7063\u52a0\u6b0a","0056         \u5143\u5927\u9ad8\u80a1\u606f","0056         \u5143\u5927\u9ad8\u80a1\u606f_\u80a1\u606f\u4e0d\u6295\u5165","2412         \u4e2d\u83ef\u96fb\u4fe1","2002         \u4e2d\u92fc","2330         \u53f0\u7a4d\u96fb","2317         \u9d3b\u6d77","6505         \u53f0\u5851\u77f3\u5316","3481         \u7fa4\u5275","2303         \u806f\u96fb","2308         \u53f0\u9054\u96fb","2454         \u806f\u767c\u79d1","2886         \u5146\u8c50\u91d1","2884         \u7389\u5c71\u91d1","2891         \u4e2d\u4fe1\u91d1","2892         \u7b2c\u4e00\u91d1","5880         \u5408\u5eab\u91d1","2881         \u5bcc\u90a6\u91d1","2885         \u5143\u5927\u91d1","2887         \u53f0\u65b0\u91d1"],"y":["^TAIEX       \u81fa\u7063\u52a0\u6b0a\u5831\u916c\u6307\u6578","^TWII        \u81fa\u7063\u52a0\u6b0a\u6307\u6578","^TAIEXx2     \u81fa\u7063\u52a0\u6b0a\u5831\u916c\u6307\u6578_\u65e5\u6b632","^TAI50I      \u81fa\u706350\u5831\u916c\u6307\u6578","^TAI50Ix2    \u81fa\u706350\u5831\u916c\u6307\u6578_\u65e5\u6b632","^TAI100I     \u81fa\u7063\u4e2d\u578b100\u5831\u916c\u6307\u6578","^TAI100Ix2   \u81fa\u7063\u4e2d\u578b100\u5831\u916c\u6307\u6578_\u65e5\u6b632","^TAIDIVIDI   \u81fa\u7063\u9ad8\u80a1\u606f\u5831\u916c\u6307\u6578","^TAIDIVIDIx2 \u81fa\u7063\u9ad8\u80a1\u606f\u5831\u916c\u6307\u6578_\u65e5\u6b632","0050Fund     \u5143\u5927\u53f0\u7063\u5353\u8d8a50\u57fa\u91d1","006208Fund   \u5bcc\u90a6\u53f0\u7063\u91c6\u540950\u57fa\u91d1","0050         \u5143\u5927\u81fa\u706350","00631L       \u5143\u5927\u53f0\u706350\u6b632","00675L       \u5bcc\u90a6\u81fa\u7063\u52a0\u6b0a\u6b632","006208       \u5bcc\u90a6\u53f050","0051         \u5143\u5927\u4e2d\u578b100","006204       \u6c38\u8c50\u81fa\u7063\u52a0\u6b0a","0056         \u5143\u5927\u9ad8\u80a1\u606f","0056         \u5143\u5927\u9ad8\u80a1\u606f_\u80a1\u606f\u4e0d\u6295\u5165","2412         \u4e2d\u83ef\u96fb\u4fe1","2002         \u4e2d\u92fc","2330         \u53f0\u7a4d\u96fb","2317         \u9d3b\u6d77","6505         \u53f0\u5851\u77f3\u5316","3481         \u7fa4\u5275","2303         \u806f\u96fb","2308         \u53f0\u9054\u96fb","2454         \u806f\u767c\u79d1","2886         \u5146\u8c50\u91d1","2884         \u7389\u5c71\u91d1","2891         \u4e2d\u4fe1\u91d1","2892         \u7b2c\u4e00\u91d1","5880         \u5408\u5eab\u91d1","2881         \u5bcc\u90a6\u91d1","2885         \u5143\u5927\u91d1","2887         \u53f0\u65b0\u91d1"],"zmin":-1,"zmax":1,"colorbar":{"x":-0.2}}],"layout":{"autotypenumbers":"strict","colorway":["#636efa","#EF553B","#00cc96","#ab63fa","#FFA15A","#19d3f3","#FF6692","#B6E880","#FF97FF","#FECB52"],"font":{"color":"#f2f5fa","family":"Courier New"},"hovermode":"closest","hoverlabel":{"align":"left"},"paper_bgcolor":"rgb(17,17,17)","plot_bgcolor":"rgb(17,17,17)","polar":{"bgcolor":"rgb(17,17,17)","angularaxis":{"gridcolor":"#506784","linecolor":"#506784","ticks":""},"radialaxis":{"gridcolor":"#506784","linecolor":"#506784","ticks":""}},"ternary":{"bgcolor":"rgb(17,17,17)","aaxis":{"gridcolor":"#506784","linecolor":"#506784","ticks":""},"baxis":{"gridcolor":"#506784","linecolor":"#506784","ticks":""},"caxis":{"gridcolor":"#506784","linecolor":"#506784","ticks":""}},"coloraxis":{"colorbar":{"outlinewidth":0,"ticks":""}},"colorscale":{"sequential":[[0.0,"#0d0887"],[0.1111111111111111,"#46039f"],[0.2222222222222222,"#7201a8"],[0.3333333333333333,"#9c179e"],[0.4444444444444444,"#bd3786"],[0.5555555555555556,"#d8576b"],[0.6666666666666666,"#ed7953"],[0.7777777777777778,"#fb9f3a"],[0.8888888888888888,"#fdca26"],[1.0,"#f0f921"]],"sequentialminus":[[0.0,"#0d0887"],[0.1111111111111111,"#46039f"],[0.2222222222222222,"#7201a8"],[0.3333333333333333,"#9c179e"],[0.4444444444444444,"#bd3786"],[0.5555555555555556,"#d8576b"],[0.6666666666666666,"#ed7953"],[0.7777777777777778,"#fb9f3a"],[0.8888888888888888,"#fdca26"],[1.0,"#f0f921"]],"diverging":[[0,"#8e0152"],[0.1,"#c51b7d"],[0.2,"#de77ae"],[0.3,"#f1b6da"],[0.4,"#fde0ef"],[0.5,"#f7f7f7"],[0.6,"#e6f5d0"],[0.7,"#b8e186"],[0.8,"#7fbc41"],[0.9,"#4d9221"],[1,"#276419"]]},"xaxis":{"gridcolor":"rgba(0, 0, 0, 0)","linecolor":"#506784","ticks":"","title":{"standoff":15},"zerolinecolor":"#283442","automargin":true,"zerolinewidth":2,"tickfont":{"family":"Courier New","size":14},"side":"top","tickangle":-90},"yaxis":{"gridcolor":"rgba(0, 0, 0, 0)","linecolor":"#506784","ticks":"","title":{"standoff":15},"zerolinecolor":"#283442","automargin":true,"zerolinewidth":2,"tickfont":{"family":"Courier New"},"side":"right"},"scene":{"xaxis":{"backgroundcolor":"rgb(17,17,17)","gridcolor":"#506784","linecolor":"#506784","showbackground":true,"ticks":"","zerolinecolor":"#C8D4E3","gridwidth":2},"yaxis":{"backgroundcolor":"rgb(17,17,17)","gridcolor":"#506784","linecolor":"#506784","showbackground":true,"ticks":"","zerolinecolor":"#C8D4E3","gridwidth":2},"zaxis":{"backgroundcolor":"rgb(17,17,17)","gridcolor":"#506784","linecolor":"#506784","showbackground":true,"ticks":"","zerolinecolor":"#C8D4E3","gridwidth":2}},"shapedefaults":{"line":{"color":"#f2f5fa"}},"annotationdefaults":{"arrowcolor":"#f2f5fa","arrowhead":0,"arrowwidth":1},"geo":{"bgcolor":"rgb(17,17,17)","landcolor":"rgb(17,17,17)","subunitcolor":"#506784","showland":true,"showlakes":true,"lakecolor":"rgb(17,17,17)"},"title":{"x":0.05,"font":{"family":"Times New Roman"},"y":0.05,"text":"<b>Correlation of Adj Close<b><br><i>2016-09-23 ~ 2026-03-24<i>"},"updatemenudefaults":{"bgcolor":"#506784","borderwidth":0},"sliderdefaults":{"bgcolor":"#C8D4E3","borderwidth":1,"bordercolor":"rgb(17,17,17)","tickwidth":0},"mapbox":{"style":"dark"},"annotations":[{"text":"<b>@zwindr<b>","textangle":0,"opacity":0.5,"font":{"color":"white","size":12},"xref":"paper","yref":"paper","xanchor":"left","yanchor":"bottom","x":1.0,"y":1.0,"showarrow":false}]},"config":{"responsive":true,"toImageButtonOptions":{"filename":"Correlation of Adj Close_2016-09-23~2026-03-24","scale":5}}};Plotly.newPlot("correlationAdjClose",correlationAdjClose.data,correlationAdjClose.layout||{},correlationAdjClose.config);}else{console.log("style display is none => correlationAdjClose");}