var element=document.getElementById("correlationClose");if(element.style.display!='none'){var correlationClose={"data":[{"type":"heatmap","z":[[1.0,0.9999999999999979,1.0,0.995509192788069,0.995509192788069,0.9784796467757113,0.9784796467757113,0.9312205819571611,0.9312205819571611,0.669322771842266,0.9962598744785974,0.6022370634548813,0.8888579024945737,0.984765945531397,0.9963318274626939,0.9814310018218751,0.999425746344213,0.9131510602387634,0.9131510602387634,0.7465289608901282,-0.22882624201883625,0.9850689402606504,0.33434568796953573,-0.21027093631331129,-0.15004478472128802,0.8591514013479087,0.890964875109937,0.9193764132804212,0.8732953039030278,0.7687592978418715,0.7270334052130683,0.6521306713695076,0.5667825922658177,0.9224281822130213,0.8985614605634931,0.356519873955359],[0.9999999999999979,1.0,0.9999999999999981,0.9954598307177916,0.9954598307177916,0.978163798661154,0.978163798661154,0.93203187012634,0.93203187012634,0.6674538658571033,0.996303601430338,0.6001868940292036,0.8904866364718764,0.9843831717842738,0.9963695458754181,0.9813464005232111,0.9994323848777673,0.9132296829154434,0.9132296829154434,0.7611490801774862,-0.027969131244796143,0.9796007565413376,0.076489956659846,-0.20598029289822828,-0.14656993587719028,0.7419094519238773,0.8875524725644781,0.9052172667723183,0.8699703606598567,0.7746074433593391,0.7230637653885029,0.650522700566142,0.5896125464262398,0.9222423515322304,0.7984258704347518,0.3564494079020213],[1.0,0.9999999999999981,1.0,0.995509192788069,0.995509192788069,0.9784796467757113,0.9784796467757113,0.9312205819571611,0.9312205819571611,0.669322771842266,0.9962598744785974,0.6022370634548813,0.8888579024945737,0.984765945531397,0.9963318274626939,0.9814310018218751,0.999425746344213,0.9131510602387634,0.9131510602387634,0.7465289608901282,-0.22882624201883625,0.9850689402606504,0.33434568796953573,-0.21027093631331129,-0.15004478472128802,0.8591514013479087,0.890964875109937,0.9193764132804212,0.8732953039030278,0.7687592978418715,0.7270334052130683,0.6521306713695076,0.5667825922658177,0.9224281822130213,0.8985614605634931,0.356519873955359],[0.995509192788069,0.9954598307177916,0.995509192788069,1.0,1.0,0.9679747108970974,0.9679747108970974,0.9161654488632852,0.9161654488632852,0.6221487125538978,0.9997509078276915,0.5571354755016259,0.8963645979376039,0.9886025984356213,0.9997089382488094,0.9668616535670701,0.9957702136934032,0.8854495422417312,0.8854495422417312,0.7111574268117504,-0.23387665911503316,0.9939298874884025,0.36101939801445015,-0.24119398079394416,-0.14039716802352228,0.8513196473552024,0.9150789233268598,0.9269867278666242,0.8429533291193738,0.7574244405159075,0.7529230036007016,0.6370884182747867,0.5280873652844363,0.9031884613329743,0.8942587009894325,0.3726528227061163],[0.995509192788069,0.9954598307177916,0.995509192788069,1.0,1.0,0.9679747108970974,0.9679747108970974,0.9161654488632852,0.9161654488632852,0.6221487125538978,0.9997509078276915,0.5571354755016259,0.8963645979376039,0.9886025984356213,0.9997089382488094,0.9668616535670701,0.9957702136934032,0.8854495422417312,0.8854495422417312,0.7111574268117504,-0.23387665911503316,0.9939298874884025,0.36101939801445015,-0.24119398079394416,-0.14039716802352228,0.8513196473552024,0.9150789233268598,0.9269867278666242,0.8429533291193738,0.7574244405159075,0.7529230036007016,0.6370884182747867,0.5280873652844363,0.9031884613329743,0.8942587009894325,0.3726528227061163],[0.9784796467757113,0.978163798661154,0.9784796467757113,0.9679747108970974,0.9679747108970974,1.0,1.0,0.9499524569425112,0.9499524569425112,0.6568248181995692,0.9666202150026647,0.6269356062066639,0.8630375177857231,0.9511259194724759,0.9665724268195163,0.9992113034600799,0.982548267732776,0.9213650769152496,0.9213650769152496,0.6550666815873503,-0.19443097173673105,0.9592988506064486,0.44754084600127575,-0.3617995779177231,-0.057610102866521476,0.9017615106202579,0.8564651800041037,0.9219149048044902,0.863067624916469,0.7474963174984415,0.8441015460210533,0.7350928512874058,0.6333253317769452,0.8772075459780893,0.9154457733098164,0.5895017058416517],[0.9784796467757113,0.978163798661154,0.9784796467757113,0.9679747108970974,0.9679747108970974,1.0,1.0,0.9499524569425112,0.9499524569425112,0.6568248181995692,0.9666202150026647,0.6269356062066639,0.8630375177857231,0.9511259194724759,0.9665724268195163,0.9992113034600799,0.982548267732776,0.9213650769152496,0.9213650769152496,0.6550666815873503,-0.19443097173673105,0.9592988506064486,0.44754084600127575,-0.3617995779177231,-0.057610102866521476,0.9017615106202579,0.8564651800041037,0.9219149048044902,0.863067624916469,0.7474963174984415,0.8441015460210533,0.7350928512874058,0.6333253317769452,0.8772075459780893,0.9154457733098164,0.5895017058416517],[0.9312205819571611,0.93203187012634,0.9312205819571611,0.9161654488632852,0.9161654488632852,0.9499524569425112,0.9499524569425112,1.0,1.0,0.6392450262982323,0.9481297093951941,0.6399944510013919,0.8363334656878781,0.9247820894341308,0.9479958645684627,0.951879590598375,0.95797880354698,0.9713160901824247,0.9713160901824247,0.623333206238189,-0.08560096381490324,0.8918478270656157,0.6420133495886363,-0.39737765096243083,0.0531986539973702,0.8442788997015531,0.7781966958880684,0.8848180845692984,0.8407717824813711,0.7666242323787796,0.9127472053163627,0.7817044916213465,0.6639177064720331,0.8369219630096442,0.8981957262408371,0.8566239137017642],[0.9312205819571611,0.93203187012634,0.9312205819571611,0.9161654488632852,0.9161654488632852,0.9499524569425112,0.9499524569425112,1.0,1.0,0.6392450262982323,0.9481297093951941,0.6399944510013919,0.8363334656878781,0.9247820894341308,0.9479958645684627,0.951879590598375,0.95797880354698,0.9713160901824247,0.9713160901824247,0.623333206238189,-0.08560096381490324,0.8918478270656157,0.6420133495886363,-0.39737765096243083,0.0531986539973702,0.8442788997015531,0.7781966958880684,0.8848180845692984,0.8407717824813711,0.7666242323787796,0.9127472053163627,0.7817044916213465,0.6639177064720331,0.8369219630096442,0.8981957262408371,0.8566239137017642],[0.669322771842266,0.6674538658571033,0.669322771842266,0.6221487125538978,0.6221487125538978,0.6568248181995692,0.6568248181995692,0.6392450262982323,0.6392450262982323,1.0,0.46182891602581777,0.9999686379046769,0.24757740296886624,0.20475747747545728,0.4648171912700617,0.6486102568628849,0.5387658434949736,0.743811758325547,0.743811758325547,0.6820326486188151,-0.10384168780796818,0.6003370810259555,0.04905947914817672,0.04169225701404518,-0.23649683019222972,0.6692816734244916,0.3201501607868506,0.5555821805011673,0.7912389450172503,0.6648175022459969,0.3120534771912748,0.5206205376884546,0.5633679249229664,0.7394685266128883,0.5455640628231267,0.1759202746204944],[0.9962598744785974,0.996303601430338,0.9962598744785974,0.9997509078276915,0.9997509078276915,0.9666202150026647,0.9666202150026647,0.9481297093951941,0.9481297093951941,0.46182891602581777,1.0,0.4631513327755932,0.8964881187246018,0.9880433878860609,0.9999568906360482,0.9636495886060531,0.9956617041178818,0.8978247295584232,0.8978247295584232,0.836463623112171,-0.16827076800958604,0.9969312211550049,0.9158380871890917,-0.5444972702084938,0.659739664521125,0.8594263947878216,0.9073824333361793,0.9386762313908806,0.8244022871225447,0.776871015864242,0.9527151493839549,0.809100841543701,0.6444937956253439,0.8917061498897533,0.9677896100402149,0.8681574996300573],[0.6022370634548813,0.6001868940292036,0.6022370634548813,0.5571354755016259,0.5571354755016259,0.6269356062066639,0.6269356062066639,0.6399944510013919,0.6399944510013919,0.9999686379046769,0.4631513327755932,1.0,0.24875177032177723,0.20581056134985293,0.46577054280489094,0.636498292701083,0.5395991634611078,0.7326937859554897,0.7326937859554897,0.6290459380603292,0.027192856401429863,0.5402354374843864,0.3673865499478685,-0.16410182224580386,-0.2050291040938329,0.6824099589960443,0.23460073274759755,0.5135473917868671,0.756847693997677,0.6787128256591302,0.45060528700392605,0.6714560668659247,0.6751551140982365,0.6816108386508372,0.5051722553867322,0.5638508031233939],[0.8888579024945737,0.8904866364718764,0.8888579024945737,0.8963645979376039,0.8963645979376039,0.8630375177857231,0.8630375177857231,0.8363334656878781,0.8363334656878781,0.24757740296886624,0.8964881187246018,0.24875177032177723,1.0,0.9998894772919765,0.8960823228865287,0.857875119012936,0.8879661038713098,0.7630899181164719,0.7630899181164719,0.6554647484787143,-0.14552244382185062,0.8884372558069676,0.830160040457304,-0.620900495888347,0.7245935792842254,0.7533607268662348,0.8843289524105161,0.8865971797650998,0.6572115337617511,0.5957943983583108,0.8696965230415411,0.6404139893514226,0.4636256559458683,0.7780451176860234,0.8782666586178169,0.8105825769966258],[0.984765945531397,0.9843831717842738,0.984765945531397,0.9886025984356213,0.9886025984356213,0.9511259194724759,0.9511259194724759,0.9247820894341308,0.9247820894341308,0.20475747747545728,0.9880433878860609,0.20581056134985293,0.9998894772919765,1.0,0.988074385951106,0.9449412654057348,0.981880734084928,0.8564104012044363,0.8564104012044363,0.8241404653354084,-0.2690937728249284,0.9783458357028632,0.8893931226176921,-0.7025151802844015,0.7788882791898428,0.815907067128737,0.9543603791723942,0.9527537327802035,0.7247528006040314,0.6494307557495718,0.9409567998839338,0.7266204213316317,0.4692510281976614,0.8524707671936816,0.9622488114728308,0.8710787874842523],[0.9963318274626939,0.9963695458754181,0.9963318274626939,0.9997089382488094,0.9997089382488094,0.9665724268195163,0.9665724268195163,0.9479958645684627,0.9479958645684627,0.4648171912700617,0.9999568906360482,0.46577054280489094,0.8960823228865287,0.988074385951106,1.0,0.9638374981169373,0.9957678478638942,0.8986027764635822,0.8986027764635822,0.8376603798801477,-0.16593811330985442,0.9968624385856405,0.9156660820360062,-0.5428103173829589,0.6561770903939642,0.8588362310200152,0.9056155676881016,0.9380042557324255,0.8256317629193534,0.7784956295646923,0.9520077620249373,0.8105812595623987,0.6472166623603487,0.8917433628824666,0.9676014247888471,0.8673353887007934],[0.9814310018218751,0.9813464005232111,0.9814310018218751,0.9668616535670701,0.9668616535670701,0.9992113034600799,0.9992113034600799,0.951879590598375,0.951879590598375,0.6486102568628849,0.9636495886060531,0.636498292701083,0.857875119012936,0.9449412654057348,0.9638374981169373,1.0,0.9814953006478478,0.9247323470834952,0.9247323470834952,0.7054951321410192,-0.18515810106360533,0.960961387115726,0.7508690124662956,-0.48666496552065613,-0.030309943729380204,0.9098685626147057,0.8424813723352443,0.91530374592704,0.8704459979503993,0.7780373477793815,0.9082541129916504,0.7772437614009075,0.6878697109770399,0.897867187046119,0.9126720296306184,0.8516937056782524],[0.999425746344213,0.9994323848777673,0.999425746344213,0.9957702136934032,0.9957702136934032,0.982548267732776,0.982548267732776,0.95797880354698,0.95797880354698,0.5387658434949736,0.9956617041178818,0.5395991634611078,0.8879661038713098,0.981880734084928,0.9957678478638942,0.9814953006478478,1.0,0.9248816325244319,0.9248816325244319,0.8556380523006508,-0.14806208743534724,0.9915897516140614,0.901660455766885,-0.538056706662918,0.6411830605793492,0.8886639928765571,0.8848993506679177,0.9377603146664155,0.8652114670988141,0.8039574090391897,0.9449183094930625,0.8500798573312087,0.7027133577017248,0.9095471443490947,0.9725794966933772,0.8955808570497746],[0.9131510602387634,0.9132296829154434,0.9131510602387634,0.8854495422417312,0.8854495422417312,0.9213650769152496,0.9213650769152496,0.9713160901824247,0.9713160901824247,0.743811758325547,0.8978247295584232,0.7326937859554897,0.7630899181164719,0.8564104012044363,0.8986027764635822,0.9247323470834952,0.9248816325244319,1.0,1.0,0.7614352839752865,-0.12131575876225202,0.8613331322113724,0.6512350010936718,-0.29024993774890123,-0.09636588103588961,0.8575818579956128,0.6990537598450044,0.8270810206578453,0.9110405922904153,0.8440720760896627,0.8308969421963919,0.7739557000017218,0.6843976744555358,0.8744702212362564,0.8214591817106113,0.8792656977380133],[0.9131510602387634,0.9132296829154434,0.9131510602387634,0.8854495422417312,0.8854495422417312,0.9213650769152496,0.9213650769152496,0.9713160901824247,0.9713160901824247,0.743811758325547,0.8978247295584232,0.7326937859554897,0.7630899181164719,0.8564104012044363,0.8986027764635822,0.9247323470834952,0.9248816325244319,1.0,1.0,0.7614352839752865,-0.12131575876225202,0.8613331322113724,0.6512350010936718,-0.29024993774890123,-0.09636588103588961,0.8575818579956128,0.6990537598450044,0.8270810206578453,0.9110405922904153,0.8440720760896627,0.8308969421963919,0.7739557000017218,0.6843976744555358,0.8744702212362564,0.8214591817106113,0.8792656977380133],[0.7465289608901282,0.7611490801774862,0.7465289608901282,0.7111574268117504,0.7111574268117504,0.6550666815873503,0.6550666815873503,0.623333206238189,0.623333206238189,0.6820326486188151,0.836463623112171,0.6290459380603292,0.6554647484787143,0.8241404653354084,0.8376603798801477,0.7054951321410192,0.8556380523006508,0.7614352839752865,0.7614352839752865,1.0,-0.0022983110747151064,0.682207286708242,-0.25429379241336636,0.24185131334424387,-0.6113091279443862,0.40809087380837616,0.5498268286648402,0.49823762494841034,0.8475010969717582,0.7176169494728676,0.24034505706857723,0.3625653652840024,0.5780175746834013,0.7897282287641456,0.5176656723994206,-0.04921308336444353],[-0.22882624201883625,-0.027969131244796143,-0.22882624201883625,-0.23387665911503316,-0.23387665911503316,-0.19443097173673105,-0.19443097173673105,-0.08560096381490324,-0.08560096381490324,-0.10384168780796818,-0.16827076800958604,0.027192856401429863,-0.14552244382185062,-0.2690937728249284,-0.16593811330985442,-0.18515810106360533,-0.14806208743534724,-0.12131575876225202,-0.12131575876225202,-0.0022983110747151064,1.0,-0.15818835274338217,0.06154318193443409,0.19431650238782136,0.7181350310166457,-0.13885446850247313,-0.1321604981293608,-0.10822094595661212,0.11268459704828135,-0.05266705692357554,-0.0689262784132502,0.25365268763854276,0.5397054449943293,-0.1793564658901482,0.014070620044686455,0.08786956062084404],[0.9850689402606504,0.9796007565413376,0.9850689402606504,0.9939298874884025,0.9939298874884025,0.9592988506064486,0.9592988506064486,0.8918478270656157,0.8918478270656157,0.6003370810259555,0.9969312211550049,0.5402354374843864,0.8884372558069676,0.9783458357028632,0.9968624385856405,0.960961387115726,0.9915897516140614,0.8613331322113724,0.8613331322113724,0.682207286708242,-0.15818835274338217,1.0,0.26787773053334213,-0.28399843797307545,-0.17879562483042283,0.7479358340620454,0.9124346415543485,0.9082757523176404,0.8006949590910553,0.7346302283960936,0.7539947681364654,0.6151057556609117,0.47612647831777616,0.8891763663886828,0.7855583853305242,0.3581809994615482],[0.33434568796953573,0.076489956659846,0.33434568796953573,0.36101939801445015,0.36101939801445015,0.44754084600127575,0.44754084600127575,0.6420133495886363,0.6420133495886363,0.04905947914817672,0.9158380871890917,0.3673865499478685,0.830160040457304,0.8893931226176921,0.9156660820360062,0.7508690124662956,0.901660455766885,0.6512350010936718,0.6512350010936718,-0.25429379241336636,0.06154318193443409,0.26787773053334213,1.0,-0.4937810241717375,0.6782321819405892,0.4537211483047145,0.30356091420560316,0.434229781914466,0.0030385149270929423,0.17570359751126408,0.6523024065739085,0.5295773540624745,0.22823265123012398,0.15480112952505884,0.47578660137144196,0.5277333718472419],[-0.21027093631331129,-0.20598029289822828,-0.21027093631331129,-0.24119398079394416,-0.24119398079394416,-0.3617995779177231,-0.3617995779177231,-0.39737765096243083,-0.39737765096243083,0.04169225701404518,-0.5444972702084938,-0.16410182224580386,-0.620900495888347,-0.7025151802844015,-0.5428103173829589,-0.48666496552065613,-0.538056706662918,-0.29024993774890123,-0.29024993774890123,0.24185131334424387,0.19431650238782136,-0.28399843797307545,-0.4937810241717375,1.0,-0.038749451275025354,-0.23804802791501473,-0.2673236817677996,-0.33532728173942633,-0.10916728155293581,-0.13900931266118186,-0.5668601227821448,-0.2512702087249472,-0.05380969002480493,-0.1340902548518727,-0.29788584745257074,-0.4440548388771905],[-0.15004478472128802,-0.14656993587719028,-0.15004478472128802,-0.14039716802352228,-0.14039716802352228,-0.057610102866521476,-0.057610102866521476,0.0531986539973702,0.0531986539973702,-0.23649683019222972,0.659739664521125,-0.2050291040938329,0.7245935792842254,0.7788882791898428,0.6561770903939642,-0.030309943729380204,0.6411830605793492,-0.09636588103588961,-0.09636588103588961,-0.6113091279443862,0.7181350310166457,-0.17879562483042283,0.6782321819405892,-0.038749451275025354,1.0,-0.0349695349715555,-0.05602973005266843,0.018593460264746453,-0.3160156291750303,-0.2955857999903887,0.09419024943371065,0.16873428483205496,0.2653481201538005,-0.3070374569551622,0.12952667846729715,0.11386660316502764],[0.8591514013479087,0.7419094519238773,0.8591514013479087,0.8513196473552024,0.8513196473552024,0.9017615106202579,0.9017615106202579,0.8442788997015531,0.8442788997015531,0.6692816734244916,0.8594263947878216,0.6824099589960443,0.7533607268662348,0.815907067128737,0.8588362310200152,0.9098685626147057,0.8886639928765571,0.8575818579956128,0.8575818579956128,0.40809087380837616,-0.13885446850247313,0.7479358340620454,0.4537211483047145,-0.23804802791501473,-0.0349695349715555,1.0,0.6670406195969015,0.8839162280236478,0.5411469517498025,0.6399405565224406,0.6884320441535304,0.6616517227702428,0.41580533888511095,0.754395772474499,0.7797239844171936,0.5120886549771647],[0.890964875109937,0.8875524725644781,0.890964875109937,0.9150789233268598,0.9150789233268598,0.8564651800041037,0.8564651800041037,0.7781966958880684,0.7781966958880684,0.3201501607868506,0.9073824333361793,0.23460073274759755,0.8843289524105161,0.9543603791723942,0.9056155676881016,0.8424813723352443,0.8848993506679177,0.6990537598450044,0.6990537598450044,0.5498268286648402,-0.1321604981293608,0.9124346415543485,0.30356091420560316,-0.2673236817677996,-0.05602973005266843,0.6670406195969015,1.0,0.8824912987113196,0.6174158633747442,0.5649889451610078,0.7126618528327446,0.4757826370021634,0.3626346683004455,0.7380578160635658,0.7419197650337646,0.34293077143286355],[0.9193764132804212,0.9052172667723183,0.9193764132804212,0.9269867278666242,0.9269867278666242,0.9219149048044902,0.9219149048044902,0.8848180845692984,0.8848180845692984,0.5555821805011673,0.9386762313908806,0.5135473917868671,0.8865971797650998,0.9527537327802035,0.9380042557324255,0.91530374592704,0.9377603146664155,0.8270810206578453,0.8270810206578453,0.49823762494841034,-0.10822094595661212,0.9082757523176404,0.434229781914466,-0.33532728173942633,0.018593460264746453,0.8839162280236478,0.8824912987113196,1.0,0.682772837245962,0.5891235941476642,0.7449496938530381,0.5783899597473088,0.44191278381046883,0.7984249624787259,0.8803622896041514,0.38406690200960186],[0.8732953039030278,0.8699703606598567,0.8732953039030278,0.8429533291193738,0.8429533291193738,0.863067624916469,0.863067624916469,0.8407717824813711,0.8407717824813711,0.7912389450172503,0.8244022871225447,0.756847693997677,0.6572115337617511,0.7247528006040314,0.8256317629193534,0.8704459979503993,0.8652114670988141,0.9110405922904153,0.9110405922904153,0.8475010969717582,0.11268459704828135,0.8006949590910553,0.0030385149270929423,-0.10916728155293581,-0.3160156291750303,0.5411469517498025,0.6174158633747442,0.682772837245962,1.0,0.9153807502169017,0.5992170953808039,0.7176143689174818,0.6708307936850778,0.8853598085872597,0.5671207581986999,0.37248033102380096],[0.7687592978418715,0.7746074433593391,0.7687592978418715,0.7574244405159075,0.7574244405159075,0.7474963174984415,0.7474963174984415,0.7666242323787796,0.7666242323787796,0.6648175022459969,0.776871015864242,0.6787128256591302,0.5957943983583108,0.6494307557495718,0.7784956295646923,0.7780373477793815,0.8039574090391897,0.8440720760896627,0.8440720760896627,0.7176169494728676,-0.05266705692357554,0.7346302283960936,0.17570359751126408,-0.13900931266118186,-0.2955857999903887,0.6399405565224406,0.5649889451610078,0.5891235941476642,0.9153807502169017,1.0,0.6248557705217286,0.7018949973374699,0.6178317348682407,0.7595017673323445,0.6244009907625812,0.5263514440778715],[0.7270334052130683,0.7230637653885029,0.7270334052130683,0.7529230036007016,0.7529230036007016,0.8441015460210533,0.8441015460210533,0.9127472053163627,0.9127472053163627,0.3120534771912748,0.9527151493839549,0.45060528700392605,0.8696965230415411,0.9409567998839338,0.9520077620249373,0.9082541129916504,0.9449183094930625,0.8308969421963919,0.8308969421963919,0.24034505706857723,-0.0689262784132502,0.7539947681364654,0.6523024065739085,-0.5668601227821448,0.09419024943371065,0.6884320441535304,0.7126618528327446,0.7449496938530381,0.5992170953808039,0.6248557705217286,1.0,0.7408055302906132,0.382780542604321,0.6256307027934105,0.7424963078641463,0.7731700838417587],[0.6521306713695076,0.650522700566142,0.6521306713695076,0.6370884182747867,0.6370884182747867,0.7350928512874058,0.7350928512874058,0.7817044916213465,0.7817044916213465,0.5206205376884546,0.809100841543701,0.6714560668659247,0.6404139893514226,0.7266204213316317,0.8105812595623987,0.7772437614009075,0.8500798573312087,0.7739557000017218,0.7739557000017218,0.3625653652840024,0.25365268763854276,0.6151057556609117,0.5295773540624745,-0.2512702087249472,0.16873428483205496,0.6616517227702428,0.4757826370021634,0.5783899597473088,0.7176143689174818,0.7018949973374699,0.7408055302906132,1.0,0.7777177158103519,0.5585722782769403,0.7224747522547599,0.592757016776347],[0.5667825922658177,0.5896125464262398,0.5667825922658177,0.5280873652844363,0.5280873652844363,0.6333253317769452,0.6333253317769452,0.6639177064720331,0.6639177064720331,0.5633679249229664,0.6444937956253439,0.6751551140982365,0.4636256559458683,0.4692510281976614,0.6472166623603487,0.6878697109770399,0.7027133577017248,0.6843976744555358,0.6843976744555358,0.5780175746834013,0.5397054449943293,0.47612647831777616,0.22823265123012398,-0.05380969002480493,0.2653481201538005,0.41580533888511095,0.3626346683004455,0.44191278381046883,0.6708307936850778,0.6178317348682407,0.382780542604321,0.7777177158103519,1.0,0.4985585784845571,0.6166190765796317,0.23418595961320712],[0.9224281822130213,0.9222423515322304,0.9224281822130213,0.9031884613329743,0.9031884613329743,0.8772075459780893,0.8772075459780893,0.8369219630096442,0.8369219630096442,0.7394685266128883,0.8917061498897533,0.6816108386508372,0.7780451176860234,0.8524707671936816,0.8917433628824666,0.897867187046119,0.9095471443490947,0.8744702212362564,0.8744702212362564,0.7897282287641456,-0.1793564658901482,0.8891763663886828,0.15480112952505884,-0.1340902548518727,-0.3070374569551622,0.754395772474499,0.7380578160635658,0.7984249624787259,0.8853598085872597,0.7595017673323445,0.6256307027934105,0.5585722782769403,0.4985585784845571,1.0,0.7880443983634638,0.30053022154659204],[0.8985614605634931,0.7984258704347518,0.8985614605634931,0.8942587009894325,0.8942587009894325,0.9154457733098164,0.9154457733098164,0.8981957262408371,0.8981957262408371,0.5455640628231267,0.9677896100402149,0.5051722553867322,0.8782666586178169,0.9622488114728308,0.9676014247888471,0.9126720296306184,0.9725794966933772,0.8214591817106113,0.8214591817106113,0.5176656723994206,0.014070620044686455,0.7855583853305242,0.47578660137144196,-0.29788584745257074,0.12952667846729715,0.7797239844171936,0.7419197650337646,0.8803622896041514,0.5671207581986999,0.6244009907625812,0.7424963078641463,0.7224747522547599,0.6166190765796317,0.7880443983634638,1.0,0.3519631867047216],[0.356519873955359,0.3564494079020213,0.356519873955359,0.3726528227061163,0.3726528227061163,0.5895017058416517,0.5895017058416517,0.8566239137017642,0.8566239137017642,0.1759202746204944,0.8681574996300573,0.5638508031233939,0.8105825769966258,0.8710787874842523,0.8673353887007934,0.8516937056782524,0.8955808570497746,0.8792656977380133,0.8792656977380133,-0.04921308336444353,0.08786956062084404,0.3581809994615482,0.5277333718472419,-0.4440548388771905,0.11386660316502764,0.5120886549771647,0.34293077143286355,0.38406690200960186,0.37248033102380096,0.5263514440778715,0.7731700838417587,0.592757016776347,0.23418595961320712,0.30053022154659204,0.3519631867047216,1.0]],"x":["^TAIEX       \u81fa\u7063\u52a0\u6b0a\u5831\u916c\u6307\u6578","^TWII        \u81fa\u7063\u52a0\u6b0a\u6307\u6578","^TAIEXx2     \u81fa\u7063\u52a0\u6b0a\u5831\u916c\u6307\u6578_\u65e5\u6b632","^TAI50I      \u81fa\u706350\u5831\u916c\u6307\u6578","^TAI50Ix2    \u81fa\u706350\u5831\u916c\u6307\u6578_\u65e5\u6b632","^TAI100I     \u81fa\u7063\u4e2d\u578b100\u5831\u916c\u6307\u6578","^TAI100Ix2   \u81fa\u7063\u4e2d\u578b100\u5831\u916c\u6307\u6578_\u65e5\u6b632","^TAIDIVIDI   \u81fa\u7063\u9ad8\u80a1\u606f\u5831\u916c\u6307\u6578","^TAIDIVIDIx2 \u81fa\u7063\u9ad8\u80a1\u606f\u5831\u916c\u6307\u6578_\u65e5\u6b632","0050Fund     \u5143\u5927\u53f0\u7063\u5353\u8d8a50\u57fa\u91d1","006208Fund   \u5bcc\u90a6\u53f0\u7063\u91c6\u540950\u57fa\u91d1","0050         \u5143\u5927\u81fa\u706350","00631L       \u5143\u5927\u53f0\u706350\u6b632","00675L       \u5bcc\u90a6\u81fa\u7063\u52a0\u6b0a\u6b632","006208       \u5bcc\u90a6\u53f050","0051         \u5143\u5927\u4e2d\u578b100","006204       \u6c38\u8c50\u81fa\u7063\u52a0\u6b0a","0056         \u5143\u5927\u9ad8\u80a1\u606f","0056         \u5143\u5927\u9ad8\u80a1\u606f_\u80a1\u606f\u4e0d\u6295\u5165","2412         \u4e2d\u83ef\u96fb\u4fe1","2002         \u4e2d\u92fc","2330         \u53f0\u7a4d\u96fb","2317         \u9d3b\u6d77","6505         \u53f0\u5851\u77f3\u5316","3481         \u7fa4\u5275","2303         \u806f\u96fb","2308         \u53f0\u9054\u96fb","2454         \u806f\u767c\u79d1","2886         \u5146\u8c50\u91d1","2884         \u7389\u5c71\u91d1","2891         \u4e2d\u4fe1\u91d1","2892         \u7b2c\u4e00\u91d1","5880         \u5408\u5eab\u91d1","2881         \u5bcc\u90a6\u91d1","2885         \u5143\u5927\u91d1","2887         \u53f0\u65b0\u91d1"],"y":["^TAIEX       \u81fa\u7063\u52a0\u6b0a\u5831\u916c\u6307\u6578","^TWII        \u81fa\u7063\u52a0\u6b0a\u6307\u6578","^TAIEXx2     \u81fa\u7063\u52a0\u6b0a\u5831\u916c\u6307\u6578_\u65e5\u6b632","^TAI50I      \u81fa\u706350\u5831\u916c\u6307\u6578","^TAI50Ix2    \u81fa\u706350\u5831\u916c\u6307\u6578_\u65e5\u6b632","^TAI100I     \u81fa\u7063\u4e2d\u578b100\u5831\u916c\u6307\u6578","^TAI100Ix2   \u81fa\u7063\u4e2d\u578b100\u5831\u916c\u6307\u6578_\u65e5\u6b632","^TAIDIVIDI   \u81fa\u7063\u9ad8\u80a1\u606f\u5831\u916c\u6307\u6578","^TAIDIVIDIx2 \u81fa\u7063\u9ad8\u80a1\u606f\u5831\u916c\u6307\u6578_\u65e5\u6b632","0050Fund     \u5143\u5927\u53f0\u7063\u5353\u8d8a50\u57fa\u91d1","006208Fund   \u5bcc\u90a6\u53f0\u7063\u91c6\u540950\u57fa\u91d1","0050         \u5143\u5927\u81fa\u706350","00631L       \u5143\u5927\u53f0\u706350\u6b632","00675L       \u5bcc\u90a6\u81fa\u7063\u52a0\u6b0a\u6b632","006208       \u5bcc\u90a6\u53f050","0051         \u5143\u5927\u4e2d\u578b100","006204       \u6c38\u8c50\u81fa\u7063\u52a0\u6b0a","0056         \u5143\u5927\u9ad8\u80a1\u606f","0056         \u5143\u5927\u9ad8\u80a1\u606f_\u80a1\u606f\u4e0d\u6295\u5165","2412         \u4e2d\u83ef\u96fb\u4fe1","2002         \u4e2d\u92fc","2330         \u53f0\u7a4d\u96fb","2317         \u9d3b\u6d77","6505         \u53f0\u5851\u77f3\u5316","3481         \u7fa4\u5275","2303         \u806f\u96fb","2308         \u53f0\u9054\u96fb","2454         \u806f\u767c\u79d1","2886         \u5146\u8c50\u91d1","2884         \u7389\u5c71\u91d1","2891         \u4e2d\u4fe1\u91d1","2892         \u7b2c\u4e00\u91d1","5880         \u5408\u5eab\u91d1","2881         \u5bcc\u90a6\u91d1","2885         \u5143\u5927\u91d1","2887         \u53f0\u65b0\u91d1"],"zmin":-1,"zmax":1,"colorbar":{"x":-0.2}}],"layout":{"autotypenumbers":"strict","colorway":["#636efa","#EF553B","#00cc96","#ab63fa","#FFA15A","#19d3f3","#FF6692","#B6E880","#FF97FF","#FECB52"],"font":{"color":"#f2f5fa","family":"Courier New"},"hovermode":"closest","hoverlabel":{"align":"left"},"paper_bgcolor":"rgb(17,17,17)","plot_bgcolor":"rgb(17,17,17)","polar":{"bgcolor":"rgb(17,17,17)","angularaxis":{"gridcolor":"#506784","linecolor":"#506784","ticks":""},"radialaxis":{"gridcolor":"#506784","linecolor":"#506784","ticks":""}},"ternary":{"bgcolor":"rgb(17,17,17)","aaxis":{"gridcolor":"#506784","linecolor":"#506784","ticks":""},"baxis":{"gridcolor":"#506784","linecolor":"#506784","ticks":""},"caxis":{"gridcolor":"#506784","linecolor":"#506784","ticks":""}},"coloraxis":{"colorbar":{"outlinewidth":0,"ticks":""}},"colorscale":{"sequential":[[0.0,"#0d0887"],[0.1111111111111111,"#46039f"],[0.2222222222222222,"#7201a8"],[0.3333333333333333,"#9c179e"],[0.4444444444444444,"#bd3786"],[0.5555555555555556,"#d8576b"],[0.6666666666666666,"#ed7953"],[0.7777777777777778,"#fb9f3a"],[0.8888888888888888,"#fdca26"],[1.0,"#f0f921"]],"sequentialminus":[[0.0,"#0d0887"],[0.1111111111111111,"#46039f"],[0.2222222222222222,"#7201a8"],[0.3333333333333333,"#9c179e"],[0.4444444444444444,"#bd3786"],[0.5555555555555556,"#d8576b"],[0.6666666666666666,"#ed7953"],[0.7777777777777778,"#fb9f3a"],[0.8888888888888888,"#fdca26"],[1.0,"#f0f921"]],"diverging":[[0,"#8e0152"],[0.1,"#c51b7d"],[0.2,"#de77ae"],[0.3,"#f1b6da"],[0.4,"#fde0ef"],[0.5,"#f7f7f7"],[0.6,"#e6f5d0"],[0.7,"#b8e186"],[0.8,"#7fbc41"],[0.9,"#4d9221"],[1,"#276419"]]},"xaxis":{"gridcolor":"rgba(0, 0, 0, 0)","linecolor":"#506784","ticks":"","title":{"standoff":15},"zerolinecolor":"#283442","automargin":true,"zerolinewidth":2,"tickfont":{"family":"Courier New","size":14},"side":"top","tickangle":-90},"yaxis":{"gridcolor":"rgba(0, 0, 0, 0)","linecolor":"#506784","ticks":"","title":{"standoff":15},"zerolinecolor":"#283442","automargin":true,"zerolinewidth":2,"tickfont":{"family":"Courier New"},"side":"right"},"scene":{"xaxis":{"backgroundcolor":"rgb(17,17,17)","gridcolor":"#506784","linecolor":"#506784","showbackground":true,"ticks":"","zerolinecolor":"#C8D4E3","gridwidth":2},"yaxis":{"backgroundcolor":"rgb(17,17,17)","gridcolor":"#506784","linecolor":"#506784","showbackground":true,"ticks":"","zerolinecolor":"#C8D4E3","gridwidth":2},"zaxis":{"backgroundcolor":"rgb(17,17,17)","gridcolor":"#506784","linecolor":"#506784","showbackground":true,"ticks":"","zerolinecolor":"#C8D4E3","gridwidth":2}},"shapedefaults":{"line":{"color":"#f2f5fa"}},"annotationdefaults":{"arrowcolor":"#f2f5fa","arrowhead":0,"arrowwidth":1},"geo":{"bgcolor":"rgb(17,17,17)","landcolor":"rgb(17,17,17)","subunitcolor":"#506784","showland":true,"showlakes":true,"lakecolor":"rgb(17,17,17)"},"title":{"x":0.05,"font":{"family":"Times New Roman"},"y":0.05,"text":"<b>Correlation of Close<b><br><i>2016-09-23 ~ 2026-07-01<i>"},"updatemenudefaults":{"bgcolor":"#506784","borderwidth":0},"sliderdefaults":{"bgcolor":"#C8D4E3","borderwidth":1,"bordercolor":"rgb(17,17,17)","tickwidth":0},"mapbox":{"style":"dark"},"annotations":[{"text":"<b>@zwindr<b>","textangle":0,"opacity":0.5,"font":{"color":"white","size":12},"xref":"paper","yref":"paper","xanchor":"left","yanchor":"bottom","x":1.0,"y":1.0,"showarrow":false}]},"config":{"responsive":true,"toImageButtonOptions":{"filename":"Correlation of Close_2016-09-23~2026-07-01","scale":5}}};Plotly.newPlot("correlationClose",correlationClose.data,correlationClose.layout||{},correlationClose.config);}else{console.log("style display is none => correlationClose");}