var element=document.getElementById("correlationClose");if(element.style.display!='none'){var correlationClose={"data":[{"type":"heatmap","z":[[1.0,0.9999999999999977,1.0,0.9950318676421831,0.9950318676421831,0.968250665911437,0.968250665911437,0.9093753503901474,0.9093753503901474,0.802219999612243,0.9946746686579108,0.7563727757533125,0.9920310448724391,0.9924069880703458,0.99475765061848,0.9752695806390942,0.9991462872520754,0.915341014770384,0.915341014770384,0.7797920859707433,-0.16188898137901755,0.9788677600467992,0.1997947353101154,-0.1290523425414788,-0.24631535283701878,0.814951037519992,0.9060432896612796,0.9181616150792938,0.9220654353174264,0.7849551666035135,0.5916717750151598,0.6456113296908483,0.6253627129219894,0.9357184936206372,0.8447113918728536,0.21045317829829627],[0.9999999999999977,1.0,0.9999999999999979,0.9950015096716773,0.9950015096716773,0.9677586799003957,0.9677586799003957,0.910232313837888,0.910232313837888,0.8037748430025677,0.9946681954429076,0.7565945046061534,0.991708019258165,0.9918905922243764,0.9947608992669832,0.9747895407208633,0.9991473997630285,0.915394438358837,0.915394438358837,0.797804517149391,0.050119047865282075,0.971099903341764,-0.019841859983548718,-0.12206396308317027,-0.2461856862752362,0.652851015885775,0.9063407081493193,0.8951515288969888,0.9168534208632362,0.7947399897305772,0.583864560725752,0.6430501323560309,0.6501921057230635,0.933600143274761,0.7074048755031866,0.20780095803327983],[1.0,0.9999999999999979,1.0,0.9950318676421831,0.9950318676421831,0.968250665911437,0.968250665911437,0.9093753503901474,0.9093753503901474,0.802219999612243,0.9946746686579108,0.7563727757533125,0.9920310448724391,0.9924069880703458,0.99475765061848,0.9752695806390942,0.9991462872520754,0.915341014770384,0.915341014770384,0.7797920859707433,-0.16188898137901755,0.9788677600467992,0.1997947353101154,-0.1290523425414788,-0.24631535283701878,0.814951037519992,0.9060432896612796,0.9181616150792938,0.9220654353174264,0.7849551666035135,0.5916717750151598,0.6456113296908483,0.6253627129219894,0.9357184936206372,0.8447113918728536,0.21045317829829627],[0.9950318676421831,0.9950015096716773,0.9950318676421831,1.0,1.0,0.9551108821349221,0.9551108821349221,0.8929765632485112,0.8929765632485112,0.7714700498428207,0.9995719641884733,0.724041454474425,0.9919441435448516,0.9895466457852934,0.9995247502738267,0.9576640947545573,0.9948506781651077,0.8890727890524803,0.8890727890524803,0.7525454458140249,-0.17021745801792815,0.9912738497644501,0.2280373618531689,-0.16562553566069066,-0.24515331780041413,0.8035176057634223,0.9208309055093121,0.9179367622852026,0.9039720847595015,0.7875302799308815,0.6213349106614083,0.6377693620985312,0.5935058837680147,0.9248916102954936,0.8351343721428744,0.2232218189330612],[0.9950318676421831,0.9950015096716773,0.9950318676421831,1.0,1.0,0.9551108821349221,0.9551108821349221,0.8929765632485112,0.8929765632485112,0.7714700498428207,0.9995719641884733,0.724041454474425,0.9919441435448516,0.9895466457852934,0.9995247502738267,0.9576640947545573,0.9948506781651077,0.8890727890524803,0.8890727890524803,0.7525454458140249,-0.17021745801792815,0.9912738497644501,0.2280373618531689,-0.16562553566069066,-0.24515331780041413,0.8035176057634223,0.9208309055093121,0.9179367622852026,0.9039720847595015,0.7875302799308815,0.6213349106614083,0.6377693620985312,0.5935058837680147,0.9248916102954936,0.8351343721428744,0.2232218189330612],[0.968250665911437,0.9677586799003957,0.968250665911437,0.9551108821349221,0.9551108821349221,1.0,1.0,0.9342229480364073,0.9342229480364073,0.7776528351783775,0.9541290278503167,0.7589748632187479,0.9673586008467797,0.9646070074777086,0.9540937380893558,0.9990706726959862,0.9752507910878396,0.9178692459306157,0.9178692459306157,0.6507461048664637,-0.11269922115597951,0.9409020795841229,0.3475667932349902,-0.3068317264609347,-0.1198723217841273,0.8823791506302558,0.858700668420907,0.9354055463182834,0.8994939052857439,0.7517700106300949,0.7672503858698879,0.7447583135212655,0.6999827608413327,0.8693850628168446,0.8733065860662006,0.4844790674435278],[0.968250665911437,0.9677586799003957,0.968250665911437,0.9551108821349221,0.9551108821349221,1.0,1.0,0.9342229480364073,0.9342229480364073,0.7776528351783775,0.9541290278503167,0.7589748632187479,0.9673586008467797,0.9646070074777086,0.9540937380893558,0.9990706726959862,0.9752507910878396,0.9178692459306157,0.9178692459306157,0.6507461048664637,-0.11269922115597951,0.9409020795841229,0.3475667932349902,-0.3068317264609347,-0.1198723217841273,0.8823791506302558,0.858700668420907,0.9354055463182834,0.8994939052857439,0.7517700106300949,0.7672503858698879,0.7447583135212655,0.6999827608413327,0.8693850628168446,0.8733065860662006,0.4844790674435278],[0.9093753503901474,0.910232313837888,0.9093753503901474,0.8929765632485112,0.8929765632485112,0.9342229480364073,0.9342229480364073,1.0,1.0,0.7334653699863458,0.937031112817393,0.7477640500002785,0.9362111301354128,0.9307123240458297,0.9370742296552663,0.9355904712658797,0.9458287442338382,0.9707490644430415,0.9707490644430415,0.597202140407085,0.008543888922793319,0.8565478330994086,0.5703909846091957,-0.3328933168364469,0.012123119806255913,0.7913870300675087,0.7577098201948688,0.8808276678903222,0.8564088018840618,0.7652303335468996,0.881983494724901,0.7874453206071215,0.7150440655417143,0.803975130303016,0.8582547771659659,0.8105416745492887],[0.9093753503901474,0.910232313837888,0.9093753503901474,0.8929765632485112,0.8929765632485112,0.9342229480364073,0.9342229480364073,1.0,1.0,0.7334653699863458,0.937031112817393,0.7477640500002785,0.9362111301354128,0.9307123240458297,0.9370742296552663,0.9355904712658797,0.9458287442338382,0.9707490644430415,0.9707490644430415,0.597202140407085,0.008543888922793319,0.8565478330994086,0.5703909846091957,-0.3328933168364469,0.012123119806255913,0.7913870300675087,0.7577098201948688,0.8808276678903222,0.8564088018840618,0.7652303335468996,0.881983494724901,0.7874453206071215,0.7150440655417143,0.803975130303016,0.8582547771659659,0.8105416745492887],[0.802219999612243,0.8037748430025677,0.802219999612243,0.7714700498428207,0.7714700498428207,0.7776528351783775,0.7776528351783775,0.7334653699863458,0.7334653699863458,1.0,0.6517693049984339,0.9999698154365573,0.5720844697902278,0.475850218563492,0.6538097335471773,0.7730833115750965,0.7113098974439236,0.8132225455369327,0.8132225455369327,0.6933143013062313,-0.0984924966254365,0.742163160397233,0.036642413047053464,0.049239667090487466,-0.24294431894068969,0.7832884275825877,0.5276551329934062,0.7569026094027466,0.8124164929295896,0.6830581142094307,0.35017980275470073,0.5293140242359137,0.5638220985786927,0.7880477012435331,0.6506063205478437,0.17118506275120582],[0.9946746686579108,0.9946681954429076,0.9946746686579108,0.9995719641884733,0.9995719641884733,0.9541290278503167,0.9541290278503167,0.937031112817393,0.937031112817393,0.6517693049984339,1.0,0.6516003666646166,0.9915873873581823,0.9894995845154249,0.9999317692731923,0.9529490038737807,0.9940388975178582,0.8994730912291911,0.8994730912291911,0.8531294834143809,-0.020315861707371607,0.996661373374798,0.8975850412458901,-0.5260902741672973,0.36256928107723796,0.8153101601372579,0.8888142240383946,0.9336557197392197,0.8973450688393636,0.8123125568042584,0.9228423377060684,0.8651272107096006,0.7628591878799218,0.9066276260491769,0.9466935228347436,0.7911806819751667],[0.7563727757533125,0.7565945046061534,0.7563727757533125,0.724041454474425,0.724041454474425,0.7589748632187479,0.7589748632187479,0.7477640500002785,0.7477640500002785,0.9999698154365573,0.6516003666646166,1.0,0.5697891186580635,0.4729763938320691,0.6521983257017476,0.7635154300873039,0.7098441932486946,0.8082799073256682,0.8082799073256682,0.6519348629635777,0.03021132183648659,0.6963192616055401,0.41806279695162013,-0.16775085459279349,-0.23120299956646967,0.8128149898906223,0.42917129030734663,0.7295920896714704,0.7838239129704861,0.7067463418970382,0.5657148420763397,0.7015033029022475,0.681600482409339,0.743657267751971,0.6367459767869589,0.6654753970371705],[0.9920310448724391,0.991708019258165,0.9920310448724391,0.9919441435448516,0.9919441435448516,0.9673586008467797,0.9673586008467797,0.9362111301354128,0.9362111301354128,0.5720844697902278,0.9915873873581823,0.5697891186580635,1.0,0.9997956313427524,0.9915221455000479,0.963948743655184,0.9900863215650345,0.883324539470164,0.883324539470164,0.8325699757995473,0.0011292464542100855,0.9903347268681911,0.9157131885100286,-0.6722219210390478,0.43310864786502795,0.7821630621463238,0.9009996419703942,0.9363201665723259,0.881750090420133,0.7493867661355391,0.9240075214288863,0.8397466747987548,0.7340098095597462,0.8901094137050061,0.9566718732993751,0.8163259887658306],[0.9924069880703458,0.9918905922243764,0.9924069880703458,0.9895466457852934,0.9895466457852934,0.9646070074777086,0.9646070074777086,0.9307123240458297,0.9307123240458297,0.475850218563492,0.9894995845154249,0.4729763938320691,0.9997956313427524,1.0,0.989587691575672,0.9603034704196125,0.9896411665124114,0.867182916545528,0.867182916545528,0.8544219841700188,-0.12427591703876852,0.9868788800850764,0.9224525848550328,-0.8340835693527567,0.46847355970676313,0.7305278215223022,0.9066280082624255,0.9284756349484811,0.8662053379040017,0.6865911515736345,0.9315366104872876,0.8321710987468054,0.6731234559864437,0.9118841590442011,0.9573875383798147,0.789369655294078],[0.99475765061848,0.9947608992669832,0.99475765061848,0.9995247502738267,0.9995247502738267,0.9540937380893558,0.9540937380893558,0.9370742296552663,0.9370742296552663,0.6538097335471773,0.9999317692731923,0.6521983257017476,0.9915221455000479,0.989587691575672,1.0,0.9530945848117652,0.9941459375446225,0.9000307192824053,0.9000307192824053,0.8540510968897242,-0.02092049034807914,0.9965117024713406,0.8971374762853173,-0.5238277009915346,0.36493767807432537,0.8162679051038166,0.8873293324157164,0.9329786744770632,0.8976589174945574,0.8135161515911504,0.9224959047705381,0.866120545097466,0.7636677866836479,0.9065841185263153,0.9468301897976155,0.792203871878689],[0.9752695806390942,0.9747895407208633,0.9752695806390942,0.9576640947545573,0.9576640947545573,0.9990706726959862,0.9990706726959862,0.9355904712658797,0.9355904712658797,0.7730833115750965,0.9529490038737807,0.7635154300873039,0.963948743655184,0.9603034704196125,0.9530945848117652,1.0,0.9756225356264926,0.918603850447568,0.918603850447568,0.6992166530628217,-0.09802090287820028,0.9466145037421095,0.6668587807071533,-0.4380960664466742,-0.16288721136783857,0.8942122937760116,0.8506114233284124,0.9316947687753194,0.906795710997694,0.7874799792223103,0.8647625898565574,0.7911310620648563,0.7565930154662694,0.8904824954356263,0.8705346929644151,0.7997236180272134],[0.9991462872520754,0.9991473997630285,0.9991462872520754,0.9948506781651077,0.9948506781651077,0.9752507910878396,0.9752507910878396,0.9458287442338382,0.9458287442338382,0.7113098974439236,0.9940388975178582,0.7098441932486946,0.9900863215650345,0.9896411665124114,0.9941459375446225,0.9756225356264926,1.0,0.9265901257780838,0.9265901257780838,0.8641853394846395,-0.004866553247152954,0.9875351654595622,0.8671363333599941,-0.5061095362326121,0.3809684772209502,0.862732813539297,0.8774743995894736,0.9455134594547903,0.9274957403990094,0.8341913981185081,0.9109151214077881,0.8968933240181831,0.8065853492660863,0.9200850422412387,0.9555699882335489,0.8439088472458609],[0.915341014770384,0.915394438358837,0.915341014770384,0.8890727890524803,0.8890727890524803,0.9178692459306157,0.9178692459306157,0.9707490644430415,0.9707490644430415,0.8132225455369327,0.8994730912291911,0.8082799073256682,0.883324539470164,0.867182916545528,0.9000307192824053,0.918603850447568,0.9265901257780838,1.0,1.0,0.7477842016794451,-0.04848299780321359,0.8528895772333861,0.5654998067295285,-0.2169657717268617,-0.20492215747067866,0.8313650120197307,0.7204428302476399,0.8421678160606046,0.9191438071057823,0.8430078765188176,0.7989967889745937,0.762977187434923,0.7081246013744139,0.8498252692344853,0.7841002422298621,0.8562250802740355],[0.915341014770384,0.915394438358837,0.915341014770384,0.8890727890524803,0.8890727890524803,0.9178692459306157,0.9178692459306157,0.9707490644430415,0.9707490644430415,0.8132225455369327,0.8994730912291911,0.8082799073256682,0.883324539470164,0.867182916545528,0.9000307192824053,0.918603850447568,0.9265901257780838,1.0,1.0,0.7477842016794451,-0.04848299780321359,0.8528895772333861,0.5654998067295285,-0.2169657717268617,-0.20492215747067866,0.8313650120197307,0.7204428302476399,0.8421678160606046,0.9191438071057823,0.8430078765188176,0.7989967889745937,0.762977187434923,0.7081246013744139,0.8498252692344853,0.7841002422298621,0.8562250802740355],[0.7797920859707433,0.797804517149391,0.7797920859707433,0.7525454458140249,0.7525454458140249,0.6507461048664637,0.6507461048664637,0.597202140407085,0.597202140407085,0.6933143013062313,0.8531294834143809,0.6519348629635777,0.8325699757995473,0.8544219841700188,0.8540510968897242,0.6992166530628217,0.8641853394846395,0.7477842016794451,0.7477842016794451,1.0,0.026383474627717313,0.7135531010191924,-0.342350227740286,0.2990226990781081,-0.6536092775676049,0.36467462145567164,0.6875890813525766,0.5210199520429734,0.838748163986867,0.700006509808407,0.13899102411875028,0.32242195642031535,0.5699498534506797,0.784815418302368,0.49049081509635095,-0.1359925600861611],[-0.16188898137901755,0.050119047865282075,-0.16188898137901755,-0.17021745801792815,-0.17021745801792815,-0.11269922115597951,-0.11269922115597951,0.008543888922793319,0.008543888922793319,-0.0984924966254365,-0.020315861707371607,0.03021132183648659,0.0011292464542100855,-0.12427591703876852,-0.02092049034807914,-0.09802090287820028,-0.004866553247152954,-0.04848299780321359,-0.04848299780321359,0.026383474627717313,1.0,-0.11118393511135276,0.09584892033961284,0.16629125621444682,0.7462947337522781,-0.09970298203249822,-0.06857208860261994,-0.029193791515165553,0.14902061518713972,-0.013186386180029402,0.022649172315002068,0.31273726251523726,0.5601604809955165,-0.1360615110064897,0.08940337849077111,0.14708794955801857],[0.9788677600467992,0.971099903341764,0.9788677600467992,0.9912738497644501,0.9912738497644501,0.9409020795841229,0.9409020795841229,0.8565478330994086,0.8565478330994086,0.742163160397233,0.996661373374798,0.6963192616055401,0.9903347268681911,0.9868788800850764,0.9965117024713406,0.9466145037421095,0.9875351654595622,0.8528895772333861,0.8528895772333861,0.7135531010191924,-0.11118393511135276,1.0,0.13586865923384928,-0.22141235451791447,-0.29147236818810857,0.6686873013608504,0.9234432582842345,0.9011013459764096,0.8475992046738123,0.7554537962202438,0.6233766199422321,0.6051727929393929,0.524102226412731,0.9035505655485577,0.6870093523004523,0.20549077412479852],[0.1997947353101154,-0.019841859983548718,0.1997947353101154,0.2280373618531689,0.2280373618531689,0.3475667932349902,0.3475667932349902,0.5703909846091957,0.5703909846091957,0.036642413047053464,0.8975850412458901,0.41806279695162013,0.9157131885100286,0.9224525848550328,0.8971374762853173,0.6668587807071533,0.8671363333599941,0.5654998067295285,0.5654998067295285,-0.342350227740286,0.09584892033961284,0.13586865923384928,1.0,-0.4687943439932204,0.7010287096708983,0.39110253993316313,0.15725330402558357,0.3384306286160431,-0.07100041776228731,0.10292458003140723,0.6117863840798152,0.4915724267733683,0.20757739800555375,0.040771040763302034,0.41043946875758425,0.47705343051252025],[-0.1290523425414788,-0.12206396308317027,-0.1290523425414788,-0.16562553566069066,-0.16562553566069066,-0.3068317264609347,-0.3068317264609347,-0.3328933168364469,-0.3328933168364469,0.049239667090487466,-0.5260902741672973,-0.16775085459279349,-0.6722219210390478,-0.8340835693527567,-0.5238277009915346,-0.4380960664466742,-0.5061095362326121,-0.2169657717268617,-0.2169657717268617,0.2990226990781081,0.16629125621444682,-0.22141235451791447,-0.4687943439932204,1.0,-0.02509436293167582,-0.17938150117826493,-0.22182581929832118,-0.3202224517548404,-0.06272415954726156,-0.09325711379034499,-0.5756107291835999,-0.21540315128704096,-0.033577382523271616,-0.07028068868212055,-0.24248549437119304,-0.4159125750665906],[-0.24631535283701878,-0.2461856862752362,-0.24631535283701878,-0.24515331780041413,-0.24515331780041413,-0.1198723217841273,-0.1198723217841273,0.012123119806255913,0.012123119806255913,-0.24294431894068969,0.36256928107723796,-0.23120299956646967,0.43310864786502795,0.46847355970676313,0.36493767807432537,-0.16288721136783857,0.3809684772209502,-0.20492215747067866,-0.20492215747067866,-0.6536092775676049,0.7462947337522781,-0.29147236818810857,0.7010287096708983,-0.02509436293167582,1.0,-0.10775230277501993,-0.22883830822965812,-0.06848714548955524,-0.34992183753572986,-0.3280638214799731,0.06166613125916011,0.15691252985414209,0.26081192906587486,-0.3740537976397836,0.10477456565466967,0.0876534662486706],[0.814951037519992,0.652851015885775,0.814951037519992,0.8035176057634223,0.8035176057634223,0.8823791506302558,0.8823791506302558,0.7913870300675087,0.7913870300675087,0.7832884275825877,0.8153101601372579,0.8128149898906223,0.7821630621463238,0.7305278215223022,0.8162679051038166,0.8942122937760116,0.862732813539297,0.8313650120197307,0.8313650120197307,0.36467462145567164,-0.09970298203249822,0.6686873013608504,0.39110253993316313,-0.17938150117826493,-0.10775230277501993,1.0,0.5445529631757713,0.8413044777050449,0.5051019178942784,0.6363263942583971,0.5619904794131412,0.6654039211105403,0.4300748665623579,0.712101863705631,0.7090601900431168,0.4262634908157981],[0.9060432896612796,0.9063407081493193,0.9060432896612796,0.9208309055093121,0.9208309055093121,0.858700668420907,0.858700668420907,0.7577098201948688,0.7577098201948688,0.5276551329934062,0.8888142240383946,0.42917129030734663,0.9009996419703942,0.9066280082624255,0.8873293324157164,0.8506114233284124,0.8774743995894736,0.7204428302476399,0.7204428302476399,0.6875890813525766,-0.06857208860261994,0.9234432582842345,0.15725330402558357,-0.22182581929832118,-0.22883830822965812,0.5445529631757713,1.0,0.7998309008163358,0.7660963022271002,0.6620537133895499,0.5464113715404805,0.5121634347213573,0.50022433979779,0.835388373854084,0.6442809618553084,0.13861582035009146],[0.9181616150792938,0.8951515288969888,0.9181616150792938,0.9179367622852026,0.9179367622852026,0.9354055463182834,0.9354055463182834,0.8808276678903222,0.8808276678903222,0.7569026094027466,0.9336557197392197,0.7295920896714704,0.9363201665723259,0.9284756349484811,0.9329786744770632,0.9316947687753194,0.9455134594547903,0.8421678160606046,0.8421678160606046,0.5210199520429734,-0.029193791515165553,0.9011013459764096,0.3384306286160431,-0.3202224517548404,-0.06848714548955524,0.8413044777050449,0.7998309008163358,1.0,0.760836536365636,0.6255733395757658,0.6241488860944862,0.6150512302080894,0.5365365312371829,0.8289367337605483,0.8437168456880125,0.23825386585902045],[0.9220654353174264,0.9168534208632362,0.9220654353174264,0.9039720847595015,0.9039720847595015,0.8994939052857439,0.8994939052857439,0.8564088018840618,0.8564088018840618,0.8124164929295896,0.8973450688393636,0.7838239129704861,0.881750090420133,0.8662053379040017,0.8976589174945574,0.906795710997694,0.9274957403990094,0.9191438071057823,0.9191438071057823,0.838748163986867,0.14902061518713972,0.8475992046738123,-0.07100041776228731,-0.06272415954726156,-0.34992183753572986,0.5051019178942784,0.7660963022271002,0.760836536365636,1.0,0.9091420974964265,0.5634947358216797,0.6964681416612639,0.6686271176347042,0.8820549515244788,0.5252765586293234,0.3115195116359893],[0.7849551666035135,0.7947399897305772,0.7849551666035135,0.7875302799308815,0.7875302799308815,0.7517700106300949,0.7517700106300949,0.7652303335468996,0.7652303335468996,0.6830581142094307,0.8123125568042584,0.7067463418970382,0.7493867661355391,0.6865911515736345,0.8135161515911504,0.7874799792223103,0.8341913981185081,0.8430078765188176,0.8430078765188176,0.700006509808407,-0.013186386180029402,0.7554537962202438,0.10292458003140723,-0.09325711379034499,-0.3280638214799731,0.6363263942583971,0.6620537133895499,0.6255733395757658,0.9091420974964265,1.0,0.5961870656380085,0.6792686476078781,0.6132982991477435,0.7408957356353216,0.6017235480298985,0.4822292606132436],[0.5916717750151598,0.583864560725752,0.5916717750151598,0.6213349106614083,0.6213349106614083,0.7672503858698879,0.7672503858698879,0.881983494724901,0.881983494724901,0.35017980275470073,0.9228423377060684,0.5657148420763397,0.9240075214288863,0.9315366104872876,0.9224959047705381,0.8647625898565574,0.9109151214077881,0.7989967889745937,0.7989967889745937,0.13899102411875028,0.022649172315002068,0.6233766199422321,0.6117863840798152,-0.5756107291835999,0.06166613125916011,0.5619904794131412,0.5464113715404805,0.6241488860944862,0.5634947358216797,0.5961870656380085,1.0,0.7491560439493185,0.3888023716893147,0.5314628272719017,0.6143925178752427,0.7521257019403084],[0.6456113296908483,0.6430501323560309,0.6456113296908483,0.6377693620985312,0.6377693620985312,0.7447583135212655,0.7447583135212655,0.7874453206071215,0.7874453206071215,0.5293140242359137,0.8651272107096006,0.7015033029022475,0.8397466747987548,0.8321710987468054,0.866120545097466,0.7911310620648563,0.8968933240181831,0.762977187434923,0.762977187434923,0.32242195642031535,0.31273726251523726,0.6051727929393929,0.4915724267733683,-0.21540315128704096,0.15691252985414209,0.6654039211105403,0.5121634347213573,0.6150512302080894,0.6964681416612639,0.6792686476078781,0.7491560439493185,1.0,0.7794556253020307,0.5158438340276509,0.7365336268296385,0.5567801853128529],[0.6253627129219894,0.6501921057230635,0.6253627129219894,0.5935058837680147,0.5935058837680147,0.6999827608413327,0.6999827608413327,0.7150440655417143,0.7150440655417143,0.5638220985786927,0.7628591878799218,0.681600482409339,0.7340098095597462,0.6731234559864437,0.7636677866836479,0.7565930154662694,0.8065853492660863,0.7081246013744139,0.7081246013744139,0.5699498534506797,0.5601604809955165,0.524102226412731,0.20757739800555375,-0.033577382523271616,0.26081192906587486,0.4300748665623579,0.50022433979779,0.5365365312371829,0.6686271176347042,0.6132982991477435,0.3888023716893147,0.7794556253020307,1.0,0.49712940352947255,0.664393525965809,0.20911974302124114],[0.9357184936206372,0.933600143274761,0.9357184936206372,0.9248916102954936,0.9248916102954936,0.8693850628168446,0.8693850628168446,0.803975130303016,0.803975130303016,0.7880477012435331,0.9066276260491769,0.743657267751971,0.8901094137050061,0.9118841590442011,0.9065841185263153,0.8904824954356263,0.9200850422412387,0.8498252692344853,0.8498252692344853,0.784815418302368,-0.1360615110064897,0.9035505655485577,0.040771040763302034,-0.07028068868212055,-0.3740537976397836,0.712101863705631,0.835388373854084,0.8289367337605483,0.8820549515244788,0.7408957356353216,0.5314628272719017,0.5158438340276509,0.49712940352947255,1.0,0.7499411484240848,0.19355802280453793],[0.8447113918728536,0.7074048755031866,0.8447113918728536,0.8351343721428744,0.8351343721428744,0.8733065860662006,0.8733065860662006,0.8582547771659659,0.8582547771659659,0.6506063205478437,0.9466935228347436,0.6367459767869589,0.9566718732993751,0.9573875383798147,0.9468301897976155,0.8705346929644151,0.9555699882335489,0.7841002422298621,0.7841002422298621,0.49049081509635095,0.08940337849077111,0.6870093523004523,0.41043946875758425,-0.24248549437119304,0.10477456565466967,0.7090601900431168,0.6442809618553084,0.8437168456880125,0.5252765586293234,0.6017235480298985,0.6143925178752427,0.7365336268296385,0.664393525965809,0.7499411484240848,1.0,0.2043654102983704],[0.21045317829829627,0.20780095803327983,0.21045317829829627,0.2232218189330612,0.2232218189330612,0.4844790674435278,0.4844790674435278,0.8105416745492887,0.8105416745492887,0.17118506275120582,0.7911806819751667,0.6654753970371705,0.8163259887658306,0.789369655294078,0.792203871878689,0.7997236180272134,0.8439088472458609,0.8562250802740355,0.8562250802740355,-0.1359925600861611,0.14708794955801857,0.20549077412479852,0.47705343051252025,-0.4159125750665906,0.0876534662486706,0.4262634908157981,0.13861582035009146,0.23825386585902045,0.3115195116359893,0.4822292606132436,0.7521257019403084,0.5567801853128529,0.20911974302124114,0.19355802280453793,0.2043654102983704,1.0]],"x":["^TAIEX       \u81fa\u7063\u52a0\u6b0a\u5831\u916c\u6307\u6578","^TWII        \u81fa\u7063\u52a0\u6b0a\u6307\u6578","^TAIEXx2     \u81fa\u7063\u52a0\u6b0a\u5831\u916c\u6307\u6578_\u65e5\u6b632","^TAI50I      \u81fa\u706350\u5831\u916c\u6307\u6578","^TAI50Ix2    \u81fa\u706350\u5831\u916c\u6307\u6578_\u65e5\u6b632","^TAI100I     \u81fa\u7063\u4e2d\u578b100\u5831\u916c\u6307\u6578","^TAI100Ix2   \u81fa\u7063\u4e2d\u578b100\u5831\u916c\u6307\u6578_\u65e5\u6b632","^TAIDIVIDI   \u81fa\u7063\u9ad8\u80a1\u606f\u5831\u916c\u6307\u6578","^TAIDIVIDIx2 \u81fa\u7063\u9ad8\u80a1\u606f\u5831\u916c\u6307\u6578_\u65e5\u6b632","0050Fund     \u5143\u5927\u53f0\u7063\u5353\u8d8a50\u57fa\u91d1","006208Fund   \u5bcc\u90a6\u53f0\u7063\u91c6\u540950\u57fa\u91d1","0050         \u5143\u5927\u81fa\u706350","00631L       \u5143\u5927\u53f0\u706350\u6b632","00675L       \u5bcc\u90a6\u81fa\u7063\u52a0\u6b0a\u6b632","006208       \u5bcc\u90a6\u53f050","0051         \u5143\u5927\u4e2d\u578b100","006204       \u6c38\u8c50\u81fa\u7063\u52a0\u6b0a","0056         \u5143\u5927\u9ad8\u80a1\u606f","0056         \u5143\u5927\u9ad8\u80a1\u606f_\u80a1\u606f\u4e0d\u6295\u5165","2412         \u4e2d\u83ef\u96fb\u4fe1","2002         \u4e2d\u92fc","2330         \u53f0\u7a4d\u96fb","2317         \u9d3b\u6d77","6505         \u53f0\u5851\u77f3\u5316","3481         \u7fa4\u5275","2303         \u806f\u96fb","2308         \u53f0\u9054\u96fb","2454         \u806f\u767c\u79d1","2886         \u5146\u8c50\u91d1","2884         \u7389\u5c71\u91d1","2891         \u4e2d\u4fe1\u91d1","2892         \u7b2c\u4e00\u91d1","5880         \u5408\u5eab\u91d1","2881         \u5bcc\u90a6\u91d1","2885         \u5143\u5927\u91d1","2887         \u53f0\u65b0\u91d1"],"y":["^TAIEX       \u81fa\u7063\u52a0\u6b0a\u5831\u916c\u6307\u6578","^TWII        \u81fa\u7063\u52a0\u6b0a\u6307\u6578","^TAIEXx2     \u81fa\u7063\u52a0\u6b0a\u5831\u916c\u6307\u6578_\u65e5\u6b632","^TAI50I      \u81fa\u706350\u5831\u916c\u6307\u6578","^TAI50Ix2    \u81fa\u706350\u5831\u916c\u6307\u6578_\u65e5\u6b632","^TAI100I     \u81fa\u7063\u4e2d\u578b100\u5831\u916c\u6307\u6578","^TAI100Ix2   \u81fa\u7063\u4e2d\u578b100\u5831\u916c\u6307\u6578_\u65e5\u6b632","^TAIDIVIDI   \u81fa\u7063\u9ad8\u80a1\u606f\u5831\u916c\u6307\u6578","^TAIDIVIDIx2 \u81fa\u7063\u9ad8\u80a1\u606f\u5831\u916c\u6307\u6578_\u65e5\u6b632","0050Fund     \u5143\u5927\u53f0\u7063\u5353\u8d8a50\u57fa\u91d1","006208Fund   \u5bcc\u90a6\u53f0\u7063\u91c6\u540950\u57fa\u91d1","0050         \u5143\u5927\u81fa\u706350","00631L       \u5143\u5927\u53f0\u706350\u6b632","00675L       \u5bcc\u90a6\u81fa\u7063\u52a0\u6b0a\u6b632","006208       \u5bcc\u90a6\u53f050","0051         \u5143\u5927\u4e2d\u578b100","006204       \u6c38\u8c50\u81fa\u7063\u52a0\u6b0a","0056         \u5143\u5927\u9ad8\u80a1\u606f","0056         \u5143\u5927\u9ad8\u80a1\u606f_\u80a1\u606f\u4e0d\u6295\u5165","2412         \u4e2d\u83ef\u96fb\u4fe1","2002         \u4e2d\u92fc","2330         \u53f0\u7a4d\u96fb","2317         \u9d3b\u6d77","6505         \u53f0\u5851\u77f3\u5316","3481         \u7fa4\u5275","2303         \u806f\u96fb","2308         \u53f0\u9054\u96fb","2454         \u806f\u767c\u79d1","2886         \u5146\u8c50\u91d1","2884         \u7389\u5c71\u91d1","2891         \u4e2d\u4fe1\u91d1","2892         \u7b2c\u4e00\u91d1","5880         \u5408\u5eab\u91d1","2881         \u5bcc\u90a6\u91d1","2885         \u5143\u5927\u91d1","2887         \u53f0\u65b0\u91d1"],"zmin":-1,"zmax":1,"colorbar":{"x":-0.2}}],"layout":{"autotypenumbers":"strict","colorway":["#636efa","#EF553B","#00cc96","#ab63fa","#FFA15A","#19d3f3","#FF6692","#B6E880","#FF97FF","#FECB52"],"font":{"color":"#f2f5fa","family":"Courier New"},"hovermode":"closest","hoverlabel":{"align":"left"},"paper_bgcolor":"rgb(17,17,17)","plot_bgcolor":"rgb(17,17,17)","polar":{"bgcolor":"rgb(17,17,17)","angularaxis":{"gridcolor":"#506784","linecolor":"#506784","ticks":""},"radialaxis":{"gridcolor":"#506784","linecolor":"#506784","ticks":""}},"ternary":{"bgcolor":"rgb(17,17,17)","aaxis":{"gridcolor":"#506784","linecolor":"#506784","ticks":""},"baxis":{"gridcolor":"#506784","linecolor":"#506784","ticks":""},"caxis":{"gridcolor":"#506784","linecolor":"#506784","ticks":""}},"coloraxis":{"colorbar":{"outlinewidth":0,"ticks":""}},"colorscale":{"sequential":[[0.0,"#0d0887"],[0.1111111111111111,"#46039f"],[0.2222222222222222,"#7201a8"],[0.3333333333333333,"#9c179e"],[0.4444444444444444,"#bd3786"],[0.5555555555555556,"#d8576b"],[0.6666666666666666,"#ed7953"],[0.7777777777777778,"#fb9f3a"],[0.8888888888888888,"#fdca26"],[1.0,"#f0f921"]],"sequentialminus":[[0.0,"#0d0887"],[0.1111111111111111,"#46039f"],[0.2222222222222222,"#7201a8"],[0.3333333333333333,"#9c179e"],[0.4444444444444444,"#bd3786"],[0.5555555555555556,"#d8576b"],[0.6666666666666666,"#ed7953"],[0.7777777777777778,"#fb9f3a"],[0.8888888888888888,"#fdca26"],[1.0,"#f0f921"]],"diverging":[[0,"#8e0152"],[0.1,"#c51b7d"],[0.2,"#de77ae"],[0.3,"#f1b6da"],[0.4,"#fde0ef"],[0.5,"#f7f7f7"],[0.6,"#e6f5d0"],[0.7,"#b8e186"],[0.8,"#7fbc41"],[0.9,"#4d9221"],[1,"#276419"]]},"xaxis":{"gridcolor":"rgba(0, 0, 0, 0)","linecolor":"#506784","ticks":"","title":{"standoff":15},"zerolinecolor":"#283442","automargin":true,"zerolinewidth":2,"tickfont":{"family":"Courier New","size":14},"side":"top","tickangle":-90},"yaxis":{"gridcolor":"rgba(0, 0, 0, 0)","linecolor":"#506784","ticks":"","title":{"standoff":15},"zerolinecolor":"#283442","automargin":true,"zerolinewidth":2,"tickfont":{"family":"Courier New"},"side":"right"},"scene":{"xaxis":{"backgroundcolor":"rgb(17,17,17)","gridcolor":"#506784","linecolor":"#506784","showbackground":true,"ticks":"","zerolinecolor":"#C8D4E3","gridwidth":2},"yaxis":{"backgroundcolor":"rgb(17,17,17)","gridcolor":"#506784","linecolor":"#506784","showbackground":true,"ticks":"","zerolinecolor":"#C8D4E3","gridwidth":2},"zaxis":{"backgroundcolor":"rgb(17,17,17)","gridcolor":"#506784","linecolor":"#506784","showbackground":true,"ticks":"","zerolinecolor":"#C8D4E3","gridwidth":2}},"shapedefaults":{"line":{"color":"#f2f5fa"}},"annotationdefaults":{"arrowcolor":"#f2f5fa","arrowhead":0,"arrowwidth":1},"geo":{"bgcolor":"rgb(17,17,17)","landcolor":"rgb(17,17,17)","subunitcolor":"#506784","showland":true,"showlakes":true,"lakecolor":"rgb(17,17,17)"},"title":{"x":0.05,"font":{"family":"Times New Roman"},"y":0.05,"text":"<b>Correlation of Close<b><br><i>2016-09-23 ~ 2026-01-20<i>"},"updatemenudefaults":{"bgcolor":"#506784","borderwidth":0},"sliderdefaults":{"bgcolor":"#C8D4E3","borderwidth":1,"bordercolor":"rgb(17,17,17)","tickwidth":0},"mapbox":{"style":"dark"},"annotations":[{"text":"<b>@zwindr<b>","textangle":0,"opacity":0.5,"font":{"color":"white","size":12},"xref":"paper","yref":"paper","xanchor":"left","yanchor":"bottom","x":1.0,"y":1.0,"showarrow":false}]},"config":{"responsive":true,"toImageButtonOptions":{"filename":"Correlation of Close_2016-09-23~2026-01-20","scale":5}}};Plotly.newPlot("correlationClose",correlationClose.data,correlationClose.layout||{},correlationClose.config);}else{console.log("style display is none => correlationClose");}