var config = { responsive: true }

var correlationClose = {"data": [{"type": "heatmap", "z": [[1.0, 0.9999999999999981, 1.0, 0.9957269663751562, 0.9957269663751562, 0.9590485121715234, 0.9590485121715234, 0.8907276360996851, 0.8907276360996851, 0.9959888970240938, 0.9921428591658658, 0.9917574062760272, 0.9952637358490956, 0.9704459696561382, 0.9988161991895007, 0.9281269168718085, 0.8097316665198067, 0.26554823361515023, 0.9776656158527989, 0.8034399151525912, 0.08962337424553103, -0.2797968030432847, 0.7632690618878455, 0.9472297346238924, 0.9191731747279716], [0.9999999999999981, 1.0, 0.9999999999999982, 0.9956614940161345, 0.9956614940161345, 0.9583713211089018, 0.9583713211089018, 0.8921808759088036, 0.8921808759088036, 0.9959513093700235, 0.9918597772027565, 0.9911094460322613, 0.9952175017967028, 0.96963828669693, 0.9988214177710693, 0.9287753933252613, 0.8175029418145816, 0.4014775751402235, 0.9703687079202696, 0.7751840726845206, 0.09659473852766576, -0.2795323553694514, 0.6589325277225794, 0.9479505839767596, 0.9251174849657403], [1.0, 0.9999999999999982, 1.0, 0.9957269663751562, 0.9957269663751562, 0.9590485121715234, 0.9590485121715234, 0.8907276360996851, 0.8907276360996851, 0.9959888970240938, 0.9921428591658658, 0.9917574062760272, 0.9952637358490956, 0.9704459696561382, 0.9988161991895007, 0.9281269168718085, 0.8097316665198067, 0.26554823361515023, 0.9776656158527989, 0.8034399151525912, 0.08962337424553103, -0.2797968030432847, 0.7632690618878455, 0.9472297346238924, 0.9191731747279716], [0.9957269663751562, 0.9956614940161345, 0.9957269663751562, 1.0, 1.0, 0.9458008820825655, 0.9458008820825655, 0.8763808791516887, 0.8763808791516887, 0.9996164571698024, 0.9880923503861577, 0.9839769778391927, 0.999351603850721, 0.9527802550833376, 0.9946617525827753, 0.9111850646424834, 0.7865638993543289, 0.2397775155521709, 0.9888315157164053, 0.7959138394144734, 0.060256103944789745, -0.2843658445105811, 0.7726650641800149, 0.935546693721965, 0.9196506228461021], [0.9957269663751562, 0.9956614940161345, 0.9957269663751562, 1.0, 1.0, 0.9458008820825655, 0.9458008820825655, 0.8763808791516887, 0.8763808791516887, 0.9996164571698024, 0.9880923503861577, 0.9839769778391927, 0.999351603850721, 0.9527802550833376, 0.9946617525827753, 0.9111850646424834, 0.7865638993543289, 0.2397775155521709, 0.9888315157164053, 0.7959138394144734, 0.060256103944789745, -0.2843658445105811, 0.7726650641800149, 0.935546693721965, 0.9196506228461021], [0.9590485121715234, 0.9583713211089018, 0.9590485121715234, 0.9458008820825655, 0.9458008820825655, 1.0, 1.0, 0.9194128611304513, 0.9194128611304513, 0.9494540646439422, 0.9761260462938136, 0.9750418017304602, 0.9502690742765424, 0.9989494656842958, 0.971009054173045, 0.919109236488757, 0.6818724147016085, 0.19932954885758208, 0.9298306118858947, 0.7301692576070713, -0.14002943431189135, -0.13148007858203972, 0.8718587174468424, 0.9016071688707922, 0.9208665196511919], [0.9590485121715234, 0.9583713211089018, 0.9590485121715234, 0.9458008820825655, 0.9458008820825655, 1.0, 1.0, 0.9194128611304513, 0.9194128611304513, 0.9494540646439422, 0.9761260462938136, 0.9750418017304602, 0.9502690742765424, 0.9989494656842958, 0.971009054173045, 0.919109236488757, 0.6818724147016085, 0.19932954885758208, 0.9298306118858947, 0.7301692576070713, -0.14002943431189135, -0.13148007858203972, 0.8718587174468424, 0.9016071688707922, 0.9208665196511919], [0.8907276360996851, 0.8921808759088036, 0.8907276360996851, 0.8763808791516887, 0.8763808791516887, 0.9194128611304513, 0.9194128611304513, 1.0, 1.0, 0.8981267437175876, 0.9447105236666351, 0.9395629182546698, 0.9352300414223734, 0.9202399812006392, 0.936515119741109, 0.9742906860954428, 0.6252856323917609, 0.24487213915392161, 0.83059586811985, 0.7448364402784893, -0.17698099624136734, 0.01490279621996104, 0.7829083846771061, 0.7893815728449144, 0.8530754741077022], [0.8907276360996851, 0.8921808759088036, 0.8907276360996851, 0.8763808791516887, 0.8763808791516887, 0.9194128611304513, 0.9194128611304513, 1.0, 1.0, 0.8981267437175876, 0.9447105236666351, 0.9395629182546698, 0.9352300414223734, 0.9202399812006392, 0.936515119741109, 0.9742906860954428, 0.6252856323917609, 0.24487213915392161, 0.83059586811985, 0.7448364402784893, -0.17698099624136734, 0.01490279621996104, 0.7829083846771061, 0.7893815728449144, 0.8530754741077022], [0.9959888970240938, 0.9959513093700235, 0.9959888970240938, 0.9996164571698024, 0.9996164571698024, 0.9494540646439422, 0.9494540646439422, 0.8981267437175876, 0.8981267437175876, 1.0, 0.9869183227519268, 0.9829860401442073, 0.9993889196890631, 0.9513236560852916, 0.9945293660898145, 0.9109993306045868, 0.8289020815062321, 0.06953008565104762, 0.9916970184002767, 0.7939593828924584, -0.20400649253444822, -0.3168652522711133, 0.8861802538529271, 0.9301093722510896, 0.9063329325835261], [0.9921428591658658, 0.9918597772027565, 0.9921428591658658, 0.9880923503861577, 0.9880923503861577, 0.9761260462938136, 0.9761260462938136, 0.9447105236666351, 0.9447105236666351, 0.9869183227519268, 1.0, 0.9996605554178489, 0.987850850759668, 0.9745793047111392, 0.9889578006094442, 0.924942576827663, 0.7948215209349816, 0.2571452124943846, 0.9862604272193188, 0.7176442332674473, -0.5753594809872239, 0.22820338958512787, 0.8547306432408621, 0.9308496985929338, 0.9548002121861199], [0.9917574062760272, 0.9911094460322613, 0.9917574062760272, 0.9839769778391927, 0.9839769778391927, 0.9750418017304602, 0.9750418017304602, 0.9395629182546698, 0.9395629182546698, 0.9829860401442073, 0.9996605554178489, 1.0, 0.9846683245328631, 0.9723724961295505, 0.9871338850726482, 0.9133279609756776, 0.8155548419664654, 0.14092481727887446, 0.9807675712751729, 0.7220593881154588, -0.8065715406339462, 0.2714529393408337, 0.8141705426233385, 0.9373544141387975, 0.9525522411622681], [0.9952637358490956, 0.9952175017967028, 0.9952637358490956, 0.999351603850721, 0.999351603850721, 0.9502690742765424, 0.9502690742765424, 0.9352300414223734, 0.9352300414223734, 0.9993889196890631, 0.987850850759668, 0.9846683245328631, 1.0, 0.951454722708066, 0.9937686886019796, 0.931981164724788, 0.8317462441650222, 0.25271417316998523, 0.9951720402295284, 0.7592209786416427, -0.3641233258783048, 0.17147145057720664, 0.8764516994363429, 0.9088268181304051, 0.9355664810381891], [0.9704459696561382, 0.96963828669693, 0.9704459696561382, 0.9527802550833376, 0.9527802550833376, 0.9989494656842958, 0.9989494656842958, 0.9202399812006392, 0.9202399812006392, 0.9513236560852916, 0.9745793047111392, 0.9723724961295505, 0.951454722708066, 1.0, 0.9730632758081854, 0.9183948526893803, 0.7549859498941771, 0.16626950467040316, 0.9427112869626401, 0.7270895590485773, -0.2905076893258288, -0.20524123047704146, 0.9096179372855898, 0.9211021125750639, 0.9172861330917293], [0.9988161991895007, 0.9988214177710693, 0.9988161991895007, 0.9946617525827753, 0.9946617525827753, 0.971009054173045, 0.971009054173045, 0.936515119741109, 0.936515119741109, 0.9945293660898145, 0.9889578006094442, 0.9871338850726482, 0.9937686886019796, 0.9730632758081854, 1.0, 0.9449573569694014, 0.8381993450404948, 0.26238682315396783, 0.9868259695604286, 0.745342012014234, -0.3532127061610065, 0.18333057992792423, 0.9063738188804352, 0.9282599242953247, 0.9405652257838917], [0.9281269168718085, 0.9287753933252613, 0.9281269168718085, 0.9111850646424834, 0.9111850646424834, 0.919109236488757, 0.919109236488757, 0.9742906860954428, 0.9742906860954428, 0.9109993306045868, 0.924942576827663, 0.9133279609756776, 0.931981164724788, 0.9183948526893803, 0.9449573569694014, 1.0, 0.7673686634079494, 0.20467524982148047, 0.8743210564227806, 0.719534982055869, -0.07704561618318986, -0.2388768350607695, 0.8193602304993616, 0.8400011302848884, 0.8291012051773521], [0.8097316665198067, 0.8175029418145816, 0.8097316665198067, 0.7865638993543289, 0.7865638993543289, 0.6818724147016085, 0.6818724147016085, 0.6252856323917609, 0.6252856323917609, 0.8289020815062321, 0.7948215209349816, 0.8155548419664654, 0.8317462441650222, 0.7549859498941771, 0.8381993450404948, 0.7673686634079494, 1.0, 0.524356254874499, 0.740729611768823, 0.7775035255146034, 0.4809895516123184, -0.5805848498947975, 0.2671896430724847, 0.8294092843578424, 0.6534255214345501], [0.26554823361515023, 0.4014775751402235, 0.26554823361515023, 0.2397775155521709, 0.2397775155521709, 0.19932954885758208, 0.19932954885758208, 0.24487213915392161, 0.24487213915392161, 0.06953008565104762, 0.2571452124943846, 0.14092481727887446, 0.25271417316998523, 0.16626950467040316, 0.26238682315396783, 0.20467524982148047, 0.524356254874499, 1.0, 0.25055396391261453, 0.5630849472654105, 0.3865735698667239, 0.5546965492164461, 0.024108940244460794, 0.41658985315617925, 0.38276142466509055], [0.9776656158527989, 0.9703687079202696, 0.9776656158527989, 0.9888315157164053, 0.9888315157164053, 0.9298306118858947, 0.9298306118858947, 0.83059586811985, 0.83059586811985, 0.9916970184002767, 0.9862604272193188, 0.9807675712751729, 0.9951720402295284, 0.9427112869626401, 0.9868259695604286, 0.8743210564227806, 0.740729611768823, 0.25055396391261453, 1.0, 0.738317931351778, 0.001869706023715159, -0.3484231484551728, 0.6721852041550712, 0.9185149531488331, 0.9101944060880581], [0.8034399151525912, 0.7751840726845206, 0.8034399151525912, 0.7959138394144734, 0.7959138394144734, 0.7301692576070713, 0.7301692576070713, 0.7448364402784893, 0.7448364402784893, 0.7939593828924584, 0.7176442332674473, 0.7220593881154588, 0.7592209786416427, 0.7270895590485773, 0.745342012014234, 0.719534982055869, 0.7775035255146034, 0.5630849472654105, 0.738317931351778, 1.0, 0.19904211820382145, -0.049469002732616285, 0.23422983108076315, 0.8287979694405209, 0.7406507285778136], [0.08962337424553103, 0.09659473852766576, 0.08962337424553103, 0.060256103944789745, 0.060256103944789745, -0.14002943431189135, -0.14002943431189135, -0.17698099624136734, -0.17698099624136734, -0.20400649253444822, -0.5753594809872239, -0.8065715406339462, -0.3641233258783048, -0.2905076893258288, -0.3532127061610065, -0.07704561618318986, 0.4809895516123184, 0.3865735698667239, 0.001869706023715159, 0.19904211820382145, 1.0, -0.08274776809905589, -0.16916937017155778, 0.0854596420218627, -0.10839192623225223], [-0.2797968030432847, -0.2795323553694514, -0.2797968030432847, -0.2843658445105811, -0.2843658445105811, -0.13148007858203972, -0.13148007858203972, 0.01490279621996104, 0.01490279621996104, -0.3168652522711133, 0.22820338958512787, 0.2714529393408337, 0.17147145057720664, -0.20524123047704146, 0.18333057992792423, -0.2388768350607695, -0.5805848498947975, 0.5546965492164461, -0.3484231484551728, -0.049469002732616285, -0.08274776809905589, 1.0, -0.06406159735774816, -0.34748857423245294, -0.08103018320081756], [0.7632690618878455, 0.6589325277225794, 0.7632690618878455, 0.7726650641800149, 0.7726650641800149, 0.8718587174468424, 0.8718587174468424, 0.7829083846771061, 0.7829083846771061, 0.8861802538529271, 0.8547306432408621, 0.8141705426233385, 0.8764516994363429, 0.9096179372855898, 0.9063738188804352, 0.8193602304993616, 0.2671896430724847, 0.024108940244460794, 0.6721852041550712, 0.23422983108076315, -0.16916937017155778, -0.06406159735774816, 1.0, 0.535921529964723, 0.7326211898036403], [0.9472297346238924, 0.9479505839767596, 0.9472297346238924, 0.935546693721965, 0.935546693721965, 0.9016071688707922, 0.9016071688707922, 0.7893815728449144, 0.7893815728449144, 0.9301093722510896, 0.9308496985929338, 0.9373544141387975, 0.9088268181304051, 0.9211021125750639, 0.9282599242953247, 0.8400011302848884, 0.8294092843578424, 0.41658985315617925, 0.9185149531488331, 0.8287979694405209, 0.0854596420218627, -0.34748857423245294, 0.535921529964723, 1.0, 0.8819966120389646], [0.9191731747279716, 0.9251174849657403, 0.9191731747279716, 0.9196506228461021, 0.9196506228461021, 0.9208665196511919, 0.9208665196511919, 0.8530754741077022, 0.8530754741077022, 0.9063329325835261, 0.9548002121861199, 0.9525522411622681, 0.9355664810381891, 0.9172861330917293, 0.9405652257838917, 0.8291012051773521, 0.6534255214345501, 0.38276142466509055, 0.9101944060880581, 0.7406507285778136, -0.10839192623225223, -0.08103018320081756, 0.7326211898036403, 0.8819966120389646, 1.0]], "x": ["^TAIEX       \u81fa\u7063\u52a0\u6b0a\u5831\u916c\u6307\u6578", "^TWII        \u81fa\u7063\u52a0\u6b0a\u6307\u6578", "^TAIEXx2     \u81fa\u7063\u52a0\u6b0a\u5831\u916c\u6307\u6578_\u65e5\u6b632", "^TAI50I      \u81fa\u706350\u5831\u916c\u6307\u6578", "^TAI50Ix2    \u81fa\u706350\u5831\u916c\u6307\u6578_\u65e5\u6b632", "^TAI100I     \u81fa\u7063\u4e2d\u578b100\u5831\u916c\u6307\u6578", "^TAI100Ix2   \u81fa\u7063\u4e2d\u578b100\u5831\u916c\u6307\u6578_\u65e5\u6b632", "^TAIDIVIDI   \u81fa\u7063\u9ad8\u80a1\u606f\u5831\u916c\u6307\u6578", "^TAIDIVIDIx2 \u81fa\u7063\u9ad8\u80a1\u606f\u5831\u916c\u6307\u6578_\u65e5\u6b632", "0050         \u5143\u5927\u81fa\u706350", "00631L       \u5143\u5927\u53f0\u706350\u6b632", "00675L       \u5bcc\u90a6\u81fa\u7063\u52a0\u6b0a\u6b632", "006208       \u5bcc\u90a6\u53f050", "0051         \u5143\u5927\u4e2d\u578b100", "006204       \u6c38\u8c50\u81fa\u7063\u52a0\u6b0a", "0056         \u5143\u5927\u9ad8\u80a1\u606f", "2412         \u4e2d\u83ef\u96fb\u4fe1", "2002         \u4e2d\u92fc", "2330         \u53f0\u7a4d\u96fb", "2317         \u9d3b\u6d77", "6505         \u53f0\u5851\u77f3\u5316", "3481         \u7fa4\u5275", "2303         \u806f\u96fb", "2308         \u53f0\u9054\u96fb", "2454         \u806f\u767c\u79d1"], "y": ["^TAIEX       \u81fa\u7063\u52a0\u6b0a\u5831\u916c\u6307\u6578", "^TWII        \u81fa\u7063\u52a0\u6b0a\u6307\u6578", "^TAIEXx2     \u81fa\u7063\u52a0\u6b0a\u5831\u916c\u6307\u6578_\u65e5\u6b632", "^TAI50I      \u81fa\u706350\u5831\u916c\u6307\u6578", "^TAI50Ix2    \u81fa\u706350\u5831\u916c\u6307\u6578_\u65e5\u6b632", "^TAI100I     \u81fa\u7063\u4e2d\u578b100\u5831\u916c\u6307\u6578", "^TAI100Ix2   \u81fa\u7063\u4e2d\u578b100\u5831\u916c\u6307\u6578_\u65e5\u6b632", "^TAIDIVIDI   \u81fa\u7063\u9ad8\u80a1\u606f\u5831\u916c\u6307\u6578", "^TAIDIVIDIx2 \u81fa\u7063\u9ad8\u80a1\u606f\u5831\u916c\u6307\u6578_\u65e5\u6b632", "0050         \u5143\u5927\u81fa\u706350", "00631L       \u5143\u5927\u53f0\u706350\u6b632", "00675L       \u5bcc\u90a6\u81fa\u7063\u52a0\u6b0a\u6b632", "006208       \u5bcc\u90a6\u53f050", "0051         \u5143\u5927\u4e2d\u578b100", "006204       \u6c38\u8c50\u81fa\u7063\u52a0\u6b0a", "0056         \u5143\u5927\u9ad8\u80a1\u606f", "2412         \u4e2d\u83ef\u96fb\u4fe1", "2002         \u4e2d\u92fc", "2330         \u53f0\u7a4d\u96fb", "2317         \u9d3b\u6d77", "6505         \u53f0\u5851\u77f3\u5316", "3481         \u7fa4\u5275", "2303         \u806f\u96fb", "2308         \u53f0\u9054\u96fb", "2454         \u806f\u767c\u79d1"], "zmin": -1, "zmax": 1, "colorbar": {"x": -0.2}}], "layout": {"autotypenumbers": "strict", "colorway": ["#636efa", "#EF553B", "#00cc96", "#ab63fa", "#FFA15A", "#19d3f3", "#FF6692", "#B6E880", "#FF97FF", "#FECB52"], "font": {"color": "#f2f5fa", "family": "Courier New"}, "hovermode": "closest", "hoverlabel": {"align": "left"}, "paper_bgcolor": "rgb(17,17,17)", "plot_bgcolor": "rgb(17,17,17)", "polar": {"bgcolor": "rgb(17,17,17)", "angularaxis": {"gridcolor": "#506784", "linecolor": "#506784", "ticks": ""}, "radialaxis": {"gridcolor": "#506784", "linecolor": "#506784", "ticks": ""}}, "ternary": {"bgcolor": "rgb(17,17,17)", "aaxis": {"gridcolor": "#506784", "linecolor": "#506784", "ticks": ""}, "baxis": {"gridcolor": "#506784", "linecolor": "#506784", "ticks": ""}, "caxis": {"gridcolor": "#506784", "linecolor": "#506784", "ticks": ""}}, "coloraxis": {"colorbar": {"outlinewidth": 0, "ticks": ""}}, "colorscale": {"sequential": [[0.0, "#0d0887"], [0.1111111111111111, "#46039f"], [0.2222222222222222, "#7201a8"], [0.3333333333333333, "#9c179e"], [0.4444444444444444, "#bd3786"], [0.5555555555555556, "#d8576b"], [0.6666666666666666, "#ed7953"], [0.7777777777777778, "#fb9f3a"], [0.8888888888888888, "#fdca26"], [1.0, "#f0f921"]], "sequentialminus": [[0.0, "#0d0887"], [0.1111111111111111, "#46039f"], [0.2222222222222222, "#7201a8"], [0.3333333333333333, "#9c179e"], [0.4444444444444444, "#bd3786"], [0.5555555555555556, "#d8576b"], [0.6666666666666666, "#ed7953"], [0.7777777777777778, "#fb9f3a"], [0.8888888888888888, "#fdca26"], [1.0, "#f0f921"]], "diverging": [[0, "#8e0152"], [0.1, "#c51b7d"], [0.2, "#de77ae"], [0.3, "#f1b6da"], [0.4, "#fde0ef"], [0.5, "#f7f7f7"], [0.6, "#e6f5d0"], [0.7, "#b8e186"], [0.8, "#7fbc41"], [0.9, "#4d9221"], [1, "#276419"]]}, "xaxis": {"gridcolor": "rgba(0, 0, 0, 0)", "linecolor": "#506784", "ticks": "", "title": {"standoff": 15}, "zerolinecolor": "#283442", "automargin": true, "zerolinewidth": 2, "tickfont": {"family": "Courier New", "size": 14}, "side": "top", "tickangle": -90}, "yaxis": {"gridcolor": "rgba(0, 0, 0, 0)", "linecolor": "#506784", "ticks": "", "title": {"standoff": 15}, "zerolinecolor": "#283442", "automargin": true, "zerolinewidth": 2, "tickfont": {"family": "Courier New"}, "side": "right"}, "scene": {"xaxis": {"backgroundcolor": "rgb(17,17,17)", "gridcolor": "#506784", "linecolor": "#506784", "showbackground": true, "ticks": "", "zerolinecolor": "#C8D4E3", "gridwidth": 2}, "yaxis": {"backgroundcolor": "rgb(17,17,17)", "gridcolor": "#506784", "linecolor": "#506784", "showbackground": true, "ticks": "", "zerolinecolor": "#C8D4E3", "gridwidth": 2}, "zaxis": {"backgroundcolor": "rgb(17,17,17)", "gridcolor": "#506784", "linecolor": "#506784", "showbackground": true, "ticks": "", "zerolinecolor": "#C8D4E3", "gridwidth": 2}}, "shapedefaults": {"line": {"color": "#f2f5fa"}}, "annotationdefaults": {"arrowcolor": "#f2f5fa", "arrowhead": 0, "arrowwidth": 1}, "geo": {"bgcolor": "rgb(17,17,17)", "landcolor": "rgb(17,17,17)", "subunitcolor": "#506784", "showland": true, "showlakes": true, "lakecolor": "rgb(17,17,17)"}, "title": {"x": 0.05, "font": {"family": "Times New Roman"}, "y": 0.05, "text": "<b>Correlation of Close<b><br><i>2016/09/23 ~ 2025/05/29<i>"}, "updatemenudefaults": {"bgcolor": "#506784", "borderwidth": 0}, "sliderdefaults": {"bgcolor": "#C8D4E3", "borderwidth": 1, "bordercolor": "rgb(17,17,17)", "tickwidth": 0}, "mapbox": {"style": "dark"}, "height": 600}};

Plotly.newPlot("correlationClose",
    correlationClose.data,
    correlationClose.layout || {},
    config);