var config = { responsive: true }

var correlationClose = {"data": [{"type": "heatmap", "z": [[1.0, 0.999999999999998, 1.0, 0.9957142176786966, 0.9957142176786966, 0.9576966698462452, 0.9576966698462452, 0.8870362916184943, 0.8870362916184943, 0.9959132110436643, 0.9921707937869244, 0.9919486527722212, 0.9952615704995914, 0.9696984623436052, 0.998774272767311, 0.9292046880647038, 0.8059635524102933, 0.2827099492295192, 0.9773423526655329, 0.7993804510825167, 0.12455169109982768, -0.27657250092883195, 0.7596133958366114, 0.9457047370365769, 0.9167887293306797], [0.999999999999998, 1.0, 0.9999999999999982, 0.9956431941934507, 0.9956431941934507, 0.9570107554571923, 0.9570107554571923, 0.8886141240389084, 0.8886141240389084, 0.9958708613404454, 0.9918589848335193, 0.9912490513322056, 0.9952069764166775, 0.9688527635492526, 0.9987801908820276, 0.9299264077053974, 0.8144568986620971, 0.413463653289053, 0.9698444767477399, 0.7711299813050146, 0.13144009999043343, -0.27628594046285443, 0.6539995561193008, 0.9464974783580077, 0.9230049314010806], [1.0, 0.9999999999999982, 1.0, 0.9957142176786966, 0.9957142176786966, 0.9576966698462452, 0.9576966698462452, 0.8870362916184943, 0.8870362916184943, 0.9959132110436643, 0.9921707937869244, 0.9919486527722212, 0.9952615704995914, 0.9696984623436052, 0.998774272767311, 0.9292046880647038, 0.8059635524102933, 0.2827099492295192, 0.9773423526655329, 0.7993804510825167, 0.12455169109982768, -0.27657250092883195, 0.7596133958366114, 0.9457047370365769, 0.9167887293306797], [0.9957142176786966, 0.9956431941934507, 0.9957142176786966, 1.0, 1.0, 0.9441102478568885, 0.9441102478568885, 0.8721957517606425, 0.8721957517606425, 0.9996083502634497, 0.9886164847440974, 0.9847905193096033, 0.9993261170648378, 0.9517390686123158, 0.9945958921574211, 0.9129184631497351, 0.7826124714483689, 0.25720018431416275, 0.9885007093673366, 0.7920364023282869, 0.09686514261454067, -0.28140145688589735, 0.7699359077129819, 0.9339189141559655, 0.9165068330142087], [0.9957142176786966, 0.9956431941934507, 0.9957142176786966, 1.0, 1.0, 0.9441102478568885, 0.9441102478568885, 0.8721957517606425, 0.8721957517606425, 0.9996083502634497, 0.9886164847440974, 0.9847905193096033, 0.9993261170648378, 0.9517390686123158, 0.9945958921574211, 0.9129184631497351, 0.7826124714483689, 0.25720018431416275, 0.9885007093673366, 0.7920364023282869, 0.09686514261454067, -0.28140145688589735, 0.7699359077129819, 0.9339189141559655, 0.9165068330142087], [0.9576966698462452, 0.9570107554571923, 0.9576966698462452, 0.9441102478568885, 0.9441102478568885, 1.0, 1.0, 0.9168919427385208, 0.9168919427385208, 0.9479143405306454, 0.9755049313029124, 0.9744525827932773, 0.9490907353429989, 0.9989519999066996, 0.9701686419961898, 0.9194191096829446, 0.6736890909046686, 0.21870383650501496, 0.9278429924172772, 0.7236027577763148, -0.1101273967015501, -0.12572267110004748, 0.8706338663064771, 0.8986205708841201, 0.9190242793895103], [0.9576966698462452, 0.9570107554571923, 0.9576966698462452, 0.9441102478568885, 0.9441102478568885, 1.0, 1.0, 0.9168919427385208, 0.9168919427385208, 0.9479143405306454, 0.9755049313029124, 0.9744525827932773, 0.9490907353429989, 0.9989519999066996, 0.9701686419961898, 0.9194191096829446, 0.6736890909046686, 0.21870383650501496, 0.9278429924172772, 0.7236027577763148, -0.1101273967015501, -0.12572267110004748, 0.8706338663064771, 0.8986205708841201, 0.9190242793895103], [0.8870362916184943, 0.8886141240389084, 0.8870362916184943, 0.8721957517606425, 0.8721957517606425, 0.9168919427385208, 0.9168919427385208, 1.0, 1.0, 0.8945860422330016, 0.9431610886080862, 0.9380498192699226, 0.9328137026336846, 0.9179000031183241, 0.9342273037178357, 0.9760674371881884, 0.614426844383074, 0.267307780245069, 0.8246924859639121, 0.7384343892517503, -0.14181274425177212, 0.022962934166606067, 0.7795253964595388, 0.7828264603627251, 0.8485894617263909], [0.8870362916184943, 0.8886141240389084, 0.8870362916184943, 0.8721957517606425, 0.8721957517606425, 0.9168919427385208, 0.9168919427385208, 1.0, 1.0, 0.8945860422330016, 0.9431610886080862, 0.9380498192699226, 0.9328137026336846, 0.9179000031183241, 0.9342273037178357, 0.9760674371881884, 0.614426844383074, 0.267307780245069, 0.8246924859639121, 0.7384343892517503, -0.14181274425177212, 0.022962934166606067, 0.7795253964595388, 0.7828264603627251, 0.8485894617263909], [0.9959132110436643, 0.9958708613404454, 0.9959132110436643, 0.9996083502634497, 0.9996083502634497, 0.9479143405306454, 0.9479143405306454, 0.8945860422330016, 0.8945860422330016, 1.0, 0.9872286672534217, 0.9835633273597304, 0.9993783039984655, 0.9501373694575983, 0.9944030689041365, 0.9124906349265861, 0.823490989594578, 0.09113934184357671, 0.991545627027426, 0.7886523893871764, -0.16457395789113585, -0.31355977768533694, 0.8861153383186168, 0.9279492105099951, 0.902662466173115], [0.9921707937869244, 0.9918589848335193, 0.9921707937869244, 0.9886164847440974, 0.9886164847440974, 0.9755049313029124, 0.9755049313029124, 0.9431610886080862, 0.9431610886080862, 0.9872286672534217, 1.0, 0.9996518097309007, 0.9884344413321705, 0.9739988210872537, 0.9888658632175995, 0.925761628214451, 0.788596698826586, 0.28076915162990795, 0.9876166336200526, 0.7108396461381563, -0.5595062498786302, 0.24228997336989588, 0.8541697823519956, 0.9288701102190094, 0.9551406264486294], [0.9919486527722212, 0.9912490513322056, 0.9919486527722212, 0.9847905193096033, 0.9847905193096033, 0.9744525827932773, 0.9744525827932773, 0.9380498192699226, 0.9380498192699226, 0.9835633273597304, 0.9996518097309007, 1.0, 0.9856455394525154, 0.9718053180459153, 0.9871532816202618, 0.9146255038313552, 0.8125287960395884, 0.16611849026446926, 0.9826142547625706, 0.7159436384908033, -0.8076844682283805, 0.28599880236647957, 0.8137809899216673, 0.9357206935481495, 0.9532548993152405], [0.9952615704995914, 0.9952069764166775, 0.9952615704995914, 0.9993261170648378, 0.9993261170648378, 0.9490907353429989, 0.9490907353429989, 0.9328137026336846, 0.9328137026336846, 0.9993783039984655, 0.9884344413321705, 0.9856455394525154, 1.0, 0.9507677065666333, 0.9937015801098612, 0.9349898301949539, 0.8245248286518645, 0.28278525788039166, 0.9950762811399129, 0.7529047406126814, -0.3287209136509082, 0.18859259623801933, 0.8777309671407885, 0.905781303659994, 0.9329687339027876], [0.9696984623436052, 0.9688527635492526, 0.9696984623436052, 0.9517390686123158, 0.9517390686123158, 0.9989519999066996, 0.9989519999066996, 0.9179000031183241, 0.9179000031183241, 0.9501373694575983, 0.9739988210872537, 0.9718053180459153, 0.9507677065666333, 1.0, 0.9725083396289438, 0.9183238147533132, 0.7479688691510342, 0.1862209980240809, 0.9418371217077507, 0.7202535764618627, -0.26163336544790433, -0.1999530827505624, 0.908762636319322, 0.9188126112276183, 0.9159710531953769], [0.998774272767311, 0.9987801908820276, 0.998774272767311, 0.9945958921574211, 0.9945958921574211, 0.9701686419961898, 0.9701686419961898, 0.9342273037178357, 0.9342273037178357, 0.9944030689041365, 0.9888658632175995, 0.9871532816202618, 0.9937015801098612, 0.9725083396289438, 1.0, 0.9465981090606594, 0.8320541853314274, 0.28997890674727383, 0.986858096950803, 0.7385840100755793, -0.32115804186426344, 0.19889781405326168, 0.9069249417123881, 0.9259390378905062, 0.938974616395809], [0.9292046880647038, 0.9299264077053974, 0.9292046880647038, 0.9129184631497351, 0.9129184631497351, 0.9194191096829446, 0.9194191096829446, 0.9760674371881884, 0.9760674371881884, 0.9124906349265861, 0.925761628214451, 0.9146255038313552, 0.9349898301949539, 0.9183238147533132, 0.9465981090606594, 1.0, 0.7642207138647558, 0.2180962313201419, 0.8763437122120785, 0.7153049962284641, -0.05210006179286986, -0.23507839928144209, 0.816960560424891, 0.8385430192828162, 0.8306662734531903], [0.8059635524102933, 0.8144568986620971, 0.8059635524102933, 0.7826124714483689, 0.7826124714483689, 0.6736890909046686, 0.6736890909046686, 0.614426844383074, 0.614426844383074, 0.823490989594578, 0.788596698826586, 0.8125287960395884, 0.8245248286518645, 0.7479688691510342, 0.8320541853314274, 0.7642207138647558, 1.0, 0.5330855630796653, 0.7365753480124227, 0.7738434064899278, 0.5165023357722608, -0.5815202968392746, 0.25653437253804146, 0.826451234176274, 0.6465269648079728], [0.2827099492295192, 0.413463653289053, 0.2827099492295192, 0.25720018431416275, 0.25720018431416275, 0.21870383650501496, 0.21870383650501496, 0.267307780245069, 0.267307780245069, 0.09113934184357671, 0.28076915162990795, 0.16611849026446926, 0.28278525788039166, 0.1862209980240809, 0.28997890674727383, 0.2180962313201419, 0.5330855630796653, 1.0, 0.2625746287641521, 0.5715436352642665, 0.37981204560106957, 0.5535365623736274, 0.027135616073929298, 0.4269417633710325, 0.40150219413369215], [0.9773423526655329, 0.9698444767477399, 0.9773423526655329, 0.9885007093673366, 0.9885007093673366, 0.9278429924172772, 0.9278429924172772, 0.8246924859639121, 0.8246924859639121, 0.991545627027426, 0.9876166336200526, 0.9826142547625706, 0.9950762811399129, 0.9418371217077507, 0.986858096950803, 0.8763437122120785, 0.7365753480124227, 0.2625746287641521, 1.0, 0.7337307085669181, 0.03902397063680648, -0.3472960829031365, 0.6686105141798504, 0.9168307847270656, 0.9059470911303406], [0.7993804510825167, 0.7711299813050146, 0.7993804510825167, 0.7920364023282869, 0.7920364023282869, 0.7236027577763148, 0.7236027577763148, 0.7384343892517503, 0.7384343892517503, 0.7886523893871764, 0.7108396461381563, 0.7159436384908033, 0.7529047406126814, 0.7202535764618627, 0.7385840100755793, 0.7153049962284641, 0.7738434064899278, 0.5715436352642665, 0.7337307085669181, 1.0, 0.22745282703672773, -0.043391480912245615, 0.22357340349772073, 0.825634300121177, 0.7361945994404637], [0.12455169109982768, 0.13144009999043343, 0.12455169109982768, 0.09686514261454067, 0.09686514261454067, -0.1101273967015501, -0.1101273967015501, -0.14181274425177212, -0.14181274425177212, -0.16457395789113585, -0.5595062498786302, -0.8076844682283805, -0.3287209136509082, -0.26163336544790433, -0.32115804186426344, -0.05210006179286986, 0.5165023357722608, 0.37981204560106957, 0.03902397063680648, 0.22745282703672773, 1.0, -0.09606792258850926, -0.1528694884784131, 0.11647440903155722, -0.07416899897155219], [-0.27657250092883195, -0.27628594046285443, -0.27657250092883195, -0.28140145688589735, -0.28140145688589735, -0.12572267110004748, -0.12572267110004748, 0.022962934166606067, 0.022962934166606067, -0.31355977768533694, 0.24228997336989588, 0.28599880236647957, 0.18859259623801933, -0.1999530827505624, 0.19889781405326168, -0.23507839928144209, -0.5815202968392746, 0.5535365623736274, -0.3472960829031365, -0.043391480912245615, -0.09606792258850926, 1.0, -0.05915733018278977, -0.34531892707679884, -0.07284627106663095], [0.7596133958366114, 0.6539995561193008, 0.7596133958366114, 0.7699359077129819, 0.7699359077129819, 0.8706338663064771, 0.8706338663064771, 0.7795253964595388, 0.7795253964595388, 0.8861153383186168, 0.8541697823519956, 0.8137809899216673, 0.8777309671407885, 0.908762636319322, 0.9069249417123881, 0.816960560424891, 0.25653437253804146, 0.027135616073929298, 0.6686105141798504, 0.22357340349772073, -0.1528694884784131, -0.05915733018278977, 1.0, 0.5285503847167773, 0.7300639087436802], [0.9457047370365769, 0.9464974783580077, 0.9457047370365769, 0.9339189141559655, 0.9339189141559655, 0.8986205708841201, 0.8986205708841201, 0.7828264603627251, 0.7828264603627251, 0.9279492105099951, 0.9288701102190094, 0.9357206935481495, 0.905781303659994, 0.9188126112276183, 0.9259390378905062, 0.8385430192828162, 0.826451234176274, 0.4269417633710325, 0.9168307847270656, 0.825634300121177, 0.11647440903155722, -0.34531892707679884, 0.5285503847167773, 1.0, 0.8792746147876322], [0.9167887293306797, 0.9230049314010806, 0.9167887293306797, 0.9165068330142087, 0.9165068330142087, 0.9190242793895103, 0.9190242793895103, 0.8485894617263909, 0.8485894617263909, 0.902662466173115, 0.9551406264486294, 0.9532548993152405, 0.9329687339027876, 0.9159710531953769, 0.938974616395809, 0.8306662734531903, 0.6465269648079728, 0.40150219413369215, 0.9059470911303406, 0.7361945994404637, -0.07416899897155219, -0.07284627106663095, 0.7300639087436802, 0.8792746147876322, 1.0]], "x": ["^TAIEX       \u81fa\u7063\u52a0\u6b0a\u5831\u916c\u6307\u6578", "^TWII        \u81fa\u7063\u52a0\u6b0a\u6307\u6578", "^TAIEXx2     \u81fa\u7063\u52a0\u6b0a\u5831\u916c\u6307\u6578_\u65e5\u6b632", "^TAI50I      \u81fa\u706350\u5831\u916c\u6307\u6578", "^TAI50Ix2    \u81fa\u706350\u5831\u916c\u6307\u6578_\u65e5\u6b632", "^TAI100I     \u81fa\u7063\u4e2d\u578b100\u5831\u916c\u6307\u6578", "^TAI100Ix2   \u81fa\u7063\u4e2d\u578b100\u5831\u916c\u6307\u6578_\u65e5\u6b632", "^TAIDIVIDI   \u81fa\u7063\u9ad8\u80a1\u606f\u5831\u916c\u6307\u6578", "^TAIDIVIDIx2 \u81fa\u7063\u9ad8\u80a1\u606f\u5831\u916c\u6307\u6578_\u65e5\u6b632", "0050         \u5143\u5927\u81fa\u706350", "00631L       \u5143\u5927\u53f0\u706350\u6b632", "00675L       \u5bcc\u90a6\u81fa\u7063\u52a0\u6b0a\u6b632", "006208       \u5bcc\u90a6\u53f050", "0051         \u5143\u5927\u4e2d\u578b100", "006204       \u6c38\u8c50\u81fa\u7063\u52a0\u6b0a", "0056         \u5143\u5927\u9ad8\u80a1\u606f", "2412         \u4e2d\u83ef\u96fb\u4fe1", "2002         \u4e2d\u92fc", "2330         \u53f0\u7a4d\u96fb", "2317         \u9d3b\u6d77", "6505         \u53f0\u5851\u77f3\u5316", "3481         \u7fa4\u5275", "2303         \u806f\u96fb", "2308         \u53f0\u9054\u96fb", "2454         \u806f\u767c\u79d1"], "y": ["^TAIEX       \u81fa\u7063\u52a0\u6b0a\u5831\u916c\u6307\u6578", "^TWII        \u81fa\u7063\u52a0\u6b0a\u6307\u6578", "^TAIEXx2     \u81fa\u7063\u52a0\u6b0a\u5831\u916c\u6307\u6578_\u65e5\u6b632", "^TAI50I      \u81fa\u706350\u5831\u916c\u6307\u6578", "^TAI50Ix2    \u81fa\u706350\u5831\u916c\u6307\u6578_\u65e5\u6b632", "^TAI100I     \u81fa\u7063\u4e2d\u578b100\u5831\u916c\u6307\u6578", "^TAI100Ix2   \u81fa\u7063\u4e2d\u578b100\u5831\u916c\u6307\u6578_\u65e5\u6b632", "^TAIDIVIDI   \u81fa\u7063\u9ad8\u80a1\u606f\u5831\u916c\u6307\u6578", "^TAIDIVIDIx2 \u81fa\u7063\u9ad8\u80a1\u606f\u5831\u916c\u6307\u6578_\u65e5\u6b632", "0050         \u5143\u5927\u81fa\u706350", "00631L       \u5143\u5927\u53f0\u706350\u6b632", "00675L       \u5bcc\u90a6\u81fa\u7063\u52a0\u6b0a\u6b632", "006208       \u5bcc\u90a6\u53f050", "0051         \u5143\u5927\u4e2d\u578b100", "006204       \u6c38\u8c50\u81fa\u7063\u52a0\u6b0a", "0056         \u5143\u5927\u9ad8\u80a1\u606f", "2412         \u4e2d\u83ef\u96fb\u4fe1", "2002         \u4e2d\u92fc", "2330         \u53f0\u7a4d\u96fb", "2317         \u9d3b\u6d77", "6505         \u53f0\u5851\u77f3\u5316", "3481         \u7fa4\u5275", "2303         \u806f\u96fb", "2308         \u53f0\u9054\u96fb", "2454         \u806f\u767c\u79d1"], "zmin": -1, "zmax": 1, "colorbar": {"x": -0.2}}], "layout": {"title": {"text": "<b>Correlation of Close<b><br><i>2016/09/23 ~ 2025/04/15<i>", "y": 0.05, "font": {"family": "Times New Roman"}, "x": 0.05}, "xaxis": {"side": "top", "tickangle": -90, "gridcolor": "rgba(0, 0, 0, 0)", "tickfont": {"family": "Courier New", "size": 14}, "automargin": true}, "yaxis": {"side": "right", "gridcolor": "rgba(0, 0, 0, 0)", "tickfont": {"family": "Courier New"}, "automargin": true}, "height": 600, "font": {"family": "Courier New", "color": "#ffffff"}, "plot_bgcolor": "#000", "paper_bgcolor": "#000"}};

Plotly.newPlot("correlationClose",
    correlationClose.data,
    correlationClose.layout || {},
    config);