var element=document.getElementById("correlationClose");if(element.style.display!='none'){var correlationClose={"data":[{"type":"heatmap","z":[[1.0,0.9999999999999983,1.0,0.9951861982234698,0.9951861982234698,0.9655822847532337,0.9655822847532337,0.905477398172253,0.905477398172253,0.852568101597951,0.9944186074307559,0.8181574678417124,0.9925978475779711,0.9926502115509017,0.9944590856513045,0.9742534487687302,0.9990420474585021,0.9206399893873194,0.9206399893873194,0.7836911487857203,-0.13325307771263795,0.9779761970447023,0.15141087175459642,-0.09170738397437533,-0.25158273576531043,0.8150734676189364,0.9099877176715322,0.9133192834476062,0.9266828555289754,0.7805286876639707,0.5484816405981818,0.6351839510549397,0.6320613611616315,0.9329830313078961,0.8305217036655791,0.18707982549198543],[0.9999999999999983,1.0,0.9999999999999986,0.9951530894696153,0.9951530894696153,0.965036248730544,0.965036248730544,0.9064681667758329,0.9064681667758329,0.8538870933642648,0.9944120245352904,0.8182900002844773,0.9923301181683023,0.9921396124781807,0.9944593769903548,0.9736612797891491,0.9990433685317849,0.9208370718677711,0.9208370718677711,0.8025030933944682,0.07780281673287584,0.969747619213414,-0.0495350025061693,-0.08400446783680485,-0.2519237550707251,0.6471295950849383,0.9111557608991715,0.8883626040386222,0.9212856244887566,0.7914232622863294,0.5401670590609747,0.6323833963831601,0.6580467230842468,0.930643066007725,0.6861091803713871,0.18388972654000765],[1.0,0.9999999999999986,1.0,0.9951861982234698,0.9951861982234698,0.9655822847532337,0.9655822847532337,0.905477398172253,0.905477398172253,0.852568101597951,0.9944186074307559,0.8181574678417124,0.9925978475779711,0.9926502115509017,0.9944590856513045,0.9742534487687302,0.9990420474585021,0.9206399893873194,0.9206399893873194,0.7836911487857203,-0.13325307771263795,0.9779761970447023,0.15141087175459642,-0.09170738397437533,-0.25158273576531043,0.8150734676189364,0.9099877176715322,0.9133192834476062,0.9266828555289754,0.7805286876639707,0.5484816405981818,0.6351839510549397,0.6320613611616315,0.9329830313078961,0.8305217036655791,0.18707982549198543],[0.9951861982234698,0.9951530894696153,0.9951861982234698,1.0,1.0,0.9523078722055244,0.9523078722055244,0.8901455385728549,0.8901455385728549,0.8308043874786787,0.9995299880308809,0.7945174279676388,0.9907034727732518,0.9875856376764841,0.999492549553665,0.9568157383864143,0.9947952179326862,0.8972226738389373,0.8972226738389373,0.7592774597639743,-0.14102140203223384,0.9903148088521978,0.17739212307660343,-0.1274259037469128,-0.2524337604692629,0.8072411011144188,0.919428009490821,0.9152221256327466,0.9119847640858187,0.7867227516213582,0.5769567170393445,0.6286458172428304,0.6025496761253422,0.9236325841726205,0.8199899586416912,0.19908013649738515],[0.9951861982234698,0.9951530894696153,0.9951861982234698,1.0,1.0,0.9523078722055244,0.9523078722055244,0.8901455385728549,0.8901455385728549,0.8308043874786787,0.9995299880308809,0.7945174279676388,0.9907034727732518,0.9875856376764841,0.999492549553665,0.9568157383864143,0.9947952179326862,0.8972226738389373,0.8972226738389373,0.7592774597639743,-0.14102140203223384,0.9903148088521978,0.17739212307660343,-0.1274259037469128,-0.2524337604692629,0.8072411011144188,0.919428009490821,0.9152221256327466,0.9119847640858187,0.7867227516213582,0.5769567170393445,0.6286458172428304,0.6025496761253422,0.9236325841726205,0.8199899586416912,0.19908013649738515],[0.9655822847532337,0.965036248730544,0.9655822847532337,0.9523078722055244,0.9523078722055244,1.0,1.0,0.9307768458340862,0.9307768458340862,0.8218146159306055,0.9520099636859061,0.8090077421174208,0.9707776182157297,0.9682998000614788,0.9518463552640205,0.9990987219538717,0.9737936691947799,0.9195812651951023,0.9195812651951023,0.6443546165386066,-0.0809914993472042,0.9374515714034622,0.3111220382321199,-0.27805984645279397,-0.11764317053963244,0.8847774545157314,0.861761852308599,0.931473663595956,0.9002793176286001,0.7441809293625858,0.7441430705978995,0.7390585886171176,0.7073586325652172,0.8606825426861056,0.8620979227216324,0.46862424058913804],[0.9655822847532337,0.965036248730544,0.9655822847532337,0.9523078722055244,0.9523078722055244,1.0,1.0,0.9307768458340862,0.9307768458340862,0.8218146159306055,0.9520099636859061,0.8090077421174208,0.9707776182157297,0.9682998000614788,0.9518463552640205,0.9990987219538717,0.9737936691947799,0.9195812651951023,0.9195812651951023,0.6443546165386066,-0.0809914993472042,0.9374515714034622,0.3111220382321199,-0.27805984645279397,-0.11764317053963244,0.8847774545157314,0.861761852308599,0.931473663595956,0.9002793176286001,0.7441809293625858,0.7441430705978995,0.7390585886171176,0.7073586325652172,0.8606825426861056,0.8620979227216324,0.46862424058913804],[0.905477398172253,0.9064681667758329,0.905477398172253,0.8901455385728549,0.8901455385728549,0.9307768458340862,0.9307768458340862,1.0,1.0,0.7660322506438425,0.9377778938013089,0.7857891927791641,0.9426776830211615,0.9374798060412759,0.9376359890391514,0.9316981021614421,0.9445054147531162,0.9715618861656856,0.9715618861656856,0.5859067470029047,0.03940844666862828,0.85139115080507,0.5455207207590965,-0.30381444361250043,0.0184099356712554,0.7862485248605855,0.7613752119079823,0.873569232579994,0.8521180037887511,0.7567348450336122,0.8788214449692936,0.7812099058556631,0.7171108824875452,0.791888440975493,0.849333427432769,0.8024198036721724],[0.905477398172253,0.9064681667758329,0.905477398172253,0.8901455385728549,0.8901455385728549,0.9307768458340862,0.9307768458340862,1.0,1.0,0.7660322506438425,0.9377778938013089,0.7857891927791641,0.9426776830211615,0.9374798060412759,0.9376359890391514,0.9316981021614421,0.9445054147531162,0.9715618861656856,0.9715618861656856,0.5859067470029047,0.03940844666862828,0.85139115080507,0.5455207207590965,-0.30381444361250043,0.0184099356712554,0.7862485248605855,0.7613752119079823,0.873569232579994,0.8521180037887511,0.7567348450336122,0.8788214449692936,0.7812099058556631,0.7171108824875452,0.791888440975493,0.849333427432769,0.8024198036721724],[0.852568101597951,0.8538870933642648,0.852568101597951,0.8308043874786787,0.8308043874786787,0.8218146159306055,0.8218146159306055,0.7660322506438425,0.7660322506438425,1.0,0.7344289974904251,0.9999698793106293,0.6806055116633678,0.6025681016173561,0.7361381101869717,0.8172510746007637,0.7824754438766247,0.835379865827077,0.835379865827077,0.7035010054039216,-0.1028333377022004,0.8057085392361872,0.0427503066827477,0.04558150840428787,-0.24458846760150338,0.7979831623462034,0.6197034054454802,0.7884140759707796,0.830804383060237,0.6989542714438263,0.37797031696339833,0.5408659027346777,0.5686096133590058,0.8198545225674461,0.6867426442983833,0.17520986640347208],[0.9944186074307559,0.9944120245352904,0.9944186074307559,0.9995299880308809,0.9995299880308809,0.9520099636859061,0.9520099636859061,0.9377778938013089,0.9377778938013089,0.7344289974904251,1.0,0.7343591251399623,0.9904756252981047,0.9876744728020199,0.9999256391268116,0.952374744942114,0.9936628471511115,0.9091589457784754,0.9091589457784754,0.8534878692087329,0.04107814716884937,0.9964048944930142,0.8822079367403594,-0.4993460576710285,0.3423436608241037,0.8270319018047908,0.8826733662356112,0.9355404358840728,0.9061870995429981,0.8101141534205094,0.9112120885841631,0.8695597632649121,0.782567663248201,0.9014448703202845,0.9419884680877985,0.776801258825933],[0.8181574678417124,0.8182900002844773,0.8181574678417124,0.7945174279676388,0.7945174279676388,0.8090077421174208,0.8090077421174208,0.7857891927791641,0.7857891927791641,0.9999698793106293,0.7343591251399623,1.0,0.6787695403962032,0.6001571832569413,0.7346825720970825,0.8097576024375123,0.7811493992203818,0.8325482298101834,0.8325482298101834,0.6682415281521596,0.022236536133342085,0.7710286298502879,0.46632504945805275,-0.18074802927127043,-0.2320751279741571,0.8324481785212834,0.5321019906175212,0.7673200914180118,0.8067900093393168,0.72885535723432,0.6304118356753844,0.725375967048701,0.6917818269425883,0.7848145837399314,0.6854785057520076,0.6953323636280601],[0.9925978475779711,0.9923301181683023,0.9925978475779711,0.9907034727732518,0.9907034727732518,0.9707776182157297,0.9707776182157297,0.9426776830211615,0.9426776830211615,0.6806055116633678,0.9904756252981047,0.6787695403962032,1.0,0.9997562163100622,0.9904726018827216,0.9693934036326562,0.9903636032826192,0.9005395863333874,0.9005395863333874,0.8315024037075381,0.0709685127780681,0.9885323553460051,0.9028139151527407,-0.6595468635225212,0.410870222100767,0.8005794337991309,0.8884524517711644,0.9452928563613375,0.8982025018555505,0.7436681585491006,0.9111049101074704,0.8491571614201983,0.7653687504546648,0.8854802537717773,0.9565540843755824,0.8056522393575538],[0.9926502115509017,0.9921396124781807,0.9926502115509017,0.9875856376764841,0.9875856376764841,0.9682998000614788,0.9682998000614788,0.9374798060412759,0.9374798060412759,0.6025681016173561,0.9876744728020199,0.6001571832569413,0.9997562163100622,1.0,0.9878218968634934,0.9661907160243948,0.9894004524491585,0.8856537579196255,0.8856537579196255,0.85261497163047,-0.05462673926322174,0.9841685229424676,0.9111371396103881,-0.8386720981767318,0.4488076476718183,0.7501185932021984,0.8929822283401456,0.9393968526543113,0.8843338532491813,0.672689715609169,0.919561188476301,0.8397915568080889,0.7089207155645703,0.9114559280063803,0.9571909415850639,0.7739454290801937],[0.9944590856513045,0.9944593769903548,0.9944590856513045,0.999492549553665,0.999492549553665,0.9518463552640205,0.9518463552640205,0.9376359890391514,0.9376359890391514,0.7361381101869717,0.9999256391268116,0.7346825720970825,0.9904726018827216,0.9878218968634934,1.0,0.9523381538206038,0.9937245519092327,0.909480551582926,0.909480551582926,0.854480373023075,0.040255166238568556,0.996283536785904,0.8817562861750732,-0.49653863983738994,0.3411416224491319,0.8272510024790455,0.8810118789798796,0.9345025175301036,0.9066421665021384,0.8111841226457173,0.910762297514596,0.8706185472924738,0.7836069768744972,0.9014587923405,0.9420123868932021,0.7772717458318387],[0.9742534487687302,0.9736612797891491,0.9742534487687302,0.9568157383864143,0.9568157383864143,0.9990987219538717,0.9990987219538717,0.9316981021614421,0.9316981021614421,0.8172510746007637,0.952374744942114,0.8097576024375123,0.9693934036326562,0.9661907160243948,0.9523381538206038,1.0,0.9751927643985143,0.9191276560974515,0.9191276560974515,0.6927203529302756,-0.06557879114786404,0.9459103358937767,0.6360539973920029,-0.4104718139797141,-0.16665217122155893,0.896016850796707,0.8594332419238842,0.9271996520205795,0.907373199019385,0.7811558031534113,0.8543355171160238,0.7863147539221673,0.7635100641813852,0.8829089780149575,0.8595897446861227,0.7899694198079282],[0.9990420474585021,0.9990433685317849,0.9990420474585021,0.9947952179326862,0.9947952179326862,0.9737936691947799,0.9737936691947799,0.9445054147531162,0.9445054147531162,0.7824754438766247,0.9936628471511115,0.7811493992203818,0.9903636032826192,0.9894004524491585,0.9937245519092327,0.9751927643985143,1.0,0.933325450052917,0.933325450052917,0.8624548667572066,0.052705436444920414,0.9871739079652432,0.8495773658285551,-0.477566092914032,0.35975405369903674,0.8717800881920886,0.876119676393943,0.9452140243122478,0.9345520344581273,0.8319645841269075,0.8996615074901448,0.8999172797188468,0.8229787629033507,0.9152722569239963,0.950965109321732,0.8338615829985465],[0.9206399893873194,0.9208370718677711,0.9206399893873194,0.8972226738389373,0.8972226738389373,0.9195812651951023,0.9195812651951023,0.9715618861656856,0.9715618861656856,0.835379865827077,0.9091589457784754,0.8325482298101834,0.9005395863333874,0.8856537579196255,0.909480551582926,0.9191276560974515,0.933325450052917,1.0,1.0,0.7414269443407056,-0.026076917452590952,0.8606244084855952,0.5457305020458515,-0.1907273140144887,-0.20656944698814336,0.8267945010411432,0.7439666349618663,0.8372346727852714,0.9166930174207615,0.8381137171480746,0.8007642439520671,0.7559143675333057,0.7058842568313991,0.8455446245246437,0.7781814871548018,0.8515122141329614],[0.9206399893873194,0.9208370718677711,0.9206399893873194,0.8972226738389373,0.8972226738389373,0.9195812651951023,0.9195812651951023,0.9715618861656856,0.9715618861656856,0.835379865827077,0.9091589457784754,0.8325482298101834,0.9005395863333874,0.8856537579196255,0.909480551582926,0.9191276560974515,0.933325450052917,1.0,1.0,0.7414269443407056,-0.026076917452590952,0.8606244084855952,0.5457305020458515,-0.1907273140144887,-0.20656944698814336,0.8267945010411432,0.7439666349618663,0.8372346727852714,0.9166930174207615,0.8381137171480746,0.8007642439520671,0.7559143675333057,0.7058842568313991,0.8455446245246437,0.7781814871548018,0.8515122141329614],[0.7836911487857203,0.8025030933944682,0.7836911487857203,0.7592774597639743,0.7592774597639743,0.6443546165386066,0.6443546165386066,0.5859067470029047,0.5859067470029047,0.7035010054039216,0.8534878692087329,0.6682415281521596,0.8315024037075381,0.85261497163047,0.854480373023075,0.6927203529302756,0.8624548667572066,0.7414269443407056,0.7414269443407056,1.0,0.03760577942084364,0.7209584174566627,-0.3738350121244977,0.32333344246238366,-0.6570942971493114,0.35210401542341874,0.7191790509139765,0.5092414094208519,0.8359152927037763,0.6939620386890399,0.10460263311912062,0.30815355372086356,0.5657951606975187,0.7832416181093811,0.4774251081236908,-0.15221997303138923],[-0.13325307771263795,0.07780281673287584,-0.13325307771263795,-0.14102140203223384,-0.14102140203223384,-0.0809914993472042,-0.0809914993472042,0.03940844666862828,0.03940844666862828,-0.1028333377022004,0.04107814716884937,0.022236536133342085,0.0709685127780681,-0.05462673926322174,0.040255166238568556,-0.06557879114786404,0.052705436444920414,-0.026076917452590952,-0.026076917452590952,0.03760577942084364,1.0,-0.08941916104083003,0.11012576880185737,0.1517911249813649,0.7493096534381694,-0.09023117723282872,-0.03554753180040483,-0.007122572709253731,0.1652096119940817,0.004042742258747429,0.058787287672719464,0.3378247045355295,0.5702473502917501,-0.11618583478609802,0.11152539424807735,0.15979501120887166],[0.9779761970447023,0.969747619213414,0.9779761970447023,0.9903148088521978,0.9903148088521978,0.9374515714034622,0.9374515714034622,0.85139115080507,0.85139115080507,0.8057085392361872,0.9964048944930142,0.7710286298502879,0.9885323553460051,0.9841685229424676,0.996283536785904,0.9459103358937767,0.9871739079652432,0.8606244084855952,0.8606244084855952,0.7209584174566627,-0.08941916104083003,1.0,0.0856471203909129,-0.1861858410933419,-0.30404336522933345,0.6699704277851083,0.9176275486229293,0.8984455656744169,0.8555272372624744,0.7549955795926621,0.5768367233285491,0.5948576542705165,0.5320035384879369,0.902217216035176,0.6637609525615826,0.1793094787680271],[0.15141087175459642,-0.0495350025061693,0.15141087175459642,0.17739212307660343,0.17739212307660343,0.3111220382321199,0.3111220382321199,0.5455207207590965,0.5455207207590965,0.0427503066827477,0.8822079367403594,0.46632504945805275,0.9028139151527407,0.9111371396103881,0.8817562861750732,0.6360539973920029,0.8495773658285551,0.5457305020458515,0.5457305020458515,-0.3738350121244977,0.11012576880185737,0.0856471203909129,1.0,-0.45524866211398957,0.7245613039932787,0.37788749881586925,0.09351508938835429,0.3076146497958464,-0.1006607427369343,0.07355099319486359,0.5930961352332382,0.47613225831324496,0.19779531474763723,-0.004239041200673422,0.38864511049672656,0.46799371266531503],[-0.09170738397437533,-0.08400446783680485,-0.09170738397437533,-0.1274259037469128,-0.1274259037469128,-0.27805984645279397,-0.27805984645279397,-0.30381444361250043,-0.30381444361250043,0.04558150840428787,-0.4993460576710285,-0.18074802927127043,-0.6595468635225212,-0.8386720981767318,-0.49653863983738994,-0.4104718139797141,-0.477566092914032,-0.1907273140144887,-0.1907273140144887,0.32333344246238366,0.1517911249813649,-0.1861858410933419,-0.45524866211398957,1.0,-0.029984952272637935,-0.1609479352305931,-0.17916117719556407,-0.2982888079336017,-0.03948104914971568,-0.07099167235836724,-0.5664306228005437,-0.1979336486753857,-0.022127439519728724,-0.0383998607661375,-0.2140029914491302,-0.40699751754966523],[-0.25158273576531043,-0.2519237550707251,-0.25158273576531043,-0.2524337604692629,-0.2524337604692629,-0.11764317053963244,-0.11764317053963244,0.0184099356712554,0.0184099356712554,-0.24458846760150338,0.3423436608241037,-0.2320751279741571,0.410870222100767,0.4488076476718183,0.3411416224491319,-0.16665217122155893,0.35975405369903674,-0.20656944698814336,-0.20656944698814336,-0.6570942971493114,0.7493096534381694,-0.30404336522933345,0.7245613039932787,-0.029984952272637935,1.0,-0.10563292281482377,-0.25164878687322173,-0.06448951704871257,-0.3510587161569838,-0.3290610605612663,0.07509684152977407,0.16313919501995988,0.2642519856547066,-0.3798614241219333,0.11693483712340896,0.09396728384791232],[0.8150734676189364,0.6471295950849383,0.8150734676189364,0.8072411011144188,0.8072411011144188,0.8847774545157314,0.8847774545157314,0.7862485248605855,0.7862485248605855,0.7979831623462034,0.8270319018047908,0.8324481785212834,0.8005794337991309,0.7501185932021984,0.8272510024790455,0.896016850796707,0.8717800881920886,0.8267945010411432,0.8267945010411432,0.35210401542341874,-0.09023117723282872,0.6699704277851083,0.37788749881586925,-0.1609479352305931,-0.10563292281482377,1.0,0.5507894276041798,0.8388841706844764,0.4939502239455273,0.6265581880739214,0.54609499869878,0.6568254308724131,0.42452893676359665,0.7038772220620478,0.7032038799013342,0.41657670768076405],[0.9099877176715322,0.9111557608991715,0.9099877176715322,0.919428009490821,0.919428009490821,0.861761852308599,0.861761852308599,0.7613752119079823,0.7613752119079823,0.6197034054454802,0.8826733662356112,0.5321019906175212,0.8884524517711644,0.8929822283401456,0.8810118789798796,0.8594332419238842,0.876119676393943,0.7439666349618663,0.7439666349618663,0.7191790509139765,-0.03554753180040483,0.9176275486229293,0.09351508938835429,-0.17916117719556407,-0.25164878687322173,0.5507894276041798,1.0,0.8016075041858424,0.7921296774492955,0.6718776534406279,0.47599923015118717,0.5041462802963461,0.5273474109313425,0.8458323749314258,0.6223477388598988,0.09905513242665519],[0.9133192834476062,0.8883626040386222,0.9133192834476062,0.9152221256327466,0.9152221256327466,0.931473663595956,0.931473663595956,0.873569232579994,0.873569232579994,0.7884140759707796,0.9355404358840728,0.7673200914180118,0.9452928563613375,0.9393968526543113,0.9345025175301036,0.9271996520205795,0.9452140243122478,0.8372346727852714,0.8372346727852714,0.5092414094208519,-0.007122572709253731,0.8984455656744169,0.3076146497958464,-0.2982888079336017,-0.06448951704871257,0.8388841706844764,0.8016075041858424,1.0,0.752676440808223,0.611148134762858,0.5942751707817225,0.6019365934451937,0.5342582627335699,0.8182411118775641,0.8329274690258995,0.21953271587480844],[0.9266828555289754,0.9212856244887566,0.9266828555289754,0.9119847640858187,0.9119847640858187,0.9002793176286001,0.9002793176286001,0.8521180037887511,0.8521180037887511,0.830804383060237,0.9061870995429981,0.8067900093393168,0.8982025018555505,0.8843338532491813,0.9066421665021384,0.907373199019385,0.9345520344581273,0.9166930174207615,0.9166930174207615,0.8359152927037763,0.1652096119940817,0.8555272372624744,-0.1006607427369343,-0.03948104914971568,-0.3510587161569838,0.4939502239455273,0.7921296774492955,0.752676440808223,1.0,0.9065121695214367,0.5446078176496885,0.6879964836437342,0.6666367132929569,0.8791541360420098,0.5068557790271997,0.29915384165813863],[0.7805286876639707,0.7914232622863294,0.7805286876639707,0.7867227516213582,0.7867227516213582,0.7441809293625858,0.7441809293625858,0.7567348450336122,0.7567348450336122,0.6989542714438263,0.8101141534205094,0.72885535723432,0.7436681585491006,0.672689715609169,0.8111841226457173,0.7811558031534113,0.8319645841269075,0.8381137171480746,0.8381137171480746,0.6939620386890399,0.004042742258747429,0.7549955795926621,0.07355099319486359,-0.07099167235836724,-0.3290610605612663,0.6265581880739214,0.6718776534406279,0.611148134762858,0.9065121695214367,1.0,0.5797422192631849,0.6701761680251727,0.6100573132218094,0.7318289383274234,0.5856524355215252,0.47339691986479715],[0.5484816405981818,0.5401670590609747,0.5484816405981818,0.5769567170393445,0.5769567170393445,0.7441430705978995,0.7441430705978995,0.8788214449692936,0.8788214449692936,0.37797031696339833,0.9112120885841631,0.6304118356753844,0.9111049101074704,0.919561188476301,0.910762297514596,0.8543355171160238,0.8996615074901448,0.8007642439520671,0.8007642439520671,0.10460263311912062,0.058787287672719464,0.5768367233285491,0.5930961352332382,-0.5664306228005437,0.07509684152977407,0.54609499869878,0.47599923015118717,0.5942751707817225,0.5446078176496885,0.5797422192631849,1.0,0.7458388528541887,0.3831713971081662,0.49492235500692855,0.5783817116093468,0.760496440122758],[0.6351839510549397,0.6323833963831601,0.6351839510549397,0.6286458172428304,0.6286458172428304,0.7390585886171176,0.7390585886171176,0.7812099058556631,0.7812099058556631,0.5408659027346777,0.8695597632649121,0.725375967048701,0.8491571614201983,0.8397915568080889,0.8706185472924738,0.7863147539221673,0.8999172797188468,0.7559143675333057,0.7559143675333057,0.30815355372086356,0.3378247045355295,0.5948576542705165,0.47613225831324496,-0.1979336486753857,0.16313919501995988,0.6568254308724131,0.5041462802963461,0.6019365934451937,0.6879964836437342,0.6701761680251727,0.7458388528541887,1.0,0.7787488466033959,0.4983937862225802,0.730118788219859,0.5496568938769114],[0.6320613611616315,0.6580467230842468,0.6320613611616315,0.6025496761253422,0.6025496761253422,0.7073586325652172,0.7073586325652172,0.7171108824875452,0.7171108824875452,0.5686096133590058,0.782567663248201,0.6917818269425883,0.7653687504546648,0.7089207155645703,0.7836069768744972,0.7635100641813852,0.8229787629033507,0.7058842568313991,0.7058842568313991,0.5657951606975187,0.5702473502917501,0.5320035384879369,0.19779531474763723,-0.022127439519728724,0.2642519856547066,0.42452893676359665,0.5273474109313425,0.5342582627335699,0.6666367132929569,0.6100573132218094,0.3831713971081662,0.7787488466033959,1.0,0.49310827435730614,0.6663671425368465,0.20197408103767017],[0.9329830313078961,0.930643066007725,0.9329830313078961,0.9236325841726205,0.9236325841726205,0.8606825426861056,0.8606825426861056,0.791888440975493,0.791888440975493,0.8198545225674461,0.9014448703202845,0.7848145837399314,0.8854802537717773,0.9114559280063803,0.9014587923405,0.8829089780149575,0.9152722569239963,0.8455446245246437,0.8455446245246437,0.7832416181093811,-0.11618583478609802,0.902217216035176,-0.004239041200673422,-0.0383998607661375,-0.3798614241219333,0.7038772220620478,0.8458323749314258,0.8182411118775641,0.8791541360420098,0.7318289383274234,0.49492235500692855,0.4983937862225802,0.49310827435730614,1.0,0.7328254221836316,0.17359847616394744],[0.8305217036655791,0.6861091803713871,0.8305217036655791,0.8199899586416912,0.8199899586416912,0.8620979227216324,0.8620979227216324,0.849333427432769,0.849333427432769,0.6867426442983833,0.9419884680877985,0.6854785057520076,0.9565540843755824,0.9571909415850639,0.9420123868932021,0.8595897446861227,0.950965109321732,0.7781814871548018,0.7781814871548018,0.4774251081236908,0.11152539424807735,0.6637609525615826,0.38864511049672656,-0.2140029914491302,0.11693483712340896,0.7032038799013342,0.6223477388598988,0.8329274690258995,0.5068557790271997,0.5856524355215252,0.5783817116093468,0.730118788219859,0.6663671425368465,0.7328254221836316,1.0,0.1823010972359886],[0.18707982549198543,0.18388972654000765,0.18707982549198543,0.19908013649738515,0.19908013649738515,0.46862424058913804,0.46862424058913804,0.8024198036721724,0.8024198036721724,0.17520986640347208,0.776801258825933,0.6953323636280601,0.8056522393575538,0.7739454290801937,0.7772717458318387,0.7899694198079282,0.8338615829985465,0.8515122141329614,0.8515122141329614,-0.15221997303138923,0.15979501120887166,0.1793094787680271,0.46799371266531503,-0.40699751754966523,0.09396728384791232,0.41657670768076405,0.09905513242665519,0.21953271587480844,0.29915384165813863,0.47339691986479715,0.760496440122758,0.5496568938769114,0.20197408103767017,0.17359847616394744,0.1823010972359886,1.0]],"x":["^TAIEX       \u81fa\u7063\u52a0\u6b0a\u5831\u916c\u6307\u6578","^TWII        \u81fa\u7063\u52a0\u6b0a\u6307\u6578","^TAIEXx2     \u81fa\u7063\u52a0\u6b0a\u5831\u916c\u6307\u6578_\u65e5\u6b632","^TAI50I      \u81fa\u706350\u5831\u916c\u6307\u6578","^TAI50Ix2    \u81fa\u706350\u5831\u916c\u6307\u6578_\u65e5\u6b632","^TAI100I     \u81fa\u7063\u4e2d\u578b100\u5831\u916c\u6307\u6578","^TAI100Ix2   \u81fa\u7063\u4e2d\u578b100\u5831\u916c\u6307\u6578_\u65e5\u6b632","^TAIDIVIDI   \u81fa\u7063\u9ad8\u80a1\u606f\u5831\u916c\u6307\u6578","^TAIDIVIDIx2 \u81fa\u7063\u9ad8\u80a1\u606f\u5831\u916c\u6307\u6578_\u65e5\u6b632","0050Fund     \u5143\u5927\u53f0\u7063\u5353\u8d8a50\u57fa\u91d1","006208Fund   \u5bcc\u90a6\u53f0\u7063\u91c6\u540950\u57fa\u91d1","0050         \u5143\u5927\u81fa\u706350","00631L       \u5143\u5927\u53f0\u706350\u6b632","00675L       \u5bcc\u90a6\u81fa\u7063\u52a0\u6b0a\u6b632","006208       \u5bcc\u90a6\u53f050","0051         \u5143\u5927\u4e2d\u578b100","006204       \u6c38\u8c50\u81fa\u7063\u52a0\u6b0a","0056         \u5143\u5927\u9ad8\u80a1\u606f","0056         \u5143\u5927\u9ad8\u80a1\u606f_\u80a1\u606f\u4e0d\u6295\u5165","2412         \u4e2d\u83ef\u96fb\u4fe1","2002         \u4e2d\u92fc","2330         \u53f0\u7a4d\u96fb","2317         \u9d3b\u6d77","6505         \u53f0\u5851\u77f3\u5316","3481         \u7fa4\u5275","2303         \u806f\u96fb","2308         \u53f0\u9054\u96fb","2454         \u806f\u767c\u79d1","2886         \u5146\u8c50\u91d1","2884         \u7389\u5c71\u91d1","2891         \u4e2d\u4fe1\u91d1","2892         \u7b2c\u4e00\u91d1","5880         \u5408\u5eab\u91d1","2881         \u5bcc\u90a6\u91d1","2885         \u5143\u5927\u91d1","2887         \u53f0\u65b0\u91d1"],"y":["^TAIEX       \u81fa\u7063\u52a0\u6b0a\u5831\u916c\u6307\u6578","^TWII        \u81fa\u7063\u52a0\u6b0a\u6307\u6578","^TAIEXx2     \u81fa\u7063\u52a0\u6b0a\u5831\u916c\u6307\u6578_\u65e5\u6b632","^TAI50I      \u81fa\u706350\u5831\u916c\u6307\u6578","^TAI50Ix2    \u81fa\u706350\u5831\u916c\u6307\u6578_\u65e5\u6b632","^TAI100I     \u81fa\u7063\u4e2d\u578b100\u5831\u916c\u6307\u6578","^TAI100Ix2   \u81fa\u7063\u4e2d\u578b100\u5831\u916c\u6307\u6578_\u65e5\u6b632","^TAIDIVIDI   \u81fa\u7063\u9ad8\u80a1\u606f\u5831\u916c\u6307\u6578","^TAIDIVIDIx2 \u81fa\u7063\u9ad8\u80a1\u606f\u5831\u916c\u6307\u6578_\u65e5\u6b632","0050Fund     \u5143\u5927\u53f0\u7063\u5353\u8d8a50\u57fa\u91d1","006208Fund   \u5bcc\u90a6\u53f0\u7063\u91c6\u540950\u57fa\u91d1","0050         \u5143\u5927\u81fa\u706350","00631L       \u5143\u5927\u53f0\u706350\u6b632","00675L       \u5bcc\u90a6\u81fa\u7063\u52a0\u6b0a\u6b632","006208       \u5bcc\u90a6\u53f050","0051         \u5143\u5927\u4e2d\u578b100","006204       \u6c38\u8c50\u81fa\u7063\u52a0\u6b0a","0056         \u5143\u5927\u9ad8\u80a1\u606f","0056         \u5143\u5927\u9ad8\u80a1\u606f_\u80a1\u606f\u4e0d\u6295\u5165","2412         \u4e2d\u83ef\u96fb\u4fe1","2002         \u4e2d\u92fc","2330         \u53f0\u7a4d\u96fb","2317         \u9d3b\u6d77","6505         \u53f0\u5851\u77f3\u5316","3481         \u7fa4\u5275","2303         \u806f\u96fb","2308         \u53f0\u9054\u96fb","2454         \u806f\u767c\u79d1","2886         \u5146\u8c50\u91d1","2884         \u7389\u5c71\u91d1","2891         \u4e2d\u4fe1\u91d1","2892         \u7b2c\u4e00\u91d1","5880         \u5408\u5eab\u91d1","2881         \u5bcc\u90a6\u91d1","2885         \u5143\u5927\u91d1","2887         \u53f0\u65b0\u91d1"],"zmin":-1,"zmax":1,"colorbar":{"x":-0.2}}],"layout":{"autotypenumbers":"strict","colorway":["#636efa","#EF553B","#00cc96","#ab63fa","#FFA15A","#19d3f3","#FF6692","#B6E880","#FF97FF","#FECB52"],"font":{"color":"#f2f5fa","family":"Courier New"},"hovermode":"closest","hoverlabel":{"align":"left"},"paper_bgcolor":"rgb(17,17,17)","plot_bgcolor":"rgb(17,17,17)","polar":{"bgcolor":"rgb(17,17,17)","angularaxis":{"gridcolor":"#506784","linecolor":"#506784","ticks":""},"radialaxis":{"gridcolor":"#506784","linecolor":"#506784","ticks":""}},"ternary":{"bgcolor":"rgb(17,17,17)","aaxis":{"gridcolor":"#506784","linecolor":"#506784","ticks":""},"baxis":{"gridcolor":"#506784","linecolor":"#506784","ticks":""},"caxis":{"gridcolor":"#506784","linecolor":"#506784","ticks":""}},"coloraxis":{"colorbar":{"outlinewidth":0,"ticks":""}},"colorscale":{"sequential":[[0.0,"#0d0887"],[0.1111111111111111,"#46039f"],[0.2222222222222222,"#7201a8"],[0.3333333333333333,"#9c179e"],[0.4444444444444444,"#bd3786"],[0.5555555555555556,"#d8576b"],[0.6666666666666666,"#ed7953"],[0.7777777777777778,"#fb9f3a"],[0.8888888888888888,"#fdca26"],[1.0,"#f0f921"]],"sequentialminus":[[0.0,"#0d0887"],[0.1111111111111111,"#46039f"],[0.2222222222222222,"#7201a8"],[0.3333333333333333,"#9c179e"],[0.4444444444444444,"#bd3786"],[0.5555555555555556,"#d8576b"],[0.6666666666666666,"#ed7953"],[0.7777777777777778,"#fb9f3a"],[0.8888888888888888,"#fdca26"],[1.0,"#f0f921"]],"diverging":[[0,"#8e0152"],[0.1,"#c51b7d"],[0.2,"#de77ae"],[0.3,"#f1b6da"],[0.4,"#fde0ef"],[0.5,"#f7f7f7"],[0.6,"#e6f5d0"],[0.7,"#b8e186"],[0.8,"#7fbc41"],[0.9,"#4d9221"],[1,"#276419"]]},"xaxis":{"gridcolor":"rgba(0, 0, 0, 0)","linecolor":"#506784","ticks":"","title":{"standoff":15},"zerolinecolor":"#283442","automargin":true,"zerolinewidth":2,"tickfont":{"family":"Courier New","size":14},"side":"top","tickangle":-90},"yaxis":{"gridcolor":"rgba(0, 0, 0, 0)","linecolor":"#506784","ticks":"","title":{"standoff":15},"zerolinecolor":"#283442","automargin":true,"zerolinewidth":2,"tickfont":{"family":"Courier New"},"side":"right"},"scene":{"xaxis":{"backgroundcolor":"rgb(17,17,17)","gridcolor":"#506784","linecolor":"#506784","showbackground":true,"ticks":"","zerolinecolor":"#C8D4E3","gridwidth":2},"yaxis":{"backgroundcolor":"rgb(17,17,17)","gridcolor":"#506784","linecolor":"#506784","showbackground":true,"ticks":"","zerolinecolor":"#C8D4E3","gridwidth":2},"zaxis":{"backgroundcolor":"rgb(17,17,17)","gridcolor":"#506784","linecolor":"#506784","showbackground":true,"ticks":"","zerolinecolor":"#C8D4E3","gridwidth":2}},"shapedefaults":{"line":{"color":"#f2f5fa"}},"annotationdefaults":{"arrowcolor":"#f2f5fa","arrowhead":0,"arrowwidth":1},"geo":{"bgcolor":"rgb(17,17,17)","landcolor":"rgb(17,17,17)","subunitcolor":"#506784","showland":true,"showlakes":true,"lakecolor":"rgb(17,17,17)"},"title":{"x":0.05,"font":{"family":"Times New Roman"},"y":0.05,"text":"<b>Correlation of Close<b><br><i>2016-09-23 ~ 2025-11-21<i>"},"updatemenudefaults":{"bgcolor":"#506784","borderwidth":0},"sliderdefaults":{"bgcolor":"#C8D4E3","borderwidth":1,"bordercolor":"rgb(17,17,17)","tickwidth":0},"mapbox":{"style":"dark"},"annotations":[{"text":"<b>@zwindr<b>","textangle":0,"opacity":0.5,"font":{"color":"white","size":12},"xref":"paper","yref":"paper","xanchor":"left","yanchor":"bottom","x":1.0,"y":1.0,"showarrow":false}]},"config":{"responsive":true,"toImageButtonOptions":{"filename":"Correlation of Close_2016-09-23~2025-11-21","scale":5}}};Plotly.newPlot("correlationClose",correlationClose.data,correlationClose.layout||{},correlationClose.config);}else{console.log("style display is none => correlationClose");}