var config = { responsive: true }

var correlationClose = {"data": [{"type": "heatmap", "z": [[1.0, 0.9999999999999981, 1.0, 0.995719569021993, 0.995719569021993, 0.9585586730282845, 0.9585586730282845, 0.8893038621012935, 0.8893038621012935, 0.9959569895126466, 0.9920997445638133, 0.9917663499216172, 0.9952542522161469, 0.9701577140841374, 0.9987985147608143, 0.928342632829718, 0.8084223585668882, 0.27177370307936755, 0.9775122895954691, 0.8018394313494026, 0.10128189050270112, -0.27871733407583044, 0.761932166879594, 0.9466589429209418, 0.9180994767446671], [0.9999999999999981, 1.0, 0.9999999999999982, 0.9956522979354205, 0.9956522979354205, 0.9578772956058133, 0.9578772956058133, 0.8908032299260922, 0.8908032299260922, 0.9959153876686149, 0.9918089300699341, 0.9911061056069586, 0.9952050247724973, 0.9693094613421999, 0.9988027795683048, 0.92904635960154, 0.8163590269732641, 0.4063257238061185, 0.9701292358820388, 0.7735152133251966, 0.10935602255093865, -0.278317760855352, 0.6569440933401001, 0.9473665805860744, 0.9240935130802042], [1.0, 0.9999999999999982, 1.0, 0.995719569021993, 0.995719569021993, 0.9585586730282845, 0.9585586730282845, 0.8893038621012935, 0.8893038621012935, 0.9959569895126466, 0.9920997445638133, 0.9917663499216172, 0.9952542522161469, 0.9701577140841374, 0.9987985147608143, 0.928342632829718, 0.8084223585668882, 0.27177370307936755, 0.9775122895954691, 0.8018394313494026, 0.10128189050270112, -0.27871733407583044, 0.761932166879594, 0.9466589429209418, 0.9180994767446671], [0.995719569021993, 0.9956522979354205, 0.995719569021993, 1.0, 1.0, 0.9451919358384333, 0.9451919358384333, 0.8747422895990122, 0.8747422895990122, 0.9996123870667851, 0.9881972523972066, 0.9841685572356083, 0.9993406779399969, 0.9523782303760463, 0.9946340486168175, 0.9116073660611256, 0.7852035448385349, 0.24608409390439406, 0.9886960550693434, 0.7943597871080517, 0.0724430262672124, -0.28338945881997457, 0.7716617028572881, 0.9349313310179658, 0.9184421177981359], [0.995719569021993, 0.9956522979354205, 0.995719569021993, 1.0, 1.0, 0.9451919358384333, 0.9451919358384333, 0.8747422895990122, 0.8747422895990122, 0.9996123870667851, 0.9881972523972066, 0.9841685572356083, 0.9993406779399969, 0.9523782303760463, 0.9946340486168175, 0.9116073660611256, 0.7852035448385349, 0.24608409390439406, 0.9886960550693434, 0.7943597871080517, 0.0724430262672124, -0.28338945881997457, 0.7716617028572881, 0.9349313310179658, 0.9184421177981359], [0.9585586730282845, 0.9578772956058133, 0.9585586730282845, 0.9451919358384333, 0.9451919358384333, 1.0, 1.0, 0.9184606367756198, 0.9184606367756198, 0.9488446754785699, 0.9758514018556413, 0.9747688110612042, 0.9498067699483992, 0.9989507639093416, 0.9706737716125207, 0.9190015926042213, 0.6789415368795951, 0.20625748818110812, 0.9290929269620433, 0.7276120514447135, -0.13012063962721965, -0.12946383138352408, 0.8714043689944206, 0.900495870217631, 0.9199470401480948], [0.9585586730282845, 0.9578772956058133, 0.9585586730282845, 0.9451919358384333, 0.9451919358384333, 1.0, 1.0, 0.9184606367756198, 0.9184606367756198, 0.9488446754785699, 0.9758514018556413, 0.9747688110612042, 0.9498067699483992, 0.9989507639093416, 0.9706737716125207, 0.9190015926042213, 0.6789415368795951, 0.20625748818110812, 0.9290929269620433, 0.7276120514447135, -0.13012063962721965, -0.12946383138352408, 0.8714043689944206, 0.900495870217631, 0.9199470401480948], [0.8893038621012935, 0.8908032299260922, 0.8893038621012935, 0.8747422895990122, 0.8747422895990122, 0.9184606367756198, 0.9184606367756198, 1.0, 1.0, 0.896604801266346, 0.9439959182355374, 0.9388342416986121, 0.9341593853043133, 0.9192937888587959, 0.9355452408867787, 0.9749453137007298, 0.6212207605861676, 0.2532345638687879, 0.8282727844692768, 0.7422904748423496, -0.16479207395581671, 0.017877569695463513, 0.7817074680383652, 0.7868641382707254, 0.8510973761466003], [0.8893038621012935, 0.8908032299260922, 0.8893038621012935, 0.8747422895990122, 0.8747422895990122, 0.9184606367756198, 0.9184606367756198, 1.0, 1.0, 0.896604801266346, 0.9439959182355374, 0.9388342416986121, 0.9341593853043133, 0.9192937888587959, 0.9355452408867787, 0.9749453137007298, 0.6212207605861676, 0.2532345638687879, 0.8282727844692768, 0.7422904748423496, -0.16479207395581671, 0.017877569695463513, 0.7817074680383652, 0.7868641382707254, 0.8510973761466003], [0.9959569895126466, 0.9959153876686149, 0.9959569895126466, 0.9996123870667851, 0.9996123870667851, 0.9488446754785699, 0.9488446754785699, 0.896604801266346, 0.896604801266346, 1.0, 0.9869687599478608, 0.9831289777553186, 0.9993824217148715, 0.9508287191863353, 0.9944759051663679, 0.9113792939770029, 0.8265778010894446, 0.07880030793939242, 0.9916024940059855, 0.7914103786610732, -0.18822225102579518, -0.31548578884171125, 0.886191695460718, 0.9291356520508087, 0.9046198692824129], [0.9920997445638133, 0.9918089300699341, 0.9920997445638133, 0.9881972523972066, 0.9881972523972066, 0.9758514018556413, 0.9758514018556413, 0.9439959182355374, 0.9439959182355374, 0.9869687599478608, 1.0, 0.9996561950331883, 0.9879958667979931, 0.9743340385848264, 0.9888565719621768, 0.9251146162001963, 0.7917177185549052, 0.26793033814758105, 0.9866091965328614, 0.7142590425605666, -0.5676778809265306, 0.2354298533790072, 0.8545720572093166, 0.9298856076529023, 0.9542458741890891], [0.9917663499216172, 0.9911061056069586, 0.9917663499216172, 0.9841685572356083, 0.9841685572356083, 0.9747688110612042, 0.9747688110612042, 0.9388342416986121, 0.9388342416986121, 0.9831289777553186, 0.9996561950331883, 1.0, 0.9849551874187301, 0.9721266737565505, 0.9870613112864921, 0.9136063370561016, 0.8136540726556718, 0.1525072263784464, 0.9812582840709995, 0.7189535682933524, -0.8047342034586215, 0.27906496236214967, 0.8140637453712335, 0.936529279068874, 0.9520078670226395], [0.9952542522161469, 0.9952050247724973, 0.9952542522161469, 0.9993406779399969, 0.9993406779399969, 0.9498067699483992, 0.9498067699483992, 0.9341593853043133, 0.9341593853043133, 0.9993824217148715, 0.9879958667979931, 0.9849551874187301, 1.0, 0.9511793660964398, 0.9937370629358565, 0.9329098276342379, 0.8285584296164165, 0.2657961480365652, 0.9951069816486885, 0.7560825497894003, -0.3497485299255197, 0.17976822151538263, 0.8770491203181007, 0.9074103474257373, 0.9343367536836282], [0.9701577140841374, 0.9693094613421999, 0.9701577140841374, 0.9523782303760463, 0.9523782303760463, 0.9989507639093416, 0.9989507639093416, 0.9192937888587959, 0.9192937888587959, 0.9508287191863353, 0.9743340385848264, 0.9721266737565505, 0.9511793660964398, 1.0, 0.9728345295623232, 0.9181472661535671, 0.7519653100225364, 0.17475474538169747, 0.94231138814499, 0.7239315404980095, -0.27894528175027256, -0.20298363509953346, 0.9092455633040316, 0.9200913316745144, 0.9163681061936182], [0.9987985147608143, 0.9988027795683048, 0.9987985147608143, 0.9946340486168175, 0.9946340486168175, 0.9706737716125207, 0.9706737716125207, 0.9355452408867787, 0.9355452408867787, 0.9944759051663679, 0.9888565719621768, 0.9870613112864921, 0.9937370629358565, 0.9728345295623232, 1.0, 0.9453766463892209, 0.8354831486844054, 0.2743595581278725, 0.9867930977793903, 0.742087818812275, -0.3401362072777961, 0.19086518259221424, 0.9066450385043492, 0.9271954789656941, 0.9395919138648664], [0.928342632829718, 0.92904635960154, 0.928342632829718, 0.9116073660611256, 0.9116073660611256, 0.9190015926042213, 0.9190015926042213, 0.9749453137007298, 0.9749453137007298, 0.9113792939770029, 0.9251146162001963, 0.9136063370561016, 0.9329098276342379, 0.9181472661535671, 0.9453766463892209, 1.0, 0.7657208434942477, 0.21078828417283366, 0.8747445067644327, 0.717449458608211, -0.06634935248757112, -0.2371714028767122, 0.8182150059443442, 0.839127585075716, 0.8287017696627061], [0.8084223585668882, 0.8163590269732641, 0.8084223585668882, 0.7852035448385349, 0.7852035448385349, 0.6789415368795951, 0.6789415368795951, 0.6212207605861676, 0.6212207605861676, 0.8265778010894446, 0.7917177185549052, 0.8136540726556718, 0.8285584296164165, 0.7519653100225364, 0.8354831486844054, 0.7657208434942477, 1.0, 0.527794741631626, 0.7391559909855714, 0.776035474287335, 0.49371485133740367, -0.5809961162636821, 0.26300862695123733, 0.8282796744956219, 0.6506969095473628], [0.27177370307936755, 0.4063257238061185, 0.27177370307936755, 0.24608409390439406, 0.24608409390439406, 0.20625748818110812, 0.20625748818110812, 0.2532345638687879, 0.2532345638687879, 0.07880030793939242, 0.26793033814758105, 0.1525072263784464, 0.2657961480365652, 0.17475474538169747, 0.2743595581278725, 0.21078828417283366, 0.527794741631626, 1.0, 0.25533157445301413, 0.5666240183434603, 0.3840164565943339, 0.5542573541816167, 0.025369944014897068, 0.4208165066213024, 0.38929089811331374], [0.9775122895954691, 0.9701292358820388, 0.9775122895954691, 0.9886960550693434, 0.9886960550693434, 0.9290929269620433, 0.9290929269620433, 0.8282727844692768, 0.8282727844692768, 0.9916024940059855, 0.9866091965328614, 0.9812582840709995, 0.9951069816486885, 0.94231138814499, 0.9867930977793903, 0.8747445067644327, 0.7391559909855714, 0.25533157445301413, 1.0, 0.736348900386422, 0.015231135051132055, -0.3480338256306037, 0.6706847173498113, 0.9177956606011238, 0.9086508592954587], [0.8018394313494026, 0.7735152133251966, 0.8018394313494026, 0.7943597871080517, 0.7943597871080517, 0.7276120514447135, 0.7276120514447135, 0.7422904748423496, 0.7422904748423496, 0.7914103786610732, 0.7142590425605666, 0.7189535682933524, 0.7560825497894003, 0.7239315404980095, 0.742087818812275, 0.717449458608211, 0.776035474287335, 0.5666240183434603, 0.736348900386422, 1.0, 0.20976553336899548, -0.04700877046534506, 0.22988591944616504, 0.82748351748211, 0.738478095965128], [0.10128189050270112, 0.10935602255093865, 0.10128189050270112, 0.0724430262672124, 0.0724430262672124, -0.13012063962721965, -0.13012063962721965, -0.16479207395581671, -0.16479207395581671, -0.18822225102579518, -0.5676778809265306, -0.8047342034586215, -0.3497485299255197, -0.27894528175027256, -0.3401362072777961, -0.06634935248757112, 0.49371485133740367, 0.3840164565943339, 0.015231135051132055, 0.20976553336899548, 1.0, -0.08740265973185714, -0.16316282892605985, 0.09689806898379373, -0.09712129844270818], [-0.27871733407583044, -0.278317760855352, -0.27871733407583044, -0.28338945881997457, -0.28338945881997457, -0.12946383138352408, -0.12946383138352408, 0.017877569695463513, 0.017877569695463513, -0.31548578884171125, 0.2354298533790072, 0.27906496236214967, 0.17976822151538263, -0.20298363509953346, 0.19086518259221424, -0.2371714028767122, -0.5809961162636821, 0.5542573541816167, -0.3480338256306037, -0.04700877046534506, -0.08740265973185714, 1.0, -0.062157624341937376, -0.3466956100329451, -0.07810608198088692], [0.761932166879594, 0.6569440933401001, 0.761932166879594, 0.7716617028572881, 0.7716617028572881, 0.8714043689944206, 0.8714043689944206, 0.7817074680383652, 0.7817074680383652, 0.886191695460718, 0.8545720572093166, 0.8140637453712335, 0.8770491203181007, 0.9092455633040316, 0.9066450385043492, 0.8182150059443442, 0.26300862695123733, 0.025369944014897068, 0.6706847173498113, 0.22988591944616504, -0.16316282892605985, -0.062157624341937376, 1.0, 0.5329546854692868, 0.7312384711618036], [0.9466589429209418, 0.9473665805860744, 0.9466589429209418, 0.9349313310179658, 0.9349313310179658, 0.900495870217631, 0.900495870217631, 0.7868641382707254, 0.7868641382707254, 0.9291356520508087, 0.9298856076529023, 0.936529279068874, 0.9074103474257373, 0.9200913316745144, 0.9271954789656941, 0.839127585075716, 0.8282796744956219, 0.4208165066213024, 0.9177956606011238, 0.82748351748211, 0.09689806898379373, -0.3466956100329451, 0.5329546854692868, 1.0, 0.8806431010716728], [0.9180994767446671, 0.9240935130802042, 0.9180994767446671, 0.9184421177981359, 0.9184421177981359, 0.9199470401480948, 0.9199470401480948, 0.8510973761466003, 0.8510973761466003, 0.9046198692824129, 0.9542458741890891, 0.9520078670226395, 0.9343367536836282, 0.9163681061936182, 0.9395919138648664, 0.8287017696627061, 0.6506969095473628, 0.38929089811331374, 0.9086508592954587, 0.738478095965128, -0.09712129844270818, -0.07810608198088692, 0.7312384711618036, 0.8806431010716728, 1.0]], "x": ["^TAIEX       \u81fa\u7063\u52a0\u6b0a\u5831\u916c\u6307\u6578", "^TWII        \u81fa\u7063\u52a0\u6b0a\u6307\u6578", "^TAIEXx2     \u81fa\u7063\u52a0\u6b0a\u5831\u916c\u6307\u6578_\u65e5\u6b632", "^TAI50I      \u81fa\u706350\u5831\u916c\u6307\u6578", "^TAI50Ix2    \u81fa\u706350\u5831\u916c\u6307\u6578_\u65e5\u6b632", "^TAI100I     \u81fa\u7063\u4e2d\u578b100\u5831\u916c\u6307\u6578", "^TAI100Ix2   \u81fa\u7063\u4e2d\u578b100\u5831\u916c\u6307\u6578_\u65e5\u6b632", "^TAIDIVIDI   \u81fa\u7063\u9ad8\u80a1\u606f\u5831\u916c\u6307\u6578", "^TAIDIVIDIx2 \u81fa\u7063\u9ad8\u80a1\u606f\u5831\u916c\u6307\u6578_\u65e5\u6b632", "0050         \u5143\u5927\u81fa\u706350", "00631L       \u5143\u5927\u53f0\u706350\u6b632", "00675L       \u5bcc\u90a6\u81fa\u7063\u52a0\u6b0a\u6b632", "006208       \u5bcc\u90a6\u53f050", "0051         \u5143\u5927\u4e2d\u578b100", "006204       \u6c38\u8c50\u81fa\u7063\u52a0\u6b0a", "0056         \u5143\u5927\u9ad8\u80a1\u606f", "2412         \u4e2d\u83ef\u96fb\u4fe1", "2002         \u4e2d\u92fc", "2330         \u53f0\u7a4d\u96fb", "2317         \u9d3b\u6d77", "6505         \u53f0\u5851\u77f3\u5316", "3481         \u7fa4\u5275", "2303         \u806f\u96fb", "2308         \u53f0\u9054\u96fb", "2454         \u806f\u767c\u79d1"], "y": ["^TAIEX       \u81fa\u7063\u52a0\u6b0a\u5831\u916c\u6307\u6578", "^TWII        \u81fa\u7063\u52a0\u6b0a\u6307\u6578", "^TAIEXx2     \u81fa\u7063\u52a0\u6b0a\u5831\u916c\u6307\u6578_\u65e5\u6b632", "^TAI50I      \u81fa\u706350\u5831\u916c\u6307\u6578", "^TAI50Ix2    \u81fa\u706350\u5831\u916c\u6307\u6578_\u65e5\u6b632", "^TAI100I     \u81fa\u7063\u4e2d\u578b100\u5831\u916c\u6307\u6578", "^TAI100Ix2   \u81fa\u7063\u4e2d\u578b100\u5831\u916c\u6307\u6578_\u65e5\u6b632", "^TAIDIVIDI   \u81fa\u7063\u9ad8\u80a1\u606f\u5831\u916c\u6307\u6578", "^TAIDIVIDIx2 \u81fa\u7063\u9ad8\u80a1\u606f\u5831\u916c\u6307\u6578_\u65e5\u6b632", "0050         \u5143\u5927\u81fa\u706350", "00631L       \u5143\u5927\u53f0\u706350\u6b632", "00675L       \u5bcc\u90a6\u81fa\u7063\u52a0\u6b0a\u6b632", "006208       \u5bcc\u90a6\u53f050", "0051         \u5143\u5927\u4e2d\u578b100", "006204       \u6c38\u8c50\u81fa\u7063\u52a0\u6b0a", "0056         \u5143\u5927\u9ad8\u80a1\u606f", "2412         \u4e2d\u83ef\u96fb\u4fe1", "2002         \u4e2d\u92fc", "2330         \u53f0\u7a4d\u96fb", "2317         \u9d3b\u6d77", "6505         \u53f0\u5851\u77f3\u5316", "3481         \u7fa4\u5275", "2303         \u806f\u96fb", "2308         \u53f0\u9054\u96fb", "2454         \u806f\u767c\u79d1"], "zmin": -1, "zmax": 1, "colorbar": {"x": -0.2}}], "layout": {"autotypenumbers": "strict", "colorway": ["#636efa", "#EF553B", "#00cc96", "#ab63fa", "#FFA15A", "#19d3f3", "#FF6692", "#B6E880", "#FF97FF", "#FECB52"], "font": {"color": "#f2f5fa", "family": "Courier New"}, "hovermode": "closest", "hoverlabel": {"align": "left"}, "paper_bgcolor": "rgb(17,17,17)", "plot_bgcolor": "rgb(17,17,17)", "polar": {"bgcolor": "rgb(17,17,17)", "angularaxis": {"gridcolor": "#506784", "linecolor": "#506784", "ticks": ""}, "radialaxis": {"gridcolor": "#506784", "linecolor": "#506784", "ticks": ""}}, "ternary": {"bgcolor": "rgb(17,17,17)", "aaxis": {"gridcolor": "#506784", "linecolor": "#506784", "ticks": ""}, "baxis": {"gridcolor": "#506784", "linecolor": "#506784", "ticks": ""}, "caxis": {"gridcolor": "#506784", "linecolor": "#506784", "ticks": ""}}, "coloraxis": {"colorbar": {"outlinewidth": 0, "ticks": ""}}, "colorscale": {"sequential": [[0.0, "#0d0887"], [0.1111111111111111, "#46039f"], [0.2222222222222222, "#7201a8"], [0.3333333333333333, "#9c179e"], [0.4444444444444444, "#bd3786"], [0.5555555555555556, "#d8576b"], [0.6666666666666666, "#ed7953"], [0.7777777777777778, "#fb9f3a"], [0.8888888888888888, "#fdca26"], [1.0, "#f0f921"]], "sequentialminus": [[0.0, "#0d0887"], [0.1111111111111111, "#46039f"], [0.2222222222222222, "#7201a8"], [0.3333333333333333, "#9c179e"], [0.4444444444444444, "#bd3786"], [0.5555555555555556, "#d8576b"], [0.6666666666666666, "#ed7953"], [0.7777777777777778, "#fb9f3a"], [0.8888888888888888, "#fdca26"], [1.0, "#f0f921"]], "diverging": [[0, "#8e0152"], [0.1, "#c51b7d"], [0.2, "#de77ae"], [0.3, "#f1b6da"], [0.4, "#fde0ef"], [0.5, "#f7f7f7"], [0.6, "#e6f5d0"], [0.7, "#b8e186"], [0.8, "#7fbc41"], [0.9, "#4d9221"], [1, "#276419"]]}, "xaxis": {"gridcolor": "rgba(0, 0, 0, 0)", "linecolor": "#506784", "ticks": "", "title": {"standoff": 15}, "zerolinecolor": "#283442", "automargin": true, "zerolinewidth": 2, "tickfont": {"family": "Courier New", "size": 14}, "side": "top", "tickangle": -90}, "yaxis": {"gridcolor": "rgba(0, 0, 0, 0)", "linecolor": "#506784", "ticks": "", "title": {"standoff": 15}, "zerolinecolor": "#283442", "automargin": true, "zerolinewidth": 2, "tickfont": {"family": "Courier New"}, "side": "right"}, "scene": {"xaxis": {"backgroundcolor": "rgb(17,17,17)", "gridcolor": "#506784", "linecolor": "#506784", "showbackground": true, "ticks": "", "zerolinecolor": "#C8D4E3", "gridwidth": 2}, "yaxis": {"backgroundcolor": "rgb(17,17,17)", "gridcolor": "#506784", "linecolor": "#506784", "showbackground": true, "ticks": "", "zerolinecolor": "#C8D4E3", "gridwidth": 2}, "zaxis": {"backgroundcolor": "rgb(17,17,17)", "gridcolor": "#506784", "linecolor": "#506784", "showbackground": true, "ticks": "", "zerolinecolor": "#C8D4E3", "gridwidth": 2}}, "shapedefaults": {"line": {"color": "#f2f5fa"}}, "annotationdefaults": {"arrowcolor": "#f2f5fa", "arrowhead": 0, "arrowwidth": 1}, "geo": {"bgcolor": "rgb(17,17,17)", "landcolor": "rgb(17,17,17)", "subunitcolor": "#506784", "showland": true, "showlakes": true, "lakecolor": "rgb(17,17,17)"}, "title": {"x": 0.05, "font": {"family": "Times New Roman"}, "y": 0.05, "text": "<b>Correlation of Close<b><br><i>2016/09/23 ~ 2025/05/14<i>"}, "updatemenudefaults": {"bgcolor": "#506784", "borderwidth": 0}, "sliderdefaults": {"bgcolor": "#C8D4E3", "borderwidth": 1, "bordercolor": "rgb(17,17,17)", "tickwidth": 0}, "mapbox": {"style": "dark"}, "height": 600}};

Plotly.newPlot("correlationClose",
    correlationClose.data,
    correlationClose.layout || {},
    config);