var element=document.getElementById("correlationAdjClose");if(element.style.display!='none'){var correlationAdjClose={"data":[{"type":"heatmap","z":[[1.0,0.9965599401192778,0.9488344672853213,0.9964810519907319,0.9163705978311323,0.9890939309122002,0.962626933236187,0.9811955130852111,0.9806080607053492,0.9965944012595518,0.9966529615907933,0.9968048466542015,0.8801289360122394,0.9806369665443929,0.9967550652952009,0.9896841085856802,0.9997886983305498,0.9810979983870562,0.9024477740001067,0.8841481345626323,0.5805659506364585,0.9867780989053142,0.9466956727908508,0.26361053036690557,-0.17401728626600257,0.9182802270516484,0.8935487955796361,0.9421794722936185,0.9351494663500398,0.9360554546191682,0.9844640845507643,0.9353324190524128,0.889282118541063,0.9726557320155668,0.9837972916009212,0.9621838435124567],[0.9965599401192778,1.0,0.9541420479438102,0.9944638605083502,0.9222753196703407,0.9857362533680728,0.964804960937075,0.9719727949414638,0.9781032329192619,0.9954244000957004,0.9968958581686581,0.9964686927589177,0.892204695092588,0.984294445636773,0.9969421194234734,0.9855787918187584,0.9980087182870051,0.9738870491776315,0.9139129479920961,0.8679896883389264,0.5987419955865728,0.978909744041004,0.9291822060562049,0.2528571040241376,-0.10061454581278272,0.9071464820240231,0.9004014073170283,0.9464295646541271,0.9138877028842662,0.919382134622745,0.9781273436576687,0.9161302354205031,0.8818812753578155,0.9628877588835467,0.9791995315352718,0.9569148403620477],[0.9488344672853213,0.9541420479438102,1.0,0.9674176791358736,0.9948479826790597,0.9392547329904505,0.9822577685553642,0.8959410778376755,0.9561160233122132,0.9676517272810988,0.9752988302756421,0.9717708480152993,0.9125708526794162,0.9975761564952303,0.9749670185060394,0.9366864800755036,0.9598220421259687,0.8968837344528261,0.8154687383670562,0.7178958414801212,0.38067777245650797,0.9722521694703472,0.8865774563771084,0.08636342818955768,-0.0505611967882481,0.9004204943982073,0.9706814279837299,0.9717597380769313,0.7856066475871389,0.7972639838694308,0.9322906239795368,0.7903302809759014,0.7357112419604276,0.8833820318178895,0.9535111115840607,0.8790432205134118],[0.9964810519907319,0.9944638605083502,0.9674176791358736,1.0,0.9408518307142708,0.9811217325154413,0.968302795040807,0.9664069952057,0.9778515173397262,0.999983058348621,0.9999953824839356,0.9999756730478124,0.8944856529077233,0.9868152191875241,0.999970505046171,0.9795811801515427,0.9962045322985164,0.9661368611270923,0.8814702960639975,0.8508698133110948,0.5247224828143344,0.9957029897670144,0.9431749932240061,0.22099352220989785,-0.13918684731972894,0.9144266281726359,0.920710580825072,0.9520026074667759,0.9060701994910667,0.9137491105495658,0.9832201796286717,0.9073688810989012,0.8552435697930487,0.960254117656682,0.9831909363787329,0.9493172299520698],[0.9163705978311323,0.9222753196703407,0.9948479826790597,0.9408518307142708,1.0,0.9005276339708033,0.9628649237345062,0.8505989332143468,0.9271224244472194,0.941711255658174,0.9544124631567196,0.9488346538407186,0.9106836264706107,0.9879020333084982,0.9540034294032023,0.8980785693662181,0.930659695578122,0.8519762916883618,0.7691001798390953,0.6573755486479718,0.3124034053762201,0.9494433704509757,0.8489969948275602,0.05100368571506402,-0.009570275355820198,0.8731700974895624,0.9795164355625864,0.9585439689400866,0.7221098645142641,0.7395125472891863,0.8995086977045331,0.7286708415666779,0.6654363648773016,0.8371019440297501,0.9225086719680915,0.8361965122515126],[0.9890939309122002,0.9857362533680728,0.9392547329904505,0.9811217325154413,0.9005276339708033,1.0,0.9726259931236321,0.9817911242765258,0.983480208163485,0.9807663870292197,0.9761794837018073,0.9789611530485262,0.8611054515428394,0.9506564666718262,0.9761947293055012,0.9999312474929378,0.99057783046027,0.9827109198304651,0.910971031727063,0.8565633458330304,0.5474453355916405,0.9740850760213936,0.9302746888032338,0.1589226502973971,-0.11174621115091879,0.9363354073561748,0.8717826951225696,0.9365125978152558,0.9278077063925054,0.9180299038481621,0.9715982796365499,0.9289229261926957,0.903970993683006,0.9625265727815004,0.9850843968268403,0.9664520640241395],[0.962626933236187,0.964804960937075,0.9822577685553642,0.968302795040807,0.9628649237345062,0.9726259931236321,1.0,0.9325497420923562,0.9828324852907878,0.9676970986258961,0.976589019565546,0.9730443809685653,0.9032702593754227,0.986106424329126,0.9763621191214878,0.9736336351745551,0.9765279469966691,0.9357154509415925,0.8587864642940215,0.7468891211490292,0.3994293456049409,0.9688277526811547,0.907082029116458,0.029694374037349907,-0.02496296980205621,0.9233841930086418,0.9323598119050633,0.9685294440754513,0.8276021522939581,0.8203173438838378,0.9454927820689719,0.8303330150514419,0.7991834996164761,0.908768133226762,0.9751342633234814,0.9122559988831296],[0.9811955130852111,0.9719727949414638,0.8959410778376755,0.9664069952057,0.8505989332143468,0.9817911242765258,0.9325497420923562,1.0,0.9746761341005449,0.9663231379415462,0.9622788637820552,0.9654481874269748,0.8248087224966901,0.9239635418610926,0.9625106055501264,0.9836016296850083,0.9790882971893409,0.999899146533954,0.9406775579054554,0.924462659239347,0.5387814914797071,0.9544680424753498,0.9250593632152478,0.1336774113195976,-0.20475953733021712,0.9120595806444403,0.8088123584085795,0.9005886529960057,0.9650533410627774,0.9517415836618836,0.971185099398749,0.9572785876221506,0.9167046977802904,0.9711177463848853,0.9597911454567121,0.974486312100507],[0.9806080607053492,0.9781032329192619,0.9561160233122132,0.9778515173397262,0.9271224244472194,0.983480208163485,0.9828324852907878,0.9746761341005449,1.0,0.9775521586214121,0.974486460965681,0.9766668292050033,0.8759155691909825,0.9630031475540181,0.9743846318737347,0.9826233275720049,0.9799257751687233,0.9752483736969901,0.9093569422570066,0.8353972913552214,0.419361095716175,0.971793613178061,0.931203640244334,-0.002847509066431301,-0.0965364905410305,0.9248448597545942,0.8802229881385077,0.9599452522717145,0.8910588489591894,0.8759885040908695,0.969618661420333,0.8855794241101751,0.8415615345523937,0.9477969283007504,0.9816055080533174,0.9389146502164225],[0.9965944012595518,0.9954244000957004,0.9676517272810988,0.999983058348621,0.941711255658174,0.9807663870292197,0.9676970986258961,0.9663231379415462,0.9775521586214121,1.0,0.999995166025789,0.9999854182733975,0.8966787848617143,0.9870174231757903,0.9999713144019241,0.979397995104222,0.9961099715046748,0.9660643660536108,0.8833616016876638,0.8507152557447208,0.5140905386627344,0.995901531882766,0.943805900518381,0.22262754208032837,-0.13283923569252692,0.9155935722061089,0.9206908021560122,0.9513208699709873,0.9036857446198014,0.9108502830591076,0.9827094678135201,0.9049061609966808,0.8515225886584413,0.9589722490750769,0.9829741154256938,0.9484738445427123],[0.9966529615907933,0.9968958581686581,0.9752988302756421,0.9999953824839356,0.9544124631567196,0.9761794837018073,0.976589019565546,0.9622788637820552,0.974486460965681,0.999995166025789,1.0,0.9999802517196761,0.8967154971192779,0.9868666387357218,0.999973110060587,0.9759104624561062,0.9960334614660763,0.9631651608636407,0.900197909742683,0.880923675536153,0.3393827587562017,0.9977486533901962,0.9350173092156705,-0.22903891269837687,0.666587583506087,0.9124950178955982,0.9160701846837274,0.952736284061721,0.8824594447162877,0.8870724967710798,0.9783156123319978,0.875616019418847,0.8023596850257877,0.9486512970742277,0.9877255814312754,0.9472173447106902],[0.9968048466542015,0.9964686927589177,0.9717708480152993,0.9999756730478124,0.9488346538407186,0.9789611530485262,0.9730443809685653,0.9654481874269748,0.9766668292050033,0.9999854182733975,0.9999802517196761,1.0,0.8968274501450839,0.9870955589307611,0.9999792141288634,0.9787057867482161,0.9960306218246994,0.9658455541779035,0.8909016962381323,0.868230217159435,0.42410292357917534,0.9972122784431786,0.9427130492730597,-0.04019018261415993,0.11285590578947836,0.922135753698507,0.9172358734991513,0.9490245555354633,0.8912982604459941,0.8961295914608676,0.9802689700373273,0.8902782098718994,0.8330959741234905,0.9545296497417932,0.9833759102284905,0.9485354342139795],[0.8801289360122394,0.892204695092588,0.9125708526794162,0.8944856529077233,0.9106836264706107,0.8611054515428394,0.9032702593754227,0.8248087224966901,0.8759155691909825,0.8966787848617143,0.8967154971192779,0.8968274501450839,1.0,0.9998929324102657,0.8956098515377411,0.8623474303172646,0.8850475032222028,0.8274894360216799,0.7660509690846428,0.6998010955848842,0.15941146963813516,0.8912949447498588,0.8207585049110274,-0.46832421475647557,0.704869188992264,0.8186527240238097,0.8896378563698124,0.8982769823709026,0.7006828902172292,0.7021350985521077,0.8602662735062526,0.692222116953371,0.5983157991079987,0.8177364453263642,0.8816247271307281,0.8256320448083663],[0.9806369665443929,0.984294445636773,0.9975761564952303,0.9868152191875241,0.9879020333084982,0.9506564666718262,0.986106424329126,0.9239635418610926,0.9630031475540181,0.9870174231757903,0.9868666387357218,0.9870955589307611,0.9998929324102657,1.0,0.9869400973473971,0.9499355497582797,0.9785707030732547,0.9262864548378165,0.8582235834106658,0.8357326713808207,0.05927833780324566,0.9779164173585198,0.8875221169657763,-0.6371203295406161,0.7477598716116235,0.8934225074528429,0.9588556145945388,0.9695085551767122,0.7864004621180247,0.8014445658347941,0.9450318291328655,0.79737345196164,0.6643073765070829,0.8939266248442929,0.9677184454258715,0.920794228066026],[0.9967550652952009,0.9969421194234734,0.9749670185060394,0.999970505046171,0.9540034294032023,0.9761947293055012,0.9763621191214878,0.9625106055501264,0.9743846318737347,0.9999713144019241,0.999973110060587,0.9999792141288634,0.8956098515377411,0.9869400973473971,1.0,0.975943252942178,0.996111305791322,0.9635288180178051,0.900777918303142,0.8822230654367635,0.34232801516895583,0.9976315691624363,0.9351618442008907,-0.22684674819985376,0.6640565035875368,0.9123235320004836,0.9147648930745192,0.9522652914879879,0.883525623653299,0.8881579748580095,0.9782204742020806,0.8767681488918478,0.8042003239119199,0.9487710289778424,0.9876910486016068,0.9473550529626985],[0.9896841085856802,0.9855787918187584,0.9366864800755036,0.9795811801515427,0.8980785693662181,0.9999312474929378,0.9736336351745551,0.9836016296850083,0.9826233275720049,0.979397995104222,0.9759104624561062,0.9787057867482161,0.8623474303172646,0.9499355497582797,0.975943252942178,1.0,0.9905154460668242,0.983177299311846,0.9140817328821688,0.8801645822948302,0.5140062759630936,0.9724309376845687,0.9277012764812486,0.005995683008680572,-0.009124637409547087,0.9406638413210878,0.8642392555995324,0.9325419301703078,0.9289374438120562,0.9142023672921047,0.9697870597894119,0.928580390548877,0.8979384891032389,0.9647210736477622,0.9843108633751376,0.9689176276508036],[0.9997886983305498,0.9980087182870051,0.9598220421259687,0.9962045322985164,0.930659695578122,0.99057783046027,0.9765279469966691,0.9790882971893409,0.9799257751687233,0.9961099715046748,0.9960334614660763,0.9960306218246994,0.8850475032222028,0.9785707030732547,0.996111305791322,0.9905154460668242,1.0,0.9797702976866395,0.9234687378684757,0.9046139911062251,0.4129485941227747,0.99137788732519,0.9364037440087946,-0.1773138351563921,0.6538736877915307,0.9284760834499414,0.8912429143959731,0.9454778130839433,0.9159718831949183,0.9113605625882736,0.980332248140854,0.9088873191646264,0.8516512874801102,0.9641720546272399,0.9920296594655257,0.9670456809319862],[0.9810979983870562,0.9738870491776315,0.8968837344528261,0.9661368611270923,0.8519762916883618,0.9827109198304651,0.9357154509415925,0.999899146533954,0.9752483736969901,0.9660643660536108,0.9631651608636407,0.9658455541779035,0.8274894360216799,0.9262864548378165,0.9635288180178051,0.983177299311846,0.9797702976866395,1.0,0.9432900507034228,0.9299019602704091,0.5323056119277589,0.9535112582860557,0.9279773150643398,0.09474386246605342,-0.11665283158215761,0.9171009286396854,0.8068050884796969,0.9019925162651355,0.9643308466960872,0.9501842530497577,0.9701214239884505,0.9550827307699368,0.9144012548380847,0.9703584017165946,0.959006709160242,0.9749823481742571],[0.9024477740001067,0.9139129479920961,0.8154687383670562,0.8814702960639975,0.7691001798390953,0.910971031727063,0.8587864642940215,0.9406775579054554,0.9093569422570066,0.8833616016876638,0.900197909742683,0.8909016962381323,0.7660509690846428,0.8582235834106658,0.900777918303142,0.9140817328821688,0.9234687378684757,0.9432900507034228,1.0,0.844448780292461,0.6158840837422208,0.8580067749885114,0.8428305193680714,0.18008479160721344,-0.02396076928376648,0.8747956894965894,0.7150971997269642,0.8364133717889348,0.8970797617639952,0.8710012653455458,0.876132500755148,0.8810421544108838,0.8550251555985119,0.88235053203758,0.885295236673763,0.9118624220344403],[0.8841481345626323,0.8679896883389264,0.7178958414801212,0.8508698133110948,0.6573755486479718,0.8565633458330304,0.7468891211490292,0.924462659239347,0.8353972913552214,0.8507152557447208,0.880923675536153,0.868230217159435,0.6998010955848842,0.8357326713808207,0.8822230654367635,0.8801645822948302,0.9046139911062251,0.9299019602704091,0.844448780292461,1.0,0.8025797293685585,0.8055465038004745,0.8664369278214386,0.5848551669801345,-0.4525178693165885,0.7026640839689603,0.6628879404449862,0.7268759068829109,0.963367833869802,0.943321480714016,0.8734531981985405,0.9522672351519761,0.9098076495511485,0.8988333815126507,0.8224015018253926,0.8796061033636726],[0.5805659506364585,0.5987419955865728,0.38067777245650797,0.5247224828143344,0.3124034053762201,0.5474453355916405,0.3994293456049409,0.5387814914797071,0.419361095716175,0.5140905386627344,0.3393827587562017,0.42410292357917534,0.15941146963813516,0.05927833780324566,0.34232801516895583,0.5140062759630936,0.4129485941227747,0.5323056119277589,0.6158840837422208,0.8025797293685585,1.0,0.4764505582154057,0.6276410662981036,0.720986318551506,-0.1146877907742257,0.4492860162626259,0.36586134073991244,0.44470642930731225,0.746753854624991,0.6688027631460486,0.5317151347911312,0.7025907888012646,0.7377601421276293,0.6049561043436178,0.5315360201061394,0.6057926964348959],[0.9867780989053142,0.978909744041004,0.9722521694703472,0.9957029897670144,0.9494433704509757,0.9740850760213936,0.9688277526811547,0.9544680424753498,0.971793613178061,0.995901531882766,0.9977486533901962,0.9972122784431786,0.8912949447498588,0.9779164173585198,0.9976315691624363,0.9724309376845687,0.99137788732519,0.9535112582860557,0.8580067749885114,0.8055465038004745,0.4764505582154057,1.0,0.9228286316422363,0.16152140021438102,-0.12724001995899487,0.8980866150615916,0.9293368796019449,0.9489118061127861,0.8734791602913183,0.8932585259556582,0.9761222077035243,0.8831883459786557,0.8275028199468557,0.9473491569579715,0.9728808822937978,0.9325124831849423],[0.9466956727908508,0.9291822060562049,0.8865774563771084,0.9431749932240061,0.8489969948275602,0.9302746888032338,0.907082029116458,0.9250593632152478,0.931203640244334,0.943805900518381,0.9350173092156705,0.9427130492730597,0.8207585049110274,0.8875221169657763,0.9351618442008907,0.9277012764812486,0.9364037440087946,0.9279773150643398,0.8428305193680714,0.8664369278214386,0.6276410662981036,0.9228286316422363,1.0,0.22807523007193897,-0.10071126628644804,0.7734822383605311,0.8275679650341996,0.8711743183038902,0.8993698877091142,0.8743566223833102,0.9496068870702599,0.8809928111982465,0.8396998892013424,0.9451247196288677,0.9086796139341818,0.892407645951901],[0.26361053036690557,0.2528571040241376,0.08636342818955768,0.22099352220989785,0.05100368571506402,0.1589226502973971,0.029694374037349907,0.1336774113195976,-0.002847509066431301,0.22262754208032837,-0.22903891269837687,-0.04019018261415993,-0.46832421475647557,-0.6371203295406161,-0.22684674819985376,0.005995683008680572,-0.1773138351563921,0.09474386246605342,0.18008479160721344,0.5848551669801345,0.720986318551506,0.16152140021438102,0.22807523007193897,1.0,-0.3814256449884248,0.17905054830590852,0.09039360447619754,0.08689382814003763,0.4159671749928248,0.4013300725558785,0.21521345764531924,0.4262014010560429,0.3710423529697862,0.2652868645382513,0.1669125323912414,0.2895302937353446],[-0.17401728626600257,-0.10061454581278272,-0.0505611967882481,-0.13918684731972894,-0.009570275355820198,-0.11174621115091879,-0.02496296980205621,-0.20475953733021712,-0.0965364905410305,-0.13283923569252692,0.666587583506087,0.11285590578947836,0.704869188992264,0.7477598716116235,0.6640565035875368,-0.009124637409547087,0.6538736877915307,-0.11665283158215761,-0.02396076928376648,-0.4525178693165885,-0.1146877907742257,-0.12724001995899487,-0.10071126628644804,-0.3814256449884248,1.0,-0.030659541892416025,-0.03180778057445095,-0.016641678253464867,-0.32308607536901357,-0.3073272519053265,-0.18288116274149846,-0.2812083090483484,-0.1721284500013609,-0.24011704527647842,-0.06419508711099775,-0.2050405109940309],[0.9182802270516484,0.9071464820240231,0.9004204943982073,0.9144266281726359,0.8731700974895624,0.9363354073561748,0.9233841930086418,0.9120595806444403,0.9248448597545942,0.9155935722061089,0.9124950178955982,0.922135753698507,0.8186527240238097,0.8934225074528429,0.9123235320004836,0.9406638413210878,0.9284760834499414,0.9171009286396854,0.8747956894965894,0.7026640839689603,0.4492860162626259,0.8980866150615916,0.7734822383605311,0.17905054830590852,-0.030659541892416025,1.0,0.8257987514200995,0.9264158092413098,0.791026808212332,0.8304996060277177,0.8699335419315694,0.8337771092462576,0.8033184059256128,0.8699048478235616,0.9044101447009275,0.9038093960354926],[0.8935487955796361,0.9004014073170283,0.9706814279837299,0.920710580825072,0.9795164355625864,0.8717826951225696,0.9323598119050633,0.8088123584085795,0.8802229881385077,0.9206908021560122,0.9160701846837274,0.9172358734991513,0.8896378563698124,0.9588556145945388,0.9147648930745192,0.8642392555995324,0.8912429143959731,0.8068050884796969,0.7150971997269642,0.6628879404449862,0.36586134073991244,0.9293368796019449,0.8275679650341996,0.09039360447619754,-0.03180778057445095,0.8257987514200995,1.0,0.9219520208017887,0.7079068413878047,0.7221126743342412,0.8724627074361196,0.7095169199607309,0.6495550700951581,0.8093618261044753,0.8922804276604464,0.8127912045165728],[0.9421794722936185,0.9464295646541271,0.9717597380769313,0.9520026074667759,0.9585439689400866,0.9365125978152558,0.9685294440754513,0.9005886529960057,0.9599452522717145,0.9513208699709873,0.952736284061721,0.9490245555354633,0.8982769823709026,0.9695085551767122,0.9522652914879879,0.9325419301703078,0.9454778130839433,0.9019925162651355,0.8364133717889348,0.7268759068829109,0.44470642930731225,0.9489118061127861,0.8711743183038902,0.08689382814003763,-0.016641678253464867,0.9264158092413098,0.9219520208017887,1.0,0.8027397905918975,0.8027995777403175,0.9212356705814371,0.7968194876001101,0.7591781364838409,0.8921480124807056,0.9548112679919079,0.8727410444845877],[0.9351494663500398,0.9138877028842662,0.7856066475871389,0.9060701994910667,0.7221098645142641,0.9278077063925054,0.8276021522939581,0.9650533410627774,0.8910588489591894,0.9036857446198014,0.8824594447162877,0.8912982604459941,0.7006828902172292,0.7864004621180247,0.883525623653299,0.9289374438120562,0.9159718831949183,0.9643308466960872,0.8970797617639952,0.963367833869802,0.746753854624991,0.8734791602913183,0.8993698877091142,0.4159671749928248,-0.32308607536901357,0.791026808212332,0.7079068413878047,0.8027397905918975,1.0,0.9873774972923051,0.9306311718571675,0.991584064985256,0.9570425108578137,0.9541541619174849,0.8811210538788765,0.9524634050657975],[0.9360554546191682,0.919382134622745,0.7972639838694308,0.9137491105495658,0.7395125472891863,0.9180299038481621,0.8203173438838378,0.9517415836618836,0.8759885040908695,0.9108502830591076,0.8870724967710798,0.8961295914608676,0.7021350985521077,0.8014445658347941,0.8881579748580095,0.9142023672921047,0.9113605625882736,0.9501842530497577,0.8710012653455458,0.943321480714016,0.6688027631460486,0.8932585259556582,0.8743566223833102,0.4013300725558785,-0.3073272519053265,0.8304996060277177,0.7221126743342412,0.8027995777403175,0.9873774972923051,1.0,0.9322141155958681,0.9863520078228373,0.956988244953781,0.9431335381797916,0.899140281882147,0.9553533164320698],[0.9844640845507643,0.9781273436576687,0.9322906239795368,0.9832201796286717,0.8995086977045331,0.9715982796365499,0.9454927820689719,0.971185099398749,0.969618661420333,0.9827094678135201,0.9783156123319978,0.9802689700373273,0.8602662735062526,0.9450318291328655,0.9782204742020806,0.9697870597894119,0.980332248140854,0.9701214239884505,0.876132500755148,0.8734531981985405,0.5317151347911312,0.9761222077035243,0.9496068870702599,0.21521345764531924,-0.18288116274149846,0.8699335419315694,0.8724627074361196,0.9212356705814371,0.9306311718571675,0.9322141155958681,1.0,0.9277600612562742,0.8746584890996651,0.9755884753619114,0.97445544810653,0.9579153308961851],[0.9353324190524128,0.9161302354205031,0.7903302809759014,0.9073688810989012,0.7286708415666779,0.9289229261926957,0.8303330150514419,0.9572785876221506,0.8855794241101751,0.9049061609966808,0.875616019418847,0.8902782098718994,0.692222116953371,0.79737345196164,0.8767681488918478,0.928580390548877,0.9088873191646264,0.9550827307699368,0.8810421544108838,0.9522672351519761,0.7025907888012646,0.8831883459786557,0.8809928111982465,0.4262014010560429,-0.2812083090483484,0.8337771092462576,0.7095169199607309,0.7968194876001101,0.991584064985256,0.9863520078228373,0.9277600612562742,1.0,0.9741556524077455,0.9460726064828209,0.9031684178082146,0.9525044304898399],[0.889282118541063,0.8818812753578155,0.7357112419604276,0.8552435697930487,0.6654363648773016,0.903970993683006,0.7991834996164761,0.9167046977802904,0.8415615345523937,0.8515225886584413,0.8023596850257877,0.8330959741234905,0.5983157991079987,0.6643073765070829,0.8042003239119199,0.8979384891032389,0.8516512874801102,0.9144012548380847,0.8550251555985119,0.9098076495511485,0.7377601421276293,0.8275028199468557,0.8396998892013424,0.3710423529697862,-0.1721284500013609,0.8033184059256128,0.6495550700951581,0.7591781364838409,0.9570425108578137,0.956988244953781,0.8746584890996651,0.9741556524077455,1.0,0.8992154071631984,0.8711625309731906,0.9271311979486048],[0.9726557320155668,0.9628877588835467,0.8833820318178895,0.960254117656682,0.8371019440297501,0.9625265727815004,0.908768133226762,0.9711177463848853,0.9477969283007504,0.9589722490750769,0.9486512970742277,0.9545296497417932,0.8177364453263642,0.8939266248442929,0.9487710289778424,0.9647210736477622,0.9641720546272399,0.9703584017165946,0.88235053203758,0.8988333815126507,0.6049561043436178,0.9473491569579715,0.9451247196288677,0.2652868645382513,-0.24011704527647842,0.8699048478235616,0.8093618261044753,0.8921480124807056,0.9541541619174849,0.9431335381797916,0.9755884753619114,0.9460726064828209,0.8992154071631984,1.0,0.9547065262450181,0.9558116054426564],[0.9837972916009212,0.9791995315352718,0.9535111115840607,0.9831909363787329,0.9225086719680915,0.9850843968268403,0.9751342633234814,0.9597911454567121,0.9816055080533174,0.9829741154256938,0.9877255814312754,0.9833759102284905,0.8816247271307281,0.9677184454258715,0.9876910486016068,0.9843108633751376,0.9920296594655257,0.959006709160242,0.885295236673763,0.8224015018253926,0.5315360201061394,0.9728808822937978,0.9086796139341818,0.1669125323912414,-0.06419508711099775,0.9044101447009275,0.8922804276604464,0.9548112679919079,0.8811210538788765,0.899140281882147,0.97445544810653,0.9031684178082146,0.8711625309731906,0.9547065262450181,1.0,0.9399663615186753],[0.9621838435124567,0.9569148403620477,0.8790432205134118,0.9493172299520698,0.8361965122515126,0.9664520640241395,0.9122559988831296,0.974486312100507,0.9389146502164225,0.9484738445427123,0.9472173447106902,0.9485354342139795,0.8256320448083663,0.920794228066026,0.9473550529626985,0.9689176276508036,0.9670456809319862,0.9749823481742571,0.9118624220344403,0.8796061033636726,0.6057926964348959,0.9325124831849423,0.892407645951901,0.2895302937353446,-0.2050405109940309,0.9038093960354926,0.8127912045165728,0.8727410444845877,0.9524634050657975,0.9553533164320698,0.9579153308961851,0.9525044304898399,0.9271311979486048,0.9558116054426564,0.9399663615186753,1.0]],"x":["^TAIEX       \u81fa\u7063\u52a0\u6b0a\u5831\u916c\u6307\u6578","^TWII        \u81fa\u7063\u52a0\u6b0a\u6307\u6578","^TAIEXx2     \u81fa\u7063\u52a0\u6b0a\u5831\u916c\u6307\u6578_\u65e5\u6b632","^TAI50I      \u81fa\u706350\u5831\u916c\u6307\u6578","^TAI50Ix2    \u81fa\u706350\u5831\u916c\u6307\u6578_\u65e5\u6b632","^TAI100I     \u81fa\u7063\u4e2d\u578b100\u5831\u916c\u6307\u6578","^TAI100Ix2   \u81fa\u7063\u4e2d\u578b100\u5831\u916c\u6307\u6578_\u65e5\u6b632","^TAIDIVIDI   \u81fa\u7063\u9ad8\u80a1\u606f\u5831\u916c\u6307\u6578","^TAIDIVIDIx2 \u81fa\u7063\u9ad8\u80a1\u606f\u5831\u916c\u6307\u6578_\u65e5\u6b632","0050Fund     \u5143\u5927\u53f0\u7063\u5353\u8d8a50\u57fa\u91d1","006208Fund   \u5bcc\u90a6\u53f0\u7063\u91c6\u540950\u57fa\u91d1","0050         \u5143\u5927\u81fa\u706350","00631L       \u5143\u5927\u53f0\u706350\u6b632","00675L       \u5bcc\u90a6\u81fa\u7063\u52a0\u6b0a\u6b632","006208       \u5bcc\u90a6\u53f050","0051         \u5143\u5927\u4e2d\u578b100","006204       \u6c38\u8c50\u81fa\u7063\u52a0\u6b0a","0056         \u5143\u5927\u9ad8\u80a1\u606f","0056         \u5143\u5927\u9ad8\u80a1\u606f_\u80a1\u606f\u4e0d\u6295\u5165","2412         \u4e2d\u83ef\u96fb\u4fe1","2002         \u4e2d\u92fc","2330         \u53f0\u7a4d\u96fb","2317         \u9d3b\u6d77","6505         \u53f0\u5851\u77f3\u5316","3481         \u7fa4\u5275","2303         \u806f\u96fb","2308         \u53f0\u9054\u96fb","2454         \u806f\u767c\u79d1","2886         \u5146\u8c50\u91d1","2884         \u7389\u5c71\u91d1","2891         \u4e2d\u4fe1\u91d1","2892         \u7b2c\u4e00\u91d1","5880         \u5408\u5eab\u91d1","2881         \u5bcc\u90a6\u91d1","2885         \u5143\u5927\u91d1","2887         \u53f0\u65b0\u91d1"],"y":["^TAIEX       \u81fa\u7063\u52a0\u6b0a\u5831\u916c\u6307\u6578","^TWII        \u81fa\u7063\u52a0\u6b0a\u6307\u6578","^TAIEXx2     \u81fa\u7063\u52a0\u6b0a\u5831\u916c\u6307\u6578_\u65e5\u6b632","^TAI50I      \u81fa\u706350\u5831\u916c\u6307\u6578","^TAI50Ix2    \u81fa\u706350\u5831\u916c\u6307\u6578_\u65e5\u6b632","^TAI100I     \u81fa\u7063\u4e2d\u578b100\u5831\u916c\u6307\u6578","^TAI100Ix2   \u81fa\u7063\u4e2d\u578b100\u5831\u916c\u6307\u6578_\u65e5\u6b632","^TAIDIVIDI   \u81fa\u7063\u9ad8\u80a1\u606f\u5831\u916c\u6307\u6578","^TAIDIVIDIx2 \u81fa\u7063\u9ad8\u80a1\u606f\u5831\u916c\u6307\u6578_\u65e5\u6b632","0050Fund     \u5143\u5927\u53f0\u7063\u5353\u8d8a50\u57fa\u91d1","006208Fund   \u5bcc\u90a6\u53f0\u7063\u91c6\u540950\u57fa\u91d1","0050         \u5143\u5927\u81fa\u706350","00631L       \u5143\u5927\u53f0\u706350\u6b632","00675L       \u5bcc\u90a6\u81fa\u7063\u52a0\u6b0a\u6b632","006208       \u5bcc\u90a6\u53f050","0051         \u5143\u5927\u4e2d\u578b100","006204       \u6c38\u8c50\u81fa\u7063\u52a0\u6b0a","0056         \u5143\u5927\u9ad8\u80a1\u606f","0056         \u5143\u5927\u9ad8\u80a1\u606f_\u80a1\u606f\u4e0d\u6295\u5165","2412         \u4e2d\u83ef\u96fb\u4fe1","2002         \u4e2d\u92fc","2330         \u53f0\u7a4d\u96fb","2317         \u9d3b\u6d77","6505         \u53f0\u5851\u77f3\u5316","3481         \u7fa4\u5275","2303         \u806f\u96fb","2308         \u53f0\u9054\u96fb","2454         \u806f\u767c\u79d1","2886         \u5146\u8c50\u91d1","2884         \u7389\u5c71\u91d1","2891         \u4e2d\u4fe1\u91d1","2892         \u7b2c\u4e00\u91d1","5880         \u5408\u5eab\u91d1","2881         \u5bcc\u90a6\u91d1","2885         \u5143\u5927\u91d1","2887         \u53f0\u65b0\u91d1"],"zmin":-1,"zmax":1,"colorbar":{"x":-0.2}}],"layout":{"autotypenumbers":"strict","colorway":["#636efa","#EF553B","#00cc96","#ab63fa","#FFA15A","#19d3f3","#FF6692","#B6E880","#FF97FF","#FECB52"],"font":{"color":"#f2f5fa","family":"Courier New"},"hovermode":"closest","hoverlabel":{"align":"left"},"paper_bgcolor":"rgb(17,17,17)","plot_bgcolor":"rgb(17,17,17)","polar":{"bgcolor":"rgb(17,17,17)","angularaxis":{"gridcolor":"#506784","linecolor":"#506784","ticks":""},"radialaxis":{"gridcolor":"#506784","linecolor":"#506784","ticks":""}},"ternary":{"bgcolor":"rgb(17,17,17)","aaxis":{"gridcolor":"#506784","linecolor":"#506784","ticks":""},"baxis":{"gridcolor":"#506784","linecolor":"#506784","ticks":""},"caxis":{"gridcolor":"#506784","linecolor":"#506784","ticks":""}},"coloraxis":{"colorbar":{"outlinewidth":0,"ticks":""}},"colorscale":{"sequential":[[0.0,"#0d0887"],[0.1111111111111111,"#46039f"],[0.2222222222222222,"#7201a8"],[0.3333333333333333,"#9c179e"],[0.4444444444444444,"#bd3786"],[0.5555555555555556,"#d8576b"],[0.6666666666666666,"#ed7953"],[0.7777777777777778,"#fb9f3a"],[0.8888888888888888,"#fdca26"],[1.0,"#f0f921"]],"sequentialminus":[[0.0,"#0d0887"],[0.1111111111111111,"#46039f"],[0.2222222222222222,"#7201a8"],[0.3333333333333333,"#9c179e"],[0.4444444444444444,"#bd3786"],[0.5555555555555556,"#d8576b"],[0.6666666666666666,"#ed7953"],[0.7777777777777778,"#fb9f3a"],[0.8888888888888888,"#fdca26"],[1.0,"#f0f921"]],"diverging":[[0,"#8e0152"],[0.1,"#c51b7d"],[0.2,"#de77ae"],[0.3,"#f1b6da"],[0.4,"#fde0ef"],[0.5,"#f7f7f7"],[0.6,"#e6f5d0"],[0.7,"#b8e186"],[0.8,"#7fbc41"],[0.9,"#4d9221"],[1,"#276419"]]},"xaxis":{"gridcolor":"rgba(0, 0, 0, 0)","linecolor":"#506784","ticks":"","title":{"standoff":15},"zerolinecolor":"#283442","automargin":true,"zerolinewidth":2,"tickfont":{"family":"Courier New","size":14},"side":"top","tickangle":-90},"yaxis":{"gridcolor":"rgba(0, 0, 0, 0)","linecolor":"#506784","ticks":"","title":{"standoff":15},"zerolinecolor":"#283442","automargin":true,"zerolinewidth":2,"tickfont":{"family":"Courier New"},"side":"right"},"scene":{"xaxis":{"backgroundcolor":"rgb(17,17,17)","gridcolor":"#506784","linecolor":"#506784","showbackground":true,"ticks":"","zerolinecolor":"#C8D4E3","gridwidth":2},"yaxis":{"backgroundcolor":"rgb(17,17,17)","gridcolor":"#506784","linecolor":"#506784","showbackground":true,"ticks":"","zerolinecolor":"#C8D4E3","gridwidth":2},"zaxis":{"backgroundcolor":"rgb(17,17,17)","gridcolor":"#506784","linecolor":"#506784","showbackground":true,"ticks":"","zerolinecolor":"#C8D4E3","gridwidth":2}},"shapedefaults":{"line":{"color":"#f2f5fa"}},"annotationdefaults":{"arrowcolor":"#f2f5fa","arrowhead":0,"arrowwidth":1},"geo":{"bgcolor":"rgb(17,17,17)","landcolor":"rgb(17,17,17)","subunitcolor":"#506784","showland":true,"showlakes":true,"lakecolor":"rgb(17,17,17)"},"title":{"x":0.05,"font":{"family":"Times New Roman"},"y":0.05,"text":"<b>Correlation of Adj Close<b><br><i>2016-09-23 ~ 2026-06-29<i>"},"updatemenudefaults":{"bgcolor":"#506784","borderwidth":0},"sliderdefaults":{"bgcolor":"#C8D4E3","borderwidth":1,"bordercolor":"rgb(17,17,17)","tickwidth":0},"mapbox":{"style":"dark"},"annotations":[{"text":"<b>@zwindr<b>","textangle":0,"opacity":0.5,"font":{"color":"white","size":12},"xref":"paper","yref":"paper","xanchor":"left","yanchor":"bottom","x":1.0,"y":1.0,"showarrow":false}]},"config":{"responsive":true,"toImageButtonOptions":{"filename":"Correlation of Adj Close_2016-09-23~2026-06-29","scale":5}}};Plotly.newPlot("correlationAdjClose",correlationAdjClose.data,correlationAdjClose.layout||{},correlationAdjClose.config);}else{console.log("style display is none => correlationAdjClose");}