var element=document.getElementById("correlationAdjClose");if(element.style.display!='none'){var correlationAdjClose={"data":[{"type":"heatmap","z":[[1.0,0.9956246501035867,0.9696283227967422,0.9966663504485926,0.943236191826184,0.9856625209334654,0.9590081106543046,0.9859673503948637,0.9773034767095996,0.9968152510205719,0.9963712653603038,0.996802543877639,0.9900191036612144,0.991357993066042,0.9964858311792607,0.986787678146314,0.9997404790526174,0.9855242618723064,0.8937445698630165,0.9116471553645946,0.6578176751421738,0.9839974339322747,0.9411807251895508,0.3256211338385399,-0.27887695648224686,0.9041989134136398,0.9183396273663968,0.964524047592243,0.9684581261005265,0.9619584491675754,0.9815213358766883,0.9648837894636045,0.9306429521369253,0.9822768694588211,0.9781992546940402,0.9596106720462584],[0.9956246501035867,1.0,0.9679053564128037,0.9924261416203325,0.941662975293651,0.9820956452228614,0.9561361907705495,0.9781541306878084,0.9718682369501856,0.993608345621066,0.9952947391046449,0.994876602680672,0.9902291742997689,0.9907271556159826,0.9953705031939648,0.982254172884321,0.9977088718628331,0.9798695130975484,0.9109367502213278,0.9016398994973134,0.6805552182829383,0.9710770457692732,0.9252538064928799,0.324155396199362,-0.21420793761622856,0.8847140225450288,0.9155400507765707,0.9639562467557168,0.9503407588412719,0.9503879648164123,0.973875712995477,0.951479723312432,0.9296223158764139,0.9734337518914935,0.9706532003903777,0.9549315692738964],[0.9696283227967422,0.9679053564128037,1.0,0.9822484787262089,0.9936244841651289,0.9644459659536111,0.9778429287656584,0.940648331147285,0.9668618568766632,0.9820700857098266,0.9887964514715952,0.985531415927215,0.9972483288514687,0.9970819974524971,0.9884501719034229,0.9615914205229482,0.9805582566885014,0.9397029588589468,0.8349000823370587,0.8001530777167467,0.5085243633445466,0.9916409688412232,0.9313580516428653,0.15005844143279967,-0.19549426149250815,0.8739926083338596,0.9536494496733711,0.9632212528883092,0.8888470059005619,0.8896442348451618,0.9639072422704084,0.8876661821727265,0.8538145220676515,0.9481449979301341,0.9676646955961387,0.9118669721898051],[0.9966663504485926,0.9924261416203325,0.9822484787262089,1.0,0.9637625460554232,0.9769455129792997,0.9581966313227236,0.9743709223389193,0.9723501577746949,0.9999747378768468,0.9999932148210173,0.9999679238451231,0.9934115156979283,0.9927731361805299,0.9999575626219117,0.9754047846200431,0.9958830184666538,0.9734987717057562,0.8725082043970603,0.8890866697581671,0.6141768656810447,0.9942078586067058,0.9447217909256692,0.288827633930854,-0.26458847146778486,0.893471153219977,0.9358014008029112,0.9664862500928323,0.9509195590285789,0.951601722978002,0.9832317391512612,0.9478673294600184,0.9096934457069489,0.9766207346697082,0.9763242948916168,0.9477027437728328],[0.943236191826184,0.941662975293651,0.9936244841651289,0.9637625460554232,1.0,0.9303248012717281,0.9537685534082541,0.9034763118550941,0.9371349861331414,0.9639961414035236,0.973706843702056,0.9695877667859096,0.9830471351871487,0.9812670220149905,0.9731077685238868,0.9261593594617666,0.9558567963302801,0.9020755166125279,0.788874011934282,0.7568625905448457,0.4492029563451978,0.9811601459874277,0.9157326569562323,0.11158073822798464,-0.1786051342796173,0.8315989136637073,0.9630593144728571,0.9392316241210708,0.8441033761969117,0.8532152456894799,0.9436878159022297,0.8442110491007605,0.8026112898669142,0.918008291260548,0.9416605304700645,0.87322549496861],[0.9856625209334654,0.9820956452228614,0.9644459659536111,0.9769455129792997,0.9303248012717281,1.0,0.9829635922979644,0.9823336246054347,0.9846720297196865,0.9764823000090247,0.9708758410867737,0.9744366225954216,0.9674972220578948,0.9650342972023513,0.9709485650131756,0.999910109840812,0.9878155073692594,0.9830834278102163,0.8998304502263589,0.871415316385856,0.6283065725193083,0.9673897782366156,0.9158423494379035,0.20900847190687827,-0.20850364269587854,0.9350751962937471,0.8910545479722778,0.9684085332535196,0.9548827454084282,0.9363427581175714,0.9627375205438183,0.9525997148354509,0.9442364105358092,0.9656117828522047,0.9816338404298995,0.9621104735636128],[0.9590081106543046,0.9561361907705495,0.9778429287656584,0.9581966313227236,0.9537685534082541,0.9829635922979644,1.0,0.9517886034873803,0.9838154681995255,0.9570773653129935,0.9659446111892449,0.9629058700258822,0.9779292308276738,0.9777878891582886,0.9657581036203912,0.9840902691795546,0.9756906768696052,0.9538430059666425,0.8593053466659615,0.7901357947177934,0.5135853064559555,0.9615883182268894,0.9177957457994537,0.07199407238402973,-0.14756591710600572,0.8959306022123706,0.9050470315786436,0.9637715383111448,0.8950529925084937,0.8736186883730607,0.9469222162646815,0.8925160212002989,0.8890754460573305,0.9380959074409778,0.9730116402134256,0.9201101694550361],[0.9859673503948637,0.9781541306878084,0.940648331147285,0.9743709223389193,0.9034763118550941,0.9823336246054347,0.9517886034873803,1.0,0.9840502459271355,0.9743532998782303,0.9687417105411602,0.9730695385610647,0.9533339167009429,0.9515045216286853,0.9690847952919208,0.984143694130464,0.9828024393987337,0.9998908613902728,0.9293307092032224,0.9312926068446534,0.6039965863186055,0.9587062704876593,0.907068931150125,0.1855731303685458,-0.29868842986616473,0.9130503282945995,0.8521270124394186,0.948104808588916,0.9785164357384301,0.9599466525629837,0.9673194796093796,0.9673776281632892,0.9368783232371993,0.966416924618278,0.9608810314373883,0.970266293803521],[0.9773034767095996,0.9718682369501856,0.9668618568766632,0.9723501577746949,0.9371349861331414,0.9846720297196865,0.9838154681995255,0.9840502459271355,1.0,0.9717188308055004,0.9671066197608265,0.9703694843842154,0.9634479966749002,0.9593144356459873,0.9671460680328942,0.9838523268729581,0.9763897661747865,0.9834108611452056,0.9021125726317786,0.8655968020453931,0.5179770597769946,0.9674500311327449,0.9267763852873186,0.0461811466628059,-0.22086943881655474,0.8925365121266184,0.8733005525240042,0.9687170651341924,0.9360994538108894,0.9110349692551496,0.9659600747936727,0.9250592014488186,0.9006568704133749,0.957682056537956,0.9760577012708223,0.9359337011958542],[0.9968152510205719,0.993608345621066,0.9820700857098266,0.9999747378768468,0.9639961414035236,0.9764823000090247,0.9570773653129935,0.9743532998782303,0.9717188308055004,1.0,0.9999921607421427,0.9999846038409338,0.9933796961033869,0.9927405876296606,0.9999606900862675,0.9749447529610724,0.9957736300220238,0.9735693556923749,0.8741220407200293,0.8903541722722289,0.609895958374068,0.9944132640729194,0.9448752159046533,0.29356563285754295,-0.2640603882212652,0.8938365480465698,0.9343806475891182,0.9652447600405145,0.9505231438794255,0.9507295776094594,0.9824957488655078,0.947209835431371,0.9083113745237589,0.9758699223429914,0.9754970356849896,0.9465087026342843],[0.9963712653603038,0.9952947391046449,0.9887964514715952,0.9999932148210173,0.973706843702056,0.9708758410867737,0.9659446111892449,0.9687417105411602,0.9671066197608265,0.9999921607421427,1.0,0.9999772563295855,0.9934564234419178,0.9927985888641585,0.9999629322150905,0.9704020935069774,0.9955890007639724,0.9690569192013184,0.8916664745204752,0.9188510860599568,0.468781235842299,0.9973930222676947,0.9339159050277401,-0.1876841758640164,0.4416510022228332,0.8868975387467505,0.9125732147798687,0.9654076156968976,0.9377974427177117,0.9337040501617492,0.9762296985163769,0.9253462887925868,0.8784786716710463,0.9669009409337515,0.9828023267048837,0.9434091273385292],[0.996802543877639,0.994876602680672,0.985531415927215,0.9999679238451231,0.9695877667859096,0.9744366225954216,0.9629058700258822,0.9730695385610647,0.9703694843842154,0.9999846038409338,0.9999772563295855,1.0,0.99339101831399,0.9927298319964021,0.9999707391736307,0.9740800077053116,0.9956934227738589,0.9728682075768116,0.8811609640386713,0.9073083193286811,0.5414830654910455,0.9964404684575285,0.9429025288823378,0.022030895863441712,-0.15050337582216766,0.9027371023569685,0.9230512831368833,0.961102564950436,0.942512376084797,0.94077931199864,0.9797512000437618,0.9367060100319843,0.8996741203283566,0.9721323569388652,0.975499951253329,0.9492549207063148],[0.9900191036612144,0.9902291742997689,0.9972483288514687,0.9934115156979283,0.9830471351871487,0.9674972220578948,0.9779292308276738,0.9533339167009429,0.9634479966749002,0.9933796961033869,0.9934564234419178,0.99339101831399,1.0,0.9998241282129138,0.9933663142293266,0.9668516195243155,0.9905818397311341,0.9534503581731935,0.8676207945224806,0.9002709975698725,0.3751072669179331,0.9914164613546604,0.9271231366403053,-0.43427699138354753,0.46424824983171703,0.8607751754460448,0.9253690028482896,0.9605991183464634,0.9071606216146746,0.8980502985283064,0.9616259418375016,0.8936600482313269,0.8315260916180368,0.955092519261964,0.9754345052303729,0.9334673608671827],[0.991357993066042,0.9907271556159826,0.9970819974524971,0.9927731361805299,0.9812670220149905,0.9650342972023513,0.9777878891582886,0.9515045216286853,0.9593144356459873,0.9927405876296606,0.9927985888641585,0.9927298319964021,0.9998241282129138,1.0,0.9928194689390689,0.9642735767021212,0.9917195737762013,0.9517167422117889,0.851193147600778,0.9104377142533743,0.22847467079046058,0.9888853544836324,0.9207194289640827,-0.7407637749933241,0.44136724397230354,0.830650428004718,0.9260653430320923,0.9553691685317729,0.8981719345552585,0.8904874844962791,0.9571384838777888,0.8951935474232218,0.8068051671303984,0.9526918720163212,0.973951390864579,0.9315782120420733],[0.9964858311792607,0.9953705031939648,0.9884501719034229,0.9999575626219117,0.9731077685238868,0.9709485650131756,0.9657581036203912,0.9690847952919208,0.9671460680328942,0.9999606900862675,0.9999629322150905,0.9999707391736307,0.9933663142293266,0.9928194689390689,1.0,0.9705186034863075,0.9956905903741605,0.9692642853868453,0.8920450235862895,0.9194912208010048,0.46900310826031943,0.9971979492922216,0.9339522877510898,-0.18496776770894122,0.4437443076371636,0.88726514009201,0.9116314648830401,0.965158498595012,0.9379845465797249,0.9341768661630104,0.9762298036203169,0.9258417313045898,0.8789468318933596,0.9668119969990282,0.982889861626827,0.9441543885341607],[0.986787678146314,0.982254172884321,0.9615914205229482,0.9754047846200431,0.9261593594617666,0.999910109840812,0.9840902691795546,0.984143694130464,0.9838523268729581,0.9749447529610724,0.9704020935069774,0.9740800077053116,0.9668516195243155,0.9642735767021212,0.9705186034863075,1.0,0.9877144760712021,0.9833787344685029,0.9027310629102603,0.8954361483195425,0.6110323046772855,0.9647069377014282,0.9109945664508107,0.059236074981381774,-0.1775018009779043,0.9413659050984039,0.8790915639238053,0.9659171978963544,0.9580078634064,0.9339991287622113,0.9596554174158178,0.9538340052029042,0.942507398531733,0.9676015661257691,0.9807853780411954,0.965871166693814],[0.9997404790526174,0.9977088718628331,0.9805582566885014,0.9958830184666538,0.9558567963302801,0.9878155073692594,0.9756906768696052,0.9828024393987337,0.9763897661747865,0.9957736300220238,0.9955890007639724,0.9956934227738589,0.9905818397311341,0.9917195737762013,0.9956905903741605,0.9877144760712021,1.0,0.983070668035896,0.9151137877836435,0.9326448114126709,0.532711767343103,0.9883145596894737,0.9267968169925529,-0.12737217537555254,0.46498099917269997,0.9173567039154569,0.8968086894233129,0.9697202248633383,0.9592098684382708,0.9457824411894306,0.9746165685164978,0.9476100942152496,0.9142389376228307,0.9752097190605011,0.9886305130620164,0.9656028491420202],[0.9855242618723064,0.9798695130975484,0.9397029588589468,0.9734987717057562,0.9020755166125279,0.9830834278102163,0.9538430059666425,0.9998908613902728,0.9834108611452056,0.9735693556923749,0.9690569192013184,0.9728682075768116,0.9534503581731935,0.9517167422117889,0.9692642853868453,0.9833787344685029,0.983070668035896,1.0,0.9321582404090791,0.937510912078208,0.6006028102937486,0.9567427782339831,0.9104305215481714,0.14869831559825972,-0.27229077341899416,0.9175487877250433,0.8469275999217739,0.9479296290877622,0.979029710280169,0.9594902760202089,0.9656068614875923,0.9662292095851777,0.9364978680557721,0.9656414868413362,0.9588595855169068,0.971205539394689],[0.8937445698630165,0.9109367502213278,0.8349000823370587,0.8725082043970603,0.788874011934282,0.8998304502263589,0.8593053466659615,0.9293307092032224,0.9021125726317786,0.8741220407200293,0.8916664745204752,0.8811609640386713,0.8676207945224806,0.851193147600778,0.8920450235862895,0.9027310629102603,0.9151137877836435,0.9321582404090791,1.0,0.8362704120078185,0.6812707296071823,0.8417773931771578,0.810071268412729,0.23627335466766278,-0.1554581061570639,0.8637248733042755,0.7191975870524878,0.857479967781737,0.8971542537496587,0.8655079122871518,0.8527507439809088,0.8775050556081635,0.8632453901042275,0.8592871657048892,0.8712785889925668,0.8973633749921842],[0.9116471553645946,0.9016398994973134,0.8001530777167467,0.8890866697581671,0.7568625905448457,0.871415316385856,0.7901357947177934,0.9312926068446534,0.8655968020453931,0.8903541722722289,0.9188510860599568,0.9073083193286811,0.9002709975698725,0.9104377142533743,0.9194912208010048,0.8954361483195425,0.9326448114126709,0.937510912078208,0.8362704120078185,1.0,0.8173145752514452,0.8368628800837348,0.8660425622524464,0.6140964916686318,-0.5137262678523384,0.7285005399405596,0.7844955346765279,0.8161602222902721,0.9609422977488895,0.9395700347451396,0.8912879629251855,0.9489000024628812,0.9044719922714762,0.9005688685559118,0.8482315059057203,0.887022888700882],[0.6578176751421738,0.6805552182829383,0.5085243633445466,0.6141768656810447,0.4492029563451978,0.6283065725193083,0.5135853064559555,0.6039965863186055,0.5179770597769946,0.609895958374068,0.468781235842299,0.5414830654910455,0.3751072669179331,0.22847467079046058,0.46900310826031943,0.6110323046772855,0.532711767343103,0.6006028102937486,0.6812707296071823,0.8173145752514452,1.0,0.5467158715354997,0.6653070818037654,0.7224226497931813,-0.11586931239214185,0.5270010784103951,0.5256768448059882,0.5855737878472986,0.761710054336724,0.6876789192214368,0.5909635022314297,0.7233735849253818,0.7459951068541765,0.6415355142768041,0.602661574117297,0.6580423644827467],[0.9839974339322747,0.9710770457692732,0.9916409688412232,0.9942078586067058,0.9811601459874277,0.9673897782366156,0.9615883182268894,0.9587062704876593,0.9674500311327449,0.9944132640729194,0.9973930222676947,0.9964404684575285,0.9914164613546604,0.9888853544836324,0.9971979492922216,0.9647069377014282,0.9883145596894737,0.9567427782339831,0.8417773931771578,0.8368628800837348,0.5467158715354997,1.0,0.9225540991507231,0.21742405348504443,-0.2523142496426313,0.8745112137323742,0.946564918930622,0.9673517502396187,0.9135454516869522,0.9281867360872991,0.9746155315528037,0.9197532722625736,0.8769922468603338,0.9625936857121132,0.9623885209264819,0.9264374450437927],[0.9411807251895508,0.9252538064928799,0.9313580516428653,0.9447217909256692,0.9157326569562323,0.9158423494379035,0.9177957457994537,0.907068931150125,0.9267763852873186,0.9448752159046533,0.9339159050277401,0.9429025288823378,0.9271231366403053,0.9207194289640827,0.9339522877510898,0.9109945664508107,0.9267968169925529,0.9104305215481714,0.810071268412729,0.8660425622524464,0.6653070818037654,0.9225540991507231,1.0,0.2653431157213535,-0.17887440750300476,0.7386969418299879,0.8995285766857162,0.9091443540152386,0.8988037401017541,0.8663113541977666,0.942569509651356,0.876499944317029,0.8414853932722846,0.9364809693435565,0.8979148056346868,0.8712119325055647],[0.3256211338385399,0.324155396199362,0.15005844143279967,0.288827633930854,0.11158073822798464,0.20900847190687827,0.07199407238402973,0.1855731303685458,0.0461811466628059,0.29356563285754295,-0.1876841758640164,0.022030895863441712,-0.43427699138354753,-0.7407637749933241,-0.18496776770894122,0.059236074981381774,-0.12737217537555254,0.14869831559825972,0.23627335466766278,0.6140964916686318,0.7224226497931813,0.21742405348504443,0.2653431157213535,1.0,-0.37918659550689715,0.24262575758398147,0.18376766549173887,0.14864166985473604,0.44073524769924316,0.42896848244962094,0.26458354839198844,0.453374844905488,0.3874264341601856,0.3007956716778712,0.2192802532886192,0.3386747981307286],[-0.27887695648224686,-0.21420793761622856,-0.19549426149250815,-0.26458847146778486,-0.1786051342796173,-0.20850364269587854,-0.14756591710600572,-0.29868842986616473,-0.22086943881655474,-0.2640603882212652,0.4416510022228332,-0.15050337582216766,0.46424824983171703,0.44136724397230354,0.4437443076371636,-0.1775018009779043,0.46498099917269997,-0.27229077341899416,-0.1554581061570639,-0.5137262678523384,-0.11586931239214185,-0.2523142496426313,-0.17887440750300476,-0.37918659550689715,1.0,-0.15187249004534015,-0.2239370826661102,-0.17349257615805383,-0.3782609622361363,-0.3647500774151171,-0.29552784929840814,-0.33620100569969175,-0.20742262425750846,-0.3284919136448195,-0.1729184562281419,-0.3021993983401602],[0.9041989134136398,0.8847140225450288,0.8739926083338596,0.893471153219977,0.8315989136637073,0.9350751962937471,0.8959306022123706,0.9130503282945995,0.8925365121266184,0.8938365480465698,0.8868975387467505,0.9027371023569685,0.8607751754460448,0.830650428004718,0.88726514009201,0.9413659050984039,0.9173567039154569,0.9175487877250433,0.8637248733042755,0.7285005399405596,0.5270010784103951,0.8745112137323742,0.7386969418299879,0.24262575758398147,-0.15187249004534015,1.0,0.7676303504299964,0.8943800376843024,0.830547129422745,0.8741564700915928,0.8420499222521934,0.8802635491795694,0.8720858109966012,0.8703960811319831,0.8773502791070484,0.9071864793943467],[0.9183396273663968,0.9155400507765707,0.9536494496733711,0.9358014008029112,0.9630593144728571,0.8910545479722778,0.9050470315786436,0.8521270124394186,0.8733005525240042,0.9343806475891182,0.9125732147798687,0.9230512831368833,0.9253690028482896,0.9260653430320923,0.9116314648830401,0.8790915639238053,0.8968086894233129,0.8469275999217739,0.7191975870524878,0.7844955346765279,0.5256768448059882,0.946564918930622,0.8995285766857162,0.18376766549173887,-0.2239370826661102,0.7676303504299964,1.0,0.8855179674617107,0.8379673621909364,0.8401689980464534,0.9109522951625003,0.8313822847773563,0.7878862279846606,0.8919117992739476,0.8969592801656798,0.8515766507447401],[0.964524047592243,0.9639562467557168,0.9632212528883092,0.9664862500928323,0.9392316241210708,0.9684085332535196,0.9637715383111448,0.948104808588916,0.9687170651341924,0.9652447600405145,0.9654076156968976,0.961102564950436,0.9605991183464634,0.9553691685317729,0.965158498595012,0.9659171978963544,0.9697202248633383,0.9479296290877622,0.857479967781737,0.8161602222902721,0.5855737878472986,0.9673517502396187,0.9091443540152386,0.14864166985473604,-0.17349257615805383,0.8943800376843024,0.8855179674617107,1.0,0.909996795237858,0.8997462254769842,0.9513013158914231,0.8976154953885229,0.8845700780265019,0.9540324173094484,0.9763830440502613,0.9048427362172735],[0.9684581261005265,0.9503407588412719,0.8888470059005619,0.9509195590285789,0.8441033761969117,0.9548827454084282,0.8950529925084937,0.9785164357384301,0.9360994538108894,0.9505231438794255,0.9377974427177117,0.942512376084797,0.9071606216146746,0.8981719345552585,0.9379845465797249,0.9580078634064,0.9592098684382708,0.979029710280169,0.8971542537496587,0.9609422977488895,0.761710054336724,0.9135454516869522,0.8988037401017541,0.44073524769924316,-0.3782609622361363,0.830547129422745,0.8379673621909364,0.909996795237858,1.0,0.9866852264545265,0.9529920675440023,0.9909925491406422,0.9552383309663165,0.958844336001586,0.9119624382169021,0.9660664833135196],[0.9619584491675754,0.9503879648164123,0.8896442348451618,0.951601722978002,0.8532152456894799,0.9363427581175714,0.8736186883730607,0.9599466525629837,0.9110349692551496,0.9507295776094594,0.9337040501617492,0.94077931199864,0.8980502985283064,0.8904874844962791,0.9341768661630104,0.9339991287622113,0.9457824411894306,0.9594902760202089,0.8655079122871518,0.9395700347451396,0.6876789192214368,0.9281867360872991,0.8663113541977666,0.42896848244962094,-0.3647500774151171,0.8741564700915928,0.8401689980464534,0.8997462254769842,0.9866852264545265,1.0,0.9486823668649121,0.9851610413637937,0.9565200386449951,0.9437260117287681,0.9253576240089144,0.964926265626304],[0.9815213358766883,0.973875712995477,0.9639072422704084,0.9832317391512612,0.9436878159022297,0.9627375205438183,0.9469222162646815,0.9673194796093796,0.9659600747936727,0.9824957488655078,0.9762296985163769,0.9797512000437618,0.9616259418375016,0.9571384838777888,0.9762298036203169,0.9596554174158178,0.9746165685164978,0.9656068614875923,0.8527507439809088,0.8912879629251855,0.5909635022314297,0.9746155315528037,0.942569509651356,0.26458354839198844,-0.29552784929840814,0.8420499222521934,0.9109522951625003,0.9513013158914231,0.9529920675440023,0.9486823668649121,1.0,0.9465482397823752,0.9032145406063663,0.9781075341709958,0.9679523645704723,0.9479788588800502],[0.9648837894636045,0.951479723312432,0.8876661821727265,0.9478673294600184,0.8442110491007605,0.9525997148354509,0.8925160212002989,0.9673776281632892,0.9250592014488186,0.947209835431371,0.9253462887925868,0.9367060100319843,0.8936600482313269,0.8951935474232218,0.9258417313045898,0.9538340052029042,0.9476100942152496,0.9662292095851777,0.8775050556081635,0.9489000024628812,0.7233735849253818,0.9197532722625736,0.876499944317029,0.453374844905488,-0.33620100569969175,0.8802635491795694,0.8313822847773563,0.8976154953885229,0.9909925491406422,0.9851610413637937,0.9465482397823752,1.0,0.9743998678235126,0.948053072000367,0.9354490880890719,0.9639558708070003],[0.9306429521369253,0.9296223158764139,0.8538145220676515,0.9096934457069489,0.8026112898669142,0.9442364105358092,0.8890754460573305,0.9368783232371993,0.9006568704133749,0.9083113745237589,0.8784786716710463,0.8996741203283566,0.8315260916180368,0.8068051671303984,0.8789468318933596,0.942507398531733,0.9142389376228307,0.9364978680557721,0.8632453901042275,0.9044719922714762,0.7459951068541765,0.8769922468603338,0.8414853932722846,0.3874264341601856,-0.20742262425750846,0.8720858109966012,0.7878862279846606,0.8845700780265019,0.9552383309663165,0.9565200386449951,0.9032145406063663,0.9743998678235126,1.0,0.9068773520569785,0.9195748562065557,0.9497887927761094],[0.9822768694588211,0.9734337518914935,0.9481449979301341,0.9766207346697082,0.918008291260548,0.9656117828522047,0.9380959074409778,0.966416924618278,0.957682056537956,0.9758699223429914,0.9669009409337515,0.9721323569388652,0.955092519261964,0.9526918720163212,0.9668119969990282,0.9676015661257691,0.9752097190605011,0.9656414868413362,0.8592871657048892,0.9005688685559118,0.6415355142768041,0.9625936857121132,0.9364809693435565,0.3007956716778712,-0.3284919136448195,0.8703960811319831,0.8919117992739476,0.9540324173094484,0.958844336001586,0.9437260117287681,0.9781075341709958,0.948053072000367,0.9068773520569785,1.0,0.9618020564313875,0.948948449452899],[0.9781992546940402,0.9706532003903777,0.9676646955961387,0.9763242948916168,0.9416605304700645,0.9816338404298995,0.9730116402134256,0.9608810314373883,0.9760577012708223,0.9754970356849896,0.9828023267048837,0.975499951253329,0.9754345052303729,0.973951390864579,0.982889861626827,0.9807853780411954,0.9886305130620164,0.9588595855169068,0.8712785889925668,0.8482315059057203,0.602661574117297,0.9623885209264819,0.8979148056346868,0.2192802532886192,-0.1729184562281419,0.8773502791070484,0.8969592801656798,0.9763830440502613,0.9119624382169021,0.9253576240089144,0.9679523645704723,0.9354490880890719,0.9195748562065557,0.9618020564313875,1.0,0.930549075628196],[0.9596106720462584,0.9549315692738964,0.9118669721898051,0.9477027437728328,0.87322549496861,0.9621104735636128,0.9201101694550361,0.970266293803521,0.9359337011958542,0.9465087026342843,0.9434091273385292,0.9492549207063148,0.9334673608671827,0.9315782120420733,0.9441543885341607,0.965871166693814,0.9656028491420202,0.971205539394689,0.8973633749921842,0.887022888700882,0.6580423644827467,0.9264374450437927,0.8712119325055647,0.3386747981307286,-0.3021993983401602,0.9071864793943467,0.8515766507447401,0.9048427362172735,0.9660664833135196,0.964926265626304,0.9479788588800502,0.9639558708070003,0.9497887927761094,0.948948449452899,0.930549075628196,1.0]],"x":["^TAIEX       \u81fa\u7063\u52a0\u6b0a\u5831\u916c\u6307\u6578","^TWII        \u81fa\u7063\u52a0\u6b0a\u6307\u6578","^TAIEXx2     \u81fa\u7063\u52a0\u6b0a\u5831\u916c\u6307\u6578_\u65e5\u6b632","^TAI50I      \u81fa\u706350\u5831\u916c\u6307\u6578","^TAI50Ix2    \u81fa\u706350\u5831\u916c\u6307\u6578_\u65e5\u6b632","^TAI100I     \u81fa\u7063\u4e2d\u578b100\u5831\u916c\u6307\u6578","^TAI100Ix2   \u81fa\u7063\u4e2d\u578b100\u5831\u916c\u6307\u6578_\u65e5\u6b632","^TAIDIVIDI   \u81fa\u7063\u9ad8\u80a1\u606f\u5831\u916c\u6307\u6578","^TAIDIVIDIx2 \u81fa\u7063\u9ad8\u80a1\u606f\u5831\u916c\u6307\u6578_\u65e5\u6b632","0050Fund     \u5143\u5927\u53f0\u7063\u5353\u8d8a50\u57fa\u91d1","006208Fund   \u5bcc\u90a6\u53f0\u7063\u91c6\u540950\u57fa\u91d1","0050         \u5143\u5927\u81fa\u706350","00631L       \u5143\u5927\u53f0\u706350\u6b632","00675L       \u5bcc\u90a6\u81fa\u7063\u52a0\u6b0a\u6b632","006208       \u5bcc\u90a6\u53f050","0051         \u5143\u5927\u4e2d\u578b100","006204       \u6c38\u8c50\u81fa\u7063\u52a0\u6b0a","0056         \u5143\u5927\u9ad8\u80a1\u606f","0056         \u5143\u5927\u9ad8\u80a1\u606f_\u80a1\u606f\u4e0d\u6295\u5165","2412         \u4e2d\u83ef\u96fb\u4fe1","2002         \u4e2d\u92fc","2330         \u53f0\u7a4d\u96fb","2317         \u9d3b\u6d77","6505         \u53f0\u5851\u77f3\u5316","3481         \u7fa4\u5275","2303         \u806f\u96fb","2308         \u53f0\u9054\u96fb","2454         \u806f\u767c\u79d1","2886         \u5146\u8c50\u91d1","2884         \u7389\u5c71\u91d1","2891         \u4e2d\u4fe1\u91d1","2892         \u7b2c\u4e00\u91d1","5880         \u5408\u5eab\u91d1","2881         \u5bcc\u90a6\u91d1","2885         \u5143\u5927\u91d1","2887         \u53f0\u65b0\u91d1"],"y":["^TAIEX       \u81fa\u7063\u52a0\u6b0a\u5831\u916c\u6307\u6578","^TWII        \u81fa\u7063\u52a0\u6b0a\u6307\u6578","^TAIEXx2     \u81fa\u7063\u52a0\u6b0a\u5831\u916c\u6307\u6578_\u65e5\u6b632","^TAI50I      \u81fa\u706350\u5831\u916c\u6307\u6578","^TAI50Ix2    \u81fa\u706350\u5831\u916c\u6307\u6578_\u65e5\u6b632","^TAI100I     \u81fa\u7063\u4e2d\u578b100\u5831\u916c\u6307\u6578","^TAI100Ix2   \u81fa\u7063\u4e2d\u578b100\u5831\u916c\u6307\u6578_\u65e5\u6b632","^TAIDIVIDI   \u81fa\u7063\u9ad8\u80a1\u606f\u5831\u916c\u6307\u6578","^TAIDIVIDIx2 \u81fa\u7063\u9ad8\u80a1\u606f\u5831\u916c\u6307\u6578_\u65e5\u6b632","0050Fund     \u5143\u5927\u53f0\u7063\u5353\u8d8a50\u57fa\u91d1","006208Fund   \u5bcc\u90a6\u53f0\u7063\u91c6\u540950\u57fa\u91d1","0050         \u5143\u5927\u81fa\u706350","00631L       \u5143\u5927\u53f0\u706350\u6b632","00675L       \u5bcc\u90a6\u81fa\u7063\u52a0\u6b0a\u6b632","006208       \u5bcc\u90a6\u53f050","0051         \u5143\u5927\u4e2d\u578b100","006204       \u6c38\u8c50\u81fa\u7063\u52a0\u6b0a","0056         \u5143\u5927\u9ad8\u80a1\u606f","0056         \u5143\u5927\u9ad8\u80a1\u606f_\u80a1\u606f\u4e0d\u6295\u5165","2412         \u4e2d\u83ef\u96fb\u4fe1","2002         \u4e2d\u92fc","2330         \u53f0\u7a4d\u96fb","2317         \u9d3b\u6d77","6505         \u53f0\u5851\u77f3\u5316","3481         \u7fa4\u5275","2303         \u806f\u96fb","2308         \u53f0\u9054\u96fb","2454         \u806f\u767c\u79d1","2886         \u5146\u8c50\u91d1","2884         \u7389\u5c71\u91d1","2891         \u4e2d\u4fe1\u91d1","2892         \u7b2c\u4e00\u91d1","5880         \u5408\u5eab\u91d1","2881         \u5bcc\u90a6\u91d1","2885         \u5143\u5927\u91d1","2887         \u53f0\u65b0\u91d1"],"zmin":-1,"zmax":1,"colorbar":{"x":-0.2}}],"layout":{"autotypenumbers":"strict","colorway":["#636efa","#EF553B","#00cc96","#ab63fa","#FFA15A","#19d3f3","#FF6692","#B6E880","#FF97FF","#FECB52"],"font":{"color":"#f2f5fa","family":"Courier New"},"hovermode":"closest","hoverlabel":{"align":"left"},"paper_bgcolor":"rgb(17,17,17)","plot_bgcolor":"rgb(17,17,17)","polar":{"bgcolor":"rgb(17,17,17)","angularaxis":{"gridcolor":"#506784","linecolor":"#506784","ticks":""},"radialaxis":{"gridcolor":"#506784","linecolor":"#506784","ticks":""}},"ternary":{"bgcolor":"rgb(17,17,17)","aaxis":{"gridcolor":"#506784","linecolor":"#506784","ticks":""},"baxis":{"gridcolor":"#506784","linecolor":"#506784","ticks":""},"caxis":{"gridcolor":"#506784","linecolor":"#506784","ticks":""}},"coloraxis":{"colorbar":{"outlinewidth":0,"ticks":""}},"colorscale":{"sequential":[[0.0,"#0d0887"],[0.1111111111111111,"#46039f"],[0.2222222222222222,"#7201a8"],[0.3333333333333333,"#9c179e"],[0.4444444444444444,"#bd3786"],[0.5555555555555556,"#d8576b"],[0.6666666666666666,"#ed7953"],[0.7777777777777778,"#fb9f3a"],[0.8888888888888888,"#fdca26"],[1.0,"#f0f921"]],"sequentialminus":[[0.0,"#0d0887"],[0.1111111111111111,"#46039f"],[0.2222222222222222,"#7201a8"],[0.3333333333333333,"#9c179e"],[0.4444444444444444,"#bd3786"],[0.5555555555555556,"#d8576b"],[0.6666666666666666,"#ed7953"],[0.7777777777777778,"#fb9f3a"],[0.8888888888888888,"#fdca26"],[1.0,"#f0f921"]],"diverging":[[0,"#8e0152"],[0.1,"#c51b7d"],[0.2,"#de77ae"],[0.3,"#f1b6da"],[0.4,"#fde0ef"],[0.5,"#f7f7f7"],[0.6,"#e6f5d0"],[0.7,"#b8e186"],[0.8,"#7fbc41"],[0.9,"#4d9221"],[1,"#276419"]]},"xaxis":{"gridcolor":"rgba(0, 0, 0, 0)","linecolor":"#506784","ticks":"","title":{"standoff":15},"zerolinecolor":"#283442","automargin":true,"zerolinewidth":2,"tickfont":{"family":"Courier New","size":14},"side":"top","tickangle":-90},"yaxis":{"gridcolor":"rgba(0, 0, 0, 0)","linecolor":"#506784","ticks":"","title":{"standoff":15},"zerolinecolor":"#283442","automargin":true,"zerolinewidth":2,"tickfont":{"family":"Courier New"},"side":"right"},"scene":{"xaxis":{"backgroundcolor":"rgb(17,17,17)","gridcolor":"#506784","linecolor":"#506784","showbackground":true,"ticks":"","zerolinecolor":"#C8D4E3","gridwidth":2},"yaxis":{"backgroundcolor":"rgb(17,17,17)","gridcolor":"#506784","linecolor":"#506784","showbackground":true,"ticks":"","zerolinecolor":"#C8D4E3","gridwidth":2},"zaxis":{"backgroundcolor":"rgb(17,17,17)","gridcolor":"#506784","linecolor":"#506784","showbackground":true,"ticks":"","zerolinecolor":"#C8D4E3","gridwidth":2}},"shapedefaults":{"line":{"color":"#f2f5fa"}},"annotationdefaults":{"arrowcolor":"#f2f5fa","arrowhead":0,"arrowwidth":1},"geo":{"bgcolor":"rgb(17,17,17)","landcolor":"rgb(17,17,17)","subunitcolor":"#506784","showland":true,"showlakes":true,"lakecolor":"rgb(17,17,17)"},"title":{"x":0.05,"font":{"family":"Times New Roman"},"y":0.05,"text":"<b>Correlation of Adj Close<b><br><i>2016-09-23 ~ 2026-03-03<i>"},"updatemenudefaults":{"bgcolor":"#506784","borderwidth":0},"sliderdefaults":{"bgcolor":"#C8D4E3","borderwidth":1,"bordercolor":"rgb(17,17,17)","tickwidth":0},"mapbox":{"style":"dark"},"annotations":[{"text":"<b>@zwindr<b>","textangle":0,"opacity":0.5,"font":{"color":"white","size":12},"xref":"paper","yref":"paper","xanchor":"left","yanchor":"bottom","x":1.0,"y":1.0,"showarrow":false}]},"config":{"responsive":true,"toImageButtonOptions":{"filename":"Correlation of Adj Close_2016-09-23~2026-03-03","scale":5}}};Plotly.newPlot("correlationAdjClose",correlationAdjClose.data,correlationAdjClose.layout||{},correlationAdjClose.config);}else{console.log("style display is none => correlationAdjClose");}