var element=document.getElementById("correlationClose");if(element.style.display!='none'){var correlationClose={"data":[{"type":"heatmap","z":[[1.0,0.9999999999999973,1.0,0.9949963308877138,0.9949963308877138,0.9696277499440529,0.9696277499440529,0.911045933267087,0.911045933267087,0.781808462846844,0.9948188671804542,0.7316143059988146,0.9912778327148978,0.9918179146560799,0.9949219891611637,0.9760590807060375,0.9991914161065367,0.9123948474000801,0.9123948474000801,0.7768472033424016,-0.17084199156069146,0.9793062651254879,0.2170804638115796,-0.1435197481384473,-0.24074243481451205,0.8188949984040397,0.903628951164215,0.9214096800524163,0.9173888330570544,0.786365322899432,0.6103372826178274,0.6484826638183603,0.6199978577233793,0.9348255268859911,0.8510884917846996,0.22617805124713986],[0.9999999999999973,1.0,0.9999999999999976,0.9949653276731081,0.9949653276731081,0.9691556576014521,0.9691556576014521,0.9118465871437684,0.9118465871437684,0.7834135299788025,0.994812235691041,0.7318099132622479,0.9909143064012558,0.9912868074033038,0.9949247761942918,0.9756020146631217,0.9991926758639119,0.9123230147643777,0.9123230147643777,0.7945219422852934,0.04076807667139536,0.9717420482000134,-0.008683971020613964,-0.13658990886466296,-0.2407591357441334,0.6597543445622773,0.9034944213914226,0.8994237811017178,0.9124921821103346,0.7956208138494528,0.6027313573741837,0.6460209944207043,0.6446264560277494,0.9329191890560891,0.7172519645666326,0.22375121570627682],[1.0,0.9999999999999976,1.0,0.9949963308877138,0.9949963308877138,0.9696277499440529,0.9696277499440529,0.911045933267087,0.911045933267087,0.781808462846844,0.9948188671804542,0.7316143059988146,0.9912778327148978,0.9918179146560799,0.9949219891611637,0.9760590807060375,0.9991914161065367,0.9123948474000801,0.9123948474000801,0.7768472033424016,-0.17084199156069146,0.9793062651254879,0.2170804638115796,-0.1435197481384473,-0.24074243481451205,0.8188949984040397,0.903628951164215,0.9214096800524163,0.9173888330570544,0.786365322899432,0.6103372826178274,0.6484826638183603,0.6199978577233793,0.9348255268859911,0.8510884917846996,0.22617805124713986],[0.9949963308877138,0.9949653276731081,0.9949963308877138,1.0,1.0,0.9567822406192446,0.9567822406192446,0.8942198906744412,0.8942198906744412,0.7476229739168087,0.999594112509738,0.6961369953637115,0.9922342509170187,0.9902033151647512,0.9995429774718836,0.9586816498267612,0.9949544716957742,0.8849089889797578,0.8849089889797578,0.7482506444791368,-0.17897510674944808,0.9916876956383183,0.2456417939330037,-0.18004263683631536,-0.2384839273603013,0.8067931974233337,0.9205938157580659,0.9208648864772334,0.8973696981053352,0.7872503885384812,0.6401762624875782,0.6397579964388425,0.5869424796966637,0.9226761947204416,0.8418964307628374,0.23967371570548998],[0.9949963308877138,0.9949653276731081,0.9949963308877138,1.0,1.0,0.9567822406192446,0.9567822406192446,0.8942198906744412,0.8942198906744412,0.7476229739168087,0.999594112509738,0.6961369953637115,0.9922342509170187,0.9902033151647512,0.9995429774718836,0.9586816498267612,0.9949544716957742,0.8849089889797578,0.8849089889797578,0.7482506444791368,-0.17897510674944808,0.9916876956383183,0.2456417939330037,-0.18004263683631536,-0.2384839273603013,0.8067931974233337,0.9205938157580659,0.9208648864772334,0.8973696981053352,0.7872503885384812,0.6401762624875782,0.6397579964388425,0.5869424796966637,0.9226761947204416,0.8418964307628374,0.23967371570548998],[0.9696277499440529,0.9691556576014521,0.9696277499440529,0.9567822406192446,0.9567822406192446,1.0,1.0,0.9355089058312157,0.9355089058312157,0.7585830606333863,0.955686911709234,0.7375971740198357,0.9658651266562557,0.9631694066221216,0.9557020549271571,0.9990732655250616,0.976178184170139,0.9161125603068925,0.9161125603068925,0.652197611555953,-0.12351301370076279,0.9429848065625211,0.360579110596746,-0.31786958822111056,-0.11791964445517654,0.8841122942999005,0.8582391200314482,0.9378996385195916,0.8961011709126788,0.754424495567187,0.7780409872370342,0.7453662273858928,0.693491948213031,0.8710291304224267,0.8785858409751435,0.49613288159428814],[0.9696277499440529,0.9691556576014521,0.9696277499440529,0.9567822406192446,0.9567822406192446,1.0,1.0,0.9355089058312157,0.9355089058312157,0.7585830606333863,0.955686911709234,0.7375971740198357,0.9658651266562557,0.9631694066221216,0.9557020549271571,0.9990732655250616,0.976178184170139,0.9161125603068925,0.9161125603068925,0.652197611555953,-0.12351301370076279,0.9429848065625211,0.360579110596746,-0.31786958822111056,-0.11791964445517654,0.8841122942999005,0.8582391200314482,0.9378996385195916,0.8961011709126788,0.754424495567187,0.7780409872370342,0.7453662273858928,0.693491948213031,0.8710291304224267,0.8785858409751435,0.49613288159428814],[0.911045933267087,0.9118465871437684,0.911045933267087,0.8942198906744412,0.8942198906744412,0.9355089058312157,0.9355089058312157,1.0,1.0,0.7209335040961503,0.9366308622347317,0.7331513396429641,0.9319169011209991,0.9263487179304781,0.9367683849170982,0.9371530876165431,0.9462390029310268,0.970226447524269,0.970226447524269,0.6016153721458246,-0.00218615926975951,0.8588140730099498,0.5793101044990564,-0.3441404725294851,0.011555107847153077,0.796157870342105,0.7552993624767044,0.8840784140856917,0.8567645263621565,0.7688206435621939,0.8841100721320206,0.7893018211493905,0.7123154720227537,0.808306212493002,0.8622872292044497,0.8157529161726698],[0.911045933267087,0.9118465871437684,0.911045933267087,0.8942198906744412,0.8942198906744412,0.9355089058312157,0.9355089058312157,1.0,1.0,0.7209335040961503,0.9366308622347317,0.7331513396429641,0.9319169011209991,0.9263487179304781,0.9367683849170982,0.9371530876165431,0.9462390029310268,0.970226447524269,0.970226447524269,0.6016153721458246,-0.00218615926975951,0.8588140730099498,0.5793101044990564,-0.3441404725294851,0.011555107847153077,0.796157870342105,0.7552993624767044,0.8840784140856917,0.8567645263621565,0.7688206435621939,0.8841100721320206,0.7893018211493905,0.7123154720227537,0.808306212493002,0.8622872292044497,0.8157529161726698],[0.781808462846844,0.7834135299788025,0.781808462846844,0.7476229739168087,0.7476229739168087,0.7585830606333863,0.7585830606333863,0.7209335040961503,0.7209335040961503,1.0,0.6195267859689618,0.9999697805137987,0.5273873795217747,0.4252291141363793,0.6217465052393165,0.7539006264008719,0.6827848330662658,0.805288183630238,0.805288183630238,0.6902945984724502,-0.09786369002240129,0.7166682552957238,0.0357179368250192,0.04972307766982228,-0.24286913317529604,0.7737846762109386,0.4908955976780802,0.7407490509095368,0.8077055231731959,0.677687555579375,0.34078144609630096,0.5261229321175569,0.5628975024691352,0.7794920381241016,0.6364403045590329,0.1696449375821691],[0.9948188671804542,0.994812235691041,0.9948188671804542,0.999594112509738,0.999594112509738,0.955686911709234,0.955686911709234,0.9366308622347317,0.9366308622347317,0.6195267859689618,1.0,0.619335739193668,0.9917756118372891,0.990044781154402,0.9999346826645098,0.9540257250884636,0.9942606087495393,0.8946060375127189,0.8946060375127189,0.8515190128237567,-0.039443827649567484,0.9967883332747463,0.9017710024159871,-0.5344667300472928,0.3926727692474736,0.8163817323863605,0.8911503042930078,0.9352514980627368,0.8889885346739953,0.8127688605228274,0.9278532521780114,0.8605450116182615,0.7502900384749102,0.9050695328970669,0.9487501165903217,0.8022651060747974],[0.7316143059988146,0.7318099132622479,0.7316143059988146,0.6961369953637115,0.6961369953637115,0.7375971740198357,0.7375971740198357,0.7331513396429641,0.7331513396429641,0.9999697805137987,0.619335739193668,1.0,0.5249555682783997,0.42227064604600306,0.6200800951484386,0.7435946648240798,0.6812907329857932,0.7996206901592231,0.7996206901592231,0.6468243667670309,0.031655884087808984,0.6668183399256715,0.4058367641988276,-0.1645070660612838,-0.2317115348449385,0.8012707674610633,0.3902715126463126,0.7102407793199401,0.7778892830245617,0.6991924960680177,0.5431929454916018,0.6943620313939178,0.6792771134844591,0.7325866023316947,0.6177780151911626,0.649368106149543],[0.9912778327148978,0.9909143064012558,0.9912778327148978,0.9922342509170187,0.9922342509170187,0.9658651266562557,0.9658651266562557,0.9319169011209991,0.9319169011209991,0.5273873795217747,0.9917756118372891,0.5249555682783997,1.0,0.9998145925806009,0.9916573822664262,0.9616280070090338,0.9895324311733356,0.8730281825462264,0.8730281825462264,0.829788136954762,-0.021118958557745347,0.9909788718739259,0.9164514919748912,-0.6721097374869668,0.4636974495112279,0.7804160579426975,0.9081703998766681,0.9351611963591062,0.8664647080657021,0.7503030616147554,0.9288106819000893,0.8302932937123552,0.7132618219720548,0.8853662540127988,0.9557757852993471,0.8267417495129347],[0.9918179146560799,0.9912868074033038,0.9918179146560799,0.9902033151647512,0.9902033151647512,0.9631694066221216,0.9631694066221216,0.9263487179304781,0.9263487179304781,0.4252291141363793,0.990044781154402,0.42227064604600306,0.9998145925806009,1.0,0.9900836163126014,0.9580354975790648,0.9893488467358662,0.8564550296491211,0.8564550296491211,0.8517550261487656,-0.14486015545372805,0.9879673090709818,0.9215518462728035,-0.825261178654585,0.49912661487689314,0.7304613551284667,0.9143802818376592,0.9271771370793777,0.8489112381959706,0.6917256715455713,0.9357213696322774,0.8229242375830846,0.6496012289274244,0.904400595583199,0.9565296520964617,0.8035330487212207],[0.9949219891611637,0.9949247761942918,0.9949219891611637,0.9995429774718836,0.9995429774718836,0.9557020549271571,0.9557020549271571,0.9367683849170982,0.9367683849170982,0.6217465052393165,0.9999346826645098,0.6200800951484386,0.9916573822664262,0.9900836163126014,1.0,0.9541987213175026,0.9943835705354769,0.8952053556009291,0.8952053556009291,0.8523605701065862,-0.03951670709372519,0.9966293540153376,0.9013904219222648,-0.5321138230842379,0.3937406213134596,0.8170589911553359,0.8897508912789278,0.9349510866063813,0.8892970234026742,0.8139985120339231,0.9275348840039113,0.8615084769802382,0.7510931382227416,0.9050717704852749,0.9489696625219008,0.8034784553896646],[0.9760590807060375,0.9756020146631217,0.9760590807060375,0.9586816498267612,0.9586816498267612,0.9990732655250616,0.9990732655250616,0.9371530876165431,0.9371530876165431,0.7539006264008719,0.9540257250884636,0.7435946648240798,0.9616280070090338,0.9580354975790648,0.9541987213175026,1.0,0.9761977027211868,0.9174107195616741,0.9174107195616741,0.7008164049692958,-0.10890237690144111,0.9476820662513094,0.6787758936892943,-0.4483420865665801,-0.1568811799230311,0.895630991024066,0.8482394747020754,0.9343910872416898,0.9036030850426039,0.7895551868123792,0.8705729806920999,0.791407401462869,0.7502987753556498,0.8920951355205381,0.875869890081681,0.8065446711885129],[0.9991914161065367,0.9991926758639119,0.9991914161065367,0.9949544716957742,0.9949544716957742,0.976178184170139,0.976178184170139,0.9462390029310268,0.9462390029310268,0.6827848330662658,0.9942606087495393,0.6812907329857932,0.9895324311733356,0.9893488467358662,0.9943835705354769,0.9761977027211868,1.0,0.9227916386392931,0.9227916386392931,0.8635296483112606,-0.023032195822180312,0.9878209229358403,0.8732257917198774,-0.515472063732152,0.4071874264151786,0.8630551244981597,0.8782277035029464,0.947413968845677,0.9204729330207359,0.8345094558417079,0.9161751281600155,0.8931666449367838,0.795640904946695,0.9191832354888351,0.9576166273493224,0.8516561587114496],[0.9123948474000801,0.9123230147643777,0.9123948474000801,0.8849089889797578,0.8849089889797578,0.9161125603068925,0.9161125603068925,0.970226447524269,0.970226447524269,0.805288183630238,0.8946060375127189,0.7996206901592231,0.8730281825462264,0.8564550296491211,0.8952053556009291,0.9174107195616741,0.9227916386392931,1.0,1.0,0.7503622476031041,-0.05581757669330357,0.8487999311920534,0.5737724643872886,-0.22702950846012804,-0.20184470222855963,0.8339163219976651,0.7084502160187253,0.8429339545393771,0.9198422019201075,0.8451739816674938,0.7987425921728747,0.7657273302223456,0.7081583585658117,0.8521354343912784,0.7863195578223724,0.8577726865656785],[0.9123948474000801,0.9123230147643777,0.9123948474000801,0.8849089889797578,0.8849089889797578,0.9161125603068925,0.9161125603068925,0.970226447524269,0.970226447524269,0.805288183630238,0.8946060375127189,0.7996206901592231,0.8730281825462264,0.8564550296491211,0.8952053556009291,0.9174107195616741,0.9227916386392931,1.0,1.0,0.7503622476031041,-0.05581757669330357,0.8487999311920534,0.5737724643872886,-0.22702950846012804,-0.20184470222855963,0.8339163219976651,0.7084502160187253,0.8429339545393771,0.9198422019201075,0.8451739816674938,0.7987425921728747,0.7657273302223456,0.7081583585658117,0.8521354343912784,0.7863195578223724,0.8577726865656785],[0.7768472033424016,0.7945219422852934,0.7768472033424016,0.7482506444791368,0.7482506444791368,0.652197611555953,0.652197611555953,0.6016153721458246,0.6016153721458246,0.6902945984724502,0.8515190128237567,0.6468243667670309,0.829788136954762,0.8517550261487656,0.8523605701065862,0.7008164049692958,0.8635296483112606,0.7503622476031041,0.7503622476031041,1.0,0.022921676179305524,0.7088234849872258,-0.33142660768237614,0.2900646975649733,-0.6512740479024834,0.37120449217003876,0.6705040253033764,0.524998575090014,0.8399074999721364,0.7024259785269089,0.15275104265092979,0.3278760568828373,0.571259763154265,0.7859556531989493,0.49537289783931904,-0.12662099082099149],[-0.17084199156069146,0.04076807667139536,-0.17084199156069146,-0.17897510674944808,-0.17897510674944808,-0.12351301370076279,-0.12351301370076279,-0.00218615926975951,-0.00218615926975951,-0.09786369002240129,-0.039443827649567484,0.031655884087808984,-0.021118958557745347,-0.14486015545372805,-0.03951670709372519,-0.10890237690144111,-0.023032195822180312,-0.05581757669330357,-0.05581757669330357,0.022921676179305524,1.0,-0.11714586808458986,0.0919181305737429,0.17058468642994504,0.7450046380774937,-0.10370122607025994,-0.07761060389049122,-0.0374887727499725,0.1445293146545187,-0.018781464419083016,0.010846004918832329,0.3049126358162217,0.5574347233977432,-0.14142666171139587,0.08165107397825021,0.14102619500847893],[0.9793062651254879,0.9717420482000134,0.9793062651254879,0.9916876956383183,0.9916876956383183,0.9429848065625211,0.9429848065625211,0.8588140730099498,0.8588140730099498,0.7166682552957238,0.9967883332747463,0.6668183399256715,0.9909788718739259,0.9879673090709818,0.9966293540153376,0.9476820662513094,0.9878209229358403,0.8487999311920534,0.8487999311920534,0.7088234849872258,-0.11714586808458986,1.0,0.15362409429157645,-0.23403068753507994,-0.2827179970314098,0.6736701354136546,0.9251477955795386,0.904676443596113,0.840833080505389,0.7548915638847686,0.642912924074991,0.6074451919102545,0.5181845347834998,0.9009327259122019,0.6977184631324951,0.223202740142253],[0.2170804638115796,-0.008683971020613964,0.2170804638115796,0.2456417939330037,0.2456417939330037,0.360579110596746,0.360579110596746,0.5793101044990564,0.5793101044990564,0.0357179368250192,0.9017710024159871,0.4058367641988276,0.9164514919748912,0.9215518462728035,0.9013904219222648,0.6787758936892943,0.8732257917198774,0.5737724643872886,0.5737724643872886,-0.33142660768237614,0.0919181305737429,0.15362409429157645,1.0,-0.47327427605652944,0.6950378216454316,0.39777115385874884,0.17829328794697513,0.35060311345037953,-0.06169603001698942,0.11362080679971034,0.61711039429826,0.49688211573556695,0.21060327963648046,0.054727471852243116,0.41810879567889997,0.48261741387436097],[-0.1435197481384473,-0.13658990886466296,-0.1435197481384473,-0.18004263683631536,-0.18004263683631536,-0.31786958822111056,-0.31786958822111056,-0.3441404725294851,-0.3441404725294851,0.04972307766982228,-0.5344667300472928,-0.1645070660612838,-0.6721097374869668,-0.825261178654585,-0.5321138230842379,-0.4483420865665801,-0.515472063732152,-0.22702950846012804,-0.22702950846012804,0.2900646975649733,0.17058468642994504,-0.23403068753507994,-0.47327427605652944,1.0,-0.02453297088707487,-0.1885930098605594,-0.23546278108777863,-0.32888164838530287,-0.07030605042751073,-0.10173115681309967,-0.57781258002831,-0.22158260427251042,-0.03717680617987885,-0.08066602284844998,-0.25307600561287374,-0.420681078008725],[-0.24074243481451205,-0.2407591357441334,-0.24074243481451205,-0.2384839273603013,-0.2384839273603013,-0.11791964445517654,-0.11791964445517654,0.011555107847153077,0.011555107847153077,-0.24286913317529604,0.3926727692474736,-0.2317115348449385,0.4636974495112279,0.49912661487689314,0.3937406213134596,-0.1568811799230311,0.4071874264151786,-0.20184470222855963,-0.20184470222855963,-0.6512740479024834,0.7450046380774937,-0.2827179970314098,0.6950378216454316,-0.02453297088707487,1.0,-0.10716441512463419,-0.21409628266770242,-0.06790438971044542,-0.3486246171622822,-0.3262815430234876,0.058947242242425674,0.15572188203496556,0.2603319274176313,-0.3708504534714772,0.10168931663582388,0.08570783185556848],[0.8188949984040397,0.6597543445622773,0.8188949984040397,0.8067931974233337,0.8067931974233337,0.8841122942999005,0.8841122942999005,0.796157870342105,0.796157870342105,0.7737846762109386,0.8163817323863605,0.8012707674610633,0.7804160579426975,0.7304613551284667,0.8170589911553359,0.895630991024066,0.8630551244981597,0.8339163219976651,0.8339163219976651,0.37120449217003876,-0.10370122607025994,0.6736701354136546,0.39777115385874884,-0.1885930098605594,-0.10716441512463419,1.0,0.5502720392387354,0.8441593182615906,0.5108159341438818,0.6417938537058143,0.5739640631324604,0.6692853927879303,0.4318624089252217,0.7176634419970445,0.7144617783465264,0.4340418886818264],[0.903628951164215,0.9034944213914226,0.903628951164215,0.9205938157580659,0.9205938157580659,0.8582391200314482,0.8582391200314482,0.7552993624767044,0.7552993624767044,0.4908955976780802,0.8911503042930078,0.3902715126463126,0.9081703998766681,0.9143802818376592,0.8897508912789278,0.8482394747020754,0.8782277035029464,0.7084502160187253,0.7084502160187253,0.6705040253033764,-0.07761060389049122,0.9251477955795386,0.17829328794697513,-0.23546278108777863,-0.21409628266770242,0.5502720392387354,1.0,0.8037047319729465,0.7481089877005864,0.6555268721995222,0.5743395026534681,0.5112582729845163,0.4840477515932485,0.8233047996764074,0.6537019764645287,0.164421398945975],[0.9214096800524163,0.8994237811017178,0.9214096800524163,0.9208648864772334,0.9208648864772334,0.9378996385195916,0.9378996385195916,0.8840784140856917,0.8840784140856917,0.7407490509095368,0.9352514980627368,0.7102407793199401,0.9351611963591062,0.9271771370793777,0.9349510866063813,0.9343910872416898,0.947413968845677,0.8429339545393771,0.8429339545393771,0.524998575090014,-0.0374887727499725,0.904676443596113,0.35060311345037953,-0.32888164838530287,-0.06790438971044542,0.8441593182615906,0.8037047319729465,1.0,0.7613915645149765,0.6315463009925584,0.6399694736787866,0.6192093841518493,0.5344537138648329,0.8320175145392034,0.8495893855772761,0.2523843476970504],[0.9173888330570544,0.9124921821103346,0.9173888330570544,0.8973696981053352,0.8973696981053352,0.8961011709126788,0.8961011709126788,0.8567645263621565,0.8567645263621565,0.8077055231731959,0.8889885346739953,0.7778892830245617,0.8664647080657021,0.8489112381959706,0.8892970234026742,0.9036030850426039,0.9204729330207359,0.9198422019201075,0.9198422019201075,0.8399074999721364,0.1445293146545187,0.840833080505389,-0.06169603001698942,-0.07030605042751073,-0.3486246171622822,0.5108159341438818,0.7481089877005864,0.7613915645149765,1.0,0.9100522501710109,0.5689080331319596,0.6994042499749031,0.6691969134691208,0.8829377936846965,0.5315629972699203,0.3183356990475585],[0.786365322899432,0.7956208138494528,0.786365322899432,0.7872503885384812,0.7872503885384812,0.754424495567187,0.754424495567187,0.7688206435621939,0.7688206435621939,0.677687555579375,0.8127688605228274,0.6991924960680177,0.7503030616147554,0.6917256715455713,0.8139985120339231,0.7895551868123792,0.8345094558417079,0.8451739816674938,0.8451739816674938,0.7024259785269089,-0.018781464419083016,0.7548915638847686,0.11362080679971034,-0.10173115681309967,-0.3262815430234876,0.6417938537058143,0.6555268721995222,0.6315463009925584,0.9100522501710109,1.0,0.6029434128716022,0.6827786198699245,0.6139605349182441,0.7446931817436702,0.608410139960845,0.4880765159779408],[0.6103372826178274,0.6027313573741837,0.6103372826178274,0.6401762624875782,0.6401762624875782,0.7780409872370342,0.7780409872370342,0.8841100721320206,0.8841100721320206,0.34078144609630096,0.9278532521780114,0.5431929454916018,0.9288106819000893,0.9357213696322774,0.9275348840039113,0.8705729806920999,0.9161751281600155,0.7987425921728747,0.7987425921728747,0.15275104265092979,0.010846004918832329,0.642912924074991,0.61711039429826,-0.57781258002831,0.058947242242425674,0.5739640631324604,0.5743395026534681,0.6399694736787866,0.5689080331319596,0.6029434128716022,1.0,0.7493280097431013,0.38936602035630274,0.5437118386352315,0.6300518882987249,0.7526536973802826],[0.6484826638183603,0.6460209944207043,0.6484826638183603,0.6397579964388425,0.6397579964388425,0.7453662273858928,0.7453662273858928,0.7893018211493905,0.7893018211493905,0.5261229321175569,0.8605450116182615,0.6943620313939178,0.8302932937123552,0.8229242375830846,0.8615084769802382,0.791407401462869,0.8931666449367838,0.7657273302223456,0.7657273302223456,0.3278760568828373,0.3049126358162217,0.6074451919102545,0.49688211573556695,-0.22158260427251042,0.15572188203496556,0.6692853927879303,0.5112582729845163,0.6192093841518493,0.6994042499749031,0.6827786198699245,0.7493280097431013,1.0,0.77941595203507,0.5219518493034526,0.7378959519247908,0.561129210278303],[0.6199978577233793,0.6446264560277494,0.6199978577233793,0.5869424796966637,0.5869424796966637,0.693491948213031,0.693491948213031,0.7123154720227537,0.7123154720227537,0.5628975024691352,0.7502900384749102,0.6792771134844591,0.7132618219720548,0.6496012289274244,0.7510931382227416,0.7502987753556498,0.795640904946695,0.7081583585658117,0.7081583585658117,0.571259763154265,0.5574347233977432,0.5181845347834998,0.21060327963648046,-0.03717680617987885,0.2603319274176313,0.4318624089252217,0.4840477515932485,0.5344537138648329,0.6691969134691208,0.6139605349182441,0.38936602035630274,0.77941595203507,1.0,0.49823877704520875,0.661882377749762,0.21250180925897874],[0.9348255268859911,0.9329191890560891,0.9348255268859911,0.9226761947204416,0.9226761947204416,0.8710291304224267,0.8710291304224267,0.808306212493002,0.808306212493002,0.7794920381241016,0.9050695328970669,0.7325866023316947,0.8853662540127988,0.904400595583199,0.9050717704852749,0.8920951355205381,0.9191832354888351,0.8521354343912784,0.8521354343912784,0.7859556531989493,-0.14142666171139587,0.9009327259122019,0.054727471852243116,-0.08066602284844998,-0.3708504534714772,0.7176634419970445,0.8233047996764074,0.8320175145392034,0.8829377936846965,0.7446931817436702,0.5437118386352315,0.5219518493034526,0.49823877704520875,1.0,0.7554741470354515,0.20466274856217448],[0.8510884917846996,0.7172519645666326,0.8510884917846996,0.8418964307628374,0.8418964307628374,0.8785858409751435,0.8785858409751435,0.8622872292044497,0.8622872292044497,0.6364403045590329,0.9487501165903217,0.6177780151911626,0.9557757852993471,0.9565296520964617,0.9489696625219008,0.875869890081681,0.9576166273493224,0.7863195578223724,0.7863195578223724,0.49537289783931904,0.08165107397825021,0.6977184631324951,0.41810879567889997,-0.25307600561287374,0.10168931663582388,0.7144617783465264,0.6537019764645287,0.8495893855772761,0.5315629972699203,0.608410139960845,0.6300518882987249,0.7378959519247908,0.661882377749762,0.7554741470354515,1.0,0.21893116420823372],[0.22617805124713986,0.22375121570627682,0.22617805124713986,0.23967371570548998,0.23967371570548998,0.49613288159428814,0.49613288159428814,0.8157529161726698,0.8157529161726698,0.1696449375821691,0.8022651060747974,0.649368106149543,0.8267417495129347,0.8035330487212207,0.8034784553896646,0.8065446711885129,0.8516561587114496,0.8577726865656785,0.8577726865656785,-0.12662099082099149,0.14102619500847893,0.223202740142253,0.48261741387436097,-0.420681078008725,0.08570783185556848,0.4340418886818264,0.164421398945975,0.2523843476970504,0.3183356990475585,0.4880765159779408,0.7526536973802826,0.561129210278303,0.21250180925897874,0.20466274856217448,0.21893116420823372,1.0]],"x":["^TAIEX       \u81fa\u7063\u52a0\u6b0a\u5831\u916c\u6307\u6578","^TWII        \u81fa\u7063\u52a0\u6b0a\u6307\u6578","^TAIEXx2     \u81fa\u7063\u52a0\u6b0a\u5831\u916c\u6307\u6578_\u65e5\u6b632","^TAI50I      \u81fa\u706350\u5831\u916c\u6307\u6578","^TAI50Ix2    \u81fa\u706350\u5831\u916c\u6307\u6578_\u65e5\u6b632","^TAI100I     \u81fa\u7063\u4e2d\u578b100\u5831\u916c\u6307\u6578","^TAI100Ix2   \u81fa\u7063\u4e2d\u578b100\u5831\u916c\u6307\u6578_\u65e5\u6b632","^TAIDIVIDI   \u81fa\u7063\u9ad8\u80a1\u606f\u5831\u916c\u6307\u6578","^TAIDIVIDIx2 \u81fa\u7063\u9ad8\u80a1\u606f\u5831\u916c\u6307\u6578_\u65e5\u6b632","0050Fund     \u5143\u5927\u53f0\u7063\u5353\u8d8a50\u57fa\u91d1","006208Fund   \u5bcc\u90a6\u53f0\u7063\u91c6\u540950\u57fa\u91d1","0050         \u5143\u5927\u81fa\u706350","00631L       \u5143\u5927\u53f0\u706350\u6b632","00675L       \u5bcc\u90a6\u81fa\u7063\u52a0\u6b0a\u6b632","006208       \u5bcc\u90a6\u53f050","0051         \u5143\u5927\u4e2d\u578b100","006204       \u6c38\u8c50\u81fa\u7063\u52a0\u6b0a","0056         \u5143\u5927\u9ad8\u80a1\u606f","0056         \u5143\u5927\u9ad8\u80a1\u606f_\u80a1\u606f\u4e0d\u6295\u5165","2412         \u4e2d\u83ef\u96fb\u4fe1","2002         \u4e2d\u92fc","2330         \u53f0\u7a4d\u96fb","2317         \u9d3b\u6d77","6505         \u53f0\u5851\u77f3\u5316","3481         \u7fa4\u5275","2303         \u806f\u96fb","2308         \u53f0\u9054\u96fb","2454         \u806f\u767c\u79d1","2886         \u5146\u8c50\u91d1","2884         \u7389\u5c71\u91d1","2891         \u4e2d\u4fe1\u91d1","2892         \u7b2c\u4e00\u91d1","5880         \u5408\u5eab\u91d1","2881         \u5bcc\u90a6\u91d1","2885         \u5143\u5927\u91d1","2887         \u53f0\u65b0\u91d1"],"y":["^TAIEX       \u81fa\u7063\u52a0\u6b0a\u5831\u916c\u6307\u6578","^TWII        \u81fa\u7063\u52a0\u6b0a\u6307\u6578","^TAIEXx2     \u81fa\u7063\u52a0\u6b0a\u5831\u916c\u6307\u6578_\u65e5\u6b632","^TAI50I      \u81fa\u706350\u5831\u916c\u6307\u6578","^TAI50Ix2    \u81fa\u706350\u5831\u916c\u6307\u6578_\u65e5\u6b632","^TAI100I     \u81fa\u7063\u4e2d\u578b100\u5831\u916c\u6307\u6578","^TAI100Ix2   \u81fa\u7063\u4e2d\u578b100\u5831\u916c\u6307\u6578_\u65e5\u6b632","^TAIDIVIDI   \u81fa\u7063\u9ad8\u80a1\u606f\u5831\u916c\u6307\u6578","^TAIDIVIDIx2 \u81fa\u7063\u9ad8\u80a1\u606f\u5831\u916c\u6307\u6578_\u65e5\u6b632","0050Fund     \u5143\u5927\u53f0\u7063\u5353\u8d8a50\u57fa\u91d1","006208Fund   \u5bcc\u90a6\u53f0\u7063\u91c6\u540950\u57fa\u91d1","0050         \u5143\u5927\u81fa\u706350","00631L       \u5143\u5927\u53f0\u706350\u6b632","00675L       \u5bcc\u90a6\u81fa\u7063\u52a0\u6b0a\u6b632","006208       \u5bcc\u90a6\u53f050","0051         \u5143\u5927\u4e2d\u578b100","006204       \u6c38\u8c50\u81fa\u7063\u52a0\u6b0a","0056         \u5143\u5927\u9ad8\u80a1\u606f","0056         \u5143\u5927\u9ad8\u80a1\u606f_\u80a1\u606f\u4e0d\u6295\u5165","2412         \u4e2d\u83ef\u96fb\u4fe1","2002         \u4e2d\u92fc","2330         \u53f0\u7a4d\u96fb","2317         \u9d3b\u6d77","6505         \u53f0\u5851\u77f3\u5316","3481         \u7fa4\u5275","2303         \u806f\u96fb","2308         \u53f0\u9054\u96fb","2454         \u806f\u767c\u79d1","2886         \u5146\u8c50\u91d1","2884         \u7389\u5c71\u91d1","2891         \u4e2d\u4fe1\u91d1","2892         \u7b2c\u4e00\u91d1","5880         \u5408\u5eab\u91d1","2881         \u5bcc\u90a6\u91d1","2885         \u5143\u5927\u91d1","2887         \u53f0\u65b0\u91d1"],"zmin":-1,"zmax":1,"colorbar":{"x":-0.2}}],"layout":{"autotypenumbers":"strict","colorway":["#636efa","#EF553B","#00cc96","#ab63fa","#FFA15A","#19d3f3","#FF6692","#B6E880","#FF97FF","#FECB52"],"font":{"color":"#f2f5fa","family":"Courier New"},"hovermode":"closest","hoverlabel":{"align":"left"},"paper_bgcolor":"rgb(17,17,17)","plot_bgcolor":"rgb(17,17,17)","polar":{"bgcolor":"rgb(17,17,17)","angularaxis":{"gridcolor":"#506784","linecolor":"#506784","ticks":""},"radialaxis":{"gridcolor":"#506784","linecolor":"#506784","ticks":""}},"ternary":{"bgcolor":"rgb(17,17,17)","aaxis":{"gridcolor":"#506784","linecolor":"#506784","ticks":""},"baxis":{"gridcolor":"#506784","linecolor":"#506784","ticks":""},"caxis":{"gridcolor":"#506784","linecolor":"#506784","ticks":""}},"coloraxis":{"colorbar":{"outlinewidth":0,"ticks":""}},"colorscale":{"sequential":[[0.0,"#0d0887"],[0.1111111111111111,"#46039f"],[0.2222222222222222,"#7201a8"],[0.3333333333333333,"#9c179e"],[0.4444444444444444,"#bd3786"],[0.5555555555555556,"#d8576b"],[0.6666666666666666,"#ed7953"],[0.7777777777777778,"#fb9f3a"],[0.8888888888888888,"#fdca26"],[1.0,"#f0f921"]],"sequentialminus":[[0.0,"#0d0887"],[0.1111111111111111,"#46039f"],[0.2222222222222222,"#7201a8"],[0.3333333333333333,"#9c179e"],[0.4444444444444444,"#bd3786"],[0.5555555555555556,"#d8576b"],[0.6666666666666666,"#ed7953"],[0.7777777777777778,"#fb9f3a"],[0.8888888888888888,"#fdca26"],[1.0,"#f0f921"]],"diverging":[[0,"#8e0152"],[0.1,"#c51b7d"],[0.2,"#de77ae"],[0.3,"#f1b6da"],[0.4,"#fde0ef"],[0.5,"#f7f7f7"],[0.6,"#e6f5d0"],[0.7,"#b8e186"],[0.8,"#7fbc41"],[0.9,"#4d9221"],[1,"#276419"]]},"xaxis":{"gridcolor":"rgba(0, 0, 0, 0)","linecolor":"#506784","ticks":"","title":{"standoff":15},"zerolinecolor":"#283442","automargin":true,"zerolinewidth":2,"tickfont":{"family":"Courier New","size":14},"side":"top","tickangle":-90},"yaxis":{"gridcolor":"rgba(0, 0, 0, 0)","linecolor":"#506784","ticks":"","title":{"standoff":15},"zerolinecolor":"#283442","automargin":true,"zerolinewidth":2,"tickfont":{"family":"Courier New"},"side":"right"},"scene":{"xaxis":{"backgroundcolor":"rgb(17,17,17)","gridcolor":"#506784","linecolor":"#506784","showbackground":true,"ticks":"","zerolinecolor":"#C8D4E3","gridwidth":2},"yaxis":{"backgroundcolor":"rgb(17,17,17)","gridcolor":"#506784","linecolor":"#506784","showbackground":true,"ticks":"","zerolinecolor":"#C8D4E3","gridwidth":2},"zaxis":{"backgroundcolor":"rgb(17,17,17)","gridcolor":"#506784","linecolor":"#506784","showbackground":true,"ticks":"","zerolinecolor":"#C8D4E3","gridwidth":2}},"shapedefaults":{"line":{"color":"#f2f5fa"}},"annotationdefaults":{"arrowcolor":"#f2f5fa","arrowhead":0,"arrowwidth":1},"geo":{"bgcolor":"rgb(17,17,17)","landcolor":"rgb(17,17,17)","subunitcolor":"#506784","showland":true,"showlakes":true,"lakecolor":"rgb(17,17,17)"},"title":{"x":0.05,"font":{"family":"Times New Roman"},"y":0.05,"text":"<b>Correlation of Close<b><br><i>2016-09-23 ~ 2026-02-10<i>"},"updatemenudefaults":{"bgcolor":"#506784","borderwidth":0},"sliderdefaults":{"bgcolor":"#C8D4E3","borderwidth":1,"bordercolor":"rgb(17,17,17)","tickwidth":0},"mapbox":{"style":"dark"},"annotations":[{"text":"<b>@zwindr<b>","textangle":0,"opacity":0.5,"font":{"color":"white","size":12},"xref":"paper","yref":"paper","xanchor":"left","yanchor":"bottom","x":1.0,"y":1.0,"showarrow":false}]},"config":{"responsive":true,"toImageButtonOptions":{"filename":"Correlation of Close_2016-09-23~2026-02-10","scale":5}}};Plotly.newPlot("correlationClose",correlationClose.data,correlationClose.layout||{},correlationClose.config);}else{console.log("style display is none => correlationClose");}