var config = { responsive: true }

var correlationAdjClose = {"data": [{"type": "heatmap", "z": [[1.0, 0.9936285094842641, 0.9757411165746973, 0.9978045704999097, 0.9642614095901078, 0.9804206764333113, -0.9392945700074041, 0.9894263713093676, 0.9679208741074778, 0.9966304150366735, 0.992947600827015, 0.9939215835367732, 0.9972504737389831, 0.9779217955402321, 0.9995576946160083, 0.9865255697427342, 0.912661936826767, 0.7583959692085288, 0.985717906761836, 0.924179111000353, 0.4828947961319587, -0.3444117430511724, 0.8983368930895004, 0.9733562065385859, 0.9512778573390727], [0.9936285094842641, 1.0, 0.9710968670767772, 0.991248642078633, 0.9600692981734508, 0.975508484827725, -0.9344116177360866, 0.9796644966060414, 0.9606669292511572, 0.9938644508547763, 0.9918545543365412, 0.9911122516462021, 0.9952430772860397, 0.9726593768153283, 0.9963389784912551, 0.9824906411582374, 0.9012064155561591, 0.7653641296302248, 0.966554552762982, 0.9019999930336356, 0.4808250980870282, -0.26684112673884014, 0.870304024419463, 0.9605861992100657, 0.9514878360681155], [0.9757411165746973, 0.9710968670767772, 1.0, 0.981619483427399, 0.996308522165875, 0.9787243019144339, -0.9748475186505922, 0.9689090085789297, 0.9830008642507643, 0.9856025502423804, 0.9974133582971878, 0.9973403536333384, 0.9884670126867482, 0.9771034243548671, 0.9875300547972949, 0.9753990775649323, 0.814794415801446, 0.6498460460381976, 0.9894777977210649, 0.9124637898299702, 0.3169425170589046, -0.2628499831234647, 0.9067900607823618, 0.9394449562598037, 0.9775210236830632], [0.9978045704999097, 0.991248642078633, 0.981619483427399, 1.0, 0.9753011380117816, 0.9727070088100831, -0.9339033164474979, 0.9839575182094336, 0.9651864265458029, 0.999261073380175, 0.9920273973034883, 0.9906214659781055, 0.9999023204298011, 0.9678552589300158, 0.9960474228926834, 0.9814045572549128, 0.8983536082438363, 0.7309816505694589, 0.9931692685694313, 0.9259134731877942, 0.4626883447979104, -0.3361520483509, 0.8979613695459926, 0.9672536868518834, 0.9572469846849458], [0.9642614095901078, 0.9600692981734508, 0.996308522165875, 0.9753011380117816, 1.0, 0.9589012209111607, -0.9566378549514893, 0.9545680469767192, 0.9710325370188585, 0.9818950469510674, 0.9881886586288775, 0.9846709547444997, 0.9848335235815175, 0.956452833572641, 0.9761958991699066, 0.9612047209991844, 0.7947695050336292, 0.6178660633554824, 0.9885642056669011, 0.909457720423652, 0.29731282192836433, -0.25539380039564913, 0.8906078909437154, 0.9244663756116489, 0.975441718701486], [0.9804206764333113, 0.975508484827725, 0.9787243019144339, 0.9727070088100831, 0.9589012209111607, 1.0, -0.9796322689656091, 0.9793760209801187, 0.978814371222996, 0.9718011028227561, 0.9760691817464531, 0.9739985934134973, 0.9684466102979075, 0.998872346557003, 0.985910227996574, 0.9857291591967448, 0.8517519988118126, 0.7246316390922455, 0.9670838607989268, 0.8911588676883343, 0.34469859396194064, -0.2544295500602573, 0.9354261800651272, 0.9555391924618857, 0.9577471198665728], [-0.9392945700074041, -0.9344116177360866, -0.9748475186505922, -0.9339033164474979, -0.9566378549514893, -0.9796322689656091, 1.0, -0.9487373282078716, -0.9824967151741703, -0.9415587835124198, -0.9728322942379254, -0.97483434516516, -0.9470738886976282, -0.9859595474392069, -0.963250766555239, -0.9647159776384598, -0.7598690281946068, -0.6211736975003823, -0.9403065796169838, -0.8774604439311023, -0.19853841813481835, 0.1840219307202937, -0.9026950879986824, -0.9093240375996571, -0.9551324900958578], [0.9894263713093676, 0.9796644966060414, 0.9689090085789297, 0.9839575182094336, 0.9545680469767192, 0.9793760209801187, -0.9487373282078716, 1.0, 0.9813949830368669, 0.9808473090646348, 0.9745003021071129, 0.9734642135283617, 0.9793108120786994, 0.9754043612710493, 0.9869329517779801, 0.9963971125166469, 0.9204754174412255, 0.6958557027073229, 0.9738965275093481, 0.8975750786650561, 0.3512369497757018, -0.3522822672470094, 0.9034808113427134, 0.9541987368812005, 0.9335241296230261], [0.9679208741074778, 0.9606669292511572, 0.9830008642507643, 0.9651864265458029, 0.9710325370188585, 0.978814371222996, -0.9824967151741703, 0.9813949830368669, 1.0, 0.9643446189405469, 0.9712344932942228, 0.9681615127074455, 0.9613261259668587, 0.9770167224306558, 0.9684885888862887, 0.9870305031543156, 0.8435140162990604, 0.621506892184326, 0.9657879309939303, 0.9051163883757999, 0.20604509132112686, -0.26682525236572346, 0.8849447634563383, 0.9287215523546299, 0.956965612202633], [0.9966304150366735, 0.9938644508547763, 0.9856025502423804, 0.999261073380175, 0.9818950469510674, 0.9718011028227561, -0.9415587835124198, 0.9808473090646348, 0.9643446189405469, 1.0, 0.9909983948688311, 0.9892274592081427, 0.9998381969433732, 0.9687782719820813, 0.995297708222803, 0.9815010500321629, 0.9108081708875939, 0.7081140953046925, 0.9955193824959606, 0.9191271324564004, 0.28958031393225003, -0.29770440271678017, 0.9301529944202607, 0.9565964775456667, 0.9552321829630743], [0.992947600827015, 0.9918545543365412, 0.9974133582971878, 0.9920273973034883, 0.9881886586288775, 0.9760691817464531, -0.9728322942379254, 0.9745003021071129, 0.9712344932942228, 0.9909983948688311, 1.0, 0.9996599182250813, 0.9918126096280075, 0.9770705036430861, 0.9932808590610664, 0.9759606378306876, 0.9054197646606057, 0.608732814093185, 0.9876782357771515, 0.8898202797537283, -0.2621443974224759, 0.3162838046790856, 0.9079422102660804, 0.9523476456962162, 0.9763998971899056], [0.9939215835367732, 0.9911122516462021, 0.9973403536333384, 0.9906214659781055, 0.9846709547444997, 0.9739985934134973, -0.97483434516516, 0.9734642135283617, 0.9681615127074455, 0.9892274592081427, 0.9996599182250813, 1.0, 0.9904273506345911, 0.975101094347395, 0.9940213845878921, 0.9751732519409574, 0.9143358236532353, 0.49883363372663786, 0.9829858414804188, 0.8758853449374547, -0.6830723483793704, 0.347475149873353, 0.8812013082080344, 0.9491020044171405, 0.9758515166802179], [0.9972504737389831, 0.9952430772860397, 0.9884670126867482, 0.9999023204298011, 0.9848335235815175, 0.9684466102979075, -0.9470738886976282, 0.9793108120786994, 0.9613261259668587, 0.9998381969433732, 0.9918126096280075, 0.9904273506345911, 1.0, 0.9691475177591079, 0.9956190473281035, 0.9803038948365349, 0.928232142654704, 0.6699522354150443, 0.9970254732895578, 0.8988244511148801, 0.040060552859019584, 0.2365048720653103, 0.9197730841501667, 0.9488295412575039, 0.9633774161047937], [0.9779217955402321, 0.9726593768153283, 0.9771034243548671, 0.9678552589300158, 0.956452833572641, 0.998872346557003, -0.9859595474392069, 0.9754043612710493, 0.9770167224306558, 0.9687782719820813, 0.9770705036430861, 0.975101094347395, 0.9691475177591079, 1.0, 0.9860418709027665, 0.9834387199790295, 0.8656066421698808, 0.7273860512577328, 0.962449807707762, 0.8802791922988304, 0.20588381707098394, -0.22354569009833183, 0.944539415526612, 0.9504633822808451, 0.956735996902684], [0.9995576946160083, 0.9963389784912551, 0.9875300547972949, 0.9960474228926834, 0.9761958991699066, 0.985910227996574, -0.963250766555239, 0.9869329517779801, 0.9684885888862887, 0.995297708222803, 0.9932808590610664, 0.9940213845878921, 0.9956190473281035, 0.9860418709027665, 1.0, 0.9872407455934982, 0.9351555955189212, 0.7065348172226145, 0.9895297133353502, 0.8954991611972112, 0.084957190939535, 0.2337683984636145, 0.9374245881537385, 0.9590561747451716, 0.9622769161800759], [0.9865255697427342, 0.9824906411582374, 0.9753990775649323, 0.9814045572549128, 0.9612047209991844, 0.9857291591967448, -0.9647159776384598, 0.9963971125166469, 0.9870305031543156, 0.9815010500321629, 0.9759606378306876, 0.9751732519409574, 0.9803038948365349, 0.9834387199790295, 0.9872407455934982, 1.0, 0.902867402482632, 0.6977262979447038, 0.9732234641076627, 0.8967723312778343, 0.28465680070280736, -0.2911184915053578, 0.9150363877195973, 0.9439024991452054, 0.9446323547051269], [0.912661936826767, 0.9012064155561591, 0.814794415801446, 0.8983536082438363, 0.7947695050336292, 0.8517519988118126, -0.7598690281946068, 0.9204754174412255, 0.8435140162990604, 0.9108081708875939, 0.9054197646606057, 0.9143358236532353, 0.928232142654704, 0.8656066421698808, 0.9351555955189212, 0.902867402482632, 1.0, 0.858801042843544, 0.8466534109697329, 0.8735836795362745, 0.7313023700074694, -0.5840651808750609, 0.672093205130244, 0.9102269069602755, 0.7868759161414028], [0.7583959692085288, 0.7653641296302248, 0.6498460460381976, 0.7309816505694589, 0.6178660633554824, 0.7246316390922455, -0.6211736975003823, 0.6958557027073229, 0.621506892184326, 0.7081140953046925, 0.608732814093185, 0.49883363372663786, 0.6699522354150443, 0.7273860512577328, 0.7065348172226145, 0.6977262979447038, 0.858801042843544, 1.0, 0.651837982326223, 0.7566515198901823, 0.7334353814986044, -0.1557340890284584, 0.5392035989053342, 0.7699534474909611, 0.6544355347170971], [0.985717906761836, 0.966554552762982, 0.9894777977210649, 0.9931692685694313, 0.9885642056669011, 0.9670838607989268, -0.9403065796169838, 0.9738965275093481, 0.9657879309939303, 0.9955193824959606, 0.9876782357771515, 0.9829858414804188, 0.9970254732895578, 0.962449807707762, 0.9895297133353502, 0.9732234641076627, 0.8466534109697329, 0.651837982326223, 1.0, 0.8972427250363862, 0.3921279559106445, -0.3297329371669905, 0.8860581613089777, 0.9493758423909534, 0.9669037329155716], [0.924179111000353, 0.9019999930336356, 0.9124637898299702, 0.9259134731877942, 0.909457720423652, 0.8911588676883343, -0.8774604439311023, 0.8975750786650561, 0.9051163883757999, 0.9191271324564004, 0.8898202797537283, 0.8758853449374547, 0.8988244511148801, 0.8802791922988304, 0.8954991611972112, 0.8967723312778343, 0.8735836795362745, 0.7566515198901823, 0.8972427250363862, 1.0, 0.441419871575206, -0.23903174196475993, 0.6957673278924426, 0.9193553642150001, 0.8809587882348242], [0.4828947961319587, 0.4808250980870282, 0.3169425170589046, 0.4626883447979104, 0.29731282192836433, 0.34469859396194064, -0.19853841813481835, 0.3512369497757018, 0.20604509132112686, 0.28958031393225003, -0.2621443974224759, -0.6830723483793704, 0.040060552859019584, 0.20588381707098394, 0.084957190939535, 0.28465680070280736, 0.7313023700074694, 0.7334353814986044, 0.3921279559106445, 0.441419871575206, 1.0, -0.42852830973486883, 0.31637168251958897, 0.4680790133964246, 0.2604758842765239], [-0.3444117430511724, -0.26684112673884014, -0.2628499831234647, -0.3361520483509, -0.25539380039564913, -0.2544295500602573, 0.1840219307202937, -0.3522822672470094, -0.26682525236572346, -0.29770440271678017, 0.3162838046790856, 0.347475149873353, 0.2365048720653103, -0.22354569009833183, 0.2337683984636145, -0.2911184915053578, -0.5840651808750609, -0.1557340890284584, -0.3297329371669905, -0.23903174196475993, -0.42852830973486883, 1.0, -0.1882970593209102, -0.37496251891597254, -0.20677805071229396], [0.8983368930895004, 0.870304024419463, 0.9067900607823618, 0.8979613695459926, 0.8906078909437154, 0.9354261800651272, -0.9026950879986824, 0.9034808113427134, 0.8849447634563383, 0.9301529944202607, 0.9079422102660804, 0.8812013082080344, 0.9197730841501667, 0.944539415526612, 0.9374245881537385, 0.9150363877195973, 0.672093205130244, 0.5392035989053342, 0.8860581613089777, 0.6957673278924426, 0.31637168251958897, -0.1882970593209102, 1.0, 0.8314506879469765, 0.8841408155475187], [0.9733562065385859, 0.9605861992100657, 0.9394449562598037, 0.9672536868518834, 0.9244663756116489, 0.9555391924618857, -0.9093240375996571, 0.9541987368812005, 0.9287215523546299, 0.9565964775456667, 0.9523476456962162, 0.9491020044171405, 0.9488295412575039, 0.9504633822808451, 0.9590561747451716, 0.9439024991452054, 0.9102269069602755, 0.7699534474909611, 0.9493758423909534, 0.9193553642150001, 0.4680790133964246, -0.37496251891597254, 0.8314506879469765, 1.0, 0.9274388170543966], [0.9512778573390727, 0.9514878360681155, 0.9775210236830632, 0.9572469846849458, 0.975441718701486, 0.9577471198665728, -0.9551324900958578, 0.9335241296230261, 0.956965612202633, 0.9552321829630743, 0.9763998971899056, 0.9758515166802179, 0.9633774161047937, 0.956735996902684, 0.9622769161800759, 0.9446323547051269, 0.7868759161414028, 0.6544355347170971, 0.9669037329155716, 0.8809587882348242, 0.2604758842765239, -0.20677805071229396, 0.8841408155475187, 0.9274388170543966, 1.0]], "x": ["^TAIEX       \u81fa\u7063\u52a0\u6b0a\u5831\u916c\u6307\u6578", "^TWII        \u81fa\u7063\u52a0\u6b0a\u6307\u6578", "^TAIEXx2     \u81fa\u7063\u52a0\u6b0a\u5831\u916c\u6307\u6578_\u65e5\u6b632", "^TAI50I      \u81fa\u706350\u5831\u916c\u6307\u6578", "^TAI50Ix2    \u81fa\u706350\u5831\u916c\u6307\u6578_\u65e5\u6b632", "^TAI100I     \u81fa\u7063\u4e2d\u578b100\u5831\u916c\u6307\u6578", "^TAI100Ix2   \u81fa\u7063\u4e2d\u578b100\u5831\u916c\u6307\u6578_\u65e5\u6b632", "^TAIDIVIDI   \u81fa\u7063\u9ad8\u80a1\u606f\u5831\u916c\u6307\u6578", "^TAIDIVIDIx2 \u81fa\u7063\u9ad8\u80a1\u606f\u5831\u916c\u6307\u6578_\u65e5\u6b632", "0050         \u5143\u5927\u81fa\u706350", "00631L       \u5143\u5927\u53f0\u706350\u6b632", "00675L       \u5bcc\u90a6\u81fa\u7063\u52a0\u6b0a\u6b632", "006208       \u5bcc\u90a6\u53f050", "0051         \u5143\u5927\u4e2d\u578b100", "006204       \u6c38\u8c50\u81fa\u7063\u52a0\u6b0a", "0056         \u5143\u5927\u9ad8\u80a1\u606f", "2412         \u4e2d\u83ef\u96fb\u4fe1", "2002         \u4e2d\u92fc", "2330         \u53f0\u7a4d\u96fb", "2317         \u9d3b\u6d77", "6505         \u53f0\u5851\u77f3\u5316", "3481         \u7fa4\u5275", "2303         \u806f\u96fb", "2308         \u53f0\u9054\u96fb", "2454         \u806f\u767c\u79d1"], "y": ["^TAIEX       \u81fa\u7063\u52a0\u6b0a\u5831\u916c\u6307\u6578", "^TWII        \u81fa\u7063\u52a0\u6b0a\u6307\u6578", "^TAIEXx2     \u81fa\u7063\u52a0\u6b0a\u5831\u916c\u6307\u6578_\u65e5\u6b632", "^TAI50I      \u81fa\u706350\u5831\u916c\u6307\u6578", "^TAI50Ix2    \u81fa\u706350\u5831\u916c\u6307\u6578_\u65e5\u6b632", "^TAI100I     \u81fa\u7063\u4e2d\u578b100\u5831\u916c\u6307\u6578", "^TAI100Ix2   \u81fa\u7063\u4e2d\u578b100\u5831\u916c\u6307\u6578_\u65e5\u6b632", "^TAIDIVIDI   \u81fa\u7063\u9ad8\u80a1\u606f\u5831\u916c\u6307\u6578", "^TAIDIVIDIx2 \u81fa\u7063\u9ad8\u80a1\u606f\u5831\u916c\u6307\u6578_\u65e5\u6b632", "0050         \u5143\u5927\u81fa\u706350", "00631L       \u5143\u5927\u53f0\u706350\u6b632", "00675L       \u5bcc\u90a6\u81fa\u7063\u52a0\u6b0a\u6b632", "006208       \u5bcc\u90a6\u53f050", "0051         \u5143\u5927\u4e2d\u578b100", "006204       \u6c38\u8c50\u81fa\u7063\u52a0\u6b0a", "0056         \u5143\u5927\u9ad8\u80a1\u606f", "2412         \u4e2d\u83ef\u96fb\u4fe1", "2002         \u4e2d\u92fc", "2330         \u53f0\u7a4d\u96fb", "2317         \u9d3b\u6d77", "6505         \u53f0\u5851\u77f3\u5316", "3481         \u7fa4\u5275", "2303         \u806f\u96fb", "2308         \u53f0\u9054\u96fb", "2454         \u806f\u767c\u79d1"], "zmin": -1, "zmax": 1, "colorbar": {"x": -0.2}}], "layout": {"autotypenumbers": "strict", "colorway": ["#636efa", "#EF553B", "#00cc96", "#ab63fa", "#FFA15A", "#19d3f3", "#FF6692", "#B6E880", "#FF97FF", "#FECB52"], "font": {"color": "#f2f5fa", "family": "Courier New"}, "hovermode": "closest", "hoverlabel": {"align": "left"}, "paper_bgcolor": "rgb(17,17,17)", "plot_bgcolor": "rgb(17,17,17)", "polar": {"bgcolor": "rgb(17,17,17)", "angularaxis": {"gridcolor": "#506784", "linecolor": "#506784", "ticks": ""}, "radialaxis": {"gridcolor": "#506784", "linecolor": "#506784", "ticks": ""}}, "ternary": {"bgcolor": "rgb(17,17,17)", "aaxis": {"gridcolor": "#506784", "linecolor": "#506784", "ticks": ""}, "baxis": {"gridcolor": "#506784", "linecolor": "#506784", "ticks": ""}, "caxis": {"gridcolor": "#506784", "linecolor": "#506784", "ticks": ""}}, "coloraxis": {"colorbar": {"outlinewidth": 0, "ticks": ""}}, "colorscale": {"sequential": [[0.0, "#0d0887"], [0.1111111111111111, "#46039f"], [0.2222222222222222, "#7201a8"], [0.3333333333333333, "#9c179e"], [0.4444444444444444, "#bd3786"], [0.5555555555555556, "#d8576b"], [0.6666666666666666, "#ed7953"], [0.7777777777777778, "#fb9f3a"], [0.8888888888888888, "#fdca26"], [1.0, "#f0f921"]], "sequentialminus": [[0.0, "#0d0887"], [0.1111111111111111, "#46039f"], [0.2222222222222222, "#7201a8"], [0.3333333333333333, "#9c179e"], [0.4444444444444444, "#bd3786"], [0.5555555555555556, "#d8576b"], [0.6666666666666666, "#ed7953"], [0.7777777777777778, "#fb9f3a"], [0.8888888888888888, "#fdca26"], [1.0, "#f0f921"]], "diverging": [[0, "#8e0152"], [0.1, "#c51b7d"], [0.2, "#de77ae"], [0.3, "#f1b6da"], [0.4, "#fde0ef"], [0.5, "#f7f7f7"], [0.6, "#e6f5d0"], [0.7, "#b8e186"], [0.8, "#7fbc41"], [0.9, "#4d9221"], [1, "#276419"]]}, "xaxis": {"gridcolor": "rgba(0, 0, 0, 0)", "linecolor": "#506784", "ticks": "", "title": {"standoff": 15}, "zerolinecolor": "#283442", "automargin": true, "zerolinewidth": 2, "tickfont": {"family": "Courier New", "size": 14}, "side": "top", "tickangle": -90}, "yaxis": {"gridcolor": "rgba(0, 0, 0, 0)", "linecolor": "#506784", "ticks": "", "title": {"standoff": 15}, "zerolinecolor": "#283442", "automargin": true, "zerolinewidth": 2, "tickfont": {"family": "Courier New"}, "side": "right"}, "scene": {"xaxis": {"backgroundcolor": "rgb(17,17,17)", "gridcolor": "#506784", "linecolor": "#506784", "showbackground": true, "ticks": "", "zerolinecolor": "#C8D4E3", "gridwidth": 2}, "yaxis": {"backgroundcolor": "rgb(17,17,17)", "gridcolor": "#506784", "linecolor": "#506784", "showbackground": true, "ticks": "", "zerolinecolor": "#C8D4E3", "gridwidth": 2}, "zaxis": {"backgroundcolor": "rgb(17,17,17)", "gridcolor": "#506784", "linecolor": "#506784", "showbackground": true, "ticks": "", "zerolinecolor": "#C8D4E3", "gridwidth": 2}}, "shapedefaults": {"line": {"color": "#f2f5fa"}}, "annotationdefaults": {"arrowcolor": "#f2f5fa", "arrowhead": 0, "arrowwidth": 1}, "geo": {"bgcolor": "rgb(17,17,17)", "landcolor": "rgb(17,17,17)", "subunitcolor": "#506784", "showland": true, "showlakes": true, "lakecolor": "rgb(17,17,17)"}, "title": {"x": 0.05, "font": {"family": "Times New Roman"}, "y": 0.05, "text": "<b>Correlation of Adj Close <b><br><i>2016/09/23 ~ 2025/05/28<i>"}, "updatemenudefaults": {"bgcolor": "#506784", "borderwidth": 0}, "sliderdefaults": {"bgcolor": "#C8D4E3", "borderwidth": 1, "bordercolor": "rgb(17,17,17)", "tickwidth": 0}, "mapbox": {"style": "dark"}, "height": 600}};

Plotly.newPlot("correlationAdjClose",
    correlationAdjClose.data,
    correlationAdjClose.layout || {},
    config);