var element=document.getElementById("correlationClose");if(element.style.display!='none'){var correlationClose={"data":[{"type":"heatmap","z":[[1.0,0.9999999999999983,1.0,0.9954993009599047,0.9954993009599047,0.9633579450847554,0.9633579450847554,0.9007780301113582,0.9007780301113582,0.8533615037489535,0.9948724597246711,0.8822127204466301,0.9929656494853714,0.9927016164261332,0.9949056282042348,0.9730168878576017,0.998946192287615,0.9243266870127782,0.9243266870127782,0.7854747503715793,-0.10321260129417348,0.9774806192490637,0.09675652932190634,-0.048773697554226725,-0.25278596472644405,0.8198289568701533,0.935159610819417,0.9103680923684117,0.9288748754036436,0.7777631802338637,0.5120415027954327,0.6239776354980334,0.6381730192060875,0.9310067041083332,0.8201675276398845,0.1720782678079319],[0.9999999999999983,1.0,0.9999999999999984,0.9954554762192658,0.9954554762192658,0.9627475445778806,0.9627475445778806,0.9019163174608652,0.9019163174608652,0.8541181150010019,0.9948559417801923,0.8817076574471008,0.9926991136241465,0.9921517475893991,0.9948784127800115,0.9723462326633606,0.9989493211561241,0.9247507165338504,0.9247507165338504,0.805078677527075,0.10596997471171804,0.9688173591972489,-0.08162275656644893,-0.041495676024957545,-0.2530289458099874,0.6470823571767057,0.9353960427618542,0.8837676166169217,0.9233137433479611,0.7897389206363793,0.5036315865441645,0.6210724891978542,0.6649200256863879,0.9282579305463896,0.6709434433624583,0.1687283045965068],[1.0,0.9999999999999984,1.0,0.9954993009599047,0.9954993009599047,0.9633579450847554,0.9633579450847554,0.9007780301113582,0.9007780301113582,0.8533615037489535,0.9948724597246711,0.8822127204466301,0.9929656494853714,0.9927016164261332,0.9949056282042348,0.9730168878576017,0.998946192287615,0.9243266870127782,0.9243266870127782,0.7854747503715793,-0.10321260129417348,0.9774806192490637,0.09675652932190634,-0.048773697554226725,-0.25278596472644405,0.8198289568701533,0.935159610819417,0.9103680923684117,0.9288748754036436,0.7777631802338637,0.5120415027954327,0.6239776354980334,0.6381730192060875,0.9310067041083332,0.8201675276398845,0.1720782678079319],[0.9954993009599047,0.9954554762192658,0.9954993009599047,1.0,1.0,0.9505559144988741,0.9505559144988741,0.8864861718695501,0.8864861718695501,0.8369606314715159,0.9994904574946261,0.8696388481048319,0.9891818498231969,0.9853075425412837,0.999444358316164,0.9558691073425699,0.9949234802653215,0.9039944482531422,0.9039944482531422,0.763976625116981,-0.10966122629057534,0.9893666331301051,0.11862178663161826,-0.08214562432155717,-0.2554460288727501,0.8169650413213646,0.9338012697826927,0.9153571683081427,0.9174081608449497,0.7881153582287853,0.5397527910522606,0.6186261077737015,0.6114034458363998,0.9237763455395193,0.8102249511381089,0.18388424478531498],[0.9954993009599047,0.9954554762192658,0.9954993009599047,1.0,1.0,0.9505559144988741,0.9505559144988741,0.8864861718695501,0.8864861718695501,0.8369606314715159,0.9994904574946261,0.8696388481048319,0.9891818498231969,0.9853075425412837,0.999444358316164,0.9558691073425699,0.9949234802653215,0.9039944482531422,0.9039944482531422,0.763976625116981,-0.10966122629057534,0.9893666331301051,0.11862178663161826,-0.08214562432155717,-0.2554460288727501,0.8169650413213646,0.9338012697826927,0.9153571683081427,0.9174081608449497,0.7881153582287853,0.5397527910522606,0.6186261077737015,0.6114034458363998,0.9237763455395193,0.8102249511381089,0.18388424478531498],[0.9633579450847554,0.9627475445778806,0.9633579450847554,0.9505559144988741,0.9505559144988741,1.0,1.0,0.9266768858199019,0.9266768858199019,0.8364274687238282,0.9526783093792862,0.8572878484390969,0.9757998316209889,0.9742534368120953,0.952469067174787,0.9990341229380207,0.9730998385642935,0.9193026563332554,0.9193026563332554,0.635666612310269,-0.04903609222655958,0.935531817839372,0.27091410365679885,-0.2454496909755502,-0.11200268971881949,0.8897177896738412,0.8932556025895297,0.9287236122441966,0.8983676052222788,0.7378048886447189,0.72375621021477,0.7321259112455917,0.7129227911850377,0.852807918070262,0.8532530736194159,0.4596394637746027],[0.9633579450847554,0.9627475445778806,0.9633579450847554,0.9505559144988741,0.9505559144988741,1.0,1.0,0.9266768858199019,0.9266768858199019,0.8364274687238282,0.9526783093792862,0.8572878484390969,0.9757998316209889,0.9742534368120953,0.952469067174787,0.9990341229380207,0.9730998385642935,0.9193026563332554,0.9193026563332554,0.635666612310269,-0.04903609222655958,0.935531817839372,0.27091410365679885,-0.2454496909755502,-0.11200268971881949,0.8897177896738412,0.8932556025895297,0.9287236122441966,0.8983676052222788,0.7378048886447189,0.72375621021477,0.7321259112455917,0.7129227911850377,0.852807918070262,0.8532530736194159,0.4596394637746027],[0.9007780301113582,0.9019163174608652,0.9007780301113582,0.8864861718695501,0.8864861718695501,0.9266768858199019,0.9266768858199019,1.0,1.0,0.8219237883047799,0.9389669853061235,0.8273547902834893,0.9471019300170733,0.9422026679224442,0.9387867121650307,0.9275934626624452,0.9423031122900093,0.9721553789774104,0.9721553789774104,0.5733237748013087,0.07182984054845185,0.8454219751303402,0.5170027955945847,-0.26973542371119114,0.027389478836506758,0.7848092190765708,0.7877383326748996,0.8670632825447729,0.846784202066448,0.749715318253109,0.8719825060680715,0.7747723254140441,0.719591849007036,0.7802996713323083,0.8406239137043643,0.7979371660754071],[0.9007780301113582,0.9019163174608652,0.9007780301113582,0.8864861718695501,0.8864861718695501,0.9266768858199019,0.9266768858199019,1.0,1.0,0.8219237883047799,0.9389669853061235,0.8273547902834893,0.9471019300170733,0.9422026679224442,0.9387867121650307,0.9275934626624452,0.9423031122900093,0.9721553789774104,0.9721553789774104,0.5733237748013087,0.07182984054845185,0.8454219751303402,0.5170027955945847,-0.26973542371119114,0.027389478836506758,0.7848092190765708,0.7877383326748996,0.8670632825447729,0.846784202066448,0.749715318253109,0.8719825060680715,0.7747723254140441,0.719591849007036,0.7802996713323083,0.8406239137043643,0.7979371660754071],[0.8533615037489535,0.8541181150010019,0.8533615037489535,0.8369606314715159,0.8369606314715159,0.8364274687238282,0.8364274687238282,0.8219237883047799,0.8219237883047799,1.0,0.829580823424944,0.9999758503767214,0.7979915412358216,0.7439350959035098,0.8314568528027844,0.838690836451289,0.8490920851549003,0.8588353979678218,0.8588353979678218,0.7196877049586728,0.2450141464566163,0.8213883496550013,0.6730890657633807,-0.2703506067709987,0.3929945880559054,0.836271227954915,0.6292182546064855,0.811637472086582,0.8056008846078497,0.6952117513968001,0.6731550032836766,0.7705816773196981,0.7697023735545256,0.7806593226408903,0.8214899766528148,0.7523627529648245],[0.9948724597246711,0.9948559417801923,0.9948724597246711,0.9994904574946261,0.9994904574946261,0.9526783093792862,0.9526783093792862,0.9389669853061235,0.9389669853061235,0.829580823424944,1.0,0.8293187532190468,0.9888754849263004,0.9854332165620168,0.999916566189424,0.9529577805201516,0.9939405329201147,0.9194479721569615,0.9194479721569615,0.8511906447247592,0.1112900174184984,0.9959500986060759,0.8633529531802668,-0.46346623794411684,0.3547663221474387,0.849529866449259,0.8998268737154377,0.9434914984991665,0.913306995319574,0.8134789190813397,0.9008109714982223,0.8747246084391801,0.8049963967031515,0.8995454444012002,0.9435571754017693,0.7729842644097834],[0.8822127204466301,0.8817076574471008,0.8822127204466301,0.8696388481048319,0.8696388481048319,0.8572878484390969,0.8572878484390969,0.8273547902834893,0.8273547902834893,0.9999758503767214,0.8293187532190468,1.0,0.7951318038618702,0.7402668256842123,0.829143704183984,0.8581823329161854,0.8555010232659035,0.8596869236620611,0.8596869236620611,0.6877472259256162,0.01233840153601453,0.8519424693734308,0.5357316041238321,-0.19796337834768513,-0.234326212379698,0.848010458047854,0.7002364602826914,0.8004770555089762,0.834431935241629,0.7502749281272391,0.6856278476223068,0.7518848115441958,0.7029846352253969,0.8238439045493003,0.7244715396791711,0.7181391759129591],[0.9929656494853714,0.9926991136241465,0.9929656494853714,0.9891818498231969,0.9891818498231969,0.9757998316209889,0.9757998316209889,0.9471019300170733,0.9471019300170733,0.7979915412358216,0.9888754849263004,0.7951318038618702,1.0,0.9997138894474338,0.9888681418698052,0.974020286922324,0.9903902744021497,0.9146383246077118,0.9146383246077118,0.8235889487884558,0.14726696702411968,0.9866407935917348,0.8856889334094414,-0.6381672451304202,0.43023911882804117,0.8285085892029725,0.9053903354016736,0.9587496853195406,0.9080420417538313,0.7432275227892439,0.9011246113410412,0.8559313117155706,0.7944369244355091,0.8822453757177117,0.9626513375375267,0.8062683923152276],[0.9927016164261332,0.9921517475893991,0.9927016164261332,0.9853075425412837,0.9853075425412837,0.9742534368120953,0.9742534368120953,0.9422026679224442,0.9422026679224442,0.7439350959035098,0.9854332165620168,0.7402668256842123,0.9997138894474338,1.0,0.9856072727756264,0.9714784065977834,0.9889195378533988,0.901109165374739,0.901109165374739,0.8429722356235474,0.02412469766398756,0.9813698905396205,0.894327562826685,-0.8349049771813332,0.4740708890712413,0.7823680465765802,0.9092482928504693,0.956179579857379,0.894996960256433,0.6665971750153522,0.9110097782142954,0.8448818286073697,0.7431892239084981,0.9126470421061675,0.964632084850721,0.7730177868989158],[0.9949056282042348,0.9948784127800115,0.9949056282042348,0.999444358316164,0.999444358316164,0.952469067174787,0.952469067174787,0.9387867121650307,0.9387867121650307,0.8314568528027844,0.999916566189424,0.829143704183984,0.9888681418698052,0.9856072727756264,1.0,0.9528654557029912,0.9939831205254177,0.9198496519036649,0.9198496519036649,0.8523365137097071,0.11044543164579351,0.9958233630104893,0.8629008404304882,-0.46108512670134644,0.3539458621265481,0.8494834533619449,0.8969451321999197,0.942467600296974,0.9138217562892306,0.81488276187785,0.9003390329401618,0.8759299867243728,0.8059232016388351,0.8993852097871669,0.9434797761889069,0.7732150845744671],[0.9730168878576017,0.9723462326633606,0.9730168878576017,0.9558691073425699,0.9558691073425699,0.9990341229380207,0.9990341229380207,0.9275934626624452,0.9275934626624452,0.838690836451289,0.9529577805201516,0.8581823329161854,0.974020286922324,0.9714784065977834,0.9528654557029912,1.0,0.9745822694452793,0.9190393261750103,0.9190393261750103,0.684512137612232,-0.031460590197067394,0.9454264943042882,0.6016341956257427,-0.37876531846122513,-0.16384355515955923,0.9019331500519121,0.8971505528408762,0.9243282376188263,0.9062567589913716,0.7767441127087136,0.8426023169001867,0.7810545455639041,0.7699986526599445,0.8759646337863235,0.850584412397461,0.7850955395130901],[0.998946192287615,0.9989493211561241,0.998946192287615,0.9949234802653215,0.9949234802653215,0.9730998385642935,0.9730998385642935,0.9423031122900093,0.9423031122900093,0.8490920851549003,0.9939405329201147,0.8555010232659035,0.9903902744021497,0.9889195378533988,0.9939831205254177,0.9745822694452793,1.0,0.9384118025020172,0.9384118025020172,0.8572319023867839,0.11434116089414065,0.9872689547867138,0.8327480485596942,-0.4427969050572716,0.3691509537914336,0.8868048867240019,0.9059469908112515,0.9477835904133395,0.9380481683353386,0.8324555789143213,0.8884348095065352,0.9014999474676174,0.8379809896246376,0.9114956245546547,0.9491823607729948,0.8305495303653225],[0.9243266870127782,0.9247507165338504,0.9243266870127782,0.9039944482531422,0.9039944482531422,0.9193026563332554,0.9193026563332554,0.9721553789774104,0.9721553789774104,0.8588353979678218,0.9194479721569615,0.8596869236620611,0.9146383246077118,0.901109165374739,0.9198496519036649,0.9190393261750103,0.9384118025020172,1.0,1.0,0.7345207426617775,-0.0023334941304128036,0.867461350185688,0.5251481277912877,-0.160708234377289,-0.2041541870443701,0.8241687894941734,0.79711827235822,0.8313976032230401,0.9139640049413327,0.8337499060721172,0.7966214403018451,0.7486902514824249,0.7038994918003428,0.8403600169088355,0.7701229212383224,0.8473539431801521],[0.9243266870127782,0.9247507165338504,0.9243266870127782,0.9039944482531422,0.9039944482531422,0.9193026563332554,0.9193026563332554,0.9721553789774104,0.9721553789774104,0.8588353979678218,0.9194479721569615,0.8596869236620611,0.9146383246077118,0.901109165374739,0.9198496519036649,0.9190393261750103,0.9384118025020172,1.0,1.0,0.7345207426617775,-0.0023334941304128036,0.867461350185688,0.5251481277912877,-0.160708234377289,-0.2041541870443701,0.8241687894941734,0.79711827235822,0.8313976032230401,0.9139640049413327,0.8337499060721172,0.7966214403018451,0.7486902514824249,0.7038994918003428,0.8403600169088355,0.7701229212383224,0.8473539431801521],[0.7854747503715793,0.805078677527075,0.7854747503715793,0.763976625116981,0.763976625116981,0.635666612310269,0.635666612310269,0.5733237748013087,0.5733237748013087,0.7196877049586728,0.8511906447247592,0.6877472259256162,0.8235889487884558,0.8429722356235474,0.8523365137097071,0.684512137612232,0.8572319023867839,0.7345207426617775,0.7345207426617775,1.0,0.04954560023780197,0.7265037326126305,-0.41007847554082316,0.35154801810276287,-0.6593686087214342,0.3416773562486783,0.7722219017124793,0.49687254653055857,0.8329250188713601,0.6878290673335652,0.07365484575955665,0.29330025908623253,0.5617249071992206,0.7800574703838509,0.4637531794092615,-0.16441000961790458],[-0.10321260129417348,0.10596997471171804,-0.10321260129417348,-0.10966122629057534,-0.10966122629057534,-0.04903609222655958,-0.04903609222655958,0.07182984054845185,0.07182984054845185,0.2450141464566163,0.1112900174184984,0.01233840153601453,0.14726696702411968,0.02412469766398756,0.11044543164579351,-0.031460590197067394,0.11434116089414065,-0.0023334941304128036,-0.0023334941304128036,0.04954560023780197,1.0,-0.06563537869736799,0.12646854942151425,0.13529918013268055,0.7513628188130411,-0.0824415803642665,0.00828153798091676,0.013131564358103346,0.182813579975271,0.020301932832688815,0.09004877737763324,0.3636339051886463,0.5803701293329214,-0.09659696260372994,0.12980794071186114,0.16930943004710663],[0.9774806192490637,0.9688173591972489,0.9774806192490637,0.9893666331301051,0.9893666331301051,0.935531817839372,0.935531817839372,0.8454219751303402,0.8454219751303402,0.8213883496550013,0.9959500986060759,0.8519424693734308,0.9866407935917348,0.9813698905396205,0.9958233630104893,0.9454264943042882,0.9872689547867138,0.867461350185688,0.867461350185688,0.7265037326126305,-0.06563537869736799,1.0,0.02750535627499269,-0.14428489257586263,-0.3116691643984349,0.6792352065771783,0.9222177696251531,0.899804752840993,0.8608053159837188,0.757404142935758,0.5383830308702588,0.5837652764799962,0.5397679053695872,0.9025622075829312,0.6490899602458894,0.1629534062359035],[0.09675652932190634,-0.08162275656644893,0.09675652932190634,0.11862178663161826,0.11862178663161826,0.27091410365679885,0.27091410365679885,0.5170027955945847,0.5170027955945847,0.6730890657633807,0.8633529531802668,0.5357316041238321,0.8856889334094414,0.894327562826685,0.8629008404304882,0.6016341956257427,0.8327480485596942,0.5251481277912877,0.5251481277912877,-0.41007847554082316,0.12646854942151425,0.02750535627499269,1.0,-0.43893859785670863,0.7561223113853142,0.3672640967844389,0.0025015818765454115,0.2767383637415629,-0.13509708661214007,0.0440555730612503,0.5717302510695977,0.4595954716933239,0.18758051827702288,-0.05136517191331649,0.3679171477108993,0.46340785460998873],[-0.048773697554226725,-0.041495676024957545,-0.048773697554226725,-0.08214562432155717,-0.08214562432155717,-0.2454496909755502,-0.2454496909755502,-0.26973542371119114,-0.26973542371119114,-0.2703506067709987,-0.46346623794411684,-0.19796337834768513,-0.6381672451304202,-0.8349049771813332,-0.46108512670134644,-0.37876531846122513,-0.4427969050572716,-0.160708234377289,-0.160708234377289,0.35154801810276287,0.13529918013268055,-0.14428489257586263,-0.43893859785670863,1.0,-0.03778933274822391,-0.14465696723513885,-0.11704925815581776,-0.2751868361906753,-0.01169385178436895,-0.048025687340742015,-0.5525799670611953,-0.17839411664449573,-0.009770836385144553,-0.005143454144950128,-0.1860793857557069,-0.4009614345643048],[-0.25278596472644405,-0.2530289458099874,-0.25278596472644405,-0.2554460288727501,-0.2554460288727501,-0.11200268971881949,-0.11200268971881949,0.027389478836506758,0.027389478836506758,0.3929945880559054,0.3547663221474387,-0.234326212379698,0.43023911882804117,0.4740708890712413,0.3539458621265481,-0.16384355515955923,0.3691509537914336,-0.2041541870443701,-0.2041541870443701,-0.6593686087214342,0.7513628188130411,-0.3116691643984349,0.7561223113853142,-0.03778933274822391,1.0,-0.10195332015488608,-0.2816092740748415,-0.058148209696354945,-0.35062116733390347,-0.32780816348781355,0.09006231455348927,0.17134428448513517,0.2685042600276239,-0.3818200155173676,0.12932802526219223,0.10069907529416132],[0.8198289568701533,0.6470823571767057,0.8198289568701533,0.8169650413213646,0.8169650413213646,0.8897177896738412,0.8897177896738412,0.7848092190765708,0.7848092190765708,0.836271227954915,0.849529866449259,0.848010458047854,0.8285085892029725,0.7823680465765802,0.8494834533619449,0.9019331500519121,0.8868048867240019,0.8241687894941734,0.8241687894941734,0.3416773562486783,-0.0824415803642665,0.6792352065771783,0.3672640967844389,-0.14465696723513885,-0.10195332015488608,1.0,0.5865095928791645,0.8382719659880963,0.48566666439987277,0.619673907598878,0.5357551475807739,0.6502047626034639,0.4198343968035795,0.6990736199857153,0.6998005089888969,0.41138171339537744],[0.935159610819417,0.9353960427618542,0.935159610819417,0.9338012697826927,0.9338012697826927,0.8932556025895297,0.8932556025895297,0.7877383326748996,0.7877383326748996,0.6292182546064855,0.8998268737154377,0.7002364602826914,0.9053903354016736,0.9092482928504693,0.8969451321999197,0.8971505528408762,0.9059469908112515,0.79711827235822,0.79711827235822,0.7722219017124793,0.00828153798091676,0.9222177696251531,0.0025015818765454115,-0.11704925815581776,-0.2816092740748415,0.5865095928791645,1.0,0.8304847455050698,0.8368975997778271,0.705319840714274,0.4157907018674046,0.5045469129955351,0.573841890879649,0.8817203134551816,0.6260168174708854,0.06836729896674808],[0.9103680923684117,0.8837676166169217,0.9103680923684117,0.9153571683081427,0.9153571683081427,0.9287236122441966,0.9287236122441966,0.8670632825447729,0.8670632825447729,0.811637472086582,0.9434914984991665,0.8004770555089762,0.9587496853195406,0.956179579857379,0.942467600296974,0.9243282376188263,0.9477835904133395,0.8313976032230401,0.8313976032230401,0.49687254653055857,0.013131564358103346,0.899804752840993,0.2767383637415629,-0.2751868361906753,-0.058148209696354945,0.8382719659880963,0.8304847455050698,1.0,0.7433249901193696,0.5989638127480474,0.5712071824989449,0.5890901882072457,0.5309097756150178,0.8093606042590273,0.8247528472242602,0.2084006687450817],[0.9288748754036436,0.9233137433479611,0.9288748754036436,0.9174081608449497,0.9174081608449497,0.8983676052222788,0.8983676052222788,0.846784202066448,0.846784202066448,0.8056008846078497,0.913306995319574,0.834431935241629,0.9080420417538313,0.894996960256433,0.9138217562892306,0.9062567589913716,0.9380481683353386,0.9139640049413327,0.9139640049413327,0.8329250188713601,0.182813579975271,0.8608053159837188,-0.13509708661214007,-0.01169385178436895,-0.35062116733390347,0.48566666439987277,0.8368975997778271,0.7433249901193696,1.0,0.9041894511465772,0.5240234170712798,0.678986036162044,0.6651422684821311,0.8750334246388648,0.48982354697466546,0.2908545295931947],[0.7777631802338637,0.7897389206363793,0.7777631802338637,0.7881153582287853,0.7881153582287853,0.7378048886447189,0.7378048886447189,0.749715318253109,0.749715318253109,0.6952117513968001,0.8134789190813397,0.7502749281272391,0.7432275227892439,0.6665971750153522,0.81488276187785,0.7767441127087136,0.8324555789143213,0.8337499060721172,0.8337499060721172,0.6878290673335652,0.020301932832688815,0.757404142935758,0.0440555730612503,-0.048025687340742015,-0.32780816348781355,0.619673907598878,0.705319840714274,0.5989638127480474,0.9041894511465772,1.0,0.565543977257337,0.6617816232977559,0.6067983193355323,0.7243422238274688,0.5724018244464322,0.46861465336866526],[0.5120415027954327,0.5036315865441645,0.5120415027954327,0.5397527910522606,0.5397527910522606,0.72375621021477,0.72375621021477,0.8719825060680715,0.8719825060680715,0.6731550032836766,0.9008109714982223,0.6856278476223068,0.9011246113410412,0.9110097782142954,0.9003390329401618,0.8426023169001867,0.8884348095065352,0.7966214403018451,0.7966214403018451,0.07365484575955665,0.09004877737763324,0.5383830308702588,0.5717302510695977,-0.5525799670611953,0.09006231455348927,0.5357551475807739,0.4157907018674046,0.5712071824989449,0.5240234170712798,0.565543977257337,1.0,0.7392227410425204,0.37600087714894237,0.4649233526942349,0.5527614195377955,0.7685985630013838],[0.6239776354980334,0.6210724891978542,0.6239776354980334,0.6186261077737015,0.6186261077737015,0.7321259112455917,0.7321259112455917,0.7747723254140441,0.7747723254140441,0.7705816773196981,0.8747246084391801,0.7518848115441958,0.8559313117155706,0.8448818286073697,0.8759299867243728,0.7810545455639041,0.9014999474676174,0.7486902514824249,0.7486902514824249,0.29330025908623253,0.3636339051886463,0.5837652764799962,0.4595954716933239,-0.17839411664449573,0.17134428448513517,0.6502047626034639,0.5045469129955351,0.5890901882072457,0.678986036162044,0.6617816232977559,0.7392227410425204,1.0,0.7781210858785429,0.4815302027269418,0.7221998635259781,0.5459980014428322],[0.6381730192060875,0.6649200256863879,0.6381730192060875,0.6114034458363998,0.6114034458363998,0.7129227911850377,0.7129227911850377,0.719591849007036,0.719591849007036,0.7697023735545256,0.8049963967031515,0.7029846352253969,0.7944369244355091,0.7431892239084981,0.8059232016388351,0.7699986526599445,0.8379809896246376,0.7038994918003428,0.7038994918003428,0.5617249071992206,0.5803701293329214,0.5397679053695872,0.18758051827702288,-0.009770836385144553,0.2685042600276239,0.4198343968035795,0.573841890879649,0.5309097756150178,0.6651422684821311,0.6067983193355323,0.37600087714894237,0.7781210858785429,1.0,0.48877260682476564,0.665560701803426,0.19692691754720132],[0.9310067041083332,0.9282579305463896,0.9310067041083332,0.9237763455395193,0.9237763455395193,0.852807918070262,0.852807918070262,0.7802996713323083,0.7802996713323083,0.7806593226408903,0.8995454444012002,0.8238439045493003,0.8822453757177117,0.9126470421061675,0.8993852097871669,0.8759646337863235,0.9114956245546547,0.8403600169088355,0.8403600169088355,0.7800574703838509,-0.09659696260372994,0.9025622075829312,-0.05136517191331649,-0.005143454144950128,-0.3818200155173676,0.6990736199857153,0.8817203134551816,0.8093606042590273,0.8750334246388648,0.7243422238274688,0.4649233526942349,0.4815302027269418,0.48877260682476564,1.0,0.7188244427416666,0.16089916726757608],[0.8201675276398845,0.6709434433624583,0.8201675276398845,0.8102249511381089,0.8102249511381089,0.8532530736194159,0.8532530736194159,0.8406239137043643,0.8406239137043643,0.8214899766528148,0.9435571754017693,0.7244715396791711,0.9626513375375267,0.964632084850721,0.9434797761889069,0.850584412397461,0.9491823607729948,0.7701229212383224,0.7701229212383224,0.4637531794092615,0.12980794071186114,0.6490899602458894,0.3679171477108993,-0.1860793857557069,0.12932802526219223,0.6998005089888969,0.6260168174708854,0.8247528472242602,0.48982354697466546,0.5724018244464322,0.5527614195377955,0.7221998635259781,0.665560701803426,0.7188244427416666,1.0,0.16975768898772137],[0.1720782678079319,0.1687283045965068,0.1720782678079319,0.18388424478531498,0.18388424478531498,0.4596394637746027,0.4596394637746027,0.7979371660754071,0.7979371660754071,0.7523627529648245,0.7729842644097834,0.7181391759129591,0.8062683923152276,0.7730177868989158,0.7732150845744671,0.7850955395130901,0.8305495303653225,0.8473539431801521,0.8473539431801521,-0.16441000961790458,0.16930943004710663,0.1629534062359035,0.46340785460998873,-0.4009614345643048,0.10069907529416132,0.41138171339537744,0.06836729896674808,0.2084006687450817,0.2908545295931947,0.46861465336866526,0.7685985630013838,0.5459980014428322,0.19692691754720132,0.16089916726757608,0.16975768898772137,1.0]],"x":["^TAIEX       \u81fa\u7063\u52a0\u6b0a\u5831\u916c\u6307\u6578","^TWII        \u81fa\u7063\u52a0\u6b0a\u6307\u6578","^TAIEXx2     \u81fa\u7063\u52a0\u6b0a\u5831\u916c\u6307\u6578_\u65e5\u6b632","^TAI50I      \u81fa\u706350\u5831\u916c\u6307\u6578","^TAI50Ix2    \u81fa\u706350\u5831\u916c\u6307\u6578_\u65e5\u6b632","^TAI100I     \u81fa\u7063\u4e2d\u578b100\u5831\u916c\u6307\u6578","^TAI100Ix2   \u81fa\u7063\u4e2d\u578b100\u5831\u916c\u6307\u6578_\u65e5\u6b632","^TAIDIVIDI   \u81fa\u7063\u9ad8\u80a1\u606f\u5831\u916c\u6307\u6578","^TAIDIVIDIx2 \u81fa\u7063\u9ad8\u80a1\u606f\u5831\u916c\u6307\u6578_\u65e5\u6b632","0050Fund     \u5143\u5927\u53f0\u7063\u5353\u8d8a50\u57fa\u91d1","006208Fund   \u5bcc\u90a6\u53f0\u7063\u91c6\u540950\u57fa\u91d1","0050         \u5143\u5927\u81fa\u706350","00631L       \u5143\u5927\u53f0\u706350\u6b632","00675L       \u5bcc\u90a6\u81fa\u7063\u52a0\u6b0a\u6b632","006208       \u5bcc\u90a6\u53f050","0051         \u5143\u5927\u4e2d\u578b100","006204       \u6c38\u8c50\u81fa\u7063\u52a0\u6b0a","0056         \u5143\u5927\u9ad8\u80a1\u606f","0056         \u5143\u5927\u9ad8\u80a1\u606f_\u80a1\u606f\u4e0d\u6295\u5165","2412         \u4e2d\u83ef\u96fb\u4fe1","2002         \u4e2d\u92fc","2330         \u53f0\u7a4d\u96fb","2317         \u9d3b\u6d77","6505         \u53f0\u5851\u77f3\u5316","3481         \u7fa4\u5275","2303         \u806f\u96fb","2308         \u53f0\u9054\u96fb","2454         \u806f\u767c\u79d1","2886         \u5146\u8c50\u91d1","2884         \u7389\u5c71\u91d1","2891         \u4e2d\u4fe1\u91d1","2892         \u7b2c\u4e00\u91d1","5880         \u5408\u5eab\u91d1","2881         \u5bcc\u90a6\u91d1","2885         \u5143\u5927\u91d1","2887         \u53f0\u65b0\u91d1"],"y":["^TAIEX       \u81fa\u7063\u52a0\u6b0a\u5831\u916c\u6307\u6578","^TWII        \u81fa\u7063\u52a0\u6b0a\u6307\u6578","^TAIEXx2     \u81fa\u7063\u52a0\u6b0a\u5831\u916c\u6307\u6578_\u65e5\u6b632","^TAI50I      \u81fa\u706350\u5831\u916c\u6307\u6578","^TAI50Ix2    \u81fa\u706350\u5831\u916c\u6307\u6578_\u65e5\u6b632","^TAI100I     \u81fa\u7063\u4e2d\u578b100\u5831\u916c\u6307\u6578","^TAI100Ix2   \u81fa\u7063\u4e2d\u578b100\u5831\u916c\u6307\u6578_\u65e5\u6b632","^TAIDIVIDI   \u81fa\u7063\u9ad8\u80a1\u606f\u5831\u916c\u6307\u6578","^TAIDIVIDIx2 \u81fa\u7063\u9ad8\u80a1\u606f\u5831\u916c\u6307\u6578_\u65e5\u6b632","0050Fund     \u5143\u5927\u53f0\u7063\u5353\u8d8a50\u57fa\u91d1","006208Fund   \u5bcc\u90a6\u53f0\u7063\u91c6\u540950\u57fa\u91d1","0050         \u5143\u5927\u81fa\u706350","00631L       \u5143\u5927\u53f0\u706350\u6b632","00675L       \u5bcc\u90a6\u81fa\u7063\u52a0\u6b0a\u6b632","006208       \u5bcc\u90a6\u53f050","0051         \u5143\u5927\u4e2d\u578b100","006204       \u6c38\u8c50\u81fa\u7063\u52a0\u6b0a","0056         \u5143\u5927\u9ad8\u80a1\u606f","0056         \u5143\u5927\u9ad8\u80a1\u606f_\u80a1\u606f\u4e0d\u6295\u5165","2412         \u4e2d\u83ef\u96fb\u4fe1","2002         \u4e2d\u92fc","2330         \u53f0\u7a4d\u96fb","2317         \u9d3b\u6d77","6505         \u53f0\u5851\u77f3\u5316","3481         \u7fa4\u5275","2303         \u806f\u96fb","2308         \u53f0\u9054\u96fb","2454         \u806f\u767c\u79d1","2886         \u5146\u8c50\u91d1","2884         \u7389\u5c71\u91d1","2891         \u4e2d\u4fe1\u91d1","2892         \u7b2c\u4e00\u91d1","5880         \u5408\u5eab\u91d1","2881         \u5bcc\u90a6\u91d1","2885         \u5143\u5927\u91d1","2887         \u53f0\u65b0\u91d1"],"zmin":-1,"zmax":1,"colorbar":{"x":-0.2}}],"layout":{"autotypenumbers":"strict","colorway":["#636efa","#EF553B","#00cc96","#ab63fa","#FFA15A","#19d3f3","#FF6692","#B6E880","#FF97FF","#FECB52"],"font":{"color":"#f2f5fa","family":"Courier New"},"hovermode":"closest","hoverlabel":{"align":"left"},"paper_bgcolor":"rgb(17,17,17)","plot_bgcolor":"rgb(17,17,17)","polar":{"bgcolor":"rgb(17,17,17)","angularaxis":{"gridcolor":"#506784","linecolor":"#506784","ticks":""},"radialaxis":{"gridcolor":"#506784","linecolor":"#506784","ticks":""}},"ternary":{"bgcolor":"rgb(17,17,17)","aaxis":{"gridcolor":"#506784","linecolor":"#506784","ticks":""},"baxis":{"gridcolor":"#506784","linecolor":"#506784","ticks":""},"caxis":{"gridcolor":"#506784","linecolor":"#506784","ticks":""}},"coloraxis":{"colorbar":{"outlinewidth":0,"ticks":""}},"colorscale":{"sequential":[[0.0,"#0d0887"],[0.1111111111111111,"#46039f"],[0.2222222222222222,"#7201a8"],[0.3333333333333333,"#9c179e"],[0.4444444444444444,"#bd3786"],[0.5555555555555556,"#d8576b"],[0.6666666666666666,"#ed7953"],[0.7777777777777778,"#fb9f3a"],[0.8888888888888888,"#fdca26"],[1.0,"#f0f921"]],"sequentialminus":[[0.0,"#0d0887"],[0.1111111111111111,"#46039f"],[0.2222222222222222,"#7201a8"],[0.3333333333333333,"#9c179e"],[0.4444444444444444,"#bd3786"],[0.5555555555555556,"#d8576b"],[0.6666666666666666,"#ed7953"],[0.7777777777777778,"#fb9f3a"],[0.8888888888888888,"#fdca26"],[1.0,"#f0f921"]],"diverging":[[0,"#8e0152"],[0.1,"#c51b7d"],[0.2,"#de77ae"],[0.3,"#f1b6da"],[0.4,"#fde0ef"],[0.5,"#f7f7f7"],[0.6,"#e6f5d0"],[0.7,"#b8e186"],[0.8,"#7fbc41"],[0.9,"#4d9221"],[1,"#276419"]]},"xaxis":{"gridcolor":"rgba(0, 0, 0, 0)","linecolor":"#506784","ticks":"","title":{"standoff":15},"zerolinecolor":"#283442","automargin":true,"zerolinewidth":2,"tickfont":{"family":"Courier New","size":14},"side":"top","tickangle":-90},"yaxis":{"gridcolor":"rgba(0, 0, 0, 0)","linecolor":"#506784","ticks":"","title":{"standoff":15},"zerolinecolor":"#283442","automargin":true,"zerolinewidth":2,"tickfont":{"family":"Courier New"},"side":"right"},"scene":{"xaxis":{"backgroundcolor":"rgb(17,17,17)","gridcolor":"#506784","linecolor":"#506784","showbackground":true,"ticks":"","zerolinecolor":"#C8D4E3","gridwidth":2},"yaxis":{"backgroundcolor":"rgb(17,17,17)","gridcolor":"#506784","linecolor":"#506784","showbackground":true,"ticks":"","zerolinecolor":"#C8D4E3","gridwidth":2},"zaxis":{"backgroundcolor":"rgb(17,17,17)","gridcolor":"#506784","linecolor":"#506784","showbackground":true,"ticks":"","zerolinecolor":"#C8D4E3","gridwidth":2}},"shapedefaults":{"line":{"color":"#f2f5fa"}},"annotationdefaults":{"arrowcolor":"#f2f5fa","arrowhead":0,"arrowwidth":1},"geo":{"bgcolor":"rgb(17,17,17)","landcolor":"rgb(17,17,17)","subunitcolor":"#506784","showland":true,"showlakes":true,"lakecolor":"rgb(17,17,17)"},"title":{"x":0.05,"font":{"family":"Times New Roman"},"y":0.05,"text":"<b>Correlation of Close<b><br><i>2016-09-23 ~ 2025-09-23<i>"},"updatemenudefaults":{"bgcolor":"#506784","borderwidth":0},"sliderdefaults":{"bgcolor":"#C8D4E3","borderwidth":1,"bordercolor":"rgb(17,17,17)","tickwidth":0},"mapbox":{"style":"dark"},"annotations":[{"text":"<b>@zwindr<b>","textangle":0,"opacity":0.5,"font":{"color":"white","size":12},"xref":"paper","yref":"paper","xanchor":"left","yanchor":"bottom","x":1.0,"y":1.0,"showarrow":false}]},"config":{"responsive":true,"toImageButtonOptions":{"filename":"Correlation of Close_2016-09-23~2025-09-23","scale":5}}};Plotly.newPlot("correlationClose",correlationClose.data,correlationClose.layout||{},correlationClose.config);}else{console.log("style display is none => correlationClose");}