var element=document.getElementById("correlationAdjClose");if(element.style.display!='none'){var correlationAdjClose={"data":[{"type":"heatmap","z":[[1.0,0.9955844914042749,0.9704066075038343,0.9966945634188896,0.9446926715272669,0.9855360114296495,0.9586508853724405,0.9862683364409931,0.9771146669300231,0.9968448024865464,0.9963875086299709,0.9968287966566607,0.990525978369471,0.9918353080330738,0.9965050339897793,0.9866844350147487,0.9997410493300105,0.9858506472424534,0.893988517852823,0.9124011589413785,0.6600854476724408,0.9840253205526692,0.9407020095215916,0.32764618077295793,-0.2812243688091728,0.9037844069041775,0.91933774546152,0.9641430641818068,0.9694194301004823,0.9623287349887193,0.9813286273628307,0.9655860720523269,0.9317419137872054,0.982579296609815,0.9779683297682034,0.959268503198693],[0.9955844914042749,1.0,0.9684351569697576,0.9923633420126072,0.9428089370993972,0.9819639740463635,0.9556457666875948,0.97852490425465,0.9716665407723016,0.9935544864303565,0.9952472193800672,0.994841088236233,0.9904412352151626,0.9908948368618076,0.9953350525327233,0.9821539091005757,0.9976802288978445,0.9802449890720996,0.9115717890197826,0.9022878409462708,0.6827365979159759,0.9709198429768617,0.9248355135387907,0.32597785608236385,-0.21609228403587044,0.8842195175450364,0.9160382651231452,0.9636063357308484,0.9511731552448233,0.9507046248659063,0.9736336237939996,0.9521483039978968,0.9306358943547558,0.9736861407512644,0.9703540954034545,0.9545929772734397],[0.9704066075038343,0.9684351569697576,1.0,0.9826946226089176,0.9936826472478208,0.965475672223538,0.9778750769226855,0.9428337880683444,0.9680817193688431,0.9825018246061438,0.9892162471551308,0.9859384399098834,0.9972259422002158,0.9970528113674856,0.9888584692891624,0.9626340563702462,0.9812104762263767,0.9419415548763264,0.8371146343851896,0.8028007779564049,0.5126915007381907,0.9919027502226084,0.9322777377594383,0.15223378126873088,-0.19898093933691627,0.8752026183055405,0.95261511906552,0.9638590384367047,0.89231734455495,0.8918993070017635,0.9646775411057277,0.8906143968734582,0.8576040773211289,0.9506627793497611,0.9681402516222981,0.9122925542753026],[0.9966945634188896,0.9923633420126072,0.9826946226089176,1.0,0.9648421317119381,0.9768394608137334,0.9576238321546244,0.9749234227756912,0.9722485587389166,0.9999744025760976,0.9999931276609848,0.9999675920347502,0.993590303876459,0.9928907262915861,0.9999569190520351,0.9753076683758529,0.9958592507907477,0.9740847510216673,0.8730331817226646,0.8902146067887958,0.6168142631410656,0.9941780130818921,0.9444243590321568,0.2910521334341602,-0.2672437481657438,0.8932379566803299,0.9363096264000622,0.9661493209159846,0.9523098074770707,0.9523128782826168,0.9831196642161839,0.9489437772908258,0.9112319406407373,0.9772449518213489,0.9760520477471443,0.9473604456481624],[0.9446926715272669,0.9428089370993972,0.9936826472478208,0.9648421317119381,1.0,0.931977083021763,0.9540334761340136,0.9066564681337176,0.9391177421380166,0.9650551365443875,0.9747150764171982,0.9706003172380473,0.9830185181333023,0.9811333270654727,0.9740949599625508,0.9277872471628839,0.9570555012984022,0.9053154963320876,0.7920008218297762,0.7605482503098825,0.45398239895237086,0.9820223764423818,0.9177266142982828,0.11377177499969157,-0.1826513420038346,0.8335622204846164,0.9619043396737211,0.9405779120974709,0.8487951565274594,0.8565604626772428,0.9452795135049361,0.8482791957008213,0.8075527240278149,0.9217569254626409,0.9427044007125988,0.8741239906381575],[0.9855360114296495,0.9819639740463635,0.965475672223538,0.9768394608137334,0.931977083021763,1.0,0.9831006966468032,0.98241433908117,0.98452477010977,0.9763718187901893,0.9707743032954749,0.9743401430821543,0.968323306661202,0.9658649676211407,0.970850319841603,0.9999092490582421,0.9877714701188904,0.9831783200203481,0.8998660741059576,0.8716206131711729,0.6303896461761307,0.9673487219188224,0.9150674704327351,0.21049905557386683,-0.2102014712900064,0.934855656679249,0.8920814312437337,0.9681007265042006,0.9555323233159588,0.9363761109157442,0.9623694562461809,0.9530189771994121,0.9451667660867878,0.9656481357843708,0.9815112067171089,0.9617691540682828],[0.9586508853724405,0.9556457666875948,0.9778750769226855,0.9576238321546244,0.9540334761340136,0.9831006966468032,1.0,0.952370479144573,0.9840034340815759,0.9564871368859862,0.9653871715902638,0.962348623683043,0.9778678388570621,0.9777664947145654,0.9651971517397793,0.9842269726694668,0.9753829675851455,0.9544612507425976,0.859971174860902,0.7907565243944504,0.5163582028189727,0.9609858355739946,0.917259562380065,0.07316252850735885,-0.14956707170888864,0.8960803989038203,0.9042677156793838,0.9634932289835787,0.8965124481963519,0.8740120508823047,0.9464586252262034,0.8935872047887098,0.8910342401171433,0.938741543380627,0.9727367681188961,0.9196083710113728],[0.9862683364409931,0.97852490425465,0.9428337880683444,0.9749234227756912,0.9066564681337176,0.98241433908117,0.952370479144573,1.0,0.9841075652224412,0.9749106653554654,0.9693626133133095,0.9736519476077897,0.9552814359783292,0.9535314999878324,0.9697143796858634,0.9842290622746864,0.9832188348186598,0.9998904319566482,0.9291251494372277,0.9312217865868151,0.6053380821224241,0.9594427251316545,0.9065096755477544,0.18702120980307343,-0.3001639180265238,0.912547982978913,0.8547186712629854,0.9480311431835113,0.9786810833275612,0.9597916936998502,0.9673834854979436,0.9673751637183398,0.9370896697233535,0.966224045159765,0.961111339809361,0.9701687855042602],[0.9771146669300231,0.9716665407723016,0.9680817193688431,0.9722485587389166,0.9391177421380166,0.98452477010977,0.9840034340815759,0.9841075652224412,1.0,0.971612088792917,0.9670367591089593,0.9702765349264243,0.9643960408252344,0.9603201729101899,0.9670794427992587,0.9836965663060423,0.976252888003876,0.9834721745004049,0.9021101015529449,0.865601796421575,0.5197908717084857,0.9674770265856584,0.9260854624064189,0.04748069686269754,-0.2226082698455337,0.8919916918911284,0.8742662575003709,0.9684264873273878,0.9365819193094359,0.9108596814459713,0.9656360191874173,0.9252445915836701,0.9013216012140087,0.9576138363910766,0.9759121157400947,0.9353497821235621],[0.9968448024865464,0.9935544864303565,0.9825018246061438,0.9999744025760976,0.9650551365443875,0.9763718187901893,0.9564871368859862,0.9749106653554654,0.971612088792917,1.0,0.9999920338796114,0.9999844537073643,0.993547477022009,0.9928442570448274,0.9999600485972376,0.9748439895529141,0.9957502184144479,0.9741608197520734,0.8746672161153082,0.8914864074597115,0.6126182988314096,0.9943813341337538,0.9445573349516587,0.2958209801023911,-0.26672089516820885,0.8936311238387178,0.9348554122304481,0.9648918171859827,0.9519366014568258,0.951453576265042,0.9823714010240202,0.9483006938218179,0.9098657346779391,0.976506433200296,0.9752074212253363,0.9461436140595778],[0.9963875086299709,0.9952472193800672,0.9892162471551308,0.9999931276609848,0.9747150764171982,0.9707743032954749,0.9653871715902638,0.9693626133133095,0.9670367591089593,0.9999920338796114,1.0,0.999976991281188,0.9936309588425246,0.9929110881634309,0.9999623318788969,0.9702971544083039,0.9955616408535736,0.9697067762732478,0.892435347114439,0.9199414419891236,0.47249726357402877,0.997373113779516,0.9334041077188101,-0.18635623186552855,0.4336817306456396,0.887074031009704,0.9124560373825187,0.9651180738930366,0.9396026564742667,0.934479551880868,0.9759937841352623,0.9266834865669844,0.8807505416767555,0.9677066468047228,0.9826167772189741,0.9428705002822375],[0.9968287966566607,0.994841088236233,0.9859384399098834,0.9999675920347502,0.9706003172380473,0.9743401430821543,0.962348623683043,0.9736519476077897,0.9702765349264243,0.9999844537073643,0.999976991281188,1.0,0.993445849037882,0.9927289447521984,0.9999703913069022,0.974016774512024,0.995680207796116,0.9734655600047561,0.8818656541716672,0.9082203223675056,0.5449347424355085,0.9964193564872349,0.942601899245391,0.023639420098438467,-0.1553030774677225,0.9028898802604425,0.9230807197955129,0.9607716461593997,0.9440198074311336,0.941521376109847,0.9796368676818837,0.9378569144120378,0.9014330267106696,0.9727920079787239,0.9752172392381557,0.948968078368365],[0.990525978369471,0.9904412352151626,0.9972259422002158,0.993590303876459,0.9830185181333023,0.968323306661202,0.9778678388570621,0.9552814359783292,0.9643960408252344,0.993547477022009,0.9936309588425246,0.993445849037882,1.0,0.9998202312699712,0.9934332015301368,0.9674626557107157,0.9908477777055885,0.9550647247884577,0.8698056845377183,0.9017489185596181,0.38037744192099543,0.9913423325569314,0.9272857505870225,-0.43519817771068586,0.4557165739048032,0.8618551662286343,0.9239762883892733,0.9610182651444208,0.9102162865116958,0.8993215134367836,0.9616505375261066,0.8959227534585036,0.8350731029443207,0.9569444980181473,0.9756443071922627,0.9331353954223712],[0.9918353080330738,0.9908948368618076,0.9970528113674856,0.9928907262915861,0.9811333270654727,0.9658649676211407,0.9777664947145654,0.9535314999878324,0.9603201729101899,0.9928442570448274,0.9929110881634309,0.9927289447521984,0.9998202312699712,1.0,0.9928327512554347,0.9648804241477326,0.9919583364277822,0.9534062986331131,0.8533754545229079,0.9118410957021869,0.23387653446449902,0.9887309807574409,0.921003033723971,-0.7443965264661003,0.43188918669354176,0.831546879978683,0.9244507029864222,0.9558436283494441,0.9015128660521106,0.891496911509476,0.9570784299455108,0.8974848612346101,0.8106414822938937,0.9548983972936297,0.9741201342354876,0.9309269202979593],[0.9965050339897793,0.9953350525327233,0.9888584692891624,0.9999569190520351,0.9740949599625508,0.970850319841603,0.9651971517397793,0.9697143796858634,0.9670794427992587,0.9999600485972376,0.9999623318788969,0.9999703913069022,0.9934332015301368,0.9928327512554347,1.0,0.9704557341911241,0.9956725575390866,0.9699082371894806,0.8929701410704858,0.9203269727180577,0.4728725559812975,0.9971799938601383,0.9335624969655201,-0.18400386689642026,0.436471049935211,0.8874747677264987,0.9113192599086433,0.9649380304155787,0.9396555409334963,0.9348697774542282,0.9760429214615262,0.9270795398385676,0.8810112229115191,0.9675368302796602,0.9827327905704286,0.9436601065369753],[0.9866844350147487,0.9821539091005757,0.9626340563702462,0.9753076683758529,0.9277872471628839,0.9999092490582421,0.9842269726694668,0.9842290622746864,0.9836965663060423,0.9748439895529141,0.9702971544083039,0.974016774512024,0.9674626557107157,0.9648804241477326,0.9704557341911241,1.0,0.9876846633820584,0.9834594166207914,0.902851851718033,0.8954832760261863,0.6135051469465466,0.9647040268614291,0.9102273956286604,0.06047741529044332,-0.18010385716201804,0.9412377016676362,0.8798844422404953,0.9656024803237288,0.9585991098291936,0.9339751053098808,0.9592811036652533,0.954192969744887,0.9433788914162415,0.967598092083945,0.9806788011042705,0.9655822381415792],[0.9997410493300105,0.9976802288978445,0.9812104762263767,0.9958592507907477,0.9570555012984022,0.9877714701188904,0.9753829675851455,0.9832188348186598,0.976252888003876,0.9957502184144479,0.9955616408535736,0.995680207796116,0.9908477777055885,0.9919583364277822,0.9956725575390866,0.9876846633820584,1.0,0.9834865697500805,0.9157394397585923,0.9332102799164034,0.536244635121305,0.9882853343465341,0.9261842473830114,-0.12613361525846814,0.4585620293273189,0.917471300129546,0.8968626061568766,0.9694301529177438,0.9604815456367011,0.9462146497417252,0.9743370182910829,0.9485345450433168,0.9158938773408017,0.9756400820256363,0.9884933868023607,0.9653025850191072],[0.9858506472424534,0.9802449890720996,0.9419415548763264,0.9740847510216673,0.9053154963320876,0.9831783200203481,0.9544612507425976,0.9998904319566482,0.9834721745004049,0.9741608197520734,0.9697067762732478,0.9734655600047561,0.9550647247884577,0.9534062986331131,0.9699082371894806,0.9834594166207914,0.9834865697500805,1.0,0.9320168552432518,0.9373754740826704,0.6020633924566846,0.957509102246013,0.9099320751975504,0.14988790556943307,-0.2744965936702164,0.9171121833181151,0.8491681531413214,0.9478436063206566,0.9791578277390927,0.9593251494785204,0.9656553209808425,0.9661999860559342,0.9366609749579318,0.9654512387514146,0.9590700609343101,0.9711435053215158],[0.893988517852823,0.9115717890197826,0.8371146343851896,0.8730331817226646,0.7920008218297762,0.8998660741059576,0.859971174860902,0.9291251494372277,0.9021101015529449,0.8746672161153082,0.892435347114439,0.8818656541716672,0.8698056845377183,0.8533754545229079,0.8929701410704858,0.902851851718033,0.9157394397585923,0.9320168552432518,1.0,0.8357273790057373,0.6822048087687199,0.8425628213397296,0.809540350986181,0.23725596242298722,-0.15680188308904672,0.8632529592312667,0.7213940739135152,0.8574645262821667,0.8968396756834602,0.8650339129583949,0.8526991886960958,0.877091942388906,0.8629328062104522,0.8588124178858462,0.8716430117545031,0.8973659113678326],[0.9124011589413785,0.9022878409462708,0.8028007779564049,0.8902146067887958,0.7605482503098825,0.8716206131711729,0.7907565243944504,0.9312217865868151,0.865601796421575,0.8914864074597115,0.9199414419891236,0.9082203223675056,0.9017489185596181,0.9118410957021869,0.9203269727180577,0.8954832760261863,0.9332102799164034,0.9373754740826704,0.8357273790057373,1.0,0.8177736201452969,0.8379552170039894,0.8659641268341964,0.6149608425789124,-0.5148771740520939,0.7277042790390891,0.7879283023630359,0.8161714840697121,0.9608433175046963,0.939466588627252,0.8916727370088087,0.9487672869255223,0.9042558945945436,0.9004047573126408,0.8486279524785293,0.8871785352218534],[0.6600854476724408,0.6827365979159759,0.5126915007381907,0.6168142631410656,0.45398239895237086,0.6303896461761307,0.5163582028189727,0.6053380821224241,0.5197908717084857,0.6126182988314096,0.47249726357402877,0.5449347424355085,0.38037744192099543,0.23387653446449902,0.4728725559812975,0.6135051469465466,0.536244635121305,0.6020633924566846,0.6822048087687199,0.8177736201452969,1.0,0.5491251252475863,0.666527484003162,0.7224602048765707,-0.1159018215768031,0.5274751741384007,0.5306654681683537,0.5872329388590958,0.7621303623579447,0.6884309777400812,0.5926667437593994,0.7240265213683932,0.7462566216840831,0.6423905138791666,0.6045242389649138,0.6597056569134813],[0.9840253205526692,0.9709198429768617,0.9919027502226084,0.9941780130818921,0.9820223764423818,0.9673487219188224,0.9609858355739946,0.9594427251316545,0.9674770265856584,0.9943813341337538,0.997373113779516,0.9964193564872349,0.9913423325569314,0.9887309807574409,0.9971799938601383,0.9647040268614291,0.9882853343465341,0.957509102246013,0.8425628213397296,0.8379552170039894,0.5491251252475863,1.0,0.9224546257738027,0.21906723087401123,-0.25496877807097346,0.8744108045790713,0.9464432471160552,0.9672280564232616,0.9150983780009491,0.9290707421547442,0.9746146657328152,0.9210201356669834,0.8786722735102429,0.9634418500134314,0.9620762312403276,0.9260928732286645],[0.9407020095215916,0.9248355135387907,0.9322777377594383,0.9444243590321568,0.9177266142982828,0.9150674704327351,0.917259562380065,0.9065096755477544,0.9260854624064189,0.9445573349516587,0.9334041077188101,0.942601899245391,0.9272857505870225,0.921003033723971,0.9335624969655201,0.9102273956286604,0.9261842473830114,0.9099320751975504,0.809540350986181,0.8659641268341964,0.666527484003162,0.9224546257738027,1.0,0.2663824996650093,-0.18015290148900756,0.7371761399799918,0.9012080203201422,0.9084868997905279,0.8987710734269991,0.8657447270045373,0.9421643709239222,0.8762213931643663,0.8414140573969331,0.9361790738823463,0.8972416361832684,0.8702532164336183],[0.32764618077295793,0.32597785608236385,0.15223378126873088,0.2910521334341602,0.11377177499969157,0.21049905557386683,0.07316252850735885,0.18702120980307343,0.04748069686269754,0.2958209801023911,-0.18635623186552855,0.023639420098438467,-0.43519817771068586,-0.7443965264661003,-0.18400386689642026,0.06047741529044332,-0.12613361525846814,0.14988790556943307,0.23725596242298722,0.6149608425789124,0.7224602048765707,0.21906723087401123,0.2663824996650093,1.0,-0.37915780499423374,0.24327606422633202,0.18645513216033224,0.14939498783315805,0.4413844810638051,0.4299094032150784,0.26588102499145294,0.4541629687378282,0.38786919315454754,0.30159307962216453,0.22052492719638905,0.3401141138112393],[-0.2812243688091728,-0.21609228403587044,-0.19898093933691627,-0.2672437481657438,-0.1826513420038346,-0.2102014712900064,-0.14956707170888864,-0.3001639180265238,-0.2226082698455337,-0.26672089516820885,0.4336817306456396,-0.1553030774677225,0.4557165739048032,0.43188918669354176,0.436471049935211,-0.18010385716201804,0.4585620293273189,-0.2744965936702164,-0.15680188308904672,-0.5148771740520939,-0.1159018215768031,-0.25496877807097346,-0.18015290148900756,-0.37915780499423374,1.0,-0.1526794476499337,-0.22836370391675503,-0.1749566092405287,-0.37913514869922416,-0.3659341729424141,-0.29758255502561404,-0.3371356591533718,-0.20792489014492863,-0.32980102312801174,-0.17456223339632174,-0.3039979151788101],[0.9037844069041775,0.8842195175450364,0.8752026183055405,0.8932379566803299,0.8335622204846164,0.934855656679249,0.8960803989038203,0.912547982978913,0.8919916918911284,0.8936311238387178,0.887074031009704,0.9028898802604425,0.8618551662286343,0.831546879978683,0.8874747677264987,0.9412377016676362,0.917471300129546,0.9171121833181151,0.8632529592312667,0.7277042790390891,0.5274751741384007,0.8744108045790713,0.7371761399799918,0.24327606422633202,-0.1526794476499337,1.0,0.7681014637771466,0.8939131517311579,0.830073530199246,0.8735892396484141,0.8411889938471315,0.879848949482275,0.8719465525396685,0.8697264381546341,0.8768338505082489,0.9067206964103023],[0.91933774546152,0.9160382651231452,0.95261511906552,0.9363096264000622,0.9619043396737211,0.8920814312437337,0.9042677156793838,0.8547186712629854,0.8742662575003709,0.9348554122304481,0.9124560373825187,0.9230807197955129,0.9239762883892733,0.9244507029864222,0.9113192599086433,0.8798844422404953,0.8968626061568766,0.8491681531413214,0.7213940739135152,0.7879283023630359,0.5306654681683537,0.9464432471160552,0.9012080203201422,0.18645513216033224,-0.22836370391675503,0.7681014637771466,1.0,0.8857234318010222,0.8418416488557312,0.842770921147449,0.9117831450664038,0.8347350810863959,0.7917364177295401,0.8946462887018275,0.8969520284779242,0.8518866374606838],[0.9641430641818068,0.9636063357308484,0.9638590384367047,0.9661493209159846,0.9405779120974709,0.9681007265042006,0.9634932289835787,0.9480311431835113,0.9684264873273878,0.9648918171859827,0.9651180738930366,0.9607716461593997,0.9610182651444208,0.9558436283494441,0.9649380304155787,0.9656024803237288,0.9694301529177438,0.9478436063206566,0.8574645262821667,0.8161714840697121,0.5872329388590958,0.9672280564232616,0.9084868997905279,0.14939498783315805,-0.1749566092405287,0.8939131517311579,0.8857234318010222,1.0,0.9104422131760365,0.899595996149793,0.9508440022310802,0.8977552203594956,0.8852001802354292,0.9540439470892753,0.9761625469984737,0.9040437584098584],[0.9694194301004823,0.9511731552448233,0.89231734455495,0.9523098074770707,0.8487951565274594,0.9555323233159588,0.8965124481963519,0.9786810833275612,0.9365819193094359,0.9519366014568258,0.9396026564742667,0.9440198074311336,0.9102162865116958,0.9015128660521106,0.9396555409334963,0.9585991098291936,0.9604815456367011,0.9791578277390927,0.8968396756834602,0.9608433175046963,0.7621303623579447,0.9150983780009491,0.8987710734269991,0.4413844810638051,-0.37913514869922416,0.830073530199246,0.8418416488557312,0.9104422131760365,1.0,0.9867091586752016,0.9536392681689189,0.9909756526042495,0.9551451338162311,0.9588511103073456,0.9126320446132242,0.9665491065235926],[0.9623287349887193,0.9507046248659063,0.8918993070017635,0.9523128782826168,0.8565604626772428,0.9363761109157442,0.8740120508823047,0.9597916936998502,0.9108596814459713,0.951453576265042,0.934479551880868,0.941521376109847,0.8993215134367836,0.891496911509476,0.9348697774542282,0.9339751053098808,0.9462146497417252,0.9593251494785204,0.8650339129583949,0.939466588627252,0.6884309777400812,0.9290707421547442,0.8657447270045373,0.4299094032150784,-0.3659341729424141,0.8735892396484141,0.842770921147449,0.899595996149793,0.9867091586752016,1.0,0.9488240334667495,0.9851305074710173,0.9565486864038732,0.9434845166438511,0.925516791704988,0.9650143860329423],[0.9813286273628307,0.9736336237939996,0.9646775411057277,0.9831196642161839,0.9452795135049361,0.9623694562461809,0.9464586252262034,0.9673834854979436,0.9656360191874173,0.9823714010240202,0.9759937841352623,0.9796368676818837,0.9616505375261066,0.9570784299455108,0.9760429214615262,0.9592811036652533,0.9743370182910829,0.9656553209808425,0.8526991886960958,0.8916727370088087,0.5926667437593994,0.9746146657328152,0.9421643709239222,0.26588102499145294,-0.29758255502561404,0.8411889938471315,0.9117831450664038,0.9508440022310802,0.9536392681689189,0.9488240334667495,1.0,0.9469632984543662,0.9038920106962347,0.9782582188870296,0.9676550504635895,0.9475486881304878],[0.9655860720523269,0.9521483039978968,0.8906143968734582,0.9489437772908258,0.8482791957008213,0.9530189771994121,0.8935872047887098,0.9673751637183398,0.9252445915836701,0.9483006938218179,0.9266834865669844,0.9378569144120378,0.8959227534585036,0.8974848612346101,0.9270795398385676,0.954192969744887,0.9485345450433168,0.9661999860559342,0.877091942388906,0.9487672869255223,0.7240265213683932,0.9210201356669834,0.8762213931643663,0.4541629687378282,-0.3371356591533718,0.879848949482275,0.8347350810863959,0.8977552203594956,0.9909756526042495,0.9851305074710173,0.9469632984543662,1.0,0.974391347393959,0.9479237180990451,0.9360391653898872,0.9642746400446263],[0.9317419137872054,0.9306358943547558,0.8576040773211289,0.9112319406407373,0.8075527240278149,0.9451667660867878,0.8910342401171433,0.9370896697233535,0.9013216012140087,0.9098657346779391,0.8807505416767555,0.9014330267106696,0.8350731029443207,0.8106414822938937,0.8810112229115191,0.9433788914162415,0.9158938773408017,0.9366609749579318,0.8629328062104522,0.9042558945945436,0.7462566216840831,0.8786722735102429,0.8414140573969331,0.38786919315454754,-0.20792489014492863,0.8719465525396685,0.7917364177295401,0.8852001802354292,0.9551451338162311,0.9565486864038732,0.9038920106962347,0.974391347393959,1.0,0.9068467306052387,0.9206220628974718,0.9504543781867395],[0.982579296609815,0.9736861407512644,0.9506627793497611,0.9772449518213489,0.9217569254626409,0.9656481357843708,0.938741543380627,0.966224045159765,0.9576138363910766,0.976506433200296,0.9677066468047228,0.9727920079787239,0.9569444980181473,0.9548983972936297,0.9675368302796602,0.967598092083945,0.9756400820256363,0.9654512387514146,0.8588124178858462,0.9004047573126408,0.6423905138791666,0.9634418500134314,0.9361790738823463,0.30159307962216453,-0.32980102312801174,0.8697264381546341,0.8946462887018275,0.9540439470892753,0.9588511103073456,0.9434845166438511,0.9782582188870296,0.9479237180990451,0.9068467306052387,1.0,0.9619896100925132,0.948776907078619],[0.9779683297682034,0.9703540954034545,0.9681402516222981,0.9760520477471443,0.9427044007125988,0.9815112067171089,0.9727367681188961,0.961111339809361,0.9759121157400947,0.9752074212253363,0.9826167772189741,0.9752172392381557,0.9756443071922627,0.9741201342354876,0.9827327905704286,0.9806788011042705,0.9884933868023607,0.9590700609343101,0.8716430117545031,0.8486279524785293,0.6045242389649138,0.9620762312403276,0.8972416361832684,0.22052492719638905,-0.17456223339632174,0.8768338505082489,0.8969520284779242,0.9761625469984737,0.9126320446132242,0.925516791704988,0.9676550504635895,0.9360391653898872,0.9206220628974718,0.9619896100925132,1.0,0.9299888287668869],[0.959268503198693,0.9545929772734397,0.9122925542753026,0.9473604456481624,0.8741239906381575,0.9617691540682828,0.9196083710113728,0.9701687855042602,0.9353497821235621,0.9461436140595778,0.9428705002822375,0.948968078368365,0.9331353954223712,0.9309269202979593,0.9436601065369753,0.9655822381415792,0.9653025850191072,0.9711435053215158,0.8973659113678326,0.8871785352218534,0.6597056569134813,0.9260928732286645,0.8702532164336183,0.3401141138112393,-0.3039979151788101,0.9067206964103023,0.8518866374606838,0.9040437584098584,0.9665491065235926,0.9650143860329423,0.9475486881304878,0.9642746400446263,0.9504543781867395,0.948776907078619,0.9299888287668869,1.0]],"x":["^TAIEX       \u81fa\u7063\u52a0\u6b0a\u5831\u916c\u6307\u6578","^TWII        \u81fa\u7063\u52a0\u6b0a\u6307\u6578","^TAIEXx2     \u81fa\u7063\u52a0\u6b0a\u5831\u916c\u6307\u6578_\u65e5\u6b632","^TAI50I      \u81fa\u706350\u5831\u916c\u6307\u6578","^TAI50Ix2    \u81fa\u706350\u5831\u916c\u6307\u6578_\u65e5\u6b632","^TAI100I     \u81fa\u7063\u4e2d\u578b100\u5831\u916c\u6307\u6578","^TAI100Ix2   \u81fa\u7063\u4e2d\u578b100\u5831\u916c\u6307\u6578_\u65e5\u6b632","^TAIDIVIDI   \u81fa\u7063\u9ad8\u80a1\u606f\u5831\u916c\u6307\u6578","^TAIDIVIDIx2 \u81fa\u7063\u9ad8\u80a1\u606f\u5831\u916c\u6307\u6578_\u65e5\u6b632","0050Fund     \u5143\u5927\u53f0\u7063\u5353\u8d8a50\u57fa\u91d1","006208Fund   \u5bcc\u90a6\u53f0\u7063\u91c6\u540950\u57fa\u91d1","0050         \u5143\u5927\u81fa\u706350","00631L       \u5143\u5927\u53f0\u706350\u6b632","00675L       \u5bcc\u90a6\u81fa\u7063\u52a0\u6b0a\u6b632","006208       \u5bcc\u90a6\u53f050","0051         \u5143\u5927\u4e2d\u578b100","006204       \u6c38\u8c50\u81fa\u7063\u52a0\u6b0a","0056         \u5143\u5927\u9ad8\u80a1\u606f","0056         \u5143\u5927\u9ad8\u80a1\u606f_\u80a1\u606f\u4e0d\u6295\u5165","2412         \u4e2d\u83ef\u96fb\u4fe1","2002         \u4e2d\u92fc","2330         \u53f0\u7a4d\u96fb","2317         \u9d3b\u6d77","6505         \u53f0\u5851\u77f3\u5316","3481         \u7fa4\u5275","2303         \u806f\u96fb","2308         \u53f0\u9054\u96fb","2454         \u806f\u767c\u79d1","2886         \u5146\u8c50\u91d1","2884         \u7389\u5c71\u91d1","2891         \u4e2d\u4fe1\u91d1","2892         \u7b2c\u4e00\u91d1","5880         \u5408\u5eab\u91d1","2881         \u5bcc\u90a6\u91d1","2885         \u5143\u5927\u91d1","2887         \u53f0\u65b0\u91d1"],"y":["^TAIEX       \u81fa\u7063\u52a0\u6b0a\u5831\u916c\u6307\u6578","^TWII        \u81fa\u7063\u52a0\u6b0a\u6307\u6578","^TAIEXx2     \u81fa\u7063\u52a0\u6b0a\u5831\u916c\u6307\u6578_\u65e5\u6b632","^TAI50I      \u81fa\u706350\u5831\u916c\u6307\u6578","^TAI50Ix2    \u81fa\u706350\u5831\u916c\u6307\u6578_\u65e5\u6b632","^TAI100I     \u81fa\u7063\u4e2d\u578b100\u5831\u916c\u6307\u6578","^TAI100Ix2   \u81fa\u7063\u4e2d\u578b100\u5831\u916c\u6307\u6578_\u65e5\u6b632","^TAIDIVIDI   \u81fa\u7063\u9ad8\u80a1\u606f\u5831\u916c\u6307\u6578","^TAIDIVIDIx2 \u81fa\u7063\u9ad8\u80a1\u606f\u5831\u916c\u6307\u6578_\u65e5\u6b632","0050Fund     \u5143\u5927\u53f0\u7063\u5353\u8d8a50\u57fa\u91d1","006208Fund   \u5bcc\u90a6\u53f0\u7063\u91c6\u540950\u57fa\u91d1","0050         \u5143\u5927\u81fa\u706350","00631L       \u5143\u5927\u53f0\u706350\u6b632","00675L       \u5bcc\u90a6\u81fa\u7063\u52a0\u6b0a\u6b632","006208       \u5bcc\u90a6\u53f050","0051         \u5143\u5927\u4e2d\u578b100","006204       \u6c38\u8c50\u81fa\u7063\u52a0\u6b0a","0056         \u5143\u5927\u9ad8\u80a1\u606f","0056         \u5143\u5927\u9ad8\u80a1\u606f_\u80a1\u606f\u4e0d\u6295\u5165","2412         \u4e2d\u83ef\u96fb\u4fe1","2002         \u4e2d\u92fc","2330         \u53f0\u7a4d\u96fb","2317         \u9d3b\u6d77","6505         \u53f0\u5851\u77f3\u5316","3481         \u7fa4\u5275","2303         \u806f\u96fb","2308         \u53f0\u9054\u96fb","2454         \u806f\u767c\u79d1","2886         \u5146\u8c50\u91d1","2884         \u7389\u5c71\u91d1","2891         \u4e2d\u4fe1\u91d1","2892         \u7b2c\u4e00\u91d1","5880         \u5408\u5eab\u91d1","2881         \u5bcc\u90a6\u91d1","2885         \u5143\u5927\u91d1","2887         \u53f0\u65b0\u91d1"],"zmin":-1,"zmax":1,"colorbar":{"x":-0.2}}],"layout":{"autotypenumbers":"strict","colorway":["#636efa","#EF553B","#00cc96","#ab63fa","#FFA15A","#19d3f3","#FF6692","#B6E880","#FF97FF","#FECB52"],"font":{"color":"#f2f5fa","family":"Courier New"},"hovermode":"closest","hoverlabel":{"align":"left"},"paper_bgcolor":"rgb(17,17,17)","plot_bgcolor":"rgb(17,17,17)","polar":{"bgcolor":"rgb(17,17,17)","angularaxis":{"gridcolor":"#506784","linecolor":"#506784","ticks":""},"radialaxis":{"gridcolor":"#506784","linecolor":"#506784","ticks":""}},"ternary":{"bgcolor":"rgb(17,17,17)","aaxis":{"gridcolor":"#506784","linecolor":"#506784","ticks":""},"baxis":{"gridcolor":"#506784","linecolor":"#506784","ticks":""},"caxis":{"gridcolor":"#506784","linecolor":"#506784","ticks":""}},"coloraxis":{"colorbar":{"outlinewidth":0,"ticks":""}},"colorscale":{"sequential":[[0.0,"#0d0887"],[0.1111111111111111,"#46039f"],[0.2222222222222222,"#7201a8"],[0.3333333333333333,"#9c179e"],[0.4444444444444444,"#bd3786"],[0.5555555555555556,"#d8576b"],[0.6666666666666666,"#ed7953"],[0.7777777777777778,"#fb9f3a"],[0.8888888888888888,"#fdca26"],[1.0,"#f0f921"]],"sequentialminus":[[0.0,"#0d0887"],[0.1111111111111111,"#46039f"],[0.2222222222222222,"#7201a8"],[0.3333333333333333,"#9c179e"],[0.4444444444444444,"#bd3786"],[0.5555555555555556,"#d8576b"],[0.6666666666666666,"#ed7953"],[0.7777777777777778,"#fb9f3a"],[0.8888888888888888,"#fdca26"],[1.0,"#f0f921"]],"diverging":[[0,"#8e0152"],[0.1,"#c51b7d"],[0.2,"#de77ae"],[0.3,"#f1b6da"],[0.4,"#fde0ef"],[0.5,"#f7f7f7"],[0.6,"#e6f5d0"],[0.7,"#b8e186"],[0.8,"#7fbc41"],[0.9,"#4d9221"],[1,"#276419"]]},"xaxis":{"gridcolor":"rgba(0, 0, 0, 0)","linecolor":"#506784","ticks":"","title":{"standoff":15},"zerolinecolor":"#283442","automargin":true,"zerolinewidth":2,"tickfont":{"family":"Courier New","size":14},"side":"top","tickangle":-90},"yaxis":{"gridcolor":"rgba(0, 0, 0, 0)","linecolor":"#506784","ticks":"","title":{"standoff":15},"zerolinecolor":"#283442","automargin":true,"zerolinewidth":2,"tickfont":{"family":"Courier New"},"side":"right"},"scene":{"xaxis":{"backgroundcolor":"rgb(17,17,17)","gridcolor":"#506784","linecolor":"#506784","showbackground":true,"ticks":"","zerolinecolor":"#C8D4E3","gridwidth":2},"yaxis":{"backgroundcolor":"rgb(17,17,17)","gridcolor":"#506784","linecolor":"#506784","showbackground":true,"ticks":"","zerolinecolor":"#C8D4E3","gridwidth":2},"zaxis":{"backgroundcolor":"rgb(17,17,17)","gridcolor":"#506784","linecolor":"#506784","showbackground":true,"ticks":"","zerolinecolor":"#C8D4E3","gridwidth":2}},"shapedefaults":{"line":{"color":"#f2f5fa"}},"annotationdefaults":{"arrowcolor":"#f2f5fa","arrowhead":0,"arrowwidth":1},"geo":{"bgcolor":"rgb(17,17,17)","landcolor":"rgb(17,17,17)","subunitcolor":"#506784","showland":true,"showlakes":true,"lakecolor":"rgb(17,17,17)"},"title":{"x":0.05,"font":{"family":"Times New Roman"},"y":0.05,"text":"<b>Correlation of Adj Close<b><br><i>2016-09-23 ~ 2026-02-25<i>"},"updatemenudefaults":{"bgcolor":"#506784","borderwidth":0},"sliderdefaults":{"bgcolor":"#C8D4E3","borderwidth":1,"bordercolor":"rgb(17,17,17)","tickwidth":0},"mapbox":{"style":"dark"},"annotations":[{"text":"<b>@zwindr<b>","textangle":0,"opacity":0.5,"font":{"color":"white","size":12},"xref":"paper","yref":"paper","xanchor":"left","yanchor":"bottom","x":1.0,"y":1.0,"showarrow":false}]},"config":{"responsive":true,"toImageButtonOptions":{"filename":"Correlation of Adj Close_2016-09-23~2026-02-25","scale":5}}};Plotly.newPlot("correlationAdjClose",correlationAdjClose.data,correlationAdjClose.layout||{},correlationAdjClose.config);}else{console.log("style display is none => correlationAdjClose");}