var correlationAdjClose = {"data": [{"type": "heatmap", "z": [[1.0, 0.9939883140596284, 0.9768804961309834, 0.997642504993662, 0.9647611887640085, 0.9814320401662456, -0.9429090162570334, 0.9899868011787936, 0.9700520197610961, 0.9972186924759825, 0.9972083860463996, 0.9976903947645074, 0.9932087662354805, 0.9939121729773913, 0.9972072456640277, 0.9839381456730926, 0.9996668818710193, 0.9900195169060506, 0.9200542177372528, 0.7407399516948188, 0.9853532710466695, 0.9209426671763598, 0.4433547949790081, -0.3035808570576341, 0.9013269599090056, 0.9741914136314607, 0.9544752469998418, 0.9800557370435177, 0.9637556286545288, 0.9756754452615749, 0.9719688249063524, 0.9454452487253594, 0.9797066615185365, 0.9701858992677632, 0.9549249238426781], [0.9939883140596284, 1.0, 0.9722518513942928, 0.9912952098953778, 0.9602111809659435, 0.9768481958217489, -0.9382192483490818, 0.9808526477280014, 0.963112247329594, 0.9953311690252217, 0.9951784308343711, 0.9943853625200576, 0.992296187156773, 0.9915414105432072, 0.9951149807395825, 0.9778625969367789, 0.9966466739230121, 0.9835965506752294, 0.9090484293732477, 0.752307444097619, 0.9669278946007825, 0.9001838786207607, 0.44297207029234853, -0.2277117468488393, 0.875195840090753, 0.9618715373217815, 0.9539764637164827, 0.9578462251930151, 0.9496388804331687, 0.9653805945250479, 0.9560362319617335, 0.9432361871966242, 0.9684830054387495, 0.9614287078864119, 0.9484887110750524], [0.9768804961309834, 0.9722518513942928, 1.0, 0.9829851196523979, 0.9960183056889149, 0.978998062932394, -0.9757526646890696, 0.9701722966761628, 0.983942004849897, 0.9886527704531317, 0.9893721383552166, 0.9858241119183055, 0.9970665242074387, 0.9968872421424633, 0.9891281046254315, 0.9776627974218434, 0.9877635668294987, 0.9700659186017763, 0.8272273812305617, 0.6303744285130263, 0.9901760607209783, 0.9115157797795499, 0.27812559939328624, -0.2265082331509166, 0.9070773960046156, 0.9438832624631621, 0.9794325646200954, 0.9297645874451793, 0.9112020853909413, 0.9637904477947052, 0.9198595225365851, 0.9067545268268122, 0.9663935727467772, 0.9738390150697808, 0.9247674103301697], [0.997642504993662, 0.9912952098953778, 0.9829851196523979, 1.0, 0.976403424686476, 0.9736636860255135, -0.9377338842168433, 0.9843365931298002, 0.9675126603032554, 0.9999708860851905, 0.9999892679195582, 0.9999569250616861, 0.9914116486610434, 0.9894396202865821, 0.9999429104156142, 0.9735484117848343, 0.9960496272498829, 0.9841951041173029, 0.9061874217695495, 0.7106457079421189, 0.9932970417487363, 0.922274492747665, 0.41917553209477093, -0.29500266041126366, 0.8994566208631571, 0.9692592360271683, 0.9608249468509276, 0.9709815710740368, 0.9609201739178341, 0.9776282438852378, 0.9622361397154482, 0.9343768390492435, 0.9776964753623237, 0.9688023879574984, 0.9467508003636835], [0.9647611887640085, 0.9602111809659435, 0.9960183056889149, 0.976403424686476, 1.0, 0.9586821768278796, -0.9572920178985068, 0.9551514066067034, 0.971684770738102, 0.984911085912168, 0.985671074024818, 0.9816751477583039, 0.9865071370308951, 0.9828520223728441, 0.9853252649067527, 0.956304363433123, 0.975946148901863, 0.9549519710666758, 0.8067970400748696, 0.5947279879402271, 0.9894932662954113, 0.9074035711347086, 0.2536980850436921, -0.21967274669851317, 0.888529532115005, 0.9302192280453412, 0.9772413807083424, 0.9095574825007631, 0.8975579091321934, 0.957624845478113, 0.8983927357212225, 0.8807035588477803, 0.9562155257658058, 0.9622680820295503, 0.9015915674566387], [0.9814320401662456, 0.9768481958217489, 0.978998062932394, 0.9736636860255135, 0.9586821768278796, 1.0, -0.9807580632480521, 0.9805070380523925, 0.9797889022705502, 0.9687920950592427, 0.9691467092570285, 0.9717102917192122, 0.9770899263157807, 0.9750755216886483, 0.9689297328943107, 0.9999065443239705, 0.9860559564777304, 0.9816009703281937, 0.8613068717611905, 0.7073209380054727, 0.9672367077894206, 0.8915322867944374, 0.30925403435778315, -0.21524702965160727, 0.9366594851304109, 0.9564961064158806, 0.9594056757679973, 0.9572410663424634, 0.9272246727803832, 0.9521412639983143, 0.9513455823936885, 0.9546682861314383, 0.9565633566134122, 0.9763092208691593, 0.955495876152595], [-0.9429090162570334, -0.9382192483490818, -0.9757526646890696, -0.9377338842168433, -0.9572920178985068, -0.9807580632480521, 1.0, -0.9516458170261446, -0.9833848584222344, -0.9480472808611788, -0.9492727646354563, -0.9444491859436359, -0.974092940798596, -0.975815403807886, -0.9488901972591687, -0.9839113233751721, -0.9644774048642074, -0.9546596708291853, -0.774019805336383, -0.6054652855340351, -0.942983800676274, -0.8819193044389636, -0.16692037117297012, 0.14963104788972229, -0.9049018108331511, -0.9140293786773618, -0.9571917318506559, -0.8986422525754862, -0.85761485664309, -0.9246456140429802, -0.8900841660110388, -0.908948995551101, -0.9252200935262392, -0.9634696904281503, -0.9097183116067641], [0.9899868011787936, 0.9808526477280014, 0.9701722966761628, 0.9843365931298002, 0.9551514066067034, 0.9805070380523925, -0.9516458170261446, 1.0, 0.9824012285575919, 0.9800754878616371, 0.9800284963474669, 0.9832445715814911, 0.9759489644527166, 0.9749349742180132, 0.9800220907285393, 0.9824434386832465, 0.9876128212650269, 0.9998705560417633, 0.923079929494016, 0.6750403791626066, 0.9738762456518989, 0.8950962835147654, 0.30097391813948365, -0.3115616919083673, 0.905592807040667, 0.9553202763247186, 0.9374674020357057, 0.9775472155547814, 0.9522393752675459, 0.9688944719760352, 0.9624627384217993, 0.9353644982074777, 0.9590001674038975, 0.9572281699605917, 0.9655447936874236], [0.9700520197610961, 0.963112247329594, 0.983942004849897, 0.9675126603032554, 0.971684770738102, 0.9797889022705502, -0.9833848584222344, 0.9824012285575919, 1.0, 0.9631080078785149, 0.9637810889660828, 0.9655961492364036, 0.9729729701527559, 0.9700626947885636, 0.9635195392394696, 0.9789027002629757, 0.9701378194570796, 0.9817233350902733, 0.8496728442836876, 0.599677153091845, 0.9675332888082061, 0.9060752005348455, 0.1582026543560365, -0.2303226489570974, 0.8869665477337292, 0.9328938216848721, 0.9599416059970619, 0.9328583700193859, 0.8945227322203375, 0.9564431417117436, 0.9157567027358907, 0.9025826369172628, 0.9449421763608106, 0.9691369359621285, 0.9232729868023862], [0.9972186924759825, 0.9953311690252217, 0.9886527704531317, 0.9999708860851905, 0.984911085912168, 0.9687920950592427, -0.9480472808611788, 0.9800754878616371, 0.9631080078785149, 1.0, 0.9999874492071147, 0.9999824341000306, 0.9912464888671717, 0.9892399681296352, 0.9999477465919004, 0.9693341911983804, 0.9956371699244689, 0.981104573430212, 0.9305674332750725, 0.634935963190457, 0.9966756487440451, 0.8998354155206283, -0.01431098109237611, 0.436176678397189, 0.9169978194349969, 0.9534558040287915, 0.9660863675599203, 0.9618048326814834, 0.9426314842161044, 0.9654205504452915, 0.9415733528795317, 0.9204372853631025, 0.9648955354404197, 0.9800704097287986, 0.9442198291670664], [0.9972083860463996, 0.9951784308343711, 0.9893721383552166, 0.9999892679195582, 0.985671074024818, 0.9691467092570285, -0.9492727646354563, 0.9800284963474669, 0.9637810889660828, 0.9999874492071147, 1.0, 0.9999714870147787, 0.9914348888396463, 0.9894236473416055, 0.9999523802776621, 0.9696611931596851, 0.9956875133500541, 0.9810272464770163, 0.9297250316467857, 0.6312470470576181, 0.9969690179706402, 0.899066294047387, -0.029209469759869194, 0.431754925651307, 0.9162945663153468, 0.9533007072116141, 0.9669834885431021, 0.9612932227018245, 0.9413155772557551, 0.9655216991508108, 0.9405256995781616, 0.9191509119272795, 0.9650826811491243, 0.9806024782219358, 0.9435271369302368], [0.9976903947645074, 0.9943853625200576, 0.9858241119183055, 0.9999569250616861, 0.9816751477583039, 0.9717102917192122, -0.9444491859436359, 0.9832445715814911, 0.9655961492364036, 0.9999824341000306, 0.9999714870147787, 1.0, 0.9912025941028458, 0.9891552558345881, 0.9999613679750665, 0.9721376186901364, 0.9958237846647041, 0.9838266452802954, 0.9217608626448992, 0.6810604994640727, 0.9958578164415514, 0.9161611162875885, 0.18490696469015175, -0.19485918183345835, 0.9240085083677414, 0.962299839098675, 0.9556309916433912, 0.9652165827445225, 0.9514847058013072, 0.9720948741418192, 0.9526607419255416, 0.9331247647571798, 0.9722074731202055, 0.9670438779743543, 0.9529836705309591], [0.9932087662354805, 0.992296187156773, 0.9970665242074387, 0.9914116486610434, 0.9865071370308951, 0.9770899263157807, -0.974092940798596, 0.9759489644527166, 0.9729729701527559, 0.9912464888671717, 0.9914348888396463, 0.9912025941028458, 1.0, 0.9996813349294009, 0.9913622097733344, 0.9779036508853803, 0.9935399045990959, 0.9773104027107155, 0.9113794970456884, 0.5740070706002416, 0.9861084489787986, 0.891374969053636, -0.3136823551965055, 0.45896475385313845, 0.9069785561022506, 0.9528588427654547, 0.9775144859202889, 0.9440542066745683, 0.9033199990928276, 0.9464295728384229, 0.91407928257219, 0.8896058225926012, 0.9630975357923622, 0.9795889164581014, 0.9357949429258053], [0.9939121729773913, 0.9915414105432072, 0.9968872421424633, 0.9894396202865821, 0.9828520223728441, 0.9750755216886483, -0.975815403807886, 0.9749349742180132, 0.9700626947885636, 0.9892399681296352, 0.9894236473416055, 0.9891552558345881, 0.9996813349294009, 1.0, 0.9894686817600238, 0.9759572489736156, 0.9940711907552607, 0.976549992102175, 0.9188574673508072, 0.4550584135471163, 0.9808861780808081, 0.8801315209859891, -0.7064178866524585, 0.43720055999821755, 0.8800209003850341, 0.9496547600655698, 0.9768780146078228, 0.9363518172030979, 0.885401340112297, 0.937362790125447, 0.9109610301187611, 0.8678552406108861, 0.9652725487587107, 0.9778284904349226, 0.9282030218306733], [0.9972072456640277, 0.9951149807395825, 0.9891281046254315, 0.9999429104156142, 0.9853252649067527, 0.9689297328943107, -0.9488901972591687, 0.9800220907285393, 0.9635195392394696, 0.9999477465919004, 0.9999523802776621, 0.9999613679750665, 0.9913622097733344, 0.9894686817600238, 1.0, 0.9694661157456737, 0.9956578351917522, 0.9810640014819982, 0.930371781246634, 0.6320264254547215, 0.9968005715779935, 0.8990972376774597, -0.02602325154793319, 0.4318079970091973, 0.9161334284073406, 0.952435855096175, 0.9662696151364314, 0.9615754191495445, 0.9418179493135326, 0.9654938721138243, 0.941128387923895, 0.9197096882585339, 0.9649023243716143, 0.9804384883866407, 0.9439074440026566], [0.9839381456730926, 0.9778625969367789, 0.9776627974218434, 0.9735484117848343, 0.956304363433123, 0.9999065443239705, -0.9839113233751721, 0.9824434386832465, 0.9789027002629757, 0.9693341911983804, 0.9696611931596851, 0.9721376186901364, 0.9779036508853803, 0.9759572489736156, 0.9694661157456737, 1.0, 0.9864974836636663, 0.9817196404493034, 0.8849424130820897, 0.707552888990771, 0.9657937701002931, 0.8870342028173767, 0.18010592313872453, -0.19363548447215354, 0.9452058509879351, 0.9583725819277686, 0.9561639101057755, 0.9606017140151322, 0.9240745036308845, 0.9489041156805575, 0.95220808440934, 0.9540122840258058, 0.9591013870434384, 0.9758499086527747, 0.9603080370814308], [0.9996668818710193, 0.9966466739230121, 0.9877635668294987, 0.9960496272498829, 0.975946148901863, 0.9860559564777304, -0.9644774048642074, 0.9876128212650269, 0.9701378194570796, 0.9956371699244689, 0.9956875133500541, 0.9958237846647041, 0.9935399045990959, 0.9940711907552607, 0.9956578351917522, 0.9864974836636663, 1.0, 0.9884818730133912, 0.9360774345066026, 0.6738773182465435, 0.9888915461533624, 0.8962560270872607, 0.024816382392753245, 0.45072021203737267, 0.9353361525927991, 0.9608795203304598, 0.9643942427299068, 0.9744703545879934, 0.946658382557334, 0.9643605175879534, 0.9562704842085709, 0.9430713176566377, 0.9709861955951675, 0.9845593076936978, 0.9650102375372364], [0.9900195169060506, 0.9835965506752294, 0.9700659186017763, 0.9841951041173029, 0.9549519710666758, 0.9816009703281937, -0.9546596708291853, 0.9998705560417633, 0.9817233350902733, 0.981104573430212, 0.9810272464770163, 0.9838266452802954, 0.9773104027107155, 0.976549992102175, 0.9810640014819982, 0.9817196404493034, 0.9884818730133912, 1.0, 0.9293395949169515, 0.6740467038407456, 0.9728937693894244, 0.9000362886976963, 0.2684176933166699, -0.2927071873419403, 0.9110477200950211, 0.9540910024011172, 0.9374696931625384, 0.977993664323633, 0.9515731106992343, 0.9674548677052077, 0.9608862109200704, 0.9351836121156873, 0.9582977390805534, 0.9550898833208986, 0.9667470511971511], [0.9200542177372528, 0.9090484293732477, 0.8272273812305617, 0.9061874217695495, 0.8067970400748696, 0.8613068717611905, -0.774019805336383, 0.923079929494016, 0.8496728442836876, 0.9305674332750725, 0.9297250316467857, 0.9217608626448992, 0.9113794970456884, 0.9188574673508072, 0.930371781246634, 0.8849424130820897, 0.9360774345066026, 0.9293395949169515, 1.0, 0.8416631070807327, 0.8575648566633276, 0.8724408029954234, 0.6913525924895029, -0.5331689807290225, 0.6965116530153992, 0.9155955348027933, 0.799464478031029, 0.9571444232924257, 0.9347777424653477, 0.9015278544616372, 0.9433337917484278, 0.8930380065218139, 0.897438923153845, 0.8453251698046714, 0.8779967250726297], [0.7407399516948188, 0.752307444097619, 0.6303744285130263, 0.7106457079421189, 0.5947279879402271, 0.7073209380054727, -0.6054652855340351, 0.6750403791626066, 0.599677153091845, 0.634935963190457, 0.6312470470576181, 0.6810604994640727, 0.5740070706002416, 0.4550584135471163, 0.6320264254547215, 0.707552888990771, 0.6738773182465435, 0.6740467038407456, 0.8416631070807327, 1.0, 0.6338030513079077, 0.7477393121048059, 0.7315841966624629, -0.11635345967323964, 0.5375986928101512, 0.7517229332975829, 0.6377790689750686, 0.7924778658609738, 0.7282912992333093, 0.6685730908794709, 0.7646373951235873, 0.7672697789392005, 0.6988952611867043, 0.6664668797707612, 0.7017034946165038], [0.9853532710466695, 0.9669278946007825, 0.9901760607209783, 0.9932970417487363, 0.9894932662954113, 0.9672367077894206, -0.942983800676274, 0.9738762456518989, 0.9675332888082061, 0.9966756487440451, 0.9969690179706402, 0.9958578164415514, 0.9861084489787986, 0.9808861780808081, 0.9968005715779935, 0.9657937701002931, 0.9888915461533624, 0.9728937693894244, 0.8575648566633276, 0.6338030513079077, 1.0, 0.8930627142159133, 0.3464380004867495, -0.28889188018373146, 0.8863069695624818, 0.952612026867077, 0.9699713286348787, 0.9397849999767738, 0.9436914103726132, 0.9688608699526565, 0.9401762953064611, 0.910329890981579, 0.9679533586790214, 0.9551387364711995, 0.9286149226380391], [0.9209426671763598, 0.9001838786207607, 0.9115157797795499, 0.922274492747665, 0.9074035711347086, 0.8915322867944374, -0.8819193044389636, 0.8950962835147654, 0.9060752005348455, 0.8998354155206283, 0.899066294047387, 0.9161611162875885, 0.891374969053636, 0.8801315209859891, 0.8990972376774597, 0.8870342028173767, 0.8962560270872607, 0.9000362886976963, 0.8724408029954234, 0.7477393121048059, 0.8930627142159133, 1.0, 0.3940161129086868, -0.18782851855051708, 0.6988106689968069, 0.9172813821728151, 0.8836449735633702, 0.8960730599883283, 0.8441449512894612, 0.9210962708071658, 0.8652343772214452, 0.8397352515222564, 0.9192384288640296, 0.8647488049668401, 0.846963143441471], [0.4433547949790081, 0.44297207029234853, 0.27812559939328624, 0.41917553209477093, 0.2536980850436921, 0.30925403435778315, -0.16692037117297012, 0.30097391813948365, 0.1582026543560365, -0.01431098109237611, -0.029209469759869194, 0.18490696469015175, -0.3136823551965055, -0.7064178866524585, -0.02602325154793319, 0.18010592313872453, 0.024816382392753245, 0.2684176933166699, 0.6913525924895029, 0.7315841966624629, 0.3464380004867495, 0.3940161129086868, 1.0, -0.3958187554049005, 0.29470412595242873, 0.42351038623875265, 0.2256561744567406, 0.5200331179666382, 0.5190420359117254, 0.38179508693972763, 0.5373307070137965, 0.44677726486496633, 0.3975527684564184, 0.31676413162542855, 0.4214684484929893], [-0.3035808570576341, -0.2277117468488393, -0.2265082331509166, -0.29500266041126366, -0.21967274669851317, -0.21524702965160727, 0.14963104788972229, -0.3115616919083673, -0.2303226489570974, 0.436176678397189, 0.431754925651307, -0.19485918183345835, 0.45896475385313845, 0.43720055999821755, 0.4318079970091973, -0.19363548447215354, 0.45072021203737267, -0.2927071873419403, -0.5331689807290225, -0.11635345967323964, -0.28889188018373146, -0.18782851855051708, -0.3958187554049005, 1.0, -0.14743527662957603, -0.3321905107274786, -0.1751865709889776, -0.3899783213427624, -0.3800378966379393, -0.32749753544043214, -0.34586968619016184, -0.2021923640800258, -0.35089802919321694, -0.17751915006816155, -0.31594152186555535], [0.9013269599090056, 0.875195840090753, 0.9070773960046156, 0.8994566208631571, 0.888529532115005, 0.9366594851304109, -0.9049018108331511, 0.905592807040667, 0.8869665477337292, 0.9169978194349969, 0.9162945663153468, 0.9240085083677414, 0.9069785561022506, 0.8800209003850341, 0.9161334284073406, 0.9452058509879351, 0.9353361525927991, 0.9110477200950211, 0.6965116530153992, 0.5375986928101512, 0.8863069695624818, 0.6988106689968069, 0.29470412595242873, -0.14743527662957603, 1.0, 0.8359098071556708, 0.8855373596457156, 0.809418770800885, 0.8583556805084094, 0.8280628596715516, 0.8656896541033309, 0.859348572381488, 0.8565401602737255, 0.8664344953543813, 0.8937378144561984], [0.9741914136314607, 0.9618715373217815, 0.9438832624631621, 0.9692592360271683, 0.9302192280453412, 0.9564961064158806, -0.9140293786773618, 0.9553202763247186, 0.9328938216848721, 0.9534558040287915, 0.9533007072116141, 0.962299839098675, 0.9528588427654547, 0.9496547600655698, 0.952435855096175, 0.9583725819277686, 0.9608795203304598, 0.9540910024011172, 0.9155955348027933, 0.7517229332975829, 0.952612026867077, 0.9172813821728151, 0.42351038623875265, -0.3321905107274786, 0.8359098071556708, 1.0, 0.9331023805638121, 0.9601579308802558, 0.9347533369586261, 0.9433730929428884, 0.943979864147667, 0.9164279287610516, 0.9635375508506008, 0.9267795827818954, 0.9240075687606785], [0.9544752469998418, 0.9539764637164827, 0.9794325646200954, 0.9608249468509276, 0.9772413807083424, 0.9594056757679973, -0.9571917318506559, 0.9374674020357057, 0.9599416059970619, 0.9660863675599203, 0.9669834885431021, 0.9556309916433912, 0.9775144859202889, 0.9768780146078228, 0.9662696151364314, 0.9561639101057755, 0.9643942427299068, 0.9374696931625384, 0.799464478031029, 0.6377790689750686, 0.9699713286348787, 0.8836449735633702, 0.2256561744567406, -0.1751865709889776, 0.8855373596457156, 0.9331023805638121, 1.0, 0.9026702158420934, 0.8805957234674463, 0.9366731761474163, 0.8830217508324227, 0.8833858720105707, 0.9433888849696109, 0.9704986379379855, 0.8840228912662667], [0.9800557370435177, 0.9578462251930151, 0.9297645874451793, 0.9709815710740368, 0.9095574825007631, 0.9572410663424634, -0.8986422525754862, 0.9775472155547814, 0.9328583700193859, 0.9618048326814834, 0.9612932227018245, 0.9652165827445225, 0.9440542066745683, 0.9363518172030979, 0.9615754191495445, 0.9606017140151322, 0.9744703545879934, 0.977993664323633, 0.9571444232924257, 0.7924778658609738, 0.9397849999767738, 0.8960730599883283, 0.5200331179666382, -0.3899783213427624, 0.809418770800885, 0.9601579308802558, 0.9026702158420934, 1.0, 0.9854601423934491, 0.9655455844750138, 0.9896153260240974, 0.9513389879824178, 0.9581450612278095, 0.9127825402385927, 0.9662449226024555], [0.9637556286545288, 0.9496388804331687, 0.9112020853909413, 0.9609201739178341, 0.8975579091321934, 0.9272246727803832, -0.85761485664309, 0.9522393752675459, 0.8945227322203375, 0.9426314842161044, 0.9413155772557551, 0.9514847058013072, 0.9033199990928276, 0.885401340112297, 0.9418179493135326, 0.9240745036308845, 0.946658382557334, 0.9515731106992343, 0.9347777424653477, 0.7282912992333093, 0.9436914103726132, 0.8441449512894612, 0.5190420359117254, -0.3800378966379393, 0.8583556805084094, 0.9347533369586261, 0.8805957234674463, 0.9854601423934491, 1.0, 0.9494585607572129, 0.9828429139639546, 0.9546510190600063, 0.9340257128542174, 0.916359043380189, 0.9617644846170236], [0.9756754452615749, 0.9653805945250479, 0.9637904477947052, 0.9776282438852378, 0.957624845478113, 0.9521412639983143, -0.9246456140429802, 0.9688944719760352, 0.9564431417117436, 0.9654205504452915, 0.9655216991508108, 0.9720948741418192, 0.9464295728384229, 0.937362790125447, 0.9654938721138243, 0.9489041156805575, 0.9643605175879534, 0.9674548677052077, 0.9015278544616372, 0.6685730908794709, 0.9688608699526565, 0.9210962708071658, 0.38179508693972763, -0.32749753544043214, 0.8280628596715516, 0.9433730929428884, 0.9366731761474163, 0.9655455844750138, 0.9494585607572129, 1.0, 0.9532813461864539, 0.9172754250440835, 0.97559526876773, 0.9561228684478071, 0.9444401831335184], [0.9719688249063524, 0.9560362319617335, 0.9198595225365851, 0.9622361397154482, 0.8983927357212225, 0.9513455823936885, -0.8900841660110388, 0.9624627384217993, 0.9157567027358907, 0.9415733528795317, 0.9405256995781616, 0.9526607419255416, 0.91407928257219, 0.9109610301187611, 0.941128387923895, 0.95220808440934, 0.9562704842085709, 0.9608862109200704, 0.9433337917484278, 0.7646373951235873, 0.9401762953064611, 0.8652343772214452, 0.5373307070137965, -0.34586968619016184, 0.8656896541033309, 0.943979864147667, 0.8830217508324227, 0.9896153260240974, 0.9828429139639546, 0.9532813461864539, 1.0, 0.9731391409297134, 0.9422594581618365, 0.9348919271332103, 0.9617193623836943], [0.9454452487253594, 0.9432361871966242, 0.9067545268268122, 0.9343768390492435, 0.8807035588477803, 0.9546682861314383, -0.908948995551101, 0.9353644982074777, 0.9025826369172628, 0.9204372853631025, 0.9191509119272795, 0.9331247647571798, 0.8896058225926012, 0.8678552406108861, 0.9197096882585339, 0.9540122840258058, 0.9430713176566377, 0.9351836121156873, 0.8930380065218139, 0.7672697789392005, 0.910329890981579, 0.8397352515222564, 0.44677726486496633, -0.2021923640800258, 0.859348572381488, 0.9164279287610516, 0.8833858720105707, 0.9513389879824178, 0.9546510190600063, 0.9172754250440835, 0.9731391409297134, 1.0, 0.904946566273271, 0.9327086144908301, 0.952263189154199], [0.9797066615185365, 0.9684830054387495, 0.9663935727467772, 0.9776964753623237, 0.9562155257658058, 0.9565633566134122, -0.9252200935262392, 0.9590001674038975, 0.9449421763608106, 0.9648955354404197, 0.9650826811491243, 0.9722074731202055, 0.9630975357923622, 0.9652725487587107, 0.9649023243716143, 0.9591013870434384, 0.9709861955951675, 0.9582977390805534, 0.897438923153845, 0.6988952611867043, 0.9679533586790214, 0.9192384288640296, 0.3975527684564184, -0.35089802919321694, 0.8565401602737255, 0.9635375508506008, 0.9433888849696109, 0.9581450612278095, 0.9340257128542174, 0.97559526876773, 0.9422594581618365, 0.904946566273271, 1.0, 0.9525960030221855, 0.9405055379369962], [0.9701858992677632, 0.9614287078864119, 0.9738390150697808, 0.9688023879574984, 0.9622680820295503, 0.9763092208691593, -0.9634696904281503, 0.9572281699605917, 0.9691369359621285, 0.9800704097287986, 0.9806024782219358, 0.9670438779743543, 0.9795889164581014, 0.9778284904349226, 0.9804384883866407, 0.9758499086527747, 0.9845593076936978, 0.9550898833208986, 0.8453251698046714, 0.6664668797707612, 0.9551387364711995, 0.8647488049668401, 0.31676413162542855, -0.17751915006816155, 0.8664344953543813, 0.9267795827818954, 0.9704986379379855, 0.9127825402385927, 0.916359043380189, 0.9561228684478071, 0.9348919271332103, 0.9327086144908301, 0.9525960030221855, 1.0, 0.9168261921380928], [0.9549249238426781, 0.9484887110750524, 0.9247674103301697, 0.9467508003636835, 0.9015915674566387, 0.955495876152595, -0.9097183116067641, 0.9655447936874236, 0.9232729868023862, 0.9442198291670664, 0.9435271369302368, 0.9529836705309591, 0.9357949429258053, 0.9282030218306733, 0.9439074440026566, 0.9603080370814308, 0.9650102375372364, 0.9667470511971511, 0.8779967250726297, 0.7017034946165038, 0.9286149226380391, 0.846963143441471, 0.4214684484929893, -0.31594152186555535, 0.8937378144561984, 0.9240075687606785, 0.8840228912662667, 0.9662449226024555, 0.9617644846170236, 0.9444401831335184, 0.9617193623836943, 0.952263189154199, 0.9405055379369962, 0.9168261921380928, 1.0]], "x": ["^TAIEX       \u81fa\u7063\u52a0\u6b0a\u5831\u916c\u6307\u6578", "^TWII        \u81fa\u7063\u52a0\u6b0a\u6307\u6578", "^TAIEXx2     \u81fa\u7063\u52a0\u6b0a\u5831\u916c\u6307\u6578_\u65e5\u6b632", "^TAI50I      \u81fa\u706350\u5831\u916c\u6307\u6578", "^TAI50Ix2    \u81fa\u706350\u5831\u916c\u6307\u6578_\u65e5\u6b632", "^TAI100I     \u81fa\u7063\u4e2d\u578b100\u5831\u916c\u6307\u6578", "^TAI100Ix2   \u81fa\u7063\u4e2d\u578b100\u5831\u916c\u6307\u6578_\u65e5\u6b632", "^TAIDIVIDI   \u81fa\u7063\u9ad8\u80a1\u606f\u5831\u916c\u6307\u6578", "^TAIDIVIDIx2 \u81fa\u7063\u9ad8\u80a1\u606f\u5831\u916c\u6307\u6578_\u65e5\u6b632", "0050Fund     \u5143\u5927\u53f0\u7063\u5353\u8d8a50\u57fa\u91d1", "006208Fund   \u5bcc\u90a6\u53f0\u7063\u91c6\u540950\u57fa\u91d1", "0050         \u5143\u5927\u81fa\u706350", "00631L       \u5143\u5927\u53f0\u706350\u6b632", "00675L       \u5bcc\u90a6\u81fa\u7063\u52a0\u6b0a\u6b632", "006208       \u5bcc\u90a6\u53f050", "0051         \u5143\u5927\u4e2d\u578b100", "006204       \u6c38\u8c50\u81fa\u7063\u52a0\u6b0a", "0056         \u5143\u5927\u9ad8\u80a1\u606f", "2412         \u4e2d\u83ef\u96fb\u4fe1", "2002         \u4e2d\u92fc", "2330         \u53f0\u7a4d\u96fb", "2317         \u9d3b\u6d77", "6505         \u53f0\u5851\u77f3\u5316", "3481         \u7fa4\u5275", "2303         \u806f\u96fb", "2308         \u53f0\u9054\u96fb", "2454         \u806f\u767c\u79d1", "2886         \u5146\u8c50\u91d1", "2884         \u7389\u5c71\u91d1", "2891         \u4e2d\u4fe1\u91d1", "2892         \u7b2c\u4e00\u91d1", "5880         \u5408\u5eab\u91d1", "2881         \u5bcc\u90a6\u91d1", "2885         \u5143\u5927\u91d1", "2887         \u53f0\u65b0\u91d1"], "y": ["^TAIEX       \u81fa\u7063\u52a0\u6b0a\u5831\u916c\u6307\u6578", "^TWII        \u81fa\u7063\u52a0\u6b0a\u6307\u6578", "^TAIEXx2     \u81fa\u7063\u52a0\u6b0a\u5831\u916c\u6307\u6578_\u65e5\u6b632", "^TAI50I      \u81fa\u706350\u5831\u916c\u6307\u6578", "^TAI50Ix2    \u81fa\u706350\u5831\u916c\u6307\u6578_\u65e5\u6b632", "^TAI100I     \u81fa\u7063\u4e2d\u578b100\u5831\u916c\u6307\u6578", "^TAI100Ix2   \u81fa\u7063\u4e2d\u578b100\u5831\u916c\u6307\u6578_\u65e5\u6b632", "^TAIDIVIDI   \u81fa\u7063\u9ad8\u80a1\u606f\u5831\u916c\u6307\u6578", "^TAIDIVIDIx2 \u81fa\u7063\u9ad8\u80a1\u606f\u5831\u916c\u6307\u6578_\u65e5\u6b632", "0050Fund     \u5143\u5927\u53f0\u7063\u5353\u8d8a50\u57fa\u91d1", "006208Fund   \u5bcc\u90a6\u53f0\u7063\u91c6\u540950\u57fa\u91d1", "0050         \u5143\u5927\u81fa\u706350", "00631L       \u5143\u5927\u53f0\u706350\u6b632", "00675L       \u5bcc\u90a6\u81fa\u7063\u52a0\u6b0a\u6b632", "006208       \u5bcc\u90a6\u53f050", "0051         \u5143\u5927\u4e2d\u578b100", "006204       \u6c38\u8c50\u81fa\u7063\u52a0\u6b0a", "0056         \u5143\u5927\u9ad8\u80a1\u606f", "2412         \u4e2d\u83ef\u96fb\u4fe1", "2002         \u4e2d\u92fc", "2330         \u53f0\u7a4d\u96fb", "2317         \u9d3b\u6d77", "6505         \u53f0\u5851\u77f3\u5316", "3481         \u7fa4\u5275", "2303         \u806f\u96fb", "2308         \u53f0\u9054\u96fb", "2454         \u806f\u767c\u79d1", "2886         \u5146\u8c50\u91d1", "2884         \u7389\u5c71\u91d1", "2891         \u4e2d\u4fe1\u91d1", "2892         \u7b2c\u4e00\u91d1", "5880         \u5408\u5eab\u91d1", "2881         \u5bcc\u90a6\u91d1", "2885         \u5143\u5927\u91d1", "2887         \u53f0\u65b0\u91d1"], "zmin": -1, "zmax": 1, "colorbar": {"x": -0.2}}], "layout": {"autotypenumbers": "strict", "colorway": ["#636efa", "#EF553B", "#00cc96", "#ab63fa", "#FFA15A", "#19d3f3", "#FF6692", "#B6E880", "#FF97FF", "#FECB52"], "font": {"color": "#f2f5fa", "family": "Courier New"}, "hovermode": "closest", "hoverlabel": {"align": "left"}, "paper_bgcolor": "rgb(17,17,17)", "plot_bgcolor": "rgb(17,17,17)", "polar": {"bgcolor": "rgb(17,17,17)", "angularaxis": {"gridcolor": "#506784", "linecolor": "#506784", "ticks": ""}, "radialaxis": {"gridcolor": "#506784", "linecolor": "#506784", "ticks": ""}}, "ternary": {"bgcolor": "rgb(17,17,17)", "aaxis": {"gridcolor": "#506784", "linecolor": "#506784", "ticks": ""}, "baxis": {"gridcolor": "#506784", "linecolor": "#506784", "ticks": ""}, "caxis": {"gridcolor": "#506784", "linecolor": "#506784", "ticks": ""}}, "coloraxis": {"colorbar": {"outlinewidth": 0, "ticks": ""}}, "colorscale": {"sequential": [[0.0, "#0d0887"], [0.1111111111111111, "#46039f"], [0.2222222222222222, "#7201a8"], [0.3333333333333333, "#9c179e"], [0.4444444444444444, "#bd3786"], [0.5555555555555556, "#d8576b"], [0.6666666666666666, "#ed7953"], [0.7777777777777778, "#fb9f3a"], [0.8888888888888888, "#fdca26"], [1.0, "#f0f921"]], "sequentialminus": [[0.0, "#0d0887"], [0.1111111111111111, "#46039f"], [0.2222222222222222, "#7201a8"], [0.3333333333333333, "#9c179e"], [0.4444444444444444, "#bd3786"], [0.5555555555555556, "#d8576b"], [0.6666666666666666, "#ed7953"], [0.7777777777777778, "#fb9f3a"], [0.8888888888888888, "#fdca26"], [1.0, "#f0f921"]], "diverging": [[0, "#8e0152"], [0.1, "#c51b7d"], [0.2, "#de77ae"], [0.3, "#f1b6da"], [0.4, "#fde0ef"], [0.5, "#f7f7f7"], [0.6, "#e6f5d0"], [0.7, "#b8e186"], [0.8, "#7fbc41"], [0.9, "#4d9221"], [1, "#276419"]]}, "xaxis": {"gridcolor": "rgba(0, 0, 0, 0)", "linecolor": "#506784", "ticks": "", "title": {"standoff": 15}, "zerolinecolor": "#283442", "automargin": true, "zerolinewidth": 2, "tickfont": {"family": "Courier New", "size": 14}, "side": "top", "tickangle": -90}, "yaxis": {"gridcolor": "rgba(0, 0, 0, 0)", "linecolor": "#506784", "ticks": "", "title": {"standoff": 15}, "zerolinecolor": "#283442", "automargin": true, "zerolinewidth": 2, "tickfont": {"family": "Courier New"}, "side": "right"}, "scene": {"xaxis": {"backgroundcolor": "rgb(17,17,17)", "gridcolor": "#506784", "linecolor": "#506784", "showbackground": true, "ticks": "", "zerolinecolor": "#C8D4E3", "gridwidth": 2}, "yaxis": {"backgroundcolor": "rgb(17,17,17)", "gridcolor": "#506784", "linecolor": "#506784", "showbackground": true, "ticks": "", "zerolinecolor": "#C8D4E3", "gridwidth": 2}, "zaxis": {"backgroundcolor": "rgb(17,17,17)", "gridcolor": "#506784", "linecolor": "#506784", "showbackground": true, "ticks": "", "zerolinecolor": "#C8D4E3", "gridwidth": 2}}, "shapedefaults": {"line": {"color": "#f2f5fa"}}, "annotationdefaults": {"arrowcolor": "#f2f5fa", "arrowhead": 0, "arrowwidth": 1}, "geo": {"bgcolor": "rgb(17,17,17)", "landcolor": "rgb(17,17,17)", "subunitcolor": "#506784", "showland": true, "showlakes": true, "lakecolor": "rgb(17,17,17)"}, "title": {"x": 0.05, "font": {"family": "Times New Roman"}, "y": 0.05, "text": "<b>Correlation of Adj Close<b><br><i>2016-09-23 ~ 2025-07-29<i>"}, "updatemenudefaults": {"bgcolor": "#506784", "borderwidth": 0}, "sliderdefaults": {"bgcolor": "#C8D4E3", "borderwidth": 1, "bordercolor": "rgb(17,17,17)", "tickwidth": 0}, "mapbox": {"style": "dark"}, "annotations": [{"text": "<b>@zwindr<b>", "textangle": 0, "opacity": 0.5, "font": {"color": "white", "size": 12}, "xref": "paper", "yref": "paper", "xanchor": "left", "yanchor": "bottom", "x": 1.0, "y": 1.0, "showarrow": false}]}, "config": {"responsive": true, "toImageButtonOptions": {"filename": "Correlation of Adj Close_2016-09-23~2025-07-29", "scale": 5}}};

Plotly.newPlot("correlationAdjClose",
    correlationAdjClose.data,
    correlationAdjClose.layout || {},
    correlationAdjClose.config);