var element=document.getElementById("correlationAdjClose");if(element.style.display!='none'){var correlationAdjClose={"data":[{"type":"heatmap","z":[[1.0,0.994191017397049,0.9771550398589538,0.9975634506002408,0.9643443862289721,0.9820106536672698,-0.9450962455662059,0.9900846132481484,0.9711641277019141,0.9971569273239383,0.9971384681744233,0.9976312779229206,0.9935052817830229,0.9942033282000668,0.997163885378549,0.9843082108499861,0.9996794557945065,0.9900693668744892,0.9210028267249082,0.7325866999914574,0.9853984847408016,0.9235747441472336,0.4254378116524312,-0.3037845415337178,0.9007450204488022,0.9690693203139001,0.9560718403042519,0.9803108110585078,0.9649394119374212,0.9759180837485842,0.9724321555481038,0.9456185033059858,0.980411039584827,0.9712286664293123,0.9544763908937218],[0.994191017397049,1.0,0.9725186506069893,0.9913523799378071,0.9595987367241015,0.977610144911565,-0.9404719623347894,0.9813367005714313,0.964450892752566,0.9952112500698201,0.9950534363654765,0.9943607472902354,0.9925606624233911,0.9919028671569363,0.9950282077642496,0.9785569083727388,0.9967699917066831,0.9839784035431456,0.9103251037899275,0.7457063517689002,0.967430782935425,0.9035724352342114,0.4248743121634031,-0.2294755948718966,0.8756335918045189,0.9571958453050661,0.9554317142657394,0.9588068952621773,0.9513043275328261,0.9658029536574144,0.9571041893459767,0.9437298459071645,0.9695412329463226,0.9614879274652111,0.948517614132038],[0.9771550398589538,0.9725186506069893,1.0,0.9835944345775154,0.9958635108715026,0.9786872104462083,-0.9764020803306156,0.9697983485111624,0.9838477693034723,0.9891937218606311,0.9898843932292211,0.9864152590428499,0.9969820850818825,0.9967745243592634,0.9896356980706857,0.9771505970273322,0.9878482132015485,0.9696035832824755,0.8294275831031807,0.6203148369990019,0.9906369370174087,0.9157960796602145,0.2594478230761751,-0.22761359884354876,0.9034408197381117,0.9447365016761444,0.9801032076276084,0.930367739262901,0.9138236422305691,0.9655857041925869,0.9207417415392241,0.9060256177066056,0.9671853178856422,0.9743001517165729,0.9227978530967336],[0.9975634506002408,0.9913523799378071,0.9835944345775154,1.0,0.9765025417567538,0.9742313471342054,-0.9402772931151046,0.9841377116497115,0.9685857817282646,0.9999721469092548,0.9999897852954477,0.999958217222629,0.9916874214203626,0.9896902985683718,0.9999439331568875,0.9738754877239092,0.9960233990877575,0.983910722822296,0.906764558051121,0.7012078498348645,0.9934733997850661,0.9254870479497704,0.3995238619802764,-0.2949066655271932,0.8977109156793266,0.9665219999970278,0.9624063354996846,0.9710011729579799,0.962023766827305,0.9783846970166948,0.9624949140495748,0.9340449506582392,0.978427372081881,0.9698593488990847,0.9455954395956296],[0.9643443862289721,0.9595987367241015,0.9958635108715026,0.9765025417567538,1.0,0.9577992810984156,-0.9578820521761211,0.9537400315807589,0.9708610817160206,0.984987157294359,0.9857319153047014,0.9817361462340598,0.9858807129014348,0.9822892518445426,0.9853428427643192,0.9551189822640793,0.9754069021303393,0.9533933577245345,0.8081069731980357,0.5826404252580639,0.9895437308771262,0.9118658006804417,0.23282187614049454,-0.2203806107876168,0.8826706667205373,0.9341217471991252,0.9771578946516712,0.9093927770889061,0.8997307807054613,0.959653655051237,0.898620534412364,0.8788989682255187,0.9563964972288037,0.9620985667916944,0.8981834046885603],[0.9820106536672698,0.977610144911565,0.9786872104462083,0.9742313471342054,0.9577992810984156,1.0,-0.9812688413111156,0.9810860573473242,0.9804278217826243,0.9692014220771353,0.9695104913215427,0.9722354167844571,0.9773735893538854,0.9753764553686625,0.9693525599945856,0.9999030401637223,0.9863554264465626,0.9821323965107989,0.8643562753763864,0.6995166694560452,0.9676148363949864,0.8945795809539059,0.29314718421464436,-0.21727780560761337,0.935592739167003,0.950332554154913,0.9605432386615894,0.9583532648428056,0.929540481889943,0.9527297434060403,0.9525934869284067,0.9550425291644495,0.9579361001053651,0.9770051907811685,0.9554186865797869],[-0.9450962455662059,-0.9404719623347894,-0.9764020803306156,-0.9402772931151046,-0.9578820521761211,-0.9812688413111156,1.0,-0.9529895628945628,-0.9839449147767708,-0.9499703939980221,-0.9511240207457081,-0.9466583890277658,-0.9749553478090317,-0.976507524156921,-0.9507813421920273,-0.9842529662969522,-0.9658653616329422,-0.9558625009418307,-0.7793176342449019,-0.5975594964816006,-0.9451290873036913,-0.8866442449966473,-0.15164914618226388,0.15278199242208504,-0.9033532565207351,-0.9131783275140255,-0.958845516664037,-0.9013352120137882,-0.862516226271849,-0.9274360079178596,-0.8929700238905981,-0.9098705724100988,-0.927981829071683,-0.9648182113332279,-0.9099824842125273],[0.9900846132481484,0.9813367005714313,0.9697983485111624,0.9841377116497115,0.9537400315807589,0.9810860573473242,-0.9529895628945628,1.0,0.9828426248246073,0.9799638768158907,0.9798897336571328,0.9831045482309396,0.976324136823411,0.9754354599543555,0.9799380531506253,0.982970412048757,0.9878145479849232,0.9998727675684255,0.9249019850932939,0.6667600876450765,0.9735712658979246,0.8970904094567572,0.280650018962393,-0.3120941592289953,0.9054151927477956,0.9465933609574261,0.939090750571847,0.9781491278156719,0.9536429949029996,0.9682179805694571,0.9634661723942349,0.9363606349021856,0.9600641406622643,0.9583542455264258,0.9654017448663862],[0.9711641277019141,0.964450892752566,0.9838477693034723,0.9685857817282646,0.9708610817160206,0.9804278217826243,-0.9839449147767708,0.9828426248246073,1.0,0.9641885758821515,0.9648098482906207,0.9667162863658165,0.9737563550789122,0.9709164525014012,0.964592726494611,0.9795104489513947,0.9712353801815934,0.9821620036707153,0.853406003299264,0.5908618080666832,0.968290011103536,0.9088633644421599,0.13859306295074098,-0.23189929974911747,0.8862752461339417,0.9282103130139616,0.9613105297222001,0.9346799030848828,0.8980576567497663,0.9573171237802288,0.9180364737694845,0.9039564169528268,0.9468843587428983,0.9702112380583668,0.9234593066757067],[0.9971569273239383,0.9952112500698201,0.9891937218606311,0.9999721469092548,0.984987157294359,0.9692014220771353,-0.9499703939980221,0.9799638768158907,0.9641885758821515,1.0,0.9999880015716651,0.999982710767438,0.9915382804112026,0.9895099857398483,0.9999493606453675,0.9695302358964588,0.9956331797718233,0.9808768694172245,0.9325981250386407,0.6180755852730992,0.9967807444493345,0.9046791397038472,-0.04280715269822392,0.42223682002404483,0.9119085311737982,0.9472153670195661,0.9674551082406743,0.9624335346669666,0.944871818097596,0.9668027007936466,0.9425610284325572,0.9192976345775505,0.9663580986692811,0.9805585068443372,0.9419223127991071],[0.9971384681744233,0.9950534363654765,0.9898843932292211,0.9999897852954477,0.9857319153047014,0.9695104913215427,-0.9511240207457081,0.9798897336571328,0.9648098482906207,0.9999880015716651,1.0,0.9999722441226867,0.9917143017948225,0.9896834374458674,0.999953257927392,0.9698089242942288,0.9956715401768762,0.9807721640604831,0.9318295155303765,0.6142060695178331,0.997066415779352,0.9039950518472764,-0.057611359770200994,0.4176999013842113,0.9110820981525476,0.9469627677917815,0.9683047730511126,0.9619351091257232,0.9436337353810561,0.9669131255813883,0.9415492611182833,0.91798403412186,0.9665439922384446,0.981051403529139,0.9411981540316109],[0.9976312779229206,0.9943607472902354,0.9864152590428499,0.999958217222629,0.9817361462340598,0.9722354167844571,-0.9466583890277658,0.9831045482309396,0.9667162863658165,0.999982710767438,0.9999722441226867,1.0,0.9915148526377845,0.9894504390891374,0.9999626500814618,0.9725371615640709,0.9958228337131763,0.9835825744828997,0.9231935758295754,0.6664214196930441,0.9959775931075072,0.9200194933316372,0.15662189380785893,-0.1969561935214654,0.9201125130732576,0.957229171301151,0.9575939729529668,0.9655142646017821,0.9530886825302004,0.9732004207705791,0.953229714733935,0.9322990771682023,0.973310737805652,0.9683062762111435,0.9508235544820318],[0.9935052817830229,0.9925606624233911,0.9969820850818825,0.9916874214203626,0.9858807129014348,0.9773735893538854,-0.9749553478090317,0.976324136823411,0.9737563550789122,0.9915382804112026,0.9917143017948225,0.9915148526377845,1.0,0.9996974235800268,0.9916869210658702,0.9780028356030435,0.9938128448924559,0.9775710244503832,0.9153723109428559,0.5554263316114153,0.986507835309865,0.8963753028437533,-0.3388945801924202,0.44340564120296,0.9015274974598906,0.942285281433774,0.9784364175055347,0.9458573013396065,0.9079100385112411,0.9482200705039462,0.9168857228176055,0.8896771916976304,0.9648074088366305,0.9802594619375261,0.9341313394199943],[0.9942033282000668,0.9919028671569363,0.9967745243592634,0.9896902985683718,0.9822892518445426,0.9753764553686625,-0.976507524156921,0.9754354599543555,0.9709164525014012,0.9895099857398483,0.9896834374458674,0.9894504390891374,0.9996974235800268,1.0,0.9897812368815246,0.9760383972063416,0.9943553823387397,0.9769223623711351,0.9229580142099734,0.4322761039661358,0.9814543692666514,0.8860600206221477,-0.7208283488923255,0.41966273043387226,0.8734469836728413,0.9381537329717231,0.9777868952377218,0.9387535478859732,0.8913500912783741,0.9394773569237184,0.9146096353842862,0.8685008475911871,0.9669081601839263,0.9785993523173706,0.9263622770304791],[0.997163885378549,0.9950282077642496,0.9896356980706857,0.9999439331568875,0.9853428427643192,0.9693525599945856,-0.9507813421920273,0.9799380531506253,0.964592726494611,0.9999493606453675,0.999953257927392,0.9999626500814618,0.9916869210658702,0.9897812368815246,1.0,0.9697178097711084,0.9956747440818416,0.9808582575746233,0.9325754137382418,0.6144284669888821,0.9968942673572174,0.9041801103386498,-0.055738908579420224,0.4176589627382898,0.9108218405335857,0.9454012784199223,0.9677040538150546,0.962263368967323,0.9442414699014042,0.9669068969675305,0.9422191121851003,0.9185363762248857,0.9664481859495625,0.9809600121193291,0.9416058148459605],[0.9843082108499861,0.9785569083727388,0.9771505970273322,0.9738754877239092,0.9551189822640793,0.9999030401637223,-0.9842529662969522,0.982970412048757,0.9795104489513947,0.9695302358964588,0.9698089242942288,0.9725371615640709,0.9780028356030435,0.9760383972063416,0.9697178097711084,1.0,0.9867071392073798,0.982278622618653,0.8880509883867646,0.6976164514883093,0.9659931871724331,0.8899151856306147,0.1590878124682767,-0.19622457317175068,0.9438429624792976,0.9490097739930901,0.9573466573186745,0.9617188026580608,0.9265616597123519,0.949288588150046,0.9535499821720961,0.9543913471445072,0.960321772729772,0.9764931151199533,0.9601069838101216],[0.9996794557945065,0.9967699917066831,0.9878482132015485,0.9960233990877575,0.9754069021303393,0.9863554264465626,-0.9658653616329422,0.9878145479849232,0.9712353801815934,0.9956331797718233,0.9956715401768762,0.9958228337131763,0.9938128448924559,0.9943553823387397,0.9956747440818416,0.9867071392073798,1.0,0.9886172435249314,0.9381921356045391,0.6589532325826766,0.9889367765077611,0.9002210269176691,-0.0027348379149904115,0.43873836184403076,0.9317798920508173,0.9513177790768816,0.9658763091196624,0.9751076260817154,0.9487890358601946,0.9649455838401062,0.9573164876611304,0.9425221424211839,0.9721802111233474,0.9851566067955786,0.963485306800196],[0.9900693668744892,0.9839784035431456,0.9696035832824755,0.983910722822296,0.9533933577245345,0.9821323965107989,-0.9558625009418307,0.9998727675684255,0.9821620036707153,0.9808768694172245,0.9807721640604831,0.9835825744828997,0.9775710244503832,0.9769223623711351,0.9808582575746233,0.982278622618653,0.9886172435249314,1.0,0.9311879197264411,0.6652319034706958,0.9724948462901528,0.9017638758944014,0.24633846982965885,-0.2937828623024454,0.9107367703241837,0.9440081254446689,0.9391113018418465,0.9786170782839188,0.9530347188995824,0.9666556426140921,0.9619910255263624,0.9362126427981343,0.9593646539005641,0.9562921962827655,0.9665958713195453],[0.9210028267249082,0.9103251037899275,0.8294275831031807,0.906764558051121,0.8081069731980357,0.8643562753763864,-0.7793176342449019,0.9249019850932939,0.853406003299264,0.9325981250386407,0.9318295155303765,0.9231935758295754,0.9153723109428559,0.9229580142099734,0.9325754137382418,0.8880509883867646,0.9381921356045391,0.9311879197264411,1.0,0.8379749231016131,0.8585431446948734,0.8732671895616106,0.6760122469276268,-0.5313892181975716,0.7009832338416712,0.9065083806099242,0.8031505759621699,0.9577667068625917,0.935497112569694,0.9008953105702034,0.9443779984314181,0.8950074637596658,0.8987853608093564,0.8467145191486941,0.8802248532015507],[0.7325866999914574,0.7457063517689002,0.6203148369990019,0.7012078498348645,0.5826404252580639,0.6995166694560452,-0.5975594964816006,0.6667600876450765,0.5908618080666832,0.6180755852730992,0.6142060695178331,0.6664214196930441,0.5554263316114153,0.4322761039661358,0.6144284669888821,0.6976164514883093,0.6589532325826766,0.6652319034706958,0.8379749231016131,1.0,0.6254986344582136,0.7377539794411079,0.7291677094656928,-0.11663065379803247,0.5378114646500461,0.7284102445592638,0.6305474128261487,0.7875167368751719,0.7214585008872825,0.6574752888019615,0.7586929868657085,0.7623617349476844,0.6915472120812601,0.6558350497084642,0.6991981870637368],[0.9853984847408016,0.967430782935425,0.9906369370174087,0.9934733997850661,0.9895437308771262,0.9676148363949864,-0.9451290873036913,0.9735712658979246,0.968290011103536,0.9967807444493345,0.997066415779352,0.9959775931075072,0.986507835309865,0.9814543692666514,0.9968942673572174,0.9659931871724331,0.9889367765077611,0.9724948462901528,0.8585431446948734,0.6254986344582136,1.0,0.897927127116312,0.32594083995483475,-0.28848177583281764,0.8837576130954425,0.9528126141511729,0.9711661405272461,0.9399863152698408,0.945119881832473,0.9704052384536345,0.940579130298752,0.9092687079782766,0.9688275604815061,0.9552592937631201,0.9269141627597409],[0.9235747441472336,0.9035724352342114,0.9157960796602145,0.9254870479497704,0.9118658006804417,0.8945795809539059,-0.8866442449966473,0.8970904094567572,0.9088633644421599,0.9046791397038472,0.9039950518472764,0.9200194933316372,0.8963753028437533,0.8860600206221477,0.9041801103386498,0.8899151856306147,0.9002210269176691,0.9017638758944014,0.8732671895616106,0.7377539794411079,0.897927127116312,1.0,0.37134164152074955,-0.1897662499218486,0.7023798154542374,0.9191168723432508,0.8886283723195462,0.8981541664922849,0.8496308261980887,0.9248957569770503,0.8683496980071274,0.8406429399610524,0.9222044557699315,0.8670082727590904,0.8481195340857224],[0.4254378116524312,0.4248743121634031,0.2594478230761751,0.3995238619802764,0.23282187614049454,0.29314718421464436,-0.15164914618226388,0.280650018962393,0.13859306295074098,-0.04280715269822392,-0.057611359770200994,0.15662189380785893,-0.3388945801924202,-0.7208283488923255,-0.055738908579420224,0.1590878124682767,-0.0027348379149904115,0.24633846982965885,0.6760122469276268,0.7291677094656928,0.32594083995483475,0.37134164152074955,1.0,-0.3914021485655914,0.2868291976472769,0.3867120261652546,0.21007295767543782,0.5038053862065769,0.5002346669198652,0.359047464154727,0.5210572234743572,0.43461974881917576,0.37971060651193017,0.3004143496426931,0.41034430912085407],[-0.3037845415337178,-0.2294755948718966,-0.22761359884354876,-0.2949066655271932,-0.2203806107876168,-0.21727780560761337,0.15278199242208504,-0.3120941592289953,-0.23189929974911747,0.42223682002404483,0.4176999013842113,-0.1969561935214654,0.44340564120296,0.41966273043387226,0.4176589627382898,-0.19622457317175068,0.43873836184403076,-0.2937828623024454,-0.5313892181975716,-0.11663065379803247,-0.28848177583281764,-0.1897662499218486,-0.3914021485655914,1.0,-0.1499592254732322,-0.32425265558917415,-0.17788148858923372,-0.38957219104025914,-0.37915759223739204,-0.32557182081920355,-0.34616668472289636,-0.20456578372707288,-0.35008523081055304,-0.1802070299390926,-0.3172104970213647],[0.9007450204488022,0.8756335918045189,0.9034408197381117,0.8977109156793266,0.8826706667205373,0.935592739167003,-0.9033532565207351,0.9054151927477956,0.8862752461339417,0.9119085311737982,0.9110820981525476,0.9201125130732576,0.9015274974598906,0.8734469836728413,0.9108218405335857,0.9438429624792976,0.9317798920508173,0.9107367703241837,0.7009832338416712,0.5378114646500461,0.8837576130954425,0.7023798154542374,0.2868291976472769,-0.1499592254732322,1.0,0.8268640094826291,0.8843781941794849,0.8119478270732844,0.8591731095249157,0.8267958214060815,0.8670085406205356,0.8618489744990213,0.8568834279732682,0.8670814130114587,0.8951266085308113],[0.9690693203139001,0.9571958453050661,0.9447365016761444,0.9665219999970278,0.9341217471991252,0.950332554154913,-0.9131783275140255,0.9465933609574261,0.9282103130139616,0.9472153670195661,0.9469627677917815,0.957229171301151,0.942285281433774,0.9381537329717231,0.9454012784199223,0.9490097739930901,0.9513177790768816,0.9440081254446689,0.9065083806099242,0.7284102445592638,0.9528126141511729,0.9191168723432508,0.3867120261652546,-0.32425265558917415,0.8268640094826291,1.0,0.9326394884987269,0.9525989348981699,0.9311942590469897,0.944317414152873,0.9366672902929483,0.9070782515106941,0.959548716589866,0.9234703435465731,0.9134683817261006],[0.9560718403042519,0.9554317142657394,0.9801032076276084,0.9624063354996846,0.9771578946516712,0.9605432386615894,-0.958845516664037,0.939090750571847,0.9613105297222001,0.9674551082406743,0.9683047730511126,0.9575939729529668,0.9784364175055347,0.9777868952377218,0.9677040538150546,0.9573466573186745,0.9658763091196624,0.9391113018418465,0.8031505759621699,0.6305474128261487,0.9711661405272461,0.8886283723195462,0.21007295767543782,-0.17788148858923372,0.8843781941794849,0.9326394884987269,1.0,0.9049947383373154,0.8847614703312158,0.9393465825179772,0.8860878041441277,0.8846011333938779,0.9455111978030928,0.9713376197626007,0.8848462206849921],[0.9803108110585078,0.9588068952621773,0.930367739262901,0.9710011729579799,0.9093927770889061,0.9583532648428056,-0.9013352120137882,0.9781491278156719,0.9346799030848828,0.9624335346669666,0.9619351091257232,0.9655142646017821,0.9458573013396065,0.9387535478859732,0.962263368967323,0.9617188026580608,0.9751076260817154,0.9786170782839188,0.9577667068625917,0.7875167368751719,0.9399863152698408,0.8981541664922849,0.5038053862065769,-0.38957219104025914,0.8119478270732844,0.9525989348981699,0.9049947383373154,1.0,0.9856940305145715,0.9646796703438278,0.9898885039462176,0.9510870297369332,0.9589972060165316,0.9122444947425475,0.9665406263617626],[0.9649394119374212,0.9513043275328261,0.9138236422305691,0.962023766827305,0.8997307807054613,0.929540481889943,-0.862516226271849,0.9536429949029996,0.8980576567497663,0.944871818097596,0.9436337353810561,0.9530886825302004,0.9079100385112411,0.8913500912783741,0.9442414699014042,0.9265616597123519,0.9487890358601946,0.9530347188995824,0.935497112569694,0.7214585008872825,0.945119881832473,0.8496308261980887,0.5002346669198652,-0.37915759223739204,0.8591731095249157,0.9311942590469897,0.8847614703312158,0.9856940305145715,1.0,0.9504755409171051,0.9831476780522312,0.9548617629081775,0.9362608341331689,0.9191882025698557,0.961544759747504],[0.9759180837485842,0.9658029536574144,0.9655857041925869,0.9783846970166948,0.959653655051237,0.9527297434060403,-0.9274360079178596,0.9682179805694571,0.9573171237802288,0.9668027007936466,0.9669131255813883,0.9732004207705791,0.9482200705039462,0.9394773569237184,0.9669068969675305,0.949288588150046,0.9649455838401062,0.9666556426140921,0.9008953105702034,0.6574752888019615,0.9704052384536345,0.9248957569770503,0.359047464154727,-0.32557182081920355,0.8267958214060815,0.944317414152873,0.9393465825179772,0.9646796703438278,0.9504755409171051,1.0,0.9527977671000396,0.9160728956143029,0.9759839778246908,0.9573296638882834,0.9417387349118194],[0.9724321555481038,0.9571041893459767,0.9207417415392241,0.9624949140495748,0.898620534412364,0.9525934869284067,-0.8929700238905981,0.9634661723942349,0.9180364737694845,0.9425610284325572,0.9415492611182833,0.953229714733935,0.9168857228176055,0.9146096353842862,0.9422191121851003,0.9535499821720961,0.9573164876611304,0.9619910255263624,0.9443779984314181,0.7586929868657085,0.940579130298752,0.8683496980071274,0.5210572234743572,-0.34616668472289636,0.8670085406205356,0.9366672902929483,0.8860878041441277,0.9898885039462176,0.9831476780522312,0.9527977671000396,1.0,0.9734672542908729,0.9436296273316387,0.9364959558246202,0.9621277261666423],[0.9456185033059858,0.9437298459071645,0.9060256177066056,0.9340449506582392,0.8788989682255187,0.9550425291644495,-0.9098705724100988,0.9363606349021856,0.9039564169528268,0.9192976345775505,0.91798403412186,0.9322990771682023,0.8896771916976304,0.8685008475911871,0.9185363762248857,0.9543913471445072,0.9425221424211839,0.9362126427981343,0.8950074637596658,0.7623617349476844,0.9092687079782766,0.8406429399610524,0.43461974881917576,-0.20456578372707288,0.8618489744990213,0.9070782515106941,0.8846011333938779,0.9510870297369332,0.9548617629081775,0.9160728956143029,0.9734672542908729,1.0,0.9060988362091352,0.932125439202425,0.9531111504368136],[0.980411039584827,0.9695412329463226,0.9671853178856422,0.978427372081881,0.9563964972288037,0.9579361001053651,-0.927981829071683,0.9600641406622643,0.9468843587428983,0.9663580986692811,0.9665439922384446,0.973310737805652,0.9648074088366305,0.9669081601839263,0.9664481859495625,0.960321772729772,0.9721802111233474,0.9593646539005641,0.8987853608093564,0.6915472120812601,0.9688275604815061,0.9222044557699315,0.37971060651193017,-0.35008523081055304,0.8568834279732682,0.959548716589866,0.9455111978030928,0.9589972060165316,0.9362608341331689,0.9759839778246908,0.9436296273316387,0.9060988362091352,1.0,0.9542723810889945,0.9403646587302831],[0.9712286664293123,0.9614879274652111,0.9743001517165729,0.9698593488990847,0.9620985667916944,0.9770051907811685,-0.9648182113332279,0.9583542455264258,0.9702112380583668,0.9805585068443372,0.981051403529139,0.9683062762111435,0.9802594619375261,0.9785993523173706,0.9809600121193291,0.9764931151199533,0.9851566067955786,0.9562921962827655,0.8467145191486941,0.6558350497084642,0.9552592937631201,0.8670082727590904,0.3004143496426931,-0.1802070299390926,0.8670814130114587,0.9234703435465731,0.9713376197626007,0.9122444947425475,0.9191882025698557,0.9573296638882834,0.9364959558246202,0.932125439202425,0.9542723810889945,1.0,0.9173895581134454],[0.9544763908937218,0.948517614132038,0.9227978530967336,0.9455954395956296,0.8981834046885603,0.9554186865797869,-0.9099824842125273,0.9654017448663862,0.9234593066757067,0.9419223127991071,0.9411981540316109,0.9508235544820318,0.9341313394199943,0.9263622770304791,0.9416058148459605,0.9601069838101216,0.963485306800196,0.9665958713195453,0.8802248532015507,0.6991981870637368,0.9269141627597409,0.8481195340857224,0.41034430912085407,-0.3172104970213647,0.8951266085308113,0.9134683817261006,0.8848462206849921,0.9665406263617626,0.961544759747504,0.9417387349118194,0.9621277261666423,0.9531111504368136,0.9403646587302831,0.9173895581134454,1.0]],"x":["^TAIEX       \u81fa\u7063\u52a0\u6b0a\u5831\u916c\u6307\u6578","^TWII        \u81fa\u7063\u52a0\u6b0a\u6307\u6578","^TAIEXx2     \u81fa\u7063\u52a0\u6b0a\u5831\u916c\u6307\u6578_\u65e5\u6b632","^TAI50I      \u81fa\u706350\u5831\u916c\u6307\u6578","^TAI50Ix2    \u81fa\u706350\u5831\u916c\u6307\u6578_\u65e5\u6b632","^TAI100I     \u81fa\u7063\u4e2d\u578b100\u5831\u916c\u6307\u6578","^TAI100Ix2   \u81fa\u7063\u4e2d\u578b100\u5831\u916c\u6307\u6578_\u65e5\u6b632","^TAIDIVIDI   \u81fa\u7063\u9ad8\u80a1\u606f\u5831\u916c\u6307\u6578","^TAIDIVIDIx2 \u81fa\u7063\u9ad8\u80a1\u606f\u5831\u916c\u6307\u6578_\u65e5\u6b632","0050Fund     \u5143\u5927\u53f0\u7063\u5353\u8d8a50\u57fa\u91d1","006208Fund   \u5bcc\u90a6\u53f0\u7063\u91c6\u540950\u57fa\u91d1","0050         \u5143\u5927\u81fa\u706350","00631L       \u5143\u5927\u53f0\u706350\u6b632","00675L       \u5bcc\u90a6\u81fa\u7063\u52a0\u6b0a\u6b632","006208       \u5bcc\u90a6\u53f050","0051         \u5143\u5927\u4e2d\u578b100","006204       \u6c38\u8c50\u81fa\u7063\u52a0\u6b0a","0056         \u5143\u5927\u9ad8\u80a1\u606f","2412         \u4e2d\u83ef\u96fb\u4fe1","2002         \u4e2d\u92fc","2330         \u53f0\u7a4d\u96fb","2317         \u9d3b\u6d77","6505         \u53f0\u5851\u77f3\u5316","3481         \u7fa4\u5275","2303         \u806f\u96fb","2308         \u53f0\u9054\u96fb","2454         \u806f\u767c\u79d1","2886         \u5146\u8c50\u91d1","2884         \u7389\u5c71\u91d1","2891         \u4e2d\u4fe1\u91d1","2892         \u7b2c\u4e00\u91d1","5880         \u5408\u5eab\u91d1","2881         \u5bcc\u90a6\u91d1","2885         \u5143\u5927\u91d1","2887         \u53f0\u65b0\u91d1"],"y":["^TAIEX       \u81fa\u7063\u52a0\u6b0a\u5831\u916c\u6307\u6578","^TWII        \u81fa\u7063\u52a0\u6b0a\u6307\u6578","^TAIEXx2     \u81fa\u7063\u52a0\u6b0a\u5831\u916c\u6307\u6578_\u65e5\u6b632","^TAI50I      \u81fa\u706350\u5831\u916c\u6307\u6578","^TAI50Ix2    \u81fa\u706350\u5831\u916c\u6307\u6578_\u65e5\u6b632","^TAI100I     \u81fa\u7063\u4e2d\u578b100\u5831\u916c\u6307\u6578","^TAI100Ix2   \u81fa\u7063\u4e2d\u578b100\u5831\u916c\u6307\u6578_\u65e5\u6b632","^TAIDIVIDI   \u81fa\u7063\u9ad8\u80a1\u606f\u5831\u916c\u6307\u6578","^TAIDIVIDIx2 \u81fa\u7063\u9ad8\u80a1\u606f\u5831\u916c\u6307\u6578_\u65e5\u6b632","0050Fund     \u5143\u5927\u53f0\u7063\u5353\u8d8a50\u57fa\u91d1","006208Fund   \u5bcc\u90a6\u53f0\u7063\u91c6\u540950\u57fa\u91d1","0050         \u5143\u5927\u81fa\u706350","00631L       \u5143\u5927\u53f0\u706350\u6b632","00675L       \u5bcc\u90a6\u81fa\u7063\u52a0\u6b0a\u6b632","006208       \u5bcc\u90a6\u53f050","0051         \u5143\u5927\u4e2d\u578b100","006204       \u6c38\u8c50\u81fa\u7063\u52a0\u6b0a","0056         \u5143\u5927\u9ad8\u80a1\u606f","2412         \u4e2d\u83ef\u96fb\u4fe1","2002         \u4e2d\u92fc","2330         \u53f0\u7a4d\u96fb","2317         \u9d3b\u6d77","6505         \u53f0\u5851\u77f3\u5316","3481         \u7fa4\u5275","2303         \u806f\u96fb","2308         \u53f0\u9054\u96fb","2454         \u806f\u767c\u79d1","2886         \u5146\u8c50\u91d1","2884         \u7389\u5c71\u91d1","2891         \u4e2d\u4fe1\u91d1","2892         \u7b2c\u4e00\u91d1","5880         \u5408\u5eab\u91d1","2881         \u5bcc\u90a6\u91d1","2885         \u5143\u5927\u91d1","2887         \u53f0\u65b0\u91d1"],"zmin":-1,"zmax":1,"colorbar":{"x":-0.2}}],"layout":{"autotypenumbers":"strict","colorway":["#636efa","#EF553B","#00cc96","#ab63fa","#FFA15A","#19d3f3","#FF6692","#B6E880","#FF97FF","#FECB52"],"font":{"color":"#f2f5fa","family":"Courier New"},"hovermode":"closest","hoverlabel":{"align":"left"},"paper_bgcolor":"rgb(17,17,17)","plot_bgcolor":"rgb(17,17,17)","polar":{"bgcolor":"rgb(17,17,17)","angularaxis":{"gridcolor":"#506784","linecolor":"#506784","ticks":""},"radialaxis":{"gridcolor":"#506784","linecolor":"#506784","ticks":""}},"ternary":{"bgcolor":"rgb(17,17,17)","aaxis":{"gridcolor":"#506784","linecolor":"#506784","ticks":""},"baxis":{"gridcolor":"#506784","linecolor":"#506784","ticks":""},"caxis":{"gridcolor":"#506784","linecolor":"#506784","ticks":""}},"coloraxis":{"colorbar":{"outlinewidth":0,"ticks":""}},"colorscale":{"sequential":[[0.0,"#0d0887"],[0.1111111111111111,"#46039f"],[0.2222222222222222,"#7201a8"],[0.3333333333333333,"#9c179e"],[0.4444444444444444,"#bd3786"],[0.5555555555555556,"#d8576b"],[0.6666666666666666,"#ed7953"],[0.7777777777777778,"#fb9f3a"],[0.8888888888888888,"#fdca26"],[1.0,"#f0f921"]],"sequentialminus":[[0.0,"#0d0887"],[0.1111111111111111,"#46039f"],[0.2222222222222222,"#7201a8"],[0.3333333333333333,"#9c179e"],[0.4444444444444444,"#bd3786"],[0.5555555555555556,"#d8576b"],[0.6666666666666666,"#ed7953"],[0.7777777777777778,"#fb9f3a"],[0.8888888888888888,"#fdca26"],[1.0,"#f0f921"]],"diverging":[[0,"#8e0152"],[0.1,"#c51b7d"],[0.2,"#de77ae"],[0.3,"#f1b6da"],[0.4,"#fde0ef"],[0.5,"#f7f7f7"],[0.6,"#e6f5d0"],[0.7,"#b8e186"],[0.8,"#7fbc41"],[0.9,"#4d9221"],[1,"#276419"]]},"xaxis":{"gridcolor":"rgba(0, 0, 0, 0)","linecolor":"#506784","ticks":"","title":{"standoff":15},"zerolinecolor":"#283442","automargin":true,"zerolinewidth":2,"tickfont":{"family":"Courier New","size":14},"side":"top","tickangle":-90},"yaxis":{"gridcolor":"rgba(0, 0, 0, 0)","linecolor":"#506784","ticks":"","title":{"standoff":15},"zerolinecolor":"#283442","automargin":true,"zerolinewidth":2,"tickfont":{"family":"Courier New"},"side":"right"},"scene":{"xaxis":{"backgroundcolor":"rgb(17,17,17)","gridcolor":"#506784","linecolor":"#506784","showbackground":true,"ticks":"","zerolinecolor":"#C8D4E3","gridwidth":2},"yaxis":{"backgroundcolor":"rgb(17,17,17)","gridcolor":"#506784","linecolor":"#506784","showbackground":true,"ticks":"","zerolinecolor":"#C8D4E3","gridwidth":2},"zaxis":{"backgroundcolor":"rgb(17,17,17)","gridcolor":"#506784","linecolor":"#506784","showbackground":true,"ticks":"","zerolinecolor":"#C8D4E3","gridwidth":2}},"shapedefaults":{"line":{"color":"#f2f5fa"}},"annotationdefaults":{"arrowcolor":"#f2f5fa","arrowhead":0,"arrowwidth":1},"geo":{"bgcolor":"rgb(17,17,17)","landcolor":"rgb(17,17,17)","subunitcolor":"#506784","showland":true,"showlakes":true,"lakecolor":"rgb(17,17,17)"},"title":{"x":0.05,"font":{"family":"Times New Roman"},"y":0.05,"text":"<b>Correlation of Adj Close<b><br><i>2016-09-23 ~ 2025-08-27<i>"},"updatemenudefaults":{"bgcolor":"#506784","borderwidth":0},"sliderdefaults":{"bgcolor":"#C8D4E3","borderwidth":1,"bordercolor":"rgb(17,17,17)","tickwidth":0},"mapbox":{"style":"dark"},"annotations":[{"text":"<b>@zwindr<b>","textangle":0,"opacity":0.5,"font":{"color":"white","size":12},"xref":"paper","yref":"paper","xanchor":"left","yanchor":"bottom","x":1.0,"y":1.0,"showarrow":false}]},"config":{"responsive":true,"toImageButtonOptions":{"filename":"Correlation of Adj Close_2016-09-23~2025-08-27","scale":5}}};Plotly.newPlot("correlationAdjClose",correlationAdjClose.data,correlationAdjClose.layout||{},correlationAdjClose.config);}else{console.log("style display is none => correlationAdjClose");}