var element=document.getElementById("correlationAdjClose");if(element.style.display!='none'){var correlationAdjClose={"data":[{"type":"heatmap","z":[[1.0,0.9948290135035993,0.9755731404759738,0.9971537401343536,0.9572131520445977,0.9834505519090665,0.9515003179005518,0.9893804678619083,0.974274265492228,0.9973009183100876,0.9967302127381772,0.9972025155223291,0.9932224668341334,0.9941475583335093,0.9967835679075109,0.9851225569269106,0.9997086645540312,0.989246550186748,0.9001126334587027,0.9197267077913567,0.7007554161524286,0.9848001678629063,0.9311027038489572,0.3749980116272065,-0.2995646112340719,0.8985047580338468,0.9323913086909051,0.9593412596038151,0.9782126772886496,0.965059345174797,0.9783294379705616,0.9714155770502438,0.9418457397839315,0.9821603189184064,0.9741115448243235,0.9555514192514113],[0.9948290135035993,1.0,0.9715819484702622,0.9916489228711088,0.9529776877251939,0.9794817531472577,0.9473489045884271,0.9814788158407274,0.9682782047798612,0.9929514350601849,0.9948990273699287,0.9943620816657441,0.9923153985507487,0.9920981125806152,0.9949147559965611,0.9800181847776966,0.9971755562555331,0.9837856912661489,0.9214734116951752,0.9097291066523739,0.7192188550227882,0.9687002743955387,0.9138608671453825,0.375130891247221,-0.22998790249127984,0.8760817191657593,0.9257905202889632,0.9586094255625046,0.9585745690648072,0.9526261667324251,0.9691760007355599,0.9574645522083359,0.9407984985642243,0.9724092744086437,0.965237858449115,0.9503648259917326],[0.9755731404759738,0.9715819484702622,1.0,0.9842859301202759,0.9946552054234675,0.973691037300557,0.9775514050073242,0.9624182446337696,0.9800886766306277,0.9839556548527304,0.9906372520885807,0.987328178479598,0.9969943762984043,0.9967790349591219,0.9903966266011996,0.9713731824295025,0.9857574573629048,0.9620323163040684,0.8646034641409787,0.8245683753672655,0.5746024959564117,0.9918324203667251,0.9296871540691787,0.2036406625414443,-0.22356647085524597,0.8859957042633012,0.9398389344217082,0.9731525722420543,0.9216039178435721,0.9093484428293979,0.9659074629890932,0.9140489982379777,0.891341876048664,0.9642049724037786,0.9714183865362347,0.9171149989971134],[0.9971537401343536,0.9916489228711088,0.9842859301202759,1.0,0.9728210009174416,0.9750533039976327,0.9482012628616958,0.9814536791756254,0.9710867000543819,0.9999689501969821,0.9999913829316286,0.999961939606467,0.9930615704273275,0.9915603872512416,0.9999492538164748,0.9739778271269226,0.9957208005911804,0.9810208161888674,0.884336342219857,0.9025201033358049,0.6638794402780714,0.9938323213096221,0.9355253382457459,0.34342660063708774,-0.28892563600814125,0.8910604598878554,0.9414730703311344,0.9635054243070115,0.9662734664184266,0.9594806549555405,0.9802929440871591,0.9591773196264898,0.9268063263788914,0.9791377796972354,0.9720363057043451,0.9447832859268748],[0.9572131520445977,0.9529776877251939,0.9946552054234675,0.9728210009174416,1.0,0.9468858183934071,0.956599808975857,0.9380956601839424,0.9607744376255426,0.9728710245375984,0.9821532829242993,0.978306452742486,0.9836126231344426,0.980542034272012,0.9817449906578147,0.943106466697585,0.9677604118476479,0.9374090791483299,0.8330801609295251,0.7947839137777822,0.5262720996864839,0.987310595290147,0.924707134344812,0.16944005833004017,-0.21308522200802582,0.853728728797501,0.9441455987362357,0.9605573334322488,0.8919436109123436,0.8866164426754506,0.9538595323015406,0.8840389234342501,0.854631959110699,0.946364766469519,0.9526427632562618,0.8855672173904516],[0.9834505519090665,0.9794817531472577,0.973691037300557,0.9750533039976327,0.9468858183934071,1.0,0.982933611557403,0.9824972770320933,0.9822460339303353,0.9744710497892158,0.9693303215821589,0.9726430234347143,0.9739635483892262,0.9714799415542273,0.9692557201772923,0.9999010004991251,0.9868565059880612,0.9834380384652412,0.9023516568743529,0.8703679568119426,0.6697945702809143,0.9670148492667686,0.9020401084303664,0.24985069005162894,-0.21960697310567434,0.9325829516530448,0.9056292969444691,0.963707777598215,0.9598895209630249,0.9340106493559084,0.957061738562407,0.9548748326315161,0.9532841916124144,0.9620196456125082,0.9791566482582258,0.9575352781968385],[0.9515003179005518,0.9473489045884271,0.9775514050073242,0.9482012628616958,0.956599808975857,0.982933611557403,1.0,0.9549210432394394,0.9850786254656885,0.9468105185600393,0.9573857251616278,0.9537257718395935,0.9766662577971023,0.9774232854731846,0.9571099705315265,0.984295926780803,0.9702054487210087,0.9574720046859794,0.8685233776705173,0.7890032192026745,0.5624053857869794,0.9521969339215214,0.9022575158809789,0.10879436687277384,-0.15780747498047884,0.8959523073051433,0.8959439523044491,0.9606881547478907,0.9042766732468582,0.8707355102337888,0.9361646615541539,0.8973195171975807,0.9057622855877231,0.9348737692018243,0.9681403467168932,0.9129468225241727],[0.9893804678619083,0.9814788158407274,0.9624182446337696,0.9814536791756254,0.9380956601839424,0.9824972770320933,0.9549210432394394,1.0,0.9836169016575926,0.981424197420536,0.9768467129706104,0.9803081584214698,0.9716820583102687,0.9707099100398269,0.976967981891117,0.9842932960126514,0.987275740093537,0.9998812251491744,0.9279320945330949,0.928587987155679,0.6370866049643668,0.9691995083727236,0.8991149151149112,0.22866347475225446,-0.31049682604034445,0.9059600422820334,0.8880644514975033,0.943823414445119,0.9791463594530048,0.956592932021742,0.9693444769018231,0.9657285190364769,0.9373126127681175,0.9632531168144324,0.9613457197513864,0.9673276428581981],[0.974274265492228,0.9682782047798612,0.9800886766306277,0.9710867000543819,0.9607744376255426,0.9822460339303353,0.9850786254656885,0.9836169016575926,1.0,0.9703174886205491,0.9668941736819651,0.9692050529113133,0.9729269316058412,0.9698250442345606,0.9667525232792115,0.9812788838256564,0.9742378261645813,0.9829736914702374,0.9032547339658464,0.8607118141138876,0.5567230398900345,0.9691866877360323,0.9158636023455651,0.08725491490206795,-0.2324713510548725,0.8843933829293318,0.889708194682259,0.964245777087158,0.9374284681543964,0.9046396534169856,0.9617346960150325,0.9226294723617782,0.9040137035930422,0.9523648605620508,0.9733234847165265,0.9273194358093875],[0.9973009183100876,0.9929514350601849,0.9839556548527304,0.9999689501969821,0.9728710245375984,0.9744710497892158,0.9468105185600393,0.981424197420536,0.9703174886205491,1.0,0.9999898550013965,0.9999830102071866,0.992945398637611,0.9914200602202478,0.9999544717175864,0.9734054649369049,0.9955950376858393,0.981087679855504,0.8861752964516091,0.9036857483144232,0.661740621249828,0.9940259902836039,0.9353667387845832,0.34855418781597336,-0.2883520672734914,0.8918780178794125,0.9397299089474282,0.962052887759078,0.9660124717413375,0.9586790192888646,0.97932260184197,0.9585788270218749,0.925396055941141,0.9783508447972203,0.9708892477742914,0.9432331279114182],[0.9967302127381772,0.9948990273699287,0.9906372520885807,0.9999913829316286,0.9821532829242993,0.9693303215821589,0.9573857251616278,0.9768467129706104,0.9668941736819651,0.9999898550013965,1.0,0.9999736127514909,0.9930876265897721,0.9915585543550934,0.9999572648145975,0.9691398736643599,0.9953751210413228,0.9775324761168549,0.9093293795668745,0.9307567160693685,0.5485902572205362,0.9972351061284185,0.9194708232785102,-0.13074562301341972,0.3942788051361499,0.8929997533124442,0.909280599680241,0.9656369590981934,0.9570787192288222,0.9417761570946385,0.9706907645056649,0.9386533928132367,0.9050662680898937,0.9688565227964815,0.9805784991790265,0.9391121322826802],[0.9972025155223291,0.9943620816657441,0.987328178479598,0.999961939606467,0.978306452742486,0.9726430234347143,0.9537257718395935,0.9803081584214698,0.9692050529113133,0.9999830102071866,0.9999736127514909,1.0,0.9929572629945178,0.9913923482121577,0.9999651562915016,0.9725297982564943,0.9954937506669826,0.9805421432459753,0.8937981923596254,0.9202180928320711,0.6105178658298691,0.9962304581418004,0.9316670068659129,0.0844535906989486,-0.1936550227154224,0.9065393284636516,0.9252821118057959,0.9578804112316023,0.9602861827625208,0.9498541481471242,0.9757723668564919,0.9495687518594127,0.9219201369198003,0.9746470784645124,0.9705620459250063,0.9477033259540538],[0.9932224668341334,0.9923153985507487,0.9969943762984043,0.9930615704273275,0.9836126231344426,0.9739635483892262,0.9766662577971023,0.9716820583102687,0.9729269316058412,0.992945398637611,0.9930876265897721,0.9929572629945178,1.0,0.9997530523360837,0.9930870124320106,0.9738781775750948,0.9932788418261043,0.9725844195446308,0.9021376125723976,0.9178793366641755,0.47701042387731035,0.9888095833536173,0.9153239013917794,-0.3993416815862578,0.4104973981386272,0.8767758530669478,0.9065995066911506,0.9702805878319328,0.940468589899102,0.9094380102614147,0.9545436198409524,0.9156684145891109,0.8742568769864001,0.9664413965565061,0.9777928419424459,0.9315512343930433],[0.9941475583335093,0.9920981125806152,0.9967790349591219,0.9915603872512416,0.980542034272012,0.9714799415542273,0.9774232854731846,0.9707099100398269,0.9698250442345606,0.9914200602202478,0.9915585543550934,0.9913923482121577,0.9997530523360837,1.0,0.9916753444547245,0.971307442002047,0.9940217539431379,0.9718033104110566,0.8875127167611861,0.9272214179354733,0.33999182586660376,0.9848031244669166,0.9085057671265526,-0.7490532574180003,0.3818585412207326,0.8447533523508667,0.9029388003457852,0.9671319494847778,0.934047977813519,0.8968456687949448,0.9476260955261174,0.9158265634931496,0.8524613925794536,0.9673838754317026,0.975829471821948,0.9252654827746131],[0.9967835679075109,0.9949147559965611,0.9903966266011996,0.9999492538164748,0.9817449906578147,0.9692557201772923,0.9571099705315265,0.976967981891117,0.9667525232792115,0.9999544717175864,0.9999572648145975,0.9999651562915016,0.9930870124320106,0.9916753444547245,1.0,0.9691049812849063,0.9954203416131636,0.9776157749400007,0.9094393314720336,0.9313610863265088,0.5484350712952586,0.9970627515663214,0.9196007775287389,-0.1282230513832356,0.393833955570154,0.8929364956919406,0.9081978662087918,0.9649078232446289,0.9573075341181224,0.9421299860074711,0.9706600594552454,0.9391850005395598,0.905595042831029,0.968803191453852,0.9805245240288151,0.9396424580807741],[0.9851225569269106,0.9800181847776966,0.9713731824295025,0.9739778271269226,0.943106466697585,0.9999010004991251,0.984295926780803,0.9842932960126514,0.9812788838256564,0.9734054649369049,0.9691398736643599,0.9725297982564943,0.9738781775750948,0.971307442002047,0.9691049812849063,1.0,0.9869388107907384,0.9836187073622158,0.905189757801903,0.8941698434016375,0.6610063040924304,0.964648848788104,0.8963258557658715,0.10691678483991457,-0.1983996361110872,0.940050682175577,0.8947289887973793,0.9606728232758108,0.9633021031164307,0.9312779436422499,0.9536289929755152,0.9560335746462147,0.952496074863313,0.9641431567408346,0.9784883675124592,0.9618545338413681],[0.9997086645540312,0.9971755562555331,0.9857574573629048,0.9957208005911804,0.9677604118476479,0.9868565059880612,0.9702054487210087,0.987275740093537,0.9742378261645813,0.9955950376858393,0.9953751210413228,0.9954937506669826,0.9932788418261043,0.9940217539431379,0.9954203416131636,0.9869388107907384,1.0,0.9878982142919076,0.9264241530691856,0.9397937578731652,0.6038795902838516,0.9882762144017407,0.9113762820199757,-0.07012487508975422,0.4202487445850153,0.9206564181598181,0.9012697676126612,0.966758275573182,0.9730948190445867,0.9496688524757014,0.9689882788113511,0.9568052464422774,0.9347553085650983,0.9751713011934803,0.9862865128822031,0.9628725345401162],[0.989246550186748,0.9837856912661489,0.9620323163040684,0.9810208161888674,0.9374090791483299,0.9834380384652412,0.9574720046859794,0.9998812251491744,0.9829736914702374,0.981087679855504,0.9775324761168549,0.9805421432459753,0.9725844195446308,0.9718033104110566,0.9776157749400007,0.9836187073622158,0.9878982142919076,1.0,0.9308052621561652,0.9347981423422467,0.63445965308666,0.9678182220055014,0.9029850531493994,0.19301847294012048,-0.2921302864352565,0.9108946919898332,0.8834886271266201,0.9437699944212465,0.979627711426395,0.9560063186559363,0.9677972084281259,0.9643908512168544,0.9370769371524905,0.9625118611488016,0.9593967403601061,0.9684764983516873],[0.9001126334587027,0.9214734116951752,0.8646034641409787,0.884336342219857,0.8330801609295251,0.9023516568743529,0.8685233776705173,0.9279320945330949,0.9032547339658464,0.8861752964516091,0.9093293795668745,0.8937981923596254,0.9021376125723976,0.8875127167611861,0.9094393314720336,0.905189757801903,0.9264241530691856,0.9308052621561652,1.0,0.8263266802743864,0.7008418838547505,0.8568005062723257,0.8076103574886572,0.26929820316315917,-0.1636107843212397,0.8558851409117919,0.763231666535004,0.8549164666468106,0.8912243689615215,0.8573706349577573,0.8565885541889914,0.8701220978012171,0.8561332586634766,0.85506013512764,0.8767730393224882,0.894984362194568],[0.9197267077913567,0.9097291066523739,0.8245683753672655,0.9025201033358049,0.7947839137777822,0.8703679568119426,0.7890032192026745,0.928587987155679,0.8607118141138876,0.9036857483144232,0.9307567160693685,0.9202180928320711,0.9178793366641755,0.9272214179354733,0.9313610863265088,0.8941698434016375,0.9397937578731652,0.9347981423422467,0.8263266802743864,1.0,0.827626916907948,0.8532387124150415,0.8680282229012389,0.6417376621000481,-0.5260451713428412,0.7131715935685875,0.8422959778187858,0.8117703900523205,0.9592073458452719,0.9376316691139867,0.9001962098977879,0.9465961476716528,0.8995933490582887,0.9005898035753989,0.8513080673696934,0.8855242271197508],[0.7007554161524286,0.7192188550227882,0.5746024959564117,0.6638794402780714,0.5262720996864839,0.6697945702809143,0.5624053857869794,0.6370866049643668,0.5567230398900345,0.661740621249828,0.5485902572205362,0.6105178658298691,0.47701042387731035,0.33999182586660376,0.5484350712952586,0.6610063040924304,0.6038795902838516,0.63445965308666,0.7008418838547505,0.827626916907948,1.0,0.5918750187019326,0.698772715908087,0.7249346956878406,-0.11641611594624304,0.5356060973841275,0.6205499767374658,0.6122100506697914,0.773967653634427,0.7049984515001612,0.6298369659362435,0.7409212619526014,0.754188170657371,0.6683458920636919,0.6355308390633413,0.6841947081204265],[0.9848001678629063,0.9687002743955387,0.9918324203667251,0.9938323213096221,0.987310595290147,0.9670148492667686,0.9521969339215214,0.9691995083727236,0.9691866877360323,0.9940259902836039,0.9972351061284185,0.9962304581418004,0.9888095833536173,0.9848031244669166,0.9970627515663214,0.964648848788104,0.9882762144017407,0.9678182220055014,0.8568005062723257,0.8532387124150415,0.5918750187019326,1.0,0.9128728233300307,0.27017912722136317,-0.2808753437098713,0.8738935725354775,0.9426515242079978,0.968398328538472,0.933471557826452,0.9403532444522056,0.9719022683941902,0.9354742666870013,0.8992490618800439,0.9683484207977292,0.9572727684671445,0.9244377781829223],[0.9311027038489572,0.9138608671453825,0.9296871540691787,0.9355253382457459,0.924707134344812,0.9020401084303664,0.9022575158809789,0.8991149151149112,0.9158636023455651,0.9353667387845832,0.9194708232785102,0.9316670068659129,0.9153239013917794,0.9085057671265526,0.9196007775287389,0.8963258557658715,0.9113762820199757,0.9029850531493994,0.8076103574886572,0.8680282229012389,0.698772715908087,0.9128728233300307,1.0,0.30925744713527886,-0.18943252921045986,0.7117687621848208,0.9129741036832416,0.8965794756557119,0.8978712518836912,0.8559532008576883,0.9325572451220023,0.8709621569378585,0.8395445064867774,0.927863983170254,0.8807361911873849,0.8546533673337222],[0.3749980116272065,0.375130891247221,0.2036406625414443,0.34342660063708774,0.16944005833004017,0.24985069005162894,0.10879436687277384,0.22866347475225446,0.08725491490206795,0.34855418781597336,-0.13074562301341972,0.0844535906989486,-0.3993416815862578,-0.7490532574180003,-0.1282230513832356,0.10691678483991457,-0.07012487508975422,0.19301847294012048,0.26929820316315917,0.6417376621000481,0.7249346956878406,0.27017912722136317,0.30925744713527886,1.0,-0.3825631168406023,0.26666988959297966,0.26724874416642924,0.1771048326519046,0.4676550689143146,0.4611152109645093,0.31123943820323013,0.4833187042190342,0.40798072187474,0.3373718804459538,0.2599004358242088,0.3765747428259923],[-0.2995646112340719,-0.22998790249127984,-0.22356647085524597,-0.28892563600814125,-0.21308522200802582,-0.21960697310567434,-0.15780747498047884,-0.31049682604034445,-0.2324713510548725,-0.2883520672734914,0.3942788051361499,-0.1936550227154224,0.4104973981386272,0.3818585412207326,0.393833955570154,-0.1983996361110872,0.4202487445850153,-0.2921302864352565,-0.1636107843212397,-0.5260451713428412,-0.11641611594624304,-0.2808753437098713,-0.18943252921045986,-0.3825631168406023,1.0,-0.15525488630285125,-0.280004007964169,-0.18224562157569507,-0.38710675830996755,-0.3763305344280176,-0.31969167795063347,-0.3449875839350589,-0.2088330195036926,-0.3451219986463901,-0.18407041445566047,-0.31715863846775527],[0.8985047580338468,0.8760817191657593,0.8859957042633012,0.8910604598878554,0.853728728797501,0.9325829516530448,0.8959523073051433,0.9059600422820334,0.8843933829293318,0.8918780178794125,0.8929997533124442,0.9065393284636516,0.8767758530669478,0.8447533523508667,0.8929364956919406,0.940050682175577,0.9206564181598181,0.9108946919898332,0.8558851409117919,0.7131715935685875,0.5356060973841275,0.8738935725354775,0.7117687621848208,0.26666988959297966,-0.15525488630285125,1.0,0.775943408021747,0.8854148662951269,0.8199477438706994,0.8640310559564713,0.8291791339544166,0.8718890838574738,0.8673896060347372,0.8597372137725013,0.8685289060471872,0.8986531802413199],[0.9323913086909051,0.9257905202889632,0.9398389344217082,0.9414730703311344,0.9441455987362357,0.9056292969444691,0.8959439523044491,0.8880644514975033,0.889708194682259,0.9397299089474282,0.909280599680241,0.9252821118057959,0.9065995066911506,0.9029388003457852,0.9081978662087918,0.8947289887973793,0.9012697676126612,0.8834886271266201,0.763231666535004,0.8422959778187858,0.6205499767374658,0.9426515242079978,0.9129741036832416,0.26724874416642924,-0.280004007964169,0.775943408021747,1.0,0.8964260835521339,0.8947004202859835,0.8804311992980811,0.9166990486188792,0.8802533864354339,0.8447297852090497,0.9205707366646089,0.8977659083125105,0.8662625938063948],[0.9593412596038151,0.9586094255625046,0.9731525722420543,0.9635054243070115,0.9605573334322488,0.963707777598215,0.9606881547478907,0.943823414445119,0.964245777087158,0.962052887759078,0.9656369590981934,0.9578804112316023,0.9702805878319328,0.9671319494847778,0.9649078232446289,0.9606728232758108,0.966758275573182,0.9437699944212465,0.8549164666468106,0.8117703900523205,0.6122100506697914,0.968398328538472,0.8965794756557119,0.1771048326519046,-0.18224562157569507,0.8854148662951269,0.8964260835521339,1.0,0.9104095691648897,0.8931677933012224,0.9446710814483977,0.8937168575686394,0.8875584799120285,0.9500250601660881,0.9735848365876216,0.8920171444252798],[0.9782126772886496,0.9585745690648072,0.9216039178435721,0.9662734664184266,0.8919436109123436,0.9598895209630249,0.9042766732468582,0.9791463594530048,0.9374284681543964,0.9660124717413375,0.9570787192288222,0.9602861827625208,0.940468589899102,0.934047977813519,0.9573075341181224,0.9633021031164307,0.9730948190445867,0.979627711426395,0.8912243689615215,0.9592073458452719,0.773967653634427,0.933471557826452,0.8978712518836912,0.4676550689143146,-0.38710675830996755,0.8199477438706994,0.8947004202859835,0.9104095691648897,1.0,0.986410472333848,0.9633901660420232,0.9905173390525766,0.9529798352419468,0.960062583765931,0.9163237270967933,0.9683854936186858],[0.965059345174797,0.9526261667324251,0.9093484428293979,0.9594806549555405,0.8866164426754506,0.9340106493559084,0.8707355102337888,0.956592932021742,0.9046396534169856,0.9586790192888646,0.9417761570946385,0.9498541481471242,0.9094380102614147,0.8968456687949448,0.9421299860074711,0.9312779436422499,0.9496688524757014,0.9560063186559363,0.8573706349577573,0.9376316691139867,0.7049984515001612,0.9403532444522056,0.8559532008576883,0.4611152109645093,-0.3763305344280176,0.8640310559564713,0.8804311992980811,0.8931677933012224,0.986410472333848,1.0,0.9518232634731237,0.9841599684069616,0.9557834451414755,0.9399294094236964,0.9242249715915172,0.9634720185128834],[0.9783294379705616,0.9691760007355599,0.9659074629890932,0.9802929440871591,0.9538595323015406,0.957061738562407,0.9361646615541539,0.9693444769018231,0.9617346960150325,0.97932260184197,0.9706907645056649,0.9757723668564919,0.9545436198409524,0.9476260955261174,0.9706600594552454,0.9536289929755152,0.9689882788113511,0.9677972084281259,0.8565885541889914,0.9001962098977879,0.6298369659362435,0.9719022683941902,0.9325572451220023,0.31123943820323013,-0.31969167795063347,0.8291791339544166,0.9166990486188792,0.9446710814483977,0.9633901660420232,0.9518232634731237,1.0,0.9530846274520341,0.9138718378345062,0.9779413666558362,0.96172852117659,0.9431565544404241],[0.9714155770502438,0.9574645522083359,0.9140489982379777,0.9591773196264898,0.8840389234342501,0.9548748326315161,0.8973195171975807,0.9657285190364769,0.9226294723617782,0.9585788270218749,0.9386533928132367,0.9495687518594127,0.9156684145891109,0.9158265634931496,0.9391850005395598,0.9560335746462147,0.9568052464422774,0.9643908512168544,0.8701220978012171,0.9465961476716528,0.7409212619526014,0.9354742666870013,0.8709621569378585,0.4833187042190342,-0.3449875839350589,0.8718890838574738,0.8802533864354339,0.8937168575686394,0.9905173390525766,0.9841599684069616,0.9530846274520341,1.0,0.9738863476949471,0.9463943584979778,0.9394690017419125,0.9643012842959265],[0.9418457397839315,0.9407984985642243,0.891341876048664,0.9268063263788914,0.854631959110699,0.9532841916124144,0.9057622855877231,0.9373126127681175,0.9040137035930422,0.925396055941141,0.9050662680898937,0.9219201369198003,0.8742568769864001,0.8524613925794536,0.905595042831029,0.952496074863313,0.9347553085650983,0.9370769371524905,0.8561332586634766,0.8995933490582887,0.754188170657371,0.8992490618800439,0.8395445064867774,0.40798072187474,-0.2088330195036926,0.8673896060347372,0.8447297852090497,0.8875584799120285,0.9529798352419468,0.9557834451414755,0.9138718378345062,0.9738863476949471,1.0,0.9072930761280904,0.9307210797195336,0.9542967158279222],[0.9821603189184064,0.9724092744086437,0.9642049724037786,0.9791377796972354,0.946364766469519,0.9620196456125082,0.9348737692018243,0.9632531168144324,0.9523648605620508,0.9783508447972203,0.9688565227964815,0.9746470784645124,0.9664413965565061,0.9673838754317026,0.968803191453852,0.9641431567408346,0.9751713011934803,0.9625118611488016,0.85506013512764,0.9005898035753989,0.6683458920636919,0.9683484207977292,0.927863983170254,0.3373718804459538,-0.3451219986463901,0.8597372137725013,0.9205707366646089,0.9500250601660881,0.960062583765931,0.9399294094236964,0.9779413666558362,0.9463943584979778,0.9072930761280904,1.0,0.9587030705093034,0.9436635606349922],[0.9741115448243235,0.965237858449115,0.9714183865362347,0.9720363057043451,0.9526427632562618,0.9791566482582258,0.9681403467168932,0.9613457197513864,0.9733234847165265,0.9708892477742914,0.9805784991790265,0.9705620459250063,0.9777928419424459,0.975829471821948,0.9805245240288151,0.9784883675124592,0.9862865128822031,0.9593967403601061,0.8767730393224882,0.8513080673696934,0.6355308390633413,0.9572727684671445,0.8807361911873849,0.2599004358242088,-0.18407041445566047,0.8685289060471872,0.8977659083125105,0.9735848365876216,0.9163237270967933,0.9242249715915172,0.96172852117659,0.9394690017419125,0.9307210797195336,0.9587030705093034,1.0,0.9221376944235957],[0.9555514192514113,0.9503648259917326,0.9171149989971134,0.9447832859268748,0.8855672173904516,0.9575352781968385,0.9129468225241727,0.9673276428581981,0.9273194358093875,0.9432331279114182,0.9391121322826802,0.9477033259540538,0.9315512343930433,0.9252654827746131,0.9396424580807741,0.9618545338413681,0.9628725345401162,0.9684764983516873,0.894984362194568,0.8855242271197508,0.6841947081204265,0.9244377781829223,0.8546533673337222,0.3765747428259923,-0.31715863846775527,0.8986531802413199,0.8662625938063948,0.8920171444252798,0.9683854936186858,0.9634720185128834,0.9431565544404241,0.9643012842959265,0.9542967158279222,0.9436635606349922,0.9221376944235957,1.0]],"x":["^TAIEX       \u81fa\u7063\u52a0\u6b0a\u5831\u916c\u6307\u6578","^TWII        \u81fa\u7063\u52a0\u6b0a\u6307\u6578","^TAIEXx2     \u81fa\u7063\u52a0\u6b0a\u5831\u916c\u6307\u6578_\u65e5\u6b632","^TAI50I      \u81fa\u706350\u5831\u916c\u6307\u6578","^TAI50Ix2    \u81fa\u706350\u5831\u916c\u6307\u6578_\u65e5\u6b632","^TAI100I     \u81fa\u7063\u4e2d\u578b100\u5831\u916c\u6307\u6578","^TAI100Ix2   \u81fa\u7063\u4e2d\u578b100\u5831\u916c\u6307\u6578_\u65e5\u6b632","^TAIDIVIDI   \u81fa\u7063\u9ad8\u80a1\u606f\u5831\u916c\u6307\u6578","^TAIDIVIDIx2 \u81fa\u7063\u9ad8\u80a1\u606f\u5831\u916c\u6307\u6578_\u65e5\u6b632","0050Fund     \u5143\u5927\u53f0\u7063\u5353\u8d8a50\u57fa\u91d1","006208Fund   \u5bcc\u90a6\u53f0\u7063\u91c6\u540950\u57fa\u91d1","0050         \u5143\u5927\u81fa\u706350","00631L       \u5143\u5927\u53f0\u706350\u6b632","00675L       \u5bcc\u90a6\u81fa\u7063\u52a0\u6b0a\u6b632","006208       \u5bcc\u90a6\u53f050","0051         \u5143\u5927\u4e2d\u578b100","006204       \u6c38\u8c50\u81fa\u7063\u52a0\u6b0a","0056         \u5143\u5927\u9ad8\u80a1\u606f","0056         \u5143\u5927\u9ad8\u80a1\u606f_\u80a1\u606f\u4e0d\u6295\u5165","2412         \u4e2d\u83ef\u96fb\u4fe1","2002         \u4e2d\u92fc","2330         \u53f0\u7a4d\u96fb","2317         \u9d3b\u6d77","6505         \u53f0\u5851\u77f3\u5316","3481         \u7fa4\u5275","2303         \u806f\u96fb","2308         \u53f0\u9054\u96fb","2454         \u806f\u767c\u79d1","2886         \u5146\u8c50\u91d1","2884         \u7389\u5c71\u91d1","2891         \u4e2d\u4fe1\u91d1","2892         \u7b2c\u4e00\u91d1","5880         \u5408\u5eab\u91d1","2881         \u5bcc\u90a6\u91d1","2885         \u5143\u5927\u91d1","2887         \u53f0\u65b0\u91d1"],"y":["^TAIEX       \u81fa\u7063\u52a0\u6b0a\u5831\u916c\u6307\u6578","^TWII        \u81fa\u7063\u52a0\u6b0a\u6307\u6578","^TAIEXx2     \u81fa\u7063\u52a0\u6b0a\u5831\u916c\u6307\u6578_\u65e5\u6b632","^TAI50I      \u81fa\u706350\u5831\u916c\u6307\u6578","^TAI50Ix2    \u81fa\u706350\u5831\u916c\u6307\u6578_\u65e5\u6b632","^TAI100I     \u81fa\u7063\u4e2d\u578b100\u5831\u916c\u6307\u6578","^TAI100Ix2   \u81fa\u7063\u4e2d\u578b100\u5831\u916c\u6307\u6578_\u65e5\u6b632","^TAIDIVIDI   \u81fa\u7063\u9ad8\u80a1\u606f\u5831\u916c\u6307\u6578","^TAIDIVIDIx2 \u81fa\u7063\u9ad8\u80a1\u606f\u5831\u916c\u6307\u6578_\u65e5\u6b632","0050Fund     \u5143\u5927\u53f0\u7063\u5353\u8d8a50\u57fa\u91d1","006208Fund   \u5bcc\u90a6\u53f0\u7063\u91c6\u540950\u57fa\u91d1","0050         \u5143\u5927\u81fa\u706350","00631L       \u5143\u5927\u53f0\u706350\u6b632","00675L       \u5bcc\u90a6\u81fa\u7063\u52a0\u6b0a\u6b632","006208       \u5bcc\u90a6\u53f050","0051         \u5143\u5927\u4e2d\u578b100","006204       \u6c38\u8c50\u81fa\u7063\u52a0\u6b0a","0056         \u5143\u5927\u9ad8\u80a1\u606f","0056         \u5143\u5927\u9ad8\u80a1\u606f_\u80a1\u606f\u4e0d\u6295\u5165","2412         \u4e2d\u83ef\u96fb\u4fe1","2002         \u4e2d\u92fc","2330         \u53f0\u7a4d\u96fb","2317         \u9d3b\u6d77","6505         \u53f0\u5851\u77f3\u5316","3481         \u7fa4\u5275","2303         \u806f\u96fb","2308         \u53f0\u9054\u96fb","2454         \u806f\u767c\u79d1","2886         \u5146\u8c50\u91d1","2884         \u7389\u5c71\u91d1","2891         \u4e2d\u4fe1\u91d1","2892         \u7b2c\u4e00\u91d1","5880         \u5408\u5eab\u91d1","2881         \u5bcc\u90a6\u91d1","2885         \u5143\u5927\u91d1","2887         \u53f0\u65b0\u91d1"],"zmin":-1,"zmax":1,"colorbar":{"x":-0.2}}],"layout":{"autotypenumbers":"strict","colorway":["#636efa","#EF553B","#00cc96","#ab63fa","#FFA15A","#19d3f3","#FF6692","#B6E880","#FF97FF","#FECB52"],"font":{"color":"#f2f5fa","family":"Courier New"},"hovermode":"closest","hoverlabel":{"align":"left"},"paper_bgcolor":"rgb(17,17,17)","plot_bgcolor":"rgb(17,17,17)","polar":{"bgcolor":"rgb(17,17,17)","angularaxis":{"gridcolor":"#506784","linecolor":"#506784","ticks":""},"radialaxis":{"gridcolor":"#506784","linecolor":"#506784","ticks":""}},"ternary":{"bgcolor":"rgb(17,17,17)","aaxis":{"gridcolor":"#506784","linecolor":"#506784","ticks":""},"baxis":{"gridcolor":"#506784","linecolor":"#506784","ticks":""},"caxis":{"gridcolor":"#506784","linecolor":"#506784","ticks":""}},"coloraxis":{"colorbar":{"outlinewidth":0,"ticks":""}},"colorscale":{"sequential":[[0.0,"#0d0887"],[0.1111111111111111,"#46039f"],[0.2222222222222222,"#7201a8"],[0.3333333333333333,"#9c179e"],[0.4444444444444444,"#bd3786"],[0.5555555555555556,"#d8576b"],[0.6666666666666666,"#ed7953"],[0.7777777777777778,"#fb9f3a"],[0.8888888888888888,"#fdca26"],[1.0,"#f0f921"]],"sequentialminus":[[0.0,"#0d0887"],[0.1111111111111111,"#46039f"],[0.2222222222222222,"#7201a8"],[0.3333333333333333,"#9c179e"],[0.4444444444444444,"#bd3786"],[0.5555555555555556,"#d8576b"],[0.6666666666666666,"#ed7953"],[0.7777777777777778,"#fb9f3a"],[0.8888888888888888,"#fdca26"],[1.0,"#f0f921"]],"diverging":[[0,"#8e0152"],[0.1,"#c51b7d"],[0.2,"#de77ae"],[0.3,"#f1b6da"],[0.4,"#fde0ef"],[0.5,"#f7f7f7"],[0.6,"#e6f5d0"],[0.7,"#b8e186"],[0.8,"#7fbc41"],[0.9,"#4d9221"],[1,"#276419"]]},"xaxis":{"gridcolor":"rgba(0, 0, 0, 0)","linecolor":"#506784","ticks":"","title":{"standoff":15},"zerolinecolor":"#283442","automargin":true,"zerolinewidth":2,"tickfont":{"family":"Courier New","size":14},"side":"top","tickangle":-90},"yaxis":{"gridcolor":"rgba(0, 0, 0, 0)","linecolor":"#506784","ticks":"","title":{"standoff":15},"zerolinecolor":"#283442","automargin":true,"zerolinewidth":2,"tickfont":{"family":"Courier New"},"side":"right"},"scene":{"xaxis":{"backgroundcolor":"rgb(17,17,17)","gridcolor":"#506784","linecolor":"#506784","showbackground":true,"ticks":"","zerolinecolor":"#C8D4E3","gridwidth":2},"yaxis":{"backgroundcolor":"rgb(17,17,17)","gridcolor":"#506784","linecolor":"#506784","showbackground":true,"ticks":"","zerolinecolor":"#C8D4E3","gridwidth":2},"zaxis":{"backgroundcolor":"rgb(17,17,17)","gridcolor":"#506784","linecolor":"#506784","showbackground":true,"ticks":"","zerolinecolor":"#C8D4E3","gridwidth":2}},"shapedefaults":{"line":{"color":"#f2f5fa"}},"annotationdefaults":{"arrowcolor":"#f2f5fa","arrowhead":0,"arrowwidth":1},"geo":{"bgcolor":"rgb(17,17,17)","landcolor":"rgb(17,17,17)","subunitcolor":"#506784","showland":true,"showlakes":true,"lakecolor":"rgb(17,17,17)"},"title":{"x":0.05,"font":{"family":"Times New Roman"},"y":0.05,"text":"<b>Correlation of Adj Close<b><br><i>2016-09-23 ~ 2025-11-17<i>"},"updatemenudefaults":{"bgcolor":"#506784","borderwidth":0},"sliderdefaults":{"bgcolor":"#C8D4E3","borderwidth":1,"bordercolor":"rgb(17,17,17)","tickwidth":0},"mapbox":{"style":"dark"},"annotations":[{"text":"<b>@zwindr<b>","textangle":0,"opacity":0.5,"font":{"color":"white","size":12},"xref":"paper","yref":"paper","xanchor":"left","yanchor":"bottom","x":1.0,"y":1.0,"showarrow":false}]},"config":{"responsive":true,"toImageButtonOptions":{"filename":"Correlation of Adj Close_2016-09-23~2025-11-17","scale":5}}};Plotly.newPlot("correlationAdjClose",correlationAdjClose.data,correlationAdjClose.layout||{},correlationAdjClose.config);}else{console.log("style display is none => correlationAdjClose");}