var config = { responsive: true }

var correlationClose = {"data": [{"type": "heatmap", "z": [[1.0, 0.999999999999998, 1.0, 0.9957157346216832, 0.9957157346216832, 0.9578675315856464, 0.9578675315856464, 0.8874577342965896, 0.8874577342965896, 0.9959229549732032, 0.9921299038719696, 0.9918753521311758, 0.9952544332266011, 0.9698204349101507, 0.9987799134224532, 0.9290672416752712, 0.8066497566068109, 0.27968504375384556, 0.9773749257966585, 0.7998647818742006, 0.11822691372307723, -0.27720308518504083, 0.7602658353358991, 0.9458984933311119, 0.9169061049821433], [0.999999999999998, 1.0, 0.9999999999999982, 0.9956454814042086, 0.9956454814042086, 0.95718195959191, 0.95718195959191, 0.8890200858169894, 0.8890200858169894, 0.9958797931895378, 0.9918289617911357, 0.9911947559103191, 0.9952021206512244, 0.9689577609607012, 0.998784683555226, 0.9297915234565308, 0.8149317929475888, 0.41177293768974066, 0.9698977133955615, 0.7715704848038499, 0.12622072742614956, -0.27680198674719075, 0.654686914865429, 0.9466528540032016, 0.9230715221042928], [1.0, 0.9999999999999982, 1.0, 0.9957157346216832, 0.9957157346216832, 0.9578675315856464, 0.9578675315856464, 0.8874577342965896, 0.8874577342965896, 0.9959229549732032, 0.9921299038719696, 0.9918753521311758, 0.9952544332266011, 0.9698204349101507, 0.9987799134224532, 0.9290672416752712, 0.8066497566068109, 0.27968504375384556, 0.9773749257966585, 0.7998647818742006, 0.11822691372307723, -0.27720308518504083, 0.7602658353358991, 0.9458984933311119, 0.9169061049821433], [0.9957157346216832, 0.9956454814042086, 0.9957157346216832, 1.0, 1.0, 0.9443285142914384, 0.9443285142914384, 0.872663777917724, 0.872663777917724, 0.9996095868146752, 0.9884972082970768, 0.9846227045966216, 0.9993286348301854, 0.9518841829211259, 0.9946074644328694, 0.9127741388899602, 0.7832389768971929, 0.2546493377332923, 0.9885354564352591, 0.792384277168133, 0.09136405813816238, -0.2819106750525059, 0.7703696228347074, 0.9340660878332352, 0.9167902254611141], [0.9957157346216832, 0.9956454814042086, 0.9957157346216832, 1.0, 1.0, 0.9443285142914384, 0.9443285142914384, 0.872663777917724, 0.872663777917724, 0.9996095868146752, 0.9884972082970768, 0.9846227045966216, 0.9993286348301854, 0.9518841829211259, 0.9946074644328694, 0.9127741388899602, 0.7832389768971929, 0.2546493377332923, 0.9885354564352591, 0.792384277168133, 0.09136405813816238, -0.2819106750525059, 0.7703696228347074, 0.9340660878332352, 0.9167902254611141], [0.9578675315856464, 0.95718195959191, 0.9578675315856464, 0.9443285142914384, 0.9443285142914384, 1.0, 1.0, 0.9171880838292019, 0.9171880838292019, 0.9481114769285762, 0.9755577885000556, 0.9744927590149984, 0.9492426175716668, 0.9989524540405419, 0.9702734912781764, 0.9194100830590883, 0.6748224433653287, 0.2157903184583879, 0.9280940729951155, 0.7242670477193677, -0.1146717269777252, -0.12656056047432748, 0.8708453426766785, 0.8989487865850719, 0.9190235318495403], [0.9578675315856464, 0.95718195959191, 0.9578675315856464, 0.9443285142914384, 0.9443285142914384, 1.0, 1.0, 0.9171880838292019, 0.9171880838292019, 0.9481114769285762, 0.9755577885000556, 0.9744927590149984, 0.9492426175716668, 0.9989524540405419, 0.9702734912781764, 0.9194100830590883, 0.6748224433653287, 0.2157903184583879, 0.9280940729951155, 0.7242670477193677, -0.1146717269777252, -0.12656056047432748, 0.8708453426766785, 0.8989487865850719, 0.9190235318495403], [0.8874577342965896, 0.8890200858169894, 0.8874577342965896, 0.872663777917724, 0.872663777917724, 0.9171880838292019, 0.9171880838292019, 1.0, 1.0, 0.894985847727635, 0.9432949916447696, 0.9381587275460731, 0.9330698896310035, 0.918189057902293, 0.9344875742754205, 0.9759363746674072, 0.6158133698074542, 0.26414079929017226, 0.8253467799680891, 0.7390517658089426, -0.14683329085011504, 0.021896587198302498, 0.7800289220249615, 0.7835301336135447, 0.8488598826158373], [0.8874577342965896, 0.8890200858169894, 0.8874577342965896, 0.872663777917724, 0.872663777917724, 0.9171880838292019, 0.9171880838292019, 1.0, 1.0, 0.894985847727635, 0.9432949916447696, 0.9381587275460731, 0.9330698896310035, 0.918189057902293, 0.9344875742754205, 0.9759363746674072, 0.6158133698074542, 0.26414079929017226, 0.8253467799680891, 0.7390517658089426, -0.14683329085011504, 0.021896587198302498, 0.7800289220249615, 0.7835301336135447, 0.8488598826158373], [0.9959229549732032, 0.9958797931895378, 0.9959229549732032, 0.9996095868146752, 0.9996095868146752, 0.9481114769285762, 0.9481114769285762, 0.894985847727635, 0.894985847727635, 1.0, 0.9871402547284355, 0.983429154321789, 0.9993782495544645, 0.9502970663678352, 0.9944200790532163, 0.9123120402127013, 0.8242284230536894, 0.08792913454395587, 0.9915526726560191, 0.7891302485883069, -0.17041160699023325, -0.31408257483049695, 0.8862266920488425, 0.9281489717253514, 0.9029617707105242], [0.9921299038719696, 0.9918289617911357, 0.9921299038719696, 0.9884972082970768, 0.9884972082970768, 0.9755577885000556, 0.9755577885000556, 0.9432949916447696, 0.9432949916447696, 0.9871402547284355, 1.0, 0.999652536682125, 0.9882960271094642, 0.9740650596928921, 0.98883618413585, 0.9257042486767016, 0.7890631298487729, 0.27764365461405494, 0.9873271472139905, 0.7113870832698064, -0.5607844699325619, 0.24092032828167612, 0.8543501781853063, 0.9290553579360237, 0.9544782234571509], [0.9918753521311758, 0.9911947559103191, 0.9918753521311758, 0.9846227045966216, 0.9846227045966216, 0.9744927590149984, 0.9744927590149984, 0.9381587275460731, 0.9381587275460731, 0.983429154321789, 0.999652536682125, 1.0, 0.9854420898840277, 0.9718640025477449, 0.9870977581341236, 0.9144959644072393, 0.8123816022580276, 0.16290214945109419, 0.9822292458271591, 0.7163946970146539, -0.8056552554667097, 0.284679407338197, 0.813938826916395, 0.9358598093201951, 0.9524130437476337], [0.9952544332266011, 0.9952021206512244, 0.9952544332266011, 0.9993286348301854, 0.9993286348301854, 0.9492426175716668, 0.9492426175716668, 0.9330698896310035, 0.9330698896310035, 0.9993782495544645, 0.9882960271094642, 0.9854420898840277, 1.0, 0.950867498746978, 0.9937091489557007, 0.9346092431360232, 0.825426419647709, 0.2784143265019513, 0.9950796357729206, 0.7533958545897398, -0.33376074149140783, 0.18666816113257909, 0.8777000810620454, 0.9060244378941356, 0.9331312193696151], [0.9698204349101507, 0.9689577609607012, 0.9698204349101507, 0.9518841829211259, 0.9518841829211259, 0.9989524540405419, 0.9989524540405419, 0.918189057902293, 0.918189057902293, 0.9502970663678352, 0.9740650596928921, 0.9718640025477449, 0.950867498746978, 1.0, 0.9725838716799052, 0.9183143029674908, 0.7488927970041939, 0.18320781312846673, 0.9419484102907381, 0.720959476695399, -0.26590397622961537, -0.2007024204960865, 0.9089169968023044, 0.9190729467440715, 0.9158318192913981], [0.9987799134224532, 0.998784683555226, 0.9987799134224532, 0.9946074644328694, 0.9946074644328694, 0.9702734912781764, 0.9702734912781764, 0.9344875742754205, 0.9344875742754205, 0.9944200790532163, 0.98883618413585, 0.9870977581341236, 0.9937091489557007, 0.9725838716799052, 1.0, 0.9463840026462315, 0.832803060902519, 0.2859319213867976, 0.9868393438742249, 0.739187794368267, -0.32569382821183723, 0.19713417065114006, 0.9069504284960391, 0.9261508344123759, 0.9388961769382973], [0.9290672416752712, 0.9297915234565308, 0.9290672416752712, 0.9127741388899602, 0.9127741388899602, 0.9194100830590883, 0.9194100830590883, 0.9759363746674072, 0.9759363746674072, 0.9123120402127013, 0.9257042486767016, 0.9144959644072393, 0.9346092431360232, 0.9183143029674908, 0.9463840026462315, 1.0, 0.7645671903917886, 0.2160849254604125, 0.8760567095422427, 0.7157848609231462, -0.055799469433212505, -0.23560173087833777, 0.8172564987609103, 0.8387576579209002, 0.8299355354978841], [0.8066497566068109, 0.8149317929475888, 0.8066497566068109, 0.7832389768971929, 0.7832389768971929, 0.6748224433653287, 0.6748224433653287, 0.6158133698074542, 0.6158133698074542, 0.8242284230536894, 0.7890631298487729, 0.8123816022580276, 0.825426419647709, 0.7488927970041939, 0.832803060902519, 0.7645671903917886, 1.0, 0.5316941571606912, 0.7372413251951544, 0.7742985684186576, 0.510721467988847, -0.5814316426903693, 0.25804002241626994, 0.8268906662195434, 0.6474724775521516], [0.27968504375384556, 0.41177293768974066, 0.27968504375384556, 0.2546493377332923, 0.2546493377332923, 0.2157903184583879, 0.2157903184583879, 0.26414079929017226, 0.26414079929017226, 0.08792913454395587, 0.27764365461405494, 0.16290214945109419, 0.2784143265019513, 0.18320781312846673, 0.2859319213867976, 0.2160849254604125, 0.5316941571606912, 1.0, 0.26081210308721975, 0.5704509167761346, 0.38107202091216774, 0.5536979874711959, 0.026627587253934843, 0.4255775725127943, 0.39811081667465753], [0.9773749257966585, 0.9698977133955615, 0.9773749257966585, 0.9885354564352591, 0.9885354564352591, 0.9280940729951155, 0.9280940729951155, 0.8253467799680891, 0.8253467799680891, 0.9915526726560191, 0.9873271472139905, 0.9822292458271591, 0.9950796357729206, 0.9419484102907381, 0.9868393438742249, 0.8760567095422427, 0.7372413251951544, 0.26081210308721975, 1.0, 0.7341696686070842, 0.03334437081122569, -0.3475632045710593, 0.6691395102986055, 0.9169593904752789, 0.9065179052326238], [0.7998647818742006, 0.7715704848038499, 0.7998647818742006, 0.792384277168133, 0.792384277168133, 0.7242670477193677, 0.7242670477193677, 0.7390517658089426, 0.7390517658089426, 0.7891302485883069, 0.7113870832698064, 0.7163946970146539, 0.7533958545897398, 0.720959476695399, 0.739187794368267, 0.7157848609231462, 0.7742985684186576, 0.5704509167761346, 0.7341696686070842, 1.0, 0.2234989466220538, -0.0441396040684832, 0.22488464167920422, 0.8259819585435286, 0.7363498371988746], [0.11822691372307723, 0.12622072742614956, 0.11822691372307723, 0.09136405813816238, 0.09136405813816238, -0.1146717269777252, -0.1146717269777252, -0.14683329085011504, -0.14683329085011504, -0.17041160699023325, -0.5607844699325619, -0.8056552554667097, -0.33376074149140783, -0.26590397622961537, -0.32569382821183723, -0.055799469433212505, 0.510721467988847, 0.38107202091216774, 0.03334437081122569, 0.2234989466220538, 1.0, -0.09379690115426013, -0.15543569393870194, 0.11207011785172644, -0.08030810766378545], [-0.27720308518504083, -0.27680198674719075, -0.27720308518504083, -0.2819106750525059, -0.2819106750525059, -0.12656056047432748, -0.12656056047432748, 0.021896587198302498, 0.021896587198302498, -0.31408257483049695, 0.24092032828167612, 0.284679407338197, 0.18666816113257909, -0.2007024204960865, 0.19713417065114006, -0.23560173087833777, -0.5814316426903693, 0.5536979874711959, -0.3475632045710593, -0.0441396040684832, -0.09379690115426013, 1.0, -0.059875395647546084, -0.34570624326013505, -0.0741794981481422], [0.7602658353358991, 0.654686914865429, 0.7602658353358991, 0.7703696228347074, 0.7703696228347074, 0.8708453426766785, 0.8708453426766785, 0.7800289220249615, 0.7800289220249615, 0.8862266920488425, 0.8543501781853063, 0.813938826916395, 0.8777000810620454, 0.9089169968023044, 0.9069504284960391, 0.8172564987609103, 0.25804002241626994, 0.026627587253934843, 0.6691395102986055, 0.22488464167920422, -0.15543569393870194, -0.059875395647546084, 1.0, 0.529514228586126, 0.7302124219000841], [0.9458984933311119, 0.9466528540032016, 0.9458984933311119, 0.9340660878332352, 0.9340660878332352, 0.8989487865850719, 0.8989487865850719, 0.7835301336135447, 0.7835301336135447, 0.9281489717253514, 0.9290553579360237, 0.9358598093201951, 0.9060244378941356, 0.9190729467440715, 0.9261508344123759, 0.8387576579209002, 0.8268906662195434, 0.4255775725127943, 0.9169593904752789, 0.8259819585435286, 0.11207011785172644, -0.34570624326013505, 0.529514228586126, 1.0, 0.8792756810434004], [0.9169061049821433, 0.9230715221042928, 0.9169061049821433, 0.9167902254611141, 0.9167902254611141, 0.9190235318495403, 0.9190235318495403, 0.8488598826158373, 0.8488598826158373, 0.9029617707105242, 0.9544782234571509, 0.9524130437476337, 0.9331312193696151, 0.9158318192913981, 0.9388961769382973, 0.8299355354978841, 0.6474724775521516, 0.39811081667465753, 0.9065179052326238, 0.7363498371988746, -0.08030810766378545, -0.0741794981481422, 0.7302124219000841, 0.8792756810434004, 1.0]], "x": ["^TAIEX       \u81fa\u7063\u52a0\u6b0a\u5831\u916c\u6307\u6578", "^TWII        \u81fa\u7063\u52a0\u6b0a\u6307\u6578", "^TAIEXx2     \u81fa\u7063\u52a0\u6b0a\u5831\u916c\u6307\u6578_\u65e5\u6b632", "^TAI50I      \u81fa\u706350\u5831\u916c\u6307\u6578", "^TAI50Ix2    \u81fa\u706350\u5831\u916c\u6307\u6578_\u65e5\u6b632", "^TAI100I     \u81fa\u7063\u4e2d\u578b100\u5831\u916c\u6307\u6578", "^TAI100Ix2   \u81fa\u7063\u4e2d\u578b100\u5831\u916c\u6307\u6578_\u65e5\u6b632", "^TAIDIVIDI   \u81fa\u7063\u9ad8\u80a1\u606f\u5831\u916c\u6307\u6578", "^TAIDIVIDIx2 \u81fa\u7063\u9ad8\u80a1\u606f\u5831\u916c\u6307\u6578_\u65e5\u6b632", "0050         \u5143\u5927\u81fa\u706350", "00631L       \u5143\u5927\u53f0\u706350\u6b632", "00675L       \u5bcc\u90a6\u81fa\u7063\u52a0\u6b0a\u6b632", "006208       \u5bcc\u90a6\u53f050", "0051         \u5143\u5927\u4e2d\u578b100", "006204       \u6c38\u8c50\u81fa\u7063\u52a0\u6b0a", "0056         \u5143\u5927\u9ad8\u80a1\u606f", "2412         \u4e2d\u83ef\u96fb\u4fe1", "2002         \u4e2d\u92fc", "2330         \u53f0\u7a4d\u96fb", "2317         \u9d3b\u6d77", "6505         \u53f0\u5851\u77f3\u5316", "3481         \u7fa4\u5275", "2303         \u806f\u96fb", "2308         \u53f0\u9054\u96fb", "2454         \u806f\u767c\u79d1"], "y": ["^TAIEX       \u81fa\u7063\u52a0\u6b0a\u5831\u916c\u6307\u6578", "^TWII        \u81fa\u7063\u52a0\u6b0a\u6307\u6578", "^TAIEXx2     \u81fa\u7063\u52a0\u6b0a\u5831\u916c\u6307\u6578_\u65e5\u6b632", "^TAI50I      \u81fa\u706350\u5831\u916c\u6307\u6578", "^TAI50Ix2    \u81fa\u706350\u5831\u916c\u6307\u6578_\u65e5\u6b632", "^TAI100I     \u81fa\u7063\u4e2d\u578b100\u5831\u916c\u6307\u6578", "^TAI100Ix2   \u81fa\u7063\u4e2d\u578b100\u5831\u916c\u6307\u6578_\u65e5\u6b632", "^TAIDIVIDI   \u81fa\u7063\u9ad8\u80a1\u606f\u5831\u916c\u6307\u6578", "^TAIDIVIDIx2 \u81fa\u7063\u9ad8\u80a1\u606f\u5831\u916c\u6307\u6578_\u65e5\u6b632", "0050         \u5143\u5927\u81fa\u706350", "00631L       \u5143\u5927\u53f0\u706350\u6b632", "00675L       \u5bcc\u90a6\u81fa\u7063\u52a0\u6b0a\u6b632", "006208       \u5bcc\u90a6\u53f050", "0051         \u5143\u5927\u4e2d\u578b100", "006204       \u6c38\u8c50\u81fa\u7063\u52a0\u6b0a", "0056         \u5143\u5927\u9ad8\u80a1\u606f", "2412         \u4e2d\u83ef\u96fb\u4fe1", "2002         \u4e2d\u92fc", "2330         \u53f0\u7a4d\u96fb", "2317         \u9d3b\u6d77", "6505         \u53f0\u5851\u77f3\u5316", "3481         \u7fa4\u5275", "2303         \u806f\u96fb", "2308         \u53f0\u9054\u96fb", "2454         \u806f\u767c\u79d1"], "zmin": -1, "zmax": 1, "colorbar": {"x": -0.2}}], "layout": {"title": {"text": "<b>Correlation of Close<b><br><i>2016/09/23 ~ 2025/04/22<i>", "y": 0.05, "font": {"family": "Times New Roman"}, "x": 0.05}, "xaxis": {"side": "top", "tickangle": -90, "gridcolor": "rgba(0, 0, 0, 0)", "tickfont": {"family": "Courier New", "size": 14}, "automargin": true}, "yaxis": {"side": "right", "gridcolor": "rgba(0, 0, 0, 0)", "tickfont": {"family": "Courier New"}, "automargin": true}, "height": 600, "font": {"family": "Courier New", "color": "#ffffff"}, "plot_bgcolor": "#000", "paper_bgcolor": "#000"}};

Plotly.newPlot("correlationClose",
    correlationClose.data,
    correlationClose.layout || {},
    config);