var element=document.getElementById("correlationAdjClose");if(element.style.display!='none'){var correlationAdjClose={"data":[{"type":"heatmap","z":[[1.0,0.9961391810564482,0.9616385165402855,0.9964560247121917,0.9306211248926811,0.9874788263749645,0.9626426310315281,0.9817744227470131,0.9794214069539973,0.9965915815640054,0.9963673782489082,0.9966802345090771,0.8458440974993128,0.987795661814646,0.9964641429776615,0.9882830452375386,0.9997608988425352,0.9813366908038175,0.8905822068538767,0.900577506353577,0.6218637450924696,0.9845416649066064,0.942886838195096,0.296234337784953,-0.24837548636891935,0.9106375550883724,0.8927067256062939,0.9651873137777552,0.9534713050172031,0.9524386444914846,0.9830037755454419,0.9527579321898297,0.9134973253755415,0.9753471986913155,0.9812298282449753,0.9618028922242607],[0.9961391810564482,1.0,0.9631635909391404,0.993287357125459,0.9330208943405235,0.9840578553467643,0.96152547510938,0.9732291550591726,0.9739713018506011,0.9943706539308141,0.9959637031461885,0.9955355433887174,0.8520851668648044,0.9888901811261132,0.9960171918496699,0.9840275171814844,0.997944953583906,0.9746811567957795,0.9037362395526344,0.8899073762530265,0.646854461432673,0.9741139930026412,0.9262729906611492,0.29336446360312846,-0.18810690585849055,0.8927251326748925,0.8944261139835575,0.9659380425136233,0.9360184586451534,0.940569443807652,0.9758411706383545,0.9387035057467521,0.9121922321389788,0.9662933703309832,0.9746543673209718,0.9568605183686505],[0.9616385165402855,0.9631635909391404,1.0,0.9774417847140655,0.9937364786017928,0.9548662382186299,0.9796311545043723,0.9154215922581765,0.9528935670467339,0.9774314993182138,0.9843655120473952,0.9813995450377189,0.8716148312476606,0.9972109627227762,0.9843882175502456,0.9524776725371769,0.9730681807059243,0.9155256439101259,0.8112818903572984,0.7672312789526549,0.450083099921675,0.9874166727146152,0.9087296419218838,0.12044192721030478,-0.15415957730832675,0.8651380626126046,0.9587685768909053,0.9586168155475376,0.8436512804210687,0.8537318346206968,0.9499430955111662,0.8474740690604824,0.804295986616666,0.9120180117027223,0.9613833165820058,0.8999213024702861],[0.9964560247121917,0.993287357125459,0.9774417847140655,1.0,0.9542355008696823,0.9789712294512997,0.9647221981009884,0.9673993713278204,0.9733802157467423,0.9999789509340176,0.9999943786473444,0.9999718337657245,0.8546565450044621,0.9919544180448246,0.9999639152653785,0.9773065774512355,0.9959822381881761,0.9666180611732746,0.8664340358655854,0.8736411180897429,0.573962488663918,0.9948281988681942,0.9424958235991451,0.25736268613658503,-0.23089178294974821,0.8983976433073635,0.9164692648105286,0.9675225782178102,0.9306651772697387,0.9371294674287762,0.9829020960728315,0.9309414432125223,0.8871883918399085,0.9651787644964573,0.9795214370355926,0.9489287837681193],[0.9306211248926811,0.9330208943405235,0.9937364786017928,0.9542355008696823,1.0,0.917361303127578,0.9560422463298363,0.8708271346936901,0.9176770893542042,0.9547120170636445,0.9653938372457698,0.9613548563105254,0.8645701203619862,0.9833881169738444,0.9654462561354772,0.9143666773275305,0.945030129921942,0.8709247085255477,0.7590862154682504,0.7154678016764447,0.3867754056478152,0.9715770950748509,0.8810589002855851,0.0830581424110995,-0.13326674867973,0.8185215712117967,0.9724438827870399,0.9317929191087753,0.7886090179142845,0.8068419067242216,0.9216418272409025,0.7943553198168383,0.7436645401225437,0.8704157990485678,0.9310297385913971,0.8566386795515446],[0.9874788263749645,0.9840578553467643,0.9548662382186299,0.9789712294512997,0.917361303127578,1.0,0.9806451939552524,0.9804625212350855,0.9862714623262033,0.9785706211947948,0.9733192936986382,0.9765499583079197,0.8291460430800536,0.9605638820483171,0.9733450569964943,0.9999189018802396,0.9891128369511702,0.9811913489895038,0.8983939315779353,0.866841250969111,0.5923448112304986,0.9696661617389721,0.9217768101137983,0.1860106751092333,-0.18575720202132995,0.938067678898298,0.8673617927535441,0.9672162475391651,0.9430386721581987,0.930694397071887,0.9670461183214581,0.9434019317612293,0.9281360926884578,0.961767414434398,0.98380611727853,0.9647165186224953],[0.9626426310315281,0.96152547510938,0.9796311545043723,0.9647221981009884,0.9560422463298363,0.9806451939552524,1.0,0.9416461590454307,0.9793470263219932,0.9638294319344057,0.9724015923010251,0.969091576199558,0.8561257263519721,0.9810576790056277,0.9720640139781223,0.9817913329589371,0.978001861357649,0.9439787156942817,0.8488859656234111,0.7781280820331415,0.466527089062967,0.9683038764829295,0.913738086151585,0.05337907370901219,-0.121420317223536,0.8948928386327889,0.9085428618186328,0.9648872327930605,0.8697599377477697,0.8583054281830292,0.9479131828931616,0.8713780145811729,0.8566381444533248,0.922064595581845,0.9748045381646522,0.9195639619931182],[0.9817744227470131,0.9732291550591726,0.9154215922581765,0.9673993713278204,0.8708271346936901,0.9804625212350855,0.9416461590454307,1.0,0.9834161351598745,0.9673328906675729,0.9612903296505423,0.9661164742692252,0.7909706501896544,0.9320014756721196,0.9617647324825741,0.9823474528470194,0.9783646584870456,0.9998975791610896,0.9320379102771867,0.9318946157835022,0.5798075973434881,0.9510082208718759,0.9148061334841536,0.16391778551981132,-0.27935791354120176,0.919525649490382,0.8030632480729536,0.9419120652652854,0.9753459895133229,0.9601221220594118,0.967738711829488,0.9662106967892268,0.9327558089776118,0.9682247621428309,0.9587339144578276,0.9720336340250363],[0.9794214069539973,0.9739713018506011,0.9528935670467339,0.9733802157467423,0.9176770893542042,0.9862714623262033,0.9793470263219932,0.9834161351598745,1.0,0.9728211313124879,0.9678098513425709,0.971229578356668,0.8215735987861877,0.9502114934089423,0.967687343975108,0.9855416442128088,0.9780083473172018,0.9829924856697907,0.9028321307056867,0.8650329523909089,0.48683630594351684,0.9675301956896929,0.9327558370095448,0.026631765255145826,-0.19882255584450728,0.9011588343854477,0.8458764250642433,0.9676333804550822,0.9282382673823576,0.9092883904781294,0.9692997602191639,0.9204544953521056,0.8901151769645889,0.9563125432210154,0.9779293398578495,0.9414623426679566],[0.9965915815640054,0.9943706539308141,0.9774314993182138,0.9999789509340176,0.9547120170636445,0.9785706211947948,0.9638294319344057,0.9673328906675729,0.9728211313124879,1.0,0.9999937275535968,0.9999854819227071,0.8555477628975001,0.9919867686635941,0.9999663257214406,0.9769628780850292,0.9958727388401784,0.9664405853061441,0.8676520696837872,0.8744175434207084,0.5670141790532294,0.9950605083670442,0.9427233685709525,0.2609693046112516,-0.2296333099134772,0.898725467102738,0.91481103871007,0.96659884811848,0.9293702168482683,0.9355224890427161,0.9821985951003916,0.9295933387561289,0.8849152655575896,0.9638756886038616,0.9789842874749352,0.9478757092553817],[0.9963673782489082,0.9959637031461885,0.9843655120473952,0.9999943786473444,0.9653938372457698,0.9733192936986382,0.9724015923010251,0.9612903296505423,0.9678098513425709,0.9999937275535968,1.0,0.9999793597909481,0.8557690178030664,0.9919618151903922,0.9999681630507486,0.9727911267743956,0.995730937025915,0.9615971963150145,0.8827661678039759,0.9034384576642852,0.40844229910627733,0.9977610599288071,0.9316024537273103,-0.20886220375765302,0.5326596689109164,0.8883034010211497,0.9004642701951142,0.9657533040037102,0.9111753135208681,0.9155152890159309,0.9765160985635543,0.9037010283128573,0.8455456489915526,0.9516371342579358,0.9847658142423731,0.9455548412886426],[0.9966802345090771,0.9955355433887174,0.9813995450377189,0.9999718337657245,0.9613548563105254,0.9765499583079197,0.969091576199558,0.9661164742692252,0.971229578356668,0.9999854819227071,0.9999793597909481,1.0,0.8556380936335157,0.9919898240212632,0.9999758891744538,0.9761564026619,0.9957904611612494,0.9658710592720099,0.8747744550881392,0.8923901314192003,0.49015361880223335,0.9968766474571275,0.9406222484654707,-0.0068281452500222346,-0.087286127977653,0.9036472473074636,0.9066389362391942,0.9632616872596106,0.9198426875317309,0.9243449375665759,0.9795122034757423,0.9179138307844755,0.8729259222103163,0.9591703605396854,0.9790047804727541,0.9494354009256135],[0.8458440974993128,0.8520851668648044,0.8716148312476606,0.8546565450044621,0.8645701203619862,0.8291460430800536,0.8561257263519721,0.7909706501896544,0.8215735987861877,0.8555477628975001,0.8557690178030664,0.8556380936335157,1.0,0.999845145429405,0.8554245793800185,0.8292868301044156,0.8478682063630497,0.7923672154185936,0.710390039705225,0.6964157392491757,0.23402733895942954,0.8568297302376593,0.7959468836935998,-0.49033919147172433,0.5130171195681125,0.7245696704007599,0.8303532085536088,0.8428597233107372,0.7172525469816442,0.7144934499808056,0.8244108158438697,0.705061645547723,0.6367087383307384,0.7965618918174189,0.8419299552910432,0.7928805968876742],[0.987795661814646,0.9888901811261132,0.9972109627227762,0.9919544180448246,0.9833881169738444,0.9605638820483171,0.9810576790056277,0.9320014756721196,0.9502114934089423,0.9919867686635941,0.9919618151903922,0.9919898240212632,0.999845145429405,1.0,0.9919987101059986,0.9595532620101708,0.9874720888990305,0.9321665573739492,0.8303521213867752,0.8842975854308246,0.15090199989644387,0.9888630854214073,0.9019903269664923,-0.7020031075504016,0.5445506540535671,0.8277516569968072,0.9352179456133712,0.953046908557962,0.8490292675935921,0.8603089966819374,0.9513174454677752,0.8567149909947416,0.7499627314493941,0.9145470740322464,0.970774109534552,0.9287190268136248],[0.9964641429776615,0.9960171918496699,0.9843882175502456,0.9999639152653785,0.9654462561354772,0.9733450569964943,0.9720640139781223,0.9617647324825741,0.967687343975108,0.9999663257214406,0.9999681630507486,0.9999758891744538,0.8554245793800185,0.9919987101059986,1.0,0.9728888801677482,0.9958143795490458,0.961947049183505,0.8834047552194776,0.904927916144533,0.41173089368211885,0.9975843443258019,0.931512464077404,-0.20563323348215884,0.5300862192251834,0.8882017302415202,0.8997697260443122,0.9660131887636305,0.9127672998929944,0.9169357046672523,0.9765729451261496,0.9052900409138682,0.847755631556671,0.9522409561023741,0.9847357674500163,0.9463292528967894],[0.9882830452375386,0.9840275171814844,0.9524776725371769,0.9773065774512355,0.9143666773275305,0.9999189018802396,0.9817913329589371,0.9823474528470194,0.9855416442128088,0.9769628780850292,0.9727911267743956,0.9761564026619,0.8292868301044156,0.9595532620101708,0.9728888801677482,1.0,0.9889874296766937,0.9815684733398653,0.9012464886638387,0.891110037085276,0.5696836358291609,0.9671964951744149,0.9174585573557998,0.035243660122157947,-0.1403823948434151,0.9431477012116058,0.8559150904083285,0.9657569968686688,0.9458449248152583,0.9283105054880675,0.9643540529927161,0.9445564442263257,0.9255769905111146,0.9637564914334842,0.9829613530813425,0.9679197598658534],[0.9997608988425352,0.997944953583906,0.9730681807059243,0.9959822381881761,0.945030129921942,0.9891128369511702,0.978001861357649,0.9783646584870456,0.9780083473172018,0.9958727388401784,0.995730937025915,0.9957904611612494,0.8478682063630497,0.9874720888990305,0.9958143795490458,0.9889874296766937,1.0,0.9786088409158136,0.9098086057466481,0.9226984419485886,0.4803234511649414,0.9891475759771416,0.9293129661918004,-0.15124999379743373,0.5422270880458522,0.9184963555330892,0.8779985655123288,0.9697787447202346,0.9401310790486419,0.9340082222499274,0.9771156568303068,0.9323309723536104,0.8893726988032415,0.9659571463709613,0.9903367918469843,0.9670200794630017],[0.9813366908038175,0.9746811567957795,0.9155256439101259,0.9666180611732746,0.8709247085255477,0.9811913489895038,0.9439787156942817,0.9998975791610896,0.9829924856697907,0.9664405853061441,0.9615971963150145,0.9658710592720099,0.7923672154185936,0.9321665573739492,0.961947049183505,0.9815684733398653,0.9786088409158136,1.0,0.9347598923512165,0.9380960725456772,0.5762630545012308,0.9492508120893839,0.917692834544244,0.12689102076951572,-0.24116078733070692,0.9235546503347232,0.7985341992484231,0.9432099273920987,0.9758821084092929,0.9596689750487958,0.9660934912052149,0.9651420628828357,0.9322674941987384,0.9674667299608556,0.9569443290745241,0.9728359837567228],[0.8905822068538767,0.9037362395526344,0.8112818903572984,0.8664340358655854,0.7590862154682504,0.8983939315779353,0.8488859656234111,0.9320379102771867,0.9028321307056867,0.8676520696837872,0.8827661678039759,0.8747744550881392,0.710390039705225,0.8303521213867752,0.8834047552194776,0.9012464886638387,0.9098086057466481,0.9347598923512165,1.0,0.8434550356515803,0.6639495938444643,0.8362181403971719,0.8205294408057797,0.21746134910429557,-0.13580608875433672,0.8707279732075714,0.6770979003447382,0.8539386729661982,0.9008961227088749,0.871717286690954,0.8562456003437686,0.88276156494813,0.8663207176267932,0.8666309949514504,0.8691265475780573,0.900035836715324],[0.900577506353577,0.8899073762530265,0.7672312789526549,0.8736411180897429,0.7154678016764447,0.866841250969111,0.7781280820331415,0.9318946157835022,0.8650329523909089,0.8744175434207084,0.9034384576642852,0.8923901314192003,0.6964157392491757,0.8842975854308246,0.904927916144533,0.891110037085276,0.9226984419485886,0.9380960725456772,0.8434550356515803,1.0,0.8104605603954863,0.8212556025058347,0.868649239520588,0.6000367312477425,-0.4982639483325979,0.7372966537185476,0.7093075397054764,0.804956342830404,0.9622719415207682,0.9414291065880547,0.8859499675219842,0.9507027078135437,0.9072953712641452,0.9031449244813352,0.8408053441107302,0.8858840241503433],[0.6218637450924696,0.646854461432673,0.450083099921675,0.573962488663918,0.3867754056478152,0.5923448112304986,0.466527089062967,0.5798075973434881,0.48683630594351684,0.5670141790532294,0.40844229910627733,0.49015361880223335,0.23402733895942954,0.15090199989644387,0.41173089368211885,0.5696836358291609,0.4803234511649414,0.5762630545012308,0.6639495938444643,0.8104605603954863,1.0,0.5123994742829712,0.6513966934265735,0.7216555751925497,-0.11567875243464815,0.5160385259869449,0.43362911833034584,0.5505941615269526,0.7554229453264281,0.6784849481638288,0.5664364213100008,0.7138824511704235,0.7421271048843998,0.6300286131115183,0.5741384035865225,0.6361025753060221],[0.9845416649066064,0.9741139930026412,0.9874166727146152,0.9948281988681942,0.9715770950748509,0.9696661617389721,0.9683038764829295,0.9510082208718759,0.9675301956896929,0.9950605083670442,0.9977610599288071,0.9968766474571275,0.8568297302376593,0.9888630854214073,0.9975843443258019,0.9671964951744149,0.9891475759771416,0.9492508120893839,0.8362181403971719,0.8212556025058347,0.5123994742829712,1.0,0.9186500420203673,0.1899888138775481,-0.21709251889600142,0.8798800091671247,0.9312646516899652,0.9670679119751269,0.8918134387804042,0.9115321785117982,0.9737667865759616,0.9009800144441474,0.8528310318289803,0.9485948066259535,0.9669000929175751,0.9281939513669086],[0.942886838195096,0.9262729906611492,0.9087296419218838,0.9424958235991451,0.8810589002855851,0.9217768101137983,0.913738086151585,0.9148061334841536,0.9327558370095448,0.9427233685709525,0.9316024537273103,0.9406222484654707,0.7959468836935998,0.9019903269664923,0.931512464077404,0.9174585573557998,0.9293129661918004,0.917692834544244,0.8205294408057797,0.868649239520588,0.6513966934265735,0.9186500420203673,1.0,0.25030802869560415,-0.1642183763960354,0.7588051475577557,0.8403173109500321,0.9083726568618993,0.9006738621384468,0.8726255217764316,0.9453628391029109,0.8809411025272705,0.8436184461069903,0.9402974343423113,0.9026655503824629,0.8814137372782102],[0.296234337784953,0.29336446360312846,0.12044192721030478,0.25736268613658503,0.0830581424110995,0.1860106751092333,0.05337907370901219,0.16391778551981132,0.026631765255145826,0.2609693046112516,-0.20886220375765302,-0.0068281452500222346,-0.49033919147172433,-0.7020031075504016,-0.20563323348215884,0.035243660122157947,-0.15124999379743373,0.12689102076951572,0.21746134910429557,0.6000367312477425,0.7216555751925497,0.1899888138775481,0.25030802869560415,1.0,-0.37955753084410115,0.22797312354781332,0.1309471542717009,0.13023797269637039,0.4295564775722814,0.41529444784755426,0.24296893806225914,0.440488786406189,0.3794908322162349,0.28772581294263344,0.19681442779789135,0.3168039407966904],[-0.24837548636891935,-0.18810690585849055,-0.15415957730832675,-0.23089178294974821,-0.13326674867973,-0.18575720202132995,-0.121420317223536,-0.27935791354120176,-0.19882255584450728,-0.2296333099134772,0.5326596689109164,-0.087286127977653,0.5130171195681125,0.5445506540535671,0.5300862192251834,-0.1403823948434151,0.5422270880458522,-0.24116078733070692,-0.13580608875433672,-0.4982639483325979,-0.11567875243464815,-0.21709251889600142,-0.1642183763960354,-0.37955753084410115,1.0,-0.13907979287880118,-0.154863851864039,-0.14931119984417737,-0.36647710086569224,-0.3506523201938599,-0.2682392642403201,-0.32387619187242606,-0.2007502679594965,-0.3119380973626319,-0.15015692744058376,-0.2794392607008132],[0.9106375550883724,0.8927251326748925,0.8651380626126046,0.8983976433073635,0.8185215712117967,0.938067678898298,0.8948928386327889,0.919525649490382,0.9011588343854477,0.898725467102738,0.8883034010211497,0.9036472473074636,0.7245696704007599,0.8277516569968072,0.8882017302415202,0.9431477012116058,0.9184963555330892,0.9235546503347232,0.8707279732075714,0.7372966537185476,0.5160385259869449,0.8798800091671247,0.7588051475577557,0.22797312354781332,-0.13907979287880118,1.0,0.7524484687268306,0.8996762268085334,0.8343841650640698,0.8783890325694024,0.8547799530380413,0.8829888161830606,0.8700950015361253,0.8777990360830863,0.8865275534291819,0.913281365404357],[0.8927067256062939,0.8944261139835575,0.9587685768909053,0.9164692648105286,0.9724438827870399,0.8673617927535441,0.9085428618186328,0.8030632480729536,0.8458764250642433,0.91481103871007,0.9004642701951142,0.9066389362391942,0.8303532085536088,0.9352179456133712,0.8997697260443122,0.8559150904083285,0.8779985655123288,0.7985341992484231,0.6770979003447382,0.7093075397054764,0.43362911833034584,0.9312646516899652,0.8403173109500321,0.1309471542717009,-0.154863851864039,0.7524484687268306,1.0,0.8757664814172299,0.7551246615869884,0.7680674509651341,0.8744210035996938,0.7544157586392698,0.7051328327441407,0.8215394143443339,0.880374519454222,0.8175431949085025],[0.9651873137777552,0.9659380425136233,0.9586168155475376,0.9675225782178102,0.9317929191087753,0.9672162475391651,0.9648872327930605,0.9419120652652854,0.9676333804550822,0.96659884811848,0.9657533040037102,0.9632616872596106,0.8428597233107372,0.953046908557962,0.9660131887636305,0.9657569968686688,0.9697787447202346,0.9432099273920987,0.8539386729661982,0.804956342830404,0.5505941615269526,0.9670679119751269,0.9083726568618993,0.13023797269637039,-0.14931119984417737,0.8996762268085334,0.8757664814172299,1.0,0.8914662432373598,0.8872954076108465,0.9493501545798033,0.8828312907490465,0.8623454560317705,0.9418541516230471,0.9751692654412889,0.9054920839387122],[0.9534713050172031,0.9360184586451534,0.8436512804210687,0.9306651772697387,0.7886090179142845,0.9430386721581987,0.8697599377477697,0.9753459895133229,0.9282382673823576,0.9293702168482683,0.9111753135208681,0.9198426875317309,0.7172525469816442,0.8490292675935921,0.9127672998929944,0.9458449248152583,0.9401310790486419,0.9758821084092929,0.9008961227088749,0.9622719415207682,0.7554229453264281,0.8918134387804042,0.9006738621384468,0.4295564775722814,-0.36647710086569224,0.8343841650640698,0.7551246615869884,0.8914662432373598,1.0,0.9868637964896043,0.9441680320428112,0.9912458321884905,0.9564141906460596,0.9591797609863336,0.9007432196631031,0.9607366073954992],[0.9524386444914846,0.940569443807652,0.8537318346206968,0.9371294674287762,0.8068419067242216,0.930694397071887,0.8583054281830292,0.9601221220594118,0.9092883904781294,0.9355224890427161,0.9155152890159309,0.9243449375665759,0.7144934499808056,0.8603089966819374,0.9169357046672523,0.9283105054880675,0.9340082222499274,0.9596689750487958,0.871717286690954,0.9414291065880547,0.6784849481638288,0.9115321785117982,0.8726255217764316,0.41529444784755426,-0.3506523201938599,0.8783890325694024,0.7680674509651341,0.8872954076108465,0.9868637964896043,1.0,0.9443851125066225,0.9857536052184088,0.9567664833741389,0.9463403078110337,0.9183665011388815,0.9628784120460506],[0.9830037755454419,0.9758411706383545,0.9499430955111662,0.9829020960728315,0.9216418272409025,0.9670461183214581,0.9479131828931616,0.967738711829488,0.9692997602191639,0.9821985951003916,0.9765160985635543,0.9795122034757423,0.8244108158438697,0.9513174454677752,0.9765729451261496,0.9643540529927161,0.9771156568303068,0.9660934912052149,0.8562456003437686,0.8859499675219842,0.5664364213100008,0.9737667865759616,0.9453628391029109,0.24296893806225914,-0.2682392642403201,0.8547799530380413,0.8744210035996938,0.9493501545798033,0.9441680320428112,0.9443851125066225,1.0,0.9403639658147557,0.893520583489334,0.9750426699353758,0.971064676083403,0.9529916940633826],[0.9527579321898297,0.9387035057467521,0.8474740690604824,0.9309414432125223,0.7943553198168383,0.9434019317612293,0.8713780145811729,0.9662106967892268,0.9204544953521056,0.9295933387561289,0.9037010283128573,0.9179138307844755,0.705061645547723,0.8567149909947416,0.9052900409138682,0.9445564442263257,0.9323309723536104,0.9651420628828357,0.88276156494813,0.9507027078135437,0.7138824511704235,0.9009800144441474,0.8809411025272705,0.440488786406189,-0.32387619187242606,0.8829888161830606,0.7544157586392698,0.8828312907490465,0.9912458321884905,0.9857536052184088,0.9403639658147557,1.0,0.9744915499868649,0.9498670124665689,0.9246582718252089,0.9603606321145054],[0.9134973253755415,0.9121922321389788,0.804295986616666,0.8871883918399085,0.7436645401225437,0.9281360926884578,0.8566381444533248,0.9327558089776118,0.8901151769645889,0.8849152655575896,0.8455456489915526,0.8729259222103163,0.6367087383307384,0.7499627314493941,0.847755631556671,0.9255769905111146,0.8893726988032415,0.9322674941987384,0.8663207176267932,0.9072953712641452,0.7421271048843998,0.8528310318289803,0.8436184461069903,0.3794908322162349,-0.2007502679594965,0.8700950015361253,0.7051328327441407,0.8623454560317705,0.9564141906460596,0.9567664833741389,0.893520583489334,0.9744915499868649,1.0,0.9075536529792958,0.9025247288015384,0.9418590793510087],[0.9753471986913155,0.9662933703309832,0.9120180117027223,0.9651787644964573,0.8704157990485678,0.961767414434398,0.922064595581845,0.9682247621428309,0.9563125432210154,0.9638756886038616,0.9516371342579358,0.9591703605396854,0.7965618918174189,0.9145470740322464,0.9522409561023741,0.9637564914334842,0.9659571463709613,0.9674667299608556,0.8666309949514504,0.9031449244813352,0.6300286131115183,0.9485948066259535,0.9402974343423113,0.28772581294263344,-0.3119380973626319,0.8777990360830863,0.8215394143443339,0.9418541516230471,0.9591797609863336,0.9463403078110337,0.9750426699353758,0.9498670124665689,0.9075536529792958,1.0,0.9563142967772046,0.9508843068993665],[0.9812298282449753,0.9746543673209718,0.9613833165820058,0.9795214370355926,0.9310297385913971,0.98380611727853,0.9748045381646522,0.9587339144578276,0.9779293398578495,0.9789842874749352,0.9847658142423731,0.9790047804727541,0.8419299552910432,0.970774109534552,0.9847357674500163,0.9829613530813425,0.9903367918469843,0.9569443290745241,0.8691265475780573,0.8408053441107302,0.5741384035865225,0.9669000929175751,0.9026655503824629,0.19681442779789135,-0.15015692744058376,0.8865275534291819,0.880374519454222,0.9751692654412889,0.9007432196631031,0.9183665011388815,0.971064676083403,0.9246582718252089,0.9025247288015384,0.9563142967772046,1.0,0.9357612472278757],[0.9618028922242607,0.9568605183686505,0.8999213024702861,0.9489287837681193,0.8566386795515446,0.9647165186224953,0.9195639619931182,0.9720336340250363,0.9414623426679566,0.9478757092553817,0.9455548412886426,0.9494354009256135,0.7928805968876742,0.9287190268136248,0.9463292528967894,0.9679197598658534,0.9670200794630017,0.9728359837567228,0.900035836715324,0.8858840241503433,0.6361025753060221,0.9281939513669086,0.8814137372782102,0.3168039407966904,-0.2794392607008132,0.913281365404357,0.8175431949085025,0.9054920839387122,0.9607366073954992,0.9628784120460506,0.9529916940633826,0.9603606321145054,0.9418590793510087,0.9508843068993665,0.9357612472278757,1.0]],"x":["^TAIEX       \u81fa\u7063\u52a0\u6b0a\u5831\u916c\u6307\u6578","^TWII        \u81fa\u7063\u52a0\u6b0a\u6307\u6578","^TAIEXx2     \u81fa\u7063\u52a0\u6b0a\u5831\u916c\u6307\u6578_\u65e5\u6b632","^TAI50I      \u81fa\u706350\u5831\u916c\u6307\u6578","^TAI50Ix2    \u81fa\u706350\u5831\u916c\u6307\u6578_\u65e5\u6b632","^TAI100I     \u81fa\u7063\u4e2d\u578b100\u5831\u916c\u6307\u6578","^TAI100Ix2   \u81fa\u7063\u4e2d\u578b100\u5831\u916c\u6307\u6578_\u65e5\u6b632","^TAIDIVIDI   \u81fa\u7063\u9ad8\u80a1\u606f\u5831\u916c\u6307\u6578","^TAIDIVIDIx2 \u81fa\u7063\u9ad8\u80a1\u606f\u5831\u916c\u6307\u6578_\u65e5\u6b632","0050Fund     \u5143\u5927\u53f0\u7063\u5353\u8d8a50\u57fa\u91d1","006208Fund   \u5bcc\u90a6\u53f0\u7063\u91c6\u540950\u57fa\u91d1","0050         \u5143\u5927\u81fa\u706350","00631L       \u5143\u5927\u53f0\u706350\u6b632","00675L       \u5bcc\u90a6\u81fa\u7063\u52a0\u6b0a\u6b632","006208       \u5bcc\u90a6\u53f050","0051         \u5143\u5927\u4e2d\u578b100","006204       \u6c38\u8c50\u81fa\u7063\u52a0\u6b0a","0056         \u5143\u5927\u9ad8\u80a1\u606f","0056         \u5143\u5927\u9ad8\u80a1\u606f_\u80a1\u606f\u4e0d\u6295\u5165","2412         \u4e2d\u83ef\u96fb\u4fe1","2002         \u4e2d\u92fc","2330         \u53f0\u7a4d\u96fb","2317         \u9d3b\u6d77","6505         \u53f0\u5851\u77f3\u5316","3481         \u7fa4\u5275","2303         \u806f\u96fb","2308         \u53f0\u9054\u96fb","2454         \u806f\u767c\u79d1","2886         \u5146\u8c50\u91d1","2884         \u7389\u5c71\u91d1","2891         \u4e2d\u4fe1\u91d1","2892         \u7b2c\u4e00\u91d1","5880         \u5408\u5eab\u91d1","2881         \u5bcc\u90a6\u91d1","2885         \u5143\u5927\u91d1","2887         \u53f0\u65b0\u91d1"],"y":["^TAIEX       \u81fa\u7063\u52a0\u6b0a\u5831\u916c\u6307\u6578","^TWII        \u81fa\u7063\u52a0\u6b0a\u6307\u6578","^TAIEXx2     \u81fa\u7063\u52a0\u6b0a\u5831\u916c\u6307\u6578_\u65e5\u6b632","^TAI50I      \u81fa\u706350\u5831\u916c\u6307\u6578","^TAI50Ix2    \u81fa\u706350\u5831\u916c\u6307\u6578_\u65e5\u6b632","^TAI100I     \u81fa\u7063\u4e2d\u578b100\u5831\u916c\u6307\u6578","^TAI100Ix2   \u81fa\u7063\u4e2d\u578b100\u5831\u916c\u6307\u6578_\u65e5\u6b632","^TAIDIVIDI   \u81fa\u7063\u9ad8\u80a1\u606f\u5831\u916c\u6307\u6578","^TAIDIVIDIx2 \u81fa\u7063\u9ad8\u80a1\u606f\u5831\u916c\u6307\u6578_\u65e5\u6b632","0050Fund     \u5143\u5927\u53f0\u7063\u5353\u8d8a50\u57fa\u91d1","006208Fund   \u5bcc\u90a6\u53f0\u7063\u91c6\u540950\u57fa\u91d1","0050         \u5143\u5927\u81fa\u706350","00631L       \u5143\u5927\u53f0\u706350\u6b632","00675L       \u5bcc\u90a6\u81fa\u7063\u52a0\u6b0a\u6b632","006208       \u5bcc\u90a6\u53f050","0051         \u5143\u5927\u4e2d\u578b100","006204       \u6c38\u8c50\u81fa\u7063\u52a0\u6b0a","0056         \u5143\u5927\u9ad8\u80a1\u606f","0056         \u5143\u5927\u9ad8\u80a1\u606f_\u80a1\u606f\u4e0d\u6295\u5165","2412         \u4e2d\u83ef\u96fb\u4fe1","2002         \u4e2d\u92fc","2330         \u53f0\u7a4d\u96fb","2317         \u9d3b\u6d77","6505         \u53f0\u5851\u77f3\u5316","3481         \u7fa4\u5275","2303         \u806f\u96fb","2308         \u53f0\u9054\u96fb","2454         \u806f\u767c\u79d1","2886         \u5146\u8c50\u91d1","2884         \u7389\u5c71\u91d1","2891         \u4e2d\u4fe1\u91d1","2892         \u7b2c\u4e00\u91d1","5880         \u5408\u5eab\u91d1","2881         \u5bcc\u90a6\u91d1","2885         \u5143\u5927\u91d1","2887         \u53f0\u65b0\u91d1"],"zmin":-1,"zmax":1,"colorbar":{"x":-0.2}}],"layout":{"autotypenumbers":"strict","colorway":["#636efa","#EF553B","#00cc96","#ab63fa","#FFA15A","#19d3f3","#FF6692","#B6E880","#FF97FF","#FECB52"],"font":{"color":"#f2f5fa","family":"Courier New"},"hovermode":"closest","hoverlabel":{"align":"left"},"paper_bgcolor":"rgb(17,17,17)","plot_bgcolor":"rgb(17,17,17)","polar":{"bgcolor":"rgb(17,17,17)","angularaxis":{"gridcolor":"#506784","linecolor":"#506784","ticks":""},"radialaxis":{"gridcolor":"#506784","linecolor":"#506784","ticks":""}},"ternary":{"bgcolor":"rgb(17,17,17)","aaxis":{"gridcolor":"#506784","linecolor":"#506784","ticks":""},"baxis":{"gridcolor":"#506784","linecolor":"#506784","ticks":""},"caxis":{"gridcolor":"#506784","linecolor":"#506784","ticks":""}},"coloraxis":{"colorbar":{"outlinewidth":0,"ticks":""}},"colorscale":{"sequential":[[0.0,"#0d0887"],[0.1111111111111111,"#46039f"],[0.2222222222222222,"#7201a8"],[0.3333333333333333,"#9c179e"],[0.4444444444444444,"#bd3786"],[0.5555555555555556,"#d8576b"],[0.6666666666666666,"#ed7953"],[0.7777777777777778,"#fb9f3a"],[0.8888888888888888,"#fdca26"],[1.0,"#f0f921"]],"sequentialminus":[[0.0,"#0d0887"],[0.1111111111111111,"#46039f"],[0.2222222222222222,"#7201a8"],[0.3333333333333333,"#9c179e"],[0.4444444444444444,"#bd3786"],[0.5555555555555556,"#d8576b"],[0.6666666666666666,"#ed7953"],[0.7777777777777778,"#fb9f3a"],[0.8888888888888888,"#fdca26"],[1.0,"#f0f921"]],"diverging":[[0,"#8e0152"],[0.1,"#c51b7d"],[0.2,"#de77ae"],[0.3,"#f1b6da"],[0.4,"#fde0ef"],[0.5,"#f7f7f7"],[0.6,"#e6f5d0"],[0.7,"#b8e186"],[0.8,"#7fbc41"],[0.9,"#4d9221"],[1,"#276419"]]},"xaxis":{"gridcolor":"rgba(0, 0, 0, 0)","linecolor":"#506784","ticks":"","title":{"standoff":15},"zerolinecolor":"#283442","automargin":true,"zerolinewidth":2,"tickfont":{"family":"Courier New","size":14},"side":"top","tickangle":-90},"yaxis":{"gridcolor":"rgba(0, 0, 0, 0)","linecolor":"#506784","ticks":"","title":{"standoff":15},"zerolinecolor":"#283442","automargin":true,"zerolinewidth":2,"tickfont":{"family":"Courier New"},"side":"right"},"scene":{"xaxis":{"backgroundcolor":"rgb(17,17,17)","gridcolor":"#506784","linecolor":"#506784","showbackground":true,"ticks":"","zerolinecolor":"#C8D4E3","gridwidth":2},"yaxis":{"backgroundcolor":"rgb(17,17,17)","gridcolor":"#506784","linecolor":"#506784","showbackground":true,"ticks":"","zerolinecolor":"#C8D4E3","gridwidth":2},"zaxis":{"backgroundcolor":"rgb(17,17,17)","gridcolor":"#506784","linecolor":"#506784","showbackground":true,"ticks":"","zerolinecolor":"#C8D4E3","gridwidth":2}},"shapedefaults":{"line":{"color":"#f2f5fa"}},"annotationdefaults":{"arrowcolor":"#f2f5fa","arrowhead":0,"arrowwidth":1},"geo":{"bgcolor":"rgb(17,17,17)","landcolor":"rgb(17,17,17)","subunitcolor":"#506784","showland":true,"showlakes":true,"lakecolor":"rgb(17,17,17)"},"title":{"x":0.05,"font":{"family":"Times New Roman"},"y":0.05,"text":"<b>Correlation of Adj Close<b><br><i>2016-09-23 ~ 2026-05-07<i>"},"updatemenudefaults":{"bgcolor":"#506784","borderwidth":0},"sliderdefaults":{"bgcolor":"#C8D4E3","borderwidth":1,"bordercolor":"rgb(17,17,17)","tickwidth":0},"mapbox":{"style":"dark"},"annotations":[{"text":"<b>@zwindr<b>","textangle":0,"opacity":0.5,"font":{"color":"white","size":12},"xref":"paper","yref":"paper","xanchor":"left","yanchor":"bottom","x":1.0,"y":1.0,"showarrow":false}]},"config":{"responsive":true,"toImageButtonOptions":{"filename":"Correlation of Adj Close_2016-09-23~2026-05-07","scale":5}}};Plotly.newPlot("correlationAdjClose",correlationAdjClose.data,correlationAdjClose.layout||{},correlationAdjClose.config);}else{console.log("style display is none => correlationAdjClose");}