var element=document.getElementById("correlationAdjClose");if(element.style.display!='none'){var correlationAdjClose={"data":[{"type":"heatmap","z":[[1.0,0.9941610837330801,0.9771377302303399,0.9975677384478115,0.9643787364385363,0.9819478478669772,-0.9448833425991437,0.9900862826389435,0.9710622441877593,0.9971582737535437,0.9971404186423235,0.9976327806204028,0.9934634722052247,0.9941597779992115,0.997162634999129,0.9842408784994731,0.9996786920599133,0.9900789023369588,0.9208795680486229,0.7337303931255518,0.9853779056751877,0.9232032079132273,0.42804306728333213,-0.3038561984233756,0.9008564583803702,0.9701238802694053,0.9558305522456207,0.9803187175402226,0.9647666431217419,0.9758373792150176,0.9723965784283238,0.9456668979372255,0.9803055606949981,0.9710697883775464,0.9545349975605032],[0.9941610837330801,1.0,0.9724888514370432,0.9913360239505055,0.9596676600415812,0.9774927721552834,-0.9401473786709121,0.9812806043193804,0.9642612262983656,0.995216800742183,0.9950593261099863,0.9943513044414335,0.9925161722772649,0.9918389737988044,0.995028148622825,0.9784146180293516,0.9967456213670975,0.9839252035848093,0.9101083888399464,0.7469087599040781,0.9673088688963405,0.9029232889372368,0.4282651930912307,-0.22927992832962812,0.8755826153806989,0.9584492073426932,0.9551513661623681,0.9586742712413064,0.9509893757570185,0.9656549311639001,0.9569382613269942,0.943718624697755,0.9693370153859163,0.9612315905298425,0.9484993592807897],[0.9771377302303399,0.9724888514370432,1.0,0.9835451908949339,0.9958683037920829,0.9787040444244489,-0.9763078676549436,0.9698776292187422,0.9838908688837924,0.989147677796004,0.9898408053624458,0.986343576551195,0.9969928683182459,0.9967881875490874,0.9895727884534097,0.9772050296926827,0.9878568654791097,0.9697304439855519,0.8291501287456666,0.6217569381631777,0.9905713277380885,0.9150976859622986,0.2621779004579517,-0.22757565665907295,0.9040571772095692,0.9447402418169789,0.9800000068224505,0.9304073166592048,0.9134679855972229,0.9653274782622994,0.9207081969393891,0.9062889053487422,0.9670854370924443,0.9742394606645414,0.9231072209787471],[0.9975677384478115,0.9913360239505055,0.9835451908949339,1.0,0.9764988660558209,0.9741567226502302,-0.9400114039745247,0.9841684304595834,0.9684932485383831,0.9999720238254591,0.9999897353054724,0.9999581112699512,0.9916329262895818,0.9896291539326234,0.9999438527574532,0.9737933284213601,0.996025729400362,0.9839677585596168,0.9066905893713623,0.7025082788659891,0.993444997436366,0.9250052918986763,0.4023446511330692,-0.2950231196451239,0.8979834500551126,0.9671946854251037,0.9621657992789026,0.9710584875022212,0.961866785156781,0.9782558878665458,0.9624978176057349,0.9341754447309847,0.9783177329420567,0.9696953037715151,0.9457418580681306],[0.9643787364385363,0.9596676600415812,0.9958683037920829,0.9764988660558209,1.0,0.9578386675185486,-0.9577494500784454,0.9539095968813713,0.9709717985519992,0.9849851218551767,0.985731303679377,0.9817381859733056,0.9859305830928746,0.9823193874903889,0.9853487380760452,0.955217951163159,0.9754655763250574,0.9536598719909773,0.8079423492417718,0.5843130448921262,0.9895439152667728,0.911094820952018,0.23580484902486368,-0.22040357888750114,0.8835734026725681,0.9336335058311056,0.9771465879965111,0.9095541920535689,0.8994369064273039,0.9593955347405622,0.8986824150929309,0.8793153870764192,0.9563717697087076,0.9621095885618752,0.8986586084867649],[0.9819478478669772,0.9774927721552834,0.9787040444244489,0.9741567226502302,0.9578386675185486,1.0,-0.9812280001862493,0.9810394510549567,0.980359158210924,0.9691283160797343,0.9694408646778043,0.9721220808798133,0.9773108486733183,0.9753060054347853,0.9692423137977929,0.9999037065124969,0.9863119460349418,0.9820694650382987,0.863920659091131,0.7006535582716453,0.9675103596436012,0.8941183984697835,0.2955470701657065,-0.21706924223982085,0.935816336177617,0.9514824540365135,0.9603523358759994,0.9582322313083114,0.9291859369994631,0.9525483141282556,0.9524418914687793,0.9550745819044048,0.9577159604874134,0.9768882484388006,0.9554495403542584],[-0.9448833425991437,-0.9401473786709121,-0.9763078676549436,-0.9400114039745247,-0.9577494500784454,-0.9812280001862493,1.0,-0.9529017099309373,-0.9839118661105984,-0.9497408929640881,-0.9509000810215913,-0.9462995553494192,-0.9747918115963221,-0.9763593419171446,-0.950447624615266,-0.9842194575415804,-0.9657238478830563,-0.9557477853118044,-0.7785666030517328,-0.5987797139520019,-0.9447506643943523,-0.885845150834851,-0.15397609295226924,0.15240855275389303,-0.9037320773209859,-0.9133266206427473,-0.9585731544131543,-0.9010444295310381,-0.8617852345310238,-0.9269336122468063,-0.8926264440778434,-0.9099048821520873,-0.9275627765014562,-0.9646155477276465,-0.9100131068976153],[0.9900862826389435,0.9812806043193804,0.9698776292187422,0.9841684304595834,0.9539095968813713,0.9810394510549567,-0.9529017099309373,1.0,0.9828014139816681,0.979989580085751,0.9799182985515947,0.9831360026295659,0.9763125375402137,0.9754097814368797,0.9799658974472164,0.9829004994584865,0.9878028951152457,0.9998724825207929,0.924630461336573,0.6678085285505008,0.9736281317973506,0.8969249320567595,0.28350654495626393,-0.31208854949342957,0.905433712240908,0.948390261305405,0.9388753922019756,0.9780719009788047,0.9534364040837009,0.9682764756809357,0.9633267889009175,0.9362521737412495,0.9599157977167418,0.9582003194810612,0.9653937107716704],[0.9710622441877593,0.9642612262983656,0.9838908688837924,0.9684932485383831,0.9709717985519992,0.980359158210924,-0.9839118661105984,0.9828014139816681,1.0,0.9640999526292974,0.9647264676796239,0.9665682370037473,0.9736774823924306,0.9708353692675524,0.9644559754449744,0.9794075304192547,0.9711363103047301,0.9821008035444815,0.8528525194807509,0.5919639847790146,0.9681895400840054,0.9085459666137152,0.1413327989864949,-0.2317486224137965,0.8863636475230815,0.929343793185556,0.9611218186483784,0.9344473640002928,0.8975391355789973,0.9571673911523944,0.9177237212980595,0.9038090249954799,0.9465998941684335,0.9700555332744021,0.923387254056611],[0.9971582737535437,0.995216800742183,0.989147677796004,0.9999720238254591,0.9849851218551767,0.9691283160797343,-0.9497408929640881,0.979989580085751,0.9640999526292974,1.0,0.9999879486866601,0.9999826780029415,0.9914820001167598,0.9894466146277504,0.9999491734100998,0.9694528167514854,0.9956334583604696,0.980929709752173,0.9323085192875854,0.6203466772386562,0.9967630762854669,0.9039798072195732,-0.03877479857752777,0.42361895843808356,0.9126834280273161,0.9485965975753261,0.9672375792976531,0.9624280910278215,0.9445488095662221,0.9665687092980302,0.9424786200801725,0.9195922153533068,0.9661396799161108,0.9804747680347657,0.9422196967975186],[0.9971404186423235,0.9950593261099863,0.9898408053624458,0.9999897353054724,0.985731303679377,0.9694408646778043,-0.9509000810215913,0.9799182985515947,0.9647264676796239,0.9999879486866601,1.0,0.999972190766802,0.9916596271579043,0.9896215076010562,0.9999531963238756,0.9697371849903723,0.9956729255924879,0.980829275006534,0.9315290732383523,0.6165015237410505,0.9970499934540514,0.9032822291689636,-0.05359450528967464,0.4190938736059696,0.9118753319740679,0.9483632801345697,0.9680938310754378,0.9619294117581438,0.9432994167902244,0.966677654516316,0.9414627543213115,0.9182847777352985,0.9663257512117653,0.9809731565023174,0.9414990618194905],[0.9976327806204028,0.9943513044414335,0.986343576551195,0.9999581112699512,0.9817381859733056,0.9721220808798133,-0.9462995553494192,0.9831360026295659,0.9665682370037473,0.9999826780029415,0.999972190766802,1.0,0.9914381275542119,0.9893624995760819,0.9999623451522099,0.9724082036710989,0.9958167754945197,0.9836383414765845,0.9229408490008983,0.6689211692377022,0.9959529716127975,0.9193319499398724,0.16177526393535166,-0.19691777513422568,0.9208578347411195,0.9587309830513255,0.9572149798599392,0.9655439488523667,0.9527927775194341,0.972968861912273,0.9531789889396545,0.9325707714479406,0.973105705168224,0.9680551724320813,0.9511690560907955],[0.9934634722052247,0.9925161722772649,0.9969928683182459,0.9916329262895818,0.9859305830928746,0.9773108486733183,-0.9747918115963221,0.9763125375402137,0.9736774823924306,0.9914820001167598,0.9916596271579043,0.9914381275542119,1.0,0.9996943630764957,0.9916104466505663,0.9779510210129042,0.9937688938564357,0.9775765890711402,0.9146300391913785,0.5587580431299023,0.9863964115537169,0.8954381186332366,-0.3342334452492204,0.44537169374563873,0.9026904771595783,0.9448689983568216,0.9782555772991378,0.9456513049156224,0.9070364678159702,0.9477515395493106,0.9164580644968418,0.8899068990068931,0.9644882103398397,0.9801335856542742,0.934437411500709],[0.9941597779992115,0.9918389737988044,0.9967881875490874,0.9896291539326234,0.9823193874903889,0.9753060054347853,-0.9763593419171446,0.9754097814368797,0.9708353692675524,0.9894466146277504,0.9896215076010562,0.9893624995760819,0.9996943630764957,1.0,0.9896939598925532,0.9759814277290513,0.9943061063149401,0.9769122148922608,0.9221579058969516,0.43633313773108806,0.9812962318352014,0.8849257481329934,-0.7181556699511263,0.4219263692585787,0.8748469418799606,0.9409442352790239,0.9776086939126957,0.9384466893571843,0.8901917397724577,0.9389072876045066,0.9140143417400455,0.868679877893391,0.9666074973417097,0.9784535543274491,0.9266888504740692],[0.997162634999129,0.995028148622825,0.9895727884534097,0.9999438527574532,0.9853487380760452,0.9692423137977929,-0.950447624615266,0.9799658974472164,0.9644559754449744,0.9999491734100998,0.9999531963238756,0.9999623451522099,0.9916104466505663,0.9896939598925532,1.0,0.9695990349057971,0.9956664722316059,0.980911888494546,0.9321809893510495,0.6174406130145568,0.9968736529070591,0.9032613626999585,-0.05034628247017064,0.4192891208643635,0.9118395668009149,0.9474030710587688,0.967418069975476,0.9622374443161592,0.9437940650016009,0.9666034274689315,0.9420865464923489,0.9189062831166094,0.966161572939354,0.980843115594219,0.9419620729889454],[0.9842408784994731,0.9784146180293516,0.9772050296926827,0.9737933284213601,0.955217951163159,0.9999037065124969,-0.9842194575415804,0.9829004994584865,0.9794075304192547,0.9694528167514854,0.9697371849903723,0.9724082036710989,0.9779510210129042,0.9759814277290513,0.9695990349057971,1.0,0.9866381845588025,0.982187891714784,0.8874794305087648,0.6994490126728391,0.9658758113410165,0.8893641815189995,0.16309707206086355,-0.19595397084763205,0.9441975246758283,0.9511774022112713,0.9570878594951961,0.9615521452766873,0.9260701047862981,0.9490652889852326,0.953330521601451,0.9544358403671377,0.9600604311649591,0.9763488947874033,0.9601694616746774],[0.9996786920599133,0.9967456213670975,0.9878568654791097,0.996025729400362,0.9754655763250574,0.9863119460349418,-0.9657238478830563,0.9878028951152457,0.9711363103047301,0.9956334583604696,0.9956729255924879,0.9958167754945197,0.9937688938564357,0.9943061063149401,0.9956664722316059,0.9866381845588025,1.0,0.9886075252329185,0.9378085183645708,0.6615345155212046,0.9889131907043155,0.8995418825998204,0.002313238808849167,0.44009055466298946,0.9324882379748323,0.9537853822881426,0.9655930505571372,0.9750532690558951,0.9483898359024382,0.964756038277954,0.9571713164316652,0.9427508147342746,0.9719549965194347,0.9850389423130184,0.9637332148002119],[0.9900789023369588,0.9839252035848093,0.9697304439855519,0.9839677585596168,0.9536598719909773,0.9820694650382987,-0.9557477853118044,0.9998724825207929,0.9821008035444815,0.980929709752173,0.980829275006534,0.9836383414765845,0.9775765890711402,0.9769122148922608,0.980911888494546,0.982187891714784,0.9886075252329185,1.0,0.9308423023604168,0.6666708519339415,0.9725763442473229,0.9016006887748779,0.2503394025442232,-0.29377311337486045,0.910791447086594,0.9466213481802954,0.9388320797933036,0.978512554201843,0.9527618936453031,0.9667415680646818,0.9617942238732872,0.9360701881573545,0.9591714718261601,0.9560845043129041,0.9665843655507204],[0.9208795680486229,0.9101083888399464,0.8291501287456666,0.9066905893713623,0.8079423492417718,0.863920659091131,-0.7785666030517328,0.924630461336573,0.8528525194807509,0.9323085192875854,0.9315290732383523,0.9229408490008983,0.9146300391913785,0.9221579058969516,0.9321809893510495,0.8874794305087648,0.9378085183645708,0.9308423023604168,1.0,0.8385945035435427,0.8583662820148504,0.8732666179220563,0.6788090310181429,-0.5318084803671566,0.7001449487457393,0.9088287336200633,0.8024904108361087,0.9576321991546872,0.9353663150872797,0.9009457662375487,0.9441744943539166,0.8946504617628342,0.8985434626291785,0.8462316367322555,0.8797947233850579],[0.7337303931255518,0.7469087599040781,0.6217569381631777,0.7025082788659891,0.5843130448921262,0.7006535582716453,-0.5987797139520019,0.6678085285505008,0.5919639847790146,0.6203466772386562,0.6165015237410505,0.6689211692377022,0.5587580431299023,0.43633313773108806,0.6174406130145568,0.6994490126728391,0.6615345155212046,0.6666708519339415,0.8385945035435427,1.0,0.6269280371311833,0.7398264862851387,0.729658299843797,-0.11654925047015123,0.5377118542882163,0.7333722714896931,0.6318514813183143,0.7882723013304522,0.7226268169198545,0.659263431961871,0.759630278713085,0.7627708861167147,0.6928175797651279,0.6568697641776295,0.6996294500710704],[0.9853779056751877,0.9673088688963405,0.9905713277380885,0.993444997436366,0.9895439152667728,0.9675103596436012,-0.9447506643943523,0.9736281317973506,0.9681895400840054,0.9967630762854669,0.9970499934540514,0.9959529716127975,0.9863964115537169,0.9812962318352014,0.9968736529070591,0.9658758113410165,0.9889131907043155,0.9725763442473229,0.8583662820148504,0.6269280371311833,1.0,0.896936520444244,0.3296723436630682,-0.28870572557010626,0.8842383816063948,0.9530536732465831,0.9709257092891087,0.9400327451122013,0.9448527684199671,0.9701221027359551,0.9405557332151102,0.9094790777208576,0.9686600955171505,0.9549643958956754,0.927164985677661],[0.9232032079132273,0.9029232889372368,0.9150976859622986,0.9250052918986763,0.911094820952018,0.8941183984697835,-0.885845150834851,0.8969249320567595,0.9085459666137152,0.9039798072195732,0.9032822291689636,0.9193319499398724,0.8954381186332366,0.8849257481329934,0.9032613626999585,0.8893641815189995,0.8995418825998204,0.9016006887748779,0.8732666179220563,0.7398264862851387,0.896936520444244,1.0,0.3758751645533976,-0.18961598809590163,0.7018081664374681,0.9187806971851801,0.8876314804928087,0.8979414107039965,0.8486301796110324,0.924146088872617,0.8679331365535444,0.8404518532410105,0.9216835403904003,0.8659719388864842,0.8479809639611422],[0.42804306728333213,0.4282651930912307,0.2621779004579517,0.4023446511330692,0.23580484902486368,0.2955470701657065,-0.15397609295226924,0.28350654495626393,0.1413327989864949,-0.03877479857752777,-0.05359450528967464,0.16177526393535166,-0.3342334452492204,-0.7181556699511263,-0.05034628247017064,0.16309707206086355,0.002313238808849167,0.2503394025442232,0.6788090310181429,0.729658299843797,0.3296723436630682,0.3758751645533976,1.0,-0.3921326159700324,0.2882560993972954,0.3941921192259376,0.21297572350987737,0.5066069417040661,0.5036735967672997,0.36303223589280803,0.5239315984456636,0.4367149762779929,0.3829794593941298,0.3034645016268994,0.41244471898005414],[-0.3038561984233756,-0.22927992832962812,-0.22757565665907295,-0.2950231196451239,-0.22040357888750114,-0.21706924223982085,0.15240855275389303,-0.31208854949342957,-0.2317486224137965,0.42361895843808356,0.4190938736059696,-0.19691777513422568,0.44537169374563873,0.4219263692585787,0.4192891208643635,-0.19595397084763205,0.44009055466298946,-0.29377311337486045,-0.5318084803671566,-0.11654925047015123,-0.28870572557010626,-0.18961598809590163,-0.3921326159700324,1.0,-0.14955430488528373,-0.3263265694808305,-0.17752080798502673,-0.38970481711598176,-0.3794383955082025,-0.32602600709578433,-0.3461921858261938,-0.2042106525596527,-0.35036717353941954,-0.17983761350967942,-0.317061503159347],[0.9008564583803702,0.8755826153806989,0.9040571772095692,0.8979834500551126,0.8835734026725681,0.935816336177617,-0.9037320773209859,0.905433712240908,0.8863636475230815,0.9126834280273161,0.9118753319740679,0.9208578347411195,0.9026904771595783,0.8748469418799606,0.9118395668009149,0.9441975246758283,0.9324882379748323,0.910791447086594,0.7001449487457393,0.5377118542882163,0.8842383816063948,0.7018081664374681,0.2882560993972954,-0.14955430488528373,1.0,0.8291403892506386,0.8846547741172782,0.8114594174935107,0.8590209849789863,0.8269540495299202,0.8667425428789752,0.8614893875763248,0.8568285246303284,0.8670847397668164,0.8948711094025694],[0.9701238802694053,0.9584492073426932,0.9447402418169789,0.9671946854251037,0.9336335058311056,0.9514824540365135,-0.9133266206427473,0.948390261305405,0.929343793185556,0.9485965975753261,0.9483632801345697,0.9587309830513255,0.9448689983568216,0.9409442352790239,0.9474030710587688,0.9511774022112713,0.9537853822881426,0.9466213481802954,0.9088287336200633,0.7333722714896931,0.9530536732465831,0.9187806971851801,0.3941921192259376,-0.3263265694808305,0.8291403892506386,1.0,0.9329777519099044,0.9547454655117756,0.9323309341740456,0.9445510051913936,0.9387399717656454,0.9094519209998555,0.9607472957981812,0.9239943144302186,0.9159612949790124],[0.9558305522456207,0.9551513661623681,0.9800000068224505,0.9621657992789026,0.9771465879965111,0.9603523358759994,-0.9585731544131543,0.9388753922019756,0.9611218186483784,0.9672375792976531,0.9680938310754378,0.9572149798599392,0.9782555772991378,0.9776086939126957,0.967418069975476,0.9570878594951961,0.9655930505571372,0.9388320797933036,0.8024904108361087,0.6318514813183143,0.9709257092891087,0.8876314804928087,0.21297572350987737,-0.17752080798502673,0.8846547741172782,0.9329777519099044,1.0,0.9046562949414257,0.8839856959718457,0.9388159613325305,0.8855809782587535,0.8844996344736603,0.9451144428802631,0.9711339329645495,0.884672233214225],[0.9803187175402226,0.9586742712413064,0.9304073166592048,0.9710584875022212,0.9095541920535689,0.9582322313083114,-0.9010444295310381,0.9780719009788047,0.9344473640002928,0.9624280910278215,0.9619294117581438,0.9655439488523667,0.9456513049156224,0.9384466893571843,0.9622374443161592,0.9615521452766873,0.9750532690558951,0.978512554201843,0.9576321991546872,0.7882723013304522,0.9400327451122013,0.8979414107039965,0.5066069417040661,-0.38970481711598176,0.8114594174935107,0.9547454655117756,0.9046562949414257,1.0,0.9856783807269928,0.964860991832415,0.9898402169147155,0.9509385746255761,0.9588872346157303,0.9118903887739894,0.9664403161898467],[0.9647666431217419,0.9509893757570185,0.9134679855972229,0.961866785156781,0.8994369064273039,0.9291859369994631,-0.8617852345310238,0.9534364040837009,0.8975391355789973,0.9445488095662221,0.9432994167902244,0.9527927775194341,0.9070364678159702,0.8901917397724577,0.9437940650016009,0.9260701047862981,0.9483898359024382,0.9527618936453031,0.9353663150872797,0.7226268169198545,0.9448527684199671,0.8486301796110324,0.5036735967672997,-0.3794383955082025,0.8590209849789863,0.9323309341740456,0.8839856959718457,0.9856783807269928,1.0,0.9502485977427847,0.9831080228366004,0.9548749881115028,0.935846197509501,0.9186549558166556,0.9615516123188349],[0.9758373792150176,0.9656549311639001,0.9653274782622994,0.9782558878665458,0.9593955347405622,0.9525483141282556,-0.9269336122468063,0.9682764756809357,0.9571673911523944,0.9665687092980302,0.966677654516316,0.972968861912273,0.9477515395493106,0.9389072876045066,0.9666034274689315,0.9490652889852326,0.964756038277954,0.9667415680646818,0.9009457662375487,0.659263431961871,0.9701221027359551,0.924146088872617,0.36303223589280803,-0.32602600709578433,0.8269540495299202,0.9445510051913936,0.9388159613325305,0.964860991832415,0.9502485977427847,1.0,0.952878327375767,0.9163249308147519,0.9758727799211867,0.9570486495362618,0.9420864201064774],[0.9723965784283238,0.9569382613269942,0.9207081969393891,0.9624978176057349,0.8986824150929309,0.9524418914687793,-0.8926264440778434,0.9633267889009175,0.9177237212980595,0.9424786200801725,0.9414627543213115,0.9531789889396545,0.9164580644968418,0.9140143417400455,0.9420865464923489,0.953330521601451,0.9571713164316652,0.9617942238732872,0.9441744943539166,0.759630278713085,0.9405557332151102,0.8679331365535444,0.5239315984456636,-0.3461921858261938,0.8667425428789752,0.9387399717656454,0.8855809782587535,0.9898402169147155,0.9831080228366004,0.952878327375767,1.0,0.9734202344854909,0.943406929711087,0.9362411015985852,0.9620143550557612],[0.9456668979372255,0.943718624697755,0.9062889053487422,0.9341754447309847,0.8793153870764192,0.9550745819044048,-0.9099048821520873,0.9362521737412495,0.9038090249954799,0.9195922153533068,0.9182847777352985,0.9325707714479406,0.8899068990068931,0.868679877893391,0.9189062831166094,0.9544358403671377,0.9427508147342746,0.9360701881573545,0.8946504617628342,0.7627708861167147,0.9094790777208576,0.8404518532410105,0.4367149762779929,-0.2042106525596527,0.8614893875763248,0.9094519209998555,0.8844996344736603,0.9509385746255761,0.9548749881115028,0.9163249308147519,0.9734202344854909,1.0,0.905959132614491,0.932137835837496,0.9529500849584277],[0.9803055606949981,0.9693370153859163,0.9670854370924443,0.9783177329420567,0.9563717697087076,0.9577159604874134,-0.9275627765014562,0.9599157977167418,0.9465998941684335,0.9661396799161108,0.9663257512117653,0.973105705168224,0.9644882103398397,0.9666074973417097,0.966161572939354,0.9600604311649591,0.9719549965194347,0.9591714718261601,0.8985434626291785,0.6928175797651279,0.9686600955171505,0.9216835403904003,0.3829794593941298,-0.35036717353941954,0.8568285246303284,0.9607472957981812,0.9451144428802631,0.9588872346157303,0.935846197509501,0.9758727799211867,0.943406929711087,0.905959132614491,1.0,0.9539444735076215,0.9403549307070039],[0.9710697883775464,0.9612315905298425,0.9742394606645414,0.9696953037715151,0.9621095885618752,0.9768882484388006,-0.9646155477276465,0.9582003194810612,0.9700555332744021,0.9804747680347657,0.9809731565023174,0.9680551724320813,0.9801335856542742,0.9784535543274491,0.980843115594219,0.9763488947874033,0.9850389423130184,0.9560845043129041,0.8462316367322555,0.6568697641776295,0.9549643958956754,0.8659719388864842,0.3034645016268994,-0.17983761350967942,0.8670847397668164,0.9239943144302186,0.9711339329645495,0.9118903887739894,0.9186549558166556,0.9570486495362618,0.9362411015985852,0.932137835837496,0.9539444735076215,1.0,0.9172663745544485],[0.9545349975605032,0.9484993592807897,0.9231072209787471,0.9457418580681306,0.8986586084867649,0.9554495403542584,-0.9100131068976153,0.9653937107716704,0.923387254056611,0.9422196967975186,0.9414990618194905,0.9511690560907955,0.934437411500709,0.9266888504740692,0.9419620729889454,0.9601694616746774,0.9637332148002119,0.9665843655507204,0.8797947233850579,0.6996294500710704,0.927164985677661,0.8479809639611422,0.41244471898005414,-0.317061503159347,0.8948711094025694,0.9159612949790124,0.884672233214225,0.9664403161898467,0.9615516123188349,0.9420864201064774,0.9620143550557612,0.9529500849584277,0.9403549307070039,0.9172663745544485,1.0]],"x":["^TAIEX       \u81fa\u7063\u52a0\u6b0a\u5831\u916c\u6307\u6578","^TWII        \u81fa\u7063\u52a0\u6b0a\u6307\u6578","^TAIEXx2     \u81fa\u7063\u52a0\u6b0a\u5831\u916c\u6307\u6578_\u65e5\u6b632","^TAI50I      \u81fa\u706350\u5831\u916c\u6307\u6578","^TAI50Ix2    \u81fa\u706350\u5831\u916c\u6307\u6578_\u65e5\u6b632","^TAI100I     \u81fa\u7063\u4e2d\u578b100\u5831\u916c\u6307\u6578","^TAI100Ix2   \u81fa\u7063\u4e2d\u578b100\u5831\u916c\u6307\u6578_\u65e5\u6b632","^TAIDIVIDI   \u81fa\u7063\u9ad8\u80a1\u606f\u5831\u916c\u6307\u6578","^TAIDIVIDIx2 \u81fa\u7063\u9ad8\u80a1\u606f\u5831\u916c\u6307\u6578_\u65e5\u6b632","0050Fund     \u5143\u5927\u53f0\u7063\u5353\u8d8a50\u57fa\u91d1","006208Fund   \u5bcc\u90a6\u53f0\u7063\u91c6\u540950\u57fa\u91d1","0050         \u5143\u5927\u81fa\u706350","00631L       \u5143\u5927\u53f0\u706350\u6b632","00675L       \u5bcc\u90a6\u81fa\u7063\u52a0\u6b0a\u6b632","006208       \u5bcc\u90a6\u53f050","0051         \u5143\u5927\u4e2d\u578b100","006204       \u6c38\u8c50\u81fa\u7063\u52a0\u6b0a","0056         \u5143\u5927\u9ad8\u80a1\u606f","2412         \u4e2d\u83ef\u96fb\u4fe1","2002         \u4e2d\u92fc","2330         \u53f0\u7a4d\u96fb","2317         \u9d3b\u6d77","6505         \u53f0\u5851\u77f3\u5316","3481         \u7fa4\u5275","2303         \u806f\u96fb","2308         \u53f0\u9054\u96fb","2454         \u806f\u767c\u79d1","2886         \u5146\u8c50\u91d1","2884         \u7389\u5c71\u91d1","2891         \u4e2d\u4fe1\u91d1","2892         \u7b2c\u4e00\u91d1","5880         \u5408\u5eab\u91d1","2881         \u5bcc\u90a6\u91d1","2885         \u5143\u5927\u91d1","2887         \u53f0\u65b0\u91d1"],"y":["^TAIEX       \u81fa\u7063\u52a0\u6b0a\u5831\u916c\u6307\u6578","^TWII        \u81fa\u7063\u52a0\u6b0a\u6307\u6578","^TAIEXx2     \u81fa\u7063\u52a0\u6b0a\u5831\u916c\u6307\u6578_\u65e5\u6b632","^TAI50I      \u81fa\u706350\u5831\u916c\u6307\u6578","^TAI50Ix2    \u81fa\u706350\u5831\u916c\u6307\u6578_\u65e5\u6b632","^TAI100I     \u81fa\u7063\u4e2d\u578b100\u5831\u916c\u6307\u6578","^TAI100Ix2   \u81fa\u7063\u4e2d\u578b100\u5831\u916c\u6307\u6578_\u65e5\u6b632","^TAIDIVIDI   \u81fa\u7063\u9ad8\u80a1\u606f\u5831\u916c\u6307\u6578","^TAIDIVIDIx2 \u81fa\u7063\u9ad8\u80a1\u606f\u5831\u916c\u6307\u6578_\u65e5\u6b632","0050Fund     \u5143\u5927\u53f0\u7063\u5353\u8d8a50\u57fa\u91d1","006208Fund   \u5bcc\u90a6\u53f0\u7063\u91c6\u540950\u57fa\u91d1","0050         \u5143\u5927\u81fa\u706350","00631L       \u5143\u5927\u53f0\u706350\u6b632","00675L       \u5bcc\u90a6\u81fa\u7063\u52a0\u6b0a\u6b632","006208       \u5bcc\u90a6\u53f050","0051         \u5143\u5927\u4e2d\u578b100","006204       \u6c38\u8c50\u81fa\u7063\u52a0\u6b0a","0056         \u5143\u5927\u9ad8\u80a1\u606f","2412         \u4e2d\u83ef\u96fb\u4fe1","2002         \u4e2d\u92fc","2330         \u53f0\u7a4d\u96fb","2317         \u9d3b\u6d77","6505         \u53f0\u5851\u77f3\u5316","3481         \u7fa4\u5275","2303         \u806f\u96fb","2308         \u53f0\u9054\u96fb","2454         \u806f\u767c\u79d1","2886         \u5146\u8c50\u91d1","2884         \u7389\u5c71\u91d1","2891         \u4e2d\u4fe1\u91d1","2892         \u7b2c\u4e00\u91d1","5880         \u5408\u5eab\u91d1","2881         \u5bcc\u90a6\u91d1","2885         \u5143\u5927\u91d1","2887         \u53f0\u65b0\u91d1"],"zmin":-1,"zmax":1,"colorbar":{"x":-0.2}}],"layout":{"autotypenumbers":"strict","colorway":["#636efa","#EF553B","#00cc96","#ab63fa","#FFA15A","#19d3f3","#FF6692","#B6E880","#FF97FF","#FECB52"],"font":{"color":"#f2f5fa","family":"Courier New"},"hovermode":"closest","hoverlabel":{"align":"left"},"paper_bgcolor":"rgb(17,17,17)","plot_bgcolor":"rgb(17,17,17)","polar":{"bgcolor":"rgb(17,17,17)","angularaxis":{"gridcolor":"#506784","linecolor":"#506784","ticks":""},"radialaxis":{"gridcolor":"#506784","linecolor":"#506784","ticks":""}},"ternary":{"bgcolor":"rgb(17,17,17)","aaxis":{"gridcolor":"#506784","linecolor":"#506784","ticks":""},"baxis":{"gridcolor":"#506784","linecolor":"#506784","ticks":""},"caxis":{"gridcolor":"#506784","linecolor":"#506784","ticks":""}},"coloraxis":{"colorbar":{"outlinewidth":0,"ticks":""}},"colorscale":{"sequential":[[0.0,"#0d0887"],[0.1111111111111111,"#46039f"],[0.2222222222222222,"#7201a8"],[0.3333333333333333,"#9c179e"],[0.4444444444444444,"#bd3786"],[0.5555555555555556,"#d8576b"],[0.6666666666666666,"#ed7953"],[0.7777777777777778,"#fb9f3a"],[0.8888888888888888,"#fdca26"],[1.0,"#f0f921"]],"sequentialminus":[[0.0,"#0d0887"],[0.1111111111111111,"#46039f"],[0.2222222222222222,"#7201a8"],[0.3333333333333333,"#9c179e"],[0.4444444444444444,"#bd3786"],[0.5555555555555556,"#d8576b"],[0.6666666666666666,"#ed7953"],[0.7777777777777778,"#fb9f3a"],[0.8888888888888888,"#fdca26"],[1.0,"#f0f921"]],"diverging":[[0,"#8e0152"],[0.1,"#c51b7d"],[0.2,"#de77ae"],[0.3,"#f1b6da"],[0.4,"#fde0ef"],[0.5,"#f7f7f7"],[0.6,"#e6f5d0"],[0.7,"#b8e186"],[0.8,"#7fbc41"],[0.9,"#4d9221"],[1,"#276419"]]},"xaxis":{"gridcolor":"rgba(0, 0, 0, 0)","linecolor":"#506784","ticks":"","title":{"standoff":15},"zerolinecolor":"#283442","automargin":true,"zerolinewidth":2,"tickfont":{"family":"Courier New","size":14},"side":"top","tickangle":-90},"yaxis":{"gridcolor":"rgba(0, 0, 0, 0)","linecolor":"#506784","ticks":"","title":{"standoff":15},"zerolinecolor":"#283442","automargin":true,"zerolinewidth":2,"tickfont":{"family":"Courier New"},"side":"right"},"scene":{"xaxis":{"backgroundcolor":"rgb(17,17,17)","gridcolor":"#506784","linecolor":"#506784","showbackground":true,"ticks":"","zerolinecolor":"#C8D4E3","gridwidth":2},"yaxis":{"backgroundcolor":"rgb(17,17,17)","gridcolor":"#506784","linecolor":"#506784","showbackground":true,"ticks":"","zerolinecolor":"#C8D4E3","gridwidth":2},"zaxis":{"backgroundcolor":"rgb(17,17,17)","gridcolor":"#506784","linecolor":"#506784","showbackground":true,"ticks":"","zerolinecolor":"#C8D4E3","gridwidth":2}},"shapedefaults":{"line":{"color":"#f2f5fa"}},"annotationdefaults":{"arrowcolor":"#f2f5fa","arrowhead":0,"arrowwidth":1},"geo":{"bgcolor":"rgb(17,17,17)","landcolor":"rgb(17,17,17)","subunitcolor":"#506784","showland":true,"showlakes":true,"lakecolor":"rgb(17,17,17)"},"title":{"x":0.05,"font":{"family":"Times New Roman"},"y":0.05,"text":"<b>Correlation of Adj Close<b><br><i>2016-09-23 ~ 2025-08-22<i>"},"updatemenudefaults":{"bgcolor":"#506784","borderwidth":0},"sliderdefaults":{"bgcolor":"#C8D4E3","borderwidth":1,"bordercolor":"rgb(17,17,17)","tickwidth":0},"mapbox":{"style":"dark"},"annotations":[{"text":"<b>@zwindr<b>","textangle":0,"opacity":0.5,"font":{"color":"white","size":12},"xref":"paper","yref":"paper","xanchor":"left","yanchor":"bottom","x":1.0,"y":1.0,"showarrow":false}]},"config":{"responsive":true,"toImageButtonOptions":{"filename":"Correlation of Adj Close_2016-09-23~2025-08-22","scale":5}}};Plotly.newPlot("correlationAdjClose",correlationAdjClose.data,correlationAdjClose.layout||{},correlationAdjClose.config);}else{console.log("style display is none => correlationAdjClose");}