var element=document.getElementById("correlationAdjClose");if(element.style.display!='none'){var correlationAdjClose={"data":[{"type":"heatmap","z":[[1.0,0.9961266284254136,0.9621028363793126,0.9964640571505163,0.9313350044129082,0.987389974664442,0.9625465736601586,0.9818755131435761,0.9793152885827512,0.9966004446694882,0.9963684415452577,0.9966860035332258,0.8447153356913193,0.9881627317122165,0.9964667862782612,0.9882517931237145,0.9997608325904404,0.9814473730264544,0.890479525441384,0.9010881141562889,0.623078917104609,0.9844929553418376,0.9427816287938434,0.29719666161949443,-0.24940734281891236,0.9102412960151773,0.8933009387963805,0.9659988926468104,0.9540623710065954,0.952911320058951,0.9830015380763151,0.9532535770175513,0.9142169818965978,0.9756006610446348,0.9811409966404974,0.9619162246303099],[0.9961266284254136,1.0,0.9635377908745411,0.993257186312467,0.9336515486083592,0.9840230024111698,0.9613886058978042,0.9734046652915928,0.9738457580547347,0.9943449051232002,0.9959397966272291,0.9955121679248495,0.8508816251744978,0.9891290778789004,0.9959939060173207,0.9840054806448364,0.9979481246885851,0.9748383821925897,0.9037694592341655,0.890523682935599,0.6480789601487675,0.9739899694880831,0.9261874888978561,0.2944705797739642,-0.1890954402135059,0.892199734887126,0.8950291594167584,0.9663056167474482,0.9366925902823966,0.9411507386521766,0.9758608608945742,0.9393275180308752,0.9130032244587198,0.9666463494463234,0.974531539543665,0.9570226054817009],[0.9621028363793126,0.9635377908745411,1.0,0.9777624980651067,0.9937410141777695,0.9561573157051408,0.9796131586006952,0.9164188788228036,0.9532227203679632,0.9777444456640788,0.9846666520045578,0.9817495359210342,0.8700806386798804,0.9971896324791582,0.9847311936511844,0.9531865695126439,0.9736487260236772,0.9166296411970816,0.8119826814056482,0.7689054199845418,0.4523187994018826,0.9877961469368342,0.9095454347973188,0.12154070080278741,-0.15569940734608764,0.864974046446845,0.9583743872891255,0.9581261352069601,0.8456676092261673,0.8555665903406638,0.950865836325048,0.8493163553857931,0.8065432039063881,0.9135576287751315,0.9617502547743197,0.9011254300832227],[0.9964640571505163,0.993257186312467,0.9777624980651067,1.0,0.9548082761731619,0.9789052363551917,0.964388252814653,0.9675787548238218,0.9732526011150745,0.9999788319028753,0.999994351025115,0.999971675526291,0.8533813457606336,0.9921648011380826,0.9999636853992271,0.9772834680892775,0.9959934574394564,0.9668108954108358,0.8663804324351403,0.874322950026788,0.5753207850732618,0.9947987909086397,0.9424947950090898,0.2583938114212935,-0.2320291182151491,0.8979524070629088,0.91687934934078,0.968014363767774,0.9314496987379535,0.9377986230312876,0.9829968092844629,0.9316174784781345,0.8881107290055172,0.9655873877853259,0.9794240472769482,0.9491532027016161],[0.9313350044129082,0.9336515486083592,0.9937410141777695,0.9548082761731619,1.0,0.9191594946943186,0.9561097853214374,0.8721232665144334,0.918157329279295,0.9552731495090727,0.965911071823195,0.96197460200558,0.8630097659478958,0.9832806982888428,0.9660367755868086,0.9153315120285678,0.9458772194635635,0.872363788897927,0.7600006164740635,0.7175312941503901,0.389164899265419,0.9722805221678837,0.8823099028825975,0.08411972585376676,-0.1349456112965447,0.8183942046777691,0.9720350475181472,0.9308492761832439,0.7910694337970202,0.8091579841780405,0.9229941410862889,0.7966256625309552,0.7463311941829944,0.872424901110267,0.9316265348472081,0.8582266960320203],[0.987389974664442,0.9840230024111698,0.9561573157051408,0.9789052363551917,0.9191594946943186,1.0,0.980834431730816,0.9805003757310107,0.9861694603387466,0.9785027668737795,0.9732469820702633,0.9765206014464268,0.828321764096118,0.9611499012603186,0.9733138074090575,0.9999186627701573,0.9890790332769281,0.9812043545917317,0.8982318018572304,0.8674130689869772,0.5946475567197167,0.9695099891719224,0.9212771368507746,0.18751105745152497,-0.18730895441473147,0.9375310345773479,0.8689498688499352,0.9690941492532672,0.943956130759235,0.931340860941025,0.9668485948188625,0.9441438382070901,0.9293967762775168,0.9620556830067235,0.9837023406678215,0.9648158382429745],[0.9625465736601586,0.9613886058978042,0.9796131586006952,0.964388252814653,0.9561097853214374,0.980834431730816,1.0,0.9424644876679125,0.9794582060253391,0.9634793673892973,0.972034097800915,0.9689168840616487,0.8546886700145654,0.9810143673274109,0.9718743028177886,0.9820056826792438,0.9780062668348805,0.9443848204349319,0.8490503775475717,0.7797966423986217,0.47004399832298155,0.9680115050845077,0.9139301791175372,0.05479419286597619,-0.12344596174532373,0.8940980571143268,0.9079208967944691,0.9647326208986527,0.8721797230341092,0.860253151136316,0.9483706376148836,0.8734967682561833,0.8596493457528976,0.9235923795954013,0.9747953885085863,0.9206041221872496],[0.9818755131435761,0.9734046652915928,0.9164188788228036,0.9675787548238218,0.8721232665144334,0.9805003757310107,0.9424644876679125,1.0,0.9835263983852718,0.9675152530350148,0.9614591176934039,0.9663338681537408,0.7905110398837383,0.9329852961336371,0.961981897241111,0.9823693930734325,0.9784595588888959,0.9998975656021708,0.9318798113236847,0.9319966641730134,0.580687629626289,0.9511070844314468,0.9145565301273646,0.16463915477189417,-0.28005297537175616,0.9193139395907908,0.8041259965219814,0.9436750835696586,0.9755423297693028,0.960230912332892,0.9676542340863952,0.9663335303853932,0.9330386401546388,0.9681924098736563,0.958783701499187,0.9719833594927006],[0.9793152885827512,0.9738457580547347,0.9532227203679632,0.9732526011150745,0.918157329279295,0.9861694603387466,0.9794582060253391,0.9835263983852718,1.0,0.9726909668917332,0.9676467360195911,0.9711051763092099,0.8204648118288506,0.9504641000357815,0.967544029943756,0.9854871578862994,0.9778877450311897,0.983078539198625,0.9027537497148225,0.8654302048931222,0.48817986781738837,0.9673678749016817,0.9325838675981232,0.027358434852407083,-0.19974256652508887,0.9007206419449555,0.8458989649275238,0.9684927401570179,0.928852013149028,0.9097306001231009,0.969253286253457,0.9209358636923317,0.890902414470487,0.9565504204731725,0.9778145540610441,0.9415606083056398],[0.9966004446694882,0.9943449051232002,0.9777444456640788,0.9999788319028753,0.9552731495090727,0.9785027668737795,0.9634793673892973,0.9675152530350148,0.9726909668917332,1.0,0.9999936860825697,0.9999853886576883,0.8542804665380388,0.9921823420800256,0.9999660800446554,0.9769391727132615,0.9958847610081489,0.9666327576638417,0.8676036835876845,0.8750990107132317,0.5684131767394258,0.9950319999314652,0.942713815196976,0.2620073674869793,-0.23076692770884277,0.8982835706572145,0.9151625781783178,0.9670790071290655,0.930159969720293,0.9361978999474279,0.9822901667161221,0.9302714948875827,0.885842112092231,0.9642868457373311,0.9788818678885559,0.9480971144958896],[0.9963684415452577,0.9959397966272291,0.9846666520045578,0.999994351025115,0.965911071823195,0.9732469820702633,0.972034097800915,0.9614591176934039,0.9676467360195911,0.9999936860825697,1.0,0.9999792180146996,0.8545082621680721,0.9921624199207927,0.9999679350818457,0.9727630507265032,0.9957416862435445,0.9617749048000447,0.882713062791739,0.9041730441724802,0.4103404264202938,0.9977474970221469,0.9315428997407507,-0.2082544249640162,0.5300160576684756,0.8878030403059349,0.900506171545586,0.9662175908382344,0.9121582886263935,0.9163493936130729,0.9766172801277163,0.9045285533579774,0.8468077595581562,0.9521347110016459,0.9847008927691483,0.9458398877952786],[0.9966860035332258,0.9955121679248495,0.9817495359210342,0.999971675526291,0.96197460200558,0.9765206014464268,0.9689168840616487,0.9663338681537408,0.9711051763092099,0.9999853886576883,0.9999792180146996,1.0,0.8543702523200265,0.9921845476657163,0.9999757139921008,0.9761318055597152,0.9958024077267827,0.9660598183755821,0.8747160850768881,0.8931763478148994,0.49191254198275886,0.9968567660279304,0.9405759938897484,-0.005846061117199267,-0.08950054139938636,0.903155193792564,0.9070543935258565,0.9634557246942071,0.9208255971357606,0.9251992337294048,0.9796442522171338,0.9187577995270171,0.8740856770020651,0.9597211487184711,0.9789027462576086,0.9497483740630539],[0.8447153356913193,0.8508816251744978,0.8700806386798804,0.8533813457606336,0.8630097659478958,0.828321764096118,0.8546886700145654,0.7905110398837383,0.8204648118288506,0.8542804665380388,0.8545082621680721,0.8543702523200265,1.0,0.9998433618127615,0.8541562274822994,0.8284890110170361,0.8468414695197599,0.7918436882032721,0.7096733718476236,0.6966845564864373,0.23616713039531162,0.8556710326895445,0.7952941239483071,-0.49085864574190496,0.5095602181610676,0.7227083635820264,0.8284231066493387,0.8409670034984683,0.7182491207420371,0.7151126348826584,0.8238668842228388,0.7057064682399162,0.6380393678041595,0.7969992945774196,0.8409496325124836,0.7926964058035091],[0.9881627317122165,0.9891290778789004,0.9971896324791582,0.9921648011380826,0.9832806982888428,0.9611499012603186,0.9810143673274109,0.9329852961336371,0.9504641000357815,0.9921823420800256,0.9921624199207927,0.9921845476657163,0.9998433618127615,1.0,0.992193960314346,0.9601384150219395,0.9879122324201912,0.9330439654562547,0.8306778926163385,0.8863304739790224,0.15365973779514783,0.989147897475519,0.9026212255138412,-0.7038947041025346,0.5410529677731446,0.8267399553194245,0.9344339501367525,0.9523626074345977,0.851690120199194,0.8625232172354783,0.9521927855368854,0.8589601113090222,0.7529294460740011,0.916548105139722,0.9711663706521625,0.9299360038115485],[0.9964667862782612,0.9959939060173207,0.9847311936511844,0.9999636853992271,0.9660367755868086,0.9733138074090575,0.9718743028177886,0.961981897241111,0.967544029943756,0.9999660800446554,0.9999679350818457,0.9999757139921008,0.8541562274822994,0.992193960314346,1.0,0.972862651658048,0.9958264460737417,0.9621287620125376,0.8833567949038182,0.9057589093211857,0.4136608045042634,0.9975693383562484,0.931436239250391,-0.20495914602516596,0.5273138315869113,0.887587634946477,0.8999970999753095,0.9661813807848257,0.9138705186486952,0.9178745703149449,0.9767055412924748,0.9062250496980294,0.8490975218136139,0.952857666925531,0.9846858948728234,0.9466262745392716],[0.9882517931237145,0.9840054806448364,0.9531865695126439,0.9772834680892775,0.9153315120285678,0.9999186627701573,0.9820056826792438,0.9823693930734325,0.9854871578862994,0.9769391727132615,0.9727630507265032,0.9761318055597152,0.8284890110170361,0.9601384150219395,0.972862651658048,1.0,0.9889566581084149,0.9815768152180395,0.9010878037250941,0.8914070400316975,0.5710122783642406,0.9671141430866513,0.9171707213462149,0.036043100151520444,-0.14166676724228078,0.9428935151219953,0.8567627817577056,0.9665886885902581,0.946338625521304,0.9286566929641952,0.9642406737902559,0.9449504311196533,0.9262523788802678,0.9639158257703705,0.9829087065769531,0.9679839896964388],[0.9997608325904404,0.9979481246885851,0.9736487260236772,0.9959934574394564,0.9458772194635635,0.9890790332769281,0.9780062668348805,0.9784595588888959,0.9778877450311897,0.9958847610081489,0.9957416862435445,0.9958024077267827,0.8468414695197599,0.9879122324201912,0.9958264460737417,0.9889566581084149,1.0,0.9786827756383786,0.9096970281183312,0.9232481311705265,0.48202243836383385,0.9891047001506421,0.9291001424212537,-0.15047065371203394,0.5398039055186754,0.9180625275445781,0.8785793350016158,0.9703395079733002,0.940911469168096,0.9346321301067204,0.9771021380057292,0.9329788331701395,0.8903778099252824,0.9663194977184567,0.9902823240343209,0.9671896528943605],[0.9814473730264544,0.9748383821925897,0.9166296411970816,0.9668108954108358,0.872363788897927,0.9812043545917317,0.9443848204349319,0.9998975656021708,0.983078539198625,0.9666327576638417,0.9617749048000447,0.9660598183755821,0.7918436882032721,0.9330439654562547,0.9621287620125376,0.9815768152180395,0.9786827756383786,1.0,0.9346107301024704,0.9382191643459967,0.5771674290604539,0.9493512553540436,0.9174455463720711,0.1276677843466973,-0.2423186801762764,0.9233860514156192,0.799810585499921,0.9445450473842112,0.9761108379237079,0.9598022629884287,0.9659992462721602,0.9652885413697374,0.9325766597165294,0.967451402170745,0.9569666545217289,0.9727856083968084],[0.890479525441384,0.9037694592341655,0.8119826814056482,0.8663804324351403,0.7600006164740635,0.8982318018572304,0.8490503775475717,0.9318798113236847,0.9027537497148225,0.8676036835876845,0.882713062791739,0.8747160850768881,0.7096733718476236,0.8306778926163385,0.8833567949038182,0.9010878037250941,0.9096970281183312,0.9346107301024704,1.0,0.8433277331700694,0.6647679180956828,0.8360241465579025,0.8200789730439766,0.21824061120293908,-0.1366707640231125,0.8705100534271891,0.6776844091574633,0.8549965750632935,0.9008897035863698,0.8716089477283182,0.8558973432489706,0.882673703669558,0.8663977993940626,0.8663716833439761,0.8689641549975067,0.8998104026406106],[0.9010881141562889,0.890523682935599,0.7689054199845418,0.874322950026788,0.7175312941503901,0.8674130689869772,0.7797966423986217,0.9319966641730134,0.8654302048931222,0.8750990107132317,0.9041730441724802,0.8931763478148994,0.6966845564864373,0.8863304739790224,0.9057589093211857,0.8914070400316975,0.9232481311705265,0.9382191643459967,0.8433277331700694,1.0,0.8106407926734112,0.8218164080370501,0.8687051297291872,0.6004016270329243,-0.4986839671783944,0.7373217962133043,0.7116092119726429,0.8072919985067037,0.9622425567149786,0.9413858143716759,0.8861179993394828,0.9506643627315067,0.9072357616253653,0.9031199860214961,0.8412264354261914,0.8858732232123162],[0.623078917104609,0.6480789601487675,0.4523187994018826,0.5753207850732618,0.389164899265419,0.5946475567197167,0.47004399832298155,0.580687629626289,0.48817986781738837,0.5684131767394258,0.4103404264202938,0.49191254198275886,0.23616713039531162,0.15365973779514783,0.4136608045042634,0.5710122783642406,0.48202243836383385,0.5771674290604539,0.6647679180956828,0.8106407926734112,1.0,0.5134381986776041,0.6519659704433254,0.7216720021694856,-0.11567517267459941,0.5167552468490474,0.43626883797330585,0.5536208813881819,0.7556014702191932,0.6787203341880504,0.5671112129604031,0.7141538095788172,0.7422265625410689,0.6304112180301117,0.5751361763026395,0.6365784031913166],[0.9844929553418376,0.9739899694880831,0.9877961469368342,0.9947987909086397,0.9722805221678837,0.9695099891719224,0.9680115050845077,0.9511070844314468,0.9673678749016817,0.9950319999314652,0.9977474970221469,0.9968567660279304,0.8556710326895445,0.989147897475519,0.9975693383562484,0.9671141430866513,0.9891047001506421,0.9493512553540436,0.8360241465579025,0.8218164080370501,0.5134381986776041,1.0,0.9186099020573748,0.19081794760222498,-0.218175664058012,0.8793459079799,0.9317170974805983,0.9674784917009608,0.8924991984966546,0.9121393592113838,0.9738386343796628,0.9015783847030906,0.8536492502088588,0.9489621879310182,0.9667441198698922,0.928363094908242],[0.9427816287938434,0.9261874888978561,0.9095454347973188,0.9424947950090898,0.8823099028825975,0.9212771368507746,0.9139301791175372,0.9145565301273646,0.9325838675981232,0.942713815196976,0.9315428997407507,0.9405759938897484,0.7952941239483071,0.9026212255138412,0.931436239250391,0.9171707213462149,0.9291001424212537,0.9174455463720711,0.8200789730439766,0.8687051297291872,0.6519659704433254,0.9186099020573748,1.0,0.2508719463380995,-0.16479411591064572,0.7580780543161543,0.8415416159042948,0.909556552255043,0.9007255734442111,0.8725643083101328,0.9452064849956502,0.8809166030963768,0.8437103780377957,0.9402116869718119,0.902472068793609,0.881146863357343],[0.29719666161949443,0.2944705797739642,0.12154070080278741,0.2583938114212935,0.08411972585376676,0.18751105745152497,0.05479419286597619,0.16463915477189417,0.027358434852407083,0.2620073674869793,-0.2082544249640162,-0.005846061117199267,-0.49085864574190496,-0.7038947041025346,-0.20495914602516596,0.036043100151520444,-0.15047065371203394,0.1276677843466973,0.21824061120293908,0.6004016270329243,0.7216720021694856,0.19081794760222498,0.2508719463380995,1.0,-0.37953023978462,0.22867967780040088,0.13245066639046701,0.1315312784358592,0.4298687879350309,0.4156488479336422,0.2435755172590577,0.4408490176514884,0.3797003675491445,0.28814254665255395,0.1975724709731422,0.31731655552449956],[-0.24940734281891236,-0.1890954402135059,-0.15569940734608764,-0.2320291182151491,-0.1349456112965447,-0.18730895441473147,-0.12344596174532373,-0.28005297537175616,-0.19974256652508887,-0.23076692770884277,0.5300160576684756,-0.08950054139938636,0.5095602181610676,0.5410529677731446,0.5273138315869113,-0.14166676724228078,0.5398039055186754,-0.2423186801762764,-0.1366707640231125,-0.4986839671783944,-0.11567517267459941,-0.218175664058012,-0.16479411591064572,-0.37953023978462,1.0,-0.13972427071043123,-0.1568696719473397,-0.15103250636963575,-0.36682489622546444,-0.3510372312739634,-0.2690196803589547,-0.32424358855898366,-0.20094929404469394,-0.31247570116821444,-0.15096614155217047,-0.2800003537609536],[0.9102412960151773,0.892199734887126,0.864974046446845,0.8979524070629088,0.8183942046777691,0.9375310345773479,0.8940980571143268,0.9193139395907908,0.9007206419449555,0.8982835706572145,0.8878030403059349,0.903155193792564,0.7227083635820264,0.8267399553194245,0.887587634946477,0.9428935151219953,0.9180625275445781,0.9233860514156192,0.8705100534271891,0.7373217962133043,0.5167552468490474,0.8793459079799,0.7580780543161543,0.22867967780040088,-0.13972427071043123,1.0,0.7517902632933846,0.9000225701896941,0.8345684909689872,0.8785591048647953,0.8542762176458532,0.8831844292362686,0.8705737267370662,0.8776802767202168,0.886028523453054,0.9131838224307641],[0.8933009387963805,0.8950291594167584,0.9583743872891255,0.91687934934078,0.9720350475181472,0.8689498688499352,0.9079208967944691,0.8041259965219814,0.8458989649275238,0.9151625781783178,0.900506171545586,0.9070543935258565,0.8284231066493387,0.9344339501367525,0.8999970999753095,0.8567627817577056,0.8785793350016158,0.799810585499921,0.6776844091574633,0.7116092119726429,0.43626883797330585,0.9317170974805983,0.8415416159042948,0.13245066639046701,-0.1568696719473397,0.7517902632933846,1.0,0.8740474295417204,0.7575702574202351,0.7703484575713488,0.8756027927598189,0.7566644170085525,0.7076956899234043,0.8234031541321871,0.8806548836045095,0.819067277644533],[0.9659988926468104,0.9663056167474482,0.9581261352069601,0.968014363767774,0.9308492761832439,0.9690941492532672,0.9647326208986527,0.9436750835696586,0.9684927401570179,0.9670790071290655,0.9662175908382344,0.9634557246942071,0.8409670034984683,0.9523626074345977,0.9661813807848257,0.9665886885902581,0.9703395079733002,0.9445450473842112,0.8549965750632935,0.8072919985067037,0.5536208813881819,0.9674784917009608,0.909556552255043,0.1315312784358592,-0.15103250636963575,0.9000225701896941,0.8740474295417204,1.0,0.8942134299560497,0.8897795754763628,0.9506161688096073,0.8853785368194409,0.8653755371108334,0.9439996888482552,0.9759227061930605,0.9071156313077451],[0.9540623710065954,0.9366925902823966,0.8456676092261673,0.9314496987379535,0.7910694337970202,0.943956130759235,0.8721797230341092,0.9755423297693028,0.928852013149028,0.930159969720293,0.9121582886263935,0.9208255971357606,0.7182491207420371,0.851690120199194,0.9138705186486952,0.946338625521304,0.940911469168096,0.9761108379237079,0.9008897035863698,0.9622425567149786,0.7556014702191932,0.8924991984966546,0.9007255734442111,0.4298687879350309,-0.36682489622546444,0.8345684909689872,0.7575702574202351,0.8942134299560497,1.0,0.9868551011606226,0.9443977004973501,0.9912400563913011,0.9563938430797665,0.9591987210974267,0.9012434591193306,0.960799724845176],[0.952911320058951,0.9411507386521766,0.8555665903406638,0.9377986230312876,0.8091579841780405,0.931340860941025,0.860253151136316,0.960230912332892,0.9097306001231009,0.9361978999474279,0.9163493936130729,0.9251992337294048,0.7151126348826584,0.8625232172354783,0.9178745703149449,0.9286566929641952,0.9346321301067204,0.9598022629884287,0.8716089477283182,0.9413858143716759,0.6787203341880504,0.9121393592113838,0.8725643083101328,0.4156488479336422,-0.3510372312739634,0.8785591048647953,0.7703484575713488,0.8897795754763628,0.9868551011606226,1.0,0.9445353249128797,0.9857380767351135,0.9567650440324026,0.9463042048140274,0.9187853924823345,0.9628983927641861],[0.9830015380763151,0.9758608608945742,0.950865836325048,0.9829968092844629,0.9229941410862889,0.9668485948188625,0.9483706376148836,0.9676542340863952,0.969253286253457,0.9822901667161221,0.9766172801277163,0.9796442522171338,0.8238668842228388,0.9521927855368854,0.9767055412924748,0.9642406737902559,0.9771021380057292,0.9659992462721602,0.8558973432489706,0.8861179993394828,0.5671112129604031,0.9738386343796628,0.9452064849956502,0.2435755172590577,-0.2690196803589547,0.8542762176458532,0.8756027927598189,0.9506161688096073,0.9443977004973501,0.9445353249128797,1.0,0.9405243093722477,0.8938208321089375,0.975079469059812,0.971036310033138,0.9529222032918739],[0.9532535770175513,0.9393275180308752,0.8493163553857931,0.9316174784781345,0.7966256625309552,0.9441438382070901,0.8734967682561833,0.9663335303853932,0.9209358636923317,0.9302714948875827,0.9045285533579774,0.9187577995270171,0.7057064682399162,0.8589601113090222,0.9062250496980294,0.9449504311196533,0.9329788331701395,0.9652885413697374,0.882673703669558,0.9506643627315067,0.7141538095788172,0.9015783847030906,0.8809166030963768,0.4408490176514884,-0.32424358855898366,0.8831844292362686,0.7566644170085525,0.8853785368194409,0.9912400563913011,0.9857380767351135,0.9405243093722477,1.0,0.9745016712061249,0.9498414115293831,0.9251381210198921,0.9603870215312887],[0.9142169818965978,0.9130032244587198,0.8065432039063881,0.8881107290055172,0.7463311941829944,0.9293967762775168,0.8596493457528976,0.9330386401546388,0.890902414470487,0.885842112092231,0.8468077595581562,0.8740856770020651,0.6380393678041595,0.7529294460740011,0.8490975218136139,0.9262523788802678,0.8903778099252824,0.9325766597165294,0.8663977993940626,0.9072357616253653,0.7422265625410689,0.8536492502088588,0.8437103780377957,0.3797003675491445,-0.20094929404469394,0.8705737267370662,0.7076956899234043,0.8653755371108334,0.9563938430797665,0.9567650440324026,0.8938208321089375,0.9745016712061249,1.0,0.9075972151561261,0.9032538642960316,0.9420022767071975],[0.9756006610446348,0.9666463494463234,0.9135576287751315,0.9655873877853259,0.872424901110267,0.9620556830067235,0.9235923795954013,0.9681924098736563,0.9565504204731725,0.9642868457373311,0.9521347110016459,0.9597211487184711,0.7969992945774196,0.916548105139722,0.952857666925531,0.9639158257703705,0.9663194977184567,0.967451402170745,0.8663716833439761,0.9031199860214961,0.6304112180301117,0.9489621879310182,0.9402116869718119,0.28814254665255395,-0.31247570116821444,0.8776802767202168,0.8234031541321871,0.9439996888482552,0.9591987210974267,0.9463042048140274,0.975079469059812,0.9498414115293831,0.9075972151561261,1.0,0.9565398303713502,0.9507942609221417],[0.9811409966404974,0.974531539543665,0.9617502547743197,0.9794240472769482,0.9316265348472081,0.9837023406678215,0.9747953885085863,0.958783701499187,0.9778145540610441,0.9788818678885559,0.9847008927691483,0.9789027462576086,0.8409496325124836,0.9711663706521625,0.9846858948728234,0.9829087065769531,0.9902823240343209,0.9569666545217289,0.8689641549975067,0.8412264354261914,0.5751361763026395,0.9667441198698922,0.902472068793609,0.1975724709731422,-0.15096614155217047,0.886028523453054,0.8806548836045095,0.9759227061930605,0.9012434591193306,0.9187853924823345,0.971036310033138,0.9251381210198921,0.9032538642960316,0.9565398303713502,1.0,0.9358203286100694],[0.9619162246303099,0.9570226054817009,0.9011254300832227,0.9491532027016161,0.8582266960320203,0.9648158382429745,0.9206041221872496,0.9719833594927006,0.9415606083056398,0.9480971144958896,0.9458398877952786,0.9497483740630539,0.7926964058035091,0.9299360038115485,0.9466262745392716,0.9679839896964388,0.9671896528943605,0.9727856083968084,0.8998104026406106,0.8858732232123162,0.6365784031913166,0.928363094908242,0.881146863357343,0.31731655552449956,-0.2800003537609536,0.9131838224307641,0.819067277644533,0.9071156313077451,0.960799724845176,0.9628983927641861,0.9529222032918739,0.9603870215312887,0.9420022767071975,0.9507942609221417,0.9358203286100694,1.0]],"x":["^TAIEX       \u81fa\u7063\u52a0\u6b0a\u5831\u916c\u6307\u6578","^TWII        \u81fa\u7063\u52a0\u6b0a\u6307\u6578","^TAIEXx2     \u81fa\u7063\u52a0\u6b0a\u5831\u916c\u6307\u6578_\u65e5\u6b632","^TAI50I      \u81fa\u706350\u5831\u916c\u6307\u6578","^TAI50Ix2    \u81fa\u706350\u5831\u916c\u6307\u6578_\u65e5\u6b632","^TAI100I     \u81fa\u7063\u4e2d\u578b100\u5831\u916c\u6307\u6578","^TAI100Ix2   \u81fa\u7063\u4e2d\u578b100\u5831\u916c\u6307\u6578_\u65e5\u6b632","^TAIDIVIDI   \u81fa\u7063\u9ad8\u80a1\u606f\u5831\u916c\u6307\u6578","^TAIDIVIDIx2 \u81fa\u7063\u9ad8\u80a1\u606f\u5831\u916c\u6307\u6578_\u65e5\u6b632","0050Fund     \u5143\u5927\u53f0\u7063\u5353\u8d8a50\u57fa\u91d1","006208Fund   \u5bcc\u90a6\u53f0\u7063\u91c6\u540950\u57fa\u91d1","0050         \u5143\u5927\u81fa\u706350","00631L       \u5143\u5927\u53f0\u706350\u6b632","00675L       \u5bcc\u90a6\u81fa\u7063\u52a0\u6b0a\u6b632","006208       \u5bcc\u90a6\u53f050","0051         \u5143\u5927\u4e2d\u578b100","006204       \u6c38\u8c50\u81fa\u7063\u52a0\u6b0a","0056         \u5143\u5927\u9ad8\u80a1\u606f","0056         \u5143\u5927\u9ad8\u80a1\u606f_\u80a1\u606f\u4e0d\u6295\u5165","2412         \u4e2d\u83ef\u96fb\u4fe1","2002         \u4e2d\u92fc","2330         \u53f0\u7a4d\u96fb","2317         \u9d3b\u6d77","6505         \u53f0\u5851\u77f3\u5316","3481         \u7fa4\u5275","2303         \u806f\u96fb","2308         \u53f0\u9054\u96fb","2454         \u806f\u767c\u79d1","2886         \u5146\u8c50\u91d1","2884         \u7389\u5c71\u91d1","2891         \u4e2d\u4fe1\u91d1","2892         \u7b2c\u4e00\u91d1","5880         \u5408\u5eab\u91d1","2881         \u5bcc\u90a6\u91d1","2885         \u5143\u5927\u91d1","2887         \u53f0\u65b0\u91d1"],"y":["^TAIEX       \u81fa\u7063\u52a0\u6b0a\u5831\u916c\u6307\u6578","^TWII        \u81fa\u7063\u52a0\u6b0a\u6307\u6578","^TAIEXx2     \u81fa\u7063\u52a0\u6b0a\u5831\u916c\u6307\u6578_\u65e5\u6b632","^TAI50I      \u81fa\u706350\u5831\u916c\u6307\u6578","^TAI50Ix2    \u81fa\u706350\u5831\u916c\u6307\u6578_\u65e5\u6b632","^TAI100I     \u81fa\u7063\u4e2d\u578b100\u5831\u916c\u6307\u6578","^TAI100Ix2   \u81fa\u7063\u4e2d\u578b100\u5831\u916c\u6307\u6578_\u65e5\u6b632","^TAIDIVIDI   \u81fa\u7063\u9ad8\u80a1\u606f\u5831\u916c\u6307\u6578","^TAIDIVIDIx2 \u81fa\u7063\u9ad8\u80a1\u606f\u5831\u916c\u6307\u6578_\u65e5\u6b632","0050Fund     \u5143\u5927\u53f0\u7063\u5353\u8d8a50\u57fa\u91d1","006208Fund   \u5bcc\u90a6\u53f0\u7063\u91c6\u540950\u57fa\u91d1","0050         \u5143\u5927\u81fa\u706350","00631L       \u5143\u5927\u53f0\u706350\u6b632","00675L       \u5bcc\u90a6\u81fa\u7063\u52a0\u6b0a\u6b632","006208       \u5bcc\u90a6\u53f050","0051         \u5143\u5927\u4e2d\u578b100","006204       \u6c38\u8c50\u81fa\u7063\u52a0\u6b0a","0056         \u5143\u5927\u9ad8\u80a1\u606f","0056         \u5143\u5927\u9ad8\u80a1\u606f_\u80a1\u606f\u4e0d\u6295\u5165","2412         \u4e2d\u83ef\u96fb\u4fe1","2002         \u4e2d\u92fc","2330         \u53f0\u7a4d\u96fb","2317         \u9d3b\u6d77","6505         \u53f0\u5851\u77f3\u5316","3481         \u7fa4\u5275","2303         \u806f\u96fb","2308         \u53f0\u9054\u96fb","2454         \u806f\u767c\u79d1","2886         \u5146\u8c50\u91d1","2884         \u7389\u5c71\u91d1","2891         \u4e2d\u4fe1\u91d1","2892         \u7b2c\u4e00\u91d1","5880         \u5408\u5eab\u91d1","2881         \u5bcc\u90a6\u91d1","2885         \u5143\u5927\u91d1","2887         \u53f0\u65b0\u91d1"],"zmin":-1,"zmax":1,"colorbar":{"x":-0.2}}],"layout":{"autotypenumbers":"strict","colorway":["#636efa","#EF553B","#00cc96","#ab63fa","#FFA15A","#19d3f3","#FF6692","#B6E880","#FF97FF","#FECB52"],"font":{"color":"#f2f5fa","family":"Courier New"},"hovermode":"closest","hoverlabel":{"align":"left"},"paper_bgcolor":"rgb(17,17,17)","plot_bgcolor":"rgb(17,17,17)","polar":{"bgcolor":"rgb(17,17,17)","angularaxis":{"gridcolor":"#506784","linecolor":"#506784","ticks":""},"radialaxis":{"gridcolor":"#506784","linecolor":"#506784","ticks":""}},"ternary":{"bgcolor":"rgb(17,17,17)","aaxis":{"gridcolor":"#506784","linecolor":"#506784","ticks":""},"baxis":{"gridcolor":"#506784","linecolor":"#506784","ticks":""},"caxis":{"gridcolor":"#506784","linecolor":"#506784","ticks":""}},"coloraxis":{"colorbar":{"outlinewidth":0,"ticks":""}},"colorscale":{"sequential":[[0.0,"#0d0887"],[0.1111111111111111,"#46039f"],[0.2222222222222222,"#7201a8"],[0.3333333333333333,"#9c179e"],[0.4444444444444444,"#bd3786"],[0.5555555555555556,"#d8576b"],[0.6666666666666666,"#ed7953"],[0.7777777777777778,"#fb9f3a"],[0.8888888888888888,"#fdca26"],[1.0,"#f0f921"]],"sequentialminus":[[0.0,"#0d0887"],[0.1111111111111111,"#46039f"],[0.2222222222222222,"#7201a8"],[0.3333333333333333,"#9c179e"],[0.4444444444444444,"#bd3786"],[0.5555555555555556,"#d8576b"],[0.6666666666666666,"#ed7953"],[0.7777777777777778,"#fb9f3a"],[0.8888888888888888,"#fdca26"],[1.0,"#f0f921"]],"diverging":[[0,"#8e0152"],[0.1,"#c51b7d"],[0.2,"#de77ae"],[0.3,"#f1b6da"],[0.4,"#fde0ef"],[0.5,"#f7f7f7"],[0.6,"#e6f5d0"],[0.7,"#b8e186"],[0.8,"#7fbc41"],[0.9,"#4d9221"],[1,"#276419"]]},"xaxis":{"gridcolor":"rgba(0, 0, 0, 0)","linecolor":"#506784","ticks":"","title":{"standoff":15},"zerolinecolor":"#283442","automargin":true,"zerolinewidth":2,"tickfont":{"family":"Courier New","size":14},"side":"top","tickangle":-90},"yaxis":{"gridcolor":"rgba(0, 0, 0, 0)","linecolor":"#506784","ticks":"","title":{"standoff":15},"zerolinecolor":"#283442","automargin":true,"zerolinewidth":2,"tickfont":{"family":"Courier New"},"side":"right"},"scene":{"xaxis":{"backgroundcolor":"rgb(17,17,17)","gridcolor":"#506784","linecolor":"#506784","showbackground":true,"ticks":"","zerolinecolor":"#C8D4E3","gridwidth":2},"yaxis":{"backgroundcolor":"rgb(17,17,17)","gridcolor":"#506784","linecolor":"#506784","showbackground":true,"ticks":"","zerolinecolor":"#C8D4E3","gridwidth":2},"zaxis":{"backgroundcolor":"rgb(17,17,17)","gridcolor":"#506784","linecolor":"#506784","showbackground":true,"ticks":"","zerolinecolor":"#C8D4E3","gridwidth":2}},"shapedefaults":{"line":{"color":"#f2f5fa"}},"annotationdefaults":{"arrowcolor":"#f2f5fa","arrowhead":0,"arrowwidth":1},"geo":{"bgcolor":"rgb(17,17,17)","landcolor":"rgb(17,17,17)","subunitcolor":"#506784","showland":true,"showlakes":true,"lakecolor":"rgb(17,17,17)"},"title":{"x":0.05,"font":{"family":"Times New Roman"},"y":0.05,"text":"<b>Correlation of Adj Close<b><br><i>2016-09-23 ~ 2026-05-06<i>"},"updatemenudefaults":{"bgcolor":"#506784","borderwidth":0},"sliderdefaults":{"bgcolor":"#C8D4E3","borderwidth":1,"bordercolor":"rgb(17,17,17)","tickwidth":0},"mapbox":{"style":"dark"},"annotations":[{"text":"<b>@zwindr<b>","textangle":0,"opacity":0.5,"font":{"color":"white","size":12},"xref":"paper","yref":"paper","xanchor":"left","yanchor":"bottom","x":1.0,"y":1.0,"showarrow":false}]},"config":{"responsive":true,"toImageButtonOptions":{"filename":"Correlation of Adj Close_2016-09-23~2026-05-06","scale":5}}};Plotly.newPlot("correlationAdjClose",correlationAdjClose.data,correlationAdjClose.layout||{},correlationAdjClose.config);}else{console.log("style display is none => correlationAdjClose");}