var element = document.getElementById("correlationClose");

if (element.style.display != 'none') {
    var correlationClose = {"data": [{"type": "heatmap", "z": [[1.0, 0.999999999999998, 1.0, 0.9955437242357253, 0.9955437242357253, 0.9617169481003875, 0.9617169481003875, 0.8977387708880429, 0.8977387708880429, 0.9057110360438991, 0.9950006053564655, 0.9243485273744994, 0.9927226894842396, 0.9923383939220614, 0.9949711103611028, 0.9719323331030134, 0.9988966008062244, 0.9261255418230863, 0.7836166981592928, -0.08622667182904059, 0.9768486773225314, 0.06932214565023627, -0.015811655574622017, -0.2523634483773491, 0.8232143409692592, 0.9488247926268327, 0.9058798015573378, 0.9281101273805062, 0.770646703600581, 0.48711640368137693, 0.6141422159018182, 0.6397452440089898, 0.9289622556000346, 0.8131978549955411, 0.16951435776696017], [0.999999999999998, 1.0, 0.9999999999999981, 0.9954946357485158, 0.9954946357485158, 0.9610829838576963, 0.9610829838576963, 0.8989733236093614, 0.8989733236093614, 0.9062204158193867, 0.9949776993213593, 0.9235179467390778, 0.9924688302217998, 0.9917750340335368, 0.9949423715605304, 0.9712216956078579, 0.9989000171682506, 0.9265859120764003, 0.8040446910748329, 0.12150953799833702, 0.967916291438745, -0.09679677602436677, -0.008401744230822114, -0.252650153075673, 0.6479550057045393, 0.9487417412810548, 0.8782354388168735, 0.9226415641344866, 0.783628235473412, 0.4786791461848265, 0.611092834759622, 0.6672110272934506, 0.9261046614008582, 0.6610982314330166, 0.16577785190786026], [1.0, 0.9999999999999981, 1.0, 0.9955437242357253, 0.9955437242357253, 0.9617169481003875, 0.9617169481003875, 0.8977387708880429, 0.8977387708880429, 0.9057110360438991, 0.9950006053564655, 0.9243485273744994, 0.9927226894842396, 0.9923383939220614, 0.9949711103611028, 0.9719323331030134, 0.9988966008062244, 0.9261255418230863, 0.7836166981592928, -0.08622667182904059, 0.9768486773225314, 0.06932214565023627, -0.015811655574622017, -0.2523634483773491, 0.8232143409692592, 0.9488247926268327, 0.9058798015573378, 0.9281101273805062, 0.770646703600581, 0.48711640368137693, 0.6141422159018182, 0.6397452440089898, 0.9289622556000346, 0.8131978549955411, 0.16951435776696017], [0.9955437242357253, 0.9954946357485158, 0.9955437242357253, 1.0, 1.0, 0.9486536002353496, 0.9486536002353496, 0.8836267504931803, 0.8836267504931803, 0.8958945451742252, 0.9994711136370964, 0.9171184134162951, 0.9883933170383297, 0.9842055129290485, 0.9994120152785, 0.9544135449709601, 0.9947831576345412, 0.9069537869941234, 0.7628196973839589, -0.09216638957148836, 0.9887831275752883, 0.08960639544004595, -0.04752915172201832, -0.2557326289116933, 0.8227213103313749, 0.9420266651266871, 0.9110030489533801, 0.9174659574473997, 0.7820245697475794, 0.5140425207482257, 0.6086584739322701, 0.6138267367513167, 0.9222473701895934, 0.8030728957124508, 0.1817628587337975], [0.9955437242357253, 0.9954946357485158, 0.9955437242357253, 1.0, 1.0, 0.9486536002353496, 0.9486536002353496, 0.8836267504931803, 0.8836267504931803, 0.8958945451742252, 0.9994711136370964, 0.9171184134162951, 0.9883933170383297, 0.9842055129290485, 0.9994120152785, 0.9544135449709601, 0.9947831576345412, 0.9069537869941234, 0.7628196973839589, -0.09216638957148836, 0.9887831275752883, 0.08960639544004595, -0.04752915172201832, -0.2557326289116933, 0.8227213103313749, 0.9420266651266871, 0.9110030489533801, 0.9174659574473997, 0.7820245697475794, 0.5140425207482257, 0.6086584739322701, 0.6138267367513167, 0.9222473701895934, 0.8030728957124508, 0.1817628587337975], [0.9617169481003875, 0.9610829838576963, 0.9617169481003875, 0.9486536002353496, 0.9486536002353496, 1.0, 1.0, 0.924352710866424, 0.924352710866424, 0.879509855635102, 0.9517136227082816, 0.8927783575336833, 0.9763024799920318, 0.9749749974709344, 0.9513849342770745, 0.9989917435128781, 0.9722261605007949, 0.9196768825390217, 0.6279927432389061, -0.03004877945765066, 0.9331149774417377, 0.25000920454159564, -0.21858045920575953, -0.10791194116269782, 0.8941611905091885, 0.9080093969673637, 0.925459380615754, 0.8960009329943147, 0.7292762374134756, 0.7096682343969903, 0.7257814827715591, 0.7153406854717695, 0.8474838812210167, 0.8475304759719072, 0.46044495172517974], [0.9617169481003875, 0.9610829838576963, 0.9617169481003875, 0.9486536002353496, 0.9486536002353496, 1.0, 1.0, 0.924352710866424, 0.924352710866424, 0.879509855635102, 0.9517136227082816, 0.8927783575336833, 0.9763024799920318, 0.9749749974709344, 0.9513849342770745, 0.9989917435128781, 0.9722261605007949, 0.9196768825390217, 0.6279927432389061, -0.03004877945765066, 0.9331149774417377, 0.25000920454159564, -0.21858045920575953, -0.10791194116269782, 0.8941611905091885, 0.9080093969673637, 0.925459380615754, 0.8960009329943147, 0.7292762374134756, 0.7096682343969903, 0.7257814827715591, 0.7153406854717695, 0.8474838812210167, 0.8475304759719072, 0.46044495172517974], [0.8977387708880429, 0.8989733236093614, 0.8977387708880429, 0.8836267504931803, 0.8836267504931803, 0.924352710866424, 0.924352710866424, 1.0, 1.0, 0.8595197613891552, 0.9386870709881501, 0.8565980167046578, 0.9475222568036512, 0.942671865337379, 0.9383546934756839, 0.9251794145499583, 0.9407629183762228, 0.972593431032439, 0.5635245658946133, 0.09044520809958695, 0.8409378740611174, 0.5018211754721172, -0.24351964911112234, 0.03331258004726587, 0.7847286044194595, 0.8017081630739173, 0.8625569987565183, 0.8425707326107779, 0.7422320316004719, 0.8692998900818216, 0.7692952258842767, 0.7197454768160144, 0.773013495303945, 0.8351958267761906, 0.7992206414920157], [0.8977387708880429, 0.8989733236093614, 0.8977387708880429, 0.8836267504931803, 0.8836267504931803, 0.924352710866424, 0.924352710866424, 1.0, 1.0, 0.8595197613891552, 0.9386870709881501, 0.8565980167046578, 0.9475222568036512, 0.942671865337379, 0.9383546934756839, 0.9251794145499583, 0.9407629183762228, 0.972593431032439, 0.5635245658946133, 0.09044520809958695, 0.8409378740611174, 0.5018211754721172, -0.24351964911112234, 0.03331258004726587, 0.7847286044194595, 0.8017081630739173, 0.8625569987565183, 0.8425707326107779, 0.7422320316004719, 0.8692998900818216, 0.7692952258842767, 0.7197454768160144, 0.773013495303945, 0.8351958267761906, 0.7992206414920157], [0.9057110360438991, 0.9062204158193867, 0.9057110360438991, 0.8958945451742252, 0.8958945451742252, 0.879509855635102, 0.879509855635102, 0.8595197613891552, 0.8595197613891552, 1.0, 0.8910604723983394, 0.9999757625723105, 0.870769703235339, 0.834288720837164, 0.8923493225728923, 0.8815974183296182, 0.9024594255564178, 0.8844837863018776, 0.7604819751740401, 0.23626197439051824, 0.8833830726758451, 0.7444301999472985, -0.29888562599626206, 0.39678965714585485, 0.8501285449133529, 0.7734334945127418, 0.8568846751368375, 0.8396510057424373, 0.7325017146581407, 0.7345293554715332, 0.8035558030357535, 0.7850862628055691, 0.8193475247811866, 0.8627379208248603, 0.7679845277037355], [0.9950006053564655, 0.9949776993213593, 0.9950006053564655, 0.9994711136370964, 0.9994711136370964, 0.9517136227082816, 0.9517136227082816, 0.9386870709881501, 0.9386870709881501, 0.8910604723983394, 1.0, 0.8908415557902783, 0.9881087205944873, 0.984451201410864, 0.9999145195843503, 0.9520630675352383, 0.9938631697046159, 0.9244731484997676, 0.8440114048539741, 0.14903806196812014, 0.9956526807355522, 0.8523181863966717, -0.43262650383365786, 0.36270984356961, 0.8625561361086468, 0.9153270774904206, 0.941344848697726, 0.913052003059718, 0.8050952643388248, 0.8931003354964567, 0.8725435300786737, 0.8136696951355131, 0.8963518951868229, 0.9424295688106155, 0.7798340467325336], [0.9243485273744994, 0.9235179467390778, 0.9243485273744994, 0.9171184134162951, 0.9171184134162951, 0.8927783575336833, 0.8927783575336833, 0.8565980167046578, 0.8565980167046578, 0.9999757625723105, 0.8908415557902783, 1.0, 0.8680430262958281, 0.8307429420232907, 0.8900827011446131, 0.8934790384931915, 0.9059781161309326, 0.8790779263441485, 0.7064136259981848, 0.0043163253127113796, 0.9023641970175481, 0.5816852015484204, -0.21661803962539028, -0.23667978266005135, 0.858922791938907, 0.8178302591600582, 0.8370031867634875, 0.8585024550671959, 0.774835020843386, 0.7345905296530674, 0.7762033709230481, 0.7132587210265786, 0.8537477938394862, 0.7543381492583364, 0.7285598865105803], [0.9927226894842396, 0.9924688302217998, 0.9927226894842396, 0.9883933170383297, 0.9883933170383297, 0.9763024799920318, 0.9763024799920318, 0.9475222568036512, 0.9475222568036512, 0.870769703235339, 0.9881087205944873, 0.8680430262958281, 1.0, 0.9996915495237944, 0.9880662339105887, 0.9745035976392219, 0.9898961223864589, 0.9201645209139255, 0.8123889757279424, 0.1864086970941185, 0.9857120037282096, 0.8767122040594734, -0.6164056972467343, 0.4398821353327513, 0.8430132911199473, 0.9276670024950804, 0.9579576750334979, 0.9077072566095912, 0.729665278291408, 0.893500391656134, 0.8528317832226441, 0.8049060092603454, 0.8777809493340507, 0.9628882046832632, 0.8150275372509014], [0.9923383939220614, 0.9917750340335368, 0.9923383939220614, 0.9842055129290485, 0.9842055129290485, 0.9749749974709344, 0.9749749974709344, 0.942671865337379, 0.942671865337379, 0.834288720837164, 0.984451201410864, 0.8307429420232907, 0.9996915495237944, 1.0, 0.9845801808779157, 0.9720906592531147, 0.9882039910697108, 0.9075057194241251, 0.8310676955488229, 0.06551358676387556, 0.9800217543573396, 0.885563511693212, -0.8241951204886536, 0.4864365183296778, 0.799776619576023, 0.9330245921912097, 0.9556764038806538, 0.8942255640036142, 0.6464474842427528, 0.9038729246352514, 0.8397484095881408, 0.7559856507500693, 0.9102328773346045, 0.9651973021515635, 0.7838417605200412], [0.9949711103611028, 0.9949423715605304, 0.9949711103611028, 0.9994120152785, 0.9994120152785, 0.9513849342770745, 0.9513849342770745, 0.9383546934756839, 0.9383546934756839, 0.8923493225728923, 0.9999145195843503, 0.8900827011446131, 0.9880662339105887, 0.9845801808779157, 1.0, 0.9518731219802684, 0.9938610867417417, 0.924603277128488, 0.8453093614502906, 0.14819869940775912, 0.9955322191352379, 0.85193173398315, -0.4301860396097875, 0.3613482189538229, 0.8621508201127189, 0.9131777661293345, 0.940349336853161, 0.9135694737758308, 0.8066787246501977, 0.8926537499319429, 0.8736952754543883, 0.8145322237124871, 0.8962153633965738, 0.9422068869241079, 0.7795186215977135], [0.9719323331030134, 0.9712216956078579, 0.9719323331030134, 0.9544135449709601, 0.9544135449709601, 0.9989917435128781, 0.9989917435128781, 0.9251794145499583, 0.9251794145499583, 0.8815974183296182, 0.9520630675352383, 0.8934790384931915, 0.9745035976392219, 0.9720906592531147, 0.9518731219802684, 1.0, 0.9738141571198085, 0.9193321564770676, 0.6768880989369184, -0.011323373154096721, 0.9438108241521577, 0.580246618464664, -0.3522013027644009, -0.16141834340177016, 0.9068295810064924, 0.918020913950455, 0.920915340909325, 0.9042973931319218, 0.7695895589745576, 0.8351919133874828, 0.7756913864820255, 0.7728241410948942, 0.8713511193824701, 0.8446481050548473, 0.7874008848358042], [0.9988966008062244, 0.9989000171682506, 0.9988966008062244, 0.9947831576345412, 0.9947831576345412, 0.9722261605007949, 0.9722261605007949, 0.9407629183762228, 0.9407629183762228, 0.9024594255564178, 0.9938631697046159, 0.9059781161309326, 0.9898961223864589, 0.9882039910697108, 0.9938610867417417, 0.9738141571198085, 1.0, 0.9412148032850695, 0.8504679145465239, 0.14863614904871972, 0.9868779801132083, 0.822042025354912, -0.4135295753830785, 0.37522084804327027, 0.8964652083662084, 0.9272929142301533, 0.9453304550014393, 0.9375560504418547, 0.8256386417110353, 0.8815024102832164, 0.8991823482141778, 0.8442052404725028, 0.9083356098468695, 0.9472279930531313, 0.8357379388341202], [0.9261255418230863, 0.9265859120764003, 0.9261255418230863, 0.9069537869941234, 0.9069537869941234, 0.9196768825390217, 0.9196768825390217, 0.972593431032439, 0.972593431032439, 0.8844837863018776, 0.9244731484997676, 0.8790779263441485, 0.9201645209139255, 0.9075057194241251, 0.924603277128488, 0.9193321564770676, 0.9412148032850695, 1.0, 0.7296010897081593, 0.011069842359431651, 0.869946067284917, 0.5124446445140822, -0.13811948045928008, -0.20220549307768793, 0.8230272194042695, 0.8291921182155545, 0.8295174282790337, 0.9124430503910506, 0.8305352784284206, 0.7966910262745838, 0.7437412985439756, 0.7019065908050628, 0.8375169628492389, 0.7654083128201947, 0.8466697013386654], [0.7836166981592928, 0.8040446910748329, 0.7836166981592928, 0.7628196973839589, 0.7628196973839589, 0.6279927432389061, 0.6279927432389061, 0.5635245658946133, 0.5635245658946133, 0.7604819751740401, 0.8440114048539741, 0.7064136259981848, 0.8123889757279424, 0.8310676955488229, 0.8453093614502906, 0.6768880989369184, 0.8504679145465239, 0.7296010897081593, 1.0, 0.05727860665050291, 0.7254144676432692, -0.4308815642841389, 0.37717821613190644, -0.6614177477918817, 0.33531516041462023, 0.7960353275386964, 0.48646684583230504, 0.8304527049101021, 0.6824770303620806, 0.049064683937706424, 0.28130648676897635, 0.5586977438740511, 0.7768574509970135, 0.45337567759358827, -0.16930537369296], [-0.08622667182904059, 0.12150953799833702, -0.08622667182904059, -0.09216638957148836, -0.09216638957148836, -0.03004877945765066, -0.03004877945765066, 0.09044520809958695, 0.09044520809958695, 0.23626197439051824, 0.14903806196812014, 0.0043163253127113796, 0.1864086970941185, 0.06551358676387556, 0.14819869940775912, -0.011323373154096721, 0.14863614904871972, 0.011069842359431651, 0.05727860665050291, 1.0, -0.05284242507688353, 0.1339660588931233, 0.12289134155887206, 0.7521950484499325, -0.07857506894758495, 0.03365913608676366, 0.02840694476469029, 0.19410764916455303, 0.0328508611256399, 0.11070595307185593, 0.38128921889487344, 0.5866123130094865, -0.08499665089593648, 0.14038948791567896, 0.17228862760907632], [0.9768486773225314, 0.967916291438745, 0.9768486773225314, 0.9887831275752883, 0.9887831275752883, 0.9331149774417377, 0.9331149774417377, 0.8409378740611174, 0.8409378740611174, 0.8833830726758451, 0.9956526807355522, 0.9023641970175481, 0.9857120037282096, 0.9800217543573396, 0.9955322191352379, 0.9438108241521577, 0.9868779801132083, 0.869946067284917, 0.7254144676432692, -0.05284242507688353, 1.0, -0.0007094469971486972, -0.11103283714340893, -0.31436424703704435, 0.6848125088096381, 0.9254178228383225, 0.8948683912518111, 0.8601125285441165, 0.7509092027371221, 0.5114290599010807, 0.5724333235068816, 0.5414359542645458, 0.900749331877018, 0.6387301998349522, 0.16033867622460457], [0.06932214565023627, -0.09679677602436677, 0.06932214565023627, 0.08960639544004595, 0.08960639544004595, 0.25000920454159564, 0.25000920454159564, 0.5018211754721172, 0.5018211754721172, 0.7444301999472985, 0.8523181863966717, 0.5816852015484204, 0.8767122040594734, 0.885563511693212, 0.85193173398315, 0.580246618464664, 0.822042025354912, 0.5124446445140822, -0.4308815642841389, 0.1339660588931233, -0.0007094469971486972, 1.0, -0.42716184907303706, 0.7718467267843473, 0.3623625919699777, -0.04511351261607359, 0.25664233096020733, -0.15468508473733478, 0.023364884130631938, 0.5607714582955939, 0.44910876278494066, 0.1815800571415325, -0.07693131789526324, 0.35737647252510407, 0.4636449533849761], [-0.015811655574622017, -0.008401744230822114, -0.015811655574622017, -0.04752915172201832, -0.04752915172201832, -0.21858045920575953, -0.21858045920575953, -0.24351964911112234, -0.24351964911112234, -0.29888562599626206, -0.43262650383365786, -0.21661803962539028, -0.6164056972467343, -0.8241951204886536, -0.4301860396097875, -0.3522013027644009, -0.4135295753830785, -0.13811948045928008, 0.37717821613190644, 0.12289134155887206, -0.11103283714340893, -0.42716184907303706, 1.0, -0.04471052369330217, -0.13324784661160122, -0.06196580126880722, -0.2514160680879487, 0.012642603946474174, -0.02395070877864235, -0.5386053503873949, -0.16074862130681633, 0.0009504206690566071, 0.022389988464020735, -0.16260420108261384, -0.4008253799044563], [-0.2523634483773491, -0.252650153075673, -0.2523634483773491, -0.2557326289116933, -0.2557326289116933, -0.10791194116269782, -0.10791194116269782, 0.03331258004726587, 0.03331258004726587, 0.39678965714585485, 0.36270984356961, -0.23667978266005135, 0.4398821353327513, 0.4864365183296778, 0.3613482189538229, -0.16141834340177016, 0.37522084804327027, -0.20220549307768793, -0.6614177477918817, 0.7521950484499325, -0.31436424703704435, 0.7718467267843473, -0.04471052369330217, 1.0, -0.0996449765469248, -0.29805046148963193, -0.05266807689215289, -0.35027083810625714, -0.32733102347521636, 0.10176876778241736, 0.17779565705443967, 0.2716733972977109, -0.3827186630974872, 0.1377531124332402, 0.10344655510833503], [0.8232143409692592, 0.6479550057045393, 0.8232143409692592, 0.8227213103313749, 0.8227213103313749, 0.8941611905091885, 0.8941611905091885, 0.7847286044194595, 0.7847286044194595, 0.8501285449133529, 0.8625561361086468, 0.858922791938907, 0.8430132911199473, 0.799776619576023, 0.8621508201127189, 0.9068295810064924, 0.8964652083662084, 0.8230272194042695, 0.33531516041462023, -0.07857506894758495, 0.6848125088096381, 0.3623625919699777, -0.13324784661160122, -0.0996449765469248, 1.0, 0.6085410852219322, 0.8425443039925773, 0.48145591230408963, 0.6159501111356027, 0.5312712818232987, 0.6466243883451669, 0.41696469854517154, 0.6973537875008585, 0.6986597947128759, 0.4104496922249121], [0.9488247926268327, 0.9487417412810548, 0.9488247926268327, 0.9420266651266871, 0.9420266651266871, 0.9080093969673637, 0.9080093969673637, 0.8017081630739173, 0.8017081630739173, 0.7734334945127418, 0.9153270774904206, 0.8178302591600582, 0.9276670024950804, 0.9330245921912097, 0.9131777661293345, 0.918020913950455, 0.9272929142301533, 0.8291921182155545, 0.7960353275386964, 0.03365913608676366, 0.9254178228383225, -0.04511351261607359, -0.06196580126880722, -0.29805046148963193, 0.6085410852219322, 1.0, 0.8314685238317318, 0.8559405273939604, 0.7094214550470932, 0.3672575475116854, 0.4947124264741559, 0.5967485128011881, 0.8984184935241292, 0.6236086726762646, 0.060811220866771605], [0.9058798015573378, 0.8782354388168735, 0.9058798015573378, 0.9110030489533801, 0.9110030489533801, 0.925459380615754, 0.925459380615754, 0.8625569987565183, 0.8625569987565183, 0.8568846751368375, 0.941344848697726, 0.8370031867634875, 0.9579576750334979, 0.9556764038806538, 0.940349336853161, 0.920915340909325, 0.9453304550014393, 0.8295174282790337, 0.48646684583230504, 0.02840694476469029, 0.8948683912518111, 0.25664233096020733, -0.2514160680879487, -0.05266807689215289, 0.8425443039925773, 0.8314685238317318, 1.0, 0.7360632188493508, 0.5857764783553582, 0.5497132319988595, 0.5780822795618872, 0.5295932955505777, 0.8023909787546615, 0.8184179841204035, 0.20666805066270358], [0.9281101273805062, 0.9226415641344866, 0.9281101273805062, 0.9174659574473997, 0.9174659574473997, 0.8960009329943147, 0.8960009329943147, 0.8425707326107779, 0.8425707326107779, 0.8396510057424373, 0.913052003059718, 0.8585024550671959, 0.9077072566095912, 0.8942255640036142, 0.9135694737758308, 0.9042973931319218, 0.9375560504418547, 0.9124430503910506, 0.8304527049101021, 0.19410764916455303, 0.8601125285441165, -0.15468508473733478, 0.012642603946474174, -0.35027083810625714, 0.48145591230408963, 0.8559405273939604, 0.7360632188493508, 1.0, 0.9017651738625567, 0.5080625179274288, 0.6718472269796419, 0.6640417123438096, 0.8716972763534515, 0.4779102216859144, 0.2897212676621154], [0.770646703600581, 0.783628235473412, 0.770646703600581, 0.7820245697475794, 0.7820245697475794, 0.7292762374134756, 0.7292762374134756, 0.7422320316004719, 0.7422320316004719, 0.7325017146581407, 0.8050952643388248, 0.774835020843386, 0.729665278291408, 0.6464474842427528, 0.8066787246501977, 0.7695895589745576, 0.8256386417110353, 0.8305352784284206, 0.6824770303620806, 0.0328508611256399, 0.7509092027371221, 0.023364884130631938, -0.02395070877864235, -0.32733102347521636, 0.6159501111356027, 0.7094214550470932, 0.5857764783553582, 0.9017651738625567, 1.0, 0.5506949218209666, 0.6540874165510242, 0.6048357837209432, 0.7164397919644746, 0.5599688958710991, 0.4699637760798203], [0.48711640368137693, 0.4786791461848265, 0.48711640368137693, 0.5140425207482257, 0.5140425207482257, 0.7096682343969903, 0.7096682343969903, 0.8692998900818216, 0.8692998900818216, 0.7345293554715332, 0.8931003354964567, 0.7345905296530674, 0.893500391656134, 0.9038729246352514, 0.8926537499319429, 0.8351919133874828, 0.8815024102832164, 0.7966910262745838, 0.049064683937706424, 0.11070595307185593, 0.5114290599010807, 0.5607714582955939, -0.5386053503873949, 0.10176876778241736, 0.5312712818232987, 0.3672575475116854, 0.5497132319988595, 0.5080625179274288, 0.5506949218209666, 1.0, 0.7334941366039118, 0.37057774736318644, 0.4434114883173664, 0.5346757584262927, 0.7814737091471734], [0.6141422159018182, 0.611092834759622, 0.6141422159018182, 0.6086584739322701, 0.6086584739322701, 0.7257814827715591, 0.7257814827715591, 0.7692952258842767, 0.7692952258842767, 0.8035558030357535, 0.8725435300786737, 0.7762033709230481, 0.8528317832226441, 0.8397484095881408, 0.8736952754543883, 0.7756913864820255, 0.8991823482141778, 0.7437412985439756, 0.28130648676897635, 0.38128921889487344, 0.5724333235068816, 0.44910876278494066, -0.16074862130681633, 0.17779565705443967, 0.6466243883451669, 0.4947124264741559, 0.5780822795618872, 0.6718472269796419, 0.6540874165510242, 0.7334941366039118, 1.0, 0.7778451199987381, 0.4686393524535458, 0.7155936491955586, 0.5473142444230371], [0.6397452440089898, 0.6672110272934506, 0.6397452440089898, 0.6138267367513167, 0.6138267367513167, 0.7153406854717695, 0.7153406854717695, 0.7197454768160144, 0.7197454768160144, 0.7850862628055691, 0.8136696951355131, 0.7132587210265786, 0.8049060092603454, 0.7559856507500693, 0.8145322237124871, 0.7728241410948942, 0.8442052404725028, 0.7019065908050628, 0.5586977438740511, 0.5866123130094865, 0.5414359542645458, 0.1815800571415325, 0.0009504206690566071, 0.2716733972977109, 0.41696469854517154, 0.5967485128011881, 0.5295932955505777, 0.6640417123438096, 0.6048357837209432, 0.37057774736318644, 0.7778451199987381, 1.0, 0.4852374065298541, 0.664475610130067, 0.19533456046325262], [0.9289622556000346, 0.9261046614008582, 0.9289622556000346, 0.9222473701895934, 0.9222473701895934, 0.8474838812210167, 0.8474838812210167, 0.773013495303945, 0.773013495303945, 0.8193475247811866, 0.8963518951868229, 0.8537477938394862, 0.8777809493340507, 0.9102328773346045, 0.8962153633965738, 0.8713511193824701, 0.9083356098468695, 0.8375169628492389, 0.7768574509970135, -0.08499665089593648, 0.900749331877018, -0.07693131789526324, 0.022389988464020735, -0.3827186630974872, 0.6973537875008585, 0.8984184935241292, 0.8023909787546615, 0.8716972763534515, 0.7164397919644746, 0.4434114883173664, 0.4686393524535458, 0.4852374065298541, 1.0, 0.7095450600606897, 0.1579943230299813], [0.8131978549955411, 0.6610982314330166, 0.8131978549955411, 0.8030728957124508, 0.8030728957124508, 0.8475304759719072, 0.8475304759719072, 0.8351958267761906, 0.8351958267761906, 0.8627379208248603, 0.9424295688106155, 0.7543381492583364, 0.9628882046832632, 0.9651973021515635, 0.9422068869241079, 0.8446481050548473, 0.9472279930531313, 0.7654083128201947, 0.45337567759358827, 0.14038948791567896, 0.6387301998349522, 0.35737647252510407, -0.16260420108261384, 0.1377531124332402, 0.6986597947128759, 0.6236086726762646, 0.8184179841204035, 0.4779102216859144, 0.5599688958710991, 0.5346757584262927, 0.7155936491955586, 0.664475610130067, 0.7095450600606897, 1.0, 0.16693048572409344], [0.16951435776696017, 0.16577785190786026, 0.16951435776696017, 0.1817628587337975, 0.1817628587337975, 0.46044495172517974, 0.46044495172517974, 0.7992206414920157, 0.7992206414920157, 0.7679845277037355, 0.7798340467325336, 0.7285598865105803, 0.8150275372509014, 0.7838417605200412, 0.7795186215977135, 0.7874008848358042, 0.8357379388341202, 0.8466697013386654, -0.16930537369296, 0.17228862760907632, 0.16033867622460457, 0.4636449533849761, -0.4008253799044563, 0.10344655510833503, 0.4104496922249121, 0.060811220866771605, 0.20666805066270358, 0.2897212676621154, 0.4699637760798203, 0.7814737091471734, 0.5473142444230371, 0.19533456046325262, 0.1579943230299813, 0.16693048572409344, 1.0]], "x": ["^TAIEX       \u81fa\u7063\u52a0\u6b0a\u5831\u916c\u6307\u6578", "^TWII        \u81fa\u7063\u52a0\u6b0a\u6307\u6578", "^TAIEXx2     \u81fa\u7063\u52a0\u6b0a\u5831\u916c\u6307\u6578_\u65e5\u6b632", "^TAI50I      \u81fa\u706350\u5831\u916c\u6307\u6578", "^TAI50Ix2    \u81fa\u706350\u5831\u916c\u6307\u6578_\u65e5\u6b632", "^TAI100I     \u81fa\u7063\u4e2d\u578b100\u5831\u916c\u6307\u6578", "^TAI100Ix2   \u81fa\u7063\u4e2d\u578b100\u5831\u916c\u6307\u6578_\u65e5\u6b632", "^TAIDIVIDI   \u81fa\u7063\u9ad8\u80a1\u606f\u5831\u916c\u6307\u6578", "^TAIDIVIDIx2 \u81fa\u7063\u9ad8\u80a1\u606f\u5831\u916c\u6307\u6578_\u65e5\u6b632", "0050Fund     \u5143\u5927\u53f0\u7063\u5353\u8d8a50\u57fa\u91d1", "006208Fund   \u5bcc\u90a6\u53f0\u7063\u91c6\u540950\u57fa\u91d1", "0050         \u5143\u5927\u81fa\u706350", "00631L       \u5143\u5927\u53f0\u706350\u6b632", "00675L       \u5bcc\u90a6\u81fa\u7063\u52a0\u6b0a\u6b632", "006208       \u5bcc\u90a6\u53f050", "0051         \u5143\u5927\u4e2d\u578b100", "006204       \u6c38\u8c50\u81fa\u7063\u52a0\u6b0a", "0056         \u5143\u5927\u9ad8\u80a1\u606f", "2412         \u4e2d\u83ef\u96fb\u4fe1", "2002         \u4e2d\u92fc", "2330         \u53f0\u7a4d\u96fb", "2317         \u9d3b\u6d77", "6505         \u53f0\u5851\u77f3\u5316", "3481         \u7fa4\u5275", "2303         \u806f\u96fb", "2308         \u53f0\u9054\u96fb", "2454         \u806f\u767c\u79d1", "2886         \u5146\u8c50\u91d1", "2884         \u7389\u5c71\u91d1", "2891         \u4e2d\u4fe1\u91d1", "2892         \u7b2c\u4e00\u91d1", "5880         \u5408\u5eab\u91d1", "2881         \u5bcc\u90a6\u91d1", "2885         \u5143\u5927\u91d1", "2887         \u53f0\u65b0\u91d1"], "y": ["^TAIEX       \u81fa\u7063\u52a0\u6b0a\u5831\u916c\u6307\u6578", "^TWII        \u81fa\u7063\u52a0\u6b0a\u6307\u6578", "^TAIEXx2     \u81fa\u7063\u52a0\u6b0a\u5831\u916c\u6307\u6578_\u65e5\u6b632", "^TAI50I      \u81fa\u706350\u5831\u916c\u6307\u6578", "^TAI50Ix2    \u81fa\u706350\u5831\u916c\u6307\u6578_\u65e5\u6b632", "^TAI100I     \u81fa\u7063\u4e2d\u578b100\u5831\u916c\u6307\u6578", "^TAI100Ix2   \u81fa\u7063\u4e2d\u578b100\u5831\u916c\u6307\u6578_\u65e5\u6b632", "^TAIDIVIDI   \u81fa\u7063\u9ad8\u80a1\u606f\u5831\u916c\u6307\u6578", "^TAIDIVIDIx2 \u81fa\u7063\u9ad8\u80a1\u606f\u5831\u916c\u6307\u6578_\u65e5\u6b632", "0050Fund     \u5143\u5927\u53f0\u7063\u5353\u8d8a50\u57fa\u91d1", "006208Fund   \u5bcc\u90a6\u53f0\u7063\u91c6\u540950\u57fa\u91d1", "0050         \u5143\u5927\u81fa\u706350", "00631L       \u5143\u5927\u53f0\u706350\u6b632", "00675L       \u5bcc\u90a6\u81fa\u7063\u52a0\u6b0a\u6b632", "006208       \u5bcc\u90a6\u53f050", "0051         \u5143\u5927\u4e2d\u578b100", "006204       \u6c38\u8c50\u81fa\u7063\u52a0\u6b0a", "0056         \u5143\u5927\u9ad8\u80a1\u606f", "2412         \u4e2d\u83ef\u96fb\u4fe1", "2002         \u4e2d\u92fc", "2330         \u53f0\u7a4d\u96fb", "2317         \u9d3b\u6d77", "6505         \u53f0\u5851\u77f3\u5316", "3481         \u7fa4\u5275", "2303         \u806f\u96fb", "2308         \u53f0\u9054\u96fb", "2454         \u806f\u767c\u79d1", "2886         \u5146\u8c50\u91d1", "2884         \u7389\u5c71\u91d1", "2891         \u4e2d\u4fe1\u91d1", "2892         \u7b2c\u4e00\u91d1", "5880         \u5408\u5eab\u91d1", "2881         \u5bcc\u90a6\u91d1", "2885         \u5143\u5927\u91d1", "2887         \u53f0\u65b0\u91d1"], "zmin": -1, "zmax": 1, "colorbar": {"x": -0.2}}], "layout": {"autotypenumbers": "strict", "colorway": ["#636efa", "#EF553B", "#00cc96", "#ab63fa", "#FFA15A", "#19d3f3", "#FF6692", "#B6E880", "#FF97FF", "#FECB52"], "font": {"color": "#f2f5fa", "family": "Courier New"}, "hovermode": "closest", "hoverlabel": {"align": "left"}, "paper_bgcolor": "rgb(17,17,17)", "plot_bgcolor": "rgb(17,17,17)", "polar": {"bgcolor": "rgb(17,17,17)", "angularaxis": {"gridcolor": "#506784", "linecolor": "#506784", "ticks": ""}, "radialaxis": {"gridcolor": "#506784", "linecolor": "#506784", "ticks": ""}}, "ternary": {"bgcolor": "rgb(17,17,17)", "aaxis": {"gridcolor": "#506784", "linecolor": "#506784", "ticks": ""}, "baxis": {"gridcolor": "#506784", "linecolor": "#506784", "ticks": ""}, "caxis": {"gridcolor": "#506784", "linecolor": "#506784", "ticks": ""}}, "coloraxis": {"colorbar": {"outlinewidth": 0, "ticks": ""}}, "colorscale": {"sequential": [[0.0, "#0d0887"], [0.1111111111111111, "#46039f"], [0.2222222222222222, "#7201a8"], [0.3333333333333333, "#9c179e"], [0.4444444444444444, "#bd3786"], [0.5555555555555556, "#d8576b"], [0.6666666666666666, "#ed7953"], [0.7777777777777778, "#fb9f3a"], [0.8888888888888888, "#fdca26"], [1.0, "#f0f921"]], "sequentialminus": [[0.0, "#0d0887"], [0.1111111111111111, "#46039f"], [0.2222222222222222, "#7201a8"], [0.3333333333333333, "#9c179e"], [0.4444444444444444, "#bd3786"], [0.5555555555555556, "#d8576b"], [0.6666666666666666, "#ed7953"], [0.7777777777777778, "#fb9f3a"], [0.8888888888888888, "#fdca26"], [1.0, "#f0f921"]], "diverging": [[0, "#8e0152"], [0.1, "#c51b7d"], [0.2, "#de77ae"], [0.3, "#f1b6da"], [0.4, "#fde0ef"], [0.5, "#f7f7f7"], [0.6, "#e6f5d0"], [0.7, "#b8e186"], [0.8, "#7fbc41"], [0.9, "#4d9221"], [1, "#276419"]]}, "xaxis": {"gridcolor": "rgba(0, 0, 0, 0)", "linecolor": "#506784", "ticks": "", "title": {"standoff": 15}, "zerolinecolor": "#283442", "automargin": true, "zerolinewidth": 2, "tickfont": {"family": "Courier New", "size": 14}, "side": "top", "tickangle": -90}, "yaxis": {"gridcolor": "rgba(0, 0, 0, 0)", "linecolor": "#506784", "ticks": "", "title": {"standoff": 15}, "zerolinecolor": "#283442", "automargin": true, "zerolinewidth": 2, "tickfont": {"family": "Courier New"}, "side": "right"}, "scene": {"xaxis": {"backgroundcolor": "rgb(17,17,17)", "gridcolor": "#506784", "linecolor": "#506784", "showbackground": true, "ticks": "", "zerolinecolor": "#C8D4E3", "gridwidth": 2}, "yaxis": {"backgroundcolor": "rgb(17,17,17)", "gridcolor": "#506784", "linecolor": "#506784", "showbackground": true, "ticks": "", "zerolinecolor": "#C8D4E3", "gridwidth": 2}, "zaxis": {"backgroundcolor": "rgb(17,17,17)", "gridcolor": "#506784", "linecolor": "#506784", "showbackground": true, "ticks": "", "zerolinecolor": "#C8D4E3", "gridwidth": 2}}, "shapedefaults": {"line": {"color": "#f2f5fa"}}, "annotationdefaults": {"arrowcolor": "#f2f5fa", "arrowhead": 0, "arrowwidth": 1}, "geo": {"bgcolor": "rgb(17,17,17)", "landcolor": "rgb(17,17,17)", "subunitcolor": "#506784", "showland": true, "showlakes": true, "lakecolor": "rgb(17,17,17)"}, "title": {"x": 0.05, "font": {"family": "Times New Roman"}, "y": 0.05, "text": "<b>Correlation of Close<b><br><i>2016-09-23 ~ 2025-08-15<i>"}, "updatemenudefaults": {"bgcolor": "#506784", "borderwidth": 0}, "sliderdefaults": {"bgcolor": "#C8D4E3", "borderwidth": 1, "bordercolor": "rgb(17,17,17)", "tickwidth": 0}, "mapbox": {"style": "dark"}, "annotations": [{"text": "<b>@zwindr<b>", "textangle": 0, "opacity": 0.5, "font": {"color": "white", "size": 12}, "xref": "paper", "yref": "paper", "xanchor": "left", "yanchor": "bottom", "x": 1.0, "y": 1.0, "showarrow": false}]}, "config": {"responsive": true, "toImageButtonOptions": {"filename": "Correlation of Close_2016-09-23~2025-08-15", "scale": 5}}};

    Plotly.newPlot("correlationClose",
        correlationClose.data,
        correlationClose.layout || {},
        correlationClose.config);
} else {
    // The element with the specified ID does not exist
    console.log("style display is none => correlationClose");
}