var config = { responsive: true }

var correlationClose = {"data": [{"type": "heatmap", "z": [[1.0, 0.9999999999999981, 1.0, 0.9957232171596057, 0.9957232171596057, 0.958856414349369, 0.958856414349369, 0.8901862546922193, 0.8901862546922193, 0.9959788223735525, 0.992130759226033, 0.9917642736076234, 0.995261981665463, 0.9703392992215342, 0.9988099345680534, 0.9282134898465231, 0.8092159926553243, 0.26819502105412035, 0.9776065348529804, 0.8028197379153444, 0.09419513103494809, -0.2793129782648382, 0.7627968217206637, 0.9470024191026241, 0.9187571195937532], [0.9999999999999981, 1.0, 0.9999999999999982, 0.9956570886342311, 0.9956570886342311, 0.9581778437584343, 0.9581778437584343, 0.8916570288640828, 0.8916570288640828, 0.9959381002676175, 0.9918446747465675, 0.9911148760020466, 0.9952143681848896, 0.96950079794653, 0.9988139203680121, 0.9289012781949133, 0.8169852116770812, 0.4038063470874033, 0.9702643294336291, 0.7744439146543087, 0.10229748892311406, -0.2789159656342462, 0.6581106055098371, 0.9476867354635868, 0.9246674321215737], [1.0, 0.9999999999999982, 1.0, 0.9957232171596057, 0.9957232171596057, 0.958856414349369, 0.958856414349369, 0.8901862546922193, 0.8901862546922193, 0.9959788223735525, 0.992130759226033, 0.9917642736076234, 0.995261981665463, 0.9703392992215342, 0.9988099345680534, 0.9282134898465231, 0.8092159926553243, 0.26819502105412035, 0.9776065348529804, 0.8028197379153444, 0.09419513103494809, -0.2793129782648382, 0.7627968217206637, 0.9470024191026241, 0.9187571195937532], [0.9957232171596057, 0.9956570886342311, 0.9957232171596057, 1.0, 1.0, 0.9455587870934148, 0.9455587870934148, 0.8757607242302725, 0.8757607242302725, 0.9996145778927538, 0.9881310592478364, 0.9840460436398447, 0.9993480997432379, 0.952628337401293, 0.9946489439890157, 0.9113416396444242, 0.7860246027520158, 0.24245179576745357, 0.9887803218591494, 0.7953097588081031, 0.06502441789430656, -0.28391639019956716, 0.772325518655317, 0.9352960540722599, 0.9191955912666117], [0.9957232171596057, 0.9956570886342311, 0.9957232171596057, 1.0, 1.0, 0.9455587870934148, 0.9455587870934148, 0.8757607242302725, 0.8757607242302725, 0.9996145778927538, 0.9881310592478364, 0.9840460436398447, 0.9993480997432379, 0.952628337401293, 0.9946489439890157, 0.9113416396444242, 0.7860246027520158, 0.24245179576745357, 0.9887803218591494, 0.7953097588081031, 0.06502441789430656, -0.28391639019956716, 0.772325518655317, 0.9352960540722599, 0.9191955912666117], [0.958856414349369, 0.9581778437584343, 0.958856414349369, 0.9455587870934148, 0.9455587870934148, 1.0, 1.0, 0.9190441521696325, 0.9190441521696325, 0.9492354984591512, 0.9760274785902313, 0.9749439666138079, 0.9500986205176586, 0.9989498306468302, 0.9708885251398205, 0.9190921045652951, 0.6807282773410119, 0.2022993727170247, 0.9295365100471578, 0.7291779594843623, -0.13611418502842906, -0.13063425977856283, 0.8717239250568496, 0.9011698678684096, 0.9204953056537305], [0.958856414349369, 0.9581778437584343, 0.958856414349369, 0.9455587870934148, 0.9455587870934148, 1.0, 1.0, 0.9190441521696325, 0.9190441521696325, 0.9492354984591512, 0.9760274785902313, 0.9749439666138079, 0.9500986205176586, 0.9989498306468302, 0.9708885251398205, 0.9190921045652951, 0.6807282773410119, 0.2022993727170247, 0.9295365100471578, 0.7291779594843623, -0.13611418502842906, -0.13063425977856283, 0.8717239250568496, 0.9011698678684096, 0.9204953056537305], [0.8901862546922193, 0.8916570288640828, 0.8901862546922193, 0.8757607242302725, 0.8757607242302725, 0.9190441521696325, 0.9190441521696325, 1.0, 1.0, 0.8976039970951822, 0.9444675764585426, 0.9393170610164683, 0.9348657367142048, 0.9199027981662382, 0.936178596842667, 0.9745172932664691, 0.6237219015765162, 0.24837031276363009, 0.8297171760578217, 0.7438596424723664, -0.17225969419546108, 0.016108424250703742, 0.7824802900566503, 0.7884072226239867, 0.8523314787953995], [0.8901862546922193, 0.8916570288640828, 0.8901862546922193, 0.8757607242302725, 0.8757607242302725, 0.9190441521696325, 0.9190441521696325, 1.0, 1.0, 0.8976039970951822, 0.9444675764585426, 0.9393170610164683, 0.9348657367142048, 0.9199027981662382, 0.936178596842667, 0.9745172932664691, 0.6237219015765162, 0.24837031276363009, 0.8297171760578217, 0.7438596424723664, -0.17225969419546108, 0.016108424250703742, 0.7824802900566503, 0.7884072226239867, 0.8523314787953995], [0.9959788223735525, 0.9959381002676175, 0.9959788223735525, 0.9996145778927538, 0.9996145778927538, 0.9492354984591512, 0.9492354984591512, 0.8976039970951822, 0.8976039970951822, 1.0, 0.9869509819823634, 0.9830598221057731, 0.9993863124254233, 0.9511181341032587, 0.9945077152172074, 0.9111773022206121, 0.8279582101552184, 0.07370707539200212, 0.9916582389485789, 0.792954266385177, -0.19757238431790236, -0.31616232523275334, 0.8862190705366549, 0.9297065476197293, 0.9056648642405895], [0.992130759226033, 0.9918446747465675, 0.992130759226033, 0.9881310592478364, 0.9881310592478364, 0.9760274785902313, 0.9760274785902313, 0.9444675764585426, 0.9444675764585426, 0.9869509819823634, 1.0, 0.9996588921793335, 0.9879220645391307, 0.9744730811588528, 0.9889252593316953, 0.925023949037706, 0.7936453950588235, 0.26196838838386954, 0.9864128051866017, 0.7163337868016934, -0.5723687421679821, 0.2317270297244804, 0.8546913820562202, 0.9304745963083129, 0.9545766669623532], [0.9917642736076234, 0.9911148760020466, 0.9917642736076234, 0.9840460436398447, 0.9840460436398447, 0.9749439666138079, 0.9749439666138079, 0.9393170610164683, 0.9393170610164683, 0.9830598221057731, 0.9996588921793335, 1.0, 0.9848000791887086, 0.9722653737289115, 0.9871161615726005, 0.9134617038679501, 0.8149024731238836, 0.14605721455275716, 0.9809802855489242, 0.7208644676191591, -0.8060184053855515, 0.275148486997343, 0.8141634477374265, 0.9370356779228167, 0.9523342019199292], [0.995261981665463, 0.9952143681848896, 0.995261981665463, 0.9993480997432379, 0.9993480997432379, 0.9500986205176586, 0.9500986205176586, 0.9348657367142048, 0.9348657367142048, 0.9993863124254233, 0.9879220645391307, 0.9848000791887086, 1.0, 0.9513320216783212, 0.9937553591180617, 0.9323854425992553, 0.830473412590792, 0.25861277875610617, 0.9951456095678816, 0.757993645482359, -0.3583048548116267, 0.1755252882032218, 0.876731489310484, 0.9082448579327176, 0.9351007197335112], [0.9703392992215342, 0.96950079794653, 0.9703392992215342, 0.952628337401293, 0.952628337401293, 0.9989498306468302, 0.9989498306468302, 0.9199027981662382, 0.9199027981662382, 0.9511181341032587, 0.9744730811588528, 0.9722653737289115, 0.9513320216783212, 1.0, 0.972966233707403, 0.9183209320884632, 0.7537627025948042, 0.1701101532676819, 0.9425367379626388, 0.7258307377046878, -0.28576427022334583, -0.20420692264119125, 0.9094976975784015, 0.9206926546308566, 0.9168844562047146], [0.9988099345680534, 0.9988139203680121, 0.9988099345680534, 0.9946489439890157, 0.9946489439890157, 0.9708885251398205, 0.9708885251398205, 0.936178596842667, 0.936178596842667, 0.9945077152172074, 0.9889252593316953, 0.9871161615726005, 0.9937553591180617, 0.972966233707403, 1.0, 0.9451536316174153, 0.8371162480048179, 0.2677996948326253, 0.9868095833722558, 0.7440629137845969, -0.3479130219097666, 0.18702200666237997, 0.9065170283635049, 0.9278271423224198, 0.9401759409199728], [0.9282134898465231, 0.9289012781949133, 0.9282134898465231, 0.9113416396444242, 0.9113416396444242, 0.9190921045652951, 0.9190921045652951, 0.9745172932664691, 0.9745172932664691, 0.9111773022206121, 0.925023949037706, 0.9134617038679501, 0.9323854425992553, 0.9183209320884632, 0.9451536316174153, 1.0, 0.7667393380284215, 0.20740264102746842, 0.8745171521598059, 0.7187256852945567, -0.0727453763431025, -0.23811411340272837, 0.818918402089348, 0.8396887125104786, 0.8289169553254256], [0.8092159926553243, 0.8169852116770812, 0.8092159926553243, 0.7860246027520158, 0.7860246027520158, 0.6807282773410119, 0.6807282773410119, 0.6237219015765162, 0.6237219015765162, 0.8279582101552184, 0.7936453950588235, 0.8149024731238836, 0.830473412590792, 0.7537627025948042, 0.8371162480048179, 0.7667393380284215, 1.0, 0.5260462612845935, 0.7400142553791688, 0.776851311735711, 0.48674788920292145, -0.5807112205285168, 0.26538383154531375, 0.8289069368938262, 0.6522008553905461], [0.26819502105412035, 0.4038063470874033, 0.26819502105412035, 0.24245179576745357, 0.24245179576745357, 0.2022993727170247, 0.2022993727170247, 0.24837031276363009, 0.24837031276363009, 0.07370707539200212, 0.26196838838386954, 0.14605721455275716, 0.25861277875610617, 0.1701101532676819, 0.2677996948326253, 0.20740264102746842, 0.5260462612845935, 1.0, 0.25287827069684, 0.5648061085629734, 0.38521772550623246, 0.5544892337591674, 0.024763445326037963, 0.41866420097705614, 0.38579585003637523], [0.9776065348529804, 0.9702643294336291, 0.9776065348529804, 0.9887803218591494, 0.9887803218591494, 0.9295365100471578, 0.9295365100471578, 0.8297171760578217, 0.8297171760578217, 0.9916582389485789, 0.9864128051866017, 0.9809802855489242, 0.9951456095678816, 0.9425367379626388, 0.9868095833722558, 0.8745171521598059, 0.7400142553791688, 0.25287827069684, 1.0, 0.7374438925892525, 0.00784301127538209, -0.34815440079517246, 0.6715904089952072, 0.9181773596739196, 0.9095444537966867], [0.8028197379153444, 0.7744439146543087, 0.8028197379153444, 0.7953097588081031, 0.7953097588081031, 0.7291779594843623, 0.7291779594843623, 0.7438596424723664, 0.7438596424723664, 0.792954266385177, 0.7163337868016934, 0.7208644676191591, 0.757993645482359, 0.7258307377046878, 0.7440629137845969, 0.7187256852945567, 0.776851311735711, 0.5648061085629734, 0.7374438925892525, 1.0, 0.2038655704151314, -0.04831790705826835, 0.23236561482139864, 0.828217447881644, 0.7396813227253902], [0.09419513103494809, 0.10229748892311406, 0.09419513103494809, 0.06502441789430656, 0.06502441789430656, -0.13611418502842906, -0.13611418502842906, -0.17225969419546108, -0.17225969419546108, -0.19757238431790236, -0.5723687421679821, -0.8060184053855515, -0.3583048548116267, -0.28576427022334583, -0.3479130219097666, -0.0727453763431025, 0.48674788920292145, 0.38521772550623246, 0.00784301127538209, 0.2038655704151314, 1.0, -0.08494373782335783, -0.16653784542873648, 0.09064503857738498, -0.10344781546322952], [-0.2793129782648382, -0.2789159656342462, -0.2793129782648382, -0.28391639019956716, -0.28391639019956716, -0.13063425977856283, -0.13063425977856283, 0.016108424250703742, 0.016108424250703742, -0.31616232523275334, 0.2317270297244804, 0.275148486997343, 0.1755252882032218, -0.20420692264119125, 0.18702200666237997, -0.23811411340272837, -0.5807112205285168, 0.5544892337591674, -0.34815440079517246, -0.04831790705826835, -0.08494373782335783, 1.0, -0.06318777703951603, -0.347070161080248, -0.07967866989192689], [0.7627968217206637, 0.6581106055098371, 0.7627968217206637, 0.772325518655317, 0.772325518655317, 0.8717239250568496, 0.8717239250568496, 0.7824802900566503, 0.7824802900566503, 0.8862190705366549, 0.8546913820562202, 0.8141634477374265, 0.876731489310484, 0.9094976975784015, 0.9065170283635049, 0.818918402089348, 0.26538383154531375, 0.024763445326037963, 0.6715904089952072, 0.23236561482139864, -0.16653784542873648, -0.06318777703951603, 1.0, 0.5346646174747217, 0.7320436426134065], [0.9470024191026241, 0.9476867354635868, 0.9470024191026241, 0.9352960540722599, 0.9352960540722599, 0.9011698678684096, 0.9011698678684096, 0.7884072226239867, 0.7884072226239867, 0.9297065476197293, 0.9304745963083129, 0.9370356779228167, 0.9082448579327176, 0.9206926546308566, 0.9278271423224198, 0.8396887125104786, 0.8289069368938262, 0.41866420097705614, 0.9181773596739196, 0.828217447881644, 0.09064503857738498, -0.347070161080248, 0.5346646174747217, 1.0, 0.8813768073590613], [0.9187571195937532, 0.9246674321215737, 0.9187571195937532, 0.9191955912666117, 0.9191955912666117, 0.9204953056537305, 0.9204953056537305, 0.8523314787953995, 0.8523314787953995, 0.9056648642405895, 0.9545766669623532, 0.9523342019199292, 0.9351007197335112, 0.9168844562047146, 0.9401759409199728, 0.8289169553254256, 0.6522008553905461, 0.38579585003637523, 0.9095444537966867, 0.7396813227253902, -0.10344781546322952, -0.07967866989192689, 0.7320436426134065, 0.8813768073590613, 1.0]], "x": ["^TAIEX       \u81fa\u7063\u52a0\u6b0a\u5831\u916c\u6307\u6578", "^TWII        \u81fa\u7063\u52a0\u6b0a\u6307\u6578", "^TAIEXx2     \u81fa\u7063\u52a0\u6b0a\u5831\u916c\u6307\u6578_\u65e5\u6b632", "^TAI50I      \u81fa\u706350\u5831\u916c\u6307\u6578", "^TAI50Ix2    \u81fa\u706350\u5831\u916c\u6307\u6578_\u65e5\u6b632", "^TAI100I     \u81fa\u7063\u4e2d\u578b100\u5831\u916c\u6307\u6578", "^TAI100Ix2   \u81fa\u7063\u4e2d\u578b100\u5831\u916c\u6307\u6578_\u65e5\u6b632", "^TAIDIVIDI   \u81fa\u7063\u9ad8\u80a1\u606f\u5831\u916c\u6307\u6578", "^TAIDIVIDIx2 \u81fa\u7063\u9ad8\u80a1\u606f\u5831\u916c\u6307\u6578_\u65e5\u6b632", "0050         \u5143\u5927\u81fa\u706350", "00631L       \u5143\u5927\u53f0\u706350\u6b632", "00675L       \u5bcc\u90a6\u81fa\u7063\u52a0\u6b0a\u6b632", "006208       \u5bcc\u90a6\u53f050", "0051         \u5143\u5927\u4e2d\u578b100", "006204       \u6c38\u8c50\u81fa\u7063\u52a0\u6b0a", "0056         \u5143\u5927\u9ad8\u80a1\u606f", "2412         \u4e2d\u83ef\u96fb\u4fe1", "2002         \u4e2d\u92fc", "2330         \u53f0\u7a4d\u96fb", "2317         \u9d3b\u6d77", "6505         \u53f0\u5851\u77f3\u5316", "3481         \u7fa4\u5275", "2303         \u806f\u96fb", "2308         \u53f0\u9054\u96fb", "2454         \u806f\u767c\u79d1"], "y": ["^TAIEX       \u81fa\u7063\u52a0\u6b0a\u5831\u916c\u6307\u6578", "^TWII        \u81fa\u7063\u52a0\u6b0a\u6307\u6578", "^TAIEXx2     \u81fa\u7063\u52a0\u6b0a\u5831\u916c\u6307\u6578_\u65e5\u6b632", "^TAI50I      \u81fa\u706350\u5831\u916c\u6307\u6578", "^TAI50Ix2    \u81fa\u706350\u5831\u916c\u6307\u6578_\u65e5\u6b632", "^TAI100I     \u81fa\u7063\u4e2d\u578b100\u5831\u916c\u6307\u6578", "^TAI100Ix2   \u81fa\u7063\u4e2d\u578b100\u5831\u916c\u6307\u6578_\u65e5\u6b632", "^TAIDIVIDI   \u81fa\u7063\u9ad8\u80a1\u606f\u5831\u916c\u6307\u6578", "^TAIDIVIDIx2 \u81fa\u7063\u9ad8\u80a1\u606f\u5831\u916c\u6307\u6578_\u65e5\u6b632", "0050         \u5143\u5927\u81fa\u706350", "00631L       \u5143\u5927\u53f0\u706350\u6b632", "00675L       \u5bcc\u90a6\u81fa\u7063\u52a0\u6b0a\u6b632", "006208       \u5bcc\u90a6\u53f050", "0051         \u5143\u5927\u4e2d\u578b100", "006204       \u6c38\u8c50\u81fa\u7063\u52a0\u6b0a", "0056         \u5143\u5927\u9ad8\u80a1\u606f", "2412         \u4e2d\u83ef\u96fb\u4fe1", "2002         \u4e2d\u92fc", "2330         \u53f0\u7a4d\u96fb", "2317         \u9d3b\u6d77", "6505         \u53f0\u5851\u77f3\u5316", "3481         \u7fa4\u5275", "2303         \u806f\u96fb", "2308         \u53f0\u9054\u96fb", "2454         \u806f\u767c\u79d1"], "zmin": -1, "zmax": 1, "colorbar": {"x": -0.2}}], "layout": {"autotypenumbers": "strict", "colorway": ["#636efa", "#EF553B", "#00cc96", "#ab63fa", "#FFA15A", "#19d3f3", "#FF6692", "#B6E880", "#FF97FF", "#FECB52"], "font": {"color": "#f2f5fa", "family": "Courier New"}, "hovermode": "closest", "hoverlabel": {"align": "left"}, "paper_bgcolor": "rgb(17,17,17)", "plot_bgcolor": "rgb(17,17,17)", "polar": {"bgcolor": "rgb(17,17,17)", "angularaxis": {"gridcolor": "#506784", "linecolor": "#506784", "ticks": ""}, "radialaxis": {"gridcolor": "#506784", "linecolor": "#506784", "ticks": ""}}, "ternary": {"bgcolor": "rgb(17,17,17)", "aaxis": {"gridcolor": "#506784", "linecolor": "#506784", "ticks": ""}, "baxis": {"gridcolor": "#506784", "linecolor": "#506784", "ticks": ""}, "caxis": {"gridcolor": "#506784", "linecolor": "#506784", "ticks": ""}}, "coloraxis": {"colorbar": {"outlinewidth": 0, "ticks": ""}}, "colorscale": {"sequential": [[0.0, "#0d0887"], [0.1111111111111111, "#46039f"], [0.2222222222222222, "#7201a8"], [0.3333333333333333, "#9c179e"], [0.4444444444444444, "#bd3786"], [0.5555555555555556, "#d8576b"], [0.6666666666666666, "#ed7953"], [0.7777777777777778, "#fb9f3a"], [0.8888888888888888, "#fdca26"], [1.0, "#f0f921"]], "sequentialminus": [[0.0, "#0d0887"], [0.1111111111111111, "#46039f"], [0.2222222222222222, "#7201a8"], [0.3333333333333333, "#9c179e"], [0.4444444444444444, "#bd3786"], [0.5555555555555556, "#d8576b"], [0.6666666666666666, "#ed7953"], [0.7777777777777778, "#fb9f3a"], [0.8888888888888888, "#fdca26"], [1.0, "#f0f921"]], "diverging": [[0, "#8e0152"], [0.1, "#c51b7d"], [0.2, "#de77ae"], [0.3, "#f1b6da"], [0.4, "#fde0ef"], [0.5, "#f7f7f7"], [0.6, "#e6f5d0"], [0.7, "#b8e186"], [0.8, "#7fbc41"], [0.9, "#4d9221"], [1, "#276419"]]}, "xaxis": {"gridcolor": "rgba(0, 0, 0, 0)", "linecolor": "#506784", "ticks": "", "title": {"standoff": 15}, "zerolinecolor": "#283442", "automargin": true, "zerolinewidth": 2, "tickfont": {"family": "Courier New", "size": 14}, "side": "top", "tickangle": -90}, "yaxis": {"gridcolor": "rgba(0, 0, 0, 0)", "linecolor": "#506784", "ticks": "", "title": {"standoff": 15}, "zerolinecolor": "#283442", "automargin": true, "zerolinewidth": 2, "tickfont": {"family": "Courier New"}, "side": "right"}, "scene": {"xaxis": {"backgroundcolor": "rgb(17,17,17)", "gridcolor": "#506784", "linecolor": "#506784", "showbackground": true, "ticks": "", "zerolinecolor": "#C8D4E3", "gridwidth": 2}, "yaxis": {"backgroundcolor": "rgb(17,17,17)", "gridcolor": "#506784", "linecolor": "#506784", "showbackground": true, "ticks": "", "zerolinecolor": "#C8D4E3", "gridwidth": 2}, "zaxis": {"backgroundcolor": "rgb(17,17,17)", "gridcolor": "#506784", "linecolor": "#506784", "showbackground": true, "ticks": "", "zerolinecolor": "#C8D4E3", "gridwidth": 2}}, "shapedefaults": {"line": {"color": "#f2f5fa"}}, "annotationdefaults": {"arrowcolor": "#f2f5fa", "arrowhead": 0, "arrowwidth": 1}, "geo": {"bgcolor": "rgb(17,17,17)", "landcolor": "rgb(17,17,17)", "subunitcolor": "#506784", "showland": true, "showlakes": true, "lakecolor": "rgb(17,17,17)"}, "title": {"x": 0.05, "font": {"family": "Times New Roman"}, "y": 0.05, "text": "<b>Correlation of Close<b><br><i>2016/09/23 ~ 2025/05/23<i>"}, "updatemenudefaults": {"bgcolor": "#506784", "borderwidth": 0}, "sliderdefaults": {"bgcolor": "#C8D4E3", "borderwidth": 1, "bordercolor": "rgb(17,17,17)", "tickwidth": 0}, "mapbox": {"style": "dark"}, "height": 600}};

Plotly.newPlot("correlationClose",
    correlationClose.data,
    correlationClose.layout || {},
    config);