var element=document.getElementById("correlationClose");if(element.style.display!='none'){var correlationClose={"data":[{"type":"heatmap","z":[[1.0,0.9999999999999983,1.0,0.9951323053611574,0.9951323053611574,0.9668704234077418,0.9668704234077418,0.907442452150878,0.907442452150878,0.8280267332950754,0.9945581495469951,0.7879602861484426,0.9925854070775519,0.992776651931164,0.9946021682459496,0.9747901315470145,0.9990901278436622,0.9181673600175279,0.9181673600175279,0.7822686021597052,-0.14789015272508582,0.978454914879973,0.1745500267392527,-0.1089819778420017,-0.25133861421882503,0.8144307826795246,0.9065880093256542,0.9157471586006283,0.9252965876809024,0.782355994318719,0.5677587837924349,0.6393208035024769,0.6295182412522884,0.9347442202287997,0.8369166252139568,0.19574178083416932],[0.9999999999999983,1.0,0.9999999999999986,0.9951007695476755,0.9951007695476755,0.9663475140955023,0.9663475140955023,0.9083683787337921,0.9083683787337921,0.8294812404586888,0.9945514223616226,0.7881922414155985,0.9923058347057254,0.9922764522719825,0.9946046660778393,0.9742429740904,0.9990912381080186,0.9183373885822268,0.9183373885822268,0.8007041855711978,0.06402417110231633,0.9704591316933857,-0.03557835872990693,-0.10165409966911769,-0.25166275700989976,0.6488951583282169,0.9075015233350638,0.8917582349959269,0.919999662225284,0.792863996075886,0.5597820946739102,0.6367709751176744,0.6550321601603298,0.932547925557839,0.6956604241679167,0.19297463682540075],[1.0,0.9999999999999986,1.0,0.9951323053611574,0.9951323053611574,0.9668704234077418,0.9668704234077418,0.907442452150878,0.907442452150878,0.8280267332950754,0.9945581495469951,0.7879602861484426,0.9925854070775519,0.992776651931164,0.9946021682459496,0.9747901315470145,0.9990901278436622,0.9181673600175279,0.9181673600175279,0.7822686021597052,-0.14789015272508582,0.978454914879973,0.1745500267392527,-0.1089819778420017,-0.25133861421882503,0.8144307826795246,0.9065880093256542,0.9157471586006283,0.9252965876809024,0.782355994318719,0.5677587837924349,0.6393208035024769,0.6295182412522884,0.9347442202287997,0.8369166252139568,0.19574178083416932],[0.9951323053611574,0.9951007695476755,0.9951323053611574,1.0,1.0,0.9537357317766816,0.9537357317766816,0.8917178477750141,0.8917178477750141,0.8020883521260129,0.9995465848348761,0.7602576757007461,0.9913377867361053,0.9885171557297311,0.999508235539523,0.9573529744310006,0.9948292466964926,0.8934892282172429,0.8934892282172429,0.7566803989353154,-0.15604267758464482,0.9907736539649108,0.20166156122219403,-0.14511709827097888,-0.2515026648252327,0.8048807869269311,0.9187759293731328,0.9167961195556938,0.9092780286953356,0.7869107678311397,0.596655520139296,0.6321249909444081,0.5990585678802082,0.9249600871463683,0.826773976889657,0.2078940940453081],[0.9951323053611574,0.9951007695476755,0.9951323053611574,1.0,1.0,0.9537357317766816,0.9537357317766816,0.8917178477750141,0.8917178477750141,0.8020883521260129,0.9995465848348761,0.7602576757007461,0.9913377867361053,0.9885171557297311,0.999508235539523,0.9573529744310006,0.9948292466964926,0.8934892282172429,0.8934892282172429,0.7566803989353154,-0.15604267758464482,0.9907736539649108,0.20166156122219403,-0.14511709827097888,-0.2515026648252327,0.8048807869269311,0.9187759293731328,0.9167961195556938,0.9092780286953356,0.7869107678311397,0.596655520139296,0.6321249909444081,0.5990585678802082,0.9249600871463683,0.826773976889657,0.2078940940453081],[0.9668704234077418,0.9663475140955023,0.9668704234077418,0.9537357317766816,0.9537357317766816,1.0,1.0,0.9324236585459841,0.9324236585459841,0.7998558103526024,0.9531716367471943,0.7840814639703413,0.9698798148722861,0.9673345033191637,0.9530306915069253,0.9990831002158604,0.9745492222958414,0.9186404334871706,0.9186404334871706,0.6475666245519558,-0.09712599576476062,0.9392589520835779,0.3287141326066707,-0.2915019355169028,-0.1205936967365987,0.8830652147992855,0.8589252274874252,0.9333859315503842,0.9004832001950681,0.7474150115835595,0.7548130773785345,0.7410674856628867,0.7043268930084292,0.8651651965172042,0.8672144460305037,0.47408709967271867],[0.9668704234077418,0.9663475140955023,0.9668704234077418,0.9537357317766816,0.9537357317766816,1.0,1.0,0.9324236585459841,0.9324236585459841,0.7998558103526024,0.9531716367471943,0.7840814639703413,0.9698798148722861,0.9673345033191637,0.9530306915069253,0.9990831002158604,0.9745492222958414,0.9186404334871706,0.9186404334871706,0.6475666245519558,-0.09712599576476062,0.9392589520835779,0.3287141326066707,-0.2915019355169028,-0.1205936967365987,0.8830652147992855,0.8589252274874252,0.9333859315503842,0.9004832001950681,0.7474150115835595,0.7548130773785345,0.7410674856628867,0.7043268930084292,0.8651651965172042,0.8672144460305037,0.47408709967271867],[0.907442452150878,0.9083683787337921,0.907442452150878,0.8917178477750141,0.8917178477750141,0.9324236585459841,0.9324236585459841,1.0,1.0,0.7495681461436873,0.9377716336940771,0.7665889977813871,0.940702171928255,0.9354339772814237,0.9376574069666194,0.9335503095353349,0.945312019926507,0.9710764021466842,0.9710764021466842,0.5912935681456518,0.023865718668458533,0.8541418811899145,0.557525946401342,-0.31746559152901044,0.013917726585831796,0.7881940195795751,0.7582374933437319,0.8769803572966871,0.8544787269988448,0.7604685746763669,0.8808423622166607,0.7836708918833835,0.7164301779811467,0.7977561996083126,0.8535724949504954,0.8053278774740598],[0.907442452150878,0.9083683787337921,0.907442452150878,0.8917178477750141,0.8917178477750141,0.9324236585459841,0.9324236585459841,1.0,1.0,0.7495681461436873,0.9377716336940771,0.7665889977813871,0.940702171928255,0.9354339772814237,0.9376574069666194,0.9335503095353349,0.945312019926507,0.9710764021466842,0.9710764021466842,0.5912935681456518,0.023865718668458533,0.8541418811899145,0.557525946401342,-0.31746559152901044,0.013917726585831796,0.7881940195795751,0.7582374933437319,0.8769803572966871,0.8544787269988448,0.7604685746763669,0.8808423622166607,0.7836708918833835,0.7164301779811467,0.7977561996083126,0.8535724949504954,0.8053278774740598],[0.8280267332950754,0.8294812404586888,0.8280267332950754,0.8020883521260129,0.8020883521260129,0.7998558103526024,0.7998558103526024,0.7495681461436873,0.7495681461436873,1.0,0.6940510059994468,0.9999698475416336,0.6286204982601483,0.5412075705913034,0.6957323758436027,0.7952653402706122,0.747603921786893,0.8243230806988459,0.8243230806988459,0.6980206689121371,-0.1001191038200142,0.7751425511106936,0.039044372128719605,0.047840566350461924,-0.2433768029391352,0.7910761781658846,0.5710736982951404,0.7722909071763456,0.8207649599009347,0.6911166870494213,0.36465746928711773,0.5352237782974612,0.5658676726171363,0.803010106883307,0.6693886234040487,0.1732180573667587],[0.9945581495469951,0.9945514223616226,0.9945581495469951,0.9995465848348761,0.9995465848348761,0.9531716367471943,0.9531716367471943,0.9377716336940771,0.9377716336940771,0.6940510059994468,1.0,0.6939542285658828,0.9910695279129973,0.9885673682109594,0.9999290809170014,0.9528266708685091,0.9938527358927906,0.9047020929903427,0.9047020929903427,0.8536951304210455,0.009944006940370008,0.9965306621601484,0.8897008608896085,-0.5121479794079103,0.33487159226137636,0.820874974367036,0.8833762666583775,0.9351398703721198,0.903499726342043,0.8106509691093282,0.9164772669932573,0.8669770562242811,0.7745965520929173,0.9048231399000471,0.9440472503935267,0.7811124252869275],[0.7879602861484426,0.7881922414155985,0.7879602861484426,0.7602576757007461,0.7602576757007461,0.7840814639703413,0.7840814639703413,0.7665889977813871,0.7665889977813871,0.9999698475416336,0.6939542285658828,1.0,0.6266818114849987,0.5386999620106057,0.6942773519653856,0.7867748325069098,0.7462774243826209,0.8204324817915789,0.8204324817915789,0.6596864994430052,0.027037619537746183,0.7350523089310574,0.4401930317110161,-0.17365979084934918,-0.2308264819466875,0.8233114843609624,0.4771878977855764,0.7478056282182591,0.7941789704155595,0.7178673006508856,0.5993629746711806,0.7137369034687843,0.6860737148685574,0.7627784610476315,0.6618014932608616,0.6821252440005359],[0.9925854070775519,0.9923058347057254,0.9925854070775519,0.9913377867361053,0.9913377867361053,0.9698798148722861,0.9698798148722861,0.940702171928255,0.940702171928255,0.6286204982601483,0.9910695279129973,0.6266818114849987,1.0,0.9997733789099773,0.991065069795341,0.9676202886258132,0.9904780863712147,0.8933814722018419,0.8933814722018419,0.832729742802762,0.03633081697358884,0.9893513443533494,0.9097288523285497,-0.6666137566444215,0.3997330809577711,0.791466555435363,0.8916314620855555,0.9426545321166965,0.8933944870546743,0.7461383982714827,0.9168653033599009,0.8448978814388491,0.7533978843595552,0.8896279415572118,0.9569293330304472,0.808210924688292],[0.992776651931164,0.9922764522719825,0.992776651931164,0.9885171557297311,0.9885171557297311,0.9673345033191637,0.9673345033191637,0.9354339772814237,0.9354339772814237,0.5412075705913034,0.9885673682109594,0.5386999620106057,0.9997733789099773,1.0,0.9887110864388013,0.9642663072843389,0.9897391457931485,0.8777736378837041,0.8777736378837041,0.8541227408922105,-0.08973589103754459,0.9853692566134585,0.9175879386076601,-0.8384030811353738,0.4350163144240185,0.7399941763374306,0.8965989053808323,0.9360851704562518,0.8791626533195448,0.6783393999260202,0.9249027665838196,0.8358657538248763,0.6950989401975727,0.9139816689100696,0.9575947553254531,0.7778845936070691],[0.9946021682459496,0.9946046660778393,0.9946021682459496,0.999508235539523,0.999508235539523,0.9530306915069253,0.9530306915069253,0.9376574069666194,0.9376574069666194,0.6957323758436027,0.9999290809170014,0.6942773519653856,0.991065069795341,0.9887110864388013,1.0,0.9528220200582951,0.9939199193932283,0.9051115345732685,0.9051115345732685,0.8545557582189566,0.009264889963996386,0.9964154448059532,0.8892962131371321,-0.5096714572191927,0.33374096244316137,0.8211886357621538,0.8819812164759858,0.934360608516886,0.9039525228291356,0.811911493315844,0.9160693531442116,0.8681331934928883,0.7756388858685669,0.904910271372023,0.9441525032423446,0.7820322755470379],[0.9747901315470145,0.9742429740904,0.9747901315470145,0.9573529744310006,0.9573529744310006,0.9990831002158604,0.9990831002158604,0.9335503095353349,0.9335503095353349,0.7952653402706122,0.9528266708685091,0.7867748325069098,0.9676202886258132,0.9642663072843389,0.9528220200582951,1.0,0.9754757668119064,0.9187982406412606,0.9187982406412606,0.6958890878204393,-0.08201101330098208,0.9464817479028921,0.6509352886637415,-0.42349385316104743,-0.16840194636856,0.8945771606842376,0.8534844107663948,0.9294029099709593,0.9077131071045496,0.7839323829587702,0.8593395971628012,0.788144638517651,0.7608623821217061,0.8867955164673005,0.8646037397999767,0.7933768467872273],[0.9990901278436622,0.9990912381080186,0.9990901278436622,0.9948292466964926,0.9948292466964926,0.9745492222958414,0.9745492222958414,0.945312019926507,0.945312019926507,0.747603921786893,0.9938527358927906,0.7462774243826209,0.9904780863712147,0.9897391457931485,0.9939199193932283,0.9754757668119064,1.0,0.9302141233824875,0.9302141233824875,0.8634702532476718,0.02366455368040287,0.9873994557276737,0.8578855335856432,-0.4911566047789367,0.35324630246563077,0.8668032804230159,0.874639928665345,0.9457611006677927,0.932459242649908,0.8327439256039483,0.904796077881638,0.8981957393063074,0.816481195951393,0.9182804213837203,0.9530142228825482,0.8369097223348149],[0.9181673600175279,0.9183373885822268,0.9181673600175279,0.8934892282172429,0.8934892282172429,0.9186404334871706,0.9186404334871706,0.9710764021466842,0.9710764021466842,0.8243230806988459,0.9047020929903427,0.8204324817915789,0.8933814722018419,0.8777736378837041,0.9051115345732685,0.9187982406412606,0.9302141233824875,1.0,1.0,0.7443927339165929,-0.037196311647268575,0.8572684034257537,0.5547272087399211,-0.20284210625607485,-0.2080473770657322,0.8287195364634974,0.7304469267415087,0.8393404387696453,0.9179107888585097,0.8403097106673869,0.8002311946161188,0.7589809264891249,0.7072256335515343,0.8472472514485918,0.7809237493073204,0.8535301043550293],[0.9181673600175279,0.9183373885822268,0.9181673600175279,0.8934892282172429,0.8934892282172429,0.9186404334871706,0.9186404334871706,0.9710764021466842,0.9710764021466842,0.8243230806988459,0.9047020929903427,0.8204324817915789,0.8933814722018419,0.8777736378837041,0.9051115345732685,0.9187982406412606,0.9302141233824875,1.0,1.0,0.7443927339165929,-0.037196311647268575,0.8572684034257537,0.5547272087399211,-0.20284210625607485,-0.2080473770657322,0.8287195364634974,0.7304469267415087,0.8393404387696453,0.9179107888585097,0.8403097106673869,0.8002311946161188,0.7589809264891249,0.7072256335515343,0.8472472514485918,0.7809237493073204,0.8535301043550293],[0.7822686021597052,0.8007041855711978,0.7822686021597052,0.7566803989353154,0.7566803989353154,0.6475666245519558,0.6475666245519558,0.5912935681456518,0.5912935681456518,0.6980206689121371,0.8536951304210455,0.6596864994430052,0.832729742802762,0.8541227408922105,0.8545557582189566,0.6958890878204393,0.8634702532476718,0.7443927339165929,0.7443927339165929,1.0,0.03188576103916116,0.7182398633514002,-0.35858825688469087,0.3119037629707784,-0.6563440938008909,0.3577247796629576,0.7031519216472959,0.5149108473873459,0.8372406749601727,0.6968185777582302,0.1204455790908943,0.3146207331487491,0.5678830176774601,0.7838220051862919,0.48375343241870045,-0.1455646426841614],[-0.14789015272508582,0.06402417110231633,-0.14789015272508582,-0.15604267758464482,-0.15604267758464482,-0.09712599576476062,-0.09712599576476062,0.023865718668458533,0.023865718668458533,-0.1001191038200142,0.009944006940370008,0.027037619537746183,0.03633081697358884,-0.08973589103754459,0.009264889963996386,-0.08201101330098208,0.02366455368040287,-0.037196311647268575,-0.037196311647268575,0.03188576103916116,1.0,-0.1006509348350457,0.10282848545476156,0.15903984017887257,0.7483536150083767,-0.09472670714380695,-0.05322292137994253,-0.018430141842145552,0.1567159750640981,-0.004430259231831259,0.04134530743020483,0.325878021641104,0.5649732910100186,-0.1266290596352714,0.10077695330586625,0.1542486550843358],[0.978454914879973,0.9704591316933857,0.978454914879973,0.9907736539649108,0.9907736539649108,0.9392589520835779,0.9392589520835779,0.8541418811899145,0.8541418811899145,0.7751425511106936,0.9965306621601484,0.7350523089310574,0.9893513443533494,0.9853692566134585,0.9964154448059532,0.9464817479028921,0.9873994557276737,0.8572684034257537,0.8572684034257537,0.7182398633514002,-0.1006509348350457,1.0,0.10954482579464657,-0.202557685447278,-0.30113527430466475,0.6684293054923746,0.9192647188792485,0.9002645923679727,0.8532107785007803,0.7552718061538134,0.5975312985574913,0.5990645894826879,0.5292873649627264,0.9039470328257888,0.6741630082564728,0.18907268104425534],[0.1745500267392527,-0.03557835872990693,0.1745500267392527,0.20166156122219403,0.20166156122219403,0.3287141326066707,0.3287141326066707,0.557525946401342,0.557525946401342,0.039044372128719605,0.8897008608896085,0.4401930317110161,0.9097288523285497,0.9175879386076601,0.8892962131371321,0.6509352886637415,0.8578855335856432,0.5547272087399211,0.5547272087399211,-0.35858825688469087,0.10282848545476156,0.10954482579464657,1.0,-0.46164075990110304,0.711429570487367,0.38370508980610096,0.1255200467694293,0.322631941482471,-0.08585768389057476,0.0872856599147653,0.6022561385510488,0.48305627862901274,0.20266132796574746,0.01820452709021837,0.39889493540785276,0.4712637432647058],[-0.1089819778420017,-0.10165409966911769,-0.1089819778420017,-0.14511709827097888,-0.14511709827097888,-0.2915019355169028,-0.2915019355169028,-0.31746559152901044,-0.31746559152901044,0.047840566350461924,-0.5121479794079103,-0.17365979084934918,-0.6666137566444215,-0.8384030811353738,-0.5096714572191927,-0.42349385316104743,-0.4911566047789367,-0.20284210625607485,-0.20284210625607485,0.3119037629707784,0.15903984017887257,-0.202557685447278,-0.46164075990110304,1.0,-0.02644282685355131,-0.16898805569403996,-0.199788234724463,-0.3086247306357523,-0.05083074762838312,-0.0811327104046809,-0.5709991472215029,-0.20571135758107253,-0.027702068987515892,-0.05388091503423114,-0.2271142578247686,-0.41050486864862834],[-0.25133861421882503,-0.25166275700989976,-0.25133861421882503,-0.2515026648252327,-0.2515026648252327,-0.1205936967365987,-0.1205936967365987,0.013917726585831796,0.013917726585831796,-0.2433768029391352,0.33487159226137636,-0.2308264819466875,0.3997330809577711,0.4350163144240185,0.33374096244316137,-0.16840194636856,0.35324630246563077,-0.2080473770657322,-0.2080473770657322,-0.6563440938008909,0.7483536150083767,-0.30113527430466475,0.711429570487367,-0.02644282685355131,1.0,-0.10777551313060292,-0.24380339613675292,-0.06812731995705654,-0.35153764062336007,-0.329801720671447,0.06652126809702161,0.15925167641926924,0.26193090517152984,-0.37847388468240245,0.10933974515667058,0.08997485280741352],[0.8144307826795246,0.6488951583282169,0.8144307826795246,0.8048807869269311,0.8048807869269311,0.8830652147992855,0.8830652147992855,0.7881940195795751,0.7881940195795751,0.7910761781658846,0.820874974367036,0.8233114843609624,0.791466555435363,0.7399941763374306,0.8211886357621538,0.8945771606842376,0.8668032804230159,0.8287195364634974,0.8287195364634974,0.3577247796629576,-0.09472670714380695,0.6684293054923746,0.38370508980610096,-0.16898805569403996,-0.10777551313060292,1.0,0.5448038129133039,0.8394133404818852,0.49892381551755927,0.6308033841372716,0.552604371267228,0.6604736866107888,0.4272411069426838,0.7071341211346858,0.705407007953635,0.4200795292892183],[0.9065880093256542,0.9075015233350638,0.9065880093256542,0.9187759293731328,0.9187759293731328,0.8589252274874252,0.8589252274874252,0.7582374933437319,0.7582374933437319,0.5710736982951404,0.8833762666583775,0.4771878977855764,0.8916314620855555,0.8965989053808323,0.8819812164759858,0.8534844107663948,0.874639928665345,0.7304469267415087,0.7304469267415087,0.7031519216472959,-0.05322292137994253,0.9192647188792485,0.1255200467694293,-0.199788234724463,-0.24380339613675292,0.5448038129133039,1.0,0.8004256126754477,0.7798517693503145,0.6655286249267369,0.5081202077391979,0.5059020215700074,0.5141662710126048,0.8412307435712401,0.6312503300159639,0.11470413667776548],[0.9157471586006283,0.8917582349959269,0.9157471586006283,0.9167961195556938,0.9167961195556938,0.9333859315503842,0.9333859315503842,0.8769803572966871,0.8769803572966871,0.7722909071763456,0.9351398703721198,0.7478056282182591,0.9426545321166965,0.9360851704562518,0.934360608516886,0.9294029099709593,0.9457611006677927,0.8393404387696453,0.8393404387696453,0.5149108473873459,-0.018430141842145552,0.9002645923679727,0.322631941482471,-0.3086247306357523,-0.06812731995705654,0.8394133404818852,0.8004256126754477,1.0,0.75694143240854,0.6177125437210799,0.6083085369723735,0.6075442594934232,0.5355987535791168,0.8235732088175386,0.8380711288271782,0.22681448540334845],[0.9252965876809024,0.919999662225284,0.9252965876809024,0.9092780286953356,0.9092780286953356,0.9004832001950681,0.9004832001950681,0.8544787269988448,0.8544787269988448,0.8207649599009347,0.903499726342043,0.7941789704155595,0.8933944870546743,0.8791626533195448,0.9039525228291356,0.9077131071045496,0.932459242649908,0.9179107888585097,0.9179107888585097,0.8372406749601727,0.1567159750640981,0.8532107785007803,-0.08585768389057476,-0.05083074762838312,-0.35153764062336007,0.49892381551755927,0.7798517693503145,0.75694143240854,1.0,0.9077400129217551,0.554378272335637,0.6918601429558106,0.6676371010566944,0.8806910744332291,0.5159228771013533,0.3041482624626819],[0.782355994318719,0.792863996075886,0.782355994318719,0.7869107678311397,0.7869107678311397,0.7474150115835595,0.7474150115835595,0.7604685746763669,0.7604685746763669,0.6911166870494213,0.8106509691093282,0.7178673006508856,0.7461383982714827,0.6783393999260202,0.811911493315844,0.7839323829587702,0.8327439256039483,0.8403097106673869,0.8403097106673869,0.6968185777582302,-0.004430259231831259,0.7552718061538134,0.0872856599147653,-0.0811327104046809,-0.329801720671447,0.6308033841372716,0.6655286249267369,0.6177125437210799,0.9077400129217551,1.0,0.5872583826709733,0.6741334795206962,0.6118132309897382,0.73583798105521,0.5929472335097514,0.4767046884812237],[0.5677587837924349,0.5597820946739102,0.5677587837924349,0.596655520139296,0.596655520139296,0.7548130773785345,0.7548130773785345,0.8808423622166607,0.8808423622166607,0.36465746928711773,0.9164772669932573,0.5993629746711806,0.9168653033599009,0.9249027665838196,0.9160693531442116,0.8593395971628012,0.904796077881638,0.8002311946161188,0.8002311946161188,0.1204455790908943,0.04134530743020483,0.5975312985574913,0.6022561385510488,-0.5709991472215029,0.06652126809702161,0.552604371267228,0.5081202077391979,0.6083085369723735,0.554378272335637,0.5872583826709733,1.0,0.7472708006957899,0.38659202419820093,0.5125775970808668,0.5944427138292347,0.7558393516152233],[0.6393208035024769,0.6367709751176744,0.6393208035024769,0.6321249909444081,0.6321249909444081,0.7410674856628867,0.7410674856628867,0.7836708918833835,0.7836708918833835,0.5352237782974612,0.8669770562242811,0.7137369034687843,0.8448978814388491,0.8358657538248763,0.8681331934928883,0.788144638517651,0.8981957393063074,0.7589809264891249,0.7589809264891249,0.3146207331487491,0.325878021641104,0.5990645894826879,0.48305627862901274,-0.20571135758107253,0.15925167641926924,0.6604736866107888,0.5059020215700074,0.6075442594934232,0.6918601429558106,0.6741334795206962,0.7472708006957899,1.0,0.7793755348148594,0.5061897893457136,0.7327520336065062,0.5522643520309433],[0.6295182412522884,0.6550321601603298,0.6295182412522884,0.5990585678802082,0.5990585678802082,0.7043268930084292,0.7043268930084292,0.7164301779811467,0.7164301779811467,0.5658676726171363,0.7745965520929173,0.6860737148685574,0.7533978843595552,0.6950989401975727,0.7756388858685669,0.7608623821217061,0.816481195951393,0.7072256335515343,0.7072256335515343,0.5678830176774601,0.5649732910100186,0.5292873649627264,0.20266132796574746,-0.027702068987515892,0.26193090517152984,0.4272411069426838,0.5141662710126048,0.5355987535791168,0.6676371010566944,0.6118132309897382,0.38659202419820093,0.7793755348148594,1.0,0.49518191116098614,0.6660282249412243,0.20505629702329015],[0.9347442202287997,0.932547925557839,0.9347442202287997,0.9249600871463683,0.9249600871463683,0.8651651965172042,0.8651651965172042,0.7977561996083126,0.7977561996083126,0.803010106883307,0.9048231399000471,0.7627784610476315,0.8896279415572118,0.9139816689100696,0.904910271372023,0.8867955164673005,0.9182804213837203,0.8472472514485918,0.8472472514485918,0.7838220051862919,-0.1266290596352714,0.9039470328257888,0.01820452709021837,-0.05388091503423114,-0.37847388468240245,0.7071341211346858,0.8412307435712401,0.8235732088175386,0.8806910744332291,0.73583798105521,0.5125775970808668,0.5061897893457136,0.49518191116098614,1.0,0.7412545176959826,0.18171675172796165],[0.8369166252139568,0.6956604241679167,0.8369166252139568,0.826773976889657,0.826773976889657,0.8672144460305037,0.8672144460305037,0.8535724949504954,0.8535724949504954,0.6693886234040487,0.9440472503935267,0.6618014932608616,0.9569293330304472,0.9575947553254531,0.9441525032423446,0.8646037397999767,0.9530142228825482,0.7809237493073204,0.7809237493073204,0.48375343241870045,0.10077695330586625,0.6741630082564728,0.39889493540785276,-0.2271142578247686,0.10933974515667058,0.705407007953635,0.6312503300159639,0.8380711288271782,0.5159228771013533,0.5929472335097514,0.5944427138292347,0.7327520336065062,0.6660282249412243,0.7412545176959826,1.0,0.19074139978348983],[0.19574178083416932,0.19297463682540075,0.19574178083416932,0.2078940940453081,0.2078940940453081,0.47408709967271867,0.47408709967271867,0.8053278774740598,0.8053278774740598,0.1732180573667587,0.7811124252869275,0.6821252440005359,0.808210924688292,0.7778845936070691,0.7820322755470379,0.7933768467872273,0.8369097223348149,0.8535301043550293,0.8535301043550293,-0.1455646426841614,0.1542486550843358,0.18907268104425534,0.4712637432647058,-0.41050486864862834,0.08997485280741352,0.4200795292892183,0.11470413667776548,0.22681448540334845,0.3041482624626819,0.4767046884812237,0.7558393516152233,0.5522643520309433,0.20505629702329015,0.18171675172796165,0.19074139978348983,1.0]],"x":["^TAIEX       \u81fa\u7063\u52a0\u6b0a\u5831\u916c\u6307\u6578","^TWII        \u81fa\u7063\u52a0\u6b0a\u6307\u6578","^TAIEXx2     \u81fa\u7063\u52a0\u6b0a\u5831\u916c\u6307\u6578_\u65e5\u6b632","^TAI50I      \u81fa\u706350\u5831\u916c\u6307\u6578","^TAI50Ix2    \u81fa\u706350\u5831\u916c\u6307\u6578_\u65e5\u6b632","^TAI100I     \u81fa\u7063\u4e2d\u578b100\u5831\u916c\u6307\u6578","^TAI100Ix2   \u81fa\u7063\u4e2d\u578b100\u5831\u916c\u6307\u6578_\u65e5\u6b632","^TAIDIVIDI   \u81fa\u7063\u9ad8\u80a1\u606f\u5831\u916c\u6307\u6578","^TAIDIVIDIx2 \u81fa\u7063\u9ad8\u80a1\u606f\u5831\u916c\u6307\u6578_\u65e5\u6b632","0050Fund     \u5143\u5927\u53f0\u7063\u5353\u8d8a50\u57fa\u91d1","006208Fund   \u5bcc\u90a6\u53f0\u7063\u91c6\u540950\u57fa\u91d1","0050         \u5143\u5927\u81fa\u706350","00631L       \u5143\u5927\u53f0\u706350\u6b632","00675L       \u5bcc\u90a6\u81fa\u7063\u52a0\u6b0a\u6b632","006208       \u5bcc\u90a6\u53f050","0051         \u5143\u5927\u4e2d\u578b100","006204       \u6c38\u8c50\u81fa\u7063\u52a0\u6b0a","0056         \u5143\u5927\u9ad8\u80a1\u606f","0056         \u5143\u5927\u9ad8\u80a1\u606f_\u80a1\u606f\u4e0d\u6295\u5165","2412         \u4e2d\u83ef\u96fb\u4fe1","2002         \u4e2d\u92fc","2330         \u53f0\u7a4d\u96fb","2317         \u9d3b\u6d77","6505         \u53f0\u5851\u77f3\u5316","3481         \u7fa4\u5275","2303         \u806f\u96fb","2308         \u53f0\u9054\u96fb","2454         \u806f\u767c\u79d1","2886         \u5146\u8c50\u91d1","2884         \u7389\u5c71\u91d1","2891         \u4e2d\u4fe1\u91d1","2892         \u7b2c\u4e00\u91d1","5880         \u5408\u5eab\u91d1","2881         \u5bcc\u90a6\u91d1","2885         \u5143\u5927\u91d1","2887         \u53f0\u65b0\u91d1"],"y":["^TAIEX       \u81fa\u7063\u52a0\u6b0a\u5831\u916c\u6307\u6578","^TWII        \u81fa\u7063\u52a0\u6b0a\u6307\u6578","^TAIEXx2     \u81fa\u7063\u52a0\u6b0a\u5831\u916c\u6307\u6578_\u65e5\u6b632","^TAI50I      \u81fa\u706350\u5831\u916c\u6307\u6578","^TAI50Ix2    \u81fa\u706350\u5831\u916c\u6307\u6578_\u65e5\u6b632","^TAI100I     \u81fa\u7063\u4e2d\u578b100\u5831\u916c\u6307\u6578","^TAI100Ix2   \u81fa\u7063\u4e2d\u578b100\u5831\u916c\u6307\u6578_\u65e5\u6b632","^TAIDIVIDI   \u81fa\u7063\u9ad8\u80a1\u606f\u5831\u916c\u6307\u6578","^TAIDIVIDIx2 \u81fa\u7063\u9ad8\u80a1\u606f\u5831\u916c\u6307\u6578_\u65e5\u6b632","0050Fund     \u5143\u5927\u53f0\u7063\u5353\u8d8a50\u57fa\u91d1","006208Fund   \u5bcc\u90a6\u53f0\u7063\u91c6\u540950\u57fa\u91d1","0050         \u5143\u5927\u81fa\u706350","00631L       \u5143\u5927\u53f0\u706350\u6b632","00675L       \u5bcc\u90a6\u81fa\u7063\u52a0\u6b0a\u6b632","006208       \u5bcc\u90a6\u53f050","0051         \u5143\u5927\u4e2d\u578b100","006204       \u6c38\u8c50\u81fa\u7063\u52a0\u6b0a","0056         \u5143\u5927\u9ad8\u80a1\u606f","0056         \u5143\u5927\u9ad8\u80a1\u606f_\u80a1\u606f\u4e0d\u6295\u5165","2412         \u4e2d\u83ef\u96fb\u4fe1","2002         \u4e2d\u92fc","2330         \u53f0\u7a4d\u96fb","2317         \u9d3b\u6d77","6505         \u53f0\u5851\u77f3\u5316","3481         \u7fa4\u5275","2303         \u806f\u96fb","2308         \u53f0\u9054\u96fb","2454         \u806f\u767c\u79d1","2886         \u5146\u8c50\u91d1","2884         \u7389\u5c71\u91d1","2891         \u4e2d\u4fe1\u91d1","2892         \u7b2c\u4e00\u91d1","5880         \u5408\u5eab\u91d1","2881         \u5bcc\u90a6\u91d1","2885         \u5143\u5927\u91d1","2887         \u53f0\u65b0\u91d1"],"zmin":-1,"zmax":1,"colorbar":{"x":-0.2}}],"layout":{"autotypenumbers":"strict","colorway":["#636efa","#EF553B","#00cc96","#ab63fa","#FFA15A","#19d3f3","#FF6692","#B6E880","#FF97FF","#FECB52"],"font":{"color":"#f2f5fa","family":"Courier New"},"hovermode":"closest","hoverlabel":{"align":"left"},"paper_bgcolor":"rgb(17,17,17)","plot_bgcolor":"rgb(17,17,17)","polar":{"bgcolor":"rgb(17,17,17)","angularaxis":{"gridcolor":"#506784","linecolor":"#506784","ticks":""},"radialaxis":{"gridcolor":"#506784","linecolor":"#506784","ticks":""}},"ternary":{"bgcolor":"rgb(17,17,17)","aaxis":{"gridcolor":"#506784","linecolor":"#506784","ticks":""},"baxis":{"gridcolor":"#506784","linecolor":"#506784","ticks":""},"caxis":{"gridcolor":"#506784","linecolor":"#506784","ticks":""}},"coloraxis":{"colorbar":{"outlinewidth":0,"ticks":""}},"colorscale":{"sequential":[[0.0,"#0d0887"],[0.1111111111111111,"#46039f"],[0.2222222222222222,"#7201a8"],[0.3333333333333333,"#9c179e"],[0.4444444444444444,"#bd3786"],[0.5555555555555556,"#d8576b"],[0.6666666666666666,"#ed7953"],[0.7777777777777778,"#fb9f3a"],[0.8888888888888888,"#fdca26"],[1.0,"#f0f921"]],"sequentialminus":[[0.0,"#0d0887"],[0.1111111111111111,"#46039f"],[0.2222222222222222,"#7201a8"],[0.3333333333333333,"#9c179e"],[0.4444444444444444,"#bd3786"],[0.5555555555555556,"#d8576b"],[0.6666666666666666,"#ed7953"],[0.7777777777777778,"#fb9f3a"],[0.8888888888888888,"#fdca26"],[1.0,"#f0f921"]],"diverging":[[0,"#8e0152"],[0.1,"#c51b7d"],[0.2,"#de77ae"],[0.3,"#f1b6da"],[0.4,"#fde0ef"],[0.5,"#f7f7f7"],[0.6,"#e6f5d0"],[0.7,"#b8e186"],[0.8,"#7fbc41"],[0.9,"#4d9221"],[1,"#276419"]]},"xaxis":{"gridcolor":"rgba(0, 0, 0, 0)","linecolor":"#506784","ticks":"","title":{"standoff":15},"zerolinecolor":"#283442","automargin":true,"zerolinewidth":2,"tickfont":{"family":"Courier New","size":14},"side":"top","tickangle":-90},"yaxis":{"gridcolor":"rgba(0, 0, 0, 0)","linecolor":"#506784","ticks":"","title":{"standoff":15},"zerolinecolor":"#283442","automargin":true,"zerolinewidth":2,"tickfont":{"family":"Courier New"},"side":"right"},"scene":{"xaxis":{"backgroundcolor":"rgb(17,17,17)","gridcolor":"#506784","linecolor":"#506784","showbackground":true,"ticks":"","zerolinecolor":"#C8D4E3","gridwidth":2},"yaxis":{"backgroundcolor":"rgb(17,17,17)","gridcolor":"#506784","linecolor":"#506784","showbackground":true,"ticks":"","zerolinecolor":"#C8D4E3","gridwidth":2},"zaxis":{"backgroundcolor":"rgb(17,17,17)","gridcolor":"#506784","linecolor":"#506784","showbackground":true,"ticks":"","zerolinecolor":"#C8D4E3","gridwidth":2}},"shapedefaults":{"line":{"color":"#f2f5fa"}},"annotationdefaults":{"arrowcolor":"#f2f5fa","arrowhead":0,"arrowwidth":1},"geo":{"bgcolor":"rgb(17,17,17)","landcolor":"rgb(17,17,17)","subunitcolor":"#506784","showland":true,"showlakes":true,"lakecolor":"rgb(17,17,17)"},"title":{"x":0.05,"font":{"family":"Times New Roman"},"y":0.05,"text":"<b>Correlation of Close<b><br><i>2016-09-23 ~ 2025-12-19<i>"},"updatemenudefaults":{"bgcolor":"#506784","borderwidth":0},"sliderdefaults":{"bgcolor":"#C8D4E3","borderwidth":1,"bordercolor":"rgb(17,17,17)","tickwidth":0},"mapbox":{"style":"dark"},"annotations":[{"text":"<b>@zwindr<b>","textangle":0,"opacity":0.5,"font":{"color":"white","size":12},"xref":"paper","yref":"paper","xanchor":"left","yanchor":"bottom","x":1.0,"y":1.0,"showarrow":false}]},"config":{"responsive":true,"toImageButtonOptions":{"filename":"Correlation of Close_2016-09-23~2025-12-19","scale":5}}};Plotly.newPlot("correlationClose",correlationClose.data,correlationClose.layout||{},correlationClose.config);}else{console.log("style display is none => correlationClose");}