var element=document.getElementById("correlationAdjClose");if(element.style.display!='none'){var correlationAdjClose={"data":[{"type":"heatmap","z":[[1.0,0.9952491495898965,0.9742906058938028,0.9969157141284151,0.9529172749016488,0.9845082837100635,0.9554778244431865,0.988191523123928,0.9758249444833109,0.9970701972559217,0.9965389083369256,0.997008589947274,0.9927940741590391,0.9938961939554699,0.9966137883132832,0.9858539662560362,0.9997291506661925,0.9879348954298632,0.8966808548741816,0.9171259348943215,0.6772470602225543,0.9845110326169517,0.936786514085978,0.34944533189126376,-0.2953123086953776,0.899240771064238,0.9254142656424322,0.9615812719138663,0.9752786642690656,0.9645268042223883,0.97981241397653,0.969543489360662,0.9384637213757168,0.9833939112499718,0.976170123190253,0.9571087494038615],[0.9952491495898965,1.0,0.9709710368377964,0.9919570624425527,0.9493675749270649,0.9807903419436041,0.9517463025888211,0.98065444683713,0.9702201183655037,0.9932083170180956,0.9949791589288997,0.9945360787226751,0.9920372761209924,0.9921324898716409,0.9950259796592578,0.9811116460535396,0.9974450148239759,0.9826839150550651,0.9164287860331853,0.9074078742603106,0.6992211338604738,0.969813152886839,0.9207196232583923,0.3488481629131085,-0.22835813890453274,0.8784514194621619,0.9203344502022894,0.9609632335909759,0.9566996542621196,0.952813621946429,0.9714518768291579,0.9562885267981385,0.9376672675134614,0.9743445323046457,0.9679389341252129,0.952249430918607],[0.9742906058938028,0.9709710368377964,1.0,0.9844832894430448,0.994173129171468,0.9706010777183961,0.9780047546437051,0.9554513873248731,0.9756169609791094,0.984208529552561,0.9908520758606126,0.9875804390506598,0.9970977355497304,0.9968908615645801,0.9905899141327857,0.9679753700737671,0.9846300134434454,0.954871513369911,0.8523636532185577,0.8178270422237898,0.5415213869989631,0.9924283319313666,0.9358694714623428,0.17690318736871785,-0.2188007407843505,0.8778478527417464,0.9453885761322622,0.9682421520371797,0.9122029266368852,0.904502012978214,0.9674531425315619,0.9067018976773434,0.8797618679384827,0.9625791267233239,0.9713818874415837,0.9150870973545799],[0.9969157141284151,0.9919570624425527,0.9844832894430448,1.0,0.9705334758970097,0.9758693473174322,0.9531787751933033,0.9786557550618543,0.9717675291071425,0.9999718198163683,0.9999923767279765,0.999964559557407,0.9938437399719502,0.9926957713910703,0.9999531903858692,0.9744747398354426,0.9957710860143401,0.9780383178381531,0.8781065584769716,0.8975944824663167,0.6368277039855497,0.9940768751457252,0.9416815351961151,0.31509338924577607,-0.28339809879173555,0.8894566255976636,0.9387859321024654,0.9642183919612033,0.9611062674730952,0.9569331291996761,0.981976678122885,0.955384471493141,0.9209947833842086,0.9798910265080022,0.9743014112691346,0.9455228506883923],[0.9529172749016488,0.9493675749270649,0.994173129171468,0.9705334758970097,1.0,0.9409011168873737,0.955902074373064,0.9260079470418058,0.9520411011350264,0.9706373610132251,0.9800425212890119,0.9760755348747489,0.9831607006370091,0.9805997918096502,0.9795829391040707,0.9367938756400074,0.9641425036905046,0.925046846371533,0.8142004717004153,0.782639711782766,0.48757577881605624,0.9858704890884629,0.9282682563660127,0.14014305359232043,-0.20620925929920805,0.8400619184165065,0.9532149783055767,0.9501172763565312,0.8768358847562939,0.8764922158978644,0.9529697678644405,0.8716451440774846,0.8374799846972875,0.9411099970096681,0.9501650020508007,0.8804033830762013],[0.9845082837100635,0.9807903419436041,0.9706010777183961,0.9758693473174322,0.9409011168873737,1.0,0.983173394526843,0.9829303767072233,0.9834988558169336,0.9753578955395144,0.9698145403482955,0.9733698276086358,0.9720143358405858,0.9694999665274138,0.9698034777846408,0.9999041454382799,0.9872285692305834,0.9837915503416929,0.9011506938626144,0.8725141430104734,0.6468653483998037,0.9670887080786252,0.9089923401292362,0.2287555491434532,-0.21985397493967251,0.9322134633880441,0.8975760356030416,0.9658872802991032,0.9594505476876669,0.9362732008040096,0.9595209721253511,0.9552149548159365,0.9511001082976677,0.9647738686694872,0.9802337887910574,0.9595125047383193],[0.9554778244431865,0.9517463025888211,0.9780047546437051,0.9531787751933033,0.955902074373064,0.983173394526843,1.0,0.9548850056524508,0.9849247585303904,0.951919470648278,0.9613779022909185,0.9581831501327772,0.9774465891157682,0.9777328533444851,0.9611613701817295,0.9843753580176083,0.9729388124745703,0.9572115182686488,0.8645756628795647,0.7925342307494644,0.5358662659392026,0.9566546389692883,0.9120781847708572,0.08959913561229658,-0.1597742434553537,0.8935429590214584,0.8992913598089167,0.9615846342957194,0.9036435957358164,0.8746020342724443,0.9420152189773475,0.8979599829654311,0.9016202424661632,0.9396474803552739,0.9708264901659949,0.9160534464938427],[0.988191523123928,0.98065444683713,0.9554513873248731,0.9786557550618543,0.9260079470418058,0.9829303767072233,0.9548850056524508,1.0,0.9841334575667725,0.9786556116770411,0.9736366474789353,0.9774883848251514,0.9662757144954294,0.9650902800652889,0.9738315242513595,0.9847273829953487,0.9857342893748051,0.9998866024037376,0.9281258289174172,0.9304092289596265,0.6165186051799819,0.9650685660681981,0.9022108101524311,0.20511846607700926,-0.3088905479893679,0.9085271711717734,0.8715745942042307,0.946831745526134,0.9794699386065054,0.958510293280939,0.9680707208549799,0.9669346576277131,0.9380412178308161,0.9646058180533366,0.9615089079864475,0.968991879404619],[0.9758249444833109,0.9702201183655037,0.9756169609791094,0.9717675291071425,0.9520411011350264,0.9834988558169336,0.9849247585303904,0.9841334575667725,1.0,0.9710812831649811,0.9669916017555922,0.9698421241190568,0.9701473318293052,0.9666271373796541,0.9669189299609875,0.982596397006469,0.975363738253496,0.9835064391861458,0.902451645418416,0.8644711157692836,0.5336880972819464,0.9684854905299551,0.9208936465302496,0.06513893344206306,-0.23214377136734643,0.8865784317992075,0.8812760315223559,0.9664736984739964,0.9385470873017266,0.9087750248018778,0.9634886073112963,0.9250999084104019,0.9044148655303533,0.9557642829010435,0.9746066045569872,0.9312548845689589],[0.9970701972559217,0.9932083170180956,0.984208529552561,0.9999718198163683,0.9706373610132251,0.9753578955395144,0.951919470648278,0.9786556116770411,0.9710812831649811,1.0,0.9999910325244057,0.9999833272052611,0.9937493178291971,0.9925827849726876,0.9999575530812405,0.9739716397642783,0.9956606274061156,0.9781309345382966,0.879866019532074,0.8988642554614125,0.6333499545602386,0.9942679518400264,0.941650994177713,0.320063135654945,-0.2828799146347486,0.8900064399472151,0.937131246084099,0.9628545560755698,0.9608520476436914,0.956141139433161,0.9811252121322064,0.9548036132205558,0.9196858485459036,0.9791799167451318,0.9733188834131966,0.94414251337693],[0.9965389083369256,0.9949791589288997,0.9908520758606126,0.9999923767279765,0.9800425212890119,0.9698145403482955,0.9613779022909185,0.9736366474789353,0.9669916017555922,0.9999910325244057,1.0,0.9999748633999346,0.9938685691614824,0.9926961166892591,0.9999600187344518,0.9694184037038462,0.9954513746538555,0.9741628726623913,0.8998742849157242,0.9270561539674981,0.5023476978010549,0.9973482472637056,0.9288940371192483,-0.16290581074494795,0.3854502416964497,0.8855941360950922,0.910468336195757,0.9640569946005352,0.9510424439822945,0.9395770936606209,0.9737745964722002,0.9345665907042723,0.8955774949360024,0.9708293089564703,0.9818312072533535,0.9399916487406882],[0.997008589947274,0.9945360787226751,0.9875804390506598,0.999964559557407,0.9760755348747489,0.9733698276086358,0.9581831501327772,0.9774883848251514,0.9698421241190568,0.9999833272052611,0.9999748633999346,1.0,0.9937442526981135,0.9925535558741045,0.9999683251618559,0.9730883447771066,0.9955706233287763,0.9775200916268655,0.8872122055050186,0.9157752586764555,0.5711710927490757,0.9963685139452366,0.9390275839770275,0.05009006677631786,-0.18708326865409883,0.9013166300530353,0.9239973605627552,0.9584018434535645,0.9544695475537501,0.9469528087395263,0.9780697690845818,0.945391927347286,0.9140538095189781,0.9758894345757672,0.9731654630987668,0.9474670179437094],[0.9927940741590391,0.9920372761209924,0.9970977355497304,0.9938437399719502,0.9831607006370091,0.9720143358405858,0.9774465891157682,0.9662757144954294,0.9701473318293052,0.9937493178291971,0.9938685691614824,0.9937442526981135,1.0,0.9997870784519556,0.9938327271821594,0.9715104226775,0.9929269865549792,0.966739187952091,0.8872295043344368,0.9147128832789753,0.42143388826003425,0.9903332518522076,0.9261218091173455,-0.42340231306303633,0.39958001658878206,0.8651158270036747,0.9126879814078639,0.964982272622967,0.9320584493104459,0.9087406222807013,0.9598782938842986,0.9111244018059953,0.8614044715288041,0.9675640362248339,0.9782047940505312,0.9319660799003728],[0.9938961939554699,0.9921324898716409,0.9968908615645801,0.9926957713910703,0.9805997918096502,0.9694999665274138,0.9777328533444851,0.9650902800652889,0.9666271373796541,0.9925827849726876,0.9926961166892591,0.9925535558741045,0.9997870784519556,1.0,0.9927756005317218,0.9688667793488666,0.9938376959997083,0.9656937574824476,0.871175199689021,0.9248444452326114,0.27646648132962487,0.9870064756449044,0.9205193217244253,-0.7542189053535745,0.36948426842950793,0.8323568942286804,0.9110980845490299,0.9604974799872923,0.9254477782201561,0.8988968350844413,0.9543203054833701,0.9125485361794128,0.8392504459471355,0.9679063943295075,0.976555519170252,0.9273287283916477],[0.9966137883132832,0.9950259796592578,0.9905899141327857,0.9999531903858692,0.9795829391040707,0.9698034777846408,0.9611613701817295,0.9738315242513595,0.9669189299609875,0.9999575530812405,0.9999600187344518,0.9999683251618559,0.9938327271821594,0.9927756005317218,1.0,0.969455459007002,0.9955184370075604,0.9742664714239422,0.900166005931972,0.9275769432110069,0.5024922896964763,0.9971691938604408,0.9290145691416428,-0.1608411941848203,0.3873893953129375,0.8858117333568222,0.9096290101193121,0.9635544009568746,0.9511897820131267,0.9399200432626766,0.9737785464999783,0.9350547516903313,0.8959606671857038,0.9707613187466876,0.9818245648834256,0.940573503983693],[0.9858539662560362,0.9811116460535396,0.9679753700737671,0.9744747398354426,0.9367938756400074,0.9999041454382799,0.9843753580176083,0.9847273829953487,0.982596397006469,0.9739716397642783,0.9694184037038462,0.9730883447771066,0.9715104226775,0.9688667793488666,0.969455459007002,1.0,0.9871883516198982,0.9840333938735197,0.9041255473745483,0.896403378102338,0.6329867232329589,0.9644521848679661,0.9035319543076296,0.08129588380518213,-0.19724971158859295,0.9391314297786957,0.8856625718618395,0.963125679327835,0.9628481124548259,0.9337796511994553,0.956131677475127,0.956499073623891,0.9500190955964519,0.9667132510480058,0.9794087031651925,0.9635396982717108],[0.9997291506661925,0.9974450148239759,0.9846300134434454,0.9957710860143401,0.9641425036905046,0.9872285692305834,0.9729388124745703,0.9857342893748051,0.975363738253496,0.9956606274061156,0.9954513746538555,0.9955706233287763,0.9929269865549792,0.9938376959997083,0.9955184370075604,0.9871883516198982,1.0,0.9862026093559232,0.9205357883443358,0.938098401649854,0.5631723847931674,0.9883019131890214,0.9202641121919606,-0.10226793785540003,0.4150533293934925,0.915911112132784,0.8982835283538859,0.9674107336662087,0.9691194858748229,0.9492273834223763,0.971742697768829,0.9543531622999657,0.9277502842130098,0.9771560558616805,0.9874878896000415,0.9634325430311118],[0.9879348954298632,0.9826839150550651,0.954871513369911,0.9780383178381531,0.925046846371533,0.9837915503416929,0.9572115182686488,0.9998866024037376,0.9835064391861458,0.9781309345382966,0.9741628726623913,0.9775200916268655,0.966739187952091,0.9656937574824476,0.9742664714239422,0.9840333938735197,0.9862026093559232,1.0,0.9310151614250005,0.9365888771629324,0.6134970997002316,0.9634105098395019,0.9058124822707418,0.16838224145774647,-0.2893448794878786,0.913279992973715,0.8667580008942761,0.9467811050899454,0.9799631998809243,0.9579835014415626,0.9663942160177164,0.9656981695270194,0.937726602343285,0.9637904118373694,0.9595678194078757,0.9700789734336547],[0.8966808548741816,0.9164287860331853,0.8523636532185577,0.8781065584769716,0.8142004717004153,0.9011506938626144,0.8645756628795647,0.9281258289174172,0.902451645418416,0.879866019532074,0.8998742849157242,0.8872122055050186,0.8872295043344368,0.871175199689021,0.900166005931972,0.9041255473745483,0.9205357883443358,0.9310151614250005,1.0,0.8313773770841727,0.689126072089404,0.8491906222485962,0.8057406970533111,0.25175466250189366,-0.16505730962752177,0.8600169504324321,0.7398923580762906,0.8571981114257987,0.8941243859902925,0.8611679489703661,0.8531679672887775,0.8736351578591067,0.8601108847520871,0.8553703119293766,0.8734689256826917,0.8965521475795514],[0.9171259348943215,0.9074078742603106,0.8178270422237898,0.8975944824663167,0.782639711782766,0.8725141430104734,0.7925342307494644,0.9304092289596265,0.8644711157692836,0.8988642554614125,0.9270561539674981,0.9157752586764555,0.9147128832789753,0.9248444452326114,0.9275769432110069,0.896403378102338,0.938098401649854,0.9365888771629324,0.8313773770841727,1.0,0.821043111036938,0.8473125424242904,0.8660069668493204,0.6261419354444713,-0.5224758423699857,0.7217267571910118,0.816492333220947,0.8162342294756793,0.9600920195786187,0.938735323043703,0.8959885726574367,0.9478360424729974,0.9023828675143879,0.8998493070850584,0.8510485605490695,0.8877688581037776],[0.6772470602225543,0.6992211338604738,0.5415213869989631,0.6368277039855497,0.48757577881605624,0.6468653483998037,0.5358662659392026,0.6165186051799819,0.5336880972819464,0.6333499545602386,0.5023476978010549,0.5711710927490757,0.42143388826003425,0.27646648132962487,0.5024922896964763,0.6329867232329589,0.5631723847931674,0.6134970997002316,0.689126072089404,0.821043111036938,1.0,0.5679774353322579,0.6768595026293817,0.7239252133761223,-0.11599608848935386,0.5321998380880714,0.5703586289304879,0.599321220480685,0.7656805997820008,0.6941164798121363,0.6069165419155926,0.7295257619220343,0.7483757018840653,0.6502306495493386,0.617513830827096,0.6709439471035852],[0.9845110326169517,0.969813152886839,0.9924283319313666,0.9940768751457252,0.9858704890884629,0.9670887080786252,0.9566546389692883,0.9650685660681981,0.9684854905299551,0.9942679518400264,0.9973482472637056,0.9963685139452366,0.9903332518522076,0.9870064756449044,0.9971691938604408,0.9644521848679661,0.9883019131890214,0.9634105098395019,0.8491906222485962,0.8473125424242904,0.5679774353322579,1.0,0.920580082080684,0.24237261645014058,-0.27364547574130055,0.8709229503652363,0.9448660912037812,0.9667772426147554,0.9266768064648145,0.9361744047746297,0.97393674974676,0.9301354282381444,0.8914257990898418,0.9684810688516112,0.9601361566069212,0.9245239286639834],[0.936786514085978,0.9207196232583923,0.9358694714623428,0.9416815351961151,0.9282682563660127,0.9089923401292362,0.9120781847708572,0.9022108101524311,0.9208936465302496,0.941650994177713,0.9288940371192483,0.9390275839770275,0.9261218091173455,0.9205193217244253,0.9290145691416428,0.9035319543076296,0.9202641121919606,0.9058124822707418,0.8057406970533111,0.8660069668493204,0.6768595026293817,0.920580082080684,1.0,0.2827022183472687,-0.18874827825673832,0.7230142949846594,0.9127426532745443,0.9029151386539611,0.8983031931326616,0.8611587162984502,0.9385321354696072,0.8735487449742827,0.8406498818556465,0.9331240967193472,0.8908285164399057,0.8623613025974417],[0.34944533189126376,0.3488481629131085,0.17690318736871785,0.31509338924577607,0.14014305359232043,0.2287555491434532,0.08959913561229658,0.20511846607700926,0.06513893344206306,0.320063135654945,-0.16290581074494795,0.05009006677631786,-0.42340231306303633,-0.7542189053535745,-0.1608411941848203,0.08129588380518213,-0.10226793785540003,0.16838224145774647,0.25175466250189366,0.6261419354444713,0.7239252133761223,0.24237261645014058,0.2827022183472687,1.0,-0.37941645382683453,0.2557684432671748,0.22229749138049346,0.16281475760674347,0.451737243226952,0.4430162379786427,0.2853116530203651,0.46614965176069645,0.39576756712480987,0.3152957136527964,0.23801773668487514,0.3577214592765051],[-0.2953123086953776,-0.22835813890453274,-0.2188007407843505,-0.28339809879173555,-0.20620925929920805,-0.21985397493967251,-0.1597742434553537,-0.3088905479893679,-0.23214377136734643,-0.2828799146347486,0.3854502416964497,-0.18708326865409883,0.39958001658878206,0.36948426842950793,0.3873893953129375,-0.19724971158859295,0.4150533293934925,-0.2893448794878786,-0.16505730962752177,-0.5224758423699857,-0.11599608848935386,-0.27364547574130055,-0.18874827825673832,-0.37941645382683453,1.0,-0.15807709611310403,-0.26091120652856103,-0.18377333168841303,-0.38527797435752503,-0.37386975335365746,-0.31269142078400597,-0.343673594535575,-0.21093589964748782,-0.3397819563804248,-0.18445666114437603,-0.31517570219670166],[0.899240771064238,0.8784514194621619,0.8778478527417464,0.8894566255976636,0.8400619184165065,0.9322134633880441,0.8935429590214584,0.9085271711717734,0.8865784317992075,0.8900064399472151,0.8855941360950922,0.9013166300530353,0.8651158270036747,0.8323568942286804,0.8858117333568222,0.9391314297786957,0.915911112132784,0.913279992973715,0.8600169504324321,0.7217267571910118,0.5321998380880714,0.8709229503652363,0.7230142949846594,0.2557684432671748,-0.15807709611310403,1.0,0.7655597254700156,0.8887457880699758,0.8262926120554609,0.8690643653699285,0.8325795663063129,0.8765427255625624,0.8714469701736773,0.8635418711550071,0.8706457490210485,0.9019725013325987],[0.9254142656424322,0.9203344502022894,0.9453885761322622,0.9387859321024654,0.9532149783055767,0.8975760356030416,0.8992913598089167,0.8715745942042307,0.8812760315223559,0.937131246084099,0.910468336195757,0.9239973605627552,0.9126879814078639,0.9110980845490299,0.9096290101193121,0.8856625718618395,0.8982835283538859,0.8667580008942761,0.7398923580762906,0.816492333220947,0.5703586289304879,0.9448660912037812,0.9127426532745443,0.22229749138049346,-0.26091120652856103,0.7655597254700156,1.0,0.8879971487341511,0.871387109694237,0.8634626372674796,0.9162607990049106,0.8598223550736537,0.8213318144165059,0.9129497742044013,0.8983839465371924,0.856779802479327],[0.9615812719138663,0.9609632335909759,0.9682421520371797,0.9642183919612033,0.9501172763565312,0.9658872802991032,0.9615846342957194,0.946831745526134,0.9664736984739964,0.9628545560755698,0.9640569946005352,0.9584018434535645,0.964982272622967,0.9604974799872923,0.9635544009568746,0.963125679327835,0.9674107336662087,0.9467811050899454,0.8571981114257987,0.8162342294756793,0.599321220480685,0.9667772426147554,0.9029151386539611,0.16281475760674347,-0.18377333168841303,0.8887457880699758,0.8879971487341511,1.0,0.9129780835703551,0.8980189249246272,0.9472468995872299,0.8978074850774327,0.8892101033326553,0.9531036912278862,0.9745375543391586,0.8980492627469531],[0.9752786642690656,0.9566996542621196,0.9122029266368852,0.9611062674730952,0.8768358847562939,0.9594505476876669,0.9036435957358164,0.9794699386065054,0.9385470873017266,0.9608520476436914,0.9510424439822945,0.9544695475537501,0.9320584493104459,0.9254477782201561,0.9511897820131267,0.9628481124548259,0.9691194858748229,0.9799631998809243,0.8941243859902925,0.9600920195786187,0.7656805997820008,0.9266768064648145,0.8983031931326616,0.451737243226952,-0.38527797435752503,0.8262926120554609,0.871387109694237,0.9129780835703551,1.0,0.986734839828797,0.9590756996705995,0.9908237190895782,0.9543203969167235,0.9591737058080118,0.9160536604566331,0.9688924793831638],[0.9645268042223883,0.952813621946429,0.904502012978214,0.9569331291996761,0.8764922158978644,0.9362732008040096,0.8746020342724443,0.958510293280939,0.9087750248018778,0.956141139433161,0.9395770936606209,0.9469528087395263,0.9087406222807013,0.8988968350844413,0.9399200432626766,0.9337796511994553,0.9492273834223763,0.9579835014415626,0.8611679489703661,0.938735323043703,0.6941164798121363,0.9361744047746297,0.8611587162984502,0.4430162379786427,-0.37386975335365746,0.8690643653699285,0.8634626372674796,0.8980189249246272,0.986734839828797,1.0,0.9505297562471927,0.9847606197291575,0.9565398545261322,0.9416497047794384,0.9258110316925192,0.9650206152050544],[0.97981241397653,0.9714518768291579,0.9674531425315619,0.981976678122885,0.9529697678644405,0.9595209721253511,0.9420152189773475,0.9680707208549799,0.9634886073112963,0.9811252121322064,0.9737745964722002,0.9780697690845818,0.9598782938842986,0.9543203054833701,0.9737785464999783,0.956131677475127,0.971742697768829,0.9663942160177164,0.8531679672887775,0.8959885726574367,0.6069165419155926,0.97393674974676,0.9385321354696072,0.2853116530203651,-0.31269142078400597,0.8325795663063129,0.9162607990049106,0.9472468995872299,0.9590756996705995,0.9505297562471927,1.0,0.9503473955612005,0.9096439014278067,0.9789947244438765,0.9650201382854036,0.9446204868810916],[0.969543489360662,0.9562885267981385,0.9067018976773434,0.955384471493141,0.8716451440774846,0.9552149548159365,0.8979599829654311,0.9669346576277131,0.9250999084104019,0.9548036132205558,0.9345665907042723,0.945391927347286,0.9111244018059953,0.9125485361794128,0.9350547516903313,0.956499073623891,0.9543531622999657,0.9656981695270194,0.8736351578591067,0.9478360424729974,0.7295257619220343,0.9301354282381444,0.8735487449742827,0.46614965176069645,-0.343673594535575,0.8765427255625624,0.8598223550736537,0.8978074850774327,0.9908237190895782,0.9847606197291575,0.9503473955612005,1.0,0.9743332940830637,0.9469259488411373,0.9388345806628312,0.9654139714798516],[0.9384637213757168,0.9376672675134614,0.8797618679384827,0.9209947833842086,0.8374799846972875,0.9511001082976677,0.9016202424661632,0.9380412178308161,0.9044148655303533,0.9196858485459036,0.8955774949360024,0.9140538095189781,0.8614044715288041,0.8392504459471355,0.8959606671857038,0.9500190955964519,0.9277502842130098,0.937726602343285,0.8601108847520871,0.9023828675143879,0.7483757018840653,0.8914257990898418,0.8406498818556465,0.39576756712480987,-0.21093589964748782,0.8714469701736773,0.8213318144165059,0.8892101033326553,0.9543203969167235,0.9565398545261322,0.9096439014278067,0.9743332940830637,1.0,0.9069184951710987,0.9270626360508983,0.9541307201719476],[0.9833939112499718,0.9743445323046457,0.9625791267233239,0.9798910265080022,0.9411099970096681,0.9647738686694872,0.9396474803552739,0.9646058180533366,0.9557642829010435,0.9791799167451318,0.9708293089564703,0.9758894345757672,0.9675640362248339,0.9679063943295075,0.9707613187466876,0.9667132510480058,0.9771560558616805,0.9637904118373694,0.8553703119293766,0.8998493070850584,0.6502306495493386,0.9684810688516112,0.9331240967193472,0.3152957136527964,-0.3397819563804248,0.8635418711550071,0.9129497742044013,0.9531036912278862,0.9591737058080118,0.9416497047794384,0.9789947244438765,0.9469259488411373,0.9069184951710987,1.0,0.9616787797740807,0.9464340334363666],[0.976170123190253,0.9679389341252129,0.9713818874415837,0.9743014112691346,0.9501650020508007,0.9802337887910574,0.9708264901659949,0.9615089079864475,0.9746066045569872,0.9733188834131966,0.9818312072533535,0.9731654630987668,0.9782047940505312,0.976555519170252,0.9818245648834256,0.9794087031651925,0.9874878896000415,0.9595678194078757,0.8734689256826917,0.8510485605490695,0.617513830827096,0.9601361566069212,0.8908285164399057,0.23801773668487514,-0.18445666114437603,0.8706457490210485,0.8983839465371924,0.9745375543391586,0.9160536604566331,0.9258110316925192,0.9650201382854036,0.9388345806628312,0.9270626360508983,0.9616787797740807,1.0,0.925764103287125],[0.9571087494038615,0.952249430918607,0.9150870973545799,0.9455228506883923,0.8804033830762013,0.9595125047383193,0.9160534464938427,0.968991879404619,0.9312548845689589,0.94414251337693,0.9399916487406882,0.9474670179437094,0.9319660799003728,0.9273287283916477,0.940573503983693,0.9635396982717108,0.9634325430311118,0.9700789734336547,0.8965521475795514,0.8877688581037776,0.6709439471035852,0.9245239286639834,0.8623613025974417,0.3577214592765051,-0.31517570219670166,0.9019725013325987,0.856779802479327,0.8980492627469531,0.9688924793831638,0.9650206152050544,0.9446204868810916,0.9654139714798516,0.9541307201719476,0.9464340334363666,0.925764103287125,1.0]],"x":["^TAIEX       \u81fa\u7063\u52a0\u6b0a\u5831\u916c\u6307\u6578","^TWII        \u81fa\u7063\u52a0\u6b0a\u6307\u6578","^TAIEXx2     \u81fa\u7063\u52a0\u6b0a\u5831\u916c\u6307\u6578_\u65e5\u6b632","^TAI50I      \u81fa\u706350\u5831\u916c\u6307\u6578","^TAI50Ix2    \u81fa\u706350\u5831\u916c\u6307\u6578_\u65e5\u6b632","^TAI100I     \u81fa\u7063\u4e2d\u578b100\u5831\u916c\u6307\u6578","^TAI100Ix2   \u81fa\u7063\u4e2d\u578b100\u5831\u916c\u6307\u6578_\u65e5\u6b632","^TAIDIVIDI   \u81fa\u7063\u9ad8\u80a1\u606f\u5831\u916c\u6307\u6578","^TAIDIVIDIx2 \u81fa\u7063\u9ad8\u80a1\u606f\u5831\u916c\u6307\u6578_\u65e5\u6b632","0050Fund     \u5143\u5927\u53f0\u7063\u5353\u8d8a50\u57fa\u91d1","006208Fund   \u5bcc\u90a6\u53f0\u7063\u91c6\u540950\u57fa\u91d1","0050         \u5143\u5927\u81fa\u706350","00631L       \u5143\u5927\u53f0\u706350\u6b632","00675L       \u5bcc\u90a6\u81fa\u7063\u52a0\u6b0a\u6b632","006208       \u5bcc\u90a6\u53f050","0051         \u5143\u5927\u4e2d\u578b100","006204       \u6c38\u8c50\u81fa\u7063\u52a0\u6b0a","0056         \u5143\u5927\u9ad8\u80a1\u606f","0056         \u5143\u5927\u9ad8\u80a1\u606f_\u80a1\u606f\u4e0d\u6295\u5165","2412         \u4e2d\u83ef\u96fb\u4fe1","2002         \u4e2d\u92fc","2330         \u53f0\u7a4d\u96fb","2317         \u9d3b\u6d77","6505         \u53f0\u5851\u77f3\u5316","3481         \u7fa4\u5275","2303         \u806f\u96fb","2308         \u53f0\u9054\u96fb","2454         \u806f\u767c\u79d1","2886         \u5146\u8c50\u91d1","2884         \u7389\u5c71\u91d1","2891         \u4e2d\u4fe1\u91d1","2892         \u7b2c\u4e00\u91d1","5880         \u5408\u5eab\u91d1","2881         \u5bcc\u90a6\u91d1","2885         \u5143\u5927\u91d1","2887         \u53f0\u65b0\u91d1"],"y":["^TAIEX       \u81fa\u7063\u52a0\u6b0a\u5831\u916c\u6307\u6578","^TWII        \u81fa\u7063\u52a0\u6b0a\u6307\u6578","^TAIEXx2     \u81fa\u7063\u52a0\u6b0a\u5831\u916c\u6307\u6578_\u65e5\u6b632","^TAI50I      \u81fa\u706350\u5831\u916c\u6307\u6578","^TAI50Ix2    \u81fa\u706350\u5831\u916c\u6307\u6578_\u65e5\u6b632","^TAI100I     \u81fa\u7063\u4e2d\u578b100\u5831\u916c\u6307\u6578","^TAI100Ix2   \u81fa\u7063\u4e2d\u578b100\u5831\u916c\u6307\u6578_\u65e5\u6b632","^TAIDIVIDI   \u81fa\u7063\u9ad8\u80a1\u606f\u5831\u916c\u6307\u6578","^TAIDIVIDIx2 \u81fa\u7063\u9ad8\u80a1\u606f\u5831\u916c\u6307\u6578_\u65e5\u6b632","0050Fund     \u5143\u5927\u53f0\u7063\u5353\u8d8a50\u57fa\u91d1","006208Fund   \u5bcc\u90a6\u53f0\u7063\u91c6\u540950\u57fa\u91d1","0050         \u5143\u5927\u81fa\u706350","00631L       \u5143\u5927\u53f0\u706350\u6b632","00675L       \u5bcc\u90a6\u81fa\u7063\u52a0\u6b0a\u6b632","006208       \u5bcc\u90a6\u53f050","0051         \u5143\u5927\u4e2d\u578b100","006204       \u6c38\u8c50\u81fa\u7063\u52a0\u6b0a","0056         \u5143\u5927\u9ad8\u80a1\u606f","0056         \u5143\u5927\u9ad8\u80a1\u606f_\u80a1\u606f\u4e0d\u6295\u5165","2412         \u4e2d\u83ef\u96fb\u4fe1","2002         \u4e2d\u92fc","2330         \u53f0\u7a4d\u96fb","2317         \u9d3b\u6d77","6505         \u53f0\u5851\u77f3\u5316","3481         \u7fa4\u5275","2303         \u806f\u96fb","2308         \u53f0\u9054\u96fb","2454         \u806f\u767c\u79d1","2886         \u5146\u8c50\u91d1","2884         \u7389\u5c71\u91d1","2891         \u4e2d\u4fe1\u91d1","2892         \u7b2c\u4e00\u91d1","5880         \u5408\u5eab\u91d1","2881         \u5bcc\u90a6\u91d1","2885         \u5143\u5927\u91d1","2887         \u53f0\u65b0\u91d1"],"zmin":-1,"zmax":1,"colorbar":{"x":-0.2}}],"layout":{"autotypenumbers":"strict","colorway":["#636efa","#EF553B","#00cc96","#ab63fa","#FFA15A","#19d3f3","#FF6692","#B6E880","#FF97FF","#FECB52"],"font":{"color":"#f2f5fa","family":"Courier New"},"hovermode":"closest","hoverlabel":{"align":"left"},"paper_bgcolor":"rgb(17,17,17)","plot_bgcolor":"rgb(17,17,17)","polar":{"bgcolor":"rgb(17,17,17)","angularaxis":{"gridcolor":"#506784","linecolor":"#506784","ticks":""},"radialaxis":{"gridcolor":"#506784","linecolor":"#506784","ticks":""}},"ternary":{"bgcolor":"rgb(17,17,17)","aaxis":{"gridcolor":"#506784","linecolor":"#506784","ticks":""},"baxis":{"gridcolor":"#506784","linecolor":"#506784","ticks":""},"caxis":{"gridcolor":"#506784","linecolor":"#506784","ticks":""}},"coloraxis":{"colorbar":{"outlinewidth":0,"ticks":""}},"colorscale":{"sequential":[[0.0,"#0d0887"],[0.1111111111111111,"#46039f"],[0.2222222222222222,"#7201a8"],[0.3333333333333333,"#9c179e"],[0.4444444444444444,"#bd3786"],[0.5555555555555556,"#d8576b"],[0.6666666666666666,"#ed7953"],[0.7777777777777778,"#fb9f3a"],[0.8888888888888888,"#fdca26"],[1.0,"#f0f921"]],"sequentialminus":[[0.0,"#0d0887"],[0.1111111111111111,"#46039f"],[0.2222222222222222,"#7201a8"],[0.3333333333333333,"#9c179e"],[0.4444444444444444,"#bd3786"],[0.5555555555555556,"#d8576b"],[0.6666666666666666,"#ed7953"],[0.7777777777777778,"#fb9f3a"],[0.8888888888888888,"#fdca26"],[1.0,"#f0f921"]],"diverging":[[0,"#8e0152"],[0.1,"#c51b7d"],[0.2,"#de77ae"],[0.3,"#f1b6da"],[0.4,"#fde0ef"],[0.5,"#f7f7f7"],[0.6,"#e6f5d0"],[0.7,"#b8e186"],[0.8,"#7fbc41"],[0.9,"#4d9221"],[1,"#276419"]]},"xaxis":{"gridcolor":"rgba(0, 0, 0, 0)","linecolor":"#506784","ticks":"","title":{"standoff":15},"zerolinecolor":"#283442","automargin":true,"zerolinewidth":2,"tickfont":{"family":"Courier New","size":14},"side":"top","tickangle":-90},"yaxis":{"gridcolor":"rgba(0, 0, 0, 0)","linecolor":"#506784","ticks":"","title":{"standoff":15},"zerolinecolor":"#283442","automargin":true,"zerolinewidth":2,"tickfont":{"family":"Courier New"},"side":"right"},"scene":{"xaxis":{"backgroundcolor":"rgb(17,17,17)","gridcolor":"#506784","linecolor":"#506784","showbackground":true,"ticks":"","zerolinecolor":"#C8D4E3","gridwidth":2},"yaxis":{"backgroundcolor":"rgb(17,17,17)","gridcolor":"#506784","linecolor":"#506784","showbackground":true,"ticks":"","zerolinecolor":"#C8D4E3","gridwidth":2},"zaxis":{"backgroundcolor":"rgb(17,17,17)","gridcolor":"#506784","linecolor":"#506784","showbackground":true,"ticks":"","zerolinecolor":"#C8D4E3","gridwidth":2}},"shapedefaults":{"line":{"color":"#f2f5fa"}},"annotationdefaults":{"arrowcolor":"#f2f5fa","arrowhead":0,"arrowwidth":1},"geo":{"bgcolor":"rgb(17,17,17)","landcolor":"rgb(17,17,17)","subunitcolor":"#506784","showland":true,"showlakes":true,"lakecolor":"rgb(17,17,17)"},"title":{"x":0.05,"font":{"family":"Times New Roman"},"y":0.05,"text":"<b>Correlation of Adj Close<b><br><i>2016-09-23 ~ 2026-01-09<i>"},"updatemenudefaults":{"bgcolor":"#506784","borderwidth":0},"sliderdefaults":{"bgcolor":"#C8D4E3","borderwidth":1,"bordercolor":"rgb(17,17,17)","tickwidth":0},"mapbox":{"style":"dark"},"annotations":[{"text":"<b>@zwindr<b>","textangle":0,"opacity":0.5,"font":{"color":"white","size":12},"xref":"paper","yref":"paper","xanchor":"left","yanchor":"bottom","x":1.0,"y":1.0,"showarrow":false}]},"config":{"responsive":true,"toImageButtonOptions":{"filename":"Correlation of Adj Close_2016-09-23~2026-01-09","scale":5}}};Plotly.newPlot("correlationAdjClose",correlationAdjClose.data,correlationAdjClose.layout||{},correlationAdjClose.config);}else{console.log("style display is none => correlationAdjClose");}