var element=document.getElementById("correlationAdjClose");if(element.style.display!='none'){var correlationAdjClose={"data":[{"type":"heatmap","z":[[1.0,0.9946927770937676,0.9760735395646677,0.9972474855425968,0.9589898179048211,0.9831366982243002,0.9501934483523875,0.9896686062489162,0.9736815705615914,0.9973921292452438,0.9968196816759208,0.9973025617093071,0.9933839199470231,0.9942443828789805,0.9968773357889147,0.9849245507465937,0.9997014425456233,0.9895549064938941,0.9010104562834833,0.9204365714496919,0.708637042539381,0.9849601494573219,0.9296781016762302,0.38297521802950535,-0.3003771355023212,0.898963391754677,0.9369780063423978,0.9590431466695492,0.9791272173357888,0.9657841372518599,0.9777977935184213,0.9720853093914289,0.9430329089751426,0.9818011770501793,0.9735373520352698,0.9552728972510941],[0.9946927770937676,1.0,0.9718754713149383,0.9915682098864288,0.9545426726991035,0.9790851237834741,0.9458961027432724,0.9816311529343742,0.9675425409790117,0.9928856938705136,0.9949016127170547,0.9943469785200199,0.9924120026171612,0.9920906676621049,0.9949239692722247,0.979696612588433,0.9970903165457796,0.9839928101776422,0.922937447256356,0.9102405782131481,0.7256999698663109,0.9684194287159335,0.9117361969050253,0.3827495616156633,-0.22975094961853665,0.8760407620184906,0.9294674744003083,0.9582814241047848,0.9590614221544657,0.9530366882429477,0.9684273519932893,0.957837336033311,0.9417515232255331,0.9718159437837566,0.9644581714419173,0.9499560905226841],[0.9760735395646677,0.9718754713149383,1.0,0.9842355331225541,0.9949063930739221,0.9749136295399009,0.977204843373006,0.9645871725796394,0.981328439722103,0.9838861650516872,0.9905593584326116,0.9872159468666789,0.9969686535885676,0.9967521695960586,0.9903044153605285,0.9727246261019731,0.9862437349949869,0.9642247186188925,0.8684507340085268,0.8266770843881129,0.5861259176797246,0.9916155900949355,0.9266000855855734,0.2122545162136411,-0.22441034658681772,0.8900193099137977,0.9387753823637379,0.9760439512292073,0.9247638615730738,0.9122798190662857,0.9664034352722297,0.9167478344284662,0.8954588994896325,0.9650762436609541,0.9724539816683472,0.9185009216552826],[0.9972474855425968,0.9915682098864288,0.9842355331225541,1.0,0.973794565899805,0.9748709615264022,0.9464738156806756,0.9822582288671305,0.97070792295247,0.9999680022981454,0.9999910517459821,0.9999611304849408,0.9927754832629708,0.991144003521134,0.9999475398612387,0.9739208005772834,0.9957412482880987,0.981859703224946,0.8861642549627954,0.9040029476587951,0.6730554206023117,0.9937669006152134,0.9334401795162284,0.3523982226216074,-0.2901183217390421,0.8924882809106665,0.944103679526316,0.963966959484271,0.9679524051705264,0.9610986224860889,0.9800173764153267,0.9605454964905763,0.9288608804872617,0.9790232032379246,0.9716992051235938,0.9449222219826893],[0.9589898179048211,0.9545426726991035,0.9949063930739221,0.973794565899805,1.0,0.9494258662695697,0.956670329214247,0.9422430681793027,0.9635851351176492,0.9738268701504901,0.9830696271701186,0.9791949789552878,0.9839802665279893,0.9807627055450217,0.9826345246236604,0.94581030051029,0.9694128597692224,0.9416005227771059,0.8394948242776982,0.7989637458515602,0.540220449538876,0.9879002470269617,0.921734635196247,0.17918419932309917,-0.2146180446625119,0.8602808687190466,0.9409646638885933,0.9661049414772213,0.89735491664664,0.8920134356969606,0.9560042256172356,0.8888251832594116,0.8610385183987237,0.9488492209070999,0.9553014247574123,0.8885204983691001],[0.9831366982243002,0.9790851237834741,0.9749136295399009,0.9748709615264022,0.9494258662695697,1.0,0.9829831802509027,0.9822814389576943,0.9818502573493385,0.9742649453616826,0.9693321539899441,0.9725454701388785,0.9748310854723199,0.972423275001555,0.9692594560582937,0.9999003691859808,0.9867736718589001,0.9832368609384309,0.9024915758584934,0.8695246936242282,0.6773753664857955,0.9671527748145519,0.9007349802406224,0.25627758065091777,-0.21903753830895428,0.9332126188887313,0.9111989055158478,0.96326999495753,0.9599666916449695,0.9337408666112698,0.9560659831041115,0.9547787732682557,0.9539991110407998,0.9611538032974494,0.9786812481037467,0.9570216149564391],[0.9501934483523875,0.9458961027432724,0.977204843373006,0.9464738156806756,0.956670329214247,0.9829831802509027,1.0,0.9549316890245878,0.9850631803443073,0.9450393428124582,0.9559200124295211,0.9521393953267118,0.9761728906106425,0.9770560875426021,0.9556336487128348,0.9844082374316359,0.96925880682012,0.9575323581952723,0.8697662103773651,0.7878528499607811,0.5718357435628477,0.9505749624834013,0.8988442389300659,0.11493537448845023,-0.15669423056137766,0.8978599208224107,0.8961119673347493,0.9612487674332044,0.9046724841478097,0.870554699340347,0.9345925450483523,0.8973936383187996,0.9074950683509193,0.9335347976009672,0.967664744006596,0.9124304964509254],[0.9896686062489162,0.9816311529343742,0.9645871725796394,0.9822582288671305,0.9422430681793027,0.9822814389576943,0.9549316890245878,1.0,0.9834781912007073,0.9822192754974683,0.9777807703009931,0.981163134009984,0.9732829564628145,0.9723733065661609,0.9779120572229897,0.98408221554071,0.9876258658601582,0.9998792526333073,0.9278335678496881,0.9279930546288563,0.6443594494598565,0.9704690157644936,0.8994953949977855,0.23614234041219634,-0.3106597422394668,0.9056579675287793,0.896487446054196,0.9428775438670142,0.9790891526132102,0.9562938907702944,0.9689903271563584,0.9654147052139149,0.9372444385541133,0.9626704153039408,0.9607481807751488,0.9668256524194336],[0.9736815705615914,0.9675425409790117,0.981328439722103,0.97070792295247,0.9635851351176492,0.9818502573493385,0.9850631803443073,0.9834781912007073,1.0,0.9699115390937347,0.9666623418812202,0.9688534777572048,0.9735643915665365,0.9705757601166002,0.9665206180742898,0.9808704730278267,0.9737242628636746,0.9828204668062374,0.9035690917489723,0.8595302554933157,0.5651244744820169,0.9692346009724735,0.9149962355609681,0.0944028940010008,-0.23218541011161334,0.884549806605334,0.8945900411054842,0.9638907163040124,0.9372192603570467,0.9040267276923133,0.9608097900632934,0.9220497163131018,0.9042238088992383,0.9512412496725828,0.972695161468707,0.9263350253762281],[0.9973921292452438,0.9928856938705136,0.9838861650516872,0.9999680022981454,0.9738268701504901,0.9742649453616826,0.9450393428124582,0.9822192754974683,0.9699115390937347,1.0,0.999989459491999,0.999983133573758,0.9926521044113366,0.990994734909511,0.999952977569001,0.9733252532832813,0.9956105155900211,0.9819183446197778,0.8880296688798224,0.9051332687972056,0.6713971461534176,0.9939606922347284,0.9332885223007964,0.3575753399224618,-0.2895256053690207,0.893409844907668,0.9423843227983792,0.9625052764806153,0.9676918947246275,0.9603150189897658,0.9790043334636557,0.9599450828679715,0.9274259414235997,0.9782140702661899,0.9704966546970998,0.9433254302861538],[0.9968196816759208,0.9949016127170547,0.9905593584326116,0.9999910517459821,0.9830696271701186,0.9693321539899441,0.9559200124295211,0.9777807703009931,0.9666623418812202,0.999989459491999,1.0,0.9999733065601006,0.9928016546454719,0.9911414560755111,0.9999558525225919,0.9692145669261569,0.9953910723245343,0.9784872752946608,0.9122092480564187,0.9317686608189906,0.5647289118089649,0.9972059509851943,0.9163244168872988,-0.12044769721972619,0.4012657713286646,0.8968013281138041,0.9115943231504491,0.9673448218291756,0.9591147622546796,0.943858541045052,0.9700938190806113,0.9402737000517254,0.9085242287581766,0.9684027182258365,0.9808669590523036,0.9394343173934113],[0.9973025617093071,0.9943469785200199,0.9872159468666789,0.9999611304849408,0.9791949789552878,0.9725454701388785,0.9521393953267118,0.981163134009984,0.9688534777572048,0.999983133573758,0.9999733065601006,1.0,0.9926599950319953,0.9909736033278963,0.9999641661007294,0.9724816145321787,0.9955135029578422,0.9814149755806983,0.8959138079899304,0.9214266431371932,0.6241453459884633,0.9961798041447357,0.9293393501467452,0.09466207100887034,-0.19373666587672841,0.9094136959765913,0.9277560073765212,0.9587391996867894,0.9621424630047933,0.9517847552471534,0.9753637374083871,0.9510805446635683,0.9245965257127758,0.9743820611164602,0.9701827527425363,0.948269159295656],[0.9933839199470231,0.9924120026171612,0.9969686535885676,0.9927754832629708,0.9839802665279893,0.9748310854723199,0.9761728906106425,0.9732829564628145,0.9735643915665365,0.9926521044113366,0.9928016546454719,0.9926599950319953,1.0,0.9997417386693727,0.9928023572947858,0.9747636338098449,0.9933879838394291,0.9741456590647579,0.9067770198742054,0.9182946423577526,0.49627064330750814,0.9883029658704634,0.91132213334914,-0.3922907190381461,0.4200939424605284,0.8822705251641718,0.9070761898247041,0.9735720146740329,0.9429697353585497,0.9112930947015881,0.9534589796838524,0.9172688918072947,0.8784774149903958,0.9661883430039615,0.9785524297226614,0.9320914252905168],[0.9942443828789805,0.9920906676621049,0.9967521695960586,0.991144003521134,0.9807627055450217,0.972423275001555,0.9770560875426021,0.9723733065661609,0.9705757601166002,0.990994734909511,0.9911414560755111,0.9909736033278963,0.9997417386693727,1.0,0.9912734354244991,0.9722679067969648,0.994073224426782,0.9734261500995952,0.8926704037991555,0.9272754356088191,0.3624071084422015,0.9840688876815643,0.9037823179910374,-0.7478205627502154,0.3926783288762324,0.850989176024718,0.902683218074699,0.9712243942644994,0.936620390699112,0.8982427441920369,0.946187297224327,0.9170843720304123,0.8569244026581243,0.9673659753380063,0.9766526659527045,0.9254021582084374],[0.9968773357889147,0.9949239692722247,0.9903044153605285,0.9999475398612387,0.9826345246236604,0.9692594560582937,0.9556336487128348,0.9779120572229897,0.9665206180742898,0.999952977569001,0.9999558525225919,0.9999641661007294,0.9928023572947858,0.9912734354244991,1.0,0.9691655832660081,0.9954295271925937,0.9785790904572883,0.9124340943750917,0.9322915219608637,0.5644466146182009,0.99702422494875,0.9165029466695562,-0.11853897884907535,0.4009844771775848,0.8967021068304285,0.9101982449875169,0.966619381143503,0.9592705462022502,0.9441091490793502,0.9700188459306458,0.9407389518039612,0.9089054340431911,0.9683299138622544,0.9807262168728658,0.9399300934240714],[0.9849245507465937,0.979696612588433,0.9727246261019731,0.9739208005772834,0.94581030051029,0.9999003691859808,0.9844082374316359,0.98408221554071,0.9808704730278267,0.9733252532832813,0.9692145669261569,0.9724816145321787,0.9747636338098449,0.9722679067969648,0.9691655832660081,1.0,0.9869030327294177,0.9834112873876287,0.9053922495536849,0.8932513683433541,0.670298088408769,0.9648691758357066,0.8951591149526412,0.11418477158847791,-0.19764565764483574,0.9408935612188043,0.90087577242047,0.9602027252406279,0.9633454081105676,0.9309296025978728,0.9525894722850382,0.9558727241799357,0.9532189769688609,0.9633362847405621,0.9780208651079387,0.9614320934635258],[0.9997014425456233,0.9970903165457796,0.9862437349949869,0.9957412482880987,0.9694128597692224,0.9867736718589001,0.96925880682012,0.9876258658601582,0.9737242628636746,0.9956105155900211,0.9953910723245343,0.9955135029578422,0.9933879838394291,0.994073224426782,0.9954295271925937,0.9869030327294177,1.0,0.9882859642032504,0.928168519503128,0.940017086263411,0.617691419124163,0.9883324441984871,0.9090952758758174,-0.06073377093855346,0.4261649113965781,0.9231697704597142,0.9053422553553373,0.9673406470248718,0.9742390971472371,0.9506219579917647,0.9681015590257644,0.9576329333715061,0.9369902220762821,0.9745700482092801,0.9861112081943498,0.9629914459842733],[0.9895549064938941,0.9839928101776422,0.9642247186188925,0.981859703224946,0.9416005227771059,0.9832368609384309,0.9575323581952723,0.9998792526333073,0.9828204668062374,0.9819183446197778,0.9784872752946608,0.9814149755806983,0.9741456590647579,0.9734261500995952,0.9785790904572883,0.9834112873876287,0.9882859642032504,1.0,0.9307853600123431,0.9341917970736342,0.6418942391316912,0.9690983420707217,0.9034494558358954,0.20031018094674305,-0.29211401992040675,0.9107022918291336,0.8917259756168265,0.9428561213334776,0.9795522045895871,0.9556769711104875,0.967469668005855,0.9640380325119846,0.9369952974267761,0.9619590394336298,0.9588053409888107,0.9679946332161037],[0.9010104562834833,0.922937447256356,0.8684507340085268,0.8861642549627954,0.8394948242776982,0.9024915758584934,0.8697662103773651,0.9278335678496881,0.9035690917489723,0.8880296688798224,0.9122092480564187,0.8959138079899304,0.9067770198742054,0.8926704037991555,0.9124340943750917,0.9053922495536849,0.928168519503128,0.9307853600123431,1.0,0.8247444728298062,0.705006348698903,0.8592346537381911,0.8103357592462136,0.2743645522927793,-0.1625058622899682,0.854713471453654,0.7740365352541434,0.8537603532971004,0.8903072776971226,0.8560981941176256,0.8565496943060742,0.868999002787585,0.8549117038672515,0.8547338814507449,0.8768728248746522,0.8942874177886918],[0.9204365714496919,0.9102405782131481,0.8266770843881129,0.9040029476587951,0.7989637458515602,0.8695246936242282,0.7878528499607811,0.9279930546288563,0.8595302554933157,0.9051332687972056,0.9317686608189906,0.9214266431371932,0.9182946423577526,0.9272754356088191,0.9322915219608637,0.8932513683433541,0.940017086263411,0.9341917970736342,0.8247444728298062,1.0,0.8299680275277768,0.8549394999954657,0.8700307786288614,0.6463888805241337,-0.5268345276209307,0.7107048804883578,0.8529124098495305,0.8100012060879886,0.9589040156651577,0.9370906252111899,0.9003765918102594,0.9461472401543407,0.8987243574665121,0.9005246851671985,0.8506076947823007,0.8845823479965665],[0.708637042539381,0.7256999698663109,0.5861259176797246,0.6730554206023117,0.540220449538876,0.6773753664857955,0.5718357435628477,0.6443594494598565,0.5651244744820169,0.6713971461534176,0.5647289118089649,0.6241453459884633,0.49627064330750814,0.3624071084422015,0.5644466146182009,0.670298088408769,0.617691419124163,0.6418942391316912,0.705006348698903,0.8299680275277768,1.0,0.5999679804584156,0.7085319758390966,0.7251107030184805,-0.11666454252371686,0.536527723164758,0.6403035382688602,0.6155328120089781,0.7767737179990997,0.7079696457133984,0.6359003695292504,0.7446812741290912,0.756128685956093,0.6740563791588928,0.6403031586468984,0.6881608695604107],[0.9849601494573219,0.9684194287159335,0.9916155900949355,0.9937669006152134,0.9879002470269617,0.9671527748145519,0.9505749624834013,0.9704690157644936,0.9692346009724735,0.9939606922347284,0.9972059509851943,0.9961798041447357,0.9883029658704634,0.9840688876815643,0.99702422494875,0.9648691758357066,0.9883324441984871,0.9690983420707217,0.8592346537381911,0.8549394999954657,0.5999679804584156,1.0,0.9096549257022016,0.2784554212929775,-0.28231353245703167,0.8760177975926738,0.9429130024088669,0.9699110898917453,0.9356074033457208,0.9426214954931991,0.9718172546327399,0.9373251044839177,0.9018523492356022,0.9684794364371391,0.9569924804116454,0.9249096106072577],[0.9296781016762302,0.9117361969050253,0.9266000855855734,0.9334401795162284,0.921734635196247,0.9007349802406224,0.8988442389300659,0.8994953949977855,0.9149962355609681,0.9332885223007964,0.9163244168872988,0.9293393501467452,0.91132213334914,0.9037823179910374,0.9165029466695562,0.8951591149526412,0.9090952758758174,0.9034494558358954,0.8103357592462136,0.8700307786288614,0.7085319758390966,0.9096549257022016,1.0,0.3191399922001339,-0.1894304067096936,0.7100402290646974,0.9118065444958949,0.896235461443883,0.8989545604616533,0.8563241567727378,0.931372396612087,0.8715916999798404,0.8405807266729658,0.9268800539866388,0.8781178413071764,0.8534095738910734],[0.38297521802950535,0.3827495616156633,0.2122545162136411,0.3523982226216074,0.17918419932309917,0.25627758065091777,0.11493537448845023,0.23614234041219634,0.0944028940010008,0.3575753399224618,-0.12044769721972619,0.09466207100887034,-0.3922907190381461,-0.7478205627502154,-0.11853897884907535,0.11418477158847791,-0.06073377093855346,0.20031018094674305,0.2743645522927793,0.6463888805241337,0.7251107030184805,0.2784554212929775,0.3191399922001339,1.0,-0.38360058118210205,0.26928587876145543,0.28312085054504665,0.18052202586450505,0.47226253190560163,0.46557035107964645,0.31758419805231874,0.4881590482922791,0.41137720295859415,0.34350857999967854,0.26532637199741943,0.3815422376946749],[-0.3003771355023212,-0.22975094961853665,-0.22441034658681772,-0.2901183217390421,-0.2146180446625119,-0.21903753830895428,-0.15669423056137766,-0.3106597422394668,-0.23218541011161334,-0.2895256053690207,0.4012657713286646,-0.19373666587672841,0.4200939424605284,0.3926783288762324,0.4009844771775848,-0.19764565764483574,0.4261649113965781,-0.29211401992040675,-0.1625058622899682,-0.5268345276209307,-0.11666454252371686,-0.28231353245703167,-0.1894304067096936,-0.38360058118210205,1.0,-0.1540381824121928,-0.28649970565860566,-0.18110527138086097,-0.38726180533223126,-0.37635223018525543,-0.3204910376393948,-0.34490809012186424,-0.20783480088604564,-0.34602477491538625,-0.1830814346362,-0.3170815024357082],[0.898963391754677,0.8760407620184906,0.8900193099137977,0.8924882809106665,0.8602808687190466,0.9332126188887313,0.8978599208224107,0.9056579675287793,0.884549806605334,0.893409844907668,0.8968013281138041,0.9094136959765913,0.8822705251641718,0.850989176024718,0.8967021068304285,0.9408935612188043,0.9231697704597142,0.9107022918291336,0.854713471453654,0.7107048804883578,0.536527723164758,0.8760177975926738,0.7100402290646974,0.26928587876145543,-0.1540381824121928,1.0,0.7834033409210712,0.8845452691933797,0.8182465602836546,0.862774872364025,0.8283287028720752,0.8707287629674004,0.8662432730679788,0.8591221740668171,0.8680713437018275,0.8979256671576588],[0.9369780063423978,0.9294674744003083,0.9387753823637379,0.944103679526316,0.9409646638885933,0.9111989055158478,0.8961119673347493,0.896487446054196,0.8945900411054842,0.9423843227983792,0.9115943231504491,0.9277560073765212,0.9070761898247041,0.902683218074699,0.9101982449875169,0.90087577242047,0.9053422553553373,0.8917259756168265,0.7740365352541434,0.8529124098495305,0.6403035382688602,0.9429130024088669,0.9118065444958949,0.28312085054504665,-0.28649970565860566,0.7834033409210712,1.0,0.9036206892056845,0.9047230160359377,0.8902579639742185,0.9206075704831745,0.889793326984857,0.8549819329386625,0.9255651071644133,0.9010071828676625,0.8725000284931818],[0.9590431466695492,0.9582814241047848,0.9760439512292073,0.963966959484271,0.9661049414772213,0.96326999495753,0.9612487674332044,0.9428775438670142,0.9638907163040124,0.9625052764806153,0.9673448218291756,0.9587391996867894,0.9735720146740329,0.9712243942644994,0.966619381143503,0.9602027252406279,0.9673406470248718,0.9428561213334776,0.8537603532971004,0.8100012060879886,0.6155328120089781,0.9699110898917453,0.896235461443883,0.18052202586450505,-0.18110527138086097,0.8845452691933797,0.9036206892056845,1.0,0.90934692022376,0.8918760390732506,0.9440220439972538,0.8923267926276774,0.8866937927587734,0.9493505950330168,0.9733809796298315,0.8903494543311878],[0.9791272173357888,0.9590614221544657,0.9247638615730738,0.9679524051705264,0.89735491664664,0.9599666916449695,0.9046724841478097,0.9790891526132102,0.9372192603570467,0.9676918947246275,0.9591147622546796,0.9621424630047933,0.9429697353585497,0.936620390699112,0.9592705462022502,0.9633454081105676,0.9742390971472371,0.9795522045895871,0.8903072776971226,0.9589040156651577,0.7767737179990997,0.9356074033457208,0.8989545604616533,0.47226253190560163,-0.38726180533223126,0.8182465602836546,0.9047230160359377,0.90934692022376,1.0,0.9862545614453291,0.963809846126586,0.9904049566904372,0.952588076124664,0.9601825503847854,0.9158177017706199,0.9680780031963159],[0.9657841372518599,0.9530366882429477,0.9122798190662857,0.9610986224860889,0.8920134356969606,0.9337408666112698,0.870554699340347,0.9562938907702944,0.9040267276923133,0.9603150189897658,0.943858541045052,0.9517847552471534,0.9112930947015881,0.8982427441920369,0.9441091490793502,0.9309296025978728,0.9506219579917647,0.9556769711104875,0.8560981941176256,0.9370906252111899,0.7079696457133984,0.9426214954931991,0.8563241567727378,0.46557035107964645,-0.37635223018525543,0.862774872364025,0.8902579639742185,0.8918760390732506,0.9862545614453291,1.0,0.9520691759727621,0.9839759857525399,0.9554238956210059,0.9397319335163902,0.9237938221415248,0.9631101173200306],[0.9777977935184213,0.9684273519932893,0.9664034352722297,0.9800173764153267,0.9560042256172356,0.9560659831041115,0.9345925450483523,0.9689903271563584,0.9608097900632934,0.9790043334636557,0.9700938190806113,0.9753637374083871,0.9534589796838524,0.946187297224327,0.9700188459306458,0.9525894722850382,0.9681015590257644,0.967469668005855,0.8565496943060742,0.9003765918102594,0.6359003695292504,0.9718172546327399,0.931372396612087,0.31758419805231874,-0.3204910376393948,0.8283287028720752,0.9206075704831745,0.9440220439972538,0.963809846126586,0.9520691759727621,1.0,0.9532161459503802,0.9142854526042165,0.9774602843561806,0.9608574234489555,0.9425124588445983],[0.9720853093914289,0.957837336033311,0.9167478344284662,0.9605454964905763,0.8888251832594116,0.9547787732682557,0.8973936383187996,0.9654147052139149,0.9220497163131018,0.9599450828679715,0.9402737000517254,0.9510805446635683,0.9172688918072947,0.9170843720304123,0.9407389518039612,0.9558727241799357,0.9576329333715061,0.9640380325119846,0.868999002787585,0.9461472401543407,0.7446812741290912,0.9373251044839177,0.8715916999798404,0.4881590482922791,-0.34490809012186424,0.8707287629674004,0.889793326984857,0.8923267926276774,0.9904049566904372,0.9839759857525399,0.9532161459503802,1.0,0.9737457344296735,0.9461632114156033,0.9391744739203846,0.9638915625164679],[0.9430329089751426,0.9417515232255331,0.8954588994896325,0.9288608804872617,0.8610385183987237,0.9539991110407998,0.9074950683509193,0.9372444385541133,0.9042238088992383,0.9274259414235997,0.9085242287581766,0.9245965257127758,0.8784774149903958,0.8569244026581243,0.9089054340431911,0.9532189769688609,0.9369902220762821,0.9369952974267761,0.8549117038672515,0.8987243574665121,0.756128685956093,0.9018523492356022,0.8405807266729658,0.41137720295859415,-0.20783480088604564,0.8662432730679788,0.8549819329386625,0.8866937927587734,0.952588076124664,0.9554238956210059,0.9142854526042165,0.9737457344296735,1.0,0.9073132359160153,0.9311523180716375,0.9541819118500795],[0.9818011770501793,0.9718159437837566,0.9650762436609541,0.9790232032379246,0.9488492209070999,0.9611538032974494,0.9335347976009672,0.9626704153039408,0.9512412496725828,0.9782140702661899,0.9684027182258365,0.9743820611164602,0.9661883430039615,0.9673659753380063,0.9683299138622544,0.9633362847405621,0.9745700482092801,0.9619590394336298,0.8547338814507449,0.9005246851671985,0.6740563791588928,0.9684794364371391,0.9268800539866388,0.34350857999967854,-0.34602477491538625,0.8591221740668171,0.9255651071644133,0.9493505950330168,0.9601825503847854,0.9397319335163902,0.9774602843561806,0.9461632114156033,0.9073132359160153,1.0,0.957795182150627,0.9429093343270754],[0.9735373520352698,0.9644581714419173,0.9724539816683472,0.9716992051235938,0.9553014247574123,0.9786812481037467,0.967664744006596,0.9607481807751488,0.972695161468707,0.9704966546970998,0.9808669590523036,0.9701827527425363,0.9785524297226614,0.9766526659527045,0.9807262168728658,0.9780208651079387,0.9861112081943498,0.9588053409888107,0.8768728248746522,0.8506076947823007,0.6403031586468984,0.9569924804116454,0.8781178413071764,0.26532637199741943,-0.1830814346362,0.8680713437018275,0.9010071828676625,0.9733809796298315,0.9158177017706199,0.9237938221415248,0.9608574234489555,0.9391744739203846,0.9311523180716375,0.957795182150627,1.0,0.9209957138067064],[0.9552728972510941,0.9499560905226841,0.9185009216552826,0.9449222219826893,0.8885204983691001,0.9570216149564391,0.9124304964509254,0.9668256524194336,0.9263350253762281,0.9433254302861538,0.9394343173934113,0.948269159295656,0.9320914252905168,0.9254021582084374,0.9399300934240714,0.9614320934635258,0.9629914459842733,0.9679946332161037,0.8942874177886918,0.8845823479965665,0.6881608695604107,0.9249096106072577,0.8534095738910734,0.3815422376946749,-0.3170815024357082,0.8979256671576588,0.8725000284931818,0.8903494543311878,0.9680780031963159,0.9631101173200306,0.9425124588445983,0.9638915625164679,0.9541819118500795,0.9429093343270754,0.9209957138067064,1.0]],"x":["^TAIEX       \u81fa\u7063\u52a0\u6b0a\u5831\u916c\u6307\u6578","^TWII        \u81fa\u7063\u52a0\u6b0a\u6307\u6578","^TAIEXx2     \u81fa\u7063\u52a0\u6b0a\u5831\u916c\u6307\u6578_\u65e5\u6b632","^TAI50I      \u81fa\u706350\u5831\u916c\u6307\u6578","^TAI50Ix2    \u81fa\u706350\u5831\u916c\u6307\u6578_\u65e5\u6b632","^TAI100I     \u81fa\u7063\u4e2d\u578b100\u5831\u916c\u6307\u6578","^TAI100Ix2   \u81fa\u7063\u4e2d\u578b100\u5831\u916c\u6307\u6578_\u65e5\u6b632","^TAIDIVIDI   \u81fa\u7063\u9ad8\u80a1\u606f\u5831\u916c\u6307\u6578","^TAIDIVIDIx2 \u81fa\u7063\u9ad8\u80a1\u606f\u5831\u916c\u6307\u6578_\u65e5\u6b632","0050Fund     \u5143\u5927\u53f0\u7063\u5353\u8d8a50\u57fa\u91d1","006208Fund   \u5bcc\u90a6\u53f0\u7063\u91c6\u540950\u57fa\u91d1","0050         \u5143\u5927\u81fa\u706350","00631L       \u5143\u5927\u53f0\u706350\u6b632","00675L       \u5bcc\u90a6\u81fa\u7063\u52a0\u6b0a\u6b632","006208       \u5bcc\u90a6\u53f050","0051         \u5143\u5927\u4e2d\u578b100","006204       \u6c38\u8c50\u81fa\u7063\u52a0\u6b0a","0056         \u5143\u5927\u9ad8\u80a1\u606f","0056         \u5143\u5927\u9ad8\u80a1\u606f_\u80a1\u606f\u4e0d\u6295\u5165","2412         \u4e2d\u83ef\u96fb\u4fe1","2002         \u4e2d\u92fc","2330         \u53f0\u7a4d\u96fb","2317         \u9d3b\u6d77","6505         \u53f0\u5851\u77f3\u5316","3481         \u7fa4\u5275","2303         \u806f\u96fb","2308         \u53f0\u9054\u96fb","2454         \u806f\u767c\u79d1","2886         \u5146\u8c50\u91d1","2884         \u7389\u5c71\u91d1","2891         \u4e2d\u4fe1\u91d1","2892         \u7b2c\u4e00\u91d1","5880         \u5408\u5eab\u91d1","2881         \u5bcc\u90a6\u91d1","2885         \u5143\u5927\u91d1","2887         \u53f0\u65b0\u91d1"],"y":["^TAIEX       \u81fa\u7063\u52a0\u6b0a\u5831\u916c\u6307\u6578","^TWII        \u81fa\u7063\u52a0\u6b0a\u6307\u6578","^TAIEXx2     \u81fa\u7063\u52a0\u6b0a\u5831\u916c\u6307\u6578_\u65e5\u6b632","^TAI50I      \u81fa\u706350\u5831\u916c\u6307\u6578","^TAI50Ix2    \u81fa\u706350\u5831\u916c\u6307\u6578_\u65e5\u6b632","^TAI100I     \u81fa\u7063\u4e2d\u578b100\u5831\u916c\u6307\u6578","^TAI100Ix2   \u81fa\u7063\u4e2d\u578b100\u5831\u916c\u6307\u6578_\u65e5\u6b632","^TAIDIVIDI   \u81fa\u7063\u9ad8\u80a1\u606f\u5831\u916c\u6307\u6578","^TAIDIVIDIx2 \u81fa\u7063\u9ad8\u80a1\u606f\u5831\u916c\u6307\u6578_\u65e5\u6b632","0050Fund     \u5143\u5927\u53f0\u7063\u5353\u8d8a50\u57fa\u91d1","006208Fund   \u5bcc\u90a6\u53f0\u7063\u91c6\u540950\u57fa\u91d1","0050         \u5143\u5927\u81fa\u706350","00631L       \u5143\u5927\u53f0\u706350\u6b632","00675L       \u5bcc\u90a6\u81fa\u7063\u52a0\u6b0a\u6b632","006208       \u5bcc\u90a6\u53f050","0051         \u5143\u5927\u4e2d\u578b100","006204       \u6c38\u8c50\u81fa\u7063\u52a0\u6b0a","0056         \u5143\u5927\u9ad8\u80a1\u606f","0056         \u5143\u5927\u9ad8\u80a1\u606f_\u80a1\u606f\u4e0d\u6295\u5165","2412         \u4e2d\u83ef\u96fb\u4fe1","2002         \u4e2d\u92fc","2330         \u53f0\u7a4d\u96fb","2317         \u9d3b\u6d77","6505         \u53f0\u5851\u77f3\u5316","3481         \u7fa4\u5275","2303         \u806f\u96fb","2308         \u53f0\u9054\u96fb","2454         \u806f\u767c\u79d1","2886         \u5146\u8c50\u91d1","2884         \u7389\u5c71\u91d1","2891         \u4e2d\u4fe1\u91d1","2892         \u7b2c\u4e00\u91d1","5880         \u5408\u5eab\u91d1","2881         \u5bcc\u90a6\u91d1","2885         \u5143\u5927\u91d1","2887         \u53f0\u65b0\u91d1"],"zmin":-1,"zmax":1,"colorbar":{"x":-0.2}}],"layout":{"autotypenumbers":"strict","colorway":["#636efa","#EF553B","#00cc96","#ab63fa","#FFA15A","#19d3f3","#FF6692","#B6E880","#FF97FF","#FECB52"],"font":{"color":"#f2f5fa","family":"Courier New"},"hovermode":"closest","hoverlabel":{"align":"left"},"paper_bgcolor":"rgb(17,17,17)","plot_bgcolor":"rgb(17,17,17)","polar":{"bgcolor":"rgb(17,17,17)","angularaxis":{"gridcolor":"#506784","linecolor":"#506784","ticks":""},"radialaxis":{"gridcolor":"#506784","linecolor":"#506784","ticks":""}},"ternary":{"bgcolor":"rgb(17,17,17)","aaxis":{"gridcolor":"#506784","linecolor":"#506784","ticks":""},"baxis":{"gridcolor":"#506784","linecolor":"#506784","ticks":""},"caxis":{"gridcolor":"#506784","linecolor":"#506784","ticks":""}},"coloraxis":{"colorbar":{"outlinewidth":0,"ticks":""}},"colorscale":{"sequential":[[0.0,"#0d0887"],[0.1111111111111111,"#46039f"],[0.2222222222222222,"#7201a8"],[0.3333333333333333,"#9c179e"],[0.4444444444444444,"#bd3786"],[0.5555555555555556,"#d8576b"],[0.6666666666666666,"#ed7953"],[0.7777777777777778,"#fb9f3a"],[0.8888888888888888,"#fdca26"],[1.0,"#f0f921"]],"sequentialminus":[[0.0,"#0d0887"],[0.1111111111111111,"#46039f"],[0.2222222222222222,"#7201a8"],[0.3333333333333333,"#9c179e"],[0.4444444444444444,"#bd3786"],[0.5555555555555556,"#d8576b"],[0.6666666666666666,"#ed7953"],[0.7777777777777778,"#fb9f3a"],[0.8888888888888888,"#fdca26"],[1.0,"#f0f921"]],"diverging":[[0,"#8e0152"],[0.1,"#c51b7d"],[0.2,"#de77ae"],[0.3,"#f1b6da"],[0.4,"#fde0ef"],[0.5,"#f7f7f7"],[0.6,"#e6f5d0"],[0.7,"#b8e186"],[0.8,"#7fbc41"],[0.9,"#4d9221"],[1,"#276419"]]},"xaxis":{"gridcolor":"rgba(0, 0, 0, 0)","linecolor":"#506784","ticks":"","title":{"standoff":15},"zerolinecolor":"#283442","automargin":true,"zerolinewidth":2,"tickfont":{"family":"Courier New","size":14},"side":"top","tickangle":-90},"yaxis":{"gridcolor":"rgba(0, 0, 0, 0)","linecolor":"#506784","ticks":"","title":{"standoff":15},"zerolinecolor":"#283442","automargin":true,"zerolinewidth":2,"tickfont":{"family":"Courier New"},"side":"right"},"scene":{"xaxis":{"backgroundcolor":"rgb(17,17,17)","gridcolor":"#506784","linecolor":"#506784","showbackground":true,"ticks":"","zerolinecolor":"#C8D4E3","gridwidth":2},"yaxis":{"backgroundcolor":"rgb(17,17,17)","gridcolor":"#506784","linecolor":"#506784","showbackground":true,"ticks":"","zerolinecolor":"#C8D4E3","gridwidth":2},"zaxis":{"backgroundcolor":"rgb(17,17,17)","gridcolor":"#506784","linecolor":"#506784","showbackground":true,"ticks":"","zerolinecolor":"#C8D4E3","gridwidth":2}},"shapedefaults":{"line":{"color":"#f2f5fa"}},"annotationdefaults":{"arrowcolor":"#f2f5fa","arrowhead":0,"arrowwidth":1},"geo":{"bgcolor":"rgb(17,17,17)","landcolor":"rgb(17,17,17)","subunitcolor":"#506784","showland":true,"showlakes":true,"lakecolor":"rgb(17,17,17)"},"title":{"x":0.05,"font":{"family":"Times New Roman"},"y":0.05,"text":"<b>Correlation of Adj Close<b><br><i>2016-09-23 ~ 2025-10-31<i>"},"updatemenudefaults":{"bgcolor":"#506784","borderwidth":0},"sliderdefaults":{"bgcolor":"#C8D4E3","borderwidth":1,"bordercolor":"rgb(17,17,17)","tickwidth":0},"mapbox":{"style":"dark"},"annotations":[{"text":"<b>@zwindr<b>","textangle":0,"opacity":0.5,"font":{"color":"white","size":12},"xref":"paper","yref":"paper","xanchor":"left","yanchor":"bottom","x":1.0,"y":1.0,"showarrow":false}]},"config":{"responsive":true,"toImageButtonOptions":{"filename":"Correlation of Adj Close_2016-09-23~2025-10-31","scale":5}}};Plotly.newPlot("correlationAdjClose",correlationAdjClose.data,correlationAdjClose.layout||{},correlationAdjClose.config);}else{console.log("style display is none => correlationAdjClose");}