var element=document.getElementById("correlationClose");if(element.style.display!='none'){var correlationClose={"data":[{"type":"heatmap","z":[[1.0,0.999999999999998,1.0,0.9950761242621542,0.9950761242621542,0.9675455353752148,0.9675455353752148,0.9085024677606829,0.9085024677606829,0.8142114986102434,0.994613531164939,0.7709898629957666,0.992418480224661,0.9926996855811239,0.9946792338453487,0.9749757927805986,0.9991193520350247,0.9166664355476026,0.9166664355476026,0.7811348602817154,-0.15570703195914734,0.9786952516820895,0.18817160296105845,-0.1197718321798395,-0.24991796941863906,0.8140583271841517,0.9061887390416355,0.9171419461675288,0.9239262487910931,0.7844114656383947,0.5806687613319783,0.6429994035913545,0.6278769810208802,0.9356322868088299,0.8410180467692749,0.20301774890413818],[0.999999999999998,1.0,0.9999999999999982,0.9950454633911621,0.9950454633911621,0.9670395262582392,0.9670395262582392,0.9093916878765731,0.9093916878765731,0.8157260644104384,0.9946069638883269,0.7711804477084048,0.9921103519656461,0.9921831230493152,0.9946794749739741,0.9744489955048387,0.9991205267318214,0.9167317780898316,0.9167317780898316,0.7993457322210322,0.05640235605396386,0.970809038760999,-0.027073814864360515,-0.11262704888913362,-0.24997743270536169,0.650000623509679,0.9069302247209071,0.8936562774844128,0.9186259988931271,0.7944489308261251,0.5727659173652172,0.6404381553372321,0.6529136484413609,0.9334710472612032,0.701853774359877,0.20018520857641428],[1.0,0.9999999999999982,1.0,0.9950761242621542,0.9950761242621542,0.9675455353752148,0.9675455353752148,0.9085024677606829,0.9085024677606829,0.8142114986102434,0.994613531164939,0.7709898629957666,0.992418480224661,0.9926996855811239,0.9946792338453487,0.9749757927805986,0.9991193520350247,0.9166664355476026,0.9166664355476026,0.7811348602817154,-0.15570703195914734,0.9786952516820895,0.18817160296105845,-0.1197718321798395,-0.24991796941863906,0.8140583271841517,0.9061887390416355,0.9171419461675288,0.9239262487910931,0.7844114656383947,0.5806687613319783,0.6429994035913545,0.6278769810208802,0.9356322868088299,0.8410180467692749,0.20301774890413818],[0.9950761242621542,0.9950454633911621,0.9950761242621542,1.0,1.0,0.9543655375355139,0.9543655375355139,0.8924382692503166,0.8924382692503166,0.785695270896498,0.9995592076048928,0.7407783892270687,0.9917006931223923,0.9890835636174871,0.9995156816291402,0.9574008447456582,0.9948258755630561,0.8911331154599641,0.8911331154599641,0.7547006171825847,-0.1640136183824726,0.9910459973562191,0.21595733829407768,-0.15619869218309312,-0.2494939210254603,0.8033868455251256,0.9197848624979005,0.9175856508146368,0.9068864630287491,0.7880662062650827,0.6100896761673195,0.6355440247418339,0.596741583340534,0.925452677703312,0.8312096191058149,0.21547080522959777],[0.9950761242621542,0.9950454633911621,0.9950761242621542,1.0,1.0,0.9543655375355139,0.9543655375355139,0.8924382692503166,0.8924382692503166,0.785695270896498,0.9995592076048928,0.7407783892270687,0.9917006931223923,0.9890835636174871,0.9995156816291402,0.9574008447456582,0.9948258755630561,0.8911331154599641,0.8911331154599641,0.7547006171825847,-0.1640136183824726,0.9910459973562191,0.21595733829407768,-0.15619869218309312,-0.2494939210254603,0.8033868455251256,0.9197848624979005,0.9175856508146368,0.9068864630287491,0.7880662062650827,0.6100896761673195,0.6355440247418339,0.596741583340534,0.925452677703312,0.8312096191058149,0.21547080522959777],[0.9675455353752148,0.9670395262582392,0.9675455353752148,0.9543655375355139,0.9543655375355139,1.0,1.0,0.9334225605327765,0.9334225605327765,0.7881629613648193,0.9535505760655156,0.7707999558551626,0.9686399798188471,0.9659653581369603,0.9534703154479448,0.9990750858802636,0.9748598146405321,0.9182915514623631,0.9182915514623631,0.6493875141204197,-0.10565527762512623,0.9400424529429561,0.3388342488166641,-0.29973834618408896,-0.12128516950194322,0.882288067117782,0.8584064359377661,0.9345522344403714,0.9003319427721539,0.7503507680794319,0.76121334511616,0.7433719560586984,0.7027146139356123,0.8677206815821016,0.8703483226027972,0.4791900566070457],[0.9675455353752148,0.9670395262582392,0.9675455353752148,0.9543655375355139,0.9543655375355139,1.0,1.0,0.9334225605327765,0.9334225605327765,0.7881629613648193,0.9535505760655156,0.7707999558551626,0.9686399798188471,0.9659653581369603,0.9534703154479448,0.9990750858802636,0.9748598146405321,0.9182915514623631,0.9182915514623631,0.6493875141204197,-0.10565527762512623,0.9400424529429561,0.3388342488166641,-0.29973834618408896,-0.12128516950194322,0.882288067117782,0.8584064359377661,0.9345522344403714,0.9003319427721539,0.7503507680794319,0.76121334511616,0.7433719560586984,0.7027146139356123,0.8677206815821016,0.8703483226027972,0.4791900566070457],[0.9085024677606829,0.9093916878765731,0.9085024677606829,0.8924382692503166,0.8924382692503166,0.9334225605327765,0.9334225605327765,1.0,1.0,0.740714006719171,0.9374708015163856,0.7562239665792788,0.9388136438004613,0.9334487423833574,0.9374400538557578,0.934650571036079,0.9456612680032267,0.9708552832120151,0.9708552832120151,0.5944160148274323,0.015419486416117168,0.8555239489363271,0.5644919320106417,-0.3258085638851667,0.012130178721257214,0.7894445290474312,0.7579770725564682,0.8790136060287581,0.855633859738292,0.7633403828147843,0.8810322593129462,0.7858304700159479,0.7160688095155602,0.8011815413687641,0.8560126283630469,0.807971101845657],[0.9085024677606829,0.9093916878765731,0.9085024677606829,0.8924382692503166,0.8924382692503166,0.9334225605327765,0.9334225605327765,1.0,1.0,0.740714006719171,0.9374708015163856,0.7562239665792788,0.9388136438004613,0.9334487423833574,0.9374400538557578,0.934650571036079,0.9456612680032267,0.9708552832120151,0.9708552832120151,0.5944160148274323,0.015419486416117168,0.8555239489363271,0.5644919320106417,-0.3258085638851667,0.012130178721257214,0.7894445290474312,0.7579770725564682,0.8790136060287581,0.855633859738292,0.7633403828147843,0.8810322593129462,0.7858304700159479,0.7160688095155602,0.8011815413687641,0.8560126283630469,0.807971101845657],[0.8142114986102434,0.8157260644104384,0.8142114986102434,0.785695270896498,0.785695270896498,0.7881629613648193,0.7881629613648193,0.740714006719171,0.740714006719171,1.0,0.6712687417687772,0.9999698439030811,0.5988342846741573,0.5065290573505816,0.6731509033588278,0.7835770307516242,0.7281549295025667,0.8183044328671335,0.8183044328671335,0.6953089801711695,-0.09903512378886516,0.7576759630115123,0.03746353132449687,0.04880107300716536,-0.2429768331119332,0.787356069805071,0.5474167969973676,0.7636344525573193,0.815882866204633,0.6860898456359468,0.3560559374819768,0.5316856218054211,0.5645352115286821,0.7940402513651873,0.6589963517570326,0.17201424265250678],[0.994613531164939,0.9946069638883269,0.994613531164939,0.9995592076048928,0.9995592076048928,0.9535505760655156,0.9535505760655156,0.9374708015163856,0.9374708015163856,0.6712687417687772,1.0,0.6710955503713069,0.9913984565681261,0.9890965420954739,0.9999303007959336,0.952746148618452,0.9939380321709756,0.9018918618940662,0.9018918618940662,0.853483400393864,-0.0068687082529164676,0.996611889653989,0.8940677971225631,-0.5199607780535305,0.34044062575508144,0.8169979852791972,0.8860489648665508,0.9346426370695614,0.9008058361934963,0.8127072989136523,0.9197825085975361,0.866594670775535,0.7693550941635405,0.90648614033945,0.9454992384291453,0.7861075554865224],[0.7709898629957666,0.7711804477084048,0.7709898629957666,0.7407783892270687,0.7407783892270687,0.7707999558551626,0.7707999558551626,0.7562239665792788,0.7562239665792788,0.9999698439030811,0.6710955503713069,1.0,0.596530987090533,0.5036104193383061,0.6714767338679332,0.7745399572846206,0.7266552144031535,0.8138766295760241,0.8138766295760241,0.6552791634244605,0.02904953593168621,0.7142865834266859,0.42713061634019384,-0.1701158030483849,-0.23075258745139732,0.8184447090019691,0.4509834011594016,0.7375475830348511,0.7881418417768052,0.7110337040710764,0.5798286803803339,0.7065733341654503,0.6832734786763963,0.7512617939695144,0.6479064593805365,0.6734650485856619],[0.992418480224661,0.9921103519656461,0.992418480224661,0.9917006931223923,0.9917006931223923,0.9686399798188471,0.9686399798188471,0.9388136438004613,0.9388136438004613,0.5988342846741573,0.9913984565681261,0.596530987090533,1.0,0.9997847360194808,0.9913719958443964,0.9656952317396267,0.9903753272439877,0.8883018121307397,0.8883018121307397,0.8330357769794348,0.01710176149173807,0.9898733216605061,0.9135037702612835,-0.6703723342288135,0.40707652829468916,0.7851798363963625,0.8961491356867125,0.9400479094731085,0.8883664036339639,0.749622456006377,0.9208140941088224,0.8432924601982859,0.7447248576123694,0.891222538755658,0.9571226348915942,0.8119787734407212],[0.9926996855811239,0.9921831230493152,0.9926996855811239,0.9890835636174871,0.9890835636174871,0.9659653581369603,0.9659653581369603,0.9334487423833574,0.9334487423833574,0.5065290573505816,0.9890965420954739,0.5036104193383061,0.9997847360194808,1.0,0.9892227535398695,0.9621375635865753,0.9897792628780582,0.8723008523740163,0.8723008523740163,0.8546552933329392,-0.1088434910233351,0.9861519088690757,0.9209263281756375,-0.8372024728340822,0.4418139129442143,0.7331506207910726,0.9014543849914967,0.9329030447652024,0.8735750851606617,0.6847760888654815,0.9286386295514347,0.8351538329005352,0.6852832475230195,0.9144105860644542,0.9578312136364238,0.7832083307304469],[0.9946792338453487,0.9946794749739741,0.9946792338453487,0.9995156816291402,0.9995156816291402,0.9534703154479448,0.9534703154479448,0.9374400538557578,0.9374400538557578,0.6731509033588278,0.9999303007959336,0.6714767338679332,0.9913719958443964,0.9892227535398695,1.0,0.9527809362176392,0.9940274317689459,0.90229667262799,0.90229667262799,0.8544076238707933,-0.007503575019423777,0.9964758010386432,0.8936954327849055,-0.5175711508978038,0.34154980905499593,0.8173206053172527,0.8847889700625324,0.9338755282237523,0.9011205755908174,0.813811562480474,0.9194297488132717,0.8676156988327174,0.7701452281288024,0.9065181461606989,0.9456208652814629,0.7869137104248121],[0.9749757927805986,0.9744489955048387,0.9749757927805986,0.9574008447456582,0.9574008447456582,0.9990750858802636,0.9990750858802636,0.934650571036079,0.934650571036079,0.7835770307516242,0.952746148618452,0.7745399572846206,0.9656952317396267,0.9621375635865753,0.9527809362176392,1.0,0.9754556665505759,0.9187421505857511,0.9187421505857511,0.6977910359877153,-0.09072589885267694,0.9464061492540132,0.6593567821403216,-0.4313298664745167,-0.16736885283171152,0.8938981618331303,0.8515663362540647,0.9306826757049852,0.9075933462605994,0.7863520369410423,0.8617480758975865,0.7900589908668695,0.7592677688541748,0.8889973762701974,0.8676086093456482,0.7964730165162561],[0.9991193520350247,0.9991205267318214,0.9991193520350247,0.9948258755630561,0.9948258755630561,0.9748598146405321,0.9748598146405321,0.9456612680032267,0.9456612680032267,0.7281549295025667,0.9939380321709756,0.7266552144031535,0.9903753272439877,0.9897792628780582,0.9940274317689459,0.9754556665505759,1.0,0.9282405921370885,0.9282405921370885,0.8639714936509114,0.00791059399493835,0.9874700797274375,0.8628852702573416,-0.4993974656502324,0.3602215843584871,0.8636744627271244,0.8760442394640595,0.9458367782637163,0.9302887188263648,0.8343708875520789,0.9078473398794533,0.897978224098087,0.8120368037402018,0.9197912557469188,0.9543832485183278,0.8402740882906993],[0.9166664355476026,0.9167317780898316,0.9166664355476026,0.8911331154599641,0.8911331154599641,0.9182915514623631,0.9182915514623631,0.9708552832120151,0.9708552832120151,0.8183044328671335,0.9018918618940662,0.8138766295760241,0.8883018121307397,0.8723008523740163,0.90229667262799,0.9187421505857511,0.9282405921370885,1.0,1.0,0.7461808318940312,-0.04332528860057929,0.8549128058206983,0.5602227818104702,-0.210309794801041,-0.2075886834177837,0.8299078656453871,0.7249867443166889,0.8407082347402791,0.9185979259796424,0.8417984826700909,0.7989060590161764,0.76112806273947,0.7079530627012918,0.8484036047611458,0.7824158852835393,0.854919764726808],[0.9166664355476026,0.9167317780898316,0.9166664355476026,0.8911331154599641,0.8911331154599641,0.9182915514623631,0.9182915514623631,0.9708552832120151,0.9708552832120151,0.8183044328671335,0.9018918618940662,0.8138766295760241,0.8883018121307397,0.8723008523740163,0.90229667262799,0.9187421505857511,0.9282405921370885,1.0,1.0,0.7461808318940312,-0.04332528860057929,0.8549128058206983,0.5602227818104702,-0.210309794801041,-0.2075886834177837,0.8299078656453871,0.7249867443166889,0.8407082347402791,0.9185979259796424,0.8417984826700909,0.7989060590161764,0.76112806273947,0.7079530627012918,0.8484036047611458,0.7824158852835393,0.854919764726808],[0.7811348602817154,0.7993457322210322,0.7811348602817154,0.7547006171825847,0.7547006171825847,0.6493875141204197,0.6493875141204197,0.5944160148274323,0.5944160148274323,0.6953089801711695,0.853483400393864,0.6552791634244605,0.8330357769794348,0.8546552933329392,0.8544076238707933,0.6977910359877153,0.8639714936509114,0.7461808318940312,0.7461808318940312,1.0,0.028813867797045263,0.7160399198121417,-0.34965429670583653,0.304917710421407,-0.655348584381761,0.3610966519954456,0.6953431721096742,0.5181967850619404,0.8380422484316326,0.6985437608305594,0.13058940859522547,0.3188816070778265,0.5690807194852144,0.7841933150620218,0.487390640527982,-0.14076390383066834],[-0.15570703195914734,0.05640235605396386,-0.15570703195914734,-0.1640136183824726,-0.1640136183824726,-0.10565527762512623,-0.10565527762512623,0.015419486416117168,0.015419486416117168,-0.09903512378886516,-0.0068687082529164676,0.02904953593168621,0.01710176149173807,-0.1088434910233351,-0.007503575019423777,-0.09072589885267694,0.00791059399493835,-0.04332528860057929,-0.04332528860057929,0.028813867797045263,1.0,-0.10659235184856344,0.09884651824904338,0.16312593054327432,0.7475245005293965,-0.09721329181722754,-0.06189539786599698,-0.024467047745444784,0.15235555056341596,-0.009553216638485079,0.03070038340549611,0.31842153638836546,0.5621584157918783,-0.13210688745555133,0.09449927047028449,0.1505195859176078],[0.9786952516820895,0.970809038760999,0.9786952516820895,0.9910459973562191,0.9910459973562191,0.9400424529429561,0.9400424529429561,0.8555239489363271,0.8555239489363271,0.7576759630115123,0.996611889653989,0.7142865834266859,0.9898733216605061,0.9861519088690757,0.9964758010386432,0.9464061492540132,0.9874700797274375,0.8549128058206983,0.8549128058206983,0.7160399198121417,-0.10659235184856344,1.0,0.12389900475415003,-0.21278267825231334,-0.29746899661321735,0.6673512563300835,0.9214523665798185,0.9009527330408855,0.850714879376061,0.7562430003571925,0.6116011729265509,0.6027931485688851,0.5271236481758882,0.9044219467618468,0.6809883172928718,0.19701562050271484],[0.18817160296105845,-0.027073814864360515,0.18817160296105845,0.21595733829407768,0.21595733829407768,0.3388342488166641,0.3388342488166641,0.5644919320106417,0.5644919320106417,0.03746353132449687,0.8940677971225631,0.42713061634019384,0.9135037702612835,0.9209263281756375,0.8936954327849055,0.6593567821403216,0.8628852702573416,0.5602227818104702,0.5602227818104702,-0.34965429670583653,0.09884651824904338,0.12389900475415003,1.0,-0.46561405056554384,0.7048463212149237,0.3872786380858209,0.14306428148670933,0.3313773046823223,-0.07757453183416556,0.09631247625101304,0.607646654583339,0.4878308932297902,0.20549631058072254,0.03111755523689198,0.4052546822879381,0.4741412881703571],[-0.1197718321798395,-0.11262704888913362,-0.1197718321798395,-0.15619869218309312,-0.15619869218309312,-0.29973834618408896,-0.29973834618408896,-0.3258085638851667,-0.3258085638851667,0.04880107300716536,-0.5199607780535305,-0.1701158030483849,-0.6703723342288135,-0.8372024728340822,-0.5175711508978038,-0.4313298664745167,-0.4993974656502324,-0.210309794801041,-0.210309794801041,0.304917710421407,0.16312593054327432,-0.21278267825231334,-0.46561405056554384,1.0,-0.02509502818732281,-0.17401686151373655,-0.21194825231849332,-0.31497297225996573,-0.057401959249854494,-0.08805874211571321,-0.5735194041402738,-0.21108778160557623,-0.031076471682337733,-0.0631669715409154,-0.2354852416526989,-0.4132448652088043],[-0.24991796941863906,-0.24997743270536169,-0.24991796941863906,-0.2494939210254603,-0.2494939210254603,-0.12128516950194322,-0.12128516950194322,0.012130178721257214,0.012130178721257214,-0.2429768331119332,0.34044062575508144,-0.23075258745139732,0.40707652829468916,0.4418139129442143,0.34154980905499593,-0.16736885283171152,0.3602215843584871,-0.2075886834177837,-0.2075886834177837,-0.655348584381761,0.7475245005293965,-0.29746899661321735,0.7048463212149237,-0.02509502818732281,1.0,-0.10841961187852987,-0.23782704646244532,-0.06916231801197069,-0.351195794900725,-0.32934940994266027,0.06250924370975043,0.15736852223545086,0.2609762135164818,-0.37667524971525074,0.10584778831484566,0.08805693415608262],[0.8140583271841517,0.650000623509679,0.8140583271841517,0.8033868455251256,0.8033868455251256,0.882288067117782,0.882288067117782,0.7894445290474312,0.7894445290474312,0.787356069805071,0.8169979852791972,0.8184447090019691,0.7851798363963625,0.7331506207910726,0.8173206053172527,0.8938981618331303,0.8636744627271244,0.8299078656453871,0.8299078656453871,0.3610966519954456,-0.09721329181722754,0.6673512563300835,0.3872786380858209,-0.17401686151373655,-0.10841961187852987,1.0,0.5427853813578141,0.8398670007822631,0.5018563083738868,0.6335570871151209,0.5562960444085611,0.6629290798612316,0.4288292378201678,0.7091975415495734,0.7066638840172564,0.42282307764271393],[0.9061887390416355,0.9069302247209071,0.9061887390416355,0.9197848624979005,0.9197848624979005,0.8584064359377661,0.8584064359377661,0.7579770725564682,0.7579770725564682,0.5474167969973676,0.8860489648665508,0.4509834011594016,0.8961491356867125,0.9014543849914967,0.8847889700625324,0.8515663362540647,0.8760442394640595,0.7249867443166889,0.7249867443166889,0.6953431721096742,-0.06189539786599698,0.9214523665798185,0.14306428148670933,-0.21194825231849332,-0.23782704646244532,0.5427853813578141,1.0,0.80059972476651,0.7733125230900428,0.6650944307082629,0.5294295899209113,0.5100263845288809,0.5076031925044033,0.8394527189435804,0.6383339282164956,0.12640498093240796],[0.9171419461675288,0.8936562774844128,0.9171419461675288,0.9175856508146368,0.9175856508146368,0.9345522344403714,0.9345522344403714,0.8790136060287581,0.8790136060287581,0.7636344525573193,0.9346426370695614,0.7375475830348511,0.9400479094731085,0.9329030447652024,0.9338755282237523,0.9306826757049852,0.9458367782637163,0.8407082347402791,0.8407082347402791,0.5181967850619404,-0.024467047745444784,0.9009527330408855,0.3313773046823223,-0.31497297225996573,-0.06916231801197069,0.8398670007822631,0.80059972476651,1.0,0.759124317955055,0.622298929459661,0.6169626721339956,0.6117334651389863,0.5363242656790219,0.8266064854730141,0.8411116810114762,0.23247411973782697],[0.9239262487910931,0.9186259988931271,0.9239262487910931,0.9068864630287491,0.9068864630287491,0.9003319427721539,0.9003319427721539,0.855633859738292,0.855633859738292,0.815882866204633,0.9008058361934963,0.7881418417768052,0.8883664036339639,0.8735750851606617,0.9011205755908174,0.9075933462605994,0.9302887188263648,0.9185979259796424,0.9185979259796424,0.8380422484316326,0.15235555056341596,0.850714879376061,-0.07757453183416556,-0.057401959249854494,-0.351195794900725,0.5018563083738868,0.7733125230900428,0.759124317955055,1.0,0.9085347834738159,0.5594622661469294,0.6944269460449067,0.6682657456960861,0.8813802897736699,0.521060405277008,0.3078749199587108],[0.7844114656383947,0.7944489308261251,0.7844114656383947,0.7880662062650827,0.7880662062650827,0.7503507680794319,0.7503507680794319,0.7633403828147843,0.7633403828147843,0.6860898456359468,0.8127072989136523,0.7110337040710764,0.749622456006377,0.6847760888654815,0.813811562480474,0.7863520369410423,0.8343708875520789,0.8417984826700909,0.8417984826700909,0.6985437608305594,-0.009553216638485079,0.7562430003571925,0.09631247625101304,-0.08805874211571321,-0.32934940994266027,0.6335570871151209,0.6650944307082629,0.622298929459661,0.9085347834738159,1.0,0.5926410336936351,0.6770803955176777,0.6126917797170397,0.738835754465314,0.5981407285759801,0.4795074884457726],[0.5806687613319783,0.5727659173652172,0.5806687613319783,0.6100896761673195,0.6100896761673195,0.76121334511616,0.76121334511616,0.8810322593129462,0.8810322593129462,0.3560559374819768,0.9197825085975361,0.5798286803803339,0.9208140941088224,0.9286386295514347,0.9194297488132717,0.8617480758975865,0.9078473398794533,0.7989060590161764,0.7989060590161764,0.13058940859522547,0.03070038340549611,0.6116011729265509,0.607646654583339,-0.5735194041402738,0.06250924370975043,0.5562960444085611,0.5294295899209113,0.6169626721339956,0.5594622661469294,0.5926410336936351,1.0,0.7483548382094167,0.3880671771070152,0.5234880518470985,0.6052918559890547,0.7530670927788873],[0.6429994035913545,0.6404381553372321,0.6429994035913545,0.6355440247418339,0.6355440247418339,0.7433719560586984,0.7433719560586984,0.7858304700159479,0.7858304700159479,0.5316856218054211,0.866594670775535,0.7065733341654503,0.8432924601982859,0.8351538329005352,0.8676156988327174,0.7900589908668695,0.897978224098087,0.76112806273947,0.76112806273947,0.3188816070778265,0.31842153638836546,0.6027931485688851,0.4878308932297902,-0.21108778160557623,0.15736852223545086,0.6629290798612316,0.5100263845288809,0.6117334651389863,0.6944269460449067,0.6770803955176777,0.7483548382094167,1.0,0.7794985636815237,0.5116625053015802,0.7349913508740772,0.5545029487908562],[0.6278769810208802,0.6529136484413609,0.6278769810208802,0.596741583340534,0.596741583340534,0.7027146139356123,0.7027146139356123,0.7160688095155602,0.7160688095155602,0.5645352115286821,0.7693550941635405,0.6832734786763963,0.7447248576123694,0.6852832475230195,0.7701452281288024,0.7592677688541748,0.8120368037402018,0.7079530627012918,0.7079530627012918,0.5690807194852144,0.5621584157918783,0.5271236481758882,0.20549631058072254,-0.031076471682337733,0.2609762135164818,0.4288292378201678,0.5076031925044033,0.5363242656790219,0.6682657456960861,0.6126917797170397,0.3880671771070152,0.7794985636815237,1.0,0.49635670842273183,0.6654230965869117,0.20723927034174158],[0.9356322868088299,0.9334710472612032,0.9356322868088299,0.925452677703312,0.925452677703312,0.8677206815821016,0.8677206815821016,0.8011815413687641,0.8011815413687641,0.7940402513651873,0.90648614033945,0.7512617939695144,0.891222538755658,0.9144105860644542,0.9065181461606989,0.8889973762701974,0.9197912557469188,0.8484036047611458,0.8484036047611458,0.7841933150620218,-0.13210688745555133,0.9044219467618468,0.03111755523689198,-0.0631669715409154,-0.37667524971525074,0.7091975415495734,0.8394527189435804,0.8266064854730141,0.8813802897736699,0.738835754465314,0.5234880518470985,0.5116625053015802,0.49635670842273183,1.0,0.7462411552829328,0.1878250982064891],[0.8410180467692749,0.701853774359877,0.8410180467692749,0.8312096191058149,0.8312096191058149,0.8703483226027972,0.8703483226027972,0.8560126283630469,0.8560126283630469,0.6589963517570326,0.9454992384291453,0.6479064593805365,0.9571226348915942,0.9578312136364238,0.9456208652814629,0.8676086093456482,0.9543832485183278,0.7824158852835393,0.7824158852835393,0.487390640527982,0.09449927047028449,0.6809883172928718,0.4052546822879381,-0.2354852416526989,0.10584778831484566,0.7066638840172564,0.6383339282164956,0.8411116810114762,0.521060405277008,0.5981407285759801,0.6052918559890547,0.7349913508740772,0.6654230965869117,0.7462411552829328,1.0,0.1974341810424333],[0.20301774890413818,0.20018520857641428,0.20301774890413818,0.21547080522959777,0.21547080522959777,0.4791900566070457,0.4791900566070457,0.807971101845657,0.807971101845657,0.17201424265250678,0.7861075554865224,0.6734650485856619,0.8119787734407212,0.7832083307304469,0.7869137104248121,0.7964730165162561,0.8402740882906993,0.854919764726808,0.854919764726808,-0.14076390383066834,0.1505195859176078,0.19701562050271484,0.4741412881703571,-0.4132448652088043,0.08805693415608262,0.42282307764271393,0.12640498093240796,0.23247411973782697,0.3078749199587108,0.4795074884457726,0.7530670927788873,0.5545029487908562,0.20723927034174158,0.1878250982064891,0.1974341810424333,1.0]],"x":["^TAIEX       \u81fa\u7063\u52a0\u6b0a\u5831\u916c\u6307\u6578","^TWII        \u81fa\u7063\u52a0\u6b0a\u6307\u6578","^TAIEXx2     \u81fa\u7063\u52a0\u6b0a\u5831\u916c\u6307\u6578_\u65e5\u6b632","^TAI50I      \u81fa\u706350\u5831\u916c\u6307\u6578","^TAI50Ix2    \u81fa\u706350\u5831\u916c\u6307\u6578_\u65e5\u6b632","^TAI100I     \u81fa\u7063\u4e2d\u578b100\u5831\u916c\u6307\u6578","^TAI100Ix2   \u81fa\u7063\u4e2d\u578b100\u5831\u916c\u6307\u6578_\u65e5\u6b632","^TAIDIVIDI   \u81fa\u7063\u9ad8\u80a1\u606f\u5831\u916c\u6307\u6578","^TAIDIVIDIx2 \u81fa\u7063\u9ad8\u80a1\u606f\u5831\u916c\u6307\u6578_\u65e5\u6b632","0050Fund     \u5143\u5927\u53f0\u7063\u5353\u8d8a50\u57fa\u91d1","006208Fund   \u5bcc\u90a6\u53f0\u7063\u91c6\u540950\u57fa\u91d1","0050         \u5143\u5927\u81fa\u706350","00631L       \u5143\u5927\u53f0\u706350\u6b632","00675L       \u5bcc\u90a6\u81fa\u7063\u52a0\u6b0a\u6b632","006208       \u5bcc\u90a6\u53f050","0051         \u5143\u5927\u4e2d\u578b100","006204       \u6c38\u8c50\u81fa\u7063\u52a0\u6b0a","0056         \u5143\u5927\u9ad8\u80a1\u606f","0056         \u5143\u5927\u9ad8\u80a1\u606f_\u80a1\u606f\u4e0d\u6295\u5165","2412         \u4e2d\u83ef\u96fb\u4fe1","2002         \u4e2d\u92fc","2330         \u53f0\u7a4d\u96fb","2317         \u9d3b\u6d77","6505         \u53f0\u5851\u77f3\u5316","3481         \u7fa4\u5275","2303         \u806f\u96fb","2308         \u53f0\u9054\u96fb","2454         \u806f\u767c\u79d1","2886         \u5146\u8c50\u91d1","2884         \u7389\u5c71\u91d1","2891         \u4e2d\u4fe1\u91d1","2892         \u7b2c\u4e00\u91d1","5880         \u5408\u5eab\u91d1","2881         \u5bcc\u90a6\u91d1","2885         \u5143\u5927\u91d1","2887         \u53f0\u65b0\u91d1"],"y":["^TAIEX       \u81fa\u7063\u52a0\u6b0a\u5831\u916c\u6307\u6578","^TWII        \u81fa\u7063\u52a0\u6b0a\u6307\u6578","^TAIEXx2     \u81fa\u7063\u52a0\u6b0a\u5831\u916c\u6307\u6578_\u65e5\u6b632","^TAI50I      \u81fa\u706350\u5831\u916c\u6307\u6578","^TAI50Ix2    \u81fa\u706350\u5831\u916c\u6307\u6578_\u65e5\u6b632","^TAI100I     \u81fa\u7063\u4e2d\u578b100\u5831\u916c\u6307\u6578","^TAI100Ix2   \u81fa\u7063\u4e2d\u578b100\u5831\u916c\u6307\u6578_\u65e5\u6b632","^TAIDIVIDI   \u81fa\u7063\u9ad8\u80a1\u606f\u5831\u916c\u6307\u6578","^TAIDIVIDIx2 \u81fa\u7063\u9ad8\u80a1\u606f\u5831\u916c\u6307\u6578_\u65e5\u6b632","0050Fund     \u5143\u5927\u53f0\u7063\u5353\u8d8a50\u57fa\u91d1","006208Fund   \u5bcc\u90a6\u53f0\u7063\u91c6\u540950\u57fa\u91d1","0050         \u5143\u5927\u81fa\u706350","00631L       \u5143\u5927\u53f0\u706350\u6b632","00675L       \u5bcc\u90a6\u81fa\u7063\u52a0\u6b0a\u6b632","006208       \u5bcc\u90a6\u53f050","0051         \u5143\u5927\u4e2d\u578b100","006204       \u6c38\u8c50\u81fa\u7063\u52a0\u6b0a","0056         \u5143\u5927\u9ad8\u80a1\u606f","0056         \u5143\u5927\u9ad8\u80a1\u606f_\u80a1\u606f\u4e0d\u6295\u5165","2412         \u4e2d\u83ef\u96fb\u4fe1","2002         \u4e2d\u92fc","2330         \u53f0\u7a4d\u96fb","2317         \u9d3b\u6d77","6505         \u53f0\u5851\u77f3\u5316","3481         \u7fa4\u5275","2303         \u806f\u96fb","2308         \u53f0\u9054\u96fb","2454         \u806f\u767c\u79d1","2886         \u5146\u8c50\u91d1","2884         \u7389\u5c71\u91d1","2891         \u4e2d\u4fe1\u91d1","2892         \u7b2c\u4e00\u91d1","5880         \u5408\u5eab\u91d1","2881         \u5bcc\u90a6\u91d1","2885         \u5143\u5927\u91d1","2887         \u53f0\u65b0\u91d1"],"zmin":-1,"zmax":1,"colorbar":{"x":-0.2}}],"layout":{"autotypenumbers":"strict","colorway":["#636efa","#EF553B","#00cc96","#ab63fa","#FFA15A","#19d3f3","#FF6692","#B6E880","#FF97FF","#FECB52"],"font":{"color":"#f2f5fa","family":"Courier New"},"hovermode":"closest","hoverlabel":{"align":"left"},"paper_bgcolor":"rgb(17,17,17)","plot_bgcolor":"rgb(17,17,17)","polar":{"bgcolor":"rgb(17,17,17)","angularaxis":{"gridcolor":"#506784","linecolor":"#506784","ticks":""},"radialaxis":{"gridcolor":"#506784","linecolor":"#506784","ticks":""}},"ternary":{"bgcolor":"rgb(17,17,17)","aaxis":{"gridcolor":"#506784","linecolor":"#506784","ticks":""},"baxis":{"gridcolor":"#506784","linecolor":"#506784","ticks":""},"caxis":{"gridcolor":"#506784","linecolor":"#506784","ticks":""}},"coloraxis":{"colorbar":{"outlinewidth":0,"ticks":""}},"colorscale":{"sequential":[[0.0,"#0d0887"],[0.1111111111111111,"#46039f"],[0.2222222222222222,"#7201a8"],[0.3333333333333333,"#9c179e"],[0.4444444444444444,"#bd3786"],[0.5555555555555556,"#d8576b"],[0.6666666666666666,"#ed7953"],[0.7777777777777778,"#fb9f3a"],[0.8888888888888888,"#fdca26"],[1.0,"#f0f921"]],"sequentialminus":[[0.0,"#0d0887"],[0.1111111111111111,"#46039f"],[0.2222222222222222,"#7201a8"],[0.3333333333333333,"#9c179e"],[0.4444444444444444,"#bd3786"],[0.5555555555555556,"#d8576b"],[0.6666666666666666,"#ed7953"],[0.7777777777777778,"#fb9f3a"],[0.8888888888888888,"#fdca26"],[1.0,"#f0f921"]],"diverging":[[0,"#8e0152"],[0.1,"#c51b7d"],[0.2,"#de77ae"],[0.3,"#f1b6da"],[0.4,"#fde0ef"],[0.5,"#f7f7f7"],[0.6,"#e6f5d0"],[0.7,"#b8e186"],[0.8,"#7fbc41"],[0.9,"#4d9221"],[1,"#276419"]]},"xaxis":{"gridcolor":"rgba(0, 0, 0, 0)","linecolor":"#506784","ticks":"","title":{"standoff":15},"zerolinecolor":"#283442","automargin":true,"zerolinewidth":2,"tickfont":{"family":"Courier New","size":14},"side":"top","tickangle":-90},"yaxis":{"gridcolor":"rgba(0, 0, 0, 0)","linecolor":"#506784","ticks":"","title":{"standoff":15},"zerolinecolor":"#283442","automargin":true,"zerolinewidth":2,"tickfont":{"family":"Courier New"},"side":"right"},"scene":{"xaxis":{"backgroundcolor":"rgb(17,17,17)","gridcolor":"#506784","linecolor":"#506784","showbackground":true,"ticks":"","zerolinecolor":"#C8D4E3","gridwidth":2},"yaxis":{"backgroundcolor":"rgb(17,17,17)","gridcolor":"#506784","linecolor":"#506784","showbackground":true,"ticks":"","zerolinecolor":"#C8D4E3","gridwidth":2},"zaxis":{"backgroundcolor":"rgb(17,17,17)","gridcolor":"#506784","linecolor":"#506784","showbackground":true,"ticks":"","zerolinecolor":"#C8D4E3","gridwidth":2}},"shapedefaults":{"line":{"color":"#f2f5fa"}},"annotationdefaults":{"arrowcolor":"#f2f5fa","arrowhead":0,"arrowwidth":1},"geo":{"bgcolor":"rgb(17,17,17)","landcolor":"rgb(17,17,17)","subunitcolor":"#506784","showland":true,"showlakes":true,"lakecolor":"rgb(17,17,17)"},"title":{"x":0.05,"font":{"family":"Times New Roman"},"y":0.05,"text":"<b>Correlation of Close<b><br><i>2016-09-23 ~ 2026-01-07<i>"},"updatemenudefaults":{"bgcolor":"#506784","borderwidth":0},"sliderdefaults":{"bgcolor":"#C8D4E3","borderwidth":1,"bordercolor":"rgb(17,17,17)","tickwidth":0},"mapbox":{"style":"dark"},"annotations":[{"text":"<b>@zwindr<b>","textangle":0,"opacity":0.5,"font":{"color":"white","size":12},"xref":"paper","yref":"paper","xanchor":"left","yanchor":"bottom","x":1.0,"y":1.0,"showarrow":false}]},"config":{"responsive":true,"toImageButtonOptions":{"filename":"Correlation of Close_2016-09-23~2026-01-07","scale":5}}};Plotly.newPlot("correlationClose",correlationClose.data,correlationClose.layout||{},correlationClose.config);}else{console.log("style display is none => correlationClose");}