var element=document.getElementById("correlationAdjClose");if(element.style.display!='none'){var correlationAdjClose={"data":[{"type":"heatmap","z":[[1.0,0.9941808169546765,0.9771479565500821,0.9975656150834947,0.964364766813129,0.9819790239483335,-0.9449887644106434,0.9900861274910115,0.9711126936471222,0.9971575768993186,0.9971394290920907,0.9976310266922191,0.9934915700106977,0.994188658415267,0.9971628906910913,0.9842845716516706,0.9996792275845181,0.9900740492278306,0.9209669956883818,0.7329731265778398,0.9853923298545019,0.9234455900414744,0.4263355206198465,-0.3038106380404108,0.900789968324645,0.9694991772089494,0.9559892526079204,0.9803183065330736,0.9648831242904182,0.9758837511487496,0.9724246210087004,0.9456414885828064,0.9803766982673905,0.9711756117383865,0.9544998208406281],[0.9941808169546765,1.0,0.9725103022569227,0.9913464900864737,0.9596252334062512,0.9775703890305839,-0.9403622587012203,0.9813192095785577,0.9643870481328931,0.9952126057825901,0.9950548963032808,0.9943585220495854,0.9925503640007803,0.9918876371203386,0.9950282617405048,0.9785199669227548,0.9967642516154699,0.9839631073529262,0.9102741733255167,0.7460045026683323,0.9673983867895098,0.9034125882738151,0.425748728456313,-0.22944306616336266,0.8756243026135451,0.9575472160795123,0.9553620610305085,0.9587728766030443,0.9512258408472923,0.9657650474271172,0.9570613871290916,0.9437259432668277,0.9694906643884429,0.9614251311307926,0.9485072275645218],[0.9771479565500821,0.9725103022569227,1.0,0.9835705223132221,0.9958660122233711,0.9786982470511026,-0.9763546079728247,0.9698427385852582,0.9838719270339574,0.9891710802363942,0.9898629634530053,0.9863934875082135,0.996985633466448,0.9967790965255662,0.9896161080100367,0.9771694872146642,0.9878561056672106,0.9696537488560194,0.8293481906735403,0.6208091078270488,0.9906149325912267,0.9155606162428548,0.26039678953419076,-0.2276046256660545,0.9036662132993388,0.9447759674510205,0.9800733255586053,0.9303961189850951,0.9137138079604509,0.9655038506353885,0.9207443359958811,0.9061310040673586,0.9671710890722997,0.9742897673760784,0.9229139299319996],[0.9975656150834947,0.9913464900864737,0.9835705223132221,1.0,0.9765029994066288,0.9741939250070892,-0.9401426702277746,0.9841542759854818,0.9685391577658878,0.9999720845682859,0.9999897599053671,0.9999582645389234,0.9916679413982181,0.9896679115873437,0.9999439810825231,0.9738460031334876,0.9960255438786441,0.9839322092731757,0.9067469441062443,0.7016472145003,0.9934641888127446,0.925322800512568,0.4004951734748002,-0.29494802824072985,0.897811518731048,0.9668115027076568,0.9623259428333778,0.9710274516502864,0.9619747695397455,0.9783383789767046,0.9625023241498863,0.9340972687800099,0.9783973581999955,0.9698074176835945,0.9456494648852192],[0.964364766813129,0.9596252334062512,0.9958660122233711,0.9765029994066288,1.0,0.9578232550522874,-0.9578156360249291,0.9538320800711244,0.970920930901691,0.9849882448709988,0.9857336840934174,0.981742542966778,0.9858973655534083,0.9822990785954666,0.9853495234311872,0.955153337360941,0.9754427973986991,0.9534939224490002,0.8080696500098854,0.5832139179907029,0.9895450977171271,0.9116105101181611,0.233858502715264,-0.2203929479226109,0.8829969288944147,0.9339786069547696,0.9771641088018267,0.9094673996413976,0.8996466048135308,0.959580370584188,0.8986601442952159,0.8790604312845597,0.9564185834745406,0.9621188074916535,0.8983588751739329],[0.9819790239483335,0.9775703890305839,0.9786982470511026,0.9741939250070892,0.9578232550522874,1.0,-0.9812490283513936,0.9810627974095999,0.9803931550907459,0.9691649025081307,0.9694757547858736,0.9721957969800208,0.9773540999796051,0.9753543629830153,0.9693139839114144,0.9999031103106482,0.9863331221054522,0.9821121080686539,0.8642150191872621,0.6999004588817116,0.9675801374198546,0.8944180855268047,0.29397592762569413,-0.21720896508842036,0.9356754981521896,0.9508019769204485,0.9604765518995457,0.9583169333207099,0.9294227680053004,0.9526597265967788,0.9525465327826023,0.9550596750400405,0.957861872197816,0.9769644306959359,0.9554326866814068],[-0.9449887644106434,-0.9403622587012203,-0.9763546079728247,-0.9401426702277746,-0.9578156360249291,-0.9812490283513936,1.0,-0.9529469910496189,-0.9839288441732822,-0.9498536944605024,-0.9510101164969185,-0.9465363225306234,-0.9748989598866071,-0.9764561672013609,-0.9506665541915907,-0.9842419040268936,-0.9657945219988209,-0.9558282153720059,-0.7790748339797648,-0.5979776661275498,-0.9449995196739793,-0.8863685307268725,-0.15246004150727163,0.15265781601880477,-0.9034963897289604,-0.9132771567728777,-0.958754436124287,-0.9012482217267791,-0.8622760806822043,-0.9272647091585225,-0.892864374086992,-0.9098956773738628,-0.9278523753065583,-0.9647542451440806,-0.910002157011412],[0.9900861274910115,0.9813192095785577,0.9698427385852582,0.9841542759854818,0.9538320800711244,0.9810627974095999,-0.9529469910496189,1.0,0.9828221552042562,0.979978140379749,0.9799054890675071,0.9831153173580954,0.9763255600141276,0.975432421957862,0.9799485331720894,0.9829478071858024,0.9878082684165146,0.9998726748217263,0.9248130510974055,0.6671080976479472,0.9735945211005013,0.8970300673102446,0.28162836256805446,-0.31209260148710183,0.9054251708217517,0.9473122703597544,0.9390164400658094,0.9781246422069032,0.9535735652170618,0.9682255185760794,0.9634208971147094,0.9363276394442193,0.9600083697944444,0.9582998953342815,0.9654000870824007],[0.9711126936471222,0.9643870481328931,0.9838719270339574,0.9685391577658878,0.970920930901691,0.9803931550907459,-0.9839288441732822,0.9828221552042562,1.0,0.9641439536541757,0.9647678965090972,0.9666661548284449,0.9737331035580005,0.9708930083292655,0.9645467792095114,0.9794752094012745,0.9711849503664662,0.9821418282806688,0.8532247539724501,0.5912293072835687,0.9682581486762507,0.9087515262577478,0.13953484702329352,-0.2318494756740938,0.8863107973325657,0.9286870337623242,0.9612455169681918,0.934606003243974,0.8978856279043311,0.9572585973491619,0.9179353575455139,0.9039126265387147,0.9467892372909323,0.970157983418895,0.9234376066740867],[0.9971575768993186,0.9952126057825901,0.9891710802363942,0.9999720845682859,0.9849882448709988,0.9691649025081307,-0.9498536944605024,0.979978140379749,0.9641439536541757,1.0,0.999987974956932,0.9999827606660692,0.9915182292715458,0.9894868749179275,0.9999493538550328,0.969501645511481,0.9956343149134013,0.9808974293483308,0.9325082342562817,0.6188397847207414,0.9967750600682576,0.9044380669258968,-0.0414212928529117,0.4227102487629538,0.9121825971716182,0.9477964512482832,0.9673844238900638,0.9624416736054022,0.944768122641706,0.966718557187087,0.942543014525893,0.9194097950416737,0.9662944476422259,0.9805362240771446,0.9420296018795844],[0.9971394290920907,0.9950548963032808,0.9898629634530053,0.9999897599053671,0.9857336840934174,0.9694757547858736,-0.9510101164969185,0.9799054890675071,0.9647678965090972,0.999987974956932,1.0,0.9999723110459567,0.9916947883958401,0.989660824324027,0.9999533078693176,0.9697822102236484,0.9956732745505126,0.9807942390012987,0.9317360535778646,0.6149785091228128,0.9970611339487966,0.9037493987988181,-0.056230800912236006,0.41817738294291196,0.9113625671325513,0.947551892525131,0.9682364366624707,0.9619433619996924,0.9435263213140458,0.9668284629625881,0.9415300545306258,0.9180985143783201,0.9664806215908633,0.981031163036587,0.9413067610227229],[0.9976310266922191,0.9943585220495854,0.9863934875082135,0.9999582645389234,0.981742542966778,0.9721957969800208,-0.9465363225306234,0.9831153173580954,0.9666661548284449,0.9999827606660692,0.9999723110459567,1.0,0.9914957077335663,0.9894286039275316,0.9999625748006603,0.9724994706050948,0.9958201387434462,0.9835922469615456,0.9231365710849774,0.6670464698508598,0.9959705607077766,0.919849346551737,0.15795411673283927,-0.19699345571220284,0.9202998860164004,0.9576544599281311,0.9575020736629607,0.9655191272185754,0.9530125911770926,0.9731427474826728,0.953213564264151,0.9323640138448654,0.9732646133427991,0.9682425712000962,0.9508982263162716],[0.9934915700106977,0.9925503640007803,0.996985633466448,0.9916679413982181,0.9858973655534083,0.9773540999796051,-0.9748989598866071,0.9763255600141276,0.9737331035580005,0.9915182292715458,0.9916947883958401,0.9914957077335663,1.0,0.999696688960877,0.9916678727595494,0.9779826458045968,0.9938013673218175,0.9775682791913575,0.9151959870627318,0.5562635685478373,0.9864784549081596,0.89614074383749,-0.3376877354763253,0.44374268476840245,0.9018222096482529,0.9429993892809798,0.9783936846551301,0.9458050069420555,0.9076927528434323,0.9481019467531775,0.9167772145126901,0.8897336452269373,0.9647332264767365,0.9802256344650934,0.9341940090177139],[0.994188658415267,0.9918876371203386,0.9967790965255662,0.9896679115873437,0.9822990785954666,0.9753543629830153,-0.9764561672013609,0.975432421957862,0.9708930083292655,0.9894868749179275,0.989660824324027,0.9894286039275316,0.999696688960877,1.0,0.9897595736947533,0.9760149403476127,0.9943426343340306,0.9769145779131589,0.9227654350237731,0.43329441657832346,0.9814131721385745,0.8857795132670957,-0.7201427808463534,0.42005817195487405,0.8738002608768389,0.9389308362241542,0.977745215928292,0.9386759032467135,0.8910649254687281,0.9393346621691272,0.9144598325538136,0.8685442495819984,0.9668398365430051,0.9785599224022767,0.9264257031590745],[0.9971628906910913,0.9950282617405048,0.9896161080100367,0.9999439810825231,0.9853495234311872,0.9693139839114144,-0.9506665541915907,0.9799485331720894,0.9645467792095114,0.9999493538550328,0.9999533078693176,0.9999625748006603,0.9916678727595494,0.9897595736947533,1.0,0.9696805577525467,0.9956714270329209,0.980866396033395,0.9324844835951461,0.6151810522692207,0.9968882752623316,0.9039538495247468,-0.05434542700631333,0.41792037235929996,0.9110764972394645,0.9459656499230897,0.9676354661645019,0.9622541999062884,0.9441282537187687,0.966831380501521,0.9421820688391316,0.9186247790354941,0.9663830909390307,0.980928214714765,0.9416802868904693],[0.9842845716516706,0.9785199669227548,0.9771694872146642,0.9738460031334876,0.955153337360941,0.9999031103106482,-0.9842419040268936,0.9829478071858024,0.9794752094012745,0.969501645511481,0.9697822102236484,0.9724994706050948,0.9779826458045968,0.9760149403476127,0.9696805577525467,1.0,0.9866874571190254,0.9822568195079945,0.8879153831259323,0.6980965611388007,0.9659534521835357,0.8897604368298421,0.16015019379127687,-0.1961879450719088,0.9439454783612738,0.9495722747322071,0.9572762179206277,0.9616796587815433,0.92643743903267,0.949222082089704,0.9534969176047904,0.9544091595772646,0.9602526758708723,0.976455052315281,0.9601237980575889],[0.9996792275845181,0.9967642516154699,0.9878561056672106,0.9960255438786441,0.9754427973986991,0.9863331221054522,-0.9657945219988209,0.9878082684165146,0.9711849503664662,0.9956343149134013,0.9956732745505126,0.9958201387434462,0.9938013673218175,0.9943426343340306,0.9956714270329209,0.9866874571190254,1.0,0.988613697338033,0.9381027937403363,0.6596082365676597,0.9889264709049592,0.9000459995913488,-0.0014212611588291118,0.43895057254520375,0.9319641175851449,0.9519839890992363,0.9658062015817642,0.9750945137886277,0.9486892554496484,0.9648939819702457,0.9572799253625305,0.9425809262072814,0.9721251078366505,0.9851270313852576,0.9635407936360412],[0.9900740492278306,0.9839631073529262,0.9696537488560194,0.9839322092731757,0.9534939224490002,0.9821121080686539,-0.9558282153720059,0.9998726748217263,0.9821418282806688,0.9808974293483308,0.9807942390012987,0.9835922469615456,0.9775682791913575,0.9769145779131589,0.980866396033395,0.9822568195079945,0.988613697338033,1.0,0.9311051034936088,0.6656029078032374,0.9725052792460532,0.9017102255993008,0.24738714852399507,-0.2938077783567614,0.9107573829414052,0.944699931864311,0.9390367438280963,0.9785913731731045,0.9529664238241227,0.9666681071242257,0.9619420795702048,0.9361793467677642,0.959309893252331,0.9562401736350209,0.9665911440424803],[0.9209669956883818,0.9102741733255167,0.8293481906735403,0.9067469441062443,0.8080696500098854,0.8642150191872621,-0.7790748339797648,0.9248130510974055,0.8532247539724501,0.9325082342562817,0.9317360535778646,0.9231365710849774,0.9151959870627318,0.9227654350237731,0.9324844835951461,0.8879153831259323,0.9381027937403363,0.9311051034936088,1.0,0.8381263941144081,0.858498966919942,0.8732676696268392,0.6767271323968225,-0.5315001426957632,0.7007799423488729,0.9071411758841691,0.8029905847307695,0.957735085373846,0.9354700105251685,0.9009089716164672,0.9443298644690415,0.8949199174965232,0.8987218431111458,0.8466019125291908,0.8801182649594356],[0.7329731265778398,0.7460045026683323,0.6208091078270488,0.7016472145003,0.5832139179907029,0.6999004588817116,-0.5979776661275498,0.6671080976479472,0.5912293072835687,0.6188397847207414,0.6149785091228128,0.6670464698508598,0.5562635685478373,0.43329441657832346,0.6151810522692207,0.6980965611388007,0.6596082365676597,0.6656029078032374,0.8381263941144081,1.0,0.6258446876638032,0.7382595933213117,0.729298685470114,-0.11661315408822052,0.5377876185277559,0.7297017488749787,0.6308658877584786,0.7877073975333949,0.7217576121097785,0.6579142900500353,0.7589319727709761,0.7624652188579938,0.6918443547204735,0.6561003747725602,0.6993132296667011],[0.9853923298545019,0.9673983867895098,0.9906149325912267,0.9934641888127446,0.9895450977171271,0.9675801374198546,-0.9449995196739793,0.9735945211005013,0.9682581486762507,0.9967750600682576,0.9970611339487966,0.9959705607077766,0.9864784549081596,0.9814131721385745,0.9968882752623316,0.9659534521835357,0.9889264709049592,0.9725052792460532,0.858498966919942,0.6258446876638032,1.0,0.8976875022419784,0.3268932570074076,-0.28855115920011004,0.8838732561237362,0.9529108795597098,0.9711076813067162,0.9399902057402454,0.9450475062416358,0.9703362329621991,0.9405649379967175,0.9093126184254504,0.9687907417487182,0.9551819798644591,0.9269599722069659],[0.9234455900414744,0.9034125882738151,0.9155606162428548,0.925322800512568,0.9116105101181611,0.8944180855268047,-0.8863685307268725,0.8970300673102446,0.9087515262577478,0.9044380669258968,0.9037493987988181,0.919849346551737,0.89614074383749,0.8857795132670957,0.9039538495247468,0.8897604368298421,0.9000459995913488,0.9017102255993008,0.8732676696268392,0.7382595933213117,0.8976875022419784,1.0,0.37249677688904814,-0.1897487337215059,0.7022428599173577,0.9190646472926837,0.8883870205206625,0.8980962274281222,0.8493777052650614,0.9247134137791513,0.8682390862977691,0.8405910038255081,0.9220858164862655,0.8667487528461215,0.8480698899579401],[0.4263355206198465,0.425748728456313,0.26039678953419076,0.4004951734748002,0.233858502715264,0.29397592762569413,-0.15246004150727163,0.28162836256805446,0.13953484702329352,-0.0414212928529117,-0.056230800912236006,0.15795411673283927,-0.3376877354763253,-0.7201427808463534,-0.05434542700631333,0.16015019379127687,-0.0014212611588291118,0.24738714852399507,0.6767271323968225,0.729298685470114,0.3268932570074076,0.37249677688904814,1.0,-0.3915897711855997,0.28720130574477126,0.3886836819311597,0.2108232439372506,0.5045344696734324,0.5011330505647282,0.3600676721386582,0.5218073285493158,0.4351672195294297,0.38053081827113566,0.3012162001663571,0.41090273256137144],[-0.3038106380404108,-0.22944306616336266,-0.2276046256660545,-0.29494802824072985,-0.2203929479226109,-0.21720896508842036,0.15265781601880477,-0.31209260148710183,-0.2318494756740938,0.4227102487629538,0.41817738294291196,-0.19699345571220284,0.44374268476840245,0.42005817195487405,0.41792037235929996,-0.1961879450719088,0.43895057254520375,-0.2938077783567614,-0.5315001426957632,-0.11661315408822052,-0.28855115920011004,-0.1897487337215059,-0.3915897711855997,1.0,-0.14986875701372102,-0.32482492984914857,-0.17780939275585622,-0.3896183165644278,-0.379244883600486,-0.3256989215055055,-0.34618711639014604,-0.20448913816600015,-0.35016074807981457,-0.18013358441944974,-0.31718596184386466],[0.900789968324645,0.8756243026135451,0.9036662132993388,0.897811518731048,0.8829969288944147,0.9356754981521896,-0.9034963897289604,0.9054251708217517,0.8863107973325657,0.9121825971716182,0.9113625671325513,0.9202998860164004,0.9018222096482529,0.8738002608768389,0.9110764972394645,0.9439454783612738,0.9319641175851449,0.9107573829414052,0.7007799423488729,0.5377876185277559,0.8838732561237362,0.7022428599173577,0.28720130574477126,-0.14986875701372102,1.0,0.8274853983445274,0.8844457360096347,0.8118303917657398,0.8591429246666608,0.826836026023833,0.866946918668917,0.861761875786989,0.8568630864541321,0.8670909506290266,0.8950661013872463],[0.9694991772089494,0.9575472160795123,0.9447759674510205,0.9668115027076568,0.9339786069547696,0.9508019769204485,-0.9132771567728777,0.9473122703597544,0.9286870337623242,0.9477964512482832,0.947551892525131,0.9576544599281311,0.9429993892809798,0.9389308362241542,0.9459656499230897,0.9495722747322071,0.9519839890992363,0.944699931864311,0.9071411758841691,0.7297017488749787,0.9529108795597098,0.9190646472926837,0.3886836819311597,-0.32482492984914857,0.8274853983445274,1.0,0.9327641974142126,0.9531723406273858,0.9315034026412485,0.9444102920957456,0.9372208149768798,0.9077126317804379,0.9599122671573264,0.9236208071507148,0.9141176005997138],[0.9559892526079204,0.9553620610305085,0.9800733255586053,0.9623259428333778,0.9771641088018267,0.9604765518995457,-0.958754436124287,0.9390164400658094,0.9612455169681918,0.9673844238900638,0.9682364366624707,0.9575020736629607,0.9783936846551301,0.977745215928292,0.9676354661645019,0.9572762179206277,0.9658062015817642,0.9390367438280963,0.8029905847307695,0.6308658877584786,0.9711076813067162,0.8883870205206625,0.2108232439372506,-0.17780939275585622,0.8844457360096347,0.9327641974142126,1.0,0.9049072940585727,0.8845668566009266,0.9392180640587702,0.8859581228381282,0.8845714249864036,0.9454186087405851,0.9712854079321076,0.8847916639594973],[0.9803183065330736,0.9587728766030443,0.9303961189850951,0.9710274516502864,0.9094673996413976,0.9583169333207099,-0.9012482217267791,0.9781246422069032,0.934606003243974,0.9624416736054022,0.9619433619996924,0.9655191272185754,0.9458050069420555,0.9386759032467135,0.9622541999062884,0.9616796587815433,0.9750945137886277,0.9785913731731045,0.957735085373846,0.7877073975333949,0.9399902057402454,0.8980962274281222,0.5045344696734324,-0.3896183165644278,0.8118303917657398,0.9531723406273858,0.9049072940585727,1.0,0.9856910264269303,0.9647190069786584,0.9898765126633049,0.9510505354986025,0.9589634138670449,0.9121579478999311,0.9665140604327178],[0.9648831242904182,0.9512258408472923,0.9137138079604509,0.9619747695397455,0.8996466048135308,0.9294227680053004,-0.8622760806822043,0.9535735652170618,0.8978856279043311,0.944768122641706,0.9435263213140458,0.9530125911770926,0.9076927528434323,0.8910649254687281,0.9441282537187687,0.92643743903267,0.9486892554496484,0.9529664238241227,0.9354700105251685,0.7217576121097785,0.9450475062416358,0.8493777052650614,0.5011330505647282,-0.379244883600486,0.8591429246666608,0.9315034026412485,0.8845668566009266,0.9856910264269303,1.0,0.9504139879140068,0.9831382684897153,0.9548675557140441,0.9361573925792461,0.919054635844052,0.9615445001220239],[0.9758837511487496,0.9657650474271172,0.9655038506353885,0.9783383789767046,0.959580370584188,0.9526597265967788,-0.9272647091585225,0.9682255185760794,0.9572585973491619,0.966718557187087,0.9668284629625881,0.9731427474826728,0.9481019467531775,0.9393346621691272,0.966831380501521,0.949222082089704,0.9648939819702457,0.9666681071242257,0.9009089716164672,0.6579142900500353,0.9703362329621991,0.9247134137791513,0.3600676721386582,-0.3256989215055055,0.826836026023833,0.9444102920957456,0.9392180640587702,0.9647190069786584,0.9504139879140068,1.0,0.952810967529275,0.9161297173418401,0.9759624700102074,0.9572565792748755,0.9418111301555303],[0.9724246210087004,0.9570613871290916,0.9207443359958811,0.9625023241498863,0.8986601442952159,0.9525465327826023,-0.892864374086992,0.9634208971147094,0.9179353575455139,0.942543014525893,0.9415300545306258,0.953213564264151,0.9167772145126901,0.9144598325538136,0.9421820688391316,0.9534969176047904,0.9572799253625305,0.9619420795702048,0.9443298644690415,0.7589319727709761,0.9405649379967175,0.8682390862977691,0.5218073285493158,-0.34618711639014604,0.866946918668917,0.9372208149768798,0.8859581228381282,0.9898765126633049,0.9831382684897153,0.952810967529275,1.0,0.9734563833360769,0.9435682247472618,0.9364332280109491,0.9620979624699717],[0.9456414885828064,0.9437259432668277,0.9061310040673586,0.9340972687800099,0.8790604312845597,0.9550596750400405,-0.9098956773738628,0.9363276394442193,0.9039126265387147,0.9194097950416737,0.9180985143783201,0.9323640138448654,0.8897336452269373,0.8685442495819984,0.9186247790354941,0.9544091595772646,0.9425809262072814,0.9361793467677642,0.8949199174965232,0.7624652188579938,0.9093126184254504,0.8405910038255081,0.4351672195294297,-0.20448913816600015,0.861761875786989,0.9077126317804379,0.8845714249864036,0.9510505354986025,0.9548675557140441,0.9161297173418401,0.9734563833360769,1.0,0.9060552945547674,0.9321317453922165,0.9530712023055541],[0.9803766982673905,0.9694906643884429,0.9671710890722997,0.9783973581999955,0.9564185834745406,0.957861872197816,-0.9278523753065583,0.9600083697944444,0.9467892372909323,0.9662944476422259,0.9664806215908633,0.9732646133427991,0.9647332264767365,0.9668398365430051,0.9663830909390307,0.9602526758708723,0.9721251078366505,0.959309893252331,0.8987218431111458,0.6918443547204735,0.9687907417487182,0.9220858164862655,0.38053081827113566,-0.35016074807981457,0.8568630864541321,0.9599122671573264,0.9454186087405851,0.9589634138670449,0.9361573925792461,0.9759624700102074,0.9435682247472618,0.9060552945547674,1.0,0.9541936887447923,0.9403474708307439],[0.9711756117383865,0.9614251311307926,0.9742897673760784,0.9698074176835945,0.9621188074916535,0.9769644306959359,-0.9647542451440806,0.9582998953342815,0.970157983418895,0.9805362240771446,0.981031163036587,0.9682425712000962,0.9802256344650934,0.9785599224022767,0.980928214714765,0.976455052315281,0.9851270313852576,0.9562401736350209,0.8466019125291908,0.6561003747725602,0.9551819798644591,0.8667487528461215,0.3012162001663571,-0.18013358441944974,0.8670909506290266,0.9236208071507148,0.9712854079321076,0.9121579478999311,0.919054635844052,0.9572565792748755,0.9364332280109491,0.9321317453922165,0.9541936887447923,1.0,0.9173561963103292],[0.9544998208406281,0.9485072275645218,0.9229139299319996,0.9456494648852192,0.8983588751739329,0.9554326866814068,-0.910002157011412,0.9654000870824007,0.9234376066740867,0.9420296018795844,0.9413067610227229,0.9508982263162716,0.9341940090177139,0.9264257031590745,0.9416802868904693,0.9601237980575889,0.9635407936360412,0.9665911440424803,0.8801182649594356,0.6993132296667011,0.9269599722069659,0.8480698899579401,0.41090273256137144,-0.31718596184386466,0.8950661013872463,0.9141176005997138,0.8847916639594973,0.9665140604327178,0.9615445001220239,0.9418111301555303,0.9620979624699717,0.9530712023055541,0.9403474708307439,0.9173561963103292,1.0]],"x":["^TAIEX       \u81fa\u7063\u52a0\u6b0a\u5831\u916c\u6307\u6578","^TWII        \u81fa\u7063\u52a0\u6b0a\u6307\u6578","^TAIEXx2     \u81fa\u7063\u52a0\u6b0a\u5831\u916c\u6307\u6578_\u65e5\u6b632","^TAI50I      \u81fa\u706350\u5831\u916c\u6307\u6578","^TAI50Ix2    \u81fa\u706350\u5831\u916c\u6307\u6578_\u65e5\u6b632","^TAI100I     \u81fa\u7063\u4e2d\u578b100\u5831\u916c\u6307\u6578","^TAI100Ix2   \u81fa\u7063\u4e2d\u578b100\u5831\u916c\u6307\u6578_\u65e5\u6b632","^TAIDIVIDI   \u81fa\u7063\u9ad8\u80a1\u606f\u5831\u916c\u6307\u6578","^TAIDIVIDIx2 \u81fa\u7063\u9ad8\u80a1\u606f\u5831\u916c\u6307\u6578_\u65e5\u6b632","0050Fund     \u5143\u5927\u53f0\u7063\u5353\u8d8a50\u57fa\u91d1","006208Fund   \u5bcc\u90a6\u53f0\u7063\u91c6\u540950\u57fa\u91d1","0050         \u5143\u5927\u81fa\u706350","00631L       \u5143\u5927\u53f0\u706350\u6b632","00675L       \u5bcc\u90a6\u81fa\u7063\u52a0\u6b0a\u6b632","006208       \u5bcc\u90a6\u53f050","0051         \u5143\u5927\u4e2d\u578b100","006204       \u6c38\u8c50\u81fa\u7063\u52a0\u6b0a","0056         \u5143\u5927\u9ad8\u80a1\u606f","2412         \u4e2d\u83ef\u96fb\u4fe1","2002         \u4e2d\u92fc","2330         \u53f0\u7a4d\u96fb","2317         \u9d3b\u6d77","6505         \u53f0\u5851\u77f3\u5316","3481         \u7fa4\u5275","2303         \u806f\u96fb","2308         \u53f0\u9054\u96fb","2454         \u806f\u767c\u79d1","2886         \u5146\u8c50\u91d1","2884         \u7389\u5c71\u91d1","2891         \u4e2d\u4fe1\u91d1","2892         \u7b2c\u4e00\u91d1","5880         \u5408\u5eab\u91d1","2881         \u5bcc\u90a6\u91d1","2885         \u5143\u5927\u91d1","2887         \u53f0\u65b0\u91d1"],"y":["^TAIEX       \u81fa\u7063\u52a0\u6b0a\u5831\u916c\u6307\u6578","^TWII        \u81fa\u7063\u52a0\u6b0a\u6307\u6578","^TAIEXx2     \u81fa\u7063\u52a0\u6b0a\u5831\u916c\u6307\u6578_\u65e5\u6b632","^TAI50I      \u81fa\u706350\u5831\u916c\u6307\u6578","^TAI50Ix2    \u81fa\u706350\u5831\u916c\u6307\u6578_\u65e5\u6b632","^TAI100I     \u81fa\u7063\u4e2d\u578b100\u5831\u916c\u6307\u6578","^TAI100Ix2   \u81fa\u7063\u4e2d\u578b100\u5831\u916c\u6307\u6578_\u65e5\u6b632","^TAIDIVIDI   \u81fa\u7063\u9ad8\u80a1\u606f\u5831\u916c\u6307\u6578","^TAIDIVIDIx2 \u81fa\u7063\u9ad8\u80a1\u606f\u5831\u916c\u6307\u6578_\u65e5\u6b632","0050Fund     \u5143\u5927\u53f0\u7063\u5353\u8d8a50\u57fa\u91d1","006208Fund   \u5bcc\u90a6\u53f0\u7063\u91c6\u540950\u57fa\u91d1","0050         \u5143\u5927\u81fa\u706350","00631L       \u5143\u5927\u53f0\u706350\u6b632","00675L       \u5bcc\u90a6\u81fa\u7063\u52a0\u6b0a\u6b632","006208       \u5bcc\u90a6\u53f050","0051         \u5143\u5927\u4e2d\u578b100","006204       \u6c38\u8c50\u81fa\u7063\u52a0\u6b0a","0056         \u5143\u5927\u9ad8\u80a1\u606f","2412         \u4e2d\u83ef\u96fb\u4fe1","2002         \u4e2d\u92fc","2330         \u53f0\u7a4d\u96fb","2317         \u9d3b\u6d77","6505         \u53f0\u5851\u77f3\u5316","3481         \u7fa4\u5275","2303         \u806f\u96fb","2308         \u53f0\u9054\u96fb","2454         \u806f\u767c\u79d1","2886         \u5146\u8c50\u91d1","2884         \u7389\u5c71\u91d1","2891         \u4e2d\u4fe1\u91d1","2892         \u7b2c\u4e00\u91d1","5880         \u5408\u5eab\u91d1","2881         \u5bcc\u90a6\u91d1","2885         \u5143\u5927\u91d1","2887         \u53f0\u65b0\u91d1"],"zmin":-1,"zmax":1,"colorbar":{"x":-0.2}}],"layout":{"autotypenumbers":"strict","colorway":["#636efa","#EF553B","#00cc96","#ab63fa","#FFA15A","#19d3f3","#FF6692","#B6E880","#FF97FF","#FECB52"],"font":{"color":"#f2f5fa","family":"Courier New"},"hovermode":"closest","hoverlabel":{"align":"left"},"paper_bgcolor":"rgb(17,17,17)","plot_bgcolor":"rgb(17,17,17)","polar":{"bgcolor":"rgb(17,17,17)","angularaxis":{"gridcolor":"#506784","linecolor":"#506784","ticks":""},"radialaxis":{"gridcolor":"#506784","linecolor":"#506784","ticks":""}},"ternary":{"bgcolor":"rgb(17,17,17)","aaxis":{"gridcolor":"#506784","linecolor":"#506784","ticks":""},"baxis":{"gridcolor":"#506784","linecolor":"#506784","ticks":""},"caxis":{"gridcolor":"#506784","linecolor":"#506784","ticks":""}},"coloraxis":{"colorbar":{"outlinewidth":0,"ticks":""}},"colorscale":{"sequential":[[0.0,"#0d0887"],[0.1111111111111111,"#46039f"],[0.2222222222222222,"#7201a8"],[0.3333333333333333,"#9c179e"],[0.4444444444444444,"#bd3786"],[0.5555555555555556,"#d8576b"],[0.6666666666666666,"#ed7953"],[0.7777777777777778,"#fb9f3a"],[0.8888888888888888,"#fdca26"],[1.0,"#f0f921"]],"sequentialminus":[[0.0,"#0d0887"],[0.1111111111111111,"#46039f"],[0.2222222222222222,"#7201a8"],[0.3333333333333333,"#9c179e"],[0.4444444444444444,"#bd3786"],[0.5555555555555556,"#d8576b"],[0.6666666666666666,"#ed7953"],[0.7777777777777778,"#fb9f3a"],[0.8888888888888888,"#fdca26"],[1.0,"#f0f921"]],"diverging":[[0,"#8e0152"],[0.1,"#c51b7d"],[0.2,"#de77ae"],[0.3,"#f1b6da"],[0.4,"#fde0ef"],[0.5,"#f7f7f7"],[0.6,"#e6f5d0"],[0.7,"#b8e186"],[0.8,"#7fbc41"],[0.9,"#4d9221"],[1,"#276419"]]},"xaxis":{"gridcolor":"rgba(0, 0, 0, 0)","linecolor":"#506784","ticks":"","title":{"standoff":15},"zerolinecolor":"#283442","automargin":true,"zerolinewidth":2,"tickfont":{"family":"Courier New","size":14},"side":"top","tickangle":-90},"yaxis":{"gridcolor":"rgba(0, 0, 0, 0)","linecolor":"#506784","ticks":"","title":{"standoff":15},"zerolinecolor":"#283442","automargin":true,"zerolinewidth":2,"tickfont":{"family":"Courier New"},"side":"right"},"scene":{"xaxis":{"backgroundcolor":"rgb(17,17,17)","gridcolor":"#506784","linecolor":"#506784","showbackground":true,"ticks":"","zerolinecolor":"#C8D4E3","gridwidth":2},"yaxis":{"backgroundcolor":"rgb(17,17,17)","gridcolor":"#506784","linecolor":"#506784","showbackground":true,"ticks":"","zerolinecolor":"#C8D4E3","gridwidth":2},"zaxis":{"backgroundcolor":"rgb(17,17,17)","gridcolor":"#506784","linecolor":"#506784","showbackground":true,"ticks":"","zerolinecolor":"#C8D4E3","gridwidth":2}},"shapedefaults":{"line":{"color":"#f2f5fa"}},"annotationdefaults":{"arrowcolor":"#f2f5fa","arrowhead":0,"arrowwidth":1},"geo":{"bgcolor":"rgb(17,17,17)","landcolor":"rgb(17,17,17)","subunitcolor":"#506784","showland":true,"showlakes":true,"lakecolor":"rgb(17,17,17)"},"title":{"x":0.05,"font":{"family":"Times New Roman"},"y":0.05,"text":"<b>Correlation of Adj Close<b><br><i>2016-09-23 ~ 2025-08-26<i>"},"updatemenudefaults":{"bgcolor":"#506784","borderwidth":0},"sliderdefaults":{"bgcolor":"#C8D4E3","borderwidth":1,"bordercolor":"rgb(17,17,17)","tickwidth":0},"mapbox":{"style":"dark"},"annotations":[{"text":"<b>@zwindr<b>","textangle":0,"opacity":0.5,"font":{"color":"white","size":12},"xref":"paper","yref":"paper","xanchor":"left","yanchor":"bottom","x":1.0,"y":1.0,"showarrow":false}]},"config":{"responsive":true,"toImageButtonOptions":{"filename":"Correlation of Adj Close_2016-09-23~2025-08-26","scale":5}}};Plotly.newPlot("correlationAdjClose",correlationAdjClose.data,correlationAdjClose.layout||{},correlationAdjClose.config);}else{console.log("style display is none => correlationAdjClose");}