var element=document.getElementById("correlationAdjClose");if(element.style.display!='none'){var correlationAdjClose={"data":[{"type":"heatmap","z":[[1.0,0.9943107398350653,0.977235977152079,0.9975416257964609,0.9641247031303446,0.9823897311445502,-0.9463371015384366,0.9900982856450148,0.9717944608412145,0.9971532892454997,0.9971318448999277,0.9976236964925712,0.9936559671907167,0.9943637896431312,0.997172753891389,0.984595330849942,0.9996838124057119,0.9900489714301409,0.9214546713069619,0.7273815081056388,0.985495614596136,0.9251561837238411,0.414027616346418,-0.30336131187713544,0.900251463051971,0.9633022490365423,0.9570166416039759,0.980330444194826,0.9656240654425341,0.9763138542352705,0.972709432780321,0.9454600950710063,0.9808174553835008,0.9718639830607515,0.9545524657090797],[0.9943107398350653,1.0,0.9726171384675594,0.991426564657907,0.9593139429048599,0.978079806694299,-0.9417325403165941,0.9815704008681688,0.9652229452677772,0.9952019045184846,0.9950436518112095,0.9943911323391609,0.9926794741615448,0.992082191177622,0.9950387054205242,0.9789805053805377,0.9968457146059801,0.9841365062127146,0.9109303781426825,0.7415003512462414,0.9678092824782858,0.9055819064030068,0.41368753150855997,-0.22999805242299318,0.8757213893892788,0.9519168618313918,0.956265692658281,0.9592335378621557,0.9522360080576395,0.966343645185998,0.9577207878027776,0.9437637695985642,0.9701597365869703,0.9622580453376112,0.9488318141515211],[0.977235977152079,0.9726171384675594,1.0,0.9838657388417603,0.9958423959768621,0.9785983773176596,-0.9769941928542775,0.9693535704412136,0.9836655721571232,0.9894490616092613,0.9901251443580563,0.9866850762536403,0.9969437517170223,0.9967257214303615,0.9898634303887207,0.9769591683567717,0.9877748884396059,0.9690940245240225,0.8304107696195421,0.6136835050583558,0.9908789678816401,0.9184832367404867,0.24735563902686428,-0.2275790404882978,0.9008402423353625,0.9437728442810133,0.9805169367378879,0.9302783191435819,0.9152062512101216,0.9665225020091096,0.9211587008835359,0.904976801776565,0.9673796062437194,0.9746427564928183,0.9220665732002706],[0.9975416257964609,0.991426564657907,0.9838657388417603,1.0,0.976498836829476,0.9746956722487327,-0.9418566735656283,0.9840021928471075,0.9691952482454291,0.9999728817244384,0.9999900787724558,0.9999589283158217,0.9919153735905589,0.989956676291786,0.9999439415711688,0.9742463655058738,0.9960158715067741,0.983721908933423,0.9070202331335344,0.6953728533935153,0.9935890867013581,0.9274216281742934,0.38724687082283205,-0.294304411441013,0.8965846368691702,0.9624502606276212,0.9633566506150594,0.970856007539086,0.9626499722186311,0.9789137917610123,0.9626924763112754,0.9335819776932835,0.9787960913491821,0.9705632034925784,0.9454186404189464],[0.9641247031303446,0.9593139429048599,0.9958423959768621,0.976498836829476,1.0,0.9576002195915413,-0.9587438677357148,0.9527972556226978,0.9703398996787204,0.9849718346847148,0.9857070885486747,0.9817095981127772,0.9857197514381876,0.9822153792765008,0.9852815604181083,0.9547834755599226,0.9750436129407049,0.9523556624501829,0.8086310842293035,0.5750819461485631,0.9895008164707385,0.9147032135584602,0.21970912732522324,-0.22009543102744106,0.8789484051049345,0.9353825532723454,0.9772210139293824,0.9088618306314239,0.900861515205941,0.9604868638889802,0.8987660936183448,0.8772746062914382,0.9562008217768881,0.9622292385083241,0.896947145211655],[0.9823897311445502,0.978079806694299,0.9785983773176596,0.9746956722487327,0.9576002195915413,1.0,-0.9814875611200848,0.9813657691411111,0.9808372200171478,0.9696748493724783,0.9699653005824104,0.9727129088321543,0.9776254569905432,0.9756624310566878,0.9698388699139971,0.9999011566802504,0.9866245002312678,0.9823772917824537,0.8660343231564596,0.6940934845992147,0.9680825344118346,0.8966439989890045,0.28240730228285854,-0.21796639846886384,0.9345829338821386,0.944199992415613,0.9613108032554889,0.9588637513316501,0.9309615399464319,0.9535888742577948,0.9533087879506134,0.9548991025685604,0.9588180578162726,0.9774624336631007,0.955545324742875],[-0.9463371015384366,-0.9417325403165941,-0.9769941928542775,-0.9418566735656283,-0.9587438677357148,-0.9814875611200848,1.0,-0.9534794591638537,-0.9841399203178264,-0.9513658560817755,-0.952488536412932,-0.9481098751926837,-0.975631473207172,-0.9771319576423318,-0.9521543403116185,-0.9843553354160958,-0.9666912456150439,-0.9562531348212464,-0.7821777881884662,-0.591516657155292,-0.9466699581260649,-0.8899681456904046,-0.14101054297661558,0.15410868967233074,-0.9015503270396179,-0.9116682196119399,-0.9599421812008554,-0.9024976218320898,-0.8654187303661777,-0.9294706672843811,-0.8945295867691488,-0.9096192959532371,-0.9295000270976632,-0.9656696066584081,-0.9101804531555153],[0.9900982856450148,0.9815704008681688,0.9693535704412136,0.9840021928471075,0.9527972556226978,0.9813657691411111,-0.9534794591638537,1.0,0.9830758823938093,0.9798738437624405,0.9797852650389481,0.9830030414338536,0.9763660627854955,0.9755384910910188,0.9798739260525023,0.9832443608013209,0.9879082346026872,0.9998738387557473,0.9259575069758851,0.6616285433907121,0.9734058318131276,0.8981003362120794,0.2679909463674772,-0.31198290853225463,0.9052734239562137,0.9375150884412464,0.9399471088371927,0.9784741686268351,0.9544691266628842,0.9681860131582771,0.9640794064803969,0.9368050460984653,0.9607357040924188,0.9589156063469586,0.9656310064729859],[0.9717944608412145,0.9652229452677772,0.9836655721571232,0.9691952482454291,0.9703398996787204,0.9808372200171478,-0.9841399203178264,0.9830758823938093,1.0,0.9648079728406862,0.9654012196826453,0.9673547372190363,0.9741187260710354,0.9713024525454371,0.9652144443975236,0.97992131381823,0.9718570698548774,0.9823906050395211,0.8555457295091375,0.5853165598516015,0.968769545418309,0.9104727052026916,0.12628798263256782,-0.23234213097402595,0.8857687725374472,0.9222384898482621,0.9620931939578357,0.9356316950570907,0.9001313926412952,0.9580692635493818,0.9194266743844568,0.9045184328234602,0.948020793070915,0.9708333928488913,0.924026208265886],[0.9971532892454997,0.9952019045184846,0.9894490616092613,0.9999728817244384,0.9849718346847148,0.9696748493724783,-0.9513658560817755,0.9798738437624405,0.9648079728406862,1.0,0.9999883198602191,0.9999828774969863,0.9917727192406439,0.9897845109480939,0.9999497133099432,0.9699017531673771,0.9956373709414692,0.9807157534237342,0.9336882593953694,0.6076928345802463,0.9968531575297973,0.9075390937110539,-0.06027875096427045,0.4176252760127375,0.9087791389568874,0.9395466347375199,0.9683285186016393,0.9625817296635646,0.946149344855649,0.967760043752371,0.9432247631593282,0.9182244640763153,0.9671237431799367,0.9809861918874963,0.9413940209727251],[0.9971318448999277,0.9950436518112095,0.9901251443580563,0.9999900787724558,0.9857070885486747,0.9699653005824104,-0.952488536412932,0.9797852650389481,0.9654012196826453,0.9999883198602191,1.0,0.9999726555691318,0.9919426431032425,0.9899523983426632,0.9999531609813833,0.9701605603353326,0.9956699175962512,0.9805964445180904,0.9329621813660217,0.6037201815414234,0.99713353841661,0.9069049225121997,-0.0750122772909909,0.4130506394743164,0.907882430116041,0.9391938131340346,0.9691531500166107,0.9620880450742911,0.9449562715366636,0.9678756547712051,0.9422369408172071,0.9168905639361218,0.9673072622079855,0.9814609207686151,0.940670328516348],[0.9976236964925712,0.9943911323391609,0.9866850762536403,0.9999589283158217,0.9817095981127772,0.9727129088321543,-0.9481098751926837,0.9830030414338536,0.9673547372190363,0.9999828774969863,0.9999726555691318,1.0,0.9917566865290369,0.9897374920177601,0.9999631692467321,0.9729128860204471,0.9958226377191757,0.9834088872352996,0.9238808989190741,0.6575059413751864,0.9960551213864837,0.922217518481214,0.13975830938919373,-0.19696117206121838,0.9177420674962349,0.9508512300674725,0.9587468582288623,0.965479030313189,0.9539260056793847,0.973928469262431,0.9536137771351849,0.9314837317223722,0.973855556241787,0.9691157433006292,0.95024120487661],[0.9936559671907167,0.9926794741615448,0.9969437517170223,0.9919153735905589,0.9857197514381876,0.9776254569905432,-0.975631473207172,0.9763660627854955,0.9741187260710354,0.9917727192406439,0.9919426431032425,0.9917566865290369,1.0,0.9997069463989697,0.9919288455788334,0.9780935999512498,0.993910694724015,0.9775083684145864,0.917532418178382,0.5434543822009948,0.9868650786861182,0.8995084045214186,-0.3540277173872739,0.437452078724134,0.8977344065484619,0.9323428183141806,0.9789902347950177,0.9465201721507425,0.9104742913338115,0.949746523157086,0.9184973674501961,0.8889393273926613,0.9656763991460338,0.9806920790634494,0.933854882480422],[0.9943637896431312,0.992082191177622,0.9967257214303615,0.989956676291786,0.9822153792765008,0.9756624310566878,-0.9771319576423318,0.9755384910910188,0.9713024525454371,0.9897845109480939,0.9899523983426632,0.9897374920177601,0.9997069463989697,1.0,0.990069764377834,0.9761337651136336,0.9944719969732541,0.9769059401732406,0.9253271798318843,0.4177340034417573,0.9819660566319957,0.8897940439567502,-0.7293221145430016,0.4127955205680596,0.8688896392907498,0.9275219006310788,0.9783334391030759,0.9397417833659043,0.8947963221258287,0.9413516595139585,0.9167697328149339,0.8679486420392777,0.9676879708166438,0.9791020411255157,0.9262178609456128],[0.997172753891389,0.9950387054205242,0.9898634303887207,0.9999439415711688,0.9852815604181083,0.9698388699139971,-0.9521543403116185,0.9798739260525023,0.9652144443975236,0.9999497133099432,0.9999531609813833,0.9999631692467321,0.9919288455788334,0.990069764377834,1.0,0.9700725246766442,0.9956879832634351,0.9807102855270289,0.9337002277247344,0.6037895972310111,0.9969551569095987,0.9070644841602669,-0.07323581904285635,0.4128611999097956,0.9076501250644705,0.9370943000048793,0.9685838567811543,0.962430025164318,0.9455336645779897,0.9678631298285494,0.9429311876882017,0.9174653453089299,0.9672291308463659,0.9813888261553357,0.9411620318866444],[0.984595330849942,0.9789805053805377,0.9769591683567717,0.9742463655058738,0.9547834755599226,0.9999011566802504,-0.9843553354160958,0.9832443608013209,0.97992131381823,0.9699017531673771,0.9701605603353326,0.9729128860204471,0.9780935999512498,0.9761337651136336,0.9700725246766442,1.0,0.9869215744475758,0.9825532215725701,0.889751662855166,0.69098091093875,0.9663406585693375,0.8917827706037167,0.14588469095062062,-0.19697166493689677,0.9427101323792133,0.9402948042839269,0.9580948182958255,0.9622602825912121,0.9280377727192879,0.9500855819299111,0.9543279441160513,0.9542743748680961,0.9611372927888524,0.9768856143428748,0.9602027792198266],[0.9996838124057119,0.9968457146059801,0.9877748884396059,0.9960158715067741,0.9750436129407049,0.9866245002312678,-0.9666912456150439,0.9879082346026872,0.9718570698548774,0.9956373709414692,0.9956699175962512,0.9958226377191757,0.993910694724015,0.9944719969732541,0.9956879832634351,0.9869215744475758,1.0,0.9886673972033282,0.9393199156971683,0.6498394996064221,0.9889884612335628,0.9024254490032034,-0.019081842044748047,0.43480437496223007,0.9296096854663841,0.9413762642093816,0.9667100101794773,0.9753418185742866,0.9499640711872741,0.9656094103474681,0.9579651794745588,0.9418986395000332,0.9728468525021331,0.9855184137303529,0.9632126120199362],[0.9900489714301409,0.9841365062127146,0.9690940245240225,0.983721908933423,0.9523556624501829,0.9823772917824537,-0.9562531348212464,0.9998738387557473,0.9823906050395211,0.9807157534237342,0.9805964445180904,0.9834088872352996,0.9775083684145864,0.9769059401732406,0.9807102855270289,0.9825532215725701,0.9886673972033282,1.0,0.9322155876809869,0.6598562153299322,0.9722556140952279,0.9025688407690087,0.23315959742623413,-0.2937375690304227,0.9105164773704907,0.9338931348182897,0.9399202636555573,0.978947680789277,0.9538591471815532,0.9665877711983812,0.962639007889241,0.9366579587718032,0.9600172289329358,0.9568547425711085,0.9668357719378647],[0.9214546713069619,0.9109303781426825,0.8304107696195421,0.9070202331335344,0.8086310842293035,0.8660343231564596,-0.7821777881884662,0.9259575069758851,0.8555457295091375,0.9336882593953694,0.9329621813660217,0.9238808989190741,0.917532418178382,0.9253271798318843,0.9337002277247344,0.889751662855166,0.9393199156971683,0.9322155876809869,1.0,0.8357775558398494,0.8590033199004387,0.8734325386464933,0.6668846125948005,-0.5300982580156274,0.7035000262387449,0.8974089722050469,0.8050347962961877,0.9581465294575925,0.9358839616836093,0.9008809474761157,0.9449254780220271,0.8960915712607841,0.8995750012083249,0.8480414983539238,0.8815835059155657],[0.7273815081056388,0.7415003512462414,0.6136835050583558,0.6953728533935153,0.5750819461485631,0.6940934845992147,-0.591516657155292,0.6616285433907121,0.5853165598516015,0.6076928345802463,0.6037201815414234,0.6575059413751864,0.5434543822009948,0.4177340034417573,0.6037895972310111,0.69098091093875,0.6498394996064221,0.6598562153299322,0.8357775558398494,1.0,0.6205129349014821,0.7313089384629461,0.7277253127617993,-0.11672797333411727,0.5378380116447065,0.7101597867702518,0.6257926221490113,0.7847314131610854,0.7173916761971448,0.6516671782655125,0.7549339309671989,0.760762074985609,0.68734830500221,0.6518903159114409,0.6970971026805745],[0.985495614596136,0.9678092824782858,0.9908789678816401,0.9935890867013581,0.9895008164707385,0.9680825344118346,-0.9466699581260649,0.9734058318131276,0.968769545418309,0.9968531575297973,0.99713353841661,0.9960551213864837,0.9868650786861182,0.9819660566319957,0.9969551569095987,0.9663406585693375,0.9889884612335628,0.9722556140952279,0.8590033199004387,0.6205129349014821,1.0,0.9008253734954308,0.3136819023362696,-0.28772066633721777,0.8822212973120993,0.9509740404887613,0.9719053373086117,0.9399112674975306,0.9458743412292624,0.9712248808569766,0.9408995718944512,0.9086495083063146,0.9692281540215555,0.9562408310056727,0.9266195040656302],[0.9251561837238411,0.9055819064030068,0.9184832367404867,0.9274216281742934,0.9147032135584602,0.8966439989890045,-0.8899681456904046,0.8981003362120794,0.9104727052026916,0.9075390937110539,0.9069049225121997,0.922217518481214,0.8995084045214186,0.8897940439567502,0.9070644841602669,0.8917827706037167,0.9024254490032034,0.9025688407690087,0.8734325386464933,0.7313089384629461,0.9008253734954308,1.0,0.357221581352004,-0.19023642636628693,0.704189236453939,0.9186792756109391,0.891645323762295,0.8990399474425051,0.8526383493582778,0.9270256048927067,0.8701222692519259,0.8414475928575947,0.9237089952511687,0.870258398897354,0.8493253536724141],[0.414027616346418,0.41368753150855997,0.24735563902686428,0.38724687082283205,0.21970912732522324,0.28240730228285854,-0.14101054297661558,0.2679909463674772,0.12628798263256782,-0.06027875096427045,-0.0750122772909909,0.13975830938919373,-0.3540277173872739,-0.7293221145430016,-0.07323581904285635,0.14588469095062062,-0.019081842044748047,0.23315959742623413,0.6668846125948005,0.7277253127617993,0.3136819023362696,0.357221581352004,1.0,-0.3889037763696602,0.2820290026240572,0.36074395699751355,0.2002801879173858,0.49440027974407513,0.4890533522712909,0.3464589790079317,0.511058593250839,0.4275786606043086,0.3692937206771238,0.28999368540381304,0.4027178477879078],[-0.30336131187713544,-0.22999805242299318,-0.2275790404882978,-0.294304411441013,-0.22009543102744106,-0.21796639846886384,0.15410868967233074,-0.31198290853225463,-0.23234213097402595,0.4176252760127375,0.4130506394743164,-0.19696117206121838,0.437452078724134,0.4127955205680596,0.4128611999097956,-0.19697166493689677,0.43480437496223007,-0.2937375690304227,-0.5300982580156274,-0.11672797333411727,-0.28772066633721777,-0.19023642636628693,-0.3889037763696602,1.0,-0.1511563331551716,-0.3167572724117159,-0.1788885901681154,-0.3890721244454795,-0.37826975405625285,-0.32428218429759365,-0.34591595955576976,-0.2056074067778874,-0.34928548375059465,-0.18123485574269843,-0.3175301559963393],[0.900251463051971,0.8757213893892788,0.9008402423353625,0.8965846368691702,0.8789484051049345,0.9345829338821386,-0.9015503270396179,0.9052734239562137,0.8857687725374472,0.9087791389568874,0.907882430116041,0.9177420674962349,0.8977344065484619,0.8688896392907498,0.9076501250644705,0.9427101323792133,0.9296096854663841,0.9105164773704907,0.7035000262387449,0.5378380116447065,0.8822212973120993,0.704189236453939,0.2820290026240572,-0.1511563331551716,1.0,0.8179749185122904,0.8833770114723607,0.8133921232872202,0.8596173392849732,0.8264780125746077,0.8676770284656893,0.8629268144075873,0.857145690456797,0.8668638976876494,0.8958101885823871],[0.9633022490365423,0.9519168618313918,0.9437728442810133,0.9624502606276212,0.9353825532723454,0.944199992415613,-0.9116682196119399,0.9375150884412464,0.9222384898482621,0.9395466347375199,0.9391938131340346,0.9508512300674725,0.9323428183141806,0.9275219006310788,0.9370943000048793,0.9402948042839269,0.9413762642093816,0.9338931348182897,0.8974089722050469,0.7101597867702518,0.9509740404887613,0.9186792756109391,0.36074395699751355,-0.3167572724117159,0.8179749185122904,1.0,0.9305575695122597,0.9444095681217722,0.925964338736683,0.9419096146054092,0.9291923977023102,0.8980238424195397,0.9539199482310099,0.9209623188565257,0.9050235737130494],[0.9570166416039759,0.956265692658281,0.9805169367378879,0.9633566506150594,0.9772210139293824,0.9613108032554889,-0.9599421812008554,0.9399471088371927,0.9620931939578357,0.9683285186016393,0.9691531500166107,0.9587468582288623,0.9789902347950177,0.9783334391030759,0.9685838567811543,0.9580948182958255,0.9667100101794773,0.9399202636555573,0.8050347962961877,0.6257926221490113,0.9719053373086117,0.891645323762295,0.2002801879173858,-0.1788885901681154,0.8833770114723607,0.9305575695122597,1.0,0.906033166130796,0.8870418861162158,0.940943259462569,0.8878266624528545,0.8848578615866928,0.9466042190778383,0.9719871746522782,0.8857497274452035],[0.980330444194826,0.9592335378621557,0.9302783191435819,0.970856007539086,0.9088618306314239,0.9588637513316501,-0.9024976218320898,0.9784741686268351,0.9356316950570907,0.9625817296635646,0.9620880450742911,0.965479030313189,0.9465201721507425,0.9397417833659043,0.962430025164318,0.9622602825912121,0.9753418185742866,0.978947680789277,0.9581465294575925,0.7847314131610854,0.9399112674975306,0.8990399474425051,0.49440027974407513,-0.3890721244454795,0.8133921232872202,0.9444095681217722,0.906033166130796,1.0,0.9857827680035276,0.9643806937596031,0.9900314474645577,0.9515322075221668,0.9594445137989223,0.9133004454162145,0.96693762376759],[0.9656240654425341,0.9522360080576395,0.9152062512101216,0.9626499722186311,0.900861515205941,0.9309615399464319,-0.8654187303661777,0.9544691266628842,0.9001313926412952,0.946149344855649,0.9449562715366636,0.9539260056793847,0.9104742913338115,0.8947963221258287,0.9455336645779897,0.9280377727192879,0.9499640711872741,0.9538591471815532,0.9358839616836093,0.7173916761971448,0.9458743412292624,0.8526383493582778,0.4890533522712909,-0.37826975405625285,0.8596173392849732,0.925964338736683,0.8870418861162158,0.9857827680035276,1.0,0.951221680549698,0.9833556995977593,0.9548611795195606,0.9374998465854102,0.9207753778360488,0.9617705430142193],[0.9763138542352705,0.966343645185998,0.9665225020091096,0.9789137917610123,0.9604868638889802,0.9535888742577948,-0.9294706672843811,0.9681860131582771,0.9580692635493818,0.967760043752371,0.9678756547712051,0.973928469262431,0.949746523157086,0.9413516595139585,0.9678631298285494,0.9500855819299111,0.9656094103474681,0.9665877711983812,0.9008809474761157,0.6516671782655125,0.9712248808569766,0.9270256048927067,0.3464589790079317,-0.32428218429759365,0.8264780125746077,0.9419096146054092,0.940943259462569,0.9643806937596031,0.951221680549698,1.0,0.952959381747287,0.9155608999706697,0.9763049135396425,0.9583064972239966,0.9413499680092611],[0.972709432780321,0.9577207878027776,0.9211587008835359,0.9626924763112754,0.8987660936183448,0.9533087879506134,-0.8945295867691488,0.9640794064803969,0.9194266743844568,0.9432247631593282,0.9422369408172071,0.9536137771351849,0.9184973674501961,0.9167697328149339,0.9429311876882017,0.9543279441160513,0.9579651794745588,0.962639007889241,0.9449254780220271,0.7549339309671989,0.9408995718944512,0.8701222692519259,0.511058593250839,-0.34591595955576976,0.8676770284656893,0.9291923977023102,0.8878266624528545,0.9900314474645577,0.9833556995977593,0.952959381747287,1.0,0.9735318606048174,0.9444957416412273,0.9373689992434189,0.9625548144560699],[0.9454600950710063,0.9437637695985642,0.904976801776565,0.9335819776932835,0.8772746062914382,0.9548991025685604,-0.9096192959532371,0.9368050460984653,0.9045184328234602,0.9182244640763153,0.9168905639361218,0.9314837317223722,0.8889393273926613,0.8679486420392777,0.9174653453089299,0.9542743748680961,0.9418986395000332,0.9366579587718032,0.8960915712607841,0.760762074985609,0.9086495083063146,0.8414475928575947,0.4275786606043086,-0.2056074067778874,0.8629268144075873,0.8980238424195397,0.8848578615866928,0.9515322075221668,0.9548611795195606,0.9155608999706697,0.9735318606048174,1.0,0.9066546522243387,0.9319702260529616,0.9535954718531294],[0.9808174553835008,0.9701597365869703,0.9673796062437194,0.9787960913491821,0.9562008217768881,0.9588180578162726,-0.9295000270976632,0.9607357040924188,0.948020793070915,0.9671237431799367,0.9673072622079855,0.973855556241787,0.9656763991460338,0.9676879708166438,0.9672291308463659,0.9611372927888524,0.9728468525021331,0.9600172289329358,0.8995750012083249,0.68734830500221,0.9692281540215555,0.9237089952511687,0.3692937206771238,-0.34928548375059465,0.857145690456797,0.9539199482310099,0.9466042190778383,0.9594445137989223,0.9374998465854102,0.9763049135396425,0.9444957416412273,0.9066546522243387,1.0,0.955233494612335,0.9407992449852608],[0.9718639830607515,0.9622580453376112,0.9746427564928183,0.9705632034925784,0.9622292385083241,0.9774624336631007,-0.9656696066584081,0.9589156063469586,0.9708333928488913,0.9809861918874963,0.9814609207686151,0.9691157433006292,0.9806920790634494,0.9791020411255157,0.9813888261553357,0.9768856143428748,0.9855184137303529,0.9568547425711085,0.8480414983539238,0.6518903159114409,0.9562408310056727,0.870258398897354,0.28999368540381304,-0.18123485574269843,0.8668638976876494,0.9209623188565257,0.9719871746522782,0.9133004454162145,0.9207753778360488,0.9583064972239966,0.9373689992434189,0.9319702260529616,0.955233494612335,1.0,0.9179984733237379],[0.9545524657090797,0.9488318141515211,0.9220665732002706,0.9454186404189464,0.896947145211655,0.955545324742875,-0.9101804531555153,0.9656310064729859,0.924026208265886,0.9413940209727251,0.940670328516348,0.95024120487661,0.933854882480422,0.9262178609456128,0.9411620318866444,0.9602027792198266,0.9632126120199362,0.9668357719378647,0.8815835059155657,0.6970971026805745,0.9266195040656302,0.8493253536724141,0.4027178477879078,-0.3175301559963393,0.8958101885823871,0.9050235737130494,0.8857497274452035,0.96693762376759,0.9617705430142193,0.9413499680092611,0.9625548144560699,0.9535954718531294,0.9407992449852608,0.9179984733237379,1.0]],"x":["^TAIEX       \u81fa\u7063\u52a0\u6b0a\u5831\u916c\u6307\u6578","^TWII        \u81fa\u7063\u52a0\u6b0a\u6307\u6578","^TAIEXx2     \u81fa\u7063\u52a0\u6b0a\u5831\u916c\u6307\u6578_\u65e5\u6b632","^TAI50I      \u81fa\u706350\u5831\u916c\u6307\u6578","^TAI50Ix2    \u81fa\u706350\u5831\u916c\u6307\u6578_\u65e5\u6b632","^TAI100I     \u81fa\u7063\u4e2d\u578b100\u5831\u916c\u6307\u6578","^TAI100Ix2   \u81fa\u7063\u4e2d\u578b100\u5831\u916c\u6307\u6578_\u65e5\u6b632","^TAIDIVIDI   \u81fa\u7063\u9ad8\u80a1\u606f\u5831\u916c\u6307\u6578","^TAIDIVIDIx2 \u81fa\u7063\u9ad8\u80a1\u606f\u5831\u916c\u6307\u6578_\u65e5\u6b632","0050Fund     \u5143\u5927\u53f0\u7063\u5353\u8d8a50\u57fa\u91d1","006208Fund   \u5bcc\u90a6\u53f0\u7063\u91c6\u540950\u57fa\u91d1","0050         \u5143\u5927\u81fa\u706350","00631L       \u5143\u5927\u53f0\u706350\u6b632","00675L       \u5bcc\u90a6\u81fa\u7063\u52a0\u6b0a\u6b632","006208       \u5bcc\u90a6\u53f050","0051         \u5143\u5927\u4e2d\u578b100","006204       \u6c38\u8c50\u81fa\u7063\u52a0\u6b0a","0056         \u5143\u5927\u9ad8\u80a1\u606f","2412         \u4e2d\u83ef\u96fb\u4fe1","2002         \u4e2d\u92fc","2330         \u53f0\u7a4d\u96fb","2317         \u9d3b\u6d77","6505         \u53f0\u5851\u77f3\u5316","3481         \u7fa4\u5275","2303         \u806f\u96fb","2308         \u53f0\u9054\u96fb","2454         \u806f\u767c\u79d1","2886         \u5146\u8c50\u91d1","2884         \u7389\u5c71\u91d1","2891         \u4e2d\u4fe1\u91d1","2892         \u7b2c\u4e00\u91d1","5880         \u5408\u5eab\u91d1","2881         \u5bcc\u90a6\u91d1","2885         \u5143\u5927\u91d1","2887         \u53f0\u65b0\u91d1"],"y":["^TAIEX       \u81fa\u7063\u52a0\u6b0a\u5831\u916c\u6307\u6578","^TWII        \u81fa\u7063\u52a0\u6b0a\u6307\u6578","^TAIEXx2     \u81fa\u7063\u52a0\u6b0a\u5831\u916c\u6307\u6578_\u65e5\u6b632","^TAI50I      \u81fa\u706350\u5831\u916c\u6307\u6578","^TAI50Ix2    \u81fa\u706350\u5831\u916c\u6307\u6578_\u65e5\u6b632","^TAI100I     \u81fa\u7063\u4e2d\u578b100\u5831\u916c\u6307\u6578","^TAI100Ix2   \u81fa\u7063\u4e2d\u578b100\u5831\u916c\u6307\u6578_\u65e5\u6b632","^TAIDIVIDI   \u81fa\u7063\u9ad8\u80a1\u606f\u5831\u916c\u6307\u6578","^TAIDIVIDIx2 \u81fa\u7063\u9ad8\u80a1\u606f\u5831\u916c\u6307\u6578_\u65e5\u6b632","0050Fund     \u5143\u5927\u53f0\u7063\u5353\u8d8a50\u57fa\u91d1","006208Fund   \u5bcc\u90a6\u53f0\u7063\u91c6\u540950\u57fa\u91d1","0050         \u5143\u5927\u81fa\u706350","00631L       \u5143\u5927\u53f0\u706350\u6b632","00675L       \u5bcc\u90a6\u81fa\u7063\u52a0\u6b0a\u6b632","006208       \u5bcc\u90a6\u53f050","0051         \u5143\u5927\u4e2d\u578b100","006204       \u6c38\u8c50\u81fa\u7063\u52a0\u6b0a","0056         \u5143\u5927\u9ad8\u80a1\u606f","2412         \u4e2d\u83ef\u96fb\u4fe1","2002         \u4e2d\u92fc","2330         \u53f0\u7a4d\u96fb","2317         \u9d3b\u6d77","6505         \u53f0\u5851\u77f3\u5316","3481         \u7fa4\u5275","2303         \u806f\u96fb","2308         \u53f0\u9054\u96fb","2454         \u806f\u767c\u79d1","2886         \u5146\u8c50\u91d1","2884         \u7389\u5c71\u91d1","2891         \u4e2d\u4fe1\u91d1","2892         \u7b2c\u4e00\u91d1","5880         \u5408\u5eab\u91d1","2881         \u5bcc\u90a6\u91d1","2885         \u5143\u5927\u91d1","2887         \u53f0\u65b0\u91d1"],"zmin":-1,"zmax":1,"colorbar":{"x":-0.2}}],"layout":{"autotypenumbers":"strict","colorway":["#636efa","#EF553B","#00cc96","#ab63fa","#FFA15A","#19d3f3","#FF6692","#B6E880","#FF97FF","#FECB52"],"font":{"color":"#f2f5fa","family":"Courier New"},"hovermode":"closest","hoverlabel":{"align":"left"},"paper_bgcolor":"rgb(17,17,17)","plot_bgcolor":"rgb(17,17,17)","polar":{"bgcolor":"rgb(17,17,17)","angularaxis":{"gridcolor":"#506784","linecolor":"#506784","ticks":""},"radialaxis":{"gridcolor":"#506784","linecolor":"#506784","ticks":""}},"ternary":{"bgcolor":"rgb(17,17,17)","aaxis":{"gridcolor":"#506784","linecolor":"#506784","ticks":""},"baxis":{"gridcolor":"#506784","linecolor":"#506784","ticks":""},"caxis":{"gridcolor":"#506784","linecolor":"#506784","ticks":""}},"coloraxis":{"colorbar":{"outlinewidth":0,"ticks":""}},"colorscale":{"sequential":[[0.0,"#0d0887"],[0.1111111111111111,"#46039f"],[0.2222222222222222,"#7201a8"],[0.3333333333333333,"#9c179e"],[0.4444444444444444,"#bd3786"],[0.5555555555555556,"#d8576b"],[0.6666666666666666,"#ed7953"],[0.7777777777777778,"#fb9f3a"],[0.8888888888888888,"#fdca26"],[1.0,"#f0f921"]],"sequentialminus":[[0.0,"#0d0887"],[0.1111111111111111,"#46039f"],[0.2222222222222222,"#7201a8"],[0.3333333333333333,"#9c179e"],[0.4444444444444444,"#bd3786"],[0.5555555555555556,"#d8576b"],[0.6666666666666666,"#ed7953"],[0.7777777777777778,"#fb9f3a"],[0.8888888888888888,"#fdca26"],[1.0,"#f0f921"]],"diverging":[[0,"#8e0152"],[0.1,"#c51b7d"],[0.2,"#de77ae"],[0.3,"#f1b6da"],[0.4,"#fde0ef"],[0.5,"#f7f7f7"],[0.6,"#e6f5d0"],[0.7,"#b8e186"],[0.8,"#7fbc41"],[0.9,"#4d9221"],[1,"#276419"]]},"xaxis":{"gridcolor":"rgba(0, 0, 0, 0)","linecolor":"#506784","ticks":"","title":{"standoff":15},"zerolinecolor":"#283442","automargin":true,"zerolinewidth":2,"tickfont":{"family":"Courier New","size":14},"side":"top","tickangle":-90},"yaxis":{"gridcolor":"rgba(0, 0, 0, 0)","linecolor":"#506784","ticks":"","title":{"standoff":15},"zerolinecolor":"#283442","automargin":true,"zerolinewidth":2,"tickfont":{"family":"Courier New"},"side":"right"},"scene":{"xaxis":{"backgroundcolor":"rgb(17,17,17)","gridcolor":"#506784","linecolor":"#506784","showbackground":true,"ticks":"","zerolinecolor":"#C8D4E3","gridwidth":2},"yaxis":{"backgroundcolor":"rgb(17,17,17)","gridcolor":"#506784","linecolor":"#506784","showbackground":true,"ticks":"","zerolinecolor":"#C8D4E3","gridwidth":2},"zaxis":{"backgroundcolor":"rgb(17,17,17)","gridcolor":"#506784","linecolor":"#506784","showbackground":true,"ticks":"","zerolinecolor":"#C8D4E3","gridwidth":2}},"shapedefaults":{"line":{"color":"#f2f5fa"}},"annotationdefaults":{"arrowcolor":"#f2f5fa","arrowhead":0,"arrowwidth":1},"geo":{"bgcolor":"rgb(17,17,17)","landcolor":"rgb(17,17,17)","subunitcolor":"#506784","showland":true,"showlakes":true,"lakecolor":"rgb(17,17,17)"},"title":{"x":0.05,"font":{"family":"Times New Roman"},"y":0.05,"text":"<b>Correlation of Adj Close<b><br><i>2016-09-23 ~ 2025-09-12<i>"},"updatemenudefaults":{"bgcolor":"#506784","borderwidth":0},"sliderdefaults":{"bgcolor":"#C8D4E3","borderwidth":1,"bordercolor":"rgb(17,17,17)","tickwidth":0},"mapbox":{"style":"dark"},"annotations":[{"text":"<b>@zwindr<b>","textangle":0,"opacity":0.5,"font":{"color":"white","size":12},"xref":"paper","yref":"paper","xanchor":"left","yanchor":"bottom","x":1.0,"y":1.0,"showarrow":false}]},"config":{"responsive":true,"toImageButtonOptions":{"filename":"Correlation of Adj Close_2016-09-23~2025-09-12","scale":5}}};Plotly.newPlot("correlationAdjClose",correlationAdjClose.data,correlationAdjClose.layout||{},correlationAdjClose.config);}else{console.log("style display is none => correlationAdjClose");}