var config = { responsive: true }

var correlationAdjClose = {"data": [{"type": "heatmap", "z": [[1.0, 0.9937732296540267, 0.9762738975819079, 0.9977635202964497, 0.9647671348249948, 0.9808571424677779, -0.9407377781771792, 0.9896816304909144, 0.968762681635574, 0.9978310918784947, 0.9929507328982734, 0.9937627196644787, 0.9972852496463545, 0.9835894591168045, 0.9996526760850175, 0.9897500849130321, 0.9188389699997727, 0.751545761023484, 0.9855467119178847, 0.9179350728244424, 0.4669791150272187, -0.30225512412352146, 0.900177733679979, 0.9739910018068157, 0.9529004621399132], [0.9937732296540267, 1.0, 0.9716688527863168, 0.9913057685962089, 0.9604940087457988, 0.9760657772351816, -0.9359399558786476, 0.980151873375942, 0.9616292858863733, 0.9933560871419597, 0.9919895727454231, 0.9911969161761769, 0.9952901819226474, 0.977199534213832, 0.9965378501104323, 0.9830408461754108, 0.9075660502494394, 0.7599557318214522, 0.966712350153783, 0.8970011296563463, 0.4645344980954145, -0.22480784948461904, 0.8731296300613234, 0.9614153573521074, 0.95286268432304], [0.9762738975819079, 0.9716688527863168, 1.0, 0.9821581883840214, 0.9962646961416998, 0.9790312148574527, -0.9752862862787304, 0.9696142211620985, 0.9834534435387278, 0.9842649389672231, 0.9972441156872365, 0.9971178543045714, 0.988530061868375, 0.9778747776372619, 0.9873969862655244, 0.9695796382899601, 0.8239973308030007, 0.6424872232996074, 0.9897016468070244, 0.9082489363706637, 0.30180832769955396, -0.22377566194955822, 0.9078074473802441, 0.9408816799992714, 0.9783576234226036], [0.9977635202964497, 0.9913057685962089, 0.9821581883840214, 1.0, 0.9758847568400141, 0.9731878760985354, -0.935434536818604, 0.9842338151490855, 0.9661446604597085, 0.9999550203828621, 0.9916081259437833, 0.9899081046039812, 0.9999447211246592, 0.97336173723798, 0.9961220337334917, 0.9841769724644276, 0.9054305060701376, 0.7232419413245905, 0.9931759712507776, 0.9194066517585023, 0.4453231114596603, -0.2939692067721092, 0.8993467371582573, 0.9679980048150529, 0.9589419889599143], [0.9647671348249948, 0.9604940087457988, 0.9962646961416998, 0.9758847568400141, 1.0, 0.9593032668830749, -0.9571754097804926, 0.95532845266292, 0.9716211928565368, 0.9800846977712068, 0.9876242774832265, 0.9840396587903291, 0.9849754550830501, 0.9572532138652076, 0.9760958319393028, 0.9552726024726864, 0.8044315735979848, 0.6095402610447942, 0.9890287337080302, 0.9049853686348434, 0.28061605116523436, -0.2172188827029943, 0.8911410087961678, 0.9260663167134779, 0.9763090098720612], [0.9808571424677779, 0.9760657772351816, 0.9790312148574527, 0.9731878760985354, 0.9593032668830749, 1.0, -0.9800939719620814, 0.979842737164238, 0.9792249129848056, 0.9719218986043148, 0.9765693175292448, 0.9745255163769058, 0.9686725700133685, 0.9999104490466786, 0.9858130336457784, 0.9809785999576127, 0.8578661599532504, 0.7174458486342368, 0.9672198530369777, 0.8877057707716794, 0.32970517026267254, -0.2120632708115582, 0.9362615410219411, 0.9564602668519401, 0.9587442988763292], [-0.9407377781771792, -0.9359399558786476, -0.9752862862787304, -0.935434536818604, -0.9571754097804926, -0.9800939719620814, 1.0, -0.9499243030225695, -0.9828196853304958, -0.9406411868081224, -0.9733746579331737, -0.9752908473044083, -0.9475557558968658, -0.9834245638089979, -0.9632822742353956, -0.9530707936028279, -0.7680535438534483, -0.6147479752343057, -0.9413533507465685, -0.8774740993349085, -0.18546286468897838, 0.14522649130456394, -0.904003845206269, -0.9113345501369503, -0.9560072263226366], [0.9896816304909144, 0.980151873375942, 0.9696142211620985, 0.9842338151490855, 0.95532845266292, 0.979842737164238, -0.9499243030225695, 1.0, 0.9818298638452992, 0.9835350320967524, 0.9750012820922669, 0.9738890292685354, 0.9796810754085842, 0.9818667810022351, 0.9871776802313025, 0.9998684408348291, 0.92101676973151, 0.6882201833634528, 0.9740090984618446, 0.8910936104049915, 0.33002559035180973, -0.31021086415601723, 0.9046026377050684, 0.9553159741387144, 0.9355934795895311], [0.968762681635574, 0.9616292858863733, 0.9834534435387278, 0.9661446604597085, 0.9716211928565368, 0.9792249129848056, -0.9828196853304958, 0.9818298638452992, 1.0, 0.9648267169415098, 0.9718171520552844, 0.9687756545688032, 0.9620626708279557, 0.9783889290942414, 0.9688313323263912, 0.9811569017996203, 0.8453649278112365, 0.6134617880035255, 0.9665348547318428, 0.9021116937245658, 0.186060707551436, -0.22755724073280154, 0.8861398451647217, 0.9305848650626278, 0.9583941523781779], [0.9978310918784947, 0.9933560871419597, 0.9842649389672231, 0.9999550203828621, 0.9800846977712068, 0.9719218986043148, -0.9406411868081224, 0.9835350320967524, 0.9648267169415098, 1.0, 0.9913260162230038, 0.9895172056413867, 0.9999604484570083, 0.972472406909753, 0.9958531685779226, 0.9839906278939472, 0.9208382999192324, 0.692730185959858, 0.9953077060082807, 0.91636102574106, 0.2731312703387742, -0.2571532364696397, 0.9270917624741427, 0.9623787654917345, 0.9537447977831613], [0.9929507328982734, 0.9919895727454231, 0.9972441156872365, 0.9916081259437833, 0.9876242774832265, 0.9765693175292448, -0.9733746579331737, 0.9750012820922669, 0.9718171520552844, 0.9913260162230038, 1.0, 0.9996676644978857, 0.9914398392306784, 0.9775509565271819, 0.9932955927930996, 0.976483582644595, 0.9076058032420373, 0.5952399362396287, 0.9866477564345474, 0.8866661746742651, -0.28393242009844605, 0.4787635530791597, 0.908410790475364, 0.9533089345166428, 0.9767383069914439], [0.9937627196644787, 0.9911969161761769, 0.9971178543045714, 0.9899081046039812, 0.9840396587903291, 0.9745255163769058, -0.9752908473044083, 0.9738890292685354, 0.9687756545688032, 0.9895172056413867, 0.9996676644978857, 1.0, 0.9897656623219836, 0.9756061130758507, 0.993897740643543, 0.9756331078668431, 0.9154498439046173, 0.481647838655086, 0.9815962234777793, 0.8749584173629051, -0.6913487177933075, 0.45915532587508606, 0.8817431719157983, 0.9501011125607802, 0.9760510525993624], [0.9972852496463545, 0.9952901819226474, 0.988530061868375, 0.9999447211246592, 0.9849754550830501, 0.9686725700133685, -0.9475557558968658, 0.9796810754085842, 0.9620626708279557, 0.9999604484570083, 0.9914398392306784, 0.9897656623219836, 1.0, 0.9694423727812734, 0.9956630162487649, 0.9808612351579514, 0.9280595456371016, 0.6545092275026997, 0.9968156716432294, 0.894552813398432, 0.011540630576988438, 0.4521989885647976, 0.9188574693385139, 0.9507461568469322, 0.9645378440924945], [0.9835894591168045, 0.977199534213832, 0.9778747776372619, 0.97336173723798, 0.9572532138652076, 0.9999104490466786, -0.9834245638089979, 0.9818667810022351, 0.9783889290942414, 0.972472406909753, 0.9775509565271819, 0.9756061130758507, 0.9694423727812734, 1.0, 0.9863793159017291, 0.9811312607737831, 0.8816661632619786, 0.7200690185312386, 0.9661105911188537, 0.8831873400093787, 0.20574522819432248, -0.18952012440875401, 0.9450254742424555, 0.9593215082790395, 0.9556542757007143], [0.9996526760850175, 0.9965378501104323, 0.9873969862655244, 0.9961220337334917, 0.9760958319393028, 0.9858130336457784, -0.9632822742353956, 0.9871776802313025, 0.9688313323263912, 0.9958531685779226, 0.9932955927930996, 0.993897740643543, 0.9956630162487649, 0.9863793159017291, 1.0, 0.9881292775752852, 0.9338525275409725, 0.6929238251037455, 0.9891228915124858, 0.8918784464658941, 0.0592607855808562, 0.4681282908845938, 0.936760087304353, 0.960839711799772, 0.9630133795943988], [0.9897500849130321, 0.9830408461754108, 0.9695796382899601, 0.9841769724644276, 0.9552726024726864, 0.9809785999576127, -0.9530707936028279, 0.9998684408348291, 0.9811569017996203, 0.9839906278939472, 0.976483582644595, 0.9756331078668431, 0.9808612351579514, 0.9811312607737831, 0.9881292775752852, 1.0, 0.9274057967971973, 0.6868632734061696, 0.973128569094323, 0.8964354808789926, 0.2972105112734089, -0.2903312035365056, 0.9102485846872446, 0.9543300707843171, 0.935776585102537], [0.9188389699997727, 0.9075660502494394, 0.8239973308030007, 0.9054305060701376, 0.8044315735979848, 0.8578661599532504, -0.7680535438534483, 0.92101676973151, 0.8453649278112365, 0.9208382999192324, 0.9076058032420373, 0.9154498439046173, 0.9280595456371016, 0.8816661632619786, 0.9338525275409725, 0.9274057967971973, 1.0, 0.846348092583735, 0.8566978997881046, 0.8699587168992777, 0.7100327966620608, -0.5342743711973668, 0.690734460302339, 0.9168571342123029, 0.7959514146693673], [0.751545761023484, 0.7599557318214522, 0.6424872232996074, 0.7232419413245905, 0.6095402610447942, 0.7174458486342368, -0.6147479752343057, 0.6882201833634528, 0.6134617880035255, 0.692730185959858, 0.5952399362396287, 0.481647838655086, 0.6545092275026997, 0.7200690185312386, 0.6929238251037455, 0.6868632734061696, 0.846348092583735, 1.0, 0.64443906705161, 0.7546289557541724, 0.734191164327865, -0.11655102865337584, 0.5387008218533489, 0.7651096835959473, 0.6483414802666482], [0.9855467119178847, 0.966712350153783, 0.9897016468070244, 0.9931759712507776, 0.9890287337080302, 0.9672198530369777, -0.9413533507465685, 0.9740090984618446, 0.9665348547318428, 0.9953077060082807, 0.9866477564345474, 0.9815962234777793, 0.9968156716432294, 0.9661105911188537, 0.9891228915124858, 0.973128569094323, 0.8566978997881046, 0.64443906705161, 1.0, 0.8899324148097623, 0.37231772220203624, -0.2882745897783422, 0.8870306227202113, 0.9501583996116585, 0.9684632627245872], [0.9179350728244424, 0.8970011296563463, 0.9082489363706637, 0.9194066517585023, 0.9049853686348434, 0.8877057707716794, -0.8774740993349085, 0.8910936104049915, 0.9021116937245658, 0.91636102574106, 0.8866661746742651, 0.8749584173629051, 0.894552813398432, 0.8831873400093787, 0.8918784464658941, 0.8964354808789926, 0.8699587168992777, 0.7546289557541724, 0.8899324148097623, 1.0, 0.4144843646247281, -0.18415614941372996, 0.6921865052936949, 0.9151617196896741, 0.8796894767579431], [0.4669791150272187, 0.4645344980954145, 0.30180832769955396, 0.4453231114596603, 0.28061605116523436, 0.32970517026267254, -0.18546286468897838, 0.33002559035180973, 0.186060707551436, 0.2731312703387742, -0.28393242009844605, -0.6913487177933075, 0.011540630576988438, 0.20574522819432248, 0.0592607855808562, 0.2972105112734089, 0.7100327966620608, 0.734191164327865, 0.37231772220203624, 0.4144843646247281, 1.0, -0.40238730434972, 0.3067206626988873, 0.45221619945039637, 0.246796333440242], [-0.30225512412352146, -0.22480784948461904, -0.22377566194955822, -0.2939692067721092, -0.2172188827029943, -0.2120632708115582, 0.14522649130456394, -0.31021086415601723, -0.22755724073280154, -0.2571532364696397, 0.4787635530791597, 0.45915532587508606, 0.4521989885647976, -0.18952012440875401, 0.4681282908845938, -0.2903312035365056, -0.5342743711973668, -0.11655102865337584, -0.2882745897783422, -0.18415614941372996, -0.40238730434972, 1.0, -0.14384630217917016, -0.33340670008504303, -0.1712326669675205], [0.900177733679979, 0.8731296300613234, 0.9078074473802441, 0.8993467371582573, 0.8911410087961678, 0.9362615410219411, -0.904003845206269, 0.9046026377050684, 0.8861398451647217, 0.9270917624741427, 0.908410790475364, 0.8817431719157983, 0.9188574693385139, 0.9450254742424555, 0.936760087304353, 0.9102485846872446, 0.690734460302339, 0.5387008218533489, 0.8870306227202113, 0.6921865052936949, 0.3067206626988873, -0.14384630217917016, 1.0, 0.834714616615841, 0.8856307641396326], [0.9739910018068157, 0.9614153573521074, 0.9408816799992714, 0.9679980048150529, 0.9260663167134779, 0.9564602668519401, -0.9113345501369503, 0.9553159741387144, 0.9305848650626278, 0.9623787654917345, 0.9533089345166428, 0.9501011125607802, 0.9507461568469322, 0.9593215082790395, 0.960839711799772, 0.9543300707843171, 0.9168571342123029, 0.7651096835959473, 0.9501583996116585, 0.9151617196896741, 0.45221619945039637, -0.33340670008504303, 0.834714616615841, 1.0, 0.9296466101417432], [0.9529004621399132, 0.95286268432304, 0.9783576234226036, 0.9589419889599143, 0.9763090098720612, 0.9587442988763292, -0.9560072263226366, 0.9355934795895311, 0.9583941523781779, 0.9537447977831613, 0.9767383069914439, 0.9760510525993624, 0.9645378440924945, 0.9556542757007143, 0.9630133795943988, 0.935776585102537, 0.7959514146693673, 0.6483414802666482, 0.9684632627245872, 0.8796894767579431, 0.246796333440242, -0.1712326669675205, 0.8856307641396326, 0.9296466101417432, 1.0]], "x": ["^TAIEX       \u81fa\u7063\u52a0\u6b0a\u5831\u916c\u6307\u6578", "^TWII        \u81fa\u7063\u52a0\u6b0a\u6307\u6578", "^TAIEXx2     \u81fa\u7063\u52a0\u6b0a\u5831\u916c\u6307\u6578_\u65e5\u6b632", "^TAI50I      \u81fa\u706350\u5831\u916c\u6307\u6578", "^TAI50Ix2    \u81fa\u706350\u5831\u916c\u6307\u6578_\u65e5\u6b632", "^TAI100I     \u81fa\u7063\u4e2d\u578b100\u5831\u916c\u6307\u6578", "^TAI100Ix2   \u81fa\u7063\u4e2d\u578b100\u5831\u916c\u6307\u6578_\u65e5\u6b632", "^TAIDIVIDI   \u81fa\u7063\u9ad8\u80a1\u606f\u5831\u916c\u6307\u6578", "^TAIDIVIDIx2 \u81fa\u7063\u9ad8\u80a1\u606f\u5831\u916c\u6307\u6578_\u65e5\u6b632", "0050         \u5143\u5927\u81fa\u706350", "00631L       \u5143\u5927\u53f0\u706350\u6b632", "00675L       \u5bcc\u90a6\u81fa\u7063\u52a0\u6b0a\u6b632", "006208       \u5bcc\u90a6\u53f050", "0051         \u5143\u5927\u4e2d\u578b100", "006204       \u6c38\u8c50\u81fa\u7063\u52a0\u6b0a", "0056         \u5143\u5927\u9ad8\u80a1\u606f", "2412         \u4e2d\u83ef\u96fb\u4fe1", "2002         \u4e2d\u92fc", "2330         \u53f0\u7a4d\u96fb", "2317         \u9d3b\u6d77", "6505         \u53f0\u5851\u77f3\u5316", "3481         \u7fa4\u5275", "2303         \u806f\u96fb", "2308         \u53f0\u9054\u96fb", "2454         \u806f\u767c\u79d1"], "y": ["^TAIEX       \u81fa\u7063\u52a0\u6b0a\u5831\u916c\u6307\u6578", "^TWII        \u81fa\u7063\u52a0\u6b0a\u6307\u6578", "^TAIEXx2     \u81fa\u7063\u52a0\u6b0a\u5831\u916c\u6307\u6578_\u65e5\u6b632", "^TAI50I      \u81fa\u706350\u5831\u916c\u6307\u6578", "^TAI50Ix2    \u81fa\u706350\u5831\u916c\u6307\u6578_\u65e5\u6b632", "^TAI100I     \u81fa\u7063\u4e2d\u578b100\u5831\u916c\u6307\u6578", "^TAI100Ix2   \u81fa\u7063\u4e2d\u578b100\u5831\u916c\u6307\u6578_\u65e5\u6b632", "^TAIDIVIDI   \u81fa\u7063\u9ad8\u80a1\u606f\u5831\u916c\u6307\u6578", "^TAIDIVIDIx2 \u81fa\u7063\u9ad8\u80a1\u606f\u5831\u916c\u6307\u6578_\u65e5\u6b632", "0050         \u5143\u5927\u81fa\u706350", "00631L       \u5143\u5927\u53f0\u706350\u6b632", "00675L       \u5bcc\u90a6\u81fa\u7063\u52a0\u6b0a\u6b632", "006208       \u5bcc\u90a6\u53f050", "0051         \u5143\u5927\u4e2d\u578b100", "006204       \u6c38\u8c50\u81fa\u7063\u52a0\u6b0a", "0056         \u5143\u5927\u9ad8\u80a1\u606f", "2412         \u4e2d\u83ef\u96fb\u4fe1", "2002         \u4e2d\u92fc", "2330         \u53f0\u7a4d\u96fb", "2317         \u9d3b\u6d77", "6505         \u53f0\u5851\u77f3\u5316", "3481         \u7fa4\u5275", "2303         \u806f\u96fb", "2308         \u53f0\u9054\u96fb", "2454         \u806f\u767c\u79d1"], "zmin": -1, "zmax": 1, "colorbar": {"x": -0.2}}], "layout": {"autotypenumbers": "strict", "colorway": ["#636efa", "#EF553B", "#00cc96", "#ab63fa", "#FFA15A", "#19d3f3", "#FF6692", "#B6E880", "#FF97FF", "#FECB52"], "font": {"color": "#f2f5fa", "family": "Courier New"}, "hovermode": "closest", "hoverlabel": {"align": "left"}, "paper_bgcolor": "rgb(17,17,17)", "plot_bgcolor": "rgb(17,17,17)", "polar": {"bgcolor": "rgb(17,17,17)", "angularaxis": {"gridcolor": "#506784", "linecolor": "#506784", "ticks": ""}, "radialaxis": {"gridcolor": "#506784", "linecolor": "#506784", "ticks": ""}}, "ternary": {"bgcolor": "rgb(17,17,17)", "aaxis": {"gridcolor": "#506784", "linecolor": "#506784", "ticks": ""}, "baxis": {"gridcolor": "#506784", "linecolor": "#506784", "ticks": ""}, "caxis": {"gridcolor": "#506784", "linecolor": "#506784", "ticks": ""}}, "coloraxis": {"colorbar": {"outlinewidth": 0, "ticks": ""}}, "colorscale": {"sequential": [[0.0, "#0d0887"], [0.1111111111111111, "#46039f"], [0.2222222222222222, "#7201a8"], [0.3333333333333333, "#9c179e"], [0.4444444444444444, "#bd3786"], [0.5555555555555556, "#d8576b"], [0.6666666666666666, "#ed7953"], [0.7777777777777778, "#fb9f3a"], [0.8888888888888888, "#fdca26"], [1.0, "#f0f921"]], "sequentialminus": [[0.0, "#0d0887"], [0.1111111111111111, "#46039f"], [0.2222222222222222, "#7201a8"], [0.3333333333333333, "#9c179e"], [0.4444444444444444, "#bd3786"], [0.5555555555555556, "#d8576b"], [0.6666666666666666, "#ed7953"], [0.7777777777777778, "#fb9f3a"], [0.8888888888888888, "#fdca26"], [1.0, "#f0f921"]], "diverging": [[0, "#8e0152"], [0.1, "#c51b7d"], [0.2, "#de77ae"], [0.3, "#f1b6da"], [0.4, "#fde0ef"], [0.5, "#f7f7f7"], [0.6, "#e6f5d0"], [0.7, "#b8e186"], [0.8, "#7fbc41"], [0.9, "#4d9221"], [1, "#276419"]]}, "xaxis": {"gridcolor": "rgba(0, 0, 0, 0)", "linecolor": "#506784", "ticks": "", "title": {"standoff": 15}, "zerolinecolor": "#283442", "automargin": true, "zerolinewidth": 2, "tickfont": {"family": "Courier New", "size": 14}, "side": "top", "tickangle": -90}, "yaxis": {"gridcolor": "rgba(0, 0, 0, 0)", "linecolor": "#506784", "ticks": "", "title": {"standoff": 15}, "zerolinecolor": "#283442", "automargin": true, "zerolinewidth": 2, "tickfont": {"family": "Courier New"}, "side": "right"}, "scene": {"xaxis": {"backgroundcolor": "rgb(17,17,17)", "gridcolor": "#506784", "linecolor": "#506784", "showbackground": true, "ticks": "", "zerolinecolor": "#C8D4E3", "gridwidth": 2}, "yaxis": {"backgroundcolor": "rgb(17,17,17)", "gridcolor": "#506784", "linecolor": "#506784", "showbackground": true, "ticks": "", "zerolinecolor": "#C8D4E3", "gridwidth": 2}, "zaxis": {"backgroundcolor": "rgb(17,17,17)", "gridcolor": "#506784", "linecolor": "#506784", "showbackground": true, "ticks": "", "zerolinecolor": "#C8D4E3", "gridwidth": 2}}, "shapedefaults": {"line": {"color": "#f2f5fa"}}, "annotationdefaults": {"arrowcolor": "#f2f5fa", "arrowhead": 0, "arrowwidth": 1}, "geo": {"bgcolor": "rgb(17,17,17)", "landcolor": "rgb(17,17,17)", "subunitcolor": "#506784", "showland": true, "showlakes": true, "lakecolor": "rgb(17,17,17)"}, "title": {"x": 0.05, "font": {"family": "Times New Roman"}, "y": 0.05, "text": "<b>Correlation of Adj Close <b><br><i>2016/09/23 ~ 2025/06/24<i>"}, "updatemenudefaults": {"bgcolor": "#506784", "borderwidth": 0}, "sliderdefaults": {"bgcolor": "#C8D4E3", "borderwidth": 1, "bordercolor": "rgb(17,17,17)", "tickwidth": 0}, "mapbox": {"style": "dark"}, "height": 600}};

Plotly.newPlot("correlationAdjClose",
    correlationAdjClose.data,
    correlationAdjClose.layout || {},
    config);