var element=document.getElementById("correlationAdjClose");if(element.style.display!='none'){var correlationAdjClose={"data":[{"type":"heatmap","z":[[1.0,0.9967224921196032,0.9470258903693729,0.9965477388608651,0.9156630322317643,0.9896003235149592,0.9634490159409436,0.9815722797763126,0.9806752597879577,0.996655896427016,0.9967993318991784,0.9968985169896698,0.8900918096443156,0.9804814445803146,0.9968751201882393,0.9900932516412171,0.9997948118702475,0.9814724323285802,0.9072345512370252,0.8784118930848842,0.56578952945955,0.9875240123658102,0.9464472080084152,0.25963281749940775,-0.1402350252384718,0.9189364237420742,0.8999807232532453,0.9426539143236421,0.9313396450383725,0.9322210381377554,0.985300393297803,0.9320451235342351,0.882724934820888,0.9732182243012324,0.9843943700859348,0.9643623082361175],[0.9967224921196032,1.0,0.9530839430965989,0.994713122837267,0.9226789233911552,0.9861219006023407,0.9659665180318819,0.9724648032104208,0.9786793289641396,0.9956324001068124,0.9970678042943261,0.9966593381617018,0.8998578432788429,0.9846536568598876,0.997108243133035,0.9859364891861092,0.9980541644166642,0.9743306058925825,0.9170633238171344,0.8633758408140026,0.5874549306631561,0.9799637915883314,0.9289957701988092,0.2515135770554033,-0.07558349425811448,0.9096304947398144,0.9055237418155851,0.9477373195126976,0.9112737861704654,0.916794492660263,0.9790308131727975,0.9139470992263896,0.8767994869850116,0.9637602226583193,0.9800560946832223,0.9591205214736557],[0.9470258903693729,0.9530839430965989,1.0,0.9658956352465475,0.9953228173069923,0.9365817120895541,0.9831072236486743,0.8944738764167252,0.9594016834276548,0.9661879847345866,0.9741405248779202,0.9705069814342385,0.9225530275903624,0.9975593139775693,0.973845758162818,0.9341960766262396,0.9581483140322747,0.8954153336816345,0.8215320985943488,0.7052152228127464,0.3602836984058618,0.9697441988915438,0.8779545385776392,0.08676788632170569,-0.008656629555829614,0.9130487381038551,0.9720627811712823,0.9748387208923157,0.7755511847116175,0.7863736355020727,0.9307726482950595,0.7810458527535326,0.7206123801333083,0.8812416317235252,0.9545039270626218,0.8854756474336762],[0.9965477388608651,0.994713122837267,0.9658956352465475,1.0,0.9407956188409703,0.9815292652537781,0.9694599547246738,0.9669444366062818,0.9785479455739438,0.9999838385559693,0.9999955998641525,0.9999759009240687,0.9009449486605762,0.987046397487545,0.9999706203683117,0.9799954199208197,0.9962768053486876,0.9666894046275663,0.8857183078718102,0.8466995785224598,0.5146456113771374,0.9958959684539374,0.9424518900587074,0.22019361103478466,-0.11710294534090857,0.9169491785660998,0.9244639349221633,0.9533429957367522,0.9035239597358982,0.9110494120621977,0.9836495049093656,0.9052742790751451,0.8507155875084589,0.9608949443142525,0.9838980698485178,0.9516737620371724],[0.9156630322317643,0.9226789233911552,0.9953228173069923,0.9407956188409703,1.0,0.9001908382204021,0.9641949657644855,0.8519097400205442,0.9313768345427458,0.9416963229305065,0.9546681811834823,0.9489935276176205,0.9171538644001995,0.9884748116478147,0.9541658035675037,0.8979640401188613,0.9309387122608677,0.8530009939991761,0.7759253304775466,0.6507620046554833,0.30084665822211293,0.9486033748675492,0.844250110148934,0.05481638124727227,0.01602532754007129,0.8840968457965235,0.979038802717083,0.9611602312509501,0.7180209396093296,0.7346498945718083,0.8996042126359013,0.7252515661735766,0.6580064555901668,0.8382896359637566,0.9251279213920978,0.8440104713416039],[0.9896003235149592,0.9861219006023407,0.9365817120895541,0.9815292652537781,0.9001908382204021,1.0,0.9721104734861391,0.9823514000393038,0.982399424319341,0.9811849189860895,0.9767337038250008,0.9794049488294847,0.8669431016724463,0.950961163023926,0.9767709697809158,0.9999328780295008,0.9908278684947116,0.9832523837968583,0.9141698657613044,0.8547990850843543,0.5380437946792519,0.9748555267703034,0.9313742841080555,0.15957192335353237,-0.09338282933308839,0.9349300460280351,0.8764795022659475,0.9367144770987857,0.9266563967331272,0.9170834348289122,0.9726283192322215,0.9280903629066141,0.9006868394615846,0.9636753522745503,0.9847860966593044,0.9673068038095843],[0.9634490159409436,0.9659665180318819,0.9831072236486743,0.9694599547246738,0.9641949657644855,0.9721104734861391,1.0,0.9331746501126915,0.9838873387746262,0.9688949530188888,0.9776815183900245,0.974159926825523,0.9099649438067686,0.9869270804635065,0.9774319077066422,0.9731100659118154,0.9769983870161931,0.9359684579987562,0.863127770017879,0.743029056455133,0.38759248770728155,0.969799433637845,0.9055815789756833,0.03339239500382846,-0.0033370338589583355,0.9281110876906018,0.9364165439014261,0.97044246164034,0.8246949643381525,0.8176185383976536,0.9466824312481262,0.8279699152654948,0.7927172147103546,0.9101690683212234,0.9764156676759788,0.9167426097860433],[0.9815722797763126,0.9724648032104208,0.8944738764167252,0.9669444366062818,0.8519097400205442,0.9823514000393038,0.9331746501126915,1.0,0.9732189305283707,0.9668618774158996,0.9632921905250796,0.9660982306559948,0.8325695241883992,0.9263333502581871,0.963478769216923,0.9841209732837638,0.9796996788092801,0.9999020704658665,0.9426986726851458,0.9224121729219125,0.5289475206146055,0.9556360822139829,0.9266690021946297,0.13398605179478193,-0.18561973325356992,0.9109411977736237,0.8155598147504968,0.9015923857133831,0.9637523216793304,0.9506308189146093,0.972033852561339,0.9564493983843537,0.9139009335661281,0.9720524326149111,0.9599055426524268,0.9745490990049233],[0.9806752597879577,0.9786793289641396,0.9594016834276548,0.9785479455739438,0.9313768345427458,0.982399424319341,0.9838873387746262,0.9732189305283707,1.0,0.9782764101607715,0.9755509624421591,0.9775054445583353,0.8848180720385167,0.9659132761595789,0.975509049021631,0.9815216214714491,0.979952059965872,0.9736416967443375,0.9112102364000614,0.8289154362530322,0.40448426354456957,0.9726291275988856,0.928808871776226,0.000772887169468934,-0.07206937130956165,0.9295929663674074,0.8875300166359108,0.9624230219362133,0.8857680502908865,0.871029702177998,0.9695873159242017,0.8811411212571537,0.833193412593659,0.9475669921702234,0.9825460722833453,0.9419564089223385],[0.996655896427016,0.9956324001068124,0.9661879847345866,0.9999838385559693,0.9416963229305065,0.9811849189860895,0.9688949530188888,0.9668618774158996,0.9782764101607715,1.0,0.9999954106267829,0.9999853645968365,0.9029035176285951,0.9872895918087259,0.9999718716689926,0.9798179857960763,0.9961833082460871,0.9666295840152678,0.8874981910266981,0.8467216408175496,0.503902333565032,0.9960826275773401,0.943159544971934,0.22183406306529335,-0.11107515799783035,0.9181406284422654,0.924451607236972,0.9527770266565292,0.9013118091177545,0.9082922232260254,0.9831747878142771,0.9029599315174194,0.8471972069308703,0.9596885167403192,0.9836810460023071,0.9508676258253418],[0.9967993318991784,0.9970678042943261,0.9741405248779202,0.9999955998641525,0.9546681811834823,0.9767337038250008,0.9776815183900245,0.9632921905250796,0.9755509624421591,0.9999954106267829,1.0,0.9999803292639735,0.9029227537161835,0.9871346310151218,0.9999734175283269,0.9764516645373853,0.99611726182753,0.9641565657825859,0.9045590045807766,0.8774647126623675,0.3261125704521,0.9978294168702441,0.9345136651814511,-0.22257622693925277,0.6876945981219205,0.9162177293394788,0.9207241693941715,0.95475437928936,0.8809615008848267,0.8850293941659827,0.9791175790764556,0.8745452939655236,0.7973436487191315,0.9502798064528737,0.9883273962197706,0.9500459673316368],[0.9968985169896698,0.9966593381617018,0.9705069814342385,0.9999759009240687,0.9489935276176205,0.9794049488294847,0.974159926825523,0.9660982306559948,0.9775054445583353,0.9999853645968365,0.9999803292639735,1.0,0.9043360288342794,0.9874621786158735,0.9999805055295796,0.9792297830257286,0.9961102649596425,0.9666107694267135,0.8958095889250988,0.8636937546487052,0.40903472012202213,0.9973476937182915,0.9420772352005349,-0.03594327196494533,0.1622248377628379,0.9256073220249584,0.9224146575930507,0.9513271250351486,0.8888719245214003,0.8932261296194981,0.9810137232562651,0.8883281745983354,0.8273405306433765,0.9558681246955562,0.9842874856659393,0.9516728704615522],[0.8900918096443156,0.8998578432788429,0.9225530275903624,0.9009449486605762,0.9171538644001995,0.8669431016724463,0.9099649438067686,0.8325695241883992,0.8848180720385167,0.9029035176285951,0.9029227537161835,0.9043360288342794,1.0,0.9998963562121633,0.9034433457265924,0.8691769313532757,0.8923186316799601,0.8367928617479767,0.7802343022784086,0.7026645272738903,0.14406328717106423,0.8984814221141176,0.8241365318848054,-0.4503193549077377,0.7337414672190635,0.8352059858750304,0.898023744346233,0.9070791581420118,0.7058255145564257,0.7071314583905106,0.868914996419296,0.698681069504799,0.597091924474104,0.8274185132298725,0.8906964437679252,0.8404069527519503],[0.9804814445803146,0.9846536568598876,0.9975593139775693,0.987046397487545,0.9884748116478147,0.950961163023926,0.9869270804635065,0.9263333502581871,0.9659132761595789,0.9872895918087259,0.9871346310151218,0.9874621786158735,0.9998963562121633,1.0,0.9872214204544617,0.9504667465242439,0.9787991049114627,0.9289056153096803,0.8674786048808728,0.8313628506414594,0.04128263582581862,0.9783224748978363,0.8852532505640249,-0.6119994880409826,0.774890674398501,0.9039797882219591,0.9614382846270573,0.9723710555566193,0.7867830034576445,0.8013956815522212,0.9474500402726886,0.7991895222316363,0.6581426407231667,0.8981886132610386,0.9700865442890725,0.9283833323016835],[0.9968751201882393,0.997108243133035,0.973845758162818,0.9999706203683117,0.9541658035675037,0.9767709697809158,0.9774319077066422,0.963478769216923,0.975509049021631,0.9999718716689926,0.9999734175283269,0.9999805055295796,0.9034433457265924,0.9872214204544617,1.0,0.9766155071062271,0.9961911371612503,0.9646731002842864,0.9058877550145755,0.8775652654668823,0.32589024870344235,0.9977179933545034,0.9344690203901409,-0.2196549877847455,0.6900720345451058,0.9169987084858009,0.9206599975279173,0.9547237469327907,0.8813259636386476,0.8853645365780506,0.9792517593485418,0.8750938666294329,0.7975980996047766,0.9505835613290596,0.9884541971464396,0.9508840387531999],[0.9900932516412171,0.9859364891861092,0.9341960766262396,0.9799954199208197,0.8979640401188613,0.9999328780295008,0.9731100659118154,0.9841209732837638,0.9815216214714491,0.9798179857960763,0.9764516645373853,0.9792297830257286,0.8691769313532757,0.9504667465242439,0.9766155071062271,1.0,0.9908081566926369,0.9838187764666185,0.9177138030816673,0.8782238503593116,0.5010036299979767,0.9734271209024693,0.9292763204079652,0.008955490716986966,0.025996326506356134,0.9392167871759881,0.8704242118566667,0.933118170115331,0.9277872794011396,0.9133289234859999,0.9711049774581166,0.9278323774636297,0.8939405046762822,0.9661256971337103,0.9839122469106342,0.9697830542153512],[0.9997948118702475,0.9980541644166642,0.9581483140322747,0.9962768053486876,0.9309387122608677,0.9908278684947116,0.9769983870161931,0.9796996788092801,0.979952059965872,0.9961833082460871,0.99611726182753,0.9961102649596425,0.8923186316799601,0.9787991049114627,0.9961911371612503,0.9908081566926369,1.0,0.9804850949423322,0.9273495601910552,0.901191062569245,0.39729801139920057,0.9918250896541141,0.9368803460196637,-0.1712046854773818,0.6759516683082404,0.9300334132799449,0.8975670284112167,0.9471861585914482,0.914283090568416,0.9094744842989386,0.9813335506303162,0.9076234254354275,0.8461803357434741,0.965612995323545,0.9920892567666335,0.9684938000926558],[0.9814724323285802,0.9743306058925825,0.8954153336816345,0.9666894046275663,0.8530009939991761,0.9832523837968583,0.9359684579987562,0.9999020704658665,0.9736416967443375,0.9666295840152678,0.9641565657825859,0.9666107694267135,0.8367928617479767,0.9289056153096803,0.9646731002842864,0.9838187764666185,0.9804850949423322,1.0,0.9455846505778993,0.9273078657075827,0.5200371227886312,0.9550340373282192,0.9298316729791619,0.09485905876567081,-0.07783019403932111,0.9154426773063499,0.8152902128851618,0.9030229641354267,0.9626914046183487,0.948806318060847,0.9711825641082836,0.9540608854513419,0.9107753182273197,0.9715355334435058,0.9592820485922411,0.9750901955248998],[0.9072345512370252,0.9170633238171344,0.8215320985943488,0.8857183078718102,0.7759253304775466,0.9141698657613044,0.863127770017879,0.9426986726851458,0.9112102364000614,0.8874981910266981,0.9045590045807766,0.8958095889250988,0.7802343022784086,0.8674786048808728,0.9058877550145755,0.9177138030816673,0.9273495601910552,0.9455846505778993,1.0,0.8440347614354938,0.6018122826445225,0.864221906463866,0.8475726229928703,0.1783100037714998,0.01175799218870749,0.8763287783488068,0.7288663305161097,0.8418807307785722,0.8973090900310722,0.8718162291605789,0.881465591743982,0.8821369797790888,0.8528090229940305,0.8870610343962055,0.889662189413246,0.9152142412542519],[0.8784118930848842,0.8633758408140026,0.7052152228127464,0.8466995785224598,0.6507620046554833,0.8547990850843543,0.743029056455133,0.9224121729219125,0.8289154362530322,0.8467216408175496,0.8774647126623675,0.8636937546487052,0.7026645272738903,0.8313628506414594,0.8775652654668823,0.8782238503593116,0.901191062569245,0.9273078657075827,0.8440347614354938,1.0,0.8004350235001587,0.8020652644162498,0.866801492870864,0.5841742607877026,-0.4385903227942415,0.6941928583679237,0.6617407442387782,0.7203359825459218,0.9634112322209389,0.9435806390070868,0.8700718144566669,0.9523641692026171,0.9106084908348321,0.8966313338686085,0.8168242086002764,0.8730370372599703],[0.56578952945955,0.5874549306631561,0.3602836984058618,0.5146456113771374,0.30084665822211293,0.5380437946792519,0.38759248770728155,0.5289475206146055,0.40448426354456957,0.503902333565032,0.3261125704521,0.40903472012202213,0.14406328717106423,0.04128263582581862,0.32589024870344235,0.5010036299979767,0.39729801139920057,0.5200371227886312,0.6018122826445225,0.8004350235001587,1.0,0.46770312993044205,0.6229154015498071,0.7207849966895589,-0.11463376217670866,0.4326744438478068,0.35793349340914465,0.43024604228388075,0.7432987414239041,0.6651700540094353,0.5223954275608623,0.6980404128360278,0.7360409628292796,0.596599398483075,0.5196548343666346,0.591364649501683],[0.9875240123658102,0.9799637915883314,0.9697441988915438,0.9958959684539374,0.9486033748675492,0.9748555267703034,0.969799433637845,0.9556360822139829,0.9726291275988856,0.9960826275773401,0.9978294168702441,0.9973476937182915,0.8984814221141176,0.9783224748978363,0.9977179933545034,0.9734271209024693,0.9918250896541141,0.9550340373282192,0.864221906463866,0.8020652644162498,0.46770312993044205,1.0,0.9226573993725284,0.16275368674959342,-0.10188514810225702,0.9021561772927724,0.9331345321901303,0.9506467449582643,0.8716316560027417,0.8911402136000605,0.977026119125649,0.8818982095593205,0.8233962205309245,0.94876203989169,0.974266822921729,0.9362004989268681],[0.9464472080084152,0.9289957701988092,0.8779545385776392,0.9424518900587074,0.844250110148934,0.9313742841080555,0.9055815789756833,0.9266690021946297,0.928808871776226,0.943159544971934,0.9345136651814511,0.9420772352005349,0.8241365318848054,0.8852532505640249,0.9344690203901409,0.9292763204079652,0.9368803460196637,0.9298316729791619,0.8475726229928703,0.866801492870864,0.6229154015498071,0.9226573993725284,1.0,0.2290309186362124,-0.08391132289276974,0.7739802597983079,0.8294664234400981,0.8688971792089158,0.9007746327148366,0.8763890308878803,0.9497808324576646,0.8830623817374452,0.8405604647600156,0.9462053133953958,0.9080282036311433,0.8932360573999828],[0.25963281749940775,0.2515135770554033,0.08676788632170569,0.22019361103478466,0.05481638124727227,0.15957192335353237,0.03339239500382846,0.13398605179478193,0.000772887169468934,0.22183406306529335,-0.22257622693925277,-0.03594327196494533,-0.4503193549077377,-0.6119994880409826,-0.2196549877847455,0.008955490716986966,-0.1712046854773818,0.09485905876567081,0.1783100037714998,0.5841742607877026,0.7207849966895589,0.16275368674959342,0.2290309186362124,1.0,-0.378329597252703,0.17754586436232864,0.09361703430597444,0.09000630391231423,0.4156023532734604,0.40109677707700725,0.21522678732902384,0.42560903567356384,0.37155646029528855,0.26500371074195106,0.16752873578471245,0.28664472961024545],[-0.1402350252384718,-0.07558349425811448,-0.008656629555829614,-0.11710294534090857,0.01602532754007129,-0.09338282933308839,-0.0033370338589583355,-0.18561973325356992,-0.07206937130956165,-0.11107515799783035,0.6876945981219205,0.1622248377628379,0.7337414672190635,0.774890674398501,0.6900720345451058,0.025996326506356134,0.6759516683082404,-0.07783019403932111,0.01175799218870749,-0.4385903227942415,-0.11463376217670866,-0.10188514810225702,-0.08391132289276974,-0.378329597252703,1.0,-0.0007892530176276476,-0.006674897931429263,0.010806736933003876,-0.30745149390664667,-0.29206622195850507,-0.15797917702901818,-0.26552856278434966,-0.1619550093746106,-0.2166812754859183,-0.03848736549952419,-0.17569093546175396],[0.9189364237420742,0.9096304947398144,0.9130487381038551,0.9169491785660998,0.8840968457965235,0.9349300460280351,0.9281110876906018,0.9109411977736237,0.9295929663674074,0.9181406284422654,0.9162177293394788,0.9256073220249584,0.8352059858750304,0.9039797882219591,0.9169987084858009,0.9392167871759881,0.9300334132799449,0.9154426773063499,0.8763287783488068,0.6941928583679237,0.4326744438478068,0.9021561772927724,0.7739802597983079,0.17754586436232864,-0.0007892530176276476,1.0,0.8385456939503588,0.9325296798152072,0.7839531402571014,0.8220135408540131,0.873722922147933,0.8260193558972762,0.7895394104534056,0.8706154130334554,0.9095082468740533,0.9083160955312114],[0.8999807232532453,0.9055237418155851,0.9720627811712823,0.9244639349221633,0.979038802717083,0.8764795022659475,0.9364165439014261,0.8155598147504968,0.8875300166359108,0.924451607236972,0.9207241693941715,0.9224146575930507,0.898023744346233,0.9614382846270573,0.9206599975279173,0.8704242118566667,0.8975670284112167,0.8152902128851618,0.7288663305161097,0.6617407442387782,0.35793349340914465,0.9331345321901303,0.8294664234400981,0.09361703430597444,-0.006674897931429263,0.8385456939503588,1.0,0.9273699472615764,0.7100417079648538,0.7242925104030908,0.8782993720155725,0.7129399802721048,0.648986981297691,0.816568888647834,0.8989949816116554,0.8242358708625837],[0.9426539143236421,0.9477373195126976,0.9748387208923157,0.9533429957367522,0.9611602312509501,0.9367144770987857,0.97044246164034,0.9015923857133831,0.9624230219362133,0.9527770266565292,0.95475437928936,0.9513271250351486,0.9070791581420118,0.9723710555566193,0.9547237469327907,0.933118170115331,0.9471861585914482,0.9030229641354267,0.8418807307785722,0.7203359825459218,0.43024604228388075,0.9506467449582643,0.8688971792089158,0.09000630391231423,0.010806736933003876,0.9325296798152072,0.9273699472615764,1.0,0.7983628585764956,0.7987678947209041,0.9231060133488527,0.7937934650943075,0.7510319755002345,0.893343649709027,0.9570785741486295,0.8802797592288586],[0.9313396450383725,0.9112737861704654,0.7755511847116175,0.9035239597358982,0.7180209396093296,0.9266563967331272,0.8246949643381525,0.9637523216793304,0.8857680502908865,0.9013118091177545,0.8809615008848267,0.8888719245214003,0.7058255145564257,0.7867830034576445,0.8813259636386476,0.9277872794011396,0.914283090568416,0.9626914046183487,0.8973090900310722,0.9634112322209389,0.7432987414239041,0.8716316560027417,0.9007746327148366,0.4156023532734604,-0.30745149390664667,0.7839531402571014,0.7100417079648538,0.7983628585764956,1.0,0.9875711386692537,0.9287872469705676,0.9917083542381488,0.9571841070736661,0.9531178879572408,0.877621972584387,0.9472990893774716],[0.9322210381377554,0.916794492660263,0.7863736355020727,0.9110494120621977,0.7346498945718083,0.9170834348289122,0.8176185383976536,0.9506308189146093,0.871029702177998,0.9082922232260254,0.8850293941659827,0.8932261296194981,0.7071314583905106,0.8013956815522212,0.8853645365780506,0.9133289234859999,0.9094744842989386,0.948806318060847,0.8718162291605789,0.9435806390070868,0.6651700540094353,0.8911402136000605,0.8763890308878803,0.40109677707700725,-0.29206622195850507,0.8220135408540131,0.7242925104030908,0.7987678947209041,0.9875711386692537,1.0,0.9304458135425078,0.9865663482079983,0.9570444627290944,0.9424911577212505,0.8954313794835109,0.9502648668201962],[0.985300393297803,0.9790308131727975,0.9307726482950595,0.9836495049093656,0.8996042126359013,0.9726283192322215,0.9466824312481262,0.972033852561339,0.9695873159242017,0.9831747878142771,0.9791175790764556,0.9810137232562651,0.868914996419296,0.9474500402726886,0.9792517593485418,0.9711049774581166,0.9813335506303162,0.9711825641082836,0.881465591743982,0.8700718144566669,0.5223954275608623,0.977026119125649,0.9497808324576646,0.21522678732902384,-0.15797917702901818,0.873722922147933,0.8782993720155725,0.9231060133488527,0.9287872469705676,0.9304458135425078,1.0,0.9264282947694541,0.8710955521127393,0.9762739788587065,0.9751222564815059,0.9595696491796206],[0.9320451235342351,0.9139470992263896,0.7810458527535326,0.9052742790751451,0.7252515661735766,0.9280903629066141,0.8279699152654948,0.9564493983843537,0.8811411212571537,0.9029599315174194,0.8745452939655236,0.8883281745983354,0.698681069504799,0.7991895222316363,0.8750938666294329,0.9278323774636297,0.9076234254354275,0.9540608854513419,0.8821369797790888,0.9523641692026171,0.6980404128360278,0.8818982095593205,0.8830623817374452,0.42560903567356384,-0.26552856278434966,0.8260193558972762,0.7129399802721048,0.7937934650943075,0.9917083542381488,0.9865663482079983,0.9264282947694541,1.0,0.9739001858834864,0.9456030324194536,0.8996535211566641,0.9477428637050532],[0.882724934820888,0.8767994869850116,0.7206123801333083,0.8507155875084589,0.6580064555901668,0.9006868394615846,0.7927172147103546,0.9139009335661281,0.833193412593659,0.8471972069308703,0.7973436487191315,0.8273405306433765,0.597091924474104,0.6581426407231667,0.7975980996047766,0.8939405046762822,0.8461803357434741,0.9107753182273197,0.8528090229940305,0.9106084908348321,0.7360409628292796,0.8233962205309245,0.8405604647600156,0.37155646029528855,-0.1619550093746106,0.7895394104534056,0.648986981297691,0.7510319755002345,0.9571841070736661,0.9570444627290944,0.8710955521127393,0.9739001858834864,1.0,0.8969217799278699,0.8639410527055668,0.918827628448927],[0.9732182243012324,0.9637602226583193,0.8812416317235252,0.9608949443142525,0.8382896359637566,0.9636753522745503,0.9101690683212234,0.9720524326149111,0.9475669921702234,0.9596885167403192,0.9502798064528737,0.9558681246955562,0.8274185132298725,0.8981886132610386,0.9505835613290596,0.9661256971337103,0.965612995323545,0.9715355334435058,0.8870610343962055,0.8966313338686085,0.596599398483075,0.94876203989169,0.9462053133953958,0.26500371074195106,-0.2166812754859183,0.8706154130334554,0.816568888647834,0.893343649709027,0.9531178879572408,0.9424911577212505,0.9762739788587065,0.9456030324194536,0.8969217799278699,1.0,0.9551699371789628,0.9565571777662842],[0.9843943700859348,0.9800560946832223,0.9545039270626218,0.9838980698485178,0.9251279213920978,0.9847860966593044,0.9764156676759788,0.9599055426524268,0.9825460722833453,0.9836810460023071,0.9883273962197706,0.9842874856659393,0.8906964437679252,0.9700865442890725,0.9884541971464396,0.9839122469106342,0.9920892567666335,0.9592820485922411,0.889662189413246,0.8168242086002764,0.5196548343666346,0.974266822921729,0.9080282036311433,0.16752873578471245,-0.03848736549952419,0.9095082468740533,0.8989949816116554,0.9570785741486295,0.877621972584387,0.8954313794835109,0.9751222564815059,0.8996535211566641,0.8639410527055668,0.9551699371789628,1.0,0.9434198451250315],[0.9643623082361175,0.9591205214736557,0.8854756474336762,0.9516737620371724,0.8440104713416039,0.9673068038095843,0.9167426097860433,0.9745490990049233,0.9419564089223385,0.9508676258253418,0.9500459673316368,0.9516728704615522,0.8404069527519503,0.9283833323016835,0.9508840387531999,0.9697830542153512,0.9684938000926558,0.9750901955248998,0.9152142412542519,0.8730370372599703,0.591364649501683,0.9362004989268681,0.8932360573999828,0.28664472961024545,-0.17569093546175396,0.9083160955312114,0.8242358708625837,0.8802797592288586,0.9472990893774716,0.9502648668201962,0.9595696491796206,0.9477428637050532,0.918827628448927,0.9565571777662842,0.9434198451250315,1.0]],"x":["^TAIEX       \u81fa\u7063\u52a0\u6b0a\u5831\u916c\u6307\u6578","^TWII        \u81fa\u7063\u52a0\u6b0a\u6307\u6578","^TAIEXx2     \u81fa\u7063\u52a0\u6b0a\u5831\u916c\u6307\u6578_\u65e5\u6b632","^TAI50I      \u81fa\u706350\u5831\u916c\u6307\u6578","^TAI50Ix2    \u81fa\u706350\u5831\u916c\u6307\u6578_\u65e5\u6b632","^TAI100I     \u81fa\u7063\u4e2d\u578b100\u5831\u916c\u6307\u6578","^TAI100Ix2   \u81fa\u7063\u4e2d\u578b100\u5831\u916c\u6307\u6578_\u65e5\u6b632","^TAIDIVIDI   \u81fa\u7063\u9ad8\u80a1\u606f\u5831\u916c\u6307\u6578","^TAIDIVIDIx2 \u81fa\u7063\u9ad8\u80a1\u606f\u5831\u916c\u6307\u6578_\u65e5\u6b632","0050Fund     \u5143\u5927\u53f0\u7063\u5353\u8d8a50\u57fa\u91d1","006208Fund   \u5bcc\u90a6\u53f0\u7063\u91c6\u540950\u57fa\u91d1","0050         \u5143\u5927\u81fa\u706350","00631L       \u5143\u5927\u53f0\u706350\u6b632","00675L       \u5bcc\u90a6\u81fa\u7063\u52a0\u6b0a\u6b632","006208       \u5bcc\u90a6\u53f050","0051         \u5143\u5927\u4e2d\u578b100","006204       \u6c38\u8c50\u81fa\u7063\u52a0\u6b0a","0056         \u5143\u5927\u9ad8\u80a1\u606f","0056         \u5143\u5927\u9ad8\u80a1\u606f_\u80a1\u606f\u4e0d\u6295\u5165","2412         \u4e2d\u83ef\u96fb\u4fe1","2002         \u4e2d\u92fc","2330         \u53f0\u7a4d\u96fb","2317         \u9d3b\u6d77","6505         \u53f0\u5851\u77f3\u5316","3481         \u7fa4\u5275","2303         \u806f\u96fb","2308         \u53f0\u9054\u96fb","2454         \u806f\u767c\u79d1","2886         \u5146\u8c50\u91d1","2884         \u7389\u5c71\u91d1","2891         \u4e2d\u4fe1\u91d1","2892         \u7b2c\u4e00\u91d1","5880         \u5408\u5eab\u91d1","2881         \u5bcc\u90a6\u91d1","2885         \u5143\u5927\u91d1","2887         \u53f0\u65b0\u91d1"],"y":["^TAIEX       \u81fa\u7063\u52a0\u6b0a\u5831\u916c\u6307\u6578","^TWII        \u81fa\u7063\u52a0\u6b0a\u6307\u6578","^TAIEXx2     \u81fa\u7063\u52a0\u6b0a\u5831\u916c\u6307\u6578_\u65e5\u6b632","^TAI50I      \u81fa\u706350\u5831\u916c\u6307\u6578","^TAI50Ix2    \u81fa\u706350\u5831\u916c\u6307\u6578_\u65e5\u6b632","^TAI100I     \u81fa\u7063\u4e2d\u578b100\u5831\u916c\u6307\u6578","^TAI100Ix2   \u81fa\u7063\u4e2d\u578b100\u5831\u916c\u6307\u6578_\u65e5\u6b632","^TAIDIVIDI   \u81fa\u7063\u9ad8\u80a1\u606f\u5831\u916c\u6307\u6578","^TAIDIVIDIx2 \u81fa\u7063\u9ad8\u80a1\u606f\u5831\u916c\u6307\u6578_\u65e5\u6b632","0050Fund     \u5143\u5927\u53f0\u7063\u5353\u8d8a50\u57fa\u91d1","006208Fund   \u5bcc\u90a6\u53f0\u7063\u91c6\u540950\u57fa\u91d1","0050         \u5143\u5927\u81fa\u706350","00631L       \u5143\u5927\u53f0\u706350\u6b632","00675L       \u5bcc\u90a6\u81fa\u7063\u52a0\u6b0a\u6b632","006208       \u5bcc\u90a6\u53f050","0051         \u5143\u5927\u4e2d\u578b100","006204       \u6c38\u8c50\u81fa\u7063\u52a0\u6b0a","0056         \u5143\u5927\u9ad8\u80a1\u606f","0056         \u5143\u5927\u9ad8\u80a1\u606f_\u80a1\u606f\u4e0d\u6295\u5165","2412         \u4e2d\u83ef\u96fb\u4fe1","2002         \u4e2d\u92fc","2330         \u53f0\u7a4d\u96fb","2317         \u9d3b\u6d77","6505         \u53f0\u5851\u77f3\u5316","3481         \u7fa4\u5275","2303         \u806f\u96fb","2308         \u53f0\u9054\u96fb","2454         \u806f\u767c\u79d1","2886         \u5146\u8c50\u91d1","2884         \u7389\u5c71\u91d1","2891         \u4e2d\u4fe1\u91d1","2892         \u7b2c\u4e00\u91d1","5880         \u5408\u5eab\u91d1","2881         \u5bcc\u90a6\u91d1","2885         \u5143\u5927\u91d1","2887         \u53f0\u65b0\u91d1"],"zmin":-1,"zmax":1,"colorbar":{"x":-0.2}}],"layout":{"autotypenumbers":"strict","colorway":["#636efa","#EF553B","#00cc96","#ab63fa","#FFA15A","#19d3f3","#FF6692","#B6E880","#FF97FF","#FECB52"],"font":{"color":"#f2f5fa","family":"Courier New"},"hovermode":"closest","hoverlabel":{"align":"left"},"paper_bgcolor":"rgb(17,17,17)","plot_bgcolor":"rgb(17,17,17)","polar":{"bgcolor":"rgb(17,17,17)","angularaxis":{"gridcolor":"#506784","linecolor":"#506784","ticks":""},"radialaxis":{"gridcolor":"#506784","linecolor":"#506784","ticks":""}},"ternary":{"bgcolor":"rgb(17,17,17)","aaxis":{"gridcolor":"#506784","linecolor":"#506784","ticks":""},"baxis":{"gridcolor":"#506784","linecolor":"#506784","ticks":""},"caxis":{"gridcolor":"#506784","linecolor":"#506784","ticks":""}},"coloraxis":{"colorbar":{"outlinewidth":0,"ticks":""}},"colorscale":{"sequential":[[0.0,"#0d0887"],[0.1111111111111111,"#46039f"],[0.2222222222222222,"#7201a8"],[0.3333333333333333,"#9c179e"],[0.4444444444444444,"#bd3786"],[0.5555555555555556,"#d8576b"],[0.6666666666666666,"#ed7953"],[0.7777777777777778,"#fb9f3a"],[0.8888888888888888,"#fdca26"],[1.0,"#f0f921"]],"sequentialminus":[[0.0,"#0d0887"],[0.1111111111111111,"#46039f"],[0.2222222222222222,"#7201a8"],[0.3333333333333333,"#9c179e"],[0.4444444444444444,"#bd3786"],[0.5555555555555556,"#d8576b"],[0.6666666666666666,"#ed7953"],[0.7777777777777778,"#fb9f3a"],[0.8888888888888888,"#fdca26"],[1.0,"#f0f921"]],"diverging":[[0,"#8e0152"],[0.1,"#c51b7d"],[0.2,"#de77ae"],[0.3,"#f1b6da"],[0.4,"#fde0ef"],[0.5,"#f7f7f7"],[0.6,"#e6f5d0"],[0.7,"#b8e186"],[0.8,"#7fbc41"],[0.9,"#4d9221"],[1,"#276419"]]},"xaxis":{"gridcolor":"rgba(0, 0, 0, 0)","linecolor":"#506784","ticks":"","title":{"standoff":15},"zerolinecolor":"#283442","automargin":true,"zerolinewidth":2,"tickfont":{"family":"Courier New","size":14},"side":"top","tickangle":-90},"yaxis":{"gridcolor":"rgba(0, 0, 0, 0)","linecolor":"#506784","ticks":"","title":{"standoff":15},"zerolinecolor":"#283442","automargin":true,"zerolinewidth":2,"tickfont":{"family":"Courier New"},"side":"right"},"scene":{"xaxis":{"backgroundcolor":"rgb(17,17,17)","gridcolor":"#506784","linecolor":"#506784","showbackground":true,"ticks":"","zerolinecolor":"#C8D4E3","gridwidth":2},"yaxis":{"backgroundcolor":"rgb(17,17,17)","gridcolor":"#506784","linecolor":"#506784","showbackground":true,"ticks":"","zerolinecolor":"#C8D4E3","gridwidth":2},"zaxis":{"backgroundcolor":"rgb(17,17,17)","gridcolor":"#506784","linecolor":"#506784","showbackground":true,"ticks":"","zerolinecolor":"#C8D4E3","gridwidth":2}},"shapedefaults":{"line":{"color":"#f2f5fa"}},"annotationdefaults":{"arrowcolor":"#f2f5fa","arrowhead":0,"arrowwidth":1},"geo":{"bgcolor":"rgb(17,17,17)","landcolor":"rgb(17,17,17)","subunitcolor":"#506784","showland":true,"showlakes":true,"lakecolor":"rgb(17,17,17)"},"title":{"x":0.05,"font":{"family":"Times New Roman"},"y":0.05,"text":"<b>Correlation of Adj Close<b><br><i>2016-09-23 ~ 2026-07-17<i>"},"updatemenudefaults":{"bgcolor":"#506784","borderwidth":0},"sliderdefaults":{"bgcolor":"#C8D4E3","borderwidth":1,"bordercolor":"rgb(17,17,17)","tickwidth":0},"mapbox":{"style":"dark"},"annotations":[{"text":"<b>@zwindr<b>","textangle":0,"opacity":0.5,"font":{"color":"white","size":12},"xref":"paper","yref":"paper","xanchor":"left","yanchor":"bottom","x":1.0,"y":1.0,"showarrow":false}]},"config":{"responsive":true,"toImageButtonOptions":{"filename":"Correlation of Adj Close_2016-09-23~2026-07-17","scale":5}}};Plotly.newPlot("correlationAdjClose",correlationAdjClose.data,correlationAdjClose.layout||{},correlationAdjClose.config);}else{console.log("style display is none => correlationAdjClose");}