var element=document.getElementById("correlationAdjClose");if(element.style.display!='none'){var correlationAdjClose={"data":[{"type":"heatmap","z":[[1.0,0.9954041134501166,0.9727401004996244,0.9968185210718485,0.9495137001051018,0.9849647957472183,0.9570032070135966,0.9873871400445753,0.9764058615536052,0.9969720127808597,0.996470848238492,0.9969271536605911,0.9919092033597562,0.9930933137486588,0.9965674169313612,0.9862130804551825,0.9997352837917969,0.9870720959587944,0.8956345172075832,0.9152346847090821,0.6686924385031322,0.9842718884643723,0.9387447514559288,0.3390027156366669,-0.28822466515930845,0.9013469943330287,0.9226224994982755,0.9625299640932585,0.9729567976035172,0.9635751638081242,0.9805049169677243,0.9680315853877431,0.9357194903629619,0.9832491843549526,0.9769823841954989,0.9579552692967385],[0.9954041134501166,1.0,0.9699634680084788,0.9921318971132949,0.9466278405671769,0.9813184483732467,0.9535503373467906,0.9798022506004869,0.9708861518475219,0.9933572998972896,0.9950891238640146,0.9946661935991913,0.9914107467264353,0.9916552076822044,0.9951599939959607,0.9815878429400996,0.9975525527183008,0.9817157210501335,0.9144436836711565,0.9053866297085791,0.691237754159798,0.9702768589776536,0.9228072832092235,0.3380038802811311,-0.22218751080238602,0.8813407605985376,0.9181643311306683,0.9619521183270332,0.9545442662446875,0.9519377862120594,0.9724535471622562,0.9547369640094968,0.9348170547914799,0.974305694425129,0.969014493976746,0.953172296734059],[0.9727401004996244,0.9699634680084788,1.0,0.983823539865528,0.9939571056027271,0.9684453993491807,0.9777895058097884,0.9502148568554091,0.97244148657268,0.9835823463566101,0.990252341333575,0.9869864611186001,0.9971571166275497,0.9969667204297489,0.9899420998238672,0.9657008550165749,0.9832559545133016,0.9495285022091511,0.8460899956329497,0.8118142680067506,0.527539716892104,0.9923159567087297,0.9352378678970511,0.164967157872857,-0.2089387671769913,0.8772004118333464,0.9485580268681907,0.9653025316529573,0.9042163488782134,0.8992144467883021,0.9665999584238817,0.9003525571305232,0.8706388718606897,0.9581484413780307,0.9699818030863182,0.9135911644858751],[0.9968185210718485,0.9921318971132949,0.983823539865528,1.0,0.9682198705254553,0.9762878405811798,0.9551741039211785,0.977066887913629,0.971985453585041,0.9999729867987392,0.9999927290917174,0.999965972664276,0.9938222567174595,0.9928728650080503,0.9999547971609742,0.9748166825171511,0.9958085180140497,0.9763683254784018,0.8760284530627704,0.8945702831282017,0.6269228316523883,0.9941102028627793,0.9432627094604304,0.303569262379193,-0.2753028968293756,0.8912807842636485,0.9376255801614672,0.9646314591112208,0.9575524613010071,0.9549117029809814,0.9825505927904354,0.9528439833209753,0.9169512214358135,0.9790368255046149,0.9750624705911698,0.946141420067362],[0.9495137001051018,0.9466278405671769,0.9939571056027271,0.9682198705254553,1.0,0.9371044727442167,0.9548031161304126,0.917855666184218,0.9465153056793097,0.9683664622764296,0.9778617094280369,0.9738518170163842,0.9830874962234181,0.9808312822747081,0.9773191328602783,0.9329196758062448,0.9611912320954096,0.9167627802937199,0.8048978931076043,0.7735982865401849,0.4712814759573975,0.9843934274765577,0.9248869948509874,0.1272501610701543,-0.19449136215089635,0.8378854671359502,0.9571852444494081,0.9444493903856913,0.8653832001800599,0.8680034525405002,0.9501066108733339,0.8622325863324541,0.8250138429899586,0.9336260425860511,0.9469029160630449,0.8772666871997146],[0.9849647957472183,0.9813184483732467,0.9684453993491807,0.9762878405811798,0.9371044727442167,1.0,0.9832832698220785,0.9827782958805473,0.9839745867387047,0.9757976548386292,0.9702042320434362,0.973776906476815,0.970446211370878,0.9679199168106654,0.9702376398039332,0.9999061802255991,0.9874573686961657,0.9836062766830951,0.9007743522353943,0.8723851692162722,0.6385167339635722,0.9671419579056736,0.9118584655325358,0.21993971906037818,-0.21485139510781395,0.9334657017502211,0.894913986465704,0.966784073181524,0.9580417594048097,0.9363875715530052,0.9607782753502372,0.9545234643376126,0.9487592035217511,0.9653801821961772,0.9808216251338024,0.9604551834336673],[0.9570032070135966,0.9535503373467906,0.9777895058097884,0.9551741039211785,0.9548031161304126,0.9832832698220785,1.0,0.9541837977820542,0.98472848286353,0.9539687304947387,0.9630955270457907,0.9600185545957391,0.9774303650383496,0.9774775740852099,0.9628963011513434,0.9844461277174669,0.9740744793280823,0.9564273055136883,0.8631406367775667,0.792440762441776,0.5263208529992738,0.9584957811182332,0.9149322413511741,0.08160948651722133,-0.15453769500801023,0.8951249279797632,0.9009315650284779,0.962038869007968,0.9013509744986237,0.8747326570685906,0.9441693611275902,0.896802389525299,0.8977576679403468,0.9399335804693983,0.9717413321911655,0.9175986545526915],[0.9873871400445753,0.9798022506004869,0.9502148568554091,0.977066887913629,0.917855666184218,0.9827782958805473,0.9541837977820542,1.0,0.9841626049587211,0.9770645574459913,0.9718033029591873,0.9758479745011257,0.9617099173480341,0.9602428682952787,0.972076399919485,0.984586804399289,0.9846808260629155,0.9998885284260679,0.9286156569464141,0.9308600546265227,0.6103452152482857,0.9625935783890046,0.9040413358102944,0.19623006876062307,-0.304359092251789,0.9102991680802259,0.8640182571189581,0.9477724697174447,0.9792281636425608,0.9590790227035538,0.9677229977265426,0.9672184021277574,0.9377266672823509,0.9653398658044106,0.9614758424280099,0.9696024655791436],[0.9764058615536052,0.9708861518475219,0.97244148657268,0.971985453585041,0.9465153056793097,0.9839745867387047,0.98472848286353,0.9841626049587211,1.0,0.9713234839622547,0.9669985990364335,0.9700328976784226,0.9677155852004262,0.9639085197783592,0.9669834055495264,0.9831057862576292,0.9757631603070455,0.9835398601708747,0.9024221028228594,0.865200329362305,0.5261576041051018,0.9679933782218918,0.9232696084934082,0.05639352864158634,-0.22719570449217028,0.8890552157842735,0.877986424255644,0.9673844728796974,0.9379521213536461,0.9097434117658695,0.9644269462919174,0.9254086938103021,0.9032874157976655,0.9567608527977556,0.9752249148626057,0.9330082300400209],[0.9969720127808597,0.9933572998972896,0.9835823463566101,0.9999729867987392,0.9683664622764296,0.9757976548386292,0.9539687304947387,0.9770645574459913,0.9713234839622547,1.0,0.9999914903130203,0.9999838749803039,0.9937480237252999,0.9927865382412256,0.9999586084557586,0.9743330571026017,0.9956996164894322,0.9764571072511071,0.8777354423008161,0.8958496849220854,0.6230306896788804,0.9943060710290288,0.9433081824241105,0.30845405305369,-0.27478349654326034,0.8917645875959906,0.9360499107123911,0.9633013367136832,0.9572561212241305,0.9540918703139589,0.9817474867327162,0.9522431842032351,0.9156269870321269,0.978323192499703,0.9741432287437924,0.9448313221669006],[0.996470848238492,0.9950891238640146,0.990252341333575,0.9999927290917174,0.9778617094280369,0.9702042320434362,0.9630955270457907,0.9718033029591873,0.9669985990364335,0.9999914903130203,1.0,0.999975880234405,0.993852421825907,0.9928803619031853,0.9999609668836078,0.9697595043882997,0.9954988249023033,0.9722701863090846,0.8967450115082192,0.9242457787993125,0.4867755856468603,0.9973461778826587,0.9314344316765217,-0.17487521696913538,0.4121577906984768,0.8864241069166064,0.9112144107176395,0.9637291257464582,0.9464575963417161,0.9372989462016209,0.9748671256238396,0.9315097423763842,0.8893477439494096,0.9699068024748349,0.9821264266504544,0.9409661545306565],[0.9969271536605911,0.9946661935991913,0.9869864611186001,0.999965972664276,0.9738518170163842,0.973776906476815,0.9600185545957391,0.9758479745011257,0.9700328976784226,0.9999838749803039,0.999975880234405,1.0,0.9937095337666546,0.9927288730838546,0.9999689591599064,0.9734953434311644,0.9956162741996862,0.9758200652750243,0.8849944187343644,0.9127233737487903,0.5575080435984109,0.9963804353622693,0.9409953178992896,0.03707466412692244,-0.17068336438055787,0.9025205815743141,0.9233062923748329,0.9589176390101911,0.9502006199313414,0.9445446580209239,0.9788355803662847,0.9423880110421432,0.9087534444382335,0.9748810345099765,0.9740297162950617,0.9478658580925573],[0.9919092033597562,0.9914107467264353,0.9971571166275497,0.9938222567174595,0.9830874962234181,0.970446211370878,0.9774303650383496,0.9617099173480341,0.9677155852004262,0.9937480237252999,0.993852421825907,0.9937095337666546,1.0,0.9998024022711589,0.9937437221830321,0.9698329717657125,0.9921116609334758,0.9619434368055257,0.8799129355850566,0.9097707150442395,0.400186233582208,0.9908780545224393,0.9276224000728405,-0.43061064903501345,0.43072438578118677,0.8649348329881783,0.917441545920344,0.9620647842574087,0.9232846940987433,0.9047542306476951,0.9610047386268258,0.9052472445828512,0.8504613740692296,0.9638037409798684,0.9769616754900479,0.9320670683641105],[0.9930933137486588,0.9916552076822044,0.9969667204297489,0.9928728650080503,0.9808312822747081,0.9679199168106654,0.9774775740852099,0.9602428682952787,0.9639085197783592,0.9927865382412256,0.9928803619031853,0.9927288730838546,0.9998024022711589,1.0,0.9928880245528658,0.9671841793654721,0.9930996229802209,0.9606022443065052,0.8636415312699264,0.9199453062143905,0.2536186807449497,0.9878800886452134,0.9218487268955932,-0.7519116246516151,0.40426202237868586,0.8334627968268342,0.9168641698143222,0.9569978489313027,0.9158094439788472,0.8957384688525313,0.9559199485997911,0.9068085221691743,0.8273100684835574,0.9631642238421967,0.9753110001829155,0.9284253418452253],[0.9965674169313612,0.9951599939959607,0.9899420998238672,0.9999547971609742,0.9773191328602783,0.9702376398039332,0.9628963011513434,0.972076399919485,0.9669834055495264,0.9999586084557586,0.9999609668836078,0.9999689591599064,0.9937437221830321,0.9928880245528658,1.0,0.969893127218478,0.995588296759102,0.9724504578542958,0.8971414646538085,0.9247286026077536,0.4869328207705488,0.9971568276879821,0.9315105825475027,-0.172592322843229,0.413955538322588,0.8871749124164903,0.9100269036416585,0.9634841104507036,0.9465207162977134,0.9376741742951613,0.9748730309928675,0.9319296443253828,0.8896758647821765,0.969776604215634,0.9821486084189531,0.9416510323606725],[0.9862130804551825,0.9815878429400996,0.9657008550165749,0.9748166825171511,0.9329196758062448,0.9999061802255991,0.9844461277174669,0.984586804399289,0.9831057862576292,0.9743330571026017,0.9697595043882997,0.9734953434311644,0.9698329717657125,0.9671841793654721,0.969893127218478,1.0,0.9874079703011395,0.9838584719995784,0.9037187747407794,0.8962492260584584,0.6228303764016937,0.9645157254422707,0.9066591819696544,0.0711405910365406,-0.18840797964934833,0.9402973061867811,0.8826725499864814,0.9641579741293077,0.9612533182985671,0.93391226150964,0.9575282373325247,0.9557281470412355,0.9473366672764912,0.9673046243408453,0.9800164669911412,0.9643769484668537],[0.9997352837917969,0.9975525527183008,0.9832559545133016,0.9958085180140497,0.9611912320954096,0.9874573686961657,0.9740744793280823,0.9846808260629155,0.9757631603070455,0.9956996164894322,0.9954988249023033,0.9956162741996862,0.9921116609334758,0.9930996229802209,0.995588296759102,0.9874079703011395,1.0,0.9850919974631727,0.9185592469985111,0.9362379021262128,0.5490880449039225,0.988263157767091,0.9232226208988438,-0.11417500435896225,0.43833424347317923,0.9170447086356224,0.8972472106055294,0.9679028712897495,0.9656594399759777,0.9479036398824117,0.9729404881713606,0.952108559829469,0.922797800303423,0.9768139333126479,0.9879097492065005,0.9640783613896513],[0.9870720959587944,0.9817157210501335,0.9495285022091511,0.9763683254784018,0.9167627802937199,0.9836062766830951,0.9564273055136883,0.9998885284260679,0.9835398601708747,0.9764571072511071,0.9722701863090846,0.9758200652750243,0.9619434368055257,0.9606022443065052,0.9724504578542958,0.9838584719995784,0.9850919974631727,1.0,0.9314891342201761,0.9370159465650513,0.6070832599966112,0.9608522868617738,0.9075929970670148,0.15930849845754025,-0.2816395154761807,0.9149839318641386,0.8586882513760178,0.9476586110270613,0.9796846846473063,0.9585719469881262,0.9660720080660672,0.9659907963546361,0.9373355805286895,0.9645472067824353,0.9595653799274793,0.9706630059083109],[0.8956345172075832,0.9144436836711565,0.8460899956329497,0.8760284530627704,0.8048978931076043,0.9007743522353943,0.8631406367775667,0.9286156569464141,0.9024221028228594,0.8777354423008161,0.8967450115082192,0.8849944187343644,0.8799129355850566,0.8636415312699264,0.8971414646538085,0.9037187747407794,0.9185592469985111,0.9314891342201761,1.0,0.8334042369443877,0.6850822299348727,0.8463655343904017,0.8072974968934568,0.24462169566052036,-0.16060644070084423,0.8613200084952198,0.7314413477929363,0.858025457712466,0.895397586610211,0.8629509777853351,0.85301730513369,0.8752356667904763,0.8614521220971393,0.8569011131115016,0.8729747274820494,0.8971917816426644],[0.9152346847090821,0.9053866297085791,0.8118142680067506,0.8945702831282017,0.7735982865401849,0.8723851692162722,0.792440762441776,0.9308600546265227,0.865200329362305,0.8958496849220854,0.9242457787993125,0.9127233737487903,0.9097707150442395,0.9199453062143905,0.9247286026077536,0.8962492260584584,0.9362379021262128,0.9370159465650513,0.8334042369443877,1.0,0.8191746510420607,0.8433884331929123,0.8658820218999764,0.6206389409502509,-0.5185591778654952,0.7243811590931697,0.8038036275641953,0.8169659585430928,0.9604373494795452,0.9391294116314519,0.8941717804753584,0.9482638882748781,0.9032600919388709,0.9000637424308386,0.8503670109761486,0.8878762556608105],[0.6686924385031322,0.691237754159798,0.527539716892104,0.6269228316523883,0.4712814759573975,0.6385167339635722,0.5263208529992738,0.6103452152482857,0.5261576041051018,0.6230306896788804,0.4867755856468603,0.5575080435984109,0.400186233582208,0.2536186807449497,0.4869328207705488,0.6228303764016937,0.5490880449039225,0.6070832599966112,0.6850822299348727,0.8191746510420607,1.0,0.558637904956995,0.6711986157096409,0.7233721023126084,-0.11596714994987213,0.5291585418797387,0.5510205776835252,0.5940701529481812,0.7636096058051266,0.6910525498750703,0.599547527877614,0.7263504554736802,0.7470506184373719,0.6458003545420078,0.6112567808347777,0.6655853915101057],[0.9842718884643723,0.9702768589776536,0.9923159567087297,0.9941102028627793,0.9843934274765577,0.9671419579056736,0.9584957811182332,0.9625935783890046,0.9679933782218918,0.9943060710290288,0.9973461778826587,0.9963804353622693,0.9908780545224393,0.9878800886452134,0.9971568276879821,0.9645157254422707,0.988263157767091,0.9608522868617738,0.8463655343904017,0.8433884331929123,0.558637904956995,1.0,0.921866860593331,0.23110499877339727,-0.26438604478520356,0.8730251684435741,0.9455334615968684,0.9663159749209685,0.921833339580076,0.9329862266868062,0.9743109281899115,0.9263816188952992,0.8859996269878732,0.9665939268727226,0.9608948751937307,0.9248931835619534],[0.9387447514559288,0.9228072832092235,0.9352378678970511,0.9432627094604304,0.9248869948509874,0.9118584655325358,0.9149322413511741,0.9040413358102944,0.9232696084934082,0.9433081824241105,0.9314344316765217,0.9409953178992896,0.9276224000728405,0.9218487268955932,0.9315105825475027,0.9066591819696544,0.9232226208988438,0.9075929970670148,0.8072974968934568,0.8658820218999764,0.6711986157096409,0.921866860593331,1.0,0.2743854468472585,-0.18399425043132256,0.7297506540997942,0.9081814283562604,0.9055168735502687,0.8984918055186232,0.8631157263100299,0.9403541649928018,0.8747671920954889,0.8409455178785942,0.9345941768081124,0.8939839679933278,0.8658949105021567],[0.3390027156366669,0.3380038802811311,0.164967157872857,0.303569262379193,0.1272501610701543,0.21993971906037818,0.08160948651722133,0.19623006876062307,0.05639352864158634,0.30845405305369,-0.17487521696913538,0.03707466412692244,-0.43061064903501345,-0.7519116246516151,-0.172592322843229,0.0711405910365406,-0.11417500435896225,0.15930849845754025,0.24462169566052036,0.6206389409502509,0.7233721023126084,0.23110499877339727,0.2743854468472585,1.0,-0.3794099659293449,0.24933656134273596,0.20480782236109302,0.15680049693058062,0.44654078594292523,0.43673569884645086,0.27586776717896133,0.460182688534852,0.3917985248493286,0.3083967391004769,0.22971033133254676,0.3496449082126599],[-0.28822466515930845,-0.22218751080238602,-0.2089387671769913,-0.2753028968293756,-0.19449136215089635,-0.21485139510781395,-0.15453769500801023,-0.304359092251789,-0.22719570449217028,-0.27478349654326034,0.4121577906984768,-0.17068336438055787,0.43072438578118677,0.40426202237868586,0.413955538322588,-0.18840797964934833,0.43833424347317923,-0.2816395154761807,-0.16060644070084423,-0.5185591778654952,-0.11596714994987213,-0.26438604478520356,-0.18399425043132256,-0.3794099659293449,1.0,-0.15494964789662416,-0.24478073604605435,-0.17965233393439187,-0.3819895228846695,-0.3698692630434828,-0.3051179933968419,-0.34018292683429385,-0.2091964065597308,-0.3345075964124866,-0.17944672580728688,-0.3098535373695551],[0.9013469943330287,0.8813407605985376,0.8772004118333464,0.8912807842636485,0.8378854671359502,0.9334657017502211,0.8951249279797632,0.9102991680802259,0.8890552157842735,0.8917645875959906,0.8864241069166064,0.9025205815743141,0.8649348329881783,0.8334627968268342,0.8871749124164903,0.9402973061867811,0.9170447086356224,0.9149839318641386,0.8613200084952198,0.7243811590931697,0.5291585418797387,0.8730251684435741,0.7297506540997942,0.24933656134273596,-0.15494964789662416,1.0,0.7679811011294888,0.891445069808552,0.8279173947985913,0.8709717400538053,0.836751885299004,0.8779313389385557,0.8714629355185174,0.8663872638256152,0.8737270099018245,0.9042016732237566],[0.9226224994982755,0.9181643311306683,0.9485580268681907,0.9376255801614672,0.9571852444494081,0.894913986465704,0.9009315650284779,0.8640182571189581,0.877986424255644,0.9360499107123911,0.9112144107176395,0.9233062923748329,0.917441545920344,0.9168641698143222,0.9100269036416585,0.8826725499864814,0.8972472106055294,0.8586882513760178,0.7314413477929363,0.8038036275641953,0.5510205776835252,0.9455334615968684,0.9081814283562604,0.20480782236109302,-0.24478073604605435,0.7679811011294888,1.0,0.8852459622695978,0.858406985435243,0.8539358183171492,0.9142805986494575,0.8488238222235014,0.8082427091905522,0.9052340115938541,0.8972592273596336,0.8537104091290958],[0.9625299640932585,0.9619521183270332,0.9653025316529573,0.9646314591112208,0.9444493903856913,0.966784073181524,0.962038869007968,0.9477724697174447,0.9673844728796974,0.9633013367136832,0.9637291257464582,0.9589176390101911,0.9620647842574087,0.9569978489313027,0.9634841104507036,0.9641579741293077,0.9679028712897495,0.9476586110270613,0.858025457712466,0.8169659585430928,0.5940701529481812,0.9663159749209685,0.9055168735502687,0.15680049693058062,-0.17965233393439187,0.891445069808552,0.8852459622695978,1.0,0.9127001483050207,0.8991362839575676,0.9486208425018214,0.8984994939181776,0.8883500897884624,0.9539400879022909,0.9751073611033049,0.90059293472398],[0.9729567976035172,0.9545442662446875,0.9042163488782134,0.9575524613010071,0.8653832001800599,0.9580417594048097,0.9013509744986237,0.9792281636425608,0.9379521213536461,0.9572561212241305,0.9464575963417161,0.9502006199313414,0.9232846940987433,0.9158094439788472,0.9465207162977134,0.9612533182985671,0.9656594399759777,0.9796846846473063,0.895397586610211,0.9604373494795452,0.7636096058051266,0.921833339580076,0.8984918055186232,0.44654078594292523,-0.3819895228846695,0.8279173947985913,0.858406985435243,0.9127001483050207,1.0,0.9867773581438464,0.956806148802853,0.990899302946926,0.9547049428920648,0.9590167526732317,0.9149788680594504,0.9682369885919475],[0.9635751638081242,0.9519377862120594,0.8992144467883021,0.9549117029809814,0.8680034525405002,0.9363875715530052,0.8747326570685906,0.9590790227035538,0.9097434117658695,0.9540918703139589,0.9372989462016209,0.9445446580209239,0.9047542306476951,0.8957384688525313,0.9376741742951613,0.93391226150964,0.9479036398824117,0.9585719469881262,0.8629509777853351,0.9391294116314519,0.6910525498750703,0.9329862266868062,0.8631157263100299,0.43673569884645086,-0.3698692630434828,0.8709717400538053,0.8539358183171492,0.8991362839575676,0.9867773581438464,1.0,0.9497073108985652,0.9849546353687343,0.9566204804612398,0.9424186513025345,0.9258406083215153,0.9651692440744869],[0.9805049169677243,0.9724535471622562,0.9665999584238817,0.9825505927904354,0.9501066108733339,0.9607782753502372,0.9441693611275902,0.9677229977265426,0.9644269462919174,0.9817474867327162,0.9748671256238396,0.9788355803662847,0.9610047386268258,0.9559199485997911,0.9748730309928675,0.9575282373325247,0.9729404881713606,0.9660720080660672,0.85301730513369,0.8941717804753584,0.599547527877614,0.9743109281899115,0.9403541649928018,0.27586776717896133,-0.3051179933968419,0.836751885299004,0.9142805986494575,0.9486208425018214,0.956806148802853,0.9497073108985652,1.0,0.9489850972859096,0.9072045001088397,0.9788214689362753,0.9662143625792192,0.9457722011803233],[0.9680315853877431,0.9547369640094968,0.9003525571305232,0.9528439833209753,0.8622325863324541,0.9545234643376126,0.896802389525299,0.9672184021277574,0.9254086938103021,0.9522431842032351,0.9315097423763842,0.9423880110421432,0.9052472445828512,0.9068085221691743,0.9319296443253828,0.9557281470412355,0.952108559829469,0.9659907963546361,0.8752356667904763,0.9482638882748781,0.7263504554736802,0.9263816188952992,0.8747671920954889,0.460182688534852,-0.34018292683429385,0.8779313389385557,0.8488238222235014,0.8984994939181776,0.990899302946926,0.9849546353687343,0.9489850972859096,1.0,0.9743586985558086,0.9473848103184572,0.9380062956626611,0.9652420852958802],[0.9357194903629619,0.9348170547914799,0.8706388718606897,0.9169512214358135,0.8250138429899586,0.9487592035217511,0.8977576679403468,0.9377266672823509,0.9032874157976655,0.9156269870321269,0.8893477439494096,0.9087534444382335,0.8504613740692296,0.8273100684835574,0.8896758647821765,0.9473366672764912,0.922797800303423,0.9373355805286895,0.8614521220971393,0.9032600919388709,0.7470506184373719,0.8859996269878732,0.8409455178785942,0.3917985248493286,-0.2091964065597308,0.8714629355185174,0.8082427091905522,0.8883500897884624,0.9547049428920648,0.9566204804612398,0.9072045001088397,0.9743586985558086,1.0,0.9068549675778258,0.9246294630175276,0.9529202117507024],[0.9832491843549526,0.974305694425129,0.9581484413780307,0.9790368255046149,0.9336260425860511,0.9653801821961772,0.9399335804693983,0.9653398658044106,0.9567608527977556,0.978323192499703,0.9699068024748349,0.9748810345099765,0.9638037409798684,0.9631642238421967,0.969776604215634,0.9673046243408453,0.9768139333126479,0.9645472067824353,0.8569011131115016,0.9000637424308386,0.6458003545420078,0.9665939268727226,0.9345941768081124,0.3083967391004769,-0.3345075964124866,0.8663872638256152,0.9052340115938541,0.9539400879022909,0.9590167526732317,0.9424186513025345,0.9788214689362753,0.9473848103184572,0.9068549675778258,1.0,0.9621425741085898,0.947625291719242],[0.9769823841954989,0.969014493976746,0.9699818030863182,0.9750624705911698,0.9469029160630449,0.9808216251338024,0.9717413321911655,0.9614758424280099,0.9752249148626057,0.9741432287437924,0.9821264266504544,0.9740297162950617,0.9769616754900479,0.9753110001829155,0.9821486084189531,0.9800164669911412,0.9879097492065005,0.9595653799274793,0.8729747274820494,0.8503670109761486,0.6112567808347777,0.9608948751937307,0.8939839679933278,0.22971033133254676,-0.17944672580728688,0.8737270099018245,0.8972592273596336,0.9751073611033049,0.9149788680594504,0.9258406083215153,0.9662143625792192,0.9380062956626611,0.9246294630175276,0.9621425741085898,1.0,0.9275425765672451],[0.9579552692967385,0.953172296734059,0.9135911644858751,0.946141420067362,0.8772666871997146,0.9604551834336673,0.9175986545526915,0.9696024655791436,0.9330082300400209,0.9448313221669006,0.9409661545306565,0.9478658580925573,0.9320670683641105,0.9284253418452253,0.9416510323606725,0.9643769484668537,0.9640783613896513,0.9706630059083109,0.8971917816426644,0.8878762556608105,0.6655853915101057,0.9248931835619534,0.8658949105021567,0.3496449082126599,-0.3098535373695551,0.9042016732237566,0.8537104091290958,0.90059293472398,0.9682369885919475,0.9651692440744869,0.9457722011803233,0.9652420852958802,0.9529202117507024,0.947625291719242,0.9275425765672451,1.0]],"x":["^TAIEX       \u81fa\u7063\u52a0\u6b0a\u5831\u916c\u6307\u6578","^TWII        \u81fa\u7063\u52a0\u6b0a\u6307\u6578","^TAIEXx2     \u81fa\u7063\u52a0\u6b0a\u5831\u916c\u6307\u6578_\u65e5\u6b632","^TAI50I      \u81fa\u706350\u5831\u916c\u6307\u6578","^TAI50Ix2    \u81fa\u706350\u5831\u916c\u6307\u6578_\u65e5\u6b632","^TAI100I     \u81fa\u7063\u4e2d\u578b100\u5831\u916c\u6307\u6578","^TAI100Ix2   \u81fa\u7063\u4e2d\u578b100\u5831\u916c\u6307\u6578_\u65e5\u6b632","^TAIDIVIDI   \u81fa\u7063\u9ad8\u80a1\u606f\u5831\u916c\u6307\u6578","^TAIDIVIDIx2 \u81fa\u7063\u9ad8\u80a1\u606f\u5831\u916c\u6307\u6578_\u65e5\u6b632","0050Fund     \u5143\u5927\u53f0\u7063\u5353\u8d8a50\u57fa\u91d1","006208Fund   \u5bcc\u90a6\u53f0\u7063\u91c6\u540950\u57fa\u91d1","0050         \u5143\u5927\u81fa\u706350","00631L       \u5143\u5927\u53f0\u706350\u6b632","00675L       \u5bcc\u90a6\u81fa\u7063\u52a0\u6b0a\u6b632","006208       \u5bcc\u90a6\u53f050","0051         \u5143\u5927\u4e2d\u578b100","006204       \u6c38\u8c50\u81fa\u7063\u52a0\u6b0a","0056         \u5143\u5927\u9ad8\u80a1\u606f","0056         \u5143\u5927\u9ad8\u80a1\u606f_\u80a1\u606f\u4e0d\u6295\u5165","2412         \u4e2d\u83ef\u96fb\u4fe1","2002         \u4e2d\u92fc","2330         \u53f0\u7a4d\u96fb","2317         \u9d3b\u6d77","6505         \u53f0\u5851\u77f3\u5316","3481         \u7fa4\u5275","2303         \u806f\u96fb","2308         \u53f0\u9054\u96fb","2454         \u806f\u767c\u79d1","2886         \u5146\u8c50\u91d1","2884         \u7389\u5c71\u91d1","2891         \u4e2d\u4fe1\u91d1","2892         \u7b2c\u4e00\u91d1","5880         \u5408\u5eab\u91d1","2881         \u5bcc\u90a6\u91d1","2885         \u5143\u5927\u91d1","2887         \u53f0\u65b0\u91d1"],"y":["^TAIEX       \u81fa\u7063\u52a0\u6b0a\u5831\u916c\u6307\u6578","^TWII        \u81fa\u7063\u52a0\u6b0a\u6307\u6578","^TAIEXx2     \u81fa\u7063\u52a0\u6b0a\u5831\u916c\u6307\u6578_\u65e5\u6b632","^TAI50I      \u81fa\u706350\u5831\u916c\u6307\u6578","^TAI50Ix2    \u81fa\u706350\u5831\u916c\u6307\u6578_\u65e5\u6b632","^TAI100I     \u81fa\u7063\u4e2d\u578b100\u5831\u916c\u6307\u6578","^TAI100Ix2   \u81fa\u7063\u4e2d\u578b100\u5831\u916c\u6307\u6578_\u65e5\u6b632","^TAIDIVIDI   \u81fa\u7063\u9ad8\u80a1\u606f\u5831\u916c\u6307\u6578","^TAIDIVIDIx2 \u81fa\u7063\u9ad8\u80a1\u606f\u5831\u916c\u6307\u6578_\u65e5\u6b632","0050Fund     \u5143\u5927\u53f0\u7063\u5353\u8d8a50\u57fa\u91d1","006208Fund   \u5bcc\u90a6\u53f0\u7063\u91c6\u540950\u57fa\u91d1","0050         \u5143\u5927\u81fa\u706350","00631L       \u5143\u5927\u53f0\u706350\u6b632","00675L       \u5bcc\u90a6\u81fa\u7063\u52a0\u6b0a\u6b632","006208       \u5bcc\u90a6\u53f050","0051         \u5143\u5927\u4e2d\u578b100","006204       \u6c38\u8c50\u81fa\u7063\u52a0\u6b0a","0056         \u5143\u5927\u9ad8\u80a1\u606f","0056         \u5143\u5927\u9ad8\u80a1\u606f_\u80a1\u606f\u4e0d\u6295\u5165","2412         \u4e2d\u83ef\u96fb\u4fe1","2002         \u4e2d\u92fc","2330         \u53f0\u7a4d\u96fb","2317         \u9d3b\u6d77","6505         \u53f0\u5851\u77f3\u5316","3481         \u7fa4\u5275","2303         \u806f\u96fb","2308         \u53f0\u9054\u96fb","2454         \u806f\u767c\u79d1","2886         \u5146\u8c50\u91d1","2884         \u7389\u5c71\u91d1","2891         \u4e2d\u4fe1\u91d1","2892         \u7b2c\u4e00\u91d1","5880         \u5408\u5eab\u91d1","2881         \u5bcc\u90a6\u91d1","2885         \u5143\u5927\u91d1","2887         \u53f0\u65b0\u91d1"],"zmin":-1,"zmax":1,"colorbar":{"x":-0.2}}],"layout":{"autotypenumbers":"strict","colorway":["#636efa","#EF553B","#00cc96","#ab63fa","#FFA15A","#19d3f3","#FF6692","#B6E880","#FF97FF","#FECB52"],"font":{"color":"#f2f5fa","family":"Courier New"},"hovermode":"closest","hoverlabel":{"align":"left"},"paper_bgcolor":"rgb(17,17,17)","plot_bgcolor":"rgb(17,17,17)","polar":{"bgcolor":"rgb(17,17,17)","angularaxis":{"gridcolor":"#506784","linecolor":"#506784","ticks":""},"radialaxis":{"gridcolor":"#506784","linecolor":"#506784","ticks":""}},"ternary":{"bgcolor":"rgb(17,17,17)","aaxis":{"gridcolor":"#506784","linecolor":"#506784","ticks":""},"baxis":{"gridcolor":"#506784","linecolor":"#506784","ticks":""},"caxis":{"gridcolor":"#506784","linecolor":"#506784","ticks":""}},"coloraxis":{"colorbar":{"outlinewidth":0,"ticks":""}},"colorscale":{"sequential":[[0.0,"#0d0887"],[0.1111111111111111,"#46039f"],[0.2222222222222222,"#7201a8"],[0.3333333333333333,"#9c179e"],[0.4444444444444444,"#bd3786"],[0.5555555555555556,"#d8576b"],[0.6666666666666666,"#ed7953"],[0.7777777777777778,"#fb9f3a"],[0.8888888888888888,"#fdca26"],[1.0,"#f0f921"]],"sequentialminus":[[0.0,"#0d0887"],[0.1111111111111111,"#46039f"],[0.2222222222222222,"#7201a8"],[0.3333333333333333,"#9c179e"],[0.4444444444444444,"#bd3786"],[0.5555555555555556,"#d8576b"],[0.6666666666666666,"#ed7953"],[0.7777777777777778,"#fb9f3a"],[0.8888888888888888,"#fdca26"],[1.0,"#f0f921"]],"diverging":[[0,"#8e0152"],[0.1,"#c51b7d"],[0.2,"#de77ae"],[0.3,"#f1b6da"],[0.4,"#fde0ef"],[0.5,"#f7f7f7"],[0.6,"#e6f5d0"],[0.7,"#b8e186"],[0.8,"#7fbc41"],[0.9,"#4d9221"],[1,"#276419"]]},"xaxis":{"gridcolor":"rgba(0, 0, 0, 0)","linecolor":"#506784","ticks":"","title":{"standoff":15},"zerolinecolor":"#283442","automargin":true,"zerolinewidth":2,"tickfont":{"family":"Courier New","size":14},"side":"top","tickangle":-90},"yaxis":{"gridcolor":"rgba(0, 0, 0, 0)","linecolor":"#506784","ticks":"","title":{"standoff":15},"zerolinecolor":"#283442","automargin":true,"zerolinewidth":2,"tickfont":{"family":"Courier New"},"side":"right"},"scene":{"xaxis":{"backgroundcolor":"rgb(17,17,17)","gridcolor":"#506784","linecolor":"#506784","showbackground":true,"ticks":"","zerolinecolor":"#C8D4E3","gridwidth":2},"yaxis":{"backgroundcolor":"rgb(17,17,17)","gridcolor":"#506784","linecolor":"#506784","showbackground":true,"ticks":"","zerolinecolor":"#C8D4E3","gridwidth":2},"zaxis":{"backgroundcolor":"rgb(17,17,17)","gridcolor":"#506784","linecolor":"#506784","showbackground":true,"ticks":"","zerolinecolor":"#C8D4E3","gridwidth":2}},"shapedefaults":{"line":{"color":"#f2f5fa"}},"annotationdefaults":{"arrowcolor":"#f2f5fa","arrowhead":0,"arrowwidth":1},"geo":{"bgcolor":"rgb(17,17,17)","landcolor":"rgb(17,17,17)","subunitcolor":"#506784","showland":true,"showlakes":true,"lakecolor":"rgb(17,17,17)"},"title":{"x":0.05,"font":{"family":"Times New Roman"},"y":0.05,"text":"<b>Correlation of Adj Close<b><br><i>2016-09-23 ~ 2026-01-27<i>"},"updatemenudefaults":{"bgcolor":"#506784","borderwidth":0},"sliderdefaults":{"bgcolor":"#C8D4E3","borderwidth":1,"bordercolor":"rgb(17,17,17)","tickwidth":0},"mapbox":{"style":"dark"},"annotations":[{"text":"<b>@zwindr<b>","textangle":0,"opacity":0.5,"font":{"color":"white","size":12},"xref":"paper","yref":"paper","xanchor":"left","yanchor":"bottom","x":1.0,"y":1.0,"showarrow":false}]},"config":{"responsive":true,"toImageButtonOptions":{"filename":"Correlation of Adj Close_2016-09-23~2026-01-27","scale":5}}};Plotly.newPlot("correlationAdjClose",correlationAdjClose.data,correlationAdjClose.layout||{},correlationAdjClose.config);}else{console.log("style display is none => correlationAdjClose");}