var element = document.getElementById("correlationClose");

if (element.style.display != 'none') {
    var correlationClose = {"data": [{"type": "heatmap", "z": [[1.0, 0.9999999999999981, 1.0, 0.995539026953255, 0.995539026953255, 0.9618304792017006, 0.9618304792017006, 0.8979549844333511, 0.8979549844333511, 0.9017681317940857, 0.994988901209499, 0.9211853609409385, 0.9927459204110973, 0.9923701334281638, 0.9949640790146681, 0.9720040030245712, 0.9988992484482018, 0.9259592183155838, 0.7838388750468348, -0.08739986694693344, 0.976895125432957, 0.07139023256158536, -0.018233450469043275, -0.25243944849613553, 0.8229437756442671, 0.9482634390416022, 0.9062159180137943, 0.9282432571350456, 0.7712459110579579, 0.4890543302342849, 0.6148929858440089, 0.6397158519927487, 0.9291476184758525, 0.8136649730441444, 0.16953037847542538], [0.9999999999999981, 1.0, 0.9999999999999982, 0.9954904126431143, 0.9954904126431143, 0.9611985982924187, 0.9611985982924187, 0.8991824050276727, 0.8991824050276727, 0.9022984405525168, 0.9949665629716969, 0.9205140830589128, 0.9924919113294646, 0.9918066615714212, 0.994932949201533, 0.971296333209686, 0.9989017928058228, 0.9264239976886464, 0.8042154808196025, 0.1204664847968258, 0.9679760846848624, -0.09577909861570956, -0.010796692825117618, -0.2527410943217679, 0.6479292485450038, 0.9483557307338313, 0.8786255682064025, 0.9227604490530306, 0.7841332725379685, 0.48053789527458546, 0.6118431470533292, 0.6671320048520736, 0.9262904808988285, 0.6617237644703966, 0.16581832055155676], [1.0, 0.9999999999999982, 1.0, 0.995539026953255, 0.995539026953255, 0.9618304792017006, 0.9618304792017006, 0.8979549844333511, 0.8979549844333511, 0.9017681317940857, 0.994988901209499, 0.9211853609409385, 0.9927459204110973, 0.9923701334281638, 0.9949640790146681, 0.9720040030245712, 0.9988992484482018, 0.9259592183155838, 0.7838388750468348, -0.08739986694693344, 0.976895125432957, 0.07139023256158536, -0.018233450469043275, -0.25243944849613553, 0.8229437756442671, 0.9482634390416022, 0.9062159180137943, 0.9282432571350456, 0.7712459110579579, 0.4890543302342849, 0.6148929858440089, 0.6397158519927487, 0.9291476184758525, 0.8136649730441444, 0.16953037847542538], [0.995539026953255, 0.9954904126431143, 0.995539026953255, 1.0, 1.0, 0.948777383283914, 0.948777383283914, 0.8838235887625955, 0.8838235887625955, 0.8914196995051906, 0.9994726588773228, 0.9135278240443395, 0.9884494965179677, 0.9842821380242286, 0.9994145727995306, 0.954503413117069, 0.9947963377050753, 0.9066864593245527, 0.7630028530911434, -0.0933775010091667, 0.9888275274602657, 0.09180608201068453, -0.050087764800391454, -0.25575850022683044, 0.8222655501830487, 0.9418061408400434, 0.9113291186881611, 0.9175618265857138, 0.7825639227385006, 0.5160615404622361, 0.6094242214391892, 0.6137392939748179, 0.9224080935114577, 0.8035378438553875, 0.18172859584473058], [0.995539026953255, 0.9954904126431143, 0.995539026953255, 1.0, 1.0, 0.948777383283914, 0.948777383283914, 0.8838235887625955, 0.8838235887625955, 0.8914196995051906, 0.9994726588773228, 0.9135278240443395, 0.9884494965179677, 0.9842821380242286, 0.9994145727995306, 0.954503413117069, 0.9947963377050753, 0.9066864593245527, 0.7630028530911434, -0.0933775010091667, 0.9888275274602657, 0.09180608201068453, -0.050087764800391454, -0.25575850022683044, 0.8222655501830487, 0.9418061408400434, 0.9113291186881611, 0.9175618265857138, 0.7825639227385006, 0.5160615404622361, 0.6094242214391892, 0.6137392939748179, 0.9224080935114577, 0.8035378438553875, 0.18172859584473058], [0.9618304792017006, 0.9611985982924187, 0.9618304792017006, 0.948777383283914, 0.948777383283914, 1.0, 1.0, 0.9245255221061303, 0.9245255221061303, 0.8763862095547748, 0.951755534780601, 0.890214382026358, 0.9762537852228835, 0.9749060472630142, 0.9514361970836565, 0.998994708296451, 0.9722706168340545, 0.9196459851538896, 0.6286541009098329, -0.031339174318785835, 0.9332731460467077, 0.25155640817991237, -0.22051295502133858, -0.10824918463410521, 0.8938512353458736, 0.9073441572471697, 0.9256946445768051, 0.8962499965504622, 0.7299655837229145, 0.710706400270355, 0.7262728202033188, 0.715280764856515, 0.8479095564212824, 0.8479163380113061, 0.4602344221234041], [0.9618304792017006, 0.9611985982924187, 0.9618304792017006, 0.948777383283914, 0.948777383283914, 1.0, 1.0, 0.9245255221061303, 0.9245255221061303, 0.8763862095547748, 0.951755534780601, 0.890214382026358, 0.9762537852228835, 0.9749060472630142, 0.9514361970836565, 0.998994708296451, 0.9722706168340545, 0.9196459851538896, 0.6286541009098329, -0.031339174318785835, 0.9332731460467077, 0.25155640817991237, -0.22051295502133858, -0.10824918463410521, 0.8938512353458736, 0.9073441572471697, 0.9256946445768051, 0.8962499965504622, 0.7299655837229145, 0.710706400270355, 0.7262728202033188, 0.715280764856515, 0.8479095564212824, 0.8479163380113061, 0.4602344221234041], [0.8979549844333511, 0.8991824050276727, 0.8979549844333511, 0.8838235887625955, 0.8838235887625955, 0.9245255221061303, 0.9245255221061303, 1.0, 1.0, 0.8567265370479697, 0.9386906162250925, 0.8544325694256857, 0.9474925307294266, 0.942635784753957, 0.9383694873282564, 0.9253579715466035, 0.9408616953067768, 0.9725500333685839, 0.5643311275373445, 0.08916329815245146, 0.8412553922393664, 0.502955248260892, -0.24543736706975566, 0.03284754852787923, 0.7847262412678776, 0.801138692033818, 0.8628860447202589, 0.8429257295914224, 0.7428224325784094, 0.8694289414480161, 0.7697098792066945, 0.7198152158785832, 0.7735696267573301, 0.835574446933403, 0.7989966797901193], [0.8979549844333511, 0.8991824050276727, 0.8979549844333511, 0.8838235887625955, 0.8838235887625955, 0.9245255221061303, 0.9245255221061303, 1.0, 1.0, 0.8567265370479697, 0.9386906162250925, 0.8544325694256857, 0.9474925307294266, 0.942635784753957, 0.9383694873282564, 0.9253579715466035, 0.9408616953067768, 0.9725500333685839, 0.5643311275373445, 0.08916329815245146, 0.8412553922393664, 0.502955248260892, -0.24543736706975566, 0.03284754852787923, 0.7847262412678776, 0.801138692033818, 0.8628860447202589, 0.8429257295914224, 0.7428224325784094, 0.8694289414480161, 0.7697098792066945, 0.7198152158785832, 0.7735696267573301, 0.835574446933403, 0.7989966797901193], [0.9017681317940857, 0.9022984405525168, 0.9017681317940857, 0.8914196995051906, 0.8914196995051906, 0.8763862095547748, 0.8763862095547748, 0.8567265370479697, 0.8567265370479697, 1.0, 0.886393126999255, 0.9999757785526494, 0.8653264574173971, 0.8274667433661581, 0.8877250154966684, 0.8784807239249359, 0.8983778978824859, 0.8826370802077548, 0.7568780773921977, 0.23687649922834203, 0.8786907405194467, 0.7386706598090885, -0.2967190375879086, 0.3966628872848901, 0.8491074011089507, 0.7636588478596325, 0.8534995285863485, 0.836674720128985, 0.7294070098529646, 0.7295114418807175, 0.8010074423153307, 0.7838030779878833, 0.8162056079004504, 0.8598380827650193, 0.7670696965351931], [0.994988901209499, 0.9949665629716969, 0.994988901209499, 0.9994726588773228, 0.9994726588773228, 0.951755534780601, 0.951755534780601, 0.9386906162250925, 0.9386906162250925, 0.886393126999255, 1.0, 0.8861679350018339, 0.9881612969870808, 0.9845159548649312, 0.9999147810169895, 0.9521012417512728, 0.9938728304093857, 0.9240350134912757, 0.8447190953299719, 0.14643525482919076, 0.9956752780394797, 0.8531495914173092, -0.434948040486209, 0.3616971765026681, 0.8615498351339069, 0.9147696676886411, 0.9415043076221432, 0.9132319276659461, 0.8058507684668177, 0.8936946489463912, 0.8727368472169317, 0.813157952217781, 0.8966687345492786, 0.9424488745952143, 0.7789774380087678], [0.9211853609409385, 0.9205140830589128, 0.9211853609409385, 0.9135278240443395, 0.9135278240443395, 0.890214382026358, 0.890214382026358, 0.8544325694256857, 0.8544325694256857, 0.9999757785526494, 0.8861679350018339, 1.0, 0.862882533865772, 0.8242658158690795, 0.8856206485256222, 0.8909772810275594, 0.9022525785962201, 0.8777342516089921, 0.7048054642948216, 0.004911395141922676, 0.898699865863862, 0.5782205129502088, -0.21513660267752216, -0.2364496762977792, 0.8580684605940941, 0.810951003687872, 0.8343525343811502, 0.8564698243085703, 0.7728281672829115, 0.730568457149714, 0.7743013105275607, 0.7123941157148592, 0.8513763813080353, 0.752294849397801, 0.7279372714705309], [0.9927459204110973, 0.9924919113294646, 0.9927459204110973, 0.9884494965179677, 0.9884494965179677, 0.9762537852228835, 0.9762537852228835, 0.9474925307294266, 0.9474925307294266, 0.8653264574173971, 0.9881612969870808, 0.862882533865772, 1.0, 0.9996930146078258, 0.9881123222199832, 0.974484101846815, 0.9899397316605938, 0.9197558711981123, 0.8133204258312188, 0.18387963426975457, 0.9857649572295416, 0.8772797002030401, -0.6180005921101622, 0.43881439569341124, 0.8421437739551558, 0.9268892699672768, 0.9580469236965581, 0.907923482279341, 0.7307679249907311, 0.8939917673561112, 0.853148523971181, 0.8044057811911849, 0.8781931321653411, 0.962856866520069, 0.8141574377339639], [0.9923701334281638, 0.9918066615714212, 0.9923701334281638, 0.9842821380242286, 0.9842821380242286, 0.9749060472630142, 0.9749060472630142, 0.942635784753957, 0.942635784753957, 0.8274667433661581, 0.9845159548649312, 0.8242658158690795, 0.9996930146078258, 1.0, 0.9846347173917583, 0.9720615882919666, 0.9882598468867966, 0.907010276599731, 0.8319503995778826, 0.06281863498995607, 0.9800977971948219, 0.8861147167952628, -0.8250018557297628, 0.48516332919426763, 0.7987211931713577, 0.932171238734151, 0.9557526012095869, 0.8945064599795495, 0.6480412795312068, 0.9043234726775666, 0.8402087974273024, 0.7553698772842429, 0.9105174894043832, 0.965137221767941, 0.7827409223945495], [0.9949640790146681, 0.994932949201533, 0.9949640790146681, 0.9994145727995306, 0.9994145727995306, 0.9514361970836565, 0.9514361970836565, 0.9383694873282564, 0.9383694873282564, 0.8877250154966684, 0.9999147810169895, 0.8856206485256222, 0.9881123222199832, 0.9846347173917583, 1.0, 0.9519243733070933, 0.9938728935071705, 0.924193500368926, 0.8459888215735153, 0.14565924043269282, 0.9955530614520061, 0.8527050835055586, -0.4324899010486296, 0.36038943483588204, 0.8613154571317625, 0.9128486543944756, 0.9405051309444045, 0.9137364398327368, 0.8073937051253901, 0.8931974558999252, 0.8739209957092792, 0.8140726453950193, 0.8965169326977048, 0.9422468544172412, 0.7787658834871591], [0.9720040030245712, 0.971296333209686, 0.9720040030245712, 0.954503413117069, 0.954503413117069, 0.998994708296451, 0.998994708296451, 0.9253579715466035, 0.9253579715466035, 0.8784807239249359, 0.9521012417512728, 0.8909772810275594, 0.974484101846815, 0.9720615882919666, 0.9519243733070933, 1.0, 0.9738536291903482, 0.9192933703779026, 0.6775449709264876, -0.012666833714312105, 0.9439100745802478, 0.5817250417865025, -0.35411238761568425, -0.16167307295581151, 0.9065461972178234, 0.91729126170529, 0.9211510967494484, 0.9045056737078018, 0.770154571465832, 0.8356476237370479, 0.7761098391663485, 0.7727372910273487, 0.8717028473127935, 0.8450287501208089, 0.7871103474188146], [0.9988992484482018, 0.9989017928058228, 0.9988992484482018, 0.9947963377050753, 0.9947963377050753, 0.9722706168340545, 0.9722706168340545, 0.9408616953067768, 0.9408616953067768, 0.8983778978824859, 0.9938728304093857, 0.9022525785962201, 0.9899397316605938, 0.9882598468867966, 0.9938728935071705, 0.9738536291903482, 1.0, 0.9409495166038686, 0.8510660636662604, 0.146311636662834, 0.9869106395077463, 0.8228024001388543, -0.4157073257729259, 0.3743899184951687, 0.8958169483726768, 0.9266778192352898, 0.9455063329214739, 0.9376870302039549, 0.826213642446352, 0.8819643023690751, 0.8993892600066914, 0.8438767153243146, 0.9086075738384504, 0.9473290393402249, 0.8351182062577136], [0.9259592183155838, 0.9264239976886464, 0.9259592183155838, 0.9066864593245527, 0.9066864593245527, 0.9196459851538896, 0.9196459851538896, 0.9725500333685839, 0.9725500333685839, 0.8826370802077548, 0.9240350134912757, 0.8777342516089921, 0.9197558711981123, 0.907010276599731, 0.924193500368926, 0.9192933703779026, 0.9409495166038686, 1.0, 0.7299523677295254, 0.010206023309578751, 0.8697114299772115, 0.5132490079231457, -0.13968011161882268, -0.2023918645960559, 0.8231281250532314, 0.8277100170186773, 0.8296094387026589, 0.9125079128656407, 0.8307257466950819, 0.7964828579851566, 0.7440703854481531, 0.7020943545206823, 0.8376627101837385, 0.7657063098809986, 0.8466605038336423], [0.7838388750468348, 0.8042154808196025, 0.7838388750468348, 0.7630028530911434, 0.7630028530911434, 0.6286541009098329, 0.6286541009098329, 0.5643311275373445, 0.5643311275373445, 0.7568780773921977, 0.8447190953299719, 0.7048054642948216, 0.8133204258312188, 0.8319503995778826, 0.8459888215735153, 0.6775449709264876, 0.8510660636662604, 0.7299523677295254, 1.0, 0.05670717104911749, 0.7256271750354799, -0.4293232622429162, 0.37513456523792377, -0.6612447736346356, 0.33581046070917137, 0.7952760765701853, 0.48731968690994854, 0.8306598379978378, 0.6829233788815753, 0.0510873152685532, 0.28226584534281735, 0.5589474258565958, 0.777138441779634, 0.454168187872694, -0.16902594408921162], [-0.08739986694693344, 0.1204664847968258, -0.08739986694693344, -0.0933775010091667, -0.0933775010091667, -0.031339174318785835, -0.031339174318785835, 0.08916329815245146, 0.08916329815245146, 0.23687649922834203, 0.14643525482919076, 0.004911395141922676, 0.18387963426975457, 0.06281863498995607, 0.14565924043269282, -0.012666833714312105, 0.146311636662834, 0.010206023309578751, 0.05670717104911749, 1.0, -0.053701245415840225, 0.13347502297040212, 0.12377007083968843, 0.7521612445189559, -0.07884132244385159, 0.03215350044969773, 0.027375097600268954, 0.19326301296442996, 0.03193400251070208, 0.10918215047104886, 0.38003023269833486, 0.5861538829307507, -0.08581866935597236, 0.13972030697802476, 0.17215049450139125], [0.976895125432957, 0.9679760846848624, 0.976895125432957, 0.9888275274602657, 0.9888275274602657, 0.9332731460467077, 0.9332731460467077, 0.8412553922393664, 0.8412553922393664, 0.8786907405194467, 0.9956752780394797, 0.898699865863862, 0.9857649572295416, 0.9800977971948219, 0.9955530614520061, 0.9439100745802478, 0.9869106395077463, 0.8697114299772115, 0.7256271750354799, -0.053701245415840225, 1.0, 0.0012292864924222564, -0.11347146269042406, -0.31424775639882413, 0.6844590076447851, 0.9255798309898295, 0.8952221941261915, 0.8602824272403341, 0.7514833683666702, 0.5134833485162363, 0.5733002136624661, 0.5414157425268241, 0.9009422310812818, 0.639371464744137, 0.16032596168723065], [0.07139023256158536, -0.09577909861570956, 0.07139023256158536, 0.09180608201068453, 0.09180608201068453, 0.25155640817991237, 0.25155640817991237, 0.502955248260892, 0.502955248260892, 0.7386706598090885, 0.8531495914173092, 0.5782205129502088, 0.8772797002030401, 0.8861147167952628, 0.8527050835055586, 0.5817250417865025, 0.8228024001388543, 0.5132490079231457, -0.4293232622429162, 0.13347502297040212, 0.0012292864924222564, 1.0, -0.42800155481128754, 0.7707162554751976, 0.3627104871544112, -0.04222848507780542, 0.25802338020903526, -0.1532171213918399, 0.024895376024248326, 0.5615261442521319, 0.44985675834345284, 0.18203028729567736, -0.07507582042952705, 0.35806123824629593, 0.463539203621247], [-0.018233450469043275, -0.010796692825117618, -0.018233450469043275, -0.050087764800391454, -0.050087764800391454, -0.22051295502133858, -0.22051295502133858, -0.24543736706975566, -0.24543736706975566, -0.2967190375879086, -0.434948040486209, -0.21513660267752216, -0.6180005921101622, -0.8250018557297628, -0.4324899010486296, -0.35411238761568425, -0.4157073257729259, -0.13968011161882268, 0.37513456523792377, 0.12377007083968843, -0.11347146269042406, -0.42800155481128754, 1.0, -0.044147999707202436, -0.13410292551764882, -0.06562543130070597, -0.2531538562635744, 0.01070142902909158, -0.025833642987641226, -0.539682346550569, -0.1620807118263087, 9.331744257115687e-05, 0.020279900485841842, -0.16423535806679593, -0.40070966781220674], [-0.25243944849613553, -0.2527410943217679, -0.25243944849613553, -0.25575850022683044, -0.25575850022683044, -0.10824918463410521, -0.10824918463410521, 0.03284754852787923, 0.03284754852787923, 0.3966628872848901, 0.3616971765026681, -0.2364496762977792, 0.43881439569341124, 0.48516332919426763, 0.36038943483588204, -0.16167307295581151, 0.3743899184951687, -0.2023918645960559, -0.6612447736346356, 0.7521612445189559, -0.31424775639882413, 0.7707162554751976, -0.044147999707202436, 1.0, -0.09983358954508152, -0.29739266038043494, -0.053107605846974125, -0.3503091435450852, -0.3273870633198109, 0.10079082005509848, 0.177281955046128, 0.2714000682200364, -0.38267708747044965, 0.1371556146562536, 0.10327969362470522], [0.8229437756442671, 0.6479292485450038, 0.8229437756442671, 0.8222655501830487, 0.8222655501830487, 0.8938512353458736, 0.8938512353458736, 0.7847262412678776, 0.7847262412678776, 0.8491074011089507, 0.8615498351339069, 0.8580684605940941, 0.8421437739551558, 0.7987211931713577, 0.8613154571317625, 0.9065461972178234, 0.8958169483726768, 0.8231281250532314, 0.33581046070917137, -0.07884132244385159, 0.6844590076447851, 0.3627104871544112, -0.13410292551764882, -0.09983358954508152, 1.0, 0.6076333064356672, 0.8422870597200616, 0.48176713195502585, 0.6162230593494118, 0.5315912852295485, 0.6468920620726113, 0.41718908289337925, 0.6974741323803576, 0.6987719659718795, 0.4104521275544579], [0.9482634390416022, 0.9483557307338313, 0.9482634390416022, 0.9418061408400434, 0.9418061408400434, 0.9073441572471697, 0.9073441572471697, 0.801138692033818, 0.801138692033818, 0.7636588478596325, 0.9147696676886411, 0.810951003687872, 0.9268892699672768, 0.932171238734151, 0.9128486543944756, 0.91729126170529, 0.9266778192352898, 0.8277100170186773, 0.7952760765701853, 0.03215350044969773, 0.9255798309898295, -0.04222848507780542, -0.06562543130070597, -0.29739266038043494, 0.6076333064356672, 1.0, 0.8318158118522834, 0.8554853218959334, 0.7098159062563766, 0.3708023549239278, 0.49576239363310504, 0.5958666883565057, 0.8980254220268852, 0.6239828792898072, 0.06103353776972113], [0.9062159180137943, 0.8786255682064025, 0.9062159180137943, 0.9113291186881611, 0.9113291186881611, 0.9256946445768051, 0.9256946445768051, 0.8628860447202589, 0.8628860447202589, 0.8534995285863485, 0.9415043076221432, 0.8343525343811502, 0.9580469236965581, 0.9557526012095869, 0.9405051309444045, 0.9211510967494484, 0.9455063329214739, 0.8296094387026589, 0.48731968690994854, 0.027375097600268954, 0.8952221941261915, 0.25802338020903526, -0.2531538562635744, -0.053107605846974125, 0.8422870597200616, 0.8318158118522834, 1.0, 0.7366753420564092, 0.5868024261710996, 0.5513242873163356, 0.5789086588513422, 0.5297694811317711, 0.8029290962651543, 0.8188257824648552, 0.20662779731341527], [0.9282432571350456, 0.9227604490530306, 0.9282432571350456, 0.9175618265857138, 0.9175618265857138, 0.8962499965504622, 0.8962499965504622, 0.8429257295914224, 0.8429257295914224, 0.836674720128985, 0.9132319276659461, 0.8564698243085703, 0.907923482279341, 0.8945064599795495, 0.9137364398327368, 0.9045056737078018, 0.9376870302039549, 0.9125079128656407, 0.8306598379978378, 0.19326301296442996, 0.8602824272403341, -0.1532171213918399, 0.01070142902909158, -0.3503091435450852, 0.48176713195502585, 0.8554853218959334, 0.7366753420564092, 1.0, 0.9019658466566688, 0.5093867215884698, 0.6724068517930527, 0.664132248867714, 0.8719759893155232, 0.47876404216357754, 0.2896580280333636], [0.7712459110579579, 0.7841332725379685, 0.7712459110579579, 0.7825639227385006, 0.7825639227385006, 0.7299655837229145, 0.7299655837229145, 0.7428224325784094, 0.7428224325784094, 0.7294070098529646, 0.8058507684668177, 0.7728281672829115, 0.7307679249907311, 0.6480412795312068, 0.8073937051253901, 0.770154571465832, 0.826213642446352, 0.8307257466950819, 0.6829233788815753, 0.03193400251070208, 0.7514833683666702, 0.024895376024248326, -0.025833642987641226, -0.3273870633198109, 0.6162230593494118, 0.7098159062563766, 0.5868024261710996, 0.9019658466566688, 1.0, 0.5518976785402014, 0.6546850992627289, 0.605006217999911, 0.7170697823792449, 0.5608743040116584, 0.46971278801266175], [0.4890543302342849, 0.48053789527458546, 0.4890543302342849, 0.5160615404622361, 0.5160615404622361, 0.710706400270355, 0.710706400270355, 0.8694289414480161, 0.8694289414480161, 0.7295114418807175, 0.8936946489463912, 0.730568457149714, 0.8939917673561112, 0.9043234726775666, 0.8931974558999252, 0.8356476237370479, 0.8819643023690751, 0.7964828579851566, 0.0510873152685532, 0.10918215047104886, 0.5134833485162363, 0.5615261442521319, -0.539682346550569, 0.10079082005509848, 0.5315912852295485, 0.3708023549239278, 0.5513242873163356, 0.5093867215884698, 0.5518976785402014, 1.0, 0.7339200848243145, 0.37103845909597377, 0.44510746983518906, 0.5359289154317903, 0.7802529091459869], [0.6148929858440089, 0.6118431470533292, 0.6148929858440089, 0.6094242214391892, 0.6094242214391892, 0.7262728202033188, 0.7262728202033188, 0.7697098792066945, 0.7697098792066945, 0.8010074423153307, 0.8727368472169317, 0.7743013105275607, 0.853148523971181, 0.8402087974273024, 0.8739209957092792, 0.7761098391663485, 0.8993892600066914, 0.7440703854481531, 0.28226584534281735, 0.38003023269833486, 0.5733002136624661, 0.44985675834345284, -0.1620807118263087, 0.177281955046128, 0.6468920620726113, 0.49576239363310504, 0.5789086588513422, 0.6724068517930527, 0.6546850992627289, 0.7339200848243145, 1.0, 0.7778920287775384, 0.46962460859139354, 0.7160775597996802, 0.5471014538861975], [0.6397158519927487, 0.6671320048520736, 0.6397158519927487, 0.6137392939748179, 0.6137392939748179, 0.715280764856515, 0.715280764856515, 0.7198152158785832, 0.7198152158785832, 0.7838030779878833, 0.813157952217781, 0.7123941157148592, 0.8044057811911849, 0.7553698772842429, 0.8140726453950193, 0.7727372910273487, 0.8438767153243146, 0.7020943545206823, 0.5589474258565958, 0.5861538829307507, 0.5414157425268241, 0.18203028729567736, 9.331744257115687e-05, 0.2714000682200364, 0.41718908289337925, 0.5958666883565057, 0.5297694811317711, 0.664132248867714, 0.605006217999911, 0.37103845909597377, 0.7778920287775384, 1.0, 0.4855408547162046, 0.6646101059503671, 0.19539786713770085], [0.9291476184758525, 0.9262904808988285, 0.9291476184758525, 0.9224080935114577, 0.9224080935114577, 0.8479095564212824, 0.8479095564212824, 0.7735696267573301, 0.7735696267573301, 0.8162056079004504, 0.8966687345492786, 0.8513763813080353, 0.8781931321653411, 0.9105174894043832, 0.8965169326977048, 0.8717028473127935, 0.9086075738384504, 0.8376627101837385, 0.777138441779634, -0.08581866935597236, 0.9009422310812818, -0.07507582042952705, 0.020279900485841842, -0.38267708747044965, 0.6974741323803576, 0.8980254220268852, 0.8029290962651543, 0.8719759893155232, 0.7170697823792449, 0.44510746983518906, 0.46962460859139354, 0.4855408547162046, 1.0, 0.7101942788739872, 0.15805744179012812], [0.8136649730441444, 0.6617237644703966, 0.8136649730441444, 0.8035378438553875, 0.8035378438553875, 0.8479163380113061, 0.8479163380113061, 0.835574446933403, 0.835574446933403, 0.8598380827650193, 0.9424488745952143, 0.752294849397801, 0.962856866520069, 0.965137221767941, 0.9422468544172412, 0.8450287501208089, 0.9473290393402249, 0.7657063098809986, 0.454168187872694, 0.13972030697802476, 0.639371464744137, 0.35806123824629593, -0.16423535806679593, 0.1371556146562536, 0.6987719659718795, 0.6239828792898072, 0.8188257824648552, 0.47876404216357754, 0.5608743040116584, 0.5359289154317903, 0.7160775597996802, 0.6646101059503671, 0.7101942788739872, 1.0, 0.16699378136649265], [0.16953037847542538, 0.16581832055155676, 0.16953037847542538, 0.18172859584473058, 0.18172859584473058, 0.4602344221234041, 0.4602344221234041, 0.7989966797901193, 0.7989966797901193, 0.7670696965351931, 0.7789774380087678, 0.7279372714705309, 0.8141574377339639, 0.7827409223945495, 0.7787658834871591, 0.7871103474188146, 0.8351182062577136, 0.8466605038336423, -0.16902594408921162, 0.17215049450139125, 0.16032596168723065, 0.463539203621247, -0.40070966781220674, 0.10327969362470522, 0.4104521275544579, 0.06103353776972113, 0.20662779731341527, 0.2896580280333636, 0.46971278801266175, 0.7802529091459869, 0.5471014538861975, 0.19539786713770085, 0.15805744179012812, 0.16699378136649265, 1.0]], "x": ["^TAIEX       \u81fa\u7063\u52a0\u6b0a\u5831\u916c\u6307\u6578", "^TWII        \u81fa\u7063\u52a0\u6b0a\u6307\u6578", "^TAIEXx2     \u81fa\u7063\u52a0\u6b0a\u5831\u916c\u6307\u6578_\u65e5\u6b632", "^TAI50I      \u81fa\u706350\u5831\u916c\u6307\u6578", "^TAI50Ix2    \u81fa\u706350\u5831\u916c\u6307\u6578_\u65e5\u6b632", "^TAI100I     \u81fa\u7063\u4e2d\u578b100\u5831\u916c\u6307\u6578", "^TAI100Ix2   \u81fa\u7063\u4e2d\u578b100\u5831\u916c\u6307\u6578_\u65e5\u6b632", "^TAIDIVIDI   \u81fa\u7063\u9ad8\u80a1\u606f\u5831\u916c\u6307\u6578", "^TAIDIVIDIx2 \u81fa\u7063\u9ad8\u80a1\u606f\u5831\u916c\u6307\u6578_\u65e5\u6b632", "0050Fund     \u5143\u5927\u53f0\u7063\u5353\u8d8a50\u57fa\u91d1", "006208Fund   \u5bcc\u90a6\u53f0\u7063\u91c6\u540950\u57fa\u91d1", "0050         \u5143\u5927\u81fa\u706350", "00631L       \u5143\u5927\u53f0\u706350\u6b632", "00675L       \u5bcc\u90a6\u81fa\u7063\u52a0\u6b0a\u6b632", "006208       \u5bcc\u90a6\u53f050", "0051         \u5143\u5927\u4e2d\u578b100", "006204       \u6c38\u8c50\u81fa\u7063\u52a0\u6b0a", "0056         \u5143\u5927\u9ad8\u80a1\u606f", "2412         \u4e2d\u83ef\u96fb\u4fe1", "2002         \u4e2d\u92fc", "2330         \u53f0\u7a4d\u96fb", "2317         \u9d3b\u6d77", "6505         \u53f0\u5851\u77f3\u5316", "3481         \u7fa4\u5275", "2303         \u806f\u96fb", "2308         \u53f0\u9054\u96fb", "2454         \u806f\u767c\u79d1", "2886         \u5146\u8c50\u91d1", "2884         \u7389\u5c71\u91d1", "2891         \u4e2d\u4fe1\u91d1", "2892         \u7b2c\u4e00\u91d1", "5880         \u5408\u5eab\u91d1", "2881         \u5bcc\u90a6\u91d1", "2885         \u5143\u5927\u91d1", "2887         \u53f0\u65b0\u91d1"], "y": ["^TAIEX       \u81fa\u7063\u52a0\u6b0a\u5831\u916c\u6307\u6578", "^TWII        \u81fa\u7063\u52a0\u6b0a\u6307\u6578", "^TAIEXx2     \u81fa\u7063\u52a0\u6b0a\u5831\u916c\u6307\u6578_\u65e5\u6b632", "^TAI50I      \u81fa\u706350\u5831\u916c\u6307\u6578", "^TAI50Ix2    \u81fa\u706350\u5831\u916c\u6307\u6578_\u65e5\u6b632", "^TAI100I     \u81fa\u7063\u4e2d\u578b100\u5831\u916c\u6307\u6578", "^TAI100Ix2   \u81fa\u7063\u4e2d\u578b100\u5831\u916c\u6307\u6578_\u65e5\u6b632", "^TAIDIVIDI   \u81fa\u7063\u9ad8\u80a1\u606f\u5831\u916c\u6307\u6578", "^TAIDIVIDIx2 \u81fa\u7063\u9ad8\u80a1\u606f\u5831\u916c\u6307\u6578_\u65e5\u6b632", "0050Fund     \u5143\u5927\u53f0\u7063\u5353\u8d8a50\u57fa\u91d1", "006208Fund   \u5bcc\u90a6\u53f0\u7063\u91c6\u540950\u57fa\u91d1", "0050         \u5143\u5927\u81fa\u706350", "00631L       \u5143\u5927\u53f0\u706350\u6b632", "00675L       \u5bcc\u90a6\u81fa\u7063\u52a0\u6b0a\u6b632", "006208       \u5bcc\u90a6\u53f050", "0051         \u5143\u5927\u4e2d\u578b100", "006204       \u6c38\u8c50\u81fa\u7063\u52a0\u6b0a", "0056         \u5143\u5927\u9ad8\u80a1\u606f", "2412         \u4e2d\u83ef\u96fb\u4fe1", "2002         \u4e2d\u92fc", "2330         \u53f0\u7a4d\u96fb", "2317         \u9d3b\u6d77", "6505         \u53f0\u5851\u77f3\u5316", "3481         \u7fa4\u5275", "2303         \u806f\u96fb", "2308         \u53f0\u9054\u96fb", "2454         \u806f\u767c\u79d1", "2886         \u5146\u8c50\u91d1", "2884         \u7389\u5c71\u91d1", "2891         \u4e2d\u4fe1\u91d1", "2892         \u7b2c\u4e00\u91d1", "5880         \u5408\u5eab\u91d1", "2881         \u5bcc\u90a6\u91d1", "2885         \u5143\u5927\u91d1", "2887         \u53f0\u65b0\u91d1"], "zmin": -1, "zmax": 1, "colorbar": {"x": -0.2}}], "layout": {"autotypenumbers": "strict", "colorway": ["#636efa", "#EF553B", "#00cc96", "#ab63fa", "#FFA15A", "#19d3f3", "#FF6692", "#B6E880", "#FF97FF", "#FECB52"], "font": {"color": "#f2f5fa", "family": "Courier New"}, "hovermode": "closest", "hoverlabel": {"align": "left"}, "paper_bgcolor": "rgb(17,17,17)", "plot_bgcolor": "rgb(17,17,17)", "polar": {"bgcolor": "rgb(17,17,17)", "angularaxis": {"gridcolor": "#506784", "linecolor": "#506784", "ticks": ""}, "radialaxis": {"gridcolor": "#506784", "linecolor": "#506784", "ticks": ""}}, "ternary": {"bgcolor": "rgb(17,17,17)", "aaxis": {"gridcolor": "#506784", "linecolor": "#506784", "ticks": ""}, "baxis": {"gridcolor": "#506784", "linecolor": "#506784", "ticks": ""}, "caxis": {"gridcolor": "#506784", "linecolor": "#506784", "ticks": ""}}, "coloraxis": {"colorbar": {"outlinewidth": 0, "ticks": ""}}, "colorscale": {"sequential": [[0.0, "#0d0887"], [0.1111111111111111, "#46039f"], [0.2222222222222222, "#7201a8"], [0.3333333333333333, "#9c179e"], [0.4444444444444444, "#bd3786"], [0.5555555555555556, "#d8576b"], [0.6666666666666666, "#ed7953"], [0.7777777777777778, "#fb9f3a"], [0.8888888888888888, "#fdca26"], [1.0, "#f0f921"]], "sequentialminus": [[0.0, "#0d0887"], [0.1111111111111111, "#46039f"], [0.2222222222222222, "#7201a8"], [0.3333333333333333, "#9c179e"], [0.4444444444444444, "#bd3786"], [0.5555555555555556, "#d8576b"], [0.6666666666666666, "#ed7953"], [0.7777777777777778, "#fb9f3a"], [0.8888888888888888, "#fdca26"], [1.0, "#f0f921"]], "diverging": [[0, "#8e0152"], [0.1, "#c51b7d"], [0.2, "#de77ae"], [0.3, "#f1b6da"], [0.4, "#fde0ef"], [0.5, "#f7f7f7"], [0.6, "#e6f5d0"], [0.7, "#b8e186"], [0.8, "#7fbc41"], [0.9, "#4d9221"], [1, "#276419"]]}, "xaxis": {"gridcolor": "rgba(0, 0, 0, 0)", "linecolor": "#506784", "ticks": "", "title": {"standoff": 15}, "zerolinecolor": "#283442", "automargin": true, "zerolinewidth": 2, "tickfont": {"family": "Courier New", "size": 14}, "side": "top", "tickangle": -90}, "yaxis": {"gridcolor": "rgba(0, 0, 0, 0)", "linecolor": "#506784", "ticks": "", "title": {"standoff": 15}, "zerolinecolor": "#283442", "automargin": true, "zerolinewidth": 2, "tickfont": {"family": "Courier New"}, "side": "right"}, "scene": {"xaxis": {"backgroundcolor": "rgb(17,17,17)", "gridcolor": "#506784", "linecolor": "#506784", "showbackground": true, "ticks": "", "zerolinecolor": "#C8D4E3", "gridwidth": 2}, "yaxis": {"backgroundcolor": "rgb(17,17,17)", "gridcolor": "#506784", "linecolor": "#506784", "showbackground": true, "ticks": "", "zerolinecolor": "#C8D4E3", "gridwidth": 2}, "zaxis": {"backgroundcolor": "rgb(17,17,17)", "gridcolor": "#506784", "linecolor": "#506784", "showbackground": true, "ticks": "", "zerolinecolor": "#C8D4E3", "gridwidth": 2}}, "shapedefaults": {"line": {"color": "#f2f5fa"}}, "annotationdefaults": {"arrowcolor": "#f2f5fa", "arrowhead": 0, "arrowwidth": 1}, "geo": {"bgcolor": "rgb(17,17,17)", "landcolor": "rgb(17,17,17)", "subunitcolor": "#506784", "showland": true, "showlakes": true, "lakecolor": "rgb(17,17,17)"}, "title": {"x": 0.05, "font": {"family": "Times New Roman"}, "y": 0.05, "text": "<b>Correlation of Close<b><br><i>2016-09-23 ~ 2025-08-19<i>"}, "updatemenudefaults": {"bgcolor": "#506784", "borderwidth": 0}, "sliderdefaults": {"bgcolor": "#C8D4E3", "borderwidth": 1, "bordercolor": "rgb(17,17,17)", "tickwidth": 0}, "mapbox": {"style": "dark"}, "annotations": [{"text": "<b>@zwindr<b>", "textangle": 0, "opacity": 0.5, "font": {"color": "white", "size": 12}, "xref": "paper", "yref": "paper", "xanchor": "left", "yanchor": "bottom", "x": 1.0, "y": 1.0, "showarrow": false}]}, "config": {"responsive": true, "toImageButtonOptions": {"filename": "Correlation of Close_2016-09-23~2025-08-19", "scale": 5}}};

    Plotly.newPlot("correlationClose",
        correlationClose.data,
        correlationClose.layout || {},
        correlationClose.config);
} else {
    // The element with the specified ID does not exist
    console.log("style display is none => correlationClose");
}