var element=document.getElementById("correlationAdjClose");if(element.style.display!='none'){var correlationAdjClose={"data":[{"type":"heatmap","z":[[1.0,0.9966489680502643,0.9472162549951824,0.9965222253055136,0.9153642767592725,0.9894393383560381,0.9628902820676561,0.9813653782045262,0.9806985805912389,0.9966317969504482,0.996747711934035,0.996867522981259,0.8866920950338796,0.9802446207581816,0.9968326437270787,0.9899658031274206,0.9997935864587428,0.9812749150129089,0.905341636856496,0.880164493385133,0.5709510681051582,0.9872758408143248,0.946383753733055,0.25872023195871185,-0.15066558647464126,0.9184271630236005,0.89769955004791,0.9418461549635597,0.9323727176141254,0.9332179925835605,0.985046861064705,0.9328787092116765,0.8846680920858113,0.9728598847726099,0.9841720408065504,0.963625800537948],[0.9966489680502643,1.0,0.9531713667618276,0.9945732649430896,0.9222218949087917,0.985917544011732,0.9651670393769225,0.9721246436099955,0.9783758387245352,0.9955157685607533,0.9969722236295809,0.9965472513308885,0.8952959157893883,0.984311658323545,0.9970163926345919,0.9857333869076319,0.9980280151277806,0.9740392308371224,0.9152647810902514,0.8659853089999151,0.5942898851056233,0.9793300294234449,0.9289695748767276,0.25042256079552916,-0.08951701201655128,0.9079384996733401,0.9024212282397864,0.9466196414452794,0.9126373796397305,0.9181226463090731,0.978533534078788,0.9150524731475654,0.8796341527929583,0.9631049023033798,0.9795016469051525,0.957783533493653],[0.9472162549951824,0.9531713667618276,1.0,0.9660542464317575,0.9951644039359203,0.9371300528454093,0.9829203988977139,0.8941779713138008,0.9580456450900895,0.9663315357746624,0.9741981601378746,0.970575766268349,0.9194507903252682,0.9975923825913167,0.9739649332774947,0.9346531209406891,0.9583283152832031,0.895355751427326,0.8187636088358682,0.7084531516770616,0.36676546150693673,0.9700955282402434,0.8798989125781477,0.0831980137401295,-0.02077221407569798,0.9090638557372311,0.9715255083940747,0.9740224374683427,0.7777351801580386,0.7887372202051227,0.931183488470339,0.7829274473223841,0.7244667319158683,0.8808389375589846,0.9538503061971716,0.8823849030022397],[0.9965222253055136,0.9945732649430896,0.9660542464317575,1.0,0.94061522493316,0.9813279986466981,0.9687772212839045,0.9666110437349044,0.9781946728824134,0.9999834259137211,0.9999954819259895,0.9999758879004075,0.8975906998372707,0.9868426924916605,0.9999707115188714,0.979784467967165,0.9962403751443696,0.9663618468086784,0.8834344666787453,0.8487203600295928,0.5199425728788856,0.9957931026039213,0.9427225367132475,0.2189706832818403,-0.127889273697931,0.9155804661027721,0.9224834805749816,0.952396472975593,0.9047233516407108,0.9123152801950261,0.9834903576407883,0.9062480604849957,0.8529236576976774,0.9604775505006158,0.9835018727278478,0.9504242474909602],[0.9153642767592725,0.9222218949087917,0.9951644039359203,0.94061522493316,1.0,0.9001777646179956,0.9635753026225394,0.8508233864036989,0.9290344330342667,0.9414979429333581,0.9543518426004135,0.9487060848357579,0.9139071832988261,0.9882001716993263,0.9538971888883756,0.8978049770028123,0.9305899152181223,0.8521348514381012,0.7720995025128162,0.6535891924884668,0.3066237097214289,0.9487729046024846,0.8461525198204837,0.05045705162195121,0.003986552307551349,0.8785439565081389,0.9791611705725906,0.9600001374590177,0.719569444486148,0.7365614831484413,0.8996713114874223,0.7264764366106471,0.6612461433249275,0.8371677123724529,0.9238193440080767,0.8396493242788673],[0.9894393383560381,0.985917544011732,0.9371300528454093,0.9813279986466981,0.9001777646179956,1.0,0.9722440166913288,0.9820353230419551,0.9830192598794378,0.9809775814650671,0.9764610123486519,0.9791902635744084,0.8638858776818037,0.9506842618697359,0.9765038181042414,0.9999319014772754,0.9907044193149876,0.9829452175987279,0.9124605816277204,0.8555425387316078,0.5429549091947805,0.9744720615239971,0.9307032145725803,0.15765153727656464,-0.1022887413429115,0.935626940500302,0.8740270685217795,0.9362682197896428,0.9271264719423427,0.9174307766900412,0.9720919259541868,0.9284053605212175,0.9022334117216027,0.963029940307973,0.9848696916832279,0.9669137815575043],[0.9628902820676561,0.9651670393769225,0.9829203988977139,0.9687772212839045,0.9635753026225394,0.9722440166913288,1.0,0.9325871062903046,0.9833528420751677,0.9681924160892408,0.9770610856682304,0.9735103522395391,0.9066328617316287,0.9865404371703584,0.9767787185039135,0.9732313334527016,0.976651963789132,0.9355466015861685,0.8606351744159876,0.7445117358401554,0.393504230937667,0.969183470150173,0.9059564802949817,0.029375719340694866,-0.013506348030692247,0.925805438138956,0.934331436155028,0.9694599634624765,0.825733771513159,0.8185263305594469,0.9461179920257141,0.8287497313592025,0.7955256495719254,0.9091184653108849,0.9757717022983446,0.9143128131952568],[0.9813653782045262,0.9721246436099955,0.8941779713138008,0.9666110437349044,0.8508233864036989,0.9820353230419551,0.9325871062903046,1.0,0.9739313893544257,0.9665274564351481,0.9627061829426758,0.965708274940926,0.8283583919059645,0.9248565076745875,0.9629169497849218,0.9838318987712118,0.9793457589296736,0.9999005159608165,0.9416061780138464,0.9234310253511566,0.534251008570168,0.9549875875775308,0.9257738716086804,0.13206559752246713,-0.1951268949639244,0.9113074404848238,0.8118941968053374,0.9005518338961804,0.9644080560280541,0.9511705744142187,0.9715287253679168,0.95685935353144,0.9153255980808501,0.9715444274240047,0.9596582450536728,0.9745241485332152],[0.9806985805912389,0.9783758387245352,0.9580456450900895,0.9781946728824134,0.9290344330342667,0.9830192598794378,0.9833528420751677,0.9739313893544257,1.0,0.9779088985568029,0.9750086640423319,0.9770735472891028,0.8802620737390653,0.9644234934509613,0.9749277844208079,0.9821382803315055,0.9799634453941394,0.9744811493234513,0.910220315554519,0.8321155765951112,0.41235821599159816,0.9721824665433849,0.9299372597928368,-0.0036521810788587325,-0.08402138068751563,0.9270785735477531,0.8837100669295685,0.9610564088949525,0.8883961560393855,0.8734564549340572,0.9697983772803309,0.8833351247668129,0.837404806586323,0.9475699546460044,0.982102530952239,0.9403090099393602],[0.9966317969504482,0.9955157685607533,0.9663315357746624,0.9999834259137211,0.9414979429333581,0.9809775814650671,0.9681924160892408,0.9665274564351481,0.9779088985568029,1.0,0.9999952819722109,0.9999854813266614,0.8996718203492593,0.987072836807741,0.9999716711494568,0.9796035293742098,0.9961460699889195,0.9662956029959066,0.8852736524449749,0.8486455525867568,0.509258671978249,0.9959856906497101,0.9433898030978055,0.2206209245039071,-0.12169891365439599,0.9167643694941647,0.9224692740611576,0.9517857565406102,0.9024184221244105,0.9094812527663892,0.9829955652940225,0.9038546025092155,0.8492945099612544,0.9592313286415651,0.9832836292043365,0.9496008733609171],[0.996747711934035,0.9969722236295809,0.9741981601378746,0.9999954819259895,0.9543518426004135,0.9764610123486519,0.9770610856682304,0.9627061829426758,0.9750086640423319,0.9999952819722109,1.0,0.9999804050650019,0.8996991505427957,0.9869188380581543,0.999973376265575,0.9761758621690009,0.996074694248943,0.9635967849803512,0.9022284973722662,0.879014844191219,0.3331103005370893,0.997782015206068,0.9346320201154056,-0.22868044277941538,0.6763166028383647,0.914252037077184,0.9182929486270733,0.9535054096281782,0.8815511281853279,0.8858821283549563,0.9787812983859556,0.8749289339046814,0.7997298663207387,0.949332201106209,0.987991314810568,0.9485808888100314],[0.996867522981259,0.9965472513308885,0.970575766268349,0.9999758879004075,0.9487060848357579,0.9791902635744084,0.9735103522395391,0.965708274940926,0.9770735472891028,0.9999854813266614,0.9999804050650019,1.0,0.9005390227396562,0.9871706634655243,0.9999798788898675,0.9789802502561775,0.996078790708327,0.966186807531981,0.8932991873477273,0.8657170044985225,0.41677348285303367,0.9972730265749001,0.9422193404920066,-0.04138926708405655,0.1392857724363728,0.9237256277072936,0.9197628965943198,0.9498917258763203,0.8898658070401452,0.8944281393810575,0.9807361456977356,0.8891131948699156,0.8300204136410305,0.9550791333352027,0.9837862652638539,0.9500576258357067],[0.8866920950338796,0.8952959157893883,0.9194507903252682,0.8975906998372707,0.9139071832988261,0.8638858776818037,0.9066328617316287,0.8283583919059645,0.8802620737390653,0.8996718203492593,0.8996991505427957,0.9005390227396562,1.0,0.9998963490370762,0.8994386032148977,0.8656735884992687,0.8886318581995062,0.8319016421903702,0.7730295580793467,0.700422711269804,0.15171885440480756,0.8947595993989478,0.8218750225558247,-0.46366169337770946,0.7196547732208896,0.8272098559844758,0.8938210516503768,0.9028569876628526,0.7025766130333975,0.7038727355900036,0.864881021193022,0.6948434115898638,0.5970115822786505,0.8222083969418121,0.8863202450864686,0.8330643543035128],[0.9802446207581816,0.984311658323545,0.9975923825913167,0.9868426924916605,0.9882001716993263,0.9506842618697359,0.9865404371703584,0.9248565076745875,0.9644234934509613,0.987072836807741,0.9869188380581543,0.9871706634655243,0.9998963490370762,1.0,0.9869530653793798,0.9500256104230106,0.978556590800522,0.9273182006835362,0.8627571923450763,0.8325301052090737,0.05029692855935077,0.977915935480993,0.8856453554366034,-0.6292817420937442,0.7617994471806231,0.898965899846981,0.9600496766426431,0.9710333586585482,0.785755903571457,0.8004878329977113,0.9464584816278074,0.7975441252236672,0.660308262967607,0.8956025023297013,0.9689825268876217,0.9247211460900626],[0.9968326437270787,0.9970163926345919,0.9739649332774947,0.9999707115188714,0.9538971888883756,0.9765038181042414,0.9767787185039135,0.9629169497849218,0.9749277844208079,0.9999716711494568,0.999973376265575,0.9999798788898675,0.8994386032148977,0.9869530653793798,1.0,0.9763058109722541,0.9961642614100056,0.9640563927786996,0.9032883728923479,0.8797658643294279,0.33451419164489116,0.9976646102639876,0.9346667669357005,-0.2267541402916658,0.6761049865522946,0.91448544379661,0.9176296175237898,0.9532012626520137,0.8822062270266038,0.886538322332435,0.9788366834787919,0.875718256426428,0.8007098221728056,0.9494920341415686,0.9880421390714212,0.9490574772854028],[0.9899658031274206,0.9857333869076319,0.9346531209406891,0.979784467967165,0.8978049770028123,0.9999319014772754,0.9732313334527016,0.9838318987712118,0.9821382803315055,0.9796035293742098,0.9761758621690009,0.9789802502561775,0.8656735884992687,0.9500256104230106,0.9763058109722541,1.0,0.9906615194343563,0.9834700097011306,0.9158450920202554,0.8789600060078954,0.5076419019586299,0.9729465878764261,0.9283362320939861,0.0047593713193961745,0.00965972723749105,0.9397634028019838,0.8672769613500129,0.9324211795983702,0.9281803884833908,0.9135478453424095,0.9704240734096274,0.9280452261074758,0.8957503580266233,0.9653675230014163,0.9839995976066839,0.9693910220280666],[0.9997935864587428,0.9980280151277806,0.9583283152832031,0.9962403751443696,0.9305899152181223,0.9907044193149876,0.976651963789132,0.9793457589296736,0.9799634453941394,0.9961460699889195,0.996074694248943,0.996078790708327,0.8886318581995062,0.978556590800522,0.9961642614100056,0.9906615194343563,1.0,0.9800862612787841,0.9253638660905714,0.9026028141455981,0.40529639309238624,0.9916067030856437,0.9364451899791798,-0.17772749847307753,0.6640567120381295,0.9291014749972488,0.8943590296859815,0.946011252276176,0.9148823863542928,0.9101329924254157,0.9808617590816678,0.9080374427630452,0.8486684994735413,0.9647991613718836,0.991988340461399,0.9677973534812194],[0.9812749150129089,0.9740392308371224,0.895355751427326,0.9663618468086784,0.8521348514381012,0.9829452175987279,0.9355466015861685,0.9999005159608165,0.9744811493234513,0.9662956029959066,0.9635967849803512,0.966186807531981,0.8319016421903702,0.9273182006835362,0.9640563927786996,0.9834700097011306,0.9800862612787841,1.0,0.9443933180802694,0.9285833531951085,0.5265421630337617,0.9542376932493456,0.928809288829619,0.0925287929734396,-0.09629359677644776,0.9159618317341881,0.8108237733365173,0.9019237536757748,0.9634555273687345,0.9494229563370946,0.9705617804718081,0.9545081284777939,0.912533514957507,0.9709011845474497,0.9589675223977813,0.9750536066846829],[0.905341636856496,0.9152647810902514,0.8187636088358682,0.8834344666787453,0.7720995025128162,0.9124605816277204,0.8606351744159876,0.9416061780138464,0.910220315554519,0.8852736524449749,0.9022284973722662,0.8932991873477273,0.7730295580793467,0.8627571923450763,0.9032883728923479,0.9158450920202554,0.9253638660905714,0.9443933180802694,1.0,0.8441050255272127,0.6091552085732608,0.8610315235174285,0.8450231050756668,0.17698110425464617,-0.005061766607518888,0.8753508982604907,0.721794183402085,0.8387448928590172,0.8970406066563801,0.8712316009225527,0.8787428589583287,0.8814256626438168,0.853752506941686,0.8845606959262148,0.8873439058179766,0.9135313597101113],[0.880164493385133,0.8659853089999151,0.7084531516770616,0.8487203600295928,0.6535891924884668,0.8555425387316078,0.7445117358401554,0.9234310253511566,0.8321155765951112,0.8486455525867568,0.879014844191219,0.8657170044985225,0.700422711269804,0.8325301052090737,0.8797658643294279,0.8789600060078954,0.9026028141455981,0.9285833531951085,0.8441050255272127,1.0,0.801623429660143,0.8036789463754076,0.8665686547695788,0.5837803028405721,-0.445385363883402,0.6977885473106413,0.6619704134317554,0.7226329906431939,0.9633794998307778,0.9434349249721854,0.8713165802442806,0.952292244327602,0.9101643401449174,0.8977349265873417,0.8191447009990617,0.8762803775571674],[0.5709510681051582,0.5942898851056233,0.36676546150693673,0.5199425728788856,0.3066237097214289,0.5429549091947805,0.393504230937667,0.534251008570168,0.41235821599159816,0.509258671978249,0.3331103005370893,0.41677348285303367,0.15171885440480756,0.05029692855935077,0.33451419164489116,0.5076419019586299,0.40529639309238624,0.5265421630337617,0.6091552085732608,0.801623429660143,1.0,0.47222217801714433,0.6254694090924916,0.7209863335826714,-0.11465372373876585,0.44074681600018123,0.3619032903662381,0.436921789752914,0.7451907277228521,0.6671728548790634,0.5268420478410131,0.7005027984505249,0.7369900944743002,0.6010602606635255,0.5254272920522571,0.5988891343295486],[0.9872758408143248,0.9793300294234449,0.9700955282402434,0.9957931026039213,0.9487729046024846,0.9744720615239971,0.969183470150173,0.9549875875775308,0.9721824665433849,0.9959856906497101,0.997782015206068,0.9972730265749001,0.8947595993989478,0.977915935480993,0.9976646102639876,0.9729465878764261,0.9916067030856437,0.9542376932493456,0.8610315235174285,0.8036789463754076,0.47222217801714433,1.0,0.9226198625574494,0.15992797870777528,-0.11386474883663944,0.8998879506362967,0.9311451274037074,0.9494374490365896,0.8724253814964541,0.8920424873998828,0.976654624454173,0.882425816712235,0.825346888144688,0.9479613393814381,0.9735194158873326,0.9342753698412806],[0.946383753733055,0.9289695748767276,0.8798989125781477,0.9427225367132475,0.8461525198204837,0.9307032145725803,0.9059564802949817,0.9257738716086804,0.9299372597928368,0.9433898030978055,0.9346320201154056,0.9422193404920066,0.8218750225558247,0.8856453554366034,0.9346667669357005,0.9283362320939861,0.9364451899791798,0.928809288829619,0.8450231050756668,0.8665686547695788,0.6254694090924916,0.9226198625574494,1.0,0.22706990240258432,-0.09198466505221137,0.7731194727205665,0.8282027063588754,0.8691698582404563,0.8999997008471071,0.8752584257889543,0.9494247674522923,0.8819363952441812,0.840060386897325,0.9456095526840381,0.9079766229507326,0.89267055312863],[0.25872023195871185,0.25042256079552916,0.0831980137401295,0.2189706832818403,0.05045705162195121,0.15765153727656464,0.029375719340694866,0.13206559752246713,-0.0036521810788587325,0.2206209245039071,-0.22868044277941538,-0.04138926708405655,-0.46366169337770946,-0.6292817420937442,-0.2267541402916658,0.0047593713193961745,-0.17772749847307753,0.0925287929734396,0.17698110425464617,0.5837803028405721,0.7209863335826714,0.15992797870777528,0.22706990240258432,1.0,-0.3808552835768759,0.1752936762164204,0.08944956864914612,0.08560287349453295,0.4147375335050871,0.400155771317849,0.21313916815308093,0.4248220553163288,0.37047958489284916,0.26343171437472634,0.16478637429810658,0.2858926212500741],[-0.15066558647464126,-0.08951701201655128,-0.02077221407569798,-0.127889273697931,0.003986552307551349,-0.1022887413429115,-0.013506348030692247,-0.1951268949639244,-0.08402138068751563,-0.12169891365439599,0.6763166028383647,0.1392857724363728,0.7196547732208896,0.7617994471806231,0.6761049865522946,0.00965972723749105,0.6640567120381295,-0.09629359677644776,-0.005061766607518888,-0.445385363883402,-0.11465372373876585,-0.11386474883663944,-0.09198466505221137,-0.3808552835768759,1.0,-0.014297835931161575,-0.018277338449826444,-0.0012715432150575616,-0.3150557492862343,-0.2995170436365442,-0.16926148185796328,-0.27311425359807195,-0.16688204385829733,-0.2280122047828562,-0.05015799598795436,-0.18968721140735265],[0.9184271630236005,0.9079384996733401,0.9090638557372311,0.9155804661027721,0.8785439565081389,0.935626940500302,0.925805438138956,0.9113074404848238,0.9270785735477531,0.9167643694941647,0.914252037077184,0.9237256277072936,0.8272098559844758,0.898965899846981,0.91448544379661,0.9397634028019838,0.9291014749972488,0.9159618317341881,0.8753508982604907,0.6977885473106413,0.44074681600018123,0.8998879506362967,0.7731194727205665,0.1752936762164204,-0.014297835931161575,1.0,0.832124413125075,0.9297273337996724,0.7868611323316912,0.8255694378454946,0.8720649947531844,0.8293023371050351,0.7957877093266569,0.8697572592886059,0.9070590192666452,0.9058327152941095],[0.89769955004791,0.9024212282397864,0.9715255083940747,0.9224834805749816,0.9791611705725906,0.8740270685217795,0.934331436155028,0.8118941968053374,0.8837100669295685,0.9224692740611576,0.9182929486270733,0.9197628965943198,0.8938210516503768,0.9600496766426431,0.9176296175237898,0.8672769613500129,0.8943590296859815,0.8108237733365173,0.721794183402085,0.6619704134317554,0.3619032903662381,0.9311451274037074,0.8282027063588754,0.08944956864914612,-0.018277338449826444,0.832124413125075,1.0,0.9245803487864956,0.7086021623794262,0.7227772530395018,0.8755424463876864,0.7108660596634845,0.6489245031048014,0.8126533612218799,0.8956658088675589,0.8183102556992103],[0.9418461549635597,0.9466196414452794,0.9740224374683427,0.952396472975593,0.9600001374590177,0.9362682197896428,0.9694599634624765,0.9005518338961804,0.9610564088949525,0.9517857565406102,0.9535054096281782,0.9498917258763203,0.9028569876628526,0.9710333586585482,0.9532012626520137,0.9324211795983702,0.946011252276176,0.9019237536757748,0.8387448928590172,0.7226329906431939,0.436921789752914,0.9494374490365896,0.8691698582404563,0.08560287349453295,-0.0012715432150575616,0.9297273337996724,0.9245803487864956,1.0,0.7995992562006267,0.7997766952025054,0.9221069697127113,0.794397836877745,0.7541071077272828,0.8920707618474097,0.9558815923010068,0.8762442833814315],[0.9323727176141254,0.9126373796397305,0.7777351801580386,0.9047233516407108,0.719569444486148,0.9271264719423427,0.825733771513159,0.9644080560280541,0.8883961560393855,0.9024184221244105,0.8815511281853279,0.8898658070401452,0.7025766130333975,0.785755903571457,0.8822062270266038,0.9281803884833908,0.9148823863542928,0.9634555273687345,0.8970406066563801,0.9633794998307778,0.7451907277228521,0.8724253814964541,0.8999997008471071,0.4147375335050871,-0.3150557492862343,0.7868611323316912,0.7086021623794262,0.7995992562006267,1.0,0.9874651295628187,0.929325560843163,0.9916392727159962,0.957100970397096,0.953630332528771,0.8789315330670364,0.9498455160953139],[0.9332179925835605,0.9181226463090731,0.7887372202051227,0.9123152801950261,0.7365614831484413,0.9174307766900412,0.8185263305594469,0.9511705744142187,0.8734564549340572,0.9094812527663892,0.8858821283549563,0.8944281393810575,0.7038727355900036,0.8004878329977113,0.886538322332435,0.9135478453424095,0.9101329924254157,0.9494229563370946,0.8712316009225527,0.9434349249721854,0.6671728548790634,0.8920424873998828,0.8752584257889543,0.400155771317849,-0.2995170436365442,0.8255694378454946,0.7227772530395018,0.7997766952025054,0.9874651295628187,1.0,0.9309262912901465,0.9864475620626206,0.9570140440430317,0.9427736961879336,0.8968102574975175,0.9527424534170866],[0.985046861064705,0.978533534078788,0.931183488470339,0.9834903576407883,0.8996713114874223,0.9720919259541868,0.9461179920257141,0.9715287253679168,0.9697983772803309,0.9829955652940225,0.9787812983859556,0.9807361456977356,0.864881021193022,0.9464584816278074,0.9788366834787919,0.9704240734096274,0.9808617590816678,0.9705617804718081,0.8787428589583287,0.8713165802442806,0.5268420478410131,0.976654624454173,0.9494247674522923,0.21313916815308093,-0.16926148185796328,0.8720649947531844,0.8755424463876864,0.9221069697127113,0.929325560843163,0.9309262912901465,1.0,0.9267369751595214,0.8724363207990953,0.9758134820019713,0.974832629183621,0.9588599094269538],[0.9328787092116765,0.9150524731475654,0.7829274473223841,0.9062480604849957,0.7264764366106471,0.9284053605212175,0.8287497313592025,0.95685935353144,0.8833351247668129,0.9038546025092155,0.8749289339046814,0.8891131948699156,0.6948434115898638,0.7975441252236672,0.875718256426428,0.9280452261074758,0.9080374427630452,0.9545081284777939,0.8814256626438168,0.952292244327602,0.7005027984505249,0.882425816712235,0.8819363952441812,0.4248220553163288,-0.27311425359807195,0.8293023371050351,0.7108660596634845,0.794397836877745,0.9916392727159962,0.9864475620626206,0.9267369751595214,1.0,0.9740239806548507,0.9458287797632345,0.900988373639235,0.9501021458883152],[0.8846680920858113,0.8796341527929583,0.7244667319158683,0.8529236576976774,0.6612461433249275,0.9022334117216027,0.7955256495719254,0.9153255980808501,0.837404806586323,0.8492945099612544,0.7997298663207387,0.8300204136410305,0.5970115822786505,0.660308262967607,0.8007098221728056,0.8957503580266233,0.8486684994735413,0.912533514957507,0.853752506941686,0.9101643401449174,0.7369900944743002,0.825346888144688,0.840060386897325,0.37047958489284916,-0.16688204385829733,0.7957877093266569,0.6489245031048014,0.7541071077272828,0.957100970397096,0.9570140440430317,0.8724363207990953,0.9740239806548507,1.0,0.8980802262446087,0.8670960766010334,0.9229997022608295],[0.9728598847726099,0.9631049023033798,0.8808389375589846,0.9604775505006158,0.8371677123724529,0.963029940307973,0.9091184653108849,0.9715444274240047,0.9475699546460044,0.9592313286415651,0.949332201106209,0.9550791333352027,0.8222083969418121,0.8956025023297013,0.9494920341415686,0.9653675230014163,0.9647991613718836,0.9709011845474497,0.8845606959262148,0.8977349265873417,0.6010602606635255,0.9479613393814381,0.9456095526840381,0.26343171437472634,-0.2280122047828562,0.8697572592886059,0.8126533612218799,0.8920707618474097,0.953630332528771,0.9427736961879336,0.9758134820019713,0.9458287797632345,0.8980802262446087,1.0,0.9546828857625068,0.9561009689626043],[0.9841720408065504,0.9795016469051525,0.9538503061971716,0.9835018727278478,0.9238193440080767,0.9848696916832279,0.9757717022983446,0.9596582450536728,0.982102530952239,0.9832836292043365,0.987991314810568,0.9837862652638539,0.8863202450864686,0.9689825268876217,0.9880421390714212,0.9839995976066839,0.991988340461399,0.9589675223977813,0.8873439058179766,0.8191447009990617,0.5254272920522571,0.9735194158873326,0.9079766229507326,0.16478637429810658,-0.05015799598795436,0.9070590192666452,0.8956658088675589,0.9558815923010068,0.8789315330670364,0.8968102574975175,0.974832629183621,0.900988373639235,0.8670960766010334,0.9546828857625068,1.0,0.9416344282947465],[0.963625800537948,0.957783533493653,0.8823849030022397,0.9504242474909602,0.8396493242788673,0.9669137815575043,0.9143128131952568,0.9745241485332152,0.9403090099393602,0.9496008733609171,0.9485808888100314,0.9500576258357067,0.8330643543035128,0.9247211460900626,0.9490574772854028,0.9693910220280666,0.9677973534812194,0.9750536066846829,0.9135313597101113,0.8762803775571674,0.5988891343295486,0.9342753698412806,0.89267055312863,0.2858926212500741,-0.18968721140735265,0.9058327152941095,0.8183102556992103,0.8762442833814315,0.9498455160953139,0.9527424534170866,0.9588599094269538,0.9501021458883152,0.9229997022608295,0.9561009689626043,0.9416344282947465,1.0]],"x":["^TAIEX       \u81fa\u7063\u52a0\u6b0a\u5831\u916c\u6307\u6578","^TWII        \u81fa\u7063\u52a0\u6b0a\u6307\u6578","^TAIEXx2     \u81fa\u7063\u52a0\u6b0a\u5831\u916c\u6307\u6578_\u65e5\u6b632","^TAI50I      \u81fa\u706350\u5831\u916c\u6307\u6578","^TAI50Ix2    \u81fa\u706350\u5831\u916c\u6307\u6578_\u65e5\u6b632","^TAI100I     \u81fa\u7063\u4e2d\u578b100\u5831\u916c\u6307\u6578","^TAI100Ix2   \u81fa\u7063\u4e2d\u578b100\u5831\u916c\u6307\u6578_\u65e5\u6b632","^TAIDIVIDI   \u81fa\u7063\u9ad8\u80a1\u606f\u5831\u916c\u6307\u6578","^TAIDIVIDIx2 \u81fa\u7063\u9ad8\u80a1\u606f\u5831\u916c\u6307\u6578_\u65e5\u6b632","0050Fund     \u5143\u5927\u53f0\u7063\u5353\u8d8a50\u57fa\u91d1","006208Fund   \u5bcc\u90a6\u53f0\u7063\u91c6\u540950\u57fa\u91d1","0050         \u5143\u5927\u81fa\u706350","00631L       \u5143\u5927\u53f0\u706350\u6b632","00675L       \u5bcc\u90a6\u81fa\u7063\u52a0\u6b0a\u6b632","006208       \u5bcc\u90a6\u53f050","0051         \u5143\u5927\u4e2d\u578b100","006204       \u6c38\u8c50\u81fa\u7063\u52a0\u6b0a","0056         \u5143\u5927\u9ad8\u80a1\u606f","0056         \u5143\u5927\u9ad8\u80a1\u606f_\u80a1\u606f\u4e0d\u6295\u5165","2412         \u4e2d\u83ef\u96fb\u4fe1","2002         \u4e2d\u92fc","2330         \u53f0\u7a4d\u96fb","2317         \u9d3b\u6d77","6505         \u53f0\u5851\u77f3\u5316","3481         \u7fa4\u5275","2303         \u806f\u96fb","2308         \u53f0\u9054\u96fb","2454         \u806f\u767c\u79d1","2886         \u5146\u8c50\u91d1","2884         \u7389\u5c71\u91d1","2891         \u4e2d\u4fe1\u91d1","2892         \u7b2c\u4e00\u91d1","5880         \u5408\u5eab\u91d1","2881         \u5bcc\u90a6\u91d1","2885         \u5143\u5927\u91d1","2887         \u53f0\u65b0\u91d1"],"y":["^TAIEX       \u81fa\u7063\u52a0\u6b0a\u5831\u916c\u6307\u6578","^TWII        \u81fa\u7063\u52a0\u6b0a\u6307\u6578","^TAIEXx2     \u81fa\u7063\u52a0\u6b0a\u5831\u916c\u6307\u6578_\u65e5\u6b632","^TAI50I      \u81fa\u706350\u5831\u916c\u6307\u6578","^TAI50Ix2    \u81fa\u706350\u5831\u916c\u6307\u6578_\u65e5\u6b632","^TAI100I     \u81fa\u7063\u4e2d\u578b100\u5831\u916c\u6307\u6578","^TAI100Ix2   \u81fa\u7063\u4e2d\u578b100\u5831\u916c\u6307\u6578_\u65e5\u6b632","^TAIDIVIDI   \u81fa\u7063\u9ad8\u80a1\u606f\u5831\u916c\u6307\u6578","^TAIDIVIDIx2 \u81fa\u7063\u9ad8\u80a1\u606f\u5831\u916c\u6307\u6578_\u65e5\u6b632","0050Fund     \u5143\u5927\u53f0\u7063\u5353\u8d8a50\u57fa\u91d1","006208Fund   \u5bcc\u90a6\u53f0\u7063\u91c6\u540950\u57fa\u91d1","0050         \u5143\u5927\u81fa\u706350","00631L       \u5143\u5927\u53f0\u706350\u6b632","00675L       \u5bcc\u90a6\u81fa\u7063\u52a0\u6b0a\u6b632","006208       \u5bcc\u90a6\u53f050","0051         \u5143\u5927\u4e2d\u578b100","006204       \u6c38\u8c50\u81fa\u7063\u52a0\u6b0a","0056         \u5143\u5927\u9ad8\u80a1\u606f","0056         \u5143\u5927\u9ad8\u80a1\u606f_\u80a1\u606f\u4e0d\u6295\u5165","2412         \u4e2d\u83ef\u96fb\u4fe1","2002         \u4e2d\u92fc","2330         \u53f0\u7a4d\u96fb","2317         \u9d3b\u6d77","6505         \u53f0\u5851\u77f3\u5316","3481         \u7fa4\u5275","2303         \u806f\u96fb","2308         \u53f0\u9054\u96fb","2454         \u806f\u767c\u79d1","2886         \u5146\u8c50\u91d1","2884         \u7389\u5c71\u91d1","2891         \u4e2d\u4fe1\u91d1","2892         \u7b2c\u4e00\u91d1","5880         \u5408\u5eab\u91d1","2881         \u5bcc\u90a6\u91d1","2885         \u5143\u5927\u91d1","2887         \u53f0\u65b0\u91d1"],"zmin":-1,"zmax":1,"colorbar":{"x":-0.2}}],"layout":{"autotypenumbers":"strict","colorway":["#636efa","#EF553B","#00cc96","#ab63fa","#FFA15A","#19d3f3","#FF6692","#B6E880","#FF97FF","#FECB52"],"font":{"color":"#f2f5fa","family":"Courier New"},"hovermode":"closest","hoverlabel":{"align":"left"},"paper_bgcolor":"rgb(17,17,17)","plot_bgcolor":"rgb(17,17,17)","polar":{"bgcolor":"rgb(17,17,17)","angularaxis":{"gridcolor":"#506784","linecolor":"#506784","ticks":""},"radialaxis":{"gridcolor":"#506784","linecolor":"#506784","ticks":""}},"ternary":{"bgcolor":"rgb(17,17,17)","aaxis":{"gridcolor":"#506784","linecolor":"#506784","ticks":""},"baxis":{"gridcolor":"#506784","linecolor":"#506784","ticks":""},"caxis":{"gridcolor":"#506784","linecolor":"#506784","ticks":""}},"coloraxis":{"colorbar":{"outlinewidth":0,"ticks":""}},"colorscale":{"sequential":[[0.0,"#0d0887"],[0.1111111111111111,"#46039f"],[0.2222222222222222,"#7201a8"],[0.3333333333333333,"#9c179e"],[0.4444444444444444,"#bd3786"],[0.5555555555555556,"#d8576b"],[0.6666666666666666,"#ed7953"],[0.7777777777777778,"#fb9f3a"],[0.8888888888888888,"#fdca26"],[1.0,"#f0f921"]],"sequentialminus":[[0.0,"#0d0887"],[0.1111111111111111,"#46039f"],[0.2222222222222222,"#7201a8"],[0.3333333333333333,"#9c179e"],[0.4444444444444444,"#bd3786"],[0.5555555555555556,"#d8576b"],[0.6666666666666666,"#ed7953"],[0.7777777777777778,"#fb9f3a"],[0.8888888888888888,"#fdca26"],[1.0,"#f0f921"]],"diverging":[[0,"#8e0152"],[0.1,"#c51b7d"],[0.2,"#de77ae"],[0.3,"#f1b6da"],[0.4,"#fde0ef"],[0.5,"#f7f7f7"],[0.6,"#e6f5d0"],[0.7,"#b8e186"],[0.8,"#7fbc41"],[0.9,"#4d9221"],[1,"#276419"]]},"xaxis":{"gridcolor":"rgba(0, 0, 0, 0)","linecolor":"#506784","ticks":"","title":{"standoff":15},"zerolinecolor":"#283442","automargin":true,"zerolinewidth":2,"tickfont":{"family":"Courier New","size":14},"side":"top","tickangle":-90},"yaxis":{"gridcolor":"rgba(0, 0, 0, 0)","linecolor":"#506784","ticks":"","title":{"standoff":15},"zerolinecolor":"#283442","automargin":true,"zerolinewidth":2,"tickfont":{"family":"Courier New"},"side":"right"},"scene":{"xaxis":{"backgroundcolor":"rgb(17,17,17)","gridcolor":"#506784","linecolor":"#506784","showbackground":true,"ticks":"","zerolinecolor":"#C8D4E3","gridwidth":2},"yaxis":{"backgroundcolor":"rgb(17,17,17)","gridcolor":"#506784","linecolor":"#506784","showbackground":true,"ticks":"","zerolinecolor":"#C8D4E3","gridwidth":2},"zaxis":{"backgroundcolor":"rgb(17,17,17)","gridcolor":"#506784","linecolor":"#506784","showbackground":true,"ticks":"","zerolinecolor":"#C8D4E3","gridwidth":2}},"shapedefaults":{"line":{"color":"#f2f5fa"}},"annotationdefaults":{"arrowcolor":"#f2f5fa","arrowhead":0,"arrowwidth":1},"geo":{"bgcolor":"rgb(17,17,17)","landcolor":"rgb(17,17,17)","subunitcolor":"#506784","showland":true,"showlakes":true,"lakecolor":"rgb(17,17,17)"},"title":{"x":0.05,"font":{"family":"Times New Roman"},"y":0.05,"text":"<b>Correlation of Adj Close<b><br><i>2016-09-23 ~ 2026-07-09<i>"},"updatemenudefaults":{"bgcolor":"#506784","borderwidth":0},"sliderdefaults":{"bgcolor":"#C8D4E3","borderwidth":1,"bordercolor":"rgb(17,17,17)","tickwidth":0},"mapbox":{"style":"dark"},"annotations":[{"text":"<b>@zwindr<b>","textangle":0,"opacity":0.5,"font":{"color":"white","size":12},"xref":"paper","yref":"paper","xanchor":"left","yanchor":"bottom","x":1.0,"y":1.0,"showarrow":false}]},"config":{"responsive":true,"toImageButtonOptions":{"filename":"Correlation of Adj Close_2016-09-23~2026-07-09","scale":5}}};Plotly.newPlot("correlationAdjClose",correlationAdjClose.data,correlationAdjClose.layout||{},correlationAdjClose.config);}else{console.log("style display is none => correlationAdjClose");}