var element=document.getElementById("correlationAdjClose");if(element.style.display!='none'){var correlationAdjClose={"data":[{"type":"heatmap","z":[[1.0,0.9943107398355324,0.977235977152079,0.9975467405354838,0.964198748637974,0.982359864596073,-0.9462217713878377,0.9900988265505224,0.9717346729854818,0.9971576577034813,0.9971365404404665,0.9976236964925712,0.9936559671907167,0.9943637896431312,0.997172753891389,0.984595330849942,0.9996838124057119,0.9900489714301409,0.9214546713069619,0.7273815081056388,0.985495614596136,0.9251561837238411,0.414027616346418,-0.30336131187713544,0.900251463051971,0.9633022490365423,0.9570166416039759,0.980330444194826,0.9656240654425341,0.9763138542352705,0.972709432780321,0.9454600950710063,0.9808174553835008,0.9718639830607515,0.9545524657090797],[0.9943107398355324,1.0,0.972617138463579,0.9914212219855919,0.9593880329564888,0.9780408705565539,-0.9416110751791006,0.9815527765946248,0.9651502160010693,0.9952048165805842,0.9950465658482603,0.994390426770596,0.992672780886553,0.9920691009734924,0.9950402607433978,0.9789495742602784,0.9968386741350489,0.9841242974849359,0.9108933504452407,0.7419115598366112,0.9677786390928019,0.9054035268481212,0.41469249444152384,-0.22995742203593147,0.8757361803382954,0.9525488536049808,0.9561899480097261,0.9592053194618654,0.9521622381419715,0.966291439445461,0.9576737718063837,0.9437740584918696,0.970104376877787,0.9621884050309197,0.9488039136583127],[0.977235977152079,0.972617138463579,1.0,0.9838450999987819,0.9958553053537791,0.9786470322847601,-0.9769581818119732,0.9694234343144112,0.9836902734157602,0.9894275603290479,0.9901050090934425,0.9866850762536403,0.9969437517170223,0.9967257214303615,0.9898634303887207,0.9769591683567717,0.9877748884396059,0.9690940245240225,0.8304107696195421,0.6136835050583558,0.9908789678816401,0.9184832367404867,0.24735563902686428,-0.2275790404882978,0.9008402423353625,0.9437728442810133,0.9805169367378879,0.9302783191435819,0.9152062512101216,0.9665225020091096,0.9211587008835359,0.904976801776565,0.9673796062437194,0.9746427564928183,0.9220665732002706],[0.9975467405354838,0.9914212219855919,0.9838450999987819,1.0,0.9765301388648596,0.974668546044384,-0.9417134705875252,0.9840250039626921,0.96913717841829,0.9999728062419485,0.9999900499016103,0.99995886468043,0.9918909439097079,0.9899263294836717,0.9999440263649109,0.9742318801717861,0.9960227043987726,0.9837523348064781,0.9070292700379238,0.695968428165368,0.9935783182312763,0.9272416082324233,0.38838261384756,-0.2943806065803318,0.8967321112630888,0.9629786923614928,0.9632685070789072,0.9708929706898047,0.9626158304566954,0.9788625375090638,0.9626875051190645,0.9336498024561474,0.9787700904020366,0.9705003049068818,0.9454512196945977],[0.964198748637974,0.9593880329564888,0.9958553053537791,0.9765301388648596,1.0,0.9577094532161091,-0.9587199712468386,0.9529612019253372,0.9704299677082221,0.9850018251137671,0.985737969518527,0.981743897402681,0.9857565452290201,0.9822451570574224,0.985320674806088,0.9549122410073885,0.9751403431617075,0.9525350758320735,0.8086908430071916,0.5759324681089242,0.9895285417643148,0.9144387768435895,0.22098872013137,-0.22016732981542836,0.8794385023927863,0.9352741349455403,0.9772572990575611,0.9090146205226854,0.9008616498770161,0.9604589370062423,0.8988307449476777,0.8775322000122538,0.956289073103308,0.9622659461611396,0.8971523673457172],[0.982359864596073,0.9780408705565539,0.9786470322847601,0.974668546044384,0.9577094532161091,1.0,-0.9814713971883915,0.9813369843063139,0.9808037162469181,0.969657217015095,0.9699499210668155,0.9726873343374369,0.9776384143874988,0.9756782270945624,0.9698172384070657,0.9999012762093481,0.9866060146151968,0.9823517832098712,0.865892053659147,0.6945889061538421,0.9680627883794328,0.8964977825565905,0.2833322385930857,-0.2179100078498274,0.9346738569915652,0.9450648302006622,0.9612522358223854,0.9588189832171596,0.9308441108691673,0.9535192241974373,0.9532419337111475,0.9549054094908127,0.9587420599906913,0.9774283816856301,0.9555247787268346],[-0.9462217713878377,-0.9416110751791006,-0.9769581818119732,-0.9417134705875252,-0.9587199712468386,-0.9814713971883915,1.0,-0.9534266502786907,-0.984110884748718,-0.9512465729219802,-0.9523725998559822,-0.947980936591978,-0.9755820465596711,-0.9770923900814492,-0.9520362768495341,-0.9843488656311121,-0.9666148522417533,-0.9562104939181758,-0.7819378708150352,-0.5920804289947427,-0.9465365689040982,-0.8896867696158297,-0.14193634152021237,0.15399921059295346,-0.9017182874325598,-0.9120421156816307,-0.9598441441360581,-0.902399453944019,-0.8651826139477771,-0.9292950612665141,-0.8943861504738048,-0.909636914309601,-0.929364377268028,-0.9655908402549478,-0.9101522699957718],[0.9900988265505224,0.9815527765946248,0.9694234343144112,0.9840250039626921,0.9529612019253372,0.9813369843063139,-0.9534266502786907,1.0,0.983059259779296,0.9798949027635946,0.9798077781931016,0.9830217515537467,0.9763835388565796,0.9755509721987051,0.9798894826601307,0.9832173409700031,0.9878994939868024,0.9998738296911496,0.9258704265881905,0.662135679276233,0.9734341246394099,0.8980336462735589,0.26911888867205813,-0.31200216002943626,0.905305251016142,0.9386365397352723,0.9398710267169658,0.9784482961602702,0.9543947106533873,0.9681783340646247,0.9640246160654528,0.936770867118068,0.9606736202810325,0.958866230570545,0.965611630495746],[0.9717346729854818,0.9651502160010693,0.9836902734157602,0.96913717841829,0.9704299677082221,0.9808037162469181,-0.984110884748718,0.983059259779296,1.0,0.9647481909201154,0.9653439843122483,0.9672931947780272,0.9740889832010291,0.971270366773847,0.9651529314313427,0.9798895451971855,0.9717964392282746,0.9823757767443453,0.8553722599906937,0.5858939497099611,0.9687232508214979,0.9103241148706327,0.12741339416735192,-0.2323174553965511,0.8858562058070628,0.9229857704736254,0.9620158760610209,0.9355607341398399,0.899956565830085,0.9579860808647352,0.9193063826156148,0.9044875525748145,0.9479169320847066,0.9707724664099007,0.923987368989922],[0.9971576577034813,0.9952048165805842,0.9894275603290479,0.9999728062419485,0.9850018251137671,0.969657217015095,-0.9512465729219802,0.9798949027635946,0.9647481909201154,1.0,0.9999882882321842,0.9999828506977273,0.9917478099621254,0.9897536031516116,0.9999497671744241,0.9698949560890932,0.9956435286487627,0.9807464602557544,0.9336189566008944,0.6087447737145071,0.9968459747355559,0.907268154980307,-0.05869694648512611,0.41808764119621716,0.909134519421624,0.9404914450597303,0.9682496832881758,0.9625993285252076,0.9460622634929577,0.9676653456240115,0.9431801869461506,0.9183616100760014,0.9670631352218645,0.9809513668947253,0.9414655895932813],[0.9971365404404665,0.9950465658482603,0.9901050090934425,0.9999900499016103,0.985737969518527,0.9699499210668155,-0.9523725998559822,0.9798077781931016,0.9653439843122483,0.9999882882321842,1.0,0.9999726160517367,0.9919182742732797,0.9899219847112926,0.9999532695739063,0.9701561235303587,0.9956767248588451,0.9806286676549932,0.9328889847573437,0.6047818335606332,0.9971269009597815,0.9066293119885708,-0.07343808761557462,0.4135162912150298,0.908244856903309,0.9401506922689101,0.9690768348346943,0.962105513399571,0.9448653950835663,0.9677805367119655,0.9421901573304204,0.9170298168418975,0.9672469935578168,0.981427942013841,0.9407417919452665],[0.9976236964925712,0.994390426770596,0.9866850762536403,0.99995886468043,0.981743897402681,0.9726873343374369,-0.947980936591978,0.9830217515537467,0.9672931947780272,0.9999828506977273,0.9999726160517367,1.0,0.9917324755584248,0.989707587367146,0.99996310749391,0.9729001627677084,0.9958256727590141,0.9834327103806048,0.9238498441778333,0.6583894779269943,0.996047792564522,0.9220169378002248,0.1412703145742256,-0.1969587927060779,0.9180011099824005,0.9515986411039998,0.9586421199001499,0.9655064438572685,0.9538800482815003,0.9738595328449665,0.9536001297480237,0.9315887810767919,0.9738109067471682,0.9690449626892349,0.9503008294782046],[0.9936559671907167,0.992672780886553,0.9969437517170223,0.9918909439097079,0.9857565452290201,0.9776384143874988,-0.9755820465596711,0.9763835388565796,0.9740889832010291,0.9917478099621254,0.9919182742732797,0.9917324755584248,1.0,0.9997060305381016,0.9919048800489756,0.9781215218736231,0.9939060303279805,0.9775290424258105,0.9173599204656132,0.5446546868852346,0.9868282238986716,0.8992067043576271,-0.3526749107060938,0.43807734024768036,0.8981556042159835,0.933431223324867,0.9789435756705733,0.9464931818128391,0.9102699127052954,0.9495926835781602,0.9183783232687731,0.8890582302401828,0.9656021881066026,0.9806598383415838,0.9338915984404638],[0.9943637896431312,0.9920691009734924,0.9967257214303615,0.9899263294836717,0.9822451570574224,0.9756782270945624,-0.9770923900814492,0.9755509721987051,0.971270366773847,0.9897536031516116,0.9899219847112926,0.989707587367146,0.9997060305381016,1.0,0.9900401118477773,0.976167748204343,0.99446467144776,0.9769227710244072,0.9251216632250013,0.4191782608297227,0.9819128679530417,0.8894313711047065,-0.7285639227359882,0.41351335558393004,0.8693935260259777,0.9286746016596084,0.9782892596579679,0.9396866519775737,0.8944995583657135,0.9411602047165001,0.9165951904763524,0.8680559053485006,0.9676237339762329,0.9790636164682031,0.9262390783116388],[0.997172753891389,0.9950402607433978,0.9898634303887207,0.9999440263649109,0.985320674806088,0.9698172384070657,-0.9520362768495341,0.9798894826601307,0.9651529314313427,0.9999497671744241,0.9999532695739063,0.99996310749391,0.9919048800489756,0.9900401118477773,1.0,0.9700681400312976,0.9956899295703043,0.9807331713728235,0.9336282907547537,0.604842091328737,0.9969491141980412,0.906798298516306,-0.071675304628313,0.41336080572165484,0.9079920386300336,0.9380451793690675,0.9685048896705166,0.9624420685695189,0.9454478978646477,0.9677708843041528,0.9428910180428492,0.9176008002019128,0.967163237079903,0.981354652956161,0.9412082658162841],[0.984595330849942,0.9789495742602784,0.9769591683567717,0.9742318801717861,0.9549122410073885,0.9999012762093481,-0.9843488656311121,0.9832173409700031,0.9798895451971855,0.9698949560890932,0.9701561235303587,0.9729001627677084,0.9781215218736231,0.976167748204343,0.9700681400312976,1.0,0.9869122804808566,0.9825258667693846,0.889610087998753,0.6915755119388416,0.966336211511084,0.8916631174888783,0.14700140878791046,-0.19690067042765796,0.9428047094874025,0.941395892840162,0.9580430800479565,0.9622130308252477,0.9279182803430649,0.9500317224427683,0.954260583317294,0.9542791095372748,0.9610710431803562,0.9768605111320227,0.9601794450558739],[0.9996838124057119,0.9968386741350489,0.9877748884396059,0.9960227043987726,0.9751403431617075,0.9866060146151968,-0.9666148522417533,0.9878994939868024,0.9717964392282746,0.9956435286487627,0.9956767248588451,0.9958256727590141,0.9939060303279805,0.99446467144776,0.9956899295703043,0.9869122804808566,1.0,0.9886641155642213,0.9392337684563348,0.6507223289024779,0.9889877902369364,0.902235254437341,-0.017640958326051143,0.4352061506414522,0.9298352497308691,0.9425223591882054,0.9666337064801401,0.975332450032268,0.9498722417967825,0.965545298595833,0.9579172185558492,0.9419738208426253,0.9727869152346398,0.9854855022405072,0.9632342100698723],[0.9900489714301409,0.9841242974849359,0.9690940245240225,0.9837523348064781,0.9525350758320735,0.9823517832098712,-0.9562104939181758,0.9998738296911496,0.9823757767443453,0.9807464602557544,0.9806286676549932,0.9834327103806048,0.9775290424258105,0.9769227710244072,0.9807331713728235,0.9825258667693846,0.9886641155642213,1.0,0.9321318195755945,0.6603812422938033,0.9722869717953023,0.9025141093929702,0.23432199822000277,-0.2937412289251656,0.9105531937502309,0.9350509820533452,0.9398492095905959,0.9789212765051368,0.953785374447323,0.9665906855858016,0.9625834726345464,0.9366269548271651,0.9599582901329706,0.9568040848087671,0.9668122669733021],[0.9214546713069619,0.9108933504452407,0.8304107696195421,0.9070292700379238,0.8086908430071916,0.865892053659147,-0.7819378708150352,0.9258704265881905,0.8553722599906937,0.9336189566008944,0.9328889847573437,0.9238498441778333,0.9173599204656132,0.9251216632250013,0.9336282907547537,0.889610087998753,0.9392337684563348,0.9321318195755945,1.0,0.8359758729950236,0.8589981239253411,0.873456977718686,0.6676616995217054,-0.5302023345981415,0.703292232469766,0.8984844791665668,0.8048920944768658,0.9581156187118511,0.9358466543085169,0.9009010938724051,0.9448812961443226,0.8960006070696402,0.8995187241237065,0.8479423293454876,0.8814685109427195],[0.7273815081056388,0.7419115598366112,0.6136835050583558,0.695968428165368,0.5759324681089242,0.6945889061538421,-0.5920804289947427,0.662135679276233,0.5858939497099611,0.6087447737145071,0.6047818335606332,0.6583894779269943,0.5446546868852346,0.4191782608297227,0.604842091328737,0.6915755119388416,0.6507223289024779,0.6603812422938033,0.8359758729950236,1.0,0.6210126863793697,0.7319475851250531,0.7278381103057555,-0.11672634771994593,0.5378473425982868,0.7120938348640987,0.6262562455311851,0.7849843887101011,0.7177380197592412,0.6522177733664947,0.7552800194284567,0.7609130395600542,0.6877507855211444,0.6522714441164021,0.697312532532207],[0.985495614596136,0.9677786390928019,0.9908789678816401,0.9935783182312763,0.9895285417643148,0.9680627883794328,-0.9465365689040982,0.9734341246394099,0.9687232508214979,0.9968459747355559,0.9971269009597815,0.996047792564522,0.9868282238986716,0.9819128679530417,0.9969491141980412,0.966336211511084,0.9889877902369364,0.9722869717953023,0.8589981239253411,0.6210126863793697,1.0,0.9005608549079336,0.3147936833004912,-0.2878009584248166,0.8824003156374675,0.9512393665399552,0.9718399509364288,0.9399451375100988,0.9458409888093624,0.971152863067726,0.9408940115635566,0.9087351485003083,0.9691998668139193,0.9561578479560658,0.9266532483042146],[0.9251561837238411,0.9054035268481212,0.9184832367404867,0.9272416082324233,0.9144387768435895,0.8964977825565905,-0.8896867696158297,0.8980336462735589,0.9103241148706327,0.907268154980307,0.9066293119885708,0.9220169378002248,0.8992067043576271,0.8894313711047065,0.906798298516306,0.8916631174888783,0.902235254437341,0.9025141093929702,0.873456977718686,0.7319475851250531,0.9005608549079336,1.0,0.35851130266905445,-0.1902065348036153,0.7040707061838964,0.9188028110342529,0.8913751230316135,0.8989897854528854,0.8524140155473368,0.9268376235596327,0.869993705186684,0.8414080047492648,0.9235839585858102,0.8699714713627097,0.8492264853586889],[0.414027616346418,0.41469249444152384,0.24735563902686428,0.38838261384756,0.22098872013137,0.2833322385930857,-0.14193634152021237,0.26911888867205813,0.12741339416735192,-0.05869694648512611,-0.07343808761557462,0.1412703145742256,-0.3526749107060938,-0.7285639227359882,-0.071675304628313,0.14700140878791046,-0.017640958326051143,0.23432199822000277,0.6676616995217054,0.7278381103057555,0.3147936833004912,0.35851130266905445,1.0,-0.3891220041406723,0.2824382364412036,0.3632786035270946,0.20115439754628298,0.4952072442190822,0.4899779405386604,0.34756864593686887,0.5119212761978801,0.4281863865953547,0.37021400410840327,0.29091668350187383,0.40340234253773616],[-0.30336131187713544,-0.22995742203593147,-0.2275790404882978,-0.2943806065803318,-0.22016732981542836,-0.2179100078498274,0.15399921059295346,-0.31200216002943626,-0.2323174553965511,0.41808764119621716,0.4135162912150298,-0.1969587927060779,0.43807734024768036,0.41351335558393004,0.41336080572165484,-0.19690067042765796,0.4352061506414522,-0.2937412289251656,-0.5302023345981415,-0.11672634771994593,-0.2878009584248166,-0.1902065348036153,-0.3891220041406723,1.0,-0.15105421723635262,-0.3175574273483891,-0.17880415313068976,-0.3891118396813342,-0.37833190092593183,-0.32439919501513553,-0.34593570489046244,-0.20551732968910538,-0.34935918948655276,-0.18114778255418876,-0.31750558842445725],[0.900251463051971,0.8757361803382954,0.9008402423353625,0.8967321112630888,0.8794385023927863,0.9346738569915652,-0.9017182874325598,0.905305251016142,0.8858562058070628,0.909134519421624,0.908244856903309,0.9180011099824005,0.8981556042159835,0.8693935260259777,0.9079920386300336,0.9428047094874025,0.9298352497308691,0.9105531937502309,0.703292232469766,0.5378473425982868,0.8824003156374675,0.7040707061838964,0.2824382364412036,-0.15105421723635262,1.0,0.8190258251292925,0.8834928535830345,0.8132745679405037,0.8595759837016357,0.8265303027810249,0.8676262920386314,0.8628383191429042,0.8571405643894919,0.866903883038723,0.8957604343546663],[0.9633022490365423,0.9525488536049808,0.9437728442810133,0.9629786923614928,0.9352741349455403,0.9450648302006622,-0.9120421156816307,0.9386365397352723,0.9229857704736254,0.9404914450597303,0.9401506922689101,0.9515986411039998,0.933431223324867,0.9286746016596084,0.9380451793690675,0.941395892840162,0.9425223591882054,0.9350509820533452,0.8984844791665668,0.7120938348640987,0.9512393665399552,0.9188028110342529,0.3632786035270946,-0.3175574273483891,0.8190258251292925,1.0,0.9308800505606192,0.9453852708948343,0.9267001865552355,0.9422707298861372,0.9301074209370939,0.8990808041204045,0.9546065328417677,0.9213332664170861,0.9059780423069508],[0.9570166416039759,0.9561899480097261,0.9805169367378879,0.9632685070789072,0.9772572990575611,0.9612522358223854,-0.9598441441360581,0.9398710267169658,0.9620158760610209,0.9682496832881758,0.9690768348346943,0.9586421199001499,0.9789435756705733,0.9782892596579679,0.9685048896705166,0.9580430800479565,0.9666337064801401,0.9398492095905959,0.8048920944768658,0.6262562455311851,0.9718399509364288,0.8913751230316135,0.20115439754628298,-0.17880415313068976,0.8834928535830345,0.9308800505606192,1.0,0.9059572018928558,0.8868652829352162,0.9408003479375566,0.887686587424647,0.8848530141838065,0.94650847058153,0.9719299163320474,0.8856677378474287],[0.980330444194826,0.9592053194618654,0.9302783191435819,0.9708929706898047,0.9090146205226854,0.9588189832171596,-0.902399453944019,0.9784482961602702,0.9355607341398399,0.9625993285252076,0.962105513399571,0.9655064438572685,0.9464931818128391,0.9396866519775737,0.9624420685695189,0.9622130308252477,0.975332450032268,0.9789212765051368,0.9581156187118511,0.7849843887101011,0.9399451375100988,0.8989897854528854,0.4952072442190822,-0.3891118396813342,0.8132745679405037,0.9453852708948343,0.9059572018928558,1.0,0.9857713009666509,0.9644189218486,0.990019414712489,0.9514944207536131,0.9594121222797679,0.9132187557771394,0.9669003215619483],[0.9656240654425341,0.9521622381419715,0.9152062512101216,0.9626158304566954,0.9008616498770161,0.9308441108691673,-0.8651826139477771,0.9543947106533873,0.899956565830085,0.9460622634929577,0.9448653950835663,0.9538800482815003,0.9102699127052954,0.8944995583657135,0.9454478978646477,0.9279182803430649,0.9498722417967825,0.953785374447323,0.9358466543085169,0.7177380197592412,0.9458409888093624,0.8524140155473368,0.4899779405386604,-0.37833190092593183,0.8595759837016357,0.9267001865552355,0.8868652829352162,0.9857713009666509,1.0,0.951177593932478,0.9833345647286734,0.9548523761954958,0.9374007215227425,0.9206515638967976,0.9617370275582876],[0.9763138542352705,0.966291439445461,0.9665225020091096,0.9788625375090638,0.9604589370062423,0.9535192241974373,-0.9292950612665141,0.9681783340646247,0.9579860808647352,0.9676653456240115,0.9677805367119655,0.9738595328449665,0.9495926835781602,0.9411602047165001,0.9677708843041528,0.9500317224427683,0.965545298595833,0.9665906855858016,0.9009010938724051,0.6522177733664947,0.971152863067726,0.9268376235596327,0.34756864593686887,-0.32439919501513553,0.8265303027810249,0.9422707298861372,0.9408003479375566,0.9644189218486,0.951177593932478,1.0,0.9529545629845891,0.9156192580344732,0.9762767644243043,0.9582201838608643,0.9413774961197043],[0.972709432780321,0.9576737718063837,0.9211587008835359,0.9626875051190645,0.8988307449476777,0.9532419337111475,-0.8943861504738048,0.9640246160654528,0.9193063826156148,0.9431801869461506,0.9421901573304204,0.9536001297480237,0.9183783232687731,0.9165951904763524,0.9428910180428492,0.954260583317294,0.9579172185558492,0.9625834726345464,0.9448812961443226,0.7552800194284567,0.9408940115635566,0.869993705186684,0.5119212761978801,-0.34593570489046244,0.8676262920386314,0.9301074209370939,0.887686587424647,0.990019414712489,0.9833345647286734,0.9529545629845891,1.0,0.9735268429344902,0.9444247807942409,0.93730025321632,0.9625137458709419],[0.9454600950710063,0.9437740584918696,0.904976801776565,0.9336498024561474,0.8775322000122538,0.9549054094908127,-0.909636914309601,0.936770867118068,0.9044875525748145,0.9183616100760014,0.9170298168418975,0.9315887810767919,0.8890582302401828,0.8680559053485006,0.9176008002019128,0.9542791095372748,0.9419738208426253,0.9366269548271651,0.8960006070696402,0.7609130395600542,0.9087351485003083,0.8414080047492648,0.4281863865953547,-0.20551732968910538,0.8628383191429042,0.8990808041204045,0.8848530141838065,0.9514944207536131,0.9548523761954958,0.9156192580344732,0.9735268429344902,1.0,0.9066153624336521,0.9319956011253705,0.9535559481186201],[0.9808174553835008,0.970104376877787,0.9673796062437194,0.9787700904020366,0.956289073103308,0.9587420599906913,-0.929364377268028,0.9606736202810325,0.9479169320847066,0.9670631352218645,0.9672469935578168,0.9738109067471682,0.9656021881066026,0.9676237339762329,0.967163237079903,0.9610710431803562,0.9727869152346398,0.9599582901329706,0.8995187241237065,0.6877507855211444,0.9691998668139193,0.9235839585858102,0.37021400410840327,-0.34935918948655276,0.8571405643894919,0.9546065328417677,0.94650847058153,0.9594121222797679,0.9374007215227425,0.9762767644243043,0.9444247807942409,0.9066153624336521,1.0,0.9551492532312952,0.9407570724163465],[0.9718639830607515,0.9621884050309197,0.9746427564928183,0.9705003049068818,0.9622659461611396,0.9774283816856301,-0.9655908402549478,0.958866230570545,0.9707724664099007,0.9809513668947253,0.981427942013841,0.9690449626892349,0.9806598383415838,0.9790636164682031,0.981354652956161,0.9768605111320227,0.9854855022405072,0.9568040848087671,0.8479423293454876,0.6522714441164021,0.9561578479560658,0.8699714713627097,0.29091668350187383,-0.18114778255418876,0.866903883038723,0.9213332664170861,0.9719299163320474,0.9132187557771394,0.9206515638967976,0.9582201838608643,0.93730025321632,0.9319956011253705,0.9551492532312952,1.0,0.9179408952837176],[0.9545524657090797,0.9488039136583127,0.9220665732002706,0.9454512196945977,0.8971523673457172,0.9555247787268346,-0.9101522699957718,0.965611630495746,0.923987368989922,0.9414655895932813,0.9407417919452665,0.9503008294782046,0.9338915984404638,0.9262390783116388,0.9412082658162841,0.9601794450558739,0.9632342100698723,0.9668122669733021,0.8814685109427195,0.697312532532207,0.9266532483042146,0.8492264853586889,0.40340234253773616,-0.31750558842445725,0.8957604343546663,0.9059780423069508,0.8856677378474287,0.9669003215619483,0.9617370275582876,0.9413774961197043,0.9625137458709419,0.9535559481186201,0.9407570724163465,0.9179408952837176,1.0]],"x":["^TAIEX       \u81fa\u7063\u52a0\u6b0a\u5831\u916c\u6307\u6578","^TWII        \u81fa\u7063\u52a0\u6b0a\u6307\u6578","^TAIEXx2     \u81fa\u7063\u52a0\u6b0a\u5831\u916c\u6307\u6578_\u65e5\u6b632","^TAI50I      \u81fa\u706350\u5831\u916c\u6307\u6578","^TAI50Ix2    \u81fa\u706350\u5831\u916c\u6307\u6578_\u65e5\u6b632","^TAI100I     \u81fa\u7063\u4e2d\u578b100\u5831\u916c\u6307\u6578","^TAI100Ix2   \u81fa\u7063\u4e2d\u578b100\u5831\u916c\u6307\u6578_\u65e5\u6b632","^TAIDIVIDI   \u81fa\u7063\u9ad8\u80a1\u606f\u5831\u916c\u6307\u6578","^TAIDIVIDIx2 \u81fa\u7063\u9ad8\u80a1\u606f\u5831\u916c\u6307\u6578_\u65e5\u6b632","0050Fund     \u5143\u5927\u53f0\u7063\u5353\u8d8a50\u57fa\u91d1","006208Fund   \u5bcc\u90a6\u53f0\u7063\u91c6\u540950\u57fa\u91d1","0050         \u5143\u5927\u81fa\u706350","00631L       \u5143\u5927\u53f0\u706350\u6b632","00675L       \u5bcc\u90a6\u81fa\u7063\u52a0\u6b0a\u6b632","006208       \u5bcc\u90a6\u53f050","0051         \u5143\u5927\u4e2d\u578b100","006204       \u6c38\u8c50\u81fa\u7063\u52a0\u6b0a","0056         \u5143\u5927\u9ad8\u80a1\u606f","2412         \u4e2d\u83ef\u96fb\u4fe1","2002         \u4e2d\u92fc","2330         \u53f0\u7a4d\u96fb","2317         \u9d3b\u6d77","6505         \u53f0\u5851\u77f3\u5316","3481         \u7fa4\u5275","2303         \u806f\u96fb","2308         \u53f0\u9054\u96fb","2454         \u806f\u767c\u79d1","2886         \u5146\u8c50\u91d1","2884         \u7389\u5c71\u91d1","2891         \u4e2d\u4fe1\u91d1","2892         \u7b2c\u4e00\u91d1","5880         \u5408\u5eab\u91d1","2881         \u5bcc\u90a6\u91d1","2885         \u5143\u5927\u91d1","2887         \u53f0\u65b0\u91d1"],"y":["^TAIEX       \u81fa\u7063\u52a0\u6b0a\u5831\u916c\u6307\u6578","^TWII        \u81fa\u7063\u52a0\u6b0a\u6307\u6578","^TAIEXx2     \u81fa\u7063\u52a0\u6b0a\u5831\u916c\u6307\u6578_\u65e5\u6b632","^TAI50I      \u81fa\u706350\u5831\u916c\u6307\u6578","^TAI50Ix2    \u81fa\u706350\u5831\u916c\u6307\u6578_\u65e5\u6b632","^TAI100I     \u81fa\u7063\u4e2d\u578b100\u5831\u916c\u6307\u6578","^TAI100Ix2   \u81fa\u7063\u4e2d\u578b100\u5831\u916c\u6307\u6578_\u65e5\u6b632","^TAIDIVIDI   \u81fa\u7063\u9ad8\u80a1\u606f\u5831\u916c\u6307\u6578","^TAIDIVIDIx2 \u81fa\u7063\u9ad8\u80a1\u606f\u5831\u916c\u6307\u6578_\u65e5\u6b632","0050Fund     \u5143\u5927\u53f0\u7063\u5353\u8d8a50\u57fa\u91d1","006208Fund   \u5bcc\u90a6\u53f0\u7063\u91c6\u540950\u57fa\u91d1","0050         \u5143\u5927\u81fa\u706350","00631L       \u5143\u5927\u53f0\u706350\u6b632","00675L       \u5bcc\u90a6\u81fa\u7063\u52a0\u6b0a\u6b632","006208       \u5bcc\u90a6\u53f050","0051         \u5143\u5927\u4e2d\u578b100","006204       \u6c38\u8c50\u81fa\u7063\u52a0\u6b0a","0056         \u5143\u5927\u9ad8\u80a1\u606f","2412         \u4e2d\u83ef\u96fb\u4fe1","2002         \u4e2d\u92fc","2330         \u53f0\u7a4d\u96fb","2317         \u9d3b\u6d77","6505         \u53f0\u5851\u77f3\u5316","3481         \u7fa4\u5275","2303         \u806f\u96fb","2308         \u53f0\u9054\u96fb","2454         \u806f\u767c\u79d1","2886         \u5146\u8c50\u91d1","2884         \u7389\u5c71\u91d1","2891         \u4e2d\u4fe1\u91d1","2892         \u7b2c\u4e00\u91d1","5880         \u5408\u5eab\u91d1","2881         \u5bcc\u90a6\u91d1","2885         \u5143\u5927\u91d1","2887         \u53f0\u65b0\u91d1"],"zmin":-1,"zmax":1,"colorbar":{"x":-0.2}}],"layout":{"autotypenumbers":"strict","colorway":["#636efa","#EF553B","#00cc96","#ab63fa","#FFA15A","#19d3f3","#FF6692","#B6E880","#FF97FF","#FECB52"],"font":{"color":"#f2f5fa","family":"Courier New"},"hovermode":"closest","hoverlabel":{"align":"left"},"paper_bgcolor":"rgb(17,17,17)","plot_bgcolor":"rgb(17,17,17)","polar":{"bgcolor":"rgb(17,17,17)","angularaxis":{"gridcolor":"#506784","linecolor":"#506784","ticks":""},"radialaxis":{"gridcolor":"#506784","linecolor":"#506784","ticks":""}},"ternary":{"bgcolor":"rgb(17,17,17)","aaxis":{"gridcolor":"#506784","linecolor":"#506784","ticks":""},"baxis":{"gridcolor":"#506784","linecolor":"#506784","ticks":""},"caxis":{"gridcolor":"#506784","linecolor":"#506784","ticks":""}},"coloraxis":{"colorbar":{"outlinewidth":0,"ticks":""}},"colorscale":{"sequential":[[0.0,"#0d0887"],[0.1111111111111111,"#46039f"],[0.2222222222222222,"#7201a8"],[0.3333333333333333,"#9c179e"],[0.4444444444444444,"#bd3786"],[0.5555555555555556,"#d8576b"],[0.6666666666666666,"#ed7953"],[0.7777777777777778,"#fb9f3a"],[0.8888888888888888,"#fdca26"],[1.0,"#f0f921"]],"sequentialminus":[[0.0,"#0d0887"],[0.1111111111111111,"#46039f"],[0.2222222222222222,"#7201a8"],[0.3333333333333333,"#9c179e"],[0.4444444444444444,"#bd3786"],[0.5555555555555556,"#d8576b"],[0.6666666666666666,"#ed7953"],[0.7777777777777778,"#fb9f3a"],[0.8888888888888888,"#fdca26"],[1.0,"#f0f921"]],"diverging":[[0,"#8e0152"],[0.1,"#c51b7d"],[0.2,"#de77ae"],[0.3,"#f1b6da"],[0.4,"#fde0ef"],[0.5,"#f7f7f7"],[0.6,"#e6f5d0"],[0.7,"#b8e186"],[0.8,"#7fbc41"],[0.9,"#4d9221"],[1,"#276419"]]},"xaxis":{"gridcolor":"rgba(0, 0, 0, 0)","linecolor":"#506784","ticks":"","title":{"standoff":15},"zerolinecolor":"#283442","automargin":true,"zerolinewidth":2,"tickfont":{"family":"Courier New","size":14},"side":"top","tickangle":-90},"yaxis":{"gridcolor":"rgba(0, 0, 0, 0)","linecolor":"#506784","ticks":"","title":{"standoff":15},"zerolinecolor":"#283442","automargin":true,"zerolinewidth":2,"tickfont":{"family":"Courier New"},"side":"right"},"scene":{"xaxis":{"backgroundcolor":"rgb(17,17,17)","gridcolor":"#506784","linecolor":"#506784","showbackground":true,"ticks":"","zerolinecolor":"#C8D4E3","gridwidth":2},"yaxis":{"backgroundcolor":"rgb(17,17,17)","gridcolor":"#506784","linecolor":"#506784","showbackground":true,"ticks":"","zerolinecolor":"#C8D4E3","gridwidth":2},"zaxis":{"backgroundcolor":"rgb(17,17,17)","gridcolor":"#506784","linecolor":"#506784","showbackground":true,"ticks":"","zerolinecolor":"#C8D4E3","gridwidth":2}},"shapedefaults":{"line":{"color":"#f2f5fa"}},"annotationdefaults":{"arrowcolor":"#f2f5fa","arrowhead":0,"arrowwidth":1},"geo":{"bgcolor":"rgb(17,17,17)","landcolor":"rgb(17,17,17)","subunitcolor":"#506784","showland":true,"showlakes":true,"lakecolor":"rgb(17,17,17)"},"title":{"x":0.05,"font":{"family":"Times New Roman"},"y":0.05,"text":"<b>Correlation of Adj Close<b><br><i>2016-09-23 ~ 2025-09-11<i>"},"updatemenudefaults":{"bgcolor":"#506784","borderwidth":0},"sliderdefaults":{"bgcolor":"#C8D4E3","borderwidth":1,"bordercolor":"rgb(17,17,17)","tickwidth":0},"mapbox":{"style":"dark"},"annotations":[{"text":"<b>@zwindr<b>","textangle":0,"opacity":0.5,"font":{"color":"white","size":12},"xref":"paper","yref":"paper","xanchor":"left","yanchor":"bottom","x":1.0,"y":1.0,"showarrow":false}]},"config":{"responsive":true,"toImageButtonOptions":{"filename":"Correlation of Adj Close_2016-09-23~2025-09-11","scale":5}}};Plotly.newPlot("correlationAdjClose",correlationAdjClose.data,correlationAdjClose.layout||{},correlationAdjClose.config);}else{console.log("style display is none => correlationAdjClose");}