var element=document.getElementById("correlationClose");if(element.style.display!='none'){var correlationClose={"data":[{"type":"heatmap","z":[[1.0,0.9999999999999982,1.0,0.9951178670087104,0.9951178670087104,0.9671763790540329,0.9671763790540329,0.907952050471368,0.907952050471368,0.8218972970592361,0.9945907689502174,0.7804160616021469,0.9925612096774501,0.9927886166202385,0.9946418786926454,0.9748989455403875,0.9991026808818584,0.9175742577481686,0.9175742577481686,0.7818571257992497,-0.15141351926437846,0.978586659193237,0.18034745548975575,-0.11365563661206993,-0.2512237670704874,0.8144098058833518,0.9063211997605927,0.916323374396153,0.9248850087717251,0.7833712474045149,0.5735137716812024,0.6410096275047069,0.6290335811705859,0.9352543083858499,0.8387854775132918,0.19902899686669384],[0.9999999999999982,1.0,0.9999999999999984,0.9950866072304684,0.9950866072304684,0.9666602408609627,0.9666602408609627,0.9088615579612415,0.9088615579612415,0.8233806231110324,0.9945840285485981,0.7806642973420169,0.9922762631210911,0.9922866207845281,0.9946429709053478,0.9743606484275839,0.9991036997473925,0.9176968020430895,0.9176968020430895,0.8001993405313669,0.060672136829466185,0.970643941821744,-0.031998613025174226,-0.10635872280023602,-0.2514426477606605,0.6494469608104347,0.9071693851154241,0.8925545526194647,0.9195628114353531,0.7937278973702951,0.5655511327718206,0.6384448601766187,0.6543239852776642,0.93306878256242,0.6984547303069887,0.19615307955482464],[1.0,0.9999999999999984,1.0,0.9951178670087104,0.9951178670087104,0.9671763790540329,0.9671763790540329,0.907952050471368,0.907952050471368,0.8218972970592361,0.9945907689502174,0.7804160616021469,0.9925612096774501,0.9927886166202385,0.9946418786926454,0.9748989455403875,0.9991026808818584,0.9175742577481686,0.9175742577481686,0.7818571257992497,-0.15141351926437846,0.978586659193237,0.18034745548975575,-0.11365563661206993,-0.2512237670704874,0.8144098058833518,0.9063211997605927,0.916323374396153,0.9248850087717251,0.7833712474045149,0.5735137716812024,0.6410096275047069,0.6290335811705859,0.9352543083858499,0.8387854775132918,0.19902899686669384],[0.9951178670087104,0.9950866072304684,0.9951178670087104,1.0,1.0,0.9540521815931159,0.9540521815931159,0.8921248651040973,0.8921248651040973,0.7949092331338439,0.999551734331352,0.7516990925972067,0.991496707776687,0.988755953044141,0.9995116135238804,0.9574415420095488,0.994838936979566,0.8925803480012974,0.8925803480012974,0.755954880379302,-0.15963538313002268,0.9908940991908803,0.20771920964641163,-0.1499035270662033,-0.25120365086463486,0.8044390166832935,0.9190913867017105,0.9171222375570577,0.9085093906953152,0.7875922588493414,0.6026528038816223,0.633738593917093,0.5983437369341476,0.9253835679041109,0.8288531994033296,0.21132134390728205],[0.9951178670087104,0.9950866072304684,0.9951178670087104,1.0,1.0,0.9540521815931159,0.9540521815931159,0.8921248651040973,0.8921248651040973,0.7949092331338439,0.999551734331352,0.7516990925972067,0.991496707776687,0.988755953044141,0.9995116135238804,0.9574415420095488,0.994838936979566,0.8925803480012974,0.8925803480012974,0.755954880379302,-0.15963538313002268,0.9908940991908803,0.20771920964641163,-0.1499035270662033,-0.25120365086463486,0.8044390166832935,0.9190913867017105,0.9171222375570577,0.9085093906953152,0.7875922588493414,0.6026528038816223,0.633738593917093,0.5983437369341476,0.9253835679041109,0.8288531994033296,0.21132134390728205],[0.9671763790540329,0.9666602408609627,0.9671763790540329,0.9540521815931159,0.9540521815931159,1.0,1.0,0.9328710857089171,0.9328710857089171,0.7945513476710404,0.9533993726293646,0.7780430363096753,0.9695172833666007,0.9669375593701595,0.9532788532878562,0.9990807775400189,0.9747061205358254,0.9184920019726515,0.9184920019726515,0.6483922388413792,-0.10098132162241565,0.9396721040950375,0.33305408768950856,-0.2951076009214521,-0.12131413682352318,0.8828073884762494,0.8586906516595967,0.9338657769104345,0.9005387609999745,0.7487791275729988,0.7576240459647385,0.7421293022327359,0.7038118383434384,0.8663710952743348,0.8686130222466173,0.47643947311140605],[0.9671763790540329,0.9666602408609627,0.9671763790540329,0.9540521815931159,0.9540521815931159,1.0,1.0,0.9328710857089171,0.9328710857089171,0.7945513476710404,0.9533993726293646,0.7780430363096753,0.9695172833666007,0.9669375593701595,0.9532788532878562,0.9990807775400189,0.9747061205358254,0.9184920019726515,0.9184920019726515,0.6483922388413792,-0.10098132162241565,0.9396721040950375,0.33305408768950856,-0.2951076009214521,-0.12131413682352318,0.8828073884762494,0.8586906516595967,0.9338657769104345,0.9005387609999745,0.7487791275729988,0.7576240459647385,0.7421293022327359,0.7038118383434384,0.8663710952743348,0.8686130222466173,0.47643947311140605],[0.907952050471368,0.9088615579612415,0.907952050471368,0.8921248651040973,0.8921248651040973,0.9328710857089171,0.9328710857089171,1.0,1.0,0.7454785892677103,0.9377599292876696,0.7618020481235195,0.9401395431552892,0.9348580666436895,0.9376740139015707,0.9340378808964331,0.9455192345682064,0.9709704329781544,0.9709704329781544,0.5926736825261371,0.020043889264253795,0.8548698740343272,0.5605470985468524,-0.3211407157480747,0.012777987358790854,0.7887959465205285,0.7581780166362095,0.8778624604497528,0.8550629656287625,0.7617759300804995,0.8807802889077528,0.7846477926264546,0.7164075691907074,0.799308311035631,0.854622956312425,0.8065401937946229],[0.907952050471368,0.9088615579612415,0.907952050471368,0.8921248651040973,0.8921248651040973,0.9328710857089171,0.9328710857089171,1.0,1.0,0.7454785892677103,0.9377599292876696,0.7618020481235195,0.9401395431552892,0.9348580666436895,0.9376740139015707,0.9340378808964331,0.9455192345682064,0.9709704329781544,0.9709704329781544,0.5926736825261371,0.020043889264253795,0.8548698740343272,0.5605470985468524,-0.3211407157480747,0.012777987358790854,0.7887959465205285,0.7581780166362095,0.8778624604497528,0.8550629656287625,0.7617759300804995,0.8807802889077528,0.7846477926264546,0.7164075691907074,0.799308311035631,0.854622956312425,0.8065401937946229],[0.8218972970592361,0.8233806231110324,0.8218972970592361,0.7949092331338439,0.7949092331338439,0.7945513476710404,0.7945513476710404,0.7454785892677103,0.7454785892677103,1.0,0.684019901078655,0.9999698453147989,0.6156626326675991,0.5260457557262668,0.6857742888690739,0.7899311346069252,0.7389452041794708,0.8215434863167658,0.8215434863167658,0.6967238426168293,-0.09954720846279277,0.7675830564194348,0.038239468125321266,0.048353749178795126,-0.24310908365006864,0.7892721091611625,0.5603475245980442,0.7684727616527838,0.8183528111405065,0.6887039452571673,0.360459856992777,0.5335185400253933,0.5651632722202355,0.7986262960909084,0.6643581125423874,0.17258987382566007],[0.9945907689502174,0.9945840285485981,0.9945907689502174,0.999551734331352,0.999551734331352,0.9533993726293646,0.9533993726293646,0.9377599292876696,0.9377599292876696,0.684019901078655,1.0,0.683879802833965,0.99121713844751,0.9887939003233542,0.9999298096714274,0.95287720208492,0.9938991302963031,0.9036151187092385,0.9036151187092385,0.8537188809621262,0.0024798203867873775,0.996570910564382,0.891568424830623,-0.5156034224203578,0.3329708099767145,0.8194828583256043,0.884324861307522,0.9349229618242668,0.90271512547721,0.8117700594683814,0.9178454211446145,0.8670133386548834,0.7727779035518639,0.9058112032389477,0.9448228889309682,0.7835022032624027],[0.7804160616021469,0.7806642973420169,0.7804160616021469,0.7516990925972067,0.7516990925972067,0.7780430363096753,0.7780430363096753,0.7618020481235195,0.7618020481235195,0.9999698453147989,0.683879802833965,1.0,0.6136388947760663,0.5234277038274062,0.6842527564475134,0.7811951426681625,0.7375666846174758,0.8174203966781264,0.8174203966781264,0.6576084612594638,0.0280730847073875,0.726099369428624,0.4341723770205656,-0.17194062221289924,-0.2306016491943236,0.8209999392919728,0.4652585117360178,0.743240694490538,0.791222945605617,0.7145179474252602,0.589900903969306,0.7103382182649584,0.6846212185647189,0.7571407762681901,0.6551398525018169,0.6779995640104152],[0.9925612096774501,0.9922762631210911,0.9925612096774501,0.991496707776687,0.991496707776687,0.9695172833666007,0.9695172833666007,0.9401395431552892,0.9401395431552892,0.6156626326675991,0.99121713844751,0.6136388947760663,1.0,0.9997780076501709,0.9912076116052971,0.9670208048610881,0.9904886453050621,0.8914794394791429,0.8914794394791429,0.8330328641611362,0.028030947020154975,0.9895640614298635,0.9113974293833226,-0.6684417730492553,0.39802685209261474,0.7891730941519232,0.8932537805729887,0.9416909819989157,0.8918269135841401,0.7481517092290255,0.9186073023050284,0.8445864130644173,0.7504047685999784,0.8907712642503874,0.9573139937964824,0.8101245448938785],[0.9927886166202385,0.9922866207845281,0.9927886166202385,0.988755953044141,0.988755953044141,0.9669375593701595,0.9669375593701595,0.9348580666436895,0.9348580666436895,0.5260457557262668,0.9887939003233542,0.5234277038274062,0.9997780076501709,1.0,0.9889326697557058,0.9636047786243956,0.9898060732239414,0.8757056072744854,0.8757056072744854,0.8545135884463917,-0.09805787793985239,0.9856852382555719,0.9191047055135478,-0.838251671782638,0.4327078420106722,0.7374839673038464,0.898354573355354,0.9348947682941336,0.8774449363917264,0.6816709631366921,0.9265751960817402,0.8359532367062636,0.6917310265869273,0.9147002962351346,0.9580296100724781,0.7804791533549302],[0.9946418786926454,0.9946429709053478,0.9946418786926454,0.9995116135238804,0.9995116135238804,0.9532788532878562,0.9532788532878562,0.9376740139015707,0.9376740139015707,0.6857742888690739,0.9999298096714274,0.6842527564475134,0.9912076116052971,0.9889326697557058,1.0,0.9528859294069889,0.9939729782411829,0.9040103506341969,0.9040103506341969,0.8545865293656422,0.0019156068200284536,0.9964511672394045,0.8911771218052572,-0.5131315292034584,0.33290489316083777,0.8197389749674288,0.8829866979250053,0.9341706555761513,0.9030744773460806,0.8130644587781464,0.9174538881396552,0.8681166550490321,0.7737341126235764,0.9058710210582894,0.9449141347443686,0.7843028153945314],[0.9748989455403875,0.9743606484275839,0.9748989455403875,0.9574415420095488,0.9574415420095488,0.9990807775400189,0.9990807775400189,0.9340378808964331,0.9340378808964331,0.7899311346069252,0.95287720208492,0.7811951426681625,0.9670208048610881,0.9636047786243956,0.9528859294069889,1.0,0.9755042768598303,0.9187634973260607,0.9187634973260607,0.6967248628740279,-0.08591281346719372,0.9465694805075782,0.6545971945032331,-0.4269075048025392,-0.16866336891168637,0.8943160717822219,0.8526613585768108,0.9299399494332391,0.9077526298379611,0.7851016043176726,0.8602685109628061,0.7890233218772481,0.7603455895798773,0.8878108324418074,0.8659153922408159,0.7947779816045971],[0.9991026808818584,0.9991036997473925,0.9991026808818584,0.994838936979566,0.994838936979566,0.9747061205358254,0.9747061205358254,0.9455192345682064,0.9455192345682064,0.7389452041794708,0.9938991302963031,0.7375666846174758,0.9904886453050621,0.9898060732239414,0.9939729782411829,0.9755042768598303,1.0,0.9294156559638811,0.9294156559638811,0.8637322952673868,0.016722205039929272,0.9874657922973168,0.8600148032488596,-0.4947443435753235,0.35252162534081405,0.8655949986717358,0.8751032723289824,0.9457827730687939,0.9317602114626735,0.8336897770025443,0.9059943123196459,0.8982363821877208,0.8149161428951004,0.9191064796536914,0.9536542368321287,0.8384746746676252],[0.9175742577481686,0.9176968020430895,0.9175742577481686,0.8925803480012974,0.8925803480012974,0.9184920019726515,0.9184920019726515,0.9709704329781544,0.9709704329781544,0.8215434863167658,0.9036151187092385,0.8174203966781264,0.8914794394791429,0.8757056072744854,0.9040103506341969,0.9187634973260607,0.9294156559638811,1.0,1.0,0.7451694776642366,-0.03991847938020143,0.8564236997191729,0.5570919534224884,-0.20607111412016352,-0.208309628638636,0.8292478679324701,0.7280401295142617,0.8399433734345485,0.9182226482315692,0.8409677341985248,0.7993712312272082,0.7599212998325311,0.7076382351094018,0.84767571076662,0.7814797990057829,0.8541195657917919],[0.9175742577481686,0.9176968020430895,0.9175742577481686,0.8925803480012974,0.8925803480012974,0.9184920019726515,0.9184920019726515,0.9709704329781544,0.9709704329781544,0.8215434863167658,0.9036151187092385,0.8174203966781264,0.8914794394791429,0.8757056072744854,0.9040103506341969,0.9187634973260607,0.9294156559638811,1.0,1.0,0.7451694776642366,-0.03991847938020143,0.8564236997191729,0.5570919534224884,-0.20607111412016352,-0.208309628638636,0.8292478679324701,0.7280401295142617,0.8399433734345485,0.9182226482315692,0.8409677341985248,0.7993712312272082,0.7599212998325311,0.7076382351094018,0.84767571076662,0.7814797990057829,0.8541195657917919],[0.7818571257992497,0.8001993405313669,0.7818571257992497,0.755954880379302,0.755954880379302,0.6483922388413792,0.6483922388413792,0.5926736825261371,0.5926736825261371,0.6967238426168293,0.8537188809621262,0.6576084612594638,0.8330328641611362,0.8545135884463917,0.8545865293656422,0.6967248628740279,0.8637322952673868,0.7451694776642366,0.7451694776642366,1.0,0.030504338308055295,0.7174930264149865,-0.35472594710410094,0.3088599690313894,-0.6560947503460534,0.35921815347884595,0.699829328734166,0.5163649102773772,0.8375880463553211,0.6975813459807451,0.12504004842851588,0.31650937665505424,0.568454378484062,0.7839199134257891,0.4853578065808457,-0.14342954229591534],[-0.15141351926437846,0.060672136829466185,-0.15141351926437846,-0.15963538313002268,-0.15963538313002268,-0.10098132162241565,-0.10098132162241565,0.020043889264253795,0.020043889264253795,-0.09954720846279277,0.0024798203867873775,0.0280730847073875,0.028030947020154975,-0.09805787793985239,0.0019156068200284536,-0.08591281346719372,0.016722205039929272,-0.03991847938020143,-0.03991847938020143,0.030504338308055295,1.0,-0.10328848410447336,0.10108046121499406,0.1608589111545723,0.7481200750475724,-0.0958508704875113,-0.057139502420406024,-0.02108205811243699,0.15470453195897466,-0.006798492863179482,0.03641003021899277,0.3225096128804787,0.5636437150708772,-0.12916907658518692,0.0978946044482385,0.152557481633956],[0.978586659193237,0.970643941821744,0.978586659193237,0.9908940991908803,0.9908940991908803,0.9396721040950375,0.9396721040950375,0.8548698740343272,0.8548698740343272,0.7675830564194348,0.996570910564382,0.726099369428624,0.9895640614298635,0.9856852382555719,0.9964511672394045,0.9465694805075782,0.9874657922973168,0.8564236997191729,0.8564236997191729,0.7174930264149865,-0.10328848410447336,1.0,0.11556802926630139,-0.20692039948460253,-0.3002118637018635,0.6681543118634609,0.9200529986286413,0.9005965722828311,0.8524661202723118,0.7560184331621624,0.6037999045597383,0.600839150470072,0.5286864145347684,0.9044490461516571,0.6773207659613554,0.19256219359687846],[0.18034745548975575,-0.031998613025174226,0.18034745548975575,0.20771920964641163,0.20771920964641163,0.33305408768950856,0.33305408768950856,0.5605470985468524,0.5605470985468524,0.038239468125321266,0.891568424830623,0.4341723770205656,0.9113974293833226,0.9191047055135478,0.8911771218052572,0.6545971945032331,0.8600148032488596,0.5570919534224884,0.5570919534224884,-0.35472594710410094,0.10108046121499406,0.11556802926630139,1.0,-0.46334851595000237,0.7082536739060316,0.3852581203090291,0.13306610166166494,0.3263327024773025,-0.08218599472864403,0.09131313171933078,0.6045291968286374,0.4851446979244177,0.20396698948728334,0.02399091313694611,0.4016668987408781,0.47253843925056377],[-0.11365563661206993,-0.10635872280023602,-0.11365563661206993,-0.1499035270662033,-0.1499035270662033,-0.2951076009214521,-0.2951076009214521,-0.3211407157480747,-0.3211407157480747,0.048353749178795126,-0.5156034224203578,-0.17194062221289924,-0.6684417730492553,-0.838251671782638,-0.5131315292034584,-0.4269075048025392,-0.4947443435753235,-0.20607111412016352,-0.20607111412016352,0.3088599690313894,0.1608589111545723,-0.20692039948460253,-0.46334851595000237,1.0,-0.025587096216118085,-0.17119190293536216,-0.20508912582574104,-0.31134009295617415,-0.05377457126322579,-0.08424307501334599,-0.5719977303207691,-0.20807041914485636,-0.029265525216305044,-0.05806810192944655,-0.2308232503210446,-0.41171467142694895],[-0.2512237670704874,-0.2514426477606605,-0.2512237670704874,-0.25120365086463486,-0.25120365086463486,-0.12131413682352318,-0.12131413682352318,0.012777987358790854,0.012777987358790854,-0.24310908365006864,0.3329708099767145,-0.2306016491943236,0.39802685209261474,0.4327078420106722,0.33290489316083777,-0.16866336891168637,0.35252162534081405,-0.208309628638636,-0.208309628638636,-0.6560947503460534,0.7481200750475724,-0.3002118637018635,0.7082536739060316,-0.025587096216118085,1.0,-0.10827880894958965,-0.24197490851367692,-0.06893838614300035,-0.35160522773059266,-0.32984133497806944,0.06410950606299985,0.1581525049561593,0.26133326666267254,-0.37796102755840083,0.10729786899553025,0.0888108663210736],[0.8144098058833518,0.6494469608104347,0.8144098058833518,0.8044390166832935,0.8044390166832935,0.8828073884762494,0.8828073884762494,0.7887959465205285,0.7887959465205285,0.7892721091611625,0.8194828583256043,0.8209999392919728,0.7891730941519232,0.7374839673038464,0.8197389749674288,0.8943160717822219,0.8655949986717358,0.8292478679324701,0.8292478679324701,0.35921815347884595,-0.0958508704875113,0.6681543118634609,0.3852581203090291,-0.17119190293536216,-0.10827880894958965,1.0,0.5440144738604645,0.8396747869813382,0.5002468594529136,0.6320540229071223,0.5542184761907698,0.6615707147448154,0.4279947188595739,0.7080307427157592,0.7059405778580484,0.42130752780593705],[0.9063211997605927,0.9071693851154241,0.9063211997605927,0.9190913867017105,0.9190913867017105,0.8586906516595967,0.8586906516595967,0.7581780166362095,0.7581780166362095,0.5603475245980442,0.884324861307522,0.4652585117360178,0.8932537805729887,0.898354573355354,0.8829866979250053,0.8526613585768108,0.8751032723289824,0.7280401295142617,0.7280401295142617,0.699829328734166,-0.057139502420406024,0.9200529986286413,0.13306610166166494,-0.20508912582574104,-0.24197490851367692,0.5440144738604645,1.0,0.8003711074464913,0.7772774477558048,0.6656858431721696,0.5179687788218229,0.5078481388354761,0.5116003427092726,0.8408426619086026,0.6346544977581976,0.11993239125636831],[0.916323374396153,0.8925545526194647,0.916323374396153,0.9171222375570577,0.9171222375570577,0.9338657769104345,0.9338657769104345,0.8778624604497528,0.8778624604497528,0.7684727616527838,0.9349229618242668,0.743240694490538,0.9416909819989157,0.9348947682941336,0.9341706555761513,0.9299399494332391,0.9457827730687939,0.8399433734345485,0.8399433734345485,0.5163649102773772,-0.02108205811243699,0.9005965722828311,0.3263327024773025,-0.31134009295617415,-0.06893838614300035,0.8396747869813382,0.8003711074464913,1.0,0.7579859190017222,0.6198040840066567,0.6120468622979566,0.6094000344504255,0.5360687901459543,0.8249250523935767,0.8393676652281983,0.22929538407053354],[0.9248850087717251,0.9195628114353531,0.9248850087717251,0.9085093906953152,0.9085093906953152,0.9005387609999745,0.9005387609999745,0.8550629656287625,0.8550629656287625,0.8183528111405065,0.90271512547721,0.791222945605617,0.8918269135841401,0.8774449363917264,0.9030744773460806,0.9077526298379611,0.9317602114626735,0.9182226482315692,0.9182226482315692,0.8375880463553211,0.15470453195897466,0.8524661202723118,-0.08218599472864403,-0.05377457126322579,-0.35160522773059266,0.5002468594529136,0.7772774477558048,0.7579859190017222,1.0,0.9081102008928955,0.5567466973391721,0.6930285768747718,0.6679586668752157,0.881001632470164,0.5183025128563267,0.3058450918300206],[0.7833712474045149,0.7937278973702951,0.7833712474045149,0.7875922588493414,0.7875922588493414,0.7487791275729988,0.7487791275729988,0.7617759300804995,0.7617759300804995,0.6887039452571673,0.8117700594683814,0.7145179474252602,0.7481517092290255,0.6816709631366921,0.8130644587781464,0.7851016043176726,0.8336897770025443,0.8409677341985248,0.8409677341985248,0.6975813459807451,-0.006798492863179482,0.7560184331621624,0.09131313171933078,-0.08424307501334599,-0.32984133497806944,0.6320540229071223,0.6656858431721696,0.6198040840066567,0.9081102008928955,1.0,0.5897797237530414,0.6754746090746032,0.6122579959937762,0.7372405751451934,0.5953771104948073,0.47797705128273693],[0.5735137716812024,0.5655511327718206,0.5735137716812024,0.6026528038816223,0.6026528038816223,0.7576240459647385,0.7576240459647385,0.8807802889077528,0.8807802889077528,0.360459856992777,0.9178454211446145,0.589900903969306,0.9186073023050284,0.9265751960817402,0.9174538881396552,0.8602685109628061,0.9059943123196459,0.7993712312272082,0.7993712312272082,0.12504004842851588,0.03641003021899277,0.6037999045597383,0.6045291968286374,-0.5719977303207691,0.06410950606299985,0.5542184761907698,0.5179687788218229,0.6120468622979566,0.5567466973391721,0.5897797237530414,1.0,0.7476803656882627,0.38736940584879326,0.5177180232809693,0.5994856884811905,0.7544787753353133],[0.6410096275047069,0.6384448601766187,0.6410096275047069,0.633738593917093,0.633738593917093,0.7421293022327359,0.7421293022327359,0.7846477926264546,0.7846477926264546,0.5335185400253933,0.8670133386548834,0.7103382182649584,0.8445864130644173,0.8359532367062636,0.8681166550490321,0.7890233218772481,0.8982363821877208,0.7599212998325311,0.7599212998325311,0.31650937665505424,0.3225096128804787,0.600839150470072,0.4851446979244177,-0.20807041914485636,0.1581525049561593,0.6615707147448154,0.5078481388354761,0.6094000344504255,0.6930285768747718,0.6754746090746032,0.7476803656882627,1.0,0.7794870434521496,0.5086746697636814,0.733732491316699,0.5532677444843],[0.6290335811705859,0.6543239852776642,0.6290335811705859,0.5983437369341476,0.5983437369341476,0.7038118383434384,0.7038118383434384,0.7164075691907074,0.7164075691907074,0.5651632722202355,0.7727779035518639,0.6846212185647189,0.7504047685999784,0.6917310265869273,0.7737341126235764,0.7603455895798773,0.8149161428951004,0.7076382351094018,0.7076382351094018,0.568454378484062,0.5636437150708772,0.5286864145347684,0.20396698948728334,-0.029265525216305044,0.26133326666267254,0.4279947188595739,0.5116003427092726,0.5360687901459543,0.6679586668752157,0.6122579959937762,0.38736940584879326,0.7794870434521496,1.0,0.4957804562977132,0.6658153191838504,0.20608299900946336],[0.9352543083858499,0.93306878256242,0.9352543083858499,0.9253835679041109,0.9253835679041109,0.8663710952743348,0.8663710952743348,0.799308311035631,0.799308311035631,0.7986262960909084,0.9058112032389477,0.7571407762681901,0.8907712642503874,0.9147002962351346,0.9058710210582894,0.8878108324418074,0.9191064796536914,0.84767571076662,0.84767571076662,0.7839199134257891,-0.12916907658518692,0.9044490461516571,0.02399091313694611,-0.05806810192944655,-0.37796102755840083,0.7080307427157592,0.8408426619086026,0.8249250523935767,0.881001632470164,0.7372405751451934,0.5177180232809693,0.5086746697636814,0.4957804562977132,1.0,0.7435927231205144,0.18451383850940128],[0.8387854775132918,0.6984547303069887,0.8387854775132918,0.8288531994033296,0.8288531994033296,0.8686130222466173,0.8686130222466173,0.854622956312425,0.854622956312425,0.6643581125423874,0.9448228889309682,0.6551398525018169,0.9573139937964824,0.9580296100724781,0.9449141347443686,0.8659153922408159,0.9536542368321287,0.7814797990057829,0.7814797990057829,0.4853578065808457,0.0978946044482385,0.6773207659613554,0.4016668987408781,-0.2308232503210446,0.10729786899553025,0.7059405778580484,0.6346544977581976,0.8393676652281983,0.5183025128563267,0.5953771104948073,0.5994856884811905,0.733732491316699,0.6658153191838504,0.7435927231205144,1.0,0.1937788027429587],[0.19902899686669384,0.19615307955482464,0.19902899686669384,0.21132134390728205,0.21132134390728205,0.47643947311140605,0.47643947311140605,0.8065401937946229,0.8065401937946229,0.17258987382566007,0.7835022032624027,0.6779995640104152,0.8101245448938785,0.7804791533549302,0.7843028153945314,0.7947779816045971,0.8384746746676252,0.8541195657917919,0.8541195657917919,-0.14342954229591534,0.152557481633956,0.19256219359687846,0.47253843925056377,-0.41171467142694895,0.0888108663210736,0.42130752780593705,0.11993239125636831,0.22929538407053354,0.3058450918300206,0.47797705128273693,0.7544787753353133,0.5532677444843,0.20608299900946336,0.18451383850940128,0.1937788027429587,1.0]],"x":["^TAIEX       \u81fa\u7063\u52a0\u6b0a\u5831\u916c\u6307\u6578","^TWII        \u81fa\u7063\u52a0\u6b0a\u6307\u6578","^TAIEXx2     \u81fa\u7063\u52a0\u6b0a\u5831\u916c\u6307\u6578_\u65e5\u6b632","^TAI50I      \u81fa\u706350\u5831\u916c\u6307\u6578","^TAI50Ix2    \u81fa\u706350\u5831\u916c\u6307\u6578_\u65e5\u6b632","^TAI100I     \u81fa\u7063\u4e2d\u578b100\u5831\u916c\u6307\u6578","^TAI100Ix2   \u81fa\u7063\u4e2d\u578b100\u5831\u916c\u6307\u6578_\u65e5\u6b632","^TAIDIVIDI   \u81fa\u7063\u9ad8\u80a1\u606f\u5831\u916c\u6307\u6578","^TAIDIVIDIx2 \u81fa\u7063\u9ad8\u80a1\u606f\u5831\u916c\u6307\u6578_\u65e5\u6b632","0050Fund     \u5143\u5927\u53f0\u7063\u5353\u8d8a50\u57fa\u91d1","006208Fund   \u5bcc\u90a6\u53f0\u7063\u91c6\u540950\u57fa\u91d1","0050         \u5143\u5927\u81fa\u706350","00631L       \u5143\u5927\u53f0\u706350\u6b632","00675L       \u5bcc\u90a6\u81fa\u7063\u52a0\u6b0a\u6b632","006208       \u5bcc\u90a6\u53f050","0051         \u5143\u5927\u4e2d\u578b100","006204       \u6c38\u8c50\u81fa\u7063\u52a0\u6b0a","0056         \u5143\u5927\u9ad8\u80a1\u606f","0056         \u5143\u5927\u9ad8\u80a1\u606f_\u80a1\u606f\u4e0d\u6295\u5165","2412         \u4e2d\u83ef\u96fb\u4fe1","2002         \u4e2d\u92fc","2330         \u53f0\u7a4d\u96fb","2317         \u9d3b\u6d77","6505         \u53f0\u5851\u77f3\u5316","3481         \u7fa4\u5275","2303         \u806f\u96fb","2308         \u53f0\u9054\u96fb","2454         \u806f\u767c\u79d1","2886         \u5146\u8c50\u91d1","2884         \u7389\u5c71\u91d1","2891         \u4e2d\u4fe1\u91d1","2892         \u7b2c\u4e00\u91d1","5880         \u5408\u5eab\u91d1","2881         \u5bcc\u90a6\u91d1","2885         \u5143\u5927\u91d1","2887         \u53f0\u65b0\u91d1"],"y":["^TAIEX       \u81fa\u7063\u52a0\u6b0a\u5831\u916c\u6307\u6578","^TWII        \u81fa\u7063\u52a0\u6b0a\u6307\u6578","^TAIEXx2     \u81fa\u7063\u52a0\u6b0a\u5831\u916c\u6307\u6578_\u65e5\u6b632","^TAI50I      \u81fa\u706350\u5831\u916c\u6307\u6578","^TAI50Ix2    \u81fa\u706350\u5831\u916c\u6307\u6578_\u65e5\u6b632","^TAI100I     \u81fa\u7063\u4e2d\u578b100\u5831\u916c\u6307\u6578","^TAI100Ix2   \u81fa\u7063\u4e2d\u578b100\u5831\u916c\u6307\u6578_\u65e5\u6b632","^TAIDIVIDI   \u81fa\u7063\u9ad8\u80a1\u606f\u5831\u916c\u6307\u6578","^TAIDIVIDIx2 \u81fa\u7063\u9ad8\u80a1\u606f\u5831\u916c\u6307\u6578_\u65e5\u6b632","0050Fund     \u5143\u5927\u53f0\u7063\u5353\u8d8a50\u57fa\u91d1","006208Fund   \u5bcc\u90a6\u53f0\u7063\u91c6\u540950\u57fa\u91d1","0050         \u5143\u5927\u81fa\u706350","00631L       \u5143\u5927\u53f0\u706350\u6b632","00675L       \u5bcc\u90a6\u81fa\u7063\u52a0\u6b0a\u6b632","006208       \u5bcc\u90a6\u53f050","0051         \u5143\u5927\u4e2d\u578b100","006204       \u6c38\u8c50\u81fa\u7063\u52a0\u6b0a","0056         \u5143\u5927\u9ad8\u80a1\u606f","0056         \u5143\u5927\u9ad8\u80a1\u606f_\u80a1\u606f\u4e0d\u6295\u5165","2412         \u4e2d\u83ef\u96fb\u4fe1","2002         \u4e2d\u92fc","2330         \u53f0\u7a4d\u96fb","2317         \u9d3b\u6d77","6505         \u53f0\u5851\u77f3\u5316","3481         \u7fa4\u5275","2303         \u806f\u96fb","2308         \u53f0\u9054\u96fb","2454         \u806f\u767c\u79d1","2886         \u5146\u8c50\u91d1","2884         \u7389\u5c71\u91d1","2891         \u4e2d\u4fe1\u91d1","2892         \u7b2c\u4e00\u91d1","5880         \u5408\u5eab\u91d1","2881         \u5bcc\u90a6\u91d1","2885         \u5143\u5927\u91d1","2887         \u53f0\u65b0\u91d1"],"zmin":-1,"zmax":1,"colorbar":{"x":-0.2}}],"layout":{"autotypenumbers":"strict","colorway":["#636efa","#EF553B","#00cc96","#ab63fa","#FFA15A","#19d3f3","#FF6692","#B6E880","#FF97FF","#FECB52"],"font":{"color":"#f2f5fa","family":"Courier New"},"hovermode":"closest","hoverlabel":{"align":"left"},"paper_bgcolor":"rgb(17,17,17)","plot_bgcolor":"rgb(17,17,17)","polar":{"bgcolor":"rgb(17,17,17)","angularaxis":{"gridcolor":"#506784","linecolor":"#506784","ticks":""},"radialaxis":{"gridcolor":"#506784","linecolor":"#506784","ticks":""}},"ternary":{"bgcolor":"rgb(17,17,17)","aaxis":{"gridcolor":"#506784","linecolor":"#506784","ticks":""},"baxis":{"gridcolor":"#506784","linecolor":"#506784","ticks":""},"caxis":{"gridcolor":"#506784","linecolor":"#506784","ticks":""}},"coloraxis":{"colorbar":{"outlinewidth":0,"ticks":""}},"colorscale":{"sequential":[[0.0,"#0d0887"],[0.1111111111111111,"#46039f"],[0.2222222222222222,"#7201a8"],[0.3333333333333333,"#9c179e"],[0.4444444444444444,"#bd3786"],[0.5555555555555556,"#d8576b"],[0.6666666666666666,"#ed7953"],[0.7777777777777778,"#fb9f3a"],[0.8888888888888888,"#fdca26"],[1.0,"#f0f921"]],"sequentialminus":[[0.0,"#0d0887"],[0.1111111111111111,"#46039f"],[0.2222222222222222,"#7201a8"],[0.3333333333333333,"#9c179e"],[0.4444444444444444,"#bd3786"],[0.5555555555555556,"#d8576b"],[0.6666666666666666,"#ed7953"],[0.7777777777777778,"#fb9f3a"],[0.8888888888888888,"#fdca26"],[1.0,"#f0f921"]],"diverging":[[0,"#8e0152"],[0.1,"#c51b7d"],[0.2,"#de77ae"],[0.3,"#f1b6da"],[0.4,"#fde0ef"],[0.5,"#f7f7f7"],[0.6,"#e6f5d0"],[0.7,"#b8e186"],[0.8,"#7fbc41"],[0.9,"#4d9221"],[1,"#276419"]]},"xaxis":{"gridcolor":"rgba(0, 0, 0, 0)","linecolor":"#506784","ticks":"","title":{"standoff":15},"zerolinecolor":"#283442","automargin":true,"zerolinewidth":2,"tickfont":{"family":"Courier New","size":14},"side":"top","tickangle":-90},"yaxis":{"gridcolor":"rgba(0, 0, 0, 0)","linecolor":"#506784","ticks":"","title":{"standoff":15},"zerolinecolor":"#283442","automargin":true,"zerolinewidth":2,"tickfont":{"family":"Courier New"},"side":"right"},"scene":{"xaxis":{"backgroundcolor":"rgb(17,17,17)","gridcolor":"#506784","linecolor":"#506784","showbackground":true,"ticks":"","zerolinecolor":"#C8D4E3","gridwidth":2},"yaxis":{"backgroundcolor":"rgb(17,17,17)","gridcolor":"#506784","linecolor":"#506784","showbackground":true,"ticks":"","zerolinecolor":"#C8D4E3","gridwidth":2},"zaxis":{"backgroundcolor":"rgb(17,17,17)","gridcolor":"#506784","linecolor":"#506784","showbackground":true,"ticks":"","zerolinecolor":"#C8D4E3","gridwidth":2}},"shapedefaults":{"line":{"color":"#f2f5fa"}},"annotationdefaults":{"arrowcolor":"#f2f5fa","arrowhead":0,"arrowwidth":1},"geo":{"bgcolor":"rgb(17,17,17)","landcolor":"rgb(17,17,17)","subunitcolor":"#506784","showland":true,"showlakes":true,"lakecolor":"rgb(17,17,17)"},"title":{"x":0.05,"font":{"family":"Times New Roman"},"y":0.05,"text":"<b>Correlation of Close<b><br><i>2016-09-23 ~ 2025-12-29<i>"},"updatemenudefaults":{"bgcolor":"#506784","borderwidth":0},"sliderdefaults":{"bgcolor":"#C8D4E3","borderwidth":1,"bordercolor":"rgb(17,17,17)","tickwidth":0},"mapbox":{"style":"dark"},"annotations":[{"text":"<b>@zwindr<b>","textangle":0,"opacity":0.5,"font":{"color":"white","size":12},"xref":"paper","yref":"paper","xanchor":"left","yanchor":"bottom","x":1.0,"y":1.0,"showarrow":false}]},"config":{"responsive":true,"toImageButtonOptions":{"filename":"Correlation of Close_2016-09-23~2025-12-29","scale":5}}};Plotly.newPlot("correlationClose",correlationClose.data,correlationClose.layout||{},correlationClose.config);}else{console.log("style display is none => correlationClose");}