var element=document.getElementById("correlationClose");if(element.style.display!='none'){var correlationClose={"data":[{"type":"heatmap","z":[[1.0,0.9999999999999983,1.0,0.9955357360473643,0.9955357360473643,0.9624869764040017,0.9624869764040017,0.8990292804327616,0.8990292804327616,0.8810002940631811,0.9949593334922326,0.904504396044495,0.9928731721262986,0.9925356661095778,0.9949521197285921,0.9724527205749474,0.9989159877027858,0.9250977927657067,0.7847755038520613,-0.09381860490458767,0.9771437693755567,0.08165796071400097,-0.030989367655194503,-0.25272410678610946,0.8217531621678306,0.9449027962739623,0.9079380380126868,0.9286015312311178,0.7742060648511394,0.49881957089487733,0.6183832062336436,0.6391278259810846,0.9300120155440957,0.8162504252226805,0.1698413251718695],[0.9999999999999983,1.0,0.9999999999999984,0.9954888973852088,0.9954888973852088,0.9618624388721834,0.9618624388721834,0.9002204820041951,0.9002204820041951,0.8816364024021867,0.9949392493011503,0.9039532884373106,0.9926201511932539,0.991982734587001,0.9949300278245042,0.9717669803700986,0.9989187635446337,0.9255383471331817,0.8048190168785521,0.1146540054326048,0.9683393857596093,-0.09021875920752971,-0.023564413376603983,-0.2530051766561119,0.6476263995813722,0.9450751533233681,0.8807656741561264,0.9230820098104531,0.7867188247422576,0.4902677473978761,0.6153856892287666,0.6662791546192561,0.9272002942214537,0.6653598952329927,0.1663400560955309],[1.0,0.9999999999999984,1.0,0.9955357360473643,0.9955357360473643,0.9624869764040017,0.9624869764040017,0.8990292804327616,0.8990292804327616,0.8810002940631811,0.9949593334922326,0.904504396044495,0.9928731721262986,0.9925356661095778,0.9949521197285921,0.9724527205749474,0.9989159877027858,0.9250977927657067,0.7847755038520613,-0.09381860490458767,0.9771437693755567,0.08165796071400097,-0.030989367655194503,-0.25272410678610946,0.8217531621678306,0.9449027962739623,0.9079380380126868,0.9286015312311178,0.7742060648511394,0.49881957089487733,0.6183832062336436,0.6391278259810846,0.9300120155440957,0.8162504252226805,0.1698413251718695],[0.9955357360473643,0.9954888973852088,0.9955357360473643,1.0,1.0,0.949581497795586,0.949581497795586,0.8848295993991678,0.8848295993991678,0.8682895764448801,0.9994798972466437,0.8949413112755307,0.9887275789441785,0.9846598502838744,0.9994260102168342,0.9551459381232126,0.9948679013967486,0.9053989317409791,0.7637559162575129,-0.09995437341467993,0.9890434844073002,0.10260604713653074,-0.06342309488522473,-0.25580608799482557,0.8202492736552863,0.9401272718944895,0.912998330330705,0.9176698346293805,0.7852055342013053,0.5261147275328194,0.6129380387097204,0.6128803731429959,0.9231444396132272,0.8061818134196284,0.18182192137382183],[0.9955357360473643,0.9954888973852088,0.9955357360473643,1.0,1.0,0.949581497795586,0.949581497795586,0.8848295993991678,0.8848295993991678,0.8682895764448801,0.9994798972466437,0.8949413112755307,0.9887275789441785,0.9846598502838744,0.9994260102168342,0.9551459381232126,0.9948679013967486,0.9053989317409791,0.7637559162575129,-0.09995437341467993,0.9890434844073002,0.10260604713653074,-0.06342309488522473,-0.25580608799482557,0.8202492736552863,0.9401272718944895,0.912998330330705,0.9176698346293805,0.7852055342013053,0.5261147275328194,0.6129380387097204,0.6128803731429959,0.9231444396132272,0.8061818134196284,0.18182192137382183],[0.9624869764040017,0.9618624388721834,0.9624869764040017,0.949581497795586,0.949581497795586,1.0,1.0,0.9253348066341949,0.9253348066341949,0.8588102022463603,0.9522603517602249,0.875771097886285,0.9762824590982085,0.9748924890442903,0.95197349453877,0.9990112400495705,0.9726486442333889,0.9192768629243023,0.6318040864484049,-0.03863216603259307,0.9342846876726391,0.25947468080451863,-0.23108317759856414,-0.10991817723604821,0.892127088403177,0.9040738168839134,0.9269770409929642,0.8971681478870653,0.7334565687029511,0.7162801495353309,0.728457722772052,0.7142391485850048,0.8500233227814813,0.8500486119732085,0.45922000863114965],[0.9624869764040017,0.9618624388721834,0.9624869764040017,0.949581497795586,0.949581497795586,1.0,1.0,0.9253348066341949,0.9253348066341949,0.8588102022463603,0.9522603517602249,0.875771097886285,0.9762824590982085,0.9748924890442903,0.95197349453877,0.9990112400495705,0.9726486442333889,0.9192768629243023,0.6318040864484049,-0.03863216603259307,0.9342846876726391,0.25947468080451863,-0.23108317759856414,-0.10991817723604821,0.892127088403177,0.9040738168839134,0.9269770409929642,0.8971681478870653,0.7334565687029511,0.7162801495353309,0.728457722772052,0.7142391485850048,0.8500233227814813,0.8500486119732085,0.45922000863114965],[0.8990292804327616,0.9002204820041951,0.8990292804327616,0.8848295993991678,0.8848295993991678,0.9253348066341949,0.9253348066341949,1.0,1.0,0.8420183230177067,0.9387305857919463,0.8430283902406874,0.947352257804567,0.9424569297850464,0.9384576142086829,0.9262114148750806,0.9413555556798501,0.9723426552524019,0.5682119247276676,0.08227201834822949,0.8428386789393024,0.5085647001860562,-0.25541745185211634,0.030558730583902335,0.784891440727596,0.7975342166394144,0.8645381650970906,0.844550877489807,0.7457686448165259,0.8701230417365504,0.7716542842144772,0.7198106789333585,0.7763332378186033,0.8375588170645553,0.7981161679260353],[0.8990292804327616,0.9002204820041951,0.8990292804327616,0.8848295993991678,0.8848295993991678,0.9253348066341949,0.9253348066341949,1.0,1.0,0.8420183230177067,0.9387305857919463,0.8430283902406874,0.947352257804567,0.9424569297850464,0.9384576142086829,0.9262114148750806,0.9413555556798501,0.9723426552524019,0.5682119247276676,0.08227201834822949,0.8428386789393024,0.5085647001860562,-0.25541745185211634,0.030558730583902335,0.784891440727596,0.7975342166394144,0.8645381650970906,0.844550877489807,0.7457686448165259,0.8701230417365504,0.7716542842144772,0.7198106789333585,0.7763332378186033,0.8375588170645553,0.7981161679260353],[0.8810002940631811,0.8816364024021867,0.8810002940631811,0.8682895764448801,0.8682895764448801,0.8588102022463603,0.8588102022463603,0.8420183230177067,0.8420183230177067,1.0,0.8622686159787161,0.999975815581283,0.8371034480211884,0.7922464818615587,0.8637716965412044,0.8609825679604384,0.8770861565445873,0.8727665192509059,0.7396183610172441,0.24043787665580768,0.8541818062459063,0.709878465669391,-0.2847884229590213,0.3950417670500267,0.8432873348058963,0.7118846279597068,0.8355550692819034,0.8227964856529039,0.7135846696962831,0.7038122871697959,0.7881954284799434,0.7774569991540263,0.8002039533651455,0.8435894704861473,0.7616291794205206],[0.9949593334922326,0.9949392493011503,0.9949593334922326,0.9994798972466437,0.9994798972466437,0.9522603517602249,0.9522603517602249,0.9387305857919463,0.9387305857919463,0.8622686159787161,1.0,0.8620275186921476,0.9884228311068305,0.9848374918728982,0.9999158406179529,0.9525785440739671,0.993928217352455,0.9219012250764723,0.8477889305574755,0.13254777508537102,0.9957844177084137,0.8572582989784804,-0.44694436291580786,0.3587562545657021,0.8568873806526692,0.9110860348031261,0.9423553683636057,0.9134821128385758,0.8094504817113989,0.8965987963994743,0.8733930289954644,0.8100276368864416,0.8980854828586226,0.942852356423919,0.7753144454243468],[0.904504396044495,0.9039532884373106,0.904504396044495,0.8949413112755307,0.8949413112755307,0.875771097886285,0.875771097886285,0.8430283902406874,0.8430283902406874,0.999975815581283,0.8620275186921476,1.0,0.834651256977259,0.7890544512100809,0.8617369475981922,0.8765071071995943,0.8821199079029735,0.8702866873740777,0.6968769397635899,0.008225997834819202,0.8789012161466081,0.5597564538471146,-0.20729499094219897,-0.23542057160424232,0.8535204089640915,0.7693535559289145,0.8197705230535824,0.8466399991147183,0.7623318249073842,0.710201515351326,0.7648688329692392,0.7081701338282906,0.8389670425675927,0.740561139920528,0.7241819800681255],[0.9928731721262986,0.9926201511932539,0.9928731721262986,0.9887275789441785,0.9887275789441785,0.9762824590982085,0.9762824590982085,0.947352257804567,0.947352257804567,0.8371034480211884,0.9884228311068305,0.834651256977259,1.0,0.9997009036258039,0.9883898750829695,0.9745578469969791,0.9901638448212924,0.9175413162924682,0.8178256066385803,0.16983066136042435,0.9860758330592992,0.8804333768963065,-0.6264077517895955,0.43550571619776257,0.8371206564660987,0.9204893896993704,0.9585336323428056,0.9082931743142167,0.7363867492472789,0.89676553142917,0.8541723606878125,0.8007939753627593,0.8801540957566087,0.9628462540348118,0.809995020056255],[0.9925356661095778,0.991982734587001,0.9925356661095778,0.9846598502838744,0.9846598502838744,0.9748924890442903,0.9748924890442903,0.9424569297850464,0.9424569297850464,0.7922464818615587,0.9848374918728982,0.7890544512100809,0.9997009036258039,1.0,0.9849753032414293,0.9721318885827246,0.9885547195074175,0.9043549791674756,0.8365603179291221,0.04791126097639094,0.9805402521212769,0.889161892510599,-0.82924402768313,0.4809484963851298,0.7926519160025123,0.9251794509432147,0.9561747655070773,0.8950469807702973,0.6561699441441338,0.906889598852646,0.8418371267088393,0.7508482168501504,0.9117685624805703,0.9650103873375176,0.7775039035236385],[0.9949521197285921,0.9949300278245042,0.9949521197285921,0.9994260102168342,0.9994260102168342,0.95197349453877,0.95197349453877,0.9384576142086829,0.9384576142086829,0.8637716965412044,0.9999158406179529,0.8617369475981922,0.9883898750829695,0.9849753032414293,1.0,0.9524659332440983,0.993945448418261,0.9221634461113244,0.8489988835019793,0.13182709311801374,0.9956589778569912,0.8567670170036994,-0.4444591785069861,0.35773841581050125,0.856756844322735,0.9088945980134463,0.941408616585297,0.913982713696728,0.8109608959353003,0.8960848562000512,0.8746083354762338,0.8109706959206261,0.8979466877891799,0.9427179857940693,0.7754372129768917],[0.9724527205749474,0.9717669803700986,0.9724527205749474,0.9551459381232126,0.9551459381232126,0.9990112400495705,0.9990112400495705,0.9262114148750806,0.9262114148750806,0.8609825679604384,0.9525785440739671,0.8765071071995943,0.9745578469969791,0.9721318885827246,0.9524659332440983,1.0,0.9742049583165365,0.9189264354274337,0.680666437939198,-0.020379206239911504,0.9446565304790303,0.5900796511870083,-0.3646201584141793,-0.162683416425652,0.9045839376321151,0.9122071398102476,0.9225095145836694,0.9052465089036005,0.7731190908031653,0.8385583058505058,0.7779438174666764,0.7715112176240823,0.8735342169615901,0.8472471018159896,0.7855747741077241],[0.9989159877027858,0.9989187635446337,0.9989159877027858,0.9948679013967486,0.9948679013967486,0.9726486442333889,0.9726486442333889,0.9413555556798501,0.9413555556798501,0.8770861565445873,0.993928217352455,0.8821199079029735,0.9901638448212924,0.9885547195074175,0.993945448418261,0.9742049583165365,1.0,0.9396108520693183,0.853853081386341,0.13355746693045015,0.9870827546466356,0.8268662051600242,-0.42711660744328855,0.37214728293111715,0.8922062355679345,0.9212326779301186,0.9464788878153109,0.9379207222202781,0.8291145158536258,0.8845481030607123,0.9000990253071233,0.8415161036523149,0.9099242430349892,0.9480258969958536,0.8323091446399836],[0.9250977927657067,0.9255383471331817,0.9250977927657067,0.9053989317409791,0.9053989317409791,0.9192768629243023,0.9192768629243023,0.9723426552524019,0.9723426552524019,0.8727665192509059,0.9219012250764723,0.8702866873740777,0.9175413162924682,0.9043549791674756,0.9221634461113244,0.9189264354274337,0.9396108520693183,1.0,0.7318034618562979,0.005379919431765494,0.8685438870393862,0.5176967510560876,-0.14805305886469208,-0.20318970382032414,0.8236267658612392,0.8175585964619149,0.8301315458637857,0.9130089403747427,0.8318288986345123,0.7958905519822037,0.7458040521299988,0.702866919791479,0.838551465072127,0.7673298887372474,0.8467338441440173],[0.7847755038520613,0.8048190168785521,0.7847755038520613,0.7637559162575129,0.7637559162575129,0.6318040864484049,0.6318040864484049,0.5682119247276676,0.5682119247276676,0.7396183610172441,0.8477889305574755,0.6968769397635899,0.8178256066385803,0.8365603179291221,0.8489988835019793,0.680666437939198,0.853853081386341,0.7318034618562979,1.0,0.053709645616180725,0.7263785314924263,-0.42131389894695054,0.36491868992090404,-0.6604152741142698,0.3383198763990831,0.7888839043308675,0.49155501398422174,0.8316827788028591,0.6851101344837385,0.06102109675559806,0.28684542202494323,0.560110740535357,0.7784642496236521,0.45829098058453177,-0.1674250076039941],[-0.09381860490458767,0.1146540054326048,-0.09381860490458767,-0.09995437341467993,-0.09995437341467993,-0.03863216603259307,-0.03863216603259307,0.08227201834822949,0.08227201834822949,0.24043787665580768,0.13254777508537102,0.008225997834819202,0.16983066136042435,0.04791126097639094,0.13182709311801374,-0.020379206239911504,0.13355746693045015,0.005379919431765494,0.053709645616180725,1.0,-0.058448200437249465,0.13076258808341254,0.1285178546224652,0.7518886171287857,-0.08028436348967968,0.023248442483571087,0.021637783240105495,0.18897566544478975,0.027005678079921103,0.10119395373201537,0.3736387558353894,0.5838256807012887,-0.09026805493851826,0.13585274697818306,0.1712613527452652],[0.9771437693755567,0.9683393857596093,0.9771437693755567,0.9890434844073002,0.9890434844073002,0.9342846876726391,0.9342846876726391,0.8428386789393024,0.8428386789393024,0.8541818062459063,0.9957844177084137,0.8789012161466081,0.9860758330592992,0.9805402521212769,0.9956589778569912,0.9446565304790303,0.9870827546466356,0.8685438870393862,0.7263785314924263,-0.058448200437249465,1.0,0.011657492191503615,-0.1262868835260615,-0.31339000577600706,0.6824223591293822,0.9255841590037327,0.8971660451385479,0.8606961394703894,0.7543655344914832,0.5240168682562645,0.5772967513392191,0.5408426964021769,0.9018335847365248,0.6431773589554437,0.1606249079223128],[0.08165796071400097,-0.09021875920752971,0.08165796071400097,0.10260604713653074,0.10260604713653074,0.25947468080451863,0.25947468080451863,0.5085647001860562,0.5085647001860562,0.709878465669391,0.8572582989784804,0.5597564538471146,0.8804333768963065,0.889161892510599,0.8567670170036994,0.5900796511870083,0.8268662051600242,0.5176967510560876,-0.42131389894695054,0.13076258808341254,0.011657492191503615,1.0,-0.43244061762549824,0.764788511071428,0.36454494423975553,-0.025591422749456524,0.26551881338775835,-0.14584866678748928,0.03294996421017573,0.5655746765020038,0.4536185470207224,0.18426264755637783,-0.06528670607766004,0.3618851081758509,0.46313918798457493],[-0.030989367655194503,-0.023564413376603983,-0.030989367655194503,-0.06342309488522473,-0.06342309488522473,-0.23108317759856414,-0.23108317759856414,-0.25541745185211634,-0.25541745185211634,-0.2847884229590213,-0.44694436291580786,-0.20729499094219897,-0.6264077517895955,-0.82924402768313,-0.4444591785069861,-0.3646201584141793,-0.42711660744328855,-0.14805305886469208,0.36491868992090404,0.1285178546224652,-0.1262868835260615,-0.43244061762549824,1.0,-0.041371128832180554,-0.13852853370038765,-0.08604429589574145,-0.26236484224403755,0.0012139927936185703,-0.03552185753850612,-0.5451678114219916,-0.16862596850355194,-0.003998056658136536,0.009403044549754814,-0.173171423079541,-0.40035438687055813],[-0.25272410678610946,-0.2530051766561119,-0.25272410678610946,-0.25580608799482557,-0.25580608799482557,-0.10991817723604821,-0.10991817723604821,0.030558730583902335,0.030558730583902335,0.3950417670500267,0.3587562545657021,-0.23542057160424232,0.43550571619776257,0.4809484963851298,0.35773841581050125,-0.162683416425652,0.37214728293111715,-0.20318970382032414,-0.6604152741142698,0.7518886171287857,-0.31339000577600706,0.764788511071428,-0.041371128832180554,1.0,-0.10075598199864243,-0.29251679602002406,-0.055296340409756804,-0.35049742065741185,-0.3275767539798589,0.09604878521096696,0.17487135064938114,0.2701770373566476,-0.38235204033797493,0.13393537041495457,0.10234444993280174],[0.8217531621678306,0.6476263995813722,0.8217531621678306,0.8202492736552863,0.8202492736552863,0.892127088403177,0.892127088403177,0.784891440727596,0.784891440727596,0.8432873348058963,0.8568873806526692,0.8535204089640915,0.8371206564660987,0.7926519160025123,0.856756844322735,0.9045839376321151,0.8922062355679345,0.8236267658612392,0.3383198763990831,-0.08028436348967968,0.6824223591293822,0.36454494423975553,-0.13852853370038765,-0.10075598199864243,1.0,0.601071646919904,0.8407223039290997,0.48338027356964586,0.6176404667342036,0.5332919721686067,0.6482759009869732,0.41828511156506976,0.6980932936710249,0.6992533662223022,0.41059416928146203],[0.9449027962739623,0.9450751533233681,0.9449027962739623,0.9401272718944895,0.9401272718944895,0.9040738168839134,0.9040738168839134,0.7975342166394144,0.7975342166394144,0.7118846279597068,0.9110860348031261,0.7693535559289145,0.9204893896993704,0.9251794509432147,0.9088945980134463,0.9122071398102476,0.9212326779301186,0.8175585964619149,0.7888839043308675,0.023248442483571087,0.9255841590037327,-0.025591422749456524,-0.08604429589574145,-0.29251679602002406,0.601071646919904,1.0,0.8328989337360981,0.850524377315076,0.7105620660444365,0.38959518352462175,0.4997189760123499,0.5889621262113669,0.8940989894418205,0.6257406402845842,0.06274713975409899],[0.9079380380126868,0.8807656741561264,0.9079380380126868,0.912998330330705,0.912998330330705,0.9269770409929642,0.9269770409929642,0.8645381650970906,0.8645381650970906,0.8355550692819034,0.9423553683636057,0.8197705230535824,0.9585336323428056,0.9561747655070773,0.941408616585297,0.9225095145836694,0.9464788878153109,0.8301315458637857,0.49155501398422174,0.021637783240105495,0.8971660451385479,0.26551881338775835,-0.26236484224403755,-0.055296340409756804,0.8407223039290997,0.8328989337360981,1.0,0.7395389648073556,0.5921705726989803,0.5597445406270672,0.5828479736674559,0.5302879269071562,0.8057248291339939,0.8211980567384967,0.20670358074550918],[0.9286015312311178,0.9230820098104531,0.9286015312311178,0.9176698346293805,0.9176698346293805,0.8971681478870653,0.8971681478870653,0.844550877489807,0.844550877489807,0.8227964856529039,0.9134821128385758,0.8466399991147183,0.9082931743142167,0.8950469807702973,0.913982713696728,0.9052465089036005,0.9379207222202781,0.9130089403747427,0.8316827788028591,0.18897566544478975,0.8606961394703894,-0.14584866678748928,0.0012139927936185703,-0.35049742065741185,0.48338027356964586,0.850524377315076,0.7395389648073556,1.0,0.902933758835011,0.5156625716727875,0.6750229825638898,0.6645311480890331,0.8732766738181095,0.4832837960782862,0.2896727301029037],[0.7742060648511394,0.7867188247422576,0.7742060648511394,0.7852055342013053,0.7852055342013053,0.7334565687029511,0.7334565687029511,0.7457686448165259,0.7457686448165259,0.7135846696962831,0.8094504817113989,0.7623318249073842,0.7363867492472789,0.6561699441441338,0.8109608959353003,0.7731190908031653,0.8291145158536258,0.8318288986345123,0.6851101344837385,0.027005678079921103,0.7543655344914832,0.03294996421017573,-0.03552185753850612,-0.3275767539798589,0.6176404667342036,0.7105620660444365,0.5921705726989803,0.902933758835011,1.0,0.5579941255181813,0.6575559145095264,0.6056797258824417,0.7203022073964797,0.5658059228435925,0.46868155097965825],[0.49881957089487733,0.4902677473978761,0.49881957089487733,0.5261147275328194,0.5261147275328194,0.7162801495353309,0.7162801495353309,0.8701230417365504,0.8701230417365504,0.7038122871697959,0.8965987963994743,0.710201515351326,0.89676553142917,0.906889598852646,0.8960848562000512,0.8385583058505058,0.8845481030607123,0.7958905519822037,0.06102109675559806,0.10119395373201537,0.5240168682562645,0.5655746765020038,-0.5451678114219916,0.09604878521096696,0.5332919721686067,0.38959518352462175,0.5597445406270672,0.5156625716727875,0.5579941255181813,1.0,0.7358248550169452,0.373077462585943,0.4537180228095139,0.5428313065639156,0.7745290775211959],[0.6183832062336436,0.6153856892287666,0.6183832062336436,0.6129380387097204,0.6129380387097204,0.728457722772052,0.728457722772052,0.7716542842144772,0.7716542842144772,0.7881954284799434,0.8733930289954644,0.7648688329692392,0.8541723606878125,0.8418371267088393,0.8746083354762338,0.7779438174666764,0.9000990253071233,0.7458040521299988,0.28684542202494323,0.3736387558353894,0.5772967513392191,0.4536185470207224,-0.16862596850355194,0.17487135064938114,0.6482759009869732,0.4997189760123499,0.5828479736674559,0.6750229825638898,0.6575559145095264,0.7358248550169452,1.0,0.7780632196929608,0.4744032982658535,0.7184256785038893,0.5463528379670287],[0.6391278259810846,0.6662791546192561,0.6391278259810846,0.6128803731429959,0.6128803731429959,0.7142391485850048,0.7142391485850048,0.7198106789333585,0.7198106789333585,0.7774569991540263,0.8100276368864416,0.7081701338282906,0.8007939753627593,0.7508482168501504,0.8109706959206261,0.7715112176240823,0.8415161036523149,0.702866919791479,0.560110740535357,0.5838256807012887,0.5408426964021769,0.18426264755637783,-0.003998056658136536,0.2701770373566476,0.41828511156506976,0.5889621262113669,0.5302879269071562,0.6645311480890331,0.6056797258824417,0.373077462585943,0.7780632196929608,1.0,0.4868568172827637,0.6650672937781086,0.195825934757317],[0.9300120155440957,0.9272002942214537,0.9300120155440957,0.9231444396132272,0.9231444396132272,0.8500233227814813,0.8500233227814813,0.7763332378186033,0.7763332378186033,0.8002039533651455,0.8980854828586226,0.8389670425675927,0.8801540957566087,0.9117685624805703,0.8979466877891799,0.8735342169615901,0.9099242430349892,0.838551465072127,0.7784642496236521,-0.09026805493851826,0.9018335847365248,-0.06528670607766004,0.009403044549754814,-0.38235204033797493,0.6980932936710249,0.8940989894418205,0.8057248291339939,0.8732766738181095,0.7203022073964797,0.4537180228095139,0.4744032982658535,0.4868568172827637,1.0,0.7137749435880899,0.15867775684664492],[0.8162504252226805,0.6653598952329927,0.8162504252226805,0.8061818134196284,0.8061818134196284,0.8500486119732085,0.8500486119732085,0.8375588170645553,0.8375588170645553,0.8435894704861473,0.942852356423919,0.740561139920528,0.9628462540348118,0.9650103873375176,0.9427179857940693,0.8472471018159896,0.9480258969958536,0.7673298887372474,0.45829098058453177,0.13585274697818306,0.6431773589554437,0.3618851081758509,-0.173171423079541,0.13393537041495457,0.6992533662223022,0.6257406402845842,0.8211980567384967,0.4832837960782862,0.5658059228435925,0.5428313065639156,0.7184256785038893,0.6650672937781086,0.7137749435880899,1.0,0.16757497589154297],[0.1698413251718695,0.1663400560955309,0.1698413251718695,0.18182192137382183,0.18182192137382183,0.45922000863114965,0.45922000863114965,0.7981161679260353,0.7981161679260353,0.7616291794205206,0.7753144454243468,0.7241819800681255,0.809995020056255,0.7775039035236385,0.7754372129768917,0.7855747741077241,0.8323091446399836,0.8467338441440173,-0.1674250076039941,0.1712613527452652,0.1606249079223128,0.46313918798457493,-0.40035438687055813,0.10234444993280174,0.41059416928146203,0.06274713975409899,0.20670358074550918,0.2896727301029037,0.46868155097965825,0.7745290775211959,0.5463528379670287,0.195825934757317,0.15867775684664492,0.16757497589154297,1.0]],"x":["^TAIEX       \u81fa\u7063\u52a0\u6b0a\u5831\u916c\u6307\u6578","^TWII        \u81fa\u7063\u52a0\u6b0a\u6307\u6578","^TAIEXx2     \u81fa\u7063\u52a0\u6b0a\u5831\u916c\u6307\u6578_\u65e5\u6b632","^TAI50I      \u81fa\u706350\u5831\u916c\u6307\u6578","^TAI50Ix2    \u81fa\u706350\u5831\u916c\u6307\u6578_\u65e5\u6b632","^TAI100I     \u81fa\u7063\u4e2d\u578b100\u5831\u916c\u6307\u6578","^TAI100Ix2   \u81fa\u7063\u4e2d\u578b100\u5831\u916c\u6307\u6578_\u65e5\u6b632","^TAIDIVIDI   \u81fa\u7063\u9ad8\u80a1\u606f\u5831\u916c\u6307\u6578","^TAIDIVIDIx2 \u81fa\u7063\u9ad8\u80a1\u606f\u5831\u916c\u6307\u6578_\u65e5\u6b632","0050Fund     \u5143\u5927\u53f0\u7063\u5353\u8d8a50\u57fa\u91d1","006208Fund   \u5bcc\u90a6\u53f0\u7063\u91c6\u540950\u57fa\u91d1","0050         \u5143\u5927\u81fa\u706350","00631L       \u5143\u5927\u53f0\u706350\u6b632","00675L       \u5bcc\u90a6\u81fa\u7063\u52a0\u6b0a\u6b632","006208       \u5bcc\u90a6\u53f050","0051         \u5143\u5927\u4e2d\u578b100","006204       \u6c38\u8c50\u81fa\u7063\u52a0\u6b0a","0056         \u5143\u5927\u9ad8\u80a1\u606f","2412         \u4e2d\u83ef\u96fb\u4fe1","2002         \u4e2d\u92fc","2330         \u53f0\u7a4d\u96fb","2317         \u9d3b\u6d77","6505         \u53f0\u5851\u77f3\u5316","3481         \u7fa4\u5275","2303         \u806f\u96fb","2308         \u53f0\u9054\u96fb","2454         \u806f\u767c\u79d1","2886         \u5146\u8c50\u91d1","2884         \u7389\u5c71\u91d1","2891         \u4e2d\u4fe1\u91d1","2892         \u7b2c\u4e00\u91d1","5880         \u5408\u5eab\u91d1","2881         \u5bcc\u90a6\u91d1","2885         \u5143\u5927\u91d1","2887         \u53f0\u65b0\u91d1"],"y":["^TAIEX       \u81fa\u7063\u52a0\u6b0a\u5831\u916c\u6307\u6578","^TWII        \u81fa\u7063\u52a0\u6b0a\u6307\u6578","^TAIEXx2     \u81fa\u7063\u52a0\u6b0a\u5831\u916c\u6307\u6578_\u65e5\u6b632","^TAI50I      \u81fa\u706350\u5831\u916c\u6307\u6578","^TAI50Ix2    \u81fa\u706350\u5831\u916c\u6307\u6578_\u65e5\u6b632","^TAI100I     \u81fa\u7063\u4e2d\u578b100\u5831\u916c\u6307\u6578","^TAI100Ix2   \u81fa\u7063\u4e2d\u578b100\u5831\u916c\u6307\u6578_\u65e5\u6b632","^TAIDIVIDI   \u81fa\u7063\u9ad8\u80a1\u606f\u5831\u916c\u6307\u6578","^TAIDIVIDIx2 \u81fa\u7063\u9ad8\u80a1\u606f\u5831\u916c\u6307\u6578_\u65e5\u6b632","0050Fund     \u5143\u5927\u53f0\u7063\u5353\u8d8a50\u57fa\u91d1","006208Fund   \u5bcc\u90a6\u53f0\u7063\u91c6\u540950\u57fa\u91d1","0050         \u5143\u5927\u81fa\u706350","00631L       \u5143\u5927\u53f0\u706350\u6b632","00675L       \u5bcc\u90a6\u81fa\u7063\u52a0\u6b0a\u6b632","006208       \u5bcc\u90a6\u53f050","0051         \u5143\u5927\u4e2d\u578b100","006204       \u6c38\u8c50\u81fa\u7063\u52a0\u6b0a","0056         \u5143\u5927\u9ad8\u80a1\u606f","2412         \u4e2d\u83ef\u96fb\u4fe1","2002         \u4e2d\u92fc","2330         \u53f0\u7a4d\u96fb","2317         \u9d3b\u6d77","6505         \u53f0\u5851\u77f3\u5316","3481         \u7fa4\u5275","2303         \u806f\u96fb","2308         \u53f0\u9054\u96fb","2454         \u806f\u767c\u79d1","2886         \u5146\u8c50\u91d1","2884         \u7389\u5c71\u91d1","2891         \u4e2d\u4fe1\u91d1","2892         \u7b2c\u4e00\u91d1","5880         \u5408\u5eab\u91d1","2881         \u5bcc\u90a6\u91d1","2885         \u5143\u5927\u91d1","2887         \u53f0\u65b0\u91d1"],"zmin":-1,"zmax":1,"colorbar":{"x":-0.2}}],"layout":{"autotypenumbers":"strict","colorway":["#636efa","#EF553B","#00cc96","#ab63fa","#FFA15A","#19d3f3","#FF6692","#B6E880","#FF97FF","#FECB52"],"font":{"color":"#f2f5fa","family":"Courier New"},"hovermode":"closest","hoverlabel":{"align":"left"},"paper_bgcolor":"rgb(17,17,17)","plot_bgcolor":"rgb(17,17,17)","polar":{"bgcolor":"rgb(17,17,17)","angularaxis":{"gridcolor":"#506784","linecolor":"#506784","ticks":""},"radialaxis":{"gridcolor":"#506784","linecolor":"#506784","ticks":""}},"ternary":{"bgcolor":"rgb(17,17,17)","aaxis":{"gridcolor":"#506784","linecolor":"#506784","ticks":""},"baxis":{"gridcolor":"#506784","linecolor":"#506784","ticks":""},"caxis":{"gridcolor":"#506784","linecolor":"#506784","ticks":""}},"coloraxis":{"colorbar":{"outlinewidth":0,"ticks":""}},"colorscale":{"sequential":[[0.0,"#0d0887"],[0.1111111111111111,"#46039f"],[0.2222222222222222,"#7201a8"],[0.3333333333333333,"#9c179e"],[0.4444444444444444,"#bd3786"],[0.5555555555555556,"#d8576b"],[0.6666666666666666,"#ed7953"],[0.7777777777777778,"#fb9f3a"],[0.8888888888888888,"#fdca26"],[1.0,"#f0f921"]],"sequentialminus":[[0.0,"#0d0887"],[0.1111111111111111,"#46039f"],[0.2222222222222222,"#7201a8"],[0.3333333333333333,"#9c179e"],[0.4444444444444444,"#bd3786"],[0.5555555555555556,"#d8576b"],[0.6666666666666666,"#ed7953"],[0.7777777777777778,"#fb9f3a"],[0.8888888888888888,"#fdca26"],[1.0,"#f0f921"]],"diverging":[[0,"#8e0152"],[0.1,"#c51b7d"],[0.2,"#de77ae"],[0.3,"#f1b6da"],[0.4,"#fde0ef"],[0.5,"#f7f7f7"],[0.6,"#e6f5d0"],[0.7,"#b8e186"],[0.8,"#7fbc41"],[0.9,"#4d9221"],[1,"#276419"]]},"xaxis":{"gridcolor":"rgba(0, 0, 0, 0)","linecolor":"#506784","ticks":"","title":{"standoff":15},"zerolinecolor":"#283442","automargin":true,"zerolinewidth":2,"tickfont":{"family":"Courier New","size":14},"side":"top","tickangle":-90},"yaxis":{"gridcolor":"rgba(0, 0, 0, 0)","linecolor":"#506784","ticks":"","title":{"standoff":15},"zerolinecolor":"#283442","automargin":true,"zerolinewidth":2,"tickfont":{"family":"Courier New"},"side":"right"},"scene":{"xaxis":{"backgroundcolor":"rgb(17,17,17)","gridcolor":"#506784","linecolor":"#506784","showbackground":true,"ticks":"","zerolinecolor":"#C8D4E3","gridwidth":2},"yaxis":{"backgroundcolor":"rgb(17,17,17)","gridcolor":"#506784","linecolor":"#506784","showbackground":true,"ticks":"","zerolinecolor":"#C8D4E3","gridwidth":2},"zaxis":{"backgroundcolor":"rgb(17,17,17)","gridcolor":"#506784","linecolor":"#506784","showbackground":true,"ticks":"","zerolinecolor":"#C8D4E3","gridwidth":2}},"shapedefaults":{"line":{"color":"#f2f5fa"}},"annotationdefaults":{"arrowcolor":"#f2f5fa","arrowhead":0,"arrowwidth":1},"geo":{"bgcolor":"rgb(17,17,17)","landcolor":"rgb(17,17,17)","subunitcolor":"#506784","showland":true,"showlakes":true,"lakecolor":"rgb(17,17,17)"},"title":{"x":0.05,"font":{"family":"Times New Roman"},"y":0.05,"text":"<b>Correlation of Close<b><br><i>2016-09-23 ~ 2025-09-03<i>"},"updatemenudefaults":{"bgcolor":"#506784","borderwidth":0},"sliderdefaults":{"bgcolor":"#C8D4E3","borderwidth":1,"bordercolor":"rgb(17,17,17)","tickwidth":0},"mapbox":{"style":"dark"},"annotations":[{"text":"<b>@zwindr<b>","textangle":0,"opacity":0.5,"font":{"color":"white","size":12},"xref":"paper","yref":"paper","xanchor":"left","yanchor":"bottom","x":1.0,"y":1.0,"showarrow":false}]},"config":{"responsive":true,"toImageButtonOptions":{"filename":"Correlation of Close_2016-09-23~2025-09-03","scale":5}}};Plotly.newPlot("correlationClose",correlationClose.data,correlationClose.layout||{},correlationClose.config);}else{console.log("style display is none => correlationClose");}