var correlationClose = {"data": [{"type": "heatmap", "z": [[1.0, 0.9999999999999986, 1.0, 0.9956394200418585, 0.9956394200418585, 0.9606399491762414, 0.9606399491762414, 0.8951626535731165, 0.8951626535731165, 0.94583025692373, 0.9951954790615255, 0.9579109339656334, 0.9924424336050514, 0.9919921518727334, 0.9951135883671581, 0.9712883027917231, 0.9988682560002853, 0.9273196780086886, 0.7824419203926045, -0.07337303142428588, 0.9766179804147929, 0.0553874160757195, 0.008331797390051337, -0.2509579070005026, 0.8247273894742451, 0.9510310487719699, 0.9027112784938337, 0.9266617005279257, 0.7654747807493046, 0.46828221116171037, 0.6061787745244849, 0.6378875036924117, 0.9275083383648635, 0.8085659114086968, 0.1682585824620358], [0.9999999999999986, 1.0, 0.9999999999999988, 0.9955836331469988, 0.9955836331469988, 0.9599849371841838, 0.9599849371841838, 0.8964769370263916, 0.8964769370263916, 0.9461040874440894, 0.995165163710648, 0.9583098701067018, 0.9921746866119495, 0.9913913882388291, 0.9950787551110997, 0.9705031456847892, 0.9988707888882574, 0.9279213167410968, 0.8032657799166442, 0.13344942669515028, 0.967454753285288, -0.10448896455917887, 0.0169310626108737, -0.25120409152336365, 0.6479092825494627, 0.9511163008067244, 0.8740918354789055, 0.9212096843597891, 0.7788552376805576, 0.45891622160036427, 0.6027055622980841, 0.669120557705801, 0.9244454283258439, 0.6697494123095428, 0.1643642677878538], [1.0, 0.9999999999999988, 1.0, 0.9956394200418585, 0.9956394200418585, 0.9606399491762414, 0.9606399491762414, 0.8951626535731165, 0.8951626535731165, 0.94583025692373, 0.9951954790615255, 0.9579109339656334, 0.9924424336050514, 0.9919921518727334, 0.9951135883671581, 0.9712883027917231, 0.9988682560002853, 0.9273196780086886, 0.7824419203926045, -0.07337303142428588, 0.9766179804147929, 0.0553874160757195, 0.008331797390051337, -0.2509579070005026, 0.8247273894742451, 0.9510310487719699, 0.9027112784938337, 0.9266617005279257, 0.7654747807493046, 0.46828221116171037, 0.6061787745244849, 0.6378875036924117, 0.9275083383648635, 0.8085659114086968, 0.1682585824620358], [0.9956394200418585, 0.9955836331469988, 0.9956394200418585, 1.0, 1.0, 0.9475695846222867, 0.9475695846222867, 0.8811357944579223, 0.8811357944579223, 0.9422919484906124, 0.9994541832950032, 0.9559266202031771, 0.9879655600539551, 0.9836703627206514, 0.9993842197532198, 0.9537428810062532, 0.9947017952580173, 0.9092798417214848, 0.7622887365980083, -0.07866467516249825, 0.9884067591732777, 0.07475162322342677, -0.021659036996789414, -0.25477447390148017, 0.8259952498100483, 0.9417116682100455, 0.9077976410978088, 0.9163241340858043, 0.7775222847126096, 0.49408865736820223, 0.6003425607038837, 0.6123370006558423, 0.9212326333232382, 0.7983911104051822, 0.18088663647506248], [0.9956394200418585, 0.9955836331469988, 0.9956394200418585, 1.0, 1.0, 0.9475695846222867, 0.9475695846222867, 0.8811357944579223, 0.8811357944579223, 0.9422919484906124, 0.9994541832950032, 0.9559266202031771, 0.9879655600539551, 0.9836703627206514, 0.9993842197532198, 0.9537428810062532, 0.9947017952580173, 0.9092798417214848, 0.7622887365980083, -0.07866467516249825, 0.9884067591732777, 0.07475162322342677, -0.021659036996789414, -0.25477447390148017, 0.8259952498100483, 0.9417116682100455, 0.9077976410978088, 0.9163241340858043, 0.7775222847126096, 0.49408865736820223, 0.6003425607038837, 0.6123370006558423, 0.9212326333232382, 0.7983911104051822, 0.18088663647506248], [0.9606399491762414, 0.9599849371841838, 0.9606399491762414, 0.9475695846222867, 0.9475695846222867, 1.0, 1.0, 0.9224229725717449, 0.9224229725717449, 0.9111199564701774, 0.9515272144205857, 0.919795490862385, 0.9766452616282169, 0.9754984552232848, 0.9510734736590643, 0.9989642240447814, 0.9718178325587147, 0.9195662067497593, 0.6229185708044451, -0.01626730183161517, 0.9319592638513815, 0.24004613157826812, -0.19942411849024985, -0.10419392168244378, 0.896101751256451, 0.9107466314721573, 0.9233874656332026, 0.8935386245309227, 0.7232826332681668, 0.6999847189061432, 0.7205248695738368, 0.7137205659951293, 0.8438205186246533, 0.843774287876657, 0.4611712229522337], [0.9606399491762414, 0.9599849371841838, 0.9606399491762414, 0.9475695846222867, 0.9475695846222867, 1.0, 1.0, 0.9224229725717449, 0.9224229725717449, 0.9111199564701774, 0.9515272144205857, 0.919795490862385, 0.9766452616282169, 0.9754984552232848, 0.9510734736590643, 0.9989642240447814, 0.9718178325587147, 0.9195662067497593, 0.6229185708044451, -0.01626730183161517, 0.9319592638513815, 0.24004613157826812, -0.19942411849024985, -0.10419392168244378, 0.896101751256451, 0.9107466314721573, 0.9233874656332026, 0.8935386245309227, 0.7232826332681668, 0.6999847189061432, 0.7205248695738368, 0.7137205659951293, 0.8438205186246533, 0.843774287876657, 0.4611712229522337], [0.8951626535731165, 0.8964769370263916, 0.8951626535731165, 0.8811357944579223, 0.8811357944579223, 0.9224229725717449, 0.9224229725717449, 1.0, 1.0, 0.8905759982431681, 0.9380339470867592, 0.881788580944965, 0.9468393137163749, 0.9418832311240418, 0.9375411183436041, 0.9231328986552271, 0.9392242291983443, 0.9731550363547686, 0.5569340985442759, 0.10491924144716429, 0.8374558062371655, 0.4938911688080448, -0.22328383582954378, 0.03845259105072706, 0.7843283712070878, 0.8017368803724916, 0.8591384184348869, 0.8389912501802419, 0.736747574049078, 0.8678723209206566, 0.7648738975570536, 0.7175548118871241, 0.7677852865357685, 0.8313751395506724, 0.8007265624506684], [0.8951626535731165, 0.8964769370263916, 0.8951626535731165, 0.8811357944579223, 0.8811357944579223, 0.9224229725717449, 0.9224229725717449, 1.0, 1.0, 0.8905759982431681, 0.9380339470867592, 0.881788580944965, 0.9468393137163749, 0.9418832311240418, 0.9375411183436041, 0.9231328986552271, 0.9392242291983443, 0.9731550363547686, 0.5569340985442759, 0.10491924144716429, 0.8374558062371655, 0.4938911688080448, -0.22328383582954378, 0.03845259105072706, 0.7843283712070878, 0.8017368803724916, 0.8591384184348869, 0.8389912501802419, 0.736747574049078, 0.8678723209206566, 0.7648738975570536, 0.7175548118871241, 0.7677852865357685, 0.8313751395506724, 0.8007265624506684], [0.94583025692373, 0.9461040874440894, 0.94583025692373, 0.9422919484906124, 0.9422919484906124, 0.9111199564701774, 0.9111199564701774, 0.8905759982431681, 0.8905759982431681, 1.0, 0.9393674210947419, 0.9999755968431755, 0.9274081075155377, 0.905924733381415, 0.9423629183447033, 0.9141484270942861, 0.9458470553481689, 0.9057379488823768, 0.7885895824305996, 0.22876624125103476, 0.9313465452090387, 0.7859103568411119, -0.3224497939662061, 0.3961643370010015, 0.8617605971002528, 0.8517958460197138, 0.8916185382942601, 0.8705214863675527, 0.7609419740398693, 0.7876725394909566, 0.8316888981093397, 0.8016072054095793, 0.8476255397113666, 0.8925192392903448, 0.7794749153996264], [0.9951954790615255, 0.995165163710648, 0.9951954790615255, 0.9994541832950032, 0.9994541832950032, 0.9515272144205857, 0.9515272144205857, 0.9380339470867592, 0.9380339470867592, 0.9393674210947419, 1.0, 0.9414900551159153, 0.9877571159143019, 0.98409493466692, 0.9999130081266496, 0.9520448450656553, 0.9938323086331655, 0.9284256253947648, 0.8396601925812266, 0.1781455961594366, 0.9954707629812797, 0.8453399354241875, -0.408847572372347, 0.3776798658607085, 0.8706765979191889, 0.91596225536512, 0.9396566581740649, 0.9110611797088177, 0.7988773803933886, 0.8875751738803457, 0.8697874114305492, 0.8153085711648826, 0.8942685874444208, 0.9419377156649789, 0.7855203506116147], [0.9579109339656334, 0.9583098701067018, 0.9579109339656334, 0.9559266202031771, 0.9559266202031771, 0.919795490862385, 0.919795490862385, 0.881788580944965, 0.881788580944965, 0.9999755968431755, 0.9414900551159153, 1.0, 0.9273697708063482, 0.9057802530030654, 0.9423798414664257, 0.9212920429890531, 0.9488589593879776, 0.8957003745971122, 0.7211412018153532, -0.0032091013661799395, 0.9447203317858337, 0.6104511320737002, -0.23367006000518428, -0.23983042458934478, 0.8689396883001274, 0.8848963534237225, 0.8680400322566051, 0.8823689771873291, 0.7959135964729683, 0.7812609240737595, 0.7989999534657272, 0.7257915768968061, 0.8780619716741526, 0.7776780616973309, 0.73715418274407], [0.9924424336050514, 0.9921746866119495, 0.9924424336050514, 0.9879655600539551, 0.9879655600539551, 0.9766452616282169, 0.9766452616282169, 0.9468393137163749, 0.9468393137163749, 0.9274081075155377, 0.9877571159143019, 0.9273697708063482, 1.0, 0.9996755344930847, 0.9876337701017927, 0.9749131670062727, 0.9894068140980481, 0.9236663835968795, 0.8043710208276783, 0.2170851782838541, 0.9854284957819206, 0.8707695555278645, -0.5986412982462014, 0.45674298871165253, 0.8515064117396036, 0.9332416923273468, 0.9567170405545864, 0.9048958580000726, 0.71869861833589, 0.8885997809597741, 0.8487319541427634, 0.8066020216374844, 0.8740286120930915, 0.962845699981614, 0.8215338104267391], [0.9919921518727334, 0.9913913882388291, 0.9919921518727334, 0.9836703627206514, 0.9836703627206514, 0.9754984552232848, 0.9754984552232848, 0.9418832311240418, 0.9418832311240418, 0.905924733381415, 0.98409493466692, 0.9057802530030654, 0.9996755344930847, 1.0, 0.9841252443115862, 0.9726471993984017, 0.9875886650261668, 0.9116839679666112, 0.8225661028673825, 0.0982337591336707, 0.9796200142480026, 0.8800073838063541, -0.8152852355933987, 0.5058624110851422, 0.8100739615414841, 0.9393652536397182, 0.9544992021255091, 0.8906609952714732, 0.6306422371343166, 0.8995604794124136, 0.8341202442556218, 0.7577112829272157, 0.9078462652632926, 0.9653859314317883, 0.7921025814652969], [0.9951135883671581, 0.9950787551110997, 0.9951135883671581, 0.9993842197532198, 0.9993842197532198, 0.9510734736590643, 0.9510734736590643, 0.9375411183436041, 0.9375411183436041, 0.9423629183447033, 0.9999130081266496, 0.9423798414664257, 0.9876337701017927, 0.9841252443115862, 1.0, 0.9517062786330386, 0.9937768390840859, 0.9285581767937642, 0.8403945859516159, 0.17973768986980848, 0.995352057073452, 0.8443083649146669, -0.4040638692165714, 0.3773730996523953, 0.8708120641388776, 0.9141332184965645, 0.9383687725256604, 0.9113135104137823, 0.7996754905855424, 0.8866996239187374, 0.8706277357297212, 0.816308364384565, 0.8937512087149172, 0.9415429586123792, 0.7852368499924702], [0.9712883027917231, 0.9705031456847892, 0.9712883027917231, 0.9537428810062532, 0.9537428810062532, 0.9989642240447814, 0.9989642240447814, 0.9231328986552271, 0.9231328986552271, 0.9141484270942861, 0.9520448450656553, 0.9212920429890531, 0.9749131670062727, 0.9726471993984017, 0.9517062786330386, 1.0, 0.9735337167500977, 0.9191526266442367, 0.6713737696751039, 0.004466636572050796, 0.9432998196971404, 0.567202642486953, -0.33150043562240533, -0.15785548331343197, 0.9092253830864511, 0.9238066997267792, 0.9185989005828878, 0.9018716356365726, 0.7639261712892228, 0.8309708899474072, 0.7707739866155887, 0.7714465241442027, 0.867855674122949, 0.8404367230056541, 0.7889311081436311], [0.9988682560002853, 0.9988707888882574, 0.9988682560002853, 0.9947017952580173, 0.9947017952580173, 0.9718178325587147, 0.9718178325587147, 0.9392242291983443, 0.9392242291983443, 0.9458470553481689, 0.9938323086331655, 0.9488589593879776, 0.9894068140980481, 0.9875886650261668, 0.9937768390840859, 0.9735337167500977, 1.0, 0.9434794931522105, 0.8456354454353582, 0.1770405758321574, 0.9867400823517107, 0.8140341920384494, -0.3891990225662763, 0.38906157994904106, 0.9028735528933156, 0.9313846529360414, 0.9432690376907964, 0.9358211805347438, 0.8199663980247278, 0.8767990313143188, 0.8964932193976315, 0.8449426883584573, 0.9058799796649419, 0.9459063628783491, 0.8402896245853072], [0.9273196780086886, 0.9279213167410968, 0.9273196780086886, 0.9092798417214848, 0.9092798417214848, 0.9195662067497593, 0.9195662067497593, 0.9731550363547686, 0.9731550363547686, 0.9057379488823768, 0.9284256253947648, 0.8957003745971122, 0.9236663835968795, 0.9116839679666112, 0.9285581767937642, 0.9191526266442367, 0.9434794931522105, 1.0, 0.7259629835532558, 0.021993849347544323, 0.8723051910395173, 0.5035120118106686, -0.11983055078543806, -0.1996111233208662, 0.8218586164634948, 0.8402726477943706, 0.8283321689227904, 0.9116685738076927, 0.8281000863956325, 0.7986020990692703, 0.7398658131118105, 0.6988178005889915, 0.83535671801183, 0.7618088520087267, 0.8463447256355897], [0.7824419203926045, 0.8032657799166442, 0.7824419203926045, 0.7622887365980083, 0.7622887365980083, 0.6229185708044451, 0.6229185708044451, 0.5569340985442759, 0.5569340985442759, 0.7885895824305996, 0.8396601925812266, 0.7211412018153532, 0.8043710208276783, 0.8225661028673825, 0.8403945859516159, 0.6713737696751039, 0.8456354454353582, 0.7259629835532558, 1.0, 0.06320825692454948, 0.7249539875441746, -0.4421408587532419, 0.39649831954946146, -0.6622321972568209, 0.33042811739872086, 0.8034956341012905, 0.4789557520890835, 0.8290170311837076, 0.6786727976707484, 0.02985649283092478, 0.27210326262156165, 0.5554626927826427, 0.7746114367549212, 0.4541503692553645, -0.1723801699568486], [-0.07337303142428588, 0.13344942669515028, -0.07337303142428588, -0.07866467516249825, -0.07866467516249825, -0.01626730183161517, -0.01626730183161517, 0.10491924144716429, 0.10491924144716429, 0.22876624125103476, 0.1781455961594366, -0.0032091013661799395, 0.2170851782838541, 0.0982337591336707, 0.17973768986980848, 0.004466636572050796, 0.1770405758321574, 0.021993849347544323, 0.06320825692454948, 1.0, -0.0424086330419362, 0.1380936475344832, 0.11268346433695876, 0.7526362925394219, -0.07536595007334473, 0.049715615466945924, 0.04070809410649608, 0.20412225512282653, 0.04285088962685502, 0.12833193329871254, 0.3962924104547496, 0.599429311196034, -0.07586000554799727, 0.16479219275437565, 0.1743305934991472], [0.9766179804147929, 0.967454753285288, 0.9766179804147929, 0.9884067591732777, 0.9884067591732777, 0.9319592638513815, 0.9319592638513815, 0.8374558062371655, 0.8374558062371655, 0.9313465452090387, 0.9954707629812797, 0.9447203317858337, 0.9854284957819206, 0.9796200142480026, 0.995352057073452, 0.9432998196971404, 0.9867400823517107, 0.8723051910395173, 0.7249539875441746, -0.0424086330419362, 1.0, -0.016161932453583973, -0.08452743525791588, -0.31520465227589956, 0.6885263634997202, 0.9227388674157735, 0.8909172470769087, 0.8581370628934442, 0.7457830068018877, 0.4889621074932649, 0.5625320514572612, 0.5420199300665623, 0.8995331489086131, 0.644845109630968, 0.1593496999838627], [0.0553874160757195, -0.10448896455917887, 0.0553874160757195, 0.07475162322342677, 0.07475162322342677, 0.24004613157826812, 0.24004613157826812, 0.4938911688080448, 0.4938911688080448, 0.7859103568411119, 0.8453399354241875, 0.6104511320737002, 0.8707695555278645, 0.8800073838063541, 0.8443083649146669, 0.567202642486953, 0.8140341920384494, 0.5035120118106686, -0.4421408587532419, 0.1380936475344832, -0.016161932453583973, 1.0, -0.4209090166621958, 0.7803897296792242, 0.3596032461456377, -0.06684350036823843, 0.24636662358539085, -0.16666964887096472, 0.01179961846799426, 0.556962714248417, 0.44350968633320437, 0.17013549581252393, -0.0911823538483297, 0.34324939786397657, 0.4637319734484413], [0.008331797390051337, 0.0169310626108737, 0.008331797390051337, -0.021659036996789414, -0.021659036996789414, -0.19942411849024985, -0.19942411849024985, -0.22328383582954378, -0.22328383582954378, -0.3224497939662061, -0.408847572372347, -0.23367006000518428, -0.5986412982462014, -0.8152852355933987, -0.4040638692165714, -0.33150043562240533, -0.3891990225662763, -0.11983055078543806, 0.39649831954946146, 0.11268346433695876, -0.08452743525791588, -0.4209090166621958, 1.0, -0.051154848339042554, -0.1239259409238383, -0.025840026388707003, -0.23246333941768277, 0.0338731571613404, -0.005066144398938547, -0.527034385516164, -0.14603352520409424, 0.012199011577196144, 0.04356141649585282, -0.14509339029780696, -0.40135900486247494], [-0.2509579070005026, -0.25120409152336365, -0.2509579070005026, -0.25477447390148017, -0.25477447390148017, -0.10419392168244378, -0.10419392168244378, 0.03845259105072706, 0.03845259105072706, 0.3961643370010015, 0.3776798658607085, -0.23983042458934478, 0.45674298871165253, 0.5058624110851422, 0.3773730996523953, -0.15785548331343197, 0.38906157994904106, -0.1996111233208662, -0.6622321972568209, 0.7526362925394219, -0.31520465227589956, 0.7803897296792242, -0.051154848339042554, 1.0, -0.09742416230179202, -0.3026874862350928, -0.04745187606177408, -0.34961880188486694, -0.3262614088956989, 0.1129490264213989, 0.1838409030185697, 0.27571534388275554, -0.38251569203158176, 0.14452266340059344, 0.10567278233712177], [0.8247273894742451, 0.6479092825494627, 0.8247273894742451, 0.8259952498100483, 0.8259952498100483, 0.896101751256451, 0.896101751256451, 0.7843283712070878, 0.7843283712070878, 0.8617605971002528, 0.8706765979191889, 0.8689396883001274, 0.8515064117396036, 0.8100739615414841, 0.8708120641388776, 0.9092253830864511, 0.9028735528933156, 0.8218586164634948, 0.33042811739872086, -0.07536595007334473, 0.6885263634997202, 0.3596032461456377, -0.1239259409238383, -0.09742416230179202, 1.0, 0.6154263876640202, 0.8453496498260153, 0.4779751998519052, 0.6128326525782145, 0.5275715745986855, 0.6436674109082322, 0.4066613707960902, 0.695642768543215, 0.6942802869405978, 0.4100657257142455], [0.9510310487719699, 0.9511163008067244, 0.9510310487719699, 0.9417116682100455, 0.9417116682100455, 0.9107466314721573, 0.9107466314721573, 0.8017368803724916, 0.8017368803724916, 0.8517958460197138, 0.91596225536512, 0.8848963534237225, 0.9332416923273468, 0.9393652536397182, 0.9141332184965645, 0.9238066997267792, 0.9313846529360414, 0.8402726477943706, 0.8034956341012905, 0.049715615466945924, 0.9227388674157735, -0.06684350036823843, -0.025840026388707003, -0.3026874862350928, 0.6154263876640202, 1.0, 0.8265431325122765, 0.8581919126781214, 0.7054311919059955, 0.3316259908770904, 0.48240004626972255, 0.602961321498548, 0.9015812700792364, 0.6311801174991071, 0.05709957889762491], [0.9027112784938337, 0.8740918354789055, 0.9027112784938337, 0.9077976410978088, 0.9077976410978088, 0.9233874656332026, 0.9233874656332026, 0.8591384184348869, 0.8591384184348869, 0.8916185382942601, 0.9396566581740649, 0.8680400322566051, 0.9567170405545864, 0.9544992021255091, 0.9383687725256604, 0.9185989005828878, 0.9432690376907964, 0.8283321689227904, 0.4789557520890835, 0.04070809410649608, 0.8909172470769087, 0.24636662358539085, -0.23246333941768277, -0.04745187606177408, 0.8453496498260153, 0.8265431325122765, 1.0, 0.7292329082757582, 0.5755821262595872, 0.5319788204798657, 0.5686962281935098, 0.5260196290375408, 0.7972342264701366, 0.8158914438718535, 0.2061601341957205], [0.9266617005279257, 0.9212096843597891, 0.9266617005279257, 0.9163241340858043, 0.9163241340858043, 0.8935386245309227, 0.8935386245309227, 0.8389912501802419, 0.8389912501802419, 0.8705214863675527, 0.9110611797088177, 0.8823689771873291, 0.9048958580000726, 0.8906609952714732, 0.9113135104137823, 0.9018716356365726, 0.9358211805347438, 0.9116685738076927, 0.8290170311837076, 0.20412225512282653, 0.8581370628934442, -0.16666964887096472, 0.0338731571613404, -0.34961880188486694, 0.4779751998519052, 0.8581919126781214, 0.7292329082757582, 1.0, 0.8998330603489909, 0.4934224059813183, 0.6654855382027974, 0.6679979732049661, 0.8687986274572345, 0.48728846976364054, 0.28970971629874054], [0.7654747807493046, 0.7788552376805576, 0.7654747807493046, 0.7775222847126096, 0.7775222847126096, 0.7232826332681668, 0.7232826332681668, 0.736747574049078, 0.736747574049078, 0.7609419740398693, 0.7988773803933886, 0.7959135964729683, 0.71869861833589, 0.6306422371343166, 0.7996754905855424, 0.7639261712892228, 0.8199663980247278, 0.8281000863956325, 0.6786727976707484, 0.04285088962685502, 0.7457830068018877, 0.01179961846799426, -0.005066144398938547, -0.3262614088956989, 0.6128326525782145, 0.7054311919059955, 0.5755821262595872, 0.8998330603489909, 1.0, 0.5388840350078565, 0.6478128246603717, 0.6016818750189247, 0.7104803024653203, 0.5510414267333974, 0.4715013955347474], [0.46828221116171037, 0.45891622160036427, 0.46828221116171037, 0.49408865736820223, 0.49408865736820223, 0.6999847189061432, 0.6999847189061432, 0.8678723209206566, 0.8678723209206566, 0.7876725394909566, 0.8875751738803457, 0.7812609240737595, 0.8885997809597741, 0.8995604794124136, 0.8866996239187374, 0.8309708899474072, 0.8767990313143188, 0.7986020990692703, 0.02985649283092478, 0.12833193329871254, 0.4889621074932649, 0.556962714248417, -0.527034385516164, 0.1129490264213989, 0.5275715745986855, 0.3316259908770904, 0.5319788204798657, 0.4934224059813183, 0.5388840350078565, 1.0, 0.7285059346199239, 0.36331153520959086, 0.4264690312718086, 0.5211215885796181, 0.7935314927694517], [0.6061787745244849, 0.6027055622980841, 0.6061787745244849, 0.6003425607038837, 0.6003425607038837, 0.7205248695738368, 0.7205248695738368, 0.7648738975570536, 0.7648738975570536, 0.8316888981093397, 0.8697874114305492, 0.7989999534657272, 0.8487319541427634, 0.8341202442556218, 0.8706277357297212, 0.7707739866155887, 0.8964932193976315, 0.7398658131118105, 0.27210326262156165, 0.3962924104547496, 0.5625320514572612, 0.44350968633320437, -0.14603352520409424, 0.1838409030185697, 0.6436674109082322, 0.48240004626972255, 0.5686962281935098, 0.6654855382027974, 0.6478128246603717, 0.7285059346199239, 1.0, 0.7765259700448207, 0.4582989769415218, 0.7102343366040367, 0.5491888026173957], [0.6378875036924117, 0.669120557705801, 0.6378875036924117, 0.6123370006558423, 0.6123370006558423, 0.7137205659951293, 0.7137205659951293, 0.7175548118871241, 0.7175548118871241, 0.8016072054095793, 0.8153085711648826, 0.7257915768968061, 0.8066020216374844, 0.7577112829272157, 0.816308364384565, 0.7714465241442027, 0.8449426883584573, 0.6988178005889915, 0.5554626927826427, 0.599429311196034, 0.5420199300665623, 0.17013549581252393, 0.012199011577196144, 0.27571534388275554, 0.4066613707960902, 0.602961321498548, 0.5260196290375408, 0.6679979732049661, 0.6016818750189247, 0.36331153520959086, 0.7765259700448207, 1.0, 0.48045918803337595, 0.6685473935231504, 0.1942232275032555], [0.9275083383648635, 0.9244454283258439, 0.9275083383648635, 0.9212326333232382, 0.9212326333232382, 0.8438205186246533, 0.8438205186246533, 0.7677852865357685, 0.7677852865357685, 0.8476255397113666, 0.8942685874444208, 0.8780619716741526, 0.8740286120930915, 0.9078462652632926, 0.8937512087149172, 0.867855674122949, 0.9058799796649419, 0.83535671801183, 0.7746114367549212, -0.07586000554799727, 0.8995331489086131, -0.0911823538483297, 0.04356141649585282, -0.38251569203158176, 0.695642768543215, 0.9015812700792364, 0.7972342264701366, 0.8687986274572345, 0.7104803024653203, 0.4264690312718086, 0.4582989769415218, 0.48045918803337595, 1.0, 0.7034729397319125, 0.15647694569167878], [0.8085659114086968, 0.6697494123095428, 0.8085659114086968, 0.7983911104051822, 0.7983911104051822, 0.843774287876657, 0.843774287876657, 0.8313751395506724, 0.8313751395506724, 0.8925192392903448, 0.9419377156649789, 0.7776780616973309, 0.962845699981614, 0.9653859314317883, 0.9415429586123792, 0.8404367230056541, 0.9459063628783491, 0.7618088520087267, 0.4541503692553645, 0.16479219275437565, 0.644845109630968, 0.34324939786397657, -0.14509339029780696, 0.14452266340059344, 0.6942802869405978, 0.6311801174991071, 0.8158914438718535, 0.48728846976364054, 0.5510414267333974, 0.5211215885796181, 0.7102343366040367, 0.6685473935231504, 0.7034729397319125, 1.0, 0.16549019315875577], [0.1682585824620358, 0.1643642677878538, 0.1682585824620358, 0.18088663647506248, 0.18088663647506248, 0.4611712229522337, 0.4611712229522337, 0.8007265624506684, 0.8007265624506684, 0.7794749153996264, 0.7855203506116147, 0.73715418274407, 0.8215338104267391, 0.7921025814652969, 0.7852368499924702, 0.7889311081436311, 0.8402896245853072, 0.8463447256355897, -0.1723801699568486, 0.1743305934991472, 0.1593496999838627, 0.4637319734484413, -0.40135900486247494, 0.10567278233712177, 0.4100657257142455, 0.05709957889762491, 0.2061601341957205, 0.28970971629874054, 0.4715013955347474, 0.7935314927694517, 0.5491888026173957, 0.1942232275032555, 0.15647694569167878, 0.16549019315875577, 1.0]], "x": ["^TAIEX       \u81fa\u7063\u52a0\u6b0a\u5831\u916c\u6307\u6578", "^TWII        \u81fa\u7063\u52a0\u6b0a\u6307\u6578", "^TAIEXx2     \u81fa\u7063\u52a0\u6b0a\u5831\u916c\u6307\u6578_\u65e5\u6b632", "^TAI50I      \u81fa\u706350\u5831\u916c\u6307\u6578", "^TAI50Ix2    \u81fa\u706350\u5831\u916c\u6307\u6578_\u65e5\u6b632", "^TAI100I     \u81fa\u7063\u4e2d\u578b100\u5831\u916c\u6307\u6578", "^TAI100Ix2   \u81fa\u7063\u4e2d\u578b100\u5831\u916c\u6307\u6578_\u65e5\u6b632", "^TAIDIVIDI   \u81fa\u7063\u9ad8\u80a1\u606f\u5831\u916c\u6307\u6578", "^TAIDIVIDIx2 \u81fa\u7063\u9ad8\u80a1\u606f\u5831\u916c\u6307\u6578_\u65e5\u6b632", "0050Fund     \u5143\u5927\u53f0\u7063\u5353\u8d8a50\u57fa\u91d1", "006208Fund   \u5bcc\u90a6\u53f0\u7063\u91c6\u540950\u57fa\u91d1", "0050         \u5143\u5927\u81fa\u706350", "00631L       \u5143\u5927\u53f0\u706350\u6b632", "00675L       \u5bcc\u90a6\u81fa\u7063\u52a0\u6b0a\u6b632", "006208       \u5bcc\u90a6\u53f050", "0051         \u5143\u5927\u4e2d\u578b100", "006204       \u6c38\u8c50\u81fa\u7063\u52a0\u6b0a", "0056         \u5143\u5927\u9ad8\u80a1\u606f", "2412         \u4e2d\u83ef\u96fb\u4fe1", "2002         \u4e2d\u92fc", "2330         \u53f0\u7a4d\u96fb", "2317         \u9d3b\u6d77", "6505         \u53f0\u5851\u77f3\u5316", "3481         \u7fa4\u5275", "2303         \u806f\u96fb", "2308         \u53f0\u9054\u96fb", "2454         \u806f\u767c\u79d1", "2886         \u5146\u8c50\u91d1", "2884         \u7389\u5c71\u91d1", "2891         \u4e2d\u4fe1\u91d1", "2892         \u7b2c\u4e00\u91d1", "5880         \u5408\u5eab\u91d1", "2881         \u5bcc\u90a6\u91d1", "2885         \u5143\u5927\u91d1", "2887         \u53f0\u65b0\u91d1"], "y": ["^TAIEX       \u81fa\u7063\u52a0\u6b0a\u5831\u916c\u6307\u6578", "^TWII        \u81fa\u7063\u52a0\u6b0a\u6307\u6578", "^TAIEXx2     \u81fa\u7063\u52a0\u6b0a\u5831\u916c\u6307\u6578_\u65e5\u6b632", "^TAI50I      \u81fa\u706350\u5831\u916c\u6307\u6578", "^TAI50Ix2    \u81fa\u706350\u5831\u916c\u6307\u6578_\u65e5\u6b632", "^TAI100I     \u81fa\u7063\u4e2d\u578b100\u5831\u916c\u6307\u6578", "^TAI100Ix2   \u81fa\u7063\u4e2d\u578b100\u5831\u916c\u6307\u6578_\u65e5\u6b632", "^TAIDIVIDI   \u81fa\u7063\u9ad8\u80a1\u606f\u5831\u916c\u6307\u6578", "^TAIDIVIDIx2 \u81fa\u7063\u9ad8\u80a1\u606f\u5831\u916c\u6307\u6578_\u65e5\u6b632", "0050Fund     \u5143\u5927\u53f0\u7063\u5353\u8d8a50\u57fa\u91d1", "006208Fund   \u5bcc\u90a6\u53f0\u7063\u91c6\u540950\u57fa\u91d1", "0050         \u5143\u5927\u81fa\u706350", "00631L       \u5143\u5927\u53f0\u706350\u6b632", "00675L       \u5bcc\u90a6\u81fa\u7063\u52a0\u6b0a\u6b632", "006208       \u5bcc\u90a6\u53f050", "0051         \u5143\u5927\u4e2d\u578b100", "006204       \u6c38\u8c50\u81fa\u7063\u52a0\u6b0a", "0056         \u5143\u5927\u9ad8\u80a1\u606f", "2412         \u4e2d\u83ef\u96fb\u4fe1", "2002         \u4e2d\u92fc", "2330         \u53f0\u7a4d\u96fb", "2317         \u9d3b\u6d77", "6505         \u53f0\u5851\u77f3\u5316", "3481         \u7fa4\u5275", "2303         \u806f\u96fb", "2308         \u53f0\u9054\u96fb", "2454         \u806f\u767c\u79d1", "2886         \u5146\u8c50\u91d1", "2884         \u7389\u5c71\u91d1", "2891         \u4e2d\u4fe1\u91d1", "2892         \u7b2c\u4e00\u91d1", "5880         \u5408\u5eab\u91d1", "2881         \u5bcc\u90a6\u91d1", "2885         \u5143\u5927\u91d1", "2887         \u53f0\u65b0\u91d1"], "zmin": -1, "zmax": 1, "colorbar": {"x": -0.2}}], "layout": {"autotypenumbers": "strict", "colorway": ["#636efa", "#EF553B", "#00cc96", "#ab63fa", "#FFA15A", "#19d3f3", "#FF6692", "#B6E880", "#FF97FF", "#FECB52"], "font": {"color": "#f2f5fa", "family": "Courier New"}, "hovermode": "closest", "hoverlabel": {"align": "left"}, "paper_bgcolor": "rgb(17,17,17)", "plot_bgcolor": "rgb(17,17,17)", "polar": {"bgcolor": "rgb(17,17,17)", "angularaxis": {"gridcolor": "#506784", "linecolor": "#506784", "ticks": ""}, "radialaxis": {"gridcolor": "#506784", "linecolor": "#506784", "ticks": ""}}, "ternary": {"bgcolor": "rgb(17,17,17)", "aaxis": {"gridcolor": "#506784", "linecolor": "#506784", "ticks": ""}, "baxis": {"gridcolor": "#506784", "linecolor": "#506784", "ticks": ""}, "caxis": {"gridcolor": "#506784", "linecolor": "#506784", "ticks": ""}}, "coloraxis": {"colorbar": {"outlinewidth": 0, "ticks": ""}}, "colorscale": {"sequential": [[0.0, "#0d0887"], [0.1111111111111111, "#46039f"], [0.2222222222222222, "#7201a8"], [0.3333333333333333, "#9c179e"], [0.4444444444444444, "#bd3786"], [0.5555555555555556, "#d8576b"], [0.6666666666666666, "#ed7953"], [0.7777777777777778, "#fb9f3a"], [0.8888888888888888, "#fdca26"], [1.0, "#f0f921"]], "sequentialminus": [[0.0, "#0d0887"], [0.1111111111111111, "#46039f"], [0.2222222222222222, "#7201a8"], [0.3333333333333333, "#9c179e"], [0.4444444444444444, "#bd3786"], [0.5555555555555556, "#d8576b"], [0.6666666666666666, "#ed7953"], [0.7777777777777778, "#fb9f3a"], [0.8888888888888888, "#fdca26"], [1.0, "#f0f921"]], "diverging": [[0, "#8e0152"], [0.1, "#c51b7d"], [0.2, "#de77ae"], [0.3, "#f1b6da"], [0.4, "#fde0ef"], [0.5, "#f7f7f7"], [0.6, "#e6f5d0"], [0.7, "#b8e186"], [0.8, "#7fbc41"], [0.9, "#4d9221"], [1, "#276419"]]}, "xaxis": {"gridcolor": "rgba(0, 0, 0, 0)", "linecolor": "#506784", "ticks": "", "title": {"standoff": 15}, "zerolinecolor": "#283442", "automargin": true, "zerolinewidth": 2, "tickfont": {"family": "Courier New", "size": 14}, "side": "top", "tickangle": -90}, "yaxis": {"gridcolor": "rgba(0, 0, 0, 0)", "linecolor": "#506784", "ticks": "", "title": {"standoff": 15}, "zerolinecolor": "#283442", "automargin": true, "zerolinewidth": 2, "tickfont": {"family": "Courier New"}, "side": "right"}, "scene": {"xaxis": {"backgroundcolor": "rgb(17,17,17)", "gridcolor": "#506784", "linecolor": "#506784", "showbackground": true, "ticks": "", "zerolinecolor": "#C8D4E3", "gridwidth": 2}, "yaxis": {"backgroundcolor": "rgb(17,17,17)", "gridcolor": "#506784", "linecolor": "#506784", "showbackground": true, "ticks": "", "zerolinecolor": "#C8D4E3", "gridwidth": 2}, "zaxis": {"backgroundcolor": "rgb(17,17,17)", "gridcolor": "#506784", "linecolor": "#506784", "showbackground": true, "ticks": "", "zerolinecolor": "#C8D4E3", "gridwidth": 2}}, "shapedefaults": {"line": {"color": "#f2f5fa"}}, "annotationdefaults": {"arrowcolor": "#f2f5fa", "arrowhead": 0, "arrowwidth": 1}, "geo": {"bgcolor": "rgb(17,17,17)", "landcolor": "rgb(17,17,17)", "subunitcolor": "#506784", "showland": true, "showlakes": true, "lakecolor": "rgb(17,17,17)"}, "title": {"x": 0.05, "font": {"family": "Times New Roman"}, "y": 0.05, "text": "<b>Correlation of Close<b><br><i>2016-09-23 ~ 2025-07-16<i>"}, "updatemenudefaults": {"bgcolor": "#506784", "borderwidth": 0}, "sliderdefaults": {"bgcolor": "#C8D4E3", "borderwidth": 1, "bordercolor": "rgb(17,17,17)", "tickwidth": 0}, "mapbox": {"style": "dark"}}, "config": {"responsive": true, "toImageButtonOptions": {"filename": "Correlation of Close_2016-09-23~2025-07-16", "scale": 5}}};

Plotly.newPlot("correlationClose",
    correlationClose.data,
    correlationClose.layout || {},
    correlationClose.config);