var element=document.getElementById("correlationAdjClose");if(element.style.display!='none'){var correlationAdjClose={"data":[{"type":"heatmap","z":[[1.0,0.9948820186777033,0.9755383431774334,0.9971246432211318,0.9569050669575365,0.9835899460913815,0.9520200041025313,0.9892469611677566,0.9744358562001655,0.9972734523422749,0.9967051814904394,0.9971689528345351,0.9932402349274283,0.9941823605704289,0.9967516334129811,0.9852197082518384,0.999710925851878,0.9891043058012989,0.8994598211594939,0.9195973426690678,0.6975028738878117,0.984744208283913,0.9317616392707215,0.3723968227233812,-0.2995143935519588,0.8984402069704681,0.9310164816949423,0.9593388686987078,0.9779235642643727,0.9649320301677901,0.9785480991861532,0.9712581102050362,0.9415542067549459,0.9823155229402728,0.9743778768173477,0.9556802357293946],[0.9948820186777033,1.0,0.9715949103003304,0.9916768801309028,0.9526993618851922,0.9796601409418612,0.9479099577336056,0.9814154508602152,0.9684974749830376,0.9929741239364562,0.9948930503720136,0.9943653445022809,0.9923357650532381,0.9921534976000459,0.9949062289648292,0.9801747652395238,0.9972075141557167,0.9836988457119451,0.9206707992674237,0.9096631576183892,0.7165911272879961,0.9687997325415137,0.9147261438473137,0.3724666916954008,-0.23033110010815344,0.8762455670176319,0.9245937025395309,0.9586572253819079,0.9584563813746371,0.9526198351117412,0.9694792260878128,0.9574367571392209,0.9405731653661716,0.9726626014963407,0.9655764338769173,0.9505514145909556],[0.9755383431774334,0.9715949103003304,1.0,0.984389761104214,0.9946035616659172,0.9734853807034054,0.9777463475963812,0.9617920948893233,0.9796092893411694,0.9840650234316152,0.9907308571192904,0.9874454403326175,0.9970083930820388,0.9967937618207997,0.9904998158861735,0.9711310084937801,0.9857369762206143,0.9613990023697231,0.8630031512666274,0.8242922795053313,0.5703276025340095,0.9919512324114135,0.930758668988383,0.2011685931226846,-0.22367644309404755,0.8849456744300765,0.9401289529990674,0.9720714305819415,0.9208186539673041,0.9088141604133808,0.966124524796428,0.9135037294466837,0.8903742613580791,0.9641331533820816,0.9714603948813317,0.916866493723628],[0.9971246432211318,0.9916768801309028,0.984389761104214,1.0,0.9727157439417341,0.9751718977558403,0.9488612807202099,0.9811270216086585,0.971116100087226,0.999969296459523,0.9999915104697442,0.999962129308094,0.9931727719622105,0.9917020344641371,0.9999498042448246,0.9740517599477659,0.9957292423203964,0.9806803174389238,0.883286668258544,0.9021522369684575,0.6601593569899545,0.9938531073163096,0.9363525406393293,0.34052072728453,-0.2887675569658517,0.890666412504923,0.9407390211343545,0.9631759349053826,0.9657345049354149,0.9590797766790837,0.9805031598986362,0.9588094554760732,0.926248495376976,0.979229555067183,0.9723024973254971,0.9447747127206351],[0.9569050669575365,0.9526993618851922,0.9946035616659172,0.9727157439417341,1.0,0.9464335604517444,0.9567788199089531,0.9369460115947097,0.9598233194166675,0.9727696143181076,0.9820618218860613,0.9782318637154916,0.9835602347547405,0.980542679482106,0.9816762865853965,0.9426090993032303,0.9675358305229026,0.936247067501438,0.8306612685614592,0.7940040456712272,0.5212863453117942,0.9872936462892523,0.9257429235886757,0.1667252993567642,-0.21304574536215157,0.8520134154784013,0.9451361140729755,0.9586493802537369,0.8905917522998568,0.8854831252816531,0.953813704757308,0.8830064441598344,0.853120334690341,0.9459377524337634,0.9524350989367181,0.8849575225008677],[0.9835899460913815,0.9796601409418612,0.9734853807034054,0.9751718977558403,0.9464335604517444,1.0,0.9829788816040893,0.9825532411560032,0.9823908019366617,0.9745996523625595,0.9694086930205897,0.9727365920783859,0.9738815473844504,0.9714044013908455,0.9693239054734316,0.999901069475572,0.9869101360337912,0.9834873785046593,0.9019967861909197,0.8708081555641339,0.6664985841590542,0.967022046791974,0.902793448892746,0.24777266798508446,-0.22006327482844254,0.9323912475679286,0.9040921463870747,0.9637681809386511,0.9598868703054224,0.9342296042342672,0.9574360967642844,0.9549733202286443,0.9531068337299189,0.9623693390471959,0.9793297926875251,0.9577328005224445],[0.9520200041025313,0.9479099577336056,0.9777463475963812,0.9488612807202099,0.9567788199089531,0.9829788816040893,1.0,0.9549292296313164,0.9850115398163298,0.9474869706038062,0.9579306605067873,0.9543231629171386,0.9769055791323294,0.9776312316112652,0.9576559330708692,0.9843127716687675,0.9705741226940803,0.9574588464182942,0.867757426005965,0.7897230735750498,0.5585806493951998,0.9528020270008413,0.9035581696491372,0.10702453714239935,-0.15854289477828354,0.8954403063195333,0.8960498623281622,0.9603524270809587,0.9042925257573063,0.8711135615115086,0.9369201176401225,0.8975149415219214,0.9053979060992184,0.9354616605735454,0.9684748850177227,0.9132260025924509],[0.9892469611677566,0.9814154508602152,0.9617920948893233,0.9811270216086585,0.9369460115947097,0.9825532411560032,0.9549292296313164,1.0,0.983707724278493,0.98110358405328,0.9764635906552462,0.979952310441037,0.9712140254309125,0.9702197130206904,0.976566009319617,0.9843515104717089,0.9870921095815312,0.999881994014536,0.9278146119488515,0.9289130435522814,0.6340186386366755,0.9686678365029647,0.8992044412959348,0.22629562325428645,-0.3106559494850431,0.9061753836194735,0.8852730801340711,0.9441435916316224,0.9792119370234168,0.956804372485571,0.969309520733445,0.9659076012262269,0.9374700002117511,0.96344302135016,0.9614468646081722,0.9675338913136089],[0.9744358562001655,0.9684974749830376,0.9796092893411694,0.971116100087226,0.9598233194166675,0.9823908019366617,0.9850115398163298,0.983707724278493,1.0,0.9703590125531901,0.9668204394814679,0.9692040178839669,0.9726235216987795,0.9694587197257541,0.9666660244012368,0.9814345700258913,0.9743234198606741,0.9830696751910512,0.9030487807365869,0.861388239309866,0.5534548298487574,0.9689894135377232,0.9161679291989754,0.08519012220342148,-0.23286868736969998,0.8845759611021113,0.8877602719666774,0.9643610089790394,0.937667565701468,0.9051177660260705,0.9619730837553867,0.9230307437270656,0.9042289408926936,0.9527694489500925,0.973485431267803,0.9277719716523454],[0.9972734523422749,0.9929741239364562,0.9840650234316152,0.999969296459523,0.9727696143181076,0.9745996523625595,0.9474869706038062,0.98110358405328,0.9703590125531901,1.0,0.9999900013028982,0.9999827451975158,0.9930585625401814,0.9915640352737232,0.9999548864020652,0.9734895645800772,0.9956062539051409,0.980752832239546,0.8851204524049617,0.9033377225723702,0.657815351899487,0.9940456109621024,0.9361986702015134,0.34563134612945295,-0.288203085903758,0.8914496585782441,0.9389899462444147,0.9617256750771859,0.9654780320329618,0.9582788790444259,0.9795492365061315,0.9582163266879367,0.924856158908354,0.9784530012768279,0.9711773267513545,0.9432447366492802],[0.9967051814904394,0.9948930503720136,0.9907308571192904,0.9999915104697442,0.9820618218860613,0.9694086930205897,0.9579306605067873,0.9764635906552462,0.9668204394814679,0.9999900013028982,1.0,0.9999734995287042,0.9931984556141658,0.99170034778879,0.9999576906030743,0.9691849165993878,0.9953871208842865,0.977141597038136,0.9077831523663527,0.9306351907714171,0.5419135293461431,0.9972385100887238,0.9207062372719005,-0.13397227144978024,0.39023339045691713,0.8917818203029111,0.9088054479849361,0.9647642933375387,0.9564556705570064,0.9413301295071269,0.9710769011212836,0.9382773768117373,0.904107021325651,0.9690940190751097,0.98069784773489,0.9390454967473988],[0.9971689528345351,0.9943653445022809,0.9874454403326175,0.999962129308094,0.9782318637154916,0.9727365920783859,0.9543231629171386,0.979952310441037,0.9692040178839669,0.9999827451975158,0.9999734995287042,1.0,0.993069371022136,0.9915319466929269,0.9999655880697056,0.9726097219028249,0.9954972431584916,0.9801867703029867,0.8926565432386875,0.9199513623595538,0.6048301644582548,0.9962435863329896,0.9326280698942542,0.08089144660311114,-0.19415195392205725,0.9056411680130697,0.9246234359503178,0.9573780398074647,0.9596804659101479,0.9493661499161761,0.9760582273878639,0.9491742097578716,0.9211300233435739,0.9748149814740421,0.9708581916278786,0.9475257675936648],[0.9932402349274283,0.9923357650532381,0.9970083930820388,0.9931727719622105,0.9835602347547405,0.9738815473844504,0.9769055791323294,0.9712140254309125,0.9726235216987795,0.9930585625401814,0.9931984556141658,0.993069371022136,1.0,0.9997568418087319,0.9931972845700067,0.9737724166469011,0.9933103958020676,0.972113210989304,0.9001365791381685,0.9181206368110133,0.4694074955084923,0.9889649712419871,0.9167414717565385,-0.4017213018607277,0.40563139103008283,0.8752447818519066,0.9063471441607347,0.9690101543355445,0.9398657721650482,0.9093109664231336,0.9552071842475627,0.9155161680626803,0.8732511057415256,0.9667179270527976,0.9778832726895568,0.9315303788689693],[0.9941823605704289,0.9921534976000459,0.9967937618207997,0.9917020344641371,0.980542679482106,0.9714044013908455,0.9776312316112652,0.9702197130206904,0.9694587197257541,0.9915640352737232,0.99170034778879,0.9915319466929269,0.9997568418087319,1.0,0.9918115348133407,0.9712112697444851,0.9940710310663613,0.9713178598457942,0.8851951937323271,0.9276100758555422,0.3310650868205261,0.9850194233195039,0.9101274740157003,-0.7494953436910866,0.376447397551566,0.8430407119939629,0.9028810315826491,0.9655724606032201,0.933465354144866,0.8969754281479567,0.9484490043381634,0.9158480589323996,0.8514712011837546,0.9676143277854581,0.9759577828247779,0.9253944431633803],[0.9967516334129811,0.9949062289648292,0.9904998158861735,0.9999498042448246,0.9816762865853965,0.9693239054734316,0.9576559330708692,0.976566009319617,0.9666660244012368,0.9999548864020652,0.9999576906030743,0.9999655880697056,0.9931972845700067,0.9918115348133407,1.0,0.9691566360452872,0.995426424717612,0.9772151094285915,0.9078839327335824,0.9312206141073553,0.5417502342568407,0.9970713731086792,0.9208428501316812,-0.13157669749158313,0.38979306904806044,0.8917346135081249,0.9077851747923262,0.9640437780545471,0.956674681614167,0.9416773094192612,0.971051537353925,0.93881130465628,0.904611621548571,0.9690591938564428,0.9806392190025629,0.9395664695241652],[0.9852197082518384,0.9801747652395238,0.9711310084937801,0.9740517599477659,0.9426090993032303,0.999901069475572,0.9843127716687675,0.9843515104717089,0.9814345700258913,0.9734895645800772,0.9691849165993878,0.9726097219028249,0.9737724166469011,0.9712112697444851,0.9691566360452872,1.0,0.9869820509154543,0.9836752470200699,0.9048499495250844,0.8946171655963001,0.6569064806166678,0.9646254357777192,0.8970984938170583,0.10431696067506785,-0.19901271307899498,0.9397874103495186,0.8929625254657211,0.9607558920801529,0.9633026719482654,0.9315222574375461,0.9540150697950757,0.9561551331956323,0.9522927141294867,0.9644695279059851,0.9786508785875109,0.9620118312368593],[0.999710925851878,0.9972075141557167,0.9857369762206143,0.9957292423203964,0.9675358305229026,0.9869101360337912,0.9705741226940803,0.9870921095815312,0.9743234198606741,0.9956062539051409,0.9953871208842865,0.9954972431584916,0.9933103958020676,0.9940710310663613,0.995426424717612,0.9869820509154543,1.0,0.9877138173464988,0.9254027177458296,0.9398489123419531,0.5980132308708213,0.9882577976260133,0.9124300468741426,-0.07343505551799163,0.4167793773975824,0.9198485364799373,0.9001771860597091,0.9663628776139258,0.9727187283155087,0.9495065536307931,0.9693676342114872,0.9566259916516983,0.9340832913748275,0.9754304662973265,0.9864319146842647,0.9628343410989085],[0.9891043058012989,0.9836988457119451,0.9613990023697231,0.9806803174389238,0.936247067501438,0.9834873785046593,0.9574588464182942,0.999881994014536,0.9830696751910512,0.980752832239546,0.977141597038136,0.9801867703029867,0.972113210989304,0.9713178598457942,0.9772151094285915,0.9836752470200699,0.9877138173464988,1.0,0.9306812464117488,0.9351125018158426,0.631305664303963,0.9672748587131309,0.9030940434193003,0.19048051713832767,-0.2924255733586404,0.9110826522345036,0.8806717445359938,0.9440892584007499,0.9796943299216996,0.9562237888883184,0.9677557862406679,0.964583765421145,0.9372238975308225,0.9626806669922606,0.9595115078099997,0.968674880563068],[0.8994598211594939,0.9206707992674237,0.8630031512666274,0.883286668258544,0.8306612685614592,0.9019967861909197,0.867757426005965,0.9278146119488515,0.9030487807365869,0.8851204524049617,0.9077831523663527,0.8926565432386875,0.9001365791381685,0.8851951937323271,0.9078839327335824,0.9048499495250844,0.9254027177458296,0.9306812464117488,1.0,0.8268437802206742,0.6992361485289994,0.8554707297024359,0.8066111842817305,0.26769886554354116,-0.16421659474002187,0.8563191960184063,0.7588529178743801,0.8552811878256463,0.8914682660849101,0.8577463263745497,0.8560433798123235,0.8704194526574869,0.8565682558121287,0.854863806800653,0.8762383001176446,0.895116864162359],[0.9195973426690678,0.9096631576183892,0.8242922795053313,0.9021522369684575,0.7940040456712272,0.8708081555641339,0.7897230735750498,0.9289130435522814,0.861388239309866,0.9033377225723702,0.9306351907714171,0.9199513623595538,0.9181206368110133,0.9276100758555422,0.9312206141073553,0.8946171655963001,0.9398489123419531,0.9351125018158426,0.8268437802206742,1.0,0.8265285768716574,0.8527637870710868,0.8677308378533052,0.6399474035327585,-0.5258015940825982,0.7142680413904183,0.8388655864824995,0.812575139313458,0.9593494782606763,0.9378654674670498,0.9000292120969414,0.9467947098396331,0.8999812365302146,0.9006646550883419,0.8515720110326295,0.885968714499178],[0.6975028738878117,0.7165911272879961,0.5703276025340095,0.6601593569899545,0.5212863453117942,0.6664985841590542,0.5585806493951998,0.6340186386366755,0.5534548298487574,0.657815351899487,0.5419135293461431,0.6048301644582548,0.4694074955084923,0.3310650868205261,0.5417502342568407,0.6569064806166678,0.5980132308708213,0.631305664303963,0.6992361485289994,0.8265285768716574,1.0,0.5885759732314069,0.6953203902857973,0.7249112667321401,-0.11625618646116025,0.5351367801647695,0.6130999992711841,0.6109684716681857,0.7727148774260545,0.7035501400671522,0.626865673354331,0.7391602536030034,0.7532493639743784,0.6658213204057445,0.633225752108216,0.682501166889801],[0.984744208283913,0.9687997325415137,0.9919512324114135,0.9938531073163096,0.9872936462892523,0.967022046791974,0.9528020270008413,0.9686678365029647,0.9689894135377232,0.9940456109621024,0.9972385100887238,0.9962435863329896,0.9889649712419871,0.9850194233195039,0.9970713731086792,0.9646254357777192,0.9882577976260133,0.9672748587131309,0.8554707297024359,0.8527637870710868,0.5885759732314069,1.0,0.9140324578987234,0.2673008178794029,-0.2805905383867518,0.8732508744146719,0.942733434058768,0.9676206898411092,0.932735632850056,0.9397004468298381,0.9721154542843342,0.9349264945099492,0.8984426432573803,0.9683744406389561,0.9575707782662299,0.9242812761622049],[0.9317616392707215,0.9147261438473137,0.930758668988383,0.9363525406393293,0.9257429235886757,0.902793448892746,0.9035581696491372,0.8992044412959348,0.9161679291989754,0.9361986702015134,0.9207062372719005,0.9326280698942542,0.9167414717565385,0.9101274740157003,0.9208428501316812,0.8970984938170583,0.9124300468741426,0.9030940434193003,0.8066111842817305,0.8677308378533052,0.6953203902857973,0.9140324578987234,1.0,0.3061539032244874,-0.1898451933121962,0.7128364944303314,0.9131369190775115,0.8967502599789429,0.8978055314831146,0.8563260767075209,0.9333120005187239,0.8711954293150065,0.8396192664875147,0.9284559952988517,0.8820137782746449,0.8553671788906226],[0.3723968227233812,0.3724666916954008,0.2011685931226846,0.34052072728453,0.1667252993567642,0.24777266798508446,0.10702453714239935,0.22629562325428645,0.08519012220342148,0.34563134612945295,-0.13397227144978024,0.08089144660311114,-0.4017213018607277,-0.7494953436910866,-0.13157669749158313,0.10431696067506785,-0.07343505551799163,0.19048051713832767,0.26769886554354116,0.6399474035327585,0.7249112667321401,0.2673008178794029,0.3061539032244874,1.0,-0.3821688667163026,0.2657576937699484,0.2619114550104096,0.17609444544134864,0.4659708297982703,0.4593865829961543,0.3087281611404358,0.48148053881891406,0.40670840989606444,0.3351235944376063,0.2578307156346906,0.3748324531698607],[-0.2995143935519588,-0.23033110010815344,-0.22367644309404755,-0.2887675569658517,-0.21304574536215157,-0.22006327482844254,-0.15854289477828354,-0.3106559494850431,-0.23286868736969998,-0.288203085903758,0.39023339045691713,-0.19415195392205725,0.40563139103008283,0.376447397551566,0.38979306904806044,-0.19901271307899498,0.4167793773975824,-0.2924255733586404,-0.16421659474002187,-0.5258015940825982,-0.11625618646116025,-0.2805905383867518,-0.1898451933121962,-0.3821688667163026,1.0,-0.15589395922410287,-0.2781109788072753,-0.1828808138364577,-0.3871733750822074,-0.3764184366945849,-0.31945198851448237,-0.34514234472100835,-0.2093780106828681,-0.3449252478168629,-0.18466750508504265,-0.31735917710352807],[0.8984402069704681,0.8762455670176319,0.8849456744300765,0.890666412504923,0.8520134154784013,0.9323912475679286,0.8954403063195333,0.9061753836194735,0.8845759611021113,0.8914496585782441,0.8917818203029111,0.9056411680130697,0.8752447818519066,0.8430407119939629,0.8917346135081249,0.9397874103495186,0.9198485364799373,0.9110826522345036,0.8563191960184063,0.7142680413904183,0.5351367801647695,0.8732508744146719,0.7128364944303314,0.2657576937699484,-0.15589395922410287,1.0,0.7737076978516817,0.8858656253162261,0.8206986926325687,0.8645909422796751,0.8294966535505236,0.8724064301077739,0.8679057491162633,0.8600599683134089,0.8686932867239769,0.8990139166775694],[0.9310164816949423,0.9245937025395309,0.9401289529990674,0.9407390211343545,0.9451361140729755,0.9040921463870747,0.8960498623281622,0.8852730801340711,0.8877602719666774,0.9389899462444147,0.9088054479849361,0.9246234359503178,0.9063471441607347,0.9028810315826491,0.9077851747923262,0.8929625254657211,0.9001771860597091,0.8806717445359938,0.7588529178743801,0.8388655864824995,0.6130999992711841,0.942733434058768,0.9131369190775115,0.2619114550104096,-0.2781109788072753,0.7737076978516817,1.0,0.8935738192257564,0.8913665873344587,0.8774753142092899,0.9160840405157521,0.8773076869258054,0.8414947871459961,0.919162562868232,0.8973108368222273,0.86423039493577],[0.9593388686987078,0.9586572253819079,0.9720714305819415,0.9631759349053826,0.9586493802537369,0.9637681809386511,0.9603524270809587,0.9441435916316224,0.9643610089790394,0.9617256750771859,0.9647642933375387,0.9573780398074647,0.9690101543355445,0.9655724606032201,0.9640437780545471,0.9607558920801529,0.9663628776139258,0.9440892584007499,0.8552811878256463,0.812575139313458,0.6109684716681857,0.9676206898411092,0.8967502599789429,0.17609444544134864,-0.1828808138364577,0.8858656253162261,0.8935738192257564,1.0,0.9108703198698891,0.893748817418257,0.9446836472053421,0.8943078108562282,0.888019786108242,0.9501825577080588,0.9734717590121592,0.8926563345442949],[0.9779235642643727,0.9584563813746371,0.9208186539673041,0.9657345049354149,0.8905917522998568,0.9598868703054224,0.9042925257573063,0.9792119370234168,0.937667565701468,0.9654780320329618,0.9564556705570064,0.9596804659101479,0.9398657721650482,0.933465354144866,0.956674681614167,0.9633026719482654,0.9727187283155087,0.9796943299216996,0.8914682660849101,0.9593494782606763,0.7727148774260545,0.932735632850056,0.8978055314831146,0.4659708297982703,-0.3871733750822074,0.8206986926325687,0.8913665873344587,0.9108703198698891,1.0,0.9864779465205858,0.9630783024014412,0.9905631698922572,0.9531651703518553,0.9600137098401796,0.9164630276493476,0.9685271999375777],[0.9649320301677901,0.9526198351117412,0.9088141604133808,0.9590797766790837,0.8854831252816531,0.9342296042342672,0.8711135615115086,0.956804372485571,0.9051177660260705,0.9582788790444259,0.9413301295071269,0.9493661499161761,0.9093109664231336,0.8969754281479567,0.9416773094192612,0.9315222574375461,0.9495065536307931,0.9562237888883184,0.8577463263745497,0.9378654674670498,0.7035501400671522,0.9397004468298381,0.8563260767075209,0.4593865829961543,-0.3764184366945849,0.8645909422796751,0.8774753142092899,0.893748817418257,0.9864779465205858,1.0,0.9516790613615196,0.984244834939714,0.9559431970867545,0.9400841624050873,0.924411940848643,0.9636619185814367],[0.9785480991861532,0.9694792260878128,0.966124524796428,0.9805031598986362,0.953813704757308,0.9574360967642844,0.9369201176401225,0.969309520733445,0.9619730837553867,0.9795492365061315,0.9710769011212836,0.9760582273878639,0.9552071842475627,0.9484490043381634,0.971051537353925,0.9540150697950757,0.9693676342114872,0.9677557862406679,0.8560433798123235,0.9000292120969414,0.626865673354331,0.9721154542843342,0.9333120005187239,0.3087281611404358,-0.31945198851448237,0.8294966535505236,0.9160840405157521,0.9446836472053421,0.9630783024014412,0.9516790613615196,1.0,0.9529521653566673,0.9136272161883512,0.9781212951583048,0.9621257041726444,0.9432994181706483],[0.9712581102050362,0.9574367571392209,0.9135037294466837,0.9588094554760732,0.8830064441598344,0.9549733202286443,0.8975149415219214,0.9659076012262269,0.9230307437270656,0.9582163266879367,0.9382773768117373,0.9491742097578716,0.9155161680626803,0.9158480589323996,0.93881130465628,0.9561551331956323,0.9566259916516983,0.964583765421145,0.8704194526574869,0.9467947098396331,0.7391602536030034,0.9349264945099492,0.8711954293150065,0.48148053881891406,-0.34514234472100835,0.8724064301077739,0.8773076869258054,0.8943078108562282,0.9905631698922572,0.984244834939714,0.9529521653566673,1.0,0.9739571754509657,0.9465296758371965,0.9395566209180767,0.9644953871452131],[0.9415542067549459,0.9405731653661716,0.8903742613580791,0.926248495376976,0.853120334690341,0.9531068337299189,0.9053979060992184,0.9374700002117511,0.9042289408926936,0.924856158908354,0.904107021325651,0.9211300233435739,0.8732511057415256,0.8514712011837546,0.904611621548571,0.9522927141294867,0.9340832913748275,0.9372238975308225,0.8565682558121287,0.8999812365302146,0.7532493639743784,0.8984426432573803,0.8396192664875147,0.40670840989606444,-0.2093780106828681,0.8679057491162633,0.8414947871459961,0.888019786108242,0.9531651703518553,0.9559431970867545,0.9136272161883512,0.9739571754509657,1.0,0.9073543288015535,0.9304978080677172,0.9544051512449039],[0.9823155229402728,0.9726626014963407,0.9641331533820816,0.979229555067183,0.9459377524337634,0.9623693390471959,0.9354616605735454,0.96344302135016,0.9527694489500925,0.9784530012768279,0.9690940190751097,0.9748149814740421,0.9667179270527976,0.9676143277854581,0.9690591938564428,0.9644695279059851,0.9754304662973265,0.9626806669922606,0.854863806800653,0.9006646550883419,0.6658213204057445,0.9683744406389561,0.9284559952988517,0.3351235944376063,-0.3449252478168629,0.8600599683134089,0.919162562868232,0.9501825577080588,0.9600137098401796,0.9400841624050873,0.9781212951583048,0.9465296758371965,0.9073543288015535,1.0,0.9590887951599908,0.943947614740171],[0.9743778768173477,0.9655764338769173,0.9714603948813317,0.9723024973254971,0.9524350989367181,0.9793297926875251,0.9684748850177227,0.9614468646081722,0.973485431267803,0.9711773267513545,0.98069784773489,0.9708581916278786,0.9778832726895568,0.9759577828247779,0.9806392190025629,0.9786508785875109,0.9864319146842647,0.9595115078099997,0.8762383001176446,0.8515720110326295,0.633225752108216,0.9575707782662299,0.8820137782746449,0.2578307156346906,-0.18466750508504265,0.8686932867239769,0.8973108368222273,0.9734717590121592,0.9164630276493476,0.924411940848643,0.9621257041726444,0.9395566209180767,0.9304978080677172,0.9590887951599908,1.0,0.9225351700124933],[0.9556802357293946,0.9505514145909556,0.916866493723628,0.9447747127206351,0.8849575225008677,0.9577328005224445,0.9132260025924509,0.9675338913136089,0.9277719716523454,0.9432447366492802,0.9390454967473988,0.9475257675936648,0.9315303788689693,0.9253944431633803,0.9395664695241652,0.9620118312368593,0.9628343410989085,0.968674880563068,0.895116864162359,0.885968714499178,0.682501166889801,0.9242812761622049,0.8553671788906226,0.3748324531698607,-0.31735917710352807,0.8990139166775694,0.86423039493577,0.8926563345442949,0.9685271999375777,0.9636619185814367,0.9432994181706483,0.9644953871452131,0.9544051512449039,0.943947614740171,0.9225351700124933,1.0]],"x":["^TAIEX       \u81fa\u7063\u52a0\u6b0a\u5831\u916c\u6307\u6578","^TWII        \u81fa\u7063\u52a0\u6b0a\u6307\u6578","^TAIEXx2     \u81fa\u7063\u52a0\u6b0a\u5831\u916c\u6307\u6578_\u65e5\u6b632","^TAI50I      \u81fa\u706350\u5831\u916c\u6307\u6578","^TAI50Ix2    \u81fa\u706350\u5831\u916c\u6307\u6578_\u65e5\u6b632","^TAI100I     \u81fa\u7063\u4e2d\u578b100\u5831\u916c\u6307\u6578","^TAI100Ix2   \u81fa\u7063\u4e2d\u578b100\u5831\u916c\u6307\u6578_\u65e5\u6b632","^TAIDIVIDI   \u81fa\u7063\u9ad8\u80a1\u606f\u5831\u916c\u6307\u6578","^TAIDIVIDIx2 \u81fa\u7063\u9ad8\u80a1\u606f\u5831\u916c\u6307\u6578_\u65e5\u6b632","0050Fund     \u5143\u5927\u53f0\u7063\u5353\u8d8a50\u57fa\u91d1","006208Fund   \u5bcc\u90a6\u53f0\u7063\u91c6\u540950\u57fa\u91d1","0050         \u5143\u5927\u81fa\u706350","00631L       \u5143\u5927\u53f0\u706350\u6b632","00675L       \u5bcc\u90a6\u81fa\u7063\u52a0\u6b0a\u6b632","006208       \u5bcc\u90a6\u53f050","0051         \u5143\u5927\u4e2d\u578b100","006204       \u6c38\u8c50\u81fa\u7063\u52a0\u6b0a","0056         \u5143\u5927\u9ad8\u80a1\u606f","0056         \u5143\u5927\u9ad8\u80a1\u606f_\u80a1\u606f\u4e0d\u6295\u5165","2412         \u4e2d\u83ef\u96fb\u4fe1","2002         \u4e2d\u92fc","2330         \u53f0\u7a4d\u96fb","2317         \u9d3b\u6d77","6505         \u53f0\u5851\u77f3\u5316","3481         \u7fa4\u5275","2303         \u806f\u96fb","2308         \u53f0\u9054\u96fb","2454         \u806f\u767c\u79d1","2886         \u5146\u8c50\u91d1","2884         \u7389\u5c71\u91d1","2891         \u4e2d\u4fe1\u91d1","2892         \u7b2c\u4e00\u91d1","5880         \u5408\u5eab\u91d1","2881         \u5bcc\u90a6\u91d1","2885         \u5143\u5927\u91d1","2887         \u53f0\u65b0\u91d1"],"y":["^TAIEX       \u81fa\u7063\u52a0\u6b0a\u5831\u916c\u6307\u6578","^TWII        \u81fa\u7063\u52a0\u6b0a\u6307\u6578","^TAIEXx2     \u81fa\u7063\u52a0\u6b0a\u5831\u916c\u6307\u6578_\u65e5\u6b632","^TAI50I      \u81fa\u706350\u5831\u916c\u6307\u6578","^TAI50Ix2    \u81fa\u706350\u5831\u916c\u6307\u6578_\u65e5\u6b632","^TAI100I     \u81fa\u7063\u4e2d\u578b100\u5831\u916c\u6307\u6578","^TAI100Ix2   \u81fa\u7063\u4e2d\u578b100\u5831\u916c\u6307\u6578_\u65e5\u6b632","^TAIDIVIDI   \u81fa\u7063\u9ad8\u80a1\u606f\u5831\u916c\u6307\u6578","^TAIDIVIDIx2 \u81fa\u7063\u9ad8\u80a1\u606f\u5831\u916c\u6307\u6578_\u65e5\u6b632","0050Fund     \u5143\u5927\u53f0\u7063\u5353\u8d8a50\u57fa\u91d1","006208Fund   \u5bcc\u90a6\u53f0\u7063\u91c6\u540950\u57fa\u91d1","0050         \u5143\u5927\u81fa\u706350","00631L       \u5143\u5927\u53f0\u706350\u6b632","00675L       \u5bcc\u90a6\u81fa\u7063\u52a0\u6b0a\u6b632","006208       \u5bcc\u90a6\u53f050","0051         \u5143\u5927\u4e2d\u578b100","006204       \u6c38\u8c50\u81fa\u7063\u52a0\u6b0a","0056         \u5143\u5927\u9ad8\u80a1\u606f","0056         \u5143\u5927\u9ad8\u80a1\u606f_\u80a1\u606f\u4e0d\u6295\u5165","2412         \u4e2d\u83ef\u96fb\u4fe1","2002         \u4e2d\u92fc","2330         \u53f0\u7a4d\u96fb","2317         \u9d3b\u6d77","6505         \u53f0\u5851\u77f3\u5316","3481         \u7fa4\u5275","2303         \u806f\u96fb","2308         \u53f0\u9054\u96fb","2454         \u806f\u767c\u79d1","2886         \u5146\u8c50\u91d1","2884         \u7389\u5c71\u91d1","2891         \u4e2d\u4fe1\u91d1","2892         \u7b2c\u4e00\u91d1","5880         \u5408\u5eab\u91d1","2881         \u5bcc\u90a6\u91d1","2885         \u5143\u5927\u91d1","2887         \u53f0\u65b0\u91d1"],"zmin":-1,"zmax":1,"colorbar":{"x":-0.2}}],"layout":{"autotypenumbers":"strict","colorway":["#636efa","#EF553B","#00cc96","#ab63fa","#FFA15A","#19d3f3","#FF6692","#B6E880","#FF97FF","#FECB52"],"font":{"color":"#f2f5fa","family":"Courier New"},"hovermode":"closest","hoverlabel":{"align":"left"},"paper_bgcolor":"rgb(17,17,17)","plot_bgcolor":"rgb(17,17,17)","polar":{"bgcolor":"rgb(17,17,17)","angularaxis":{"gridcolor":"#506784","linecolor":"#506784","ticks":""},"radialaxis":{"gridcolor":"#506784","linecolor":"#506784","ticks":""}},"ternary":{"bgcolor":"rgb(17,17,17)","aaxis":{"gridcolor":"#506784","linecolor":"#506784","ticks":""},"baxis":{"gridcolor":"#506784","linecolor":"#506784","ticks":""},"caxis":{"gridcolor":"#506784","linecolor":"#506784","ticks":""}},"coloraxis":{"colorbar":{"outlinewidth":0,"ticks":""}},"colorscale":{"sequential":[[0.0,"#0d0887"],[0.1111111111111111,"#46039f"],[0.2222222222222222,"#7201a8"],[0.3333333333333333,"#9c179e"],[0.4444444444444444,"#bd3786"],[0.5555555555555556,"#d8576b"],[0.6666666666666666,"#ed7953"],[0.7777777777777778,"#fb9f3a"],[0.8888888888888888,"#fdca26"],[1.0,"#f0f921"]],"sequentialminus":[[0.0,"#0d0887"],[0.1111111111111111,"#46039f"],[0.2222222222222222,"#7201a8"],[0.3333333333333333,"#9c179e"],[0.4444444444444444,"#bd3786"],[0.5555555555555556,"#d8576b"],[0.6666666666666666,"#ed7953"],[0.7777777777777778,"#fb9f3a"],[0.8888888888888888,"#fdca26"],[1.0,"#f0f921"]],"diverging":[[0,"#8e0152"],[0.1,"#c51b7d"],[0.2,"#de77ae"],[0.3,"#f1b6da"],[0.4,"#fde0ef"],[0.5,"#f7f7f7"],[0.6,"#e6f5d0"],[0.7,"#b8e186"],[0.8,"#7fbc41"],[0.9,"#4d9221"],[1,"#276419"]]},"xaxis":{"gridcolor":"rgba(0, 0, 0, 0)","linecolor":"#506784","ticks":"","title":{"standoff":15},"zerolinecolor":"#283442","automargin":true,"zerolinewidth":2,"tickfont":{"family":"Courier New","size":14},"side":"top","tickangle":-90},"yaxis":{"gridcolor":"rgba(0, 0, 0, 0)","linecolor":"#506784","ticks":"","title":{"standoff":15},"zerolinecolor":"#283442","automargin":true,"zerolinewidth":2,"tickfont":{"family":"Courier New"},"side":"right"},"scene":{"xaxis":{"backgroundcolor":"rgb(17,17,17)","gridcolor":"#506784","linecolor":"#506784","showbackground":true,"ticks":"","zerolinecolor":"#C8D4E3","gridwidth":2},"yaxis":{"backgroundcolor":"rgb(17,17,17)","gridcolor":"#506784","linecolor":"#506784","showbackground":true,"ticks":"","zerolinecolor":"#C8D4E3","gridwidth":2},"zaxis":{"backgroundcolor":"rgb(17,17,17)","gridcolor":"#506784","linecolor":"#506784","showbackground":true,"ticks":"","zerolinecolor":"#C8D4E3","gridwidth":2}},"shapedefaults":{"line":{"color":"#f2f5fa"}},"annotationdefaults":{"arrowcolor":"#f2f5fa","arrowhead":0,"arrowwidth":1},"geo":{"bgcolor":"rgb(17,17,17)","landcolor":"rgb(17,17,17)","subunitcolor":"#506784","showland":true,"showlakes":true,"lakecolor":"rgb(17,17,17)"},"title":{"x":0.05,"font":{"family":"Times New Roman"},"y":0.05,"text":"<b>Correlation of Adj Close<b><br><i>2016-09-23 ~ 2025-11-24<i>"},"updatemenudefaults":{"bgcolor":"#506784","borderwidth":0},"sliderdefaults":{"bgcolor":"#C8D4E3","borderwidth":1,"bordercolor":"rgb(17,17,17)","tickwidth":0},"mapbox":{"style":"dark"},"annotations":[{"text":"<b>@zwindr<b>","textangle":0,"opacity":0.5,"font":{"color":"white","size":12},"xref":"paper","yref":"paper","xanchor":"left","yanchor":"bottom","x":1.0,"y":1.0,"showarrow":false}]},"config":{"responsive":true,"toImageButtonOptions":{"filename":"Correlation of Adj Close_2016-09-23~2025-11-24","scale":5}}};Plotly.newPlot("correlationAdjClose",correlationAdjClose.data,correlationAdjClose.layout||{},correlationAdjClose.config);}else{console.log("style display is none => correlationAdjClose");}