var element=document.getElementById("correlationClose");if(element.style.display!='none'){var correlationClose={"data":[{"type":"heatmap","z":[[1.0,0.9999999999999973,1.0,0.9949486686237755,0.9949486686237755,0.9709342866501985,0.9709342866501985,0.9128110574457791,0.9128110574457791,0.7613744690758493,0.9949607935856662,0.7070979092378695,0.9903813482758458,0.9911232041041731,0.9950626014485937,0.9766934747419725,0.9992364761436572,0.9095186039346672,0.9095186039346672,0.7737003783813876,-0.18006332103991907,0.9798366153784199,0.23545603370121607,-0.15365799238730932,-0.23255776142015905,0.8210656814881471,0.9013464647076646,0.924785208407374,0.9118384339346778,0.787539117001557,0.6293465458549058,0.6512759309532632,0.6135099271146891,0.9326111154265027,0.8583030327670441,0.2465855852245635],[0.9999999999999973,1.0,0.9999999999999976,0.9949163792251172,0.9949163792251172,0.9704884095900606,0.9704884095900606,0.9135533605498369,0.9135533605498369,0.7629992462375546,0.9949540473817464,0.7074421234515533,0.9900900023940484,0.9906839809172193,0.9950702263561416,0.976301072363711,0.9992360346421975,0.9094183533367244,0.9094183533367244,0.7911693707402636,0.03059612270876003,0.9725030930654406,0.0032261744224010044,-0.14658654543607486,-0.23249351153738745,0.6649909623557088,0.9005228551603186,0.9036289115919737,0.907390498682084,0.796129785956611,0.6217450611013716,0.6488882475561584,0.638023551744343,0.9309431901336312,0.7284408943587255,0.24400414303273502],[1.0,0.9999999999999976,1.0,0.9949486686237755,0.9949486686237755,0.9709342866501985,0.9709342866501985,0.9128110574457791,0.9128110574457791,0.7613744690758493,0.9949607935856662,0.7070979092378695,0.9903813482758458,0.9911232041041731,0.9950626014485937,0.9766934747419725,0.9992364761436572,0.9095186039346672,0.9095186039346672,0.7737003783813876,-0.18006332103991907,0.9798366153784199,0.23545603370121607,-0.15365799238730932,-0.23255776142015905,0.8210656814881471,0.9013464647076646,0.924785208407374,0.9118384339346778,0.787539117001557,0.6293465458549058,0.6512759309532632,0.6135099271146891,0.9326111154265027,0.8583030327670441,0.2465855852245635],[0.9949486686237755,0.9949163792251172,0.9949486686237755,1.0,1.0,0.9582063474278859,0.9582063474278859,0.8954934590018727,0.8954934590018727,0.7236613899269013,0.9996181120385187,0.6684465781646564,0.9924374619034004,0.9907828734670701,0.9995691578355426,0.9593829157532311,0.9950832790277719,0.8807613145341133,0.8807613145341133,0.7436185451045333,-0.18792480033718997,0.9921505637328516,0.2642699498530836,-0.18956998733762012,-0.22893156802829792,0.8077092052125295,0.9205522638109299,0.9237601138189715,0.8896186522534095,0.7865105920351785,0.6591706073769894,0.6415109006220885,0.5790616224576599,0.9186890327564249,0.8497502173224923,0.2611512358597799],[0.9949486686237755,0.9949163792251172,0.9949486686237755,1.0,1.0,0.9582063474278859,0.9582063474278859,0.8954934590018727,0.8954934590018727,0.7236613899269013,0.9996181120385187,0.6684465781646564,0.9924374619034004,0.9907828734670701,0.9995691578355426,0.9593829157532311,0.9950832790277719,0.8807613145341133,0.8807613145341133,0.7436185451045333,-0.18792480033718997,0.9921505637328516,0.2642699498530836,-0.18956998733762012,-0.22893156802829792,0.8077092052125295,0.9205522638109299,0.9237601138189715,0.8896186522534095,0.7865105920351785,0.6591706073769894,0.6415109006220885,0.5790616224576599,0.9186890327564249,0.8497502173224923,0.2611512358597799],[0.9709342866501985,0.9704884095900606,0.9709342866501985,0.9582063474278859,0.9582063474278859,1.0,1.0,0.9370880947335853,0.9370880947335853,0.7406686008808842,0.9568825811120291,0.717621505362367,0.9634271280207644,0.9607778896269699,0.9569094286072615,0.9990806265141737,0.9768835591106027,0.9149550643262634,0.9149550643262634,0.6541934102123891,-0.13447944677381335,0.944829191857553,0.3741656415513871,-0.3246702983905646,-0.11399143869888671,0.8846416568308545,0.8567391669120846,0.940519853997709,0.8925731821228777,0.7572508501625267,0.7886953028858406,0.7461559484103195,0.6864658433527628,0.8718718619527234,0.884240868045118,0.5112741053129763],[0.9709342866501985,0.9704884095900606,0.9709342866501985,0.9582063474278859,0.9582063474278859,1.0,1.0,0.9370880947335853,0.9370880947335853,0.7406686008808842,0.9568825811120291,0.717621505362367,0.9634271280207644,0.9607778896269699,0.9569094286072615,0.9990806265141737,0.9768835591106027,0.9149550643262634,0.9149550643262634,0.6541934102123891,-0.13447944677381335,0.944829191857553,0.3741656415513871,-0.3246702983905646,-0.11399143869888671,0.8846416568308545,0.8567391669120846,0.940519853997709,0.8925731821228777,0.7572508501625267,0.7886953028858406,0.7461559484103195,0.6864658433527628,0.8718718619527234,0.884240868045118,0.5112741053129763],[0.9128110574457791,0.9135533605498369,0.9128110574457791,0.8954934590018727,0.8954934590018727,0.9370880947335853,0.9370880947335853,1.0,1.0,0.7086901876631798,0.9361502214329349,0.7189070073131887,0.927263434290163,0.9218315765319447,0.9363017153873726,0.9389453567111082,0.9465886062507972,0.9697977285824808,0.9697977285824808,0.6065709655118319,-0.013467615632092696,0.8613230979573718,0.588757917745527,-0.35226229718255025,0.012505990916276757,0.8002174770502599,0.7531913394868389,0.8877141023304708,0.8568372592235872,0.7725166900442586,0.8868425149082376,0.7911447297337248,0.7088101894086117,0.8122002226538618,0.8663802404716479,0.8217936055773027],[0.9128110574457791,0.9135533605498369,0.9128110574457791,0.8954934590018727,0.8954934590018727,0.9370880947335853,0.9370880947335853,1.0,1.0,0.7086901876631798,0.9361502214329349,0.7189070073131887,0.927263434290163,0.9218315765319447,0.9363017153873726,0.9389453567111082,0.9465886062507972,0.9697977285824808,0.9697977285824808,0.6065709655118319,-0.013467615632092696,0.8613230979573718,0.588757917745527,-0.35226229718255025,0.012505990916276757,0.8002174770502599,0.7531913394868389,0.8877141023304708,0.8568372592235872,0.7725166900442586,0.8868425149082376,0.7911447297337248,0.7088101894086117,0.8122002226538618,0.8663802404716479,0.8217936055773027],[0.7613744690758493,0.7629992462375546,0.7613744690758493,0.7236613899269013,0.7236613899269013,0.7406686008808842,0.7406686008808842,0.7086901876631798,0.7086901876631798,1.0,0.5878894689135008,0.9999696940274604,0.4841320228887489,0.37730317156341175,0.590039342669616,0.7358289321811337,0.654458771236876,0.7974041931189071,0.7974041931189071,0.6875679194080024,-0.09763853800330541,0.6916096607845857,0.03552330011775673,0.049674890393962855,-0.24289991025715904,0.7668073595964929,0.4557953110462115,0.725418436417873,0.8035880860068062,0.6728526430873699,0.3327628971794915,0.5234397358060789,0.5623254517177474,0.772546706513254,0.6211165204039576,0.16835650910657762],[0.9949607935856662,0.9949540473817464,0.9949607935856662,0.9996181120385187,0.9996181120385187,0.9568825811120291,0.9568825811120291,0.9361502214329349,0.9361502214329349,0.5878894689135008,1.0,0.5877444430870299,0.9918819314713003,0.990521463783235,0.9999390734103816,0.9547195639436953,0.9945067974053484,0.8898989071004024,0.8898989071004024,0.850570722187772,-0.059381582633056124,0.9969628397245044,0.9054948300814365,-0.5365320476582621,0.4350818884763249,0.8142906404557221,0.8942012686458369,0.9366703251210913,0.8793472812556342,0.8128245305858083,0.9326697353833804,0.8551208470299428,0.7356574035621017,0.9011572823909976,0.9514273747470919,0.8159517853472708],[0.7070979092378695,0.7074421234515533,0.7070979092378695,0.6684465781646564,0.6684465781646564,0.717621505362367,0.717621505362367,0.7189070073131887,0.7189070073131887,0.9999696940274604,0.5877444430870299,1.0,0.4824013418066463,0.3751084918599216,0.5887271419092143,0.7248061355639741,0.6531593004963377,0.7909864083466353,0.7909864083466353,0.6418242510816344,0.03264806983648869,0.6385465293237614,0.39509605864110386,-0.1628204424127642,-0.23203989987067689,0.7924885031591002,0.35436212146087953,0.6927650327935184,0.7726728065340885,0.6923962314140792,0.5230550540970643,0.6879012867506431,0.6775477396887274,0.7237375166978904,0.5977367006609801,0.6302775118382146],[0.9903813482758458,0.9900900023940484,0.9903813482758458,0.9924374619034004,0.9924374619034004,0.9634271280207644,0.9634271280207644,0.927263434290163,0.927263434290163,0.4841320228887489,0.9918819314713003,0.4824013418066463,1.0,0.9998326682048061,0.9917882814213553,0.9587784621459494,0.9890417040198871,0.8634264903857255,0.8634264903857255,0.8289354772560453,-0.044806928578896905,0.9914633334000379,0.9162578832685048,-0.6641766552373107,0.5101430325103171,0.7746268166649256,0.9152583205852524,0.932944778669629,0.8499417186027433,0.7505642461676072,0.932760786144272,0.820066547302083,0.6903363099740915,0.8771361158691328,0.9559411832837214,0.8403098775446941],[0.9911232041041731,0.9906839809172193,0.9911232041041731,0.9907828734670701,0.9907828734670701,0.9607778896269699,0.9607778896269699,0.9218315765319447,0.9218315765319447,0.37730317156341175,0.990521463783235,0.3751084918599216,0.9998326682048061,1.0,0.9905735217298521,0.9552936560823158,0.9891499666609678,0.8470393896529873,0.8470393896529873,0.8516029805211178,-0.1664921178196388,0.9888789589130518,0.9196749663459821,-0.8084659974606464,0.5458463567120834,0.7257824872455797,0.9219042157462018,0.9247734559494579,0.8305611623827782,0.6963731528205558,0.9389436153307328,0.813188329674103,0.623915818464908,0.8931391428161571,0.9569568578832166,0.8212807617251724],[0.9950626014485937,0.9950702263561416,0.9950626014485937,0.9995691578355426,0.9995691578355426,0.9569094286072615,0.9569094286072615,0.9363017153873726,0.9363017153873726,0.590039342669616,0.9999390734103816,0.5887271419092143,0.9917882814213553,0.9905735217298521,1.0,0.9549832914424743,0.9946348170702188,0.8906113082189694,0.8906113082189694,0.8516783744972618,-0.05980684040906864,0.9968150052406883,0.9050622666713601,-0.5339720291286076,0.4369463497233402,0.8149745024262445,0.8927172889212887,0.9363093915963508,0.8797205484444524,0.8138219575335087,0.9323435372556941,0.8560994375311362,0.7364724303178565,0.9010647990983536,0.9516432766115773,0.8170728589602729],[0.9766934747419725,0.976301072363711,0.9766934747419725,0.9593829157532311,0.9593829157532311,0.9990806265141737,0.9990806265141737,0.9389453567111082,0.9389453567111082,0.7358289321811337,0.9547195639436953,0.7248061355639741,0.9587784621459494,0.9552936560823158,0.9549832914424743,1.0,0.9765534132349498,0.9167047888368584,0.9167047888368584,0.7031690596968088,-0.120464251937675,0.9486060680778449,0.6906229778231006,-0.4543197731454972,-0.14679470760087707,0.8959842253373236,0.8450934098627112,0.9370980525122716,0.9001844244440574,0.7915638152198053,0.8763763795830629,0.7917141670416776,0.7432731501106762,0.8928044507173741,0.8813926626229388,0.8147116516160235],[0.9992364761436572,0.9992360346421975,0.9992364761436572,0.9950832790277719,0.9950832790277719,0.9768835591106027,0.9768835591106027,0.9465886062507972,0.9465886062507972,0.654458771236876,0.9945067974053484,0.6531593004963377,0.9890417040198871,0.9891499666609678,0.9946348170702188,0.9765534132349498,1.0,0.9191252247854426,0.9191252247854426,0.8636794566151884,-0.04286695394133975,0.988257755191309,0.8789691417777764,-0.5191320308660835,0.44609714220587215,0.8609770744749756,0.8795734312271318,0.9489307656713614,0.9123180183063397,0.8342251771561937,0.9214584137260966,0.8886997385027232,0.7827651063184748,0.9162214988114749,0.9599931803612851,0.8609463566687994],[0.9095186039346672,0.9094183533367244,0.9095186039346672,0.8807613145341133,0.8807613145341133,0.9149550643262634,0.9149550643262634,0.9697977285824808,0.9697977285824808,0.7974041931189071,0.8898989071004024,0.7909864083466353,0.8634264903857255,0.8470393896529873,0.8906113082189694,0.9167047888368584,0.9191252247854426,1.0,1.0,0.7533098902224447,-0.06397493651160173,0.8452811725634146,0.5827966368209674,-0.2349937646102042,-0.19597516875810914,0.8366996282404267,0.6974025884676255,0.8445341176778012,0.9204273826959125,0.8474557048945801,0.7995991483765837,0.7686253374588914,0.7076736773731818,0.854642467270648,0.7884788173965545,0.8587710777375297],[0.9095186039346672,0.9094183533367244,0.9095186039346672,0.8807613145341133,0.8807613145341133,0.9149550643262634,0.9149550643262634,0.9697977285824808,0.9697977285824808,0.7974041931189071,0.8898989071004024,0.7909864083466353,0.8634264903857255,0.8470393896529873,0.8906113082189694,0.9167047888368584,0.9191252247854426,1.0,1.0,0.7533098902224447,-0.06397493651160173,0.8452811725634146,0.5827966368209674,-0.2349937646102042,-0.19597516875810914,0.8366996282404267,0.6974025884676255,0.8445341176778012,0.9204273826959125,0.8474557048945801,0.7995991483765837,0.7686253374588914,0.7076736773731818,0.854642467270648,0.7884788173965545,0.8587710777375297],[0.7737003783813876,0.7911693707402636,0.7737003783813876,0.7436185451045333,0.7436185451045333,0.6541934102123891,0.6541934102123891,0.6065709655118319,0.6065709655118319,0.6875679194080024,0.850570722187772,0.6418242510816344,0.8289354772560453,0.8516029805211178,0.8516783744972618,0.7031690596968088,0.8636794566151884,0.7533098902224447,0.7533098902224447,1.0,0.019027951482720254,0.7043109893924066,-0.3196339792140437,0.28294106450111034,-0.6475282951564465,0.37778828179305723,0.6531658319166056,0.5296160167424752,0.8411721467185991,0.705072458978776,0.1672425693665518,0.3337726572512827,0.5724621864965764,0.7875520981583763,0.5005513147590442,-0.11464355996959155],[-0.18006332103991907,0.03059612270876003,-0.18006332103991907,-0.18792480033718997,-0.18792480033718997,-0.13447944677381335,-0.13447944677381335,-0.013467615632092696,-0.013467615632092696,-0.09763853800330541,-0.059381582633056124,0.03264806983648869,-0.044806928578896905,-0.1664921178196388,-0.05980684040906864,-0.120464251937675,-0.04286695394133975,-0.06397493651160173,-0.06397493651160173,0.019027951482720254,1.0,-0.12366637474731125,0.08764434247995617,0.17387018384709493,0.7428470326486188,-0.1076562074663111,-0.0871454422052991,-0.04620537794778011,0.13976263305825462,-0.024744009303999732,-0.00146030933946786,0.2965453277016812,0.554638287641085,-0.14686657123251173,0.07261738604827717,0.1331783315232705],[0.9798366153784199,0.9725030930654406,0.9798366153784199,0.9921505637328516,0.9921505637328516,0.944829191857553,0.944829191857553,0.8613230979573718,0.8613230979573718,0.6916096607845857,0.9969628397245044,0.6385465293237614,0.9914633334000379,0.9888789589130518,0.9968150052406883,0.9486060680778449,0.988257755191309,0.8452811725634146,0.8452811725634146,0.7043109893924066,-0.12366637474731125,1.0,0.17194190819115227,-0.24117968853155275,-0.2708765037492042,0.6763848039233088,0.9263972559554283,0.907864836983429,0.8334156137980107,0.7539721898951851,0.6620925612301007,0.6096457758060123,0.5113640436364962,0.8966303803336524,0.7101623063092029,0.24562358328935655],[0.23545603370121607,0.0032261744224010044,0.23545603370121607,0.2642699498530836,0.2642699498530836,0.3741656415513871,0.3741656415513871,0.588757917745527,0.588757917745527,0.03552330011775673,0.9054948300814365,0.39509605864110386,0.9162578832685048,0.9196749663459821,0.9050622666713601,0.6906229778231006,0.8789691417777764,0.5827966368209674,0.5827966368209674,-0.3196339792140437,0.08764434247995617,0.17194190819115227,1.0,-0.47617256755291404,0.6900545230367469,0.40422046506030246,0.19937915671740894,0.3630877347977462,-0.05206784077188923,0.12472547377060614,0.6227071899908683,0.5024367995298866,0.21357997074847607,0.06822071203629751,0.4264035369410415,0.4894738600018712],[-0.15365799238730932,-0.14658654543607486,-0.15365799238730932,-0.18956998733762012,-0.18956998733762012,-0.3246702983905646,-0.3246702983905646,-0.35226229718255025,-0.35226229718255025,0.049674890393962855,-0.5365320476582621,-0.1628204424127642,-0.6641766552373107,-0.8084659974606464,-0.5339720291286076,-0.4543197731454972,-0.5191320308660835,-0.2349937646102042,-0.2349937646102042,0.28294106450111034,0.17387018384709493,-0.24117968853155275,-0.47617256755291404,1.0,-0.02494768744579892,-0.194604538197297,-0.240481289708098,-0.3336690830140423,-0.07587103965558772,-0.10792472971283856,-0.5761220575081043,-0.2260837956695846,-0.039748642589527684,-0.08776609559255574,-0.2596464873400427,-0.42413514729642393],[-0.23255776142015905,-0.23249351153738745,-0.23255776142015905,-0.22893156802829792,-0.22893156802829792,-0.11399143869888671,-0.11399143869888671,0.012505990916276757,0.012505990916276757,-0.24289991025715904,0.4350818884763249,-0.23203989987067689,0.5101430325103171,0.5458463567120834,0.4369463497233402,-0.14679470760087707,0.44609714220587215,-0.19597516875810914,-0.19597516875810914,-0.6475282951564465,0.7428470326486188,-0.2708765037492042,0.6900545230367469,-0.02494768744579892,1.0,-0.10537562935579076,-0.1951630830670743,-0.0652052477874177,-0.34629079208504876,-0.32321712931795343,0.0587494944891427,0.1555355075917892,0.26032656193542664,-0.36666819907833476,0.10047174785402843,0.0852739947123726],[0.8210656814881471,0.6649909623557088,0.8210656814881471,0.8077092052125295,0.8077092052125295,0.8846416568308545,0.8846416568308545,0.8002174770502599,0.8002174770502599,0.7668073595964929,0.8142906404557221,0.7924885031591002,0.7746268166649256,0.7257824872455797,0.8149745024262445,0.8959842253373236,0.8609770744749756,0.8366996282404267,0.8366996282404267,0.37778828179305723,-0.1076562074663111,0.6763848039233088,0.40422046506030246,-0.194604538197297,-0.10537562935579076,1.0,0.5512321630867214,0.8461959933786077,0.5162304049139691,0.6471094794477711,0.5841819631290097,0.6733385246644995,0.43361393541206245,0.722537808193148,0.7188750168550099,0.44313647290136354],[0.9013464647076646,0.9005228551603186,0.9013464647076646,0.9205522638109299,0.9205522638109299,0.8567391669120846,0.8567391669120846,0.7531913394868389,0.7531913394868389,0.4557953110462115,0.8942012686458369,0.35436212146087953,0.9152583205852524,0.9219042157462018,0.8927172889212887,0.8450934098627112,0.8795734312271318,0.6974025884676255,0.6974025884676255,0.6531658319166056,-0.0871454422052991,0.9263972559554283,0.19937915671740894,-0.240481289708098,-0.1951630830670743,0.5512321630867214,1.0,0.8058714210344271,0.7285157666363925,0.6477973303551617,0.6004945362529969,0.5096763003702507,0.46615749903545617,0.8074698731017071,0.6655083992403269,0.19659292633918396],[0.924785208407374,0.9036289115919737,0.924785208407374,0.9237601138189715,0.9237601138189715,0.940519853997709,0.940519853997709,0.8877141023304708,0.8877141023304708,0.725418436417873,0.9366703251210913,0.6927650327935184,0.932944778669629,0.9247734559494579,0.9363093915963508,0.9370980525122716,0.9489307656713614,0.8445341176778012,0.8445341176778012,0.5296160167424752,-0.04620537794778011,0.907864836983429,0.3630877347977462,-0.3336690830140423,-0.0652052477874177,0.8461959933786077,0.8058714210344271,1.0,0.7620555453863681,0.6376415850505457,0.655368761728106,0.6236742640059835,0.5321539369431959,0.834439432566012,0.8557979327898587,0.2698265006714055],[0.9118384339346778,0.907390498682084,0.9118384339346778,0.8896186522534095,0.8896186522534095,0.8925731821228777,0.8925731821228777,0.8568372592235872,0.8568372592235872,0.8035880860068062,0.8793472812556342,0.7726728065340885,0.8499417186027433,0.8305611623827782,0.8797205484444524,0.9001844244440574,0.9123180183063397,0.9204273826959125,0.9204273826959125,0.8411721467185991,0.13976263305825462,0.8334156137980107,-0.05206784077188923,-0.07587103965558772,-0.34629079208504876,0.5162304049139691,0.7285157666363925,0.7620555453863681,1.0,0.9109575742089063,0.574225673519845,0.7024157960057394,0.6696525174614906,0.8839887466868664,0.5378501541020927,0.3265016551828307],[0.787539117001557,0.796129785956611,0.787539117001557,0.7865105920351785,0.7865105920351785,0.7572508501625267,0.7572508501625267,0.7725166900442586,0.7725166900442586,0.6728526430873699,0.8128245305858083,0.6923962314140792,0.7505642461676072,0.6963731528205558,0.8138219575335087,0.7915638152198053,0.8342251771561937,0.8474557048945801,0.8474557048945801,0.705072458978776,-0.024744009303999732,0.7539721898951851,0.12472547377060614,-0.10792472971283856,-0.32321712931795343,0.6471094794477711,0.6477973303551617,0.6376415850505457,0.9109575742089063,1.0,0.609729575276305,0.6864153374787098,0.6144354766671952,0.7484334411388144,0.615001518511449,0.49523243051359134],[0.6293465458549058,0.6217450611013716,0.6293465458549058,0.6591706073769894,0.6591706073769894,0.7886953028858406,0.7886953028858406,0.8868425149082376,0.8868425149082376,0.3327628971794915,0.9326697353833804,0.5230550540970643,0.932760786144272,0.9389436153307328,0.9323435372556941,0.8763763795830629,0.9214584137260966,0.7995991483765837,0.7995991483765837,0.1672425693665518,-0.00146030933946786,0.6620925612301007,0.6227071899908683,-0.5761220575081043,0.0587494944891427,0.5841819631290097,0.6004945362529969,0.655368761728106,0.574225673519845,0.609729575276305,1.0,0.7496932638440784,0.38948942667283215,0.5546324643927989,0.6467973479065332,0.7558356849674834],[0.6512759309532632,0.6488882475561584,0.6512759309532632,0.6415109006220885,0.6415109006220885,0.7461559484103195,0.7461559484103195,0.7911447297337248,0.7911447297337248,0.5234397358060789,0.8551208470299428,0.6879012867506431,0.820066547302083,0.813188329674103,0.8560994375311362,0.7917141670416776,0.8886997385027232,0.7686253374588914,0.7686253374588914,0.3337726572512827,0.2965453277016812,0.6096457758060123,0.5024367995298866,-0.2260837956695846,0.1555355075917892,0.6733385246644995,0.5096763003702507,0.6236742640059835,0.7024157960057394,0.6864153374787098,0.7496932638440784,1.0,0.7791790926777704,0.5279925853723965,0.7385730449222635,0.5663707662687251],[0.6135099271146891,0.638023551744343,0.6135099271146891,0.5790616224576599,0.5790616224576599,0.6864658433527628,0.6864658433527628,0.7088101894086117,0.7088101894086117,0.5623254517177474,0.7356574035621017,0.6775477396887274,0.6903363099740915,0.623915818464908,0.7364724303178565,0.7432731501106762,0.7827651063184748,0.7076736773731818,0.7076736773731818,0.5724621864965764,0.554638287641085,0.5113640436364962,0.21357997074847607,-0.039748642589527684,0.26032656193542664,0.43361393541206245,0.46615749903545617,0.5321539369431959,0.6696525174614906,0.6144354766671952,0.38948942667283215,0.7791790926777704,1.0,0.49931535024724677,0.6579351159916113,0.21616742828436283],[0.9326111154265027,0.9309431901336312,0.9326111154265027,0.9186890327564249,0.9186890327564249,0.8718718619527234,0.8718718619527234,0.8122002226538618,0.8122002226538618,0.772546706513254,0.9011572823909976,0.7237375166978904,0.8771361158691328,0.8931391428161571,0.9010647990983536,0.8928044507173741,0.9162214988114749,0.854642467270648,0.854642467270648,0.7875520981583763,-0.14686657123251173,0.8966303803336524,0.06822071203629751,-0.08776609559255574,-0.36666819907833476,0.722537808193148,0.8074698731017071,0.834439432566012,0.8839887466868664,0.7484334411388144,0.5546324643927989,0.5279925853723965,0.49931535024724677,1.0,0.7598236558211207,0.21742537348608404],[0.8583030327670441,0.7284408943587255,0.8583030327670441,0.8497502173224923,0.8497502173224923,0.884240868045118,0.884240868045118,0.8663802404716479,0.8663802404716479,0.6211165204039576,0.9514273747470919,0.5977367006609801,0.9559411832837214,0.9569568578832166,0.9516432766115773,0.8813926626229388,0.9599931803612851,0.7884788173965545,0.7884788173965545,0.5005513147590442,0.07261738604827717,0.7101623063092029,0.4264035369410415,-0.2596464873400427,0.10047174785402843,0.7188750168550099,0.6655083992403269,0.8557979327898587,0.5378501541020927,0.615001518511449,0.6467973479065332,0.7385730449222635,0.6579351159916113,0.7598236558211207,1.0,0.2381119957832968],[0.2465855852245635,0.24400414303273502,0.2465855852245635,0.2611512358597799,0.2611512358597799,0.5112741053129763,0.5112741053129763,0.8217936055773027,0.8217936055773027,0.16835650910657762,0.8159517853472708,0.6302775118382146,0.8403098775446941,0.8212807617251724,0.8170728589602729,0.8147116516160235,0.8609463566687994,0.8587710777375297,0.8587710777375297,-0.11464355996959155,0.1331783315232705,0.24562358328935655,0.4894738600018712,-0.42413514729642393,0.0852739947123726,0.44313647290136354,0.19659292633918396,0.2698265006714055,0.3265016551828307,0.49523243051359134,0.7558356849674834,0.5663707662687251,0.21616742828436283,0.21742537348608404,0.2381119957832968,1.0]],"x":["^TAIEX       \u81fa\u7063\u52a0\u6b0a\u5831\u916c\u6307\u6578","^TWII        \u81fa\u7063\u52a0\u6b0a\u6307\u6578","^TAIEXx2     \u81fa\u7063\u52a0\u6b0a\u5831\u916c\u6307\u6578_\u65e5\u6b632","^TAI50I      \u81fa\u706350\u5831\u916c\u6307\u6578","^TAI50Ix2    \u81fa\u706350\u5831\u916c\u6307\u6578_\u65e5\u6b632","^TAI100I     \u81fa\u7063\u4e2d\u578b100\u5831\u916c\u6307\u6578","^TAI100Ix2   \u81fa\u7063\u4e2d\u578b100\u5831\u916c\u6307\u6578_\u65e5\u6b632","^TAIDIVIDI   \u81fa\u7063\u9ad8\u80a1\u606f\u5831\u916c\u6307\u6578","^TAIDIVIDIx2 \u81fa\u7063\u9ad8\u80a1\u606f\u5831\u916c\u6307\u6578_\u65e5\u6b632","0050Fund     \u5143\u5927\u53f0\u7063\u5353\u8d8a50\u57fa\u91d1","006208Fund   \u5bcc\u90a6\u53f0\u7063\u91c6\u540950\u57fa\u91d1","0050         \u5143\u5927\u81fa\u706350","00631L       \u5143\u5927\u53f0\u706350\u6b632","00675L       \u5bcc\u90a6\u81fa\u7063\u52a0\u6b0a\u6b632","006208       \u5bcc\u90a6\u53f050","0051         \u5143\u5927\u4e2d\u578b100","006204       \u6c38\u8c50\u81fa\u7063\u52a0\u6b0a","0056         \u5143\u5927\u9ad8\u80a1\u606f","0056         \u5143\u5927\u9ad8\u80a1\u606f_\u80a1\u606f\u4e0d\u6295\u5165","2412         \u4e2d\u83ef\u96fb\u4fe1","2002         \u4e2d\u92fc","2330         \u53f0\u7a4d\u96fb","2317         \u9d3b\u6d77","6505         \u53f0\u5851\u77f3\u5316","3481         \u7fa4\u5275","2303         \u806f\u96fb","2308         \u53f0\u9054\u96fb","2454         \u806f\u767c\u79d1","2886         \u5146\u8c50\u91d1","2884         \u7389\u5c71\u91d1","2891         \u4e2d\u4fe1\u91d1","2892         \u7b2c\u4e00\u91d1","5880         \u5408\u5eab\u91d1","2881         \u5bcc\u90a6\u91d1","2885         \u5143\u5927\u91d1","2887         \u53f0\u65b0\u91d1"],"y":["^TAIEX       \u81fa\u7063\u52a0\u6b0a\u5831\u916c\u6307\u6578","^TWII        \u81fa\u7063\u52a0\u6b0a\u6307\u6578","^TAIEXx2     \u81fa\u7063\u52a0\u6b0a\u5831\u916c\u6307\u6578_\u65e5\u6b632","^TAI50I      \u81fa\u706350\u5831\u916c\u6307\u6578","^TAI50Ix2    \u81fa\u706350\u5831\u916c\u6307\u6578_\u65e5\u6b632","^TAI100I     \u81fa\u7063\u4e2d\u578b100\u5831\u916c\u6307\u6578","^TAI100Ix2   \u81fa\u7063\u4e2d\u578b100\u5831\u916c\u6307\u6578_\u65e5\u6b632","^TAIDIVIDI   \u81fa\u7063\u9ad8\u80a1\u606f\u5831\u916c\u6307\u6578","^TAIDIVIDIx2 \u81fa\u7063\u9ad8\u80a1\u606f\u5831\u916c\u6307\u6578_\u65e5\u6b632","0050Fund     \u5143\u5927\u53f0\u7063\u5353\u8d8a50\u57fa\u91d1","006208Fund   \u5bcc\u90a6\u53f0\u7063\u91c6\u540950\u57fa\u91d1","0050         \u5143\u5927\u81fa\u706350","00631L       \u5143\u5927\u53f0\u706350\u6b632","00675L       \u5bcc\u90a6\u81fa\u7063\u52a0\u6b0a\u6b632","006208       \u5bcc\u90a6\u53f050","0051         \u5143\u5927\u4e2d\u578b100","006204       \u6c38\u8c50\u81fa\u7063\u52a0\u6b0a","0056         \u5143\u5927\u9ad8\u80a1\u606f","0056         \u5143\u5927\u9ad8\u80a1\u606f_\u80a1\u606f\u4e0d\u6295\u5165","2412         \u4e2d\u83ef\u96fb\u4fe1","2002         \u4e2d\u92fc","2330         \u53f0\u7a4d\u96fb","2317         \u9d3b\u6d77","6505         \u53f0\u5851\u77f3\u5316","3481         \u7fa4\u5275","2303         \u806f\u96fb","2308         \u53f0\u9054\u96fb","2454         \u806f\u767c\u79d1","2886         \u5146\u8c50\u91d1","2884         \u7389\u5c71\u91d1","2891         \u4e2d\u4fe1\u91d1","2892         \u7b2c\u4e00\u91d1","5880         \u5408\u5eab\u91d1","2881         \u5bcc\u90a6\u91d1","2885         \u5143\u5927\u91d1","2887         \u53f0\u65b0\u91d1"],"zmin":-1,"zmax":1,"colorbar":{"x":-0.2}}],"layout":{"autotypenumbers":"strict","colorway":["#636efa","#EF553B","#00cc96","#ab63fa","#FFA15A","#19d3f3","#FF6692","#B6E880","#FF97FF","#FECB52"],"font":{"color":"#f2f5fa","family":"Courier New"},"hovermode":"closest","hoverlabel":{"align":"left"},"paper_bgcolor":"rgb(17,17,17)","plot_bgcolor":"rgb(17,17,17)","polar":{"bgcolor":"rgb(17,17,17)","angularaxis":{"gridcolor":"#506784","linecolor":"#506784","ticks":""},"radialaxis":{"gridcolor":"#506784","linecolor":"#506784","ticks":""}},"ternary":{"bgcolor":"rgb(17,17,17)","aaxis":{"gridcolor":"#506784","linecolor":"#506784","ticks":""},"baxis":{"gridcolor":"#506784","linecolor":"#506784","ticks":""},"caxis":{"gridcolor":"#506784","linecolor":"#506784","ticks":""}},"coloraxis":{"colorbar":{"outlinewidth":0,"ticks":""}},"colorscale":{"sequential":[[0.0,"#0d0887"],[0.1111111111111111,"#46039f"],[0.2222222222222222,"#7201a8"],[0.3333333333333333,"#9c179e"],[0.4444444444444444,"#bd3786"],[0.5555555555555556,"#d8576b"],[0.6666666666666666,"#ed7953"],[0.7777777777777778,"#fb9f3a"],[0.8888888888888888,"#fdca26"],[1.0,"#f0f921"]],"sequentialminus":[[0.0,"#0d0887"],[0.1111111111111111,"#46039f"],[0.2222222222222222,"#7201a8"],[0.3333333333333333,"#9c179e"],[0.4444444444444444,"#bd3786"],[0.5555555555555556,"#d8576b"],[0.6666666666666666,"#ed7953"],[0.7777777777777778,"#fb9f3a"],[0.8888888888888888,"#fdca26"],[1.0,"#f0f921"]],"diverging":[[0,"#8e0152"],[0.1,"#c51b7d"],[0.2,"#de77ae"],[0.3,"#f1b6da"],[0.4,"#fde0ef"],[0.5,"#f7f7f7"],[0.6,"#e6f5d0"],[0.7,"#b8e186"],[0.8,"#7fbc41"],[0.9,"#4d9221"],[1,"#276419"]]},"xaxis":{"gridcolor":"rgba(0, 0, 0, 0)","linecolor":"#506784","ticks":"","title":{"standoff":15},"zerolinecolor":"#283442","automargin":true,"zerolinewidth":2,"tickfont":{"family":"Courier New","size":14},"side":"top","tickangle":-90},"yaxis":{"gridcolor":"rgba(0, 0, 0, 0)","linecolor":"#506784","ticks":"","title":{"standoff":15},"zerolinecolor":"#283442","automargin":true,"zerolinewidth":2,"tickfont":{"family":"Courier New"},"side":"right"},"scene":{"xaxis":{"backgroundcolor":"rgb(17,17,17)","gridcolor":"#506784","linecolor":"#506784","showbackground":true,"ticks":"","zerolinecolor":"#C8D4E3","gridwidth":2},"yaxis":{"backgroundcolor":"rgb(17,17,17)","gridcolor":"#506784","linecolor":"#506784","showbackground":true,"ticks":"","zerolinecolor":"#C8D4E3","gridwidth":2},"zaxis":{"backgroundcolor":"rgb(17,17,17)","gridcolor":"#506784","linecolor":"#506784","showbackground":true,"ticks":"","zerolinecolor":"#C8D4E3","gridwidth":2}},"shapedefaults":{"line":{"color":"#f2f5fa"}},"annotationdefaults":{"arrowcolor":"#f2f5fa","arrowhead":0,"arrowwidth":1},"geo":{"bgcolor":"rgb(17,17,17)","landcolor":"rgb(17,17,17)","subunitcolor":"#506784","showland":true,"showlakes":true,"lakecolor":"rgb(17,17,17)"},"title":{"x":0.05,"font":{"family":"Times New Roman"},"y":0.05,"text":"<b>Correlation of Close<b><br><i>2016-09-23 ~ 2026-03-13<i>"},"updatemenudefaults":{"bgcolor":"#506784","borderwidth":0},"sliderdefaults":{"bgcolor":"#C8D4E3","borderwidth":1,"bordercolor":"rgb(17,17,17)","tickwidth":0},"mapbox":{"style":"dark"},"annotations":[{"text":"<b>@zwindr<b>","textangle":0,"opacity":0.5,"font":{"color":"white","size":12},"xref":"paper","yref":"paper","xanchor":"left","yanchor":"bottom","x":1.0,"y":1.0,"showarrow":false}]},"config":{"responsive":true,"toImageButtonOptions":{"filename":"Correlation of Close_2016-09-23~2026-03-13","scale":5}}};Plotly.newPlot("correlationClose",correlationClose.data,correlationClose.layout||{},correlationClose.config);}else{console.log("style display is none => correlationClose");}