var correlationAdjClose = {"data": [{"type": "heatmap", "z": [[1.0, 0.9940067106577853, 0.9769172394967344, 0.9976321469139341, 0.9647258613347572, 0.9814823473620284, -0.9431070229277726, 0.9900036867887764, 0.9701584143308543, 0.9972087872398975, 0.9971974241879689, 0.9976823459075767, 0.9932369161103225, 0.9939376887008912, 0.9972005417542794, 0.9839675355267603, 0.9996681596872092, 0.9900337381261749, 0.9201133591667527, 0.7399375992067815, 0.9853380491423214, 0.9212135721279958, 0.44173543299889306, -0.30365617497086056, 0.9013339103112339, 0.9740652955738147, 0.954622343827369, 0.980091225647791, 0.9638640318206212, 0.9756992461011943, 0.9720133338099457, 0.9454684514725273, 0.9797732148910743, 0.9702822908619749, 0.9548550286774605], [0.9940067106577853, 1.0, 0.9722858060042582, 0.9912951595556975, 0.9601523481027894, 0.9769167026668664, -0.9384250165189146, 0.9809050957448137, 0.9632378717658312, 0.995312169838363, 0.9951585247352279, 0.9943740400381071, 0.9923348482401855, 0.9915910398763007, 0.9950946398520567, 0.9779501844829898, 0.9966610572790076, 0.9836612761954773, 0.9091912643242186, 0.7513800974263944, 0.9669658532923905, 0.9006370022578056, 0.44062944904282403, -0.22805653181053884, 0.8753336408152587, 0.9616574697695377, 0.9541576675565197, 0.9579961999012753, 0.949862048117475, 0.9654314216833807, 0.9561901696850208, 0.9433207475359591, 0.9686293638358306, 0.9616037458122221, 0.948462805245881], [0.9769172394967344, 0.9722858060042582, 1.0, 0.9830505666924803, 0.9959952118092832, 0.9789736853912141, -0.9757963851974549, 0.9701747397446037, 0.9839573732202858, 0.9887074152996681, 0.9894238109051632, 0.9858853994009549, 0.9970585679224452, 0.9968761605071177, 0.9891795135303808, 0.9776204593859386, 0.9877854876064284, 0.9700641552481986, 0.8274012213960749, 0.6294225243821329, 0.9902223073268244, 0.9118342247163178, 0.2764802572494867, -0.22668869974264644, 0.9068491296682943, 0.9441256948503617, 0.9795201039393989, 0.9298670988016524, 0.9114414091638636, 0.9639642162825753, 0.9199612340173006, 0.906720031878674, 0.9664574057374028, 0.9738665623239211, 0.9245626233381817], [0.9976321469139341, 0.9912951595556975, 0.9830505666924803, 1.0, 0.9764237417145353, 0.9737048312679996, -0.937951919020334, 0.98432578047049, 0.9676174867497895, 0.9999709983787378, 0.9999893161680862, 0.9999570207177947, 0.9914245935995483, 0.9894423542636759, 0.9999428160030805, 0.9735637952738438, 0.9960456951811645, 0.984178719788313, 0.9061928364558898, 0.7096988944403532, 0.9933078804770314, 0.9225527822017529, 0.4173717639836837, -0.29504887917718803, 0.8993526538165089, 0.969288575582153, 0.9609860241580404, 0.9709948970739737, 0.961009961473814, 0.9777066360319814, 0.9622540111754475, 0.934344123651572, 0.9777531507306938, 0.9688854542568633, 0.9465949740578969], [0.9647258613347572, 0.9601523481027894, 0.9959952118092832, 0.9764237417145353, 1.0, 0.9585865631334806, -0.9573018097004221, 0.9550541622655748, 0.9716309771814242, 0.9849281823152175, 0.98568693355362, 0.9816895317163224, 0.9864275228064225, 0.9827718067237843, 0.9853341792522416, 0.9561789608040085, 0.9759058205847694, 0.9548461000502722, 0.8068576790943494, 0.593544047621222, 0.9895195801961323, 0.9076617013672218, 0.25181549408596265, -0.21981782487906362, 0.8880829158962542, 0.9306446010081325, 0.9772776283819237, 0.9095848383301085, 0.8977362198525937, 0.9578281225209563, 0.8984185324653484, 0.8805500126508307, 0.9561971203338024, 0.9622067650267677, 0.9012143621713913], [0.9814823473620284, 0.9769167026668664, 0.9789736853912141, 0.9737048312679996, 0.9585865631334806, 1.0, -0.9808108723936652, 0.9805645167411633, 0.9798438582300212, 0.9688103020656167, 0.9691598481130211, 0.9717458151068982, 0.9771165105902785, 0.9751030768468393, 0.968951854545625, 0.9999062373776889, 0.9860755588315826, 0.981654750807207, 0.8615711433960844, 0.7065681080660454, 0.9672387699343624, 0.8918717155273379, 0.30783048144649994, -0.21549492509013118, 0.9366227599843304, 0.9563124432333004, 0.9594897597678852, 0.9573583504137392, 0.9274412846202104, 0.9521853255775843, 0.9514680822450138, 0.9547167973049525, 0.9566950200611932, 0.9763789205354025, 0.9554741290007716], [-0.9431070229277726, -0.9384250165189146, -0.9757963851974549, -0.937951919020334, -0.9573018097004221, -0.9808108723936652, 1.0, -0.951790016706006, -0.9834418491391353, -0.94819054951382, -0.9494081938839471, -0.944630379362468, -0.9741561104442104, -0.9758596996704609, -0.9490323704166599, -0.9839500680934113, -0.9645943857078615, -0.9547929338795126, -0.7744894156140129, -0.6047483262284477, -0.9431522313710183, -0.8823403641543193, -0.1656206427732664, 0.1499887253287667, -0.9048705212071303, -0.9141785289178035, -0.9573316637104338, -0.8989293062995269, -0.8580639776711632, -0.9248811587326041, -0.8903723524041022, -0.9090756859718031, -0.9254707739555806, -0.9635913911000842, -0.9097477698396903], [0.9900036867887764, 0.9809050957448137, 0.9701747397446037, 0.98432578047049, 0.9550541622655748, 0.9805645167411633, -0.951790016706006, 1.0, 0.9824449806099154, 0.9800751325115634, 0.9800255043657095, 0.9832412067173641, 0.9760086286253962, 0.9750078349167847, 0.9800266488081787, 0.9824936870389467, 0.9876383200512706, 0.9998708505648963, 0.9232291780832821, 0.6741732222972922, 0.9738376176902335, 0.8954148021063922, 0.2990901856942661, -0.3116536672690914, 0.9056144779818277, 0.9550552247293986, 0.9376222388034822, 0.9776094426790274, 0.9523805118536, 0.9688506216749566, 0.9625584249912494, 0.9354564461956115, 0.9591209417758727, 0.9573547645566068, 0.9654960194200066], [0.9701584143308543, 0.9632378717658312, 0.9839573732202858, 0.9676174867497895, 0.9716309771814242, 0.9798438582300212, -0.9834418491391353, 0.9824449806099154, 1.0, 0.9632149582152619, 0.9638830801728487, 0.9657064128584626, 0.9730616677495874, 0.9701613839166696, 0.9636271960322029, 0.9789530027824322, 0.9702438618418121, 0.9817679312209643, 0.849988318098601, 0.5987618540086643, 0.9676009916059708, 0.9064161284905529, 0.15640246503061678, -0.2305247818443079, 0.8869528705308387, 0.9329051249490588, 0.960073842603529, 0.9330453954685244, 0.8948556496811347, 0.9565425145408487, 0.9159727868848676, 0.9027119810961969, 0.9451308403029947, 0.969241380189978, 0.9232471832705641], [0.9972087872398975, 0.995312169838363, 0.9887074152996681, 0.9999709983787378, 0.9849281823152175, 0.9688103020656167, -0.94819054951382, 0.9800751325115634, 0.9632149582152619, 1.0, 0.9999874983518996, 0.9999824797768934, 0.9912614364172875, 0.9892451274345588, 0.9999477786321749, 0.9693313230492671, 0.9956354695606998, 0.9810961057373725, 0.9306977845976908, 0.6332219704143638, 0.9966794512309198, 0.9002833043494242, -0.016955521413114863, 0.43447745961589207, 0.9165915416736363, 0.9534248413369343, 0.9662363403319227, 0.9618824078028043, 0.9428237199592667, 0.9655623051086311, 0.9416565981513236, 0.9203230554087106, 0.9650162481495772, 0.980083552153159, 0.9439230596040449], [0.9971974241879689, 0.9951585247352279, 0.9894238109051632, 0.9999893161680862, 0.98568693355362, 0.9691598481130211, -0.9494081938839471, 0.9800255043657095, 0.9638830801728487, 0.9999874983518996, 1.0, 0.9999715542340447, 0.9914484256448158, 0.989427615383051, 0.9999522992099428, 0.9696529592651407, 0.9956844812178716, 0.981016172352333, 0.9298613365608009, 0.6295134850005629, 0.9969724082862317, 0.8995204756317896, -0.03184680864441321, 0.43004098593241363, 0.9158766989278057, 0.9532691824780125, 0.9671293318701685, 0.961372140709875, 0.9415147395582871, 0.965664675926422, 0.9406118195216763, 0.9190333096073491, 0.9652026601806425, 0.9806106049116143, 0.9432250599163028], [0.9976823459075767, 0.9943740400381071, 0.9858853994009549, 0.9999570207177947, 0.9816895317163224, 0.9717458151068982, -0.944630379362468, 0.9832412067173641, 0.9657064128584626, 0.9999824797768934, 0.9999715542340447, 1.0, 0.9912257861289218, 0.9891638966063829, 0.9999614802597598, 0.9721696699068589, 0.9958225172595777, 0.9838144555826916, 0.9218765172983137, 0.6788880932382897, 0.9958662664132522, 0.9166960895637323, 0.1811471389897959, -0.1953910917062233, 0.923566198504081, 0.9621793139305008, 0.955917554893097, 0.9652840493034002, 0.9516775960370081, 0.9722533036736234, 0.9527391811785232, 0.9330246781915871, 0.9723378809947265, 0.9671848190028209, 0.9526052702537162], [0.9932369161103225, 0.9923348482401855, 0.9970585679224452, 0.9914245935995483, 0.9864275228064225, 0.9771165105902785, -0.9741561104442104, 0.9760086286253962, 0.9730616677495874, 0.9912614364172875, 0.9914484256448158, 0.9912257861289218, 1.0, 0.9996833126358657, 0.9913894187256269, 0.9779213057838245, 0.9935794906058367, 0.9773913117505945, 0.9118667775539093, 0.5713776125427263, 0.9861125051073342, 0.892080152432543, -0.3169958486158072, 0.45623806454773685, 0.9064426405838563, 0.9522324385290833, 0.9776539853327053, 0.9443456496524615, 0.903916076674414, 0.9466262217723843, 0.914481269683034, 0.8896851211951855, 0.9633183853230283, 0.9796614001297941, 0.9355150084291937], [0.9939376887008912, 0.9915910398763007, 0.9968761605071177, 0.9894423542636759, 0.9827718067237843, 0.9751030768468393, -0.9758596996704609, 0.9750078349167847, 0.9701613839166696, 0.9892451274345588, 0.989427615383051, 0.9891638966063829, 0.9996833126358657, 1.0, 0.9894832224452406, 0.9759727724325156, 0.9941084265851369, 0.9766490995976368, 0.9193776525198859, 0.45180807084869995, 0.9808923600505466, 0.880927471820193, -0.7083352428923614, 0.434167746849002, 0.8793774986771526, 0.9489682714639055, 0.9770236496788437, 0.9367220387941285, 0.8861700127318463, 0.9375825380621676, 0.9114663512189374, 0.8680165335854934, 0.9654806630982685, 0.9779105298679661, 0.9278743176328167], [0.9972005417542794, 0.9950946398520567, 0.9891795135303808, 0.9999428160030805, 0.9853341792522416, 0.968951854545625, -0.9490323704166599, 0.9800266488081787, 0.9636271960322029, 0.9999477786321749, 0.9999522992099428, 0.9999614802597598, 0.9913894187256269, 0.9894832224452406, 1.0, 0.9694732904721319, 0.995659878176776, 0.9810627044935398, 0.9305889182466424, 0.6294202420183337, 0.9968035799339319, 0.899787497453027, -0.029993027757264517, 0.4291884005374689, 0.9155194424386874, 0.9522257018354959, 0.9664885578631662, 0.9617024261876894, 0.9421221844926221, 0.9656936952517969, 0.9412796702039589, 0.9195664837887594, 0.9650896321442483, 0.9804665891682866, 0.9434864437389541], [0.9839675355267603, 0.9779501844829898, 0.9776204593859386, 0.9735637952738438, 0.9561789608040085, 0.9999062373776889, -0.9839500680934113, 0.9824936870389467, 0.9789530027824322, 0.9693313230492671, 0.9696529592651407, 0.9721696699068589, 0.9779213057838245, 0.9759727724325156, 0.9694732904721319, 1.0, 0.9865120978654073, 0.9817979715261299, 0.8853315017037291, 0.7061262986171808, 0.9657665646918846, 0.8875282582308434, 0.17739653039504066, -0.19413934000360109, 0.9451080968908918, 0.9577457727069328, 0.9562857299923881, 0.9607669689816561, 0.9244063084644725, 0.9489305991692321, 0.9523976668686726, 0.9540900617108463, 0.9592723320121617, 0.9759455078567153, 0.9602590141942506], [0.9996681596872092, 0.9966610572790076, 0.9877854876064284, 0.9960456951811645, 0.9759058205847694, 0.9860755588315826, -0.9645943857078615, 0.9876383200512706, 0.9702438618418121, 0.9956354695606998, 0.9956844812178716, 0.9958225172595777, 0.9935794906058367, 0.9941084265851369, 0.995659878176776, 0.9865120978654073, 1.0, 0.9885140124911753, 0.936314886805188, 0.6716639469021652, 0.9888758221553006, 0.8968740794650722, 0.02114715352928494, 0.44846762859187816, 0.9349418397531566, 0.9603736334097431, 0.9645994911213617, 0.9745771681714435, 0.9469391420086183, 0.964445130355426, 0.9564165055434247, 0.9430110596591438, 0.9711483289336298, 0.9846268776808379, 0.9647261394860496], [0.9900337381261749, 0.9836612761954773, 0.9700641552481986, 0.984178719788313, 0.9548461000502722, 0.981654750807207, -0.9547929338795126, 0.9998708505648963, 0.9817679312209643, 0.9810961057373725, 0.981016172352333, 0.9838144555826916, 0.9773913117505945, 0.9766490995976368, 0.9810627044935398, 0.9817979715261299, 0.9885140124911753, 1.0, 0.929560923731768, 0.6726666572112633, 0.972838206662443, 0.9004733295769743, 0.26543882715467515, -0.29298686943780117, 0.9110433476019323, 0.9535247484557587, 0.9377024157560168, 0.9780860650476668, 0.951786846874259, 0.9673835493886587, 0.961040157116411, 0.9353221789919253, 0.9584777534005074, 0.95528684802673, 0.9666675334547054], [0.9201133591667527, 0.9091912643242186, 0.8274012213960749, 0.9061928364558898, 0.8068576790943494, 0.8615711433960844, -0.7744894156140129, 0.9232291780832821, 0.849988318098601, 0.9306977845976908, 0.9298613365608009, 0.9218765172983137, 0.9118667775539093, 0.9193776525198859, 0.9305889182466424, 0.8853315017037291, 0.936314886805188, 0.929560923731768, 1.0, 0.8411827973502692, 0.8575900596639224, 0.8726601375461096, 0.689465240526061, -0.5330445539017303, 0.6971570027544692, 0.9148660962403791, 0.799878423211712, 0.957198281222492, 0.9348590520509003, 0.9013647369312571, 0.9434528404919219, 0.8933010353973788, 0.8976065159308085, 0.8456708465505928, 0.8782819560950784], [0.7399375992067815, 0.7513800974263944, 0.6294225243821329, 0.7096988944403532, 0.593544047621222, 0.7065681080660454, -0.6047483262284477, 0.6741732222972922, 0.5987618540086643, 0.6332219704143638, 0.6295134850005629, 0.6788880932382897, 0.5713776125427263, 0.45180807084869995, 0.6294202420183337, 0.7061262986171808, 0.6716639469021652, 0.6726666572112633, 0.8411827973502692, 1.0, 0.6325411595511893, 0.7467196418735209, 0.7313152131838655, -0.11637549622502659, 0.5375824105298143, 0.749301493476247, 0.6366409750964358, 0.7917225655275643, 0.7273616937698841, 0.6669754615719324, 0.7637653247467555, 0.76683012006308, 0.6979167183465776, 0.6657128292821441, 0.7013665657964663], [0.9853380491423214, 0.9669658532923905, 0.9902223073268244, 0.9933078804770314, 0.9895195801961323, 0.9672387699343624, -0.9431522313710183, 0.9738376176902335, 0.9676009916059708, 0.9966794512309198, 0.9969724082862317, 0.9958662664132522, 0.9861125051073342, 0.9808923600505466, 0.9968035799339319, 0.9657665646918846, 0.9888758221553006, 0.972838206662443, 0.8575900596639224, 0.6325411595511893, 1.0, 0.8935939234549201, 0.34366584812965395, -0.2889311475750313, 0.8860070291552959, 0.952907255694935, 0.9701524714265256, 0.9398177077087964, 0.9438371394304625, 0.9690850461561221, 0.9402061391357666, 0.9102267583718481, 0.9680239507794711, 0.9552690558046881, 0.9282619527552377], [0.9212135721279958, 0.9006370022578056, 0.9118342247163178, 0.9225527822017529, 0.9076617013672218, 0.8918717155273379, -0.8823403641543193, 0.8954148021063922, 0.9064161284905529, 0.9002833043494242, 0.8995204756317896, 0.9166960895637323, 0.892080152432543, 0.880927471820193, 0.899787497453027, 0.8875282582308434, 0.8968740794650722, 0.9004733295769743, 0.8726601375461096, 0.7467196418735209, 0.8935939234549201, 1.0, 0.39154861253766815, -0.18826826332779506, 0.699501245178688, 0.9174953606742431, 0.8842690454287486, 0.8964672620027523, 0.844866163872184, 0.9215028896523582, 0.8657611762207795, 0.8401692430375872, 0.9196338896509059, 0.8653878382203294, 0.8472312077897963], [0.44173543299889306, 0.44062944904282403, 0.2764802572494867, 0.4173717639836837, 0.25181549408596265, 0.30783048144649994, -0.1656206427732664, 0.2990901856942661, 0.15640246503061678, -0.016955521413114863, -0.03184680864441321, 0.1811471389897959, -0.3169958486158072, -0.7083352428923614, -0.029993027757264517, 0.17739653039504066, 0.02114715352928494, 0.26543882715467515, 0.689465240526061, 0.7313152131838655, 0.34366584812965395, 0.39154861253766815, 1.0, -0.3952086937234271, 0.2936291479605999, 0.41949080861038407, 0.2235493603142508, 0.5178475070141231, 0.5166618660618143, 0.378798527550125, 0.5351985037303335, 0.44518127750105485, 0.39532337466851614, 0.314748384867898, 0.4201032236361503], [-0.30365617497086056, -0.22805653181053884, -0.22668869974264644, -0.29504887917718803, -0.21981782487906362, -0.21549492509013118, 0.1499887253287667, -0.3116536672690914, -0.2305247818443079, 0.43447745961589207, 0.43004098593241363, -0.1953910917062233, 0.45623806454773685, 0.434167746849002, 0.4291884005374689, -0.19413934000360109, 0.44846762859187816, -0.29298686943780117, -0.5330445539017303, -0.11637549622502659, -0.2889311475750313, -0.18826826332779506, -0.3952086937234271, 1.0, -0.1478521414236963, -0.33166206185501423, -0.17566585974749296, -0.3899899810238948, -0.380033752498098, -0.32735347538054, -0.3459932527370051, -0.20258998759822114, -0.3509188484668464, -0.17799316178116426, -0.3161856703361836], [0.9013339103112339, 0.8753336408152587, 0.9068491296682943, 0.8993526538165089, 0.8880829158962542, 0.9366227599843304, -0.9048705212071303, 0.9056144779818277, 0.8869528705308387, 0.9165915416736363, 0.9158766989278057, 0.923566198504081, 0.9064426405838563, 0.8793774986771526, 0.9155194424386874, 0.9451080968908918, 0.9349418397531566, 0.9110433476019323, 0.6971570027544692, 0.5375824105298143, 0.8860070291552959, 0.699501245178688, 0.2936291479605999, -0.1478521414236963, 1.0, 0.8354130754838823, 0.8854102263670658, 0.8098187183753954, 0.8585615721428562, 0.8280047224733184, 0.8659250016043174, 0.8596440022445856, 0.8567062604555826, 0.8665843480713896, 0.8939548093511221], [0.9740652955738147, 0.9616574697695377, 0.9441256948503617, 0.969288575582153, 0.9306446010081325, 0.9563124432333004, -0.9141785289178035, 0.9550552247293986, 0.9329051249490588, 0.9534248413369343, 0.9532691824780125, 0.9621793139305008, 0.9522324385290833, 0.9489682714639055, 0.9522257018354959, 0.9577457727069328, 0.9603736334097431, 0.9535247484557587, 0.9148660962403791, 0.749301493476247, 0.952907255694935, 0.9174953606742431, 0.41949080861038407, -0.33166206185501423, 0.8354130754838823, 1.0, 0.9334158676287935, 0.9597222893490833, 0.9346508896430257, 0.9437401648159214, 0.9435646966684459, 0.9158761986594899, 0.9633466739557669, 0.9268573135392093, 0.923125530361422], [0.954622343827369, 0.9541576675565197, 0.9795201039393989, 0.9609860241580404, 0.9772776283819237, 0.9594897597678852, -0.9573316637104338, 0.9376222388034822, 0.960073842603529, 0.9662363403319227, 0.9671293318701685, 0.955917554893097, 0.9776539853327053, 0.9770236496788437, 0.9664885578631662, 0.9562857299923881, 0.9645994911213617, 0.9377024157560168, 0.799878423211712, 0.6366409750964358, 0.9701524714265256, 0.8842690454287486, 0.2235493603142508, -0.17566585974749296, 0.8854102263670658, 0.9334158676287935, 1.0, 0.9030024611410985, 0.8811416863556123, 0.9370780867861144, 0.8834326595505204, 0.8835352974667907, 0.9436540611763299, 0.9706049877000946, 0.884029408903242], [0.980091225647791, 0.9579961999012753, 0.9298670988016524, 0.9709948970739737, 0.9095848383301085, 0.9573583504137392, -0.8989293062995269, 0.9776094426790274, 0.9330453954685244, 0.9618824078028043, 0.961372140709875, 0.9652840493034002, 0.9443456496524615, 0.9367220387941285, 0.9617024261876894, 0.9607669689816561, 0.9745771681714435, 0.9780860650476668, 0.957198281222492, 0.7917225655275643, 0.9398177077087964, 0.8964672620027523, 0.5178475070141231, -0.3899899810238948, 0.8098187183753954, 0.9597222893490833, 0.9030024611410985, 1.0, 0.98551006900351, 0.9654612878669803, 0.9896531788058767, 0.9514537392669126, 0.9582951342593362, 0.9131131131912258, 0.9662490740147442], [0.9638640318206212, 0.949862048117475, 0.9114414091638636, 0.961009961473814, 0.8977362198525937, 0.9274412846202104, -0.8580639776711632, 0.9523805118536, 0.8948556496811347, 0.9428237199592667, 0.9415147395582871, 0.9516775960370081, 0.903916076674414, 0.8861700127318463, 0.9421221844926221, 0.9244063084644725, 0.9469391420086183, 0.951786846874259, 0.9348590520509003, 0.7273616937698841, 0.9438371394304625, 0.844866163872184, 0.5166618660618143, -0.380033752498098, 0.8585615721428562, 0.9346508896430257, 0.8811416863556123, 0.98551006900351, 1.0, 0.9495671621321556, 0.9828959108707533, 0.954711044779784, 0.934321381670503, 0.9167323442708339, 0.9617235138122947], [0.9756992461011943, 0.9654314216833807, 0.9639642162825753, 0.9777066360319814, 0.9578281225209563, 0.9521853255775843, -0.9248811587326041, 0.9688506216749566, 0.9565425145408487, 0.9655623051086311, 0.965664675926422, 0.9722533036736234, 0.9466262217723843, 0.9375825380621676, 0.9656936952517969, 0.9489305991692321, 0.964445130355426, 0.9673835493886587, 0.9013647369312571, 0.6669754615719324, 0.9690850461561221, 0.9215028896523582, 0.378798527550125, -0.32735347538054, 0.8280047224733184, 0.9437401648159214, 0.9370780867861144, 0.9654612878669803, 0.9495671621321556, 1.0, 0.9532191706807798, 0.9171311470502705, 0.9756145610331364, 0.9562420340279251, 0.9439977048270695], [0.9720133338099457, 0.9561901696850208, 0.9199612340173006, 0.9622540111754475, 0.8984185324653484, 0.9514680822450138, -0.8903723524041022, 0.9625584249912494, 0.9159727868848676, 0.9416565981513236, 0.9406118195216763, 0.9527391811785232, 0.914481269683034, 0.9114663512189374, 0.9412796702039589, 0.9523976668686726, 0.9564165055434247, 0.961040157116411, 0.9434528404919219, 0.7637653247467555, 0.9402061391357666, 0.8657611762207795, 0.5351985037303335, -0.3459932527370051, 0.8659250016043174, 0.9435646966684459, 0.8834326595505204, 0.9896531788058767, 0.9828959108707533, 0.9532191706807798, 1.0, 0.9731897978007235, 0.942466114559533, 0.9351322343891735, 0.9617500183732056], [0.9454684514725273, 0.9433207475359591, 0.906720031878674, 0.934344123651572, 0.8805500126508307, 0.9547167973049525, -0.9090756859718031, 0.9354564461956115, 0.9027119810961969, 0.9203230554087106, 0.9190333096073491, 0.9330246781915871, 0.8896851211951855, 0.8680165335854934, 0.9195664837887594, 0.9540900617108463, 0.9430110596591438, 0.9353221789919253, 0.8933010353973788, 0.76683012006308, 0.9102267583718481, 0.8401692430375872, 0.44518127750105485, -0.20258998759822114, 0.8596440022445856, 0.9158761986594899, 0.8835352974667907, 0.9514537392669126, 0.954711044779784, 0.9171311470502705, 0.9731897978007235, 1.0, 0.9051491918074764, 0.9328165560320929, 0.9523726198819894], [0.9797732148910743, 0.9686293638358306, 0.9664574057374028, 0.9777531507306938, 0.9561971203338024, 0.9566950200611932, -0.9254707739555806, 0.9591209417758727, 0.9451308403029947, 0.9650162481495772, 0.9652026601806425, 0.9723378809947265, 0.9633183853230283, 0.9654806630982685, 0.9650896321442483, 0.9592723320121617, 0.9711483289336298, 0.9584777534005074, 0.8976065159308085, 0.6979167183465776, 0.9680239507794711, 0.9196338896509059, 0.39532337466851614, -0.3509188484668464, 0.8567062604555826, 0.9633466739557669, 0.9436540611763299, 0.9582951342593362, 0.934321381670503, 0.9756145610331364, 0.942466114559533, 0.9051491918074764, 1.0, 0.9528191861515277, 0.9404819584960524], [0.9702822908619749, 0.9616037458122221, 0.9738665623239211, 0.9688854542568633, 0.9622067650267677, 0.9763789205354025, -0.9635913911000842, 0.9573547645566068, 0.969241380189978, 0.980083552153159, 0.9806106049116143, 0.9671848190028209, 0.9796614001297941, 0.9779105298679661, 0.9804665891682866, 0.9759455078567153, 0.9846268776808379, 0.95528684802673, 0.8456708465505928, 0.6657128292821441, 0.9552690558046881, 0.8653878382203294, 0.314748384867898, -0.17799316178116426, 0.8665843480713896, 0.9268573135392093, 0.9706049877000946, 0.9131131131912258, 0.9167323442708339, 0.9562420340279251, 0.9351322343891735, 0.9328165560320929, 0.9528191861515277, 1.0, 0.9169014914205188], [0.9548550286774605, 0.948462805245881, 0.9245626233381817, 0.9465949740578969, 0.9012143621713913, 0.9554741290007716, -0.9097477698396903, 0.9654960194200066, 0.9232471832705641, 0.9439230596040449, 0.9432250599163028, 0.9526052702537162, 0.9355150084291937, 0.9278743176328167, 0.9434864437389541, 0.9602590141942506, 0.9647261394860496, 0.9666675334547054, 0.8782819560950784, 0.7013665657964663, 0.9282619527552377, 0.8472312077897963, 0.4201032236361503, -0.3161856703361836, 0.8939548093511221, 0.923125530361422, 0.884029408903242, 0.9662490740147442, 0.9617235138122947, 0.9439977048270695, 0.9617500183732056, 0.9523726198819894, 0.9404819584960524, 0.9169014914205188, 1.0]], "x": ["^TAIEX       \u81fa\u7063\u52a0\u6b0a\u5831\u916c\u6307\u6578", "^TWII        \u81fa\u7063\u52a0\u6b0a\u6307\u6578", "^TAIEXx2     \u81fa\u7063\u52a0\u6b0a\u5831\u916c\u6307\u6578_\u65e5\u6b632", "^TAI50I      \u81fa\u706350\u5831\u916c\u6307\u6578", "^TAI50Ix2    \u81fa\u706350\u5831\u916c\u6307\u6578_\u65e5\u6b632", "^TAI100I     \u81fa\u7063\u4e2d\u578b100\u5831\u916c\u6307\u6578", "^TAI100Ix2   \u81fa\u7063\u4e2d\u578b100\u5831\u916c\u6307\u6578_\u65e5\u6b632", "^TAIDIVIDI   \u81fa\u7063\u9ad8\u80a1\u606f\u5831\u916c\u6307\u6578", "^TAIDIVIDIx2 \u81fa\u7063\u9ad8\u80a1\u606f\u5831\u916c\u6307\u6578_\u65e5\u6b632", "0050Fund     \u5143\u5927\u53f0\u7063\u5353\u8d8a50\u57fa\u91d1", "006208Fund   \u5bcc\u90a6\u53f0\u7063\u91c6\u540950\u57fa\u91d1", "0050         \u5143\u5927\u81fa\u706350", "00631L       \u5143\u5927\u53f0\u706350\u6b632", "00675L       \u5bcc\u90a6\u81fa\u7063\u52a0\u6b0a\u6b632", "006208       \u5bcc\u90a6\u53f050", "0051         \u5143\u5927\u4e2d\u578b100", "006204       \u6c38\u8c50\u81fa\u7063\u52a0\u6b0a", "0056         \u5143\u5927\u9ad8\u80a1\u606f", "2412         \u4e2d\u83ef\u96fb\u4fe1", "2002         \u4e2d\u92fc", "2330         \u53f0\u7a4d\u96fb", "2317         \u9d3b\u6d77", "6505         \u53f0\u5851\u77f3\u5316", "3481         \u7fa4\u5275", "2303         \u806f\u96fb", "2308         \u53f0\u9054\u96fb", "2454         \u806f\u767c\u79d1", "2886         \u5146\u8c50\u91d1", "2884         \u7389\u5c71\u91d1", "2891         \u4e2d\u4fe1\u91d1", "2892         \u7b2c\u4e00\u91d1", "5880         \u5408\u5eab\u91d1", "2881         \u5bcc\u90a6\u91d1", "2885         \u5143\u5927\u91d1", "2887         \u53f0\u65b0\u91d1"], "y": ["^TAIEX       \u81fa\u7063\u52a0\u6b0a\u5831\u916c\u6307\u6578", "^TWII        \u81fa\u7063\u52a0\u6b0a\u6307\u6578", "^TAIEXx2     \u81fa\u7063\u52a0\u6b0a\u5831\u916c\u6307\u6578_\u65e5\u6b632", "^TAI50I      \u81fa\u706350\u5831\u916c\u6307\u6578", "^TAI50Ix2    \u81fa\u706350\u5831\u916c\u6307\u6578_\u65e5\u6b632", "^TAI100I     \u81fa\u7063\u4e2d\u578b100\u5831\u916c\u6307\u6578", "^TAI100Ix2   \u81fa\u7063\u4e2d\u578b100\u5831\u916c\u6307\u6578_\u65e5\u6b632", "^TAIDIVIDI   \u81fa\u7063\u9ad8\u80a1\u606f\u5831\u916c\u6307\u6578", "^TAIDIVIDIx2 \u81fa\u7063\u9ad8\u80a1\u606f\u5831\u916c\u6307\u6578_\u65e5\u6b632", "0050Fund     \u5143\u5927\u53f0\u7063\u5353\u8d8a50\u57fa\u91d1", "006208Fund   \u5bcc\u90a6\u53f0\u7063\u91c6\u540950\u57fa\u91d1", "0050         \u5143\u5927\u81fa\u706350", "00631L       \u5143\u5927\u53f0\u706350\u6b632", "00675L       \u5bcc\u90a6\u81fa\u7063\u52a0\u6b0a\u6b632", "006208       \u5bcc\u90a6\u53f050", "0051         \u5143\u5927\u4e2d\u578b100", "006204       \u6c38\u8c50\u81fa\u7063\u52a0\u6b0a", "0056         \u5143\u5927\u9ad8\u80a1\u606f", "2412         \u4e2d\u83ef\u96fb\u4fe1", "2002         \u4e2d\u92fc", "2330         \u53f0\u7a4d\u96fb", "2317         \u9d3b\u6d77", "6505         \u53f0\u5851\u77f3\u5316", "3481         \u7fa4\u5275", "2303         \u806f\u96fb", "2308         \u53f0\u9054\u96fb", "2454         \u806f\u767c\u79d1", "2886         \u5146\u8c50\u91d1", "2884         \u7389\u5c71\u91d1", "2891         \u4e2d\u4fe1\u91d1", "2892         \u7b2c\u4e00\u91d1", "5880         \u5408\u5eab\u91d1", "2881         \u5bcc\u90a6\u91d1", "2885         \u5143\u5927\u91d1", "2887         \u53f0\u65b0\u91d1"], "zmin": -1, "zmax": 1, "colorbar": {"x": -0.2}}], "layout": {"autotypenumbers": "strict", "colorway": ["#636efa", "#EF553B", "#00cc96", "#ab63fa", "#FFA15A", "#19d3f3", "#FF6692", "#B6E880", "#FF97FF", "#FECB52"], "font": {"color": "#f2f5fa", "family": "Courier New"}, "hovermode": "closest", "hoverlabel": {"align": "left"}, "paper_bgcolor": "rgb(17,17,17)", "plot_bgcolor": "rgb(17,17,17)", "polar": {"bgcolor": "rgb(17,17,17)", "angularaxis": {"gridcolor": "#506784", "linecolor": "#506784", "ticks": ""}, "radialaxis": {"gridcolor": "#506784", "linecolor": "#506784", "ticks": ""}}, "ternary": {"bgcolor": "rgb(17,17,17)", "aaxis": {"gridcolor": "#506784", "linecolor": "#506784", "ticks": ""}, "baxis": {"gridcolor": "#506784", "linecolor": "#506784", "ticks": ""}, "caxis": {"gridcolor": "#506784", "linecolor": "#506784", "ticks": ""}}, "coloraxis": {"colorbar": {"outlinewidth": 0, "ticks": ""}}, "colorscale": {"sequential": [[0.0, "#0d0887"], [0.1111111111111111, "#46039f"], [0.2222222222222222, "#7201a8"], [0.3333333333333333, "#9c179e"], [0.4444444444444444, "#bd3786"], [0.5555555555555556, "#d8576b"], [0.6666666666666666, "#ed7953"], [0.7777777777777778, "#fb9f3a"], [0.8888888888888888, "#fdca26"], [1.0, "#f0f921"]], "sequentialminus": [[0.0, "#0d0887"], [0.1111111111111111, "#46039f"], [0.2222222222222222, "#7201a8"], [0.3333333333333333, "#9c179e"], [0.4444444444444444, "#bd3786"], [0.5555555555555556, "#d8576b"], [0.6666666666666666, "#ed7953"], [0.7777777777777778, "#fb9f3a"], [0.8888888888888888, "#fdca26"], [1.0, "#f0f921"]], "diverging": [[0, "#8e0152"], [0.1, "#c51b7d"], [0.2, "#de77ae"], [0.3, "#f1b6da"], [0.4, "#fde0ef"], [0.5, "#f7f7f7"], [0.6, "#e6f5d0"], [0.7, "#b8e186"], [0.8, "#7fbc41"], [0.9, "#4d9221"], [1, "#276419"]]}, "xaxis": {"gridcolor": "rgba(0, 0, 0, 0)", "linecolor": "#506784", "ticks": "", "title": {"standoff": 15}, "zerolinecolor": "#283442", "automargin": true, "zerolinewidth": 2, "tickfont": {"family": "Courier New", "size": 14}, "side": "top", "tickangle": -90}, "yaxis": {"gridcolor": "rgba(0, 0, 0, 0)", "linecolor": "#506784", "ticks": "", "title": {"standoff": 15}, "zerolinecolor": "#283442", "automargin": true, "zerolinewidth": 2, "tickfont": {"family": "Courier New"}, "side": "right"}, "scene": {"xaxis": {"backgroundcolor": "rgb(17,17,17)", "gridcolor": "#506784", "linecolor": "#506784", "showbackground": true, "ticks": "", "zerolinecolor": "#C8D4E3", "gridwidth": 2}, "yaxis": {"backgroundcolor": "rgb(17,17,17)", "gridcolor": "#506784", "linecolor": "#506784", "showbackground": true, "ticks": "", "zerolinecolor": "#C8D4E3", "gridwidth": 2}, "zaxis": {"backgroundcolor": "rgb(17,17,17)", "gridcolor": "#506784", "linecolor": "#506784", "showbackground": true, "ticks": "", "zerolinecolor": "#C8D4E3", "gridwidth": 2}}, "shapedefaults": {"line": {"color": "#f2f5fa"}}, "annotationdefaults": {"arrowcolor": "#f2f5fa", "arrowhead": 0, "arrowwidth": 1}, "geo": {"bgcolor": "rgb(17,17,17)", "landcolor": "rgb(17,17,17)", "subunitcolor": "#506784", "showland": true, "showlakes": true, "lakecolor": "rgb(17,17,17)"}, "title": {"x": 0.05, "font": {"family": "Times New Roman"}, "y": 0.05, "text": "<b>Correlation of Adj Close<b><br><i>2016-09-23 ~ 2025-07-31<i>"}, "updatemenudefaults": {"bgcolor": "#506784", "borderwidth": 0}, "sliderdefaults": {"bgcolor": "#C8D4E3", "borderwidth": 1, "bordercolor": "rgb(17,17,17)", "tickwidth": 0}, "mapbox": {"style": "dark"}, "annotations": [{"text": "<b>@zwindr<b>", "textangle": 0, "opacity": 0.5, "font": {"color": "white", "size": 12}, "xref": "paper", "yref": "paper", "xanchor": "left", "yanchor": "bottom", "x": 1.0, "y": 1.0, "showarrow": false}]}, "config": {"responsive": true, "toImageButtonOptions": {"filename": "Correlation of Adj Close_2016-09-23~2025-07-31", "scale": 5}}};

Plotly.newPlot("correlationAdjClose",
    correlationAdjClose.data,
    correlationAdjClose.layout || {},
    correlationAdjClose.config);