var element=document.getElementById("correlationAdjClose");if(element.style.display!='none'){var correlationAdjClose={"data":[{"type":"heatmap","z":[[1.0,0.9944024353450416,0.9771191822925694,0.9974937759035167,0.9633871515185863,0.9826220819650804,-0.947274227120805,0.9900781400630356,0.9722788287421371,0.9971098150990259,0.9970859028338447,0.9975783250171429,0.993704327116351,0.9944391544841975,0.997142640172299,0.9847345809507206,0.9996869483812423,0.9900057749028212,0.9016998356765322,0.9214978870742769,0.7231470676980574,0.9854757204830867,0.9263218921849123,0.405657658195232,-0.30285329150460893,0.8998473070810575,0.9568467867212733,0.9576910700440946,0.9802111396672739,0.9659672580199126,0.9766551329057351,0.9728060416156741,0.9451359821954743,0.9810863555983811,0.9723326692009753,0.9545889450182647],[0.9944024353450416,1.0,0.9725508274542094,0.9914651279807848,0.9585811866745425,0.9783859117600472,-0.9427221915353127,0.9816965050188258,0.9658133437636348,0.9951716185163657,0.9950136428612014,0.9943876558272426,0.9926972717119267,0.9921573195945433,0.9950253444115034,0.9792306272654785,0.9969043213118357,0.9842093834927271,0.9247146038129275,0.911069962429322,0.7380647248860093,0.9680228881482238,0.9070790015245456,0.40546353014258607,-0.2301222542583632,0.8757795178961408,0.9463121947401003,0.9569009107936167,0.9594021652010178,0.9527655063524468,0.9668280453952852,0.9580416349572006,0.9435636048592743,0.9705909070809662,0.9628428179563089,0.9489994342200825],[0.9771191822925694,0.9725508274542094,1.0,0.9840167212785307,0.995712589673658,0.97810353197845,-0.9772486630060092,0.9686744290579541,0.983408157959843,0.9896118983234029,0.9902766094302339,0.9868562041856155,0.9969288892491287,0.9967079127461179,0.9900007908271372,0.976343399324256,0.987537588684263,0.9683685070241662,0.874624436412193,0.8303179745744804,0.6077896560995278,0.9910558173518901,0.9204869941859971,0.2380573551423078,-0.22718961102141857,0.8984256876364181,0.9421474115538755,0.9804507615292833,0.9296088994793917,0.9154902939286538,0.9670569119195748,0.920932374858727,0.9034718692053327,0.9671546688029238,0.9746880111648795,0.921155890516177],[0.9974937759035167,0.9914651279807848,0.9840167212785307,1.0,0.9761601514586035,0.9748838308667228,-0.9430181406437731,0.9837754454332802,0.9696566557565284,0.9999735065932306,0.9999903149300586,0.9999595490233141,0.9921207777404981,0.990219157231063,0.9999442527740622,0.9743233346625808,0.9959642546378654,0.9834551593888696,0.8887270594062121,0.9067383449413814,0.6904325250359357,0.9936620637053908,0.9289051036740844,0.3780059743652543,-0.2935749166463208,0.8955694174026748,0.9577983122550591,0.9639567661002058,0.9704663197547627,0.962779118449892,0.9793251167773017,0.9625981498551499,0.932860792054718,0.9789521281053299,0.9710493572456185,0.9451616942906111],[0.9633871515185863,0.9585811866745425,0.995712589673658,0.9761601514586035,1.0,0.9564934806622266,-0.9588171361724429,0.951226515267515,0.9694522193650166,0.9846469526522383,0.9853741529647823,0.9813855968735407,0.9853956526416295,0.9819538842887948,0.9849083222249032,0.9535000818502755,0.9741539070622534,0.950708588514565,0.8516582481238703,0.8076278235287702,0.5678664292314245,0.9892610082195563,0.9166313915205755,0.2091899981096667,-0.2193190780092443,0.8750637790653902,0.9362099237962986,0.9763811787757403,0.9072847671415657,0.900363622852602,0.9605718288835072,0.8978021665900301,0.8747124169454839,0.9551889344482581,0.9617106904183464,0.8951402315618711],[0.9826220819650804,0.9783859117600472,0.97810353197845,0.9748838308667228,0.9564934806622266,1.0,-0.9816041347287034,0.981597463106563,0.9811006183680571,0.9697670884019073,0.9700388682655336,0.9728628617897984,0.9774108170125865,0.9754058969674346,0.9699476476875551,0.9999000946743543,0.9867514817483474,0.982589885723196,0.9013976828397966,0.8670652802251971,0.6900787821185164,0.9681540739077843,0.8978954315017541,0.2749885121197822,-0.21835762962460792,0.9340309263388572,0.9365686018817315,0.9618054631418697,0.959201138317209,0.9318502556395285,0.954138611499369,0.953800542608943,0.9547763085181035,0.9594225776622107,0.9777422910588379,0.9557479852280459],[-0.947274227120805,-0.9427221915353127,-0.9772486630060092,-0.9430181406437731,-0.9588171361724429,-0.9816041347287034,1.0,-0.9538898163685299,-0.9843751025953641,-0.9523244227870453,-0.9534194461887922,-0.9491535948873966,-0.9759939088709981,-0.9774002642905089,-0.953100684790835,-0.9843918788159043,-0.9673196445834708,-0.9566036487198293,-0.8696449734463316,-0.7839029031998002,-0.5868985098147533,-0.9477363436264863,-0.8922581138465647,-0.1335529847940229,0.15491159618398104,-0.9004125779195087,-0.9082005510283915,-0.9606250964999973,-0.9032191149898432,-0.8671567020612317,-0.9308843502947202,-0.8955577924175498,-0.9093295763888304,-0.9305451331217934,-0.9662910270580578,-0.9104484338303951],[0.9900781400630356,0.9816965050188258,0.9686744290579541,0.9837754454332802,0.951226515267515,0.981597463106563,-0.9538898163685299,1.0,0.983200077664021,0.979651027587122,0.9795505291080893,0.9827824498707415,0.9761164616423971,0.9753186225467954,0.9796764521232951,0.9834618287130874,0.9879519616246046,0.9998748949156623,0.9271318346510556,0.9265803082758496,0.6575131431082246,0.973065525563182,0.8987699813905136,0.258947986607374,-0.3117675498295426,0.9051846217435413,0.9277828196436338,0.9406118613607422,0.978668401571145,0.9550463664767329,0.9682370726721683,0.964495481646314,0.9370132657787051,0.9612410309160258,0.9593255871085021,0.9658150588704543],[0.9722788287421371,0.9658133437636348,0.983408157959843,0.9696566557565284,0.9694522193650166,0.9811006183680571,-0.9843751025953641,0.983200077664021,1.0,0.9652775461039224,0.9658499733060679,0.9678331458373518,0.9743077469536424,0.9715007683279384,0.9656882135482544,0.9801688118836557,0.9723484276268721,0.9825128473436712,0.9036233336788799,0.8567820804357128,0.5805873246439969,0.969097591058426,0.911781312775271,0.11722893822158927,-0.23246215355057911,0.88526017671353,0.9156952571351251,0.9626839718983824,0.936153682253446,0.9014314170013695,0.9587426468609231,0.9203072914568102,0.9046410863414708,0.9488361546775018,0.9713304302165143,0.9243722589572483],[0.9971098150990259,0.9951716185163657,0.9896118983234029,0.9999735065932306,0.9846469526522383,0.9697670884019073,-0.9523244227870453,0.979651027587122,0.9652775461039224,1.0,0.9999885833976032,0.9999828574714817,0.9919819549533443,0.9900515113087777,0.9999500703180355,0.969901896265365,0.9955910378456385,0.9804442913950491,0.9179632675438072,0.9339756152297016,0.5990195407359381,0.9968997164821065,0.9098124226881716,-0.07300725927783555,0.41420896425602954,0.9061361455204457,0.9316200547752612,0.9687367689674519,0.9623133713516747,0.9466359499048697,0.9685230516208617,0.9433831103650819,0.9168510131682962,0.967534273128799,0.9812214283101117,0.9408351023799659],[0.9970859028338447,0.9950136428612014,0.9902766094302339,0.9999903149300586,0.9853741529647823,0.9700388682655336,-0.9534194461887922,0.9795505291080893,0.9658499733060679,0.9999885833976032,1.0,0.999972928479569,0.9921474650621118,0.9902152567539693,0.999953243335852,0.9701411799166787,0.9956188340919495,0.9803131868543439,0.9167594439989523,0.9332785908045516,0.5949703325903344,0.9971758651812587,0.9092146654286516,-0.08767351061979915,0.4096122160411979,0.9051874555945111,0.9311738955773377,0.96953613367437,0.9618198913633699,0.9454707952489342,0.9686416823472389,0.9424108504990815,0.9154977591437651,0.967714189944401,0.981680226011316,0.9401145575343259],[0.9975783250171429,0.9943876558272426,0.9868562041856155,0.9999595490233141,0.9813855968735407,0.9728628617897984,-0.9491535948873966,0.9827824498707415,0.9678331458373518,0.9999828574714817,0.999972928479569,1.0,0.991970031722302,0.9900105732993533,0.9999628696687575,0.9729840421294663,0.9957692396568097,0.9831359491558791,0.8989289364403814,0.9238312370522487,0.6501926873369656,0.9961061042767982,0.9239499112109205,0.12745042107474347,-0.1964846772879529,0.9157872004989553,0.9444570196938163,0.9593690929092727,0.9650974005889918,0.9540953862081076,0.974488280388754,0.9535654411617905,0.930362932320223,0.974097217117413,0.9696597661950183,0.9495916581048721],[0.993704327116351,0.9926972717119267,0.9969288892491287,0.9921207777404981,0.9853956526416295,0.9774108170125865,-0.9759939088709981,0.9761164616423971,0.9743077469536424,0.9919819549533443,0.9921474650621118,0.991970031722302,1.0,0.9997149199214338,0.9921379980144848,0.9777397690199707,0.9938898983281524,0.9771734741268308,0.914435129322756,0.9185904435528957,0.5333663924277223,0.9871878310017022,0.9022130937618515,-0.3649753448843256,0.4332789281786928,0.8943799234248647,0.9237168700353962,0.9788988646920836,0.9464825659725054,0.9118813249476067,0.951045909850123,0.9192313822126947,0.8874884941688442,0.9660776881663143,0.98083399373548,0.9332653630211948],[0.9944391544841975,0.9921573195945433,0.9967079127461179,0.990219157231063,0.9819538842887948,0.9754058969674346,-0.9774002642905089,0.9753186225467954,0.9715007683279384,0.9900515113087777,0.9902152567539693,0.9900105732993533,0.9997149199214338,1.0,0.9903412479212816,0.9757122403503771,0.9944755795853583,0.9765888064155762,0.9008936110212746,0.9267053791424905,0.40570532585557073,0.9824347493473323,0.8930186759962262,-0.7353554286678281,0.4079449145505231,0.864925023130485,0.9185510899655912,0.9780953024431079,0.9399155207725934,0.8969939893637433,0.9429836313820474,0.9179806103238832,0.8665246333107114,0.9679485330950717,0.9792775767420681,0.925728419979582],[0.997142640172299,0.9950253444115034,0.9900007908271372,0.9999442527740622,0.9849083222249032,0.9699476476875551,-0.953100684790835,0.9796764521232951,0.9656882135482544,0.9999500703180355,0.999953243335852,0.9999628696687575,0.9921379980144848,0.9903412479212816,1.0,0.9700851831485553,0.9956540362111606,0.980455427286392,0.917087565933506,0.933989910226781,0.5951650072177415,0.9969890884590603,0.9093326861383673,-0.08581302081888142,0.40979274660851,0.9050988442626146,0.9290423965601959,0.9689136204376377,0.962182403331753,0.946025359977141,0.9686234135634825,0.9430994229426874,0.9160793169290558,0.9676350881671021,0.9816139288226559,0.9406340263011059],[0.9847345809507206,0.9792306272654785,0.976343399324256,0.9743233346625808,0.9535000818502755,0.9999000946743543,-0.9843918788159043,0.9834618287130874,0.9801688118836557,0.969901896265365,0.9701411799166787,0.9729840421294663,0.9777397690199707,0.9757122403503771,0.9700851831485553,1.0,0.9870036548424582,0.9827740516355243,0.9044110719205584,0.8907906695903431,0.6861612223783022,0.966292617448847,0.8928524029636841,0.13687449811379343,-0.19727840715673042,0.9421016426114113,0.9307071725555754,0.9586155503067785,0.9626138062846099,0.9289720283894309,0.9506213196936257,0.9548485279455982,0.9541416612915014,0.9616991220246442,0.9771242305724283,0.9603527527828029],[0.9996869483812423,0.9969043213118357,0.987537588684263,0.9959642546378654,0.9741539070622534,0.9867514817483474,-0.9673196445834708,0.9879519616246046,0.9723484276268721,0.9955910378456385,0.9956188340919495,0.9957692396568097,0.9938898983281524,0.9944755795853583,0.9956540362111606,0.9870036548424582,1.0,0.9886802963594924,0.9299338304674287,0.9398592718925152,0.6427098098169087,0.9889222923547376,0.9040527029871122,-0.030638250261206843,0.4324706678000524,0.9280275211488292,0.9314545379398097,0.9672330941581642,0.975355668235309,0.9506162732484806,0.9661953661113645,0.9582856648922263,0.9411330010199391,0.97330186260249,0.9857855809516035,0.962970820669549],[0.9900057749028212,0.9842093834927271,0.9683685070241662,0.9834551593888696,0.950708588514565,0.982589885723196,-0.9566036487198293,0.9998748949156623,0.9825128473436712,0.9804442913950491,0.9803131868543439,0.9831359491558791,0.9771734741268308,0.9765888064155762,0.980455427286392,0.9827740516355243,0.9886802963594924,1.0,0.9301525496138364,0.9328211616037783,0.6556811089733752,0.971853833361649,0.9030583861991843,0.2238535968783421,-0.29345318290332256,0.9104145729975335,0.9236680793634,0.940597904861132,0.9791489574161746,0.9544432368773262,0.9666492529182765,0.9630776892897491,0.9368522034358439,0.9605235956038196,0.9572848103195067,0.9670105557403068],[0.9016998356765322,0.9247146038129275,0.874624436412193,0.8887270594062121,0.8516582481238703,0.9013976828397966,-0.8696449734463316,0.9271318346510556,0.9036233336788799,0.9179632675438072,0.9167594439989523,0.8989289364403814,0.914435129322756,0.9008936110212746,0.917087565933506,0.9044110719205584,0.9299338304674287,0.9301525496138364,1.0,0.8207990041446317,0.7131699145047065,0.862996242723811,0.8128205875603227,0.29200524039978704,-0.16098409638999658,0.8520303600507567,0.8087370664244374,0.8507989226994518,0.8879637502019221,0.8529374724823744,0.8552574104744152,0.8661068761623734,0.8519923061131051,0.852591406698631,0.8756659260421993,0.8921601198049759],[0.9214978870742769,0.911069962429322,0.8303179745744804,0.9067383449413814,0.8076278235287702,0.8670652802251971,-0.7839029031998002,0.9265803082758496,0.8567820804357128,0.9339756152297016,0.9332785908045516,0.9238312370522487,0.9185904435528957,0.9267053791424905,0.933989910226781,0.8907906695903431,0.9398592718925152,0.9328211616037783,0.8207990041446317,1.0,0.8343086660076583,0.8586759214370929,0.8730704586118592,0.6608934192601342,-0.5292298477750101,0.705291102203824,0.8874235261743217,0.8062126132117091,0.958363739560834,0.9361636090332199,0.9006577876250583,0.9452418307479025,0.8968012475297015,0.899987276243453,0.8487220890877202,0.8824700280591797],[0.7231470676980574,0.7380647248860093,0.6077896560995278,0.6904325250359357,0.5678664292314245,0.6900787821185164,-0.5868985098147533,0.6575131431082246,0.5805873246439969,0.5990195407359381,0.5949703325903344,0.6501926873369656,0.5333663924277223,0.40570532585557073,0.5951650072177415,0.6861612223783022,0.6427098098169087,0.6556811089733752,0.7131699145047065,0.8343086660076583,1.0,0.6162103181472599,0.7262054915827141,0.7268046301877148,-0.11675935790787366,0.5377051343130856,0.6936216976677326,0.622621360406247,0.7827494066096816,0.7147956440865649,0.6474377272158454,0.752249440166004,0.759614732967879,0.6842991868662499,0.6488622737063463,0.6954078542026062],[0.9854757204830867,0.9680228881482238,0.9910558173518901,0.9936620637053908,0.9892610082195563,0.9681540739077843,-0.9477363436264863,0.973065525563182,0.969097591058426,0.9968997164821065,0.9971758651812587,0.9961061042767982,0.9871878310017022,0.9824347493473323,0.9969890884590603,0.966292617448847,0.9889222923547376,0.971853833361649,0.862996242723811,0.8586759214370929,0.6162103181472599,1.0,0.9029961242517347,0.30445499666665976,-0.2867397802174732,0.88088002741545,0.9486705196863225,0.9721484044731009,0.9394131532859898,0.9458813343906012,0.9717415128742359,0.9407248228531485,0.907644667561587,0.9692653821713771,0.9568398505059849,0.9261340150024573],[0.9263218921849123,0.9070790015245456,0.9204869941859971,0.9289051036740844,0.9166313915205755,0.8978954315017541,-0.8922581138465647,0.8987699813905136,0.911781312775271,0.9098124226881716,0.9092146654286516,0.9239499112109205,0.9022130937618515,0.8930186759962262,0.9093326861383673,0.8928524029636841,0.9040527029871122,0.9030583861991843,0.8128205875603227,0.8730704586118592,0.7262054915827141,0.9029961242517347,1.0,0.34696373942812936,-0.19025283325327455,0.7055571463616259,0.9170942193811196,0.8934916281649264,0.8994059097137876,0.8542929512327815,0.9284738346753225,0.8710925715512964,0.8416794088590843,0.9246160806950281,0.8725543269268872,0.8501056744929399],[0.405657658195232,0.40546353014258607,0.2380573551423078,0.3780059743652543,0.2091899981096667,0.2749885121197822,-0.1335529847940229,0.258947986607374,0.11722893822158927,-0.07300725927783555,-0.08767351061979915,0.12745042107474347,-0.3649753448843256,-0.7353554286678281,-0.08581302081888142,0.13687449811379343,-0.030638250261206843,0.2238535968783421,0.29200524039978704,0.6608934192601342,0.7268046301877148,0.30445499666665976,0.34696373942812936,1.0,-0.38726476914132,0.2785337647859901,0.33972833619490883,0.19383497380837605,0.4880066949306881,0.48189464074409094,0.3377839366490601,0.5042488175804555,0.4228110320520504,0.36213696363577413,0.2826493723398174,0.39727030011811315],[-0.30285329150460893,-0.2301222542583632,-0.22718961102141857,-0.2935749166463208,-0.2193190780092443,-0.21835762962460792,0.15491159618398104,-0.3117675498295426,-0.23246215355057911,0.41420896425602954,0.4096122160411979,-0.1964846772879529,0.4332789281786928,0.4079449145505231,0.40979274660851,-0.19727840715673042,0.4324706678000524,-0.29345318290332256,-0.16098409638999658,-0.5292298477750101,-0.11675935790787366,-0.2867397802174732,-0.19025283325327455,-0.38726476914132,1.0,-0.15192125450386676,-0.30947512577234654,-0.17945731748356844,-0.3886330918301727,-0.3776911877589405,-0.3232123420644529,-0.3456385651709,-0.2062297506937034,-0.34859386458227143,-0.1817626395758345,-0.31761096573203706],[0.8998473070810575,0.8757795178961408,0.8984256876364181,0.8955694174026748,0.8750637790653902,0.9340309263388572,-0.9004125779195087,0.9051846217435413,0.88526017671353,0.9061361455204457,0.9051874555945111,0.9157872004989553,0.8943799234248647,0.864925023130485,0.9050988442626146,0.9421016426114113,0.9280275211488292,0.9104145729975335,0.8520303600507567,0.705291102203824,0.5377051343130856,0.88088002741545,0.7055571463616259,0.2785337647859901,-0.15192125450386676,1.0,0.8093921925986156,0.8830509482643706,0.8145148830713359,0.86021164939371,0.8264810293481449,0.8682851933917323,0.8637313704747366,0.8575065837461567,0.8668262264279151,0.8963435653962013],[0.9568467867212733,0.9463121947401003,0.9421474115538755,0.9577983122550591,0.9362099237962986,0.9365686018817315,-0.9082005510283915,0.9277828196436338,0.9156952571351251,0.9316200547752612,0.9311738955773377,0.9444570196938163,0.9237168700353962,0.9185510899655912,0.9290423965601959,0.9307071725555754,0.9314545379398097,0.9236680793634,0.8087370664244374,0.8874235261743217,0.6936216976677326,0.9486705196863225,0.9170942193811196,0.33972833619490883,-0.30947512577234654,0.8093921925986156,1.0,0.9262117251336929,0.9355347922015965,0.9188230805238555,0.9380779982068072,0.9207562376885704,0.8883774443089564,0.9472614290270805,0.9172763089683059,0.8963712228259126],[0.9576910700440946,0.9569009107936167,0.9804507615292833,0.9639567661002058,0.9763811787757403,0.9618054631418697,-0.9606250964999973,0.9406118613607422,0.9626839718983824,0.9687367689674519,0.96953613367437,0.9593690929092727,0.9788988646920836,0.9780953024431079,0.9689136204376377,0.9586155503067785,0.9672330941581642,0.940597904861132,0.8507989226994518,0.8062126132117091,0.622621360406247,0.9721484044731009,0.8934916281649264,0.19383497380837605,-0.17945731748356844,0.8830509482643706,0.9262117251336929,1.0,0.9067598138779333,0.8884173296503723,0.9419444436935686,0.8890045474431056,0.8850835357660862,0.9473478794877992,0.9724100663843993,0.8865585034482599],[0.9802111396672739,0.9594021652010178,0.9296088994793917,0.9704663197547627,0.9072847671415657,0.959201138317209,-0.9032191149898432,0.978668401571145,0.936153682253446,0.9623133713516747,0.9618198913633699,0.9650974005889918,0.9464825659725054,0.9399155207725934,0.962182403331753,0.9626138062846099,0.975355668235309,0.9791489574161746,0.8879637502019221,0.958363739560834,0.7827494066096816,0.9394131532859898,0.8994059097137876,0.4880066949306881,-0.3886330918301727,0.8145148830713359,0.9355347922015965,0.9067598138779333,1.0,0.9858897878453697,0.9641128899961733,0.9901282064075316,0.9518237329521343,0.9597270105769978,0.913938595876975,0.9672383933745667],[0.9659672580199126,0.9527655063524468,0.9154902939286538,0.962779118449892,0.900363622852602,0.9318502556395285,-0.8671567020612317,0.9550463664767329,0.9014314170013695,0.9466359499048697,0.9454707952489342,0.9540953862081076,0.9118813249476067,0.8969939893637433,0.946025359977141,0.9289720283894309,0.9506162732484806,0.9544432368773262,0.8529374724823744,0.9361636090332199,0.7147956440865649,0.9458813343906012,0.8542929512327815,0.48189464074409094,-0.3776911877589405,0.86021164939371,0.9188230805238555,0.8884173296503723,0.9858897878453697,1.0,0.9515346313853386,0.9835303033637668,0.9549519176983867,0.9382638764061375,0.921707254461708,0.962064298053594],[0.9766551329057351,0.9668280453952852,0.9670569119195748,0.9793251167773017,0.9605718288835072,0.954138611499369,-0.9308843502947202,0.9682370726721683,0.9587426468609231,0.9685230516208617,0.9686416823472389,0.974488280388754,0.951045909850123,0.9429836313820474,0.9686234135634825,0.9506213196936257,0.9661953661113645,0.9666492529182765,0.8552574104744152,0.9006577876250583,0.6474377272158454,0.9717415128742359,0.9284738346753225,0.3377839366490601,-0.3232123420644529,0.8264810293481449,0.9380779982068072,0.9419444436935686,0.9641128899961733,0.9515346313853386,1.0,0.9530186601338386,0.915105429340611,0.9765117002884799,0.9590082037662767,0.9411872279298381],[0.9728060416156741,0.9580416349572006,0.920932374858727,0.9625981498551499,0.8978021665900301,0.953800542608943,-0.8955577924175498,0.964495481646314,0.9203072914568102,0.9433831103650819,0.9424108504990815,0.9535654411617905,0.9192313822126947,0.9179806103238832,0.9430994229426874,0.9548485279455982,0.9582856648922263,0.9630776892897491,0.8661068761623734,0.9452418307479025,0.752249440166004,0.9407248228531485,0.8710925715512964,0.5042488175804555,-0.3456385651709,0.8682851933917323,0.9207562376885704,0.8890045474431056,0.9901282064075316,0.9835303033637668,0.9530186601338386,1.0,0.9735632757904075,0.9450706007410803,0.9378958976623561,0.9628889295833826],[0.9451359821954743,0.9435636048592743,0.9034718692053327,0.932860792054718,0.8747124169454839,0.9547763085181035,-0.9093295763888304,0.9370132657787051,0.9046410863414708,0.9168510131682962,0.9154977591437651,0.930362932320223,0.8874884941688442,0.8665246333107114,0.9160793169290558,0.9541416612915014,0.9411330010199391,0.9368522034358439,0.8519923061131051,0.8968012475297015,0.759614732967879,0.907644667561587,0.8416794088590843,0.4228110320520504,-0.2062297506937034,0.8637313704747366,0.8883774443089564,0.8850835357660862,0.9518237329521343,0.9549519176983867,0.915105429340611,0.9735632757904075,1.0,0.9069810194944035,0.9317130382528735,0.9539001318595176],[0.9810863555983811,0.9705909070809662,0.9671546688029238,0.9789521281053299,0.9551889344482581,0.9594225776622107,-0.9305451331217934,0.9612410309160258,0.9488361546775018,0.967534273128799,0.967714189944401,0.974097217117413,0.9660776881663143,0.9679485330950717,0.9676350881671021,0.9616991220246442,0.97330186260249,0.9605235956038196,0.852591406698631,0.899987276243453,0.6842991868662499,0.9692653821713771,0.9246160806950281,0.36213696363577413,-0.34859386458227143,0.8575065837461567,0.9472614290270805,0.9473478794877992,0.9597270105769978,0.9382638764061375,0.9765117002884799,0.9450706007410803,0.9069810194944035,1.0,0.9558810981086876,0.9411755454719944],[0.9723326692009753,0.9628428179563089,0.9746880111648795,0.9710493572456185,0.9617106904183464,0.9777422910588379,-0.9662910270580578,0.9593255871085021,0.9713304302165143,0.9812214283101117,0.981680226011316,0.9696597661950183,0.98083399373548,0.9792775767420681,0.9816139288226559,0.9771242305724283,0.9857855809516035,0.9572848103195067,0.8756659260421993,0.8487220890877202,0.6488622737063463,0.9568398505059849,0.8725543269268872,0.2826493723398174,-0.1817626395758345,0.8668262264279151,0.9172763089683059,0.9724100663843993,0.913938595876975,0.921707254461708,0.9590082037662767,0.9378958976623561,0.9317130382528735,0.9558810981086876,1.0,0.9184564693455431],[0.9545889450182647,0.9489994342200825,0.921155890516177,0.9451616942906111,0.8951402315618711,0.9557479852280459,-0.9104484338303951,0.9658150588704543,0.9243722589572483,0.9408351023799659,0.9401145575343259,0.9495916581048721,0.9332653630211948,0.925728419979582,0.9406340263011059,0.9603527527828029,0.962970820669549,0.9670105557403068,0.8921601198049759,0.8824700280591797,0.6954078542026062,0.9261340150024573,0.8501056744929399,0.39727030011811315,-0.31761096573203706,0.8963435653962013,0.8963712228259126,0.8865585034482599,0.9672383933745667,0.962064298053594,0.9411872279298381,0.9628889295833826,0.9539001318595176,0.9411755454719944,0.9184564693455431,1.0]],"x":["^TAIEX       \u81fa\u7063\u52a0\u6b0a\u5831\u916c\u6307\u6578","^TWII        \u81fa\u7063\u52a0\u6b0a\u6307\u6578","^TAIEXx2     \u81fa\u7063\u52a0\u6b0a\u5831\u916c\u6307\u6578_\u65e5\u6b632","^TAI50I      \u81fa\u706350\u5831\u916c\u6307\u6578","^TAI50Ix2    \u81fa\u706350\u5831\u916c\u6307\u6578_\u65e5\u6b632","^TAI100I     \u81fa\u7063\u4e2d\u578b100\u5831\u916c\u6307\u6578","^TAI100Ix2   \u81fa\u7063\u4e2d\u578b100\u5831\u916c\u6307\u6578_\u65e5\u6b632","^TAIDIVIDI   \u81fa\u7063\u9ad8\u80a1\u606f\u5831\u916c\u6307\u6578","^TAIDIVIDIx2 \u81fa\u7063\u9ad8\u80a1\u606f\u5831\u916c\u6307\u6578_\u65e5\u6b632","0050Fund     \u5143\u5927\u53f0\u7063\u5353\u8d8a50\u57fa\u91d1","006208Fund   \u5bcc\u90a6\u53f0\u7063\u91c6\u540950\u57fa\u91d1","0050         \u5143\u5927\u81fa\u706350","00631L       \u5143\u5927\u53f0\u706350\u6b632","00675L       \u5bcc\u90a6\u81fa\u7063\u52a0\u6b0a\u6b632","006208       \u5bcc\u90a6\u53f050","0051         \u5143\u5927\u4e2d\u578b100","006204       \u6c38\u8c50\u81fa\u7063\u52a0\u6b0a","0056         \u5143\u5927\u9ad8\u80a1\u606f","0056         \u5143\u5927\u9ad8\u80a1\u606f_\u80a1\u606f\u4e0d\u6295\u5165","2412         \u4e2d\u83ef\u96fb\u4fe1","2002         \u4e2d\u92fc","2330         \u53f0\u7a4d\u96fb","2317         \u9d3b\u6d77","6505         \u53f0\u5851\u77f3\u5316","3481         \u7fa4\u5275","2303         \u806f\u96fb","2308         \u53f0\u9054\u96fb","2454         \u806f\u767c\u79d1","2886         \u5146\u8c50\u91d1","2884         \u7389\u5c71\u91d1","2891         \u4e2d\u4fe1\u91d1","2892         \u7b2c\u4e00\u91d1","5880         \u5408\u5eab\u91d1","2881         \u5bcc\u90a6\u91d1","2885         \u5143\u5927\u91d1","2887         \u53f0\u65b0\u91d1"],"y":["^TAIEX       \u81fa\u7063\u52a0\u6b0a\u5831\u916c\u6307\u6578","^TWII        \u81fa\u7063\u52a0\u6b0a\u6307\u6578","^TAIEXx2     \u81fa\u7063\u52a0\u6b0a\u5831\u916c\u6307\u6578_\u65e5\u6b632","^TAI50I      \u81fa\u706350\u5831\u916c\u6307\u6578","^TAI50Ix2    \u81fa\u706350\u5831\u916c\u6307\u6578_\u65e5\u6b632","^TAI100I     \u81fa\u7063\u4e2d\u578b100\u5831\u916c\u6307\u6578","^TAI100Ix2   \u81fa\u7063\u4e2d\u578b100\u5831\u916c\u6307\u6578_\u65e5\u6b632","^TAIDIVIDI   \u81fa\u7063\u9ad8\u80a1\u606f\u5831\u916c\u6307\u6578","^TAIDIVIDIx2 \u81fa\u7063\u9ad8\u80a1\u606f\u5831\u916c\u6307\u6578_\u65e5\u6b632","0050Fund     \u5143\u5927\u53f0\u7063\u5353\u8d8a50\u57fa\u91d1","006208Fund   \u5bcc\u90a6\u53f0\u7063\u91c6\u540950\u57fa\u91d1","0050         \u5143\u5927\u81fa\u706350","00631L       \u5143\u5927\u53f0\u706350\u6b632","00675L       \u5bcc\u90a6\u81fa\u7063\u52a0\u6b0a\u6b632","006208       \u5bcc\u90a6\u53f050","0051         \u5143\u5927\u4e2d\u578b100","006204       \u6c38\u8c50\u81fa\u7063\u52a0\u6b0a","0056         \u5143\u5927\u9ad8\u80a1\u606f","0056         \u5143\u5927\u9ad8\u80a1\u606f_\u80a1\u606f\u4e0d\u6295\u5165","2412         \u4e2d\u83ef\u96fb\u4fe1","2002         \u4e2d\u92fc","2330         \u53f0\u7a4d\u96fb","2317         \u9d3b\u6d77","6505         \u53f0\u5851\u77f3\u5316","3481         \u7fa4\u5275","2303         \u806f\u96fb","2308         \u53f0\u9054\u96fb","2454         \u806f\u767c\u79d1","2886         \u5146\u8c50\u91d1","2884         \u7389\u5c71\u91d1","2891         \u4e2d\u4fe1\u91d1","2892         \u7b2c\u4e00\u91d1","5880         \u5408\u5eab\u91d1","2881         \u5bcc\u90a6\u91d1","2885         \u5143\u5927\u91d1","2887         \u53f0\u65b0\u91d1"],"zmin":-1,"zmax":1,"colorbar":{"x":-0.2}}],"layout":{"autotypenumbers":"strict","colorway":["#636efa","#EF553B","#00cc96","#ab63fa","#FFA15A","#19d3f3","#FF6692","#B6E880","#FF97FF","#FECB52"],"font":{"color":"#f2f5fa","family":"Courier New"},"hovermode":"closest","hoverlabel":{"align":"left"},"paper_bgcolor":"rgb(17,17,17)","plot_bgcolor":"rgb(17,17,17)","polar":{"bgcolor":"rgb(17,17,17)","angularaxis":{"gridcolor":"#506784","linecolor":"#506784","ticks":""},"radialaxis":{"gridcolor":"#506784","linecolor":"#506784","ticks":""}},"ternary":{"bgcolor":"rgb(17,17,17)","aaxis":{"gridcolor":"#506784","linecolor":"#506784","ticks":""},"baxis":{"gridcolor":"#506784","linecolor":"#506784","ticks":""},"caxis":{"gridcolor":"#506784","linecolor":"#506784","ticks":""}},"coloraxis":{"colorbar":{"outlinewidth":0,"ticks":""}},"colorscale":{"sequential":[[0.0,"#0d0887"],[0.1111111111111111,"#46039f"],[0.2222222222222222,"#7201a8"],[0.3333333333333333,"#9c179e"],[0.4444444444444444,"#bd3786"],[0.5555555555555556,"#d8576b"],[0.6666666666666666,"#ed7953"],[0.7777777777777778,"#fb9f3a"],[0.8888888888888888,"#fdca26"],[1.0,"#f0f921"]],"sequentialminus":[[0.0,"#0d0887"],[0.1111111111111111,"#46039f"],[0.2222222222222222,"#7201a8"],[0.3333333333333333,"#9c179e"],[0.4444444444444444,"#bd3786"],[0.5555555555555556,"#d8576b"],[0.6666666666666666,"#ed7953"],[0.7777777777777778,"#fb9f3a"],[0.8888888888888888,"#fdca26"],[1.0,"#f0f921"]],"diverging":[[0,"#8e0152"],[0.1,"#c51b7d"],[0.2,"#de77ae"],[0.3,"#f1b6da"],[0.4,"#fde0ef"],[0.5,"#f7f7f7"],[0.6,"#e6f5d0"],[0.7,"#b8e186"],[0.8,"#7fbc41"],[0.9,"#4d9221"],[1,"#276419"]]},"xaxis":{"gridcolor":"rgba(0, 0, 0, 0)","linecolor":"#506784","ticks":"","title":{"standoff":15},"zerolinecolor":"#283442","automargin":true,"zerolinewidth":2,"tickfont":{"family":"Courier New","size":14},"side":"top","tickangle":-90},"yaxis":{"gridcolor":"rgba(0, 0, 0, 0)","linecolor":"#506784","ticks":"","title":{"standoff":15},"zerolinecolor":"#283442","automargin":true,"zerolinewidth":2,"tickfont":{"family":"Courier New"},"side":"right"},"scene":{"xaxis":{"backgroundcolor":"rgb(17,17,17)","gridcolor":"#506784","linecolor":"#506784","showbackground":true,"ticks":"","zerolinecolor":"#C8D4E3","gridwidth":2},"yaxis":{"backgroundcolor":"rgb(17,17,17)","gridcolor":"#506784","linecolor":"#506784","showbackground":true,"ticks":"","zerolinecolor":"#C8D4E3","gridwidth":2},"zaxis":{"backgroundcolor":"rgb(17,17,17)","gridcolor":"#506784","linecolor":"#506784","showbackground":true,"ticks":"","zerolinecolor":"#C8D4E3","gridwidth":2}},"shapedefaults":{"line":{"color":"#f2f5fa"}},"annotationdefaults":{"arrowcolor":"#f2f5fa","arrowhead":0,"arrowwidth":1},"geo":{"bgcolor":"rgb(17,17,17)","landcolor":"rgb(17,17,17)","subunitcolor":"#506784","showland":true,"showlakes":true,"lakecolor":"rgb(17,17,17)"},"title":{"x":0.05,"font":{"family":"Times New Roman"},"y":0.05,"text":"<b>Correlation of Adj Close<b><br><i>2016-09-23 ~ 2025-09-24<i>"},"updatemenudefaults":{"bgcolor":"#506784","borderwidth":0},"sliderdefaults":{"bgcolor":"#C8D4E3","borderwidth":1,"bordercolor":"rgb(17,17,17)","tickwidth":0},"mapbox":{"style":"dark"},"annotations":[{"text":"<b>@zwindr<b>","textangle":0,"opacity":0.5,"font":{"color":"white","size":12},"xref":"paper","yref":"paper","xanchor":"left","yanchor":"bottom","x":1.0,"y":1.0,"showarrow":false}]},"config":{"responsive":true,"toImageButtonOptions":{"filename":"Correlation of Adj Close_2016-09-23~2025-09-24","scale":5}}};Plotly.newPlot("correlationAdjClose",correlationAdjClose.data,correlationAdjClose.layout||{},correlationAdjClose.config);}else{console.log("style display is none => correlationAdjClose");}