var config = { responsive: true }

var correlationAdjClose = {"data": [{"type": "heatmap", "z": [[1.0, 0.9936898284882499, 0.9759817278162406, 0.9977940452847569, 0.9645363174284431, 0.9806172117373757, -0.9399191694478084, 0.9895409127048016, 0.9682810958571397, 0.9966379883068781, 0.9929210924607818, 0.9938141383375106, 0.997247783666977, 0.9781313412861732, 0.999562764438179, 0.9866738857066544, 0.9131270985800847, 0.7556298810322556, 0.9857350576042667, 0.9242841333825396, 0.47561910449669764, -0.34493851444412765, 0.8989015530447816, 0.973634860974567, 0.9517162143101223], [0.9936898284882499, 1.0, 0.9713550449551247, 0.9912793514262949, 0.960312569825663, 0.975752837867645, -0.9350694449441176, 0.9798736236239928, 0.9610724433855925, 0.9938729285659702, 0.9918906410254703, 0.9911190089665831, 0.9952261210814957, 0.9729272931773738, 0.9963712936515385, 0.98266755586314, 0.9017408126313999, 0.7633466453287426, 0.96670715270314, 0.9023821326522024, 0.473877349917191, -0.267902108113437, 0.8711183675177091, 0.9609643128551755, 0.9518109980593242], [0.9759817278162406, 0.9713550449551247, 1.0, 0.9818463265608429, 0.9963073856335828, 0.9788965589812392, -0.9750633304080376, 0.9692416819923134, 0.9832035751347437, 0.9857797982926816, 0.997339410908451, 0.9972422727744603, 0.9885947064587385, 0.9772798032462381, 0.987671856628333, 0.9756655728890451, 0.8160177319376283, 0.6471797742188456, 0.9895748324886694, 0.9130752638359132, 0.31011601834322255, -0.2633279742427553, 0.907121064606092, 0.9401001955373294, 0.9777670320404404], [0.9977940452847569, 0.9912793514262949, 0.9818463265608429, 1.0, 0.975571748402802, 0.9729436518803918, -0.9345758877538345, 0.9841042991537904, 0.9656080418681438, 0.999270188034695, 0.991823727728354, 0.9902841160418027, 0.9999032939845749, 0.9681146061624594, 0.9960599037156006, 0.9815898596033883, 0.898788701144345, 0.7279003154221, 0.993213393921475, 0.9260127789622437, 0.4548735793477712, -0.33651314230549845, 0.8983618766186515, 0.9675809676986838, 0.9577566275939133], [0.9645363174284431, 0.960312569825663, 0.9963073856335828, 0.975571748402802, 1.0, 0.9591802181355407, -0.9569508738318149, 0.9549890707233808, 0.9713451485203118, 0.9821036550923797, 0.9879943952935033, 0.9844511591084286, 0.9850280256854598, 0.9567334717209137, 0.9764062041880932, 0.9615631085340917, 0.7960102983702516, 0.6148714644789737, 0.9887265314596619, 0.9100069129976633, 0.2899344926758908, -0.25572483885481023, 0.8908053426694245, 0.925218271185162, 0.9757866240870331], [0.9806172117373757, 0.975752837867645, 0.9788965589812392, 0.9729436518803918, 0.9591802181355407, 1.0, -0.9798341767400627, 0.9795803879046721, 0.9789975376900368, 0.9720307431829044, 0.976282015067212, 0.9742184665049706, 0.9686598689139808, 0.9988831567505709, 0.9860242406246112, 0.9858619865968684, 0.8528561527266305, 0.721697722210128, 0.967276073562977, 0.8920337526874126, 0.3377451273745352, -0.2553443687059377, 0.9356770384947763, 0.9559872807119529, 0.9580289604703365], [-0.9399191694478084, -0.9350694449441176, -0.9750633304080376, -0.9345758877538345, -0.9569508738318149, -0.9798341767400627, 1.0, -0.9492511799044772, -0.9826312857544729, -0.9421159691393003, -0.9730694908624528, -0.9750390273585778, -0.9474734155689019, -0.9860951244380042, -0.9635762715358231, -0.9650594336731568, -0.7617454758055014, -0.6187547054444287, -0.9408284310340455, -0.8789300301211024, -0.19248334115140872, 0.18470201004803757, -0.9032011019110516, -0.9102529454263736, -0.9554469177302009], [0.9895409127048016, 0.9798736236239928, 0.9692416819923134, 0.9841042991537904, 0.9549890707233808, 0.9795803879046721, -0.9492511799044772, 1.0, 0.9815897486430417, 0.9810336021184614, 0.9746657258203116, 0.9735691084610317, 0.9795303422671449, 0.9756415898128358, 0.9870798675451148, 0.9964359213561116, 0.921084343733158, 0.692021713634394, 0.9740804822666638, 0.8979374927902875, 0.34148365721435964, -0.3522360514038004, 0.903890326122635, 0.954690048979368, 0.9342054951486861], [0.9682810958571397, 0.9610724433855925, 0.9832035751347437, 0.9656080418681438, 0.9713451485203118, 0.9789975376900368, -0.9826312857544729, 0.9815897486430417, 1.0, 0.9647751211385128, 0.9714402411820904, 0.9683679945372051, 0.9617871329040324, 0.9772083165418612, 0.9688511950161475, 0.9871682698694036, 0.8448229443197742, 0.6176961994038193, 0.9661751292034344, 0.9058592133510973, 0.19690627081486747, -0.2666410710117295, 0.8854022676106262, 0.9295295635279662, 0.9574601446319937], [0.9966379883068781, 0.9938729285659702, 0.9857797982926816, 0.999270188034695, 0.9821036550923797, 0.9720307431829044, -0.9421159691393003, 0.9810336021184614, 0.9647751211385128, 1.0, 0.9908388110258564, 0.9889460946068414, 0.999839984465601, 0.9690308416376388, 0.9953288078402888, 0.9816874532810346, 0.9114871205565259, 0.7034065183232033, 0.9955433814195089, 0.9197833791082674, 0.27872693523908665, -0.29863209885557795, 0.9301025516934951, 0.9570870247553017, 0.9557962505694967], [0.9929210924607818, 0.9918906410254703, 0.997339410908451, 0.991823727728354, 0.9879943952935033, 0.976282015067212, -0.9730694908624528, 0.9746657258203116, 0.9714402411820904, 0.9908388110258564, 1.0, 0.9996628029385795, 0.991629114672079, 0.9772721535463924, 0.9932561995882823, 0.9761294304939329, 0.9062589898239062, 0.6037527720332132, 0.9873442148889373, 0.8908399127735762, -0.2710079890468346, 0.32141212477978837, 0.9081619383176127, 0.9527093870976909, 0.976358380187266], [0.9938141383375106, 0.9911190089665831, 0.9972422727744603, 0.9902841160418027, 0.9844511591084286, 0.9742184665049706, -0.9750390273585778, 0.9735691084610317, 0.9683679945372051, 0.9889460946068414, 0.9996628029385795, 1.0, 0.9901158656401542, 0.9753100403764661, 0.9939280562110201, 0.9752905065638686, 0.9147900689883443, 0.49244633465398646, 0.9825310360726698, 0.8769778135952859, -0.6858681330763177, 0.35714032712597593, 0.8814459871628815, 0.9494690328941505, 0.9757733113917513], [0.997247783666977, 0.9952261210814957, 0.9885947064587385, 0.9999032939845749, 0.9850280256854598, 0.9686598689139808, -0.9474734155689019, 0.9795303422671449, 0.9617871329040324, 0.999839984465601, 0.991629114672079, 0.9901158656401542, 1.0, 0.9693234379306667, 0.9956387255065626, 0.9804940838944307, 0.9290147076464567, 0.6639821118914639, 0.9970348641180895, 0.8998578182605548, 0.027706264893082873, 0.2364408854532506, 0.919513331843019, 0.9494710685745159, 0.9638688578071699], [0.9781313412861732, 0.9729272931773738, 0.9772798032462381, 0.9681146061624594, 0.9567334717209137, 0.9988831567505709, -0.9860951244380042, 0.9756415898128358, 0.9772083165418612, 0.9690308416376388, 0.9772721535463924, 0.9753100403764661, 0.9693234379306667, 1.0, 0.9861413480219624, 0.9835906028125679, 0.8667702087027589, 0.7236393743607673, 0.9626548952340708, 0.8814939966769785, 0.19708333408660836, -0.22483338523674398, 0.9446937930320964, 0.9509489346904051, 0.9569910061101532], [0.999562764438179, 0.9963712936515385, 0.987671856628333, 0.9960599037156006, 0.9764062041880932, 0.9860242406246112, -0.9635762715358231, 0.9870798675451148, 0.9688511950161475, 0.9953288078402888, 0.9932561995882823, 0.9939280562110201, 0.9956387255065626, 0.9861413480219624, 1.0, 0.9873820905669083, 0.9358416337601233, 0.7013124941541555, 0.989536827986834, 0.8965571845232161, 0.07344913286948032, 0.23255462535966517, 0.9373343874384683, 0.9595246978022569, 0.9626611851791398], [0.9866738857066544, 0.98266755586314, 0.9756655728890451, 0.9815898596033883, 0.9615631085340917, 0.9858619865968684, -0.9650594336731568, 0.9964359213561116, 0.9871682698694036, 0.9816874532810346, 0.9761294304939329, 0.9752905065638686, 0.9804940838944307, 0.9835906028125679, 0.9873820905669083, 1.0, 0.9036891255654973, 0.6936763368869674, 0.9734298369806762, 0.8977088454335647, 0.2746329863914346, -0.2913595260900769, 0.9153124836410345, 0.9445138681444747, 0.9451946774431143], [0.9131270985800847, 0.9017408126313999, 0.8160177319376283, 0.898788701144345, 0.7960102983702516, 0.8528561527266305, -0.7617454758055014, 0.921084343733158, 0.8448229443197742, 0.9114871205565259, 0.9062589898239062, 0.9147900689883443, 0.9290147076464567, 0.8667702087027589, 0.9358416337601233, 0.9036891255654973, 1.0, 0.8574705196688812, 0.8472518767513199, 0.8731402275039318, 0.7250166592052633, -0.5841964432570087, 0.6740504433080436, 0.9106416007228287, 0.7880977808180682], [0.7556298810322556, 0.7633466453287426, 0.6471797742188456, 0.7279003154221, 0.6148714644789737, 0.721697722210128, -0.6187547054444287, 0.692021713634394, 0.6176961994038193, 0.7034065183232033, 0.6037527720332132, 0.49244633465398646, 0.6639821118914639, 0.7236393743607673, 0.7013124941541555, 0.6936763368869674, 0.8574705196688812, 1.0, 0.649255855987985, 0.7549273761991483, 0.7323834988047697, -0.15858322425408447, 0.5388896225366613, 0.7677865684003328, 0.6515236991452178], [0.9857350576042667, 0.96670715270314, 0.9895748324886694, 0.993213393921475, 0.9887265314596619, 0.967276073562977, -0.9408284310340455, 0.9740804822666638, 0.9661751292034344, 0.9955433814195089, 0.9873442148889373, 0.9825310360726698, 0.9970348641180895, 0.9626548952340708, 0.989536827986834, 0.9734298369806762, 0.8472518767513199, 0.649255855987985, 1.0, 0.8974515080235123, 0.38412492686557553, -0.32983519542945605, 0.8863509672738491, 0.9498009288520275, 0.9673716603396135], [0.9242841333825396, 0.9023821326522024, 0.9130752638359132, 0.9260127789622437, 0.9100069129976633, 0.8920337526874126, -0.8789300301211024, 0.8979374927902875, 0.9058592133510973, 0.9197833791082674, 0.8908399127735762, 0.8769778135952859, 0.8998578182605548, 0.8814939966769785, 0.8965571845232161, 0.8977088454335647, 0.8731402275039318, 0.7549273761991483, 0.8974515080235123, 1.0, 0.43320737987467967, -0.23514287109985224, 0.6976758328005331, 0.9193312804699857, 0.8818180337271521], [0.47561910449669764, 0.473877349917191, 0.31011601834322255, 0.4548735793477712, 0.2899344926758908, 0.3377451273745352, -0.19248334115140872, 0.34148365721435964, 0.19690627081486747, 0.27872693523908665, -0.2710079890468346, -0.6858681330763177, 0.027706264893082873, 0.19708333408660836, 0.07344913286948032, 0.2746329863914346, 0.7250166592052633, 0.7323834988047697, 0.38412492686557553, 0.43320737987467967, 1.0, -0.4279969233364544, 0.3119989300618751, 0.4610688025031161, 0.2534307218174869], [-0.34493851444412765, -0.267902108113437, -0.2633279742427553, -0.33651314230549845, -0.25572483885481023, -0.2553443687059377, 0.18470201004803757, -0.3522360514038004, -0.2666410710117295, -0.29863209885557795, 0.32141212477978837, 0.35714032712597593, 0.2364408854532506, -0.22483338523674398, 0.23255462535966517, -0.2913595260900769, -0.5841964432570087, -0.15858322425408447, -0.32983519542945605, -0.23514287109985224, -0.4279969233364544, 1.0, -0.19072442945080054, -0.3753493923817779, -0.2074988238990367], [0.8989015530447816, 0.8711183675177091, 0.907121064606092, 0.8983618766186515, 0.8908053426694245, 0.9356770384947763, -0.9032011019110516, 0.903890326122635, 0.8854022676106262, 0.9301025516934951, 0.9081619383176127, 0.8814459871628815, 0.919513331843019, 0.9446937930320964, 0.9373343874384683, 0.9153124836410345, 0.6740504433080436, 0.5388896225366613, 0.8863509672738491, 0.6976758328005331, 0.3119989300618751, -0.19072442945080054, 1.0, 0.8325513516673415, 0.8844507979966703], [0.973634860974567, 0.9609643128551755, 0.9401001955373294, 0.9675809676986838, 0.925218271185162, 0.9559872807119529, -0.9102529454263736, 0.954690048979368, 0.9295295635279662, 0.9570870247553017, 0.9527093870976909, 0.9494690328941505, 0.9494710685745159, 0.9509489346904051, 0.9595246978022569, 0.9445138681444747, 0.9106416007228287, 0.7677865684003328, 0.9498009288520275, 0.9193312804699857, 0.4610688025031161, -0.3753493923817779, 0.8325513516673415, 1.0, 0.9281275108868421], [0.9517162143101223, 0.9518109980593242, 0.9777670320404404, 0.9577566275939133, 0.9757866240870331, 0.9580289604703365, -0.9554469177302009, 0.9342054951486861, 0.9574601446319937, 0.9557962505694967, 0.976358380187266, 0.9757733113917513, 0.9638688578071699, 0.9569910061101532, 0.9626611851791398, 0.9451946774431143, 0.7880977808180682, 0.6515236991452178, 0.9673716603396135, 0.8818180337271521, 0.2534307218174869, -0.2074988238990367, 0.8844507979966703, 0.9281275108868421, 1.0]], "x": ["^TAIEX       \u81fa\u7063\u52a0\u6b0a\u5831\u916c\u6307\u6578", "^TWII        \u81fa\u7063\u52a0\u6b0a\u6307\u6578", "^TAIEXx2     \u81fa\u7063\u52a0\u6b0a\u5831\u916c\u6307\u6578_\u65e5\u6b632", "^TAI50I      \u81fa\u706350\u5831\u916c\u6307\u6578", "^TAI50Ix2    \u81fa\u706350\u5831\u916c\u6307\u6578_\u65e5\u6b632", "^TAI100I     \u81fa\u7063\u4e2d\u578b100\u5831\u916c\u6307\u6578", "^TAI100Ix2   \u81fa\u7063\u4e2d\u578b100\u5831\u916c\u6307\u6578_\u65e5\u6b632", "^TAIDIVIDI   \u81fa\u7063\u9ad8\u80a1\u606f\u5831\u916c\u6307\u6578", "^TAIDIVIDIx2 \u81fa\u7063\u9ad8\u80a1\u606f\u5831\u916c\u6307\u6578_\u65e5\u6b632", "0050         \u5143\u5927\u81fa\u706350", "00631L       \u5143\u5927\u53f0\u706350\u6b632", "00675L       \u5bcc\u90a6\u81fa\u7063\u52a0\u6b0a\u6b632", "006208       \u5bcc\u90a6\u53f050", "0051         \u5143\u5927\u4e2d\u578b100", "006204       \u6c38\u8c50\u81fa\u7063\u52a0\u6b0a", "0056         \u5143\u5927\u9ad8\u80a1\u606f", "2412         \u4e2d\u83ef\u96fb\u4fe1", "2002         \u4e2d\u92fc", "2330         \u53f0\u7a4d\u96fb", "2317         \u9d3b\u6d77", "6505         \u53f0\u5851\u77f3\u5316", "3481         \u7fa4\u5275", "2303         \u806f\u96fb", "2308         \u53f0\u9054\u96fb", "2454         \u806f\u767c\u79d1"], "y": ["^TAIEX       \u81fa\u7063\u52a0\u6b0a\u5831\u916c\u6307\u6578", "^TWII        \u81fa\u7063\u52a0\u6b0a\u6307\u6578", "^TAIEXx2     \u81fa\u7063\u52a0\u6b0a\u5831\u916c\u6307\u6578_\u65e5\u6b632", "^TAI50I      \u81fa\u706350\u5831\u916c\u6307\u6578", "^TAI50Ix2    \u81fa\u706350\u5831\u916c\u6307\u6578_\u65e5\u6b632", "^TAI100I     \u81fa\u7063\u4e2d\u578b100\u5831\u916c\u6307\u6578", "^TAI100Ix2   \u81fa\u7063\u4e2d\u578b100\u5831\u916c\u6307\u6578_\u65e5\u6b632", "^TAIDIVIDI   \u81fa\u7063\u9ad8\u80a1\u606f\u5831\u916c\u6307\u6578", "^TAIDIVIDIx2 \u81fa\u7063\u9ad8\u80a1\u606f\u5831\u916c\u6307\u6578_\u65e5\u6b632", "0050         \u5143\u5927\u81fa\u706350", "00631L       \u5143\u5927\u53f0\u706350\u6b632", "00675L       \u5bcc\u90a6\u81fa\u7063\u52a0\u6b0a\u6b632", "006208       \u5bcc\u90a6\u53f050", "0051         \u5143\u5927\u4e2d\u578b100", "006204       \u6c38\u8c50\u81fa\u7063\u52a0\u6b0a", "0056         \u5143\u5927\u9ad8\u80a1\u606f", "2412         \u4e2d\u83ef\u96fb\u4fe1", "2002         \u4e2d\u92fc", "2330         \u53f0\u7a4d\u96fb", "2317         \u9d3b\u6d77", "6505         \u53f0\u5851\u77f3\u5316", "3481         \u7fa4\u5275", "2303         \u806f\u96fb", "2308         \u53f0\u9054\u96fb", "2454         \u806f\u767c\u79d1"], "zmin": -1, "zmax": 1, "colorbar": {"x": -0.2}}], "layout": {"autotypenumbers": "strict", "colorway": ["#636efa", "#EF553B", "#00cc96", "#ab63fa", "#FFA15A", "#19d3f3", "#FF6692", "#B6E880", "#FF97FF", "#FECB52"], "font": {"color": "#f2f5fa", "family": "Courier New"}, "hovermode": "closest", "hoverlabel": {"align": "left"}, "paper_bgcolor": "rgb(17,17,17)", "plot_bgcolor": "rgb(17,17,17)", "polar": {"bgcolor": "rgb(17,17,17)", "angularaxis": {"gridcolor": "#506784", "linecolor": "#506784", "ticks": ""}, "radialaxis": {"gridcolor": "#506784", "linecolor": "#506784", "ticks": ""}}, "ternary": {"bgcolor": "rgb(17,17,17)", "aaxis": {"gridcolor": "#506784", "linecolor": "#506784", "ticks": ""}, "baxis": {"gridcolor": "#506784", "linecolor": "#506784", "ticks": ""}, "caxis": {"gridcolor": "#506784", "linecolor": "#506784", "ticks": ""}}, "coloraxis": {"colorbar": {"outlinewidth": 0, "ticks": ""}}, "colorscale": {"sequential": [[0.0, "#0d0887"], [0.1111111111111111, "#46039f"], [0.2222222222222222, "#7201a8"], [0.3333333333333333, "#9c179e"], [0.4444444444444444, "#bd3786"], [0.5555555555555556, "#d8576b"], [0.6666666666666666, "#ed7953"], [0.7777777777777778, "#fb9f3a"], [0.8888888888888888, "#fdca26"], [1.0, "#f0f921"]], "sequentialminus": [[0.0, "#0d0887"], [0.1111111111111111, "#46039f"], [0.2222222222222222, "#7201a8"], [0.3333333333333333, "#9c179e"], [0.4444444444444444, "#bd3786"], [0.5555555555555556, "#d8576b"], [0.6666666666666666, "#ed7953"], [0.7777777777777778, "#fb9f3a"], [0.8888888888888888, "#fdca26"], [1.0, "#f0f921"]], "diverging": [[0, "#8e0152"], [0.1, "#c51b7d"], [0.2, "#de77ae"], [0.3, "#f1b6da"], [0.4, "#fde0ef"], [0.5, "#f7f7f7"], [0.6, "#e6f5d0"], [0.7, "#b8e186"], [0.8, "#7fbc41"], [0.9, "#4d9221"], [1, "#276419"]]}, "xaxis": {"gridcolor": "rgba(0, 0, 0, 0)", "linecolor": "#506784", "ticks": "", "title": {"standoff": 15}, "zerolinecolor": "#283442", "automargin": true, "zerolinewidth": 2, "tickfont": {"family": "Courier New", "size": 14}, "side": "top", "tickangle": -90}, "yaxis": {"gridcolor": "rgba(0, 0, 0, 0)", "linecolor": "#506784", "ticks": "", "title": {"standoff": 15}, "zerolinecolor": "#283442", "automargin": true, "zerolinewidth": 2, "tickfont": {"family": "Courier New"}, "side": "right"}, "scene": {"xaxis": {"backgroundcolor": "rgb(17,17,17)", "gridcolor": "#506784", "linecolor": "#506784", "showbackground": true, "ticks": "", "zerolinecolor": "#C8D4E3", "gridwidth": 2}, "yaxis": {"backgroundcolor": "rgb(17,17,17)", "gridcolor": "#506784", "linecolor": "#506784", "showbackground": true, "ticks": "", "zerolinecolor": "#C8D4E3", "gridwidth": 2}, "zaxis": {"backgroundcolor": "rgb(17,17,17)", "gridcolor": "#506784", "linecolor": "#506784", "showbackground": true, "ticks": "", "zerolinecolor": "#C8D4E3", "gridwidth": 2}}, "shapedefaults": {"line": {"color": "#f2f5fa"}}, "annotationdefaults": {"arrowcolor": "#f2f5fa", "arrowhead": 0, "arrowwidth": 1}, "geo": {"bgcolor": "rgb(17,17,17)", "landcolor": "rgb(17,17,17)", "subunitcolor": "#506784", "showland": true, "showlakes": true, "lakecolor": "rgb(17,17,17)"}, "title": {"x": 0.05, "font": {"family": "Times New Roman"}, "y": 0.05, "text": "<b>Correlation of Adj Close <b><br><i>2016/09/23 ~ 2025/06/10<i>"}, "updatemenudefaults": {"bgcolor": "#506784", "borderwidth": 0}, "sliderdefaults": {"bgcolor": "#C8D4E3", "borderwidth": 1, "bordercolor": "rgb(17,17,17)", "tickwidth": 0}, "mapbox": {"style": "dark"}, "height": 600}};

Plotly.newPlot("correlationAdjClose",
    correlationAdjClose.data,
    correlationAdjClose.layout || {},
    config);