var element=document.getElementById("correlationAdjClose");if(element.style.display!='none'){var correlationAdjClose={"data":[{"type":"heatmap","z":[[1.0,0.9946261852409998,0.9764153265063623,0.9973065632821793,0.9602014329645115,0.9830231036456032,0.9495288182952739,0.9897729786216242,0.9733455328310944,0.9974502435411068,0.9968822541404958,0.9973714052157905,0.9935444731567615,0.9943727248281298,0.996951716938051,0.9848818250286,0.9996970527248816,0.9896737910350778,0.9012632674878628,0.9208646531673119,0.712120558355478,0.9850654525603513,0.929101458936069,0.3876384800904378,-0.30087183017601393,0.899221352042056,0.9411101347865928,0.9588287341142598,0.9795679484639479,0.9662050545972379,0.9775638243887649,0.9724250459029041,0.9436931846344784,0.9816460614816468,0.9733114895134568,0.9552000098655564],[0.9946261852409998,1.0,0.9720999436000658,0.9915364523468417,0.955620955521487,0.9789380337967689,0.9451602409415775,0.9816726340058476,0.9671301450452651,0.9928610601040873,0.994914273937529,0.9943455879434325,0.9925268883445424,0.9921538502625825,0.9949406910394949,0.9795920603305273,0.9970470847408393,0.984073747660794,0.9234611252860183,0.9106211263617084,0.7287303919004563,0.9682973682032306,0.910716009111079,0.38755346359833015,-0.22975849276685759,0.8760194713445498,0.9325163163107496,0.9580700112400543,0.9593480194271067,0.9533515056957739,0.9680955207530313,0.9580896089095035,0.94234997831777,0.9715516214695306,0.9641376635516221,0.9498536246980057],[0.9764153265063623,0.9720999436000658,1.0,0.9842451154387,0.995102688302486,0.9758001533408222,0.9772183171874665,0.965707810648122,0.98185358359568,0.9838850223843266,0.9905450967730894,0.9871818159679069,0.9969451158934491,0.9967248880920271,0.990270026928185,0.9737027600174386,0.986602145891514,0.9653728278131357,0.8702217631201272,0.8280257629650024,0.5915202745423531,0.9915229813039454,0.9249677422129317,0.21762416109969943,-0.22501278469785443,0.892243991866579,0.9390990765431606,0.9774592906809171,0.9264779058704957,0.9140301512964909,0.9669127655372145,0.9182678508969425,0.8978184678761152,0.9657194732000083,0.9733113373356124,0.9194738593314555],[0.9973065632821793,0.9915364523468417,0.9842451154387,1.0,0.974490830548215,0.974885628855633,0.9456512681264764,0.9826292794914506,0.9704350572711679,0.9999675216173736,0.9999908870245248,0.9999609891301435,0.9926398242164722,0.9909310350013975,0.9999470879223405,0.9740195907457456,0.9957761101107125,0.9822566144428146,0.8868805589542641,0.9048759252262055,0.6772233675133345,0.993734505534702,0.9324369745230894,0.35768676835647173,-0.2908346339715285,0.8932743439335662,0.9468923670199719,0.964122566698971,0.9688091489655604,0.9620221691376785,0.979965899024365,0.961273639426564,0.9300158850508176,0.9790314487961972,0.971666798308125,0.9451119821180097],[0.9602014329645115,0.955620955521487,0.995102688302486,0.974490830548215,1.0,0.9513086975162968,0.9571921012717435,0.9446023647574484,0.9650374240843074,0.9745128912389981,0.9837446370874278,0.9798333827362173,0.9842564407706952,0.9809663720395768,0.9832648850078044,0.9478228315942899,0.9706296646776114,0.9440085292976703,0.8427850248519216,0.801653050926517,0.547071967594322,0.9883574048695567,0.920126628404564,0.18542367298457504,-0.2156719332238937,0.8640980599940277,0.9396175650230594,0.9690898700533221,0.9004880148741496,0.8953370355684533,0.9576628383533851,0.8916854717667335,0.8648894248602259,0.9505950750321496,0.957339194651843,0.8905890215250554],[0.9830231036456032,0.9789380337967689,0.9758001533408222,0.974885628855633,0.9513086975162968,1.0,0.9829978935321404,0.9821315864228864,0.9816964935199791,0.9742679576279129,0.9695061466462398,0.9726376811556883,0.9756222085548466,0.9733262196602568,0.9694545837520996,0.9999000122148504,0.9867913517919967,0.9830965398647621,0.9023237330947746,0.869122059516953,0.6804321588165265,0.9673755421290887,0.900489797008688,0.26001931444800663,-0.21882052021823042,0.9334406904229597,0.9164908221338136,0.9629781664494168,0.9599298353899645,0.9335993237810948,0.9556085633040067,0.9546779850449849,0.9543131878264759,0.9607526856345752,0.9784631743960515,0.9567763645444882],[0.9495288182952739,0.9451602409415775,0.9772183171874665,0.9456512681264764,0.9571921012717435,0.9829978935321404,1.0,0.9547643483015507,0.9849120021013574,0.9441947260269432,0.9552831278914321,0.9514118263216591,0.9761548683350889,0.9771627996214115,0.9549988242665809,0.9844502505754928,0.9687950616600635,0.9573956465334872,0.8699592197330589,0.7872825975365334,0.575633557865126,0.949860101788603,0.8974005029244578,0.11869556161815148,-0.15623432999626202,0.8986202061318669,0.8982053224984627,0.9612811723835087,0.9046993419002848,0.8704228615073968,0.9338675036712919,0.8973012784567148,0.9082473946725943,0.9328800048012219,0.9674714674970086,0.9121563759610928],[0.9897729786216242,0.9816726340058476,0.965707810648122,0.9826292794914506,0.9446023647574484,0.9821315864228864,0.9547643483015507,1.0,0.983443153615026,0.9825868032183922,0.9782086307393859,0.9815661247359765,0.9741409615841816,0.9732662612119256,0.9783669668028198,0.9839422393357754,0.9877323228937421,0.999878322924055,0.9277131969076918,0.9277779667835129,0.6475029070484309,0.9710614165794833,0.89987453063897,0.24069380191631198,-0.3108417004525783,0.9055739985043428,0.9029965454583856,0.9423878890914996,0.9790815250440232,0.9562148241919997,0.9687446454319055,0.965287949201988,0.9373050557934219,0.9623421304200257,0.9603939211234295,0.9666150295730085],[0.9733455328310944,0.9671301450452651,0.98185358359568,0.9704350572711679,0.9650374240843074,0.9816964935199791,0.9849120021013574,0.983443153615026,1.0,0.9696256810808808,0.9664255637701094,0.9685870667700989,0.973796390091056,0.9708488384769428,0.9662958769200816,0.9807219307059323,0.9733914823956163,0.9827821998815915,0.9037083710718391,0.8591384523523756,0.5689425228990761,0.969135083211614,0.9145346561402975,0.09898996632011121,-0.23219062588838746,0.8848186991229344,0.8986195648545097,0.9637245882087082,0.9372212932055844,0.9039127167591686,0.9603530668378017,0.921878232241484,0.9045627616154208,0.9506976807624646,0.9724219495406985,0.9259903740599578],[0.9974502435411068,0.9928610601040873,0.9838850223843266,0.9999675216173736,0.9745128912389981,0.9742679576279129,0.9441947260269432,0.9825868032183922,0.9696256810808808,1.0,0.999989257014466,0.999983453407198,0.9925118970278394,0.9907759832606291,0.9999525812177696,0.9734130123300377,0.9956434503863426,0.9823123833055667,0.8887614456127907,0.9059933530002313,0.6757675269580286,0.9939277358731953,0.9322961170139852,0.3628883879096403,-0.2902333482970514,0.8942511659910893,0.9452241048643364,0.9626557127704325,0.968550966902637,0.9612522969284871,0.9789329156696949,0.9606745177109183,0.9285741096801738,0.9782133325563469,0.9704386464151845,0.9434956861186277],[0.9968822541404958,0.994914273937529,0.9905450967730894,0.9999908870245248,0.9837446370874278,0.9695061466462398,0.9552831278914321,0.9782086307393859,0.9664255637701094,0.999989257014466,1.0,0.9999734606138082,0.992665598649703,0.99092768099782,0.9999554618252706,0.9694310371432762,0.9954259920981746,0.9789382164420568,0.9134042511504018,0.932471282793082,0.571910306465723,0.9971893248733654,0.9148065816785165,-0.11403286570928892,0.40433041598527797,0.8988302410432094,0.9150715434159346,0.9680981220304204,0.9601645564313852,0.945098452382287,0.9699320311858424,0.9411608950188318,0.9104732118207379,0.9682742750923984,0.9812405211660192,0.9397847042501863],[0.9973714052157905,0.9943455879434325,0.9871818159679069,0.9999609891301435,0.9798333827362173,0.9726376811556883,0.9514118263216591,0.9815661247359765,0.9685870667700989,0.999983453407198,0.9999734606138082,1.0,0.9925108630118664,0.9907480024336329,0.9999634964089306,0.9725822643509218,0.9955588344165395,0.9818369825339059,0.8967210084397229,0.9222682841915427,0.6303854048889759,0.9961554700153291,0.928229817483867,0.10134785847683617,-0.1940130037205024,0.9109088250980959,0.9304388318789475,0.9591037088085717,0.9631799676188694,0.9529786727274541,0.9753149487870642,0.9519796241625142,0.9261939616767294,0.9743513654382293,0.9702110878821706,0.948770886322125],[0.9935444731567615,0.9925268883445424,0.9969451158934491,0.9926398242164722,0.9842564407706952,0.9756222085548466,0.9761548683350889,0.9741409615841816,0.973796390091056,0.9925118970278394,0.992665598649703,0.9925108630118664,1.0,0.9997352830218854,0.9926589297329328,0.9755644583209593,0.993558331684166,0.9750278341649475,0.9089259795690136,0.918962043272882,0.5054214080507263,0.9880221476093655,0.9091712388271049,-0.38700968617240106,0.4246970071196835,0.8853441055742602,0.9086840605914617,0.9753384350697202,0.9445476842076541,0.9127402390958269,0.9532545994672701,0.9184336116906265,0.8812118046305107,0.9663209348251692,0.9794761333770122,0.9328342132785682],[0.9943727248281298,0.9921538502625825,0.9967248880920271,0.9909310350013975,0.9809663720395768,0.9733262196602568,0.9771627996214115,0.9732662612119256,0.9708488384769428,0.9907759832606291,0.99092768099782,0.9907480024336329,0.9997352830218854,1.0,0.9910571163448945,0.973185341735472,0.9942206038056657,0.9743537607704953,0.8949916317983675,0.9278081052476952,0.3729810029994296,0.9836513761848318,0.9011753119260187,-0.7459372949918376,0.39791990027733587,0.8544981674463856,0.9038732540079707,0.9734538066438534,0.9382914044613514,0.8995450583613186,0.9458646794675033,0.9181158868269091,0.8599140316681476,0.9676931634490856,0.9777261096445481,0.9260146324764759],[0.996951716938051,0.9949406910394949,0.990270026928185,0.9999470879223405,0.9832648850078044,0.9694545837520996,0.9549988242665809,0.9783669668028198,0.9662958769200816,0.9999525812177696,0.9999554618252706,0.9999634964089306,0.9926589297329328,0.9910571163448945,1.0,0.9693690319061632,0.9954750926471897,0.9790541575405574,0.9136576752257536,0.9330455405913335,0.5718227345171698,0.99700241837849,0.9149691684952601,-0.11197409651590265,0.40422229788777275,0.8986897316053689,0.9128778164130544,0.9674314763991427,0.9603986104624729,0.9453989764926387,0.9698885387180843,0.9417068792324413,0.9109100097120291,0.9682209253911833,0.9811279640713295,0.9403477707903656],[0.9848818250286,0.9795920603305273,0.9737027600174386,0.9740195907457456,0.9478228315942899,0.9999000122148504,0.9844502505754928,0.9839422393357754,0.9807219307059323,0.9734130123300377,0.9694310371432762,0.9725822643509218,0.9755644583209593,0.973185341735472,0.9693690319061632,1.0,0.9869280294099522,0.9832723785520149,0.9052364007343534,0.8928427152533901,0.6741799370166506,0.9651485265568203,0.8950449147229411,0.1188270522776906,-0.19739039702822292,0.9412012249212475,0.906260027268778,0.9598943338247806,0.963328745937107,0.9307816507189662,0.9520927863632608,0.9557758782514371,0.9535873726453342,0.9629547649258013,0.9777940834106077,0.961250543914638],[0.9996970527248816,0.9970470847408393,0.986602145891514,0.9957761101107125,0.9706296646776114,0.9867913517919967,0.9687950616600635,0.9877323228937421,0.9733914823956163,0.9956434503863426,0.9954259920981746,0.9955588344165395,0.993558331684166,0.9942206038056657,0.9954750926471897,0.9869280294099522,1.0,0.9884070162410483,0.9286984085096487,0.9402371447935937,0.623763500566126,0.9884244725891119,0.908216080095898,-0.05460965806844627,0.4286724944331475,0.9243495840864223,0.9095639980786018,0.967501218879042,0.9748030500018338,0.951200052755432,0.9677192589236917,0.9580744717862234,0.9382226180368922,0.9743006993294024,0.9861310684439542,0.9631526611991026],[0.9896737910350778,0.984073747660794,0.9653728278131357,0.9822566144428146,0.9440085292976703,0.9830965398647621,0.9573956465334872,0.999878322924055,0.9827821998815915,0.9823123833055667,0.9789382164420568,0.9818369825339059,0.9750278341649475,0.9743537607704953,0.9790541575405574,0.9832723785520149,0.9884070162410483,1.0,0.9306725457845667,0.9339783173384244,0.6452064994732974,0.9697326713954927,0.9039337760756017,0.2050874701674117,-0.29224920383438524,0.9106326429469774,0.897714157872988,0.9423748074900081,0.9795498258608617,0.955593642150257,0.9672088277372308,0.9639049289852742,0.9370707717766968,0.9616310658165922,0.9584332753434545,0.967799840293186],[0.9012632674878628,0.9234611252860183,0.8702217631201272,0.8868805589542641,0.8427850248519216,0.9023237330947746,0.8699592197330589,0.9277131969076918,0.9037083710718391,0.8887614456127907,0.9134042511504018,0.8967210084397229,0.9089259795690136,0.8949916317983675,0.9136576752257536,0.9052364007343534,0.9286984085096487,0.9306725457845667,1.0,0.823891215350286,0.7069443104833237,0.860190314490689,0.8117373112879834,0.27787717474258594,-0.16203372820830048,0.8541040525961842,0.7808573070218965,0.8530759164809871,0.8897700810870264,0.8553941757749329,0.8561505760336701,0.8683476718493977,0.8542927365817014,0.85428543551052,0.8765393076287226,0.8937970651448349],[0.9208646531673119,0.9106211263617084,0.8280257629650024,0.9048759252262055,0.801653050926517,0.869122059516953,0.7872825975365334,0.9277779667835129,0.8591384523523756,0.9059933530002313,0.932471282793082,0.9222682841915427,0.918962043272882,0.9278081052476952,0.9330455405913335,0.8928427152533901,0.9402371447935937,0.9339783173384244,0.823891215350286,1.0,0.8309107497692517,0.8560382101347019,0.8715195866488041,0.649171129508071,-0.5272282027426892,0.709530365324995,0.8602949998506577,0.8092212024307256,0.9587772797589222,0.9368422074802618,0.9004211963758272,0.9459502276751546,0.8983260858298958,0.9005175968225764,0.8502345202736897,0.8841482715293995],[0.712120558355478,0.7287303919004563,0.5915202745423531,0.6772233675133345,0.547071967594322,0.6804321588165265,0.575633557865126,0.6475029070484309,0.5689425228990761,0.6757675269580286,0.571910306465723,0.6303854048889759,0.5054214080507263,0.3729810029994296,0.5718227345171698,0.6741799370166506,0.623763500566126,0.6452064994732974,0.7069443104833237,0.8309107497692517,1.0,0.6038333982525201,0.713582126006216,0.7253677232483309,-0.11671255004428915,0.5368757908798827,0.6516618056572325,0.6170765812813256,0.7779898335737613,0.7091610195933749,0.6383468294898493,0.7462641236245144,0.7568903468198444,0.6764878817949878,0.642172244117529,0.6897721271148175],[0.9850654525603513,0.9682973682032306,0.9915229813039454,0.993734505534702,0.9883574048695567,0.9673755421290887,0.949860101788603,0.9710614165794833,0.969135083211614,0.9939277358731953,0.9971893248733654,0.9961554700153291,0.9880221476093655,0.9836513761848318,0.99700241837849,0.9651485265568203,0.9884244725891119,0.9697326713954927,0.860190314490689,0.8560382101347019,0.6038333982525201,1.0,0.9079538214263474,0.2838253664326359,-0.28320683142503555,0.8771288606740462,0.9437987933814973,0.9706187842181826,0.9368010369772979,0.9439894047615269,0.9719788329398532,0.9384093462644606,0.9034044089024779,0.9686838498538246,0.9571145464857101,0.9253779286703868],[0.929101458936069,0.910716009111079,0.9249677422129317,0.9324369745230894,0.920126628404564,0.900489797008688,0.8974005029244578,0.89987453063897,0.9145346561402975,0.9322961170139852,0.9148065816785165,0.928229817483867,0.9091712388271049,0.9011753119260187,0.9149691684952601,0.8950449147229411,0.908216080095898,0.9039337760756017,0.8117373112879834,0.8715195866488041,0.713582126006216,0.9079538214263474,1.0,0.3257391383033397,-0.18970185145774093,0.7093299815882271,0.9115513587936789,0.896143655494655,0.8998111149290081,0.8569683989801421,0.9311480547051686,0.8723072392492868,0.8415489308160321,0.9266708219212476,0.8771767834379084,0.853204649952402],[0.3876384800904378,0.38755346359833015,0.21762416109969943,0.35768676835647173,0.18542367298457504,0.26001931444800663,0.11869556161815148,0.24069380191631198,0.09898996632011121,0.3628883879096403,-0.11403286570928892,0.10134785847683617,-0.38700968617240106,-0.7459372949918376,-0.11197409651590265,0.1188270522776906,-0.05460965806844627,0.2050874701674117,0.27787717474258594,0.649171129508071,0.7253677232483309,0.2838253664326359,0.3257391383033397,1.0,-0.3843339451918891,0.27113849314271593,0.29417864181584646,0.18302374414540834,0.4751765351507263,0.4683151184164685,0.32140844548868003,0.4911701058145099,0.4135430165776997,0.3473083271979797,0.26864750797616976,0.3846049313776339],[-0.30087183017601393,-0.22975849276685759,-0.22501278469785443,-0.2908346339715285,-0.2156719332238937,-0.21882052021823042,-0.15623432999626202,-0.3108417004525783,-0.23219062588838746,-0.2902333482970514,0.40433041598527797,-0.1940130037205024,0.4246970071196835,0.39791990027733587,0.40422229788777275,-0.19739039702822292,0.4286724944331475,-0.29224920383438524,-0.16203372820830048,-0.5272282027426892,-0.11671255004428915,-0.28320683142503555,-0.18970185145774093,-0.3843339451918891,1.0,-0.1534995821263761,-0.2909149482608427,-0.1806326151277245,-0.38739925887204807,-0.37639870556935917,-0.3208833079974168,-0.34492605974761587,-0.20740932674097717,-0.3465117433736011,-0.1826643641386808,-0.31708527692614535],[0.899221352042056,0.8760194713445498,0.892243991866579,0.8932743439335662,0.8640980599940277,0.9334406904229597,0.8986202061318669,0.9055739985043428,0.8848186991229344,0.8942511659910893,0.8988302410432094,0.9109088250980959,0.8853441055742602,0.8544981674463856,0.8986897316053689,0.9412012249212475,0.9243495840864223,0.9106326429469774,0.8541040525961842,0.709530365324995,0.5368757908798827,0.8771288606740462,0.7093299815882271,0.27113849314271593,-0.1534995821263761,1.0,0.7885653580350465,0.8841374910869446,0.8174091237247688,0.8621529545260729,0.8277794155389916,0.8701487221163343,0.8656964590118823,0.8587435596750387,0.8676998956404632,0.8975255896042169],[0.9411101347865928,0.9325163163107496,0.9390990765431606,0.9468923670199719,0.9396175650230594,0.9164908221338136,0.8982053224984627,0.9029965454583856,0.8986195648545097,0.9452241048643364,0.9150715434159346,0.9304388318789475,0.9086840605914617,0.9038732540079707,0.9128778164130544,0.906260027268778,0.9095639980786018,0.897714157872988,0.7808573070218965,0.8602949998506577,0.6516618056572325,0.9437987933814973,0.9115513587936789,0.29417864181584646,-0.2909149482608427,0.7885653580350465,1.0,0.9085126665402993,0.9115596409565548,0.8972938474346221,0.9244821543833314,0.8965705745190716,0.86214159595788,0.9297888496221584,0.904525328854766,0.8775571503002938],[0.9588287341142598,0.9580700112400543,0.9774592906809171,0.964122566698971,0.9690898700533221,0.9629781664494168,0.9612811723835087,0.9423878890914996,0.9637245882087082,0.9626557127704325,0.9680981220304204,0.9591037088085717,0.9753384350697202,0.9734538066438534,0.9674314763991427,0.9598943338247806,0.967501218879042,0.9423748074900081,0.8530759164809871,0.8092212024307256,0.6170765812813256,0.9706187842181826,0.896143655494655,0.18302374414540834,-0.1806326151277245,0.8841374910869446,0.9085126665402993,1.0,0.9088483323338045,0.8912985882135037,0.9435876814429013,0.8916677275326104,0.8863635009594237,0.9489495027554053,0.9731826263693966,0.8895469153080469],[0.9795679484639479,0.9593480194271067,0.9264779058704957,0.9688091489655604,0.9004880148741496,0.9599298353899645,0.9046993419002848,0.9790815250440232,0.9372212932055844,0.968550966902637,0.9601645564313852,0.9631799676188694,0.9445476842076541,0.9382914044613514,0.9603986104624729,0.963328745937107,0.9748030500018338,0.9795498258608617,0.8897700810870264,0.9587772797589222,0.7779898335737613,0.9368010369772979,0.8998111149290081,0.4751765351507263,-0.38739925887204807,0.8174091237247688,0.9115596409565548,0.9088483323338045,1.0,0.9861822699870968,0.9639113088400151,0.9903503621896779,0.9524181914845172,0.9602045549812829,0.9154875350859095,0.96791486447561],[0.9662050545972379,0.9533515056957739,0.9140301512964909,0.9620221691376785,0.8953370355684533,0.9335993237810948,0.8704228615073968,0.9562148241919997,0.9039127167591686,0.9612522969284871,0.945098452382287,0.9529786727274541,0.9127402390958269,0.8995450583613186,0.9453989764926387,0.9307816507189662,0.951200052755432,0.955593642150257,0.8553941757749329,0.9368422074802618,0.7091610195933749,0.9439894047615269,0.8569683989801421,0.4683151184164685,-0.37639870556935917,0.8621529545260729,0.8972938474346221,0.8912985882135037,0.9861822699870968,1.0,0.9521437098410896,0.9838922708334855,0.9552605895933574,0.9396544230088539,0.923546213022137,0.962940384364773],[0.9775638243887649,0.9680955207530313,0.9669127655372145,0.979965899024365,0.9576628383533851,0.9556085633040067,0.9338675036712919,0.9687446454319055,0.9603530668378017,0.9789329156696949,0.9699320311858424,0.9753149487870642,0.9532545994672701,0.9458646794675033,0.9698885387180843,0.9520927863632608,0.9677192589236917,0.9672088277372308,0.8561505760336701,0.9004211963758272,0.6383468294898493,0.9719788329398532,0.9311480547051686,0.32140844548868003,-0.3208833079974168,0.8277794155389916,0.9244821543833314,0.9435876814429013,0.9639113088400151,0.9521437098410896,1.0,0.9532018870637857,0.9144401713322552,0.9772288659264291,0.96047077312108,0.9421965957451088],[0.9724250459029041,0.9580896089095035,0.9182678508969425,0.961273639426564,0.8916854717667335,0.9546779850449849,0.8973012784567148,0.965287949201988,0.921878232241484,0.9606745177109183,0.9411608950188318,0.9519796241625142,0.9184336116906265,0.9181158868269091,0.9417068792324413,0.9557758782514371,0.9580744717862234,0.9639049289852742,0.8683476718493977,0.9459502276751546,0.7462641236245144,0.9384093462644606,0.8723072392492868,0.4911701058145099,-0.34492605974761587,0.8701487221163343,0.8965705745190716,0.8916677275326104,0.9903503621896779,0.9838922708334855,0.9532018870637857,1.0,0.9736947520196554,0.9460339865809531,0.9389555863723947,0.9636878893721672],[0.9436931846344784,0.94234997831777,0.8978184678761152,0.9300158850508176,0.8648894248602259,0.9543131878264759,0.9082473946725943,0.9373050557934219,0.9045627616154208,0.9285741096801738,0.9104732118207379,0.9261939616767294,0.8812118046305107,0.8599140316681476,0.9109100097120291,0.9535873726453342,0.9382226180368922,0.9370707717766968,0.8542927365817014,0.8983260858298958,0.7568903468198444,0.9034044089024779,0.8415489308160321,0.4135430165776997,-0.20740932674097717,0.8656964590118823,0.86214159595788,0.8863635009594237,0.9524181914845172,0.9552605895933574,0.9144401713322552,0.9736947520196554,1.0,0.9073502702458958,0.9312884207749136,0.9541298351147983],[0.9816460614816468,0.9715516214695306,0.9657194732000083,0.9790314487961972,0.9505950750321496,0.9607526856345752,0.9328800048012219,0.9623421304200257,0.9506976807624646,0.9782133325563469,0.9682742750923984,0.9743513654382293,0.9663209348251692,0.9676931634490856,0.9682209253911833,0.9629547649258013,0.9743006993294024,0.9616310658165922,0.85428543551052,0.9005175968225764,0.6764878817949878,0.9686838498538246,0.9266708219212476,0.3473083271979797,-0.3465117433736011,0.8587435596750387,0.9297888496221584,0.9489495027554053,0.9602045549812829,0.9396544230088539,0.9772288659264291,0.9460339865809531,0.9073502702458958,1.0,0.9573814905487058,0.9425701434336249],[0.9733114895134568,0.9641376635516221,0.9733113373356124,0.971666798308125,0.957339194651843,0.9784631743960515,0.9674714674970086,0.9603939211234295,0.9724219495406985,0.9704386464151845,0.9812405211660192,0.9702110878821706,0.9794761333770122,0.9777261096445481,0.9811279640713295,0.9777940834106077,0.9861310684439542,0.9584332753434545,0.8765393076287226,0.8502345202736897,0.642172244117529,0.9571145464857101,0.8771767834379084,0.26864750797616976,-0.1826643641386808,0.8676998956404632,0.904525328854766,0.9731826263693966,0.9154875350859095,0.923546213022137,0.96047077312108,0.9389555863723947,0.9312884207749136,0.9573814905487058,1.0,0.9204492816242612],[0.9552000098655564,0.9498536246980057,0.9194738593314555,0.9451119821180097,0.8905890215250554,0.9567763645444882,0.9121563759610928,0.9666150295730085,0.9259903740599578,0.9434956861186277,0.9397847042501863,0.948770886322125,0.9328342132785682,0.9260146324764759,0.9403477707903656,0.961250543914638,0.9631526611991026,0.967799840293186,0.8937970651448349,0.8841482715293995,0.6897721271148175,0.9253779286703868,0.853204649952402,0.3846049313776339,-0.31708527692614535,0.8975255896042169,0.8775571503002938,0.8895469153080469,0.96791486447561,0.962940384364773,0.9421965957451088,0.9636878893721672,0.9541298351147983,0.9425701434336249,0.9204492816242612,1.0]],"x":["^TAIEX       \u81fa\u7063\u52a0\u6b0a\u5831\u916c\u6307\u6578","^TWII        \u81fa\u7063\u52a0\u6b0a\u6307\u6578","^TAIEXx2     \u81fa\u7063\u52a0\u6b0a\u5831\u916c\u6307\u6578_\u65e5\u6b632","^TAI50I      \u81fa\u706350\u5831\u916c\u6307\u6578","^TAI50Ix2    \u81fa\u706350\u5831\u916c\u6307\u6578_\u65e5\u6b632","^TAI100I     \u81fa\u7063\u4e2d\u578b100\u5831\u916c\u6307\u6578","^TAI100Ix2   \u81fa\u7063\u4e2d\u578b100\u5831\u916c\u6307\u6578_\u65e5\u6b632","^TAIDIVIDI   \u81fa\u7063\u9ad8\u80a1\u606f\u5831\u916c\u6307\u6578","^TAIDIVIDIx2 \u81fa\u7063\u9ad8\u80a1\u606f\u5831\u916c\u6307\u6578_\u65e5\u6b632","0050Fund     \u5143\u5927\u53f0\u7063\u5353\u8d8a50\u57fa\u91d1","006208Fund   \u5bcc\u90a6\u53f0\u7063\u91c6\u540950\u57fa\u91d1","0050         \u5143\u5927\u81fa\u706350","00631L       \u5143\u5927\u53f0\u706350\u6b632","00675L       \u5bcc\u90a6\u81fa\u7063\u52a0\u6b0a\u6b632","006208       \u5bcc\u90a6\u53f050","0051         \u5143\u5927\u4e2d\u578b100","006204       \u6c38\u8c50\u81fa\u7063\u52a0\u6b0a","0056         \u5143\u5927\u9ad8\u80a1\u606f","0056         \u5143\u5927\u9ad8\u80a1\u606f_\u80a1\u606f\u4e0d\u6295\u5165","2412         \u4e2d\u83ef\u96fb\u4fe1","2002         \u4e2d\u92fc","2330         \u53f0\u7a4d\u96fb","2317         \u9d3b\u6d77","6505         \u53f0\u5851\u77f3\u5316","3481         \u7fa4\u5275","2303         \u806f\u96fb","2308         \u53f0\u9054\u96fb","2454         \u806f\u767c\u79d1","2886         \u5146\u8c50\u91d1","2884         \u7389\u5c71\u91d1","2891         \u4e2d\u4fe1\u91d1","2892         \u7b2c\u4e00\u91d1","5880         \u5408\u5eab\u91d1","2881         \u5bcc\u90a6\u91d1","2885         \u5143\u5927\u91d1","2887         \u53f0\u65b0\u91d1"],"y":["^TAIEX       \u81fa\u7063\u52a0\u6b0a\u5831\u916c\u6307\u6578","^TWII        \u81fa\u7063\u52a0\u6b0a\u6307\u6578","^TAIEXx2     \u81fa\u7063\u52a0\u6b0a\u5831\u916c\u6307\u6578_\u65e5\u6b632","^TAI50I      \u81fa\u706350\u5831\u916c\u6307\u6578","^TAI50Ix2    \u81fa\u706350\u5831\u916c\u6307\u6578_\u65e5\u6b632","^TAI100I     \u81fa\u7063\u4e2d\u578b100\u5831\u916c\u6307\u6578","^TAI100Ix2   \u81fa\u7063\u4e2d\u578b100\u5831\u916c\u6307\u6578_\u65e5\u6b632","^TAIDIVIDI   \u81fa\u7063\u9ad8\u80a1\u606f\u5831\u916c\u6307\u6578","^TAIDIVIDIx2 \u81fa\u7063\u9ad8\u80a1\u606f\u5831\u916c\u6307\u6578_\u65e5\u6b632","0050Fund     \u5143\u5927\u53f0\u7063\u5353\u8d8a50\u57fa\u91d1","006208Fund   \u5bcc\u90a6\u53f0\u7063\u91c6\u540950\u57fa\u91d1","0050         \u5143\u5927\u81fa\u706350","00631L       \u5143\u5927\u53f0\u706350\u6b632","00675L       \u5bcc\u90a6\u81fa\u7063\u52a0\u6b0a\u6b632","006208       \u5bcc\u90a6\u53f050","0051         \u5143\u5927\u4e2d\u578b100","006204       \u6c38\u8c50\u81fa\u7063\u52a0\u6b0a","0056         \u5143\u5927\u9ad8\u80a1\u606f","0056         \u5143\u5927\u9ad8\u80a1\u606f_\u80a1\u606f\u4e0d\u6295\u5165","2412         \u4e2d\u83ef\u96fb\u4fe1","2002         \u4e2d\u92fc","2330         \u53f0\u7a4d\u96fb","2317         \u9d3b\u6d77","6505         \u53f0\u5851\u77f3\u5316","3481         \u7fa4\u5275","2303         \u806f\u96fb","2308         \u53f0\u9054\u96fb","2454         \u806f\u767c\u79d1","2886         \u5146\u8c50\u91d1","2884         \u7389\u5c71\u91d1","2891         \u4e2d\u4fe1\u91d1","2892         \u7b2c\u4e00\u91d1","5880         \u5408\u5eab\u91d1","2881         \u5bcc\u90a6\u91d1","2885         \u5143\u5927\u91d1","2887         \u53f0\u65b0\u91d1"],"zmin":-1,"zmax":1,"colorbar":{"x":-0.2}}],"layout":{"autotypenumbers":"strict","colorway":["#636efa","#EF553B","#00cc96","#ab63fa","#FFA15A","#19d3f3","#FF6692","#B6E880","#FF97FF","#FECB52"],"font":{"color":"#f2f5fa","family":"Courier New"},"hovermode":"closest","hoverlabel":{"align":"left"},"paper_bgcolor":"rgb(17,17,17)","plot_bgcolor":"rgb(17,17,17)","polar":{"bgcolor":"rgb(17,17,17)","angularaxis":{"gridcolor":"#506784","linecolor":"#506784","ticks":""},"radialaxis":{"gridcolor":"#506784","linecolor":"#506784","ticks":""}},"ternary":{"bgcolor":"rgb(17,17,17)","aaxis":{"gridcolor":"#506784","linecolor":"#506784","ticks":""},"baxis":{"gridcolor":"#506784","linecolor":"#506784","ticks":""},"caxis":{"gridcolor":"#506784","linecolor":"#506784","ticks":""}},"coloraxis":{"colorbar":{"outlinewidth":0,"ticks":""}},"colorscale":{"sequential":[[0.0,"#0d0887"],[0.1111111111111111,"#46039f"],[0.2222222222222222,"#7201a8"],[0.3333333333333333,"#9c179e"],[0.4444444444444444,"#bd3786"],[0.5555555555555556,"#d8576b"],[0.6666666666666666,"#ed7953"],[0.7777777777777778,"#fb9f3a"],[0.8888888888888888,"#fdca26"],[1.0,"#f0f921"]],"sequentialminus":[[0.0,"#0d0887"],[0.1111111111111111,"#46039f"],[0.2222222222222222,"#7201a8"],[0.3333333333333333,"#9c179e"],[0.4444444444444444,"#bd3786"],[0.5555555555555556,"#d8576b"],[0.6666666666666666,"#ed7953"],[0.7777777777777778,"#fb9f3a"],[0.8888888888888888,"#fdca26"],[1.0,"#f0f921"]],"diverging":[[0,"#8e0152"],[0.1,"#c51b7d"],[0.2,"#de77ae"],[0.3,"#f1b6da"],[0.4,"#fde0ef"],[0.5,"#f7f7f7"],[0.6,"#e6f5d0"],[0.7,"#b8e186"],[0.8,"#7fbc41"],[0.9,"#4d9221"],[1,"#276419"]]},"xaxis":{"gridcolor":"rgba(0, 0, 0, 0)","linecolor":"#506784","ticks":"","title":{"standoff":15},"zerolinecolor":"#283442","automargin":true,"zerolinewidth":2,"tickfont":{"family":"Courier New","size":14},"side":"top","tickangle":-90},"yaxis":{"gridcolor":"rgba(0, 0, 0, 0)","linecolor":"#506784","ticks":"","title":{"standoff":15},"zerolinecolor":"#283442","automargin":true,"zerolinewidth":2,"tickfont":{"family":"Courier New"},"side":"right"},"scene":{"xaxis":{"backgroundcolor":"rgb(17,17,17)","gridcolor":"#506784","linecolor":"#506784","showbackground":true,"ticks":"","zerolinecolor":"#C8D4E3","gridwidth":2},"yaxis":{"backgroundcolor":"rgb(17,17,17)","gridcolor":"#506784","linecolor":"#506784","showbackground":true,"ticks":"","zerolinecolor":"#C8D4E3","gridwidth":2},"zaxis":{"backgroundcolor":"rgb(17,17,17)","gridcolor":"#506784","linecolor":"#506784","showbackground":true,"ticks":"","zerolinecolor":"#C8D4E3","gridwidth":2}},"shapedefaults":{"line":{"color":"#f2f5fa"}},"annotationdefaults":{"arrowcolor":"#f2f5fa","arrowhead":0,"arrowwidth":1},"geo":{"bgcolor":"rgb(17,17,17)","landcolor":"rgb(17,17,17)","subunitcolor":"#506784","showland":true,"showlakes":true,"lakecolor":"rgb(17,17,17)"},"title":{"x":0.05,"font":{"family":"Times New Roman"},"y":0.05,"text":"<b>Correlation of Adj Close<b><br><i>2016-09-23 ~ 2025-10-23<i>"},"updatemenudefaults":{"bgcolor":"#506784","borderwidth":0},"sliderdefaults":{"bgcolor":"#C8D4E3","borderwidth":1,"bordercolor":"rgb(17,17,17)","tickwidth":0},"mapbox":{"style":"dark"},"annotations":[{"text":"<b>@zwindr<b>","textangle":0,"opacity":0.5,"font":{"color":"white","size":12},"xref":"paper","yref":"paper","xanchor":"left","yanchor":"bottom","x":1.0,"y":1.0,"showarrow":false}]},"config":{"responsive":true,"toImageButtonOptions":{"filename":"Correlation of Adj Close_2016-09-23~2025-10-23","scale":5}}};Plotly.newPlot("correlationAdjClose",correlationAdjClose.data,correlationAdjClose.layout||{},correlationAdjClose.config);}else{console.log("style display is none => correlationAdjClose");}