var config = { responsive: true }

var correlationAdjClose = {"data": [{"type": "heatmap", "z": [[1.0, 0.9934874994982007, 0.9751580977075589, 0.9978219403627334, 0.9635408346687018, 0.9799623214911264, -0.9378701348471318, 0.989148418790024, 0.9670753675175713, 0.9966053460532709, 0.9930878225383305, 0.9942820240708772, 0.9972444317593773, 0.9774386588411855, 0.9995461789309095, 0.9861702546213577, 0.9114415906644491, 0.7627411148704569, 0.9857862958793616, 0.9223511004941034, 0.49930627336722533, -0.303780989983679, 0.8967408273252483, 0.9727733116082709, 0.9505627158280443], [0.9934874994982007, 1.0, 0.970478675884722, 0.9911794891157875, 0.9594358394500458, 0.9749366206059769, -0.9328997623453151, 0.9791737689916717, 0.9597301617838689, 0.9938486468603346, 0.991808102722339, 0.9911495336288637, 0.9952829541376045, 0.972034711008684, 0.9962706121131365, 0.9820783783404498, 0.89983356829588, 0.7685365778634287, 0.966329830204627, 0.8999637328149865, 0.4963826413947433, -0.2258653371941073, 0.8681408473526594, 0.9597447447142415, 0.951144226454023], [0.9751580977075589, 0.970478675884722, 1.0, 0.981092064850246, 0.9962918487395153, 0.9783094288644781, -0.9743782933867072, 0.9680810351948507, 0.982510988319219, 0.985196552505083, 0.9976099096467262, 0.997598898126022, 0.9881851229889667, 0.9766812704843154, 0.987196771751905, 0.9747392043607295, 0.8116928263555341, 0.653585982032252, 0.9892448453976951, 0.9105857206600623, 0.3321067433587745, -0.22104854877199118, 0.9056173018785842, 0.9381262266860069, 0.977230204560959], [0.9978219403627334, 0.9911794891157875, 0.981092064850246, 1.0, 0.9746373368946093, 0.9721532405431256, -0.9323954551330559, 0.9835713483969123, 0.9641784400847754, 0.9992397577287357, 0.992606671735464, 0.9915493547456838, 0.9999008638986999, 0.9672535557801486, 0.9960096570988931, 0.9809383539045881, 0.8971497306705534, 0.7359031803721482, 0.9931389198742693, 0.9242737881973677, 0.4802720116959524, -0.2964048419874447, 0.8966681082911634, 0.9666659973993053, 0.9562354054650256], [0.9635408346687018, 0.9594358394500458, 0.9962918487395153, 0.9746373368946093, 1.0, 0.95818777353583, -0.9559308085358319, 0.9534467281095658, 0.9702143706707892, 0.9813825639722651, 0.9886280915364755, 0.9851734070229087, 0.984370456362066, 0.9557377442711825, 0.9756467394865347, 0.9602526828099277, 0.7915285247151772, 0.6221130255904307, 0.9880900161762345, 0.9077845406583696, 0.3135962579256376, -0.21518390100248938, 0.8895751127190331, 0.9230200006439616, 0.9747093810703993], [0.9799623214911264, 0.9749366206059769, 0.9783094288644781, 0.9721532405431256, 0.95818777353583, 1.0, -0.9791705778467769, 0.9789084597608047, 0.9784215617824404, 0.971265970214554, 0.9755988501760635, 0.9735230060804324, 0.9679480308662904, 0.9988473545569184, 0.9856539671951741, 0.9854334365210766, 0.8490158179993776, 0.7288632907291257, 0.9667489199253547, 0.8886548333998259, 0.36026132373149466, -0.20989398484687852, 0.9345986419721392, 0.9545290089333797, 0.9575277403605243], [-0.9378701348471318, -0.9328997623453151, -0.9743782933867072, -0.9323954551330559, -0.9559308085358319, -0.9791705778467769, 1.0, -0.9475748922713714, -0.9822609380961107, -0.9403299201474846, -0.9723042460232731, -0.9743856520015013, -0.9462377747290899, -0.9856524198427663, -0.9625599319048926, -0.9639590062793868, -0.7553259033417149, -0.6240267452270686, -0.9391789883719811, -0.8748378968263227, -0.21181000582642856, 0.13833854389360273, -0.9012088919062866, -0.9072902182643092, -0.9549617955190498], [0.989148418790024, 0.9791737689916717, 0.9680810351948507, 0.9835713483969123, 0.9534467281095658, 0.9789084597608047, -0.9475748922713714, 1.0, 0.9809247463949665, 0.9803684596914809, 0.974230582519431, 0.97339674318229, 0.9787456083507631, 0.9748664481570417, 0.9865802834834251, 0.9963032198205056, 0.9189425998465847, 0.7015888707322248, 0.9735161649263819, 0.8949161008232819, 0.3736484891428605, -0.3110832872385828, 0.9022751046205717, 0.9531192705576272, 0.9321132720535122], [0.9670753675175713, 0.9597301617838689, 0.982510988319219, 0.9641784400847754, 0.9702143706707892, 0.9784215617824404, -0.9822609380961107, 0.9809247463949665, 1.0, 0.9633152492143329, 0.9708494665801506, 0.9678008818917151, 0.9602131853838489, 0.976610718308822, 0.9676367802058355, 0.9867032300112653, 0.8402623773481998, 0.6269369238518766, 0.9648449205868718, 0.902768740534118, 0.2269371078498025, -0.22384618998868255, 0.8835614657175289, 0.9270384171169255, 0.9560034358791429], [0.9966053460532709, 0.9938486468603346, 0.985196552505083, 0.9992397577287357, 0.9813825639722651, 0.971265970214554, -0.9403299201474846, 0.9803684596914809, 0.9633152492143329, 1.0, 0.9914678534063595, 0.9900168603663054, 0.9998336507020209, 0.9681930625361275, 0.9952175412314253, 0.9810339064325666, 0.9090324386338132, 0.7153074003757234, 0.9955302069576947, 0.9172252781515753, 0.3142120001175456, -0.2293910491980672, 0.9298909245630984, 0.9556482991552894, 0.9540948350179377], [0.9930878225383305, 0.991808102722339, 0.9976099096467262, 0.992606671735464, 0.9886280915364755, 0.9755988501760635, -0.9723042460232731, 0.974230582519431, 0.9708494665801506, 0.9914678534063595, 1.0, 0.9996535511268081, 0.9923256367384697, 0.9766208524611347, 0.993417926316155, 0.9756482762318212, 0.9037392759062749, 0.6158251909785879, 0.9887295013185693, 0.8874984358340328, -0.24196071933589652, 0.5497089207006324, 0.9070228735950914, 0.9514434900046042, 0.97732877230232], [0.9942820240708772, 0.9911495336288637, 0.997598898126022, 0.9915493547456838, 0.9851734070229087, 0.9735230060804324, -0.9743856520015013, 0.97339674318229, 0.9678008818917151, 0.9900168603663054, 0.9996535511268081, 1.0, 0.9912682145551893, 0.9746440444180191, 0.9943488170961418, 0.9750262344162521, 0.9139242534764911, 0.508210390800975, 0.9844126003839658, 0.8734153493012862, -0.6772222206999755, 0.560313642467982, 0.8801409313197781, 0.9481985231396681, 0.9770021936963815], [0.9972444317593773, 0.9952829541376045, 0.9881851229889667, 0.9999008638986999, 0.984370456362066, 0.9679480308662904, -0.9462377747290899, 0.9787456083507631, 0.9602131853838489, 0.9998336507020209, 0.9923256367384697, 0.9912682145551893, 1.0, 0.9687397461350833, 0.9955606225997127, 0.9798143429993887, 0.9262438289063986, 0.6791916098478661, 0.9970786731382681, 0.8963952732961323, 0.0684159857375956, 0.4926191740642937, 0.9198743815743573, 0.9475680229251262, 0.9623783610897969], [0.9774386588411855, 0.972034711008684, 0.9766812704843154, 0.9672535557801486, 0.9557377442711825, 0.9988473545569184, -0.9856524198427663, 0.9748664481570417, 0.976610718308822, 0.9681930625361275, 0.9766208524611347, 0.9746440444180191, 0.9687397461350833, 1.0, 0.9858232511940057, 0.9831018414305461, 0.8627645409845843, 0.7327757098156954, 0.9620983212548543, 0.8775965783972874, 0.22572608536608185, -0.1480015878662997, 0.9439350845642044, 0.9493356882858542, 0.9566459363716399], [0.9995461789309095, 0.9962706121131365, 0.987196771751905, 0.9960096570988931, 0.9756467394865347, 0.9856539671951741, -0.9625599319048926, 0.9865802834834251, 0.9676367802058355, 0.9952175412314253, 0.993417926316155, 0.9943488170961418, 0.9955606225997127, 0.9858232511940057, 1.0, 0.9868998802433958, 0.9334606416303847, 0.7145517916889993, 0.9896232965438461, 0.8929977788087625, 0.11144084533539866, 0.5035060851833467, 0.9372884261720793, 0.9580496081612548, 0.96168334461283], [0.9861702546213577, 0.9820783783404498, 0.9747392043607295, 0.9809383539045881, 0.9602526828099277, 0.9854334365210766, -0.9639590062793868, 0.9963032198205056, 0.9867032300112653, 0.9810339064325666, 0.9756482762318212, 0.9750262344162521, 0.9798143429993887, 0.9831018414305461, 0.9868998802433958, 1.0, 0.9008122094152172, 0.7038065326726659, 0.9727948595168756, 0.8942844369929768, 0.30762016639714074, -0.22004894673318942, 0.9141288850222588, 0.9425694877307683, 0.9435551143427773], [0.9114415906644491, 0.89983356829588, 0.8116928263555341, 0.8971497306705534, 0.7915285247151772, 0.8490158179993776, -0.7553259033417149, 0.9189425998465847, 0.8402623773481998, 0.9090324386338132, 0.9037392759062749, 0.9139242534764911, 0.9262438289063986, 0.8627645409845843, 0.9334606416303847, 0.9008122094152172, 1.0, 0.8609384270021975, 0.8452839767921222, 0.8712116411245091, 0.7458493750843701, -0.5508306271759811, 0.6671977055013623, 0.9089829103883388, 0.7841145113837182], [0.7627411148704569, 0.7685365778634287, 0.653585982032252, 0.7359031803721482, 0.6221130255904307, 0.7288632907291257, -0.6240267452270686, 0.7015888707322248, 0.6269369238518766, 0.7153074003757234, 0.6158251909785879, 0.508210390800975, 0.6791916098478661, 0.7327757098156954, 0.7145517916889993, 0.7038065326726659, 0.8609384270021975, 1.0, 0.6563428712973309, 0.7587531314324116, 0.736992910115976, -0.12731427741297754, 0.538843978386361, 0.772889170661579, 0.660126472140857], [0.9857862958793616, 0.966329830204627, 0.9892448453976951, 0.9931389198742693, 0.9880900161762345, 0.9667489199253547, -0.9391789883719811, 0.9735161649263819, 0.9648449205868718, 0.9955302069576947, 0.9887295013185693, 0.9844126003839658, 0.9970786731382681, 0.9620983212548543, 0.9896232965438461, 0.9727948595168756, 0.8452839767921222, 0.6563428712973309, 1.0, 0.8953387851758354, 0.4108963733826613, -0.29067788595718846, 0.885165640857882, 0.9488361168361797, 0.9657301385585382], [0.9223511004941034, 0.8999637328149865, 0.9105857206600623, 0.9242737881973677, 0.9077845406583696, 0.8886548333998259, -0.8748378968263227, 0.8949161008232819, 0.902768740534118, 0.9172252781515753, 0.8874984358340328, 0.8734153493012862, 0.8963952732961323, 0.8775965783972874, 0.8929977788087625, 0.8942844369929768, 0.8712116411245091, 0.7587531314324116, 0.8953387851758354, 1.0, 0.45460752454415626, -0.19664885897876438, 0.6906203075144017, 0.9175517948399954, 0.8790576958504759], [0.49930627336722533, 0.4963826413947433, 0.3321067433587745, 0.4802720116959524, 0.3135962579256376, 0.36026132373149466, -0.21181000582642856, 0.3736484891428605, 0.2269371078498025, 0.3142120001175456, -0.24196071933589652, -0.6772222206999755, 0.0684159857375956, 0.22572608536608185, 0.11144084533539866, 0.30762016639714074, 0.7458493750843701, 0.736992910115976, 0.4108963733826613, 0.45460752454415626, 1.0, -0.4255274543655192, 0.3266125822745379, 0.4827311188387217, 0.2777359027823535], [-0.303780989983679, -0.2258653371941073, -0.22104854877199118, -0.2964048419874447, -0.21518390100248938, -0.20989398484687852, 0.13833854389360273, -0.3110832872385828, -0.22384618998868255, -0.2293910491980672, 0.5497089207006324, 0.560313642467982, 0.4926191740642937, -0.1480015878662997, 0.5035060851833467, -0.22004894673318942, -0.5508306271759811, -0.12731427741297754, -0.29067788595718846, -0.19664885897876438, -0.4255274543655192, 1.0, -0.14753672979250385, -0.33439596184466136, -0.1672002066753155], [0.8967408273252483, 0.8681408473526594, 0.9056173018785842, 0.8966681082911634, 0.8895751127190331, 0.9345986419721392, -0.9012088919062866, 0.9022751046205717, 0.8835614657175289, 0.9298909245630984, 0.9070228735950914, 0.8801409313197781, 0.9198743815743573, 0.9439350845642044, 0.9372884261720793, 0.9141288850222588, 0.6671977055013623, 0.538843978386361, 0.885165640857882, 0.6906203075144017, 0.3266125822745379, -0.14753672979250385, 1.0, 0.8285642545067727, 0.8835329767398561], [0.9727733116082709, 0.9597447447142415, 0.9381262266860069, 0.9666659973993053, 0.9230200006439616, 0.9545290089333797, -0.9072902182643092, 0.9531192705576272, 0.9270384171169255, 0.9556482991552894, 0.9514434900046042, 0.9481985231396681, 0.9475680229251262, 0.9493356882858542, 0.9580496081612548, 0.9425694877307683, 0.9089829103883388, 0.772889170661579, 0.9488361168361797, 0.9175517948399954, 0.4827311188387217, -0.33439596184466136, 0.8285642545067727, 1.0, 0.9265359872122884], [0.9505627158280443, 0.951144226454023, 0.977230204560959, 0.9562354054650256, 0.9747093810703993, 0.9575277403605243, -0.9549617955190498, 0.9321132720535122, 0.9560034358791429, 0.9540948350179377, 0.97732877230232, 0.9770021936963815, 0.9623783610897969, 0.9566459363716399, 0.96168334461283, 0.9435551143427773, 0.7841145113837182, 0.660126472140857, 0.9657301385585382, 0.8790576958504759, 0.2777359027823535, -0.1672002066753155, 0.8835329767398561, 0.9265359872122884, 1.0]], "x": ["^TAIEX       \u81fa\u7063\u52a0\u6b0a\u5831\u916c\u6307\u6578", "^TWII        \u81fa\u7063\u52a0\u6b0a\u6307\u6578", "^TAIEXx2     \u81fa\u7063\u52a0\u6b0a\u5831\u916c\u6307\u6578_\u65e5\u6b632", "^TAI50I      \u81fa\u706350\u5831\u916c\u6307\u6578", "^TAI50Ix2    \u81fa\u706350\u5831\u916c\u6307\u6578_\u65e5\u6b632", "^TAI100I     \u81fa\u7063\u4e2d\u578b100\u5831\u916c\u6307\u6578", "^TAI100Ix2   \u81fa\u7063\u4e2d\u578b100\u5831\u916c\u6307\u6578_\u65e5\u6b632", "^TAIDIVIDI   \u81fa\u7063\u9ad8\u80a1\u606f\u5831\u916c\u6307\u6578", "^TAIDIVIDIx2 \u81fa\u7063\u9ad8\u80a1\u606f\u5831\u916c\u6307\u6578_\u65e5\u6b632", "0050         \u5143\u5927\u81fa\u706350", "00631L       \u5143\u5927\u53f0\u706350\u6b632", "00675L       \u5bcc\u90a6\u81fa\u7063\u52a0\u6b0a\u6b632", "006208       \u5bcc\u90a6\u53f050", "0051         \u5143\u5927\u4e2d\u578b100", "006204       \u6c38\u8c50\u81fa\u7063\u52a0\u6b0a", "0056         \u5143\u5927\u9ad8\u80a1\u606f", "2412         \u4e2d\u83ef\u96fb\u4fe1", "2002         \u4e2d\u92fc", "2330         \u53f0\u7a4d\u96fb", "2317         \u9d3b\u6d77", "6505         \u53f0\u5851\u77f3\u5316", "3481         \u7fa4\u5275", "2303         \u806f\u96fb", "2308         \u53f0\u9054\u96fb", "2454         \u806f\u767c\u79d1"], "y": ["^TAIEX       \u81fa\u7063\u52a0\u6b0a\u5831\u916c\u6307\u6578", "^TWII        \u81fa\u7063\u52a0\u6b0a\u6307\u6578", "^TAIEXx2     \u81fa\u7063\u52a0\u6b0a\u5831\u916c\u6307\u6578_\u65e5\u6b632", "^TAI50I      \u81fa\u706350\u5831\u916c\u6307\u6578", "^TAI50Ix2    \u81fa\u706350\u5831\u916c\u6307\u6578_\u65e5\u6b632", "^TAI100I     \u81fa\u7063\u4e2d\u578b100\u5831\u916c\u6307\u6578", "^TAI100Ix2   \u81fa\u7063\u4e2d\u578b100\u5831\u916c\u6307\u6578_\u65e5\u6b632", "^TAIDIVIDI   \u81fa\u7063\u9ad8\u80a1\u606f\u5831\u916c\u6307\u6578", "^TAIDIVIDIx2 \u81fa\u7063\u9ad8\u80a1\u606f\u5831\u916c\u6307\u6578_\u65e5\u6b632", "0050         \u5143\u5927\u81fa\u706350", "00631L       \u5143\u5927\u53f0\u706350\u6b632", "00675L       \u5bcc\u90a6\u81fa\u7063\u52a0\u6b0a\u6b632", "006208       \u5bcc\u90a6\u53f050", "0051         \u5143\u5927\u4e2d\u578b100", "006204       \u6c38\u8c50\u81fa\u7063\u52a0\u6b0a", "0056         \u5143\u5927\u9ad8\u80a1\u606f", "2412         \u4e2d\u83ef\u96fb\u4fe1", "2002         \u4e2d\u92fc", "2330         \u53f0\u7a4d\u96fb", "2317         \u9d3b\u6d77", "6505         \u53f0\u5851\u77f3\u5316", "3481         \u7fa4\u5275", "2303         \u806f\u96fb", "2308         \u53f0\u9054\u96fb", "2454         \u806f\u767c\u79d1"], "zmin": -1, "zmax": 1, "colorbar": {"x": -0.2}}], "layout": {"title": {"text": "<b>Correlation of Adj Close <b><br><i>2016/09/23 ~ 2025/04/30<i>", "y": 0.05, "font": {"family": "Times New Roman"}, "x": 0.05}, "xaxis": {"side": "top", "tickangle": -90, "gridcolor": "rgba(0, 0, 0, 0)", "tickfont": {"family": "Courier New", "size": 14}, "automargin": true}, "yaxis": {"side": "right", "gridcolor": "rgba(0, 0, 0, 0)", "tickfont": {"family": "Courier New"}, "automargin": true}, "height": 600, "font": {"family": "Courier New", "color": "#ffffff"}, "plot_bgcolor": "#000", "paper_bgcolor": "#000"}};

Plotly.newPlot("correlationAdjClose",
    correlationAdjClose.data,
    correlationAdjClose.layout || {},
    config);