var config = { responsive: true }

var correlationClose = {"data": [{"type": "heatmap", "z": [[1.0, 0.9999999999999981, 1.0, 0.9957189570017638, 0.9957189570017638, 0.9584089387288938, 0.9584089387288938, 0.8888644184455964, 0.8888644184455964, 0.9959511498020445, 0.9920914498354398, 0.9917671158991619, 0.9952535474837478, 0.9701050841042189, 0.9987952870426811, 0.9283909443172689, 0.8080803227696478, 0.27342754805291486, 0.9774697800010383, 0.8012554313825461, 0.10477519929200077, -0.27843584950200073, 0.7615678587002416, 0.9464873298424793, 0.9177811791268595], [0.9999999999999981, 1.0, 0.9999999999999982, 0.9956501494863949, 0.9956501494863949, 0.9576781308074688, 0.9576781308074688, 0.8902510407284825, 0.8902510407284825, 0.9959062749679851, 0.991797710782073, 0.9911066571521648, 0.9952024733965705, 0.9692268941370014, 0.9987981659469425, 0.9291403009850883, 0.8159904962923635, 0.40786178128160305, 0.9700472664342329, 0.7728154421533093, 0.11391684725973242, -0.277937403750754, 0.6562735524157151, 0.9471520091524805, 0.9237317011479036], [1.0, 0.9999999999999982, 1.0, 0.9957189570017638, 0.9957189570017638, 0.9584089387288938, 0.9584089387288938, 0.8888644184455964, 0.8888644184455964, 0.9959511498020445, 0.9920914498354398, 0.9917671158991619, 0.9952535474837478, 0.9701050841042189, 0.9987952870426811, 0.9283909443172689, 0.8080803227696478, 0.27342754805291486, 0.9774697800010383, 0.8012554313825461, 0.10477519929200077, -0.27843584950200073, 0.7615678587002416, 0.9464873298424793, 0.9177811791268595], [0.9957189570017638, 0.9956501494863949, 0.9957189570017638, 1.0, 1.0, 0.9450083228840725, 0.9450083228840725, 0.8742364528700558, 0.8742364528700558, 0.999611774328475, 0.9882190387277052, 0.9842066193339639, 0.9993385705554864, 0.9523065936295187, 0.9946306529891289, 0.9116996248223723, 0.7848611603468536, 0.2477700713575366, 0.9886546741119568, 0.793771024270571, 0.07611349370909498, -0.28314475869225947, 0.7714105448067434, 0.9347513272895626, 0.9180556827799276], [0.9957189570017638, 0.9956501494863949, 0.9957189570017638, 1.0, 1.0, 0.9450083228840725, 0.9450083228840725, 0.8742364528700558, 0.8742364528700558, 0.999611774328475, 0.9882190387277052, 0.9842066193339639, 0.9993385705554864, 0.9523065936295187, 0.9946306529891289, 0.9116996248223723, 0.7848611603468536, 0.2477700713575366, 0.9886546741119568, 0.793771024270571, 0.07611349370909498, -0.28314475869225947, 0.7714105448067434, 0.9347513272895626, 0.9180556827799276], [0.9584089387288938, 0.9576781308074688, 0.9584089387288938, 0.9450083228840725, 0.9450083228840725, 1.0, 1.0, 0.9181684441174787, 0.9181684441174787, 0.9487330890709146, 0.9758011954419873, 0.9747190858336623, 0.9497244238663591, 0.9989509620712296, 0.9706120527570274, 0.918987737562272, 0.6781121801413441, 0.2080917305946376, 0.9288735692648399, 0.7267288042088789, -0.1271592831924427, -0.12889356921947379, 0.8712975655997816, 0.9001580983094298, 0.9196933663891997], [0.9584089387288938, 0.9576781308074688, 0.9584089387288938, 0.9450083228840725, 0.9450083228840725, 1.0, 1.0, 0.9181684441174787, 0.9181684441174787, 0.9487330890709146, 0.9758011954419873, 0.9747190858336623, 0.9497244238663591, 0.9989509620712296, 0.9706120527570274, 0.918987737562272, 0.6781121801413441, 0.2080917305946376, 0.9288735692648399, 0.7267288042088789, -0.1271592831924427, -0.12889356921947379, 0.8712975655997816, 0.9001580983094298, 0.9196933663891997], [0.8888644184455964, 0.8902510407284825, 0.8888644184455964, 0.8742364528700558, 0.8742364528700558, 0.9181684441174787, 0.9181684441174787, 1.0, 1.0, 0.8963235252687693, 0.9438630854729609, 0.9386978856353144, 0.9339609677204453, 0.919119624872835, 0.9353662499860227, 0.9750728602776627, 0.6200609893667067, 0.25548548389661363, 0.827555262364743, 0.7413974004378237, -0.1611132820464847, 0.018739664025130758, 0.7813819804951473, 0.786096568273588, 0.8504866434879166], [0.8888644184455964, 0.8902510407284825, 0.8888644184455964, 0.8742364528700558, 0.8742364528700558, 0.9181684441174787, 0.9181684441174787, 1.0, 1.0, 0.8963235252687693, 0.9438630854729609, 0.9386978856353144, 0.9339609677204453, 0.919119624872835, 0.9353662499860227, 0.9750728602776627, 0.6200609893667067, 0.25548548389661363, 0.827555262364743, 0.7413974004378237, -0.1611132820464847, 0.018739664025130758, 0.7813819804951473, 0.786096568273588, 0.8504866434879166], [0.9959511498020445, 0.9959062749679851, 0.9959511498020445, 0.999611774328475, 0.999611774328475, 0.9487330890709146, 0.9487330890709146, 0.8963235252687693, 0.8963235252687693, 1.0, 0.986976083665177, 0.9831510238854245, 0.999381530370229, 0.9507456630476094, 0.9944673317385082, 0.9114521540351549, 0.8262390385365158, 0.08013428688740025, 0.9915882081547505, 0.7908927882909563, -0.18556741767172696, -0.31531110562258724, 0.8862289928060534, 0.9289721443337431, 0.904319951257211], [0.9920914498354398, 0.991797710782073, 0.9920914498354398, 0.9882190387277052, 0.9882190387277052, 0.9758011954419873, 0.9758011954419873, 0.9438630854729609, 0.9438630854729609, 0.986976083665177, 1.0, 0.99965542816297, 0.9880213488585534, 0.9742935066044833, 0.9888378228320973, 0.9251535720922118, 0.7911746886180576, 0.2694662567533847, 0.9866750065676683, 0.7135899077180098, -0.5663547135059736, 0.23636357706528424, 0.8545850697216993, 0.9297189046866492, 0.9541724029435966], [0.9917671158991619, 0.9911066571521648, 0.9917671158991619, 0.9842066193339639, 0.9842066193339639, 0.9747190858336623, 0.9747190858336623, 0.9386978856353144, 0.9386978856353144, 0.9831510238854245, 0.99965542816297, 1.0, 0.9850047449527611, 0.9720865062600196, 0.9870463454762679, 0.913666343137955, 0.8132262256995902, 0.15417997284074736, 0.9813495949476929, 0.7183295353075283, -0.8043838323353846, 0.2800522710407851, 0.8140950754575417, 0.936385931030734, 0.9519384985959081], [0.9952535474837478, 0.9952024733965705, 0.9952535474837478, 0.9993385705554864, 0.9993385705554864, 0.9497244238663591, 0.9497244238663591, 0.9339609677204453, 0.9339609677204453, 0.999381530370229, 0.9880213488585534, 0.9850047449527611, 1.0, 0.9511365775432756, 0.9937333614927626, 0.9330826307110401, 0.8280717990983805, 0.26767352836376845, 0.9950967382369662, 0.7554290781379824, -0.3473072006941921, 0.18085829167928946, 0.8772008123590423, 0.9071718495197018, 0.9341121453703108], [0.9701050841042189, 0.9692268941370014, 0.9701050841042189, 0.9523065936295187, 0.9523065936295187, 0.9989509620712296, 0.9989509620712296, 0.919119624872835, 0.919119624872835, 0.9507456630476094, 0.9742935066044833, 0.9720865062600196, 0.9511365775432756, 1.0, 0.9727958125533266, 0.9181085485935262, 0.7514903584031367, 0.17597578828740296, 0.9422500792190834, 0.7233382061826293, -0.2770068005418425, -0.2026512786407889, 0.9092022127776401, 0.9199194877841863, 0.9162393416362766], [0.9987952870426811, 0.9987981659469425, 0.9987952870426811, 0.9946306529891289, 0.9946306529891289, 0.9706120527570274, 0.9706120527570274, 0.9353662499860227, 0.9353662499860227, 0.9944673317385082, 0.9888378228320973, 0.9870463454762679, 0.9937333614927626, 0.9727958125533266, 1.0, 0.9454535003615794, 0.8350528422804354, 0.2760636509696985, 0.9867928674059308, 0.7414448660773987, -0.33793008011612485, 0.19184558743052685, 0.9067235343841374, 0.9270149493330012, 0.9394345838740215], [0.9283909443172689, 0.9291403009850883, 0.9283909443172689, 0.9116996248223723, 0.9116996248223723, 0.918987737562272, 0.918987737562272, 0.9750728602776627, 0.9750728602776627, 0.9114521540351549, 0.9251535720922118, 0.913666343137955, 0.9330826307110401, 0.9181085485935262, 0.9454535003615794, 1.0, 0.765441216738289, 0.21165405413048255, 0.8748356685724176, 0.717099460141708, -0.06457331103402807, -0.23691764180956557, 0.8180297716001874, 0.8389816370382522, 0.8286981596829117], [0.8080803227696478, 0.8159904962923635, 0.8080803227696478, 0.7848611603468536, 0.7848611603468536, 0.6781121801413441, 0.6781121801413441, 0.6200609893667067, 0.6200609893667067, 0.8262390385365158, 0.7911746886180576, 0.8132262256995902, 0.8280717990983805, 0.7514903584031367, 0.8350528422804354, 0.765441216738289, 1.0, 0.5285465771565566, 0.7388058180923771, 0.7756372933439706, 0.49698124575457914, -0.581101955884863, 0.2619330836714186, 0.8280023366154035, 0.6500343647975227], [0.27342754805291486, 0.40786178128160305, 0.27342754805291486, 0.2477700713575366, 0.2477700713575366, 0.2080917305946376, 0.2080917305946376, 0.25548548389661363, 0.25548548389661363, 0.08013428688740025, 0.2694662567533847, 0.15417997284074736, 0.26767352836376845, 0.17597578828740296, 0.2760636509696985, 0.21165405413048255, 0.5285465771565566, 1.0, 0.25646725583703056, 0.5675725549703922, 0.3835094706978262, 0.5541419825623127, 0.02560477908347421, 0.42180501098957096, 0.39103436184135426], [0.9774697800010383, 0.9700472664342329, 0.9774697800010383, 0.9886546741119568, 0.9886546741119568, 0.9288735692648399, 0.9288735692648399, 0.827555262364743, 0.827555262364743, 0.9915882081547505, 0.9866750065676683, 0.9813495949476929, 0.9950967382369662, 0.9422500792190834, 0.9867928674059308, 0.8748356685724176, 0.7388058180923771, 0.25646725583703056, 1.0, 0.7356726540898076, 0.018901330417661427, -0.34799861446058117, 0.6703361489902936, 0.9176116649587499, 0.9081744662208593], [0.8012554313825461, 0.7728154421533093, 0.8012554313825461, 0.793771024270571, 0.793771024270571, 0.7267288042088789, 0.7267288042088789, 0.7413974004378237, 0.7413974004378237, 0.7908927882909563, 0.7135899077180098, 0.7183295353075283, 0.7554290781379824, 0.7233382061826293, 0.7414448660773987, 0.717099460141708, 0.7756372933439706, 0.5675725549703922, 0.7356726540898076, 1.0, 0.2129274251119744, -0.046311197485418246, 0.22863714084522216, 0.8270573121987856, 0.7377606995917015], [0.10477519929200077, 0.11391684725973242, 0.10477519929200077, 0.07611349370909498, 0.07611349370909498, -0.1271592831924427, -0.1271592831924427, -0.1611132820464847, -0.1611132820464847, -0.18556741767172696, -0.5663547135059736, -0.8043838323353846, -0.3473072006941921, -0.2770068005418425, -0.33793008011612485, -0.06457331103402807, 0.49698124575457914, 0.3835094706978262, 0.018901330417661427, 0.2129274251119744, 1.0, -0.08859549784662654, -0.16159370964376857, 0.09997094915395968, -0.09386986123396147], [-0.27843584950200073, -0.277937403750754, -0.27843584950200073, -0.28314475869225947, -0.28314475869225947, -0.12889356921947379, -0.12889356921947379, 0.018739664025130758, 0.018739664025130758, -0.31531110562258724, 0.23636357706528424, 0.2800522710407851, 0.18085829167928946, -0.2026512786407889, 0.19184558743052685, -0.23691764180956557, -0.581101955884863, 0.5541419825623127, -0.34799861446058117, -0.046311197485418246, -0.08859549784662654, 1.0, -0.06167797581433456, -0.3465218840125624, -0.07731062132693528], [0.7615678587002416, 0.6562735524157151, 0.7615678587002416, 0.7714105448067434, 0.7714105448067434, 0.8712975655997816, 0.8712975655997816, 0.7813819804951473, 0.7813819804951473, 0.8862289928060534, 0.8545850697216993, 0.8140950754575417, 0.8772008123590423, 0.9092022127776401, 0.9067235343841374, 0.8180297716001874, 0.2619330836714186, 0.02560477908347421, 0.6703361489902936, 0.22863714084522216, -0.16159370964376857, -0.06167797581433456, 1.0, 0.5321739520340063, 0.7309629696087161], [0.9464873298424793, 0.9471520091524805, 0.9464873298424793, 0.9347513272895626, 0.9347513272895626, 0.9001580983094298, 0.9001580983094298, 0.786096568273588, 0.786096568273588, 0.9289721443337431, 0.9297189046866492, 0.936385931030734, 0.9071718495197018, 0.9199194877841863, 0.9270149493330012, 0.8389816370382522, 0.8280023366154035, 0.42180501098957096, 0.9176116649587499, 0.8270573121987856, 0.09997094915395968, -0.3465218840125624, 0.5321739520340063, 1.0, 0.8802969504274769], [0.9177811791268595, 0.9237317011479036, 0.9177811791268595, 0.9180556827799276, 0.9180556827799276, 0.9196933663891997, 0.9196933663891997, 0.8504866434879166, 0.8504866434879166, 0.904319951257211, 0.9541724029435966, 0.9519384985959081, 0.9341121453703108, 0.9162393416362766, 0.9394345838740215, 0.8286981596829117, 0.6500343647975227, 0.39103436184135426, 0.9081744662208593, 0.7377606995917015, -0.09386986123396147, -0.07731062132693528, 0.7309629696087161, 0.8802969504274769, 1.0]], "x": ["^TAIEX       \u81fa\u7063\u52a0\u6b0a\u5831\u916c\u6307\u6578", "^TWII        \u81fa\u7063\u52a0\u6b0a\u6307\u6578", "^TAIEXx2     \u81fa\u7063\u52a0\u6b0a\u5831\u916c\u6307\u6578_\u65e5\u6b632", "^TAI50I      \u81fa\u706350\u5831\u916c\u6307\u6578", "^TAI50Ix2    \u81fa\u706350\u5831\u916c\u6307\u6578_\u65e5\u6b632", "^TAI100I     \u81fa\u7063\u4e2d\u578b100\u5831\u916c\u6307\u6578", "^TAI100Ix2   \u81fa\u7063\u4e2d\u578b100\u5831\u916c\u6307\u6578_\u65e5\u6b632", "^TAIDIVIDI   \u81fa\u7063\u9ad8\u80a1\u606f\u5831\u916c\u6307\u6578", "^TAIDIVIDIx2 \u81fa\u7063\u9ad8\u80a1\u606f\u5831\u916c\u6307\u6578_\u65e5\u6b632", "0050         \u5143\u5927\u81fa\u706350", "00631L       \u5143\u5927\u53f0\u706350\u6b632", "00675L       \u5bcc\u90a6\u81fa\u7063\u52a0\u6b0a\u6b632", "006208       \u5bcc\u90a6\u53f050", "0051         \u5143\u5927\u4e2d\u578b100", "006204       \u6c38\u8c50\u81fa\u7063\u52a0\u6b0a", "0056         \u5143\u5927\u9ad8\u80a1\u606f", "2412         \u4e2d\u83ef\u96fb\u4fe1", "2002         \u4e2d\u92fc", "2330         \u53f0\u7a4d\u96fb", "2317         \u9d3b\u6d77", "6505         \u53f0\u5851\u77f3\u5316", "3481         \u7fa4\u5275", "2303         \u806f\u96fb", "2308         \u53f0\u9054\u96fb", "2454         \u806f\u767c\u79d1"], "y": ["^TAIEX       \u81fa\u7063\u52a0\u6b0a\u5831\u916c\u6307\u6578", "^TWII        \u81fa\u7063\u52a0\u6b0a\u6307\u6578", "^TAIEXx2     \u81fa\u7063\u52a0\u6b0a\u5831\u916c\u6307\u6578_\u65e5\u6b632", "^TAI50I      \u81fa\u706350\u5831\u916c\u6307\u6578", "^TAI50Ix2    \u81fa\u706350\u5831\u916c\u6307\u6578_\u65e5\u6b632", "^TAI100I     \u81fa\u7063\u4e2d\u578b100\u5831\u916c\u6307\u6578", "^TAI100Ix2   \u81fa\u7063\u4e2d\u578b100\u5831\u916c\u6307\u6578_\u65e5\u6b632", "^TAIDIVIDI   \u81fa\u7063\u9ad8\u80a1\u606f\u5831\u916c\u6307\u6578", "^TAIDIVIDIx2 \u81fa\u7063\u9ad8\u80a1\u606f\u5831\u916c\u6307\u6578_\u65e5\u6b632", "0050         \u5143\u5927\u81fa\u706350", "00631L       \u5143\u5927\u53f0\u706350\u6b632", "00675L       \u5bcc\u90a6\u81fa\u7063\u52a0\u6b0a\u6b632", "006208       \u5bcc\u90a6\u53f050", "0051         \u5143\u5927\u4e2d\u578b100", "006204       \u6c38\u8c50\u81fa\u7063\u52a0\u6b0a", "0056         \u5143\u5927\u9ad8\u80a1\u606f", "2412         \u4e2d\u83ef\u96fb\u4fe1", "2002         \u4e2d\u92fc", "2330         \u53f0\u7a4d\u96fb", "2317         \u9d3b\u6d77", "6505         \u53f0\u5851\u77f3\u5316", "3481         \u7fa4\u5275", "2303         \u806f\u96fb", "2308         \u53f0\u9054\u96fb", "2454         \u806f\u767c\u79d1"], "zmin": -1, "zmax": 1, "colorbar": {"x": -0.2}}], "layout": {"title": {"text": "<b>Correlation of Close<b><br><i>2016/09/23 ~ 2025/05/09<i>", "y": 0.05, "font": {"family": "Times New Roman"}, "x": 0.05}, "xaxis": {"side": "top", "tickangle": -90, "gridcolor": "rgba(0, 0, 0, 0)", "tickfont": {"family": "Courier New", "size": 14}, "automargin": true}, "yaxis": {"side": "right", "gridcolor": "rgba(0, 0, 0, 0)", "tickfont": {"family": "Courier New"}, "automargin": true}, "height": 600, "font": {"family": "Courier New", "color": "#ffffff"}, "plot_bgcolor": "#000", "paper_bgcolor": "#000"}};

Plotly.newPlot("correlationClose",
    correlationClose.data,
    correlationClose.layout || {},
    config);