var config = { responsive: true }

var correlationClose = {"data": [{"type": "heatmap", "z": [[1.0, 0.9999999999999983, 1.0, 0.9956895399186929, 0.9956895399186929, 0.9601144716317681, 0.9601144716317681, 0.8938021750126887, 0.8938021750126887, 0.9709907111383759, 0.9923165390112895, 0.9918613024507366, 0.9952019439763092, 0.9710320740085981, 0.9988544621689079, 0.9274799998603568, 0.7817119596531359, -0.06611647773972767, 0.976555602113546, 0.05055101887959387, 0.022236109531546044, -0.25001991301970106, 0.8247750465432213, 0.9504878277495327, 0.9010906336263529], [0.9999999999999983, 1.0, 0.9999999999999984, 0.9956300078894206, 0.9956300078894206, 0.95945031401888, 0.95945031401888, 0.8951587352218463, 0.8951587352218463, 0.9698680443463018, 0.9920593212232517, 0.9912649220536659, 0.9951551337466726, 0.9702613179280345, 0.9988587225063609, 0.9280900245448398, 0.8028270739524755, 0.13921990214603863, 0.9673093713021563, -0.10648604881618558, 0.02957177097139361, -0.25034393058077115, 0.6472418669982268, 0.9506719618038948, 0.87224946919024], [1.0, 0.9999999999999984, 1.0, 0.9956895399186929, 0.9956895399186929, 0.9601144716317681, 0.9601144716317681, 0.8938021750126887, 0.8938021750126887, 0.9709907111383759, 0.9923165390112895, 0.9918613024507366, 0.9952019439763092, 0.9710320740085981, 0.9988544621689079, 0.9274799998603568, 0.7817119596531359, -0.06611647773972767, 0.976555602113546, 0.05055101887959387, 0.022236109531546044, -0.25001991301970106, 0.8247750465432213, 0.9504878277495327, 0.9010906336263529], [0.9956895399186929, 0.9956300078894206, 0.9956895399186929, 1.0, 1.0, 0.9470335011690241, 0.9470335011690241, 0.8797566988416614, 0.8797566988416614, 0.9711403803837158, 0.9879201913517195, 0.9836408748185672, 0.9993751359878208, 0.9534887791299558, 0.9946829523173322, 0.9098287327689047, 0.7618530110209034, -0.07099001099583546, 0.9882357581607336, 0.06964460238576689, -0.006680437293188667, -0.25403360655087254, 0.8268106055788705, 0.9405407552060489, 0.9060642843301502], [0.9956895399186929, 0.9956300078894206, 0.9956895399186929, 1.0, 1.0, 0.9470335011690241, 0.9470335011690241, 0.8797566988416614, 0.8797566988416614, 0.9711403803837158, 0.9879201913517195, 0.9836408748185672, 0.9993751359878208, 0.9534887791299558, 0.9946829523173322, 0.9098287327689047, 0.7618530110209034, -0.07099001099583546, 0.9882357581607336, 0.06964460238576689, -0.006680437293188667, -0.25403360655087254, 0.8268106055788705, 0.9405407552060489, 0.9060642843301502], [0.9601144716317681, 0.95945031401888, 0.9601144716317681, 0.9470335011690241, 0.9470335011690241, 1.0, 1.0, 0.9214439743045979, 0.9214439743045979, 0.9298650136688519, 0.976581887438449, 0.9754785298497646, 0.9509498961451971, 0.9989556992497451, 0.9716150778252545, 0.9193037122523346, 0.6202717526496163, -0.00852657663820491, 0.9314074497790819, 0.2368297140157953, -0.18831788830377752, -0.10214023662078348, 0.8965156426139907, 0.9099840269040145, 0.9223804312749648], [0.9601144716317681, 0.95945031401888, 0.9601144716317681, 0.9470335011690241, 0.9470335011690241, 1.0, 1.0, 0.9214439743045979, 0.9214439743045979, 0.9298650136688519, 0.976581887438449, 0.9754785298497646, 0.9509498961451971, 0.9989556992497451, 0.9716150778252545, 0.9193037122523346, 0.6202717526496163, -0.00852657663820491, 0.9314074497790819, 0.2368297140157953, -0.18831788830377752, -0.10214023662078348, 0.8965156426139907, 0.9099840269040145, 0.9223804312749648], [0.8938021750126887, 0.8951587352218463, 0.8938021750126887, 0.8797566988416614, 0.8797566988416614, 0.9214439743045979, 0.9214439743045979, 1.0, 1.0, 0.8781140381394775, 0.9462629878862598, 0.9412386554819476, 0.93704131271877, 0.9222532508832448, 0.9384645368748422, 0.9733003296523679, 0.5534996138557368, 0.11322891288029717, 0.8355117856766965, 0.4912473624288508, -0.21129175520051333, 0.04128547078605132, 0.7836689998014946, 0.7993532858624522, 0.8573316465524015], [0.8938021750126887, 0.8951587352218463, 0.8938021750126887, 0.8797566988416614, 0.8797566988416614, 0.9214439743045979, 0.9214439743045979, 1.0, 1.0, 0.8781140381394775, 0.9462629878862598, 0.9412386554819476, 0.93704131271877, 0.9222532508832448, 0.9384645368748422, 0.9733003296523679, 0.5534996138557368, 0.11322891288029717, 0.8355117856766965, 0.4912473624288508, -0.21129175520051333, 0.04128547078605132, 0.7836689998014946, 0.7993532858624522, 0.8573316465524015], [0.9709907111383759, 0.9698680443463018, 0.9709907111383759, 0.9711403803837158, 0.9711403803837158, 0.9298650136688519, 0.9298650136688519, 0.8781140381394775, 0.8781140381394775, 1.0, 0.9441504522411764, 0.9273360194730639, 0.9581204908346405, 0.9304121850978873, 0.9613922313683775, 0.8975208119652813, 0.7364322396850791, -0.08701703251006485, 0.9582290825820872, 0.4904871189116908, -0.20497468852984627, -0.2639895067938496, 0.8738271076731229, 0.9036370651532529, 0.8798014910757294], [0.9923165390112895, 0.9920593212232517, 0.9923165390112895, 0.9879201913517195, 0.9879201913517195, 0.976581887438449, 0.976581887438449, 0.9462629878862598, 0.9462629878862598, 0.9441504522411764, 1.0, 0.9996706813383079, 0.9876415340991204, 0.9749053129539488, 0.9892520476347926, 0.9240920287558652, 0.8016089062626527, 0.22918561425785927, 0.9855821753754446, 0.8690949446803488, -0.5916259945133265, 0.4630165766904578, 0.8532087748983247, 0.9329116870786086, 0.9561006975691932], [0.9918613024507366, 0.9912649220536659, 0.9918613024507366, 0.9836408748185672, 0.9836408748185672, 0.9754785298497646, 0.9754785298497646, 0.9412386554819476, 0.9412386554819476, 0.9273360194730639, 0.9996706813383079, 1.0, 0.9841997035501208, 0.9726761885738223, 0.987416046794163, 0.9122084074516443, 0.819759327361687, 0.11114718258303513, 0.9798240170971084, 0.8785400887174067, -0.812246175883713, 0.5129324663430618, 0.8121936740883022, 0.9391565872935208, 0.9538596590456841], [0.9952019439763092, 0.9951551337466726, 0.9952019439763092, 0.9993751359878208, 0.9993751359878208, 0.9509498961451971, 0.9509498961451971, 0.93704131271877, 0.93704131271877, 0.9581204908346405, 0.9876415340991204, 0.9841997035501208, 1.0, 0.9517243475740264, 0.9937797160881409, 0.9295399788076653, 0.8385889249700373, 0.19324102252662737, 0.995294048005897, 0.8421828460835471, -0.3926151665072879, 0.3840783312762724, 0.8731836512848131, 0.9125285071769021, 0.937462470672576], [0.9710320740085981, 0.9702613179280345, 0.9710320740085981, 0.9534887791299558, 0.9534887791299558, 0.9989556992497451, 0.9989556992497451, 0.9222532508832448, 0.9222532508832448, 0.9304121850978873, 0.9749053129539488, 0.9726761885738223, 0.9517243475740264, 1.0, 0.9734382128385445, 0.9188654731282813, 0.6693182272026641, 0.011049931867523686, 0.9432133566397475, 0.5634964098584798, -0.32280137767812705, -0.1563282821182619, 0.9096027426474712, 0.9237324245260108, 0.9178218347906154], [0.9988544621689079, 0.9988587225063609, 0.9988544621689079, 0.9946829523173322, 0.9946829523173322, 0.9716150778252545, 0.9716150778252545, 0.9384645368748422, 0.9384645368748422, 0.9613922313683775, 0.9892520476347926, 0.987416046794163, 0.9937797160881409, 0.9734382128385445, 1.0, 0.9438771598309377, 0.8438499923015012, 0.18896535877022178, 0.9867638785751286, 0.8115292071290504, -0.3788746532272746, 0.39473238701039154, 0.9044339739067746, 0.9307030727191062, 0.942441653617009], [0.9274799998603568, 0.9280900245448398, 0.9274799998603568, 0.9098287327689047, 0.9098287327689047, 0.9193037122523346, 0.9193037122523346, 0.9733003296523679, 0.9733003296523679, 0.8975208119652813, 0.9240920287558652, 0.9122084074516443, 0.9295399788076653, 0.9188654731282813, 0.9438771598309377, 1.0, 0.7245162607404282, 0.026926355481419865, 0.872849062725323, 0.5003538943083011, -0.11144557343118111, -0.19846864036736295, 0.8212346224083817, 0.8408329315408843, 0.8277374954530138], [0.7817119596531359, 0.8028270739524755, 0.7817119596531359, 0.7618530110209034, 0.7618530110209034, 0.6202717526496163, 0.6202717526496163, 0.5534996138557368, 0.5534996138557368, 0.7364322396850791, 0.8016089062626527, 0.819759327361687, 0.8385889249700373, 0.6693182272026641, 0.8438499923015012, 0.7245162607404282, 1.0, 0.06617355957058507, 0.7246910570896126, -0.44560280601773283, 0.40640658756468095, -0.6624792021544609, 0.3279075076541305, 0.804181175161063, 0.4755507683184044], [-0.06611647773972767, 0.13921990214603863, -0.06611647773972767, -0.07099001099583546, -0.07099001099583546, -0.00852657663820491, -0.00852657663820491, 0.11322891288029717, 0.11322891288029717, -0.08701703251006485, 0.22918561425785927, 0.11114718258303513, 0.19324102252662737, 0.011049931867523686, 0.18896535877022178, 0.026926355481419865, 0.06617355957058507, 1.0, -0.037075586802115965, 0.13942184323015197, 0.10692973254724579, 0.7529239400483112, -0.07353206775509262, 0.056028634362729014, 0.047056944625039766], [0.976555602113546, 0.9673093713021563, 0.976555602113546, 0.9882357581607336, 0.9882357581607336, 0.9314074497790819, 0.9314074497790819, 0.8355117856766965, 0.8355117856766965, 0.9582290825820872, 0.9855821753754446, 0.9798240170971084, 0.995294048005897, 0.9432133566397475, 0.9867638785751286, 0.872849062725323, 0.7246910570896126, -0.037075586802115965, 1.0, -0.020638817897027744, -0.07090056910261268, -0.31533965467458835, 0.689423065164027, 0.9211107129277266, 0.8889913873009165], [0.05055101887959387, -0.10648604881618558, 0.05055101887959387, 0.06964460238576689, 0.06964460238576689, 0.2368297140157953, 0.2368297140157953, 0.4912473624288508, 0.4912473624288508, 0.4904871189116908, 0.8690949446803488, 0.8785400887174067, 0.8421828460835471, 0.5634964098584798, 0.8115292071290504, 0.5003538943083011, -0.44560280601773283, 0.13942184323015197, -0.020638817897027744, 1.0, -0.41932166083978445, 0.7828234910584274, 0.3587425948504869, -0.07182402210565299, 0.24374149469475298], [0.022236109531546044, 0.02957177097139361, 0.022236109531546044, -0.006680437293188667, -0.006680437293188667, -0.18831788830377752, -0.18831788830377752, -0.21129175520051333, -0.21129175520051333, -0.20497468852984627, -0.5916259945133265, -0.812246175883713, -0.3926151665072879, -0.32280137767812705, -0.3788746532272746, -0.11144557343118111, 0.40640658756468095, 0.10692973254724579, -0.07090056910261268, -0.41932166083978445, 1.0, -0.054674089016898984, -0.11856625164026637, -0.010959321535628567, -0.22236967160233068], [-0.25001991301970106, -0.25034393058077115, -0.25001991301970106, -0.25403360655087254, -0.25403360655087254, -0.10214023662078348, -0.10214023662078348, 0.04128547078605132, 0.04128547078605132, -0.2639895067938496, 0.4630165766904578, 0.5129324663430618, 0.3840783312762724, -0.1563282821182619, 0.39473238701039154, -0.19846864036736295, -0.6624792021544609, 0.7529239400483112, -0.31533965467458835, 0.7828234910584274, -0.054674089016898984, 1.0, -0.09624059051124474, -0.30292696962554644, -0.044870597559718], [0.8247750465432213, 0.6472418669982268, 0.8247750465432213, 0.8268106055788705, 0.8268106055788705, 0.8965156426139907, 0.8965156426139907, 0.7836689998014946, 0.7836689998014946, 0.8738271076731229, 0.8532087748983247, 0.8121936740883022, 0.8731836512848131, 0.9096027426474712, 0.9044339739067746, 0.8212346224083817, 0.3279075076541305, -0.07353206775509262, 0.689423065164027, 0.3587425948504869, -0.11856625164026637, -0.09624059051124474, 1.0, 0.615399987914968, 0.8462549576342722], [0.9504878277495327, 0.9506719618038948, 0.9504878277495327, 0.9405407552060489, 0.9405407552060489, 0.9099840269040145, 0.9099840269040145, 0.7993532858624522, 0.7993532858624522, 0.9036370651532529, 0.9329116870786086, 0.9391565872935208, 0.9125285071769021, 0.9237324245260108, 0.9307030727191062, 0.8408329315408843, 0.804181175161063, 0.056028634362729014, 0.9211107129277266, -0.07182402210565299, -0.010959321535628567, -0.30292696962554644, 0.615399987914968, 1.0, 0.8233860288339012], [0.9010906336263529, 0.87224946919024, 0.9010906336263529, 0.9060642843301502, 0.9060642843301502, 0.9223804312749648, 0.9223804312749648, 0.8573316465524015, 0.8573316465524015, 0.8798014910757294, 0.9561006975691932, 0.9538596590456841, 0.937462470672576, 0.9178218347906154, 0.942441653617009, 0.8277374954530138, 0.4755507683184044, 0.047056944625039766, 0.8889913873009165, 0.24374149469475298, -0.22236967160233068, -0.044870597559718, 0.8462549576342722, 0.8233860288339012, 1.0]], "x": ["^TAIEX       \u81fa\u7063\u52a0\u6b0a\u5831\u916c\u6307\u6578", "^TWII        \u81fa\u7063\u52a0\u6b0a\u6307\u6578", "^TAIEXx2     \u81fa\u7063\u52a0\u6b0a\u5831\u916c\u6307\u6578_\u65e5\u6b632", "^TAI50I      \u81fa\u706350\u5831\u916c\u6307\u6578", "^TAI50Ix2    \u81fa\u706350\u5831\u916c\u6307\u6578_\u65e5\u6b632", "^TAI100I     \u81fa\u7063\u4e2d\u578b100\u5831\u916c\u6307\u6578", "^TAI100Ix2   \u81fa\u7063\u4e2d\u578b100\u5831\u916c\u6307\u6578_\u65e5\u6b632", "^TAIDIVIDI   \u81fa\u7063\u9ad8\u80a1\u606f\u5831\u916c\u6307\u6578", "^TAIDIVIDIx2 \u81fa\u7063\u9ad8\u80a1\u606f\u5831\u916c\u6307\u6578_\u65e5\u6b632", "0050         \u5143\u5927\u81fa\u706350", "00631L       \u5143\u5927\u53f0\u706350\u6b632", "00675L       \u5bcc\u90a6\u81fa\u7063\u52a0\u6b0a\u6b632", "006208       \u5bcc\u90a6\u53f050", "0051         \u5143\u5927\u4e2d\u578b100", "006204       \u6c38\u8c50\u81fa\u7063\u52a0\u6b0a", "0056         \u5143\u5927\u9ad8\u80a1\u606f", "2412         \u4e2d\u83ef\u96fb\u4fe1", "2002         \u4e2d\u92fc", "2330         \u53f0\u7a4d\u96fb", "2317         \u9d3b\u6d77", "6505         \u53f0\u5851\u77f3\u5316", "3481         \u7fa4\u5275", "2303         \u806f\u96fb", "2308         \u53f0\u9054\u96fb", "2454         \u806f\u767c\u79d1"], "y": ["^TAIEX       \u81fa\u7063\u52a0\u6b0a\u5831\u916c\u6307\u6578", "^TWII        \u81fa\u7063\u52a0\u6b0a\u6307\u6578", "^TAIEXx2     \u81fa\u7063\u52a0\u6b0a\u5831\u916c\u6307\u6578_\u65e5\u6b632", "^TAI50I      \u81fa\u706350\u5831\u916c\u6307\u6578", "^TAI50Ix2    \u81fa\u706350\u5831\u916c\u6307\u6578_\u65e5\u6b632", "^TAI100I     \u81fa\u7063\u4e2d\u578b100\u5831\u916c\u6307\u6578", "^TAI100Ix2   \u81fa\u7063\u4e2d\u578b100\u5831\u916c\u6307\u6578_\u65e5\u6b632", "^TAIDIVIDI   \u81fa\u7063\u9ad8\u80a1\u606f\u5831\u916c\u6307\u6578", "^TAIDIVIDIx2 \u81fa\u7063\u9ad8\u80a1\u606f\u5831\u916c\u6307\u6578_\u65e5\u6b632", "0050         \u5143\u5927\u81fa\u706350", "00631L       \u5143\u5927\u53f0\u706350\u6b632", "00675L       \u5bcc\u90a6\u81fa\u7063\u52a0\u6b0a\u6b632", "006208       \u5bcc\u90a6\u53f050", "0051         \u5143\u5927\u4e2d\u578b100", "006204       \u6c38\u8c50\u81fa\u7063\u52a0\u6b0a", "0056         \u5143\u5927\u9ad8\u80a1\u606f", "2412         \u4e2d\u83ef\u96fb\u4fe1", "2002         \u4e2d\u92fc", "2330         \u53f0\u7a4d\u96fb", "2317         \u9d3b\u6d77", "6505         \u53f0\u5851\u77f3\u5316", "3481         \u7fa4\u5275", "2303         \u806f\u96fb", "2308         \u53f0\u9054\u96fb", "2454         \u806f\u767c\u79d1"], "zmin": -1, "zmax": 1, "colorbar": {"x": -0.2}}], "layout": {"autotypenumbers": "strict", "colorway": ["#636efa", "#EF553B", "#00cc96", "#ab63fa", "#FFA15A", "#19d3f3", "#FF6692", "#B6E880", "#FF97FF", "#FECB52"], "font": {"color": "#f2f5fa", "family": "Courier New"}, "hovermode": "closest", "hoverlabel": {"align": "left"}, "paper_bgcolor": "rgb(17,17,17)", "plot_bgcolor": "rgb(17,17,17)", "polar": {"bgcolor": "rgb(17,17,17)", "angularaxis": {"gridcolor": "#506784", "linecolor": "#506784", "ticks": ""}, "radialaxis": {"gridcolor": "#506784", "linecolor": "#506784", "ticks": ""}}, "ternary": {"bgcolor": "rgb(17,17,17)", "aaxis": {"gridcolor": "#506784", "linecolor": "#506784", "ticks": ""}, "baxis": {"gridcolor": "#506784", "linecolor": "#506784", "ticks": ""}, "caxis": {"gridcolor": "#506784", "linecolor": "#506784", "ticks": ""}}, "coloraxis": {"colorbar": {"outlinewidth": 0, "ticks": ""}}, "colorscale": {"sequential": [[0.0, "#0d0887"], [0.1111111111111111, "#46039f"], [0.2222222222222222, "#7201a8"], [0.3333333333333333, "#9c179e"], [0.4444444444444444, "#bd3786"], [0.5555555555555556, "#d8576b"], [0.6666666666666666, "#ed7953"], [0.7777777777777778, "#fb9f3a"], [0.8888888888888888, "#fdca26"], [1.0, "#f0f921"]], "sequentialminus": [[0.0, "#0d0887"], [0.1111111111111111, "#46039f"], [0.2222222222222222, "#7201a8"], [0.3333333333333333, "#9c179e"], [0.4444444444444444, "#bd3786"], [0.5555555555555556, "#d8576b"], [0.6666666666666666, "#ed7953"], [0.7777777777777778, "#fb9f3a"], [0.8888888888888888, "#fdca26"], [1.0, "#f0f921"]], "diverging": [[0, "#8e0152"], [0.1, "#c51b7d"], [0.2, "#de77ae"], [0.3, "#f1b6da"], [0.4, "#fde0ef"], [0.5, "#f7f7f7"], [0.6, "#e6f5d0"], [0.7, "#b8e186"], [0.8, "#7fbc41"], [0.9, "#4d9221"], [1, "#276419"]]}, "xaxis": {"gridcolor": "rgba(0, 0, 0, 0)", "linecolor": "#506784", "ticks": "", "title": {"standoff": 15}, "zerolinecolor": "#283442", "automargin": true, "zerolinewidth": 2, "tickfont": {"family": "Courier New", "size": 14}, "side": "top", "tickangle": -90}, "yaxis": {"gridcolor": "rgba(0, 0, 0, 0)", "linecolor": "#506784", "ticks": "", "title": {"standoff": 15}, "zerolinecolor": "#283442", "automargin": true, "zerolinewidth": 2, "tickfont": {"family": "Courier New"}, "side": "right"}, "scene": {"xaxis": {"backgroundcolor": "rgb(17,17,17)", "gridcolor": "#506784", "linecolor": "#506784", "showbackground": true, "ticks": "", "zerolinecolor": "#C8D4E3", "gridwidth": 2}, "yaxis": {"backgroundcolor": "rgb(17,17,17)", "gridcolor": "#506784", "linecolor": "#506784", "showbackground": true, "ticks": "", "zerolinecolor": "#C8D4E3", "gridwidth": 2}, "zaxis": {"backgroundcolor": "rgb(17,17,17)", "gridcolor": "#506784", "linecolor": "#506784", "showbackground": true, "ticks": "", "zerolinecolor": "#C8D4E3", "gridwidth": 2}}, "shapedefaults": {"line": {"color": "#f2f5fa"}}, "annotationdefaults": {"arrowcolor": "#f2f5fa", "arrowhead": 0, "arrowwidth": 1}, "geo": {"bgcolor": "rgb(17,17,17)", "landcolor": "rgb(17,17,17)", "subunitcolor": "#506784", "showland": true, "showlakes": true, "lakecolor": "rgb(17,17,17)"}, "title": {"x": 0.05, "font": {"family": "Times New Roman"}, "y": 0.05, "text": "<b>Correlation of Close<b><br><i>2016/09/23 ~ 2025/07/02<i>"}, "updatemenudefaults": {"bgcolor": "#506784", "borderwidth": 0}, "sliderdefaults": {"bgcolor": "#C8D4E3", "borderwidth": 1, "bordercolor": "rgb(17,17,17)", "tickwidth": 0}, "mapbox": {"style": "dark"}, "height": 600}};

Plotly.newPlot("correlationClose",
    correlationClose.data,
    correlationClose.layout || {},
    config);