var element=document.getElementById("correlationAdjClose");if(element.style.display!='none'){var correlationAdjClose={"data":[{"type":"heatmap","z":[[1.0,0.9943904850489993,0.9771429664426514,0.9975014430085456,0.9635114890979092,0.9825946787714837,-0.9471528781771099,0.9900829770440596,0.9722160432372778,0.9971173646308596,0.9970937956017655,0.9975852940618409,0.9937032902076652,0.9944337814596806,0.9971482017642793,0.9847196292493161,0.9996868194195784,0.9900137944302881,0.9017129943752034,0.9215012384578519,0.7236983461061148,0.9854875832916276,0.9261765051412257,0.406725498207801,-0.30293683239496044,0.8998633658455978,0.9576263078373253,0.9576159095990395,0.9802292823502552,0.965929734144912,0.9766065481150453,0.9727982444060629,0.9451868088852261,0.9810540420768088,0.9722723489333659,0.9545840679461339],[0.9943904850489993,1.0,0.9725658106498827,0.9914607143375519,0.9587012973979058,0.9783492138487836,-0.9425927217840491,0.9816834370789461,0.9657366342556004,0.9951763284846215,0.9950183064208973,0.9943896730175014,0.9926989870129267,0.9921517224415702,0.9950290218999389,0.9791991004995008,0.9968968538634809,0.9841987840942684,0.9247505670102483,0.9110597420152161,0.7384828993693934,0.9679987421419801,0.9068992889746144,0.4064632181977357,-0.23013466828744691,0.875750385693382,0.946960105040611,0.9568215538099806,0.9593798435626839,0.9527052107494742,0.9667620640612342,0.9580060576551795,0.9435939292452648,0.9705322300246587,0.9627691667720594,0.9489762530395593],[0.9771429664426514,0.9725658106498827,1.0,0.9839998568626511,0.9957354064028708,0.9781888004497417,-0.9772259617089906,0.968781431414503,0.9834500842217875,0.9895925018000955,0.9902586856607352,0.9868369195607835,0.9969293726199947,0.9967086317475923,0.9899849561692555,0.9764445346588321,0.9875811803710276,0.9684821160658276,0.8748168626677152,0.8303605979262344,0.6085788753506123,0.9910309602981772,0.9202210029847342,0.23926045350241062,-0.22726837143032103,0.8986998620325839,0.9422970060701448,0.9805515408663399,0.9297159697737339,0.9154844217032845,0.9670073477614819,0.9209862527383968,0.9036997810339688,0.9672058135767645,0.9746972707894815,0.9212883652937314],[0.9975014430085456,0.9914607143375519,0.9839998568626511,1.0,0.9762213319944623,0.9748673904002052,-0.9428694107557397,0.9838120069739528,0.9695980064356058,0.9999734235835142,0.9999902839965406,0.9999594347005933,0.9920929736036994,0.9901825754419229,0.9999441828658061,0.9743219369627978,0.9959749406136778,0.9834973652410164,0.8888043696066125,0.9067910147975436,0.6910843953645852,0.9936555580788564,0.9287119797661773,0.37919458109561277,-0.2936919606709082,0.8956623359803094,0.9583408932294057,0.9639199005116673,0.9705247444975371,0.9627764061918336,0.9792739170839163,0.9626210578512744,0.9329707247120416,0.9789397462275514,0.9709902549744805,0.9451989472186514],[0.9635114890979092,0.9587012973979058,0.9957354064028708,0.9762213319944623,1.0,0.9566853593406526,-0.9588384772963915,0.9514760783709273,0.9695963206353473,0.9847057673188642,0.9854340256830334,0.9814460586055371,0.9854448076053097,0.9819952573415699,0.9849741780157171,0.9537156113472436,0.9743072306101578,0.9509692560053086,0.8520431639104803,0.8078152306338228,0.5688540168231505,0.9892958150757588,0.9163784438153099,0.21056832001396786,-0.21945937933777257,0.8755430672471468,0.9360408234138632,0.976654619726222,0.9075356324308698,0.900487952333925,0.9606092911490272,0.8979783813519352,0.8751080055703337,0.9553695768153219,0.9618170949959588,0.8954131898733061],[0.9825946787714837,0.9783492138487836,0.9781888004497417,0.9748673904002052,0.9566853593406526,1.0,-0.9815910359080258,0.9815674164726376,0.9810691560797168,0.969767784871739,0.9700422049580915,0.9728523897534032,0.9774627914150943,0.9754669092493662,0.9699457737041817,0.9999001463178171,0.9867374502222687,0.9825622051604449,0.9013567841672837,0.866936829353937,0.6905844957637663,0.9681646622860763,0.8977546002017486,0.27591650092435077,-0.21832070887948668,0.9340635298815166,0.9375211463904144,0.9617359425506304,0.959156709633989,0.9317405082888535,0.9540650136369205,0.9537384841709828,0.9547931856711677,0.9593465096285575,0.9777073511599065,0.9557174134489067],[-0.9471528781771099,-0.9425927217840491,-0.9772259617089906,-0.9428694107557397,-0.9588384772963915,-0.9815910359080258,1.0,-0.9538370595442813,-0.9843432780740724,-0.9522049723258107,-0.9533037545991574,-0.9490212856035124,-0.9759581369291925,-0.9773797986635938,-0.95298258381725,-0.9843882301166512,-0.9672391159843157,-0.9565584818099411,-0.8696399245265449,-0.783690047853812,-0.5874866995867497,-0.9476045094944366,-0.8919703242557959,-0.13448989122965538,0.1548254445293823,-0.9005078472271927,-0.9086213133135189,-0.9605727416219819,-0.9031265300939062,-0.8669447612716056,-0.9307076263272356,-0.8954300278242395,-0.9093723053676074,-0.9304155276687903,-0.9662127759684166,-0.9104084698960452],[0.9900829770440596,0.9816834370789461,0.968781431414503,0.9838120069739528,0.9514760783709273,0.9815674164726376,-0.9538370595442813,1.0,0.9831861933268453,0.9796889007028169,0.979590068898028,0.9828175414362568,0.9761678866972218,0.9753673659699246,0.9797106417230883,0.9834339058835618,0.9879468207099488,0.9998747597000522,0.9271059734163095,0.9265037373157377,0.6580377943774315,0.9731299720588145,0.8987040350053669,0.26008656309569755,-0.3118082237655677,0.9051637801914567,0.928975726561552,0.9405094315750768,0.9786435117827201,0.9549743647251805,0.9682198736713367,0.9644432514324601,0.936990398042996,0.9611756414257646,0.9592719737222556,0.9657893312780771],[0.9722160432372778,0.9657366342556004,0.9834500842217875,0.9695980064356058,0.9695963206353473,0.9810691560797168,-0.9843432780740724,0.9831861933268453,1.0,0.9652185341085271,0.9657937224816938,0.9677720321387746,0.9742918199146794,0.971484612254528,0.9656284854660554,0.9801393674544153,0.9722844378934823,0.9824993298409018,0.9036295367604463,0.8566322477558724,0.5812001848816336,0.9690632646012834,0.911619819418453,0.11837809711444348,-0.2324640077943462,0.8852871694638853,0.9164693654091535,0.9626195566229514,0.9360894775830619,0.9012731828432948,0.9586507572312977,0.9201993564980561,0.9046358274935707,0.9487338612280326,0.971265769314633,0.9243274472860218],[0.9971173646308596,0.9951763284846215,0.9895925018000955,0.9999734235835142,0.9847057673188642,0.969767784871739,-0.9522049723258107,0.9796889007028169,0.9652185341085271,1.0,0.9999885485965136,0.999982803020022,0.9919536499297004,0.9900143338844399,0.9999499991211678,0.9699135626020278,0.9956012913668613,0.9804887722565678,0.9181136708769982,0.9339563112032531,0.6001540868613067,0.9968961824571422,0.9095160765039485,-0.07139092786234,0.414574317269307,0.9064268313699655,0.9325057666299243,0.9687620647319289,0.9623580116116919,0.9465928446690898,0.9684269108651622,0.9433775225185467,0.9170538066448793,0.9674923557265543,0.9811983436543021,0.9409121527017802],[0.9970937956017655,0.9950183064208973,0.9902586856607352,0.9999902839965406,0.9854340256830334,0.9700422049580915,-0.9533037545991574,0.979590068898028,0.9657937224816938,0.9999885485965136,1.0,0.9999728428243486,0.9921197454862266,0.9901786573435997,0.999953208228537,0.9701555691863145,0.9956297784073412,0.9803593191466884,0.9169128344069908,0.9332556072139996,0.5961146923916374,0.997172824721654,0.9089135334288981,-0.08606640196822177,0.40997970216155616,0.9054841135196974,0.9320688165506134,0.9695662720799488,0.9618645641056974,0.9454242993650014,0.9685452357623167,0.9424033780588085,0.9157033059328248,0.9676728839423566,0.9816593874807708,0.9401911054120388],[0.9975852940618409,0.9943896730175014,0.9868369195607835,0.9999594347005933,0.9814460586055371,0.9728523897534032,-0.9490212856035124,0.9828175414362568,0.9677720321387746,0.999982803020022,0.9999728428243486,1.0,0.9919424200424442,0.9899747200249143,0.999962884448248,0.9729779120543287,0.9957757590625359,0.9831711279253168,0.8990030648915975,0.9238547566940117,0.6510784551775365,0.996099557979217,0.923747350452842,0.12894602971020616,-0.19662162629562846,0.9160080865159731,0.9451520413386011,0.9593277642918187,0.9651471215274287,0.9540917692198418,0.9744229903618823,0.953584900457591,0.9305192569014212,0.9740578319141361,0.9695986389217738,0.9496743812649724],[0.9937032902076652,0.9926989870129267,0.9969293726199947,0.9920929736036994,0.9854448076053097,0.9774627914150943,-0.9759581369291925,0.9761678866972218,0.9742918199146794,0.9919536499297004,0.9921197454862266,0.9919424200424442,1.0,0.9997138894474338,0.9921111053508125,0.9777927471341588,0.9938937568116154,0.9772197860575302,0.9146383246077118,0.9184798950647748,0.534597356222374,0.9871456024200382,0.9018854386735146,-0.36365589630241046,0.4335990238916915,0.8947735273368933,0.9245954545584196,0.9789756229234591,0.9464914602338619,0.911730273998748,0.9508888852054622,0.9191605944053067,0.8876993434153273,0.9660134724096848,0.980832508062073,0.933343527086197],[0.9944337814596806,0.9921517224415702,0.9967086317475923,0.9901825754419229,0.9819952573415699,0.9754669092493662,-0.9773797986635938,0.9753673659699246,0.971484612254528,0.9900143338844399,0.9901786573435997,0.9899747200249143,0.9997138894474338,1.0,0.9903059152883896,0.9757750039666437,0.9944762033892636,0.9766327390331783,0.901109165374739,0.9265534909962014,0.40716395272083344,0.9823732862582957,0.8926183661180151,-0.7346405514974977,0.4083297890791774,0.8653857238051033,0.9194425158161754,0.9782071409718109,0.9398968316357665,0.8967443701129916,0.9427854554191291,0.9178504682273109,0.866736488362495,0.9678996261756514,0.9792747652852992,0.9257924414359496],[0.9971482017642793,0.9950290218999389,0.9899849561692555,0.9999441828658061,0.9849741780157171,0.9699457737041817,-0.95298258381725,0.9797106417230883,0.9656284854660554,0.9999499991211678,0.999953208228537,0.999962884448248,0.9921111053508125,0.9903059152883896,1.0,0.9700874450315736,0.9956582717761198,0.9804885226662752,0.9172157971007399,0.9339725148341358,0.596209516228402,0.9969845649209916,0.9090635501289756,-0.08429056484407683,0.4099888988867479,0.9053905465781443,0.929895614916519,0.9689204176341937,0.9622151491884553,0.9459838469560391,0.9685320318346953,0.9430943135579586,0.9162728238308038,0.9675726375387977,0.9815959407782137,0.9407010067544038],[0.9847196292493161,0.9791991004995008,0.9764445346588321,0.9743219369627978,0.9537156113472436,0.9999001463178171,-0.9843882301166512,0.9834339058835618,0.9801393674544153,0.9699135626020278,0.9701555691863145,0.9729779120543287,0.9777927471341588,0.9757750039666437,0.9700874450315736,1.0,0.9869950934233328,0.9827456668901146,0.9043658437884082,0.8906666167722314,0.6867332212647064,0.9663026022794965,0.8927677386902145,0.1379616279657419,-0.19728239668453504,0.942158275278338,0.9318093540827377,0.9585396989623518,0.9625681864025428,0.9288596124808388,0.9505425826165799,0.9547862752460055,0.9541631837150175,0.9616274047697458,0.9770899929008413,0.9603317811640465],[0.9996868194195784,0.9968968538634809,0.9875811803710276,0.9959749406136778,0.9743072306101578,0.9867374502222687,-0.9672391159843157,0.9879468207099488,0.9722844378934823,0.9956012913668613,0.9956297784073412,0.9957757590625359,0.9938937568116154,0.9944762033892636,0.9956582717761198,0.9869950934233328,1.0,0.9886790371345038,0.9299742904108347,0.9398033096360355,0.6435714940149243,0.9889303187915218,0.9038831617656695,-0.02923568940221304,0.432598408000459,0.92820344268252,0.9325455423521003,0.9671848066632069,0.9753547306456108,0.9505455701069581,0.9661128163851337,0.9582548818031684,0.9412431704815373,0.9732392411427118,0.9857536293076329,0.9630016372128067],[0.9900137944302881,0.9841987840942684,0.9684821160658276,0.9834973652410164,0.9509692560053086,0.9825622051604449,-0.9565584818099411,0.9998747597000522,0.9824993298409018,0.9804887722565678,0.9803593191466884,0.9831711279253168,0.9772197860575302,0.9766327390331783,0.9804885226662752,0.9827456668901146,0.9886790371345038,1.0,0.9301257527510892,0.9327505189525124,0.6561788017010383,0.9719058413314703,0.9030514538333709,0.22498486803014098,-0.2935309148062714,0.9104108441663469,0.9248352377623696,0.940495744687354,0.9791234501506048,0.9543720434311497,0.9666226845784652,0.9630247285100219,0.9368336627263557,0.9604592943217466,0.9572237193934371,0.9669879998878677],[0.9017129943752034,0.9247505670102483,0.8748168626677152,0.8888043696066125,0.8520431639104803,0.9013567841672837,-0.8696399245265449,0.9271059734163095,0.9036295367604463,0.9181136708769982,0.9169128344069908,0.8990030648915975,0.9146383246077118,0.901109165374739,0.9172157971007399,0.9043658437884082,0.9299742904108347,0.9301257527510892,1.0,0.8206260738117848,0.7134483559489662,0.8630740488896749,0.8129496543690141,0.29285077399040316,-0.1609332222790135,0.8519181620762176,0.8100324257165017,0.8506843540028289,0.8878654757909004,0.852804619475246,0.8552210466189937,0.8659855837842431,0.8518618671225153,0.852498109875268,0.8756312348079394,0.8920596326590249],[0.9215012384578519,0.9110597420152161,0.8303605979262344,0.9067910147975436,0.8078152306338228,0.866936829353937,-0.783690047853812,0.9265037373157377,0.8566322477558724,0.9339563112032531,0.9332556072139996,0.9238547566940117,0.9184798950647748,0.9265534909962014,0.9339725148341358,0.8906666167722314,0.9398033096360355,0.9327505189525124,0.8206260738117848,1.0,0.8344767970443778,0.8587351358457215,0.8731860600383244,0.661605968525215,-0.5293516079726373,0.7050562268533187,0.8886323209351771,0.8060436109982596,0.9583397488518619,0.9361276138338002,0.9006719433473215,0.9452033254315063,0.8967138380598577,0.899948086952375,0.8486371695093282,0.8823614472941612],[0.7236983461061148,0.7384828993693934,0.6085788753506123,0.6910843953645852,0.5688540168231505,0.6905844957637663,-0.5874866995867497,0.6580377943774315,0.5812001848816336,0.6001540868613067,0.5961146923916374,0.6510784551775365,0.534597356222374,0.40716395272083344,0.596209516228402,0.6867332212647064,0.6435714940149243,0.6561788017010383,0.7134483559489662,0.8344767970443778,1.0,0.6167415820567104,0.7269287994159699,0.7269206211197832,-0.11675119587156144,0.5377202013945255,0.6955894398763396,0.622913940966857,0.7829901819985887,0.7150888651808899,0.6479055069577847,0.7525595764968916,0.7597454539478873,0.6846838529554342,0.6492096490528015,0.6956098603112726],[0.9854875832916276,0.9679987421419801,0.9910309602981772,0.9936555580788564,0.9892958150757588,0.9681646622860763,-0.9476045094944366,0.9731299720588145,0.9690632646012834,0.9968961824571422,0.997172824721654,0.996099557979217,0.9871456024200382,0.9823732862582957,0.9969845649209916,0.9663026022794965,0.9889303187915218,0.9719058413314703,0.8630740488896749,0.8587351358457215,0.6167415820567104,1.0,0.9027033713312699,0.30558393390498584,-0.2869002082635,0.8810237470924683,0.948907564296006,0.9721576123874269,0.9394788711142877,0.9458994057924717,0.9716884489954934,0.9407614726953366,0.9077861019167724,0.9692506679265248,0.9567750359870998,0.9261968225754756],[0.9261765051412257,0.9068992889746144,0.9202210029847342,0.9287119797661773,0.9163784438153099,0.8977546002017486,-0.8919703242557959,0.8987040350053669,0.911619819418453,0.9095160765039485,0.9089135334288981,0.923747350452842,0.9018854386735146,0.8926183661180151,0.9090635501289756,0.8927677386902145,0.9038831617656695,0.9030514538333709,0.8129496543690141,0.8731860600383244,0.7269287994159699,0.9027033713312699,1.0,0.3483240935283117,-0.19031213920583803,0.7053824329547669,0.9171383075840774,0.8933276188112415,0.8993989961097049,0.8541325350020268,0.928317605479829,0.8710251133321014,0.8417075290930524,0.9245178607243716,0.8722799409011843,0.8500472265207463],[0.406725498207801,0.4064632181977357,0.23926045350241062,0.37919458109561277,0.21056832001396786,0.27591650092435077,-0.13448989122965538,0.26008656309569755,0.11837809711444348,-0.07139092786234,-0.08606640196822177,0.12894602971020616,-0.36365589630241046,-0.7346405514974977,-0.08429056484407683,0.1379616279657419,-0.02923568940221304,0.22498486803014098,0.29285077399040316,0.661605968525215,0.7269206211197832,0.30558393390498584,0.3483240935283117,1.0,-0.3874449613595656,0.2789740556883016,0.3422163574336046,0.19452425587131159,0.48878640492470604,0.4827378576859566,0.3387867810587719,0.5050606471481499,0.423379037966467,0.36302750494911773,0.283515854587451,0.39793401711335435],[-0.30293683239496044,-0.23013466828744691,-0.22726837143032103,-0.2936919606709082,-0.21945937933777257,-0.21832070887948668,0.1548254445293823,-0.3118082237655677,-0.2324640077943462,0.414574317269307,0.40997970216155616,-0.19662162629562846,0.4335990238916915,0.4083297890791774,0.4099888988867479,-0.19728239668453504,0.432598408000459,-0.2935309148062714,-0.1609332222790135,-0.5293516079726373,-0.11675119587156144,-0.2869002082635,-0.19031213920583803,-0.3874449613595656,1.0,-0.15183787451809078,-0.3103987166361351,-0.17940117374099504,-0.38871106295973445,-0.37777867881445126,-0.32335771700523797,-0.34569160074010336,-0.2061685273773119,-0.34871492625747913,-0.18172178696674846,-0.31762137741884594],[0.8998633658455978,0.875750385693382,0.8986998620325839,0.8956623359803094,0.8755430672471468,0.9340635298815166,-0.9005078472271927,0.9051637801914567,0.8852871694638853,0.9064268313699655,0.9054841135196974,0.9160080865159731,0.8947735273368933,0.8653857238051033,0.9053905465781443,0.942158275278338,0.92820344268252,0.9104108441663469,0.8519181620762176,0.7050562268533187,0.5377202013945255,0.8810237470924683,0.7053824329547669,0.2789740556883016,-0.15183787451809078,1.0,0.8103406845320256,0.8830122430525013,0.814359249769674,0.8601142109344542,0.8264287032799886,0.8681906886201989,0.8636229930975889,0.8574450147486574,0.8667967380776808,0.8962659263519468],[0.9576263078373253,0.946960105040611,0.9422970060701448,0.9583408932294057,0.9360408234138632,0.9375211463904144,-0.9086213133135189,0.928975726561552,0.9164693654091535,0.9325057666299243,0.9320688165506134,0.9451520413386011,0.9245954545584196,0.9194425158161754,0.929895614916519,0.9318093540827377,0.9325455423521003,0.9248352377623696,0.8100324257165017,0.8886323209351771,0.6955894398763396,0.948907564296006,0.9171383075840774,0.3422163574336046,-0.3103987166361351,0.8103406845320256,1.0,0.9268814479949277,0.9365773250548427,0.919698941677782,0.9385769329738362,0.9217704751141408,0.8895394001403346,0.9479942198956763,0.9177284888176093,0.8973777364479733],[0.9576159095990395,0.9568215538099806,0.9805515408663399,0.9639199005116673,0.976654619726222,0.9617359425506304,-0.9605727416219819,0.9405094315750768,0.9626195566229514,0.9687620647319289,0.9695662720799488,0.9593277642918187,0.9789756229234591,0.9782071409718109,0.9689204176341937,0.9585396989623518,0.9671848066632069,0.940495744687354,0.8506843540028289,0.8060436109982596,0.622913940966857,0.9721576123874269,0.8933276188112415,0.19452425587131159,-0.17940117374099504,0.8830122430525013,0.9268814479949277,1.0,0.9066418699678133,0.88824470612092,0.9418406282374469,0.8888459825553059,0.8850168239553124,0.9472506460807468,0.9723611441934422,0.8864263680565653],[0.9802292823502552,0.9593798435626839,0.9297159697737339,0.9705247444975371,0.9075356324308698,0.959156709633989,-0.9031265300939062,0.9786435117827201,0.9360894775830619,0.9623580116116919,0.9618645641056974,0.9651471215274287,0.9464914602338619,0.9398968316357665,0.9622151491884553,0.9625681864025428,0.9753547306456108,0.9791234501506048,0.8878654757909004,0.9583397488518619,0.7829901819985887,0.9394788711142877,0.8993989961097049,0.48878640492470604,-0.38871106295973445,0.814359249769674,0.9365773250548427,0.9066418699678133,1.0,0.9858737329046756,0.9641255709932702,0.9901154432038091,0.9517893740793475,0.959693707911789,0.9138512068415371,0.9671999566033195],[0.965929734144912,0.9527052107494742,0.9154844217032845,0.9627764061918336,0.900487952333925,0.9317405082888535,-0.8669447612716056,0.9549743647251805,0.9012731828432948,0.9465928446690898,0.9454242993650014,0.9540917692198418,0.911730273998748,0.8967443701129916,0.9459838469560391,0.9288596124808388,0.9505455701069581,0.9543720434311497,0.852804619475246,0.9361276138338002,0.7150888651808899,0.9458994057924717,0.8541325350020268,0.4827378576859566,-0.37777867881445126,0.8601142109344542,0.919698941677782,0.88824470612092,0.9858737329046756,1.0,0.9514923404356163,0.9835084326494844,0.9549376081928735,0.9381729296351331,0.9215954289033069,0.9620233479791699],[0.9766065481150453,0.9667620640612342,0.9670073477614819,0.9792739170839163,0.9606092911490272,0.9540650136369205,-0.9307076263272356,0.9682198736713367,0.9586507572312977,0.9684269108651622,0.9685452357623167,0.9744229903618823,0.9508888852054622,0.9427854554191291,0.9685320318346953,0.9505425826165799,0.9661128163851337,0.9666226845784652,0.8552210466189937,0.9006719433473215,0.6479055069577847,0.9716884489954934,0.928317605479829,0.3387867810587719,-0.32335771700523797,0.8264287032799886,0.9385769329738362,0.9418406282374469,0.9641255709932702,0.9514923404356163,1.0,0.9530011778007385,0.9151444906091888,0.9764697199503215,0.9589220597516273,0.941184323233224],[0.9727982444060629,0.9580060576551795,0.9209862527383968,0.9626210578512744,0.8979783813519352,0.9537384841709828,-0.8954300278242395,0.9644432514324601,0.9201993564980561,0.9433775225185467,0.9424033780588085,0.953584900457591,0.9191605944053067,0.9178504682273109,0.9430943135579586,0.9547862752460055,0.9582548818031684,0.9630247285100219,0.8659855837842431,0.9452033254315063,0.7525595764968916,0.9407614726953366,0.8710251133321014,0.5050606471481499,-0.34569160074010336,0.8681906886201989,0.9217704751141408,0.8888459825553059,0.9901154432038091,0.9835084326494844,0.9530011778007385,1.0,0.9735587717972054,0.9450035253546902,0.9378299006380577,0.9628452381047838],[0.9451868088852261,0.9435939292452648,0.9036997810339688,0.9329707247120416,0.8751080055703337,0.9547931856711677,-0.9093723053676074,0.936990398042996,0.9046358274935707,0.9170538066448793,0.9157033059328248,0.9305192569014212,0.8876993434153273,0.866736488362495,0.9162728238308038,0.9541631837150175,0.9412431704815373,0.9368336627263557,0.8518618671225153,0.8967138380598577,0.7597454539478873,0.9077861019167724,0.8417075290930524,0.423379037966467,-0.2061685273773119,0.8636229930975889,0.8895394001403346,0.8850168239553124,0.9517893740793475,0.9549376081928735,0.9151444906091888,0.9735587717972054,1.0,0.9069510747342442,0.9317403701572419,0.9538638709093771],[0.9810540420768088,0.9705322300246587,0.9672058135767645,0.9789397462275514,0.9553695768153219,0.9593465096285575,-0.9304155276687903,0.9611756414257646,0.9487338612280326,0.9674923557265543,0.9676728839423566,0.9740578319141361,0.9660134724096848,0.9678996261756514,0.9675726375387977,0.9616274047697458,0.9732392411427118,0.9604592943217466,0.852498109875268,0.899948086952375,0.6846838529554342,0.9692506679265248,0.9245178607243716,0.36302750494911773,-0.34871492625747913,0.8574450147486574,0.9479942198956763,0.9472506460807468,0.959693707911789,0.9381729296351331,0.9764697199503215,0.9450035253546902,0.9069510747342442,1.0,0.9557930252218454,0.9411299543776713],[0.9722723489333659,0.9627691667720594,0.9746972707894815,0.9709902549744805,0.9618170949959588,0.9777073511599065,-0.9662127759684166,0.9592719737222556,0.971265769314633,0.9811983436543021,0.9816593874807708,0.9695986389217738,0.980832508062073,0.9792747652852992,0.9815959407782137,0.9770899929008413,0.9857536293076329,0.9572237193934371,0.8756312348079394,0.8486371695093282,0.6492096490528015,0.9567750359870998,0.8722799409011843,0.283515854587451,-0.18172178696674846,0.8667967380776808,0.9177284888176093,0.9723611441934422,0.9138512068415371,0.9215954289033069,0.9589220597516273,0.9378299006380577,0.9317403701572419,0.9557930252218454,1.0,0.9183894634224075],[0.9545840679461339,0.9489762530395593,0.9212883652937314,0.9451989472186514,0.8954131898733061,0.9557174134489067,-0.9104084698960452,0.9657893312780771,0.9243274472860218,0.9409121527017802,0.9401911054120388,0.9496743812649724,0.933343527086197,0.9257924414359496,0.9407010067544038,0.9603317811640465,0.9630016372128067,0.9669879998878677,0.8920596326590249,0.8823614472941612,0.6956098603112726,0.9261968225754756,0.8500472265207463,0.39793401711335435,-0.31762137741884594,0.8962659263519468,0.8973777364479733,0.8864263680565653,0.9671999566033195,0.9620233479791699,0.941184323233224,0.9628452381047838,0.9538638709093771,0.9411299543776713,0.9183894634224075,1.0]],"x":["^TAIEX       \u81fa\u7063\u52a0\u6b0a\u5831\u916c\u6307\u6578","^TWII        \u81fa\u7063\u52a0\u6b0a\u6307\u6578","^TAIEXx2     \u81fa\u7063\u52a0\u6b0a\u5831\u916c\u6307\u6578_\u65e5\u6b632","^TAI50I      \u81fa\u706350\u5831\u916c\u6307\u6578","^TAI50Ix2    \u81fa\u706350\u5831\u916c\u6307\u6578_\u65e5\u6b632","^TAI100I     \u81fa\u7063\u4e2d\u578b100\u5831\u916c\u6307\u6578","^TAI100Ix2   \u81fa\u7063\u4e2d\u578b100\u5831\u916c\u6307\u6578_\u65e5\u6b632","^TAIDIVIDI   \u81fa\u7063\u9ad8\u80a1\u606f\u5831\u916c\u6307\u6578","^TAIDIVIDIx2 \u81fa\u7063\u9ad8\u80a1\u606f\u5831\u916c\u6307\u6578_\u65e5\u6b632","0050Fund     \u5143\u5927\u53f0\u7063\u5353\u8d8a50\u57fa\u91d1","006208Fund   \u5bcc\u90a6\u53f0\u7063\u91c6\u540950\u57fa\u91d1","0050         \u5143\u5927\u81fa\u706350","00631L       \u5143\u5927\u53f0\u706350\u6b632","00675L       \u5bcc\u90a6\u81fa\u7063\u52a0\u6b0a\u6b632","006208       \u5bcc\u90a6\u53f050","0051         \u5143\u5927\u4e2d\u578b100","006204       \u6c38\u8c50\u81fa\u7063\u52a0\u6b0a","0056         \u5143\u5927\u9ad8\u80a1\u606f","0056         \u5143\u5927\u9ad8\u80a1\u606f_\u80a1\u606f\u4e0d\u6295\u5165","2412         \u4e2d\u83ef\u96fb\u4fe1","2002         \u4e2d\u92fc","2330         \u53f0\u7a4d\u96fb","2317         \u9d3b\u6d77","6505         \u53f0\u5851\u77f3\u5316","3481         \u7fa4\u5275","2303         \u806f\u96fb","2308         \u53f0\u9054\u96fb","2454         \u806f\u767c\u79d1","2886         \u5146\u8c50\u91d1","2884         \u7389\u5c71\u91d1","2891         \u4e2d\u4fe1\u91d1","2892         \u7b2c\u4e00\u91d1","5880         \u5408\u5eab\u91d1","2881         \u5bcc\u90a6\u91d1","2885         \u5143\u5927\u91d1","2887         \u53f0\u65b0\u91d1"],"y":["^TAIEX       \u81fa\u7063\u52a0\u6b0a\u5831\u916c\u6307\u6578","^TWII        \u81fa\u7063\u52a0\u6b0a\u6307\u6578","^TAIEXx2     \u81fa\u7063\u52a0\u6b0a\u5831\u916c\u6307\u6578_\u65e5\u6b632","^TAI50I      \u81fa\u706350\u5831\u916c\u6307\u6578","^TAI50Ix2    \u81fa\u706350\u5831\u916c\u6307\u6578_\u65e5\u6b632","^TAI100I     \u81fa\u7063\u4e2d\u578b100\u5831\u916c\u6307\u6578","^TAI100Ix2   \u81fa\u7063\u4e2d\u578b100\u5831\u916c\u6307\u6578_\u65e5\u6b632","^TAIDIVIDI   \u81fa\u7063\u9ad8\u80a1\u606f\u5831\u916c\u6307\u6578","^TAIDIVIDIx2 \u81fa\u7063\u9ad8\u80a1\u606f\u5831\u916c\u6307\u6578_\u65e5\u6b632","0050Fund     \u5143\u5927\u53f0\u7063\u5353\u8d8a50\u57fa\u91d1","006208Fund   \u5bcc\u90a6\u53f0\u7063\u91c6\u540950\u57fa\u91d1","0050         \u5143\u5927\u81fa\u706350","00631L       \u5143\u5927\u53f0\u706350\u6b632","00675L       \u5bcc\u90a6\u81fa\u7063\u52a0\u6b0a\u6b632","006208       \u5bcc\u90a6\u53f050","0051         \u5143\u5927\u4e2d\u578b100","006204       \u6c38\u8c50\u81fa\u7063\u52a0\u6b0a","0056         \u5143\u5927\u9ad8\u80a1\u606f","0056         \u5143\u5927\u9ad8\u80a1\u606f_\u80a1\u606f\u4e0d\u6295\u5165","2412         \u4e2d\u83ef\u96fb\u4fe1","2002         \u4e2d\u92fc","2330         \u53f0\u7a4d\u96fb","2317         \u9d3b\u6d77","6505         \u53f0\u5851\u77f3\u5316","3481         \u7fa4\u5275","2303         \u806f\u96fb","2308         \u53f0\u9054\u96fb","2454         \u806f\u767c\u79d1","2886         \u5146\u8c50\u91d1","2884         \u7389\u5c71\u91d1","2891         \u4e2d\u4fe1\u91d1","2892         \u7b2c\u4e00\u91d1","5880         \u5408\u5eab\u91d1","2881         \u5bcc\u90a6\u91d1","2885         \u5143\u5927\u91d1","2887         \u53f0\u65b0\u91d1"],"zmin":-1,"zmax":1,"colorbar":{"x":-0.2}}],"layout":{"autotypenumbers":"strict","colorway":["#636efa","#EF553B","#00cc96","#ab63fa","#FFA15A","#19d3f3","#FF6692","#B6E880","#FF97FF","#FECB52"],"font":{"color":"#f2f5fa","family":"Courier New"},"hovermode":"closest","hoverlabel":{"align":"left"},"paper_bgcolor":"rgb(17,17,17)","plot_bgcolor":"rgb(17,17,17)","polar":{"bgcolor":"rgb(17,17,17)","angularaxis":{"gridcolor":"#506784","linecolor":"#506784","ticks":""},"radialaxis":{"gridcolor":"#506784","linecolor":"#506784","ticks":""}},"ternary":{"bgcolor":"rgb(17,17,17)","aaxis":{"gridcolor":"#506784","linecolor":"#506784","ticks":""},"baxis":{"gridcolor":"#506784","linecolor":"#506784","ticks":""},"caxis":{"gridcolor":"#506784","linecolor":"#506784","ticks":""}},"coloraxis":{"colorbar":{"outlinewidth":0,"ticks":""}},"colorscale":{"sequential":[[0.0,"#0d0887"],[0.1111111111111111,"#46039f"],[0.2222222222222222,"#7201a8"],[0.3333333333333333,"#9c179e"],[0.4444444444444444,"#bd3786"],[0.5555555555555556,"#d8576b"],[0.6666666666666666,"#ed7953"],[0.7777777777777778,"#fb9f3a"],[0.8888888888888888,"#fdca26"],[1.0,"#f0f921"]],"sequentialminus":[[0.0,"#0d0887"],[0.1111111111111111,"#46039f"],[0.2222222222222222,"#7201a8"],[0.3333333333333333,"#9c179e"],[0.4444444444444444,"#bd3786"],[0.5555555555555556,"#d8576b"],[0.6666666666666666,"#ed7953"],[0.7777777777777778,"#fb9f3a"],[0.8888888888888888,"#fdca26"],[1.0,"#f0f921"]],"diverging":[[0,"#8e0152"],[0.1,"#c51b7d"],[0.2,"#de77ae"],[0.3,"#f1b6da"],[0.4,"#fde0ef"],[0.5,"#f7f7f7"],[0.6,"#e6f5d0"],[0.7,"#b8e186"],[0.8,"#7fbc41"],[0.9,"#4d9221"],[1,"#276419"]]},"xaxis":{"gridcolor":"rgba(0, 0, 0, 0)","linecolor":"#506784","ticks":"","title":{"standoff":15},"zerolinecolor":"#283442","automargin":true,"zerolinewidth":2,"tickfont":{"family":"Courier New","size":14},"side":"top","tickangle":-90},"yaxis":{"gridcolor":"rgba(0, 0, 0, 0)","linecolor":"#506784","ticks":"","title":{"standoff":15},"zerolinecolor":"#283442","automargin":true,"zerolinewidth":2,"tickfont":{"family":"Courier New"},"side":"right"},"scene":{"xaxis":{"backgroundcolor":"rgb(17,17,17)","gridcolor":"#506784","linecolor":"#506784","showbackground":true,"ticks":"","zerolinecolor":"#C8D4E3","gridwidth":2},"yaxis":{"backgroundcolor":"rgb(17,17,17)","gridcolor":"#506784","linecolor":"#506784","showbackground":true,"ticks":"","zerolinecolor":"#C8D4E3","gridwidth":2},"zaxis":{"backgroundcolor":"rgb(17,17,17)","gridcolor":"#506784","linecolor":"#506784","showbackground":true,"ticks":"","zerolinecolor":"#C8D4E3","gridwidth":2}},"shapedefaults":{"line":{"color":"#f2f5fa"}},"annotationdefaults":{"arrowcolor":"#f2f5fa","arrowhead":0,"arrowwidth":1},"geo":{"bgcolor":"rgb(17,17,17)","landcolor":"rgb(17,17,17)","subunitcolor":"#506784","showland":true,"showlakes":true,"lakecolor":"rgb(17,17,17)"},"title":{"x":0.05,"font":{"family":"Times New Roman"},"y":0.05,"text":"<b>Correlation of Adj Close<b><br><i>2016-09-23 ~ 2025-09-23<i>"},"updatemenudefaults":{"bgcolor":"#506784","borderwidth":0},"sliderdefaults":{"bgcolor":"#C8D4E3","borderwidth":1,"bordercolor":"rgb(17,17,17)","tickwidth":0},"mapbox":{"style":"dark"},"annotations":[{"text":"<b>@zwindr<b>","textangle":0,"opacity":0.5,"font":{"color":"white","size":12},"xref":"paper","yref":"paper","xanchor":"left","yanchor":"bottom","x":1.0,"y":1.0,"showarrow":false}]},"config":{"responsive":true,"toImageButtonOptions":{"filename":"Correlation of Adj Close_2016-09-23~2025-09-23","scale":5}}};Plotly.newPlot("correlationAdjClose",correlationAdjClose.data,correlationAdjClose.layout||{},correlationAdjClose.config);}else{console.log("style display is none => correlationAdjClose");}