var config = { responsive: true }

var correlationAdjClose = {"data": [{"type": "heatmap", "z": [[1.0, 0.9934403382971237, 0.9748809787159267, 0.9978267614699436, 0.9631247840913115, 0.9797433526185356, -0.9373129207709119, 0.9890231676026011, 0.9666875909505503, 0.9965885091508273, 0.9933552693774714, 0.994700349026447, 0.9972417338818553, 0.9772037017766361, 0.9995414426030185, 0.9860110360086636, 0.9106925298818358, 0.7648119557201808, 0.985849728418151, 0.9204236128518998, 0.5085006693815214, -0.3275291235187538, 0.8958903688985389, 0.9725705458984941, 0.9510759451031426], [0.9934403382971237, 1.0, 0.9701825292368653, 0.9911867824461159, 0.9590763965073467, 0.9746860485579251, -0.9322800431820374, 0.9789974557319632, 0.9593293363971851, 0.9938765089213656, 0.9918588364510642, 0.9912490208738974, 0.9953537217741524, 0.9717817048019459, 0.9962730790804208, 0.9819533304286123, 0.8991042226928047, 0.7697374601734126, 0.9663358809069686, 0.8981050271786025, 0.504025554520441, -0.24921456730728658, 0.8671507648490329, 0.9594199101596658, 0.9519827819721679], [0.9748809787159267, 0.9701825292368653, 1.0, 0.9809043824848172, 0.996276006244968, 0.978076337094669, -0.9741753025300192, 0.9677402132522698, 0.9823261399911047, 0.9850862709385885, 0.9977034057900875, 0.9977204049973935, 0.9881776121499162, 0.9764389339276226, 0.9870922575140699, 0.9744832025271779, 0.8099741953848126, 0.6549600994570882, 0.98924832275591, 0.9090027061624822, 0.33994813802127194, -0.24251679000361956, 0.9048532244762986, 0.937566057092373, 0.9783093937178472], [0.9978267614699436, 0.9911867824461159, 0.9809043824848172, 1.0, 0.9743191491246564, 0.9718771873170883, -0.9318433700986191, 0.9833760202774537, 0.9637511326205355, 0.9992303101364677, 0.9931549219818899, 0.9923268875739641, 0.99990003732453, 0.9669468374519754, 0.9959873175157467, 0.9807093758477379, 0.8963426768240798, 0.7382148707999873, 0.993144844347127, 0.9224361681328846, 0.4900392671942681, -0.32012874511757633, 0.8959237026003144, 0.9665043770107937, 0.9564331451093067], [0.9631247840913115, 0.9590763965073467, 0.996276006244968, 0.9743191491246564, 1.0, 0.957740722670403, -0.9556057195676996, 0.9528888895274669, 0.9698627715027882, 0.9811590029479801, 0.988810277910429, 0.9853949850584314, 0.9842105212236759, 0.9552797460261486, 0.9753702080493316, 0.9597808011598481, 0.789626523345332, 0.6236175235488416, 0.9878892030959028, 0.906258820153272, 0.3218812191082812, -0.23609863698726521, 0.8887538316776131, 0.9223779117610691, 0.9753264772398363], [0.9797433526185356, 0.9746860485579251, 0.978076337094669, 0.9718771873170883, 0.957740722670403, 1.0, -0.9790075868420783, 0.978693781945922, 0.9781959760974601, 0.9709937261462857, 0.9755291976696535, 0.9734946097264293, 0.9676948239449186, 0.9988354264653284, 0.9855284634160832, 0.9852996847241096, 0.847566917206204, 0.7310354852165327, 0.9666117419178952, 0.8868632328179575, 0.3692519813648725, -0.2330980517003415, 0.9341369801587223, 0.9541299708566636, 0.9583599149362996], [-0.9373129207709119, -0.9322800431820374, -0.9741753025300192, -0.9318433700986191, -0.9556057195676996, -0.9790075868420783, 1.0, -0.9471738995900757, -0.9821976053115965, -0.9399117689760648, -0.9721219832754864, -0.9742424017622898, -0.9460472018609916, -0.9855631443717542, -0.9623802759036836, -0.9637448828358622, -0.7531408759275792, -0.6252222170237947, -0.9388633710305843, -0.8736331894238201, -0.21896803324719982, 0.15957867782185403, -0.9004273451909205, -0.9064660781375163, -0.9563511168623904], [0.9890231676026011, 0.9789974557319632, 0.9677402132522698, 0.9833760202774537, 0.9528888895274669, 0.978693781945922, -0.9471738995900757, 1.0, 0.9806994802467033, 0.9801311417264097, 0.9744434284822188, 0.9738078394041717, 0.9784800246296002, 0.974615821801474, 0.98642635224538, 0.9962585612762274, 0.9180912434642226, 0.7046838089418086, 0.9733695970712403, 0.8925253478753173, 0.38675893580325504, -0.33515564274304305, 0.9016166764620562, 0.9527484978979817, 0.9321456777303299], [0.9666875909505503, 0.9593293363971851, 0.9823261399911047, 0.9637511326205355, 0.9698627715027882, 0.9781959760974601, -0.9821976053115965, 0.9806994802467033, 1.0, 0.9628809614646634, 0.9708329088427495, 0.9678384123089679, 0.9597773038082591, 0.9763713558273364, 0.9672698723669142, 0.9865491243850848, 0.838555609029323, 0.6294873280051816, 0.9645180213783687, 0.901196622084167, 0.23844171479282905, -0.2458245353809108, 0.8827076526589143, 0.9263807684163461, 0.9565860954597072], [0.9965885091508273, 0.9938765089213656, 0.9850862709385885, 0.9992303101364677, 0.9811590029479801, 0.9709937261462857, -0.9399117689760648, 0.9801311417264097, 0.9628809614646634, 1.0, 0.9918892714964899, 0.9906273186889272, 0.9998322876553952, 0.9679163195540896, 0.9951787006613606, 0.9808258375030264, 0.9081215204459921, 0.7185997676518178, 0.9955630518759877, 0.9156452158632484, 0.32692013307416423, -0.26905509029281804, 0.9296248397999793, 0.9553756923879473, 0.9543150674724582], [0.9933552693774714, 0.9918588364510642, 0.9977034057900875, 0.9931549219818899, 0.988810277910429, 0.9755291976696535, -0.9721219832754864, 0.9744434284822188, 0.9708329088427495, 0.9918892714964899, 1.0, 0.9996518097309007, 0.9927877857364091, 0.9765526972723236, 0.9936690666926798, 0.975789170021231, 0.9037799256865499, 0.6186035354479199, 0.9895459284596714, 0.8862259494563035, -0.2334949421168636, 0.47934230904926944, 0.9065460244887583, 0.9511667878872555, 0.9798732230340635], [0.994700349026447, 0.9912490208738974, 0.9977204049973935, 0.9923268875739641, 0.9853949850584314, 0.9734946097264293, -0.9742424017622898, 0.9738078394041717, 0.9678384123089679, 0.9906273186889272, 0.9996518097309007, 1.0, 0.991929099942611, 0.9746100999366236, 0.9947292380636105, 0.9753231858035301, 0.9149872897781927, 0.5119796450833685, 0.985494044958171, 0.872729072068173, -0.6794932100009469, 0.5218656359790832, 0.8796291363846724, 0.9479527188236148, 0.9800401916328703], [0.9972417338818553, 0.9953537217741524, 0.9881776121499162, 0.99990003732453, 0.9842105212236759, 0.9676948239449186, -0.9460472018609916, 0.9784800246296002, 0.9597773038082591, 0.9998322876553952, 0.9927877857364091, 0.991929099942611, 1.0, 0.9685317622589901, 0.9955329596611431, 0.979599145733704, 0.9253569861368034, 0.6834455992877713, 0.997130949296173, 0.8946649078435004, 0.08305342196564044, 0.3774034268348146, 0.9197331431951137, 0.9472379030830798, 0.9626989889847748], [0.9772037017766361, 0.9717817048019459, 0.9764389339276226, 0.9669468374519754, 0.9552797460261486, 0.9988354264653284, -0.9855631443717542, 0.974615821801474, 0.9763713558273364, 0.9679163195540896, 0.9765526972723236, 0.9746100999366236, 0.9685317622589901, 1.0, 0.9857167428431637, 0.9829574833708599, 0.8614599777611612, 0.7354404605405184, 0.961974214242545, 0.876072131623352, 0.2363350981881317, -0.1873186521551844, 0.943621152339527, 0.9489202039022544, 0.9575121081472547], [0.9995414426030185, 0.9962730790804208, 0.9870922575140699, 0.9959873175157467, 0.9753702080493316, 0.9855284634160832, -0.9623802759036836, 0.98642635224538, 0.9672698723669142, 0.9951787006613606, 0.9936690666926798, 0.9947292380636105, 0.9955329596611431, 0.9857167428431637, 1.0, 0.9867614302160935, 0.9327405280412037, 0.7183181302405874, 0.9897172833472098, 0.8912392827629372, 0.12525437632875602, 0.376366516608138, 0.9371068140082174, 0.9577533415867135, 0.9623163011190426], [0.9860110360086636, 0.9819533304286123, 0.9744832025271779, 0.9807093758477379, 0.9597808011598481, 0.9852996847241096, -0.9637448828358622, 0.9962585612762274, 0.9865491243850848, 0.9808258375030264, 0.975789170021231, 0.9753231858035301, 0.979599145733704, 0.9829574833708599, 0.9867614302160935, 1.0, 0.8998160375452259, 0.7068041151902751, 0.972656599219488, 0.8925422163391908, 0.3198468302531573, -0.2591756634608339, 0.91365971275517, 0.9421348900708417, 0.9437654715934718], [0.9106925298818358, 0.8991042226928047, 0.8099741953848126, 0.8963426768240798, 0.789626523345332, 0.847566917206204, -0.7531408759275792, 0.9180912434642226, 0.838555609029323, 0.9081215204459921, 0.9037799256865499, 0.9149872897781927, 0.9253569861368034, 0.8614599777611612, 0.9327405280412037, 0.8998160375452259, 1.0, 0.8621103667754658, 0.8444859584649905, 0.8688394388776338, 0.7540208562705306, -0.575496538582565, 0.6648612520903463, 0.908331673606313, 0.7831055896769888], [0.7648119557201808, 0.7697374601734126, 0.6549600994570882, 0.7382148707999873, 0.6236175235488416, 0.7310354852165327, -0.6252222170237947, 0.7046838089418086, 0.6294873280051816, 0.7185997676518178, 0.6186035354479199, 0.5119796450833685, 0.6834455992877713, 0.7354404605405184, 0.7183181302405874, 0.7068041151902751, 0.8621103667754658, 1.0, 0.6583448058539217, 0.7598332628796517, 0.7389877811256281, -0.14732867485170142, 0.5387356029406003, 0.7738911936392634, 0.6641317772962909], [0.985849728418151, 0.9663358809069686, 0.98924832275591, 0.993144844347127, 0.9878892030959028, 0.9666117419178952, -0.9388633710305843, 0.9733695970712403, 0.9645180213783687, 0.9955630518759877, 0.9895459284596714, 0.985494044958171, 0.997130949296173, 0.961974214242545, 0.9897172833472098, 0.972656599219488, 0.8444859584649905, 0.6583448058539217, 1.0, 0.8933309516605362, 0.42059099488394514, -0.3138546612354118, 0.884783533232654, 0.9487781650158319, 0.9655399021761555], [0.9204236128518998, 0.8981050271786025, 0.9090027061624822, 0.9224361681328846, 0.906258820153272, 0.8868632328179575, -0.8736331894238201, 0.8925253478753173, 0.901196622084167, 0.9156452158632484, 0.8862259494563035, 0.872729072068173, 0.8946649078435004, 0.876072131623352, 0.8912392827629372, 0.8925422163391908, 0.8688394388776338, 0.7598332628796517, 0.8933309516605362, 1.0, 0.4584769242657177, -0.21533890824525173, 0.6869351627274325, 0.9160012342135925, 0.8788401228910699], [0.5085006693815214, 0.504025554520441, 0.33994813802127194, 0.4900392671942681, 0.3218812191082812, 0.3692519813648725, -0.21896803324719982, 0.38675893580325504, 0.23844171479282905, 0.32692013307416423, -0.2334949421168636, -0.6794932100009469, 0.08305342196564044, 0.2363350981881317, 0.12525437632875602, 0.3198468302531573, 0.7540208562705306, 0.7389877811256281, 0.42059099488394514, 0.4584769242657177, 1.0, -0.4434342592731217, 0.33227704008932557, 0.4896957223979248, 0.2888040304443621], [-0.3275291235187538, -0.24921456730728658, -0.24251679000361956, -0.32012874511757633, -0.23609863698726521, -0.2330980517003415, 0.15957867782185403, -0.33515564274304305, -0.2458245353809108, -0.26905509029281804, 0.47934230904926944, 0.5218656359790832, 0.3774034268348146, -0.1873186521551844, 0.376366516608138, -0.2591756634608339, -0.575496538582565, -0.14732867485170142, -0.3138546612354118, -0.21533890824525173, -0.4434342592731217, 1.0, -0.16949738790208144, -0.3579615307709331, -0.18555524065511797], [0.8958903688985389, 0.8671507648490329, 0.9048532244762986, 0.8959237026003144, 0.8887538316776131, 0.9341369801587223, -0.9004273451909205, 0.9016166764620562, 0.8827076526589143, 0.9296248397999793, 0.9065460244887583, 0.8796291363846724, 0.9197331431951137, 0.943621152339527, 0.9371068140082174, 0.91365971275517, 0.6648612520903463, 0.5387356029406003, 0.884783533232654, 0.6869351627274325, 0.33227704008932557, -0.16949738790208144, 1.0, 0.827298125529383, 0.8839620747495934], [0.9725705458984941, 0.9594199101596658, 0.937566057092373, 0.9665043770107937, 0.9223779117610691, 0.9541299708566636, -0.9064660781375163, 0.9527484978979817, 0.9263807684163461, 0.9553756923879473, 0.9511667878872555, 0.9479527188236148, 0.9472379030830798, 0.9489202039022544, 0.9577533415867135, 0.9421348900708417, 0.908331673606313, 0.7738911936392634, 0.9487781650158319, 0.9160012342135925, 0.4896957223979248, -0.3579615307709331, 0.827298125529383, 1.0, 0.9272775941007658], [0.9510759451031426, 0.9519827819721679, 0.9783093937178472, 0.9564331451093067, 0.9753264772398363, 0.9583599149362996, -0.9563511168623904, 0.9321456777303299, 0.9565860954597072, 0.9543150674724582, 0.9798732230340635, 0.9800401916328703, 0.9626989889847748, 0.9575121081472547, 0.9623163011190426, 0.9437654715934718, 0.7831055896769888, 0.6641317772962909, 0.9655399021761555, 0.8788401228910699, 0.2888040304443621, -0.18555524065511797, 0.8839620747495934, 0.9272775941007658, 1.0]], "x": ["^TAIEX       \u81fa\u7063\u52a0\u6b0a\u5831\u916c\u6307\u6578", "^TWII        \u81fa\u7063\u52a0\u6b0a\u6307\u6578", "^TAIEXx2     \u81fa\u7063\u52a0\u6b0a\u5831\u916c\u6307\u6578_\u65e5\u6b632", "^TAI50I      \u81fa\u706350\u5831\u916c\u6307\u6578", "^TAI50Ix2    \u81fa\u706350\u5831\u916c\u6307\u6578_\u65e5\u6b632", "^TAI100I     \u81fa\u7063\u4e2d\u578b100\u5831\u916c\u6307\u6578", "^TAI100Ix2   \u81fa\u7063\u4e2d\u578b100\u5831\u916c\u6307\u6578_\u65e5\u6b632", "^TAIDIVIDI   \u81fa\u7063\u9ad8\u80a1\u606f\u5831\u916c\u6307\u6578", "^TAIDIVIDIx2 \u81fa\u7063\u9ad8\u80a1\u606f\u5831\u916c\u6307\u6578_\u65e5\u6b632", "0050         \u5143\u5927\u81fa\u706350", "00631L       \u5143\u5927\u53f0\u706350\u6b632", "00675L       \u5bcc\u90a6\u81fa\u7063\u52a0\u6b0a\u6b632", "006208       \u5bcc\u90a6\u53f050", "0051         \u5143\u5927\u4e2d\u578b100", "006204       \u6c38\u8c50\u81fa\u7063\u52a0\u6b0a", "0056         \u5143\u5927\u9ad8\u80a1\u606f", "2412         \u4e2d\u83ef\u96fb\u4fe1", "2002         \u4e2d\u92fc", "2330         \u53f0\u7a4d\u96fb", "2317         \u9d3b\u6d77", "6505         \u53f0\u5851\u77f3\u5316", "3481         \u7fa4\u5275", "2303         \u806f\u96fb", "2308         \u53f0\u9054\u96fb", "2454         \u806f\u767c\u79d1"], "y": ["^TAIEX       \u81fa\u7063\u52a0\u6b0a\u5831\u916c\u6307\u6578", "^TWII        \u81fa\u7063\u52a0\u6b0a\u6307\u6578", "^TAIEXx2     \u81fa\u7063\u52a0\u6b0a\u5831\u916c\u6307\u6578_\u65e5\u6b632", "^TAI50I      \u81fa\u706350\u5831\u916c\u6307\u6578", "^TAI50Ix2    \u81fa\u706350\u5831\u916c\u6307\u6578_\u65e5\u6b632", "^TAI100I     \u81fa\u7063\u4e2d\u578b100\u5831\u916c\u6307\u6578", "^TAI100Ix2   \u81fa\u7063\u4e2d\u578b100\u5831\u916c\u6307\u6578_\u65e5\u6b632", "^TAIDIVIDI   \u81fa\u7063\u9ad8\u80a1\u606f\u5831\u916c\u6307\u6578", "^TAIDIVIDIx2 \u81fa\u7063\u9ad8\u80a1\u606f\u5831\u916c\u6307\u6578_\u65e5\u6b632", "0050         \u5143\u5927\u81fa\u706350", "00631L       \u5143\u5927\u53f0\u706350\u6b632", "00675L       \u5bcc\u90a6\u81fa\u7063\u52a0\u6b0a\u6b632", "006208       \u5bcc\u90a6\u53f050", "0051         \u5143\u5927\u4e2d\u578b100", "006204       \u6c38\u8c50\u81fa\u7063\u52a0\u6b0a", "0056         \u5143\u5927\u9ad8\u80a1\u606f", "2412         \u4e2d\u83ef\u96fb\u4fe1", "2002         \u4e2d\u92fc", "2330         \u53f0\u7a4d\u96fb", "2317         \u9d3b\u6d77", "6505         \u53f0\u5851\u77f3\u5316", "3481         \u7fa4\u5275", "2303         \u806f\u96fb", "2308         \u53f0\u9054\u96fb", "2454         \u806f\u767c\u79d1"], "zmin": -1, "zmax": 1, "colorbar": {"x": -0.2}}], "layout": {"title": {"text": "<b>Correlation of Adj Close <b><br><i>2016/09/23 ~ 2025/04/15<i>", "y": 0.05, "font": {"family": "Times New Roman"}, "x": 0.05}, "xaxis": {"side": "top", "tickangle": -90, "gridcolor": "rgba(0, 0, 0, 0)", "tickfont": {"family": "Courier New", "size": 14}, "automargin": true}, "yaxis": {"side": "right", "gridcolor": "rgba(0, 0, 0, 0)", "tickfont": {"family": "Courier New"}, "automargin": true}, "height": 600, "font": {"family": "Courier New", "color": "#ffffff"}, "plot_bgcolor": "#000", "paper_bgcolor": "#000"}};

Plotly.newPlot("correlationAdjClose",
    correlationAdjClose.data,
    correlationAdjClose.layout || {},
    config);