var element=document.getElementById("correlationAdjClose");if(element.style.display!='none'){var correlationAdjClose={"data":[{"type":"heatmap","z":[[1.0,0.9957699704140892,0.968263641555845,0.9965917688309524,0.9407069748375624,0.9861137084838706,0.9603060619712843,0.9850410312723237,0.9778170996250933,0.9967385069729751,0.996339512730549,0.9967423561739587,0.9894964401910705,0.9909436263023955,0.9964470599608085,0.9871595150559308,0.999743440644231,0.9845266513231945,0.8925512385619625,0.9096597252774257,0.6488446076252029,0.9839352507276262,0.9422825905869026,0.3197462230914408,-0.27019759003097055,0.9054742862825915,0.914914636830424,0.965719114825038,0.9652708044562672,0.9604993607172322,0.9821562667262965,0.9626803367925993,0.9268980064400503,0.9811938111514991,0.9789858393970977,0.960840563418251],[0.9957699704140892,1.0,0.9671293947737752,0.9926278213217237,0.9398315271317065,0.9826090603042333,0.9577732814215678,0.9771002331746144,0.9724213498283559,0.9937808550772311,0.9954375102503171,0.9950280313947547,0.9900038247119664,0.9906563472669924,0.995516078699817,0.9827371641127238,0.9978101406475325,0.978725915490613,0.90881021064668,0.8994692287048532,0.6721492447948644,0.9717171649562786,0.9262631616889998,0.3176907623290886,-0.20637482028200205,0.8863857843528905,0.9127009020453589,0.9651213214798107,0.947331180817824,0.9488680719959088,0.9747566614579795,0.9491994300084642,0.9257644048125586,0.9723796317066413,0.9716982191689774,0.9562372956976853],[0.968263641555845,0.9671293947737752,1.0,0.9816398928890053,0.9935792087058621,0.9626473776470043,0.9780186059092543,0.9355219441272601,0.9638127572680503,0.9814969191501272,0.9882720318435335,0.9850133062602144,0.9972294740453698,0.9970741018214656,0.9879509039106444,0.9597636213354829,0.979495328187131,0.9344635327690178,0.8288192267008105,0.794349476115691,0.49458817239573777,0.9914119991850925,0.9281423870630836,0.1449123805731748,-0.18394378735593997,0.8712401114489482,0.9559744889981118,0.9614510237084744,0.879655359379237,0.8836005106007119,0.962369742447696,0.8802980488857652,0.8434294248199458,0.9415806118960502,0.96651744265528,0.912016273076225],[0.9965917688309524,0.9926278213217237,0.9816398928890053,1.0,0.9620585337992297,0.9774015257487932,0.9600300245335837,0.9727007138946453,0.972502072151853,0.9999758534241336,0.9999935359766753,0.9999691753637624,0.9934801992706516,0.9930055384485608,0.9999596583850946,0.9758219390710963,0.9959570438054776,0.9717372279625935,0.870362633841851,0.8860459370777283,0.6039869361512767,0.9943032855514744,0.9449997812189892,0.2824553564524013,-0.25489675803179973,0.8941381007142472,0.9338519289066904,0.9673667528268207,0.9464053293227607,0.9490232642381218,0.9835649344784457,0.944542636987274,0.9045727161733464,0.9745035923142925,0.9770980706513788,0.9490164447321559],[0.9407069748375624,0.9398315271317065,0.9935792087058621,0.9620585337992297,1.0,0.9276164186656949,0.9537256597715108,0.8963572020944637,0.9325091020368743,0.9623427114856499,0.9722702556649268,0.968061613875297,0.9830723336303372,0.9815643652516138,0.9717191581740513,0.9235224714638347,0.9540120260642488,0.8948391476045642,0.7807483813693358,0.7489429635949475,0.43385873127619706,0.9799168461505293,0.9097169114932228,0.10672962194601952,-0.16559613154170855,0.82732470551041,0.9661900601353016,0.9358567631443456,0.8322075073210015,0.8447040502688049,0.9404509497549388,0.8344761986856429,0.7896763946508555,0.9086646752331375,0.939362299653557,0.8728580437328577],[0.9861137084838706,0.9826090603042333,0.9626473776470043,0.9774015257487932,0.9276164186656949,1.0,0.9828871103421042,0.9820177761903758,0.9851022697064555,0.9769568165542006,0.9713795085603062,0.9748964907202875,0.9666743951074079,0.9643707847484819,0.9714458714000727,0.9999124516618049,0.9880535591945618,0.9827222172871828,0.8992354378234115,0.8711312858677367,0.6193791992965829,0.9676729320003145,0.9179799675530951,0.2048029999612035,-0.20192831656139235,0.9355904760278985,0.8880220039915181,0.9694351430672361,0.9525436441161426,0.9358704631508442,0.9640046405953989,0.9511652390083081,0.9408137757899678,0.9653124398533499,0.9821779410855314,0.9632971690811263],[0.9603060619712843,0.9577732814215678,0.9780186059092543,0.9600300245335837,0.9537256597715108,0.9828871103421042,1.0,0.9504085868315608,0.9832032710613008,0.958964022642378,0.967596185674613,0.9646168990926246,0.9785055664134547,0.9782994916803599,0.9674172662347177,0.9839791408189806,0.9766752276881491,0.9523559999871397,0.8571097118401335,0.7894253496785953,0.5029177727501216,0.9633985060543122,0.9186921382977263,0.06940444370008082,-0.14032842883324734,0.8955783962390998,0.9067007513102711,0.9643610177332832,0.8908805337078475,0.8723739233487503,0.948473811141126,0.8897446795663823,0.8831441528047642,0.936280352873512,0.9736918175138013,0.9221634480193627],[0.9850410312723237,0.9771002331746144,0.9355219441272601,0.9727007138946453,0.8963572020944637,0.9820177761903758,0.9504085868315608,1.0,0.9840517745226401,0.9726763315383967,0.9669034312638488,0.9713414202219467,0.9494333019982194,0.9475730793483202,0.9672280648744677,0.9838366276538717,0.9815816292510892,0.9998925446029582,0.929833659791921,0.9317964704023929,0.5976666169622645,0.9564332583616297,0.9091425965348061,0.18143354105900952,-0.2930170522446958,0.9147214287859191,0.843782829893004,0.9487739767015996,0.9779296012692943,0.9603538413057369,0.9672867766424511,0.9674244049418381,0.936068933161337,0.9670537405648693,0.9606317618638972,0.9705828066122129],[0.9778170996250933,0.9724213498283559,0.9638127572680503,0.972502072151853,0.9325091020368743,0.9851022697064555,0.9832032710613008,0.9840517745226401,1.0,0.9718911953040589,0.9670907501773306,0.9704866242959153,0.9615576099860156,0.9573494969818315,0.9671244355096537,0.9843188954188405,0.9766860722479147,0.9834094046270483,0.9020715976936167,0.8663720998197533,0.510227828091207,0.9670803607708909,0.9287567947741011,0.042936461390623556,-0.21456747523748343,0.8943750013139813,0.869149550004503,0.9696562657624974,0.9348361567243655,0.9116103439414142,0.966970706904636,0.9248445550230737,0.8987302255376529,0.9580149614414172,0.9765627451779556,0.9379062966458744],[0.9967385069729751,0.9937808550772311,0.9814969191501272,0.9999758534241336,0.9623427114856499,0.9769568165542006,0.958964022642378,0.9726763315383967,0.9718911953040589,1.0,0.9999925773156368,0.9999850962157749,0.9934650326606953,0.9929927105116048,0.9999626649278679,0.97537862280926,0.9958487967723101,0.9717991922129334,0.8719194340142453,0.887329285346354,0.5992917353920147,0.9945125116872403,0.9452128677621741,0.28709632799686186,-0.25435844627832993,0.8944148103025046,0.9325256389402036,0.9661704024335883,0.9459472490508068,0.9481131919741594,0.9828705941859914,0.9438531294279076,0.9031489502529509,0.973721112832636,0.97632794517495,0.9479020365104043],[0.996339512730549,0.9954375102503171,0.9882720318435335,0.9999935359766753,0.9722702556649268,0.9713795085603062,0.967596185674613,0.9669034312638488,0.9670907501773306,0.9999925773156368,1.0,0.9999781555406452,0.9935291877921747,0.9930359476637407,0.9999647888422232,0.9708822068761441,0.995675645128191,0.9671410506770106,0.8886028901378024,0.9163032024704256,0.4532815850371853,0.9974456698702844,0.9345134594088856,-0.1908474266918251,0.4713361396435209,0.8861728144088608,0.9125791524127307,0.9659398385168338,0.9319626854980786,0.9307558294072619,0.9769323163600234,0.9213032135325787,0.8709690259246401,0.9641778325548505,0.9831844145351762,0.9453727638849947],[0.9967423561739587,0.9950280313947547,0.9850133062602144,0.9999691753637624,0.968061613875297,0.9748964907202875,0.9646168990926246,0.9713414202219467,0.9704866242959153,0.9999850962157749,0.9999781555406452,1.0,0.9934706805520523,0.992978621189364,0.999972169957572,0.9745811507461632,0.995773114193683,0.9711333802828621,0.8789941654510587,0.9044602190144398,0.5278729363978946,0.9965155101753356,0.9432625346736959,0.01636633694307341,-0.13037892885323146,0.9021812944078915,0.9215545990140861,0.9620808812794432,0.9373132374971851,0.9377215430585485,0.980231336177101,0.9329729970408126,0.8933025932653209,0.9696985436903155,0.9763552981548969,0.9505007068083647],[0.9894964401910705,0.9900038247119664,0.9972294740453698,0.9934801992706516,0.9830723336303372,0.9666743951074079,0.9785055664134547,0.9494333019982194,0.9615576099860156,0.9934650326606953,0.9935291877921747,0.9934706805520523,1.0,0.9998364919498277,0.9934377421835578,0.96610023324372,0.9902017719145656,0.9495145821132845,0.8616237385868164,0.8966509619732324,0.35549446534915125,0.9918605190272726,0.9257550376769332,-0.4320058658233427,0.4982819313307174,0.8578737116692453,0.9280670809336389,0.9593701013665216,0.8979185743782443,0.8935740861112548,0.962212749947754,0.8874323676388058,0.8201036489883378,0.9494854400592403,0.9748447610492639,0.9355028547369143],[0.9909436263023955,0.9906563472669924,0.9970741018214656,0.9930055384485608,0.9815643652516138,0.9643707847484819,0.9782994916803599,0.9475730793483202,0.9573494969818315,0.9929927105116048,0.9930359476637407,0.992978621189364,0.9998364919498277,1.0,0.9930547049256987,0.9637137939952999,0.9914461871409634,0.9477649008535921,0.8453965958241931,0.9071997659758809,0.20771922007420002,0.9895845043946377,0.9188559164546171,-0.7301959298881678,0.47894851800741817,0.8284142041857971,0.9294117026633929,0.9540064147744152,0.8881267644237238,0.886657081881796,0.95807984768002,0.8890555156907725,0.7943378321474139,0.9460620753743294,0.9734937913282933,0.9346214732152547],[0.9964470599608085,0.995516078699817,0.9879509039106444,0.9999596583850946,0.9717191581740513,0.9714458714000727,0.9674172662347177,0.9672280648744677,0.9671244355096537,0.9999626649278679,0.9999647888422232,0.999972169957572,0.9934377421835578,0.9930547049256987,1.0,0.9710711126252052,0.9957778139451084,0.967405004846083,0.8891160559221748,0.916901615197162,0.45361117846652627,0.9972681433105764,0.9344289695388072,-0.1884574680660385,0.4734711145064914,0.8864665594552965,0.9113173992917946,0.9656870657127911,0.9321664581738704,0.9311063161488395,0.9769536299984701,0.9218203596007637,0.8714055870715592,0.9640836947358105,0.9832530138505678,0.946099847361719],[0.9871595150559308,0.9827371641127238,0.9597636213354829,0.9758219390710963,0.9235224714638347,0.9999124516618049,0.9839791408189806,0.9838366276538717,0.9843188954188405,0.97537862280926,0.9708822068761441,0.9745811507461632,0.96610023324372,0.9637137939952999,0.9710711126252052,1.0,0.9879670099712444,0.9830156855858176,0.9021123998654278,0.8951309429392004,0.6003085208821171,0.9651074648750053,0.9132892175082226,0.054627591064517964,-0.16595340031751965,0.941495459232694,0.8760073596983369,0.9670467905004277,0.9554560919002809,0.9334172195935315,0.9610664664256418,0.9523071165117092,0.9386706535340573,0.9672630015889899,0.981371882216222,0.9669410633778734],[0.999743440644231,0.9978101406475325,0.979495328187131,0.9959570438054776,0.9540120260642488,0.9880535591945618,0.9766752276881491,0.9815816292510892,0.9766860722479147,0.9958487967723101,0.995675645128191,0.995773114193683,0.9902017719145656,0.9914461871409634,0.9957778139451084,0.9879670099712444,1.0,0.9818187387589489,0.9130551047092001,0.9308290184230913,0.5184449053748519,0.9884801742625102,0.9282332355092549,-0.1318397568192776,0.4911388079570308,0.9168078612538156,0.8953707643801853,0.9705587925899173,0.9546315206434104,0.9436486993480013,0.975620195982545,0.9444897056999827,0.9080113554688987,0.9734622832899513,0.9890320616732478,0.9667739451784605],[0.9845266513231945,0.978725915490613,0.9344635327690178,0.9717372279625935,0.8948391476045642,0.9827222172871828,0.9523559999871397,0.9998925446029582,0.9834094046270483,0.9717991922129334,0.9671410506770106,0.9711333802828621,0.9495145821132845,0.9477649008535921,0.967405004846083,0.9830156855858176,0.9818187387589489,1.0,0.9326613556366496,0.9380007834322908,0.5941229921119436,0.9544936328209865,0.9124186605206417,0.14428889857136504,-0.2625837751239214,0.9191000992715211,0.8381373143523634,0.9486116288982267,0.9784394191619648,0.9598867320371451,0.9655664261543988,0.966307853029874,0.9356261897381882,0.9663031954302134,0.9586754111427733,0.9714747596095489],[0.8925512385619625,0.90881021064668,0.8288192267008105,0.870362633841851,0.7807483813693358,0.8992354378234115,0.8571097118401335,0.929833659791921,0.9020715976936167,0.8719194340142453,0.8886028901378024,0.8789941654510587,0.8616237385868164,0.8453965958241931,0.8891160559221748,0.9021123998654278,0.9130551047092001,0.9326613556366496,1.0,0.8383145392725243,0.6770650168237548,0.839386619863366,0.8123977493983641,0.2326466651690497,-0.14942798660829054,0.8655011204622719,0.7103497650554813,0.8579912559300409,0.8983096925953059,0.867244728869565,0.8530461332339739,0.879052406582723,0.8643125123469001,0.861115323111944,0.8706248863942004,0.8973501363647521],[0.9096597252774257,0.8994692287048532,0.794349476115691,0.8860459370777283,0.7489429635949475,0.8711312858677367,0.7894253496785953,0.9317964704023929,0.8663720998197533,0.887329285346354,0.9163032024704256,0.9044602190144398,0.8966509619732324,0.9071997659758809,0.916901615197162,0.8951309429392004,0.9308290184230913,0.9380007834322908,0.8383145392725243,1.0,0.81531933729062,0.8334021974863773,0.8668322034734902,0.610881172638693,-0.5088020623992098,0.7315591949326851,0.7710513600532825,0.8166316069364942,0.9613220012909448,0.9400746550345773,0.8900207833474015,0.9494090867793429,0.9052461307092466,0.9013142296599557,0.847427433950741,0.8864768910616422],[0.6488446076252029,0.6721492447948644,0.49458817239573777,0.6039869361512767,0.43385873127619706,0.6193791992965829,0.5029177727501216,0.5976666169622645,0.510227828091207,0.5992917353920147,0.4532815850371853,0.5278729363978946,0.35549446534915125,0.20771922007420002,0.45361117846652627,0.6003085208821171,0.5184449053748519,0.5941229921119436,0.6770650168237548,0.81531933729062,1.0,0.5376939737875485,0.6612549977453127,0.7223432385159203,-0.11581084477643067,0.5250476739586517,0.5055893639214009,0.5795327761106708,0.7599515182209202,0.6848738716535726,0.5841282398573608,0.7205268505765441,0.7449276736167776,0.6381835394785096,0.5960330228755358,0.6512399505340376],[0.9839352507276262,0.9717171649562786,0.9914119991850925,0.9943032855514744,0.9799168461505293,0.9676729320003145,0.9633985060543122,0.9564332583616297,0.9670803607708909,0.9945125116872403,0.9974456698702844,0.9965155101753356,0.9918605190272726,0.9895845043946377,0.9972681433105764,0.9651074648750053,0.9884801742625102,0.9544936328209865,0.839386619863366,0.8334021974863773,0.5376939737875485,1.0,0.9222037623349751,0.21179376234101718,-0.24174036159431186,0.8748457322999585,0.9459214540696573,0.9675954236314935,0.9082133140529891,0.9246828494880674,0.9747428686805005,0.9156211049415199,0.8709482141560255,0.9595142277162692,0.9632953733415256,0.9279489562746248],[0.9422825905869026,0.9262631616889998,0.9281423870630836,0.9449997812189892,0.9097169114932228,0.9179799675530951,0.9186921382977263,0.9091425965348061,0.9287567947741011,0.9452128677621741,0.9345134594088856,0.9432625346736959,0.9257550376769332,0.9188559164546171,0.9344289695388072,0.9132892175082226,0.9282332355092549,0.9124186605206417,0.8123977493983641,0.8668322034734902,0.6612549977453127,0.9222037623349751,1.0,0.26218908003786434,-0.17393330582368907,0.7439289343805915,0.890266168253902,0.9111641878268755,0.8993013668933718,0.8683047717057482,0.9436231362471109,0.8779107524290977,0.8420305641254243,0.9376290033301928,0.8999562241971678,0.8743400234749272],[0.3197462230914408,0.3176907623290886,0.1449123805731748,0.2824553564524013,0.10672962194601952,0.2048029999612035,0.06940444370008082,0.18143354105900952,0.042936461390623556,0.28709632799686186,-0.1908474266918251,0.01636633694307341,-0.4320058658233427,-0.7301959298881678,-0.1884574680660385,0.054627591064517964,-0.1318397568192776,0.14428889857136504,0.2326466651690497,0.610881172638693,0.7223432385159203,0.21179376234101718,0.26218908003786434,1.0,-0.3793008244312651,0.24043228864676527,0.17378601650712872,0.14624645024040756,0.43843256328149666,0.4258842871269116,0.25998768349658796,0.45049664366295616,0.3859348053373716,0.29808507128640804,0.21523438292553215,0.33340921208657864],[-0.27019759003097055,-0.20637482028200205,-0.18394378735593997,-0.25489675803179973,-0.16559613154170855,-0.20192831656139235,-0.14032842883324734,-0.2930170522446958,-0.21456747523748343,-0.25435844627832993,0.4713361396435209,-0.13037892885323146,0.4982819313307174,0.47894851800741817,0.4734711145064914,-0.16595340031751965,0.4911388079570308,-0.2625837751239214,-0.14942798660829054,-0.5088020623992098,-0.11581084477643067,-0.24174036159431186,-0.17393330582368907,-0.3793008244312651,1.0,-0.14830690227670218,-0.2057127348659324,-0.16754156717707203,-0.3745205778985834,-0.3600719578866309,-0.28706691677704027,-0.33210873327286766,-0.20519158107632854,-0.3231534005562745,-0.1663167847091273,-0.2945824870347876],[0.9054742862825915,0.8863857843528905,0.8712401114489482,0.8941381007142472,0.82732470551041,0.9355904760278985,0.8955783962390998,0.9147214287859191,0.8943750013139813,0.8944148103025046,0.8861728144088608,0.9021812944078915,0.8578737116692453,0.8284142041857971,0.8864665594552965,0.941495459232694,0.9168078612538156,0.9191000992715211,0.8655011204622719,0.7315591949326851,0.5250476739586517,0.8748457322999585,0.7439289343805915,0.24043228864676527,-0.14830690227670218,1.0,0.7643925896903734,0.896134384531967,0.832328698740674,0.8760928332630091,0.8450483224651343,0.8818615393029378,0.872567823879036,0.8727763329356089,0.8793124665183933,0.9087570736191488],[0.914914636830424,0.9127009020453589,0.9559744889981118,0.9338519289066904,0.9661900601353016,0.8880220039915181,0.9067007513102711,0.843782829893004,0.869149550004503,0.9325256389402036,0.9125791524127307,0.9215545990140861,0.9280670809336389,0.9294117026633929,0.9113173992917946,0.8760073596983369,0.8953707643801853,0.8381373143523634,0.7103497650554813,0.7710513600532825,0.5055893639214009,0.9459214540696573,0.890266168253902,0.17378601650712872,-0.2057127348659324,0.7643925896903734,1.0,0.8827141236744253,0.8224404371743148,0.82827760020564,0.9069301845405155,0.8181233951314939,0.7720643176165505,0.880129715781388,0.8950096553448708,0.849832186499697],[0.965719114825038,0.9651213214798107,0.9614510237084744,0.9673667528268207,0.9358567631443456,0.9694351430672361,0.9643610177332832,0.9487739767015996,0.9696562657624974,0.9661704024335883,0.9659398385168338,0.9620808812794432,0.9593701013665216,0.9540064147744152,0.9656870657127911,0.9670467905004277,0.9705587925899173,0.9486116288982267,0.8579912559300409,0.8166316069364942,0.5795327761106708,0.9675954236314935,0.9111641878268755,0.14624645024040756,-0.16754156717707203,0.896134384531967,0.8827141236744253,1.0,0.9087869350706255,0.9002260932465705,0.9528994605367258,0.8975761205151584,0.8825594263962157,0.9541145848026896,0.9771362288869708,0.9077874298291014],[0.9652708044562672,0.947331180817824,0.879655359379237,0.9464053293227607,0.8322075073210015,0.9525436441161426,0.8908805337078475,0.9779296012692943,0.9348361567243655,0.9459472490508068,0.9319626854980786,0.9373132374971851,0.8979185743782443,0.8881267644237238,0.9321664581738704,0.9554560919002809,0.9546315206434104,0.9784394191619648,0.8983096925953059,0.9613220012909448,0.7599515182209202,0.9082133140529891,0.8993013668933718,0.43843256328149666,-0.3745205778985834,0.832328698740674,0.8224404371743148,0.9087869350706255,1.0,0.9866802016119676,0.9505982931957515,0.9910418026163578,0.9555571662939164,0.958892084980788,0.9100401088276127,0.9641569180535434],[0.9604993607172322,0.9488680719959088,0.8836005106007119,0.9490232642381218,0.8447040502688049,0.9358704631508442,0.8723739233487503,0.9603538413057369,0.9116103439414142,0.9481131919741594,0.9307558294072619,0.9377215430585485,0.8935740861112548,0.886657081881796,0.9311063161488395,0.9334172195935315,0.9436486993480013,0.9598867320371451,0.867244728869565,0.9400746550345773,0.6848738716535726,0.9246828494880674,0.8683047717057482,0.4258842871269116,-0.3600719578866309,0.8760928332630091,0.82827760020564,0.9002260932465705,0.9866802016119676,1.0,0.9478019577510512,0.9853296342860096,0.9564799160568718,0.9445238050638058,0.924781934782696,0.9642335848025256],[0.9821562667262965,0.9747566614579795,0.962369742447696,0.9835649344784457,0.9404509497549388,0.9640046405953989,0.948473811141126,0.9672867766424511,0.966970706904636,0.9828705941859914,0.9769323163600234,0.980231336177101,0.962212749947754,0.95807984768002,0.9769536299984701,0.9610664664256418,0.975620195982545,0.9655664261543988,0.8530461332339739,0.8900207833474015,0.5841282398573608,0.9747428686805005,0.9436231362471109,0.25998768349658796,-0.28706691677704027,0.8450483224651343,0.9069301845405155,0.9528994605367258,0.9505982931957515,0.9478019577510512,1.0,0.945122017434568,0.9005249904734187,0.9774109253307488,0.9690485671282877,0.9495899431410542],[0.9626803367925993,0.9491994300084642,0.8802980488857652,0.944542636987274,0.8344761986856429,0.9511652390083081,0.8897446795663823,0.9674244049418381,0.9248445550230737,0.9438531294279076,0.9213032135325787,0.9329729970408126,0.8874323676388058,0.8890555156907725,0.9218203596007637,0.9523071165117092,0.9444897056999827,0.966307853029874,0.879052406582723,0.9494090867793429,0.7205268505765441,0.9156211049415199,0.8779107524290977,0.45049664366295616,-0.33210873327286766,0.8818615393029378,0.8181233951314939,0.8975761205151584,0.9910418026163578,0.9853296342860096,0.945122017434568,1.0,0.9743562595348831,0.9486139717605989,0.9339232346602001,0.9627601498157979],[0.9268980064400503,0.9257644048125586,0.8434294248199458,0.9045727161733464,0.7896763946508555,0.9408137757899678,0.8831441528047642,0.936068933161337,0.8987302255376529,0.9031489502529509,0.8709690259246401,0.8933025932653209,0.8201036489883378,0.7943378321474139,0.8714055870715592,0.9386706535340573,0.9080113554688987,0.9356261897381882,0.8643125123469001,0.9052461307092466,0.7449276736167776,0.8709482141560255,0.8420305641254243,0.3859348053373716,-0.20519158107632854,0.872567823879036,0.7720643176165505,0.8825594263962157,0.9555571662939164,0.9564799160568718,0.9005249904734187,0.9743562595348831,1.0,0.9069837290540528,0.9161699828627973,0.947030975532176],[0.9811938111514991,0.9723796317066413,0.9415806118960502,0.9745035923142925,0.9086646752331375,0.9653124398533499,0.936280352873512,0.9670537405648693,0.9580149614414172,0.973721112832636,0.9641778325548505,0.9696985436903155,0.9494854400592403,0.9460620753743294,0.9640836947358105,0.9672630015889899,0.9734622832899513,0.9663031954302134,0.861115323111944,0.9013142296599557,0.6381835394785096,0.9595142277162692,0.9376290033301928,0.29808507128640804,-0.3231534005562745,0.8727763329356089,0.880129715781388,0.9541145848026896,0.958892084980788,0.9445238050638058,0.9774109253307488,0.9486139717605989,0.9069837290540528,1.0,0.9613037634335053,0.9494050751038813],[0.9789858393970977,0.9716982191689774,0.96651744265528,0.9770980706513788,0.939362299653557,0.9821779410855314,0.9736918175138013,0.9606317618638972,0.9765627451779556,0.97632794517495,0.9831844145351762,0.9763552981548969,0.9748447610492639,0.9734937913282933,0.9832530138505678,0.981371882216222,0.9890320616732478,0.9586754111427733,0.8706248863942004,0.847427433950741,0.5960330228755358,0.9632953733415256,0.8999562241971678,0.21523438292553215,-0.1663167847091273,0.8793124665183933,0.8950096553448708,0.9771362288869708,0.9100401088276127,0.924781934782696,0.9690485671282877,0.9339232346602001,0.9161699828627973,0.9613037634335053,1.0,0.9326984653121981],[0.960840563418251,0.9562372956976853,0.912016273076225,0.9490164447321559,0.8728580437328577,0.9632971690811263,0.9221634480193627,0.9705828066122129,0.9379062966458744,0.9479020365104043,0.9453727638849947,0.9505007068083647,0.9355028547369143,0.9346214732152547,0.946099847361719,0.9669410633778734,0.9667739451784605,0.9714747596095489,0.8973501363647521,0.8864768910616422,0.6512399505340376,0.9279489562746248,0.8743400234749272,0.33340921208657864,-0.2945824870347876,0.9087570736191488,0.849832186499697,0.9077874298291014,0.9641569180535434,0.9642335848025256,0.9495899431410542,0.9627601498157979,0.947030975532176,0.9494050751038813,0.9326984653121981,1.0]],"x":["^TAIEX       \u81fa\u7063\u52a0\u6b0a\u5831\u916c\u6307\u6578","^TWII        \u81fa\u7063\u52a0\u6b0a\u6307\u6578","^TAIEXx2     \u81fa\u7063\u52a0\u6b0a\u5831\u916c\u6307\u6578_\u65e5\u6b632","^TAI50I      \u81fa\u706350\u5831\u916c\u6307\u6578","^TAI50Ix2    \u81fa\u706350\u5831\u916c\u6307\u6578_\u65e5\u6b632","^TAI100I     \u81fa\u7063\u4e2d\u578b100\u5831\u916c\u6307\u6578","^TAI100Ix2   \u81fa\u7063\u4e2d\u578b100\u5831\u916c\u6307\u6578_\u65e5\u6b632","^TAIDIVIDI   \u81fa\u7063\u9ad8\u80a1\u606f\u5831\u916c\u6307\u6578","^TAIDIVIDIx2 \u81fa\u7063\u9ad8\u80a1\u606f\u5831\u916c\u6307\u6578_\u65e5\u6b632","0050Fund     \u5143\u5927\u53f0\u7063\u5353\u8d8a50\u57fa\u91d1","006208Fund   \u5bcc\u90a6\u53f0\u7063\u91c6\u540950\u57fa\u91d1","0050         \u5143\u5927\u81fa\u706350","00631L       \u5143\u5927\u53f0\u706350\u6b632","00675L       \u5bcc\u90a6\u81fa\u7063\u52a0\u6b0a\u6b632","006208       \u5bcc\u90a6\u53f050","0051         \u5143\u5927\u4e2d\u578b100","006204       \u6c38\u8c50\u81fa\u7063\u52a0\u6b0a","0056         \u5143\u5927\u9ad8\u80a1\u606f","0056         \u5143\u5927\u9ad8\u80a1\u606f_\u80a1\u606f\u4e0d\u6295\u5165","2412         \u4e2d\u83ef\u96fb\u4fe1","2002         \u4e2d\u92fc","2330         \u53f0\u7a4d\u96fb","2317         \u9d3b\u6d77","6505         \u53f0\u5851\u77f3\u5316","3481         \u7fa4\u5275","2303         \u806f\u96fb","2308         \u53f0\u9054\u96fb","2454         \u806f\u767c\u79d1","2886         \u5146\u8c50\u91d1","2884         \u7389\u5c71\u91d1","2891         \u4e2d\u4fe1\u91d1","2892         \u7b2c\u4e00\u91d1","5880         \u5408\u5eab\u91d1","2881         \u5bcc\u90a6\u91d1","2885         \u5143\u5927\u91d1","2887         \u53f0\u65b0\u91d1"],"y":["^TAIEX       \u81fa\u7063\u52a0\u6b0a\u5831\u916c\u6307\u6578","^TWII        \u81fa\u7063\u52a0\u6b0a\u6307\u6578","^TAIEXx2     \u81fa\u7063\u52a0\u6b0a\u5831\u916c\u6307\u6578_\u65e5\u6b632","^TAI50I      \u81fa\u706350\u5831\u916c\u6307\u6578","^TAI50Ix2    \u81fa\u706350\u5831\u916c\u6307\u6578_\u65e5\u6b632","^TAI100I     \u81fa\u7063\u4e2d\u578b100\u5831\u916c\u6307\u6578","^TAI100Ix2   \u81fa\u7063\u4e2d\u578b100\u5831\u916c\u6307\u6578_\u65e5\u6b632","^TAIDIVIDI   \u81fa\u7063\u9ad8\u80a1\u606f\u5831\u916c\u6307\u6578","^TAIDIVIDIx2 \u81fa\u7063\u9ad8\u80a1\u606f\u5831\u916c\u6307\u6578_\u65e5\u6b632","0050Fund     \u5143\u5927\u53f0\u7063\u5353\u8d8a50\u57fa\u91d1","006208Fund   \u5bcc\u90a6\u53f0\u7063\u91c6\u540950\u57fa\u91d1","0050         \u5143\u5927\u81fa\u706350","00631L       \u5143\u5927\u53f0\u706350\u6b632","00675L       \u5bcc\u90a6\u81fa\u7063\u52a0\u6b0a\u6b632","006208       \u5bcc\u90a6\u53f050","0051         \u5143\u5927\u4e2d\u578b100","006204       \u6c38\u8c50\u81fa\u7063\u52a0\u6b0a","0056         \u5143\u5927\u9ad8\u80a1\u606f","0056         \u5143\u5927\u9ad8\u80a1\u606f_\u80a1\u606f\u4e0d\u6295\u5165","2412         \u4e2d\u83ef\u96fb\u4fe1","2002         \u4e2d\u92fc","2330         \u53f0\u7a4d\u96fb","2317         \u9d3b\u6d77","6505         \u53f0\u5851\u77f3\u5316","3481         \u7fa4\u5275","2303         \u806f\u96fb","2308         \u53f0\u9054\u96fb","2454         \u806f\u767c\u79d1","2886         \u5146\u8c50\u91d1","2884         \u7389\u5c71\u91d1","2891         \u4e2d\u4fe1\u91d1","2892         \u7b2c\u4e00\u91d1","5880         \u5408\u5eab\u91d1","2881         \u5bcc\u90a6\u91d1","2885         \u5143\u5927\u91d1","2887         \u53f0\u65b0\u91d1"],"zmin":-1,"zmax":1,"colorbar":{"x":-0.2}}],"layout":{"autotypenumbers":"strict","colorway":["#636efa","#EF553B","#00cc96","#ab63fa","#FFA15A","#19d3f3","#FF6692","#B6E880","#FF97FF","#FECB52"],"font":{"color":"#f2f5fa","family":"Courier New"},"hovermode":"closest","hoverlabel":{"align":"left"},"paper_bgcolor":"rgb(17,17,17)","plot_bgcolor":"rgb(17,17,17)","polar":{"bgcolor":"rgb(17,17,17)","angularaxis":{"gridcolor":"#506784","linecolor":"#506784","ticks":""},"radialaxis":{"gridcolor":"#506784","linecolor":"#506784","ticks":""}},"ternary":{"bgcolor":"rgb(17,17,17)","aaxis":{"gridcolor":"#506784","linecolor":"#506784","ticks":""},"baxis":{"gridcolor":"#506784","linecolor":"#506784","ticks":""},"caxis":{"gridcolor":"#506784","linecolor":"#506784","ticks":""}},"coloraxis":{"colorbar":{"outlinewidth":0,"ticks":""}},"colorscale":{"sequential":[[0.0,"#0d0887"],[0.1111111111111111,"#46039f"],[0.2222222222222222,"#7201a8"],[0.3333333333333333,"#9c179e"],[0.4444444444444444,"#bd3786"],[0.5555555555555556,"#d8576b"],[0.6666666666666666,"#ed7953"],[0.7777777777777778,"#fb9f3a"],[0.8888888888888888,"#fdca26"],[1.0,"#f0f921"]],"sequentialminus":[[0.0,"#0d0887"],[0.1111111111111111,"#46039f"],[0.2222222222222222,"#7201a8"],[0.3333333333333333,"#9c179e"],[0.4444444444444444,"#bd3786"],[0.5555555555555556,"#d8576b"],[0.6666666666666666,"#ed7953"],[0.7777777777777778,"#fb9f3a"],[0.8888888888888888,"#fdca26"],[1.0,"#f0f921"]],"diverging":[[0,"#8e0152"],[0.1,"#c51b7d"],[0.2,"#de77ae"],[0.3,"#f1b6da"],[0.4,"#fde0ef"],[0.5,"#f7f7f7"],[0.6,"#e6f5d0"],[0.7,"#b8e186"],[0.8,"#7fbc41"],[0.9,"#4d9221"],[1,"#276419"]]},"xaxis":{"gridcolor":"rgba(0, 0, 0, 0)","linecolor":"#506784","ticks":"","title":{"standoff":15},"zerolinecolor":"#283442","automargin":true,"zerolinewidth":2,"tickfont":{"family":"Courier New","size":14},"side":"top","tickangle":-90},"yaxis":{"gridcolor":"rgba(0, 0, 0, 0)","linecolor":"#506784","ticks":"","title":{"standoff":15},"zerolinecolor":"#283442","automargin":true,"zerolinewidth":2,"tickfont":{"family":"Courier New"},"side":"right"},"scene":{"xaxis":{"backgroundcolor":"rgb(17,17,17)","gridcolor":"#506784","linecolor":"#506784","showbackground":true,"ticks":"","zerolinecolor":"#C8D4E3","gridwidth":2},"yaxis":{"backgroundcolor":"rgb(17,17,17)","gridcolor":"#506784","linecolor":"#506784","showbackground":true,"ticks":"","zerolinecolor":"#C8D4E3","gridwidth":2},"zaxis":{"backgroundcolor":"rgb(17,17,17)","gridcolor":"#506784","linecolor":"#506784","showbackground":true,"ticks":"","zerolinecolor":"#C8D4E3","gridwidth":2}},"shapedefaults":{"line":{"color":"#f2f5fa"}},"annotationdefaults":{"arrowcolor":"#f2f5fa","arrowhead":0,"arrowwidth":1},"geo":{"bgcolor":"rgb(17,17,17)","landcolor":"rgb(17,17,17)","subunitcolor":"#506784","showland":true,"showlakes":true,"lakecolor":"rgb(17,17,17)"},"title":{"x":0.05,"font":{"family":"Times New Roman"},"y":0.05,"text":"<b>Correlation of Adj Close<b><br><i>2016-09-23 ~ 2026-03-19<i>"},"updatemenudefaults":{"bgcolor":"#506784","borderwidth":0},"sliderdefaults":{"bgcolor":"#C8D4E3","borderwidth":1,"bordercolor":"rgb(17,17,17)","tickwidth":0},"mapbox":{"style":"dark"},"annotations":[{"text":"<b>@zwindr<b>","textangle":0,"opacity":0.5,"font":{"color":"white","size":12},"xref":"paper","yref":"paper","xanchor":"left","yanchor":"bottom","x":1.0,"y":1.0,"showarrow":false}]},"config":{"responsive":true,"toImageButtonOptions":{"filename":"Correlation of Adj Close_2016-09-23~2026-03-19","scale":5}}};Plotly.newPlot("correlationAdjClose",correlationAdjClose.data,correlationAdjClose.layout||{},correlationAdjClose.config);}else{console.log("style display is none => correlationAdjClose");}