var element=document.getElementById("correlationClose");if(element.style.display!='none'){var correlationClose={"data":[{"type":"heatmap","z":[[1.0,0.9999999999999974,1.0,0.9949749582933202,0.9949749582933202,0.9701044431634148,0.9701044431634148,0.9117541762916239,0.9117541762916239,0.7745737772297778,0.9948697009633263,0.7229107166388063,0.9907196308624953,0.991351103893653,0.9949772119411537,0.9762818117018406,0.9992079680810889,0.9114573763764089,0.9114573763764089,0.7754059090489848,-0.17348942980823426,0.9794991033403828,0.22424972445288804,-0.14793616522469594,-0.2382200538932854,0.8198276863010578,0.9027293372549778,0.9226889648096482,0.9154740203731717,0.786868573521296,0.6174258284516994,0.6496216981872058,0.6178408611913581,0.9341649234435275,0.8537833424254604,0.23359352178212472],[0.9999999999999974,1.0,0.9999999999999977,0.9949435712232475,0.9949435712232475,0.96964202627379,0.96964202627379,0.9125333292389465,0.9125333292389465,0.7761872218471912,0.994863074850131,0.7247869486548045,0.990436894592194,0.9908948597830548,0.9949726296313323,0.9758034825508957,0.999205711786949,0.9115538885501148,0.9115538885501148,0.793283700149631,0.03827357718395513,0.9719708595777977,-0.004792509251263499,-0.14007809753237815,-0.2386349646667897,0.6614804873753495,0.9024667980602852,0.9007154001195715,0.9110489458922302,0.7958673214633087,0.6085555044552869,0.6469976965312134,0.6428020562544805,0.932422003308079,0.720709549216188,0.22983546316654554],[1.0,0.9999999999999977,1.0,0.9949749582933202,0.9949749582933202,0.9701044431634148,0.9701044431634148,0.9117541762916239,0.9117541762916239,0.7745737772297778,0.9948697009633263,0.7229107166388063,0.9907196308624953,0.991351103893653,0.9949772119411537,0.9762818117018406,0.9992079680810889,0.9114573763764089,0.9114573763764089,0.7754059090489848,-0.17348942980823426,0.9794991033403828,0.22424972445288804,-0.14793616522469594,-0.2382200538932854,0.8198276863010578,0.9027293372549778,0.9226889648096482,0.9154740203731717,0.786868573521296,0.6174258284516994,0.6496216981872058,0.6178408611913581,0.9341649234435275,0.8537833424254604,0.23359352178212472],[0.9949749582933202,0.9949435712232475,0.9949749582933202,1.0,1.0,0.9572958345929975,0.9572958345929975,0.8947616500098315,0.8947616500098315,0.739084385348049,0.9996030221198893,0.686257004324623,0.9922015960873403,0.9903352383693212,0.9995516098002544,0.9589165521382221,0.9950002471901097,0.8835171715658109,0.8835171715658109,0.7462067550826843,-0.181471984832449,0.9918594400490665,0.25297139918794254,-0.18431488226760742,-0.23549111272232462,0.8072922434600467,0.9205584557621511,0.9219990641742261,0.8946505082454033,0.7870570934945395,0.6473042513757067,0.6405301790751656,0.5842773604424139,0.9213913767856143,0.8448631925526455,0.24749847280097942],[0.9949749582933202,0.9949435712232475,0.9949749582933202,1.0,1.0,0.9572958345929975,0.9572958345929975,0.8947616500098315,0.8947616500098315,0.739084385348049,0.9996030221198893,0.686257004324623,0.9922015960873403,0.9903352383693212,0.9995516098002544,0.9589165521382221,0.9950002471901097,0.8835171715658109,0.8835171715658109,0.7462067550826843,-0.181471984832449,0.9918594400490665,0.25297139918794254,-0.18431488226760742,-0.23549111272232462,0.8072922434600467,0.9205584557621511,0.9219990641742261,0.8946505082454033,0.7870570934945395,0.6473042513757067,0.6405301790751656,0.5842773604424139,0.9213913767856143,0.8448631925526455,0.24749847280097942],[0.9701044431634148,0.96964202627379,0.9701044431634148,0.9572958345929975,0.9572958345929975,1.0,1.0,0.9361305502757724,0.9361305502757724,0.7522810593774144,0.9561116462281043,0.7305714397938579,0.9645532271573121,0.9618564910986503,0.9561425855237616,0.9990748298458881,0.9764307372258046,0.9157925619317361,0.9157925619317361,0.6526136047295319,-0.12680528638649616,0.9436566661963564,0.36592888017306796,-0.32098870357544124,-0.11690877008448101,0.8844240996016459,0.8575980143684838,0.9388811891250097,0.8949287403327769,0.7555314104018142,0.7819887910814364,0.745764787441609,0.6911965417106446,0.8714840724713296,0.8806841447923751,0.5016331930814736],[0.9701044431634148,0.96964202627379,0.9701044431634148,0.9572958345929975,0.9572958345929975,1.0,1.0,0.9361305502757724,0.9361305502757724,0.7522810593774144,0.9561116462281043,0.7305714397938579,0.9645532271573121,0.9618564910986503,0.9561425855237616,0.9990748298458881,0.9764307372258046,0.9157925619317361,0.9157925619317361,0.6526136047295319,-0.12680528638649616,0.9436566661963564,0.36592888017306796,-0.32098870357544124,-0.11690877008448101,0.8844240996016459,0.8575980143684838,0.9388811891250097,0.8949287403327769,0.7555314104018142,0.7819887910814364,0.745764787441609,0.6911965417106446,0.8714840724713296,0.8806841447923751,0.5016331930814736],[0.9117541762916239,0.9125333292389465,0.9117541762916239,0.8947616500098315,0.8947616500098315,0.9361305502757724,0.9361305502757724,1.0,1.0,0.7165603287677995,0.9365304406731876,0.7280479851536523,0.9298407838016306,0.9243398828191611,0.9366906595530371,0.9378455022615363,0.9464330857568874,0.970086753712054,0.970086753712054,0.6031441415166305,-0.005743811030395115,0.8598316089403716,0.5830185699431243,-0.34763033922647213,0.011563947584202846,0.7977104191942396,0.7546548780984622,0.8854334088700895,0.8568274943118711,0.7701988270313701,0.8851150627481021,0.790011003781637,0.7111712630717927,0.8098208107774951,0.8638159350488611,0.8180007933358513],[0.9117541762916239,0.9125333292389465,0.9117541762916239,0.8947616500098315,0.8947616500098315,0.9361305502757724,0.9361305502757724,1.0,1.0,0.7165603287677995,0.9365304406731876,0.7280479851536523,0.9298407838016306,0.9243398828191611,0.9366906595530371,0.9378455022615363,0.9464330857568874,0.970086753712054,0.970086753712054,0.6031441415166305,-0.005743811030395115,0.8598316089403716,0.5830185699431243,-0.34763033922647213,0.011563947584202846,0.7977104191942396,0.7546548780984622,0.8854334088700895,0.8568274943118711,0.7701988270313701,0.8851150627481021,0.790011003781637,0.7111712630717927,0.8098208107774951,0.8638159350488611,0.8180007933358513],[0.7745737772297778,0.7761872218471912,0.7745737772297778,0.739084385348049,0.739084385348049,0.7522810593774144,0.7522810593774144,0.7165603287677995,0.7165603287677995,1.0,0.608266431076952,0.9999697605939838,0.5110724003650432,0.40729076184950835,0.6105083970443158,0.7475822572715752,0.672733012037158,0.8024604428652912,0.8024604428652912,0.6894941194836376,-0.09785275718015636,0.7077526723327792,0.03572972613495031,0.04965161900446778,-0.24286509268104442,0.7712457556733189,0.47819126563811976,0.7351663613354453,0.8062372001953526,0.6759933344300486,0.3379379344445254,0.5251961301067697,0.5626992245474873,0.776933200593132,0.6308705474808488,0.16927936129214124],[0.9948697009633263,0.994863074850131,0.9948697009633263,0.9996030221198893,0.9996030221198893,0.9561116462281043,0.9561116462281043,0.9365304406731876,0.9365304406731876,0.608266431076952,1.0,0.6080774377383835,0.9916899315542533,0.9901220439374401,0.9999361471111072,0.9542509088323319,0.9943508608059608,0.8930416373238865,0.8930416373238865,0.8505164378186466,-0.045257959498168035,0.9968556527989542,0.9034499970519299,-0.5360498532478416,0.40519564428446647,0.8158083445412007,0.8922711195155903,0.935867609217768,0.8856740370812098,0.8129561762128894,0.9296984939138682,0.8586641091698373,0.745205687879801,0.9039280304175729,0.9498078938684134,0.8073614061435104],[0.7229107166388063,0.7247869486548045,0.7229107166388063,0.686257004324623,0.686257004324623,0.7305714397938579,0.7305714397938579,0.7280479851536523,0.7280479851536523,0.9999697605939838,0.6080774377383835,1.0,0.5117499429998359,0.40778868141085706,0.6110577304498934,0.7382745413975219,0.6731666669765897,0.7971037235043311,0.7971037235043311,0.6456437638162483,0.031817121562861796,0.6586677052486392,0.40253472523139033,-0.1640363798431097,-0.23175431969411545,0.7986782663956482,0.3795811315579031,0.7051298748199369,0.7763820708179842,0.6972389363851367,0.5372269959307939,0.6925179138480685,0.6787706963405712,0.7299711341400552,0.6117611462513669,0.6438598129784278],[0.9907196308624953,0.990436894592194,0.9907196308624953,0.9922015960873403,0.9922015960873403,0.9645532271573121,0.9645532271573121,0.9298407838016306,0.9298407838016306,0.5110724003650432,0.9916899315542533,0.5117499429998359,1.0,0.9998200685790785,0.9915575383901417,0.9603075792972892,0.9891789057035093,0.8697525203262254,0.8697525203262254,0.8282303424738253,-0.026902261220787777,0.9910322676013612,0.916511165373007,-0.6697831053505718,0.4754511110854013,0.7784537592115229,0.9108944259497677,0.9341727132902328,0.8610620443087819,0.7503931012859664,0.9299835081079544,0.8267793661090098,0.7059411373385569,0.8826237701276525,0.9557130048680599,0.8310111120826695],[0.991351103893653,0.9908948597830548,0.991351103893653,0.9903352383693212,0.9903352383693212,0.9618564910986503,0.9618564910986503,0.9243398828191611,0.9243398828191611,0.40729076184950835,0.9901220439374401,0.40778868141085706,0.9998200685790785,1.0,0.9901196529767465,0.9567313013000703,0.9891062466370107,0.8533209734062742,0.8533209734062742,0.8502783887939659,-0.1497571029000467,0.9881719885893941,0.9210821690887987,-0.8199075770213019,0.5109506484657101,0.7289508116535137,0.9172511709178908,0.9261176552768522,0.8430210207961418,0.6934147541106387,0.9366510563853012,0.8196830746244748,0.6416286402552189,0.9006689591264504,0.9565783922743715,0.8092510220788619],[0.9949772119411537,0.9949726296313323,0.9949772119411537,0.9995516098002544,0.9995516098002544,0.9561425855237616,0.9561425855237616,0.9366906595530371,0.9366906595530371,0.6105083970443158,0.9999361471111072,0.6110577304498934,0.9915575383901417,0.9901196529767465,1.0,0.9544219455099484,0.9944649604649711,0.8939954325786782,0.8939954325786782,0.851609863787682,-0.044217141588080114,0.9966868966304134,0.9028061114609452,-0.5332439428492529,0.40439890406757695,0.8166483461482414,0.8905390546657016,0.935434188967393,0.8866534061338469,0.8141876194315479,0.9290540304874598,0.8600158463128639,0.7469871142261202,0.9040891704537399,0.9498712608279305,0.8076732501124142],[0.9762818117018406,0.9758034825508957,0.9762818117018406,0.9589165521382221,0.9589165521382221,0.9990748298458881,0.9990748298458881,0.9378455022615363,0.9378455022615363,0.7475822572715752,0.9542509088323319,0.7382745413975219,0.9603075792972892,0.9567313013000703,0.9544219455099484,1.0,0.9762868129416231,0.9172931109646061,0.9172931109646061,0.7012343244318017,-0.11163466352318889,0.9479505691742992,0.6825850873781039,-0.45054887639709035,-0.1545183050691494,0.8958539675429859,0.8470521911342633,0.9352176970418191,0.9027023188022911,0.7902611255263967,0.872295729662711,0.7916030686312001,0.7484435056947,0.8924203192988468,0.8775372733989435,0.8089974771456603],[0.9992079680810889,0.999205711786949,0.9992079680810889,0.9950002471901097,0.9950002471901097,0.9764307372258046,0.9764307372258046,0.9464330857568874,0.9464330857568874,0.672733012037158,0.9943508608059608,0.6731666669765897,0.9891789057035093,0.9891062466370107,0.9944649604649711,0.9762868129416231,1.0,0.9218119369237222,0.9218119369237222,0.8631056160336522,-0.02771431112563201,0.9879632969901775,0.8752100358523521,-0.517084838262023,0.4168896733126885,0.8625909539380402,0.8785364681823433,0.9479168260634994,0.9181916657435406,0.834597337873002,0.9178138241793407,0.8919164437462979,0.7920098718170586,0.9184542665745944,0.9583861161192816,0.8545103493025051],[0.9114573763764089,0.9115538885501148,0.9114573763764089,0.8835171715658109,0.8835171715658109,0.9157925619317361,0.9157925619317361,0.970086753712054,0.970086753712054,0.8024604428652912,0.8930416373238865,0.7971037235043311,0.8697525203262254,0.8533209734062742,0.8939954325786782,0.9172931109646061,0.9218119369237222,1.0,1.0,0.7511242691705003,-0.05785010183794902,0.8478941861132487,0.5766339782114612,-0.2297140398861279,-0.20045213027371028,0.8347872850716456,0.7051633839770598,0.8434571295424491,0.9200292113963292,0.8458866351519696,0.7990224717841627,0.7666285820714596,0.708093952094524,0.8529154785028807,0.7869843142322385,0.8581415882818844],[0.9114573763764089,0.9115538885501148,0.9114573763764089,0.8835171715658109,0.8835171715658109,0.9157925619317361,0.9157925619317361,0.970086753712054,0.970086753712054,0.8024604428652912,0.8930416373238865,0.7971037235043311,0.8697525203262254,0.8533209734062742,0.8939954325786782,0.9172931109646061,0.9218119369237222,1.0,1.0,0.7511242691705003,-0.05785010183794902,0.8478941861132487,0.5766339782114612,-0.2297140398861279,-0.20045213027371028,0.8347872850716456,0.7051633839770598,0.8434571295424491,0.9200292113963292,0.8458866351519696,0.7990224717841627,0.7666285820714596,0.708093952094524,0.8529154785028807,0.7869843142322385,0.8581415882818844],[0.7754059090489848,0.793283700149631,0.7754059090489848,0.7462067550826843,0.7462067550826843,0.6526136047295319,0.6526136047295319,0.6031441415166305,0.6031441415166305,0.6894941194836376,0.8505164378186466,0.6456437638162483,0.8282303424738253,0.8502783887939659,0.851609863787682,0.7012343244318017,0.8631056160336522,0.7511242691705003,0.7511242691705003,1.0,0.022047568661833026,0.7071619431596069,-0.32787804194583586,0.2878656509703615,-0.6504438185737927,0.37303613415387316,0.6645948409988295,0.526096651733722,0.8402387984765148,0.7031212843869731,0.15679411334246293,0.3295371917290493,0.5716560312776456,0.7863017924839473,0.49660750758707867,-0.1232696309861384],[-0.17348942980823426,0.03827357718395513,-0.17348942980823426,-0.181471984832449,-0.181471984832449,-0.12680528638649616,-0.12680528638649616,-0.005743811030395115,-0.005743811030395115,-0.09785275718015636,-0.045257959498168035,0.031817121562861796,-0.026902261220787777,-0.1497571029000467,-0.044217141588080114,-0.11163466352318889,-0.02771431112563201,-0.05785010183794902,-0.05785010183794902,0.022047568661833026,1.0,-0.11848822279961416,0.09078088861864236,0.1715227324604343,0.7446339800334187,-0.10463688684866361,-0.07962364820645622,-0.03960364623453412,0.14333468701069427,-0.020267316120243323,0.0077209260277929,0.3027296308842629,0.5567206396460628,-0.1427295547650713,0.07934264049190845,0.13904165843408936],[0.9794991033403828,0.9719708595777977,0.9794991033403828,0.9918594400490665,0.9918594400490665,0.9436566661963564,0.9436566661963564,0.8598316089403716,0.8598316089403716,0.7077526723327792,0.9968556527989542,0.6586677052486392,0.9910322676013612,0.9881719885893941,0.9966868966304134,0.9479505691742992,0.9879632969901775,0.8478941861132487,0.8478941861132487,0.7071619431596069,-0.11848822279961416,1.0,0.1596411190961315,-0.23674513846046485,-0.27957226688106035,0.6746990354636984,0.9254449380644122,0.9057031849658485,0.8387204923941207,0.7547447529799075,0.6488462687064461,0.6082609568947526,0.5163183124693527,0.8997835603908628,0.7016255199991626,0.22996300357591073],[0.22424972445288804,-0.004792509251263499,0.22424972445288804,0.25297139918794254,0.25297139918794254,0.36592888017306796,0.36592888017306796,0.5830185699431243,0.5830185699431243,0.03572972613495031,0.9034499970519299,0.40253472523139033,0.916511165373007,0.9210821690887987,0.9028061114609452,0.6825850873781039,0.8752100358523521,0.5766339782114612,0.5766339782114612,-0.32787804194583586,0.09078088861864236,0.1596411190961315,1.0,-0.4743393868056224,0.693167419631691,0.39990702943723777,0.18550804214286712,0.3547340729893247,-0.05857501192037524,0.11721433868641251,0.6190972268391832,0.4986775871829398,0.21158862701857128,0.059112114113753195,0.4209171399271895,0.4848225583956784],[-0.14793616522469594,-0.14007809753237815,-0.14793616522469594,-0.18431488226760742,-0.18431488226760742,-0.32098870357544124,-0.32098870357544124,-0.34763033922647213,-0.34763033922647213,0.04965161900446778,-0.5360498532478416,-0.1640363798431097,-0.6697831053505718,-0.8199075770213019,-0.5332439428492529,-0.45054887639709035,-0.517084838262023,-0.2297140398861279,-0.2297140398861279,0.2878656509703615,0.1715227324604343,-0.23674513846046485,-0.4743393868056224,1.0,-0.02453960207449771,-0.19070502330449363,-0.23779212417243265,-0.33071760150357743,-0.07222064889976079,-0.10386790799892992,-0.5776484485979868,-0.22315145355965,-0.038102407004006716,-0.0831187655272131,-0.25552843425407806,-0.4219383902136545],[-0.2382200538932854,-0.2386349646667897,-0.2382200538932854,-0.23549111272232462,-0.23549111272232462,-0.11690877008448101,-0.11690877008448101,0.011563947584202846,0.011563947584202846,-0.24286509268104442,0.40519564428446647,-0.23175431969411545,0.4754511110854013,0.5109506484657101,0.40439890406757695,-0.1545183050691494,0.4168896733126885,-0.20045213027371028,-0.20045213027371028,-0.6504438185737927,0.7446339800334187,-0.27957226688106035,0.693167419631691,-0.02453960207449771,1.0,-0.10680605494284923,-0.20881936903128342,-0.0673796535263161,-0.3480495152626081,-0.3255147804236587,0.05852514929784795,0.15550980886656768,0.2602582247024302,-0.36974747021018267,0.10096728234397494,0.0852876375573035],[0.8198276863010578,0.6614804873753495,0.8198276863010578,0.8072922434600467,0.8072922434600467,0.8844240996016459,0.8844240996016459,0.7977104191942396,0.7977104191942396,0.7712457556733189,0.8158083445412007,0.7986782663956482,0.7784537592115229,0.7289508116535137,0.8166483461482414,0.8958539675429859,0.8625909539380402,0.8347872850716456,0.8347872850716456,0.37303613415387316,-0.10463688684866361,0.6746990354636984,0.39990702943723777,-0.19070502330449363,-0.10680605494284923,1.0,0.5508450282491602,0.8448382399710315,0.5124927521723815,0.6434435364614927,0.5771890178554961,0.6705489537116978,0.43243624477217035,0.7191855785312682,0.7158682576516482,0.43683695602131106],[0.9027293372549778,0.9024667980602852,0.9027293372549778,0.9205584557621511,0.9205584557621511,0.8575980143684838,0.8575980143684838,0.7546548780984622,0.7546548780984622,0.47819126563811976,0.8922711195155903,0.3795811315579031,0.9108944259497677,0.9172511709178908,0.8905390546657016,0.8470521911342633,0.8785364681823433,0.7051633839770598,0.7051633839770598,0.6645948409988295,-0.07962364820645622,0.9254449380644122,0.18550804214286712,-0.23779212417243265,-0.20881936903128342,0.5508450282491602,1.0,0.8044553250384197,0.7421691233722373,0.6532773545991982,0.5826659528826205,0.5109369293398157,0.4787559272787928,0.818581292936121,0.657588994532836,0.17431180892220305],[0.9226889648096482,0.9007154001195715,0.9226889648096482,0.9219990641742261,0.9219990641742261,0.9388811891250097,0.9388811891250097,0.8854334088700895,0.8854334088700895,0.7351663613354453,0.935867609217768,0.7051298748199369,0.9341727132902328,0.9261176552768522,0.935434188967393,0.9352176970418191,0.9479168260634994,0.8434571295424491,0.8434571295424491,0.526096651733722,-0.03960364623453412,0.9057031849658485,0.3547340729893247,-0.33071760150357743,-0.0673796535263161,0.8448382399710315,0.8044553250384197,1.0,0.7616127413767642,0.6334341521170429,0.6447397945799881,0.6206199702962968,0.5338411684605486,0.8327861731876718,0.8515140767534087,0.25767847145847733],[0.9154740203731717,0.9110489458922302,0.9154740203731717,0.8946505082454033,0.8946505082454033,0.8949287403327769,0.8949287403327769,0.8568274943118711,0.8568274943118711,0.8062372001953526,0.8856740370812098,0.7763820708179842,0.8610620443087819,0.8430210207961418,0.8866534061338469,0.9027023188022911,0.9181916657435406,0.9200292113963292,0.9200292113963292,0.8402387984765148,0.14333468701069427,0.8387204923941207,-0.05857501192037524,-0.07222064889976079,-0.3480495152626081,0.5124927521723815,0.7421691233722373,0.7616127413767642,1.0,0.9103326044498846,0.5705549801635379,0.7003379214476829,0.6693659949182784,0.8832602863485913,0.5334905737232146,0.32082502924320955],[0.786868573521296,0.7958673214633087,0.786868573521296,0.7870570934945395,0.7870570934945395,0.7555314104018142,0.7555314104018142,0.7701988270313701,0.7701988270313701,0.6759933344300486,0.8129561762128894,0.6972389363851367,0.7503931012859664,0.6934147541106387,0.8141876194315479,0.7902611255263967,0.834597337873002,0.8458866351519696,0.8458866351519696,0.7031212843869731,-0.020267316120243323,0.7547447529799075,0.11721433868641251,-0.10386790799892992,-0.3255147804236587,0.6434435364614927,0.6532773545991982,0.6334341521170429,0.9103326044498846,1.0,0.6050455479828538,0.6839081995675832,0.6141511357862155,0.7458478406020304,0.6104435394692891,0.4902577991978959],[0.6174258284516994,0.6085555044552869,0.6174258284516994,0.6473042513757067,0.6473042513757067,0.7819887910814364,0.7819887910814364,0.8851150627481021,0.8851150627481021,0.3379379344445254,0.9296984939138682,0.5372269959307939,0.9299835081079544,0.9366510563853012,0.9290540304874598,0.872295729662711,0.9178138241793407,0.7990224717841627,0.7990224717841627,0.15679411334246293,0.0077209260277929,0.6488462687064461,0.6190972268391832,-0.5776484485979868,0.05852514929784795,0.5771890178554961,0.5826659528826205,0.6447397945799881,0.5705549801635379,0.6050455479828538,1.0,0.7494530587502379,0.38950687934590195,0.5471178763085268,0.6353037134424017,0.7535769969620898],[0.6496216981872058,0.6469976965312134,0.6496216981872058,0.6405301790751656,0.6405301790751656,0.745764787441609,0.745764787441609,0.790011003781637,0.790011003781637,0.5251961301067697,0.8586641091698373,0.6925179138480685,0.8267793661090098,0.8196830746244748,0.8600158463128639,0.7916030686312001,0.8919164437462979,0.7666285820714596,0.7666285820714596,0.3295371917290493,0.3027296308842629,0.6082609568947526,0.4986775871829398,-0.22315145355965,0.15550980886656768,0.6705489537116978,0.5109369293398157,0.6206199702962968,0.7003379214476829,0.6839081995675832,0.7494530587502379,1.0,0.77938095486457,0.5238313087115274,0.7381070248461222,0.5627401033497652],[0.6178408611913581,0.6428020562544805,0.6178408611913581,0.5842773604424139,0.5842773604424139,0.6911965417106446,0.6911965417106446,0.7111712630717927,0.7111712630717927,0.5626992245474873,0.745205687879801,0.6787706963405712,0.7059411373385569,0.6416286402552189,0.7469871142261202,0.7484435056947,0.7920098718170586,0.708093952094524,0.708093952094524,0.5716560312776456,0.5567206396460628,0.5163183124693527,0.21158862701857128,-0.038102407004006716,0.2602582247024302,0.43243624477217035,0.4787559272787928,0.5338411684605486,0.6693659949182784,0.6141511357862155,0.38950687934590195,0.77938095486457,1.0,0.49862125631337645,0.6607094486416468,0.21367887852533365],[0.9341649234435275,0.932422003308079,0.9341649234435275,0.9213913767856143,0.9213913767856143,0.8714840724713296,0.8714840724713296,0.8098208107774951,0.8098208107774951,0.776933200593132,0.9039280304175729,0.7299711341400552,0.8826237701276525,0.9006689591264504,0.9040891704537399,0.8924203192988468,0.9184542665745944,0.8529154785028807,0.8529154785028807,0.7863017924839473,-0.1427295547650713,0.8997835603908628,0.059112114113753195,-0.0831187655272131,-0.36974747021018267,0.7191855785312682,0.818581292936121,0.8327861731876718,0.8832602863485913,0.7458478406020304,0.5471178763085268,0.5238313087115274,0.49862125631337645,1.0,0.7568258472583989,0.20856196570106472],[0.8537833424254604,0.720709549216188,0.8537833424254604,0.8448631925526455,0.8448631925526455,0.8806841447923751,0.8806841447923751,0.8638159350488611,0.8638159350488611,0.6308705474808488,0.9498078938684134,0.6117611462513669,0.9557130048680599,0.9565783922743715,0.9498712608279305,0.8775372733989435,0.9583861161192816,0.7869843142322385,0.7869843142322385,0.49660750758707867,0.07934264049190845,0.7016255199991626,0.4209171399271895,-0.25552843425407806,0.10096728234397494,0.7158682576516482,0.657588994532836,0.8515140767534087,0.5334905737232146,0.6104435394692891,0.6353037134424017,0.7381070248461222,0.6607094486416468,0.7568258472583989,1.0,0.22480929415393291],[0.23359352178212472,0.22983546316654554,0.23359352178212472,0.24749847280097942,0.24749847280097942,0.5016331930814736,0.5016331930814736,0.8180007933358513,0.8180007933358513,0.16927936129214124,0.8073614061435104,0.6438598129784278,0.8310111120826695,0.8092510220788619,0.8076732501124142,0.8089974771456603,0.8545103493025051,0.8581415882818844,0.8581415882818844,-0.1232696309861384,0.13904165843408936,0.22996300357591073,0.4848225583956784,-0.4219383902136545,0.0852876375573035,0.43683695602131106,0.17431180892220305,0.25767847145847733,0.32082502924320955,0.4902577991978959,0.7535769969620898,0.5627401033497652,0.21367887852533365,0.20856196570106472,0.22480929415393291,1.0]],"x":["^TAIEX       \u81fa\u7063\u52a0\u6b0a\u5831\u916c\u6307\u6578","^TWII        \u81fa\u7063\u52a0\u6b0a\u6307\u6578","^TAIEXx2     \u81fa\u7063\u52a0\u6b0a\u5831\u916c\u6307\u6578_\u65e5\u6b632","^TAI50I      \u81fa\u706350\u5831\u916c\u6307\u6578","^TAI50Ix2    \u81fa\u706350\u5831\u916c\u6307\u6578_\u65e5\u6b632","^TAI100I     \u81fa\u7063\u4e2d\u578b100\u5831\u916c\u6307\u6578","^TAI100Ix2   \u81fa\u7063\u4e2d\u578b100\u5831\u916c\u6307\u6578_\u65e5\u6b632","^TAIDIVIDI   \u81fa\u7063\u9ad8\u80a1\u606f\u5831\u916c\u6307\u6578","^TAIDIVIDIx2 \u81fa\u7063\u9ad8\u80a1\u606f\u5831\u916c\u6307\u6578_\u65e5\u6b632","0050Fund     \u5143\u5927\u53f0\u7063\u5353\u8d8a50\u57fa\u91d1","006208Fund   \u5bcc\u90a6\u53f0\u7063\u91c6\u540950\u57fa\u91d1","0050         \u5143\u5927\u81fa\u706350","00631L       \u5143\u5927\u53f0\u706350\u6b632","00675L       \u5bcc\u90a6\u81fa\u7063\u52a0\u6b0a\u6b632","006208       \u5bcc\u90a6\u53f050","0051         \u5143\u5927\u4e2d\u578b100","006204       \u6c38\u8c50\u81fa\u7063\u52a0\u6b0a","0056         \u5143\u5927\u9ad8\u80a1\u606f","0056         \u5143\u5927\u9ad8\u80a1\u606f_\u80a1\u606f\u4e0d\u6295\u5165","2412         \u4e2d\u83ef\u96fb\u4fe1","2002         \u4e2d\u92fc","2330         \u53f0\u7a4d\u96fb","2317         \u9d3b\u6d77","6505         \u53f0\u5851\u77f3\u5316","3481         \u7fa4\u5275","2303         \u806f\u96fb","2308         \u53f0\u9054\u96fb","2454         \u806f\u767c\u79d1","2886         \u5146\u8c50\u91d1","2884         \u7389\u5c71\u91d1","2891         \u4e2d\u4fe1\u91d1","2892         \u7b2c\u4e00\u91d1","5880         \u5408\u5eab\u91d1","2881         \u5bcc\u90a6\u91d1","2885         \u5143\u5927\u91d1","2887         \u53f0\u65b0\u91d1"],"y":["^TAIEX       \u81fa\u7063\u52a0\u6b0a\u5831\u916c\u6307\u6578","^TWII        \u81fa\u7063\u52a0\u6b0a\u6307\u6578","^TAIEXx2     \u81fa\u7063\u52a0\u6b0a\u5831\u916c\u6307\u6578_\u65e5\u6b632","^TAI50I      \u81fa\u706350\u5831\u916c\u6307\u6578","^TAI50Ix2    \u81fa\u706350\u5831\u916c\u6307\u6578_\u65e5\u6b632","^TAI100I     \u81fa\u7063\u4e2d\u578b100\u5831\u916c\u6307\u6578","^TAI100Ix2   \u81fa\u7063\u4e2d\u578b100\u5831\u916c\u6307\u6578_\u65e5\u6b632","^TAIDIVIDI   \u81fa\u7063\u9ad8\u80a1\u606f\u5831\u916c\u6307\u6578","^TAIDIVIDIx2 \u81fa\u7063\u9ad8\u80a1\u606f\u5831\u916c\u6307\u6578_\u65e5\u6b632","0050Fund     \u5143\u5927\u53f0\u7063\u5353\u8d8a50\u57fa\u91d1","006208Fund   \u5bcc\u90a6\u53f0\u7063\u91c6\u540950\u57fa\u91d1","0050         \u5143\u5927\u81fa\u706350","00631L       \u5143\u5927\u53f0\u706350\u6b632","00675L       \u5bcc\u90a6\u81fa\u7063\u52a0\u6b0a\u6b632","006208       \u5bcc\u90a6\u53f050","0051         \u5143\u5927\u4e2d\u578b100","006204       \u6c38\u8c50\u81fa\u7063\u52a0\u6b0a","0056         \u5143\u5927\u9ad8\u80a1\u606f","0056         \u5143\u5927\u9ad8\u80a1\u606f_\u80a1\u606f\u4e0d\u6295\u5165","2412         \u4e2d\u83ef\u96fb\u4fe1","2002         \u4e2d\u92fc","2330         \u53f0\u7a4d\u96fb","2317         \u9d3b\u6d77","6505         \u53f0\u5851\u77f3\u5316","3481         \u7fa4\u5275","2303         \u806f\u96fb","2308         \u53f0\u9054\u96fb","2454         \u806f\u767c\u79d1","2886         \u5146\u8c50\u91d1","2884         \u7389\u5c71\u91d1","2891         \u4e2d\u4fe1\u91d1","2892         \u7b2c\u4e00\u91d1","5880         \u5408\u5eab\u91d1","2881         \u5bcc\u90a6\u91d1","2885         \u5143\u5927\u91d1","2887         \u53f0\u65b0\u91d1"],"zmin":-1,"zmax":1,"colorbar":{"x":-0.2}}],"layout":{"autotypenumbers":"strict","colorway":["#636efa","#EF553B","#00cc96","#ab63fa","#FFA15A","#19d3f3","#FF6692","#B6E880","#FF97FF","#FECB52"],"font":{"color":"#f2f5fa","family":"Courier New"},"hovermode":"closest","hoverlabel":{"align":"left"},"paper_bgcolor":"rgb(17,17,17)","plot_bgcolor":"rgb(17,17,17)","polar":{"bgcolor":"rgb(17,17,17)","angularaxis":{"gridcolor":"#506784","linecolor":"#506784","ticks":""},"radialaxis":{"gridcolor":"#506784","linecolor":"#506784","ticks":""}},"ternary":{"bgcolor":"rgb(17,17,17)","aaxis":{"gridcolor":"#506784","linecolor":"#506784","ticks":""},"baxis":{"gridcolor":"#506784","linecolor":"#506784","ticks":""},"caxis":{"gridcolor":"#506784","linecolor":"#506784","ticks":""}},"coloraxis":{"colorbar":{"outlinewidth":0,"ticks":""}},"colorscale":{"sequential":[[0.0,"#0d0887"],[0.1111111111111111,"#46039f"],[0.2222222222222222,"#7201a8"],[0.3333333333333333,"#9c179e"],[0.4444444444444444,"#bd3786"],[0.5555555555555556,"#d8576b"],[0.6666666666666666,"#ed7953"],[0.7777777777777778,"#fb9f3a"],[0.8888888888888888,"#fdca26"],[1.0,"#f0f921"]],"sequentialminus":[[0.0,"#0d0887"],[0.1111111111111111,"#46039f"],[0.2222222222222222,"#7201a8"],[0.3333333333333333,"#9c179e"],[0.4444444444444444,"#bd3786"],[0.5555555555555556,"#d8576b"],[0.6666666666666666,"#ed7953"],[0.7777777777777778,"#fb9f3a"],[0.8888888888888888,"#fdca26"],[1.0,"#f0f921"]],"diverging":[[0,"#8e0152"],[0.1,"#c51b7d"],[0.2,"#de77ae"],[0.3,"#f1b6da"],[0.4,"#fde0ef"],[0.5,"#f7f7f7"],[0.6,"#e6f5d0"],[0.7,"#b8e186"],[0.8,"#7fbc41"],[0.9,"#4d9221"],[1,"#276419"]]},"xaxis":{"gridcolor":"rgba(0, 0, 0, 0)","linecolor":"#506784","ticks":"","title":{"standoff":15},"zerolinecolor":"#283442","automargin":true,"zerolinewidth":2,"tickfont":{"family":"Courier New","size":14},"side":"top","tickangle":-90},"yaxis":{"gridcolor":"rgba(0, 0, 0, 0)","linecolor":"#506784","ticks":"","title":{"standoff":15},"zerolinecolor":"#283442","automargin":true,"zerolinewidth":2,"tickfont":{"family":"Courier New"},"side":"right"},"scene":{"xaxis":{"backgroundcolor":"rgb(17,17,17)","gridcolor":"#506784","linecolor":"#506784","showbackground":true,"ticks":"","zerolinecolor":"#C8D4E3","gridwidth":2},"yaxis":{"backgroundcolor":"rgb(17,17,17)","gridcolor":"#506784","linecolor":"#506784","showbackground":true,"ticks":"","zerolinecolor":"#C8D4E3","gridwidth":2},"zaxis":{"backgroundcolor":"rgb(17,17,17)","gridcolor":"#506784","linecolor":"#506784","showbackground":true,"ticks":"","zerolinecolor":"#C8D4E3","gridwidth":2}},"shapedefaults":{"line":{"color":"#f2f5fa"}},"annotationdefaults":{"arrowcolor":"#f2f5fa","arrowhead":0,"arrowwidth":1},"geo":{"bgcolor":"rgb(17,17,17)","landcolor":"rgb(17,17,17)","subunitcolor":"#506784","showland":true,"showlakes":true,"lakecolor":"rgb(17,17,17)"},"title":{"x":0.05,"font":{"family":"Times New Roman"},"y":0.05,"text":"<b>Correlation of Close<b><br><i>2016-09-23 ~ 2026-02-26<i>"},"updatemenudefaults":{"bgcolor":"#506784","borderwidth":0},"sliderdefaults":{"bgcolor":"#C8D4E3","borderwidth":1,"bordercolor":"rgb(17,17,17)","tickwidth":0},"mapbox":{"style":"dark"},"annotations":[{"text":"<b>@zwindr<b>","textangle":0,"opacity":0.5,"font":{"color":"white","size":12},"xref":"paper","yref":"paper","xanchor":"left","yanchor":"bottom","x":1.0,"y":1.0,"showarrow":false}]},"config":{"responsive":true,"toImageButtonOptions":{"filename":"Correlation of Close_2016-09-23~2026-02-26","scale":5}}};Plotly.newPlot("correlationClose",correlationClose.data,correlationClose.layout||{},correlationClose.config);}else{console.log("style display is none => correlationClose");}