var element=document.getElementById("correlationAdjClose");if(element.style.display!='none'){var correlationAdjClose={"data":[{"type":"heatmap","z":[[1.0,0.9963198036569973,0.9563337378166964,0.9964255963178056,0.9239057021873381,0.9881453612946628,0.9628103080567796,0.9808634279846459,0.9807268105380945,0.9965519712770324,0.9964400945949583,0.9966952705648503,0.8610913476003605,0.984621286481208,0.9965516425520949,0.9888831039841226,0.9997720048721356,0.9805470715824678,0.8936117135793296,0.8938683495262856,0.6050854917903311,0.9853635411693025,0.944357813165353,0.28213478232117906,-0.22616028668775948,0.9153045880713546,0.8889515527028424,0.9542228444872195,0.9451607395362562,0.9453030854573109,0.9829471104355482,0.9450170116379132,0.9034058034057242,0.9722251808624225,0.9824013090138182,0.9598615564957751],[0.9963198036569973,1.0,0.9592252887304766,0.9939094573908496,0.9253627495874339,0.9849728641816643,0.9631981905249523,0.9717615146293468,0.9763538639723454,0.9949309566064787,0.9964705881680085,0.9960581993414453,0.875695143907231,0.9855205148776564,0.9965444197880956,0.9848880969650516,0.9979671312332753,0.9735454100920088,0.9077013123336797,0.8773688516601793,0.620280549704762,0.9768062248267046,0.9289142967919978,0.26985827053313616,-0.14885007904793354,0.903083823679584,0.8925807879650308,0.9513799440712916,0.9219780046912018,0.9275169028638761,0.9761714280641686,0.9239723850210132,0.8943640968418729,0.9615859076223645,0.9771889332164747,0.953673787320258],[0.9563337378166964,0.9592252887304766,1.0,0.9735142475740824,0.9940546878953384,0.9484696630757058,0.9806263725957245,0.9048675898881515,0.9510703637062856,0.973600432183587,0.9807394477419925,0.977351444896449,0.8900927669161635,0.9973421165302134,0.9803653517062704,0.9455845996052555,0.9670838376684673,0.9048204926035431,0.8074166770013866,0.7466690152493684,0.42107611345277124,0.9819701540760091,0.8991886039300228,0.10470697625163339,-0.12228863747172106,0.8780553912115818,0.9642493290419153,0.9640884829042897,0.8177123651402148,0.8292506454703281,0.9385527737082929,0.8223156328905868,0.7753078940767597,0.8938020558370824,0.9563803409584622,0.8841007793081832],[0.9964255963178056,0.9939094573908496,0.9735142475740824,1.0,0.9457107215758566,0.9800383485708983,0.9665851913833303,0.9659672465836712,0.9757870247823219,0.999981084251103,0.999994888602106,0.9999738416617647,0.8767726553099959,0.9885736268435048,0.9999673956262808,0.9784394319607287,0.996042938720711,0.965496884778893,0.8724567194986563,0.8615217134349986,0.5488477644172659,0.9953008604506621,0.943758727336136,0.23781013267383785,-0.19309625604912095,0.9085099570115241,0.9140240854769024,0.956451730355274,0.9160693184794546,0.9237319184817369,0.9818469574389933,0.9166735184901169,0.869686392086205,0.9594151322608794,0.981209585680885,0.9454227172237442],[0.9239057021873381,0.9253627495874339,0.9940546878953384,0.9457107215758566,1.0,0.9065930812972848,0.9591237996247132,0.8556207825662856,0.9187090934554665,0.9463968229164671,0.9580611667488469,0.9529865774377,0.8907754038705445,0.9858174471199594,0.9575149602222262,0.9034103392250653,0.9350289970241203,0.8561063923339927,0.7581920336601364,0.6819108535650762,0.3460991074423072,0.958741470161931,0.8650802255472069,0.06411916675485667,-0.07964315095184785,0.8433707524391273,0.9787510763454419,0.9473309878984241,0.7472295626440743,0.7661122032110829,0.9028160338605625,0.7529568606536086,0.6979702227459045,0.8417571547615637,0.9220652317444467,0.8326528708305355],[0.9881453612946628,0.9849728641816643,0.9484696630757058,0.9800383485708983,0.9065930812972848,1.0,0.9762695037817933,0.9807325956609443,0.9856521856422087,0.9796601465980436,0.9747108754950505,0.9777537993775318,0.8462324656649609,0.9537638207746663,0.9748180548196367,0.9999255150707317,0.989889979514714,0.9816564534844635,0.90396794689153,0.8612450104472209,0.5696348285650993,0.9718340243260724,0.9267635013234096,0.17134147166039662,-0.15625004474890244,0.9402397053888144,0.8638682070623277,0.9470331188393425,0.933677711907015,0.9231161092121088,0.9689682220224485,0.9342857635499519,0.9149241636775277,0.9600503448074907,0.9848860608520057,0.9635194219103731],[0.9628103080567796,0.9631981905249523,0.9806263725957245,0.9665851913833303,0.9591237996247132,0.9762695037817933,1.0,0.9352573790136017,0.980186257312552,0.9658466104000605,0.9746515522838687,0.971256611360684,0.8825363115708403,0.9836861684701986,0.9744644616543315,0.9772391707562034,0.9770646416685652,0.9379756281056003,0.8511091557230179,0.7610418084559033,0.43167724285168263,0.9687559184128868,0.9121286500970175,0.03968572958884099,-0.082057382729501,0.9091160001313773,0.9205025892623503,0.9655562592478264,0.8446544660656216,0.8362272302020851,0.9435151633613728,0.8465514140236159,0.8249935150189028,0.909062287634077,0.9735878180788001,0.908471853056754],[0.9808634279846459,0.9717615146293468,0.9048675898881515,0.9659672465836712,0.8556207825662856,0.9807325956609443,0.9352573790136017,1.0,0.9796141697129643,0.9658603549973309,0.9605960459946997,0.9646809269345193,0.8061542766468337,0.9235621635134028,0.960959788785354,0.9825622762125654,0.9780373079306045,0.999894686945654,0.9360516019538575,0.9287242258996519,0.5609226878567625,0.951700640465095,0.920078803235254,0.14865412987136273,-0.2517088481775187,0.9183783422283827,0.7968384613899535,0.9132045672107968,0.9698292092047825,0.9558928859771241,0.9695896413542445,0.9611688818837488,0.9250697429870445,0.9688769841854818,0.9593775473291641,0.9726394112651362],[0.9807268105380945,0.9763538639723454,0.9510703637062856,0.9757870247823219,0.9187090934554665,0.9856521856422087,0.980186257312552,0.9796141697129643,1.0,0.9753047654069497,0.9712003103083215,0.9741099143320165,0.8487852807778463,0.9546419206473044,0.971240821503052,0.9849532274583922,0.9795104987229152,0.979622823640515,0.9054582793302014,0.8522023862069781,0.45593106905483327,0.9700302249786148,0.9350668512208262,0.011057664698485544,-0.16038396700867963,0.912568442369272,0.8587306088525486,0.9581407920032496,0.9098652796696036,0.8935183976294768,0.9685291883423128,0.9028095813809205,0.8675761254319615,0.949296496326597,0.9794273254879087,0.9362258870614288],[0.9965519712770324,0.9949309566064787,0.973600432183587,0.999981084251103,0.9463968229164671,0.9796601465980436,0.9658466104000605,0.9658603549973309,0.9753047654069497,1.0,0.9999944899751227,0.9999848188407054,0.8785564050286838,0.9886222529878786,0.9999688526282066,0.978168796556028,0.9959337158060696,0.965324994202916,0.8739936434657,0.8616241367445354,0.5398459380631224,0.9955219987557555,0.9443257552267093,0.24019277299115369,-0.18954960234982046,0.909353964487108,0.913097785316287,0.9552521576194918,0.9138537368831746,0.9211751419620662,0.9811573174551165,0.9143728059095081,0.8663586917144352,0.9579024313141462,0.9808518879722304,0.9441059380920922],[0.9964400945949583,0.9964705881680085,0.9807394477419925,0.999994888602106,0.9580611667488469,0.9747108754950505,0.9746515522838687,0.9605960459946997,0.9712003103083215,0.9999944899751227,1.0,0.9999790591481972,0.8786664480936813,0.9885154044293378,0.9999707943164571,0.9743233390070338,0.9958259072263853,0.961372204852113,0.8899546272241331,0.890391815193363,0.3723033795023855,0.9977957990527696,0.9347589795296574,-0.22131956636542632,0.6088539817494747,0.9027292107278926,0.9045843919839806,0.9549273367230265,0.8923366363160437,0.897900607553256,0.9756753860038788,0.8849487815297679,0.8208194076251759,0.9451959118402659,0.9859023857030785,0.9409739907424824],[0.9966952705648503,0.9960581993414453,0.977351444896449,0.9999738416617647,0.9529865774377,0.9777537993775318,0.971256611360684,0.9646809269345193,0.9741099143320165,0.9999848188407054,0.9999790591481972,1.0,0.8796346271531867,0.9886683329414134,0.9999769484711483,0.9774612635241813,0.9958521903612352,0.964933938904583,0.8817898914120615,0.8780290543815268,0.4534524393970874,0.9971022155017816,0.9430564671222016,-0.027073042834680594,0.003088135433286781,0.9157411967382845,0.907811618727769,0.9515453288447298,0.9009348610628753,0.9065891211517583,0.9783540478919963,0.8993146705451912,0.8490601260892603,0.9524086523643807,0.9812078100780922,0.9440111543872146],[0.8610913476003605,0.875695143907231,0.8900927669161635,0.8767726553099959,0.8907754038705445,0.8462324656649609,0.8825363115708403,0.8061542766468337,0.8487852807778463,0.8785564050286838,0.8786664480936813,0.8796346271531867,1.0,0.9998703168435282,0.8792470810172521,0.8477565058097611,0.8690251784371662,0.8104965703485818,0.7380744955869115,0.695651584109977,0.19136104567458923,0.8770676404589222,0.8132234828301775,-0.4805241062600176,0.6271239607147469,0.776468164050184,0.8668556493901639,0.8754522901829397,0.7008904661900672,0.7024070601496549,0.8398830885313229,0.6902982269856865,0.6110305248810889,0.7984569548070495,0.8623145039315611,0.7993525370380913],[0.984621286481208,0.9855205148776564,0.9973421165302134,0.9885736268435048,0.9858174471199594,0.9537638207746663,0.9836861684701986,0.9235621635134028,0.9546419206473044,0.9886222529878786,0.9885154044293378,0.9886683329414134,0.9998703168435282,1.0,0.9884859438654082,0.9525751685110503,0.9812849131207091,0.9253171206023963,0.8410539100375857,0.8517479691047167,0.09721225251825258,0.9820342768683893,0.8962623926737282,-0.6667961764609905,0.6681842239665812,0.8644921645635663,0.9511089798655961,0.9622560338644642,0.8027988099333168,0.818582205215287,0.9411443081879257,0.8114290023110953,0.6941282328619769,0.8896404885172535,0.9656462350755993,0.9095905069056683],[0.9965516425520949,0.9965444197880956,0.9803653517062704,0.9999673956262808,0.9575149602222262,0.9748180548196367,0.9744644616543315,0.960959788785354,0.971240821503052,0.9999688526282066,0.9999707943164571,0.9999769484711483,0.8792470810172521,0.9884859438654082,1.0,0.9745152502154271,0.9959294959294362,0.9618244153375927,0.8910395886483456,0.8906808257629958,0.37206037307351564,0.9976664869792622,0.9349878828213772,-0.2194735683364624,0.6120620207614721,0.9036818641558882,0.9041714073964133,0.954361935960376,0.8923420148687766,0.8979585940401235,0.9758214903739597,0.8850907402758473,0.8208218935680176,0.9454520062974527,0.9860522403984329,0.9416730139840497],[0.9888831039841226,0.9848880969650516,0.9455845996052555,0.9784394319607287,0.9034103392250653,0.9999255150707317,0.9772391707562034,0.9825622762125654,0.9849532274583922,0.978168796556028,0.9743233390070338,0.9774612635241813,0.8477565058097611,0.9525751685110503,0.9745152502154271,1.0,0.9898281707866846,0.9821351758128525,0.9072989213082029,0.884638415123473,0.5393850764578602,0.9699474610844241,0.923910061919995,0.017835974469636758,-0.0837837775503285,0.9451998012994374,0.8539907346222188,0.9418868850726508,0.9346274807559546,0.9192797752047063,0.9669347541521887,0.9336863982075715,0.9093758324974007,0.9620850687254812,0.9841816555502989,0.9661068628346051],[0.9997720048721356,0.9979671312332753,0.9670838376684673,0.996042938720711,0.9350289970241203,0.989889979514714,0.9770646416685652,0.9780373079306045,0.9795104987229152,0.9959337158060696,0.9958259072263853,0.9958521903612352,0.8690251784371662,0.9812849131207091,0.9959294959294362,0.9898281707866846,1.0,0.9787131542730586,0.916083214987924,0.9119437915571151,0.44327642619281465,0.9903481322128208,0.9344861629531911,-0.16751378236400774,0.6102870230766206,0.926754139437504,0.8796087137550606,0.9510194936634712,0.9239190327355372,0.9195993785901196,0.9780083793259624,0.9163385328763771,0.8670452774819492,0.9616107713952544,0.9913794349267976,0.9634868115767043],[0.9805470715824678,0.9735454100920088,0.9048204926035431,0.965496884778893,0.8561063923339927,0.9816564534844635,0.9379756281056003,0.999894686945654,0.979622823640515,0.965324994202916,0.961372204852113,0.964933938904583,0.8104965703485818,0.9253171206023963,0.9618244153375927,0.9821351758128525,0.9787131542730586,1.0,0.9390630464448864,0.9338762068302161,0.5530622286184069,0.9506837344894692,0.9237618602100881,0.1085719206460116,-0.18715898314860877,0.9228282867187106,0.7944668004442041,0.9122947903399943,0.9688116521343317,0.9541650394120317,0.9684679063752795,0.9586879472172779,0.9224064995085084,0.9682127722934956,0.9582156978553336,0.9732600197765054],[0.8936117135793296,0.9077013123336797,0.8074166770013866,0.8724567194986563,0.7581920336601364,0.90396794689153,0.8511091557230179,0.9360516019538575,0.9054582793302014,0.8739936434657,0.8899546272241331,0.8817898914120615,0.7380744955869115,0.8410539100375857,0.8910395886483456,0.9072989213082029,0.916083214987924,0.9390630464448864,1.0,0.8445080889156633,0.640007125659372,0.8463752836170969,0.8329795250018238,0.19723017443486232,-0.08907706177959587,0.8738489512485407,0.6901258386730004,0.8351828810129078,0.8984079963123855,0.8712555437258392,0.8661368084333602,0.8810961671389079,0.8606744531406437,0.8735583373201925,0.87686589696834,0.9049897529538679],[0.8938683495262856,0.8773688516601793,0.7466690152493684,0.8615217134349986,0.6819108535650762,0.8612450104472209,0.7610418084559033,0.9287242258996519,0.8522023862069781,0.8616241367445354,0.890391815193363,0.8780290543815268,0.695651584109977,0.8517479691047167,0.8906808257629958,0.884638415123473,0.9119437915571151,0.9338762068302161,0.8445080889156633,1.0,0.8065076686384373,0.8119252899691718,0.8663877541315728,0.5918932161213175,-0.48012839065266855,0.7236431150017331,0.6732166973997072,0.7560802978551862,0.9629100535531554,0.942438400703128,0.881358729336693,0.9515782206350298,0.908475565647828,0.9028599582819222,0.8324203361186756,0.8857407330496918],[0.6050854917903311,0.620280549704762,0.42107611345277124,0.5488477644172659,0.3460991074423072,0.5696348285650993,0.43167724285168263,0.5609226878567625,0.45593106905483327,0.5398459380631224,0.3723033795023855,0.4534524393970874,0.19136104567458923,0.09721225251825258,0.37206037307351564,0.5393850764578602,0.44327642619281465,0.5530622286184069,0.640007125659372,0.8065076686384373,1.0,0.4927684996188533,0.6376832549121043,0.7212426655449267,-0.11547015106619155,0.4857807485612072,0.3885481101901259,0.48817829671426965,0.751713021131829,0.6740033201712538,0.5508681449362863,0.7090053859880938,0.7401499062969292,0.6203624397545714,0.553547538606632,0.6253348679880184],[0.9853635411693025,0.9768062248267046,0.9819701540760091,0.9953008604506621,0.958741470161931,0.9718340243260724,0.9687559184128868,0.951700640465095,0.9700302249786148,0.9955219987557555,0.9977957990527696,0.9971022155017816,0.8770676404589222,0.9820342768683893,0.9976664869792622,0.9699474610844241,0.9903481322128208,0.9506837344894692,0.8463752836170969,0.8119252899691718,0.4927684996188533,1.0,0.9217065456547294,0.17338771018702034,-0.17797411536641886,0.8921700998690935,0.9251394926992597,0.9542607628613232,0.879528095032507,0.8998113754263999,0.9738333660341768,0.8886005086120301,0.8375706193747446,0.9446083780939158,0.9700271135205936,0.9266462351621729],[0.944357813165353,0.9289142967919978,0.8991886039300228,0.943758727336136,0.8650802255472069,0.9267635013234096,0.9121286500970175,0.920078803235254,0.9350668512208262,0.9443257552267093,0.9347589795296574,0.9430564671222016,0.8132234828301775,0.8962623926737282,0.9349878828213772,0.923910061919995,0.9344861629531911,0.9237618602100881,0.8329795250018238,0.8663877541315728,0.6376832549121043,0.9217065456547294,1.0,0.2369832011221869,-0.1359325397645264,0.7727816828424642,0.8279600699232549,0.886706408447151,0.8982591094650079,0.8720411125182344,0.9488786512602726,0.8788484622385536,0.8399839186885554,0.942414176785311,0.9078516621809711,0.8870487676856718],[0.28213478232117906,0.26985827053313616,0.10470697625163339,0.23781013267383785,0.06411916675485667,0.17134147166039662,0.03968572958884099,0.14865412987136273,0.011057664698485544,0.24019277299115369,-0.22131956636542632,-0.027073042834680594,-0.4805241062600176,-0.6667961764609905,-0.2194735683364624,0.017835974469636758,-0.16751378236400774,0.1085719206460116,0.19723017443486232,0.5918932161213175,0.7212426655449267,0.17338771018702034,0.2369832011221869,1.0,-0.38110801219629953,0.20309647596409916,0.10370444143847515,0.1032566605900197,0.4228005386169893,0.4080696367960311,0.2290026469127712,0.4334696545013692,0.3750114865175834,0.2774777404819539,0.18074492410470863,0.3051998603579738],[-0.22616028668775948,-0.14885007904793354,-0.12228863747172106,-0.19309625604912095,-0.07964315095184785,-0.15625004474890244,-0.082057382729501,-0.2517088481775187,-0.16038396700867963,-0.18954960234982046,0.6088539817494747,0.003088135433286781,0.6271239607147469,0.6681842239665812,0.6120620207614721,-0.0837837775503285,0.6102870230766206,-0.18715898314860877,-0.08907706177959587,-0.48012839065266855,-0.11547015106619155,-0.17797411536641886,-0.1359325397645264,-0.38110801219629953,1.0,-0.09678826760246652,-0.09191643188206852,-0.08623609774670914,-0.35075837158812395,-0.3343759571218502,-0.23512378527132966,-0.3086720569668072,-0.19028918333127473,-0.2866009276725017,-0.11567210840562692,-0.2545479516091269],[0.9153045880713546,0.903083823679584,0.8780553912115818,0.9085099570115241,0.8433707524391273,0.9402397053888144,0.9091160001313773,0.9183783422283827,0.912568442369272,0.909353964487108,0.9027292107278926,0.9157411967382845,0.776468164050184,0.8644921645635663,0.9036818641558882,0.9451998012994374,0.926754139437504,0.9228282867187106,0.8738489512485407,0.7236431150017331,0.4857807485612072,0.8921700998690935,0.7727816828424642,0.20309647596409916,-0.09678826760246652,1.0,0.7934076346430312,0.9114175171388968,0.8142823620849422,0.8570105431421287,0.8621908122967187,0.8594859628102479,0.839995767281896,0.871913285326767,0.8964873297164184,0.904634302994572],[0.8889515527028424,0.8925807879650308,0.9642493290419153,0.9140240854769024,0.9787510763454419,0.8638682070623277,0.9205025892623503,0.7968384613899535,0.8587306088525486,0.913097785316287,0.9045843919839806,0.907811618727769,0.8668556493901639,0.9511089798655961,0.9041714073964133,0.8539907346222188,0.8796087137550606,0.7944668004442041,0.6901258386730004,0.6732166973997072,0.3885481101901259,0.9251394926992597,0.8279600699232549,0.10370444143847515,-0.09191643188206852,0.7934076346430312,1.0,0.9064144555258026,0.7155779148060863,0.7298154003304944,0.8620102196069136,0.7151723573253492,0.6624851226027108,0.7990202918715154,0.8799733481898611,0.7975793511847771],[0.9542228444872195,0.9513799440712916,0.9640884829042897,0.956451730355274,0.9473309878984241,0.9470331188393425,0.9655562592478264,0.9132045672107968,0.9581407920032496,0.9552521576194918,0.9549273367230265,0.9515453288447298,0.8754522901829397,0.9622560338644642,0.954361935960376,0.9418868850726508,0.9510194936634712,0.9122947903399943,0.8351828810129078,0.7560802978551862,0.48817829671426965,0.9542607628613232,0.886706408447151,0.1032566605900197,-0.08623609774670914,0.9114175171388968,0.9064144555258026,1.0,0.8331898345052525,0.832348233926538,0.9249368530512786,0.8250508806156756,0.7977530345355955,0.9015948051998565,0.9579889338347536,0.872381503686506],[0.9451607395362562,0.9219780046912018,0.8177123651402148,0.9160693184794546,0.7472295626440743,0.933677711907015,0.8446544660656216,0.9698292092047825,0.9098652796696036,0.9138537368831746,0.8923366363160437,0.9009348610628753,0.7008904661900672,0.8027988099333168,0.8923420148687766,0.9346274807559546,0.9239190327355372,0.9688116521343317,0.8984079963123855,0.9629100535531554,0.751713021131829,0.879528095032507,0.8982591094650079,0.4228005386169893,-0.35075837158812395,0.8142823620849422,0.7155779148060863,0.8331898345052525,1.0,0.9870830334005177,0.9378648010164284,0.9913817163094731,0.9567865832782337,0.9577432055905135,0.8902452637429737,0.9587846146538819],[0.9453030854573109,0.9275169028638761,0.8292506454703281,0.9237319184817369,0.7661122032110829,0.9231161092121088,0.8362272302020851,0.9558928859771241,0.8935183976294768,0.9211751419620662,0.897900607553256,0.9065891211517583,0.7024070601496549,0.818582205215287,0.8979585940401235,0.9192797752047063,0.9195993785901196,0.9541650394120317,0.8712555437258392,0.942438400703128,0.6740033201712538,0.8998113754263999,0.8720411125182344,0.4080696367960311,-0.3343759571218502,0.8570105431421287,0.7298154003304944,0.832348233926538,0.9870830334005177,1.0,0.9391880477961736,0.9860184571248736,0.9568781423859744,0.9459132712424986,0.9086188529166607,0.9615369936471733],[0.9829471104355482,0.9761714280641686,0.9385527737082929,0.9818469574389933,0.9028160338605625,0.9689682220224485,0.9435151633613728,0.9695896413542445,0.9685291883423128,0.9811573174551165,0.9756753860038788,0.9783540478919963,0.8398830885313229,0.9411443081879257,0.9758214903739597,0.9669347541521887,0.9780083793259624,0.9684679063752795,0.8661368084333602,0.881358729336693,0.5508681449362863,0.9738333660341768,0.9488786512602726,0.2290026469127712,-0.23512378527132966,0.8621908122967187,0.8620102196069136,0.9249368530512786,0.9378648010164284,0.9391880477961736,1.0,0.9342690703628205,0.8853095737046784,0.9745985864221753,0.9722913917400932,0.9543185035379409],[0.9450170116379132,0.9239723850210132,0.8223156328905868,0.9166735184901169,0.7529568606536086,0.9342857635499519,0.8465514140236159,0.9611688818837488,0.9028095813809205,0.9143728059095081,0.8849487815297679,0.8993146705451912,0.6902982269856865,0.8114290023110953,0.8850907402758473,0.9336863982075715,0.9163385328763771,0.9586879472172779,0.8810961671389079,0.9515782206350298,0.7090053859880938,0.8886005086120301,0.8788484622385536,0.4334696545013692,-0.3086720569668072,0.8594859628102479,0.7151723573253492,0.8250508806156756,0.9913817163094731,0.9860184571248736,0.9342690703628205,1.0,0.9744650649097543,0.9487823486971202,0.9128689913130196,0.9584542606594142],[0.9034058034057242,0.8943640968418729,0.7753078940767597,0.869686392086205,0.6979702227459045,0.9149241636775277,0.8249935150189028,0.9250697429870445,0.8675761254319615,0.8663586917144352,0.8208194076251759,0.8490601260892603,0.6110305248810889,0.6941282328619769,0.8208218935680176,0.9093758324974007,0.8670452774819492,0.9224064995085084,0.8606744531406437,0.908475565647828,0.7401499062969292,0.8375706193747446,0.8399839186885554,0.3750114865175834,-0.19028918333127473,0.839995767281896,0.6624851226027108,0.7977530345355955,0.9567865832782337,0.9568781423859744,0.8853095737046784,0.9744650649097543,1.0,0.9051849719474014,0.8869713786169635,0.937891883526883],[0.9722251808624225,0.9615859076223645,0.8938020558370824,0.9594151322608794,0.8417571547615637,0.9600503448074907,0.909062287634077,0.9688769841854818,0.949296496326597,0.9579024313141462,0.9451959118402659,0.9524086523643807,0.7984569548070495,0.8896404885172535,0.9454520062974527,0.9620850687254812,0.9616107713952544,0.9682127722934956,0.8735583373201925,0.9028599582819222,0.6203624397545714,0.9446083780939158,0.942414176785311,0.2774777404819539,-0.2866009276725017,0.871913285326767,0.7990202918715154,0.9015948051998565,0.9577432055905135,0.9459132712424986,0.9745985864221753,0.9487823486971202,0.9051849719474014,1.0,0.953557138066448,0.9529301528844677],[0.9824013090138182,0.9771889332164747,0.9563803409584622,0.981209585680885,0.9220652317444467,0.9848860608520057,0.9735878180788001,0.9593775473291641,0.9794273254879087,0.9808518879722304,0.9859023857030785,0.9812078100780922,0.8623145039315611,0.9656462350755993,0.9860522403984329,0.9841816555502989,0.9913794349267976,0.9582156978553336,0.87686589696834,0.8324203361186756,0.553547538606632,0.9700271135205936,0.9078516621809711,0.18074492410470863,-0.11567210840562692,0.8964873297164184,0.8799733481898611,0.9579889338347536,0.8902452637429737,0.9086188529166607,0.9722913917400932,0.9128689913130196,0.8869713786169635,0.953557138066448,1.0,0.9352301829549491],[0.9598615564957751,0.953673787320258,0.8841007793081832,0.9454227172237442,0.8326528708305355,0.9635194219103731,0.908471853056754,0.9726394112651362,0.9362258870614288,0.9441059380920922,0.9409739907424824,0.9440111543872146,0.7993525370380913,0.9095905069056683,0.9416730139840497,0.9661068628346051,0.9634868115767043,0.9732600197765054,0.9049897529538679,0.8857407330496918,0.6253348679880184,0.9266462351621729,0.8870487676856718,0.3051998603579738,-0.2545479516091269,0.904634302994572,0.7975793511847771,0.872381503686506,0.9587846146538819,0.9615369936471733,0.9543185035379409,0.9584542606594142,0.937891883526883,0.9529301528844677,0.9352301829549491,1.0]],"x":["^TAIEX       \u81fa\u7063\u52a0\u6b0a\u5831\u916c\u6307\u6578","^TWII        \u81fa\u7063\u52a0\u6b0a\u6307\u6578","^TAIEXx2     \u81fa\u7063\u52a0\u6b0a\u5831\u916c\u6307\u6578_\u65e5\u6b632","^TAI50I      \u81fa\u706350\u5831\u916c\u6307\u6578","^TAI50Ix2    \u81fa\u706350\u5831\u916c\u6307\u6578_\u65e5\u6b632","^TAI100I     \u81fa\u7063\u4e2d\u578b100\u5831\u916c\u6307\u6578","^TAI100Ix2   \u81fa\u7063\u4e2d\u578b100\u5831\u916c\u6307\u6578_\u65e5\u6b632","^TAIDIVIDI   \u81fa\u7063\u9ad8\u80a1\u606f\u5831\u916c\u6307\u6578","^TAIDIVIDIx2 \u81fa\u7063\u9ad8\u80a1\u606f\u5831\u916c\u6307\u6578_\u65e5\u6b632","0050Fund     \u5143\u5927\u53f0\u7063\u5353\u8d8a50\u57fa\u91d1","006208Fund   \u5bcc\u90a6\u53f0\u7063\u91c6\u540950\u57fa\u91d1","0050         \u5143\u5927\u81fa\u706350","00631L       \u5143\u5927\u53f0\u706350\u6b632","00675L       \u5bcc\u90a6\u81fa\u7063\u52a0\u6b0a\u6b632","006208       \u5bcc\u90a6\u53f050","0051         \u5143\u5927\u4e2d\u578b100","006204       \u6c38\u8c50\u81fa\u7063\u52a0\u6b0a","0056         \u5143\u5927\u9ad8\u80a1\u606f","0056         \u5143\u5927\u9ad8\u80a1\u606f_\u80a1\u606f\u4e0d\u6295\u5165","2412         \u4e2d\u83ef\u96fb\u4fe1","2002         \u4e2d\u92fc","2330         \u53f0\u7a4d\u96fb","2317         \u9d3b\u6d77","6505         \u53f0\u5851\u77f3\u5316","3481         \u7fa4\u5275","2303         \u806f\u96fb","2308         \u53f0\u9054\u96fb","2454         \u806f\u767c\u79d1","2886         \u5146\u8c50\u91d1","2884         \u7389\u5c71\u91d1","2891         \u4e2d\u4fe1\u91d1","2892         \u7b2c\u4e00\u91d1","5880         \u5408\u5eab\u91d1","2881         \u5bcc\u90a6\u91d1","2885         \u5143\u5927\u91d1","2887         \u53f0\u65b0\u91d1"],"y":["^TAIEX       \u81fa\u7063\u52a0\u6b0a\u5831\u916c\u6307\u6578","^TWII        \u81fa\u7063\u52a0\u6b0a\u6307\u6578","^TAIEXx2     \u81fa\u7063\u52a0\u6b0a\u5831\u916c\u6307\u6578_\u65e5\u6b632","^TAI50I      \u81fa\u706350\u5831\u916c\u6307\u6578","^TAI50Ix2    \u81fa\u706350\u5831\u916c\u6307\u6578_\u65e5\u6b632","^TAI100I     \u81fa\u7063\u4e2d\u578b100\u5831\u916c\u6307\u6578","^TAI100Ix2   \u81fa\u7063\u4e2d\u578b100\u5831\u916c\u6307\u6578_\u65e5\u6b632","^TAIDIVIDI   \u81fa\u7063\u9ad8\u80a1\u606f\u5831\u916c\u6307\u6578","^TAIDIVIDIx2 \u81fa\u7063\u9ad8\u80a1\u606f\u5831\u916c\u6307\u6578_\u65e5\u6b632","0050Fund     \u5143\u5927\u53f0\u7063\u5353\u8d8a50\u57fa\u91d1","006208Fund   \u5bcc\u90a6\u53f0\u7063\u91c6\u540950\u57fa\u91d1","0050         \u5143\u5927\u81fa\u706350","00631L       \u5143\u5927\u53f0\u706350\u6b632","00675L       \u5bcc\u90a6\u81fa\u7063\u52a0\u6b0a\u6b632","006208       \u5bcc\u90a6\u53f050","0051         \u5143\u5927\u4e2d\u578b100","006204       \u6c38\u8c50\u81fa\u7063\u52a0\u6b0a","0056         \u5143\u5927\u9ad8\u80a1\u606f","0056         \u5143\u5927\u9ad8\u80a1\u606f_\u80a1\u606f\u4e0d\u6295\u5165","2412         \u4e2d\u83ef\u96fb\u4fe1","2002         \u4e2d\u92fc","2330         \u53f0\u7a4d\u96fb","2317         \u9d3b\u6d77","6505         \u53f0\u5851\u77f3\u5316","3481         \u7fa4\u5275","2303         \u806f\u96fb","2308         \u53f0\u9054\u96fb","2454         \u806f\u767c\u79d1","2886         \u5146\u8c50\u91d1","2884         \u7389\u5c71\u91d1","2891         \u4e2d\u4fe1\u91d1","2892         \u7b2c\u4e00\u91d1","5880         \u5408\u5eab\u91d1","2881         \u5bcc\u90a6\u91d1","2885         \u5143\u5927\u91d1","2887         \u53f0\u65b0\u91d1"],"zmin":-1,"zmax":1,"colorbar":{"x":-0.2}}],"layout":{"autotypenumbers":"strict","colorway":["#636efa","#EF553B","#00cc96","#ab63fa","#FFA15A","#19d3f3","#FF6692","#B6E880","#FF97FF","#FECB52"],"font":{"color":"#f2f5fa","family":"Courier New"},"hovermode":"closest","hoverlabel":{"align":"left"},"paper_bgcolor":"rgb(17,17,17)","plot_bgcolor":"rgb(17,17,17)","polar":{"bgcolor":"rgb(17,17,17)","angularaxis":{"gridcolor":"#506784","linecolor":"#506784","ticks":""},"radialaxis":{"gridcolor":"#506784","linecolor":"#506784","ticks":""}},"ternary":{"bgcolor":"rgb(17,17,17)","aaxis":{"gridcolor":"#506784","linecolor":"#506784","ticks":""},"baxis":{"gridcolor":"#506784","linecolor":"#506784","ticks":""},"caxis":{"gridcolor":"#506784","linecolor":"#506784","ticks":""}},"coloraxis":{"colorbar":{"outlinewidth":0,"ticks":""}},"colorscale":{"sequential":[[0.0,"#0d0887"],[0.1111111111111111,"#46039f"],[0.2222222222222222,"#7201a8"],[0.3333333333333333,"#9c179e"],[0.4444444444444444,"#bd3786"],[0.5555555555555556,"#d8576b"],[0.6666666666666666,"#ed7953"],[0.7777777777777778,"#fb9f3a"],[0.8888888888888888,"#fdca26"],[1.0,"#f0f921"]],"sequentialminus":[[0.0,"#0d0887"],[0.1111111111111111,"#46039f"],[0.2222222222222222,"#7201a8"],[0.3333333333333333,"#9c179e"],[0.4444444444444444,"#bd3786"],[0.5555555555555556,"#d8576b"],[0.6666666666666666,"#ed7953"],[0.7777777777777778,"#fb9f3a"],[0.8888888888888888,"#fdca26"],[1.0,"#f0f921"]],"diverging":[[0,"#8e0152"],[0.1,"#c51b7d"],[0.2,"#de77ae"],[0.3,"#f1b6da"],[0.4,"#fde0ef"],[0.5,"#f7f7f7"],[0.6,"#e6f5d0"],[0.7,"#b8e186"],[0.8,"#7fbc41"],[0.9,"#4d9221"],[1,"#276419"]]},"xaxis":{"gridcolor":"rgba(0, 0, 0, 0)","linecolor":"#506784","ticks":"","title":{"standoff":15},"zerolinecolor":"#283442","automargin":true,"zerolinewidth":2,"tickfont":{"family":"Courier New","size":14},"side":"top","tickangle":-90},"yaxis":{"gridcolor":"rgba(0, 0, 0, 0)","linecolor":"#506784","ticks":"","title":{"standoff":15},"zerolinecolor":"#283442","automargin":true,"zerolinewidth":2,"tickfont":{"family":"Courier New"},"side":"right"},"scene":{"xaxis":{"backgroundcolor":"rgb(17,17,17)","gridcolor":"#506784","linecolor":"#506784","showbackground":true,"ticks":"","zerolinecolor":"#C8D4E3","gridwidth":2},"yaxis":{"backgroundcolor":"rgb(17,17,17)","gridcolor":"#506784","linecolor":"#506784","showbackground":true,"ticks":"","zerolinecolor":"#C8D4E3","gridwidth":2},"zaxis":{"backgroundcolor":"rgb(17,17,17)","gridcolor":"#506784","linecolor":"#506784","showbackground":true,"ticks":"","zerolinecolor":"#C8D4E3","gridwidth":2}},"shapedefaults":{"line":{"color":"#f2f5fa"}},"annotationdefaults":{"arrowcolor":"#f2f5fa","arrowhead":0,"arrowwidth":1},"geo":{"bgcolor":"rgb(17,17,17)","landcolor":"rgb(17,17,17)","subunitcolor":"#506784","showland":true,"showlakes":true,"lakecolor":"rgb(17,17,17)"},"title":{"x":0.05,"font":{"family":"Times New Roman"},"y":0.05,"text":"<b>Correlation of Adj Close<b><br><i>2016-09-23 ~ 2026-05-28<i>"},"updatemenudefaults":{"bgcolor":"#506784","borderwidth":0},"sliderdefaults":{"bgcolor":"#C8D4E3","borderwidth":1,"bordercolor":"rgb(17,17,17)","tickwidth":0},"mapbox":{"style":"dark"},"annotations":[{"text":"<b>@zwindr<b>","textangle":0,"opacity":0.5,"font":{"color":"white","size":12},"xref":"paper","yref":"paper","xanchor":"left","yanchor":"bottom","x":1.0,"y":1.0,"showarrow":false}]},"config":{"responsive":true,"toImageButtonOptions":{"filename":"Correlation of Adj Close_2016-09-23~2026-05-28","scale":5}}};Plotly.newPlot("correlationAdjClose",correlationAdjClose.data,correlationAdjClose.layout||{},correlationAdjClose.config);}else{console.log("style display is none => correlationAdjClose");}