var element=document.getElementById("correlationAdjClose");if(element.style.display!='none'){var correlationAdjClose={"data":[{"type":"heatmap","z":[[1.0,0.9956731099660437,0.9691824583752021,0.996630911294411,0.9422734556529876,0.9857883194709044,0.9595196634605911,0.9856429042070664,0.9774482794559293,0.9967790898635235,0.9963470975390234,0.9967663252411805,0.9898420051904757,0.9912076373092055,0.9964562557884571,0.9868780244805158,0.9997418620873159,0.9851821062499779,0.8932638172796995,0.9110323690187001,0.6549271772764492,0.9839388221732225,0.9416419991515445,0.3240131476409577,-0.27627268042906106,0.9046832871330008,0.9176049781864006,0.9649366586526513,0.9674513314087665,0.9616140448300808,0.98173264821309,0.9642053435527531,0.9294779086526729,0.9819567408093954,0.9784623513226233,0.9600200479118499],[0.9956731099660437,1.0,0.9676509473623359,0.9924851010761887,0.9409347965599331,0.9822296431842488,0.956730776467626,0.9777875568598989,0.9720205586265862,0.9936581111701326,0.995332683118723,0.9949061842041531,0.9901641351005848,0.9906961844746716,0.9953982948535278,0.9823354803343233,0.9977340826372756,0.9795772021368776,0.9103491374735991,0.9011427112385934,0.6785249053886372,0.9712118730472938,0.9256077583144188,0.3228863545071961,-0.21240395253815983,0.8852053436749023,0.9151576545091499,0.9642649378862478,0.9496363856784383,0.9501380252542699,0.9740969593963443,0.950970157495823,0.928714646207642,0.9731968080678377,0.9709235412178131,0.9552579030838472],[0.9691824583752021,0.9676509473623359,1.0,0.9820850750998732,0.993565403920224,0.9636828056192753,0.9776857151611729,0.9389112079899088,0.965761993099297,0.9819184879826931,0.9886617861244344,0.985410044986094,0.9972421838274566,0.9970855212089552,0.9883313096289797,0.9608070082970639,0.9802028960964937,0.9379431316461503,0.832739749374382,0.7983193970711129,0.504018693673397,0.9916102879874228,0.9305722371806988,0.14881351095369422,-0.1920242287831479,0.87323175878794,0.9545865533849119,0.9627423978363385,0.8859007461380528,0.8879519602326793,0.963414928192873,0.8853367227645002,0.8505127713268399,0.9460707533504596,0.9674657500217607,0.9119317001485677],[0.996630911294411,0.9924851010761887,0.9820850750998732,1.0,0.9631455096966313,0.9770202382658347,0.958815765240822,0.9737545262926846,0.9723354239388677,0.9999751140859944,0.9999933238396317,0.9999682021116744,0.9934521205686424,0.9928655022298102,0.999958218594068,0.9754529685129574,0.9958960643233175,0.9728588497786743,0.871645256306689,0.8880860819031146,0.6108267095425961,0.9942317282167223,0.9449279027133387,0.28705212157631704,-0.26162954768883806,0.8937470180383941,0.9355742885669714,0.9668035325210463,0.9494315452730381,0.950882525382503,0.9833353162200925,0.9467837837138895,0.9080311875101853,0.9759340136992687,0.9766220447730815,0.9481283714075516],[0.9422734556529876,0.9409347965599331,0.993565403920224,0.9631455096966313,1.0,0.9290493768270348,0.9532900119308735,0.9008745827531622,0.9353147201700865,0.9633960914437238,0.9731766348470697,0.969049198068516,0.9829758026705516,0.9812984227163234,0.9726070453244545,0.9248883711213376,0.9551050959771235,0.899451020732369,0.7858068083945565,0.7541619500813863,0.4440634412365644,0.9807397701909628,0.9139227897813925,0.11043635588495714,-0.1745859274726493,0.8302102319089064,0.9642057797822899,0.9381179241828058,0.8400610149860311,0.8505798587485126,0.9425004192018246,0.8409168453291557,0.7982672578842072,0.9148356653327206,0.9410392984951771,0.8730011723318657],[0.9857883194709044,0.9822296431842488,0.9636828056192753,0.9770202382658347,0.9290493768270348,1.0,0.9830060458451327,0.9822855349261067,0.9848183824083034,0.9765631104786832,0.9709213913469497,0.974487289953076,0.9670331994025371,0.9645760057864232,0.9709862035757942,0.999910869375831,0.987844545302211,0.9830266667296145,0.8996718983750394,0.8714648248445889,0.6256353797886988,0.9673420442801193,0.9166499066641203,0.20803530976044504,-0.2066736421069422,0.9353663202864021,0.8901564868305963,0.9687472526829614,0.9542888154912986,0.9364140302942887,0.9631356591052315,0.9522878794384041,0.9433317483799668,0.9656244638843616,0.981756343886979,0.9625059469175873],[0.9595196634605911,0.956730776467626,0.9776857151611729,0.958815765240822,0.9532900119308735,0.9830060458451327,1.0,0.9515863252297986,0.9837585442525458,0.9577134076725309,0.9664388062307733,0.9634569549071369,0.9779110282467866,0.9776995134426242,0.9662532467279629,0.9841235816654044,0.9760519311544701,0.9536187110428712,0.8588215754809553,0.7902572345818101,0.5105881136161285,0.9621191450486224,0.9184531413905274,0.07161649390895777,-0.1456521607687203,0.8961754016324718,0.9053622685264201,0.9641510353165722,0.8941389017022279,0.8737326902017192,0.9475343389705498,0.8920296713312403,0.8876641692390767,0.9378606462624648,0.9733784052868676,0.9209142842979073],[0.9856429042070664,0.9777875568598989,0.9389112079899088,0.9737545262926846,0.9008745827531622,0.9822855349261067,0.9515863252297986,1.0,0.9840637760858858,0.9737345917807542,0.9680467024082271,0.972413637264253,0.9519728531227285,0.9500893824814267,0.9683731207337993,0.984095618564028,0.9823770270111983,0.9998915372893986,0.9294669169588391,0.9314877127380943,0.6020126143388411,0.9578351483343137,0.9077369397637924,0.18454815374642164,-0.2970339597266874,0.9136220774691142,0.8498162265707103,0.948278380123392,0.9783596724982565,0.9601437517789166,0.9672860744407236,0.9674245554276324,0.9366714780409304,0.9666360397568071,0.9606667147477761,0.9703590308593518],[0.9774482794559293,0.9720205586265862,0.965761993099297,0.9723354239388677,0.9353147201700865,0.9848183824083034,0.9837585442525458,0.9840637760858858,1.0,0.9717107162811423,0.9670075459188858,0.9703266742412245,0.9627088697715014,0.9585068178947344,0.9670378898742438,0.9840086811077355,0.9764507193241214,0.9834274167020648,0.9020788007063125,0.8659268733624417,0.515589037503944,0.9672103198215949,0.927484605882968,0.045512063790416495,-0.21906724570730593,0.8932133372756689,0.8722133122348502,0.9690087016000787,0.9357775045828273,0.9113833129091855,0.9662716739767403,0.9250750569225574,0.9001495279788391,0.9578466025753315,0.9761438131116156,0.9365748531411331],[0.9967790898635235,0.9936581111701326,0.9819184879826931,0.9999751140859944,0.9633960914437238,0.9765631104786832,0.9577134076725309,0.9737345917807542,0.9717107162811423,1.0,0.9999923020296414,0.9999846517786143,0.9934256206068622,0.9928393042321557,0.9999613581482393,0.9749982216839894,0.9957868687725343,0.9729265610742602,0.8732400847799635,0.889359169257658,0.6064116719608001,0.9944386343840963,0.9451031389607686,0.2917572474184429,-0.2610989534740838,0.8940834703165856,0.9341881862992657,0.9655779700206462,0.9490146887624844,0.9500009653264752,0.9826132790081139,0.9461158758036821,0.9066363823896213,0.9751728996918381,0.97581421589744,0.9469610141608535],[0.9963470975390234,0.995332683118723,0.9886617861244344,0.9999933238396317,0.9731766348470697,0.9709213913469497,0.9664388062307733,0.9680467024082271,0.9670075459188858,0.9999923020296414,1.0,0.999977412537303,0.9934982531734124,0.9928924918720267,0.9999635493419695,0.9704382233302453,0.9956055455752957,0.9683477243676876,0.8904530970361232,0.9180213291106772,0.4636945100988756,0.9974037502207763,0.9342828877642431,-0.18814922104928833,0.45075832228058915,0.8867211242642684,0.9130614014980045,0.965619668917107,0.9358684525858821,0.9329389661540334,0.9764535925961654,0.9240287008979531,0.8760279457962113,0.9660149167184836,0.9829926665110609,0.9440503411460099],[0.9967663252411805,0.9949061842041531,0.985410044986094,0.9999682021116744,0.969049198068516,0.974487289953076,0.9634569549071369,0.972413637264253,0.9703266742412245,0.9999846517786143,0.999977412537303,1.0,0.9934256925599447,0.9928056756787925,0.9999710889697497,0.9741175308190821,0.9957005692381119,0.972379646951054,0.8804926907998001,0.9066052482838979,0.5381277078095327,0.9964567434033551,0.9431205207148944,0.021124181115060984,-0.14578891127427399,0.9026648096280678,0.9231044960201041,0.9613732428486552,0.9412109350534846,0.9401534574049182,0.9798613184036076,0.9357945151901902,0.8980832315540466,0.9715108652490401,0.9757523148315862,0.9495469056301468],[0.9898420051904757,0.9901641351005848,0.9972421838274566,0.9934521205686424,0.9829758026705516,0.9670331994025371,0.9779110282467866,0.9519728531227285,0.9627088697715014,0.9934256206068622,0.9934982531734124,0.9934256925599447,1.0,0.9998271811140677,0.9933972994292879,0.9664873873510383,0.9904738648415325,0.9524202064831563,0.8659720988991502,0.8994614931136777,0.3703468538843083,0.9915382567002917,0.9270798553801254,-0.4330281396984868,0.47231452899358217,0.8602236924814035,0.9263318790174495,0.9603793267642654,0.9049325879701773,0.8972824494710719,0.9617677854894512,0.8922235124031863,0.828764164424976,0.9537310034793005,0.9754148140091584,0.9339688825740873],[0.9912076373092055,0.9906961844746716,0.9970855212089552,0.9928655022298102,0.9812984227163234,0.9645760057864232,0.9776995134426242,0.9500893824814267,0.9585068178947344,0.9928393042321557,0.9928924918720267,0.9928056756787925,0.9998271811140677,1.0,0.9928901865069986,0.9639183519494549,0.991632346144564,0.9506525659630334,0.849527010522142,0.9097240565787194,0.22342048535578413,0.9890734328298192,0.9205821412375977,-0.7373767186806974,0.4503060460523795,0.8302815589527612,0.9272094093548304,0.9551155571198409,0.8957297820495939,0.8899446163939885,0.9573639382272137,0.8937843550901698,0.8037725762735374,0.9510533630715687,0.9739749761121729,0.9323336546518063],[0.9964562557884571,0.9953982948535278,0.9883313096289797,0.999958218594068,0.9726070453244545,0.9709862035757942,0.9662532467279629,0.9683731207337993,0.9670378898742438,0.9999613581482393,0.9999635493419695,0.9999710889697497,0.9933972994292879,0.9928901865069986,1.0,0.9705470420197367,0.9957004265854303,0.968736428337035,0.8911627165576614,0.9188649677465432,0.4652135303165207,0.9972122700498762,0.9342318367163089,-0.18524782709823936,0.45089603464328654,0.8871480912349167,0.911997274906459,0.9653206293955703,0.93653451642885,0.9335904629283023,0.9764021161350398,0.9248697273271075,0.8770673211467785,0.9661174048926856,0.9830284672593648,0.9446271881168372],[0.9868780244805158,0.9823354803343233,0.9608070082970639,0.9754529685129574,0.9248883711213376,0.999910869375831,0.9841235816654044,0.984095618564028,0.9840086811077355,0.9749982216839894,0.9704382233302453,0.9741175308190821,0.9664873873510383,0.9639183519494549,0.9705470420197367,1.0,0.9877336710375857,0.9833434841470832,0.9026245067587552,0.8954929097663044,0.6086508645751596,0.964676243844584,0.9116619465056515,0.05855708520719078,-0.17497430755247426,0.9415290337181289,0.8784072214994479,0.9661959521659921,0.9575402841882228,0.9340654498248662,0.9599823657379417,0.9536103330347675,0.9417522420445374,0.9676074639242318,0.9808712981363249,0.9661413454467623],[0.9997418620873159,0.9977340826372756,0.9802028960964937,0.9958960643233175,0.9551050959771235,0.987844545302211,0.9760519311544701,0.9823770270111983,0.9764507193241214,0.9957868687725343,0.9956055455752957,0.9957005692381119,0.9904738648415325,0.991632346144564,0.9957004265854303,0.9877336710375857,1.0,0.9827522496606294,0.9145352669816631,0.93225955969998,0.5292892671031146,0.988326087923592,0.9273039126764728,-0.12795126972822238,0.47121571161459475,0.9173269983814168,0.8968091773039706,0.9699654698598316,0.9581392060192045,0.9454455431964084,0.9748698525467964,0.9469168888874945,0.9127674248596237,0.9748118137057162,0.9887539300912994,0.9658970780447125],[0.9851821062499779,0.9795772021368776,0.9379431316461503,0.9728588497786743,0.899451020732369,0.9830266667296145,0.9536187110428712,0.9998915372893986,0.9834274167020648,0.9729265610742602,0.9683477243676876,0.972379646951054,0.9524202064831563,0.9506525659630334,0.968736428337035,0.9833434841470832,0.9827522496606294,1.0,0.9322611377597967,0.9376563499024984,0.5990807336531063,0.9560979149909845,0.9109156244547165,0.14794811487324488,-0.27007523867368477,0.9179584352390038,0.8451706174256218,0.9480642061112522,0.9789107184552541,0.9596420807271131,0.9655825026062947,0.9662763204843637,0.936319850104742,0.9658110625176037,0.9587141211063026,0.971268815501387],[0.8932638172796995,0.9103491374735991,0.832739749374382,0.871645256306689,0.7858068083945565,0.8996718983750394,0.8588215754809553,0.9294669169588391,0.9020788007063125,0.8732400847799635,0.8904530970361232,0.8804926907998001,0.8659720988991502,0.849527010522142,0.8911627165576614,0.9026245067587552,0.9145352669816631,0.9322611377597967,1.0,0.8367712905625698,0.6803275443873931,0.8410208375808014,0.8105571912488719,0.23565248131161312,-0.15413218195325082,0.864135677381866,0.717283779298129,0.8575077214295883,0.89744450568688,0.865929840920096,0.8527560167136633,0.8778826259345361,0.8635305280276178,0.8597111416087401,0.8709280712821764,0.8973160297610767],[0.9110323690187001,0.9011427112385934,0.7983193970711129,0.8880860819031146,0.7541619500813863,0.8714648248445889,0.7902572345818101,0.9314877127380943,0.8659268733624417,0.889359169257658,0.9180213291106772,0.9066052482838979,0.8994614931136777,0.9097240565787194,0.9188649677465432,0.8954929097663044,0.93225955969998,0.9376563499024984,0.8367712905625698,1.0,0.8168230879554609,0.8359809836696345,0.8662010348581677,0.6134458539097193,-0.5125540337428736,0.7292809576569055,0.7817151436546967,0.8162713481950147,0.9610393078716248,0.9396835005910175,0.8910015717992631,0.9490290298867864,0.9046710205284427,0.9007630227591709,0.8479650442269203,0.8869225018294349],[0.6549271772764492,0.6785249053886372,0.504018693673397,0.6108267095425961,0.4440634412365644,0.6256353797886988,0.5105881136161285,0.6020126143388411,0.515589037503944,0.6064116719608001,0.4636945100988756,0.5381277078095327,0.3703468538843083,0.22342048535578413,0.4652135303165207,0.6086508645751596,0.5292892671031146,0.5990807336531063,0.6803275443873931,0.8168230879554609,1.0,0.5444509905527565,0.6642025625011655,0.7224133450874618,-0.11585159142715809,0.5265027812936566,0.5211922973351144,0.5840511726850405,0.7612761548702184,0.6869195379678195,0.5893099130731099,0.7226637436618429,0.7457335327918461,0.6407198764560642,0.6009153730189065,0.6564096498310882],[0.9839388221732225,0.9712118730472938,0.9916102879874228,0.9942317282167223,0.9807397701909628,0.9673420442801193,0.9621191450486224,0.9578351483343137,0.9672103198215949,0.9944386343840963,0.9974037502207763,0.9964567434033551,0.9915382567002917,0.9890734328298192,0.9972122700498762,0.964676243844584,0.988326087923592,0.9560979149909845,0.8410208375808014,0.8359809836696345,0.5444509905527565,1.0,0.9225851769861905,0.21637089429315912,-0.24977811671594277,0.8746574182127279,0.9467440981680862,0.967428649988418,0.9121880426003908,0.927421654500576,0.9746244717034448,0.9187202640563255,0.8754612086314938,0.9617921004480726,0.9626670385920304,0.9267844620901986],[0.9416419991515445,0.9256077583144188,0.9305722371806988,0.9449279027133387,0.9139227897813925,0.9166499066641203,0.9184531413905274,0.9077369397637924,0.927484605882968,0.9451031389607686,0.9342828877642431,0.9431205207148944,0.9270798553801254,0.9205821412375977,0.9342318367163089,0.9116619465056515,0.9273039126764728,0.9109156244547165,0.8105571912488719,0.8662010348581677,0.6642025625011655,0.9225851769861905,1.0,0.2647400167134659,-0.17766704965529176,0.7400959907854892,0.8980071410506045,0.9097193462227702,0.8988898508499223,0.8668590342108793,0.9429076571965485,0.8768383225638695,0.8415833395060891,0.9367599001420923,0.8984930185162795,0.8720688412051614],[0.3240131476409577,0.3228863545071961,0.14881351095369422,0.28705212157631704,0.11043635588495714,0.20803530976044504,0.07161649390895777,0.18454815374642164,0.045512063790416495,0.2917572474184429,-0.18814922104928833,0.021124181115060984,-0.4330281396984868,-0.7373767186806974,-0.18524782709823936,0.05855708520719078,-0.12795126972822238,0.14794811487324488,0.23565248131161312,0.6134458539097193,0.7224133450874618,0.21637089429315912,0.2647400167134659,1.0,-0.3791789771396847,0.24227997200733684,0.18199820268794337,0.14832951555787652,0.4403196782609345,0.4283281439853472,0.26375733514786004,0.4528241175850722,0.387190402041604,0.30033664278357236,0.21853794269769009,0.3376687226999118],[-0.27627268042906106,-0.21240395253815983,-0.1920242287831479,-0.26162954768883806,-0.1745859274726493,-0.2066736421069422,-0.1456521607687203,-0.2970339597266874,-0.21906724570730593,-0.2610989534740838,0.45075832228058915,-0.14578891127427399,0.47231452899358217,0.4503060460523795,0.45089603464328654,-0.17497430755247426,0.47121571161459475,-0.27007523867368477,-0.15413218195325082,-0.5125540337428736,-0.11585159142715809,-0.24977811671594277,-0.17766704965529176,-0.3791789771396847,1.0,-0.15104715520631617,-0.21987866946133972,-0.17210085936181085,-0.37738352080862547,-0.36358026068177923,-0.2935437072371562,-0.3352333754203723,-0.20691732326468307,-0.32724376882329476,-0.1713214316915027,-0.3004333528123958],[0.9046832871330008,0.8852053436749023,0.87323175878794,0.8937470180383941,0.8302102319089064,0.9353663202864021,0.8961754016324718,0.9136220774691142,0.8932133372756689,0.8940834703165856,0.8867211242642684,0.9026648096280678,0.8602236924814035,0.8302815589527612,0.8871480912349167,0.9415290337181289,0.9173269983814168,0.9179584352390038,0.864135677381866,0.7292809576569055,0.5265027812936566,0.8746574182127279,0.7400959907854892,0.24227997200733684,-0.15104715520631617,1.0,0.767403731964251,0.8948556333430042,0.8309975699879022,0.8746878028909357,0.842866369776143,0.8806752653540147,0.8721983409245032,0.8710102126417061,0.8778632380303233,0.9076297617014615],[0.9176049781864006,0.9151576545091499,0.9545865533849119,0.9355742885669714,0.9642057797822899,0.8901564868305963,0.9053622685264201,0.8498162265707103,0.8722133122348502,0.9341881862992657,0.9130614014980045,0.9231044960201041,0.9263318790174495,0.9272094093548304,0.911997274906459,0.8784072214994479,0.8968091773039706,0.8451706174256218,0.717283779298129,0.7817151436546967,0.5211922973351144,0.9467440981680862,0.8980071410506045,0.18199820268794337,-0.21987866946133972,0.767403731964251,1.0,0.8853156995649637,0.8347096058156622,0.8380313202180595,0.9103287638699581,0.8287155616386508,0.7845533960904107,0.8895315604496186,0.897034724981147,0.8514795232507114],[0.9649366586526513,0.9642649378862478,0.9627423978363385,0.9668035325210463,0.9381179241828058,0.9687472526829614,0.9641510353165722,0.948278380123392,0.9690087016000787,0.9655779700206462,0.965619668917107,0.9613732428486552,0.9603793267642654,0.9551155571198409,0.9653206293955703,0.9661959521659921,0.9699654698598316,0.9480642061112522,0.8575077214295883,0.8162713481950147,0.5840511726850405,0.967428649988418,0.9097193462227702,0.14832951555787652,-0.17210085936181085,0.8948556333430042,0.8853156995649637,1.0,0.9096777262127197,0.8999409523920566,0.9517116755528635,0.8976089958970186,0.8840504379248676,0.9540375431282643,0.9765752086994779,0.9055850267898558],[0.9674513314087665,0.9496363856784383,0.8859007461380528,0.9494315452730381,0.8400610149860311,0.9542888154912986,0.8941389017022279,0.9783596724982565,0.9357775045828273,0.9490146887624844,0.9358684525858821,0.9412109350534846,0.9049325879701773,0.8957297820495939,0.93653451642885,0.9575402841882228,0.9581392060192045,0.9789107184552541,0.89744450568688,0.9610393078716248,0.7612761548702184,0.9121880426003908,0.8988898508499223,0.4403196782609345,-0.37738352080862547,0.8309975699879022,0.8347096058156622,0.9096777262127197,1.0,0.9866660935795452,0.9524252529237629,0.9910039135228134,0.9553206467965879,0.9588621441513948,0.9114047400764007,0.9656273358711639],[0.9616140448300808,0.9501380252542699,0.8879519602326793,0.950882525382503,0.8505798587485126,0.9364140302942887,0.8737326902017192,0.9601437517789166,0.9113833129091855,0.9500009653264752,0.9329389661540334,0.9401534574049182,0.8972824494710719,0.8899446163939885,0.9335904629283023,0.9340654498248662,0.9454455431964084,0.9596420807271131,0.865929840920096,0.9396835005910175,0.6869195379678195,0.927421654500576,0.8668590342108793,0.4283281439853472,-0.36358026068177923,0.8746878028909357,0.8380313202180595,0.8999409523920566,0.9866660935795452,1.0,0.9485672094140611,0.9851986130392613,0.9564828521266994,0.9439539472313526,0.9252469595380346,0.9648451931622354],[0.98173264821309,0.9740969593963443,0.963414928192873,0.9833353162200925,0.9425004192018246,0.9631356591052315,0.9475343389705498,0.9672860744407236,0.9662716739767403,0.9826132790081139,0.9764535925961654,0.9798613184036076,0.9617677854894512,0.9573639382272137,0.9764021161350398,0.9599823657379417,0.9748698525467964,0.9655825026062947,0.8527560167136633,0.8910015717992631,0.5893099130731099,0.9746244717034448,0.9429076571965485,0.26375733514786004,-0.2935437072371562,0.842866369776143,0.9103287638699581,0.9517116755528635,0.9524252529237629,0.9485672094140611,1.0,0.9462338031582355,0.9025806970810033,0.9779465067263639,0.9682257484882314,0.9483806284305125],[0.9642053435527531,0.950970157495823,0.8853367227645002,0.9467837837138895,0.8409168453291557,0.9522878794384041,0.8920296713312403,0.9674245554276324,0.9250750569225574,0.9461158758036821,0.9240287008979531,0.9357945151901902,0.8922235124031863,0.8937843550901698,0.9248697273271075,0.9536103330347675,0.9469168888874945,0.9662763204843637,0.8778826259345361,0.9490290298867864,0.7226637436618429,0.9187202640563255,0.8768383225638695,0.4528241175850722,-0.3352333754203723,0.8806752653540147,0.8287155616386508,0.8976089958970186,0.9910039135228134,0.9851986130392613,0.9462338031582355,1.0,0.9743871411419563,0.9482032289052132,0.9350082246916348,0.9637015680573281],[0.9294779086526729,0.928714646207642,0.8505127713268399,0.9080311875101853,0.7982672578842072,0.9433317483799668,0.8876641692390767,0.9366714780409304,0.9001495279788391,0.9066363823896213,0.8760279457962113,0.8980832315540466,0.828764164424976,0.8037725762735374,0.8770673211467785,0.9417522420445374,0.9127674248596237,0.936319850104742,0.8635305280276178,0.9046710205284427,0.7457335327918461,0.8754612086314938,0.8415833395060891,0.387190402041604,-0.20691732326468307,0.8721983409245032,0.7845533960904107,0.8840504379248676,0.9553206467965879,0.9564828521266994,0.9025806970810033,0.9743871411419563,1.0,0.9069148740330496,0.9186305648344752,0.9491456227950571],[0.9819567408093954,0.9731968080678377,0.9460707533504596,0.9759340136992687,0.9148356653327206,0.9656244638843616,0.9378606462624648,0.9666360397568071,0.9578466025753315,0.9751728996918381,0.9660149167184836,0.9715108652490401,0.9537310034793005,0.9510533630715687,0.9661174048926856,0.9676074639242318,0.9748118137057162,0.9658110625176037,0.8597111416087401,0.9007630227591709,0.6407198764560642,0.9617921004480726,0.9367599001420923,0.30033664278357236,-0.32724376882329476,0.8710102126417061,0.8895315604496186,0.9540375431282643,0.9588621441513948,0.9439539472313526,0.9779465067263639,0.9482032289052132,0.9069148740330496,1.0,0.9616171677293317,0.9490797815260026],[0.9784623513226233,0.9709235412178131,0.9674657500217607,0.9766220447730815,0.9410392984951771,0.981756343886979,0.9733784052868676,0.9606667147477761,0.9761438131116156,0.97581421589744,0.9829926665110609,0.9757523148315862,0.9754148140091584,0.9739749761121729,0.9830284672593648,0.9808712981363249,0.9887539300912994,0.9587141211063026,0.8709280712821764,0.8479650442269203,0.6009153730189065,0.9626670385920304,0.8984930185162795,0.21853794269769009,-0.1713214316915027,0.8778632380303233,0.897034724981147,0.9765752086994779,0.9114047400764007,0.9252469595380346,0.9682257484882314,0.9350082246916348,0.9186305648344752,0.9616171677293317,1.0,0.9310766361330982],[0.9600200479118499,0.9552579030838472,0.9119317001485677,0.9481283714075516,0.8730011723318657,0.9625059469175873,0.9209142842979073,0.9703590308593518,0.9365748531411331,0.9469610141608535,0.9440503411460099,0.9495469056301468,0.9339688825740873,0.9323336546518063,0.9446271881168372,0.9661413454467623,0.9658970780447125,0.971268815501387,0.8973160297610767,0.8869225018294349,0.6564096498310882,0.9267844620901986,0.8720688412051614,0.3376687226999118,-0.3004333528123958,0.9076297617014615,0.8514795232507114,0.9055850267898558,0.9656273358711639,0.9648451931622354,0.9483806284305125,0.9637015680573281,0.9491456227950571,0.9490797815260026,0.9310766361330982,1.0]],"x":["^TAIEX       \u81fa\u7063\u52a0\u6b0a\u5831\u916c\u6307\u6578","^TWII        \u81fa\u7063\u52a0\u6b0a\u6307\u6578","^TAIEXx2     \u81fa\u7063\u52a0\u6b0a\u5831\u916c\u6307\u6578_\u65e5\u6b632","^TAI50I      \u81fa\u706350\u5831\u916c\u6307\u6578","^TAI50Ix2    \u81fa\u706350\u5831\u916c\u6307\u6578_\u65e5\u6b632","^TAI100I     \u81fa\u7063\u4e2d\u578b100\u5831\u916c\u6307\u6578","^TAI100Ix2   \u81fa\u7063\u4e2d\u578b100\u5831\u916c\u6307\u6578_\u65e5\u6b632","^TAIDIVIDI   \u81fa\u7063\u9ad8\u80a1\u606f\u5831\u916c\u6307\u6578","^TAIDIVIDIx2 \u81fa\u7063\u9ad8\u80a1\u606f\u5831\u916c\u6307\u6578_\u65e5\u6b632","0050Fund     \u5143\u5927\u53f0\u7063\u5353\u8d8a50\u57fa\u91d1","006208Fund   \u5bcc\u90a6\u53f0\u7063\u91c6\u540950\u57fa\u91d1","0050         \u5143\u5927\u81fa\u706350","00631L       \u5143\u5927\u53f0\u706350\u6b632","00675L       \u5bcc\u90a6\u81fa\u7063\u52a0\u6b0a\u6b632","006208       \u5bcc\u90a6\u53f050","0051         \u5143\u5927\u4e2d\u578b100","006204       \u6c38\u8c50\u81fa\u7063\u52a0\u6b0a","0056         \u5143\u5927\u9ad8\u80a1\u606f","0056         \u5143\u5927\u9ad8\u80a1\u606f_\u80a1\u606f\u4e0d\u6295\u5165","2412         \u4e2d\u83ef\u96fb\u4fe1","2002         \u4e2d\u92fc","2330         \u53f0\u7a4d\u96fb","2317         \u9d3b\u6d77","6505         \u53f0\u5851\u77f3\u5316","3481         \u7fa4\u5275","2303         \u806f\u96fb","2308         \u53f0\u9054\u96fb","2454         \u806f\u767c\u79d1","2886         \u5146\u8c50\u91d1","2884         \u7389\u5c71\u91d1","2891         \u4e2d\u4fe1\u91d1","2892         \u7b2c\u4e00\u91d1","5880         \u5408\u5eab\u91d1","2881         \u5bcc\u90a6\u91d1","2885         \u5143\u5927\u91d1","2887         \u53f0\u65b0\u91d1"],"y":["^TAIEX       \u81fa\u7063\u52a0\u6b0a\u5831\u916c\u6307\u6578","^TWII        \u81fa\u7063\u52a0\u6b0a\u6307\u6578","^TAIEXx2     \u81fa\u7063\u52a0\u6b0a\u5831\u916c\u6307\u6578_\u65e5\u6b632","^TAI50I      \u81fa\u706350\u5831\u916c\u6307\u6578","^TAI50Ix2    \u81fa\u706350\u5831\u916c\u6307\u6578_\u65e5\u6b632","^TAI100I     \u81fa\u7063\u4e2d\u578b100\u5831\u916c\u6307\u6578","^TAI100Ix2   \u81fa\u7063\u4e2d\u578b100\u5831\u916c\u6307\u6578_\u65e5\u6b632","^TAIDIVIDI   \u81fa\u7063\u9ad8\u80a1\u606f\u5831\u916c\u6307\u6578","^TAIDIVIDIx2 \u81fa\u7063\u9ad8\u80a1\u606f\u5831\u916c\u6307\u6578_\u65e5\u6b632","0050Fund     \u5143\u5927\u53f0\u7063\u5353\u8d8a50\u57fa\u91d1","006208Fund   \u5bcc\u90a6\u53f0\u7063\u91c6\u540950\u57fa\u91d1","0050         \u5143\u5927\u81fa\u706350","00631L       \u5143\u5927\u53f0\u706350\u6b632","00675L       \u5bcc\u90a6\u81fa\u7063\u52a0\u6b0a\u6b632","006208       \u5bcc\u90a6\u53f050","0051         \u5143\u5927\u4e2d\u578b100","006204       \u6c38\u8c50\u81fa\u7063\u52a0\u6b0a","0056         \u5143\u5927\u9ad8\u80a1\u606f","0056         \u5143\u5927\u9ad8\u80a1\u606f_\u80a1\u606f\u4e0d\u6295\u5165","2412         \u4e2d\u83ef\u96fb\u4fe1","2002         \u4e2d\u92fc","2330         \u53f0\u7a4d\u96fb","2317         \u9d3b\u6d77","6505         \u53f0\u5851\u77f3\u5316","3481         \u7fa4\u5275","2303         \u806f\u96fb","2308         \u53f0\u9054\u96fb","2454         \u806f\u767c\u79d1","2886         \u5146\u8c50\u91d1","2884         \u7389\u5c71\u91d1","2891         \u4e2d\u4fe1\u91d1","2892         \u7b2c\u4e00\u91d1","5880         \u5408\u5eab\u91d1","2881         \u5bcc\u90a6\u91d1","2885         \u5143\u5927\u91d1","2887         \u53f0\u65b0\u91d1"],"zmin":-1,"zmax":1,"colorbar":{"x":-0.2}}],"layout":{"autotypenumbers":"strict","colorway":["#636efa","#EF553B","#00cc96","#ab63fa","#FFA15A","#19d3f3","#FF6692","#B6E880","#FF97FF","#FECB52"],"font":{"color":"#f2f5fa","family":"Courier New"},"hovermode":"closest","hoverlabel":{"align":"left"},"paper_bgcolor":"rgb(17,17,17)","plot_bgcolor":"rgb(17,17,17)","polar":{"bgcolor":"rgb(17,17,17)","angularaxis":{"gridcolor":"#506784","linecolor":"#506784","ticks":""},"radialaxis":{"gridcolor":"#506784","linecolor":"#506784","ticks":""}},"ternary":{"bgcolor":"rgb(17,17,17)","aaxis":{"gridcolor":"#506784","linecolor":"#506784","ticks":""},"baxis":{"gridcolor":"#506784","linecolor":"#506784","ticks":""},"caxis":{"gridcolor":"#506784","linecolor":"#506784","ticks":""}},"coloraxis":{"colorbar":{"outlinewidth":0,"ticks":""}},"colorscale":{"sequential":[[0.0,"#0d0887"],[0.1111111111111111,"#46039f"],[0.2222222222222222,"#7201a8"],[0.3333333333333333,"#9c179e"],[0.4444444444444444,"#bd3786"],[0.5555555555555556,"#d8576b"],[0.6666666666666666,"#ed7953"],[0.7777777777777778,"#fb9f3a"],[0.8888888888888888,"#fdca26"],[1.0,"#f0f921"]],"sequentialminus":[[0.0,"#0d0887"],[0.1111111111111111,"#46039f"],[0.2222222222222222,"#7201a8"],[0.3333333333333333,"#9c179e"],[0.4444444444444444,"#bd3786"],[0.5555555555555556,"#d8576b"],[0.6666666666666666,"#ed7953"],[0.7777777777777778,"#fb9f3a"],[0.8888888888888888,"#fdca26"],[1.0,"#f0f921"]],"diverging":[[0,"#8e0152"],[0.1,"#c51b7d"],[0.2,"#de77ae"],[0.3,"#f1b6da"],[0.4,"#fde0ef"],[0.5,"#f7f7f7"],[0.6,"#e6f5d0"],[0.7,"#b8e186"],[0.8,"#7fbc41"],[0.9,"#4d9221"],[1,"#276419"]]},"xaxis":{"gridcolor":"rgba(0, 0, 0, 0)","linecolor":"#506784","ticks":"","title":{"standoff":15},"zerolinecolor":"#283442","automargin":true,"zerolinewidth":2,"tickfont":{"family":"Courier New","size":14},"side":"top","tickangle":-90},"yaxis":{"gridcolor":"rgba(0, 0, 0, 0)","linecolor":"#506784","ticks":"","title":{"standoff":15},"zerolinecolor":"#283442","automargin":true,"zerolinewidth":2,"tickfont":{"family":"Courier New"},"side":"right"},"scene":{"xaxis":{"backgroundcolor":"rgb(17,17,17)","gridcolor":"#506784","linecolor":"#506784","showbackground":true,"ticks":"","zerolinecolor":"#C8D4E3","gridwidth":2},"yaxis":{"backgroundcolor":"rgb(17,17,17)","gridcolor":"#506784","linecolor":"#506784","showbackground":true,"ticks":"","zerolinecolor":"#C8D4E3","gridwidth":2},"zaxis":{"backgroundcolor":"rgb(17,17,17)","gridcolor":"#506784","linecolor":"#506784","showbackground":true,"ticks":"","zerolinecolor":"#C8D4E3","gridwidth":2}},"shapedefaults":{"line":{"color":"#f2f5fa"}},"annotationdefaults":{"arrowcolor":"#f2f5fa","arrowhead":0,"arrowwidth":1},"geo":{"bgcolor":"rgb(17,17,17)","landcolor":"rgb(17,17,17)","subunitcolor":"#506784","showland":true,"showlakes":true,"lakecolor":"rgb(17,17,17)"},"title":{"x":0.05,"font":{"family":"Times New Roman"},"y":0.05,"text":"<b>Correlation of Adj Close<b><br><i>2016-09-23 ~ 2026-03-09<i>"},"updatemenudefaults":{"bgcolor":"#506784","borderwidth":0},"sliderdefaults":{"bgcolor":"#C8D4E3","borderwidth":1,"bordercolor":"rgb(17,17,17)","tickwidth":0},"mapbox":{"style":"dark"},"annotations":[{"text":"<b>@zwindr<b>","textangle":0,"opacity":0.5,"font":{"color":"white","size":12},"xref":"paper","yref":"paper","xanchor":"left","yanchor":"bottom","x":1.0,"y":1.0,"showarrow":false}]},"config":{"responsive":true,"toImageButtonOptions":{"filename":"Correlation of Adj Close_2016-09-23~2026-03-09","scale":5}}};Plotly.newPlot("correlationAdjClose",correlationAdjClose.data,correlationAdjClose.layout||{},correlationAdjClose.config);}else{console.log("style display is none => correlationAdjClose");}