var element = document.getElementById("correlationClose");

if (element.style.display != 'none') {
    var correlationClose = {"data": [{"type": "heatmap", "z": [[1.0, 0.999999999999998, 1.0, 0.9955547964980105, 0.9955547964980105, 0.9615537351939668, 0.9615537351939668, 0.8974043459057403, 0.8974043459057403, 0.9116088392096126, 0.9950248765035096, 0.9290739862875388, 0.9926881274567877, 0.992291108894216, 0.9949888444562796, 0.9718394851700805, 0.998891830037976, 0.9263646026052034, 0.7833776025264706, -0.08438918377538392, 0.9767894228150232, 0.06648468597457809, -0.012219716370163086, -0.25221650385766164, 0.8235942827028184, 0.9497621883971467, 0.9053880818253242, 0.9279149081827412, 0.7697540414704578, 0.4841860484878961, 0.6130379388410258, 0.6397521762141714, 0.9286846731584424, 0.8125027657681093, 0.16949192609434777], [0.999999999999998, 1.0, 0.9999999999999981, 0.9955048658116836, 0.9955048658116836, 0.9609164506312594, 0.9609164506312594, 0.8986497690496257, 0.8986497690496257, 0.9120862353929928, 0.9950009977043786, 0.9282043669871445, 0.9924347343265423, 0.9917255521947611, 0.9949551081074032, 0.9711153124267593, 0.9988954982784091, 0.92683456288433, 0.8038677671232547, 0.12311284544733045, 0.9678164994825469, -0.09840109822287636, -0.004812358187106206, -0.2525127123663829, 0.648084287916416, 0.9496400170731242, 0.8776182799122242, 0.9224453116911133, 0.7828387671966198, 0.47576436370218916, 0.6099491965386673, 0.6673210519403203, 0.9258043060223471, 0.6601245147604753, 0.16570877024182754], [1.0, 0.9999999999999981, 1.0, 0.9955547964980105, 0.9955547964980105, 0.9615537351939668, 0.9615537351939668, 0.8974043459057403, 0.8974043459057403, 0.9116088392096126, 0.9950248765035096, 0.9290739862875388, 0.9926881274567877, 0.992291108894216, 0.9949888444562796, 0.9718394851700805, 0.998891830037976, 0.9263646026052034, 0.7833776025264706, -0.08438918377538392, 0.9767894228150232, 0.06648468597457809, -0.012219716370163086, -0.25221650385766164, 0.8235942827028184, 0.9497621883971467, 0.9053880818253242, 0.9279149081827412, 0.7697540414704578, 0.4841860484878961, 0.6130379388410258, 0.6397521762141714, 0.9286846731584424, 0.8125027657681093, 0.16949192609434777], [0.9955547964980105, 0.9955048658116836, 0.9955547964980105, 1.0, 1.0, 0.9484858555455132, 0.9484858555455132, 0.8833247727887382, 0.8833247727887382, 0.9026595802346181, 0.9994687731402181, 0.922539341287254, 0.9883118969485509, 0.9840960429490675, 0.9994083281396338, 0.9543114021303929, 0.9947693827566363, 0.9073591815814572, 0.7626663335116367, -0.09025479650079953, 0.9887173779858242, 0.08657626958184747, -0.04370992436653413, -0.255662335419898, 0.8233924658898025, 0.942407032519569, 0.9105373092131497, 0.91733557735943, 0.7812237416830845, 0.5109663940251137, 0.607535385973779, 0.6139273198415219, 0.9220116577707896, 0.8023847859550332, 0.18181942625364683], [0.9955547964980105, 0.9955048658116836, 0.9955547964980105, 1.0, 1.0, 0.9484858555455132, 0.9484858555455132, 0.8833247727887382, 0.8833247727887382, 0.9026595802346181, 0.9994687731402181, 0.922539341287254, 0.9883118969485509, 0.9840960429490675, 0.9994083281396338, 0.9543114021303929, 0.9947693827566363, 0.9073591815814572, 0.7626663335116367, -0.09025479650079953, 0.9887173779858242, 0.08657626958184747, -0.04370992436653413, -0.255662335419898, 0.8233924658898025, 0.942407032519569, 0.9105373092131497, 0.91733557735943, 0.7812237416830845, 0.5109663940251137, 0.607535385973779, 0.6139273198415219, 0.9220116577707896, 0.8023847859550332, 0.18181942625364683], [0.9615537351939668, 0.9609164506312594, 0.9615537351939668, 0.9484858555455132, 0.9484858555455132, 1.0, 1.0, 0.9240865692279241, 0.9240865692279241, 0.8841190443042942, 0.9516810238229924, 0.8965551484437991, 0.9763920351037072, 0.9750983077242508, 0.9513389239528395, 0.9989876110865883, 0.9721659356058885, 0.9197047047693166, 0.6271133098135194, -0.028057398566041843, 0.9329055106422998, 0.24791787746289065, -0.21573814686046305, -0.10738233898812431, 0.8945839866680225, 0.909167389225066, 0.9251154582544433, 0.8956309478735353, 0.7282549897553102, 0.7081340086452007, 0.725059037928488, 0.7153793996744975, 0.8468514493515653, 0.8469579297622439, 0.46074627023036135], [0.9615537351939668, 0.9609164506312594, 0.9615537351939668, 0.9484858555455132, 0.9484858555455132, 1.0, 1.0, 0.9240865692279241, 0.9240865692279241, 0.8841190443042942, 0.9516810238229924, 0.8965551484437991, 0.9763920351037072, 0.9750983077242508, 0.9513389239528395, 0.9989876110865883, 0.9721659356058885, 0.9197047047693166, 0.6271133098135194, -0.028057398566041843, 0.9329055106422998, 0.24791787746289065, -0.21573814686046305, -0.10738233898812431, 0.8945839866680225, 0.909167389225066, 0.9251154582544433, 0.8956309478735353, 0.7282549897553102, 0.7081340086452007, 0.725059037928488, 0.7153793996744975, 0.8468514493515653, 0.8469579297622439, 0.46074627023036135], [0.8974043459057403, 0.8986497690496257, 0.8974043459057403, 0.8833247727887382, 0.8833247727887382, 0.9240865692279241, 0.9240865692279241, 1.0, 1.0, 0.86375166626413, 0.9386764402886352, 0.8598750726795698, 0.9475475774839646, 0.9427023968687201, 0.9383289982662826, 0.9249048228531505, 0.9405979572878447, 0.9726616380241757, 0.5624172018463391, 0.09245377978558118, 0.8404582638742318, 0.5002402599373957, -0.24064335303730222, 0.034038494936373245, 0.7847235096594869, 0.8026427635208474, 0.8620509527801306, 0.8420395501677175, 0.7413447003162079, 0.8691152535577079, 0.768682608138565, 0.7196180746978587, 0.7721745964089575, 0.8346272152645323, 0.7995661936224546], [0.8974043459057403, 0.8986497690496257, 0.8974043459057403, 0.8833247727887382, 0.8833247727887382, 0.9240865692279241, 0.9240865692279241, 1.0, 1.0, 0.86375166626413, 0.9386764402886352, 0.8598750726795698, 0.9475475774839646, 0.9427023968687201, 0.9383289982662826, 0.9249048228531505, 0.9405979572878447, 0.9726616380241757, 0.5624172018463391, 0.09245377978558118, 0.8404582638742318, 0.5002402599373957, -0.24064335303730222, 0.034038494936373245, 0.7847235096594869, 0.8026427635208474, 0.8620509527801306, 0.8420395501677175, 0.7413447003162079, 0.8691152535577079, 0.768682608138565, 0.7196180746978587, 0.7721745964089575, 0.8346272152645323, 0.7995661936224546], [0.9116088392096126, 0.9120862353929928, 0.9116088392096126, 0.9026595802346181, 0.9026595802346181, 0.8841190443042942, 0.8841190443042942, 0.86375166626413, 0.86375166626413, 1.0, 0.8981180299181842, 0.9999757476649122, 0.8789238856984137, 0.8445231233387126, 0.8993530821140363, 0.8861335459179166, 0.9085276721490114, 0.8872667484462763, 0.765231743312516, 0.23528437514414272, 0.8905340793322271, 0.7523470626638405, -0.3021233122796873, 0.3968585665452141, 0.8516853404975405, 0.7886505324723964, 0.8618129864240169, 0.8440847898860819, 0.7371319721117572, 0.7422237842588308, 0.8073441147795963, 0.7870643081359641, 0.8240597316627758, 0.8670737019104762, 0.7693587644141946], [0.9950248765035096, 0.9950009977043786, 0.9950248765035096, 0.9994687731402181, 0.9994687731402181, 0.9516810238229924, 0.9516810238229924, 0.9386764402886352, 0.9386764402886352, 0.8981180299181842, 1.0, 0.8979057598789082, 0.9880342115291756, 0.9843619354681318, 0.9999141229247673, 0.9520547348534947, 0.9938570173738828, 0.9251378872713243, 0.8431347503586165, 0.1531735597782815, 0.9956188797530475, 0.8510461076753049, -0.42914992933618745, 0.36458271498501854, 0.8640555903324879, 0.9162955543345589, 0.9411480530971077, 0.9128026026926986, 0.8039701263575961, 0.8922011595390894, 0.8722823346533894, 0.8143993902196986, 0.8958842333883758, 0.9424146543574459, 0.7811394728354992], [0.9290739862875388, 0.9282043669871445, 0.9290739862875388, 0.922539341287254, 0.922539341287254, 0.8965551484437991, 0.8965551484437991, 0.8598750726795698, 0.8598750726795698, 0.9999757476649122, 0.8979057598789082, 1.0, 0.8762051309373116, 0.840987938265892, 0.8970395405553909, 0.8972550930296196, 0.9117259441686865, 0.8811660280221735, 0.7086471697608511, 0.0034513117917886705, 0.9080381511239228, 0.5869826805779664, -0.21873211213024205, -0.2370335093862787, 0.8601285833622472, 0.8298086406303605, 0.841081044032428, 0.8616951447752907, 0.777897756334749, 0.7406982781118152, 0.7790387749847584, 0.7146045268363854, 0.8574698089677848, 0.7574456700344272, 0.7294920100182969], [0.9926881274567877, 0.9924347343265423, 0.9926881274567877, 0.9883118969485509, 0.9883118969485509, 0.9763920351037072, 0.9763920351037072, 0.9475475774839646, 0.9475475774839646, 0.8789238856984137, 0.9880342115291756, 0.8762051309373116, 1.0, 0.9996891267338056, 0.9879847807659063, 0.9745828063003702, 0.9898297987514815, 0.9208269258296831, 0.8109878583671907, 0.19037474074303126, 0.9856155790359911, 0.8757524616415664, -0.6139829016115652, 0.4418388187759452, 0.8445947679993139, 0.9295059945687645, 0.95783650683781, 0.9073372843401448, 0.7278860269103887, 0.8926603880604977, 0.8523939622841039, 0.8057041409269019, 0.8770961062221564, 0.9629800650142615, 0.8164808226566465], [0.992291108894216, 0.9917255521947611, 0.992291108894216, 0.9840960429490675, 0.9840960429490675, 0.9750983077242508, 0.9750983077242508, 0.9427023968687201, 0.9427023968687201, 0.8445231233387126, 0.9843619354681318, 0.840987938265892, 0.9996891267338056, 1.0, 0.9844811341194725, 0.9721932933940505, 0.988114887851623, 0.9082957852264227, 0.8296190484867435, 0.06974015449867485, 0.9798830286470364, 0.8846264569467249, -0.8229673513728463, 0.48875926578611, 0.8016878440959938, 0.9350327003817834, 0.9555807893363129, 0.8937375370794827, 0.6438483006021688, 0.9030886764174565, 0.839076678548561, 0.7569426945927616, 0.9097556547526969, 0.965340973159423, 0.7856667879751901], [0.9949888444562796, 0.9949551081074032, 0.9949888444562796, 0.9994083281396338, 0.9994083281396338, 0.9513389239528395, 0.9513389239528395, 0.9383289982662826, 0.9383289982662826, 0.8993530821140363, 0.9999141229247673, 0.8970395405553909, 0.9879847807659063, 0.9844811341194725, 1.0, 0.9518231287677049, 0.9938457973857403, 0.9252323446545007, 0.844382582308271, 0.1521143508627826, 0.9954980858899181, 0.8506885303972141, -0.4267286749440865, 0.36307204511068586, 0.8636156401128494, 0.9142215474936352, 0.9401102315034202, 0.9132717319709626, 0.8055457776443581, 0.8917698692347065, 0.8733900544680558, 0.8152308444613117, 0.8957103537179535, 0.9421650514843704, 0.7807333996481489], [0.9718394851700805, 0.9711153124267593, 0.9718394851700805, 0.9543114021303929, 0.9543114021303929, 0.9989876110865883, 0.9989876110865883, 0.9249048228531505, 0.9249048228531505, 0.8861335459179166, 0.9520547348534947, 0.8972550930296196, 0.9745828063003702, 0.9721932933940505, 0.9518231287677049, 1.0, 0.9737643784477072, 0.9193605120250322, 0.6759715766063313, -0.009302455164264808, 0.9436745566936124, 0.5779646780169405, -0.34937454710030263, -0.16100785293067674, 0.9073191019003725, 0.9197392862005203, 0.9205527052193141, 0.903954111778533, 0.7687102737445204, 0.8344906942778534, 0.7750585305367914, 0.7729078358771745, 0.8707933064412972, 0.844055864465985, 0.7878385126119469], [0.998891830037976, 0.9988954982784091, 0.998891830037976, 0.9947693827566363, 0.9947693827566363, 0.9721659356058885, 0.9721659356058885, 0.9405979572878447, 0.9405979572878447, 0.9085276721490114, 0.9938570173738828, 0.9117259441686865, 0.9898297987514815, 0.988114887851623, 0.9938457973857403, 0.9737643784477072, 1.0, 0.9416032125112904, 0.8496183201290649, 0.15219154049664282, 0.9868272003608282, 0.8208345678037876, -0.41026594321963455, 0.37670370387469587, 0.8975862990548941, 0.9288430493235393, 0.9450529702351742, 0.9373226928848222, 0.8247303452698106, 0.8807535395425196, 0.8988852470575173, 0.8446830666632515, 0.9078843759571363, 0.9470747518577582, 0.8367184637459485], [0.9263646026052034, 0.92683456288433, 0.9263646026052034, 0.9073591815814572, 0.9073591815814572, 0.9197047047693166, 0.9197047047693166, 0.9726616380241757, 0.9726616380241757, 0.8872667484462763, 0.9251378872713243, 0.8811660280221735, 0.9208269258296831, 0.9082957852264227, 0.9252323446545007, 0.9193605120250322, 0.9416032125112904, 1.0, 0.7290582675888464, 0.012404507449593746, 0.8702887395160763, 0.5111390015920374, -0.13573791361208976, -0.201903904408698, 0.8229029013402703, 0.8320868903090443, 0.829350165584374, 0.9123390764238493, 0.8302193956776562, 0.7969425752177739, 0.7432165144417535, 0.7015945613132076, 0.8372800163382409, 0.7649210996174467, 0.8466941542418132], [0.7833776025264706, 0.8038677671232547, 0.7833776025264706, 0.7626663335116367, 0.7626663335116367, 0.6271133098135194, 0.6271133098135194, 0.5624172018463391, 0.5624172018463391, 0.765231743312516, 0.8431347503586165, 0.7086471697608511, 0.8109878583671907, 0.8296190484867435, 0.844382582308271, 0.6759715766063313, 0.8496183201290649, 0.7290582675888464, 1.0, 0.0580976596036459, 0.7252049014504082, -0.4331826568501424, 0.3800388524546646, -0.6616289136779411, 0.33462302363904234, 0.797813439200975, 0.48524448031206185, 0.8301797997181699, 0.6818436494449427, 0.04610183750047424, 0.2799146963480202, 0.5583015672929784, 0.7764927443928057, 0.4522205288759131, -0.16971603464078597], [-0.08438918377538392, 0.12311284544733045, -0.08438918377538392, -0.09025479650079953, -0.09025479650079953, -0.028057398566041843, -0.028057398566041843, 0.09245377978558118, 0.09245377978558118, 0.23528437514414272, 0.1531735597782815, 0.0034513117917886705, 0.19037474074303126, 0.06974015449867485, 0.1521143508627826, -0.009302455164264808, 0.15219154049664282, 0.012404507449593746, 0.0580976596036459, 1.0, -0.051542575852075015, 0.13470717742897548, 0.12162350367114699, 0.7522381885216417, -0.07819572243742749, 0.036113756001535845, 0.029977899894514545, 0.19541670448126378, 0.03424197665779618, 0.11300517723283014, 0.38317398335372377, 0.5873235693874639, -0.08373903989289441, 0.14140231673105133, 0.17249997355545796], [0.9767894228150232, 0.9678164994825469, 0.9767894228150232, 0.9887173779858242, 0.9887173779858242, 0.9329055106422998, 0.9329055106422998, 0.8404582638742318, 0.8404582638742318, 0.8905340793322271, 0.9956188797530475, 0.9080381511239228, 0.9856155790359911, 0.9798830286470364, 0.9954980858899181, 0.9436745566936124, 0.9868272003608282, 0.8702887395160763, 0.7252049014504082, -0.051542575852075015, 1.0, -0.0037416092199779403, -0.10741019167860641, -0.3145505644991181, 0.6854685245716234, 0.9253477714623074, 0.8943122839608795, 0.8598213153338571, 0.7500137187112643, 0.5082304091147419, 0.5711193476376615, 0.5414392989947467, 0.9004266069828231, 0.6377355957430065, 0.16034966691388994], [0.06648468597457809, -0.09840109822287636, 0.06648468597457809, 0.08657626958184747, 0.08657626958184747, 0.24791787746289065, 0.24791787746289065, 0.5002402599373957, 0.5002402599373957, 0.7523470626638405, 0.8510461076753049, 0.5869826805779664, 0.8757524616415664, 0.8846264569467249, 0.8506885303972141, 0.5779646780169405, 0.8208345678037876, 0.5111390015920374, -0.4331826568501424, 0.13470717742897548, -0.0037416092199779403, 1.0, -0.42591554744613047, 0.7736012369031865, 0.36185893064775093, -0.049930802987202, 0.25448893444949516, -0.15700640241951708, 0.02098553641780302, 0.5596016601099945, 0.4479645418925519, 0.1808658827877869, -0.07986139033795825, 0.35631364056839426, 0.46380374023707055], [-0.012219716370163086, -0.004812358187106206, -0.012219716370163086, -0.04370992436653413, -0.04370992436653413, -0.21573814686046305, -0.21573814686046305, -0.24064335303730222, -0.24064335303730222, -0.3021233122796873, -0.42914992933618745, -0.21873211213024205, -0.6139829016115652, -0.8229673513728463, -0.4267286749440865, -0.34937454710030263, -0.41026594321963455, -0.13573791361208976, 0.3800388524546646, 0.12162350367114699, -0.10741019167860641, -0.42591554744613047, 1.0, -0.04554339956107522, -0.1320505886679769, -0.05619602836518718, -0.24884714055583462, 0.015573399959312508, -0.021158682425564453, -0.5370631679650235, -0.1588045743606218, 0.002257732761170983, 0.025566535861257282, -0.16019520077162824, -0.4009655433090501], [-0.25221650385766164, -0.2525127123663829, -0.25221650385766164, -0.255662335419898, -0.255662335419898, -0.10738233898812431, -0.10738233898812431, 0.034038494936373245, 0.034038494936373245, 0.3968585665452141, 0.36458271498501854, -0.2370335093862787, 0.4418388187759452, 0.48875926578611, 0.36307204511068586, -0.16100785293067674, 0.37670370387469587, -0.201903904408698, -0.6616289136779411, 0.7522381885216417, -0.3145505644991181, 0.7736012369031865, -0.04554339956107522, 1.0, -0.09936455869560357, -0.29933703471434064, -0.051978520226705675, -0.3502202580151213, -0.32724298856908607, 0.10328368197596823, 0.17858249521731184, 0.2721174127125489, -0.3827964382262281, 0.1386848754887075, 0.1037070640428735], [0.8235942827028184, 0.648084287916416, 0.8235942827028184, 0.8233924658898025, 0.8233924658898025, 0.8945839866680225, 0.8945839866680225, 0.7847235096594869, 0.7847235096594869, 0.8516853404975405, 0.8640555903324879, 0.8601285833622472, 0.8445947679993139, 0.8016878440959938, 0.8636156401128494, 0.9073191019003725, 0.8975862990548941, 0.8229029013402703, 0.33462302363904234, -0.07819572243742749, 0.6854685245716234, 0.36185893064775093, -0.1320505886679769, -0.09936455869560357, 1.0, 0.6104689033837842, 0.8430271461321902, 0.4810336751778056, 0.615586046389837, 0.5308640515199334, 0.6462523154644234, 0.4166285700547533, 0.6972461375342994, 0.6985267191375077, 0.41043418786972113], [0.9497621883971467, 0.9496400170731242, 0.9497621883971467, 0.942407032519569, 0.942407032519569, 0.909167389225066, 0.909167389225066, 0.8026427635208474, 0.8026427635208474, 0.7886505324723964, 0.9162955543345589, 0.8298086406303605, 0.9295059945687645, 0.9350327003817834, 0.9142215474936352, 0.9197392862005203, 0.9288430493235393, 0.8320868903090443, 0.797813439200975, 0.036113756001535845, 0.9253477714623074, -0.049930802987202, -0.05619602836518718, -0.29933703471434064, 0.6104689033837842, 1.0, 0.8311231074355985, 0.8569452193882086, 0.7090239938522371, 0.361496132710304, 0.49323843095021547, 0.5984260370518153, 0.899321825256835, 0.6232340832473509, 0.06045266325449246], [0.9053880818253242, 0.8776182799122242, 0.9053880818253242, 0.9105373092131497, 0.9105373092131497, 0.9251154582544433, 0.9251154582544433, 0.8620509527801306, 0.8620509527801306, 0.8618129864240169, 0.9411480530971077, 0.841081044032428, 0.95783650683781, 0.9555807893363129, 0.9401102315034202, 0.9205527052193141, 0.9450529702351742, 0.829350165584374, 0.48524448031206185, 0.029977899894514545, 0.8943122839608795, 0.25448893444949516, -0.24884714055583462, -0.051978520226705675, 0.8430271461321902, 0.8311231074355985, 1.0, 0.735078853048738, 0.5841704855727511, 0.5472043029913912, 0.5768224596156085, 0.5292914824483475, 0.8015305546691952, 0.8177849953676807, 0.20672340189256794], [0.9279149081827412, 0.9224453116911133, 0.9279149081827412, 0.91733557735943, 0.91733557735943, 0.8956309478735353, 0.8956309478735353, 0.8420395501677175, 0.8420395501677175, 0.8440847898860819, 0.9128026026926986, 0.8616951447752907, 0.9073372843401448, 0.8937375370794827, 0.9132717319709626, 0.903954111778533, 0.9373226928848222, 0.9123390764238493, 0.8301797997181699, 0.19541670448126378, 0.8598213153338571, -0.15700640241951708, 0.015573399959312508, -0.3502202580151213, 0.4810336751778056, 0.8569452193882086, 0.735078853048738, 1.0, 0.9014469767653341, 0.5059566641701627, 0.6709833773726062, 0.6638915979493983, 0.8712478218250521, 0.47656422724500264, 0.28982202899698295], [0.7697540414704578, 0.7828387671966198, 0.7697540414704578, 0.7812237416830845, 0.7812237416830845, 0.7282549897553102, 0.7282549897553102, 0.7413447003162079, 0.7413447003162079, 0.7371319721117572, 0.8039701263575961, 0.777897756334749, 0.7278860269103887, 0.6438483006021688, 0.8055457776443581, 0.7687102737445204, 0.8247303452698106, 0.8302193956776562, 0.6818436494449427, 0.03424197665779618, 0.7500137187112643, 0.02098553641780302, -0.021158682425564453, -0.32724298856908607, 0.615586046389837, 0.7090239938522371, 0.5841704855727511, 0.9014469767653341, 1.0, 0.5488241526381226, 0.6531737884627707, 0.6045466368846306, 0.7154459716138634, 0.5585594347004428, 0.4703479480017766], [0.4841860484878961, 0.47576436370218916, 0.4841860484878961, 0.5109663940251137, 0.5109663940251137, 0.7081340086452007, 0.7081340086452007, 0.8691152535577079, 0.8691152535577079, 0.7422237842588308, 0.8922011595390894, 0.7406982781118152, 0.8926603880604977, 0.9030886764174565, 0.8917698692347065, 0.8344906942778534, 0.8807535395425196, 0.7969425752177739, 0.04610183750047424, 0.11300517723283014, 0.5082304091147419, 0.5596016601099945, -0.5370631679650235, 0.10328368197596823, 0.5308640515199334, 0.361496132710304, 0.5472043029913912, 0.5059566641701627, 0.5488241526381226, 1.0, 0.7328532978290763, 0.36981527159576283, 0.4407335355318954, 0.532734603212635, 0.783333245073013], [0.6130379388410258, 0.6099491965386673, 0.6130379388410258, 0.607535385973779, 0.607535385973779, 0.725059037928488, 0.725059037928488, 0.768682608138565, 0.768682608138565, 0.8073441147795963, 0.8722823346533894, 0.7790387749847584, 0.8523939622841039, 0.839076678548561, 0.8733900544680558, 0.7750585305367914, 0.8988852470575173, 0.7432165144417535, 0.2799146963480202, 0.38317398335372377, 0.5711193476376615, 0.4479645418925519, -0.1588045743606218, 0.17858249521731184, 0.6462523154644234, 0.49323843095021547, 0.5768224596156085, 0.6709833773726062, 0.6531737884627707, 0.7328532978290763, 1.0, 0.7777454943138752, 0.4671138046997026, 0.7148567030449862, 0.5476258593908353], [0.6397521762141714, 0.6673210519403203, 0.6397521762141714, 0.6139273198415219, 0.6139273198415219, 0.7153793996744975, 0.7153793996744975, 0.7196180746978587, 0.7196180746978587, 0.7870643081359641, 0.8143993902196986, 0.7146045268363854, 0.8057041409269019, 0.7569426945927616, 0.8152308444613117, 0.7729078358771745, 0.8446830666632515, 0.7015945613132076, 0.5583015672929784, 0.5873235693874639, 0.5414392989947467, 0.1808658827877869, 0.002257732761170983, 0.2721174127125489, 0.4166285700547533, 0.5984260370518153, 0.5292914824483475, 0.6638915979493983, 0.6045466368846306, 0.36981527159576283, 0.7777454943138752, 1.0, 0.484740553913593, 0.6642502133798988, 0.19523170312174354], [0.9286846731584424, 0.9258043060223471, 0.9286846731584424, 0.9220116577707896, 0.9220116577707896, 0.8468514493515653, 0.8468514493515653, 0.7721745964089575, 0.7721745964089575, 0.8240597316627758, 0.8958842333883758, 0.8574698089677848, 0.8770961062221564, 0.9097556547526969, 0.8957103537179535, 0.8707933064412972, 0.9078843759571363, 0.8372800163382409, 0.7764927443928057, -0.08373903989289441, 0.9004266069828231, -0.07986139033795825, 0.025566535861257282, -0.3827964382262281, 0.6972461375342994, 0.899321825256835, 0.8015305546691952, 0.8712478218250521, 0.7154459716138634, 0.4407335355318954, 0.4671138046997026, 0.484740553913593, 1.0, 0.7085236896285866, 0.15789079410224502], [0.8125027657681093, 0.6601245147604753, 0.8125027657681093, 0.8023847859550332, 0.8023847859550332, 0.8469579297622439, 0.8469579297622439, 0.8346272152645323, 0.8346272152645323, 0.8670737019104762, 0.9424146543574459, 0.7574456700344272, 0.9629800650142615, 0.965340973159423, 0.9421650514843704, 0.844055864465985, 0.9470747518577582, 0.7649210996174467, 0.4522205288759131, 0.14140231673105133, 0.6377355957430065, 0.35631364056839426, -0.16019520077162824, 0.1386848754887075, 0.6985267191375077, 0.6232340832473509, 0.8177849953676807, 0.47656422724500264, 0.5585594347004428, 0.532734603212635, 0.7148567030449862, 0.6642502133798988, 0.7085236896285866, 1.0, 0.16682415716082982], [0.16949192609434777, 0.16570877024182754, 0.16949192609434777, 0.18181942625364683, 0.18181942625364683, 0.46074627023036135, 0.46074627023036135, 0.7995661936224546, 0.7995661936224546, 0.7693587644141946, 0.7811394728354992, 0.7294920100182969, 0.8164808226566465, 0.7856667879751901, 0.7807333996481489, 0.7878385126119469, 0.8367184637459485, 0.8466941542418132, -0.16971603464078597, 0.17249997355545796, 0.16034966691388994, 0.46380374023707055, -0.4009655433090501, 0.1037070640428735, 0.41043418786972113, 0.06045266325449246, 0.20672340189256794, 0.28982202899698295, 0.4703479480017766, 0.783333245073013, 0.5476258593908353, 0.19523170312174354, 0.15789079410224502, 0.16682415716082982, 1.0]], "x": ["^TAIEX       \u81fa\u7063\u52a0\u6b0a\u5831\u916c\u6307\u6578", "^TWII        \u81fa\u7063\u52a0\u6b0a\u6307\u6578", "^TAIEXx2     \u81fa\u7063\u52a0\u6b0a\u5831\u916c\u6307\u6578_\u65e5\u6b632", "^TAI50I      \u81fa\u706350\u5831\u916c\u6307\u6578", "^TAI50Ix2    \u81fa\u706350\u5831\u916c\u6307\u6578_\u65e5\u6b632", "^TAI100I     \u81fa\u7063\u4e2d\u578b100\u5831\u916c\u6307\u6578", "^TAI100Ix2   \u81fa\u7063\u4e2d\u578b100\u5831\u916c\u6307\u6578_\u65e5\u6b632", "^TAIDIVIDI   \u81fa\u7063\u9ad8\u80a1\u606f\u5831\u916c\u6307\u6578", "^TAIDIVIDIx2 \u81fa\u7063\u9ad8\u80a1\u606f\u5831\u916c\u6307\u6578_\u65e5\u6b632", "0050Fund     \u5143\u5927\u53f0\u7063\u5353\u8d8a50\u57fa\u91d1", "006208Fund   \u5bcc\u90a6\u53f0\u7063\u91c6\u540950\u57fa\u91d1", "0050         \u5143\u5927\u81fa\u706350", "00631L       \u5143\u5927\u53f0\u706350\u6b632", "00675L       \u5bcc\u90a6\u81fa\u7063\u52a0\u6b0a\u6b632", "006208       \u5bcc\u90a6\u53f050", "0051         \u5143\u5927\u4e2d\u578b100", "006204       \u6c38\u8c50\u81fa\u7063\u52a0\u6b0a", "0056         \u5143\u5927\u9ad8\u80a1\u606f", "2412         \u4e2d\u83ef\u96fb\u4fe1", "2002         \u4e2d\u92fc", "2330         \u53f0\u7a4d\u96fb", "2317         \u9d3b\u6d77", "6505         \u53f0\u5851\u77f3\u5316", "3481         \u7fa4\u5275", "2303         \u806f\u96fb", "2308         \u53f0\u9054\u96fb", "2454         \u806f\u767c\u79d1", "2886         \u5146\u8c50\u91d1", "2884         \u7389\u5c71\u91d1", "2891         \u4e2d\u4fe1\u91d1", "2892         \u7b2c\u4e00\u91d1", "5880         \u5408\u5eab\u91d1", "2881         \u5bcc\u90a6\u91d1", "2885         \u5143\u5927\u91d1", "2887         \u53f0\u65b0\u91d1"], "y": ["^TAIEX       \u81fa\u7063\u52a0\u6b0a\u5831\u916c\u6307\u6578", "^TWII        \u81fa\u7063\u52a0\u6b0a\u6307\u6578", "^TAIEXx2     \u81fa\u7063\u52a0\u6b0a\u5831\u916c\u6307\u6578_\u65e5\u6b632", "^TAI50I      \u81fa\u706350\u5831\u916c\u6307\u6578", "^TAI50Ix2    \u81fa\u706350\u5831\u916c\u6307\u6578_\u65e5\u6b632", "^TAI100I     \u81fa\u7063\u4e2d\u578b100\u5831\u916c\u6307\u6578", "^TAI100Ix2   \u81fa\u7063\u4e2d\u578b100\u5831\u916c\u6307\u6578_\u65e5\u6b632", "^TAIDIVIDI   \u81fa\u7063\u9ad8\u80a1\u606f\u5831\u916c\u6307\u6578", "^TAIDIVIDIx2 \u81fa\u7063\u9ad8\u80a1\u606f\u5831\u916c\u6307\u6578_\u65e5\u6b632", "0050Fund     \u5143\u5927\u53f0\u7063\u5353\u8d8a50\u57fa\u91d1", "006208Fund   \u5bcc\u90a6\u53f0\u7063\u91c6\u540950\u57fa\u91d1", "0050         \u5143\u5927\u81fa\u706350", "00631L       \u5143\u5927\u53f0\u706350\u6b632", "00675L       \u5bcc\u90a6\u81fa\u7063\u52a0\u6b0a\u6b632", "006208       \u5bcc\u90a6\u53f050", "0051         \u5143\u5927\u4e2d\u578b100", "006204       \u6c38\u8c50\u81fa\u7063\u52a0\u6b0a", "0056         \u5143\u5927\u9ad8\u80a1\u606f", "2412         \u4e2d\u83ef\u96fb\u4fe1", "2002         \u4e2d\u92fc", "2330         \u53f0\u7a4d\u96fb", "2317         \u9d3b\u6d77", "6505         \u53f0\u5851\u77f3\u5316", "3481         \u7fa4\u5275", "2303         \u806f\u96fb", "2308         \u53f0\u9054\u96fb", "2454         \u806f\u767c\u79d1", "2886         \u5146\u8c50\u91d1", "2884         \u7389\u5c71\u91d1", "2891         \u4e2d\u4fe1\u91d1", "2892         \u7b2c\u4e00\u91d1", "5880         \u5408\u5eab\u91d1", "2881         \u5bcc\u90a6\u91d1", "2885         \u5143\u5927\u91d1", "2887         \u53f0\u65b0\u91d1"], "zmin": -1, "zmax": 1, "colorbar": {"x": -0.2}}], "layout": {"autotypenumbers": "strict", "colorway": ["#636efa", "#EF553B", "#00cc96", "#ab63fa", "#FFA15A", "#19d3f3", "#FF6692", "#B6E880", "#FF97FF", "#FECB52"], "font": {"color": "#f2f5fa", "family": "Courier New"}, "hovermode": "closest", "hoverlabel": {"align": "left"}, "paper_bgcolor": "rgb(17,17,17)", "plot_bgcolor": "rgb(17,17,17)", "polar": {"bgcolor": "rgb(17,17,17)", "angularaxis": {"gridcolor": "#506784", "linecolor": "#506784", "ticks": ""}, "radialaxis": {"gridcolor": "#506784", "linecolor": "#506784", "ticks": ""}}, "ternary": {"bgcolor": "rgb(17,17,17)", "aaxis": {"gridcolor": "#506784", "linecolor": "#506784", "ticks": ""}, "baxis": {"gridcolor": "#506784", "linecolor": "#506784", "ticks": ""}, "caxis": {"gridcolor": "#506784", "linecolor": "#506784", "ticks": ""}}, "coloraxis": {"colorbar": {"outlinewidth": 0, "ticks": ""}}, "colorscale": {"sequential": [[0.0, "#0d0887"], [0.1111111111111111, "#46039f"], [0.2222222222222222, "#7201a8"], [0.3333333333333333, "#9c179e"], [0.4444444444444444, "#bd3786"], [0.5555555555555556, "#d8576b"], [0.6666666666666666, "#ed7953"], [0.7777777777777778, "#fb9f3a"], [0.8888888888888888, "#fdca26"], [1.0, "#f0f921"]], "sequentialminus": [[0.0, "#0d0887"], [0.1111111111111111, "#46039f"], [0.2222222222222222, "#7201a8"], [0.3333333333333333, "#9c179e"], [0.4444444444444444, "#bd3786"], [0.5555555555555556, "#d8576b"], [0.6666666666666666, "#ed7953"], [0.7777777777777778, "#fb9f3a"], [0.8888888888888888, "#fdca26"], [1.0, "#f0f921"]], "diverging": [[0, "#8e0152"], [0.1, "#c51b7d"], [0.2, "#de77ae"], [0.3, "#f1b6da"], [0.4, "#fde0ef"], [0.5, "#f7f7f7"], [0.6, "#e6f5d0"], [0.7, "#b8e186"], [0.8, "#7fbc41"], [0.9, "#4d9221"], [1, "#276419"]]}, "xaxis": {"gridcolor": "rgba(0, 0, 0, 0)", "linecolor": "#506784", "ticks": "", "title": {"standoff": 15}, "zerolinecolor": "#283442", "automargin": true, "zerolinewidth": 2, "tickfont": {"family": "Courier New", "size": 14}, "side": "top", "tickangle": -90}, "yaxis": {"gridcolor": "rgba(0, 0, 0, 0)", "linecolor": "#506784", "ticks": "", "title": {"standoff": 15}, "zerolinecolor": "#283442", "automargin": true, "zerolinewidth": 2, "tickfont": {"family": "Courier New"}, "side": "right"}, "scene": {"xaxis": {"backgroundcolor": "rgb(17,17,17)", "gridcolor": "#506784", "linecolor": "#506784", "showbackground": true, "ticks": "", "zerolinecolor": "#C8D4E3", "gridwidth": 2}, "yaxis": {"backgroundcolor": "rgb(17,17,17)", "gridcolor": "#506784", "linecolor": "#506784", "showbackground": true, "ticks": "", "zerolinecolor": "#C8D4E3", "gridwidth": 2}, "zaxis": {"backgroundcolor": "rgb(17,17,17)", "gridcolor": "#506784", "linecolor": "#506784", "showbackground": true, "ticks": "", "zerolinecolor": "#C8D4E3", "gridwidth": 2}}, "shapedefaults": {"line": {"color": "#f2f5fa"}}, "annotationdefaults": {"arrowcolor": "#f2f5fa", "arrowhead": 0, "arrowwidth": 1}, "geo": {"bgcolor": "rgb(17,17,17)", "landcolor": "rgb(17,17,17)", "subunitcolor": "#506784", "showland": true, "showlakes": true, "lakecolor": "rgb(17,17,17)"}, "title": {"x": 0.05, "font": {"family": "Times New Roman"}, "y": 0.05, "text": "<b>Correlation of Close<b><br><i>2016-09-23 ~ 2025-08-12<i>"}, "updatemenudefaults": {"bgcolor": "#506784", "borderwidth": 0}, "sliderdefaults": {"bgcolor": "#C8D4E3", "borderwidth": 1, "bordercolor": "rgb(17,17,17)", "tickwidth": 0}, "mapbox": {"style": "dark"}, "annotations": [{"text": "<b>@zwindr<b>", "textangle": 0, "opacity": 0.5, "font": {"color": "white", "size": 12}, "xref": "paper", "yref": "paper", "xanchor": "left", "yanchor": "bottom", "x": 1.0, "y": 1.0, "showarrow": false}]}, "config": {"responsive": true, "toImageButtonOptions": {"filename": "Correlation of Close_2016-09-23~2025-08-12", "scale": 5}}};

    Plotly.newPlot("correlationClose",
        correlationClose.data,
        correlationClose.layout || {},
        correlationClose.config);
} else {
    // The element with the specified ID does not exist
    console.log("style display is none => correlationClose");
}