var element=document.getElementById("correlationClose");if(element.style.display!='none'){var correlationClose={"data":[{"type":"heatmap","z":[[1.0,0.999999999999998,1.0,0.9956091926024414,0.9956091926024414,0.9791488609416314,0.9791488609416314,0.9337943325162741,0.9337943325162741,0.6619809037231352,0.9963922161219593,0.5940704248907874,0.8945968328129323,0.9846486917195045,0.996461999947896,0.9819272107871854,0.9994470662795306,0.9155767353192723,0.9155767353192723,0.7429869762883474,-0.23353901934081595,0.985610580307876,0.34261801866752467,-0.21304352182151973,-0.1352891530027904,0.8640181792238705,0.8950805545011987,0.9212218912884025,0.8717545440489421,0.7675208176605705,0.7372129744538289,0.6560135084505182,0.5636143185254556,0.9234522221408937,0.9024057673598237,0.3769637554854561],[0.999999999999998,1.0,0.9999999999999981,0.9955463747554609,0.9955463747554609,0.9787670021122737,0.9787670021122737,0.9342160550912271,0.9342160550912271,0.6612037376850041,0.9964169539110491,0.5910728927851056,0.8967309520556027,0.9843733302691222,0.996513369400112,0.9819072718345716,0.9994530171907658,0.9159218219101739,0.9159218219101739,0.7575330558827913,-0.03362532167019096,0.980303587981774,0.08281773140682629,-0.20868787501294409,-0.1319903432876976,0.7521830470985571,0.8915192840281044,0.9075828374657476,0.8683271406466403,0.7731980575472783,0.7330975553222787,0.654461155263224,0.5861321767608992,0.923346116524631,0.8057522326188494,0.37652540166268716],[1.0,0.9999999999999981,1.0,0.9956091926024414,0.9956091926024414,0.9791488609416314,0.9791488609416314,0.9337943325162741,0.9337943325162741,0.6619809037231352,0.9963922161219593,0.5940704248907874,0.8945968328129323,0.9846486917195045,0.996461999947896,0.9819272107871854,0.9994470662795306,0.9155767353192723,0.9155767353192723,0.7429869762883474,-0.23353901934081595,0.985610580307876,0.34261801866752467,-0.21304352182151973,-0.1352891530027904,0.8640181792238705,0.8950805545011987,0.9212218912884025,0.8717545440489421,0.7675208176605705,0.7372129744538289,0.6560135084505182,0.5636143185254556,0.9234522221408937,0.9024057673598237,0.3769637554854561],[0.9956091926024414,0.9955463747554609,0.9956091926024414,1.0,1.0,0.9688779743866535,0.9688779743866535,0.9193185657620219,0.9193185657620219,0.6145235741685957,0.9997627989770552,0.5489843840151817,0.9021391458205422,0.988571145212082,0.9997221792675977,0.9677257072578652,0.9958990849990221,0.8886147720636368,0.8886147720636368,0.7073473530071638,-0.2382416578438495,0.9940952130682864,0.36880237965795337,-0.24324560434489204,-0.12508480390943869,0.8576496613963102,0.9186529925933993,0.9293118979074626,0.8412602012063006,0.7555302937547045,0.7626472826452172,0.6410137462199158,0.5248989884991435,0.9043113181387371,0.8987709163622374,0.39358516850246394],[0.9956091926024414,0.9955463747554609,0.9956091926024414,1.0,1.0,0.9688779743866535,0.9688779743866535,0.9193185657620219,0.9193185657620219,0.6145235741685957,0.9997627989770552,0.5489843840151817,0.9021391458205422,0.988571145212082,0.9997221792675977,0.9677257072578652,0.9958990849990221,0.8886147720636368,0.8886147720636368,0.7073473530071638,-0.2382416578438495,0.9940952130682864,0.36880237965795337,-0.24324560434489204,-0.12508480390943869,0.8576496613963102,0.9186529925933993,0.9293118979074626,0.8412602012063006,0.7555302937547045,0.7626472826452172,0.6410137462199158,0.5248989884991435,0.9043113181387371,0.8987709163622374,0.39358516850246394],[0.9791488609416314,0.9787670021122737,0.9791488609416314,0.9688779743866535,0.9688779743866535,1.0,1.0,0.9516552966462166,0.9516552966462166,0.6504373351194993,0.9675164119869553,0.6199239413084215,0.8681968931198961,0.9511333187069979,0.9675136406839128,0.9992331330526655,0.9830638798233768,0.9236438845432536,0.9236438845432536,0.6543808911264527,-0.20022173281896918,0.9606485967059663,0.45351721287583674,-0.36280699851150555,-0.04597086636251923,0.9036458630783039,0.8614266503091362,0.9227693622747454,0.86248203815315,0.7472387736922429,0.8496272665854006,0.7374734272435856,0.629928281292366,0.8798028380353842,0.9179217779474199,0.6038203624288747],[0.9791488609416314,0.9787670021122737,0.9791488609416314,0.9688779743866535,0.9688779743866535,1.0,1.0,0.9516552966462166,0.9516552966462166,0.6504373351194993,0.9675164119869553,0.6199239413084215,0.8681968931198961,0.9511333187069979,0.9675136406839128,0.9992331330526655,0.9830638798233768,0.9236438845432536,0.9236438845432536,0.6543808911264527,-0.20022173281896918,0.9606485967059663,0.45351721287583674,-0.36280699851150555,-0.04597086636251923,0.9036458630783039,0.8614266503091362,0.9227693622747454,0.86248203815315,0.7472387736922429,0.8496272665854006,0.7374734272435856,0.629928281292366,0.8798028380353842,0.9179217779474199,0.6038203624288747],[0.9337943325162741,0.9342160550912271,0.9337943325162741,0.9193185657620219,0.9193185657620219,0.9516552966462166,0.9516552966462166,1.0,1.0,0.6319941453972701,0.9503250279483431,0.6317467517149402,0.8441086087607914,0.9279210020055688,0.9502196336190526,0.9535055895706251,0.9597447465738606,0.9719263951780138,0.9719263951780138,0.6233116811867955,-0.09354900757597458,0.89580703452696,0.6456097087642366,-0.39891071025544705,0.06330804467391085,0.8498614687166843,0.787176451077555,0.8882416346799944,0.8401662258133821,0.765531987033645,0.9159971178395413,0.7828634763544164,0.6595047394596518,0.840803607355938,0.9018590927933444,0.8620430283778541],[0.9337943325162741,0.9342160550912271,0.9337943325162741,0.9193185657620219,0.9193185657620219,0.9516552966462166,0.9516552966462166,1.0,1.0,0.6319941453972701,0.9503250279483431,0.6317467517149402,0.8441086087607914,0.9279210020055688,0.9502196336190526,0.9535055895706251,0.9597447465738606,0.9719263951780138,0.9719263951780138,0.6233116811867955,-0.09354900757597458,0.89580703452696,0.6456097087642366,-0.39891071025544705,0.06330804467391085,0.8498614687166843,0.787176451077555,0.8882416346799944,0.8401662258133821,0.765531987033645,0.9159971178395413,0.7828634763544164,0.6595047394596518,0.840803607355938,0.9018590927933444,0.8620430283778541],[0.6619809037231352,0.6612037376850041,0.6619809037231352,0.6145235741685957,0.6145235741685957,0.6504373351194993,0.6504373351194993,0.6319941453972701,0.6319941453972701,1.0,0.4538040444330328,0.9999685445629299,0.24111622910126357,0.19597323594265262,0.45661577838080564,0.6419479669994778,0.5305656709311378,0.7371292051159938,0.7371292051159938,0.6821807555496993,-0.10504475079992943,0.5944168023878798,0.05110113421879573,0.040689408756602416,-0.2346409566155841,0.6540483897556266,0.3180617683063411,0.5442684830581745,0.7898164803584204,0.6646247125198018,0.3113125165754226,0.5205469650590223,0.5638045338687098,0.7354983734526555,0.5379841875293258,0.17795343068506672],[0.9963922161219593,0.9964169539110491,0.9963922161219593,0.9997627989770552,0.9997627989770552,0.9675164119869553,0.9675164119869553,0.9503250279483431,0.9503250279483431,0.4538040444330328,1.0,0.455063381280016,0.9021440872538787,0.9881057163251268,0.9999581547479375,0.9646121765544571,0.9958006846717339,0.9013906190654821,0.9013906190654821,0.8338896739462351,-0.17790598470425928,0.9969375536812257,0.9152002721675425,-0.5419267734999762,0.6782786635077864,0.8664558389285507,0.9118973250607243,0.9411816421058324,0.8241945627221848,0.7754390369302486,0.9548931158754889,0.8101154666060755,0.6391950552330689,0.8944936624677419,0.9692351141502865,0.8740519858435063],[0.5940704248907874,0.5910728927851056,0.5940704248907874,0.5489843840151817,0.5489843840151817,0.6199239413084215,0.6199239413084215,0.6317467517149402,0.6317467517149402,0.9999685445629299,0.455063381280016,1.0,0.2406094327057637,0.19474141402353592,0.4553812189766808,0.6279069561676656,0.5303066038442213,0.723336716652934,0.723336716652934,0.6287905229803649,0.02532787906535275,0.5322421169702009,0.3668532609238959,-0.1651908479338124,-0.19531493536157196,0.6599970911953229,0.23302006483321266,0.4980044933659994,0.7544907991692394,0.6778706774093991,0.443352888667363,0.6688538071805615,0.6752626974561545,0.6751108768589499,0.4940003904874012,0.5472763791565112],[0.8945968328129323,0.8967309520556027,0.8945968328129323,0.9021391458205422,0.9021391458205422,0.8681968931198961,0.8681968931198961,0.8441086087607914,0.8441086087607914,0.24111622910126357,0.9021440872538787,0.2406094327057637,1.0,0.99989706148999,0.9032328745908726,0.8643737972528791,0.8942379108666367,0.7756560455309037,0.7756560455309037,0.658898350175343,-0.1594591649221755,0.8947562384796256,0.8303167837700529,-0.6118428689885645,0.748749871244562,0.774498924662299,0.8926110753743085,0.8960051243986591,0.6621287332664678,0.5994544848310027,0.8782007538403663,0.6474675600692251,0.4587663545723158,0.7876903687953769,0.887238926423207,0.8268655322652122],[0.9846486917195045,0.9843733302691222,0.9846486917195045,0.988571145212082,0.988571145212082,0.9511333187069979,0.9511333187069979,0.9279210020055688,0.9279210020055688,0.19597323594265262,0.9881057163251268,0.19474141402353592,0.99989706148999,1.0,0.9882411938492199,0.9454255308772668,0.9819207438835738,0.8644884224033575,0.8644884224033575,0.819007814035705,-0.2802813553497946,0.9779342518213091,0.883753738146062,-0.687784431493511,0.8001866383413625,0.8338309495136831,0.9569973055618219,0.9571225050024068,0.7259215776237752,0.650031671308928,0.9440896719787718,0.7313460042571197,0.4604931812499543,0.857073832222198,0.96502323812386,0.8832480006462096],[0.996461999947896,0.996513369400112,0.996461999947896,0.9997221792675977,0.9997221792675977,0.9675136406839128,0.9675136406839128,0.9502196336190526,0.9502196336190526,0.45661577838080564,0.9999581547479375,0.4553812189766808,0.9032328745908726,0.9882411938492199,1.0,0.9650240426434583,0.995918265747444,0.903101955986062,0.903101955986062,0.8341846445502645,-0.17842901352203738,0.996855034049446,0.9148098737476115,-0.539531038195536,0.6802265881112765,0.8679316979797641,0.911547406634942,0.9411745517026094,0.8251223729578631,0.7764451909641548,0.9548300090414836,0.8115219096040167,0.6401869861599389,0.8952192607293971,0.9694971822857097,0.8749748300298661],[0.9819272107871854,0.9819072718345716,0.9819272107871854,0.9677257072578652,0.9677257072578652,0.9992331330526655,0.9992331330526655,0.9535055895706251,0.9535055895706251,0.6419479669994778,0.9646121765544571,0.6279069561676656,0.8643737972528791,0.9454255308772668,0.9650240426434583,1.0,0.982045486444473,0.9274835186810083,0.9274835186810083,0.7045364029099177,-0.1931891704854972,0.9625667670760206,0.756406293827693,-0.487093596679676,-0.0020349613636318773,0.911597876570922,0.8494328341938279,0.9164054357780944,0.8695541987778771,0.7770499297935788,0.9121198125090827,0.77933385456239,0.6830139224199697,0.9008767215102272,0.9157913807973488,0.8576955002137925],[0.9994470662795306,0.9994530171907658,0.9994470662795306,0.9958990849990221,0.9958990849990221,0.9830638798233768,0.9830638798233768,0.9597447465738606,0.9597447465738606,0.5305656709311378,0.9958006846717339,0.5303066038442213,0.8942379108666367,0.9819207438835738,0.995918265747444,0.982045486444473,1.0,0.9278042644671637,0.9278042644671637,0.8532770134139724,-0.15940257585037165,0.9919601706143002,0.9022504364342692,-0.5367905884392891,0.660526967800846,0.8937158472235424,0.8907703201177808,0.9395860726367828,0.8641255231977367,0.8018404828966472,0.9476233629538751,0.8502971718175795,0.6963613732974531,0.9118945492493884,0.97355903763303,0.8993774624369005],[0.9155767353192723,0.9159218219101739,0.9155767353192723,0.8886147720636368,0.8886147720636368,0.9236438845432536,0.9236438845432536,0.9719263951780138,0.9719263951780138,0.7371292051159938,0.9013906190654821,0.723336716652934,0.7756560455309037,0.8644884224033575,0.903101955986062,0.9274835186810083,0.9278042644671637,1.0,1.0,0.7602575498561527,-0.13023991900801946,0.8665959646970517,0.659640560775422,-0.2951070407993759,-0.06852120599091749,0.8606240157013761,0.7117906291913613,0.8316833282409278,0.9101469542399366,0.8426496134612167,0.8373442194594172,0.7767504579206596,0.6809526310708905,0.8783475058553939,0.8279740185188621,0.8822174348761226],[0.9155767353192723,0.9159218219101739,0.9155767353192723,0.8886147720636368,0.8886147720636368,0.9236438845432536,0.9236438845432536,0.9719263951780138,0.9719263951780138,0.7371292051159938,0.9013906190654821,0.723336716652934,0.7756560455309037,0.8644884224033575,0.903101955986062,0.9274835186810083,0.9278042644671637,1.0,1.0,0.7602575498561527,-0.13023991900801946,0.8665959646970517,0.659640560775422,-0.2951070407993759,-0.06852120599091749,0.8606240157013761,0.7117906291913613,0.8316833282409278,0.9101469542399366,0.8426496134612167,0.8373442194594172,0.7767504579206596,0.6809526310708905,0.8783475058553939,0.8279740185188621,0.8822174348761226],[0.7429869762883474,0.7575330558827913,0.7429869762883474,0.7073473530071638,0.7073473530071638,0.6543808911264527,0.6543808911264527,0.6233116811867955,0.6233116811867955,0.6821807555496993,0.8338896739462351,0.6287905229803649,0.658898350175343,0.819007814035705,0.8341846445502645,0.7045364029099177,0.8532770134139724,0.7602575498561527,0.7602575498561527,1.0,-0.00485768635916273,0.6790350646991684,-0.24723156587469874,0.23846722456423755,-0.6036096947658685,0.40913938390120624,0.5475711748185755,0.4954831325320196,0.8478329515647446,0.7190440649825351,0.2483852446988675,0.3669576545045543,0.5791282145235861,0.7882346598385553,0.5171439443988866,-0.03594015551194527],[-0.23353901934081595,-0.03362532167019096,-0.23353901934081595,-0.2382416578438495,-0.2382416578438495,-0.20022173281896918,-0.20022173281896918,-0.09354900757597458,-0.09354900757597458,-0.10504475079992943,-0.17790598470425928,0.02532787906535275,-0.1594591649221755,-0.2802813553497946,-0.17842901352203738,-0.1931891704854972,-0.15940257585037165,-0.13023991900801946,-0.13023991900801946,-0.00485768635916273,1.0,-0.16237049832416647,0.05837822757047715,0.19605318989706627,0.711702952301224,-0.1436331969446855,-0.13715552083903884,-0.11572612238366313,0.10811178568374237,-0.056588900832678556,-0.07787751926718157,0.24548440582959558,0.5371929828330816,-0.18428495553292545,0.005478120574793005,0.07723310346967173],[0.985610580307876,0.980303587981774,0.985610580307876,0.9940952130682864,0.9940952130682864,0.9606485967059663,0.9606485967059663,0.89580703452696,0.89580703452696,0.5944168023878798,0.9969375536812257,0.5322421169702009,0.8947562384796256,0.9779342518213091,0.996855034049446,0.9625667670760206,0.9919601706143002,0.8665959646970517,0.8665959646970517,0.6790350646991684,-0.16237049832416647,1.0,0.27769142266067887,-0.28539439295688007,-0.16018909152955235,0.7609593631967524,0.9163779432726389,0.9114563526455842,0.8003171255503446,0.7338489912409113,0.7652448168007763,0.6212551496951846,0.4740968661880028,0.8917429146984548,0.7955874013813028,0.3837273583364455],[0.34261801866752467,0.08281773140682629,0.34261801866752467,0.36880237965795337,0.36880237965795337,0.45351721287583674,0.45351721287583674,0.6456097087642366,0.6456097087642366,0.05110113421879573,0.9152002721675425,0.3668532609238959,0.8303167837700529,0.883753738146062,0.9148098737476115,0.756406293827693,0.9022504364342692,0.659640560775422,0.659640560775422,-0.24723156587469874,0.05837822757047715,0.27769142266067887,1.0,-0.49483109084713306,0.6798613430783528,0.4570272398590466,0.3127095222954847,0.4402336773163432,0.011231008675855558,0.18230060448724258,0.6538862380083252,0.5343213200721088,0.23074437761806119,0.16665014987384866,0.4799779141019755,0.5331939328261468],[-0.21304352182151973,-0.20868787501294409,-0.21304352182151973,-0.24324560434489204,-0.24324560434489204,-0.36280699851150555,-0.36280699851150555,-0.39891071025544705,-0.39891071025544705,0.040689408756602416,-0.5419267734999762,-0.1651908479338124,-0.6118428689885645,-0.687784431493511,-0.539531038195536,-0.487093596679676,-0.5367905884392891,-0.2951070407993759,-0.2951070407993759,0.23846722456423755,0.19605318989706627,-0.28539439295688007,-0.49483109084713306,1.0,-0.04203540328734258,-0.238962590913032,-0.2681863626337132,-0.3323527046254489,-0.11266423463764869,-0.14180305386568978,-0.5612790004453542,-0.2537878759915744,-0.055510132444609915,-0.1384041343633646,-0.2977993781375731,-0.4428056730090998],[-0.1352891530027904,-0.1319903432876976,-0.1352891530027904,-0.12508480390943869,-0.12508480390943869,-0.04597086636251923,-0.04597086636251923,0.06330804467391085,0.06330804467391085,-0.2346409566155841,0.6782786635077864,-0.19531493536157196,0.748749871244562,0.8001866383413625,0.6802265881112765,-0.0020349613636318773,0.660526967800846,-0.06852120599091749,-0.06852120599091749,-0.6036096947658685,0.711702952301224,-0.16018909152955235,0.6798613430783528,-0.04203540328734258,1.0,-0.015051797918513117,-0.037701273499512515,0.03624272669762071,-0.3061830613314916,-0.2878137394201008,0.10639921015985006,0.174713628277806,0.26765629930396806,-0.29112767208337664,0.1414843580671648,0.12661881669354397],[0.8640181792238705,0.7521830470985571,0.8640181792238705,0.8576496613963102,0.8576496613963102,0.9036458630783039,0.9036458630783039,0.8498614687166843,0.8498614687166843,0.6540483897556266,0.8664558389285507,0.6599970911953229,0.774498924662299,0.8338309495136831,0.8679316979797641,0.911597876570922,0.8937158472235424,0.8606240157013761,0.8606240157013761,0.40913938390120624,-0.1436331969446855,0.7609593631967524,0.4570272398590466,-0.238962590913032,-0.015051797918513117,1.0,0.6888862541460937,0.8930388223772426,0.5465450282003792,0.636487250056769,0.7058396271597552,0.6624632973335094,0.4121084469691555,0.759686116581711,0.7917898118713109,0.5354633987963879],[0.8950805545011987,0.8915192840281044,0.8950805545011987,0.9186529925933993,0.9186529925933993,0.8614266503091362,0.8614266503091362,0.787176451077555,0.787176451077555,0.3180617683063411,0.9118973250607243,0.23302006483321266,0.8926110753743085,0.9569973055618219,0.911547406634942,0.8494328341938279,0.8907703201177808,0.7117906291913613,0.7117906291913613,0.5475711748185755,-0.13715552083903884,0.9163779432726389,0.3127095222954847,-0.2681863626337132,-0.037701273499512515,0.6888862541460937,1.0,0.8901892973294344,0.620640093638544,0.5670602728600673,0.7276888961706592,0.48598646871749446,0.36172970959451073,0.7455211922964697,0.7557736359345572,0.3729678568699166],[0.9212218912884025,0.9075828374657476,0.9212218912884025,0.9293118979074626,0.9293118979074626,0.9227693622747454,0.9227693622747454,0.8882416346799944,0.8882416346799944,0.5442684830581745,0.9411816421058324,0.4980044933659994,0.8960051243986591,0.9571225050024068,0.9411745517026094,0.9164054357780944,0.9395860726367828,0.8316833282409278,0.8316833282409278,0.4954831325320196,-0.11572612238366313,0.9114563526455842,0.4402336773163432,-0.3323527046254489,0.03624272669762071,0.8930388223772426,0.8901892973294344,1.0,0.6815213645720191,0.5880715313670877,0.7587905987014387,0.5832881957170069,0.4363410175393258,0.8014579875423645,0.8875237187686968,0.41469444809891665],[0.8717545440489421,0.8683271406466403,0.8717545440489421,0.8412602012063006,0.8412602012063006,0.86248203815315,0.86248203815315,0.8401662258133821,0.8401662258133821,0.7898164803584204,0.8241945627221848,0.7544907991692394,0.6621287332664678,0.7259215776237752,0.8251223729578631,0.8695541987778771,0.8641255231977367,0.9101469542399366,0.9101469542399366,0.8478329515647446,0.10811178568374237,0.8003171255503446,0.011231008675855558,-0.11266423463764869,-0.3061830613314916,0.5465450282003792,0.620640093638544,0.6815213645720191,1.0,0.916014082550976,0.6050407840260701,0.7211315902762245,0.6710885306622663,0.8860854556623399,0.5731108989488921,0.3840608732630775],[0.7675208176605705,0.7731980575472783,0.7675208176605705,0.7555302937547045,0.7555302937547045,0.7472387736922429,0.7472387736922429,0.765531987033645,0.765531987033645,0.6646247125198018,0.7754390369302486,0.6778706774093991,0.5994544848310027,0.650031671308928,0.7764451909641548,0.7770499297935788,0.8018404828966472,0.8426496134612167,0.8426496134612167,0.7190440649825351,-0.056588900832678556,0.7338489912409113,0.18230060448724258,-0.14180305386568978,-0.2878137394201008,0.636487250056769,0.5670602728600673,0.5880715313670877,0.916014082550976,1.0,0.6268770674555427,0.7047882951991692,0.6187887626974166,0.7609040822279924,0.625040122211842,0.5316006220693855],[0.7372129744538289,0.7330975553222787,0.7372129744538289,0.7626472826452172,0.7626472826452172,0.8496272665854006,0.8496272665854006,0.9159971178395413,0.9159971178395413,0.3113125165754226,0.9548931158754889,0.443352888667363,0.8782007538403663,0.9440896719787718,0.9548300090414836,0.9121198125090827,0.9476233629538751,0.8373442194594172,0.8373442194594172,0.2483852446988675,-0.07787751926718157,0.7652448168007763,0.6538862380083252,-0.5612790004453542,0.10639921015985006,0.7058396271597552,0.7276888961706592,0.7587905987014387,0.6050407840260701,0.6268770674555427,1.0,0.7430532009676106,0.3831326223942203,0.6375918506109313,0.7556280930778694,0.7819681603100089],[0.6560135084505182,0.654461155263224,0.6560135084505182,0.6410137462199158,0.6410137462199158,0.7374734272435856,0.7374734272435856,0.7828634763544164,0.7828634763544164,0.5205469650590223,0.8101154666060755,0.6688538071805615,0.6474675600692251,0.7313460042571197,0.8115219096040167,0.77933385456239,0.8502971718175795,0.7767504579206596,0.7767504579206596,0.3669576545045543,0.24548440582959558,0.6212551496951846,0.5343213200721088,-0.2537878759915744,0.174713628277806,0.6624632973335094,0.48598646871749446,0.5832881957170069,0.7211315902762245,0.7047882951991692,0.7430532009676106,1.0,0.7771128608212726,0.5660038437180641,0.7237618526444746,0.5997485506633871],[0.5636143185254556,0.5861321767608992,0.5636143185254556,0.5248989884991435,0.5248989884991435,0.629928281292366,0.629928281292366,0.6595047394596518,0.6595047394596518,0.5638045338687098,0.6391950552330689,0.6752626974561545,0.4587663545723158,0.4604931812499543,0.6401869861599389,0.6830139224199697,0.6963613732974531,0.6809526310708905,0.6809526310708905,0.5791282145235861,0.5371929828330816,0.4740968661880028,0.23074437761806119,-0.055510132444609915,0.26765629930396806,0.4121084469691555,0.36172970959451073,0.4363410175393258,0.6710885306622663,0.6187887626974166,0.3831326223942203,0.7771128608212726,1.0,0.498838935305026,0.610393849341418,0.23831426660078137],[0.9234522221408937,0.923346116524631,0.9234522221408937,0.9043113181387371,0.9043113181387371,0.8798028380353842,0.8798028380353842,0.840803607355938,0.840803607355938,0.7354983734526555,0.8944936624677419,0.6751108768589499,0.7876903687953769,0.857073832222198,0.8952192607293971,0.9008767215102272,0.9118945492493884,0.8783475058553939,0.8783475058553939,0.7882346598385553,-0.18428495553292545,0.8917429146984548,0.16665014987384866,-0.1384041343633646,-0.29112767208337664,0.759686116581711,0.7455211922964697,0.8014579875423645,0.8860854556623399,0.7609040822279924,0.6375918506109313,0.5660038437180641,0.498838935305026,1.0,0.7936756102068024,0.3216437899359727],[0.9024057673598237,0.8057522326188494,0.9024057673598237,0.8987709163622374,0.8987709163622374,0.9179217779474199,0.9179217779474199,0.9018590927933444,0.9018590927933444,0.5379841875293258,0.9692351141502865,0.4940003904874012,0.887238926423207,0.96502323812386,0.9694971822857097,0.9157913807973488,0.97355903763303,0.8279740185188621,0.8279740185188621,0.5171439443988866,0.005478120574793005,0.7955874013813028,0.4799779141019755,-0.2977993781375731,0.1414843580671648,0.7917898118713109,0.7557736359345572,0.8875237187686968,0.5731108989488921,0.625040122211842,0.7556280930778694,0.7237618526444746,0.610393849341418,0.7936756102068024,1.0,0.3807065089017797],[0.3769637554854561,0.37652540166268716,0.3769637554854561,0.39358516850246394,0.39358516850246394,0.6038203624288747,0.6038203624288747,0.8620430283778541,0.8620430283778541,0.17795343068506672,0.8740519858435063,0.5472763791565112,0.8268655322652122,0.8832480006462096,0.8749748300298661,0.8576955002137925,0.8993774624369005,0.8822174348761226,0.8822174348761226,-0.03594015551194527,0.07723310346967173,0.3837273583364455,0.5331939328261468,-0.4428056730090998,0.12661881669354397,0.5354633987963879,0.3729678568699166,0.41469444809891665,0.3840608732630775,0.5316006220693855,0.7819681603100089,0.5997485506633871,0.23831426660078137,0.3216437899359727,0.3807065089017797,1.0]],"x":["^TAIEX       \u81fa\u7063\u52a0\u6b0a\u5831\u916c\u6307\u6578","^TWII        \u81fa\u7063\u52a0\u6b0a\u6307\u6578","^TAIEXx2     \u81fa\u7063\u52a0\u6b0a\u5831\u916c\u6307\u6578_\u65e5\u6b632","^TAI50I      \u81fa\u706350\u5831\u916c\u6307\u6578","^TAI50Ix2    \u81fa\u706350\u5831\u916c\u6307\u6578_\u65e5\u6b632","^TAI100I     \u81fa\u7063\u4e2d\u578b100\u5831\u916c\u6307\u6578","^TAI100Ix2   \u81fa\u7063\u4e2d\u578b100\u5831\u916c\u6307\u6578_\u65e5\u6b632","^TAIDIVIDI   \u81fa\u7063\u9ad8\u80a1\u606f\u5831\u916c\u6307\u6578","^TAIDIVIDIx2 \u81fa\u7063\u9ad8\u80a1\u606f\u5831\u916c\u6307\u6578_\u65e5\u6b632","0050Fund     \u5143\u5927\u53f0\u7063\u5353\u8d8a50\u57fa\u91d1","006208Fund   \u5bcc\u90a6\u53f0\u7063\u91c6\u540950\u57fa\u91d1","0050         \u5143\u5927\u81fa\u706350","00631L       \u5143\u5927\u53f0\u706350\u6b632","00675L       \u5bcc\u90a6\u81fa\u7063\u52a0\u6b0a\u6b632","006208       \u5bcc\u90a6\u53f050","0051         \u5143\u5927\u4e2d\u578b100","006204       \u6c38\u8c50\u81fa\u7063\u52a0\u6b0a","0056         \u5143\u5927\u9ad8\u80a1\u606f","0056         \u5143\u5927\u9ad8\u80a1\u606f_\u80a1\u606f\u4e0d\u6295\u5165","2412         \u4e2d\u83ef\u96fb\u4fe1","2002         \u4e2d\u92fc","2330         \u53f0\u7a4d\u96fb","2317         \u9d3b\u6d77","6505         \u53f0\u5851\u77f3\u5316","3481         \u7fa4\u5275","2303         \u806f\u96fb","2308         \u53f0\u9054\u96fb","2454         \u806f\u767c\u79d1","2886         \u5146\u8c50\u91d1","2884         \u7389\u5c71\u91d1","2891         \u4e2d\u4fe1\u91d1","2892         \u7b2c\u4e00\u91d1","5880         \u5408\u5eab\u91d1","2881         \u5bcc\u90a6\u91d1","2885         \u5143\u5927\u91d1","2887         \u53f0\u65b0\u91d1"],"y":["^TAIEX       \u81fa\u7063\u52a0\u6b0a\u5831\u916c\u6307\u6578","^TWII        \u81fa\u7063\u52a0\u6b0a\u6307\u6578","^TAIEXx2     \u81fa\u7063\u52a0\u6b0a\u5831\u916c\u6307\u6578_\u65e5\u6b632","^TAI50I      \u81fa\u706350\u5831\u916c\u6307\u6578","^TAI50Ix2    \u81fa\u706350\u5831\u916c\u6307\u6578_\u65e5\u6b632","^TAI100I     \u81fa\u7063\u4e2d\u578b100\u5831\u916c\u6307\u6578","^TAI100Ix2   \u81fa\u7063\u4e2d\u578b100\u5831\u916c\u6307\u6578_\u65e5\u6b632","^TAIDIVIDI   \u81fa\u7063\u9ad8\u80a1\u606f\u5831\u916c\u6307\u6578","^TAIDIVIDIx2 \u81fa\u7063\u9ad8\u80a1\u606f\u5831\u916c\u6307\u6578_\u65e5\u6b632","0050Fund     \u5143\u5927\u53f0\u7063\u5353\u8d8a50\u57fa\u91d1","006208Fund   \u5bcc\u90a6\u53f0\u7063\u91c6\u540950\u57fa\u91d1","0050         \u5143\u5927\u81fa\u706350","00631L       \u5143\u5927\u53f0\u706350\u6b632","00675L       \u5bcc\u90a6\u81fa\u7063\u52a0\u6b0a\u6b632","006208       \u5bcc\u90a6\u53f050","0051         \u5143\u5927\u4e2d\u578b100","006204       \u6c38\u8c50\u81fa\u7063\u52a0\u6b0a","0056         \u5143\u5927\u9ad8\u80a1\u606f","0056         \u5143\u5927\u9ad8\u80a1\u606f_\u80a1\u606f\u4e0d\u6295\u5165","2412         \u4e2d\u83ef\u96fb\u4fe1","2002         \u4e2d\u92fc","2330         \u53f0\u7a4d\u96fb","2317         \u9d3b\u6d77","6505         \u53f0\u5851\u77f3\u5316","3481         \u7fa4\u5275","2303         \u806f\u96fb","2308         \u53f0\u9054\u96fb","2454         \u806f\u767c\u79d1","2886         \u5146\u8c50\u91d1","2884         \u7389\u5c71\u91d1","2891         \u4e2d\u4fe1\u91d1","2892         \u7b2c\u4e00\u91d1","5880         \u5408\u5eab\u91d1","2881         \u5bcc\u90a6\u91d1","2885         \u5143\u5927\u91d1","2887         \u53f0\u65b0\u91d1"],"zmin":-1,"zmax":1,"colorbar":{"x":-0.2}}],"layout":{"autotypenumbers":"strict","colorway":["#636efa","#EF553B","#00cc96","#ab63fa","#FFA15A","#19d3f3","#FF6692","#B6E880","#FF97FF","#FECB52"],"font":{"color":"#f2f5fa","family":"Courier New"},"hovermode":"closest","hoverlabel":{"align":"left"},"paper_bgcolor":"rgb(17,17,17)","plot_bgcolor":"rgb(17,17,17)","polar":{"bgcolor":"rgb(17,17,17)","angularaxis":{"gridcolor":"#506784","linecolor":"#506784","ticks":""},"radialaxis":{"gridcolor":"#506784","linecolor":"#506784","ticks":""}},"ternary":{"bgcolor":"rgb(17,17,17)","aaxis":{"gridcolor":"#506784","linecolor":"#506784","ticks":""},"baxis":{"gridcolor":"#506784","linecolor":"#506784","ticks":""},"caxis":{"gridcolor":"#506784","linecolor":"#506784","ticks":""}},"coloraxis":{"colorbar":{"outlinewidth":0,"ticks":""}},"colorscale":{"sequential":[[0.0,"#0d0887"],[0.1111111111111111,"#46039f"],[0.2222222222222222,"#7201a8"],[0.3333333333333333,"#9c179e"],[0.4444444444444444,"#bd3786"],[0.5555555555555556,"#d8576b"],[0.6666666666666666,"#ed7953"],[0.7777777777777778,"#fb9f3a"],[0.8888888888888888,"#fdca26"],[1.0,"#f0f921"]],"sequentialminus":[[0.0,"#0d0887"],[0.1111111111111111,"#46039f"],[0.2222222222222222,"#7201a8"],[0.3333333333333333,"#9c179e"],[0.4444444444444444,"#bd3786"],[0.5555555555555556,"#d8576b"],[0.6666666666666666,"#ed7953"],[0.7777777777777778,"#fb9f3a"],[0.8888888888888888,"#fdca26"],[1.0,"#f0f921"]],"diverging":[[0,"#8e0152"],[0.1,"#c51b7d"],[0.2,"#de77ae"],[0.3,"#f1b6da"],[0.4,"#fde0ef"],[0.5,"#f7f7f7"],[0.6,"#e6f5d0"],[0.7,"#b8e186"],[0.8,"#7fbc41"],[0.9,"#4d9221"],[1,"#276419"]]},"xaxis":{"gridcolor":"rgba(0, 0, 0, 0)","linecolor":"#506784","ticks":"","title":{"standoff":15},"zerolinecolor":"#283442","automargin":true,"zerolinewidth":2,"tickfont":{"family":"Courier New","size":14},"side":"top","tickangle":-90},"yaxis":{"gridcolor":"rgba(0, 0, 0, 0)","linecolor":"#506784","ticks":"","title":{"standoff":15},"zerolinecolor":"#283442","automargin":true,"zerolinewidth":2,"tickfont":{"family":"Courier New"},"side":"right"},"scene":{"xaxis":{"backgroundcolor":"rgb(17,17,17)","gridcolor":"#506784","linecolor":"#506784","showbackground":true,"ticks":"","zerolinecolor":"#C8D4E3","gridwidth":2},"yaxis":{"backgroundcolor":"rgb(17,17,17)","gridcolor":"#506784","linecolor":"#506784","showbackground":true,"ticks":"","zerolinecolor":"#C8D4E3","gridwidth":2},"zaxis":{"backgroundcolor":"rgb(17,17,17)","gridcolor":"#506784","linecolor":"#506784","showbackground":true,"ticks":"","zerolinecolor":"#C8D4E3","gridwidth":2}},"shapedefaults":{"line":{"color":"#f2f5fa"}},"annotationdefaults":{"arrowcolor":"#f2f5fa","arrowhead":0,"arrowwidth":1},"geo":{"bgcolor":"rgb(17,17,17)","landcolor":"rgb(17,17,17)","subunitcolor":"#506784","showland":true,"showlakes":true,"lakecolor":"rgb(17,17,17)"},"title":{"x":0.05,"font":{"family":"Times New Roman"},"y":0.05,"text":"<b>Correlation of Close<b><br><i>2016-09-23 ~ 2026-07-13<i>"},"updatemenudefaults":{"bgcolor":"#506784","borderwidth":0},"sliderdefaults":{"bgcolor":"#C8D4E3","borderwidth":1,"bordercolor":"rgb(17,17,17)","tickwidth":0},"mapbox":{"style":"dark"},"annotations":[{"text":"<b>@zwindr<b>","textangle":0,"opacity":0.5,"font":{"color":"white","size":12},"xref":"paper","yref":"paper","xanchor":"left","yanchor":"bottom","x":1.0,"y":1.0,"showarrow":false}]},"config":{"responsive":true,"toImageButtonOptions":{"filename":"Correlation of Close_2016-09-23~2026-07-13","scale":5}}};Plotly.newPlot("correlationClose",correlationClose.data,correlationClose.layout||{},correlationClose.config);}else{console.log("style display is none => correlationClose");}