var element=document.getElementById("correlationAdjClose");if(element.style.display!='none'){var correlationAdjClose={"data":[{"type":"heatmap","z":[[1.0,0.9956616599090857,0.9691824583752021,0.9966390444778069,0.9424200027180515,0.9857590038606157,0.959399745011692,0.9857048692070798,0.9774128965922529,0.9967872751913718,0.9963528161383388,0.9967744551836456,0.9898426003980483,0.9912079561043575,0.9964627522266561,0.9868567677088732,0.9997418620873159,0.9852488677697102,0.8933787029717392,0.9111447851263101,0.6556071826703204,0.9839537446626658,0.9415442840313777,0.32416107542861555,-0.2769288548829641,0.9045646235546468,0.9177199668296324,0.9648438981662003,0.9676521706671758,0.9616783023524601,0.9816810722226977,0.9643298808799469,0.9297341775052977,0.9820243854819596,0.9784026657897583,0.9599203430818762],[0.9956616599090857,1.0,0.9676754977031372,0.9924728902852736,0.9410403856426617,0.982196933481001,0.9565961778030917,0.9778532274392709,0.9719809068829592,0.9936478927126394,0.995325730557922,0.9948990626831498,0.9901527131679944,0.9906808131101648,0.9953918338502197,0.9823086283200964,0.9977265330450054,0.9796505686503701,0.9105337941657738,0.9012614761006958,0.6791493068048892,0.9711768312233022,0.9255063847614232,0.3230568367138007,-0.21298668328850268,0.8850490866531153,0.9152269014440947,0.9641728124603297,0.9498166176206084,0.9501935831544865,0.974023524782042,0.9510906420706614,0.9289698847260895,0.9732550517943231,0.9708416929666157,0.9551500845193106],[0.9691824583752021,0.9676754977031372,1.0,0.9820913830676989,0.9935765797451778,0.9638032678660772,0.9777162471119404,0.9392078606957184,0.9659477120308485,0.9819226050738167,0.9886635175924711,0.9854090239398912,0.9972513990355232,0.9970894701715115,0.9883306734840209,0.9609299950484317,0.9802028960964937,0.9382463600492975,0.8331643561391822,0.7986147680488813,0.5049988784468493,0.991596400406734,0.9307191361359308,0.14877117306618104,-0.19285493756258854,0.8733305371739436,0.9543938267436498,0.9628187931051816,0.8864327836611855,0.8882364200401349,0.9634394267125884,0.8857289954829244,0.8511615251199438,0.9464577083254455,0.9674630166053638,0.911845802664387],[0.9966390444778069,0.9924728902852736,0.9820913830676989,1.0,0.9632249660266312,0.9770020554705973,0.9586808405412571,0.9738785102196788,0.9723350971419878,0.9999750287348173,0.9999932977798198,0.9999681162499295,0.9934252390516443,0.9928313432356735,0.9999580507138919,0.9754409457588371,0.9958951062641207,0.9729894172613379,0.8718492701082702,0.8882803346980574,0.6116131053071602,0.9942269863815848,0.9448928142498435,0.2872153262117461,-0.26237290839911737,0.8936735860401952,0.9355821716625359,0.966735719341817,0.9497352147484743,0.9510279908377062,0.9832974136778112,0.9469920520922467,0.908399198888031,0.9760836543130607,0.9765511228646494,0.9480186739246664],[0.9424200027180515,0.9410403856426617,0.9935765797451778,0.9632249660266312,1.0,0.9292560721734836,0.9533840282460994,0.9013276372443987,0.9356302484156556,0.9634724639177691,0.9732379473092212,0.9691136208237373,0.9830117749820275,0.9813051059695526,0.9726638235502173,0.9250922995205347,0.9552167523645707,0.8999114766874874,0.7864122171814133,0.7546166770168824,0.445174139482269,0.980783215382393,0.9142768162507645,0.11033144941287759,-0.1755421335137204,0.8304202001919453,0.9639619843910631,0.9383138953065645,0.8407979492780905,0.8510400149722348,0.9426309728419727,0.8414823344826221,0.7991197925995596,0.9154348612353914,0.941097370072727,0.872944155766516],[0.9857590038606157,0.982196933481001,0.9638032678660772,0.9770020554705973,0.9292560721734836,1.0,0.9829831791275025,0.9822892771160201,0.9847843104644866,0.9765433480552322,0.9709093574926889,0.9744738731602031,0.9670697696463404,0.9646153104808242,0.9709750978046425,0.9999106869557919,0.9878345362431087,0.9830331785508573,0.8997143268221696,0.8714281315964739,0.6262749795489297,0.9673533327464064,0.9164710173773002,0.20803945924111641,-0.20714849415868236,0.9352944520959384,0.8902993121520791,0.9686691483240255,0.9543995635716904,0.9363857674155973,0.9630468780227605,0.952333454563252,0.9435317899997174,0.9656175757028841,0.9817307157799582,0.9624130616124708],[0.959399745011692,0.9565961778030917,0.9777162471119404,0.9586808405412571,0.9533840282460994,0.9829831791275025,1.0,0.9515925510976778,0.983753446995398,0.9575747334279178,0.9663403089078362,0.9633411341408947,0.9778980244464973,0.977706305555748,0.9661543806387705,0.9841028559292818,0.9759728463148362,0.953631257274314,0.8589051561403223,0.7901640539514152,0.5112597322966616,0.9620134688696799,0.9183031012350231,0.07144177277664676,-0.14613229769937877,0.8960871736712872,0.905306318431696,0.9640613211881051,0.8942711189084057,0.8736600457197358,0.9473758367805402,0.8920668478208245,0.8879308660701871,0.9378791008158451,0.9732925972368653,0.9207107267434884],[0.9857048692070798,0.9778532274392709,0.9392078606957184,0.9738785102196788,0.9013276372443987,0.9822892771160201,0.9515925510976778,1.0,0.9840559367746959,0.9738586475108462,0.9681838633517962,0.9725443450616432,0.952157531772819,0.950288336821489,0.9685124952074528,0.9840995569682748,0.9824535044880482,0.9998913918737956,0.9294448336742136,0.9314344874227047,0.602516070389711,0.958016624703508,0.9075746570025967,0.18457693403519573,-0.29747090791849334,0.9134876828323827,0.8502253547163674,0.948222996123149,0.9783885302673319,0.960096121494269,0.9673052892540276,0.9674055557255684,0.9367230156658993,0.9665848383253159,0.9607093694109514,0.9703374931361654],[0.9774128965922529,0.9719809068829592,0.9659477120308485,0.9723350971419878,0.9356302484156556,0.9847843104644866,0.983753446995398,0.9840559367746959,1.0,0.9717086084604015,0.9670248696172132,0.9703316614053987,0.9627928062127511,0.9586077471881623,0.967056194836819,0.9839723022295895,0.9764304990799682,0.9834194210891521,0.9020941105471565,0.8658288218531756,0.516177468557192,0.9672626343857782,0.9273259003412302,0.04541612107976254,-0.21953611256366393,0.8930534441876408,0.8723868920565252,0.9689390443651101,0.9358286693294371,0.9112930274971985,0.9662065482142362,0.9250477387652217,0.9002608121064032,0.9578062114186081,0.9761259060690591,0.9364252577624977],[0.9967872751913718,0.9936478927126394,0.9819226050738167,0.9999750287348173,0.9634724639177691,0.9765433480552322,0.9575747334279178,0.9738586475108462,0.9717086084604015,1.0,0.9999922699850314,0.9999846260245685,0.9933982164245196,0.9928045298791323,0.999961197788391,0.9749847640224484,0.9957857645541738,0.9730573275461802,0.8734478920880807,0.8895509137218834,0.6072312450562998,0.9944336901068904,0.9450631516258602,0.2919279964144077,-0.2618426183670859,0.8940161754728824,0.9341885872296004,0.9655065946362121,0.949321591248496,0.9501477418469112,0.9825719219432383,0.9463254068953998,0.9070065693311793,0.9753243066110312,0.9757388887814084,0.9468449756304052],[0.9963528161383388,0.995325730557922,0.9886635175924711,0.9999932977798198,0.9732379473092212,0.9709093574926889,0.9663403089078362,0.9681838633517962,0.9670248696172132,0.9999922699850314,1.0,0.9999773568059402,0.9934714190177175,0.9928583219679614,0.9999633986291155,0.970428619791769,0.995603851014709,0.9684903101539099,0.8907398297998304,0.9181628074662701,0.46491625660026076,0.9974023590641693,0.934219111250712,-0.18842577186641954,0.44837710251607954,0.8867463101044379,0.9129057618943917,0.965579372828986,0.9362527903764728,0.9330871374011868,0.9763819780136072,0.9242697763112676,0.8765707258745449,0.9662069961873028,0.9829444255702351,0.9438895103851074],[0.9967744551836456,0.9948990626831498,0.9854090239398912,0.9999681162499295,0.9691136208237373,0.9744738731602031,0.9633411341408947,0.9725443450616432,0.9703316614053987,0.9999846260245685,0.9999773568059402,1.0,0.9933973852777123,0.9927698694957432,0.9999709931892686,0.9741064306090298,0.9957005348813627,0.972515407996738,0.8807143231765502,0.9067801327383657,0.5392102998869698,0.9964532754795313,0.9430716031543223,0.02107764726432826,-0.14735767809957678,0.9026800902104364,0.9230321439659593,0.9612982273662986,0.9415636990837261,0.9403206495525286,0.979811013228297,0.936030287023637,0.8985471784478932,0.9716857385310628,0.9756717911616698,0.9494432785970347],[0.9898426003980483,0.9901527131679944,0.9972513990355232,0.9934252390516443,0.9830117749820275,0.9670697696463404,0.9778980244464973,0.952157531772819,0.9627928062127511,0.9933982164245196,0.9934714190177175,0.9933973852777123,1.0,0.9998263783107479,0.9933696477158399,0.9665275780052057,0.9904715472647996,0.9526116545049196,0.8663815816946067,0.8995500243197919,0.3717632837856643,0.9914962884014319,0.9270565614398883,-0.4337275447723253,0.4697290361249052,0.8602879757394001,0.9261117191099904,0.9603926986512605,0.9054018146881377,0.8973837740133872,0.9616459147462649,0.8924756889434191,0.8294298498985049,0.9540092204744774,0.9753632248587358,0.9337554941319696],[0.9912079561043575,0.9906808131101648,0.9970894701715115,0.9928313432356735,0.9813051059695526,0.9646153104808242,0.977706305555748,0.950288336821489,0.9586077471881623,0.9928045298791323,0.9928583219679614,0.9927698694957432,0.9998263783107479,1.0,0.9928555201816134,0.963961223258235,0.9916298704095275,0.9508592837305566,0.8499669565031686,0.9097878520888572,0.22498813772732612,0.9890141852545082,0.9205925243724561,-0.7386601524907438,0.4474275839903037,0.8303029044751858,0.9269268548861723,0.9551428297181107,0.8962582649500024,0.8899888567089244,0.9572146651669007,0.8940277467840987,0.8045312685393503,0.9514116486430871,0.9739130252606878,0.9320574657613049],[0.9964627522266561,0.9953918338502197,0.9883306734840209,0.9999580507138919,0.9726638235502173,0.9709750978046425,0.9661543806387705,0.9685124952074528,0.967056194836819,0.999961197788391,0.9999633986291155,0.9999709931892686,0.9933696477158399,0.9928555201816134,1.0,0.9705383988051038,0.9956993749088346,0.9688811726814321,0.8914525152075913,0.9190100108275142,0.4664398175668987,0.9972097801846603,0.9341685656682989,-0.1855190174513133,0.4485139244006911,0.8871753886702481,0.9118330790461835,0.9652798112716049,0.9369219769201483,0.9337416157825872,0.9763305557904303,0.9251143270791616,0.877614084322816,0.9663108884066987,0.9829806051030199,0.9444688107030292],[0.9868567677088732,0.9823086283200964,0.9609299950484317,0.9754409457588371,0.9250922995205347,0.9999106869557919,0.9841028559292818,0.9840995569682748,0.9839723022295895,0.9749847640224484,0.970428619791769,0.9741064306090298,0.9665275780052057,0.963961223258235,0.9705383988051038,1.0,0.9877254730813179,0.9833484167152624,0.9026676228495037,0.8954508470698487,0.6094236598469749,0.9646905370485753,0.911465889350937,0.05851320579583352,-0.17581556772161558,0.9414758836146971,0.878541490477199,0.9661109437033925,0.9576557879492649,0.9340318177596235,0.9598866455461708,0.9536541964665879,0.9419687301097452,0.9675982936812619,0.9808497254763053,0.9660570759321497],[0.9997418620873159,0.9977265330450054,0.9802028960964937,0.9958951062641207,0.9552167523645707,0.9878345362431087,0.9759728463148362,0.9824535044880482,0.9764304990799682,0.9957857645541738,0.995603851014709,0.9957005348813627,0.9904715472647996,0.9916298704095275,0.9956993749088346,0.9877254730813179,1.0,0.9828328847028276,0.9147212072569194,0.9323352030524757,0.5303857484467629,0.9883298492858925,0.9271633924034045,-0.12809782115043963,0.4691654090824604,0.9173246490311631,0.8967596880957622,0.9698944282666812,0.9584142406045207,0.945521201623541,0.9747852199714636,0.9470808991828907,0.9131848126886835,0.9749140914929586,0.9887155401606363,0.9657986141741429],[0.9852488677697102,0.9796505686503701,0.9382463600492975,0.9729894172613379,0.8999114766874874,0.9830331785508573,0.953631257274314,0.9998913918737956,0.9834194210891521,0.9730573275461802,0.9684903101539099,0.972515407996738,0.9526116545049196,0.9508592837305566,0.9688811726814321,0.9833484167152624,0.9828328847028276,1.0,0.9322403812265284,0.937603268701952,0.5995971901615534,0.9562859550984857,0.9107604763725796,0.14797623541661706,-0.2708232695740053,0.9178318057954525,0.8455816876682278,0.9480101649236653,0.9789384346481083,0.9595926475413544,0.965603304296461,0.9662542033389606,0.9363731214552056,0.9657577592552843,0.9587573830145253,0.9712516590693675],[0.8933787029717392,0.9105337941657738,0.8331643561391822,0.8718492701082702,0.7864122171814133,0.8997143268221696,0.8589051561403223,0.9294448336742136,0.9020941105471565,0.8734478920880807,0.8907398297998304,0.8807143231765502,0.8663815816946067,0.8499669565031686,0.8914525152075913,0.9026676228495037,0.9147212072569194,0.9322403812265284,1.0,0.8366186484717261,0.6806342072005507,0.8412790087567434,0.8104125286096772,0.23568619764642848,-0.15457248884950464,0.8640175606517285,0.7178100480088715,0.8575031692905408,0.897353374119664,0.8658070275954474,0.8527984776047999,0.8777696427086029,0.8634390513574318,0.8595903172696048,0.8710632206008306,0.8973564085388316],[0.9111447851263101,0.9012614761006958,0.7986147680488813,0.8882803346980574,0.7546166770168824,0.8714281315964739,0.7901640539514152,0.9314344874227047,0.8658288218531756,0.8895509137218834,0.9181628074662701,0.9067801327383657,0.8995500243197919,0.9097878520888572,0.9190100108275142,0.8954508470698487,0.9323352030524757,0.937603268701952,0.8366186484717261,1.0,0.8169957611891094,0.8362177588625623,0.8661269451809475,0.613553607718808,-0.5129562735580822,0.7290237034543079,0.7824097979675433,0.8162023816947311,0.9610074449416453,0.9396439392466359,0.89109348052314,0.948986794602433,0.9046075726393433,0.9006945632454993,0.8480272296257506,0.8869441097870782],[0.6556071826703204,0.6791493068048892,0.5049988784468493,0.6116131053071602,0.445174139482269,0.6262749795489297,0.5112597322966616,0.602516070389711,0.516177468557192,0.6072312450562998,0.46491625660026076,0.5392102998869698,0.3717632837856643,0.22498813772732612,0.4664398175668987,0.6094236598469749,0.5303857484467629,0.5995971901615534,0.6806342072005507,0.8169957611891094,1.0,0.5451652055576527,0.6645344777445117,0.7224091615142986,-0.11585397789337941,0.52666637217706,0.5224930676453753,0.5845190432852297,0.7614314278843772,0.6871775916345786,0.5898777586226922,0.7229161259653976,0.7458243983222406,0.6409917716061152,0.601476846917676,0.6569504308441229],[0.9839537446626658,0.9711768312233022,0.991596400406734,0.9942269863815848,0.980783215382393,0.9673533327464064,0.9620134688696799,0.958016624703508,0.9672626343857782,0.9944336901068904,0.9974023590641693,0.9964532754795313,0.9914962884014319,0.9890141852545082,0.9972097801846603,0.9646905370485753,0.9883298492858925,0.9562859550984857,0.8412790087567434,0.8362177588625623,0.5451652055576527,1.0,0.922597060637883,0.21644645618148164,-0.2506020185097768,0.8746113150345397,0.9466436409583374,0.9674163330511154,0.9125690042541291,0.9276375007322429,0.9746010185682131,0.919000952065181,0.8759162020793189,0.9620276832417384,0.9625770305513055,0.9266630218506302],[0.9415442840313777,0.9255063847614232,0.9307191361359308,0.9448928142498435,0.9142768162507645,0.9164710173773002,0.9183031012350231,0.9075746570025967,0.9273259003412302,0.9450631516258602,0.934219111250712,0.9430716031543223,0.9270565614398883,0.9205925243724561,0.9341685656682989,0.911465889350937,0.9271633924034045,0.9107604763725796,0.8104125286096772,0.8661269451809475,0.6645344777445117,0.922597060637883,1.0,0.2647441320187044,-0.17805587841267312,0.739670314203193,0.8984257860889258,0.9095505103857965,0.8988378000732398,0.8666790779183912,0.9428209199312206,0.8767099729215868,0.8415345697305584,0.9366674834953621,0.89833089576406,0.8718132212367501],[0.32416107542861555,0.3230568367138007,0.14877117306618104,0.2872153262117461,0.11033144941287759,0.20803945924111641,0.07144177277664676,0.18457693403519573,0.04541612107976254,0.2919279964144077,-0.18842577186641954,0.02107764726432826,-0.4337275447723253,-0.7386601524907438,-0.1855190174513133,0.05851320579583352,-0.12809782115043963,0.14797623541661706,0.23568619764642848,0.613553607718808,0.7224091615142986,0.21644645618148164,0.2647441320187044,1.0,-0.3791989497432059,0.2422384836518263,0.1821666654997392,0.14822401566452614,0.44034925185891727,0.4284003812577471,0.26382701470523556,0.4528861548358931,0.38717248230992174,0.3003366735351018,0.21855586065654556,0.3378012840120015],[-0.2769288548829641,-0.21298668328850268,-0.19285493756258854,-0.26237290839911737,-0.1755421335137204,-0.20714849415868236,-0.14613229769937877,-0.29747090791849334,-0.21953611256366393,-0.2618426183670859,0.44837710251607954,-0.14735767809957678,0.4697290361249052,0.4474275839903037,0.4485139244006911,-0.17581556772161558,0.4691654090824604,-0.2708232695740053,-0.15457248884950464,-0.5129562735580822,-0.11585397789337941,-0.2506020185097768,-0.17805587841267312,-0.3791989497432059,1.0,-0.15132780713235117,-0.22111515786114005,-0.17255328748614826,-0.37769021464357583,-0.36397554068682486,-0.2942216727634992,-0.33557035593047807,-0.20709331801666822,-0.3276609841400216,-0.17185592699418276,-0.3010249887365032],[0.9045646235546468,0.8850490866531153,0.8733305371739436,0.8936735860401952,0.8304202001919453,0.9352944520959384,0.8960871736712872,0.9134876828323827,0.8930534441876408,0.8940161754728824,0.8867463101044379,0.9026800902104364,0.8602879757394001,0.8303029044751858,0.8871753886702481,0.9414758836146971,0.9173246490311631,0.9178318057954525,0.8640175606517285,0.7290237034543079,0.52666637217706,0.8746113150345397,0.739670314203193,0.2422384836518263,-0.15132780713235117,1.0,0.7674010866356038,0.8947034783399787,0.8308432973700103,0.874518587459265,0.8426207541277975,0.8805369499847763,0.8721567913108338,0.8708180238310648,0.877707327704067,0.9074961184850846],[0.9177199668296324,0.9152269014440947,0.9543938267436498,0.9355821716625359,0.9639619843910631,0.8902993121520791,0.905306318431696,0.8502253547163674,0.8723868920565252,0.9341885872296004,0.9129057618943917,0.9230321439659593,0.9261117191099904,0.9269268548861723,0.9118330790461835,0.878541490477199,0.8967596880957622,0.8455816876682278,0.7178100480088715,0.7824097979675433,0.5224930676453753,0.9466436409583374,0.8984257860889258,0.1821666654997392,-0.22111515786114005,0.7674010866356038,1.0,0.8853405643669382,0.835537097460226,0.8385513879509334,0.9103872331497093,0.8293605158045373,0.785440123645916,0.8901360273502176,0.896938971638954,0.8514066278377098],[0.9648438981662003,0.9641728124603297,0.9628187931051816,0.966735719341817,0.9383138953065645,0.9686691483240255,0.9640613211881051,0.948222996123149,0.9689390443651101,0.9655065946362121,0.965579372828986,0.9612982273662986,0.9603926986512605,0.9551428297181107,0.9652798112716049,0.9661109437033925,0.9698944282666812,0.9480101649236653,0.8575031692905408,0.8162023816947311,0.5845190432852297,0.9674163330511154,0.9095505103857965,0.14822401566452614,-0.17255328748614826,0.8947034783399787,0.8853405643669382,1.0,0.9097380929271126,0.8998605152679799,0.9515852765815231,0.8975763562531299,0.8841837968559458,0.9540215920329606,0.9765204921698248,0.9053526107949031],[0.9676521706671758,0.9498166176206084,0.8864327836611855,0.9497352147484743,0.8407979492780905,0.9543995635716904,0.8942711189084057,0.9783885302673319,0.9358286693294371,0.949321591248496,0.9362527903764728,0.9415636990837261,0.9054018146881377,0.8962582649500024,0.9369219769201483,0.9576557879492649,0.9584142406045207,0.9789384346481083,0.897353374119664,0.9610074449416453,0.7614314278843772,0.9125690042541291,0.8988378000732398,0.44034925185891727,-0.37769021464357583,0.8308432973700103,0.835537097460226,0.9097380929271126,1.0,0.9866689140639128,0.9526059307877146,0.9909999366283985,0.9552956498975232,0.9588493356359009,0.9115560133723142,0.965755362065262],[0.9616783023524601,0.9501935831544865,0.8882364200401349,0.9510279908377062,0.8510400149722348,0.9363857674155973,0.8736600457197358,0.960096121494269,0.9112930274971985,0.9501477418469112,0.9330871374011868,0.9403206495525286,0.8973837740133872,0.8899888567089244,0.9337416157825872,0.9340318177596235,0.945521201623541,0.9595926475413544,0.8658070275954474,0.9396439392466359,0.6871775916345786,0.9276375007322429,0.8666790779183912,0.4284003812577471,-0.36397554068682486,0.874518587459265,0.8385513879509334,0.8998605152679799,0.9866689140639128,1.0,0.9486121786116216,0.985184775570937,0.9564952444521903,0.9438808670589456,0.9252728154086659,0.9648697949427025],[0.9816810722226977,0.974023524782042,0.9634394267125884,0.9832974136778112,0.9426309728419727,0.9630468780227605,0.9473758367805402,0.9673052892540276,0.9662065482142362,0.9825719219432383,0.9763819780136072,0.979811013228297,0.9616459147462649,0.9572146651669007,0.9763305557904303,0.9598866455461708,0.9747852199714636,0.965603304296461,0.8527984776047999,0.89109348052314,0.5898777586226922,0.9746010185682131,0.9428209199312206,0.26382701470523556,-0.2942216727634992,0.8426207541277975,0.9103872331497093,0.9515852765815231,0.9526059307877146,0.9486121786116216,1.0,0.9463334061470422,0.9027973402330377,0.9780094259793248,0.9681350790896398,0.9482534236110572],[0.9643298808799469,0.9510906420706614,0.8857289954829244,0.9469920520922467,0.8414823344826221,0.952333454563252,0.8920668478208245,0.9674055557255684,0.9250477387652217,0.9463254068953998,0.9242697763112676,0.936030287023637,0.8924756889434191,0.8940277467840987,0.9251143270791616,0.9536541964665879,0.9470808991828907,0.9662542033389606,0.8777696427086029,0.948986794602433,0.7229161259653976,0.919000952065181,0.8767099729215868,0.4528861548358931,-0.33557035593047807,0.8805369499847763,0.8293605158045373,0.8975763562531299,0.9909999366283985,0.985184775570937,0.9463334061470422,1.0,0.9743948182499321,0.9481503295453746,0.9351242685493601,0.9637720123142828],[0.9297341775052977,0.9289698847260895,0.8511615251199438,0.908399198888031,0.7991197925995596,0.9435317899997174,0.8879308660701871,0.9367230156658993,0.9002608121064032,0.9070065693311793,0.8765707258745449,0.8985471784478932,0.8294298498985049,0.8045312685393503,0.877614084322816,0.9419687301097452,0.9131848126886835,0.9363731214552056,0.8634390513574318,0.9046075726393433,0.7458243983222406,0.8759162020793189,0.8415345697305584,0.38717248230992174,-0.20709331801666822,0.8721567913108338,0.785440123645916,0.8841837968559458,0.9552956498975232,0.9564952444521903,0.9027973402330377,0.9743948182499321,1.0,0.906900916766244,0.9189179728579109,0.949349910544698],[0.9820243854819596,0.9732550517943231,0.9464577083254455,0.9760836543130607,0.9154348612353914,0.9656175757028841,0.9378791008158451,0.9665848383253159,0.9578062114186081,0.9753243066110312,0.9662069961873028,0.9716857385310628,0.9540092204744774,0.9514116486430871,0.9663108884066987,0.9675982936812619,0.9749140914929586,0.9657577592552843,0.8595903172696048,0.9006945632454993,0.6409917716061152,0.9620276832417384,0.9366674834953621,0.3003366735351018,-0.3276609841400216,0.8708180238310648,0.8901360273502176,0.9540215920329606,0.9588493356359009,0.9438808670589456,0.9780094259793248,0.9481503295453746,0.906900916766244,1.0,0.9616718543426994,0.9490402931408463],[0.9784026657897583,0.9708416929666157,0.9674630166053638,0.9765511228646494,0.941097370072727,0.9817307157799582,0.9732925972368653,0.9607093694109514,0.9761259060690591,0.9757388887814084,0.9829444255702351,0.9756717911616698,0.9753632248587358,0.9739130252606878,0.9829806051030199,0.9808497254763053,0.9887155401606363,0.9587573830145253,0.8710632206008306,0.8480272296257506,0.601476846917676,0.9625770305513055,0.89833089576406,0.21855586065654556,-0.17185592699418276,0.877707327704067,0.896938971638954,0.9765204921698248,0.9115560133723142,0.9252728154086659,0.9681350790896398,0.9351242685493601,0.9189179728579109,0.9616718543426994,1.0,0.9309076891416593],[0.9599203430818762,0.9551500845193106,0.911845802664387,0.9480186739246664,0.872944155766516,0.9624130616124708,0.9207107267434884,0.9703374931361654,0.9364252577624977,0.9468449756304052,0.9438895103851074,0.9494432785970347,0.9337554941319696,0.9320574657613049,0.9444688107030292,0.9660570759321497,0.9657986141741429,0.9712516590693675,0.8973564085388316,0.8869441097870782,0.6569504308441229,0.9266630218506302,0.8718132212367501,0.3378012840120015,-0.3010249887365032,0.9074961184850846,0.8514066278377098,0.9053526107949031,0.965755362065262,0.9648697949427025,0.9482534236110572,0.9637720123142828,0.949349910544698,0.9490402931408463,0.9309076891416593,1.0]],"x":["^TAIEX       \u81fa\u7063\u52a0\u6b0a\u5831\u916c\u6307\u6578","^TWII        \u81fa\u7063\u52a0\u6b0a\u6307\u6578","^TAIEXx2     \u81fa\u7063\u52a0\u6b0a\u5831\u916c\u6307\u6578_\u65e5\u6b632","^TAI50I      \u81fa\u706350\u5831\u916c\u6307\u6578","^TAI50Ix2    \u81fa\u706350\u5831\u916c\u6307\u6578_\u65e5\u6b632","^TAI100I     \u81fa\u7063\u4e2d\u578b100\u5831\u916c\u6307\u6578","^TAI100Ix2   \u81fa\u7063\u4e2d\u578b100\u5831\u916c\u6307\u6578_\u65e5\u6b632","^TAIDIVIDI   \u81fa\u7063\u9ad8\u80a1\u606f\u5831\u916c\u6307\u6578","^TAIDIVIDIx2 \u81fa\u7063\u9ad8\u80a1\u606f\u5831\u916c\u6307\u6578_\u65e5\u6b632","0050Fund     \u5143\u5927\u53f0\u7063\u5353\u8d8a50\u57fa\u91d1","006208Fund   \u5bcc\u90a6\u53f0\u7063\u91c6\u540950\u57fa\u91d1","0050         \u5143\u5927\u81fa\u706350","00631L       \u5143\u5927\u53f0\u706350\u6b632","00675L       \u5bcc\u90a6\u81fa\u7063\u52a0\u6b0a\u6b632","006208       \u5bcc\u90a6\u53f050","0051         \u5143\u5927\u4e2d\u578b100","006204       \u6c38\u8c50\u81fa\u7063\u52a0\u6b0a","0056         \u5143\u5927\u9ad8\u80a1\u606f","0056         \u5143\u5927\u9ad8\u80a1\u606f_\u80a1\u606f\u4e0d\u6295\u5165","2412         \u4e2d\u83ef\u96fb\u4fe1","2002         \u4e2d\u92fc","2330         \u53f0\u7a4d\u96fb","2317         \u9d3b\u6d77","6505         \u53f0\u5851\u77f3\u5316","3481         \u7fa4\u5275","2303         \u806f\u96fb","2308         \u53f0\u9054\u96fb","2454         \u806f\u767c\u79d1","2886         \u5146\u8c50\u91d1","2884         \u7389\u5c71\u91d1","2891         \u4e2d\u4fe1\u91d1","2892         \u7b2c\u4e00\u91d1","5880         \u5408\u5eab\u91d1","2881         \u5bcc\u90a6\u91d1","2885         \u5143\u5927\u91d1","2887         \u53f0\u65b0\u91d1"],"y":["^TAIEX       \u81fa\u7063\u52a0\u6b0a\u5831\u916c\u6307\u6578","^TWII        \u81fa\u7063\u52a0\u6b0a\u6307\u6578","^TAIEXx2     \u81fa\u7063\u52a0\u6b0a\u5831\u916c\u6307\u6578_\u65e5\u6b632","^TAI50I      \u81fa\u706350\u5831\u916c\u6307\u6578","^TAI50Ix2    \u81fa\u706350\u5831\u916c\u6307\u6578_\u65e5\u6b632","^TAI100I     \u81fa\u7063\u4e2d\u578b100\u5831\u916c\u6307\u6578","^TAI100Ix2   \u81fa\u7063\u4e2d\u578b100\u5831\u916c\u6307\u6578_\u65e5\u6b632","^TAIDIVIDI   \u81fa\u7063\u9ad8\u80a1\u606f\u5831\u916c\u6307\u6578","^TAIDIVIDIx2 \u81fa\u7063\u9ad8\u80a1\u606f\u5831\u916c\u6307\u6578_\u65e5\u6b632","0050Fund     \u5143\u5927\u53f0\u7063\u5353\u8d8a50\u57fa\u91d1","006208Fund   \u5bcc\u90a6\u53f0\u7063\u91c6\u540950\u57fa\u91d1","0050         \u5143\u5927\u81fa\u706350","00631L       \u5143\u5927\u53f0\u706350\u6b632","00675L       \u5bcc\u90a6\u81fa\u7063\u52a0\u6b0a\u6b632","006208       \u5bcc\u90a6\u53f050","0051         \u5143\u5927\u4e2d\u578b100","006204       \u6c38\u8c50\u81fa\u7063\u52a0\u6b0a","0056         \u5143\u5927\u9ad8\u80a1\u606f","0056         \u5143\u5927\u9ad8\u80a1\u606f_\u80a1\u606f\u4e0d\u6295\u5165","2412         \u4e2d\u83ef\u96fb\u4fe1","2002         \u4e2d\u92fc","2330         \u53f0\u7a4d\u96fb","2317         \u9d3b\u6d77","6505         \u53f0\u5851\u77f3\u5316","3481         \u7fa4\u5275","2303         \u806f\u96fb","2308         \u53f0\u9054\u96fb","2454         \u806f\u767c\u79d1","2886         \u5146\u8c50\u91d1","2884         \u7389\u5c71\u91d1","2891         \u4e2d\u4fe1\u91d1","2892         \u7b2c\u4e00\u91d1","5880         \u5408\u5eab\u91d1","2881         \u5bcc\u90a6\u91d1","2885         \u5143\u5927\u91d1","2887         \u53f0\u65b0\u91d1"],"zmin":-1,"zmax":1,"colorbar":{"x":-0.2}}],"layout":{"autotypenumbers":"strict","colorway":["#636efa","#EF553B","#00cc96","#ab63fa","#FFA15A","#19d3f3","#FF6692","#B6E880","#FF97FF","#FECB52"],"font":{"color":"#f2f5fa","family":"Courier New"},"hovermode":"closest","hoverlabel":{"align":"left"},"paper_bgcolor":"rgb(17,17,17)","plot_bgcolor":"rgb(17,17,17)","polar":{"bgcolor":"rgb(17,17,17)","angularaxis":{"gridcolor":"#506784","linecolor":"#506784","ticks":""},"radialaxis":{"gridcolor":"#506784","linecolor":"#506784","ticks":""}},"ternary":{"bgcolor":"rgb(17,17,17)","aaxis":{"gridcolor":"#506784","linecolor":"#506784","ticks":""},"baxis":{"gridcolor":"#506784","linecolor":"#506784","ticks":""},"caxis":{"gridcolor":"#506784","linecolor":"#506784","ticks":""}},"coloraxis":{"colorbar":{"outlinewidth":0,"ticks":""}},"colorscale":{"sequential":[[0.0,"#0d0887"],[0.1111111111111111,"#46039f"],[0.2222222222222222,"#7201a8"],[0.3333333333333333,"#9c179e"],[0.4444444444444444,"#bd3786"],[0.5555555555555556,"#d8576b"],[0.6666666666666666,"#ed7953"],[0.7777777777777778,"#fb9f3a"],[0.8888888888888888,"#fdca26"],[1.0,"#f0f921"]],"sequentialminus":[[0.0,"#0d0887"],[0.1111111111111111,"#46039f"],[0.2222222222222222,"#7201a8"],[0.3333333333333333,"#9c179e"],[0.4444444444444444,"#bd3786"],[0.5555555555555556,"#d8576b"],[0.6666666666666666,"#ed7953"],[0.7777777777777778,"#fb9f3a"],[0.8888888888888888,"#fdca26"],[1.0,"#f0f921"]],"diverging":[[0,"#8e0152"],[0.1,"#c51b7d"],[0.2,"#de77ae"],[0.3,"#f1b6da"],[0.4,"#fde0ef"],[0.5,"#f7f7f7"],[0.6,"#e6f5d0"],[0.7,"#b8e186"],[0.8,"#7fbc41"],[0.9,"#4d9221"],[1,"#276419"]]},"xaxis":{"gridcolor":"rgba(0, 0, 0, 0)","linecolor":"#506784","ticks":"","title":{"standoff":15},"zerolinecolor":"#283442","automargin":true,"zerolinewidth":2,"tickfont":{"family":"Courier New","size":14},"side":"top","tickangle":-90},"yaxis":{"gridcolor":"rgba(0, 0, 0, 0)","linecolor":"#506784","ticks":"","title":{"standoff":15},"zerolinecolor":"#283442","automargin":true,"zerolinewidth":2,"tickfont":{"family":"Courier New"},"side":"right"},"scene":{"xaxis":{"backgroundcolor":"rgb(17,17,17)","gridcolor":"#506784","linecolor":"#506784","showbackground":true,"ticks":"","zerolinecolor":"#C8D4E3","gridwidth":2},"yaxis":{"backgroundcolor":"rgb(17,17,17)","gridcolor":"#506784","linecolor":"#506784","showbackground":true,"ticks":"","zerolinecolor":"#C8D4E3","gridwidth":2},"zaxis":{"backgroundcolor":"rgb(17,17,17)","gridcolor":"#506784","linecolor":"#506784","showbackground":true,"ticks":"","zerolinecolor":"#C8D4E3","gridwidth":2}},"shapedefaults":{"line":{"color":"#f2f5fa"}},"annotationdefaults":{"arrowcolor":"#f2f5fa","arrowhead":0,"arrowwidth":1},"geo":{"bgcolor":"rgb(17,17,17)","landcolor":"rgb(17,17,17)","subunitcolor":"#506784","showland":true,"showlakes":true,"lakecolor":"rgb(17,17,17)"},"title":{"x":0.05,"font":{"family":"Times New Roman"},"y":0.05,"text":"<b>Correlation of Adj Close<b><br><i>2016-09-23 ~ 2026-03-06<i>"},"updatemenudefaults":{"bgcolor":"#506784","borderwidth":0},"sliderdefaults":{"bgcolor":"#C8D4E3","borderwidth":1,"bordercolor":"rgb(17,17,17)","tickwidth":0},"mapbox":{"style":"dark"},"annotations":[{"text":"<b>@zwindr<b>","textangle":0,"opacity":0.5,"font":{"color":"white","size":12},"xref":"paper","yref":"paper","xanchor":"left","yanchor":"bottom","x":1.0,"y":1.0,"showarrow":false}]},"config":{"responsive":true,"toImageButtonOptions":{"filename":"Correlation of Adj Close_2016-09-23~2026-03-06","scale":5}}};Plotly.newPlot("correlationAdjClose",correlationAdjClose.data,correlationAdjClose.layout||{},correlationAdjClose.config);}else{console.log("style display is none => correlationAdjClose");}