var element=document.getElementById("correlationClose");if(element.style.display!='none'){var correlationClose={"data":[{"type":"heatmap","z":[[1.0,0.9999999999999976,1.0,0.9949944548736387,0.9949944548736387,0.9720902453900687,0.9720902453900687,0.9141844550686334,0.9141844550686334,0.7453302941401134,0.9951190329409311,0.6879553666519785,0.9656784436792699,0.9911832841249294,0.995206370750447,0.9774848068406382,0.9992680171193873,0.9075620936084661,0.9075620936084661,0.771673238680267,-0.1885729193377168,0.9803828939737856,0.24585149037026513,-0.16249650474381247,-0.22681028325044333,0.8218561607181074,0.8967690850892533,0.9264874823289454,0.9075634897254813,0.7868680446404406,0.6438700585938181,0.6526805714307807,0.6082899851762504,0.9306598443391039,0.8636653540966057,0.26188623373689357],[0.9999999999999976,1.0,0.9999999999999978,0.994960227535748,0.994960227535748,0.9716576743121382,0.9716576743121382,0.9148824331703989,0.9148824331703989,0.7469601690974734,0.9951118191049542,0.6898285024813872,0.9654360854876682,0.9907606112204048,0.9952016334371435,0.9770514717784399,0.9992653798512295,0.90754534029725,0.90754534029725,0.7890288229031102,0.022460928670324114,0.9731708023096775,0.009352480142152248,-0.15495245218061246,-0.2272826643753591,0.6677511173747065,0.8957501001653915,0.9057761462332531,0.9037815860708126,0.795238394422925,0.6352436249568048,0.6502586585632747,0.6332565714031422,0.9293663076745183,0.7362934736812595,0.25790002312258636],[1.0,0.9999999999999978,1.0,0.9949944548736387,0.9949944548736387,0.9720902453900687,0.9720902453900687,0.9141844550686334,0.9141844550686334,0.7453302941401134,0.9951190329409311,0.6879553666519785,0.9656784436792699,0.9911832841249294,0.995206370750447,0.9774848068406382,0.9992680171193873,0.9075620936084661,0.9075620936084661,0.771673238680267,-0.1885729193377168,0.9803828939737856,0.24585149037026513,-0.16249650474381247,-0.22681028325044333,0.8218561607181074,0.8967690850892533,0.9264874823289454,0.9075634897254813,0.7868680446404406,0.6438700585938181,0.6526805714307807,0.6082899851762504,0.9306598443391039,0.8636653540966057,0.26188623373689357],[0.9949944548736387,0.994960227535748,0.9949944548736387,1.0,1.0,0.9597717552351654,0.9597717552351654,0.8967330092992135,0.8967330092992135,0.7056413946590228,0.9996366079982436,0.6476707285060177,0.964764422260281,0.9913063750931503,0.9995912037694517,0.9606047606221514,0.9952421123622028,0.8782757518572916,0.8782757518572916,0.7408810629007326,-0.1962489440735957,0.9924911429106318,0.27436707408298006,-0.19795893154876454,-0.2224540589784732,0.8076482038575143,0.917338275328819,0.9248642364453632,0.8841331532656116,0.7844916312400197,0.6735051473143046,0.6422548145754451,0.5731562707976599,0.9157045114836929,0.8555821195709322,0.27697826419105853],[0.9949944548736387,0.994960227535748,0.9949944548736387,1.0,1.0,0.9597717552351654,0.9597717552351654,0.8967330092992135,0.8967330092992135,0.7056413946590228,0.9996366079982436,0.6476707285060177,0.964764422260281,0.9913063750931503,0.9995912037694517,0.9606047606221514,0.9952421123622028,0.8782757518572916,0.8782757518572916,0.7408810629007326,-0.1962489440735957,0.9924911429106318,0.27436707408298006,-0.19795893154876454,-0.2224540589784732,0.8076482038575143,0.917338275328819,0.9248642364453632,0.8841331532656116,0.7844916312400197,0.6735051473143046,0.6422548145754451,0.5731562707976599,0.9157045114836929,0.8555821195709322,0.27697826419105853],[0.9720902453900687,0.9716576743121382,0.9720902453900687,0.9597717552351654,0.9597717552351654,1.0,1.0,0.9379632147116773,0.9379632147116773,0.7248221810772829,0.9584807265338939,0.6999889230162077,0.9431465229455878,0.961379412436582,0.9584921594968954,0.9990907173925724,0.9777574163216155,0.9134711738812804,0.9134711738812804,0.6555341784663533,-0.14473606542151216,0.9468837693123527,0.38154703600026885,-0.3309795894341144,-0.11108011207084122,0.8836843202782656,0.8548189590400068,0.9416996829052058,0.8888515320127627,0.757296004591444,0.7973170718794852,0.7454759187266509,0.6796321652483203,0.8715998693951843,0.888707547821695,0.522955167542082],[0.9720902453900687,0.9716576743121382,0.9720902453900687,0.9597717552351654,0.9597717552351654,1.0,1.0,0.9379632147116773,0.9379632147116773,0.7248221810772829,0.9584807265338939,0.6999889230162077,0.9431465229455878,0.961379412436582,0.9584921594968954,0.9990907173925724,0.9777574163216155,0.9134711738812804,0.9134711738812804,0.6555341784663533,-0.14473606542151216,0.9468837693123527,0.38154703600026885,-0.3309795894341144,-0.11108011207084122,0.8836843202782656,0.8548189590400068,0.9416996829052058,0.8888515320127627,0.757296004591444,0.7973170718794852,0.7454759187266509,0.6796321652483203,0.8715998693951843,0.888707547821695,0.522955167542082],[0.9141844550686334,0.9148824331703989,0.9141844550686334,0.8967330092992135,0.8967330092992135,0.9379632147116773,0.9379632147116773,1.0,1.0,0.6987068634641902,0.9361432829288933,0.7073569066391037,0.9127394530791711,0.9202432789978368,0.9362501305959785,0.9400592608452866,0.9469201678713549,0.9695086206218008,0.9695086206218008,0.6105603718349265,-0.023387478629842536,0.8635609260398877,0.5940272817839221,-0.3593878360668056,0.012975745261329838,0.8027863843154539,0.748695892238256,0.8904203608501992,0.8567640816481371,0.7743045128393103,0.8886724392991516,0.7921177965412602,0.7057452323310713,0.8149095446333506,0.8694141274821804,0.8263387951675834],[0.9141844550686334,0.9148824331703989,0.9141844550686334,0.8967330092992135,0.8967330092992135,0.9379632147116773,0.9379632147116773,1.0,1.0,0.6987068634641902,0.9361432829288933,0.7073569066391037,0.9127394530791711,0.9202432789978368,0.9362501305959785,0.9400592608452866,0.9469201678713549,0.9695086206218008,0.9695086206218008,0.6105603718349265,-0.023387478629842536,0.8635609260398877,0.5940272817839221,-0.3593878360668056,0.012975745261329838,0.8027863843154539,0.748695892238256,0.8904203608501992,0.8567640816481371,0.7743045128393103,0.8886724392991516,0.7921177965412602,0.7057452323310713,0.8149095446333506,0.8694141274821804,0.8263387951675834],[0.7453302941401134,0.7469601690974734,0.7453302941401134,0.7056413946590228,0.7056413946590228,0.7248221810772829,0.7248221810772829,0.6987068634641902,0.6987068634641902,1.0,0.5639971588033401,0.9999695945091681,0.4723082022262584,0.3432325141177259,0.5659423725771338,0.719721194083662,0.6323684682130244,0.7907728217547256,0.7907728217547256,0.6850934538230844,-0.09722293226705558,0.6730965375499268,0.03517408841181818,0.049841496828349985,-0.24291253574430074,0.7618000993336839,0.4252315703963113,0.7154977335192126,0.8002116860132606,0.6696980079306641,0.3256793156147606,0.5213319676654599,0.5618020366605235,0.7671693540551494,0.6087813926056264,0.16703017226788194],[0.9951190329409311,0.9951118191049542,0.9951190329409311,0.9996366079982436,0.9996366079982436,0.9584807265338939,0.9584807265338939,0.9361432829288933,0.9361432829288933,0.5639971588033401,1.0,0.5639077287403642,0.9646181541717935,0.9910219026092135,0.9999418165644104,0.9560967261854144,0.9947271344106082,0.8870590404290778,0.8870590404290778,0.8504861688654519,-0.07694496100304062,0.9971040097484887,0.9058386883141295,-0.5399164237213618,0.46378438751399326,0.8119079302342551,0.8927235336377088,0.9363677564314308,0.872422722971335,0.8103103745110106,0.936257277499636,0.8507629770818161,0.724945085603174,0.8980347236193165,0.9534631027373103,0.8254246167378871],[0.6879553666519785,0.6898285024813872,0.6879553666519785,0.6476707285060177,0.6476707285060177,0.6999889230162077,0.6999889230162077,0.7073569066391037,0.7073569066391037,0.9999695945091681,0.5639077287403642,1.0,0.47307491024596504,0.34392486696223784,0.5666412747065347,0.7094466195464112,0.6329453420602021,0.7843445706305587,0.7843445706305587,0.6378631690848662,0.03371716205846536,0.6191364258626136,0.38915005243431483,-0.16107205825420215,-0.23244236826547032,0.7866195431130574,0.3257392176362522,0.6821819870278772,0.7687151363989638,0.6882029923231038,0.5075268000902673,0.6833290470605633,0.6761875274868856,0.7173655412216654,0.5829060235145731,0.6167187444749792],[0.9656784436792699,0.9654360854876682,0.9656784436792699,0.964764422260281,0.964764422260281,0.9431465229455878,0.9431465229455878,0.9127394530791711,0.9127394530791711,0.4723082022262584,0.9646181541717935,0.47307491024596504,1.0,0.964020228265087,0.9642615267059526,0.9394167039515545,0.9639914541019152,0.8531718208886242,0.8531718208886242,0.8180993292785725,-0.04836004088471175,0.9629816896659372,0.9034293455680392,-0.6570491807504664,0.5058645867479845,0.7662787698482993,0.8570783025790479,0.9194276143792268,0.8401797786617827,0.742090994242716,0.9089256664952138,0.8109060140261776,0.6822339505336842,0.8660431086039457,0.9338020312911551,0.821676597158376],[0.9911832841249294,0.9907606112204048,0.9911832841249294,0.9913063750931503,0.9913063750931503,0.961379412436582,0.961379412436582,0.9202432789978368,0.9202432789978368,0.3432325141177259,0.9910219026092135,0.34392486696223784,0.964020228265087,1.0,0.9910493172259313,0.9556722789498433,0.9894110496210112,0.842532940491671,0.842532940491671,0.8524639760511342,-0.1836690292388386,0.9895134820023707,0.9157715966753321,-0.8015094286673411,0.5724329309116948,0.7220217378751644,0.9225574410683939,0.9219722229137639,0.8197777997634939,0.6953005414614283,0.9419286170963675,0.806784890848928,0.6079449914526954,0.8866457199897797,0.9579674670295654,0.831892780347057],[0.995206370750447,0.9952016334371435,0.995206370750447,0.9995912037694517,0.9995912037694517,0.9584921594968954,0.9584921594968954,0.9362501305959785,0.9362501305959785,0.5659423725771338,0.9999418165644104,0.5666412747065347,0.9642615267059526,0.9910493172259313,1.0,0.9562347898081244,0.9948234956927005,0.8878961203533302,0.8878961203533302,0.8514572844637801,-0.07600767527338616,0.9969578955756356,0.9052047133430464,-0.537248795339195,0.4631092169330973,0.8126440163607186,0.8914021247095713,0.9359276288607012,0.8732762582058378,0.811412003248688,0.9356831010401918,0.8519727320291658,0.7265590801572563,0.8981282836535063,0.9535177722375457,0.825720670725121],[0.9774848068406382,0.9770514717784399,0.9774848068406382,0.9606047606221514,0.9606047606221514,0.9990907173925724,0.9990907173925724,0.9400592608452866,0.9400592608452866,0.719721194083662,0.9560967261854144,0.7094466195464112,0.9394167039515545,0.9556722789498433,0.9562347898081244,1.0,0.9772045985626528,0.9156955504962172,0.9156955504962172,0.7045250140743178,-0.1303356286881189,0.9500159820039632,0.696759315517502,-0.45975863987359594,-0.13990662625807468,0.8950314839688124,0.8420482193362551,0.9383859461142192,0.89687304138389,0.7912236462478065,0.8808336188624376,0.7908309339602828,0.7370985677901596,0.8925530735435112,0.8855253660557527,0.8204957091602271],[0.9992680171193873,0.9992653798512295,0.9992680171193873,0.9952421123622028,0.9952421123622028,0.9777574163216155,0.9777574163216155,0.9469201678713549,0.9469201678713549,0.6323684682130244,0.9947271344106082,0.6329453420602021,0.9639914541019152,0.9894110496210112,0.9948234956927005,0.9772045985626528,1.0,0.9167971527852012,0.9167971527852012,0.8638730723204935,-0.058779801806587706,0.988645149913763,0.8807701940212825,-0.523368505942948,0.47018010796124177,0.8586499083227004,0.8774015915499801,0.9488894225351151,0.9066089000990389,0.8320539704269607,0.9250369535924912,0.8850997703106456,0.7737377026917288,0.9138757823230503,0.9615948307627785,0.866984872869666],[0.9075620936084661,0.90754534029725,0.9075620936084661,0.8782757518572916,0.8782757518572916,0.9134711738812804,0.9134711738812804,0.9695086206218008,0.9695086206218008,0.7907728217547256,0.8870590404290778,0.7843445706305587,0.8531718208886242,0.842532940491671,0.8878961203533302,0.9156955504962172,0.9167971527852012,1.0,1.0,0.7554563118999053,-0.07064044360816556,0.8434866004483829,0.5884779125955183,-0.24148233228388633,-0.19219629378098163,0.8385336110265775,0.6868370382580696,0.8462354016965665,0.9207931443645262,0.8487282317827339,0.7999327561142029,0.7704795436403189,0.7071371645136337,0.856390271471405,0.789996935070189,0.8596589661065333],[0.9075620936084661,0.90754534029725,0.9075620936084661,0.8782757518572916,0.8782757518572916,0.9134711738812804,0.9134711738812804,0.9695086206218008,0.9695086206218008,0.7907728217547256,0.8870590404290778,0.7843445706305587,0.8531718208886242,0.842532940491671,0.8878961203533302,0.9156955504962172,0.9167971527852012,1.0,1.0,0.7554563118999053,-0.07064044360816556,0.8434866004483829,0.5884779125955183,-0.24148233228388633,-0.19219629378098163,0.8385336110265775,0.6868370382580696,0.8462354016965665,0.9207931443645262,0.8487282317827339,0.7999327561142029,0.7704795436403189,0.7071371645136337,0.856390271471405,0.789996935070189,0.8596589661065333],[0.771673238680267,0.7890288229031102,0.771673238680267,0.7408810629007326,0.7408810629007326,0.6555341784663533,0.6555341784663533,0.6105603718349265,0.6105603718349265,0.6850934538230844,0.8504861688654519,0.6378631690848662,0.8180993292785725,0.8524639760511342,0.8514572844637801,0.7045250140743178,0.8638730723204935,0.7554563118999053,0.7554563118999053,1.0,0.015531640964294864,0.7017158056644774,-0.3123679131995019,0.2765551719505118,-0.6448404403054918,0.3826709746403306,0.6373990651890749,0.533567207092269,0.842189365921346,0.7070813968086159,0.17882273458367207,0.33816362723177545,0.5733690343010615,0.7889130507379204,0.5047003262783543,-0.10536572786414183],[-0.1885729193377168,0.022460928670324114,-0.1885729193377168,-0.1962489440735957,-0.1962489440735957,-0.14473606542151216,-0.14473606542151216,-0.023387478629842536,-0.023387478629842536,-0.09722293226705558,-0.07694496100304062,0.03371716205846536,-0.04836004088471175,-0.1836690292388386,-0.07600767527338616,-0.1303356286881189,-0.058779801806587706,-0.07064044360816556,-0.07064044360816556,0.015531640964294864,1.0,-0.1296937413637949,0.08474091091084139,0.17721135796657772,0.7410305358083159,-0.11098406566159927,-0.09603404614621647,-0.0531008671234627,0.13559626526926713,-0.029421113795822063,-0.012442088941011537,0.28978135838399255,0.5521753378697655,-0.15165203149344694,0.06470052528845921,0.12649785193868712],[0.9803828939737856,0.9731708023096775,0.9803828939737856,0.9924911429106318,0.9924911429106318,0.9468837693123527,0.9468837693123527,0.8635609260398877,0.8635609260398877,0.6730965375499268,0.9971040097484887,0.6191364258626136,0.9629816896659372,0.9895134820023707,0.9969578955756356,0.9500159820039632,0.988645149913763,0.8434866004483829,0.8434866004483829,0.7017158056644774,-0.1296937413637949,1.0,0.18154290370054266,-0.2482646881723014,-0.2631149334002913,0.6773854048958992,0.9242625875217422,0.9089351359207686,0.8284637972325848,0.7520362755513941,0.6766887593500409,0.6107574097501857,0.5066061786609856,0.8936534893016013,0.7196162143168505,0.26184065587268096],[0.24585149037026513,0.009352480142152248,0.24585149037026513,0.27436707408298006,0.27436707408298006,0.38154703600026885,0.38154703600026885,0.5940272817839221,0.5940272817839221,0.03517408841181818,0.9058386883141295,0.38915005243431483,0.9034293455680392,0.9157715966753321,0.9052047133430464,0.696759315517502,0.8807701940212825,0.5884779125955183,0.5884779125955183,-0.3123679131995019,0.08474091091084139,0.18154290370054266,1.0,-0.4785715618940962,0.6874424699662123,0.40762790008414446,0.2087759525239634,0.3693688719809477,-0.0463135321311854,0.13069934612271566,0.6238339798718779,0.5056391403822003,0.21541818162541318,0.07616144495218763,0.4302168254461202,0.493397542194545],[-0.16249650474381247,-0.15495245218061246,-0.16249650474381247,-0.19795893154876454,-0.19795893154876454,-0.3309795894341144,-0.3309795894341144,-0.3593878360668056,-0.3593878360668056,0.049841496828349985,-0.5399164237213618,-0.16107205825420215,-0.6570491807504664,-0.8015094286673411,-0.537248795339195,-0.45975863987359594,-0.523368505942948,-0.24148233228388633,-0.24148233228388633,0.2765551719505118,0.17721135796657772,-0.2482646881723014,-0.4785715618940962,1.0,-0.025079317117012737,-0.19969748327891568,-0.24602767705478312,-0.3384459841595277,-0.08079652163376973,-0.11286327785535791,-0.5757397130807677,-0.22994461718294765,-0.04194503327414395,-0.09395479131674703,-0.266085802949515,-0.427453290134077],[-0.22681028325044333,-0.2272826643753591,-0.22681028325044333,-0.2224540589784732,-0.2224540589784732,-0.11108011207084122,-0.11108011207084122,0.012975745261329838,0.012975745261329838,-0.24291253574430074,0.46378438751399326,-0.23244236826547032,0.5058645867479845,0.5724329309116948,0.4631092169330973,-0.13990662625807468,0.47018010796124177,-0.19219629378098163,-0.19219629378098163,-0.6448404403054918,0.7410305358083159,-0.2631149334002913,0.6874424699662123,-0.025079317117012737,1.0,-0.10445827854024271,-0.1807772613407405,-0.06392564330373658,-0.34476623305054366,-0.3215782325702331,0.05793057845028703,0.15520237984217553,0.260235385737832,-0.36393519745371705,0.09896988401125291,0.0844919860834969],[0.8218561607181074,0.6677511173747065,0.8218561607181074,0.8076482038575143,0.8076482038575143,0.8836843202782656,0.8836843202782656,0.8027863843154539,0.8027863843154539,0.7618000993336839,0.8119079302342551,0.7866195431130574,0.7662787698482993,0.7220217378751644,0.8126440163607186,0.8950314839688124,0.8586499083227004,0.8385336110265775,0.8385336110265775,0.3826709746403306,-0.11098406566159927,0.6773854048958992,0.40762790008414446,-0.19969748327891568,-0.10445827854024271,1.0,0.5472392209202007,0.8476418095313712,0.5200872935367764,0.650409645871608,0.5906664951145223,0.6760779559612721,0.434956113333461,0.7258729871654103,0.7213564858755731,0.4494831678279621],[0.8967690850892533,0.8957501001653915,0.8967690850892533,0.917338275328819,0.917338275328819,0.8548189590400068,0.8548189590400068,0.748695892238256,0.748695892238256,0.4252315703963113,0.8927235336377088,0.3257392176362522,0.8570783025790479,0.9225574410683939,0.8914021247095713,0.8420482193362551,0.8774015915499801,0.6868370382580696,0.6868370382580696,0.6373990651890749,-0.09603404614621647,0.9242625875217422,0.2087759525239634,-0.24602767705478312,-0.1807772613407405,0.5472392209202007,1.0,0.8005629408001377,0.7102353603988231,0.6360075350433062,0.6203201573000828,0.504779266540336,0.450025339631279,0.7913850792824482,0.6728890735094377,0.22030749252550505],[0.9264874823289454,0.9057761462332531,0.9264874823289454,0.9248642364453632,0.9248642364453632,0.9416996829052058,0.9416996829052058,0.8904203608501992,0.8904203608501992,0.7154977335192126,0.9363677564314308,0.6821819870278772,0.9194276143792268,0.9219722229137639,0.9359276288607012,0.9383859461142192,0.9488894225351151,0.8462354016965665,0.8462354016965665,0.533567207092269,-0.0531008671234627,0.9089351359207686,0.3693688719809477,-0.3384459841595277,-0.06392564330373658,0.8476418095313712,0.8005629408001377,1.0,0.7632932935348462,0.6412619232555367,0.6654175938509872,0.6268549754771422,0.5312414920914867,0.8365407680069141,0.8594787360668517,0.2816723787546877],[0.9075634897254813,0.9037815860708126,0.9075634897254813,0.8841331532656116,0.8841331532656116,0.8888515320127627,0.8888515320127627,0.8567640816481371,0.8567640816481371,0.8002116860132606,0.872422722971335,0.7687151363989638,0.8401797786617827,0.8197777997634939,0.8732762582058378,0.89687304138389,0.9066089000990389,0.9207931443645262,0.9207931443645262,0.842189365921346,0.13559626526926713,0.8284637972325848,-0.0463135321311854,-0.08079652163376973,-0.34476623305054366,0.5200872935367764,0.7102353603988231,0.7632932935348462,1.0,0.911649944895158,0.5780110785247475,0.7045805001593034,0.6699788199163085,0.8848189287001206,0.5426157148306254,0.332673245141049],[0.7868680446404406,0.795238394422925,0.7868680446404406,0.7844916312400197,0.7844916312400197,0.757296004591444,0.757296004591444,0.7743045128393103,0.7743045128393103,0.6696980079306641,0.8103103745110106,0.6882029923231038,0.742090994242716,0.6953005414614283,0.811412003248688,0.7912236462478065,0.8320539704269607,0.8487282317827339,0.8487282317827339,0.7070813968086159,-0.029421113795822063,0.7520362755513941,0.13069934612271566,-0.11286327785535791,-0.3215782325702331,0.650409645871608,0.6360075350433062,0.6412619232555367,0.911649944895158,1.0,0.6131771604698134,0.6887915984932992,0.6149751709196685,0.7507970024660874,0.6185331101120534,0.500003743572646],[0.6438700585938181,0.6352436249568048,0.6438700585938181,0.6735051473143046,0.6735051473143046,0.7973170718794852,0.7973170718794852,0.8886724392991516,0.8886724392991516,0.3256793156147606,0.936257277499636,0.5075268000902673,0.9089256664952138,0.9419286170963675,0.9356831010401918,0.8808336188624376,0.9250369535924912,0.7999327561142029,0.7999327561142029,0.17882273458367207,-0.012442088941011537,0.6766887593500409,0.6238339798718779,-0.5757397130807677,0.05793057845028703,0.5906664951145223,0.6203201573000828,0.6654175938509872,0.5780110785247475,0.6131771604698134,1.0,0.7488816381793347,0.3891956855587846,0.5625723601903564,0.6598283714468851,0.7577901203303009],[0.6526805714307807,0.6502586585632747,0.6526805714307807,0.6422548145754451,0.6422548145754451,0.7454759187266509,0.7454759187266509,0.7921177965412602,0.7921177965412602,0.5213319676654599,0.8507629770818161,0.6833290470605633,0.8109060140261776,0.806784890848928,0.8519727320291658,0.7908309339602828,0.8850997703106456,0.7704795436403189,0.7704795436403189,0.33816362723177545,0.28978135838399255,0.6107574097501857,0.5056391403822003,-0.22994461718294765,0.15520237984217553,0.6760779559612721,0.504779266540336,0.6268549754771422,0.7045805001593034,0.6887915984932992,0.7488816381793347,1.0,0.7790809250326,0.5322137941259629,0.7383481335757294,0.5700724527621739],[0.6082899851762504,0.6332565714031422,0.6082899851762504,0.5731562707976599,0.5731562707976599,0.6796321652483203,0.6796321652483203,0.7057452323310713,0.7057452323310713,0.5618020366605235,0.724945085603174,0.6761875274868856,0.6822339505336842,0.6079449914526954,0.7265590801572563,0.7370985677901596,0.7737377026917288,0.7071371645136337,0.7071371645136337,0.5733690343010615,0.5521753378697655,0.5066061786609856,0.21541818162541318,-0.04194503327414395,0.260235385737832,0.434956113333461,0.450025339631279,0.5312414920914867,0.6699788199163085,0.6149751709196685,0.3891956855587846,0.7790809250326,1.0,0.5001266757108744,0.6547093192192219,0.21889970360799157],[0.9306598443391039,0.9293663076745183,0.9306598443391039,0.9157045114836929,0.9157045114836929,0.8715998693951843,0.8715998693951843,0.8149095446333506,0.8149095446333506,0.7671693540551494,0.8980347236193165,0.7173655412216654,0.8660431086039457,0.8866457199897797,0.8981282836535063,0.8925530735435112,0.9138757823230503,0.856390271471405,0.856390271471405,0.7889130507379204,-0.15165203149344694,0.8936534893016013,0.07616144495218763,-0.09395479131674703,-0.36393519745371705,0.7258729871654103,0.7913850792824482,0.8365407680069141,0.8848189287001206,0.7507970024660874,0.5625723601903564,0.5322137941259629,0.5001266757108744,1.0,0.7627952450533159,0.22686451979650796],[0.8636653540966057,0.7362934736812595,0.8636653540966057,0.8555821195709322,0.8555821195709322,0.888707547821695,0.888707547821695,0.8694141274821804,0.8694141274821804,0.6087813926056264,0.9534631027373103,0.5829060235145731,0.9338020312911551,0.9579674670295654,0.9535177722375457,0.8855253660557527,0.9615948307627785,0.789996935070189,0.789996935070189,0.5047003262783543,0.06470052528845921,0.7196162143168505,0.4302168254461202,-0.266085802949515,0.09896988401125291,0.7213564858755731,0.6728890735094377,0.8594787360668517,0.5426157148306254,0.6185331101120534,0.6598283714468851,0.7383481335757294,0.6547093192192219,0.7627952450533159,1.0,0.2524870597116885],[0.26188623373689357,0.25790002312258636,0.26188623373689357,0.27697826419105853,0.27697826419105853,0.522955167542082,0.522955167542082,0.8263387951675834,0.8263387951675834,0.16703017226788194,0.8254246167378871,0.6167187444749792,0.821676597158376,0.831892780347057,0.825720670725121,0.8204957091602271,0.866984872869666,0.8596589661065333,0.8596589661065333,-0.10536572786414183,0.12649785193868712,0.26184065587268096,0.493397542194545,-0.427453290134077,0.0844919860834969,0.4494831678279621,0.22030749252550505,0.2816723787546877,0.332673245141049,0.500003743572646,0.7577901203303009,0.5700724527621739,0.21889970360799157,0.22686451979650796,0.2524870597116885,1.0]],"x":["^TAIEX       \u81fa\u7063\u52a0\u6b0a\u5831\u916c\u6307\u6578","^TWII        \u81fa\u7063\u52a0\u6b0a\u6307\u6578","^TAIEXx2     \u81fa\u7063\u52a0\u6b0a\u5831\u916c\u6307\u6578_\u65e5\u6b632","^TAI50I      \u81fa\u706350\u5831\u916c\u6307\u6578","^TAI50Ix2    \u81fa\u706350\u5831\u916c\u6307\u6578_\u65e5\u6b632","^TAI100I     \u81fa\u7063\u4e2d\u578b100\u5831\u916c\u6307\u6578","^TAI100Ix2   \u81fa\u7063\u4e2d\u578b100\u5831\u916c\u6307\u6578_\u65e5\u6b632","^TAIDIVIDI   \u81fa\u7063\u9ad8\u80a1\u606f\u5831\u916c\u6307\u6578","^TAIDIVIDIx2 \u81fa\u7063\u9ad8\u80a1\u606f\u5831\u916c\u6307\u6578_\u65e5\u6b632","0050Fund     \u5143\u5927\u53f0\u7063\u5353\u8d8a50\u57fa\u91d1","006208Fund   \u5bcc\u90a6\u53f0\u7063\u91c6\u540950\u57fa\u91d1","0050         \u5143\u5927\u81fa\u706350","00631L       \u5143\u5927\u53f0\u706350\u6b632","00675L       \u5bcc\u90a6\u81fa\u7063\u52a0\u6b0a\u6b632","006208       \u5bcc\u90a6\u53f050","0051         \u5143\u5927\u4e2d\u578b100","006204       \u6c38\u8c50\u81fa\u7063\u52a0\u6b0a","0056         \u5143\u5927\u9ad8\u80a1\u606f","0056         \u5143\u5927\u9ad8\u80a1\u606f_\u80a1\u606f\u4e0d\u6295\u5165","2412         \u4e2d\u83ef\u96fb\u4fe1","2002         \u4e2d\u92fc","2330         \u53f0\u7a4d\u96fb","2317         \u9d3b\u6d77","6505         \u53f0\u5851\u77f3\u5316","3481         \u7fa4\u5275","2303         \u806f\u96fb","2308         \u53f0\u9054\u96fb","2454         \u806f\u767c\u79d1","2886         \u5146\u8c50\u91d1","2884         \u7389\u5c71\u91d1","2891         \u4e2d\u4fe1\u91d1","2892         \u7b2c\u4e00\u91d1","5880         \u5408\u5eab\u91d1","2881         \u5bcc\u90a6\u91d1","2885         \u5143\u5927\u91d1","2887         \u53f0\u65b0\u91d1"],"y":["^TAIEX       \u81fa\u7063\u52a0\u6b0a\u5831\u916c\u6307\u6578","^TWII        \u81fa\u7063\u52a0\u6b0a\u6307\u6578","^TAIEXx2     \u81fa\u7063\u52a0\u6b0a\u5831\u916c\u6307\u6578_\u65e5\u6b632","^TAI50I      \u81fa\u706350\u5831\u916c\u6307\u6578","^TAI50Ix2    \u81fa\u706350\u5831\u916c\u6307\u6578_\u65e5\u6b632","^TAI100I     \u81fa\u7063\u4e2d\u578b100\u5831\u916c\u6307\u6578","^TAI100Ix2   \u81fa\u7063\u4e2d\u578b100\u5831\u916c\u6307\u6578_\u65e5\u6b632","^TAIDIVIDI   \u81fa\u7063\u9ad8\u80a1\u606f\u5831\u916c\u6307\u6578","^TAIDIVIDIx2 \u81fa\u7063\u9ad8\u80a1\u606f\u5831\u916c\u6307\u6578_\u65e5\u6b632","0050Fund     \u5143\u5927\u53f0\u7063\u5353\u8d8a50\u57fa\u91d1","006208Fund   \u5bcc\u90a6\u53f0\u7063\u91c6\u540950\u57fa\u91d1","0050         \u5143\u5927\u81fa\u706350","00631L       \u5143\u5927\u53f0\u706350\u6b632","00675L       \u5bcc\u90a6\u81fa\u7063\u52a0\u6b0a\u6b632","006208       \u5bcc\u90a6\u53f050","0051         \u5143\u5927\u4e2d\u578b100","006204       \u6c38\u8c50\u81fa\u7063\u52a0\u6b0a","0056         \u5143\u5927\u9ad8\u80a1\u606f","0056         \u5143\u5927\u9ad8\u80a1\u606f_\u80a1\u606f\u4e0d\u6295\u5165","2412         \u4e2d\u83ef\u96fb\u4fe1","2002         \u4e2d\u92fc","2330         \u53f0\u7a4d\u96fb","2317         \u9d3b\u6d77","6505         \u53f0\u5851\u77f3\u5316","3481         \u7fa4\u5275","2303         \u806f\u96fb","2308         \u53f0\u9054\u96fb","2454         \u806f\u767c\u79d1","2886         \u5146\u8c50\u91d1","2884         \u7389\u5c71\u91d1","2891         \u4e2d\u4fe1\u91d1","2892         \u7b2c\u4e00\u91d1","5880         \u5408\u5eab\u91d1","2881         \u5bcc\u90a6\u91d1","2885         \u5143\u5927\u91d1","2887         \u53f0\u65b0\u91d1"],"zmin":-1,"zmax":1,"colorbar":{"x":-0.2}}],"layout":{"autotypenumbers":"strict","colorway":["#636efa","#EF553B","#00cc96","#ab63fa","#FFA15A","#19d3f3","#FF6692","#B6E880","#FF97FF","#FECB52"],"font":{"color":"#f2f5fa","family":"Courier New"},"hovermode":"closest","hoverlabel":{"align":"left"},"paper_bgcolor":"rgb(17,17,17)","plot_bgcolor":"rgb(17,17,17)","polar":{"bgcolor":"rgb(17,17,17)","angularaxis":{"gridcolor":"#506784","linecolor":"#506784","ticks":""},"radialaxis":{"gridcolor":"#506784","linecolor":"#506784","ticks":""}},"ternary":{"bgcolor":"rgb(17,17,17)","aaxis":{"gridcolor":"#506784","linecolor":"#506784","ticks":""},"baxis":{"gridcolor":"#506784","linecolor":"#506784","ticks":""},"caxis":{"gridcolor":"#506784","linecolor":"#506784","ticks":""}},"coloraxis":{"colorbar":{"outlinewidth":0,"ticks":""}},"colorscale":{"sequential":[[0.0,"#0d0887"],[0.1111111111111111,"#46039f"],[0.2222222222222222,"#7201a8"],[0.3333333333333333,"#9c179e"],[0.4444444444444444,"#bd3786"],[0.5555555555555556,"#d8576b"],[0.6666666666666666,"#ed7953"],[0.7777777777777778,"#fb9f3a"],[0.8888888888888888,"#fdca26"],[1.0,"#f0f921"]],"sequentialminus":[[0.0,"#0d0887"],[0.1111111111111111,"#46039f"],[0.2222222222222222,"#7201a8"],[0.3333333333333333,"#9c179e"],[0.4444444444444444,"#bd3786"],[0.5555555555555556,"#d8576b"],[0.6666666666666666,"#ed7953"],[0.7777777777777778,"#fb9f3a"],[0.8888888888888888,"#fdca26"],[1.0,"#f0f921"]],"diverging":[[0,"#8e0152"],[0.1,"#c51b7d"],[0.2,"#de77ae"],[0.3,"#f1b6da"],[0.4,"#fde0ef"],[0.5,"#f7f7f7"],[0.6,"#e6f5d0"],[0.7,"#b8e186"],[0.8,"#7fbc41"],[0.9,"#4d9221"],[1,"#276419"]]},"xaxis":{"gridcolor":"rgba(0, 0, 0, 0)","linecolor":"#506784","ticks":"","title":{"standoff":15},"zerolinecolor":"#283442","automargin":true,"zerolinewidth":2,"tickfont":{"family":"Courier New","size":14},"side":"top","tickangle":-90},"yaxis":{"gridcolor":"rgba(0, 0, 0, 0)","linecolor":"#506784","ticks":"","title":{"standoff":15},"zerolinecolor":"#283442","automargin":true,"zerolinewidth":2,"tickfont":{"family":"Courier New"},"side":"right"},"scene":{"xaxis":{"backgroundcolor":"rgb(17,17,17)","gridcolor":"#506784","linecolor":"#506784","showbackground":true,"ticks":"","zerolinecolor":"#C8D4E3","gridwidth":2},"yaxis":{"backgroundcolor":"rgb(17,17,17)","gridcolor":"#506784","linecolor":"#506784","showbackground":true,"ticks":"","zerolinecolor":"#C8D4E3","gridwidth":2},"zaxis":{"backgroundcolor":"rgb(17,17,17)","gridcolor":"#506784","linecolor":"#506784","showbackground":true,"ticks":"","zerolinecolor":"#C8D4E3","gridwidth":2}},"shapedefaults":{"line":{"color":"#f2f5fa"}},"annotationdefaults":{"arrowcolor":"#f2f5fa","arrowhead":0,"arrowwidth":1},"geo":{"bgcolor":"rgb(17,17,17)","landcolor":"rgb(17,17,17)","subunitcolor":"#506784","showland":true,"showlakes":true,"lakecolor":"rgb(17,17,17)"},"title":{"x":0.05,"font":{"family":"Times New Roman"},"y":0.05,"text":"<b>Correlation of Close<b><br><i>2016-09-23 ~ 2026-04-01<i>"},"updatemenudefaults":{"bgcolor":"#506784","borderwidth":0},"sliderdefaults":{"bgcolor":"#C8D4E3","borderwidth":1,"bordercolor":"rgb(17,17,17)","tickwidth":0},"mapbox":{"style":"dark"},"annotations":[{"text":"<b>@zwindr<b>","textangle":0,"opacity":0.5,"font":{"color":"white","size":12},"xref":"paper","yref":"paper","xanchor":"left","yanchor":"bottom","x":1.0,"y":1.0,"showarrow":false}]},"config":{"responsive":true,"toImageButtonOptions":{"filename":"Correlation of Close_2016-09-23~2026-04-01","scale":5}}};Plotly.newPlot("correlationClose",correlationClose.data,correlationClose.layout||{},correlationClose.config);}else{console.log("style display is none => correlationClose");}