var element=document.getElementById("correlationAdjClose");if(element.style.display!='none'){var correlationAdjClose={"data":[{"type":"heatmap","z":[[1.0,0.9954811069050503,0.9718834965950538,0.9967764842719926,0.9478002673760252,0.9852270839843787,0.95764572005765,0.9869322046353997,0.97668381822663,0.9969291325460966,0.9964472863010907,0.9968951643459987,0.9914126149827246,0.9926393922676234,0.9965512851057234,0.986444054600404,0.9997384687826337,0.9865775694048373,0.8948440208887234,0.9141457988099025,0.6651308832345825,0.9841852346338832,0.9395709098862335,0.33424903382166454,-0.28543974312673115,0.9025047527353706,0.920947371405635,0.963212223056863,0.9714575398497618,0.9630719817809864,0.9808555858327129,0.9670299736561084,0.9340981964277569,0.982990752650831,0.9773917124540946,0.9584326783128867],[0.9954811069050503,1.0,0.9694112604990709,0.9922310582871773,0.9452837132121723,0.9816293481402026,0.9543861365361814,0.9792988060646013,0.9711953904591503,0.9934424106447651,0.9951581124080431,0.9947369634714668,0.991131742257688,0.9914528947658113,0.9952305713553765,0.9818792013703335,0.9976044251325404,0.9811639676707615,0.9131269326947092,0.9043126315398142,0.6879807412698534,0.9705321333638008,0.923636372737624,0.3329782014997093,-0.21998590690444103,0.8826030754826609,0.9172136712446787,0.9626344500425973,0.9532517820756062,0.9515390021665723,0.9729480137275924,0.9538002852551704,0.9332602801099661,0.9741537786665986,0.9695491168632207,0.9536898472437595],[0.9718834965950538,0.9694112604990709,1.0,0.9834134783628519,0.9938863460111192,0.9675208404461862,0.9780230549700347,0.947341996216419,0.9706897866041488,0.9831904375708259,0.9898760875600117,0.9866107594029526,0.997187585064854,0.9970071354023154,0.9895491665600696,0.9647594431712639,0.9824927363205336,0.9465792141040584,0.8423350090593936,0.8084141690461509,0.5215307826471566,0.9921914584911435,0.9341638314524932,0.1596746486309265,-0.20504522251042887,0.8769421487215662,0.9501136142049696,0.9649050442341892,0.8994062814470474,0.8963798414138833,0.9659808762616602,0.8965206038150877,0.8654775473888592,0.9552568029356495,0.9691707256642444,0.9128864862077164],[0.9967764842719926,0.9922310582871773,0.9834134783628519,1.0,0.967018772164361,0.9765966754538039,0.9561911775639007,0.9762211786756155,0.9720810439205294,0.9999735736265728,0.9999929001206427,0.9999666982179016,0.9937582436773148,0.9929065952221752,0.9999557328552726,0.9751160473746605,0.9958336308013287,0.9754696165723373,0.874692646748934,0.8929086056343817,0.6227839598601044,0.9941366130014618,0.9437773452870094,0.29835977947400305,-0.2721154071457331,0.8923293026234007,0.936776703934502,0.9652976005221103,0.9553803024434927,0.953884135370269,0.9828157821004773,0.9512803477880426,0.9146572127106125,0.9783458591592165,0.9754425023068103,0.946540567880941],[0.9478002673760252,0.9452837132121723,0.9938863460111192,0.967018772164361,1.0,0.9355476456715828,0.9549261166277292,0.913616272267916,0.9436657979147782,0.9671894592793335,0.976748499094731,0.9727041587279368,0.9831272008692041,0.9810346418055185,0.9761793292842984,0.9313920991598825,0.9597237468100858,0.9124329665276363,0.7996714721599797,0.768754508212392,0.4643922435725929,0.9835851122068658,0.9222678777743734,0.12168005238119006,-0.18990610063362645,0.8369783713000308,0.9591736953514279,0.9432549027215207,0.8588357679460399,0.8636710952679277,0.948486415655595,0.8568721864015179,0.8182440797287358,0.9291424445180071,0.9452122212599855,0.8758648072872123],[0.9852270839843787,0.9816293481402026,0.9675208404461862,0.9765966754538039,0.9355476456715828,1.0,0.9832088142241241,0.9825638303287662,0.9841816398623218,0.9761167589579441,0.9705633293187749,0.9741059481994574,0.969877733445962,0.9674023648618759,0.9706104705021112,0.99990758863373,0.9876438022832099,0.9833648708358244,0.9001881152943003,0.8720440435755445,0.6349682128824298,0.967353648679941,0.9132134097607113,0.21586077561169742,-0.21295757938199442,0.9341072876112871,0.8937122360615845,0.9673682370628454,0.9568341481321773,0.9363103413423696,0.9614749136408011,0.9537967713947788,0.9471407419927348,0.9654485281527837,0.9811566775121595,0.9609341090992414],[0.95764572005765,0.9543861365361814,0.9780230549700347,0.9561911775639007,0.9549261166277292,0.9832088142241241,1.0,0.953286233006076,0.9842810902717712,0.9550145414771115,0.9640856968643101,0.9610018964395747,0.977809930465224,0.9778200645351395,0.9638874710807367,0.9843588817487465,0.9745909661220951,0.9554663847163404,0.8614760108693977,0.7917010924909078,0.5219586169665263,0.9595850671113287,0.9158437998316612,0.077942103626681,-0.1525304299716458,0.8956688197089671,0.902419861407922,0.962650558114466,0.8990684942893424,0.8743008012203924,0.9451194155915897,0.8952902752088068,0.8947544996740107,0.9393268442469068,0.9720430155703842,0.9181772036794177],[0.9869322046353997,0.9792988060646013,0.947341996216419,0.9762211786756155,0.913616272267916,0.9825638303287662,0.953286233006076,1.0,0.984165226116243,0.976216398458733,0.970836591697297,0.9749776969512778,0.959196903920491,0.9575883730169208,0.9711388810278688,0.9843742763354355,0.9840959301111433,0.9998893916311912,0.9287754006283248,0.9310506168398293,0.608244022170243,0.9613311293760057,0.9050785954468896,0.19234694275889597,-0.30270203482286884,0.9112442358831876,0.8597010351626074,0.9478564795500587,0.978975811874152,0.9593765932223975,0.9675673183007988,0.9672834177513177,0.9374702363177378,0.9657135523749243,0.9614247280372477,0.9698898513535565],[0.97668381822663,0.9711953904591503,0.9706897866041488,0.9720810439205294,0.9436657979147782,0.9841816398623218,0.9842810902717712,0.984165226116243,1.0,0.9714305129639123,0.9669912105758253,0.9701160819134678,0.9663598260472318,0.9624097806937445,0.9669984161479176,0.9833324257120732,0.9759450626165936,0.9835396912958528,0.9022458490625508,0.8654819078465247,0.52354691478592,0.9677541975499957,0.9244402374029951,0.05265590191743356,-0.22543013325101247,0.8904089378702932,0.8759348112900927,0.9677934070134766,0.9373909772838988,0.9102415554923988,0.9649102848970728,0.9253830551997687,0.9025432623694024,0.9571482433950106,0.97552551169577,0.9339326031338578],[0.9969291325460966,0.9934424106447651,0.9831904375708259,0.9999735736265728,0.9671894592793335,0.9761167589579441,0.9550145414771115,0.976216398458733,0.9714305129639123,1.0,0.9999917172118791,0.9999841751609436,0.9936954167431149,0.9928351796534376,0.9999593025070915,0.9746419760795081,0.9957252476258784,0.9755550661235799,0.8763716906934852,0.8941894426266991,0.6187646773850898,0.9943350604894955,0.9438598941385941,0.30319887320853783,-0.2715965159136673,0.8927820006819763,0.9352435845101382,0.96399934717986,0.9550528680897107,0.9530501057492219,0.9820363679200527,0.9506642845464817,0.9133182004944805,0.9776242559514274,0.9745544486535741,0.9452673486088061],[0.9964472863010907,0.9951581124080431,0.9898760875600117,0.9999929001206427,0.976748499094731,0.9705633293187749,0.9640856968643101,0.970836591697297,0.9669912105758253,0.9999917172118791,1.0,0.9999764162231175,0.9937918944477201,0.9929185695633885,0.9999616123321733,0.9701104535319096,0.9955293375479021,0.971258340048577,0.8948245928255535,0.9226517973850111,0.48084375264136664,0.9973547909836644,0.9322925226405328,-0.1798091137378586,0.4207368567489535,0.8870458073269025,0.9113376624610496,0.9643708837835996,0.9435699185774866,0.9361783159964234,0.9753776552217767,0.9295576973989634,0.8858673957202288,0.9690578821404086,0.9822755312728435,0.9415952620635218],[0.9968951643459987,0.9947369634714668,0.9866107594029526,0.9999666982179016,0.9727041587279368,0.9741059481994574,0.9610018964395747,0.9749776969512778,0.9701160819134678,0.9999841751609436,0.9999764162231175,1.0,0.9936857948189204,0.9928050420061092,0.9999695303988673,0.973817218949955,0.9956447620800435,0.9749218715251416,0.8835318787261055,0.9111599549674512,0.552678967239144,0.9963915739026836,0.9416524522410133,0.031264911153700864,-0.16501215796039032,0.9028371504213478,0.9230889621149128,0.9597278319349374,0.947786801928692,0.9434667980588259,0.9792129777539677,0.9407047338419557,0.9059831375576506,0.9741887766068171,0.9744752100888604,0.9482012992079063],[0.9914126149827246,0.991131742257688,0.997187585064854,0.9937582436773148,0.9831272008692041,0.969877733445962,0.977809930465224,0.959196903920491,0.9663598260472318,0.9936954167431149,0.9937918944477201,0.9936857948189204,1.0,0.9998095889611394,0.9937016686592167,0.9693407145784282,0.9917342210979834,0.9594968110212054,0.875721103066316,0.9072423615670321,0.3926962596773792,0.9911269839880359,0.9276549837679913,-0.433331259388218,0.43976227088907,0.8642335476580177,0.9197801421088432,0.9619966247360172,0.9184205667593511,0.9030379450938129,0.9615553077024375,0.9019944657666759,0.8448595963852917,0.9615898866107871,0.976453192362302,0.9323851109167887],[0.9926393922676234,0.9914528947658113,0.9970071354023154,0.9929065952221752,0.9810346418055185,0.9674023648618759,0.9778200645351395,0.9575883730169208,0.9624097806937445,0.9928351796534376,0.9929185695633885,0.9928050420061092,0.9998095889611394,1.0,0.9929422566583433,0.9667599203712691,0.9927660191201692,0.9580213232882065,0.859219940973443,0.9174399292913418,0.2460426614442573,0.9882820558666036,0.9216860850512479,-0.7500655485212173,0.4142129827369028,0.8332564222564023,0.9196417170649377,0.9569273994230246,0.9104270974428059,0.8944998352798016,0.9567003687304098,0.903554544051666,0.8211940176661399,0.9604441266050814,0.974830792717149,0.9292607355235335],[0.9965512851057234,0.9952305713553765,0.9895491665600696,0.9999557328552726,0.9761793292842984,0.9706104705021112,0.9638874710807367,0.9711388810278688,0.9669984161479176,0.9999593025070915,0.9999616123321733,0.9999695303988673,0.9937016686592167,0.9929422566583433,1.0,0.9702581156252134,0.995625052043852,0.9714771712855433,0.8952073001639863,0.9232409543368559,0.48151247449024326,0.9971605439344445,0.9323431937332922,-0.17770134458421713,0.4222980281602794,0.8874923713530044,0.9103917735652696,0.9641523584028002,0.9438234195705713,0.9366966881115045,0.9754054052376624,0.9301311809839533,0.8863845520497995,0.9690482378541538,0.982338568419425,0.9423299024298047],[0.986444054600404,0.9818792013703335,0.9647594431712639,0.9751160473746605,0.9313920991598825,0.99990758863373,0.9843588817487465,0.9843742763354355,0.9833324257120732,0.9746419760795081,0.9701104535319096,0.973817218949955,0.9693407145784282,0.9667599203712691,0.9702581156252134,1.0,0.9875874943952082,0.9836235365365648,0.903074618633222,0.8959539947211976,0.6190056243717954,0.9647422429407476,0.9081165530059652,0.06640450907046894,-0.18526047433970508,0.9406783825537831,0.8818477689688979,0.9647844532846404,0.960041534901027,0.9339016122019117,0.9582798052617717,0.9550366070478089,0.9456398332767537,0.9674192369309516,0.9803573436188554,0.9647990249248499],[0.9997384687826337,0.9976044251325404,0.9824927363205336,0.9958336308013287,0.9597237468100858,0.9876438022832099,0.9745909661220951,0.9840959301111433,0.9759450626165936,0.9957252476258784,0.9955293375479021,0.9956447620800435,0.9917342210979834,0.9927660191201692,0.995625052043852,0.9875874943952082,1.0,0.9844751902700563,0.9172094049997369,0.9352374494494017,0.5441286897051085,0.9882674303112546,0.9244153380826695,-0.11944300172610642,0.445860569794468,0.9173567470781725,0.8969398927910408,0.9685574215489945,0.9636199460606336,0.9473342934324329,0.9735248262677132,0.9507838238171167,0.9201717232266831,0.9764636671652042,0.988127562230068,0.9644885920458216],[0.9865775694048373,0.9811639676707615,0.9465792141040584,0.9754696165723373,0.9124329665276363,0.9833648708358244,0.9554663847163404,0.9998893916311912,0.9835396912958528,0.9755550661235799,0.971258340048577,0.9749218715251416,0.9594968110212054,0.9580213232882065,0.9714771712855433,0.9836235365365648,0.9844751902700563,1.0,0.9316152382070355,0.9372276216695404,0.6051702230241365,0.9595455826222736,0.9085550380030784,0.15525179877291043,-0.2790093567972584,0.9158578174034768,0.8547493548638894,0.9476890525091436,0.9794755783830436,0.9588962813755766,0.9658546928499264,0.9660989559118484,0.9371086634364776,0.9649213863672215,0.9594735853754127,0.9709093304524445],[0.8948440208887234,0.9131269326947092,0.8423350090593936,0.874692646748934,0.7996714721599797,0.9001881152943003,0.8614760108693977,0.9287754006283248,0.9022458490625508,0.8763716906934852,0.8948245928255535,0.8835318787261055,0.875721103066316,0.859219940973443,0.8952073001639863,0.903074618633222,0.9172094049997369,0.9316152382070355,1.0,0.8343405153412043,0.6841186859790019,0.8445863735670341,0.8080492890818489,0.24158399421675045,-0.15934126712666336,0.8619771312601857,0.72676362329615,0.8575209032399238,0.8959688511371632,0.8637279896456079,0.8526152969846471,0.8759520618108048,0.862083045335951,0.857552655481873,0.8723669189215275,0.8972304285112235],[0.9141457988099025,0.9043126315398142,0.8084141690461509,0.8929086056343817,0.768754508212392,0.8720440435755445,0.7917010924909078,0.9310506168398293,0.8654819078465247,0.8941894426266991,0.9226517973850111,0.9111599549674512,0.9072423615670321,0.9174399292913418,0.9232409543368559,0.8959539947211976,0.9352374494494017,0.9372276216695404,0.8343405153412043,1.0,0.8186047428965874,0.8414261417763695,0.8660336546691962,0.6181435056890824,-0.5171122186325164,0.7258063823761111,0.7975978541996223,0.8167241762996458,0.9606163880234435,0.9392932267557539,0.8932137890103615,0.9484883274823099,0.9036804871236341,0.9002368279729461,0.8499327199055079,0.8878169344640826],[0.6651308832345825,0.6879807412698534,0.5215307826471566,0.6227839598601044,0.4643922435725929,0.6349682128824298,0.5219586169665263,0.608244022170243,0.52354691478592,0.6187646773850898,0.48084375264136664,0.552678967239144,0.3926962596773792,0.2460426614442573,0.48151247449024326,0.6190056243717954,0.5441286897051085,0.6051702230241365,0.6841186859790019,0.8186047428965874,1.0,0.5549868140769886,0.6694352406575246,0.7229387475238741,-0.11596026907424904,0.528515226989869,0.5428989451034276,0.5913404385938233,0.7630611138000752,0.6900294596404082,0.5968064319181611,0.7254480449866482,0.7467540145392113,0.6444476488490433,0.6088173757506967,0.6635040324774701],[0.9841852346338832,0.9705321333638008,0.9921914584911435,0.9941366130014618,0.9835851122068658,0.967353648679941,0.9595850671113287,0.9613311293760057,0.9677541975499957,0.9943350604894955,0.9973547909836644,0.9963915739026836,0.9911269839880359,0.9882820558666036,0.9971605439344445,0.9647422429407476,0.9882674303112546,0.9595455826222736,0.8445863735670341,0.8414261417763695,0.5549868140769886,1.0,0.9221160027893694,0.22601914940152362,-0.2608647651336114,0.8737496445309846,0.9458777067695161,0.9667607738793944,0.9191910514721889,0.9315405247406561,0.9745107570593495,0.9243522065237625,0.8832014308835587,0.9654698567471393,0.961313560624884,0.9252452448702944],[0.9395709098862335,0.923636372737624,0.9341638314524932,0.9437773452870094,0.9222678777743734,0.9132134097607113,0.9158437998316612,0.9050785954468896,0.9244402374029951,0.9438598941385941,0.9322925226405328,0.9416524522410133,0.9276549837679913,0.9216860850512479,0.9323431937332922,0.9081165530059652,0.9244153380826695,0.9085550380030784,0.8080492890818489,0.8660336546691962,0.6694352406575246,0.9221160027893694,1.0,0.2709979405916362,-0.18265957022129167,0.7328315023361165,0.905266631638836,0.9067047914911526,0.8986409287926385,0.8642397956021556,0.9410700770879534,0.8754235098669082,0.8412203117142347,0.9352867631042011,0.8953241033595122,0.8676248498082034],[0.33424903382166454,0.3329782014997093,0.1596746486309265,0.29835977947400305,0.12168005238119006,0.21586077561169742,0.077942103626681,0.19234694275889597,0.05265590191743356,0.30319887320853783,-0.1798091137378586,0.031264911153700864,-0.433331259388218,-0.7500655485212173,-0.17770134458421713,0.06640450907046894,-0.11944300172610642,0.15525179877291043,0.24158399421675045,0.6181435056890824,0.7229387475238741,0.22601914940152362,0.2709979405916362,1.0,-0.37926313647322313,0.24667869226913605,0.19693334216568484,0.15355651438491377,0.4443418526359014,0.43379179669269385,0.2715540961124464,0.4575860946292939,0.39008114899209245,0.3054373371353217,0.2259071901385859,0.34579044976367596],[-0.28543974312673115,-0.21998590690444103,-0.20504522251042887,-0.2721154071457331,-0.18990610063362645,-0.21295757938199442,-0.1525304299716458,-0.30270203482286884,-0.22543013325101247,-0.2715965159136673,0.4207368567489535,-0.16501215796039032,0.43976227088907,0.4142129827369028,0.4222980281602794,-0.18526047433970508,0.445860569794468,-0.2790093567972584,-0.15934126712666336,-0.5171122186325164,-0.11596026907424904,-0.2608647651336114,-0.18265957022129167,-0.37926313647322313,1.0,-0.1541641340219948,-0.23841587706494788,-0.17792741168625312,-0.380950783090046,-0.36838361479596105,-0.302218103357357,-0.33905400491286736,-0.2087694803922303,-0.33270537937166555,-0.17777826440196895,-0.30780620315564533],[0.9025047527353706,0.8826030754826609,0.8769421487215662,0.8923293026234007,0.8369783713000308,0.9341072876112871,0.8956688197089671,0.9112442358831876,0.8904089378702932,0.8927820006819763,0.8870458073269025,0.9028371504213478,0.8642335476580177,0.8332564222564023,0.8874923713530044,0.9406783825537831,0.9173567470781725,0.9158578174034768,0.8619771312601857,0.7258063823761111,0.528515226989869,0.8737496445309846,0.7328315023361165,0.24667869226913605,-0.1541641340219948,1.0,0.7683081730124771,0.8925004986277273,0.8287799944123939,0.872056298637002,0.8386296054255459,0.87871902506987,0.8716625258645039,0.8677871331681442,0.8751090582403867,0.9052735204032525],[0.920947371405635,0.9172136712446787,0.9501136142049696,0.936776703934502,0.9591736953514279,0.8937122360615845,0.902419861407922,0.8597010351626074,0.8759348112900927,0.9352435845101382,0.9113376624610496,0.9230889621149128,0.9197801421088432,0.9196417170649377,0.9103917735652696,0.8818477689688979,0.8969398927910408,0.8547493548638894,0.72676362329615,0.7975978541996223,0.5428989451034276,0.9458777067695161,0.905266631638836,0.19693334216568484,-0.23841587706494788,0.7683081730124771,1.0,0.8856369466033338,0.8516828093340194,0.8495335619299771,0.913422731079012,0.8432060090259375,0.8016775849650025,0.9011301843819868,0.8968821439805579,0.8525885991601923],[0.963212223056863,0.9626344500425973,0.9649050442341892,0.9652976005221103,0.9432549027215207,0.9673682370628454,0.962650558114466,0.9478564795500587,0.9677934070134766,0.96399934717986,0.9643708837835996,0.9597278319349374,0.9619966247360172,0.9569273994230246,0.9641523584028002,0.9647844532846404,0.9685574215489945,0.9476890525091436,0.8575209032399238,0.8167241762996458,0.5913404385938233,0.9667607738793944,0.9067047914911526,0.15355651438491377,-0.17792741168625312,0.8925004986277273,0.8856369466033338,1.0,0.9117308909133343,0.899341501952439,0.9495534777240923,0.8982022130139781,0.887074508796047,0.9540084163167475,0.9755355581065487,0.9019037309377631],[0.9714575398497618,0.9532517820756062,0.8994062814470474,0.9553803024434927,0.8588357679460399,0.9568341481321773,0.8990684942893424,0.978975811874152,0.9373909772838988,0.9550528680897107,0.9435699185774866,0.947786801928692,0.9184205667593511,0.9104270974428059,0.9438234195705713,0.960041534901027,0.9636199460606336,0.9794755783830436,0.8959688511371632,0.9606163880234435,0.7630611138000752,0.9191910514721889,0.8986409287926385,0.4443418526359014,-0.380950783090046,0.8287799944123939,0.8516828093340194,0.9117308909133343,1.0,0.9867386627782163,0.9554597626866383,0.9909261161432198,0.9548937079960597,0.9589216732188627,0.9141902825117095,0.9676963128051486],[0.9630719817809864,0.9515390021665723,0.8963798414138833,0.953884135370269,0.8636710952679277,0.9363103413423696,0.8743008012203924,0.9593765932223975,0.9102415554923988,0.9530501057492219,0.9361783159964234,0.9434667980588259,0.9030379450938129,0.8944998352798016,0.9366966881115045,0.9339016122019117,0.9473342934324329,0.9588962813755766,0.8637279896456079,0.9392932267557539,0.6900294596404082,0.9315405247406561,0.8642397956021556,0.43379179669269385,-0.36838361479596105,0.872056298637002,0.8495335619299771,0.899341501952439,0.9867386627782163,1.0,0.9493505106406668,0.9850277639841053,0.9565981760856602,0.9428626229348774,0.9258729726337998,0.9652240510543295],[0.9808555858327129,0.9729480137275924,0.9659808762616602,0.9828157821004773,0.948486415655595,0.9614749136408011,0.9451194155915897,0.9675673183007988,0.9649102848970728,0.9820363679200527,0.9753776552217767,0.9792129777539677,0.9615553077024375,0.9567003687304098,0.9754054052376624,0.9582798052617717,0.9735248262677132,0.9658546928499264,0.8526152969846471,0.8932137890103615,0.5968064319181611,0.9745107570593495,0.9410700770879534,0.2715540961124464,-0.302218103357357,0.8386296054255459,0.913422731079012,0.9495534777240923,0.9554597626866383,0.9493505106406668,1.0,0.9481547157032126,0.9058606806727266,0.9786092330405456,0.9668065801145606,0.9464135724702052],[0.9670299736561084,0.9538002852551704,0.8965206038150877,0.9512803477880426,0.8568721864015179,0.9537967713947788,0.8952902752088068,0.9672834177513177,0.9253830551997687,0.9506642845464817,0.9295576973989634,0.9407047338419557,0.9019944657666759,0.903554544051666,0.9301311809839533,0.9550366070478089,0.9507838238171167,0.9660989559118484,0.8759520618108048,0.9484883274823099,0.7254480449866482,0.9243522065237625,0.8754235098669082,0.4575860946292939,-0.33905400491286736,0.87871902506987,0.8432060090259375,0.8982022130139781,0.9909261161432198,0.9850277639841053,0.9481547157032126,1.0,0.974377279006892,0.9476052822183361,0.9374043006207203,0.9650040830307102],[0.9340981964277569,0.9332602801099661,0.8654775473888592,0.9146572127106125,0.8182440797287358,0.9471407419927348,0.8947544996740107,0.9374702363177378,0.9025432623694024,0.9133182004944805,0.8858673957202288,0.9059831375576506,0.8448595963852917,0.8211940176661399,0.8863845520497995,0.9456398332767537,0.9201717232266831,0.9371086634364776,0.862083045335951,0.9036804871236341,0.7467540145392113,0.8832014308835587,0.8412203117142347,0.39008114899209245,-0.2087694803922303,0.8716625258645039,0.8016775849650025,0.887074508796047,0.9548937079960597,0.9565981760856602,0.9058606806727266,0.974377279006892,1.0,0.9068551660031636,0.9232491387290904,0.952133848656514],[0.982990752650831,0.9741537786665986,0.9552568029356495,0.9783458591592165,0.9291424445180071,0.9654485281527837,0.9393268442469068,0.9657135523749243,0.9571482433950106,0.9776242559514274,0.9690578821404086,0.9741887766068171,0.9615898866107871,0.9604441266050814,0.9690482378541538,0.9674192369309516,0.9764636671652042,0.9649213863672215,0.857552655481873,0.9002368279729461,0.6444476488490433,0.9654698567471393,0.9352867631042011,0.3054373371353217,-0.33270537937166555,0.8677871331681442,0.9011301843819868,0.9540084163167475,0.9589216732188627,0.9428626229348774,0.9786092330405456,0.9476052822183361,0.9068551660031636,1.0,0.9622290455529083,0.9481670340444182],[0.9773917124540946,0.9695491168632207,0.9691707256642444,0.9754425023068103,0.9452122212599855,0.9811566775121595,0.9720430155703842,0.9614247280372477,0.97552551169577,0.9745544486535741,0.9822755312728435,0.9744752100888604,0.976453192362302,0.974830792717149,0.982338568419425,0.9803573436188554,0.988127562230068,0.9594735853754127,0.8723669189215275,0.8499327199055079,0.6088173757506967,0.961313560624884,0.8953241033595122,0.2259071901385859,-0.17777826440196895,0.8751090582403867,0.8968821439805579,0.9755355581065487,0.9141902825117095,0.9258729726337998,0.9668065801145606,0.9374043006207203,0.9232491387290904,0.9622290455529083,1.0,0.9284807638724717],[0.9584326783128867,0.9536898472437595,0.9128864862077164,0.946540567880941,0.8758648072872123,0.9609341090992414,0.9181772036794177,0.9698898513535565,0.9339326031338578,0.9452673486088061,0.9415952620635218,0.9482012992079063,0.9323851109167887,0.9292607355235335,0.9423299024298047,0.9647990249248499,0.9644885920458216,0.9709093304524445,0.8972304285112235,0.8878169344640826,0.6635040324774701,0.9252452448702944,0.8676248498082034,0.34579044976367596,-0.30780620315564533,0.9052735204032525,0.8525885991601923,0.9019037309377631,0.9676963128051486,0.9652240510543295,0.9464135724702052,0.9650040830307102,0.952133848656514,0.9481670340444182,0.9284807638724717,1.0]],"x":["^TAIEX       \u81fa\u7063\u52a0\u6b0a\u5831\u916c\u6307\u6578","^TWII        \u81fa\u7063\u52a0\u6b0a\u6307\u6578","^TAIEXx2     \u81fa\u7063\u52a0\u6b0a\u5831\u916c\u6307\u6578_\u65e5\u6b632","^TAI50I      \u81fa\u706350\u5831\u916c\u6307\u6578","^TAI50Ix2    \u81fa\u706350\u5831\u916c\u6307\u6578_\u65e5\u6b632","^TAI100I     \u81fa\u7063\u4e2d\u578b100\u5831\u916c\u6307\u6578","^TAI100Ix2   \u81fa\u7063\u4e2d\u578b100\u5831\u916c\u6307\u6578_\u65e5\u6b632","^TAIDIVIDI   \u81fa\u7063\u9ad8\u80a1\u606f\u5831\u916c\u6307\u6578","^TAIDIVIDIx2 \u81fa\u7063\u9ad8\u80a1\u606f\u5831\u916c\u6307\u6578_\u65e5\u6b632","0050Fund     \u5143\u5927\u53f0\u7063\u5353\u8d8a50\u57fa\u91d1","006208Fund   \u5bcc\u90a6\u53f0\u7063\u91c6\u540950\u57fa\u91d1","0050         \u5143\u5927\u81fa\u706350","00631L       \u5143\u5927\u53f0\u706350\u6b632","00675L       \u5bcc\u90a6\u81fa\u7063\u52a0\u6b0a\u6b632","006208       \u5bcc\u90a6\u53f050","0051         \u5143\u5927\u4e2d\u578b100","006204       \u6c38\u8c50\u81fa\u7063\u52a0\u6b0a","0056         \u5143\u5927\u9ad8\u80a1\u606f","0056         \u5143\u5927\u9ad8\u80a1\u606f_\u80a1\u606f\u4e0d\u6295\u5165","2412         \u4e2d\u83ef\u96fb\u4fe1","2002         \u4e2d\u92fc","2330         \u53f0\u7a4d\u96fb","2317         \u9d3b\u6d77","6505         \u53f0\u5851\u77f3\u5316","3481         \u7fa4\u5275","2303         \u806f\u96fb","2308         \u53f0\u9054\u96fb","2454         \u806f\u767c\u79d1","2886         \u5146\u8c50\u91d1","2884         \u7389\u5c71\u91d1","2891         \u4e2d\u4fe1\u91d1","2892         \u7b2c\u4e00\u91d1","5880         \u5408\u5eab\u91d1","2881         \u5bcc\u90a6\u91d1","2885         \u5143\u5927\u91d1","2887         \u53f0\u65b0\u91d1"],"y":["^TAIEX       \u81fa\u7063\u52a0\u6b0a\u5831\u916c\u6307\u6578","^TWII        \u81fa\u7063\u52a0\u6b0a\u6307\u6578","^TAIEXx2     \u81fa\u7063\u52a0\u6b0a\u5831\u916c\u6307\u6578_\u65e5\u6b632","^TAI50I      \u81fa\u706350\u5831\u916c\u6307\u6578","^TAI50Ix2    \u81fa\u706350\u5831\u916c\u6307\u6578_\u65e5\u6b632","^TAI100I     \u81fa\u7063\u4e2d\u578b100\u5831\u916c\u6307\u6578","^TAI100Ix2   \u81fa\u7063\u4e2d\u578b100\u5831\u916c\u6307\u6578_\u65e5\u6b632","^TAIDIVIDI   \u81fa\u7063\u9ad8\u80a1\u606f\u5831\u916c\u6307\u6578","^TAIDIVIDIx2 \u81fa\u7063\u9ad8\u80a1\u606f\u5831\u916c\u6307\u6578_\u65e5\u6b632","0050Fund     \u5143\u5927\u53f0\u7063\u5353\u8d8a50\u57fa\u91d1","006208Fund   \u5bcc\u90a6\u53f0\u7063\u91c6\u540950\u57fa\u91d1","0050         \u5143\u5927\u81fa\u706350","00631L       \u5143\u5927\u53f0\u706350\u6b632","00675L       \u5bcc\u90a6\u81fa\u7063\u52a0\u6b0a\u6b632","006208       \u5bcc\u90a6\u53f050","0051         \u5143\u5927\u4e2d\u578b100","006204       \u6c38\u8c50\u81fa\u7063\u52a0\u6b0a","0056         \u5143\u5927\u9ad8\u80a1\u606f","0056         \u5143\u5927\u9ad8\u80a1\u606f_\u80a1\u606f\u4e0d\u6295\u5165","2412         \u4e2d\u83ef\u96fb\u4fe1","2002         \u4e2d\u92fc","2330         \u53f0\u7a4d\u96fb","2317         \u9d3b\u6d77","6505         \u53f0\u5851\u77f3\u5316","3481         \u7fa4\u5275","2303         \u806f\u96fb","2308         \u53f0\u9054\u96fb","2454         \u806f\u767c\u79d1","2886         \u5146\u8c50\u91d1","2884         \u7389\u5c71\u91d1","2891         \u4e2d\u4fe1\u91d1","2892         \u7b2c\u4e00\u91d1","5880         \u5408\u5eab\u91d1","2881         \u5bcc\u90a6\u91d1","2885         \u5143\u5927\u91d1","2887         \u53f0\u65b0\u91d1"],"zmin":-1,"zmax":1,"colorbar":{"x":-0.2}}],"layout":{"autotypenumbers":"strict","colorway":["#636efa","#EF553B","#00cc96","#ab63fa","#FFA15A","#19d3f3","#FF6692","#B6E880","#FF97FF","#FECB52"],"font":{"color":"#f2f5fa","family":"Courier New"},"hovermode":"closest","hoverlabel":{"align":"left"},"paper_bgcolor":"rgb(17,17,17)","plot_bgcolor":"rgb(17,17,17)","polar":{"bgcolor":"rgb(17,17,17)","angularaxis":{"gridcolor":"#506784","linecolor":"#506784","ticks":""},"radialaxis":{"gridcolor":"#506784","linecolor":"#506784","ticks":""}},"ternary":{"bgcolor":"rgb(17,17,17)","aaxis":{"gridcolor":"#506784","linecolor":"#506784","ticks":""},"baxis":{"gridcolor":"#506784","linecolor":"#506784","ticks":""},"caxis":{"gridcolor":"#506784","linecolor":"#506784","ticks":""}},"coloraxis":{"colorbar":{"outlinewidth":0,"ticks":""}},"colorscale":{"sequential":[[0.0,"#0d0887"],[0.1111111111111111,"#46039f"],[0.2222222222222222,"#7201a8"],[0.3333333333333333,"#9c179e"],[0.4444444444444444,"#bd3786"],[0.5555555555555556,"#d8576b"],[0.6666666666666666,"#ed7953"],[0.7777777777777778,"#fb9f3a"],[0.8888888888888888,"#fdca26"],[1.0,"#f0f921"]],"sequentialminus":[[0.0,"#0d0887"],[0.1111111111111111,"#46039f"],[0.2222222222222222,"#7201a8"],[0.3333333333333333,"#9c179e"],[0.4444444444444444,"#bd3786"],[0.5555555555555556,"#d8576b"],[0.6666666666666666,"#ed7953"],[0.7777777777777778,"#fb9f3a"],[0.8888888888888888,"#fdca26"],[1.0,"#f0f921"]],"diverging":[[0,"#8e0152"],[0.1,"#c51b7d"],[0.2,"#de77ae"],[0.3,"#f1b6da"],[0.4,"#fde0ef"],[0.5,"#f7f7f7"],[0.6,"#e6f5d0"],[0.7,"#b8e186"],[0.8,"#7fbc41"],[0.9,"#4d9221"],[1,"#276419"]]},"xaxis":{"gridcolor":"rgba(0, 0, 0, 0)","linecolor":"#506784","ticks":"","title":{"standoff":15},"zerolinecolor":"#283442","automargin":true,"zerolinewidth":2,"tickfont":{"family":"Courier New","size":14},"side":"top","tickangle":-90},"yaxis":{"gridcolor":"rgba(0, 0, 0, 0)","linecolor":"#506784","ticks":"","title":{"standoff":15},"zerolinecolor":"#283442","automargin":true,"zerolinewidth":2,"tickfont":{"family":"Courier New"},"side":"right"},"scene":{"xaxis":{"backgroundcolor":"rgb(17,17,17)","gridcolor":"#506784","linecolor":"#506784","showbackground":true,"ticks":"","zerolinecolor":"#C8D4E3","gridwidth":2},"yaxis":{"backgroundcolor":"rgb(17,17,17)","gridcolor":"#506784","linecolor":"#506784","showbackground":true,"ticks":"","zerolinecolor":"#C8D4E3","gridwidth":2},"zaxis":{"backgroundcolor":"rgb(17,17,17)","gridcolor":"#506784","linecolor":"#506784","showbackground":true,"ticks":"","zerolinecolor":"#C8D4E3","gridwidth":2}},"shapedefaults":{"line":{"color":"#f2f5fa"}},"annotationdefaults":{"arrowcolor":"#f2f5fa","arrowhead":0,"arrowwidth":1},"geo":{"bgcolor":"rgb(17,17,17)","landcolor":"rgb(17,17,17)","subunitcolor":"#506784","showland":true,"showlakes":true,"lakecolor":"rgb(17,17,17)"},"title":{"x":0.05,"font":{"family":"Times New Roman"},"y":0.05,"text":"<b>Correlation of Adj Close<b><br><i>2016-09-23 ~ 2026-02-04<i>"},"updatemenudefaults":{"bgcolor":"#506784","borderwidth":0},"sliderdefaults":{"bgcolor":"#C8D4E3","borderwidth":1,"bordercolor":"rgb(17,17,17)","tickwidth":0},"mapbox":{"style":"dark"},"annotations":[{"text":"<b>@zwindr<b>","textangle":0,"opacity":0.5,"font":{"color":"white","size":12},"xref":"paper","yref":"paper","xanchor":"left","yanchor":"bottom","x":1.0,"y":1.0,"showarrow":false}]},"config":{"responsive":true,"toImageButtonOptions":{"filename":"Correlation of Adj Close_2016-09-23~2026-02-04","scale":5}}};Plotly.newPlot("correlationAdjClose",correlationAdjClose.data,correlationAdjClose.layout||{},correlationAdjClose.config);}else{console.log("style display is none => correlationAdjClose");}