var element=document.getElementById("correlationClose");if(element.style.display!='none'){var correlationClose={"data":[{"type":"heatmap","z":[[1.0,0.9999999999999973,1.0,0.9949736657073538,0.9949736657073538,0.9715062726041044,0.9715062726041044,0.9135321775012286,0.9135321775012286,0.7536818694194255,0.9950425346890905,0.6978968366135971,0.9902955761107559,0.9911095274994854,0.9951414937515037,0.9770837198425486,0.9992524031229776,0.9086260711571479,0.9086260711571479,0.7727063846074356,-0.18414199702468237,0.980111499307791,0.24085784001796623,-0.1576970919102625,-0.2295371563243535,0.8214821533998862,0.8995678835638221,0.9258074067369576,0.9096619065601392,0.7870533801341948,0.6362759913715836,0.6519537296793996,0.6107321021208464,0.9316265745337557,0.8607946082511082,0.2541644641025478],[0.9999999999999973,1.0,0.9999999999999976,0.9949404031769183,0.9949404031769183,0.9710665639323466,0.9710665639323466,0.9142526929636161,0.9142526929636161,0.755310087733897,0.9950355493286749,0.6983527450590908,0.9900214297557193,0.9906946540272774,0.995144496942029,0.9766943147340195,0.9992517095381125,0.9084882525336083,0.9084882525336083,0.7900426073746731,0.02637722070486469,0.9728553531638633,0.006552501243981467,-0.150783936374139,-0.22962126360455648,0.6664167213995247,0.8984067124510243,0.9049367158832319,0.9054432754251744,0.7955038924667925,0.6286639759206952,0.6496056119384725,0.6353367736252128,0.9300907751243722,0.7323405820019226,0.25135678204361234],[1.0,0.9999999999999976,1.0,0.9949736657073538,0.9949736657073538,0.9715062726041044,0.9715062726041044,0.9135321775012286,0.9135321775012286,0.7536818694194255,0.9950425346890905,0.6978968366135971,0.9902955761107559,0.9911095274994854,0.9951414937515037,0.9770837198425486,0.9992524031229776,0.9086260711571479,0.9086260711571479,0.7727063846074356,-0.18414199702468237,0.980111499307791,0.24085784001796623,-0.1576970919102625,-0.2295371563243535,0.8214821533998862,0.8995678835638221,0.9258074067369576,0.9096619065601392,0.7870533801341948,0.6362759913715836,0.6519537296793996,0.6107321021208464,0.9316265745337557,0.8607946082511082,0.2541644641025478],[0.9949736657073538,0.9949404031769183,0.9949736657073538,1.0,1.0,0.9589927134695916,0.9589927134695916,0.8961725931585719,0.8961725931585719,0.7150344806653647,0.9996271088656314,0.6584837441410646,0.9925595417796769,0.9910198661678927,0.9995794823677738,0.95999144451771,0.995164238880533,0.8796379266759824,0.8796379266759824,0.7422892035114154,-0.1919110719537163,0.9923182139876161,0.2695558857277017,-0.19337152724634418,-0.22554743349085407,0.8077277649479061,0.9193793007875272,0.9245639729859463,0.8868527354739135,0.7853608622278881,0.6659818177204281,0.6418754488932411,0.5759416261076165,0.9172069033358723,0.8524009101502581,0.26899651117094364],[0.9949736657073538,0.9949404031769183,0.9949736657073538,1.0,1.0,0.9589927134695916,0.9589927134695916,0.8961725931585719,0.8961725931585719,0.7150344806653647,0.9996271088656314,0.6584837441410646,0.9925595417796769,0.9910198661678927,0.9995794823677738,0.95999144451771,0.995164238880533,0.8796379266759824,0.8796379266759824,0.7422892035114154,-0.1919110719537163,0.9923182139876161,0.2695558857277017,-0.19337152724634418,-0.22554743349085407,0.8077277649479061,0.9193793007875272,0.9245639729859463,0.8868527354739135,0.7853608622278881,0.6659818177204281,0.6418754488932411,0.5759416261076165,0.9172069033358723,0.8524009101502581,0.26899651117094364],[0.9715062726041044,0.9710665639323466,0.9715062726041044,0.9589927134695916,0.9589927134695916,1.0,1.0,0.937536366263871,0.937536366263871,0.7329894096068061,0.9576977145852072,0.7090709643161434,0.9635427500908125,0.9610475289709087,0.9577237483917056,0.9990825662522552,0.9773258951133005,0.9142497831497505,0.9142497831497505,0.6548182722881366,-0.1394260322387944,0.9458655917450002,0.3780777435300011,-0.32748303051477073,-0.11235047173852471,0.8841625904418198,0.856364323759356,0.9412611460421255,0.8906091920890566,0.7570734167496803,0.7928650761231414,0.7457807479415482,0.6828102667158503,0.8716674104598825,0.8863493151184157,0.5170938689322161],[0.9715062726041044,0.9710665639323466,0.9715062726041044,0.9589927134695916,0.9589927134695916,1.0,1.0,0.937536366263871,0.937536366263871,0.7329894096068061,0.9576977145852072,0.7090709643161434,0.9635427500908125,0.9610475289709087,0.9577237483917056,0.9990825662522552,0.9773258951133005,0.9142497831497505,0.9142497831497505,0.6548182722881366,-0.1394260322387944,0.9458655917450002,0.3780777435300011,-0.32748303051477073,-0.11235047173852471,0.8841625904418198,0.856364323759356,0.9412611460421255,0.8906091920890566,0.7570734167496803,0.7928650761231414,0.7457807479415482,0.6828102667158503,0.8716674104598825,0.8863493151184157,0.5170938689322161],[0.9135321775012286,0.9142526929636161,0.9135321775012286,0.8961725931585719,0.8961725931585719,0.937536366263871,0.937536366263871,1.0,1.0,0.7038551878347944,0.9362287145980499,0.7132971338144809,0.9263194405897593,0.9210396118179082,0.9363759110051625,0.939519834979633,0.9468071546139787,0.9696574857514725,0.9696574857514725,0.6085176390053177,-0.018282280049903708,0.8625093172695251,0.5915201266953098,-0.35553644039675425,0.012895639202118189,0.8014758671214387,0.7516736397420472,0.8890930733342799,0.8567029160104617,0.7732628465513957,0.8878963344358669,0.7915859139758168,0.7070667478731654,0.8134909787604223,0.8679970758734326,0.8240553808227116],[0.9135321775012286,0.9142526929636161,0.9135321775012286,0.8961725931585719,0.8961725931585719,0.937536366263871,0.937536366263871,1.0,1.0,0.7038551878347944,0.9362287145980499,0.7132971338144809,0.9263194405897593,0.9210396118179082,0.9363759110051625,0.939519834979633,0.9468071546139787,0.9696574857514725,0.9696574857514725,0.6085176390053177,-0.018282280049903708,0.8625093172695251,0.5915201266953098,-0.35553644039675425,0.012895639202118189,0.8014758671214387,0.7516736397420472,0.8890930733342799,0.8567029160104617,0.7732628465513957,0.8878963344358669,0.7915859139758168,0.7070667478731654,0.8134909787604223,0.8679970758734326,0.8240553808227116],[0.7536818694194255,0.755310087733897,0.7536818694194255,0.7150344806653647,0.7150344806653647,0.7329894096068061,0.7329894096068061,0.7038551878347944,0.7038551878347944,1.0,0.576465701652684,0.9999696826527923,0.4691157090319165,0.360680272294091,0.5785655457994341,0.7281003849646946,0.6438670740570656,0.7942050954994094,0.7942050954994094,0.6864168344665027,-0.09747600413286293,0.6827716415228604,0.03538448134507266,0.04972152569474693,-0.24291535167481645,0.7644154944247767,0.44158759107407075,0.7202590359483029,0.8020604725928696,0.671456114613984,0.329573376891349,0.5224664663840436,0.5621277373452546,0.7700363683981535,0.6156753547011633,0.16775467077164377],[0.9950425346890905,0.9950355493286749,0.9950425346890905,0.9996271088656314,0.9996271088656314,0.9576977145852072,0.9576977145852072,0.9362287145980499,0.9362287145980499,0.576465701652684,1.0,0.5763260626373733,0.9919895443245403,0.9907422748334609,0.999940648550022,0.9554097469160286,0.9946182275131534,0.8886290630766632,0.8886290630766632,0.8506379793436971,-0.06790681916054729,0.9970339287736233,0.9059351150889284,-0.5378491650228352,0.4502058356707658,0.8131864588385745,0.8939298448318356,0.9368813124924682,0.8758338154981978,0.8113599731145347,0.9343852066233997,0.8529847290927296,0.7300533642740221,0.8996059213212471,0.9522817822612917,0.8206991902120633],[0.6978968366135971,0.6983527450590908,0.6978968366135971,0.6584837441410646,0.6584837441410646,0.7090709643161434,0.7090709643161434,0.7132971338144809,0.7132971338144809,0.9999696826527923,0.5763260626373733,1.0,0.4676846423579714,0.3588185959715274,0.5773825701121484,0.7168934082956312,0.6427233418674503,0.7875395572434339,0.7875395572434339,0.6398083081020338,0.033161173359744375,0.6285559085882515,0.3919676790426051,-0.1619835844889119,-0.2322297353265014,0.7895109266763009,0.33992624993446263,0.686873223464365,0.7707173125960327,0.6903843286789987,0.5153229636788942,0.6855802692231296,0.6769560154875894,0.7205194969850196,0.5905653278109798,0.6231518093544339],[0.9902955761107559,0.9900214297557193,0.9902955761107559,0.9925595417796769,0.9925595417796769,0.9635427500908125,0.9635427500908125,0.9263194405897593,0.9263194405897593,0.4691157090319165,0.9919895443245403,0.4676846423579714,1.0,0.9998379588662785,0.9919100722443708,0.9587432533002017,0.9890591303629932,0.8608969866898571,0.8608969866898571,0.829183047917391,-0.054417672713664475,0.9916531139639997,0.9149378604993612,-0.6627832048680242,0.5252439473626505,0.7722782513434742,0.9160968084555643,0.9319922287981739,0.8445224316902904,0.7486650830047299,0.9343710304714504,0.8165578601968128,0.682292426127225,0.8744180278225849,0.9560678242394127,0.844864379568352],[0.9911095274994854,0.9906946540272774,0.9911095274994854,0.9910198661678927,0.9910198661678927,0.9610475289709087,0.9610475289709087,0.9210396118179082,0.9210396118179082,0.360680272294091,0.9907422748334609,0.3588185959715274,0.9998379588662785,1.0,0.9908025902939703,0.9554372421099494,0.9892635612648889,0.844704717970975,0.844704717970975,0.8521247369359619,-0.17555659362142176,0.9891993319822133,0.9177118989533299,-0.8043781081864776,0.560851489469966,0.7236802941049145,0.9228044233853008,0.923752113716889,0.8245560281452926,0.6952346678862295,0.9403722492843481,0.8097182032310422,0.6147310257978706,0.8895178763831705,0.9571718637029175,0.8270624771833262],[0.9951414937515037,0.995144496942029,0.9951414937515037,0.9995794823677738,0.9995794823677738,0.9577237483917056,0.9577237483917056,0.9363759110051625,0.9363759110051625,0.5785655457994341,0.999940648550022,0.5773825701121484,0.9919100722443708,0.9908025902939703,1.0,0.9556504642199805,0.9947388315982232,0.8892964603389752,0.8892964603389752,0.8516413469196507,-0.06825934377655209,0.9968895182537258,0.9052989046910959,-0.535480906626168,0.45138596147155213,0.813757377828777,0.8923766265958115,0.9364696241426,0.8762656980170017,0.8123034835743862,0.9340566337704617,0.8539637563397964,0.7309187213197341,0.8995114883684443,0.9525087293971015,0.8216960378526021],[0.9770837198425486,0.9766943147340195,0.9770837198425486,0.95999144451771,0.95999144451771,0.9990825662522552,0.9990825662522552,0.939519834979633,0.939519834979633,0.7281003849646946,0.9554097469160286,0.7168934082956312,0.9587432533002017,0.9554372421099494,0.9556504642199805,1.0,0.9768942995763232,0.9162183230311025,0.9162183230311025,0.7038821607655017,-0.12558325721089797,0.9493520416731992,0.6939644439751537,-0.4569898392040282,-0.14296802694028782,0.8954700313160456,0.8439073282767499,0.9379309397901757,0.8983793168092299,0.7912161998149674,0.8787125900222669,0.791249806360766,0.7397684758675409,0.8926413055859644,0.8835099005775414,0.8177801456240433],[0.9992524031229776,0.9992517095381125,0.9992524031229776,0.995164238880533,0.995164238880533,0.9773258951133005,0.9773258951133005,0.9468071546139787,0.9468071546139787,0.6438670740570656,0.9946182275131534,0.6427233418674503,0.9890591303629932,0.9892635612648889,0.9947388315982232,0.9768942995763232,1.0,0.9179678713159578,0.9179678713159578,0.8638232089850902,-0.05118031314377197,0.9884675422771707,0.8800368301390503,-0.5211441284671633,0.4593822270113799,0.8597336165996372,0.8788604370068092,0.9491745511938909,0.9092237969193682,0.8328456358826095,0.92332684579298,0.8868044466902242,0.7776732911634706,0.9149505281252074,0.9607705399500805,0.8641680376358061],[0.9086260711571479,0.9084882525336083,0.9086260711571479,0.8796379266759824,0.8796379266759824,0.9142497831497505,0.9142497831497505,0.9696574857514725,0.9696574857514725,0.7942050954994094,0.8886290630766632,0.7875395572434339,0.8608969866898571,0.844704717970975,0.8892964603389752,0.9162183230311025,0.9179678713159578,1.0,1.0,0.7544321043610381,-0.06745326435703293,0.8444236098329827,0.5858344401520638,-0.23829382506635144,-0.19384719760434468,0.8376576608585362,0.6924561400373109,0.8453720708232505,0.9205862715757224,0.8480674309623882,0.7999581201171102,0.7695894992566761,0.7072300565351883,0.855556411352264,0.789476404670384,0.8592312709148302],[0.9086260711571479,0.9084882525336083,0.9086260711571479,0.8796379266759824,0.8796379266759824,0.9142497831497505,0.9142497831497505,0.9696574857514725,0.9696574857514725,0.7942050954994094,0.8886290630766632,0.7875395572434339,0.8608969866898571,0.844704717970975,0.8892964603389752,0.9162183230311025,0.9179678713159578,1.0,1.0,0.7544321043610381,-0.06745326435703293,0.8444236098329827,0.5858344401520638,-0.23829382506635144,-0.19384719760434468,0.8376576608585362,0.6924561400373109,0.8453720708232505,0.9205862715757224,0.8480674309623882,0.7999581201171102,0.7695894992566761,0.7072300565351883,0.855556411352264,0.789476404670384,0.8592312709148302],[0.7727063846074356,0.7900426073746731,0.7727063846074356,0.7422892035114154,0.7422892035114154,0.6548182722881366,0.6548182722881366,0.6085176390053177,0.6085176390053177,0.6864168344665027,0.8506379793436971,0.6398083081020338,0.829183047917391,0.8521247369359619,0.8516413469196507,0.7038821607655017,0.8638232089850902,0.7544321043610381,0.7544321043610381,1.0,0.017359793150192218,0.7030448165986223,-0.31603345470669,0.2799737701256826,-0.6461617762264644,0.38013829020686696,0.6458488287197999,0.5314786493428787,0.8416541635511215,0.7060136531902219,0.17270637719228732,0.33587919704866065,0.5728211412257567,0.7882051212620852,0.502584260507527,-0.11014724138518647],[-0.18414199702468237,0.02637722070486469,-0.18414199702468237,-0.1919110719537163,-0.1919110719537163,-0.1394260322387944,-0.1394260322387944,-0.018282280049903708,-0.018282280049903708,-0.09747600413286293,-0.06790681916054729,0.033161173359744375,-0.054417672713664475,-0.17555659362142176,-0.06825934377655209,-0.12558325721089797,-0.05118031314377197,-0.06745326435703293,-0.06745326435703293,0.017359793150192218,1.0,-0.12656828653794547,0.08619778835803836,0.17541363942527058,0.7419276839986768,-0.10926044256133967,-0.0914492199584438,-0.049681041743974794,0.13780491524540467,-0.026909863598069596,-0.0066071911091882185,0.2933067662746168,0.5535456374147293,-0.14914280968269586,0.06896625924667396,0.12994094061630956],[0.980111499307791,0.9728553531638633,0.980111499307791,0.9923182139876161,0.9923182139876161,0.9458655917450002,0.9458655917450002,0.8625093172695251,0.8625093172695251,0.6827716415228604,0.9970339287736233,0.6285559085882515,0.9916531139639997,0.9891993319822133,0.9968895182537258,0.9493520416731992,0.9884675422771707,0.8444236098329827,0.8444236098329827,0.7030448165986223,-0.12656828653794547,1.0,0.17682650496285382,-0.24439795444140366,-0.2669431920377595,0.6769283562776003,0.9256226204620224,0.9087400644731739,0.8309206447563355,0.7528226168446505,0.6689496356489464,0.6101957904589731,0.508790619146752,0.8951503837949176,0.7144247106193337,0.25356852972955934],[0.24085784001796623,0.006552501243981467,0.24085784001796623,0.2695558857277017,0.2695558857277017,0.3780777435300011,0.3780777435300011,0.5915201266953098,0.5915201266953098,0.03538448134507266,0.9059351150889284,0.3919676790426051,0.9149378604993612,0.9177118989533299,0.9052989046910959,0.6939644439751537,0.8800368301390503,0.5858344401520638,0.5858344401520638,-0.31603345470669,0.08619778835803836,0.17682650496285382,1.0,-0.47730336683400243,0.6887936466819715,0.40594713072690103,0.20438351760232776,0.3663487737128419,-0.04925140316535643,0.12760642066148242,0.6235503384187211,0.5040329701506139,0.21441427825381884,0.07214640425753462,0.42841903318042074,0.49146003975724745],[-0.1576970919102625,-0.150783936374139,-0.1576970919102625,-0.19337152724634418,-0.19337152724634418,-0.32748303051477073,-0.32748303051477073,-0.35553644039675425,-0.35553644039675425,0.04972152569474693,-0.5378491650228352,-0.1619835844889119,-0.6627832048680242,-0.8043781081864776,-0.535480906626168,-0.4569898392040282,-0.5211441284671633,-0.23829382506635144,-0.23829382506635144,0.2799737701256826,0.17541363942527058,-0.24439795444140366,-0.47730336683400243,1.0,-0.02507297642194639,-0.19697071257973184,-0.2429333394346626,-0.33586881672414653,-0.07811525692537495,-0.1101400499311446,-0.5759099803476514,-0.22787215546539727,-0.040664604623611655,-0.0906165713876952,-0.2625508382730266,-0.42565692710129815],[-0.2295371563243535,-0.22962126360455648,-0.2295371563243535,-0.22554743349085407,-0.22554743349085407,-0.11235047173852471,-0.11235047173852471,0.012895639202118189,0.012895639202118189,-0.24291535167481645,0.4502058356707658,-0.2322297353265014,0.5252439473626505,0.560851489469966,0.45138596147155213,-0.14296802694028782,0.4593822270113799,-0.19384719760434468,-0.19384719760434468,-0.6461617762264644,0.7419276839986768,-0.2669431920377595,0.6887936466819715,-0.02507297642194639,1.0,-0.10484087825354656,-0.18802416090669516,-0.06440143921420337,-0.345512643329325,-0.3224018931385661,0.0585557958555854,0.1554443246689406,0.2603269199641115,-0.3652768960275179,0.09996763783597351,0.08502656349794163],[0.8214821533998862,0.6664167213995247,0.8214821533998862,0.8077277649479061,0.8077277649479061,0.8841625904418198,0.8841625904418198,0.8014758671214387,0.8014758671214387,0.7644154944247767,0.8131864588385745,0.7895109266763009,0.7722782513434742,0.7236802941049145,0.813757377828777,0.8954700313160456,0.8597336165996372,0.8376576608585362,0.8376576608585362,0.38013829020686696,-0.10926044256133967,0.6769283562776003,0.40594713072690103,-0.19697071257973184,-0.10484087825354656,1.0,0.5496514327534344,0.8468039439221708,0.518059545890284,0.6486360305657752,0.587383418996542,0.674662402603871,0.4341519519582924,0.7241456626974464,0.7201763792620378,0.44624509239766047],[0.8995678835638221,0.8984067124510243,0.8995678835638221,0.9193793007875272,0.9193793007875272,0.856364323759356,0.856364323759356,0.7516736397420472,0.7516736397420472,0.44158759107407075,0.8939298448318356,0.33992624993446263,0.9160968084555643,0.9228044233853008,0.8923766265958115,0.8439073282767499,0.8788604370068092,0.6924561400373109,0.6924561400373109,0.6458488287197999,-0.0914492199584438,0.9256226204620224,0.20438351760232776,-0.2429333394346626,-0.18802416090669516,0.5496514327534344,1.0,0.804588315996793,0.7198422824511013,0.6419991960757513,0.6097169009398523,0.5075691531273882,0.45816391211174623,0.7999754967782207,0.668600350308869,0.20827595248811417],[0.9258074067369576,0.9049367158832319,0.9258074067369576,0.9245639729859463,0.9245639729859463,0.9412611460421255,0.9412611460421255,0.8890930733342799,0.8890930733342799,0.7202590359483029,0.9368813124924682,0.686873223464365,0.9319922287981739,0.923752113716889,0.9364696241426,0.9379309397901757,0.9491745511938909,0.8453720708232505,0.8453720708232505,0.5314786493428787,-0.049681041743974794,0.9087400644731739,0.3663487737128419,-0.33586881672414653,-0.06440143921420337,0.8468039439221708,0.804588315996793,1.0,0.7624445026560903,0.6392034979559618,0.660567162505001,0.6251479402331449,0.5313361213183245,0.8353552469984216,0.8578113452766141,0.27587311853100455],[0.9096619065601392,0.9054432754251744,0.9096619065601392,0.8868527354739135,0.8868527354739135,0.8906091920890566,0.8906091920890566,0.8567029160104617,0.8567029160104617,0.8020604725928696,0.8758338154981978,0.7707173125960327,0.8445224316902904,0.8245560281452926,0.8762656980170017,0.8983793168092299,0.9092237969193682,0.9205862715757224,0.9205862715757224,0.8416541635511215,0.13780491524540467,0.8309206447563355,-0.04925140316535643,-0.07811525692537495,-0.345512643329325,0.518059545890284,0.7198422824511013,0.7624445026560903,1.0,0.9112751839076433,0.5760042408704438,0.7034404389909303,0.6697407607978552,0.8843655022535613,0.5400697461527406,0.3294381401681068],[0.7870533801341948,0.7955038924667925,0.7870533801341948,0.7853608622278881,0.7853608622278881,0.7570734167496803,0.7570734167496803,0.7732628465513957,0.7732628465513957,0.671456114613984,0.8113599731145347,0.6903843286789987,0.7486650830047299,0.6952346678862295,0.8123034835743862,0.7912161998149674,0.8328456358826095,0.8480674309623882,0.8480674309623882,0.7060136531902219,-0.026909863598069596,0.7528226168446505,0.12760642066148242,-0.1101400499311446,-0.3224018931385661,0.6486360305657752,0.6419991960757513,0.6392034979559618,0.9112751839076433,1.0,0.6112641520011955,0.6875297133697659,0.6146194021089362,0.7495033143410196,0.6166003792691239,0.49746091226181083],[0.6362759913715836,0.6286639759206952,0.6362759913715836,0.6659818177204281,0.6659818177204281,0.7928650761231414,0.7928650761231414,0.8878963344358669,0.8878963344358669,0.329573376891349,0.9343852066233997,0.5153229636788942,0.9343710304714504,0.9403722492843481,0.9340566337704617,0.8787125900222669,0.92332684579298,0.7999581201171102,0.7999581201171102,0.17270637719228732,-0.0066071911091882185,0.6689496356489464,0.6235503384187211,-0.5759099803476514,0.0585557958555854,0.587383418996542,0.6097169009398523,0.660567162505001,0.5760042408704438,0.6112641520011955,1.0,0.7494638798083935,0.3891611622917136,0.5584062208626216,0.6527265895301558,0.7569465237986267],[0.6519537296793996,0.6496056119384725,0.6519537296793996,0.6418754488932411,0.6418754488932411,0.7457807479415482,0.7457807479415482,0.7915859139758168,0.7915859139758168,0.5224664663840436,0.8529847290927296,0.6855802692231296,0.8165578601968128,0.8097182032310422,0.8539637563397964,0.791249806360766,0.8868044466902242,0.7695894992566761,0.7695894992566761,0.33587919704866065,0.2933067662746168,0.6101957904589731,0.5040329701506139,-0.22787215546539727,0.1554443246689406,0.674662402603871,0.5075691531273882,0.6251479402331449,0.7034404389909303,0.6875297133697659,0.7494638798083935,1.0,0.7790453969253519,0.5300158529903339,0.7386607696984101,0.5681666737144598],[0.6107321021208464,0.6353367736252128,0.6107321021208464,0.5759416261076165,0.5759416261076165,0.6828102667158503,0.6828102667158503,0.7070667478731654,0.7070667478731654,0.5621277373452546,0.7300533642740221,0.6769560154875894,0.682292426127225,0.6147310257978706,0.7309187213197341,0.7397684758675409,0.7776732911634706,0.7072300565351883,0.7072300565351883,0.5728211412257567,0.5535456374147293,0.508790619146752,0.21441427825381884,-0.040664604623611655,0.2603269199641115,0.4341519519582924,0.45816391211174623,0.5313361213183245,0.6697407607978552,0.6146194021089362,0.3891611622917136,0.7790453969253519,1.0,0.49957293272254866,0.656394862394561,0.2173421328930913],[0.9316265745337557,0.9300907751243722,0.9316265745337557,0.9172069033358723,0.9172069033358723,0.8716674104598825,0.8716674104598825,0.8134909787604223,0.8134909787604223,0.7700363683981535,0.8996059213212471,0.7205194969850196,0.8744180278225849,0.8895178763831705,0.8995114883684443,0.8926413055859644,0.9149505281252074,0.855556411352264,0.855556411352264,0.7882051212620852,-0.14914280968269586,0.8951503837949176,0.07214640425753462,-0.0906165713876952,-0.3652768960275179,0.7241456626974464,0.7999754967782207,0.8353552469984216,0.8843655022535613,0.7495033143410196,0.5584062208626216,0.5300158529903339,0.49957293272254866,1.0,0.7613104939224579,0.22198341545900283],[0.8607946082511082,0.7323405820019226,0.8607946082511082,0.8524009101502581,0.8524009101502581,0.8863493151184157,0.8863493151184157,0.8679970758734326,0.8679970758734326,0.6156753547011633,0.9522817822612917,0.5905653278109798,0.9560678242394127,0.9571718637029175,0.9525087293971015,0.8835099005775414,0.9607705399500805,0.789476404670384,0.789476404670384,0.502584260507527,0.06896625924667396,0.7144247106193337,0.42841903318042074,-0.2625508382730266,0.09996763783597351,0.7201763792620378,0.668600350308869,0.8578113452766141,0.5400697461527406,0.6166003792691239,0.6527265895301558,0.7386607696984101,0.656394862394561,0.7613104939224579,1.0,0.24494321989818507],[0.2541644641025478,0.25135678204361234,0.2541644641025478,0.26899651117094364,0.26899651117094364,0.5170938689322161,0.5170938689322161,0.8240553808227116,0.8240553808227116,0.16775467077164377,0.8206991902120633,0.6231518093544339,0.844864379568352,0.8270624771833262,0.8216960378526021,0.8177801456240433,0.8641680376358061,0.8592312709148302,0.8592312709148302,-0.11014724138518647,0.12994094061630956,0.25356852972955934,0.49146003975724745,-0.42565692710129815,0.08502656349794163,0.44624509239766047,0.20827595248811417,0.27587311853100455,0.3294381401681068,0.49746091226181083,0.7569465237986267,0.5681666737144598,0.2173421328930913,0.22198341545900283,0.24494321989818507,1.0]],"x":["^TAIEX       \u81fa\u7063\u52a0\u6b0a\u5831\u916c\u6307\u6578","^TWII        \u81fa\u7063\u52a0\u6b0a\u6307\u6578","^TAIEXx2     \u81fa\u7063\u52a0\u6b0a\u5831\u916c\u6307\u6578_\u65e5\u6b632","^TAI50I      \u81fa\u706350\u5831\u916c\u6307\u6578","^TAI50Ix2    \u81fa\u706350\u5831\u916c\u6307\u6578_\u65e5\u6b632","^TAI100I     \u81fa\u7063\u4e2d\u578b100\u5831\u916c\u6307\u6578","^TAI100Ix2   \u81fa\u7063\u4e2d\u578b100\u5831\u916c\u6307\u6578_\u65e5\u6b632","^TAIDIVIDI   \u81fa\u7063\u9ad8\u80a1\u606f\u5831\u916c\u6307\u6578","^TAIDIVIDIx2 \u81fa\u7063\u9ad8\u80a1\u606f\u5831\u916c\u6307\u6578_\u65e5\u6b632","0050Fund     \u5143\u5927\u53f0\u7063\u5353\u8d8a50\u57fa\u91d1","006208Fund   \u5bcc\u90a6\u53f0\u7063\u91c6\u540950\u57fa\u91d1","0050         \u5143\u5927\u81fa\u706350","00631L       \u5143\u5927\u53f0\u706350\u6b632","00675L       \u5bcc\u90a6\u81fa\u7063\u52a0\u6b0a\u6b632","006208       \u5bcc\u90a6\u53f050","0051         \u5143\u5927\u4e2d\u578b100","006204       \u6c38\u8c50\u81fa\u7063\u52a0\u6b0a","0056         \u5143\u5927\u9ad8\u80a1\u606f","0056         \u5143\u5927\u9ad8\u80a1\u606f_\u80a1\u606f\u4e0d\u6295\u5165","2412         \u4e2d\u83ef\u96fb\u4fe1","2002         \u4e2d\u92fc","2330         \u53f0\u7a4d\u96fb","2317         \u9d3b\u6d77","6505         \u53f0\u5851\u77f3\u5316","3481         \u7fa4\u5275","2303         \u806f\u96fb","2308         \u53f0\u9054\u96fb","2454         \u806f\u767c\u79d1","2886         \u5146\u8c50\u91d1","2884         \u7389\u5c71\u91d1","2891         \u4e2d\u4fe1\u91d1","2892         \u7b2c\u4e00\u91d1","5880         \u5408\u5eab\u91d1","2881         \u5bcc\u90a6\u91d1","2885         \u5143\u5927\u91d1","2887         \u53f0\u65b0\u91d1"],"y":["^TAIEX       \u81fa\u7063\u52a0\u6b0a\u5831\u916c\u6307\u6578","^TWII        \u81fa\u7063\u52a0\u6b0a\u6307\u6578","^TAIEXx2     \u81fa\u7063\u52a0\u6b0a\u5831\u916c\u6307\u6578_\u65e5\u6b632","^TAI50I      \u81fa\u706350\u5831\u916c\u6307\u6578","^TAI50Ix2    \u81fa\u706350\u5831\u916c\u6307\u6578_\u65e5\u6b632","^TAI100I     \u81fa\u7063\u4e2d\u578b100\u5831\u916c\u6307\u6578","^TAI100Ix2   \u81fa\u7063\u4e2d\u578b100\u5831\u916c\u6307\u6578_\u65e5\u6b632","^TAIDIVIDI   \u81fa\u7063\u9ad8\u80a1\u606f\u5831\u916c\u6307\u6578","^TAIDIVIDIx2 \u81fa\u7063\u9ad8\u80a1\u606f\u5831\u916c\u6307\u6578_\u65e5\u6b632","0050Fund     \u5143\u5927\u53f0\u7063\u5353\u8d8a50\u57fa\u91d1","006208Fund   \u5bcc\u90a6\u53f0\u7063\u91c6\u540950\u57fa\u91d1","0050         \u5143\u5927\u81fa\u706350","00631L       \u5143\u5927\u53f0\u706350\u6b632","00675L       \u5bcc\u90a6\u81fa\u7063\u52a0\u6b0a\u6b632","006208       \u5bcc\u90a6\u53f050","0051         \u5143\u5927\u4e2d\u578b100","006204       \u6c38\u8c50\u81fa\u7063\u52a0\u6b0a","0056         \u5143\u5927\u9ad8\u80a1\u606f","0056         \u5143\u5927\u9ad8\u80a1\u606f_\u80a1\u606f\u4e0d\u6295\u5165","2412         \u4e2d\u83ef\u96fb\u4fe1","2002         \u4e2d\u92fc","2330         \u53f0\u7a4d\u96fb","2317         \u9d3b\u6d77","6505         \u53f0\u5851\u77f3\u5316","3481         \u7fa4\u5275","2303         \u806f\u96fb","2308         \u53f0\u9054\u96fb","2454         \u806f\u767c\u79d1","2886         \u5146\u8c50\u91d1","2884         \u7389\u5c71\u91d1","2891         \u4e2d\u4fe1\u91d1","2892         \u7b2c\u4e00\u91d1","5880         \u5408\u5eab\u91d1","2881         \u5bcc\u90a6\u91d1","2885         \u5143\u5927\u91d1","2887         \u53f0\u65b0\u91d1"],"zmin":-1,"zmax":1,"colorbar":{"x":-0.2}}],"layout":{"autotypenumbers":"strict","colorway":["#636efa","#EF553B","#00cc96","#ab63fa","#FFA15A","#19d3f3","#FF6692","#B6E880","#FF97FF","#FECB52"],"font":{"color":"#f2f5fa","family":"Courier New"},"hovermode":"closest","hoverlabel":{"align":"left"},"paper_bgcolor":"rgb(17,17,17)","plot_bgcolor":"rgb(17,17,17)","polar":{"bgcolor":"rgb(17,17,17)","angularaxis":{"gridcolor":"#506784","linecolor":"#506784","ticks":""},"radialaxis":{"gridcolor":"#506784","linecolor":"#506784","ticks":""}},"ternary":{"bgcolor":"rgb(17,17,17)","aaxis":{"gridcolor":"#506784","linecolor":"#506784","ticks":""},"baxis":{"gridcolor":"#506784","linecolor":"#506784","ticks":""},"caxis":{"gridcolor":"#506784","linecolor":"#506784","ticks":""}},"coloraxis":{"colorbar":{"outlinewidth":0,"ticks":""}},"colorscale":{"sequential":[[0.0,"#0d0887"],[0.1111111111111111,"#46039f"],[0.2222222222222222,"#7201a8"],[0.3333333333333333,"#9c179e"],[0.4444444444444444,"#bd3786"],[0.5555555555555556,"#d8576b"],[0.6666666666666666,"#ed7953"],[0.7777777777777778,"#fb9f3a"],[0.8888888888888888,"#fdca26"],[1.0,"#f0f921"]],"sequentialminus":[[0.0,"#0d0887"],[0.1111111111111111,"#46039f"],[0.2222222222222222,"#7201a8"],[0.3333333333333333,"#9c179e"],[0.4444444444444444,"#bd3786"],[0.5555555555555556,"#d8576b"],[0.6666666666666666,"#ed7953"],[0.7777777777777778,"#fb9f3a"],[0.8888888888888888,"#fdca26"],[1.0,"#f0f921"]],"diverging":[[0,"#8e0152"],[0.1,"#c51b7d"],[0.2,"#de77ae"],[0.3,"#f1b6da"],[0.4,"#fde0ef"],[0.5,"#f7f7f7"],[0.6,"#e6f5d0"],[0.7,"#b8e186"],[0.8,"#7fbc41"],[0.9,"#4d9221"],[1,"#276419"]]},"xaxis":{"gridcolor":"rgba(0, 0, 0, 0)","linecolor":"#506784","ticks":"","title":{"standoff":15},"zerolinecolor":"#283442","automargin":true,"zerolinewidth":2,"tickfont":{"family":"Courier New","size":14},"side":"top","tickangle":-90},"yaxis":{"gridcolor":"rgba(0, 0, 0, 0)","linecolor":"#506784","ticks":"","title":{"standoff":15},"zerolinecolor":"#283442","automargin":true,"zerolinewidth":2,"tickfont":{"family":"Courier New"},"side":"right"},"scene":{"xaxis":{"backgroundcolor":"rgb(17,17,17)","gridcolor":"#506784","linecolor":"#506784","showbackground":true,"ticks":"","zerolinecolor":"#C8D4E3","gridwidth":2},"yaxis":{"backgroundcolor":"rgb(17,17,17)","gridcolor":"#506784","linecolor":"#506784","showbackground":true,"ticks":"","zerolinecolor":"#C8D4E3","gridwidth":2},"zaxis":{"backgroundcolor":"rgb(17,17,17)","gridcolor":"#506784","linecolor":"#506784","showbackground":true,"ticks":"","zerolinecolor":"#C8D4E3","gridwidth":2}},"shapedefaults":{"line":{"color":"#f2f5fa"}},"annotationdefaults":{"arrowcolor":"#f2f5fa","arrowhead":0,"arrowwidth":1},"geo":{"bgcolor":"rgb(17,17,17)","landcolor":"rgb(17,17,17)","subunitcolor":"#506784","showland":true,"showlakes":true,"lakecolor":"rgb(17,17,17)"},"title":{"x":0.05,"font":{"family":"Times New Roman"},"y":0.05,"text":"<b>Correlation of Close<b><br><i>2016-09-23 ~ 2026-03-23<i>"},"updatemenudefaults":{"bgcolor":"#506784","borderwidth":0},"sliderdefaults":{"bgcolor":"#C8D4E3","borderwidth":1,"bordercolor":"rgb(17,17,17)","tickwidth":0},"mapbox":{"style":"dark"},"annotations":[{"text":"<b>@zwindr<b>","textangle":0,"opacity":0.5,"font":{"color":"white","size":12},"xref":"paper","yref":"paper","xanchor":"left","yanchor":"bottom","x":1.0,"y":1.0,"showarrow":false}]},"config":{"responsive":true,"toImageButtonOptions":{"filename":"Correlation of Close_2016-09-23~2026-03-23","scale":5}}};Plotly.newPlot("correlationClose",correlationClose.data,correlationClose.layout||{},correlationClose.config);}else{console.log("style display is none => correlationClose");}