var element=document.getElementById("correlationAdjClose");if(element.style.display!='none'){var correlationAdjClose={"data":[{"type":"heatmap","z":[[1.0,0.9949487637361427,0.9754280010977447,0.9970948307723504,0.9564559773371532,0.9837769648467111,0.9526326327148233,0.989098982128543,0.9746891775930132,0.9972451745783195,0.9966837580345577,0.9971447622282475,0.9932347012732075,0.9942030468995962,0.9967272412310226,0.9853618455153211,0.9997136742309737,0.9889374677650393,0.8988547918174654,0.9192865994293649,0.6937093628833669,0.9847223897639894,0.932661464658013,0.36871625074930764,-0.2991829474297473,0.8983814411116269,0.9292191180687542,0.9596949884783094,0.977544559768982,0.9647230797555979,0.9788301063335629,0.9709053453017241,0.9410467977085242,0.9825259817001725,0.9747088962753759,0.9557658055761503],[0.9949487637361427,1.0,0.9715662715729797,0.9917259601976349,0.9523206530869665,0.9798938518547763,0.9485893252692327,0.9813423044697032,0.9688196451748136,0.9930155575595544,0.9949056069334606,0.9943934351335951,0.9923377839028579,0.9922021661193235,0.994921061247814,0.9803827511338585,0.9972494643593249,0.9835926675400896,0.919883999864754,0.9093917432757727,0.7134798471881584,0.968996565340693,0.915837119194557,0.36874829715488466,-0.23041771819103032,0.8764636361061144,0.9229416960310405,0.95908519595919,0.9582602381835672,0.9525295355434013,0.9698768932953917,0.9571735669587669,0.940116556995923,0.9729894668578424,0.9660086125960387,0.9506882670446721],[0.9754280010977447,0.9715662715729797,1.0,0.9844667711680849,0.9945596357807824,0.9732025788532777,0.9780559875946316,0.9609385375051074,0.9790553227166919,0.9841496397514737,0.9908050240665824,0.987532387755222,0.9970204744045037,0.9968047058376721,0.9905820656347016,0.9708126596849314,0.9856474625828716,0.9605164677508284,0.8611579525549288,0.8235648499026174,0.5651659217666279,0.9920641232602115,0.9319132244252636,0.19746800227141473,-0.22343387938122294,0.8835259227763607,0.9405745404975182,0.9714372311656911,0.9196734651175873,0.9079245108997174,0.9662643128215419,0.912384006057973,0.8887756483832251,0.9640436096552689,0.9713916152007303,0.9162839425081918],[0.9970948307723504,0.9917259601976349,0.9844667711680849,1.0,0.9725105076439636,0.9753587842347452,0.9497031676668595,0.980767143258346,0.971253676872087,0.9999697378505092,0.9999916689926232,0.9999624580124219,0.9933085752622578,0.9918859547435392,0.9999503760949372,0.9741978339230674,0.9957446519207857,0.980292213657458,0.8822606537693638,0.901529356005376,0.6558427459987858,0.9938959298265447,0.9373628669467717,0.33645552427081044,-0.288287416990793,0.8902226883203563,0.9397028373495178,0.9633096936363925,0.965059204927751,0.9585325463223887,0.9807472570086173,0.9581606266669903,0.9253966892536314,0.9793897693198736,0.9726166815574854,0.9446745322249219],[0.9564559773371532,0.9523206530869665,0.9945596357807824,0.9725105076439636,1.0,0.9458841677644201,0.9571657023166861,0.9354832443506317,0.9587643518226472,0.9725707329926443,0.981879454381453,0.9780393768022455,0.9835232661830532,0.980577676067938,0.981508760137393,0.9420251117690718,0.9671921451367704,0.934743391791165,0.8279147191172365,0.7926173509764115,0.5153469941889793,0.9871721856755025,0.9266714997710387,0.16270759523493813,-0.21258557423144062,0.84980995589543,0.9463806981754633,0.9573082110357025,0.8887614275963138,0.8838444243349296,0.9535700223882241,0.8812185731849378,0.8508218467999251,0.9454492903648936,0.952021088739871,0.883896121354791],[0.9837769648467111,0.9798938518547763,0.9732025788532777,0.9753587842347452,0.9458841677644201,1.0,0.9829677636236751,0.9826181358282791,0.9825886976016711,0.9747980478909131,0.9695722101489224,0.972918654647706,0.9737868807531235,0.9713317046664806,0.9694857837826132,0.9999015657060981,0.9870049721138127,0.983538415432534,0.9016819825009763,0.8711857944583271,0.6626229304929175,0.9671333029785192,0.9039328553691076,0.24469981100797789,-0.2203788175113164,0.9321232320178618,0.9022377347997276,0.9641084348217914,0.9598367627837897,0.9344307455700434,0.9579462376352078,0.954924490847122,0.9527124788764542,0.9628213184593604,0.9795712765000462,0.9578943930700823],[0.9526326327148233,0.9485893252692327,0.9780559875946316,0.9497031676668595,0.9571657023166861,0.9829677636236751,1.0,0.9548194837377693,0.9848930504279734,0.948349155878978,0.9586832725423478,0.9551101720029372,0.9772839751051013,0.977989128128149,0.9584155601831172,0.9842732541694342,0.9710296983479506,0.9573079984724362,0.8667940610105265,0.790244121856641,0.5538514738950865,0.9536357827280756,0.905254141868061,0.10419714435059159,-0.1591477137211048,0.894583652269295,0.8965470456246749,0.9603990881635397,0.9041005784333023,0.8713444297616467,0.937810869385984,0.8973236557170093,0.9045037505709764,0.9361875053864754,0.9688171505723222,0.9132936709541029],[0.989098982128543,0.9813423044697032,0.9609385375051074,0.980767143258346,0.9354832443506317,0.9826181358282791,0.9548194837377693,1.0,0.9838036245415916,0.9807496963004468,0.9760553276905258,0.9795883657975467,0.970608837645161,0.9696054775234169,0.9761500866631566,0.9844170413428179,0.9868959176663394,0.9998828356398335,0.9277745732432141,0.9292305988811466,0.6305344979908926,0.9681372201682885,0.8996725313659402,0.2228664403320924,-0.3106347434142911,0.9064464050217795,0.8818157231312095,0.944631396129006,0.9792795270981824,0.9570401561477092,0.9693579199153685,0.9660521604939809,0.9375646516194766,0.963673267347055,0.9616336662066921,0.9677642492425099],[0.9746891775930132,0.9688196451748136,0.9790553227166919,0.971253676872087,0.9587643518226472,0.9825886976016711,0.9848930504279734,0.9838036245415916,1.0,0.9705104784480939,0.9668746661104275,0.9693348362009944,0.9723373730065783,0.9691256235542668,0.966718179743051,0.9816441435271633,0.974512103954306,0.9831679367394002,0.90285347006007,0.8620565507723708,0.5496102674573344,0.9689343034863531,0.9169329451822453,0.0820517473597974,-0.23310382449612102,0.8847443020433674,0.8856238106665609,0.9647106885168937,0.9379016387566733,0.9056315044120187,0.9623704265447993,0.9233468325126688,0.9042919296387747,0.9533102605374439,0.9737589649351757,0.9282478674107569],[0.9972451745783195,0.9930155575595544,0.9841496397514737,0.9999697378505092,0.9725707329926443,0.9747980478909131,0.948349155878978,0.9807496963004468,0.9705104784480939,1.0,0.9999901856492822,0.9999827049290307,0.9931970238116562,0.9917512360786997,0.999955355142474,0.9736471931725021,0.9956246121821251,0.9803701884638726,0.8840846329039099,0.9027348983509008,0.6532746876834126,0.9940874528981005,0.9372260002376418,0.3415438399807695,-0.2877332777007976,0.8909624821001869,0.9379493704246876,0.961874400657806,0.9648074480839339,0.9577306046052999,0.9798141601764296,0.9575705517029737,0.9240218317561744,0.9786265729122253,0.971518775062041,0.9431671492228866],[0.9966837580345577,0.9949056069334606,0.9908050240665824,0.9999916689926232,0.981879454381453,0.9695722101489224,0.9586832725423478,0.9760553276905258,0.9668746661104275,0.9999901856492822,1.0,0.9999735886031793,0.9933337467612903,0.9918843227216115,0.9999581191761095,0.9693175368926555,0.9954071948514766,0.9767065855942374,0.9062243225086756,0.9302465428919269,0.5343510228762557,0.9972596500653117,0.9222471138041557,-0.13860490041567453,0.38689295113603617,0.8903363578039315,0.9081098423338421,0.9645478755122735,0.9556933006447527,0.9407143472761004,0.971532357700455,0.9375140240399437,0.9026807757675229,0.9694640447277473,0.9808192682992833,0.9388347647038157],[0.9971447622282475,0.9943934351335951,0.987532387755222,0.9999624580124219,0.9780393768022455,0.972918654647706,0.9551101720029372,0.9795883657975467,0.9693348362009944,0.9999827049290307,0.9999735886031793,1.0,0.9932110329171145,0.9917270901037564,0.9999661959499229,0.97276823221652,0.9955190840278658,0.9798086729611452,0.8916259303922802,0.919387472874322,0.598569407854933,0.9962745456058392,0.9338371976280347,0.0760270356069913,-0.193967849605502,0.904595523521258,0.9235052722067295,0.9575966250992018,0.9589257676096801,0.9486888891563642,0.9763817746034561,0.9483737469817999,0.9199362437909838,0.9750558448127936,0.9712192967831412,0.9471854005883815],[0.9932347012732075,0.9923377839028579,0.9970204744045037,0.9933085752622578,0.9835232661830532,0.9737868807531235,0.9772839751051013,0.970608837645161,0.9723373730065783,0.9931970238116562,0.9933337467612903,0.9932110329171145,1.0,0.9997621841973997,0.9933356400314094,0.9736138364460725,0.9933206592772577,0.9714643772218959,0.8979370372028495,0.9179339348856885,0.4606729119599113,0.9892023169857533,0.918588020086488,-0.40505728051318657,0.4017150397570592,0.8731844413654826,0.9061649021936541,0.968497320379478,0.9389321569444617,0.9088876779669375,0.9559648480127864,0.9146416305697971,0.8714284603258107,0.9670460659389577,0.977888658758076,0.931167143062282],[0.9942030468995962,0.9922021661193235,0.9968047058376721,0.9918859547435392,0.980577676067938,0.9713317046664806,0.977989128128149,0.9696054775234169,0.9691256235542668,0.9917512360786997,0.9918843227216115,0.9917270901037564,0.9997621841973997,1.0,0.9919999291684373,0.9710651884842313,0.9941064221376131,0.9706527498963106,0.8827380604412995,0.9275680120141268,0.3209332106982314,0.9853608320403221,0.9122145768154238,-0.7501196249498735,0.372028164053339,0.8407534239230116,0.9030163939270272,0.9648984816906079,0.932547190103222,0.8968638622285634,0.94940785465377,0.9150789315534854,0.8495652853996484,0.9678741436434092,0.9759967989467552,0.9251801505142204],[0.9967272412310226,0.994921061247814,0.9905820656347016,0.9999503760949372,0.981508760137393,0.9694857837826132,0.9584155601831172,0.9761500866631566,0.966718179743051,0.999955355142474,0.9999581191761095,0.9999661959499229,0.9933356400314094,0.9919999291684373,1.0,0.9692918184006709,0.9954489430078665,0.9767899886986786,0.9064059101355216,0.9307619436516147,0.5343815256474002,0.9970998613044919,0.922401795975416,-0.1361896198740689,0.386893441687573,0.8903140465049052,0.9069957695016305,0.963986550099803,0.9558845393895145,0.9410251838661486,0.9715025038772844,0.9379506307314355,0.9031171692104778,0.969415724242998,0.9807664279666264,0.939321269024839],[0.9853618455153211,0.9803827511338585,0.9708126596849314,0.9741978339230674,0.9420251117690718,0.9999015657060981,0.9842732541694342,0.9844170413428179,0.9816441435271633,0.9736471931725021,0.9693175368926555,0.97276823221652,0.9736138364460725,0.9710651884842313,0.9692918184006709,1.0,0.9870564311272934,0.9837446838054882,0.9046035721100175,0.8949923635418268,0.6522777776415316,0.9647177230547955,0.8982661104009732,0.10064670937202912,-0.19928822492469556,0.9394301873200637,0.8906596693151753,0.9611854380595489,0.9632539652815941,0.9317468025384967,0.9545635164088959,0.9560926924431716,0.9518399319797286,0.9649002322083938,0.9788879410547967,0.9621125037827561],[0.9997136742309737,0.9972494643593249,0.9856474625828716,0.9957446519207857,0.9671921451367704,0.9870049721138127,0.9710296983479506,0.9868959176663394,0.974512103954306,0.9956246121821251,0.9954071948514766,0.9955190840278658,0.9933206592772577,0.9941064221376131,0.9954489430078665,0.9870564311272934,1.0,0.9875014396253267,0.9244366505679971,0.9396678682811435,0.5914552054108595,0.9882989478165529,0.9138556619723268,-0.07800744573377404,0.4143145905395931,0.9188415798378244,0.8986495332907507,0.9665641091899808,0.9722010983899044,0.9491955061641857,0.9698499504730604,0.9560642814765014,0.9329737617904901,0.9757682343273202,0.9866031775774904,0.9626440862366623],[0.9889374677650393,0.9835926675400896,0.9605164677508284,0.980292213657458,0.934743391791165,0.983538415432534,0.9573079984724362,0.9998828356398335,0.9831679367394002,0.9803701884638726,0.9767065855942374,0.9798086729611452,0.9714643772218959,0.9706527498963106,0.9767899886986786,0.9837446838054882,0.9875014396253267,1.0,0.930665954164801,0.9354095991330864,0.6278397669112901,0.9667446532139392,0.9035104261201713,0.18692701693812153,-0.2923652435021058,0.9113240979133375,0.8769817993164706,0.9445929803007092,0.979760310419093,0.9564624384224995,0.9678247288528384,0.9647249540580922,0.9372917383295258,0.9629190452472458,0.959714018311295,0.9688942000757733],[0.8988547918174654,0.919883999864754,0.8611579525549288,0.8822606537693638,0.8279147191172365,0.9016819825009763,0.8667940610105265,0.9277745732432141,0.90285347006007,0.8840846329039099,0.9062243225086756,0.8916259303922802,0.8979370372028495,0.8827380604412995,0.9064059101355216,0.9046035721100175,0.9244366505679971,0.930665954164801,1.0,0.8276370001537005,0.6973705674293932,0.8543353735399374,0.8061028711241911,0.26526928613572204,-0.16473634358147748,0.8569453567557794,0.7537924276962806,0.855554027483239,0.8919073318334153,0.8583716779813476,0.8558301365613104,0.8709850929388573,0.8571936466087141,0.854887359582542,0.875915089277393,0.8954828225873664],[0.9192865994293649,0.9093917432757727,0.8235648499026174,0.901529356005376,0.7926173509764115,0.8711857944583271,0.790244121856641,0.9292305988811466,0.8620565507723708,0.9027348983509008,0.9302465428919269,0.919387472874322,0.9179339348856885,0.9275680120141268,0.9307619436516147,0.8949923635418268,0.9396678682811435,0.9354095991330864,0.8276370001537005,1.0,0.8254456148387455,0.8520215272305077,0.867357980735152,0.6376752878449409,-0.5253882893505369,0.7156002137081381,0.8338030530603366,0.8133115098798736,0.959492140760923,0.9381198645747875,0.8997592925106652,0.947033237703856,0.9004306265572631,0.9006039426706788,0.85176481946778,0.886467061776388],[0.6937093628833669,0.7134798471881584,0.5651659217666279,0.6558427459987858,0.5153469941889793,0.6626229304929175,0.5538514738950865,0.6305344979908926,0.5496102674573344,0.6532746876834126,0.5343510228762557,0.598569407854933,0.4606729119599113,0.3209332106982314,0.5343815256474002,0.6522777776415316,0.5914552054108595,0.6278397669112901,0.6973705674293932,0.8254456148387455,1.0,0.5849012370988746,0.6916360446156145,0.7248139477991841,-0.11617886415950533,0.5346953597824741,0.6038995184847412,0.6087976415868107,0.7713365443635913,0.7020384800604106,0.6237086246011564,0.7374967923717453,0.7523404844136607,0.6629398519664608,0.6306591864705079,0.6807620698577229],[0.9847223897639894,0.968996565340693,0.9920641232602115,0.9938959298265447,0.9871721856755025,0.9671333029785192,0.9536357827280756,0.9681372201682885,0.9689343034863531,0.9940874528981005,0.9972596500653117,0.9962745456058392,0.9892023169857533,0.9853608320403221,0.9970998613044919,0.9647177230547955,0.9882989478165529,0.9667446532139392,0.8543353735399374,0.8520215272305077,0.5849012370988746,1.0,0.9153826090808767,0.26342539135365994,-0.2798893559241548,0.8726001354033306,0.9425237815699006,0.9675354176493709,0.9318781790254523,0.9388839885837916,0.9723466048990339,0.9340055710410519,0.8973168929456677,0.9684767940883126,0.9579540007660592,0.9240182505839593],[0.932661464658013,0.915837119194557,0.9319132244252636,0.9373628669467717,0.9266714997710387,0.9039328553691076,0.905254141868061,0.8996725313659402,0.9169329451822453,0.9372260002376418,0.9222471138041557,0.9338371976280347,0.918588020086488,0.9122145768154238,0.922401795975416,0.8982661104009732,0.9138556619723268,0.9035104261201713,0.8061028711241911,0.867357980735152,0.6916360446156145,0.9153826090808767,1.0,0.30217006019798087,-0.190032289614098,0.7143371629656995,0.9127560363563034,0.897840957977069,0.8978675337395065,0.856859377222331,0.9342274593864814,0.8713487195342812,0.8396920160128757,0.9292929055112776,0.8835874013691511,0.856247640528344],[0.36871625074930764,0.36874829715488466,0.19746800227141473,0.33645552427081044,0.16270759523493813,0.24469981100797789,0.10419714435059159,0.2228664403320924,0.0820517473597974,0.3415438399807695,-0.13860490041567453,0.0760270356069913,-0.40505728051318657,-0.7501196249498735,-0.1361896198740689,0.10064670937202912,-0.07800744573377404,0.18692701693812153,0.26526928613572204,0.6376752878449409,0.7248139477991841,0.26342539135365994,0.30217006019798087,1.0,-0.3816806446567736,0.2644103780870783,0.25453098008490976,0.17411500370932612,0.4636517953374319,0.4570616098380501,0.3054138715354765,0.47920358859936546,0.40503249828407767,0.33199278616672895,0.2549724387243113,0.37251570429039627],[-0.2991829474297473,-0.23041771819103032,-0.22343387938122294,-0.288287416990793,-0.21258557423144062,-0.2203788175113164,-0.1591477137211048,-0.3106347434142911,-0.23310382449612102,-0.2877332777007976,0.38689295113603617,-0.193967849605502,0.4017150397570592,0.372028164053339,0.386893441687573,-0.19928822492469556,0.4143145905395931,-0.2923652435021058,-0.16473634358147748,-0.5253882893505369,-0.11617886415950533,-0.2798893559241548,-0.190032289614098,-0.3816806446567736,1.0,-0.15651881068544482,-0.2749986803310558,-0.18339173327429498,-0.3870465325385703,-0.37633430230442505,-0.3188908520807387,-0.34518838930567153,-0.20987207303106142,-0.34435841225655334,-0.18509604114530528,-0.3174042906979738],[0.8983814411116269,0.8764636361061144,0.8835259227763607,0.8902226883203563,0.84980995589543,0.9321232320178618,0.894583652269295,0.9064464050217795,0.8847443020433674,0.8909624821001869,0.8903363578039315,0.904595523521258,0.8731844413654826,0.8407534239230116,0.8903140465049052,0.9394301873200637,0.9188415798378244,0.9113240979133375,0.8569453567557794,0.7156002137081381,0.5346953597824741,0.8726001354033306,0.7143371629656995,0.2644103780870783,-0.15651881068544482,1.0,0.770737171528893,0.886216102814276,0.8216586033105405,0.8653134236720603,0.8300269354707848,0.8730759071606029,0.8685350231029542,0.8604930549693824,0.8689685558971767,0.8995112421240673],[0.9292191180687542,0.9229416960310405,0.9405745404975182,0.9397028373495178,0.9463806981754633,0.9022377347997276,0.8965470456246749,0.8818157231312095,0.8856238106665609,0.9379493704246876,0.9081098423338421,0.9235052722067295,0.9061649021936541,0.9030163939270272,0.9069957695016305,0.8906596693151753,0.8986495332907507,0.8769817993164706,0.7537924276962806,0.8338030530603366,0.6038995184847412,0.9425237815699006,0.9127560363563034,0.25453098008490976,-0.2749986803310558,0.770737171528893,1.0,0.8917294892807828,0.8867935533213863,0.8732567439826757,0.9147981256932993,0.8726001362106033,0.8367119834699576,0.9171802158382889,0.8964193472518731,0.8610823644116397],[0.9596949884783094,0.95908519595919,0.9714372311656911,0.9633096936363925,0.9573082110357025,0.9641084348217914,0.9603990881635397,0.944631396129006,0.9647106885168937,0.961874400657806,0.9645478755122735,0.9575966250992018,0.968497320379478,0.9648984816906079,0.963986550099803,0.9611854380595489,0.9665641091899808,0.9445929803007092,0.855554027483239,0.8133115098798736,0.6087976415868107,0.9675354176493709,0.897840957977069,0.17411500370932612,-0.18339173327429498,0.886216102814276,0.8917294892807828,1.0,0.9113086247087594,0.8943838602910218,0.9452624413314455,0.8948515447066512,0.8882389532972526,0.9507131061378422,0.9737248618135462,0.8934737903818093],[0.977544559768982,0.9582602381835672,0.9196734651175873,0.965059204927751,0.8887614275963138,0.9598367627837897,0.9041005784333023,0.9792795270981824,0.9379016387566733,0.9648074480839339,0.9556933006447527,0.9589257676096801,0.9389321569444617,0.932547190103222,0.9558845393895145,0.9632539652815941,0.9722010983899044,0.979760310419093,0.8919073318334153,0.959492140760923,0.7713365443635913,0.9318781790254523,0.8978675337395065,0.4636517953374319,-0.3870465325385703,0.8216586033105405,0.8867935533213863,0.9113086247087594,1.0,0.9865627762905845,0.9627732526114506,0.990619995927811,0.9533671563862777,0.9599292283818595,0.9166433409511124,0.968714653397762],[0.9647230797555979,0.9525295355434013,0.9079245108997174,0.9585325463223887,0.8838444243349296,0.9344307455700434,0.8713444297616467,0.9570401561477092,0.9056315044120187,0.9577306046052999,0.9407143472761004,0.9486888891563642,0.9088876779669375,0.8968638622285634,0.9410251838661486,0.9317468025384967,0.9491955061641857,0.9564624384224995,0.8583716779813476,0.9381198645747875,0.7020384800604106,0.9388839885837916,0.856859377222331,0.4570616098380501,-0.37633430230442505,0.8653134236720603,0.8732567439826757,0.8943838602910218,0.9865627762905845,1.0,0.9515326692063621,0.9843396940461049,0.9561136214934228,0.9402229366516736,0.9246135250715103,0.9638950462413131],[0.9788301063335629,0.9698768932953917,0.9662643128215419,0.9807472570086173,0.9535700223882241,0.9579462376352078,0.937810869385984,0.9693579199153685,0.9623704265447993,0.9798141601764296,0.971532357700455,0.9763817746034561,0.9559648480127864,0.94940785465377,0.9715025038772844,0.9545635164088959,0.9698499504730604,0.9678247288528384,0.8558301365613104,0.8997592925106652,0.6237086246011564,0.9723466048990339,0.9342274593864814,0.3054138715354765,-0.3188908520807387,0.8300269354707848,0.9147981256932993,0.9452624413314455,0.9627732526114506,0.9515326692063621,1.0,0.9526673625213511,0.9132761742916017,0.9783734848245493,0.962615240578496,0.9434638683081623],[0.9709053453017241,0.9571735669587669,0.912384006057973,0.9581606266669903,0.8812185731849378,0.954924490847122,0.8973236557170093,0.9660521604939809,0.9233468325126688,0.9575705517029737,0.9375140240399437,0.9483737469817999,0.9146416305697971,0.9150789315534854,0.9379506307314355,0.9560926924431716,0.9560642814765014,0.9647249540580922,0.8709850929388573,0.947033237703856,0.7374967923717453,0.9340055710410519,0.8713487195342812,0.47920358859936546,-0.34518838930567153,0.8730759071606029,0.8726001362106033,0.8948515447066512,0.990619995927811,0.9843396940461049,0.9526673625213511,1.0,0.9740536366805855,0.9465188846379273,0.9394893719770895,0.9646949650064154],[0.9410467977085242,0.940116556995923,0.8887756483832251,0.9253966892536314,0.8508218467999251,0.9527124788764542,0.9045037505709764,0.9375646516194766,0.9042919296387747,0.9240218317561744,0.9026807757675229,0.9199362437909838,0.8714284603258107,0.8495652853996484,0.9031171692104778,0.9518399319797286,0.9329737617904901,0.9372917383295258,0.8571936466087141,0.9004306265572631,0.7523404844136607,0.8973168929456677,0.8396920160128757,0.40503249828407767,-0.20987207303106142,0.8685350231029542,0.8367119834699576,0.8882389532972526,0.9533671563862777,0.9561136214934228,0.9132761742916017,0.9740536366805855,1.0,0.9072872046119423,0.9301107594156667,0.9545130914068013],[0.9825259817001725,0.9729894668578424,0.9640436096552689,0.9793897693198736,0.9454492903648936,0.9628213184593604,0.9361875053864754,0.963673267347055,0.9533102605374439,0.9786265729122253,0.9694640447277473,0.9750558448127936,0.9670460659389577,0.9678741436434092,0.969415724242998,0.9649002322083938,0.9757682343273202,0.9629190452472458,0.854887359582542,0.9006039426706788,0.6629398519664608,0.9684767940883126,0.9292929055112776,0.33199278616672895,-0.34435841225655334,0.8604930549693824,0.9171802158382889,0.9507131061378422,0.9599292283818595,0.9402229366516736,0.9783734848245493,0.9465188846379273,0.9072872046119423,1.0,0.9595817215431162,0.9442345759539734],[0.9747088962753759,0.9660086125960387,0.9713916152007303,0.9726166815574854,0.952021088739871,0.9795712765000462,0.9688171505723222,0.9616336662066921,0.9737589649351757,0.971518775062041,0.9808192682992833,0.9712192967831412,0.977888658758076,0.9759967989467552,0.9807664279666264,0.9788879410547967,0.9866031775774904,0.959714018311295,0.875915089277393,0.85176481946778,0.6306591864705079,0.9579540007660592,0.8835874013691511,0.2549724387243113,-0.18509604114530528,0.8689685558971767,0.8964193472518731,0.9737248618135462,0.9166433409511124,0.9246135250715103,0.962615240578496,0.9394893719770895,0.9301107594156667,0.9595817215431162,1.0,0.9229719719477308],[0.9557658055761503,0.9506882670446721,0.9162839425081918,0.9446745322249219,0.883896121354791,0.9578943930700823,0.9132936709541029,0.9677642492425099,0.9282478674107569,0.9431671492228866,0.9388347647038157,0.9471854005883815,0.931167143062282,0.9251801505142204,0.939321269024839,0.9621125037827561,0.9626440862366623,0.9688942000757733,0.8954828225873664,0.886467061776388,0.6807620698577229,0.9240182505839593,0.856247640528344,0.37251570429039627,-0.3174042906979738,0.8995112421240673,0.8610823644116397,0.8934737903818093,0.968714653397762,0.9638950462413131,0.9434638683081623,0.9646949650064154,0.9545130914068013,0.9442345759539734,0.9229719719477308,1.0]],"x":["^TAIEX       \u81fa\u7063\u52a0\u6b0a\u5831\u916c\u6307\u6578","^TWII        \u81fa\u7063\u52a0\u6b0a\u6307\u6578","^TAIEXx2     \u81fa\u7063\u52a0\u6b0a\u5831\u916c\u6307\u6578_\u65e5\u6b632","^TAI50I      \u81fa\u706350\u5831\u916c\u6307\u6578","^TAI50Ix2    \u81fa\u706350\u5831\u916c\u6307\u6578_\u65e5\u6b632","^TAI100I     \u81fa\u7063\u4e2d\u578b100\u5831\u916c\u6307\u6578","^TAI100Ix2   \u81fa\u7063\u4e2d\u578b100\u5831\u916c\u6307\u6578_\u65e5\u6b632","^TAIDIVIDI   \u81fa\u7063\u9ad8\u80a1\u606f\u5831\u916c\u6307\u6578","^TAIDIVIDIx2 \u81fa\u7063\u9ad8\u80a1\u606f\u5831\u916c\u6307\u6578_\u65e5\u6b632","0050Fund     \u5143\u5927\u53f0\u7063\u5353\u8d8a50\u57fa\u91d1","006208Fund   \u5bcc\u90a6\u53f0\u7063\u91c6\u540950\u57fa\u91d1","0050         \u5143\u5927\u81fa\u706350","00631L       \u5143\u5927\u53f0\u706350\u6b632","00675L       \u5bcc\u90a6\u81fa\u7063\u52a0\u6b0a\u6b632","006208       \u5bcc\u90a6\u53f050","0051         \u5143\u5927\u4e2d\u578b100","006204       \u6c38\u8c50\u81fa\u7063\u52a0\u6b0a","0056         \u5143\u5927\u9ad8\u80a1\u606f","0056         \u5143\u5927\u9ad8\u80a1\u606f_\u80a1\u606f\u4e0d\u6295\u5165","2412         \u4e2d\u83ef\u96fb\u4fe1","2002         \u4e2d\u92fc","2330         \u53f0\u7a4d\u96fb","2317         \u9d3b\u6d77","6505         \u53f0\u5851\u77f3\u5316","3481         \u7fa4\u5275","2303         \u806f\u96fb","2308         \u53f0\u9054\u96fb","2454         \u806f\u767c\u79d1","2886         \u5146\u8c50\u91d1","2884         \u7389\u5c71\u91d1","2891         \u4e2d\u4fe1\u91d1","2892         \u7b2c\u4e00\u91d1","5880         \u5408\u5eab\u91d1","2881         \u5bcc\u90a6\u91d1","2885         \u5143\u5927\u91d1","2887         \u53f0\u65b0\u91d1"],"y":["^TAIEX       \u81fa\u7063\u52a0\u6b0a\u5831\u916c\u6307\u6578","^TWII        \u81fa\u7063\u52a0\u6b0a\u6307\u6578","^TAIEXx2     \u81fa\u7063\u52a0\u6b0a\u5831\u916c\u6307\u6578_\u65e5\u6b632","^TAI50I      \u81fa\u706350\u5831\u916c\u6307\u6578","^TAI50Ix2    \u81fa\u706350\u5831\u916c\u6307\u6578_\u65e5\u6b632","^TAI100I     \u81fa\u7063\u4e2d\u578b100\u5831\u916c\u6307\u6578","^TAI100Ix2   \u81fa\u7063\u4e2d\u578b100\u5831\u916c\u6307\u6578_\u65e5\u6b632","^TAIDIVIDI   \u81fa\u7063\u9ad8\u80a1\u606f\u5831\u916c\u6307\u6578","^TAIDIVIDIx2 \u81fa\u7063\u9ad8\u80a1\u606f\u5831\u916c\u6307\u6578_\u65e5\u6b632","0050Fund     \u5143\u5927\u53f0\u7063\u5353\u8d8a50\u57fa\u91d1","006208Fund   \u5bcc\u90a6\u53f0\u7063\u91c6\u540950\u57fa\u91d1","0050         \u5143\u5927\u81fa\u706350","00631L       \u5143\u5927\u53f0\u706350\u6b632","00675L       \u5bcc\u90a6\u81fa\u7063\u52a0\u6b0a\u6b632","006208       \u5bcc\u90a6\u53f050","0051         \u5143\u5927\u4e2d\u578b100","006204       \u6c38\u8c50\u81fa\u7063\u52a0\u6b0a","0056         \u5143\u5927\u9ad8\u80a1\u606f","0056         \u5143\u5927\u9ad8\u80a1\u606f_\u80a1\u606f\u4e0d\u6295\u5165","2412         \u4e2d\u83ef\u96fb\u4fe1","2002         \u4e2d\u92fc","2330         \u53f0\u7a4d\u96fb","2317         \u9d3b\u6d77","6505         \u53f0\u5851\u77f3\u5316","3481         \u7fa4\u5275","2303         \u806f\u96fb","2308         \u53f0\u9054\u96fb","2454         \u806f\u767c\u79d1","2886         \u5146\u8c50\u91d1","2884         \u7389\u5c71\u91d1","2891         \u4e2d\u4fe1\u91d1","2892         \u7b2c\u4e00\u91d1","5880         \u5408\u5eab\u91d1","2881         \u5bcc\u90a6\u91d1","2885         \u5143\u5927\u91d1","2887         \u53f0\u65b0\u91d1"],"zmin":-1,"zmax":1,"colorbar":{"x":-0.2}}],"layout":{"autotypenumbers":"strict","colorway":["#636efa","#EF553B","#00cc96","#ab63fa","#FFA15A","#19d3f3","#FF6692","#B6E880","#FF97FF","#FECB52"],"font":{"color":"#f2f5fa","family":"Courier New"},"hovermode":"closest","hoverlabel":{"align":"left"},"paper_bgcolor":"rgb(17,17,17)","plot_bgcolor":"rgb(17,17,17)","polar":{"bgcolor":"rgb(17,17,17)","angularaxis":{"gridcolor":"#506784","linecolor":"#506784","ticks":""},"radialaxis":{"gridcolor":"#506784","linecolor":"#506784","ticks":""}},"ternary":{"bgcolor":"rgb(17,17,17)","aaxis":{"gridcolor":"#506784","linecolor":"#506784","ticks":""},"baxis":{"gridcolor":"#506784","linecolor":"#506784","ticks":""},"caxis":{"gridcolor":"#506784","linecolor":"#506784","ticks":""}},"coloraxis":{"colorbar":{"outlinewidth":0,"ticks":""}},"colorscale":{"sequential":[[0.0,"#0d0887"],[0.1111111111111111,"#46039f"],[0.2222222222222222,"#7201a8"],[0.3333333333333333,"#9c179e"],[0.4444444444444444,"#bd3786"],[0.5555555555555556,"#d8576b"],[0.6666666666666666,"#ed7953"],[0.7777777777777778,"#fb9f3a"],[0.8888888888888888,"#fdca26"],[1.0,"#f0f921"]],"sequentialminus":[[0.0,"#0d0887"],[0.1111111111111111,"#46039f"],[0.2222222222222222,"#7201a8"],[0.3333333333333333,"#9c179e"],[0.4444444444444444,"#bd3786"],[0.5555555555555556,"#d8576b"],[0.6666666666666666,"#ed7953"],[0.7777777777777778,"#fb9f3a"],[0.8888888888888888,"#fdca26"],[1.0,"#f0f921"]],"diverging":[[0,"#8e0152"],[0.1,"#c51b7d"],[0.2,"#de77ae"],[0.3,"#f1b6da"],[0.4,"#fde0ef"],[0.5,"#f7f7f7"],[0.6,"#e6f5d0"],[0.7,"#b8e186"],[0.8,"#7fbc41"],[0.9,"#4d9221"],[1,"#276419"]]},"xaxis":{"gridcolor":"rgba(0, 0, 0, 0)","linecolor":"#506784","ticks":"","title":{"standoff":15},"zerolinecolor":"#283442","automargin":true,"zerolinewidth":2,"tickfont":{"family":"Courier New","size":14},"side":"top","tickangle":-90},"yaxis":{"gridcolor":"rgba(0, 0, 0, 0)","linecolor":"#506784","ticks":"","title":{"standoff":15},"zerolinecolor":"#283442","automargin":true,"zerolinewidth":2,"tickfont":{"family":"Courier New"},"side":"right"},"scene":{"xaxis":{"backgroundcolor":"rgb(17,17,17)","gridcolor":"#506784","linecolor":"#506784","showbackground":true,"ticks":"","zerolinecolor":"#C8D4E3","gridwidth":2},"yaxis":{"backgroundcolor":"rgb(17,17,17)","gridcolor":"#506784","linecolor":"#506784","showbackground":true,"ticks":"","zerolinecolor":"#C8D4E3","gridwidth":2},"zaxis":{"backgroundcolor":"rgb(17,17,17)","gridcolor":"#506784","linecolor":"#506784","showbackground":true,"ticks":"","zerolinecolor":"#C8D4E3","gridwidth":2}},"shapedefaults":{"line":{"color":"#f2f5fa"}},"annotationdefaults":{"arrowcolor":"#f2f5fa","arrowhead":0,"arrowwidth":1},"geo":{"bgcolor":"rgb(17,17,17)","landcolor":"rgb(17,17,17)","subunitcolor":"#506784","showland":true,"showlakes":true,"lakecolor":"rgb(17,17,17)"},"title":{"x":0.05,"font":{"family":"Times New Roman"},"y":0.05,"text":"<b>Correlation of Adj Close<b><br><i>2016-09-23 ~ 2025-12-02<i>"},"updatemenudefaults":{"bgcolor":"#506784","borderwidth":0},"sliderdefaults":{"bgcolor":"#C8D4E3","borderwidth":1,"bordercolor":"rgb(17,17,17)","tickwidth":0},"mapbox":{"style":"dark"},"annotations":[{"text":"<b>@zwindr<b>","textangle":0,"opacity":0.5,"font":{"color":"white","size":12},"xref":"paper","yref":"paper","xanchor":"left","yanchor":"bottom","x":1.0,"y":1.0,"showarrow":false}]},"config":{"responsive":true,"toImageButtonOptions":{"filename":"Correlation of Adj Close_2016-09-23~2025-12-02","scale":5}}};Plotly.newPlot("correlationAdjClose",correlationAdjClose.data,correlationAdjClose.layout||{},correlationAdjClose.config);}else{console.log("style display is none => correlationAdjClose");}