var element=document.getElementById("correlationAdjClose");if(element.style.display!='none'){var correlationAdjClose={"data":[{"type":"heatmap","z":[[1.0,0.9962840672213019,0.9572626794061365,0.9964282020188846,0.9250457871069663,0.9880525678050854,0.9627952222909746,0.9809262597643453,0.9805830169340987,0.9965561369711113,0.9964264638397267,0.9966812854901806,0.8579651194951495,0.9854817948436806,0.9965253290538231,0.9887563857153093,0.9997697739157945,0.9805898178169747,0.8925772504295217,0.8950274736752348,0.6075580445615254,0.9852185371569879,0.9441119532675201,0.28438236184369153,-0.23033287462346289,0.9151096964907431,0.889995233611267,0.9573023437957356,0.9465527113777777,0.9465860039616891,0.9829333852238764,0.9464637424945658,0.9050584292728856,0.9724505316696758,0.9822218587980951,0.9603181418407672],[0.9962840672213019,1.0,0.9601840672666709,0.9936338630650315,0.9288425590549924,0.9845971598674449,0.9627702070996955,0.9719352687531383,0.9755355184820846,0.9946673920098135,0.9962339298381436,0.9958039932369337,0.864747929717016,0.9875807452379186,0.9962895345526772,0.9844942496383945,0.9979565132351775,0.9735668167039685,0.9043735977454769,0.8838006623762796,0.6328474665387874,0.975510697489091,0.9271855957583964,0.2807649612388536,-0.17178506190464568,0.898660171543901,0.8931123619181945,0.9601196105440124,0.9289855942900648,0.9342855874431693,0.9757093603452758,0.9318383395832776,0.9033159329003854,0.9629749308038523,0.9759749522705766,0.9549466143419268],[0.9572626794061365,0.9601840672666709,1.0,0.9742278066307355,0.9939986458788872,0.9496484400505708,0.9805231189753574,0.9063638324658747,0.9509858880327755,0.97429760263124,0.981399407018397,0.978401206654306,0.8862454098598891,0.9972890410125526,0.9813857953203065,0.9472079965984739,0.9684913329133522,0.9068403921233916,0.8073622885706885,0.7502342290096539,0.4254636092323987,0.9831014804519365,0.9007134830256943,0.10727612342342528,-0.12833527478013262,0.8751886902998447,0.963503507827974,0.9635038929484908,0.8220947193526369,0.8335621942296986,0.9403455734837234,0.8268728168350525,0.78011313093166,0.8960542863612228,0.9571508518599922,0.8870943177789159],[0.9964282020188846,0.9936338630650315,0.9742278066307355,1.0,0.9495659373471801,0.9796158736165989,0.9661173964737069,0.9659972130188296,0.9749744243821961,0.9999802678148348,0.9999947029522932,0.9999732873219174,0.8677509420674828,0.9906777166825356,0.9999659621959642,0.9779196806924397,0.995981425404623,0.9653432846522179,0.868289321966671,0.8665502874310909,0.558409499781592,0.9951428878663192,0.9427102487210229,0.2449182910734807,-0.21147847898827157,0.9048485484671563,0.9149020873420152,0.9625145415757491,0.921908430763193,0.9293281169226283,0.981858435595076,0.9228552766583914,0.8768266051295368,0.9608074700823697,0.9804957401067449,0.9463759464620737],[0.9250457871069663,0.9288425590549924,0.9939986458788872,0.9495659373471801,1.0,0.9113592662560354,0.9577595462351545,0.8605207387498018,0.9158307861413691,0.9501600365941691,0.9613930170259792,0.9569309746542518,0.8795035770580082,0.9845076184086621,0.961226573323053,0.9083435125188097,0.9394273567240846,0.8609009483664036,0.754848159578725,0.6961952798748138,0.3618727605225107,0.9649342910335498,0.8701002321682891,0.07066460475095356,-0.10598686231319548,0.8317879654055851,0.9764247313863035,0.9410704653328346,0.7643131267888766,0.7834232746136159,0.9091388019465079,0.7710087013535788,0.7170083229135428,0.8514165816216013,0.9254811112471383,0.8414479874596885],[0.9880525678050854,0.9845971598674449,0.9496484400505708,0.9796158736165989,0.9113592662560354,1.0,0.9784052125071223,0.9803670340928887,0.98674949257785,0.9792301260292026,0.9741494649783076,0.9772095504067534,0.8393107533561422,0.9573891273289343,0.974151462441046,0.9999227111068387,0.9895651729278764,0.981198048948525,0.9006896108455633,0.8636723848621153,0.578197205360376,0.9709008636061766,0.9244858163360961,0.17655613253710925,-0.17096156564165133,0.9402856845025793,0.8651036824128799,0.9571022262779026,0.9374514724414511,0.9263805548025859,0.968027180138983,0.9383565574772212,0.9203579490369226,0.960091091182164,0.9845352422721019,0.9637133985065002],[0.9627952222909746,0.9627702070996955,0.9805231189753574,0.9661173964737069,0.9577595462351545,0.9784052125071223,1.0,0.9373498388167247,0.9791151117709058,0.9653136044638768,0.9739945925226301,0.9706524627786571,0.8710895337270937,0.9825514919762949,0.9737381293679946,0.979650346671051,0.9777985396893535,0.9401085832633386,0.8482318014834107,0.7688156427659869,0.44542108171141603,0.9691681289610196,0.9120679566894094,0.044362131402541374,-0.10206811234910823,0.9028752693776694,0.9154269022837274,0.9659371228309978,0.8554550960781946,0.8461540842454831,0.9447332023663833,0.8579478789500853,0.8386559308911258,0.9133156766920377,0.9741083081239647,0.9126252078123085],[0.9809262597643453,0.9719352687531383,0.9063638324658747,0.9659972130188296,0.8605207387498018,0.9803670340928887,0.9373498388167247,1.0,0.9820037795367293,0.9659047964861935,0.960184459120858,0.9646623467004006,0.7985122287879989,0.9261280182639587,0.9605685697172209,0.9822177288420233,0.9777625745413457,0.9998976138963857,0.9340004352945649,0.9306195664997013,0.5686792883770553,0.95074329778626,0.9177760950325246,0.1544508922048029,-0.2661336951967459,0.9193815291723186,0.7973500151970321,0.9253632543058679,0.972636140174728,0.9582843243157043,0.9687901746619365,0.9640679497130602,0.9289499742464757,0.9684588694069715,0.958872675263482,0.9724276567703038],[0.9805830169340987,0.9755355184820846,0.9509858880327755,0.9749744243821961,0.9158307861413691,0.98674949257785,0.9791151117709058,0.9820037795367293,1.0,0.9744500495240845,0.9698980839104395,0.9729450993210281,0.8352165772337544,0.9509618384651621,0.9697322664223531,0.9860775124323172,0.979376624513553,0.9818876888939979,0.9039435711307543,0.86001762495132,0.46993173625362084,0.9694597505966752,0.9344111709235453,0.0168960480034271,-0.1812906215694426,0.9073463842445079,0.850530604844714,0.9607788560691191,0.9200515523923253,0.9027879700617918,0.9693424886927479,0.9132363224688148,0.8798166698204832,0.9529120098633317,0.9791377406231646,0.9394779687812678],[0.9965561369711113,0.9946673920098135,0.97429760263124,0.9999802678148348,0.9501600365941691,0.9792301260292026,0.9653136044638768,0.9659047964861935,0.9744500495240845,1.0,0.9999941781848903,0.9999860739714086,0.8685497772690012,0.9908160067593892,0.9999675024785881,0.9775862210322301,0.9958676013920986,0.9651760112397646,0.8694507682518556,0.8673518572777615,0.5509730887445216,0.9953602598336942,0.9430337693560464,0.24844958664459266,-0.21025326042169115,0.905208701638471,0.9137625432633778,0.9617148429420516,0.920562330026008,0.9276514295664681,0.9811916789582954,0.9214807988025596,0.8745083092186451,0.9594858274460355,0.9800128083481461,0.9453585396907086],[0.9964264638397267,0.9962339298381436,0.981399407018397,0.9999947029522932,0.9613930170259792,0.9741494649783076,0.9739945925226301,0.960184459120858,0.9698980839104395,0.9999941781848903,1.0,0.9999804298447308,0.8687133891118909,0.9907518885549783,0.9999694795892584,0.9735729590248625,0.9957427425930436,0.9606742832093974,0.8848166989650607,0.8962000975265403,0.3865383663419319,0.997856702048552,0.9325521699571644,-0.21727214088419722,0.5760284082973418,0.8967756206754767,0.9027927819545496,0.961191359864639,0.9003209266196375,0.9057914146175613,0.9754358967464279,0.893723261212453,0.8315290665225361,0.9464576493735082,0.9853213474035866,0.9423612511073239],[0.9966812854901806,0.9958039932369337,0.978401206654306,0.9999732873219174,0.9569309746542518,0.9772095504067534,0.9706524627786571,0.9646623467004006,0.9729450993210281,0.9999860739714086,0.9999804298447308,1.0,0.8686223783711008,0.9908061300134016,0.9999769260594928,0.9768177222786444,0.995792921355237,0.9646910489826108,0.8767174800001329,0.8852242880625933,0.46988775410351863,0.9970667410569564,0.9411946898032618,-0.018237315852215486,-0.04928679655890095,0.9101060261563165,0.9070646955999782,0.9590262688719111,0.9100639565879846,0.9155155548722783,0.9783732935474262,0.9090247394987125,0.8607271735114156,0.9542459381637621,0.9801107944713564,0.9460899251137921],[0.8579651194951495,0.864747929717016,0.8862454098598891,0.8677509420674828,0.8795035770580082,0.8393107533561422,0.8710895337270937,0.7985122287879989,0.8352165772337544,0.8685497772690012,0.8687133891118909,0.8686223783711008,1.0,0.9998605485759171,0.8683245608858066,0.8393421965349379,0.8592561776199232,0.8004819294816755,0.7212273816469587,0.6972655229871583,0.2103624320276171,0.8685541086656187,0.8035373784143875,-0.4871833851969908,0.5675938594808456,0.7494658861310366,0.849545655523884,0.8604631638680561,0.7095096112885817,0.7097174518796502,0.8313731783051566,0.699684794123701,0.6243989556060083,0.7950604051522491,0.8525560404653318,0.795558523174918],[0.9854817948436806,0.9875807452379186,0.9972890410125526,0.9906777166825356,0.9845076184086621,0.9573891273289343,0.9825514919762949,0.9261280182639587,0.9509618384651621,0.9908160067593892,0.9907518885549783,0.9908061300134016,0.9998605485759171,1.0,0.9907253193235067,0.9565317938698835,0.9847337478703485,0.9272141765291924,0.8318231033985244,0.8689776490562223,0.12055920022925146,0.9866675428252843,0.89746454760128,-0.6864480860638961,0.6032805824399126,0.8448450382471767,0.9434725256671702,0.9583407366178083,0.8259179150746034,0.8405353846722029,0.9448790192063725,0.8361629543202419,0.722159307239676,0.8986912836954933,0.9682253568802717,0.9180508882444599],[0.9965253290538231,0.9962895345526772,0.9813857953203065,0.9999659621959642,0.961226573323053,0.974151462441046,0.9737381293679946,0.9605685697172209,0.9697322664223531,0.9999675024785881,0.9999694795892584,0.9999769260594928,0.8683245608858066,0.9907253193235067,1.0,0.9737051377008757,0.9958443020880828,0.9610776864806307,0.8854870367317094,0.8978072634958602,0.38961195173365576,0.997718907774502,0.9324859062934313,-0.213895026650484,0.5718099123156818,0.8963430838271612,0.9019267928799866,0.9618207983837346,0.9021089226225624,0.9074757269338468,0.975555149119768,0.8956612475236279,0.8338987681393083,0.9469833199124381,0.9853354381505292,0.943262314739464],[0.9887563857153093,0.9844942496383945,0.9472079965984739,0.9779196806924397,0.9083435125188097,0.9999227111068387,0.979650346671051,0.9822177288420233,0.9860775124323172,0.9775862210322301,0.9735729590248625,0.9768177222786444,0.8393421965349379,0.9565317938698835,0.9737051377008757,1.0,0.9894350564523142,0.9815855552280471,0.9034524794485423,0.8880641690942762,0.5531174031293009,0.9685088894464744,0.920499842735837,0.025561658677179435,-0.1170628281518711,0.9453415218941342,0.8545193796426647,0.955507796175907,0.9401656384406814,0.9240186721049072,0.9655230054178322,0.9395789099422782,0.9174431233570489,0.9620757414016559,0.9836854844388128,0.9667393933433712],[0.9997697739157945,0.9979565132351775,0.9684913329133522,0.995981425404623,0.9394273567240846,0.9895651729278764,0.9777985396893535,0.9777625745413457,0.979376624513553,0.9958676013920986,0.9957427425930436,0.995792921355237,0.8592561776199232,0.9847337478703485,0.9958443020880828,0.9894350564523142,1.0,0.9782091071511655,0.9118287013468388,0.9175231795367573,0.45995664302588274,0.9897338664016337,0.9314828606069863,-0.16063558355864005,0.5776052340440319,0.923448747523083,0.8783580544297498,0.9618970370600168,0.9318904573247074,0.9270582171583418,0.977255069057772,0.9249406367358373,0.8781380918533588,0.9625207651202852,0.9908962383122284,0.9648329938826418],[0.9805898178169747,0.9735668167039685,0.9068403921233916,0.9653432846522179,0.8609009483664036,0.981198048948525,0.9401085832633386,0.9998976138963857,0.9818876888939979,0.9651760112397646,0.9606742832093974,0.9646910489826108,0.8004819294816755,0.9272141765291924,0.9610776864806307,0.9815855552280471,0.9782091071511655,1.0,0.9366234203356163,0.9367469956079502,0.5644932680127549,0.9491408935104088,0.9206011622558866,0.11731444292920393,-0.22007260388439479,0.9239698402190332,0.7938921579621698,0.9276646544707783,0.9730463104792656,0.9577613667793275,0.9672367175803346,0.9629816914424758,0.9282224529792558,0.9676437169131781,0.9572562121386344,0.9731721225556165],[0.8925772504295217,0.9043735977454769,0.8073622885706885,0.868289321966671,0.754848159578725,0.9006896108455633,0.8482318014834107,0.9340004352945649,0.9039435711307543,0.8694507682518556,0.8848166989650607,0.8767174800001329,0.7212273816469587,0.8318231033985244,0.8854870367317094,0.9034524794485423,0.9118287013468388,0.9366234203356163,1.0,0.8450095769013477,0.6529958500100725,0.8397361516495507,0.8260265005532881,0.2076599997379379,-0.11891341021590608,0.8718520941519267,0.6791861830061117,0.8422891501292623,0.9007678835817766,0.8726531825382777,0.8605493128306765,0.883360480274527,0.8649439060101314,0.8697342328114747,0.8718510821148276,0.902542824045731],[0.8950274736752348,0.8838006623762796,0.7502342290096539,0.8665502874310909,0.6961952798748138,0.8636723848621153,0.7688156427659869,0.9306195664997013,0.86001762495132,0.8673518572777615,0.8962000975265403,0.8852242880625933,0.6972655229871583,0.8689776490562223,0.8978072634958602,0.8880641690942762,0.9175231795367573,0.9367469956079502,0.8450095769013477,1.0,0.8081227193077057,0.8159553140116063,0.8681545291717552,0.595249042350551,-0.4900835568813243,0.732306501863788,0.6894532820396881,0.7810435186742068,0.9626335298590204,0.9419979563480053,0.8843375337556887,0.9511922902334491,0.9079587100922681,0.9035416777870124,0.8369131469117845,0.8862366755713799],[0.6075580445615254,0.6328474665387874,0.4254636092323987,0.558409499781592,0.3618727605225107,0.578197205360376,0.44542108171141603,0.5686792883770553,0.46993173625362084,0.5509730887445216,0.3865383663419319,0.46988775410351863,0.2103624320276171,0.12055920022925146,0.38961195173365576,0.5531174031293009,0.45995664302588274,0.5644932680127549,0.6529958500100725,0.8081227193077057,1.0,0.5009602018044294,0.6445831176714333,0.7214218768858542,-0.11576520778394915,0.5014040785163548,0.4079573799370755,0.5179639954105555,0.7532875907385682,0.6757935122074837,0.5585129435643075,0.7108453944513836,0.7409301947644159,0.6253962400104296,0.5631368243699137,0.6305366161842119],[0.9852185371569879,0.975510697489091,0.9831014804519365,0.9951428878663192,0.9649342910335498,0.9709008636061766,0.9691681289610196,0.95074329778626,0.9694597505966752,0.9953602598336942,0.997856702048552,0.9970667410569564,0.8685541086656187,0.9866675428252843,0.997718907774502,0.9685088894464744,0.9897338664016337,0.9491408935104088,0.8397361516495507,0.8159553140116063,0.5009602018044294,1.0,0.9195412493932044,0.1800682760296407,-0.1987527225869326,0.8873745050357522,0.928378151019888,0.962216524035887,0.8846577524905385,0.9049111379624882,0.973206450619864,0.8942462516930527,0.8441546942726825,0.945063988910025,0.9685603205403158,0.9265921187461876],[0.9441119532675201,0.9271855957583964,0.9007134830256943,0.9427102487210229,0.8701002321682891,0.9244858163360961,0.9120679566894094,0.9177760950325246,0.9344111709235453,0.9430337693560464,0.9325521699571644,0.9411946898032618,0.8035373784143875,0.89746454760128,0.9324859062934313,0.920499842735837,0.9314828606069863,0.9206011622558866,0.8260265005532881,0.8681545291717552,0.6445831176714333,0.9195412493932044,1.0,0.24313868293185475,-0.15262048716281193,0.7661227001632104,0.8313093219947938,0.8965895078698367,0.8999655023915663,0.873030125903776,0.9471388867332683,0.8807870726999446,0.8424099195739048,0.9412679920128743,0.9051326149920288,0.8843787963872038],[0.28438236184369153,0.2807649612388536,0.10727612342342528,0.2449182910734807,0.07066460475095356,0.17655613253710925,0.044362131402541374,0.1544508922048029,0.0168960480034271,0.24844958664459266,-0.21727214088419722,-0.018237315852215486,-0.4871833851969908,-0.6864480860638961,-0.213895026650484,0.025561658677179435,-0.16063558355864005,0.11731444292920393,0.2076599997379379,0.595249042350551,0.7214218768858542,0.1800682760296407,0.24313868293185475,1.0,-0.38046540251152444,0.2149871438445109,0.11476183467961253,0.11511020609949192,0.42561601676280586,0.4109912111049737,0.23539559600941418,0.43621027118978556,0.3768084511393267,0.28237901587740344,0.1877186799525936,0.3104555114593013],[-0.23033287462346289,-0.17178506190464568,-0.12833527478013262,-0.21147847898827157,-0.10598686231319548,-0.17096156564165133,-0.10206811234910823,-0.2661336951967459,-0.1812906215694426,-0.21025326042169115,0.5760284082973418,-0.04928679655890095,0.5675938594808456,0.6032805824399126,0.5718099123156818,-0.1170628281518711,0.5776052340440319,-0.22007260388439479,-0.11891341021590608,-0.4900835568813243,-0.11576520778394915,-0.1987527225869326,-0.15262048716281193,-0.38046540251152444,1.0,-0.1215069738517667,-0.1250673969403008,-0.12112204425813317,-0.3596210449824024,-0.3433837871996199,-0.2542324244074225,-0.3169723622744236,-0.19626269867284155,-0.3017434355884844,-0.13518906098937195,-0.2689724324735304],[0.9151096964907431,0.898660171543901,0.8751886902998447,0.9048485484671563,0.8317879654055851,0.9402856845025793,0.9028752693776694,0.9193815291723186,0.9073463842445079,0.905208701638471,0.8967756206754767,0.9101060261563165,0.7494658861310366,0.8448450382471767,0.8963430838271612,0.9453415218941342,0.923448747523083,0.9239698402190332,0.8718520941519267,0.732306501863788,0.5014040785163548,0.8873745050357522,0.7661227001632104,0.2149871438445109,-0.1215069738517667,1.0,0.7726765331043892,0.9048272907028726,0.8260030572276286,0.8697120022198719,0.8590109523931496,0.8735581929903063,0.8568457971309136,0.8748750446579401,0.8923269154135807,0.9099268070426275],[0.889995233611267,0.8931123619181945,0.963503507827974,0.9149020873420152,0.9764247313863035,0.8651036824128799,0.9154269022837274,0.7973500151970321,0.850530604844714,0.9137625432633778,0.9027927819545496,0.9070646955999782,0.849545655523884,0.9434725256671702,0.9019267928799866,0.8545193796426647,0.8783580544297498,0.7938921579621698,0.6791861830061117,0.6894532820396881,0.4079573799370755,0.928378151019888,0.8313093219947938,0.11476183467961253,-0.1250673969403008,0.7726765331043892,1.0,0.8927563669717972,0.7330031803244778,0.7471163474875877,0.8654070904662632,0.7334330614103594,0.681558692344852,0.8060440871596787,0.8792894875717777,0.8048589480707462],[0.9573023437957356,0.9601196105440124,0.9635038929484908,0.9625145415757491,0.9410704653328346,0.9571022262779026,0.9659371228309978,0.9253632543058679,0.9607788560691191,0.9617148429420516,0.961191359864639,0.9590262688719111,0.8604631638680561,0.9583407366178083,0.9618207983837346,0.955507796175907,0.9618970370600168,0.9276646544707783,0.8422891501292623,0.7810435186742068,0.5179639954105555,0.962216524035887,0.8965895078698367,0.11511020609949192,-0.12112204425813317,0.9048272907028726,0.8927563669717972,1.0,0.8623364422593299,0.8603941278261178,0.9362224724531737,0.8548994359843479,0.8300765236344323,0.9196648626754591,0.9667414903664848,0.8883092673402925],[0.9465527113777777,0.9289855942900648,0.8220947193526369,0.921908430763193,0.7643131267888766,0.9374514724414511,0.8554550960781946,0.972636140174728,0.9200515523923253,0.920562330026008,0.9003209266196375,0.9100639565879846,0.7095096112885817,0.8259179150746034,0.9021089226225624,0.9401656384406814,0.9318904573247074,0.9730463104792656,0.9007678835817766,0.9626335298590204,0.7532875907385682,0.8846577524905385,0.8999655023915663,0.42561601676280586,-0.3596210449824024,0.8260030572276286,0.7330031803244778,0.8623364422593299,1.0,0.9869774673953898,0.9415398472625894,0.9913135328786352,0.9566384771501315,0.9589022980885931,0.895558340448287,0.9600447980458051],[0.9465860039616891,0.9342855874431693,0.8335621942296986,0.9293281169226283,0.7834232746136159,0.9263805548025859,0.8461540842454831,0.9582843243157043,0.9027879700617918,0.9276514295664681,0.9057914146175613,0.9155155548722783,0.7097174518796502,0.8405353846722029,0.9074757269338468,0.9240186721049072,0.9270582171583418,0.9577613667793275,0.8726531825382777,0.9419979563480053,0.6757935122074837,0.9049111379624882,0.873030125903776,0.4109912111049737,-0.3433837871996199,0.8697120022198719,0.7471163474875877,0.8603941278261178,0.9869774673953898,1.0,0.9424526639161349,0.9859116133626064,0.9568229282844998,0.9466118848756795,0.9137816399434635,0.9625608342387746],[0.9829333852238764,0.9757093603452758,0.9403455734837234,0.981858435595076,0.9091388019465079,0.968027180138983,0.9447332023663833,0.9687901746619365,0.9693424886927479,0.9811916789582954,0.9754358967464279,0.9783732935474262,0.8313731783051566,0.9448790192063725,0.975555149119768,0.9655230054178322,0.977255069057772,0.9672367175803346,0.8605493128306765,0.8843375337556887,0.5585129435643075,0.973206450619864,0.9471388867332683,0.23539559600941418,-0.2542324244074225,0.8590109523931496,0.8654070904662632,0.9362224724531737,0.9415398472625894,0.9424526639161349,1.0,0.9381616013601325,0.8900445569045425,0.9746743077415901,0.9715232098067494,0.953735168498773],[0.9464637424945658,0.9318383395832776,0.8268728168350525,0.9228552766583914,0.7710087013535788,0.9383565574772212,0.8579478789500853,0.9640679497130602,0.9132363224688148,0.9214807988025596,0.893723261212453,0.9090247394987125,0.699684794123701,0.8361629543202419,0.8956612475236279,0.9395789099422782,0.9249406367358373,0.9629816914424758,0.883360480274527,0.9511922902334491,0.7108453944513836,0.8942462516930527,0.8807870726999446,0.43621027118978556,-0.3169723622744236,0.8735581929903063,0.7334330614103594,0.8548994359843479,0.9913135328786352,0.9859116133626064,0.9381616013601325,1.0,0.9744352767147123,0.9499381839815607,0.9192359446253064,0.9598795362144679],[0.9050584292728856,0.9033159329003854,0.78011313093166,0.8768266051295368,0.7170083229135428,0.9203579490369226,0.8386559308911258,0.9289499742464757,0.8798166698204832,0.8745083092186451,0.8315290665225361,0.8607271735114156,0.6243989556060083,0.722159307239676,0.8338987681393083,0.9174431233570489,0.8781380918533588,0.9282224529792558,0.8649439060101314,0.9079587100922681,0.7409301947644159,0.8441546942726825,0.8424099195739048,0.3768084511393267,-0.19626269867284155,0.8568457971309136,0.681558692344852,0.8300765236344323,0.9566384771501315,0.9568229282844998,0.8900445569045425,0.9744352767147123,1.0,0.9069596136690404,0.8947748168107581,0.9402373698966725],[0.9724505316696758,0.9629749308038523,0.8960542863612228,0.9608074700823697,0.8514165816216013,0.960091091182164,0.9133156766920377,0.9684588694069715,0.9529120098633317,0.9594858274460355,0.9464576493735082,0.9542459381637621,0.7950604051522491,0.8986912836954933,0.9469833199124381,0.9620757414016559,0.9625207651202852,0.9676437169131781,0.8697342328114747,0.9035416777870124,0.6253962400104296,0.945063988910025,0.9412679920128743,0.28237901587740344,-0.3017434355884844,0.8748750446579401,0.8060440871596787,0.9196648626754591,0.9589022980885931,0.9466118848756795,0.9746743077415901,0.9499381839815607,0.9069596136690404,1.0,0.9542362330903784,0.9519192526760911],[0.9822218587980951,0.9759749522705766,0.9571508518599922,0.9804957401067449,0.9254811112471383,0.9845352422721019,0.9741083081239647,0.958872675263482,0.9791377406231646,0.9800128083481461,0.9853213474035866,0.9801107944713564,0.8525560404653318,0.9682253568802717,0.9853354381505292,0.9836854844388128,0.9908962383122284,0.9572562121386344,0.8718510821148276,0.8369131469117845,0.5631368243699137,0.9685603205403158,0.9051326149920288,0.1877186799525936,-0.13518906098937195,0.8923269154135807,0.8792894875717777,0.9667414903664848,0.895558340448287,0.9137816399434635,0.9715232098067494,0.9192359446253064,0.8947748168107581,0.9542362330903784,1.0,0.9353016420487628],[0.9603181418407672,0.9549466143419268,0.8870943177789159,0.9463759464620737,0.8414479874596885,0.9637133985065002,0.9126252078123085,0.9724276567703038,0.9394779687812678,0.9453585396907086,0.9423612511073239,0.9460899251137921,0.795558523174918,0.9180508882444599,0.943262314739464,0.9667393933433712,0.9648329938826418,0.9731721225556165,0.902542824045731,0.8862366755713799,0.6305366161842119,0.9265921187461876,0.8843787963872038,0.3104555114593013,-0.2689724324735304,0.9099268070426275,0.8048589480707462,0.8883092673402925,0.9600447980458051,0.9625608342387746,0.953735168498773,0.9598795362144679,0.9402373698966725,0.9519192526760911,0.9353016420487628,1.0]],"x":["^TAIEX       \u81fa\u7063\u52a0\u6b0a\u5831\u916c\u6307\u6578","^TWII        \u81fa\u7063\u52a0\u6b0a\u6307\u6578","^TAIEXx2     \u81fa\u7063\u52a0\u6b0a\u5831\u916c\u6307\u6578_\u65e5\u6b632","^TAI50I      \u81fa\u706350\u5831\u916c\u6307\u6578","^TAI50Ix2    \u81fa\u706350\u5831\u916c\u6307\u6578_\u65e5\u6b632","^TAI100I     \u81fa\u7063\u4e2d\u578b100\u5831\u916c\u6307\u6578","^TAI100Ix2   \u81fa\u7063\u4e2d\u578b100\u5831\u916c\u6307\u6578_\u65e5\u6b632","^TAIDIVIDI   \u81fa\u7063\u9ad8\u80a1\u606f\u5831\u916c\u6307\u6578","^TAIDIVIDIx2 \u81fa\u7063\u9ad8\u80a1\u606f\u5831\u916c\u6307\u6578_\u65e5\u6b632","0050Fund     \u5143\u5927\u53f0\u7063\u5353\u8d8a50\u57fa\u91d1","006208Fund   \u5bcc\u90a6\u53f0\u7063\u91c6\u540950\u57fa\u91d1","0050         \u5143\u5927\u81fa\u706350","00631L       \u5143\u5927\u53f0\u706350\u6b632","00675L       \u5bcc\u90a6\u81fa\u7063\u52a0\u6b0a\u6b632","006208       \u5bcc\u90a6\u53f050","0051         \u5143\u5927\u4e2d\u578b100","006204       \u6c38\u8c50\u81fa\u7063\u52a0\u6b0a","0056         \u5143\u5927\u9ad8\u80a1\u606f","0056         \u5143\u5927\u9ad8\u80a1\u606f_\u80a1\u606f\u4e0d\u6295\u5165","2412         \u4e2d\u83ef\u96fb\u4fe1","2002         \u4e2d\u92fc","2330         \u53f0\u7a4d\u96fb","2317         \u9d3b\u6d77","6505         \u53f0\u5851\u77f3\u5316","3481         \u7fa4\u5275","2303         \u806f\u96fb","2308         \u53f0\u9054\u96fb","2454         \u806f\u767c\u79d1","2886         \u5146\u8c50\u91d1","2884         \u7389\u5c71\u91d1","2891         \u4e2d\u4fe1\u91d1","2892         \u7b2c\u4e00\u91d1","5880         \u5408\u5eab\u91d1","2881         \u5bcc\u90a6\u91d1","2885         \u5143\u5927\u91d1","2887         \u53f0\u65b0\u91d1"],"y":["^TAIEX       \u81fa\u7063\u52a0\u6b0a\u5831\u916c\u6307\u6578","^TWII        \u81fa\u7063\u52a0\u6b0a\u6307\u6578","^TAIEXx2     \u81fa\u7063\u52a0\u6b0a\u5831\u916c\u6307\u6578_\u65e5\u6b632","^TAI50I      \u81fa\u706350\u5831\u916c\u6307\u6578","^TAI50Ix2    \u81fa\u706350\u5831\u916c\u6307\u6578_\u65e5\u6b632","^TAI100I     \u81fa\u7063\u4e2d\u578b100\u5831\u916c\u6307\u6578","^TAI100Ix2   \u81fa\u7063\u4e2d\u578b100\u5831\u916c\u6307\u6578_\u65e5\u6b632","^TAIDIVIDI   \u81fa\u7063\u9ad8\u80a1\u606f\u5831\u916c\u6307\u6578","^TAIDIVIDIx2 \u81fa\u7063\u9ad8\u80a1\u606f\u5831\u916c\u6307\u6578_\u65e5\u6b632","0050Fund     \u5143\u5927\u53f0\u7063\u5353\u8d8a50\u57fa\u91d1","006208Fund   \u5bcc\u90a6\u53f0\u7063\u91c6\u540950\u57fa\u91d1","0050         \u5143\u5927\u81fa\u706350","00631L       \u5143\u5927\u53f0\u706350\u6b632","00675L       \u5bcc\u90a6\u81fa\u7063\u52a0\u6b0a\u6b632","006208       \u5bcc\u90a6\u53f050","0051         \u5143\u5927\u4e2d\u578b100","006204       \u6c38\u8c50\u81fa\u7063\u52a0\u6b0a","0056         \u5143\u5927\u9ad8\u80a1\u606f","0056         \u5143\u5927\u9ad8\u80a1\u606f_\u80a1\u606f\u4e0d\u6295\u5165","2412         \u4e2d\u83ef\u96fb\u4fe1","2002         \u4e2d\u92fc","2330         \u53f0\u7a4d\u96fb","2317         \u9d3b\u6d77","6505         \u53f0\u5851\u77f3\u5316","3481         \u7fa4\u5275","2303         \u806f\u96fb","2308         \u53f0\u9054\u96fb","2454         \u806f\u767c\u79d1","2886         \u5146\u8c50\u91d1","2884         \u7389\u5c71\u91d1","2891         \u4e2d\u4fe1\u91d1","2892         \u7b2c\u4e00\u91d1","5880         \u5408\u5eab\u91d1","2881         \u5bcc\u90a6\u91d1","2885         \u5143\u5927\u91d1","2887         \u53f0\u65b0\u91d1"],"zmin":-1,"zmax":1,"colorbar":{"x":-0.2}}],"layout":{"autotypenumbers":"strict","colorway":["#636efa","#EF553B","#00cc96","#ab63fa","#FFA15A","#19d3f3","#FF6692","#B6E880","#FF97FF","#FECB52"],"font":{"color":"#f2f5fa","family":"Courier New"},"hovermode":"closest","hoverlabel":{"align":"left"},"paper_bgcolor":"rgb(17,17,17)","plot_bgcolor":"rgb(17,17,17)","polar":{"bgcolor":"rgb(17,17,17)","angularaxis":{"gridcolor":"#506784","linecolor":"#506784","ticks":""},"radialaxis":{"gridcolor":"#506784","linecolor":"#506784","ticks":""}},"ternary":{"bgcolor":"rgb(17,17,17)","aaxis":{"gridcolor":"#506784","linecolor":"#506784","ticks":""},"baxis":{"gridcolor":"#506784","linecolor":"#506784","ticks":""},"caxis":{"gridcolor":"#506784","linecolor":"#506784","ticks":""}},"coloraxis":{"colorbar":{"outlinewidth":0,"ticks":""}},"colorscale":{"sequential":[[0.0,"#0d0887"],[0.1111111111111111,"#46039f"],[0.2222222222222222,"#7201a8"],[0.3333333333333333,"#9c179e"],[0.4444444444444444,"#bd3786"],[0.5555555555555556,"#d8576b"],[0.6666666666666666,"#ed7953"],[0.7777777777777778,"#fb9f3a"],[0.8888888888888888,"#fdca26"],[1.0,"#f0f921"]],"sequentialminus":[[0.0,"#0d0887"],[0.1111111111111111,"#46039f"],[0.2222222222222222,"#7201a8"],[0.3333333333333333,"#9c179e"],[0.4444444444444444,"#bd3786"],[0.5555555555555556,"#d8576b"],[0.6666666666666666,"#ed7953"],[0.7777777777777778,"#fb9f3a"],[0.8888888888888888,"#fdca26"],[1.0,"#f0f921"]],"diverging":[[0,"#8e0152"],[0.1,"#c51b7d"],[0.2,"#de77ae"],[0.3,"#f1b6da"],[0.4,"#fde0ef"],[0.5,"#f7f7f7"],[0.6,"#e6f5d0"],[0.7,"#b8e186"],[0.8,"#7fbc41"],[0.9,"#4d9221"],[1,"#276419"]]},"xaxis":{"gridcolor":"rgba(0, 0, 0, 0)","linecolor":"#506784","ticks":"","title":{"standoff":15},"zerolinecolor":"#283442","automargin":true,"zerolinewidth":2,"tickfont":{"family":"Courier New","size":14},"side":"top","tickangle":-90},"yaxis":{"gridcolor":"rgba(0, 0, 0, 0)","linecolor":"#506784","ticks":"","title":{"standoff":15},"zerolinecolor":"#283442","automargin":true,"zerolinewidth":2,"tickfont":{"family":"Courier New"},"side":"right"},"scene":{"xaxis":{"backgroundcolor":"rgb(17,17,17)","gridcolor":"#506784","linecolor":"#506784","showbackground":true,"ticks":"","zerolinecolor":"#C8D4E3","gridwidth":2},"yaxis":{"backgroundcolor":"rgb(17,17,17)","gridcolor":"#506784","linecolor":"#506784","showbackground":true,"ticks":"","zerolinecolor":"#C8D4E3","gridwidth":2},"zaxis":{"backgroundcolor":"rgb(17,17,17)","gridcolor":"#506784","linecolor":"#506784","showbackground":true,"ticks":"","zerolinecolor":"#C8D4E3","gridwidth":2}},"shapedefaults":{"line":{"color":"#f2f5fa"}},"annotationdefaults":{"arrowcolor":"#f2f5fa","arrowhead":0,"arrowwidth":1},"geo":{"bgcolor":"rgb(17,17,17)","landcolor":"rgb(17,17,17)","subunitcolor":"#506784","showland":true,"showlakes":true,"lakecolor":"rgb(17,17,17)"},"title":{"x":0.05,"font":{"family":"Times New Roman"},"y":0.05,"text":"<b>Correlation of Adj Close<b><br><i>2016-09-23 ~ 2026-05-25<i>"},"updatemenudefaults":{"bgcolor":"#506784","borderwidth":0},"sliderdefaults":{"bgcolor":"#C8D4E3","borderwidth":1,"bordercolor":"rgb(17,17,17)","tickwidth":0},"mapbox":{"style":"dark"},"annotations":[{"text":"<b>@zwindr<b>","textangle":0,"opacity":0.5,"font":{"color":"white","size":12},"xref":"paper","yref":"paper","xanchor":"left","yanchor":"bottom","x":1.0,"y":1.0,"showarrow":false}]},"config":{"responsive":true,"toImageButtonOptions":{"filename":"Correlation of Adj Close_2016-09-23~2026-05-25","scale":5}}};Plotly.newPlot("correlationAdjClose",correlationAdjClose.data,correlationAdjClose.layout||{},correlationAdjClose.config);}else{console.log("style display is none => correlationAdjClose");}