var element=document.getElementById("correlationClose");if(element.style.display!='none'){var correlationClose={"data":[{"type":"heatmap","z":[[1.0,0.999999999999998,1.0,0.9955836646046332,0.9955836646046332,0.9789863631886863,0.9789863631886863,0.9331034100822077,0.9331034100822077,0.6639829529020707,0.9963589895794389,0.5951740156260452,0.8938446063355848,0.9846276546392889,0.99644760386556,0.9818629825342278,0.999444012571027,0.9152404957552874,0.9152404957552874,0.7441124180636368,-0.23214626905937955,0.9854638829602328,0.340370888875055,-0.21263631091084026,-0.13891303740324495,0.8626308791857714,0.8939691438929742,0.9205699659581008,0.8720385412537403,0.767760699675214,0.7346571302532702,0.6548144103318395,0.5643531268301742,0.92306271219911,0.901370923906671,0.37127058271048974],[0.999999999999998,1.0,0.9999999999999981,0.9955332735675674,0.9955332735675674,0.9786798226820831,0.9786798226820831,0.9338725129392655,0.9338725129392655,0.6622018586226186,0.996400096307668,0.5932426463106297,0.8952962773477803,0.9843116788139078,0.9964827534054665,0.9817814585437793,0.9994500566680331,0.9152646617468904,0.9152646617468904,0.7586671546799058,-0.032005896557426555,0.9801130931727581,0.08107543004082225,-0.20841992518092642,-0.1356323802939634,0.7494265812424117,0.8904348232117459,0.9067991310927722,0.8686861869286244,0.7734880092602359,0.7305913191247378,0.6532598985455843,0.5869663642544865,0.922920720260101,0.8037779252724813,0.3708453005005449],[1.0,0.9999999999999981,1.0,0.9955836646046332,0.9955836646046332,0.9789863631886863,0.9789863631886863,0.9331034100822077,0.9331034100822077,0.6639829529020707,0.9963589895794389,0.5951740156260452,0.8938446063355848,0.9846276546392889,0.99644760386556,0.9818629825342278,0.999444012571027,0.9152404957552874,0.9152404957552874,0.7441124180636368,-0.23214626905937955,0.9854638829602328,0.340370888875055,-0.21263631091084026,-0.13891303740324495,0.8626308791857714,0.8939691438929742,0.9205699659581008,0.8720385412537403,0.767760699675214,0.7346571302532702,0.6548144103318395,0.5643531268301742,0.92306271219911,0.901370923906671,0.37127058271048974],[0.9955836646046332,0.9955332735675674,0.9955836646046332,1.0,1.0,0.9686664213277183,0.9686664213277183,0.9184708716338347,0.9184708716338347,0.6166133859248278,0.9997596502263775,0.5500910251656734,0.901382503622825,0.9885412698690088,0.9997205877559401,0.9676146898777175,0.9958822861465579,0.888177255142716,0.888177255142716,0.7085662256750879,-0.2369389744443925,0.9940425988822481,0.36668635407966355,-0.24305121539202268,-0.12885252952282425,0.8559085199491333,0.9176868087365071,0.928564382852825,0.841576496608603,0.7559466201967215,0.7602315671794286,0.6397919816213902,0.5256434854534816,0.9038724389709135,0.8975600559004154,0.38774236001696616],[0.9955836646046332,0.9955332735675674,0.9955836646046332,1.0,1.0,0.9686664213277183,0.9686664213277183,0.9184708716338347,0.9184708716338347,0.6166133859248278,0.9997596502263775,0.5500910251656734,0.901382503622825,0.9885412698690088,0.9997205877559401,0.9676146898777175,0.9958822861465579,0.888177255142716,0.888177255142716,0.7085662256750879,-0.2369389744443925,0.9940425988822481,0.36668635407966355,-0.24305121539202268,-0.12885252952282425,0.8559085199491333,0.9176868087365071,0.928564382852825,0.841576496608603,0.7559466201967215,0.7602315671794286,0.6397919816213902,0.5256434854534816,0.9038724389709135,0.8975600559004154,0.38774236001696616],[0.9789863631886863,0.9786798226820831,0.9789863631886863,0.9686664213277183,0.9686664213277183,1.0,1.0,0.9512162319343692,0.9512162319343692,0.6521019508289416,0.9673204136800133,0.6208328832320049,0.8675509818969485,0.9511212886317825,0.9674153225659821,0.9992296433277207,0.9830060524636903,0.9233310121986528,0.9233310121986528,0.6547079766721351,-0.19855371278176745,0.9603084495500122,0.45188883027051185,-0.36282540584470074,-0.04874188677102173,0.9030820904229149,0.8601534855531664,0.9224149620989253,0.8624671219401044,0.7471702046325712,0.8482304269751119,0.7366693853396116,0.6306575796743618,0.8789884373120816,0.9172966102052132,0.5999446407716879],[0.9789863631886863,0.9786798226820831,0.9789863631886863,0.9686664213277183,0.9686664213277183,1.0,1.0,0.9512162319343692,0.9512162319343692,0.6521019508289416,0.9673204136800133,0.6208328832320049,0.8675509818969485,0.9511212886317825,0.9674153225659821,0.9992296433277207,0.9830060524636903,0.9233310121986528,0.9233310121986528,0.6547079766721351,-0.19855371278176745,0.9603084495500122,0.45188883027051185,-0.36282540584470074,-0.04874188677102173,0.9030820904229149,0.8601534855531664,0.9224149620989253,0.8624671219401044,0.7471702046325712,0.8482304269751119,0.7366693853396116,0.6306575796743618,0.8789884373120816,0.9172966102052132,0.5999446407716879],[0.9331034100822077,0.9338725129392655,0.9331034100822077,0.9184708716338347,0.9184708716338347,0.9512162319343692,0.9512162319343692,1.0,1.0,0.6339987919950224,0.9497379114659625,0.6328751895199742,0.8430754095340065,0.9274707869537409,0.9499242869904646,0.9532905901832507,0.9595096430185492,0.9718393335815203,0.9718393335815203,0.6235775420443972,-0.09127120202376753,0.8947320496312504,0.6446243268906945,-0.3988507124258202,0.060886957988774,0.8482816006029374,0.7847744197378564,0.8871740483342013,0.8402040478032774,0.7657448794304588,0.9151354241428729,0.7824215319523055,0.6605789636505683,0.8396317423088164,0.9008587697696993,0.8606003616733777],[0.9331034100822077,0.9338725129392655,0.9331034100822077,0.9184708716338347,0.9184708716338347,0.9512162319343692,0.9512162319343692,1.0,1.0,0.6339987919950224,0.9497379114659625,0.6328751895199742,0.8430754095340065,0.9274707869537409,0.9499242869904646,0.9532905901832507,0.9595096430185492,0.9718393335815203,0.9718393335815203,0.6235775420443972,-0.09127120202376753,0.8947320496312504,0.6446243268906945,-0.3988507124258202,0.060886957988774,0.8482816006029374,0.7847744197378564,0.8871740483342013,0.8402040478032774,0.7657448794304588,0.9151354241428729,0.7824215319523055,0.6605789636505683,0.8396317423088164,0.9008587697696993,0.8606003616733777],[0.6639829529020707,0.6622018586226186,0.6639829529020707,0.6166133859248278,0.6166133859248278,0.6521019508289416,0.6521019508289416,0.6339987919950224,0.6339987919950224,1.0,0.4560332820565441,0.9999685570934532,0.24199744193126804,0.19715080466438673,0.4577635284185715,0.6428485646261622,0.5316851168645778,0.7380675284352279,0.7380675284352279,0.6821305998689213,-0.1047108026464039,0.596103742545089,0.050558041191012947,0.04090529528511862,-0.23507138411283438,0.6577683377613169,0.31861671682752424,0.546928329823043,0.7902749358159707,0.6647044705850673,0.31143446553971427,0.5206095074244589,0.5636875465299283,0.736743334885779,0.5400173552487034,0.17743296005330772],[0.9963589895794389,0.996400096307668,0.9963589895794389,0.9997596502263775,0.9997596502263775,0.9673204136800133,0.9673204136800133,0.9497379114659625,0.9497379114659625,0.4560332820565441,1.0,0.45617164151243234,0.9014003210857479,0.9880645509577487,0.9999580689226878,0.9644903659393618,0.9957830106567231,0.9009043570294412,0.9009043570294412,0.8351032571497087,-0.17509402637901708,0.9969242361012036,0.9153505158757814,-0.5430217915260408,0.6730856678133892,0.8645617832905527,0.910699760921168,0.9404184156249373,0.824058064619871,0.7756980142963413,0.9543697824044435,0.8096666779374575,0.6404540298687977,0.8935876710155227,0.968837183458347,0.8725361043575849],[0.5951740156260452,0.5932426463106297,0.5951740156260452,0.5500910251656734,0.5500910251656734,0.6208328832320049,0.6208328832320049,0.6328751895199742,0.6328751895199742,0.9999685570934532,0.45617164151243234,1.0,0.24318986812287563,0.19822276406054384,0.4587329752401701,0.6306321592367168,0.532535982936876,0.726420198855627,0.726420198855627,0.6288198236052394,0.025930107929384397,0.5348632588256877,0.3670714871451787,-0.16489276740400283,-0.19810799599285567,0.6665825487823471,0.23352938012888813,0.5023489166022872,0.7553415275115904,0.6782040286213541,0.44541742239002957,0.6698241412993713,0.6752561553219644,0.6775047738137676,0.4975740509095395,0.5532052083444333],[0.8938446063355848,0.8952962773477803,0.8938446063355848,0.901382503622825,0.901382503622825,0.8675509818969485,0.8675509818969485,0.8430754095340065,0.8430754095340065,0.24199744193126804,0.9014003210857479,0.24318986812287563,1.0,0.9998951612409435,0.9010241540922721,0.8623507496117268,0.8927798585398963,0.7716645206903653,0.7716645206903653,0.6589952097141338,-0.1548464477586887,0.8927291970450595,0.8300449499291565,-0.615079750119344,0.741408186631164,0.7682984113348815,0.89013101206256,0.8932659784884064,0.6601661063552072,0.5978141663805999,0.875834311863796,0.6447182845842316,0.4597784336295724,0.7841693195103882,0.8844613432136236,0.8219650215998108],[0.9846276546392889,0.9843116788139078,0.9846276546392889,0.9885412698690088,0.9885412698690088,0.9511212886317825,0.9511212886317825,0.9274707869537409,0.9274707869537409,0.19715080466438673,0.9880645509577487,0.19822276406054384,0.9998951612409435,1.0,0.9881079596311636,0.9451689620308211,0.9818456724921952,0.8618551426349209,0.8618551426349209,0.821832320465136,-0.27644520050062416,0.9778874795737472,0.8851140721291063,-0.6926397168669798,0.7937944320152229,0.8286628837725015,0.956184320830155,0.9558893821783662,0.7249585969159521,0.6491530595023836,0.9433194987576425,0.7291384431839576,0.4625087309814933,0.8549802082680266,0.9640963854020508,0.879770218328239],[0.99644760386556,0.9964827534054665,0.99644760386556,0.9997205877559401,0.9997205877559401,0.9674153225659821,0.9674153225659821,0.9499242869904646,0.9499242869904646,0.4577635284185715,0.9999580689226878,0.4587329752401701,0.9010241540922721,0.9881079596311636,1.0,0.9646712851605435,0.9958853857847326,0.9016556318785105,0.9016556318785105,0.8360289859248312,-0.17424867657023316,0.9968468181757774,0.9150186202763637,-0.5410822488155809,0.6724988062962517,0.8650749179853061,0.9097111618041278,0.9400352405250485,0.8250589819644327,0.7768207977688966,0.9540273418512623,0.8109166772089816,0.6421005740269798,0.8938604744781751,0.9688915705474992,0.8727869021595196],[0.9818629825342278,0.9817814585437793,0.9818629825342278,0.9676146898777175,0.9676146898777175,0.9992296433277207,0.9992296433277207,0.9532905901832507,0.9532905901832507,0.6428485646261622,0.9644903659393618,0.6306321592367168,0.8623507496117268,0.9451689620308211,0.9646712851605435,1.0,0.9819204807984672,0.9265976708937624,0.9265976708937624,0.70517595216375,-0.19050733935705993,0.9620737367723018,0.7546067064642131,-0.4873547380499317,-0.010448170497894675,0.9109104371679537,0.847265816510753,0.9157862941340192,0.8696756234802879,0.7771729189413993,0.9109052393347209,0.7784435521926929,0.6843068767676735,0.8997763029832443,0.9148226082485869,0.8559674977542983],[0.999444012571027,0.9994500566680331,0.999444012571027,0.9958822861465579,0.9958822861465579,0.9830060524636903,0.9830060524636903,0.9595096430185492,0.9595096430185492,0.5316851168645778,0.9957830106567231,0.532535982936876,0.8927798585398963,0.9818456724921952,0.9958853857847326,0.9819204807984672,1.0,0.9270980349037107,0.9270980349037107,0.8543172548916719,-0.15654273709935945,0.9918697672578967,0.902083614463623,-0.5372060162891644,0.6558399668730382,0.8924626915811822,0.8894025161947136,0.939025630867172,0.8642284973574937,0.8021734440067576,0.9469971935204173,0.8500424268524369,0.6976897123320497,0.9112015820013764,0.9733302801850103,0.8987082472132397],[0.9152404957552874,0.9152646617468904,0.9152404957552874,0.888177255142716,0.888177255142716,0.9233310121986528,0.9233310121986528,0.9718393335815203,0.9718393335815203,0.7380675284352279,0.9009043570294412,0.726420198855627,0.7716645206903653,0.8618551426349209,0.9016556318785105,0.9265976708937624,0.9270980349037107,1.0,1.0,0.7609875696881429,-0.12725013488942533,0.8649043159145045,0.6569282106941076,-0.29397168029873677,-0.07696876285250454,0.8593989579940731,0.7077205794260168,0.8298874592639056,0.9103601347881046,0.8430081514934324,0.8352618115357742,0.7757040432676362,0.6819033527974498,0.8770083054129397,0.8258537966899688,0.8814492077991379],[0.9152404957552874,0.9152646617468904,0.9152404957552874,0.888177255142716,0.888177255142716,0.9233310121986528,0.9233310121986528,0.9718393335815203,0.9718393335815203,0.7380675284352279,0.9009043570294412,0.726420198855627,0.7716645206903653,0.8618551426349209,0.9016556318785105,0.9265976708937624,0.9270980349037107,1.0,1.0,0.7609875696881429,-0.12725013488942533,0.8649043159145045,0.6569282106941076,-0.29397168029873677,-0.07696876285250454,0.8593989579940731,0.7077205794260168,0.8298874592639056,0.9103601347881046,0.8430081514934324,0.8352618115357742,0.7757040432676362,0.6819033527974498,0.8770083054129397,0.8258537966899688,0.8814492077991379],[0.7441124180636368,0.7586671546799058,0.7441124180636368,0.7085662256750879,0.7085662256750879,0.6547079766721351,0.6547079766721351,0.6235775420443972,0.6235775420443972,0.6821305998689213,0.8351032571497087,0.6288198236052394,0.6589952097141338,0.821832320465136,0.8360289859248312,0.70517595216375,0.8543172548916719,0.7609875696881429,0.7609875696881429,1.0,-0.004047653206372316,0.6802725881550741,-0.24939679955581703,0.23924907936207818,-0.6056500328867288,0.40892501473405374,0.548429006328652,0.4962484959271381,0.8478052195596392,0.718632132201844,0.24612308274377445,0.36563302343126103,0.5787515928308511,0.7889784230168331,0.5174681268841178,-0.04005379942658691],[-0.23214626905937955,-0.032005896557426555,-0.23214626905937955,-0.2369389744443925,-0.2369389744443925,-0.19855371278176745,-0.19855371278176745,-0.09127120202376753,-0.09127120202376753,-0.1047108026464039,-0.17509402637901708,0.025930107929384397,-0.1548464477586887,-0.27644520050062416,-0.17424867657023316,-0.19050733935705993,-0.15654273709935945,-0.12725013488942533,-0.12725013488942533,-0.004047653206372316,1.0,-0.1609381550607995,0.05943787709362515,0.195639376788647,0.7136099739382812,-0.14198991933921942,-0.1354538825444557,-0.1132624253500905,0.10967610209024095,-0.05525483073426852,-0.07507833658656592,0.2482671366004144,0.5380730556736001,-0.1825882541636194,0.008282553738337082,0.08081504323021062],[0.9854638829602328,0.9801130931727581,0.9854638829602328,0.9940425988822481,0.9940425988822481,0.9603084495500122,0.9603084495500122,0.8947320496312504,0.8947320496312504,0.596103742545089,0.9969242361012036,0.5348632588256877,0.8927291970450595,0.9778874795737472,0.9968468181757774,0.9620737367723018,0.9918697672578967,0.8649043159145045,0.8649043159145045,0.6802725881550741,-0.1609381550607995,1.0,0.27452947918428133,-0.2856008834105153,-0.1656591051368671,0.7568372301150771,0.9150781258767646,0.9102026801682328,0.8003434998472828,0.734030204308357,0.761933572025805,0.6191528779763544,0.47463425922473845,0.8907891040842113,0.7924246271172982,0.3753882894238521],[0.340370888875055,0.08107543004082225,0.340370888875055,0.36668635407966355,0.36668635407966355,0.45188883027051185,0.45188883027051185,0.6446243268906945,0.6446243268906945,0.050558041191012947,0.9153505158757814,0.3670714871451787,0.8300449499291565,0.8851140721291063,0.9150186202763637,0.7546067064642131,0.902083614463623,0.6569282106941076,0.6569282106941076,-0.24939679955581703,0.05943787709362515,0.27452947918428133,1.0,-0.4947292127896398,0.679474408215722,0.45582030930997747,0.30977327419948114,0.43812338211174623,0.008516176756607093,0.1801242025231231,0.6531086610530188,0.5327563925809827,0.22988557017537228,0.1627004241980241,0.4785900815640733,0.5314335869893708],[-0.21263631091084026,-0.20841992518092642,-0.21263631091084026,-0.24305121539202268,-0.24305121539202268,-0.36282540584470074,-0.36282540584470074,-0.3988507124258202,-0.3988507124258202,0.04090529528511862,-0.5430217915260408,-0.16489276740400283,-0.615079750119344,-0.6926397168669798,-0.5410822488155809,-0.4873547380499317,-0.5372060162891644,-0.29397168029873677,-0.29397168029873677,0.23924907936207818,0.195639376788647,-0.2856008834105153,-0.4947292127896398,1.0,-0.0412934708430881,-0.23942653580763582,-0.2686216039549455,-0.3338227864449717,-0.11185479236767762,-0.1411603857523972,-0.5632141857459831,-0.2533005713130267,-0.05507900445584334,-0.13749598206824742,-0.2985219146913341,-0.4438185094497005],[-0.13891303740324495,-0.1356323802939634,-0.13891303740324495,-0.12885252952282425,-0.12885252952282425,-0.04874188677102173,-0.04874188677102173,0.060886957988774,0.060886957988774,-0.23507138411283438,0.6730856678133892,-0.19810799599285567,0.741408186631164,0.7937944320152229,0.6724988062962517,-0.010448170497894675,0.6558399668730382,-0.07696876285250454,-0.07696876285250454,-0.6056500328867288,0.7136099739382812,-0.1656591051368671,0.679474408215722,-0.0412934708430881,1.0,-0.020497744722631564,-0.0428516189551274,0.031565516510501566,-0.30915028523466964,-0.2901270733784434,0.1032146189152525,0.17298169141530975,0.2669402640420284,-0.2960636274276915,0.13826656234267118,0.12310154290012479],[0.8626308791857714,0.7494265812424117,0.8626308791857714,0.8559085199491333,0.8559085199491333,0.9030820904229149,0.9030820904229149,0.8482816006029374,0.8482816006029374,0.6577683377613169,0.8645617832905527,0.6665825487823471,0.7682984113348815,0.8286628837725015,0.8650749179853061,0.9109104371679537,0.8924626915811822,0.8593989579940731,0.8593989579940731,0.40892501473405374,-0.14198991933921942,0.7568372301150771,0.45582030930997747,-0.23942653580763582,-0.020497744722631564,1.0,0.6823540642395699,0.8904538044024521,0.5445064408971944,0.6371171613777159,0.7011147216529704,0.6617210642023827,0.41290685181579617,0.7574824540922317,0.7880973716817433,0.5279601429396773],[0.8939691438929742,0.8904348232117459,0.8939691438929742,0.9176868087365071,0.9176868087365071,0.8601534855531664,0.8601534855531664,0.7847744197378564,0.7847744197378564,0.31861671682752424,0.910699760921168,0.23352938012888813,0.89013101206256,0.956184320830155,0.9097111618041278,0.847265816510753,0.8894025161947136,0.7077205794260168,0.7077205794260168,0.548429006328652,-0.1354538825444557,0.9150781258767646,0.30977327419948114,-0.2686216039549455,-0.0428516189551274,0.6823540642395699,1.0,0.8878613180142366,0.6193616153670037,0.5661878523569642,0.7234870690055515,0.4825140844229871,0.36178455727955167,0.7428279628370533,0.7515069257781898,0.363342745918456],[0.9205699659581008,0.9067991310927722,0.9205699659581008,0.928564382852825,0.928564382852825,0.9224149620989253,0.9224149620989253,0.8871740483342013,0.8871740483342013,0.546928329823043,0.9404184156249373,0.5023489166022872,0.8932659784884064,0.9558893821783662,0.9400352405250485,0.9157862941340192,0.939025630867172,0.8298874592639056,0.8298874592639056,0.4962484959271381,-0.1132624253500905,0.9102026801682328,0.43812338211174623,-0.3338227864449717,0.031565516510501566,0.8904538044024521,0.8878613180142366,1.0,0.6812733398789151,0.5878526463833916,0.7550644296350586,0.5812436677329506,0.4375118481701927,0.7998471919317857,0.8852992060533372,0.40515848338192295],[0.8720385412537403,0.8686861869286244,0.8720385412537403,0.841576496608603,0.841576496608603,0.8624671219401044,0.8624671219401044,0.8402040478032774,0.8402040478032774,0.7902749358159707,0.824058064619871,0.7553415275115904,0.6601661063552072,0.7249585969159521,0.8250589819644327,0.8696756234802879,0.8642284973574937,0.9103601347881046,0.9103601347881046,0.8478052195596392,0.10967610209024095,0.8003434998472828,0.008516176756607093,-0.11185479236767762,-0.30915028523466964,0.5445064408971944,0.6193616153670037,0.6812733398789151,1.0,0.915804141481738,0.6029375958947695,0.7199402183258542,0.6709780344082465,0.8858654025796971,0.5710281012190858,0.380171334452115],[0.767760699675214,0.7734880092602359,0.767760699675214,0.7559466201967215,0.7559466201967215,0.7471702046325712,0.7471702046325712,0.7657448794304588,0.7657448794304588,0.6647044705850673,0.7756980142963413,0.6782040286213541,0.5978141663805999,0.6491530595023836,0.7768207977688966,0.7771729189413993,0.8021734440067576,0.8430081514934324,0.8430081514934324,0.718632132201844,-0.05525483073426852,0.734030204308357,0.1801242025231231,-0.1411603857523972,-0.2901270733784434,0.6371171613777159,0.5661878523569642,0.5878526463833916,0.915804141481738,1.0,0.6259001731893226,0.7038161433904757,0.6184415661325967,0.7604694544776518,0.6246432664156033,0.5298432325000001],[0.7346571302532702,0.7305913191247378,0.7346571302532702,0.7602315671794286,0.7602315671794286,0.8482304269751119,0.8482304269751119,0.9151354241428729,0.9151354241428729,0.31143446553971427,0.9543697824044435,0.44541742239002957,0.875834311863796,0.9433194987576425,0.9540273418512623,0.9109052393347209,0.9469971935204173,0.8352618115357742,0.8352618115357742,0.24612308274377445,-0.07507833658656592,0.761933572025805,0.6531086610530188,-0.5632141857459831,0.1032146189152525,0.7011147216529704,0.7234870690055515,0.7550644296350586,0.6029375958947695,0.6259001731893226,1.0,0.7419699799691031,0.3826840232106923,0.633700840462475,0.7519402019340353,0.7792105678420019],[0.6548144103318395,0.6532598985455843,0.6548144103318395,0.6397919816213902,0.6397919816213902,0.7366693853396116,0.7366693853396116,0.7824215319523055,0.7824215319523055,0.5206095074244589,0.8096666779374575,0.6698241412993713,0.6447182845842316,0.7291384431839576,0.8109166772089816,0.7784435521926929,0.8500424268524369,0.7757040432676362,0.7757040432676362,0.36563302343126103,0.2482671366004144,0.6191528779763544,0.5327563925809827,-0.2533005713130267,0.17298169141530975,0.6617210642023827,0.4825140844229871,0.5812436677329506,0.7199402183258542,0.7038161433904757,0.7419699799691031,1.0,0.7772868885624902,0.5634801611961473,0.7231056736723438,0.5973907697953308],[0.5643531268301742,0.5869663642544865,0.5643531268301742,0.5256434854534816,0.5256434854534816,0.6306575796743618,0.6306575796743618,0.6605789636505683,0.6605789636505683,0.5636875465299283,0.6404540298687977,0.6752561553219644,0.4597784336295724,0.4625087309814933,0.6421005740269798,0.6843068767676735,0.6976897123320497,0.6819033527974498,0.6819033527974498,0.5787515928308511,0.5380730556736001,0.47463425922473845,0.22988557017537228,-0.05507900445584334,0.2669402640420284,0.41290685181579617,0.36178455727955167,0.4375118481701927,0.6709780344082465,0.6184415661325967,0.3826840232106923,0.7772868885624902,1.0,0.49872075063769167,0.6121505726404053,0.23685714340906905],[0.92306271219911,0.922920720260101,0.92306271219911,0.9038724389709135,0.9038724389709135,0.8789884373120816,0.8789884373120816,0.8396317423088164,0.8396317423088164,0.736743334885779,0.8935876710155227,0.6775047738137676,0.7841693195103882,0.8549802082680266,0.8938604744781751,0.8997763029832443,0.9112015820013764,0.8770083054129397,0.8770083054129397,0.7889784230168331,-0.1825882541636194,0.8907891040842113,0.1627004241980241,-0.13749598206824742,-0.2960636274276915,0.7574824540922317,0.7428279628370533,0.7998471919317857,0.8858654025796971,0.7604694544776518,0.633700840462475,0.5634801611961473,0.49872075063769167,1.0,0.7916158378981543,0.3144960338414358],[0.901370923906671,0.8037779252724813,0.901370923906671,0.8975600559004154,0.8975600559004154,0.9172966102052132,0.9172966102052132,0.9008587697696993,0.9008587697696993,0.5400173552487034,0.968837183458347,0.4975740509095395,0.8844613432136236,0.9640963854020508,0.9688915705474992,0.9148226082485869,0.9733302801850103,0.8258537966899688,0.8258537966899688,0.5174681268841178,0.008282553738337082,0.7924246271172982,0.4785900815640733,-0.2985219146913341,0.13826656234267118,0.7880973716817433,0.7515069257781898,0.8852992060533372,0.5710281012190858,0.6246432664156033,0.7519402019340353,0.7231056736723438,0.6121505726404053,0.7916158378981543,1.0,0.37150894891430386],[0.37127058271048974,0.3708453005005449,0.37127058271048974,0.38774236001696616,0.38774236001696616,0.5999446407716879,0.5999446407716879,0.8606003616733777,0.8606003616733777,0.17743296005330772,0.8725361043575849,0.5532052083444333,0.8219650215998108,0.879770218328239,0.8727869021595196,0.8559674977542983,0.8987082472132397,0.8814492077991379,0.8814492077991379,-0.04005379942658691,0.08081504323021062,0.3753882894238521,0.5314335869893708,-0.4438185094497005,0.12310154290012479,0.5279601429396773,0.363342745918456,0.40515848338192295,0.380171334452115,0.5298432325000001,0.7792105678420019,0.5973907697953308,0.23685714340906905,0.3144960338414358,0.37150894891430386,1.0]],"x":["^TAIEX       \u81fa\u7063\u52a0\u6b0a\u5831\u916c\u6307\u6578","^TWII        \u81fa\u7063\u52a0\u6b0a\u6307\u6578","^TAIEXx2     \u81fa\u7063\u52a0\u6b0a\u5831\u916c\u6307\u6578_\u65e5\u6b632","^TAI50I      \u81fa\u706350\u5831\u916c\u6307\u6578","^TAI50Ix2    \u81fa\u706350\u5831\u916c\u6307\u6578_\u65e5\u6b632","^TAI100I     \u81fa\u7063\u4e2d\u578b100\u5831\u916c\u6307\u6578","^TAI100Ix2   \u81fa\u7063\u4e2d\u578b100\u5831\u916c\u6307\u6578_\u65e5\u6b632","^TAIDIVIDI   \u81fa\u7063\u9ad8\u80a1\u606f\u5831\u916c\u6307\u6578","^TAIDIVIDIx2 \u81fa\u7063\u9ad8\u80a1\u606f\u5831\u916c\u6307\u6578_\u65e5\u6b632","0050Fund     \u5143\u5927\u53f0\u7063\u5353\u8d8a50\u57fa\u91d1","006208Fund   \u5bcc\u90a6\u53f0\u7063\u91c6\u540950\u57fa\u91d1","0050         \u5143\u5927\u81fa\u706350","00631L       \u5143\u5927\u53f0\u706350\u6b632","00675L       \u5bcc\u90a6\u81fa\u7063\u52a0\u6b0a\u6b632","006208       \u5bcc\u90a6\u53f050","0051         \u5143\u5927\u4e2d\u578b100","006204       \u6c38\u8c50\u81fa\u7063\u52a0\u6b0a","0056         \u5143\u5927\u9ad8\u80a1\u606f","0056         \u5143\u5927\u9ad8\u80a1\u606f_\u80a1\u606f\u4e0d\u6295\u5165","2412         \u4e2d\u83ef\u96fb\u4fe1","2002         \u4e2d\u92fc","2330         \u53f0\u7a4d\u96fb","2317         \u9d3b\u6d77","6505         \u53f0\u5851\u77f3\u5316","3481         \u7fa4\u5275","2303         \u806f\u96fb","2308         \u53f0\u9054\u96fb","2454         \u806f\u767c\u79d1","2886         \u5146\u8c50\u91d1","2884         \u7389\u5c71\u91d1","2891         \u4e2d\u4fe1\u91d1","2892         \u7b2c\u4e00\u91d1","5880         \u5408\u5eab\u91d1","2881         \u5bcc\u90a6\u91d1","2885         \u5143\u5927\u91d1","2887         \u53f0\u65b0\u91d1"],"y":["^TAIEX       \u81fa\u7063\u52a0\u6b0a\u5831\u916c\u6307\u6578","^TWII        \u81fa\u7063\u52a0\u6b0a\u6307\u6578","^TAIEXx2     \u81fa\u7063\u52a0\u6b0a\u5831\u916c\u6307\u6578_\u65e5\u6b632","^TAI50I      \u81fa\u706350\u5831\u916c\u6307\u6578","^TAI50Ix2    \u81fa\u706350\u5831\u916c\u6307\u6578_\u65e5\u6b632","^TAI100I     \u81fa\u7063\u4e2d\u578b100\u5831\u916c\u6307\u6578","^TAI100Ix2   \u81fa\u7063\u4e2d\u578b100\u5831\u916c\u6307\u6578_\u65e5\u6b632","^TAIDIVIDI   \u81fa\u7063\u9ad8\u80a1\u606f\u5831\u916c\u6307\u6578","^TAIDIVIDIx2 \u81fa\u7063\u9ad8\u80a1\u606f\u5831\u916c\u6307\u6578_\u65e5\u6b632","0050Fund     \u5143\u5927\u53f0\u7063\u5353\u8d8a50\u57fa\u91d1","006208Fund   \u5bcc\u90a6\u53f0\u7063\u91c6\u540950\u57fa\u91d1","0050         \u5143\u5927\u81fa\u706350","00631L       \u5143\u5927\u53f0\u706350\u6b632","00675L       \u5bcc\u90a6\u81fa\u7063\u52a0\u6b0a\u6b632","006208       \u5bcc\u90a6\u53f050","0051         \u5143\u5927\u4e2d\u578b100","006204       \u6c38\u8c50\u81fa\u7063\u52a0\u6b0a","0056         \u5143\u5927\u9ad8\u80a1\u606f","0056         \u5143\u5927\u9ad8\u80a1\u606f_\u80a1\u606f\u4e0d\u6295\u5165","2412         \u4e2d\u83ef\u96fb\u4fe1","2002         \u4e2d\u92fc","2330         \u53f0\u7a4d\u96fb","2317         \u9d3b\u6d77","6505         \u53f0\u5851\u77f3\u5316","3481         \u7fa4\u5275","2303         \u806f\u96fb","2308         \u53f0\u9054\u96fb","2454         \u806f\u767c\u79d1","2886         \u5146\u8c50\u91d1","2884         \u7389\u5c71\u91d1","2891         \u4e2d\u4fe1\u91d1","2892         \u7b2c\u4e00\u91d1","5880         \u5408\u5eab\u91d1","2881         \u5bcc\u90a6\u91d1","2885         \u5143\u5927\u91d1","2887         \u53f0\u65b0\u91d1"],"zmin":-1,"zmax":1,"colorbar":{"x":-0.2}}],"layout":{"autotypenumbers":"strict","colorway":["#636efa","#EF553B","#00cc96","#ab63fa","#FFA15A","#19d3f3","#FF6692","#B6E880","#FF97FF","#FECB52"],"font":{"color":"#f2f5fa","family":"Courier New"},"hovermode":"closest","hoverlabel":{"align":"left"},"paper_bgcolor":"rgb(17,17,17)","plot_bgcolor":"rgb(17,17,17)","polar":{"bgcolor":"rgb(17,17,17)","angularaxis":{"gridcolor":"#506784","linecolor":"#506784","ticks":""},"radialaxis":{"gridcolor":"#506784","linecolor":"#506784","ticks":""}},"ternary":{"bgcolor":"rgb(17,17,17)","aaxis":{"gridcolor":"#506784","linecolor":"#506784","ticks":""},"baxis":{"gridcolor":"#506784","linecolor":"#506784","ticks":""},"caxis":{"gridcolor":"#506784","linecolor":"#506784","ticks":""}},"coloraxis":{"colorbar":{"outlinewidth":0,"ticks":""}},"colorscale":{"sequential":[[0.0,"#0d0887"],[0.1111111111111111,"#46039f"],[0.2222222222222222,"#7201a8"],[0.3333333333333333,"#9c179e"],[0.4444444444444444,"#bd3786"],[0.5555555555555556,"#d8576b"],[0.6666666666666666,"#ed7953"],[0.7777777777777778,"#fb9f3a"],[0.8888888888888888,"#fdca26"],[1.0,"#f0f921"]],"sequentialminus":[[0.0,"#0d0887"],[0.1111111111111111,"#46039f"],[0.2222222222222222,"#7201a8"],[0.3333333333333333,"#9c179e"],[0.4444444444444444,"#bd3786"],[0.5555555555555556,"#d8576b"],[0.6666666666666666,"#ed7953"],[0.7777777777777778,"#fb9f3a"],[0.8888888888888888,"#fdca26"],[1.0,"#f0f921"]],"diverging":[[0,"#8e0152"],[0.1,"#c51b7d"],[0.2,"#de77ae"],[0.3,"#f1b6da"],[0.4,"#fde0ef"],[0.5,"#f7f7f7"],[0.6,"#e6f5d0"],[0.7,"#b8e186"],[0.8,"#7fbc41"],[0.9,"#4d9221"],[1,"#276419"]]},"xaxis":{"gridcolor":"rgba(0, 0, 0, 0)","linecolor":"#506784","ticks":"","title":{"standoff":15},"zerolinecolor":"#283442","automargin":true,"zerolinewidth":2,"tickfont":{"family":"Courier New","size":14},"side":"top","tickangle":-90},"yaxis":{"gridcolor":"rgba(0, 0, 0, 0)","linecolor":"#506784","ticks":"","title":{"standoff":15},"zerolinecolor":"#283442","automargin":true,"zerolinewidth":2,"tickfont":{"family":"Courier New"},"side":"right"},"scene":{"xaxis":{"backgroundcolor":"rgb(17,17,17)","gridcolor":"#506784","linecolor":"#506784","showbackground":true,"ticks":"","zerolinecolor":"#C8D4E3","gridwidth":2},"yaxis":{"backgroundcolor":"rgb(17,17,17)","gridcolor":"#506784","linecolor":"#506784","showbackground":true,"ticks":"","zerolinecolor":"#C8D4E3","gridwidth":2},"zaxis":{"backgroundcolor":"rgb(17,17,17)","gridcolor":"#506784","linecolor":"#506784","showbackground":true,"ticks":"","zerolinecolor":"#C8D4E3","gridwidth":2}},"shapedefaults":{"line":{"color":"#f2f5fa"}},"annotationdefaults":{"arrowcolor":"#f2f5fa","arrowhead":0,"arrowwidth":1},"geo":{"bgcolor":"rgb(17,17,17)","landcolor":"rgb(17,17,17)","subunitcolor":"#506784","showland":true,"showlakes":true,"lakecolor":"rgb(17,17,17)"},"title":{"x":0.05,"font":{"family":"Times New Roman"},"y":0.05,"text":"<b>Correlation of Close<b><br><i>2016-09-23 ~ 2026-07-09<i>"},"updatemenudefaults":{"bgcolor":"#506784","borderwidth":0},"sliderdefaults":{"bgcolor":"#C8D4E3","borderwidth":1,"bordercolor":"rgb(17,17,17)","tickwidth":0},"mapbox":{"style":"dark"},"annotations":[{"text":"<b>@zwindr<b>","textangle":0,"opacity":0.5,"font":{"color":"white","size":12},"xref":"paper","yref":"paper","xanchor":"left","yanchor":"bottom","x":1.0,"y":1.0,"showarrow":false}]},"config":{"responsive":true,"toImageButtonOptions":{"filename":"Correlation of Close_2016-09-23~2026-07-09","scale":5}}};Plotly.newPlot("correlationClose",correlationClose.data,correlationClose.layout||{},correlationClose.config);}else{console.log("style display is none => correlationClose");}