var element=document.getElementById("correlationAdjClose");if(element.style.display!='none'){var correlationAdjClose={"data":[{"type":"heatmap","z":[[1.0,0.9952240794234257,0.9744744375333894,0.9969377423594628,0.9534334988864454,0.9844534994214329,0.9552260009239143,0.9883171699722643,0.9757496073832376,0.9970921996378939,0.9965591104577564,0.9970316085126901,0.9928951113860589,0.9939857414230262,0.9966311557991729,0.9858225397642456,0.9997284874525323,0.9880675240846076,0.8968730718935566,0.9173584414736519,0.6786212266341578,0.9845704658154248,0.9364425610469482,0.35116112528753896,-0.2960572008879691,0.899105825974157,0.9255352856717431,0.9614568015815325,0.9755619626170842,0.9646311646470517,0.9797045523984104,0.9697048964382597,0.938813550048412,0.9833534690540164,0.9760398985220543,0.9570172680092239],[0.9952240794234257,1.0,0.971086115305289,0.991937680932694,0.9497987172022523,0.9807269903124363,0.9514685986311897,0.9807784817670302,0.9701309556258159,0.9931924988861615,0.994972771118045,0.9945270851790344,0.9921102245253285,0.9921830998926551,0.9950148559098607,0.9810615378015534,0.997427935696315,0.9828164045934892,0.9167317310043428,0.9076431374316711,0.7004285440485648,0.9697634026268701,0.9203358260734243,0.35059479545842953,-0.22898725095219202,0.8781927480414146,0.9204327067471414,0.9608440302329572,0.9569388341295766,0.9529027706560061,0.9712935850662191,0.956439333172654,0.93801643812318,0.9742797659908079,0.9677680617174866,0.9521472618483097],[0.9744744375333894,0.971086115305289,1.0,0.9845259179013595,0.9942352094458262,0.9709639722559821,0.9781782438845149,0.9561785526627975,0.9760989900623587,0.9842464383636099,0.9908861672476271,0.987608202570462,0.9970869591700441,0.9968772026673296,0.9906276425930803,0.9683697238466659,0.9847824140462398,0.9556089259376327,0.8532940335206837,0.8185521968026525,0.5436648791383145,0.9924028833512504,0.9357339954901378,0.1788359824493364,-0.21980539931761728,0.8783554816510811,0.9448307667182916,0.9687492868166591,0.9131836341024,0.9051361984511815,0.967480629351357,0.9074337660638679,0.8809341101559667,0.962978731728245,0.9714827712508707,0.915379865939818],[0.9969377423594628,0.991937680932694,0.9845259179013595,1.0,0.9708497367490401,0.9758530857219141,0.9529134610356161,0.9789271580121577,0.971775236815583,0.9999716332770682,0.9999923177693862,0.999964354004523,0.9938143426692372,0.9926370847238265,0.9999528483302313,0.974484270762696,0.9957699884789708,0.9783203531996837,0.8784970147399299,0.8980165641997377,0.638453965039245,0.994075197732057,0.9413630223968087,0.31701883057005514,-0.2842877638067719,0.8894616649493338,0.9386727491082354,0.96421549064015,0.9615875322830669,0.957212592458513,0.9818761370330523,0.9557064687739473,0.9215596220861799,0.9799349455287097,0.9741658501113221,0.9455046845815285],[0.9534334988864454,0.9497987172022523,0.9942352094458262,0.9708497367490401,1.0,0.9416173467019274,0.9563708310253443,0.92727078503905,0.9529798414713714,0.9709479082371609,0.9803415327191143,0.976369735392659,0.9832205420647065,0.9806179819831146,0.979889840850308,0.9375468496473801,0.964585253241705,0.926324422967234,0.8157079741827029,0.7838891022532991,0.49018214920655373,0.9860503084400192,0.9285284976359259,0.1423010229366631,-0.2074873186528988,0.8410235912986181,0.9526022371193386,0.9511629006704402,0.8784041561791546,0.877672894265812,0.953318705732078,0.8728887188492994,0.8392343365978718,0.94197021098954,0.9505627775836413,0.8810536195831523],[0.9844534994214329,0.9807269903124363,0.9709639722559821,0.9758530857219141,0.9416173467019274,1.0,0.9831173965558453,0.9829233473893451,0.9834257618942808,0.9753378969908654,0.9698339378560611,0.9733715181218577,0.9723150712059598,0.9698234886461136,0.9698162051001394,0.9999039624188131,0.9872292996416906,0.9837877482329525,0.9011772349565839,0.8724242806557295,0.6481145309275013,0.967169932015785,0.9085561733732183,0.2301488495440833,-0.2202613505658263,0.9321408921845701,0.8977983850934551,0.9657521801604848,0.9595419609934271,0.9361778108798527,0.9593596545657364,0.9552107307937069,0.951324797968922,0.9646211665147629,0.9801732415832942,0.9593807631220654],[0.9552260009239143,0.9514685986311897,0.9781782438845149,0.9529134610356161,0.9563708310253443,0.9831173965558453,1.0,0.9548503526890323,0.9848905290462509,0.9516459568807866,0.9612172966844797,0.9579692673464699,0.9776209874683515,0.9779827691497037,0.9609951664970595,0.9843267503390694,0.9727880105675144,0.9571855889991733,0.8646299943071488,0.7922995886879841,0.5371322164888186,0.9564837683355766,0.9115676986767769,0.09081060330837652,-0.16011480850837864,0.8934467554994441,0.8991300971642553,0.9614763167618782,0.9036900120191589,0.8743721873922474,0.9416756829406513,0.8978629638739077,0.9018806857778461,0.9393993510337085,0.9706576336281918,0.9157915946534682],[0.9883171699722643,0.9807784817670302,0.9561785526627975,0.9789271580121577,0.92727078503905,0.9829233473893451,0.9548503526890323,1.0,0.9841145037728971,0.9789267020265835,0.9739577311113312,0.9777776091200286,0.966921407344891,0.9657859479045685,0.974143362739893,0.9847182528366379,0.9859071681645236,0.9998862518732801,0.9280627452890751,0.930305564952706,0.6175432986200241,0.9655037674154344,0.9019795703925356,0.20660317557607222,-0.3093231377627351,0.9083010807635306,0.8723171174986862,0.9466569639362811,0.9794695603149239,0.9584048327682835,0.9681596198158693,0.9668599817228309,0.9380425646292191,0.9645116266743606,0.9615506404742534,0.9688886769444996],[0.9757496073832376,0.9701309556258159,0.9760989900623587,0.971775236815583,0.9529798414713714,0.9834257618942808,0.9848905290462509,0.9841145037728971,1.0,0.9710848270400145,0.9670529283452369,0.9698637203322733,0.9705369452500091,0.9670749661047833,0.9669724250255859,0.9825190139992969,0.9753300866172847,0.9834852985137496,0.902448138227748,0.8642744509679048,0.5348817684012735,0.9686364627940862,0.920550371532743,0.06658288044834926,-0.23257028463475635,0.8863419204284319,0.8815193008588468,0.9663371689921865,0.9385387177410017,0.9085664540943349,0.9633755553614048,0.9249630979388657,0.9044818626038011,0.9555696009325683,0.9745441950233651,0.9310068779666123],[0.9970921996378939,0.9931924988861615,0.9842464383636099,0.9999716332770682,0.9709479082371609,0.9753378969908654,0.9516459568807866,0.9789267020265835,0.9710848270400145,1.0,0.9999909583603258,0.999983265172218,0.9937175901537126,0.9925210760002976,0.9999572750820231,0.9739777755619808,0.9956591350571844,0.9784128770084526,0.8802639244183597,0.899282835041764,0.6350480344582998,0.9942656723375266,0.941320435656957,0.32200105292913733,-0.28376819569659434,0.8900279426510057,0.9370031128833606,0.9628480007969764,0.9613374486638496,0.9564236624716945,0.981016712918493,0.9551269307425628,0.9202504498104188,0.9792216565735062,0.9731729428755721,0.9441146771663008],[0.9965591104577564,0.994972771118045,0.9908861672476271,0.9999923177693862,0.9803415327191143,0.9698339378560611,0.9612172966844797,0.9739577311113312,0.9670529283452369,0.9999909583603258,1.0,0.9999747227512271,0.9938387806591302,0.9926368292515759,0.9999597629504241,0.969452755194945,0.9954489528419013,0.9744891803709052,0.9004544326935598,0.9274189438881918,0.504972223370266,0.9973525726253243,0.9283905456264968,-0.16080896115087323,0.38302184828937624,0.885911762117265,0.9099949962678897,0.9642208650785307,0.9516462606809324,0.9398820664240705,0.9735860718886126,0.9349310763524626,0.8964604796984851,0.9708374797554256,0.9817625135742554,0.9399620531841649],[0.9970316085126901,0.9945270851790344,0.987608202570462,0.999964354004523,0.976369735392659,0.9733715181218577,0.9579692673464699,0.9777776091200286,0.9698637203322733,0.999983265172218,0.9999747227512271,1.0,0.9937118408779931,0.9924900660684786,0.9999684785979084,0.9730930225277966,0.9955732905798896,0.9778078840742992,0.8876122156165689,0.9161900662865122,0.5733811567032716,0.9963659080643813,0.9386361558298482,0.052308887758649183,-0.18884033364570008,0.9014874428780896,0.9237828904088804,0.958440946566243,0.9550450524318289,0.9473101725040437,0.9779312922882951,0.9457809521106816,0.9148059154031509,0.9759510524493901,0.9730240105683222,0.9475181707655378],[0.9928951113860589,0.9921102245253285,0.9970869591700441,0.9938143426692372,0.9832205420647065,0.9723150712059598,0.9776209874683515,0.966921407344891,0.9705369452500091,0.9937175901537126,0.9938387806591302,0.9937118408779931,1.0,0.9997847360194808,0.9938111638234735,0.9718273003261403,0.9930158021200228,0.9673921611458308,0.8883018121307397,0.9152162020477731,0.424700719646581,0.9902310490335645,0.925637384491806,-0.4219895926852978,0.3966191349923674,0.8657193080222888,0.9118328025320686,0.9655823364869078,0.9330771205360386,0.909186751469066,0.9595964829540798,0.9117324294445232,0.8627898309153752,0.9678367293662479,0.9783089764562496,0.9320764705992506],[0.9939857414230262,0.9921830998926551,0.9968772026673296,0.9926370847238265,0.9806179819831146,0.9698234886461136,0.9779827691497037,0.9657859479045685,0.9670749661047833,0.9925210760002976,0.9926368292515759,0.9924900660684786,0.9997847360194808,1.0,0.9927238746613684,0.9692033220326624,0.993914260569593,0.966390985900098,0.8723008523740163,0.9253087865356332,0.2800448443349964,0.9868543710724583,0.9200123143349719,-0.7541990098316066,0.36620445182921485,0.8329201592156447,0.9100990226211343,0.9612240758174458,0.926544928211566,0.8992037306578025,0.9539506283323624,0.9130907028941642,0.8407429011595686,0.9682799858697998,0.9766510592063352,0.9273207098725997],[0.9966311557991729,0.9950148559098607,0.9906276425930803,0.9999528483302313,0.979889840850308,0.9698162051001394,0.9609951664970595,0.974143362739893,0.9669724250255859,0.9999572750820231,0.9999597629504241,0.9999684785979084,0.9938111638234735,0.9927238746613684,1.0,0.9694664671627699,0.9955139456842018,0.9745676135652654,0.9006927514388968,0.9279335712902611,0.5050001113588599,0.9971740758899474,0.9285182056996841,-0.15879939569735702,0.384684084162266,0.8860318641319901,0.9092379707069906,0.9637089201632629,0.951792137568279,0.9402373737253894,0.9735839309118277,0.9354321070902405,0.8968369192186839,0.970792327037941,0.9817663357804312,0.9405298988469035],[0.9858225397642456,0.9810615378015534,0.9683697238466659,0.974484270762696,0.9375468496473801,0.9999039624188131,0.9843267503390694,0.9847182528366379,0.9825190139992969,0.9739777755619808,0.969452755194945,0.9730930225277966,0.9718273003261403,0.9692033220326624,0.9694664671627699,1.0,0.9871891492974044,0.9840254710252205,0.9041404375639218,0.8963115282746367,0.6344563107095231,0.9645379935144246,0.9030639334279884,0.0829210784366536,-0.198077170589092,0.9390680139290529,0.8859749340674791,0.9629784108217118,0.9629536169006073,0.9336863069017387,0.9559613266033534,0.9565019556329141,0.9502785897318757,0.96656727977823,0.9793446460261752,0.9634263247642804],[0.9997284874525323,0.997427935696315,0.9847824140462398,0.9957699884789708,0.964585253241705,0.9872292996416906,0.9727880105675144,0.9859071681645236,0.9753300866172847,0.9956591350571844,0.9954489528419013,0.9955732905798896,0.9930158021200228,0.993914260569593,0.9955139456842018,0.9871891492974044,1.0,0.9863684574699793,0.9208580295465121,0.9382931275645288,0.5653916404266441,0.9883270096446124,0.9197342399451713,-0.10024138832245552,0.41265388768998545,0.9160304650768465,0.8981400604173572,0.967411846719814,0.9695293774659013,0.9493838700788373,0.9715506004701389,0.9545914411977611,0.9284007172298833,0.9771125883828222,0.9874145132062949,0.9634017774840669],[0.9880675240846076,0.9828164045934892,0.9556089259376327,0.9783203531996837,0.926324422967234,0.9837877482329525,0.9571855889991733,0.9998862518732801,0.9834852985137496,0.9784128770084526,0.9744891803709052,0.9778078840742992,0.9673921611458308,0.966390985900098,0.9745676135652654,0.9840254710252205,0.9863684574699793,1.0,0.93094971631269,0.9364908527316201,0.6145149537267883,0.963837622237999,0.9055818815445726,0.16989753032418994,-0.29013832333221323,0.913050607906307,0.8675955631005502,0.9466018699670007,0.9799685676944604,0.9578806316226317,0.9664862086268934,0.9656242222961672,0.9377410292564594,0.9636855925766087,0.9595791569935892,0.9699780901990832],[0.8968730718935566,0.9167317310043428,0.8532940335206837,0.8784970147399299,0.8157079741827029,0.9011772349565839,0.8646299943071488,0.9280627452890751,0.902448138227748,0.8802639244183597,0.9004544326935598,0.8876122156165689,0.8883018121307397,0.8723008523740163,0.9006927514388968,0.9041404375639218,0.9208580295465121,0.93094971631269,1.0,0.8310534000310754,0.6897520291704052,0.8496916095405233,0.8056053472832037,0.2529253265958218,-0.16543885151569274,0.8597421147127351,0.7408455985496097,0.8569941632082629,0.8939212954468834,0.8608964919727019,0.8532683493091089,0.8733901778130249,0.8598806437904172,0.8551941904182153,0.8735846225136549,0.8964187771351345],[0.9173584414736519,0.9076431374316711,0.8185521968026525,0.8980165641997377,0.7838891022532991,0.8724242806557295,0.7922995886879841,0.930305564952706,0.8642744509679048,0.899282835041764,0.9274189438881918,0.9161900662865122,0.9152162020477731,0.9253087865356332,0.9279335712902611,0.8963115282746367,0.9382931275645288,0.9364908527316201,0.8310534000310754,1.0,0.8213652448228914,0.8478674193701867,0.8660568358691266,0.627098525705087,-0.5229497711868778,0.7212136211540989,0.817915037960575,0.81598690137978,0.9600353524702885,0.938661410294603,0.8962683771143084,0.9477658254417015,0.9022323111768592,0.8998380422392898,0.8511085992948605,0.8876617901735387],[0.6786212266341578,0.7004285440485648,0.5436648791383145,0.638453965039245,0.49018214920655373,0.6481145309275013,0.5371322164888186,0.6175432986200241,0.5348817684012735,0.6350480344582998,0.504972223370266,0.5733811567032716,0.424700719646581,0.2800448443349964,0.5050001113588599,0.6344563107095231,0.5653916404266441,0.6145149537267883,0.6897520291704052,0.8213652448228914,1.0,0.569461823453514,0.6778848218616244,0.7240216767998631,-0.11599670709105944,0.5324442401369113,0.572962040805622,0.5999832724578387,0.7660542094830652,0.6946211968870066,0.6081465245551502,0.7300870307706939,0.7486144783064325,0.651045737862313,0.6185076578038415,0.6716701460080333],[0.9845704658154248,0.9697634026268701,0.9924028833512504,0.994075197732057,0.9860503084400192,0.967169932015785,0.9564837683355766,0.9655037674154344,0.9686364627940862,0.9942656723375266,0.9973525726253243,0.9963659080643813,0.9902310490335645,0.9868543710724583,0.9971740758899474,0.9645379935144246,0.9883270096446124,0.963837622237999,0.8496916095405233,0.8478674193701867,0.569461823453514,1.0,0.9202675994222301,0.24425684122465907,-0.27474489645464184,0.8709717973965134,0.9445507348788217,0.9669812522461786,0.9273475230543828,0.9366511052778013,0.9738498024565287,0.9306401679832421,0.8922000837615838,0.9686698685130125,0.9600099353567849,0.9245893873252914],[0.9364425610469482,0.9203358260734243,0.9357339954901378,0.9413630223968087,0.9285284976359259,0.9085561733732183,0.9115676986767769,0.9019795703925356,0.920550371532743,0.941320435656957,0.9283905456264968,0.9386361558298482,0.925637384491806,0.9200123143349719,0.9285182056996841,0.9030639334279884,0.9197342399451713,0.9055818815445726,0.8056053472832037,0.8660568358691266,0.6778848218616244,0.9202675994222301,1.0,0.28420949349188385,-0.18925828538115236,0.7221368256001057,0.9129030366334151,0.9025233128554957,0.8982754475998701,0.8608602210778065,0.9381991679971933,0.8733477616465037,0.8406091639236771,0.9328565969219806,0.890273389583421,0.8618515650094698],[0.35116112528753896,0.35059479545842953,0.1788359824493364,0.31701883057005514,0.1423010229366631,0.2301488495440833,0.09081060330837652,0.20660317557607222,0.06658288044834926,0.32200105292913733,-0.16080896115087323,0.052308887758649183,-0.4219895926852978,-0.7541990098316066,-0.15879939569735702,0.0829210784366536,-0.10024138832245552,0.16989753032418994,0.2529253265958218,0.627098525705087,0.7240216767998631,0.24425684122465907,0.28420949349188385,1.0,-0.3794957426197054,0.25659769197543975,0.2249197919268708,0.16372983119193008,0.4526654126971088,0.44408246454302225,0.2869339900372136,0.46720426699563516,0.39647417146982294,0.316550001442351,0.2394125078288908,0.3589413417020198],[-0.2960572008879691,-0.22898725095219202,-0.21980539931761728,-0.2842877638067719,-0.2074873186528988,-0.2202613505658263,-0.16011480850837864,-0.3093231377627351,-0.23257028463475635,-0.28376819569659434,0.38302184828937624,-0.18884033364570008,0.3966191349923674,0.36620445182921485,0.384684084162266,-0.198077170589092,0.41265388768998545,-0.29013832333221323,-0.16543885151569274,-0.5229497711868778,-0.11599670709105944,-0.27474489645464184,-0.18925828538115236,-0.3794957426197054,1.0,-0.15823573630613813,-0.262702324269551,-0.1840856117707665,-0.3856523886903891,-0.37430897944330555,-0.3136140694843857,-0.34406080548592305,-0.21106689605234902,-0.3404440896627116,-0.18493791867846043,-0.31568308733862543],[0.899105825974157,0.8781927480414146,0.8783554816510811,0.8894616649493338,0.8410235912986181,0.9321408921845701,0.8934467554994441,0.9083010807635306,0.8863419204284319,0.8900279426510057,0.885911762117265,0.9014874428780896,0.8657193080222888,0.8329201592156447,0.8860318641319901,0.9390680139290529,0.9160304650768465,0.913050607906307,0.8597421147127351,0.7212136211540989,0.5324442401369113,0.8709717973965134,0.7221368256001057,0.25659769197543975,-0.15823573630613813,1.0,0.765639021182035,0.8884382941049094,0.8259139122300796,0.8687259801759242,0.8321826618392545,0.8762329417338777,0.8712534942869824,0.8631553224562198,0.8703618636553296,0.9016991941811384],[0.9255352856717431,0.9204327067471414,0.9448307667182916,0.9386727491082354,0.9526022371193386,0.8977983850934551,0.8991300971642553,0.8723171174986862,0.8815193008588468,0.9370031128833606,0.9099949962678897,0.9237828904088804,0.9118328025320686,0.9100990226211343,0.9092379707069906,0.8859749340674791,0.8981400604173572,0.8675955631005502,0.7408455985496097,0.817915037960575,0.572962040805622,0.9445507348788217,0.9129030366334151,0.2249197919268708,-0.262702324269551,0.765639021182035,1.0,0.8883996452749507,0.8727855464754397,0.8644648096361334,0.9161836184793567,0.860923622915265,0.8227798920924054,0.9135271939029437,0.8982539573703429,0.8571433029949169],[0.9614568015815325,0.9608440302329572,0.9687492868166591,0.96421549064015,0.9511629006704402,0.9657521801604848,0.9614763167618782,0.9466569639362811,0.9663371689921865,0.9628480007969764,0.9642208650785307,0.958440946566243,0.9655823364869078,0.9612240758174458,0.9637089201632629,0.9629784108217118,0.967411846719814,0.9466018699670007,0.8569941632082629,0.81598690137978,0.5999832724578387,0.9669812522461786,0.9025233128554957,0.16372983119193008,-0.1840856117707665,0.8884382941049094,0.8883996452749507,1.0,0.9128680447828098,0.8977650750601079,0.9470942727159927,0.8975737430159393,0.8891755287732818,0.9529200768912536,0.9744840718516615,0.8976803289099394],[0.9755619626170842,0.9569388341295766,0.9131836341024,0.9615875322830669,0.8784041561791546,0.9595419609934271,0.9036900120191589,0.9794695603149239,0.9385387177410017,0.9613374486638496,0.9516462606809324,0.9550450524318289,0.9330771205360386,0.926544928211566,0.951792137568279,0.9629536169006073,0.9695293774659013,0.9799685676944604,0.8939212954468834,0.9600353524702885,0.7660542094830652,0.9273475230543828,0.8982754475998701,0.4526654126971088,-0.3856523886903891,0.8259139122300796,0.8727855464754397,0.9128680447828098,1.0,0.9867168795369312,0.9594076652101176,0.9908093480605393,0.9542541767720942,0.9592101705436101,0.9161572888728634,0.9688992234724981],[0.9646311646470517,0.9529027706560061,0.9051361984511815,0.957212592458513,0.877672894265812,0.9361778108798527,0.8743721873922474,0.9584048327682835,0.9085664540943349,0.9564236624716945,0.9398820664240705,0.9473101725040437,0.909186751469066,0.8992037306578025,0.9402373737253894,0.9336863069017387,0.9493838700788373,0.9578806316226317,0.8608964919727019,0.938661410294603,0.6946211968870066,0.9366511052778013,0.8608602210778065,0.44408246454302225,-0.37430897944330555,0.8687259801759242,0.8644648096361334,0.8977650750601079,0.9867168795369312,1.0,0.9506723855109277,0.9847237136714605,0.9565111005382123,0.9415426044670216,0.9257863255193244,0.9649530797672367],[0.9797045523984104,0.9712935850662191,0.967480629351357,0.9818761370330523,0.953318705732078,0.9593596545657364,0.9416756829406513,0.9681596198158693,0.9633755553614048,0.981016712918493,0.9735860718886126,0.9779312922882951,0.9595964829540798,0.9539506283323624,0.9735839309118277,0.9559613266033534,0.9715506004701389,0.9664862086268934,0.8532683493091089,0.8962683771143084,0.6081465245551502,0.9738498024565287,0.9381991679971933,0.2869339900372136,-0.3136140694843857,0.8321826618392545,0.9161836184793567,0.9470942727159927,0.9594076652101176,0.9506723855109277,1.0,0.9505386930345886,0.9100086226260429,0.9789839121852572,0.964826909956885,0.9445187077801268],[0.9697048964382597,0.956439333172654,0.9074337660638679,0.9557064687739473,0.8728887188492994,0.9552107307937069,0.8978629638739077,0.9668599817228309,0.9249630979388657,0.9551269307425628,0.9349310763524626,0.9457809521106816,0.9117324294445232,0.9130907028941642,0.9354321070902405,0.9565019556329141,0.9545914411977611,0.9656242222961672,0.8733901778130249,0.9477658254417015,0.7300870307706939,0.9306401679832421,0.8733477616465037,0.46720426699563516,-0.34406080548592305,0.8762329417338777,0.860923622915265,0.8975737430159393,0.9908093480605393,0.9847237136714605,0.9505386930345886,1.0,0.9743278812410698,0.9468566598620287,0.9389084835530054,0.9653642380052772],[0.938813550048412,0.93801643812318,0.8809341101559667,0.9215596220861799,0.8392343365978718,0.951324797968922,0.9018806857778461,0.9380425646292191,0.9044818626038011,0.9202504498104188,0.8964604796984851,0.9148059154031509,0.8627898309153752,0.8407429011595686,0.8968369192186839,0.9502785897318757,0.9284007172298833,0.9377410292564594,0.8598806437904172,0.9022323111768592,0.7486144783064325,0.8922000837615838,0.8406091639236771,0.39647417146982294,-0.21106689605234902,0.8712534942869824,0.8227798920924054,0.8891755287732818,0.9542541767720942,0.9565111005382123,0.9100086226260429,0.9743278812410698,1.0,0.9069446502654241,0.9273905765120173,0.9542069723619976],[0.9833534690540164,0.9742797659908079,0.962978731728245,0.9799349455287097,0.94197021098954,0.9646211665147629,0.9393993510337085,0.9645116266743606,0.9555696009325683,0.9792216565735062,0.9708374797554256,0.9759510524493901,0.9678367293662479,0.9682799858697998,0.970792327037941,0.96656727977823,0.9771125883828222,0.9636855925766087,0.8551941904182153,0.8998380422392898,0.651045737862313,0.9686698685130125,0.9328565969219806,0.316550001442351,-0.3404440896627116,0.8631553224562198,0.9135271939029437,0.9529200768912536,0.9592101705436101,0.9415426044670216,0.9789839121852572,0.9468566598620287,0.9069446502654241,1.0,0.9615525226525079,0.9462432574767884],[0.9760398985220543,0.9677680617174866,0.9714827712508707,0.9741658501113221,0.9505627775836413,0.9801732415832942,0.9706576336281918,0.9615506404742534,0.9745441950233651,0.9731729428755721,0.9817625135742554,0.9730240105683222,0.9783089764562496,0.9766510592063352,0.9817663357804312,0.9793446460261752,0.9874145132062949,0.9595791569935892,0.8735846225136549,0.8511085992948605,0.6185076578038415,0.9600099353567849,0.890273389583421,0.2394125078288908,-0.18493791867846043,0.8703618636553296,0.8982539573703429,0.9744840718516615,0.9161572888728634,0.9257863255193244,0.964826909956885,0.9389084835530054,0.9273905765120173,0.9615525226525079,1.0,0.9255411088612875],[0.9570172680092239,0.9521472618483097,0.915379865939818,0.9455046845815285,0.8810536195831523,0.9593807631220654,0.9157915946534682,0.9688886769444996,0.9310068779666123,0.9441146771663008,0.9399620531841649,0.9475181707655378,0.9320764705992506,0.9273207098725997,0.9405298988469035,0.9634263247642804,0.9634017774840669,0.9699780901990832,0.8964187771351345,0.8876617901735387,0.6716701460080333,0.9245893873252914,0.8618515650094698,0.3589413417020198,-0.31568308733862543,0.9016991941811384,0.8571433029949169,0.8976803289099394,0.9688992234724981,0.9649530797672367,0.9445187077801268,0.9653642380052772,0.9542069723619976,0.9462432574767884,0.9255411088612875,1.0]],"x":["^TAIEX       \u81fa\u7063\u52a0\u6b0a\u5831\u916c\u6307\u6578","^TWII        \u81fa\u7063\u52a0\u6b0a\u6307\u6578","^TAIEXx2     \u81fa\u7063\u52a0\u6b0a\u5831\u916c\u6307\u6578_\u65e5\u6b632","^TAI50I      \u81fa\u706350\u5831\u916c\u6307\u6578","^TAI50Ix2    \u81fa\u706350\u5831\u916c\u6307\u6578_\u65e5\u6b632","^TAI100I     \u81fa\u7063\u4e2d\u578b100\u5831\u916c\u6307\u6578","^TAI100Ix2   \u81fa\u7063\u4e2d\u578b100\u5831\u916c\u6307\u6578_\u65e5\u6b632","^TAIDIVIDI   \u81fa\u7063\u9ad8\u80a1\u606f\u5831\u916c\u6307\u6578","^TAIDIVIDIx2 \u81fa\u7063\u9ad8\u80a1\u606f\u5831\u916c\u6307\u6578_\u65e5\u6b632","0050Fund     \u5143\u5927\u53f0\u7063\u5353\u8d8a50\u57fa\u91d1","006208Fund   \u5bcc\u90a6\u53f0\u7063\u91c6\u540950\u57fa\u91d1","0050         \u5143\u5927\u81fa\u706350","00631L       \u5143\u5927\u53f0\u706350\u6b632","00675L       \u5bcc\u90a6\u81fa\u7063\u52a0\u6b0a\u6b632","006208       \u5bcc\u90a6\u53f050","0051         \u5143\u5927\u4e2d\u578b100","006204       \u6c38\u8c50\u81fa\u7063\u52a0\u6b0a","0056         \u5143\u5927\u9ad8\u80a1\u606f","0056         \u5143\u5927\u9ad8\u80a1\u606f_\u80a1\u606f\u4e0d\u6295\u5165","2412         \u4e2d\u83ef\u96fb\u4fe1","2002         \u4e2d\u92fc","2330         \u53f0\u7a4d\u96fb","2317         \u9d3b\u6d77","6505         \u53f0\u5851\u77f3\u5316","3481         \u7fa4\u5275","2303         \u806f\u96fb","2308         \u53f0\u9054\u96fb","2454         \u806f\u767c\u79d1","2886         \u5146\u8c50\u91d1","2884         \u7389\u5c71\u91d1","2891         \u4e2d\u4fe1\u91d1","2892         \u7b2c\u4e00\u91d1","5880         \u5408\u5eab\u91d1","2881         \u5bcc\u90a6\u91d1","2885         \u5143\u5927\u91d1","2887         \u53f0\u65b0\u91d1"],"y":["^TAIEX       \u81fa\u7063\u52a0\u6b0a\u5831\u916c\u6307\u6578","^TWII        \u81fa\u7063\u52a0\u6b0a\u6307\u6578","^TAIEXx2     \u81fa\u7063\u52a0\u6b0a\u5831\u916c\u6307\u6578_\u65e5\u6b632","^TAI50I      \u81fa\u706350\u5831\u916c\u6307\u6578","^TAI50Ix2    \u81fa\u706350\u5831\u916c\u6307\u6578_\u65e5\u6b632","^TAI100I     \u81fa\u7063\u4e2d\u578b100\u5831\u916c\u6307\u6578","^TAI100Ix2   \u81fa\u7063\u4e2d\u578b100\u5831\u916c\u6307\u6578_\u65e5\u6b632","^TAIDIVIDI   \u81fa\u7063\u9ad8\u80a1\u606f\u5831\u916c\u6307\u6578","^TAIDIVIDIx2 \u81fa\u7063\u9ad8\u80a1\u606f\u5831\u916c\u6307\u6578_\u65e5\u6b632","0050Fund     \u5143\u5927\u53f0\u7063\u5353\u8d8a50\u57fa\u91d1","006208Fund   \u5bcc\u90a6\u53f0\u7063\u91c6\u540950\u57fa\u91d1","0050         \u5143\u5927\u81fa\u706350","00631L       \u5143\u5927\u53f0\u706350\u6b632","00675L       \u5bcc\u90a6\u81fa\u7063\u52a0\u6b0a\u6b632","006208       \u5bcc\u90a6\u53f050","0051         \u5143\u5927\u4e2d\u578b100","006204       \u6c38\u8c50\u81fa\u7063\u52a0\u6b0a","0056         \u5143\u5927\u9ad8\u80a1\u606f","0056         \u5143\u5927\u9ad8\u80a1\u606f_\u80a1\u606f\u4e0d\u6295\u5165","2412         \u4e2d\u83ef\u96fb\u4fe1","2002         \u4e2d\u92fc","2330         \u53f0\u7a4d\u96fb","2317         \u9d3b\u6d77","6505         \u53f0\u5851\u77f3\u5316","3481         \u7fa4\u5275","2303         \u806f\u96fb","2308         \u53f0\u9054\u96fb","2454         \u806f\u767c\u79d1","2886         \u5146\u8c50\u91d1","2884         \u7389\u5c71\u91d1","2891         \u4e2d\u4fe1\u91d1","2892         \u7b2c\u4e00\u91d1","5880         \u5408\u5eab\u91d1","2881         \u5bcc\u90a6\u91d1","2885         \u5143\u5927\u91d1","2887         \u53f0\u65b0\u91d1"],"zmin":-1,"zmax":1,"colorbar":{"x":-0.2}}],"layout":{"autotypenumbers":"strict","colorway":["#636efa","#EF553B","#00cc96","#ab63fa","#FFA15A","#19d3f3","#FF6692","#B6E880","#FF97FF","#FECB52"],"font":{"color":"#f2f5fa","family":"Courier New"},"hovermode":"closest","hoverlabel":{"align":"left"},"paper_bgcolor":"rgb(17,17,17)","plot_bgcolor":"rgb(17,17,17)","polar":{"bgcolor":"rgb(17,17,17)","angularaxis":{"gridcolor":"#506784","linecolor":"#506784","ticks":""},"radialaxis":{"gridcolor":"#506784","linecolor":"#506784","ticks":""}},"ternary":{"bgcolor":"rgb(17,17,17)","aaxis":{"gridcolor":"#506784","linecolor":"#506784","ticks":""},"baxis":{"gridcolor":"#506784","linecolor":"#506784","ticks":""},"caxis":{"gridcolor":"#506784","linecolor":"#506784","ticks":""}},"coloraxis":{"colorbar":{"outlinewidth":0,"ticks":""}},"colorscale":{"sequential":[[0.0,"#0d0887"],[0.1111111111111111,"#46039f"],[0.2222222222222222,"#7201a8"],[0.3333333333333333,"#9c179e"],[0.4444444444444444,"#bd3786"],[0.5555555555555556,"#d8576b"],[0.6666666666666666,"#ed7953"],[0.7777777777777778,"#fb9f3a"],[0.8888888888888888,"#fdca26"],[1.0,"#f0f921"]],"sequentialminus":[[0.0,"#0d0887"],[0.1111111111111111,"#46039f"],[0.2222222222222222,"#7201a8"],[0.3333333333333333,"#9c179e"],[0.4444444444444444,"#bd3786"],[0.5555555555555556,"#d8576b"],[0.6666666666666666,"#ed7953"],[0.7777777777777778,"#fb9f3a"],[0.8888888888888888,"#fdca26"],[1.0,"#f0f921"]],"diverging":[[0,"#8e0152"],[0.1,"#c51b7d"],[0.2,"#de77ae"],[0.3,"#f1b6da"],[0.4,"#fde0ef"],[0.5,"#f7f7f7"],[0.6,"#e6f5d0"],[0.7,"#b8e186"],[0.8,"#7fbc41"],[0.9,"#4d9221"],[1,"#276419"]]},"xaxis":{"gridcolor":"rgba(0, 0, 0, 0)","linecolor":"#506784","ticks":"","title":{"standoff":15},"zerolinecolor":"#283442","automargin":true,"zerolinewidth":2,"tickfont":{"family":"Courier New","size":14},"side":"top","tickangle":-90},"yaxis":{"gridcolor":"rgba(0, 0, 0, 0)","linecolor":"#506784","ticks":"","title":{"standoff":15},"zerolinecolor":"#283442","automargin":true,"zerolinewidth":2,"tickfont":{"family":"Courier New"},"side":"right"},"scene":{"xaxis":{"backgroundcolor":"rgb(17,17,17)","gridcolor":"#506784","linecolor":"#506784","showbackground":true,"ticks":"","zerolinecolor":"#C8D4E3","gridwidth":2},"yaxis":{"backgroundcolor":"rgb(17,17,17)","gridcolor":"#506784","linecolor":"#506784","showbackground":true,"ticks":"","zerolinecolor":"#C8D4E3","gridwidth":2},"zaxis":{"backgroundcolor":"rgb(17,17,17)","gridcolor":"#506784","linecolor":"#506784","showbackground":true,"ticks":"","zerolinecolor":"#C8D4E3","gridwidth":2}},"shapedefaults":{"line":{"color":"#f2f5fa"}},"annotationdefaults":{"arrowcolor":"#f2f5fa","arrowhead":0,"arrowwidth":1},"geo":{"bgcolor":"rgb(17,17,17)","landcolor":"rgb(17,17,17)","subunitcolor":"#506784","showland":true,"showlakes":true,"lakecolor":"rgb(17,17,17)"},"title":{"x":0.05,"font":{"family":"Times New Roman"},"y":0.05,"text":"<b>Correlation of Adj Close<b><br><i>2016-09-23 ~ 2026-01-07<i>"},"updatemenudefaults":{"bgcolor":"#506784","borderwidth":0},"sliderdefaults":{"bgcolor":"#C8D4E3","borderwidth":1,"bordercolor":"rgb(17,17,17)","tickwidth":0},"mapbox":{"style":"dark"},"annotations":[{"text":"<b>@zwindr<b>","textangle":0,"opacity":0.5,"font":{"color":"white","size":12},"xref":"paper","yref":"paper","xanchor":"left","yanchor":"bottom","x":1.0,"y":1.0,"showarrow":false}]},"config":{"responsive":true,"toImageButtonOptions":{"filename":"Correlation of Adj Close_2016-09-23~2026-01-07","scale":5}}};Plotly.newPlot("correlationAdjClose",correlationAdjClose.data,correlationAdjClose.layout||{},correlationAdjClose.config);}else{console.log("style display is none => correlationAdjClose");}