var element=document.getElementById("correlationClose");if(element.style.display!='none'){var correlationClose={"data":[{"type":"heatmap","z":[[1.0,0.9999999999999979,1.0,0.9950554840756037,0.9950554840756037,0.9677502497929983,0.9677502497929983,0.9087669812761711,0.9087669812761711,0.8102910805073668,0.9946265237764299,0.7662143964787614,0.9923138056425739,0.9926218374732387,0.9946965389513514,0.9750364258257346,0.999127880737684,0.9162044332094141,0.9162044332094141,0.780765498885216,-0.15778320049238456,0.9787379148431964,0.19198499068658448,-0.12283603628312896,-0.24906882156300242,0.8141873831043,0.9062080124868706,0.9174449764482383,0.9233808166781915,0.7846572499263131,0.5842475699333007,0.6439020577952914,0.6271228737283305,0.9357507242745998,0.8422126022087603,0.20510505121848627],[0.9999999999999979,1.0,0.9999999999999981,0.9950250572155075,0.9950250572155075,0.9672493179373485,0.9672493179373485,0.9096458787260825,0.9096458787260825,0.8118199127098795,0.9946200359059765,0.7664088916482911,0.9919949010721915,0.9921051700146021,0.9946995681638533,0.9745265054643306,0.9991292324976648,0.9162735535065862,0.9162735535065862,0.7989065602698489,0.05434902857720799,0.9708886819278976,-0.024710693026976985,-0.11573357489724248,-0.2490693048346705,0.6506559254390343,0.9068581548816078,0.894133161275437,0.9181093216424075,0.7945668761118451,0.5763738341672708,0.6413250303523125,0.6520936828088443,0.9335790971866403,0.7036154193199154,0.20231655026961182],[1.0,0.9999999999999981,1.0,0.9950554840756037,0.9950554840756037,0.9677502497929983,0.9677502497929983,0.9087669812761711,0.9087669812761711,0.8102910805073668,0.9946265237764299,0.7662143964787614,0.9923138056425739,0.9926218374732387,0.9946965389513514,0.9750364258257346,0.999127880737684,0.9162044332094141,0.9162044332094141,0.780765498885216,-0.15778320049238456,0.9787379148431964,0.19198499068658448,-0.12283603628312896,-0.24906882156300242,0.8141873831043,0.9062080124868706,0.9174449764482383,0.9233808166781915,0.7846572499263131,0.5842475699333007,0.6439020577952914,0.6271228737283305,0.9357507242745998,0.8422126022087603,0.20510505121848627],[0.9950554840756037,0.9950250572155075,0.9950554840756037,1.0,1.0,0.9545526289042685,0.9545526289042685,0.8925733030669353,0.8925733030669353,0.7809959793616185,0.9995633250996142,0.7352499421352192,0.9917965645535887,0.9892473478159131,0.9995191798718873,0.957415656836476,0.9948309541030707,0.8903980224616413,0.8903980224616413,0.7540569683209409,-0.16611372548138167,0.9911193088565019,0.2199474832219931,-0.15933509163998824,-0.24842035326829687,0.8032160911651975,0.920205404320783,0.9176498301499164,0.9059871391310416,0.7879589063008949,0.6137747426283223,0.6363238905724756,0.5957391062126229,0.9253782159000329,0.8324821097272671,0.21763681702512055],[0.9950554840756037,0.9950250572155075,0.9950554840756037,1.0,1.0,0.9545526289042685,0.9545526289042685,0.8925733030669353,0.8925733030669353,0.7809959793616185,0.9995633250996142,0.7352499421352192,0.9917965645535887,0.9892473478159131,0.9995191798718873,0.957415656836476,0.9948309541030707,0.8903980224616413,0.8903980224616413,0.7540569683209409,-0.16611372548138167,0.9911193088565019,0.2199474832219931,-0.15933509163998824,-0.24842035326829687,0.8032160911651975,0.920205404320783,0.9176498301499164,0.9059871391310416,0.7879589063008949,0.6137747426283223,0.6363238905724756,0.5957391062126229,0.9253782159000329,0.8324821097272671,0.21763681702512055],[0.9677502497929983,0.9672493179373485,0.9677502497929983,0.9545526289042685,0.9545526289042685,1.0,1.0,0.9336910657669961,0.9336910657669961,0.7848608986021798,0.9536613088720053,0.7670849848292619,0.9681641404445267,0.9654405318521189,0.953593342715831,0.999073241292033,0.9749454944528151,0.9181781403618154,0.9181781403618154,0.6499175244942892,-0.10796143337410474,0.9402452970350261,0.341658558154014,-0.3020585773371205,-0.12112241280686145,0.8822379179164587,0.8584271521815088,0.9348278550112916,0.9001663959788995,0.7509020523459518,0.763102051101081,0.7439017738496666,0.7019625606352407,0.8683563968606594,0.8712782475284099,0.48062302310291155],[0.9677502497929983,0.9672493179373485,0.9677502497929983,0.9545526289042685,0.9545526289042685,1.0,1.0,0.9336910657669961,0.9336910657669961,0.7848608986021798,0.9536613088720053,0.7670849848292619,0.9681641404445267,0.9654405318521189,0.953593342715831,0.999073241292033,0.9749454944528151,0.9181781403618154,0.9181781403618154,0.6499175244942892,-0.10796143337410474,0.9402452970350261,0.341658558154014,-0.3020585773371205,-0.12112241280686145,0.8822379179164587,0.8584271521815088,0.9348278550112916,0.9001663959788995,0.7509020523459518,0.763102051101081,0.7439017738496666,0.7019625606352407,0.8683563968606594,0.8712782475284099,0.48062302310291155],[0.9087669812761711,0.9096458787260825,0.9087669812761711,0.8925733030669353,0.8925733030669353,0.9336910657669961,0.9336910657669961,1.0,1.0,0.7383567141228339,0.937284663954332,0.7534800318814673,0.9379908795772813,0.9325658257459852,0.9372716946339987,0.9349576697542327,0.9456905500415483,0.9708137205092029,0.9708137205092029,0.5953571468949922,0.01315778077486447,0.8558043257282281,0.566412543284645,-0.3281313916910269,0.011910163218245251,0.7899841256938257,0.7579204496993803,0.8795828820459907,0.855918551846814,0.7639904373192137,0.8812858431720857,0.786384242808461,0.7157931015628629,0.8021179178656925,0.8567157757418365,0.8087106017155562],[0.9087669812761711,0.9096458787260825,0.9087669812761711,0.8925733030669353,0.8925733030669353,0.9336910657669961,0.9336910657669961,1.0,1.0,0.7383567141228339,0.937284663954332,0.7534800318814673,0.9379908795772813,0.9325658257459852,0.9372716946339987,0.9349576697542327,0.9456905500415483,0.9708137205092029,0.9708137205092029,0.5953571468949922,0.01315778077486447,0.8558043257282281,0.566412543284645,-0.3281313916910269,0.011910163218245251,0.7899841256938257,0.7579204496993803,0.8795828820459907,0.855918551846814,0.7639904373192137,0.8812858431720857,0.786384242808461,0.7157931015628629,0.8021179178656925,0.8567157757418365,0.8087106017155562],[0.8102910805073668,0.8118199127098795,0.8102910805073668,0.7809959793616185,0.7809959793616185,0.7848608986021798,0.7848608986021798,0.7383567141228339,0.7383567141228339,1.0,0.6647985268559398,0.9999698273188221,0.5901324323410555,0.49648543059433686,0.6667122456033195,0.7802813001126975,0.722596638987395,0.816665836759491,0.816665836759491,0.6946104436870988,-0.09882838322497467,0.7525337581318176,0.03715353812756695,0.048975819828253435,-0.24293901409490098,0.7861722143140453,0.5410570629104772,0.7614771768894332,0.8146897212965079,0.6850317994261915,0.354062303671266,0.5308592626583405,0.5642770978324533,0.7919036399785347,0.6562227630657895,0.171756058100678],[0.9946265237764299,0.9946200359059765,0.9946265237764299,0.9995633250996142,0.9995633250996142,0.9536613088720053,0.9536613088720053,0.937284663954332,0.937284663954332,0.6647985268559398,1.0,0.6646402547832099,0.9914798398385837,0.9892439890955964,0.9999309938423786,0.952722236779201,0.9939683825599575,0.9010203683724954,0.9010203683724954,0.853461870305442,-0.011395621213663342,0.9966261919337082,0.8952609087881914,-0.5220480926827572,0.345508015715525,0.8161743420571854,0.8870422803931782,0.9342520713031649,0.8997446654877846,0.8126712753742971,0.9207889734570266,0.866186034423754,0.7673172085128742,0.9066868126288957,0.9458863919380665,0.7874269770374991],[0.7662143964787614,0.7664088916482911,0.7662143964787614,0.7352499421352192,0.7352499421352192,0.7670849848292619,0.7670849848292619,0.7534800318814673,0.7534800318814673,0.9999698273188221,0.6646402547832099,1.0,0.5878054217431216,0.49358640773740053,0.665080448231035,0.7710763867692958,0.7211455845505746,0.8120678452502563,0.8120678452502563,0.6541173588012069,0.029463521353091025,0.7083141647477729,0.424017798981248,-0.16928852404450084,-0.23086406519527886,0.8168775131645198,0.4440217194325455,0.7349457712462347,0.7866537163851675,0.7095913278551289,0.575102171401657,0.7048493067225522,0.6826798804473951,0.7486062376078153,0.6442898201061753,0.6711852507285617],[0.9923138056425739,0.9919949010721915,0.9923138056425739,0.9917965645535887,0.9917965645535887,0.9681641404445267,0.9681641404445267,0.9379908795772813,0.9379908795772813,0.5901324323410555,0.9914798398385837,0.5878054217431216,1.0,0.9997880672366086,0.9914401509737918,0.9650484859910247,0.9902957797973807,0.886667429728711,0.886667429728711,0.8330923899360919,0.011890056415784786,0.9900317732286779,0.9143409221025238,-0.6711220924250361,0.4130069767166916,0.7837310510547595,0.8977523155968032,0.9388741545639967,0.8864175971639888,0.7496089925261266,0.9218844357573484,0.8422811977689852,0.7414606699709596,0.891090458116906,0.9569744205966443,0.8129298401720776],[0.9926218374732387,0.9921051700146021,0.9926218374732387,0.9892473478159131,0.9892473478159131,0.9654405318521189,0.9654405318521189,0.9325658257459852,0.9325658257459852,0.49648543059433686,0.9892439890955964,0.49358640773740053,0.9997880672366086,1.0,0.98936021422393,0.9614460423801439,0.9897502016049111,0.87059857226681,0.87059857226681,0.8548209257242363,-0.11390845027723348,0.9863939790307821,0.9215692203924243,-0.8363875547083138,0.4478351388131017,0.7317069388975992,0.9031476579464094,0.9315103218035539,0.8714184902306094,0.6854151253646248,0.9296230132675914,0.8343423043445852,0.6815853333397971,0.9138594168417482,0.9576852033560806,0.784634982820002],[0.9946965389513514,0.9946995681638533,0.9946965389513514,0.9995191798718873,0.9995191798718873,0.953593342715831,0.953593342715831,0.9372716946339987,0.9372716946339987,0.6667122456033195,0.9999309938423786,0.665080448231035,0.9914401509737918,0.98936021422393,1.0,0.9527962793767434,0.994060138612055,0.9014857731277658,0.9014857731277658,0.8543865670315504,-0.011932582125510937,0.9964851473256309,0.8948701678367327,-0.5196866450253977,0.3470685523030174,0.8165973626500045,0.885766552862154,0.9335515962560162,0.9000677016892332,0.813720801931627,0.9204377937242705,0.8671728004624545,0.768123200133802,0.906648008079961,0.9459866536309346,0.7882878656627172],[0.9750364258257346,0.9745265054643306,0.9750364258257346,0.957415656836476,0.957415656836476,0.999073241292033,0.999073241292033,0.9349576697542327,0.9349576697542327,0.7802813001126975,0.952722236779201,0.7710763867692958,0.9650484859910247,0.9614460423801439,0.9527962793767434,1.0,0.975465778152671,0.9187217967253413,0.9187217967253413,0.6983418029742532,-0.09306795589721069,0.9463795095253186,0.6617599693833072,-0.4335395879043,-0.1664523200209927,0.8938824804838799,0.8512366407270399,0.9310184746725104,0.9074421403493872,0.7867670456730311,0.8626399120852543,0.7904729059256596,0.7585471521876722,0.8895407408305114,0.868512799676904,0.7973620155584914],[0.999127880737684,0.9991292324976648,0.999127880737684,0.9948309541030707,0.9948309541030707,0.9749454944528151,0.9749454944528151,0.9456905500415483,0.9456905500415483,0.722596638987395,0.9939683825599575,0.7211455845505746,0.9902957797973807,0.9897502016049111,0.994060138612055,0.975465778152671,1.0,0.9276723196913117,0.9276723196913117,0.8641379858004407,0.003725243066329065,0.9874747240850212,0.8643019731417549,-0.5016489468575036,0.3651387322249421,0.8630893270867077,0.8766255865463602,0.9457265839679992,0.9294720509634521,0.8343405130653593,0.9088366664873184,0.8976856728650939,0.8103781897353483,0.9199865676657194,0.9547577407739959,0.8412182361672476],[0.9162044332094141,0.9162735535065862,0.9162044332094141,0.8903980224616413,0.8903980224616413,0.9181781403618154,0.9181781403618154,0.9708137205092029,0.9708137205092029,0.816665836759491,0.9010203683724954,0.8120678452502563,0.886667429728711,0.87059857226681,0.9014857731277658,0.9187217967253413,0.9276723196913117,1.0,1.0,0.7467183003510109,-0.04499148284330158,0.8541783772329007,0.5618931380062652,-0.21246570087918168,-0.20705933848449645,0.8303425529061159,0.7236184282004128,0.8411621656948111,0.9187868943766065,0.8421892826520624,0.7988605657381815,0.7617288483893387,0.7080504203434063,0.8488365262015344,0.7829396362347061,0.8553509721359829],[0.9162044332094141,0.9162735535065862,0.9162044332094141,0.8903980224616413,0.8903980224616413,0.9181781403618154,0.9181781403618154,0.9708137205092029,0.9708137205092029,0.816665836759491,0.9010203683724954,0.8120678452502563,0.886667429728711,0.87059857226681,0.9014857731277658,0.9187217967253413,0.9276723196913117,1.0,1.0,0.7467183003510109,-0.04499148284330158,0.8541783772329007,0.5618931380062652,-0.21246570087918168,-0.20705933848449645,0.8303425529061159,0.7236184282004128,0.8411621656948111,0.9187868943766065,0.8421892826520624,0.7988605657381815,0.7617288483893387,0.7080504203434063,0.8488365262015344,0.7829396362347061,0.8553509721359829],[0.780765498885216,0.7989065602698489,0.780765498885216,0.7540569683209409,0.7540569683209409,0.6499175244942892,0.6499175244942892,0.5953571468949922,0.5953571468949922,0.6946104436870988,0.853461870305442,0.6541173588012069,0.8330923899360919,0.8548209257242363,0.8543865670315504,0.6983418029742532,0.8641379858004407,0.7467183003510109,0.7467183003510109,1.0,0.02800033999554666,0.7152801924227616,-0.3472107726101328,0.30293867394959456,-0.654892318736053,0.3622035346584642,0.6931254906039274,0.5191494840950479,0.8382805401541346,0.6990344980124692,0.13339080005930007,0.32006560171242576,0.5693777264518741,0.7843960866967422,0.4884463041198071,-0.13935281944373873],[-0.15778320049238456,0.05434902857720799,-0.15778320049238456,-0.16611372548138167,-0.16611372548138167,-0.10796143337410474,-0.10796143337410474,0.01315778077486447,0.01315778077486447,-0.09882838322497467,-0.011395621213663342,0.029463521353091025,0.011890056415784786,-0.11390845027723348,-0.011932582125510937,-0.09306795589721069,0.003725243066329065,-0.04499148284330158,-0.04499148284330158,0.02800033999554666,1.0,-0.10811727065644361,0.0978495589748463,0.1641813724033028,0.7472176976358403,-0.097958446162529,-0.06407750851095503,-0.02600919935884473,0.15123935277753756,-0.010751610306357037,0.028043158043351397,0.3165343544360182,0.5614842014993972,-0.13344047089639258,0.0928546492003013,0.14951780274420703],[0.9787379148431964,0.9708886819278976,0.9787379148431964,0.9911193088565019,0.9911193088565019,0.9402452970350261,0.9402452970350261,0.8558043257282281,0.8558043257282281,0.7525337581318176,0.9966261919337082,0.7083141647477729,0.9900317732286779,0.9863939790307821,0.9964851473256309,0.9463795095253186,0.9874747240850212,0.8541783772329007,0.8541783772329007,0.7152801924227616,-0.10811727065644361,1.0,0.12786667939079177,-0.2156584512208279,-0.2958694618396799,0.6674077827264859,0.9222042134626321,0.9009681843426213,0.8497494264997811,0.7559907130445237,0.6154672730229085,0.6036042472253178,0.5261899542611809,0.9042223413857027,0.6828871699820014,0.1993721648569546],[0.19198499068658448,-0.024710693026976985,0.19198499068658448,0.2199474832219931,0.2199474832219931,0.341658558154014,0.341658558154014,0.566412543284645,0.566412543284645,0.03715353812756695,0.8952609087881914,0.424017798981248,0.9143409221025238,0.9215692203924243,0.8948701678367327,0.6617599693833072,0.8643019731417549,0.5618931380062652,0.5618931380062652,-0.3472107726101328,0.0978495589748463,0.12786667939079177,1.0,-0.46667978593267445,0.7033831504888928,0.38843321602090225,0.14771280611652982,0.33368526426507295,-0.07537788715536003,0.09849744792518571,0.609039281607087,0.4890730408802496,0.20620038669445745,0.034380443464499935,0.4069522337612557,0.474965720181078],[-0.12283603628312896,-0.11573357489724248,-0.12283603628312896,-0.15933509163998824,-0.15933509163998824,-0.3020585773371205,-0.3020585773371205,-0.3281313916910269,-0.3281313916910269,0.048975819828253435,-0.5220480926827572,-0.16928852404450084,-0.6711220924250361,-0.8363875547083138,-0.5196866450253977,-0.4335395879043,-0.5016489468575036,-0.21246570087918168,-0.21246570087918168,0.30293867394959456,0.1641813724033028,-0.2156584512208279,-0.46667978593267445,1.0,-0.024932139771511756,-0.17562745527054247,-0.2152378760574692,-0.3167023575499954,-0.05918838430635498,-0.08977530188806233,-0.5742397996078059,-0.21252453076379582,-0.03192619564932601,-0.06557623428769971,-0.2377852682774944,-0.4140284389049378],[-0.24906882156300242,-0.2490693048346705,-0.24906882156300242,-0.24842035326829687,-0.24842035326829687,-0.12112241280686145,-0.12112241280686145,0.011910163218245251,0.011910163218245251,-0.24293901409490098,0.345508015715525,-0.23086406519527886,0.4130069767166916,0.4478351388131017,0.3470685523030174,-0.1664523200209927,0.3651387322249421,-0.20705933848449645,-0.20705933848449645,-0.654892318736053,0.7472176976358403,-0.2958694618396799,0.7033831504888928,-0.024932139771511756,1.0,-0.10841267571775857,-0.23551781699782767,-0.06916949659098406,-0.35091844325836696,-0.32908623913273116,0.06189523120737442,0.1570646592489597,0.26084643961517134,-0.3759897972851732,0.10523068760695732,0.08775368532160273],[0.8141873831043,0.6506559254390343,0.8141873831043,0.8032160911651975,0.8032160911651975,0.8822379179164587,0.8822379179164587,0.7899841256938257,0.7899841256938257,0.7861722143140453,0.8161743420571854,0.8168775131645198,0.7837310510547595,0.7317069388975992,0.8165973626500045,0.8938824804838799,0.8630893270867077,0.8303425529061159,0.8303425529061159,0.3622035346584642,-0.097958446162529,0.6674077827264859,0.38843321602090225,-0.17562745527054247,-0.10841267571775857,1.0,0.5428990146892371,0.8402290725096703,0.5028370625463091,0.6344003055928085,0.5578288968832662,0.6637093417266693,0.4292599182841256,0.7100338524027696,0.7072790028803032,0.42371523540078393],[0.9062080124868706,0.9068581548816078,0.9062080124868706,0.920205404320783,0.920205404320783,0.8584271521815088,0.8584271521815088,0.7579204496993803,0.7579204496993803,0.5410570629104772,0.8870422803931782,0.4440217194325455,0.8977523155968032,0.9031476579464094,0.885766552862154,0.8512366407270399,0.8766255865463602,0.7236184282004128,0.7236184282004128,0.6931254906039274,-0.06407750851095503,0.9222042134626321,0.14771280611652982,-0.2152378760574692,-0.23551781699782767,0.5428990146892371,1.0,0.800468445866513,0.7712857544264121,0.664301193774994,0.5349736862919926,0.5108945463237574,0.505459245840647,0.8384972712928177,0.6402600662076585,0.12977803171443297],[0.9174449764482383,0.894133161275437,0.9174449764482383,0.9176498301499164,0.9176498301499164,0.9348278550112916,0.9348278550112916,0.8795828820459907,0.8795828820459907,0.7614771768894332,0.9342520713031649,0.7349457712462347,0.9388741545639967,0.9315103218035539,0.9335515962560162,0.9310184746725104,0.9457265839679992,0.8411621656948111,0.8411621656948111,0.5191494840950479,-0.02600919935884473,0.9009681843426213,0.33368526426507295,-0.3167023575499954,-0.06916949659098406,0.8402290725096703,0.800468445866513,1.0,0.7597131566841524,0.6233678395509509,0.6192781032094289,0.612827387258125,0.5364374835895745,0.8273878365716231,0.8419438650092391,0.23409806477359066],[0.9233808166781915,0.9181093216424075,0.9233808166781915,0.9059871391310416,0.9059871391310416,0.9001663959788995,0.9001663959788995,0.855918551846814,0.855918551846814,0.8146897212965079,0.8997446654877846,0.7866537163851675,0.8864175971639888,0.8714184902306094,0.9000677016892332,0.9074421403493872,0.9294720509634521,0.9187868943766065,0.9187868943766065,0.8382805401541346,0.15123935277753756,0.8497494264997811,-0.07537788715536003,-0.05918838430635498,-0.35091844325836696,0.5028370625463091,0.7712857544264121,0.7597131566841524,1.0,0.9087381032431509,0.5608335926058519,0.695107994481989,0.6683936492352596,0.8816017386019924,0.5224603699049559,0.30893731165093613],[0.7846572499263131,0.7945668761118451,0.7846572499263131,0.7879589063008949,0.7879589063008949,0.7509020523459518,0.7509020523459518,0.7639904373192137,0.7639904373192137,0.6850317994261915,0.8126712753742971,0.7095913278551289,0.7496089925261266,0.6854151253646248,0.813720801931627,0.7867670456730311,0.8343405130653593,0.8421892826520624,0.8421892826520624,0.6990344980124692,-0.010751610306357037,0.7559907130445237,0.09849744792518571,-0.08977530188806233,-0.32908623913273116,0.6344003055928085,0.664301193774994,0.6233678395509509,0.9087381032431509,1.0,0.5938053736799862,0.6778020128447345,0.6129088759670343,0.7395097089692471,0.5993187852950408,0.4802757568961878],[0.5842475699333007,0.5763738341672708,0.5842475699333007,0.6137747426283223,0.6137747426283223,0.763102051101081,0.763102051101081,0.8812858431720857,0.8812858431720857,0.354062303671266,0.9207889734570266,0.575102171401657,0.9218844357573484,0.9296230132675914,0.9204377937242705,0.8626399120852543,0.9088366664873184,0.7988605657381815,0.7988605657381815,0.13339080005930007,0.028043158043351397,0.6154672730229085,0.609039281607087,-0.5742397996078059,0.06189523120737442,0.5578288968832662,0.5349736862919926,0.6192781032094289,0.5608335926058519,0.5938053736799862,1.0,0.7486399368726703,0.3883580530453236,0.5261944136860988,0.6082171138283584,0.7524958459282146],[0.6439020577952914,0.6413250303523125,0.6439020577952914,0.6363238905724756,0.6363238905724756,0.7439017738496666,0.7439017738496666,0.786384242808461,0.786384242808461,0.5308592626583405,0.866186034423754,0.7048493067225522,0.8422811977689852,0.8343423043445852,0.8671728004624545,0.7904729059256596,0.8976856728650939,0.7617288483893387,0.7617288483893387,0.32006560171242576,0.3165343544360182,0.6036042472253178,0.4890730408802496,-0.21252453076379582,0.1570646592489597,0.6637093417266693,0.5108945463237574,0.612827387258125,0.695107994481989,0.6778020128447345,0.7486399368726703,1.0,0.7794972057240842,0.5130629208294155,0.7355336516418682,0.5551449027218243],[0.6271228737283305,0.6520936828088443,0.6271228737283305,0.5957391062126229,0.5957391062126229,0.7019625606352407,0.7019625606352407,0.7157931015628629,0.7157931015628629,0.5642770978324533,0.7673172085128742,0.6826798804473951,0.7414606699709596,0.6815853333397971,0.768123200133802,0.7585471521876722,0.8103781897353483,0.7080504203434063,0.7080504203434063,0.5693777264518741,0.5614842014993972,0.5261899542611809,0.20620038669445745,-0.03192619564932601,0.26084643961517134,0.4292599182841256,0.505459245840647,0.5364374835895745,0.6683936492352596,0.6129088759670343,0.3883580530453236,0.7794972057240842,1.0,0.4966226343024717,0.6651506995586257,0.2078132767948053],[0.9357507242745998,0.9335790971866403,0.9357507242745998,0.9253782159000329,0.9253782159000329,0.8683563968606594,0.8683563968606594,0.8021179178656925,0.8021179178656925,0.7919036399785347,0.9066868126288957,0.7486062376078153,0.891090458116906,0.9138594168417482,0.906648008079961,0.8895407408305114,0.9199865676657194,0.8488365262015344,0.8488365262015344,0.7843960866967422,-0.13344047089639258,0.9042223413857027,0.034380443464499935,-0.06557623428769971,-0.3759897972851732,0.7100338524027696,0.8384972712928177,0.8273878365716231,0.8816017386019924,0.7395097089692471,0.5261944136860988,0.5130629208294155,0.4966226343024717,1.0,0.7475013588450037,0.1895014914069072],[0.8422126022087603,0.7036154193199154,0.8422126022087603,0.8324821097272671,0.8324821097272671,0.8712782475284099,0.8712782475284099,0.8567157757418365,0.8567157757418365,0.6562227630657895,0.9458863919380665,0.6442898201061753,0.9569744205966443,0.9576852033560806,0.9459866536309346,0.868512799676904,0.9547577407739959,0.7829396362347061,0.7829396362347061,0.4884463041198071,0.0928546492003013,0.6828871699820014,0.4069522337612557,-0.2377852682774944,0.10523068760695732,0.7072790028803032,0.6402600662076585,0.8419438650092391,0.5224603699049559,0.5993187852950408,0.6082171138283584,0.7355336516418682,0.6651506995586257,0.7475013588450037,1.0,0.1993695298530072],[0.20510505121848627,0.20231655026961182,0.20510505121848627,0.21763681702512055,0.21763681702512055,0.48062302310291155,0.48062302310291155,0.8087106017155562,0.8087106017155562,0.171756058100678,0.7874269770374991,0.6711852507285617,0.8129298401720776,0.784634982820002,0.7882878656627172,0.7973620155584914,0.8412182361672476,0.8553509721359829,0.8553509721359829,-0.13935281944373873,0.14951780274420703,0.1993721648569546,0.474965720181078,-0.4140284389049378,0.08775368532160273,0.42371523540078393,0.12977803171443297,0.23409806477359066,0.30893731165093613,0.4802757568961878,0.7524958459282146,0.5551449027218243,0.2078132767948053,0.1895014914069072,0.1993695298530072,1.0]],"x":["^TAIEX       \u81fa\u7063\u52a0\u6b0a\u5831\u916c\u6307\u6578","^TWII        \u81fa\u7063\u52a0\u6b0a\u6307\u6578","^TAIEXx2     \u81fa\u7063\u52a0\u6b0a\u5831\u916c\u6307\u6578_\u65e5\u6b632","^TAI50I      \u81fa\u706350\u5831\u916c\u6307\u6578","^TAI50Ix2    \u81fa\u706350\u5831\u916c\u6307\u6578_\u65e5\u6b632","^TAI100I     \u81fa\u7063\u4e2d\u578b100\u5831\u916c\u6307\u6578","^TAI100Ix2   \u81fa\u7063\u4e2d\u578b100\u5831\u916c\u6307\u6578_\u65e5\u6b632","^TAIDIVIDI   \u81fa\u7063\u9ad8\u80a1\u606f\u5831\u916c\u6307\u6578","^TAIDIVIDIx2 \u81fa\u7063\u9ad8\u80a1\u606f\u5831\u916c\u6307\u6578_\u65e5\u6b632","0050Fund     \u5143\u5927\u53f0\u7063\u5353\u8d8a50\u57fa\u91d1","006208Fund   \u5bcc\u90a6\u53f0\u7063\u91c6\u540950\u57fa\u91d1","0050         \u5143\u5927\u81fa\u706350","00631L       \u5143\u5927\u53f0\u706350\u6b632","00675L       \u5bcc\u90a6\u81fa\u7063\u52a0\u6b0a\u6b632","006208       \u5bcc\u90a6\u53f050","0051         \u5143\u5927\u4e2d\u578b100","006204       \u6c38\u8c50\u81fa\u7063\u52a0\u6b0a","0056         \u5143\u5927\u9ad8\u80a1\u606f","0056         \u5143\u5927\u9ad8\u80a1\u606f_\u80a1\u606f\u4e0d\u6295\u5165","2412         \u4e2d\u83ef\u96fb\u4fe1","2002         \u4e2d\u92fc","2330         \u53f0\u7a4d\u96fb","2317         \u9d3b\u6d77","6505         \u53f0\u5851\u77f3\u5316","3481         \u7fa4\u5275","2303         \u806f\u96fb","2308         \u53f0\u9054\u96fb","2454         \u806f\u767c\u79d1","2886         \u5146\u8c50\u91d1","2884         \u7389\u5c71\u91d1","2891         \u4e2d\u4fe1\u91d1","2892         \u7b2c\u4e00\u91d1","5880         \u5408\u5eab\u91d1","2881         \u5bcc\u90a6\u91d1","2885         \u5143\u5927\u91d1","2887         \u53f0\u65b0\u91d1"],"y":["^TAIEX       \u81fa\u7063\u52a0\u6b0a\u5831\u916c\u6307\u6578","^TWII        \u81fa\u7063\u52a0\u6b0a\u6307\u6578","^TAIEXx2     \u81fa\u7063\u52a0\u6b0a\u5831\u916c\u6307\u6578_\u65e5\u6b632","^TAI50I      \u81fa\u706350\u5831\u916c\u6307\u6578","^TAI50Ix2    \u81fa\u706350\u5831\u916c\u6307\u6578_\u65e5\u6b632","^TAI100I     \u81fa\u7063\u4e2d\u578b100\u5831\u916c\u6307\u6578","^TAI100Ix2   \u81fa\u7063\u4e2d\u578b100\u5831\u916c\u6307\u6578_\u65e5\u6b632","^TAIDIVIDI   \u81fa\u7063\u9ad8\u80a1\u606f\u5831\u916c\u6307\u6578","^TAIDIVIDIx2 \u81fa\u7063\u9ad8\u80a1\u606f\u5831\u916c\u6307\u6578_\u65e5\u6b632","0050Fund     \u5143\u5927\u53f0\u7063\u5353\u8d8a50\u57fa\u91d1","006208Fund   \u5bcc\u90a6\u53f0\u7063\u91c6\u540950\u57fa\u91d1","0050         \u5143\u5927\u81fa\u706350","00631L       \u5143\u5927\u53f0\u706350\u6b632","00675L       \u5bcc\u90a6\u81fa\u7063\u52a0\u6b0a\u6b632","006208       \u5bcc\u90a6\u53f050","0051         \u5143\u5927\u4e2d\u578b100","006204       \u6c38\u8c50\u81fa\u7063\u52a0\u6b0a","0056         \u5143\u5927\u9ad8\u80a1\u606f","0056         \u5143\u5927\u9ad8\u80a1\u606f_\u80a1\u606f\u4e0d\u6295\u5165","2412         \u4e2d\u83ef\u96fb\u4fe1","2002         \u4e2d\u92fc","2330         \u53f0\u7a4d\u96fb","2317         \u9d3b\u6d77","6505         \u53f0\u5851\u77f3\u5316","3481         \u7fa4\u5275","2303         \u806f\u96fb","2308         \u53f0\u9054\u96fb","2454         \u806f\u767c\u79d1","2886         \u5146\u8c50\u91d1","2884         \u7389\u5c71\u91d1","2891         \u4e2d\u4fe1\u91d1","2892         \u7b2c\u4e00\u91d1","5880         \u5408\u5eab\u91d1","2881         \u5bcc\u90a6\u91d1","2885         \u5143\u5927\u91d1","2887         \u53f0\u65b0\u91d1"],"zmin":-1,"zmax":1,"colorbar":{"x":-0.2}}],"layout":{"autotypenumbers":"strict","colorway":["#636efa","#EF553B","#00cc96","#ab63fa","#FFA15A","#19d3f3","#FF6692","#B6E880","#FF97FF","#FECB52"],"font":{"color":"#f2f5fa","family":"Courier New"},"hovermode":"closest","hoverlabel":{"align":"left"},"paper_bgcolor":"rgb(17,17,17)","plot_bgcolor":"rgb(17,17,17)","polar":{"bgcolor":"rgb(17,17,17)","angularaxis":{"gridcolor":"#506784","linecolor":"#506784","ticks":""},"radialaxis":{"gridcolor":"#506784","linecolor":"#506784","ticks":""}},"ternary":{"bgcolor":"rgb(17,17,17)","aaxis":{"gridcolor":"#506784","linecolor":"#506784","ticks":""},"baxis":{"gridcolor":"#506784","linecolor":"#506784","ticks":""},"caxis":{"gridcolor":"#506784","linecolor":"#506784","ticks":""}},"coloraxis":{"colorbar":{"outlinewidth":0,"ticks":""}},"colorscale":{"sequential":[[0.0,"#0d0887"],[0.1111111111111111,"#46039f"],[0.2222222222222222,"#7201a8"],[0.3333333333333333,"#9c179e"],[0.4444444444444444,"#bd3786"],[0.5555555555555556,"#d8576b"],[0.6666666666666666,"#ed7953"],[0.7777777777777778,"#fb9f3a"],[0.8888888888888888,"#fdca26"],[1.0,"#f0f921"]],"sequentialminus":[[0.0,"#0d0887"],[0.1111111111111111,"#46039f"],[0.2222222222222222,"#7201a8"],[0.3333333333333333,"#9c179e"],[0.4444444444444444,"#bd3786"],[0.5555555555555556,"#d8576b"],[0.6666666666666666,"#ed7953"],[0.7777777777777778,"#fb9f3a"],[0.8888888888888888,"#fdca26"],[1.0,"#f0f921"]],"diverging":[[0,"#8e0152"],[0.1,"#c51b7d"],[0.2,"#de77ae"],[0.3,"#f1b6da"],[0.4,"#fde0ef"],[0.5,"#f7f7f7"],[0.6,"#e6f5d0"],[0.7,"#b8e186"],[0.8,"#7fbc41"],[0.9,"#4d9221"],[1,"#276419"]]},"xaxis":{"gridcolor":"rgba(0, 0, 0, 0)","linecolor":"#506784","ticks":"","title":{"standoff":15},"zerolinecolor":"#283442","automargin":true,"zerolinewidth":2,"tickfont":{"family":"Courier New","size":14},"side":"top","tickangle":-90},"yaxis":{"gridcolor":"rgba(0, 0, 0, 0)","linecolor":"#506784","ticks":"","title":{"standoff":15},"zerolinecolor":"#283442","automargin":true,"zerolinewidth":2,"tickfont":{"family":"Courier New"},"side":"right"},"scene":{"xaxis":{"backgroundcolor":"rgb(17,17,17)","gridcolor":"#506784","linecolor":"#506784","showbackground":true,"ticks":"","zerolinecolor":"#C8D4E3","gridwidth":2},"yaxis":{"backgroundcolor":"rgb(17,17,17)","gridcolor":"#506784","linecolor":"#506784","showbackground":true,"ticks":"","zerolinecolor":"#C8D4E3","gridwidth":2},"zaxis":{"backgroundcolor":"rgb(17,17,17)","gridcolor":"#506784","linecolor":"#506784","showbackground":true,"ticks":"","zerolinecolor":"#C8D4E3","gridwidth":2}},"shapedefaults":{"line":{"color":"#f2f5fa"}},"annotationdefaults":{"arrowcolor":"#f2f5fa","arrowhead":0,"arrowwidth":1},"geo":{"bgcolor":"rgb(17,17,17)","landcolor":"rgb(17,17,17)","subunitcolor":"#506784","showland":true,"showlakes":true,"lakecolor":"rgb(17,17,17)"},"title":{"x":0.05,"font":{"family":"Times New Roman"},"y":0.05,"text":"<b>Correlation of Close<b><br><i>2016-09-23 ~ 2026-01-12<i>"},"updatemenudefaults":{"bgcolor":"#506784","borderwidth":0},"sliderdefaults":{"bgcolor":"#C8D4E3","borderwidth":1,"bordercolor":"rgb(17,17,17)","tickwidth":0},"mapbox":{"style":"dark"},"annotations":[{"text":"<b>@zwindr<b>","textangle":0,"opacity":0.5,"font":{"color":"white","size":12},"xref":"paper","yref":"paper","xanchor":"left","yanchor":"bottom","x":1.0,"y":1.0,"showarrow":false}]},"config":{"responsive":true,"toImageButtonOptions":{"filename":"Correlation of Close_2016-09-23~2026-01-12","scale":5}}};Plotly.newPlot("correlationClose",correlationClose.data,correlationClose.layout||{},correlationClose.config);}else{console.log("style display is none => correlationClose");}