var correlationAdjClose = {"data": [{"type": "heatmap", "z": [[1.0, 0.9940245921160638, 0.976955897085789, 0.9976238837287261, 0.9647084387087421, 0.9815343988468914, -0.9433036411884352, 0.9900238759719225, 0.9702644785770189, 0.9972016054228385, 0.9971893844638452, 0.9976760111444033, 0.9932643537434416, 0.9939611137543694, 0.9971962750493273, 0.9839978099282546, 0.9996694049353974, 0.9900502197724713, 0.9201559568419977, 0.7395069309830451, 0.9853369520330505, 0.9213501418891765, 0.4408171405768285, -0.3037037275584236, 0.9013263299654455, 0.9738987124151356, 0.9546983253590333, 0.9801117222958416, 0.9639211066122986, 0.9756927489385234, 0.9720430845589532, 0.9454922107413907, 0.9798071594530674, 0.9703321462825509, 0.9548340254198575], [0.9940245921160638, 1.0, 0.9723209134574988, 0.9912967025645022, 0.9601112248379929, 0.9769859171845733, -0.9386276661262964, 0.9809596049838011, 0.9633612317414038, 0.9952959047885351, 0.995141555219055, 0.994369683002243, 0.9923616356020669, 0.9916246934641713, 0.9950851644405629, 0.9780086114504494, 0.9966713661404036, 0.9837056776451247, 0.9092574419270636, 0.7510448962869701, 0.9669854563368819, 0.9007946774574199, 0.43964059516452847, -0.22816432577753537, 0.875374028374768, 0.9614197709211927, 0.9542277131372845, 0.9580478957576969, 0.9499400275306712, 0.9654185171328528, 0.9562498759191356, 0.9433615292891815, 0.968678362237265, 0.9616630913228372, 0.9484721364730703], [0.976955897085789, 0.9723209134574988, 1.0, 0.98311392001463, 0.9959788064898208, 0.9789613437971751, -0.9758494572632177, 0.9701907656361749, 0.9839836185306029, 0.9887601194018575, 0.9894736343686255, 0.9859449187119559, 0.9970484189058272, 0.9968619791889547, 0.9892291158437766, 0.9775863994110989, 0.9878071700199357, 0.9700727392716698, 0.8275126532176392, 0.6289171475668822, 0.9902449520670162, 0.912011781129775, 0.27554153651892227, -0.22679049158572961, 0.9067263835366403, 0.944192648200196, 0.9795572089627537, 0.9299279148852195, 0.9115747735887824, 0.9640471932409527, 0.920032594733267, 0.906727687574866, 0.966502160529948, 0.9738956182129825, 0.924487456645566], [0.9976238837287261, 0.9912967025645022, 0.98311392001463, 1.0, 0.9764508237656677, 0.9737537064910277, -0.938172604734225, 0.9843259903722973, 0.9677281098192615, 0.9999711065578255, 0.9999893615322116, 0.999957154306625, 0.9914352665773403, 0.989441768036663, 0.9999427800511301, 0.973585239545106, 0.9960428361357244, 0.9841713549991461, 0.9062159745077348, 0.7092012748729448, 0.9933152446039558, 0.9227016092122716, 0.41636190215293917, -0.2950847093073369, 0.8992918789598241, 0.969224249353188, 0.9610621340733569, 0.9710087715709801, 0.9610637087381466, 0.9777337371824218, 0.9622778703941993, 0.9343474720462999, 0.9777883940074773, 0.9689358698694239, 0.9465390378256565], [0.9647084387087421, 0.9601112248379929, 0.9959788064898208, 0.9764508237656677, 1.0, 0.9585260928372306, -0.9573416458782333, 0.9549958282776277, 0.971611947616301, 0.9849510389127987, 0.9857083398411507, 0.9817115004317276, 0.9863570225922232, 0.9827003383343286, 0.9853496352251011, 0.9560836624920621, 0.9758795402416682, 0.954774412007014, 0.8069290739512673, 0.5929360338411735, 0.989531448427987, 0.9078289649690913, 0.25076033478648124, -0.21990663267535207, 0.887863143117585, 0.9308434234749586, 0.9772853218502683, 0.9096213092136298, 0.8978541838363575, 0.957941809368536, 0.8984697061658603, 0.88051692904618, 0.9562179574251768, 0.9622106637080499, 0.9010735698946843], [0.9815343988468914, 0.9769859171845733, 0.9789613437971751, 0.9737537064910277, 0.9585260928372306, 1.0, -0.980863311575995, 0.9806221421695646, 0.9798979500561085, 0.9688421934214455, 0.9691873261789903, 0.9717903305089026, 0.9771557295349432, 0.9751459953708883, 0.9689872297636623, 0.9999055435634717, 0.9861007228816745, 0.9817083291741799, 0.8617129098525018, 0.7061465523938484, 0.967251484476412, 0.8920387970071832, 0.30700002453471126, -0.21562603667872646, 0.9365917659012775, 0.9561026409421223, 0.9595423340373094, 0.957417780530297, 0.9275512434698137, 0.9521883557185437, 0.9515335282404753, 0.9547483215554529, 0.9567598139358978, 0.976411619951322, 0.9554718930272584], [-0.9433036411884352, -0.9386276661262964, -0.9758494572632177, -0.938172604734225, -0.9573416458782333, -0.980863311575995, 1.0, -0.9519346446143176, -0.983499063709777, -0.9483441645339455, -0.949554663844903, -0.9448168279745567, -0.9742292189461147, -0.9759179849240793, -0.9491846219638949, -0.9839864118362295, -0.964713823913915, -0.9549250459391087, -0.7747381146586405, -0.6043401250503257, -0.9432427698921682, -0.8825551968002738, -0.16484882198624962, 0.15017527124086819, -0.9048388274173487, -0.9141680293919094, -0.9574059184038484, -0.8990747833529438, -0.8582947309990291, -0.9249875666434562, -0.8905253306495965, -0.9091496207539518, -0.9255993083153439, -0.9636544118689568, -0.9097738859300939], [0.9900238759719225, 0.9809596049838011, 0.9701907656361749, 0.9843259903722973, 0.9549958282776277, 0.9806221421695646, -0.9519346446143176, 1.0, 0.9824882535665218, 0.9800885750518088, 0.9800368929034656, 0.9832482710426498, 0.9760775692341697, 0.9750896922488944, 0.9800444713338001, 0.9825432827860316, 0.9876686530649268, 0.9998710304454468, 0.9233110978421779, 0.6736785318763436, 0.9738333679765518, 0.8955700184902993, 0.2979959262429197, -0.31170614995787116, 0.9056102108712833, 0.9547873128429974, 0.9377106806189224, 0.9776410228904944, 0.9524521580058715, 0.9688083522547112, 0.9626096571173818, 0.9355096404543024, 0.959180042807183, 0.9574167174874126, 0.9654789510006903], [0.9702644785770189, 0.9633612317414038, 0.9839836185306029, 0.9677281098192615, 0.971611947616301, 0.9798979500561085, -0.983499063709777, 0.9824882535665218, 1.0, 0.9633323157406628, 0.9639961161211513, 0.9658228927656536, 0.973156911891551, 0.9702682487902013, 0.963744858740876, 0.9789997666412916, 0.9703512510608321, 0.9818105580558276, 0.8501582403333533, 0.5982347378905756, 0.9676451137132089, 0.906589758893095, 0.15534484706355037, -0.23063314708970914, 0.8869256101514457, 0.9328095406318746, 0.9601454817338351, 0.9331402768322365, 0.8950281502702858, 0.9565804626687282, 0.9160889644067639, 0.902786560946724, 0.9452281803173517, 0.9692959509891067, 0.9232434629327546], [0.9972016054228385, 0.9952959047885351, 0.9887601194018575, 0.9999711065578255, 0.9849510389127987, 0.9688421934214455, -0.9483441645339455, 0.9800885750518088, 0.9633323157406628, 1.0, 0.9999875476128285, 0.9999825471477046, 0.991274091272817, 0.9892469410046961, 0.9999478615302545, 0.9693374313248938, 0.9956347944065044, 0.9810984224932634, 0.9307864105612156, 0.6323061040136315, 0.9966833185820569, 0.9005166580493181, -0.01844800806128255, 0.4335848331644169, 0.9163811706653755, 0.9532410906960715, 0.9663021976031759, 0.9619297696815693, 0.9429311147142158, 0.9656115368969054, 0.9417205316298627, 0.9202977297709175, 0.9650861194248886, 0.9801066194895708, 0.9438104104099712], [0.9971893844638452, 0.995141555219055, 0.9894736343686255, 0.9999893615322116, 0.9857083398411507, 0.9691873261789903, -0.949554663844903, 0.9800368929034656, 0.9639961161211513, 0.9999875476128285, 1.0, 0.9999716589807481, 0.9914598010993356, 0.9894284233146429, 0.9999522837118967, 0.9696542550976769, 0.995682633990242, 0.9810163845936322, 0.9299532660154549, 0.6285877072130854, 0.9969759824533457, 0.8997573955827023, -0.03333545160739886, 0.4291410033697159, 0.9156606893870831, 0.9530823078167286, 0.9671929268384598, 0.9614203981204853, 0.9416258059008942, 0.9657142768330081, 0.9406776854262191, 0.9190070305662759, 0.9652724530157156, 0.9806317478165599, 0.9431105724480103], [0.9976760111444033, 0.994369683002243, 0.9859449187119559, 0.999957154306625, 0.9817115004317276, 0.9717903305089026, -0.9448168279745567, 0.9832482710426498, 0.9658228927656536, 0.9999825471477046, 0.9999716589807481, 1.0, 0.9912418293082615, 0.9891709606853508, 0.9999615500484277, 0.9721960882805614, 0.9958219830301016, 0.9838145687768333, 0.9219552356307836, 0.6781174346482814, 0.995870123551505, 0.9168817578271863, 0.17958307987324498, -0.19555045927281192, 0.9234188160015009, 0.9619101073365253, 0.9560055958918446, 0.9653143089602484, 0.9517562161521569, 0.9722832179292378, 0.9527894291574502, 0.933024568941053, 0.9723931627987114, 0.9672514759296991, 0.952520838256921], [0.9932643537434416, 0.9923616356020669, 0.9970484189058272, 0.9914352665773403, 0.9863570225922232, 0.9771557295349432, -0.9742292189461147, 0.9760775692341697, 0.973156911891551, 0.991274091272817, 0.9914598010993356, 0.9912418293082615, 1.0, 0.9996846077502954, 0.9914081046178373, 0.9779377195169117, 0.9936054025612333, 0.9774509917834926, 0.9120557243440695, 0.5704344829213427, 0.986118789445525, 0.8923169845240826, -0.3183618061547824, 0.45538695261816564, 0.9062582401192584, 0.9515998977865617, 0.9776965494768992, 0.9444473790817142, 0.904122819607055, 0.9466338687914573, 0.914638970657132, 0.8897518997239534, 0.9633967517771145, 0.9797030321124413, 0.9354727778498803], [0.9939611137543694, 0.9916246934641713, 0.9968619791889547, 0.989441768036663, 0.9827003383343286, 0.9751459953708883, -0.9759179849240793, 0.9750896922488944, 0.9702682487902013, 0.9892469410046961, 0.9894284233146429, 0.9891709606853508, 0.9996846077502954, 1.0, 0.989494186273442, 0.9759888193753906, 0.994132884084297, 0.976721046852608, 0.9195612378086959, 0.45064155094223707, 0.9809015692217563, 0.8811991022888925, -0.7090698420970827, 0.4332178034220734, 0.8791549640662819, 0.9482633548029058, 0.9770661280510847, 0.9368498815084423, 0.8864290684298158, 0.9375822250043282, 0.9116559180020276, 0.8681221040800304, 0.9655564321163198, 0.9779579526030358, 0.9278295283314245], [0.9971962750493273, 0.9950851644405629, 0.9892291158437766, 0.9999427800511301, 0.9853496352251011, 0.9689872297636623, -0.9491846219638949, 0.9800444713338001, 0.963744858740876, 0.9999478615302545, 0.9999522837118967, 0.9999615500484277, 0.9914081046178373, 0.989494186273442, 1.0, 0.9694852413776731, 0.9956616124806371, 0.9810718816135422, 0.9307041334294556, 0.6284964838713218, 0.9968058347121777, 0.9000277270869759, -0.03164120473631645, 0.42837881724673516, 0.9153149546086815, 0.9518379858168743, 0.9665511939465092, 0.9617530763352357, 0.9422386506992507, 0.965726836535668, 0.9413595386634348, 0.9195605064845794, 0.9651661130053075, 0.980501901333245, 0.9433996061482749], [0.9839978099282546, 0.9780086114504494, 0.9775863994110989, 0.973585239545106, 0.9560836624920621, 0.9999055435634717, -0.9839864118362295, 0.9825432827860316, 0.9789997666412916, 0.9693374313248938, 0.9696542550976769, 0.9721960882805614, 0.9779377195169117, 0.9759888193753906, 0.9694852413776731, 1.0, 0.9865250771644593, 0.9818502262930924, 0.8854806276694258, 0.7056045597630738, 0.9657648926167337, 0.8876857324796641, 0.17623931503615073, -0.1942969605578201, 0.9450713418966916, 0.9572471544447909, 0.9563407005386423, 0.9608230073440214, 0.9245190965965128, 0.9488935335201789, 0.9524662949329151, 0.954129209372213, 0.9593242309612876, 0.9759687730666874, 0.9602618267481209], [0.9996694049353974, 0.9966713661404036, 0.9878071700199357, 0.9960428361357244, 0.9758795402416682, 0.9861007228816745, -0.964713823913915, 0.9876686530649268, 0.9703512510608321, 0.9956347944065044, 0.995682633990242, 0.9958219830301016, 0.9936054025612333, 0.994132884084297, 0.9956616124806371, 0.9865250771644593, 1.0, 0.9885395291586015, 0.9364210452461933, 0.6708745062315123, 0.9888734224512907, 0.8970792449164527, 0.019621653891091374, 0.44777228725959506, 0.9348093435284625, 0.9598681941831007, 0.9646675337649782, 0.9746165882710847, 0.9470393430809877, 0.9644252680041752, 0.9564821707387129, 0.9430202311221323, 0.9712047931818446, 0.9846584445298239, 0.9646699157741154], [0.9900502197724713, 0.9837056776451247, 0.9700727392716698, 0.9841713549991461, 0.954774412007014, 0.9817083291741799, -0.9549250459391087, 0.9998710304454468, 0.9818105580558276, 0.9810984224932634, 0.9810163845936322, 0.9838145687768333, 0.9774509917834926, 0.976721046852608, 0.9810718816135422, 0.9818502262930924, 0.9885395291586015, 1.0, 0.9296506209484312, 0.6721501530833821, 0.9728317284872289, 0.9006162409740793, 0.2641653716092936, -0.2930684392446522, 0.9110334236333308, 0.953065699119966, 0.9377950136208197, 0.978117677594255, 0.9518604298939806, 0.9673176440509224, 0.9610970120134781, 0.9353813745071322, 0.9585357653449404, 0.9553498205158079, 0.9666569022579177], [0.9201559568419977, 0.9092574419270636, 0.8275126532176392, 0.9062159745077348, 0.8069290739512673, 0.8617129098525018, -0.7747381146586405, 0.9233110978421779, 0.8501582403333533, 0.9307864105612156, 0.9299532660154549, 0.9219552356307836, 0.9120557243440695, 0.9195612378086959, 0.9307041334294556, 0.8854806276694258, 0.9364210452461933, 0.9296506209484312, 1.0, 0.8409804621775132, 0.8576431527536739, 0.8727453337478126, 0.6886106047982673, -0.5329775754348647, 0.6973785984072557, 0.9144328600336381, 0.8000660338527651, 0.9572262052658347, 0.9348955692905936, 0.9012931556813298, 0.943499305977666, 0.8933982954668271, 0.8976723469540457, 0.8457968096939235, 0.8783882735761899], [0.7395069309830451, 0.7510448962869701, 0.6289171475668822, 0.7092012748729448, 0.5929360338411735, 0.7061465523938484, -0.6043401250503257, 0.6736785318763436, 0.5982347378905756, 0.6323061040136315, 0.6285877072130854, 0.6781174346482814, 0.5704344829213427, 0.45064155094223707, 0.6284964838713218, 0.7056045597630738, 0.6708745062315123, 0.6721501530833821, 0.8409804621775132, 1.0, 0.6321064184571535, 0.7463135017118617, 0.7311831700073782, -0.11637457688973075, 0.5375653586284813, 0.748119489323314, 0.6362818750896699, 0.7914431510555862, 0.7269980226183687, 0.6663104361721778, 0.7634139585725539, 0.7666459301430008, 0.6975236085610569, 0.6653879308837678, 0.701214985747005], [0.9853369520330505, 0.9669854563368819, 0.9902449520670162, 0.9933152446039558, 0.989531448427987, 0.967251484476412, -0.9432427698921682, 0.9738333679765518, 0.9676451137132089, 0.9966833185820569, 0.9969759824533457, 0.995870123551505, 0.986118789445525, 0.9809015692217563, 0.9968058347121777, 0.9657648926167337, 0.9888734224512907, 0.9728317284872289, 0.8576431527536739, 0.6321064184571535, 1.0, 0.8937950228679918, 0.3425251351377042, -0.288940049652787, 0.8859107736677728, 0.9529224073932617, 0.9702027489910484, 0.9398412209117679, 0.9439059389340128, 0.9691581692986074, 0.9402465910384481, 0.9102286124829094, 0.9680682119804637, 0.9553423180111622, 0.9281898008742875], [0.9213501418891765, 0.9007946774574199, 0.912011781129775, 0.9227016092122716, 0.9078289649690913, 0.8920387970071832, -0.8825551968002738, 0.8955700184902993, 0.906589758893095, 0.9005166580493181, 0.8997573955827023, 0.9168817578271863, 0.8923169845240826, 0.8811991022888925, 0.9000277270869759, 0.8876857324796641, 0.8970792449164527, 0.9006162409740793, 0.8727453337478126, 0.7463135017118617, 0.8937950228679918, 1.0, 0.39044712166914003, -0.18840373651043169, 0.6997210355821087, 0.917484508918663, 0.8844863338836524, 0.8965998791491269, 0.8451254348860484, 0.9216503792004854, 0.8659539372677288, 0.840328199235121, 0.9197790845065211, 0.8656278602871107, 0.8473354578811455], [0.4408171405768285, 0.43964059516452847, 0.27554153651892227, 0.41636190215293917, 0.25076033478648124, 0.30700002453471126, -0.16484882198624962, 0.2979959262429197, 0.15534484706355037, -0.01844800806128255, -0.03333545160739886, 0.17958307987324498, -0.3183618061547824, -0.7090698420970827, -0.03164120473631645, 0.17623931503615073, 0.019621653891091374, 0.2641653716092936, 0.6886106047982673, 0.7311831700073782, 0.3425251351377042, 0.39044712166914003, 1.0, -0.39492208692951297, 0.2931501402861235, 0.4174842017430511, 0.22268494862798924, 0.5169167290449933, 0.5156271720849975, 0.37744324885776454, 0.5342518284329278, 0.4444520755905411, 0.3943279031988401, 0.3138122252307528, 0.4194647208177228], [-0.3037037275584236, -0.22816432577753537, -0.22679049158572961, -0.2950847093073369, -0.21990663267535207, -0.21562603667872646, 0.15017527124086819, -0.31170614995787116, -0.23063314708970914, 0.4335848331644169, 0.4291410033697159, -0.19555045927281192, 0.45538695261816564, 0.4332178034220734, 0.42837881724673516, -0.1942969605578201, 0.44777228725959506, -0.2930684392446522, -0.5329775754348647, -0.11637457688973075, -0.288940049652787, -0.18840373651043169, -0.39492208692951297, 1.0, -0.14798669396645509, -0.33131999425709285, -0.17581902883185294, -0.38998433088322926, -0.38001558510716565, -0.32726089447289636, -0.3460197699615728, -0.2027199427278786, -0.3509050380557416, -0.1781451362854707, -0.3162612052427827], [0.9013263299654455, 0.875374028374768, 0.9067263835366403, 0.8992918789598241, 0.887863143117585, 0.9365917659012775, -0.9048388274173487, 0.9056102108712833, 0.8869256101514457, 0.9163811706653755, 0.9156606893870831, 0.9234188160015009, 0.9062582401192584, 0.8791549640662819, 0.9153149546086815, 0.9450713418966916, 0.9348093435284625, 0.9110334236333308, 0.6973785984072557, 0.5375653586284813, 0.8859107736677728, 0.6997210355821087, 0.2931501402861235, -0.14798669396645509, 1.0, 0.8350167254041954, 0.8853933744601321, 0.809947587664607, 0.8586162952559919, 0.827920946127071, 0.8659913613875535, 0.8597397803145583, 0.8567400662504164, 0.866605313940186, 0.8940264406425763], [0.9738987124151356, 0.9614197709211927, 0.944192648200196, 0.969224249353188, 0.9308434234749586, 0.9561026409421223, -0.9141680293919094, 0.9547873128429974, 0.9328095406318746, 0.9532410906960715, 0.9530823078167286, 0.9619101073365253, 0.9515998977865617, 0.9482633548029058, 0.9518379858168743, 0.9572471544447909, 0.9598681941831007, 0.953065699119966, 0.9144328600336381, 0.748119489323314, 0.9529224073932617, 0.917484508918663, 0.4174842017430511, -0.33131999425709285, 0.8350167254041954, 1.0, 0.9333698585750195, 0.9593853451724006, 0.9344752927477809, 0.9438397717065257, 0.9432548067532233, 0.9155143405860465, 0.9631524838299995, 0.9268047762783672, 0.9226211736216245], [0.9546983253590333, 0.9542277131372845, 0.9795572089627537, 0.9610621340733569, 0.9772853218502683, 0.9595423340373094, -0.9574059184038484, 0.9377106806189224, 0.9601454817338351, 0.9663021976031759, 0.9671929268384598, 0.9560055958918446, 0.9776965494768992, 0.9770661280510847, 0.9665511939465092, 0.9563407005386423, 0.9646675337649782, 0.9377950136208197, 0.8000660338527651, 0.6362818750896699, 0.9702027489910484, 0.8844863338836524, 0.22268494862798924, -0.17581902883185294, 0.8853933744601321, 0.9333698585750195, 1.0, 0.9031292323951781, 0.881339698518092, 0.937186928292178, 0.8836000482103654, 0.8836297131255864, 0.9437577807257951, 0.9706616700675735, 0.8840884086902748], [0.9801117222958416, 0.9580478957576969, 0.9299279148852195, 0.9710087715709801, 0.9096213092136298, 0.957417780530297, -0.8990747833529438, 0.9776410228904944, 0.9331402768322365, 0.9619297696815693, 0.9614203981204853, 0.9653143089602484, 0.9444473790817142, 0.9368498815084423, 0.9617530763352357, 0.9608230073440214, 0.9746165882710847, 0.978117677594255, 0.9572262052658347, 0.7914431510555862, 0.9398412209117679, 0.8965998791491269, 0.5169167290449933, -0.38998433088322926, 0.809947587664607, 0.9593853451724006, 0.9031292323951781, 1.0, 0.9855253636325619, 0.9653964822799139, 0.9896669959305419, 0.9514991055354437, 0.9583424269946534, 0.9132225926475303, 0.9662612014495142], [0.9639211066122986, 0.9499400275306712, 0.9115747735887824, 0.9610637087381466, 0.8978541838363575, 0.9275512434698137, -0.8582947309990291, 0.9524521580058715, 0.8950281502702858, 0.9429311147142158, 0.9416258059008942, 0.9517562161521569, 0.904122819607055, 0.8864290684298158, 0.9422386506992507, 0.9245190965965128, 0.9470393430809877, 0.9518604298939806, 0.9348955692905936, 0.7269980226183687, 0.9439059389340128, 0.8451254348860484, 0.5156271720849975, -0.38001558510716565, 0.8586162952559919, 0.9344752927477809, 0.881339698518092, 0.9855253636325619, 1.0, 0.9495895853307805, 0.9829162631427785, 0.9547361157850848, 0.9344270968695517, 0.9168675941932228, 0.961716398125528], [0.9756927489385234, 0.9654185171328528, 0.9640471932409527, 0.9777337371824218, 0.957941809368536, 0.9521883557185437, -0.9249875666434562, 0.9688083522547112, 0.9565804626687282, 0.9656115368969054, 0.9657142768330081, 0.9722832179292378, 0.9466338687914573, 0.9375822250043282, 0.965726836535668, 0.9488935335201789, 0.9644252680041752, 0.9673176440509224, 0.9012931556813298, 0.6663104361721778, 0.9691581692986074, 0.9216503792004854, 0.37744324885776454, -0.32726089447289636, 0.827920946127071, 0.9438397717065257, 0.937186928292178, 0.9653964822799139, 0.9495895853307805, 1.0, 0.9531804177663479, 0.9170601282753991, 0.9756110949464558, 0.9562853849982741, 0.9438199552074592], [0.9720430845589532, 0.9562498759191356, 0.920032594733267, 0.9622778703941993, 0.8984697061658603, 0.9515335282404753, -0.8905253306495965, 0.9626096571173818, 0.9160889644067639, 0.9417205316298627, 0.9406776854262191, 0.9527894291574502, 0.914638970657132, 0.9116559180020276, 0.9413595386634348, 0.9524662949329151, 0.9564821707387129, 0.9610970120134781, 0.943499305977666, 0.7634139585725539, 0.9402465910384481, 0.8659539372677288, 0.5342518284329278, -0.3460197699615728, 0.8659913613875535, 0.9432548067532233, 0.8836000482103654, 0.9896669959305419, 0.9829162631427785, 0.9531804177663479, 1.0, 0.9732086821680946, 0.9425414111402283, 0.9352179268679336, 0.9617643565044649], [0.9454922107413907, 0.9433615292891815, 0.906727687574866, 0.9343474720462999, 0.88051692904618, 0.9547483215554529, -0.9091496207539518, 0.9355096404543024, 0.902786560946724, 0.9202977297709175, 0.9190070305662759, 0.933024568941053, 0.8897518997239534, 0.8681221040800304, 0.9195605064845794, 0.954129209372213, 0.9430202311221323, 0.9353813745071322, 0.8933982954668271, 0.7666459301430008, 0.9102286124829094, 0.840328199235121, 0.4444520755905411, -0.2027199427278786, 0.8597397803145583, 0.9155143405860465, 0.8836297131255864, 0.9514991055354437, 0.9547361157850848, 0.9170601282753991, 0.9732086821680946, 1.0, 0.9052235923077185, 0.9328501144215952, 0.9524137675094081], [0.9798071594530674, 0.968678362237265, 0.966502160529948, 0.9777883940074773, 0.9562179574251768, 0.9567598139358978, -0.9255993083153439, 0.959180042807183, 0.9452281803173517, 0.9650861194248886, 0.9652724530157156, 0.9723931627987114, 0.9633967517771145, 0.9655564321163198, 0.9651661130053075, 0.9593242309612876, 0.9712047931818446, 0.9585357653449404, 0.8976723469540457, 0.6975236085610569, 0.9680682119804637, 0.9197790845065211, 0.3943279031988401, -0.3509050380557416, 0.8567400662504164, 0.9631524838299995, 0.9437577807257951, 0.9583424269946534, 0.9344270968695517, 0.9756110949464558, 0.9425414111402283, 0.9052235923077185, 1.0, 0.9529022761502612, 0.9404780529773064], [0.9703321462825509, 0.9616630913228372, 0.9738956182129825, 0.9689358698694239, 0.9622106637080499, 0.976411619951322, -0.9636544118689568, 0.9574167174874126, 0.9692959509891067, 0.9801066194895708, 0.9806317478165599, 0.9672514759296991, 0.9797030321124413, 0.9779579526030358, 0.980501901333245, 0.9759687730666874, 0.9846584445298239, 0.9553498205158079, 0.8457968096939235, 0.6653879308837678, 0.9553423180111622, 0.8656278602871107, 0.3138122252307528, -0.1781451362854707, 0.866605313940186, 0.9268047762783672, 0.9706616700675735, 0.9132225926475303, 0.9168675941932228, 0.9562853849982741, 0.9352179268679336, 0.9328501144215952, 0.9529022761502612, 1.0, 0.91692629368475], [0.9548340254198575, 0.9484721364730703, 0.924487456645566, 0.9465390378256565, 0.9010735698946843, 0.9554718930272584, -0.9097738859300939, 0.9654789510006903, 0.9232434629327546, 0.9438104104099712, 0.9431105724480103, 0.952520838256921, 0.9354727778498803, 0.9278295283314245, 0.9433996061482749, 0.9602618267481209, 0.9646699157741154, 0.9666569022579177, 0.8783882735761899, 0.701214985747005, 0.9281898008742875, 0.8473354578811455, 0.4194647208177228, -0.3162612052427827, 0.8940264406425763, 0.9226211736216245, 0.8840884086902748, 0.9662612014495142, 0.961716398125528, 0.9438199552074592, 0.9617643565044649, 0.9524137675094081, 0.9404780529773064, 0.91692629368475, 1.0]], "x": ["^TAIEX       \u81fa\u7063\u52a0\u6b0a\u5831\u916c\u6307\u6578", "^TWII        \u81fa\u7063\u52a0\u6b0a\u6307\u6578", "^TAIEXx2     \u81fa\u7063\u52a0\u6b0a\u5831\u916c\u6307\u6578_\u65e5\u6b632", "^TAI50I      \u81fa\u706350\u5831\u916c\u6307\u6578", "^TAI50Ix2    \u81fa\u706350\u5831\u916c\u6307\u6578_\u65e5\u6b632", "^TAI100I     \u81fa\u7063\u4e2d\u578b100\u5831\u916c\u6307\u6578", "^TAI100Ix2   \u81fa\u7063\u4e2d\u578b100\u5831\u916c\u6307\u6578_\u65e5\u6b632", "^TAIDIVIDI   \u81fa\u7063\u9ad8\u80a1\u606f\u5831\u916c\u6307\u6578", "^TAIDIVIDIx2 \u81fa\u7063\u9ad8\u80a1\u606f\u5831\u916c\u6307\u6578_\u65e5\u6b632", "0050Fund     \u5143\u5927\u53f0\u7063\u5353\u8d8a50\u57fa\u91d1", "006208Fund   \u5bcc\u90a6\u53f0\u7063\u91c6\u540950\u57fa\u91d1", "0050         \u5143\u5927\u81fa\u706350", "00631L       \u5143\u5927\u53f0\u706350\u6b632", "00675L       \u5bcc\u90a6\u81fa\u7063\u52a0\u6b0a\u6b632", "006208       \u5bcc\u90a6\u53f050", "0051         \u5143\u5927\u4e2d\u578b100", "006204       \u6c38\u8c50\u81fa\u7063\u52a0\u6b0a", "0056         \u5143\u5927\u9ad8\u80a1\u606f", "2412         \u4e2d\u83ef\u96fb\u4fe1", "2002         \u4e2d\u92fc", "2330         \u53f0\u7a4d\u96fb", "2317         \u9d3b\u6d77", "6505         \u53f0\u5851\u77f3\u5316", "3481         \u7fa4\u5275", "2303         \u806f\u96fb", "2308         \u53f0\u9054\u96fb", "2454         \u806f\u767c\u79d1", "2886         \u5146\u8c50\u91d1", "2884         \u7389\u5c71\u91d1", "2891         \u4e2d\u4fe1\u91d1", "2892         \u7b2c\u4e00\u91d1", "5880         \u5408\u5eab\u91d1", "2881         \u5bcc\u90a6\u91d1", "2885         \u5143\u5927\u91d1", "2887         \u53f0\u65b0\u91d1"], "y": ["^TAIEX       \u81fa\u7063\u52a0\u6b0a\u5831\u916c\u6307\u6578", "^TWII        \u81fa\u7063\u52a0\u6b0a\u6307\u6578", "^TAIEXx2     \u81fa\u7063\u52a0\u6b0a\u5831\u916c\u6307\u6578_\u65e5\u6b632", "^TAI50I      \u81fa\u706350\u5831\u916c\u6307\u6578", "^TAI50Ix2    \u81fa\u706350\u5831\u916c\u6307\u6578_\u65e5\u6b632", "^TAI100I     \u81fa\u7063\u4e2d\u578b100\u5831\u916c\u6307\u6578", "^TAI100Ix2   \u81fa\u7063\u4e2d\u578b100\u5831\u916c\u6307\u6578_\u65e5\u6b632", "^TAIDIVIDI   \u81fa\u7063\u9ad8\u80a1\u606f\u5831\u916c\u6307\u6578", "^TAIDIVIDIx2 \u81fa\u7063\u9ad8\u80a1\u606f\u5831\u916c\u6307\u6578_\u65e5\u6b632", "0050Fund     \u5143\u5927\u53f0\u7063\u5353\u8d8a50\u57fa\u91d1", "006208Fund   \u5bcc\u90a6\u53f0\u7063\u91c6\u540950\u57fa\u91d1", "0050         \u5143\u5927\u81fa\u706350", "00631L       \u5143\u5927\u53f0\u706350\u6b632", "00675L       \u5bcc\u90a6\u81fa\u7063\u52a0\u6b0a\u6b632", "006208       \u5bcc\u90a6\u53f050", "0051         \u5143\u5927\u4e2d\u578b100", "006204       \u6c38\u8c50\u81fa\u7063\u52a0\u6b0a", "0056         \u5143\u5927\u9ad8\u80a1\u606f", "2412         \u4e2d\u83ef\u96fb\u4fe1", "2002         \u4e2d\u92fc", "2330         \u53f0\u7a4d\u96fb", "2317         \u9d3b\u6d77", "6505         \u53f0\u5851\u77f3\u5316", "3481         \u7fa4\u5275", "2303         \u806f\u96fb", "2308         \u53f0\u9054\u96fb", "2454         \u806f\u767c\u79d1", "2886         \u5146\u8c50\u91d1", "2884         \u7389\u5c71\u91d1", "2891         \u4e2d\u4fe1\u91d1", "2892         \u7b2c\u4e00\u91d1", "5880         \u5408\u5eab\u91d1", "2881         \u5bcc\u90a6\u91d1", "2885         \u5143\u5927\u91d1", "2887         \u53f0\u65b0\u91d1"], "zmin": -1, "zmax": 1, "colorbar": {"x": -0.2}}], "layout": {"autotypenumbers": "strict", "colorway": ["#636efa", "#EF553B", "#00cc96", "#ab63fa", "#FFA15A", "#19d3f3", "#FF6692", "#B6E880", "#FF97FF", "#FECB52"], "font": {"color": "#f2f5fa", "family": "Courier New"}, "hovermode": "closest", "hoverlabel": {"align": "left"}, "paper_bgcolor": "rgb(17,17,17)", "plot_bgcolor": "rgb(17,17,17)", "polar": {"bgcolor": "rgb(17,17,17)", "angularaxis": {"gridcolor": "#506784", "linecolor": "#506784", "ticks": ""}, "radialaxis": {"gridcolor": "#506784", "linecolor": "#506784", "ticks": ""}}, "ternary": {"bgcolor": "rgb(17,17,17)", "aaxis": {"gridcolor": "#506784", "linecolor": "#506784", "ticks": ""}, "baxis": {"gridcolor": "#506784", "linecolor": "#506784", "ticks": ""}, "caxis": {"gridcolor": "#506784", "linecolor": "#506784", "ticks": ""}}, "coloraxis": {"colorbar": {"outlinewidth": 0, "ticks": ""}}, "colorscale": {"sequential": [[0.0, "#0d0887"], [0.1111111111111111, "#46039f"], [0.2222222222222222, "#7201a8"], [0.3333333333333333, "#9c179e"], [0.4444444444444444, "#bd3786"], [0.5555555555555556, "#d8576b"], [0.6666666666666666, "#ed7953"], [0.7777777777777778, "#fb9f3a"], [0.8888888888888888, "#fdca26"], [1.0, "#f0f921"]], "sequentialminus": [[0.0, "#0d0887"], [0.1111111111111111, "#46039f"], [0.2222222222222222, "#7201a8"], [0.3333333333333333, "#9c179e"], [0.4444444444444444, "#bd3786"], [0.5555555555555556, "#d8576b"], [0.6666666666666666, "#ed7953"], [0.7777777777777778, "#fb9f3a"], [0.8888888888888888, "#fdca26"], [1.0, "#f0f921"]], "diverging": [[0, "#8e0152"], [0.1, "#c51b7d"], [0.2, "#de77ae"], [0.3, "#f1b6da"], [0.4, "#fde0ef"], [0.5, "#f7f7f7"], [0.6, "#e6f5d0"], [0.7, "#b8e186"], [0.8, "#7fbc41"], [0.9, "#4d9221"], [1, "#276419"]]}, "xaxis": {"gridcolor": "rgba(0, 0, 0, 0)", "linecolor": "#506784", "ticks": "", "title": {"standoff": 15}, "zerolinecolor": "#283442", "automargin": true, "zerolinewidth": 2, "tickfont": {"family": "Courier New", "size": 14}, "side": "top", "tickangle": -90}, "yaxis": {"gridcolor": "rgba(0, 0, 0, 0)", "linecolor": "#506784", "ticks": "", "title": {"standoff": 15}, "zerolinecolor": "#283442", "automargin": true, "zerolinewidth": 2, "tickfont": {"family": "Courier New"}, "side": "right"}, "scene": {"xaxis": {"backgroundcolor": "rgb(17,17,17)", "gridcolor": "#506784", "linecolor": "#506784", "showbackground": true, "ticks": "", "zerolinecolor": "#C8D4E3", "gridwidth": 2}, "yaxis": {"backgroundcolor": "rgb(17,17,17)", "gridcolor": "#506784", "linecolor": "#506784", "showbackground": true, "ticks": "", "zerolinecolor": "#C8D4E3", "gridwidth": 2}, "zaxis": {"backgroundcolor": "rgb(17,17,17)", "gridcolor": "#506784", "linecolor": "#506784", "showbackground": true, "ticks": "", "zerolinecolor": "#C8D4E3", "gridwidth": 2}}, "shapedefaults": {"line": {"color": "#f2f5fa"}}, "annotationdefaults": {"arrowcolor": "#f2f5fa", "arrowhead": 0, "arrowwidth": 1}, "geo": {"bgcolor": "rgb(17,17,17)", "landcolor": "rgb(17,17,17)", "subunitcolor": "#506784", "showland": true, "showlakes": true, "lakecolor": "rgb(17,17,17)"}, "title": {"x": 0.05, "font": {"family": "Times New Roman"}, "y": 0.05, "text": "<b>Correlation of Adj Close<b><br><i>2016-09-23 ~ 2025-08-04<i>"}, "updatemenudefaults": {"bgcolor": "#506784", "borderwidth": 0}, "sliderdefaults": {"bgcolor": "#C8D4E3", "borderwidth": 1, "bordercolor": "rgb(17,17,17)", "tickwidth": 0}, "mapbox": {"style": "dark"}, "annotations": [{"text": "<b>@zwindr<b>", "textangle": 0, "opacity": 0.5, "font": {"color": "white", "size": 12}, "xref": "paper", "yref": "paper", "xanchor": "left", "yanchor": "bottom", "x": 1.0, "y": 1.0, "showarrow": false}]}, "config": {"responsive": true, "toImageButtonOptions": {"filename": "Correlation of Adj Close_2016-09-23~2025-08-04", "scale": 5}}};

Plotly.newPlot("correlationAdjClose",
    correlationAdjClose.data,
    correlationAdjClose.layout || {},
    correlationAdjClose.config);