var element=document.getElementById("correlationAdjClose");if(element.style.display!='none'){var correlationAdjClose={"data":[{"type":"heatmap","z":[[1.0,0.9945873247204655,0.9765777256865696,0.9973401156538095,0.9608324479730341,0.982960216432085,0.9491401374515759,0.9898382368810055,0.9731597854524578,0.9974830399845419,0.9969180996026525,0.9974089614066349,0.9935976284289365,0.9944060498939364,0.996988458873661,0.9848621778229973,0.9996945238716817,0.9897413041523611,0.9013468254323501,0.9210206499483385,0.714124470238603,0.9851353920077291,0.9286665332735653,0.3904260511130412,-0.3011642213706853,0.8993567395528129,0.9436786466461039,0.9586652293323467,0.979734732809644,0.9662161858697295,0.97741371117787,0.9725508937789727,0.9440033570928865,0.9815431066578438,0.973151859983759,0.9550441621156948],[0.9945873247204655,1.0,0.972204942449831,0.9915204449870274,0.9561914648401806,0.978853038620496,0.9447350153603574,0.9816964418114783,0.9669013417018717,0.9928489276612825,0.9949255116575054,0.9943482012780944,0.9925792055474213,0.992174044011996,0.994952564683205,0.9795357159916822,0.9970215537675545,0.9841068623471573,0.9237268482689224,0.910756212582846,0.7304163860885213,0.9682302795765522,0.9100910256340481,0.3902959704369286,-0.22978411989620526,0.8760105674991441,0.9348490360109852,0.9579015403252462,0.9594256424421904,0.9533514308483662,0.9678824050537517,0.9581458502710277,0.9426233969532483,0.9713784273848489,0.9639222625163713,0.9496886479004217],[0.9765777256865696,0.972204942449831,1.0,0.9842288216393723,0.9952120482413144,0.9762786545927005,0.9772437440242483,0.9663169080885177,0.9821690384168931,0.9838629671463518,0.9905178994068895,0.9871447887640814,0.9969401374404798,0.9967206004147182,0.990238979325383,0.9742357141186078,0.986786207272773,0.9659805386856474,0.8710740315504225,0.8285754615759661,0.5945519197454495,0.9914529906407634,0.9240912766763097,0.22080071243747335,-0.22534798549976584,0.893441824338944,0.9394441847572895,0.9781264630644106,0.9272147009183282,0.9144731649535917,0.9670906791387929,0.9189325112991594,0.8989855075090003,0.9659909610968571,0.9736525988239426,0.919704328579462],[0.9973401156538095,0.9915204449870274,0.9842288216393723,1.0,0.974839371224,0.9748989200055301,0.9451894125039036,0.9828507900452277,0.970301051837834,0.9999672454869931,0.9999907892441757,0.999960706271203,0.9925516650310452,0.9908039510976235,0.9999465245450427,0.9740848862753844,0.9958007702810954,0.9824831273804566,0.8872135833497852,0.9052623600283869,0.6796194195230857,0.9937204513231606,0.9318151751223579,0.3608444721042142,-0.2912549600185658,0.8937101742612639,0.9486507761296283,0.9641507069926223,0.9691799675966577,0.9622345776857657,0.9798999269009513,0.9615937856075368,0.9305905478805815,0.9790068251640548,0.9715889344713888,0.9450500272417296],[0.9608324479730341,0.9561914648401806,0.9952120482413144,0.974839371224,1.0,0.9523350023230787,0.9575166855021401,0.9458987515874756,0.9658864313359175,0.974856382602565,0.984082629339637,0.9801558231972423,0.9844460037352998,0.9811271543607182,0.9835956076442236,0.9489278741546701,0.9712849238213509,0.9453083229601786,0.8444510335208966,0.8029002598763219,0.5509244083760578,0.9885632274523921,0.919348769147029,0.18911800274819487,-0.216260673161927,0.8661765612046226,0.9389165178090806,0.9705845804203752,0.9019444131984208,0.8964852537616825,0.9584289174720682,0.8930366335113725,0.866847914196302,0.9514397372144521,0.9582709032827257,0.8913099338794902],[0.982960216432085,0.978853038620496,0.9762786545927005,0.9748989200055301,0.9523350023230787,1.0,0.9829849169358994,0.9820451698052006,0.9816009415861199,0.9742740638550619,0.9696167163642436,0.9726945488635501,0.976015642478683,0.9737744281267386,0.9695652568601432,0.9998998428573763,0.986801369783767,0.9830135263801285,0.9021771602206511,0.8688034531473858,0.6821771226706822,0.9675264954657139,0.9001900973894665,0.2622587769300919,-0.21869809949504196,0.9335553841542713,0.9198081080888468,0.9627881540420801,0.9598389983515437,0.9333317961908304,0.955347592249346,0.9545633636423362,0.9544312344484159,0.9605194966830205,0.9783384603456262,0.9565643310419126],[0.9491401374515759,0.9447350153603574,0.9772437440242483,0.9451894125039036,0.9575166855021401,0.9829849169358994,1.0,0.9546435887721358,0.9848257401297874,0.9437200604188248,0.9549464748654223,0.9510121928433485,0.9761479810335347,0.977226144766752,0.9546595182083314,0.9844542399728845,0.9685329638484547,0.9572845050803112,0.8699494478271671,0.7867814335953638,0.5777305825234872,0.9494802666011107,0.8965446593473917,0.120919408295439,-0.15596624781151605,0.8989814166432506,0.8997315154088159,0.9612115957714129,0.9045409439703932,0.8699536443847817,0.9334019201320372,0.8971013509810852,0.9085293811320327,0.9324562461813823,0.9672917630568182,0.9117958312566485],[0.9898382368810055,0.9816964418114783,0.9663169080885177,0.9828507900452277,0.9458987515874756,0.9820451698052006,0.9546435887721358,1.0,0.9834098736931234,0.9828056771122006,0.9784679854983191,0.9818033348700468,0.9745736197778381,0.9737134969374527,0.9786281129413565,0.9838613876897433,0.987793969215034,0.9998777041488307,0.9276049610072624,0.9275895615662206,0.6493028540374205,0.971432539186142,0.8998804656147954,0.24342194836798867,-0.3109486895946892,0.9055103716826638,0.9070811513758157,0.9420923591904632,0.979028703380562,0.9560328415689495,0.9686223930060306,0.9651739954996692,0.9372832249130437,0.9621626598504411,0.9602046094193726,0.9664504462342478],[0.9731597854524578,0.9669013417018717,0.9821690384168931,0.970301051837834,0.9658864313359175,0.9816009415861199,0.9848257401297874,0.9834098736931234,1.0,0.9694838651075047,0.9663259167146498,0.9684587561829456,0.9739268907620352,0.9710037122533891,0.9661953126063316,0.9806290653601887,0.9732118953050877,0.9827422128335218,0.9036977291619596,0.8587774040551065,0.5710715520979152,0.969125603877799,0.9141674055919297,0.10171069566176805,-0.23218508454736017,0.8849185675295725,0.9013359434060675,0.9635747868082631,0.9370948857801378,0.9035448993901272,0.9600774364082723,0.9216717706691636,0.9046382426360597,0.9503682020919711,0.9722378271604178,0.9256476416629875],[0.9974830399845419,0.9928489276612825,0.9838629671463518,0.9999672454869931,0.974856382602565,0.9742740638550619,0.9437200604188248,0.9828056771122006,0.9694838651075047,1.0,0.9999891395713905,0.9999834410659018,0.9924215990387726,0.990646355663816,0.9999520785546547,0.9734714000157022,0.9956667096071046,0.9825366354657009,0.8891028542655139,0.9063686157782551,0.6782805540060785,0.9939135392273085,0.9316721126663008,0.3660589159125126,-0.2906482968238925,0.8947180657215172,0.9470212372383338,0.9626788296305093,0.9689197690793268,0.9614643898776262,0.9788546067989675,0.9609933416139909,0.92914169039117,0.9781825614996629,0.9703447882279057,0.9434180245686301],[0.9969180996026525,0.9949255116575054,0.9905178994068895,0.9999907892441757,0.984082629339637,0.9696167163642436,0.9549464748654223,0.9784679854983191,0.9663259167146498,0.9999891395713905,1.0,0.9999733100903638,0.9925774868324342,0.9908004338334043,0.9999549878757454,0.9695690120578557,0.9954509100197054,0.9791972241946123,0.9139970770573139,0.9326894570548138,0.5760706934699141,0.9971847074756547,0.9138406130629401,-0.11011747530285246,0.4058913943982096,0.8999818300772848,0.917413049443869,0.9684374439665666,0.9605739143168467,0.9452849569426596,0.9697808317470213,0.941514628162801,0.9114610400910559,0.968155633197069,0.9813631875672407,0.9397210284048471],[0.9974089614066349,0.9943482012780944,0.9871447887640814,0.999960706271203,0.9801558231972423,0.9726945488635501,0.9510121928433485,0.9818033348700468,0.9684587561829456,0.9999834410659018,0.9999733100903638,1.0,0.9924196576291352,0.9906160116918438,0.999963181947166,0.9726559663081977,0.9955830778577764,0.9820685298442006,0.8971522480407136,0.9226184578724637,0.6338911904406492,0.9961405304599978,0.9275124160909433,0.10521113731036859,-0.19427699571385532,0.9117928609548596,0.9327015336397597,0.9592243278682236,0.9636291901707114,0.9533543994335434,0.9752272322418233,0.9523581177718381,0.9270086384069842,0.9742841214047071,0.9701506189248597,0.9488687415054309],[0.9935976284289365,0.9925792055474213,0.9969401374404798,0.9925516650310452,0.9844460037352998,0.976015642478683,0.9761479810335347,0.9745736197778381,0.9739268907620352,0.9924215990387726,0.9925774868324342,0.9924196576291352,1.0,0.9997317300429871,0.9925716795929032,0.9760129993553053,0.993630244971425,0.9754726448485215,0.9100507642977969,0.9190709359002402,0.5104898016518961,0.9878629784843143,0.9079052449400767,-0.3839329211900915,0.4268907702950556,0.8870808928099014,0.9106485800992824,0.976154871191584,0.9451444936540649,0.912961287863334,0.9529964581606367,0.9188072201805353,0.8825440343736529,0.9662781706380791,0.9798296289895051,0.9328927478757388],[0.9944060498939364,0.992174044011996,0.9967206004147182,0.9908039510976235,0.9811271543607182,0.9737744281267386,0.977226144766752,0.9737134969374527,0.9710037122533891,0.990646355663816,0.9908004338334043,0.9906160116918438,0.9997317300429871,1.0,0.9909304774305071,0.9736968918626171,0.9942755800134548,0.9748123431070643,0.8961938967292212,0.9277935948508661,0.3788519209521295,0.9834174981884788,0.8996694291247483,-0.7447630362737304,0.40042829317570894,0.8564825760511283,0.9056856520405091,0.9744895428620516,0.9388701369026433,0.8995315687078589,0.9455089454254779,0.9183482306118531,0.8613315765843796,0.9677333288386273,0.978126578949317,0.9259219887499872],[0.996988458873661,0.994952564683205,0.990238979325383,0.9999465245450427,0.9835956076442236,0.9695652568601432,0.9546595182083314,0.9786281129413565,0.9661953126063316,0.9999520785546547,0.9999549878757454,0.999963181947166,0.9925716795929032,0.9909304774305071,1.0,0.9695029504496684,0.9954970134180887,0.9793094285763517,0.9143173892208838,0.9333069989155428,0.5759608868371524,0.9969905752811405,0.9140056022915559,-0.1081704826219227,0.40573774845857913,0.8998562387155102,0.9153306295189091,0.9677859034350179,0.9608563969594132,0.9457392220054025,0.9697373299365513,0.9420824114385077,0.9119274200982418,0.9680936582806193,0.9812607549929001,0.9403453518897988],[0.9848621778229973,0.9795357159916822,0.9742357141186078,0.9740848862753844,0.9489278741546701,0.9998998428573763,0.9844542399728845,0.9838613876897433,0.9806290653601887,0.9734714000157022,0.9695690120578557,0.9726559663081977,0.9760129993553053,0.9736968918626171,0.9695029504496684,1.0,0.9869555720257259,0.9831868381314867,0.9051154765736703,0.8925256837927157,0.6763078531499175,0.9653285530922264,0.8948355343498976,0.12147438426492663,-0.19728871641391363,0.9413735478984058,0.9103170885344379,0.9596877824645185,0.9632462102453515,0.9305420735060278,0.9518154228696847,0.9556517204797162,0.9537269254807256,0.962740615839457,0.9776698392550449,0.9610762816394757],[0.9996945238716817,0.9970215537675545,0.986786207272773,0.9958007702810954,0.9712849238213509,0.986801369783767,0.9685329638484547,0.987793969215034,0.9732118953050877,0.9956667096071046,0.9954509100197054,0.9955830778577764,0.993630244971425,0.9942755800134548,0.9954970134180887,0.9869555720257259,1.0,0.9884714399308866,0.928980936705395,0.9402517522821294,0.6271813126974948,0.9884734019689005,0.9075637894989583,-0.05105758193074825,0.4298240607521675,0.9250575295515036,0.9129361462042274,0.9675262889408707,0.975008081611727,0.951263587308214,0.9674666196392524,0.9582132764629242,0.9388424424386506,0.9741187854964055,0.9860960376455389,0.9631010443379376],[0.9897413041523611,0.9841068623471573,0.9659805386856474,0.9824831273804566,0.9453083229601786,0.9830135263801285,0.9572845050803112,0.9998777041488307,0.9827422128335218,0.9825366354657009,0.9791972241946123,0.9820685298442006,0.9754726448485215,0.9748123431070643,0.9793094285763517,0.9831868381314867,0.9884714399308866,1.0,0.9305988316268954,0.9338055994940411,0.6470656244827954,0.9700816876398205,0.9039916313955867,0.20785726890503756,-0.2923791623988666,0.9106077848312205,0.9020364858268239,0.942077890104389,0.9795075882719287,0.9554442856606598,0.967073255594013,0.9637873655566878,0.937070494489462,0.961447977481951,0.9582255128435129,0.9676479884469118],[0.9013468254323501,0.9237268482689224,0.8710740315504225,0.8872135833497852,0.8444510335208966,0.9021771602206511,0.8699494478271671,0.9276049610072624,0.9036977291619596,0.8891028542655139,0.9139970770573139,0.8971522480407136,0.9100507642977969,0.8961938967292212,0.9143173892208838,0.9051154765736703,0.928980936705395,0.9305988316268954,1.0,0.8233734315241761,0.7080347524686097,0.8606989000413747,0.8122498073931524,0.2799288536689874,-0.16179427284162792,0.8537525915910622,0.7856149005978992,0.8526810334381757,0.8894562337427707,0.8549720444476056,0.855947606564786,0.8679631668329839,0.8539122810487184,0.8540401379248693,0.8763808302288683,0.8935352622275922],[0.9210206499483385,0.910756212582846,0.8285754615759661,0.9052623600283869,0.8029002598763219,0.8688034531473858,0.7867814335953638,0.9275895615662206,0.8587774040551065,0.9063686157782551,0.9326894570548138,0.9226184578724637,0.9190709359002402,0.9277935948508661,0.9333069989155428,0.8925256837927157,0.9402517522821294,0.9338055994940411,0.8233734315241761,1.0,0.8314872020199306,0.8565479630213323,0.8720643817995452,0.6508695674656076,-0.5275188224565118,0.7088214468660178,0.8650974026063254,0.8087254559351574,0.9587014622189183,0.9367112018489636,0.9004318577680175,0.9458281242492167,0.8980759717161372,0.900485986153309,0.8499929900111831,0.8838911597083331],[0.714124470238603,0.7304163860885213,0.5945519197454495,0.6796194195230857,0.5509244083760578,0.6821771226706822,0.5777305825234872,0.6493028540374205,0.5710715520979152,0.6782805540060785,0.5760706934699141,0.6338911904406492,0.5104898016518961,0.3788519209521295,0.5759608868371524,0.6763078531499175,0.6271813126974948,0.6470656244827954,0.7080347524686097,0.8314872020199306,1.0,0.6060012344973534,0.7161593270483518,0.725528064282746,-0.11672801444708572,0.5370377865395848,0.6589406410028149,0.6180038636189374,0.7787582579513718,0.710028294325553,0.6398171730246499,0.7472459024485019,0.7573478120358395,0.677929223803368,0.6433127529850151,0.6908319851141006],[0.9851353920077291,0.9682302795765522,0.9914529906407634,0.9937204513231606,0.9885632274523921,0.9675264954657139,0.9494802666011107,0.971432539186142,0.969125603877799,0.9939135392273085,0.9971847074756547,0.9961405304599978,0.9878629784843143,0.9834174981884788,0.9969905752811405,0.9653285530922264,0.9884734019689005,0.9700816876398205,0.8606989000413747,0.8565479630213323,0.6060012344973534,1.0,0.907001640707809,0.2869077366555352,-0.2837535976523072,0.8777871405804587,0.9446893783019088,0.9709376839041376,0.937345235945482,0.9444737416587885,0.9719997545852029,0.9388921808575695,0.9041972288663359,0.9687411780461471,0.9570954400836843,0.925445386760209],[0.9286665332735653,0.9100910256340481,0.9240912766763097,0.9318151751223579,0.919348769147029,0.9001900973894665,0.8965446593473917,0.8998804656147954,0.9141674055919297,0.9316721126663008,0.9138406130629401,0.9275124160909433,0.9079052449400767,0.8996694291247483,0.9140056022915559,0.8948355343498976,0.9075637894989583,0.9039916313955867,0.8122498073931524,0.8720643817995452,0.7161593270483518,0.907001640707809,1.0,0.32928391891714603,-0.18982409834641972,0.7088227340218363,0.9120358593378751,0.8958609885022125,0.8999985199424275,0.8568266658241098,0.9308280390719827,0.8723770473669845,0.8418305471251359,0.9263745638831291,0.8764573629193879,0.8527237100646378],[0.3904260511130412,0.3902959704369286,0.22080071243747335,0.3608444721042142,0.18911800274819487,0.2622587769300919,0.120919408295439,0.24342194836798867,0.10171069566176805,0.3660589159125126,-0.11011747530285246,0.10521113731036859,-0.3839329211900915,-0.7447630362737304,-0.1081704826219227,0.12147438426492663,-0.05105758193074825,0.20785726890503756,0.2799288536689874,0.6508695674656076,0.725528064282746,0.2869077366555352,0.32928391891714603,1.0,-0.38474329708821925,0.27218441136873234,0.3011672985410479,0.1845187720954832,0.4769810782766227,0.4701686040453804,0.3237089613848576,0.49302531108070324,0.41484539767413914,0.3495717879145235,0.2706526547046979,0.38655226540954996],[-0.3011642213706853,-0.22978411989620526,-0.22534798549976584,-0.2912549600185658,-0.216260673161927,-0.21869809949504196,-0.15596624781151605,-0.3109486895946892,-0.23218508454736017,-0.2906482968238925,0.4058913943982096,-0.19427699571385532,0.4268907702950556,0.40042829317570894,0.40573774845857913,-0.19728871641391363,0.4298240607521675,-0.2923791623988666,-0.16179427284162792,-0.5275188224565118,-0.11672801444708572,-0.2837535976523072,-0.18982409834641972,-0.38474329708821925,1.0,-0.15320216941629336,-0.2939445056153051,-0.18038498288157948,-0.38754027307494077,-0.3765282968064616,-0.321179404900055,-0.3449875136998164,-0.20717702029331855,-0.34685480759331294,-0.18245836423467923,-0.3171592325747834],[0.8993567395528129,0.8760105674991441,0.893441824338944,0.8937101742612639,0.8661765612046226,0.9335553841542713,0.8989814166432506,0.9055103716826638,0.8849185675295725,0.8947180657215172,0.8999818300772848,0.9117928609548596,0.8870808928099014,0.8564825760511283,0.8998562387155102,0.9413735478984058,0.9250575295515036,0.9106077848312205,0.8537525915910622,0.7088214468660178,0.5370377865395848,0.8777871405804587,0.7088227340218363,0.27218441136873234,-0.15320216941629336,1.0,0.7922190096644638,0.8839361261424463,0.8169192129781979,0.8618078987246708,0.8275136620153952,0.8698237637397517,0.8653677517242615,0.8585670990307604,0.8675394591355093,0.897344262078784],[0.9436786466461039,0.9348490360109852,0.9394441847572895,0.9486507761296283,0.9389165178090806,0.9198081080888468,0.8997315154088159,0.9070811513758157,0.9013359434060675,0.9470212372383338,0.917413049443869,0.9327015336397597,0.9106485800992824,0.9056856520405091,0.9153306295189091,0.9103170885344379,0.9129361462042274,0.9020364858268239,0.7856149005978992,0.8650974026063254,0.6589406410028149,0.9446893783019088,0.9120358593378751,0.3011672985410479,-0.2939445056153051,0.7922190096644638,1.0,0.9117595425763504,0.9159424971409672,0.9014269875473541,0.9270988957878337,0.9009496231570752,0.8668226258192087,0.9326777198663673,0.9068611075315413,0.8806575727415286],[0.9586652293323467,0.9579015403252462,0.9781264630644106,0.9641507069926223,0.9705845804203752,0.9627881540420801,0.9612115957714129,0.9420923591904632,0.9635747868082631,0.9626788296305093,0.9684374439665666,0.9592243278682236,0.976154871191584,0.9744895428620516,0.9677859034350179,0.9596877824645185,0.9675262889408707,0.942077890104389,0.8526810334381757,0.8087254559351574,0.6180038636189374,0.9709376839041376,0.8958609885022125,0.1845187720954832,-0.18038498288157948,0.8839361261424463,0.9117595425763504,1.0,0.9085207766706171,0.8908663062982077,0.9433150562680861,0.8912422480559725,0.8861558404506922,0.94869612786319,0.9730605088279995,0.8890199795481136],[0.979734732809644,0.9594256424421904,0.9272147009183282,0.9691799675966577,0.9019444131984208,0.9598389983515437,0.9045409439703932,0.979028703380562,0.9370948857801378,0.9689197690793268,0.9605739143168467,0.9636291901707114,0.9451444936540649,0.9388701369026433,0.9608563969594132,0.9632462102453515,0.975008081611727,0.9795075882719287,0.8894562337427707,0.9587014622189183,0.7787582579513718,0.937345235945482,0.8999985199424275,0.4769810782766227,-0.38754027307494077,0.8169192129781979,0.9159424971409672,0.9085207766706171,1.0,0.9861362197072789,0.9639463416052416,0.990314966888199,0.9523169532724285,0.9601836889192314,0.9152604523594782,0.9678159779134513],[0.9662161858697295,0.9533514308483662,0.9144731649535917,0.9622345776857657,0.8964852537616825,0.9333317961908304,0.8699536443847817,0.9560328415689495,0.9035448993901272,0.9614643898776262,0.9452849569426596,0.9533543994335434,0.912961287863334,0.8995315687078589,0.9457392220054025,0.9305420735060278,0.951263587308214,0.9554442856606598,0.8549720444476056,0.9367112018489636,0.710028294325553,0.9444737416587885,0.8568266658241098,0.4701686040453804,-0.3765282968064616,0.8618078987246708,0.9014269875473541,0.8908663062982077,0.9861362197072789,1.0,0.952084212433338,0.9838360691429519,0.9551920720008668,0.9394976914938616,0.9232971668165717,0.9628055374591732],[0.97741371117787,0.9678824050537517,0.9670906791387929,0.9798999269009513,0.9584289174720682,0.955347592249346,0.9334019201320372,0.9686223930060306,0.9600774364082723,0.9788546067989675,0.9697808317470213,0.9752272322418233,0.9529964581606367,0.9455089454254779,0.9697373299365513,0.9518154228696847,0.9674666196392524,0.967073255594013,0.855947606564786,0.9004318577680175,0.6398171730246499,0.9719997545852029,0.9308280390719827,0.3237089613848576,-0.321179404900055,0.8275136620153952,0.9270988957878337,0.9433150562680861,0.9639463416052416,0.952084212433338,1.0,0.9531691242786419,0.9145284433853058,0.9770868454242089,0.9602279180037072,0.941955296842781],[0.9725508937789727,0.9581458502710277,0.9189325112991594,0.9615937856075368,0.8930366335113725,0.9545633636423362,0.8971013509810852,0.9651739954996692,0.9216717706691636,0.9609933416139909,0.941514628162801,0.9523581177718381,0.9188072201805353,0.9183482306118531,0.9420824114385077,0.9556517204797162,0.9582132764629242,0.9637873655566878,0.8679631668329839,0.9458281242492167,0.7472459024485019,0.9388921808575695,0.8723770473669845,0.49302531108070324,-0.3449875136998164,0.8698237637397517,0.9009496231570752,0.8912422480559725,0.990314966888199,0.9838360691429519,0.9531691242786419,1.0,0.9736691050306212,0.9459237256922576,0.9388027525869282,0.9635638425698326],[0.9440033570928865,0.9426233969532483,0.8989855075090003,0.9305905478805815,0.866847914196302,0.9544312344484159,0.9085293811320327,0.9372832249130437,0.9046382426360597,0.92914169039117,0.9114610400910559,0.9270086384069842,0.8825440343736529,0.8613315765843796,0.9119274200982418,0.9537269254807256,0.9388424424386506,0.937070494489462,0.8539122810487184,0.8980759717161372,0.7573478120358395,0.9041972288663359,0.8418305471251359,0.41484539767413914,-0.20717702029331855,0.8653677517242615,0.8668226258192087,0.8861558404506922,0.9523169532724285,0.9551920720008668,0.9145284433853058,0.9736691050306212,1.0,0.9073543862088354,0.9313745545705429,0.9541287595787017],[0.9815431066578438,0.9713784273848489,0.9659909610968571,0.9790068251640548,0.9514397372144521,0.9605194966830205,0.9324562461813823,0.9621626598504411,0.9503682020919711,0.9781825614996629,0.968155633197069,0.9742841214047071,0.9662781706380791,0.9677333288386273,0.9680936582806193,0.962740615839457,0.9741187854964055,0.961447977481951,0.8540401379248693,0.900485986153309,0.677929223803368,0.9687411780461471,0.9263745638831291,0.3495717879145235,-0.34685480759331294,0.8585670990307604,0.9326777198663673,0.94869612786319,0.9601836889192314,0.9394976914938616,0.9770868454242089,0.9459237256922576,0.9073543862088354,1.0,0.9571229260019463,0.9423153072165712],[0.973151859983759,0.9639222625163713,0.9736525988239426,0.9715889344713888,0.9582709032827257,0.9783384603456262,0.9672917630568182,0.9602046094193726,0.9722378271604178,0.9703447882279057,0.9813631875672407,0.9701506189248597,0.9798296289895051,0.978126578949317,0.9812607549929001,0.9776698392550449,0.9860960376455389,0.9582255128435129,0.8763808302288683,0.8499929900111831,0.6433127529850151,0.9570954400836843,0.8764573629193879,0.2706526547046979,-0.18245836423467923,0.8675394591355093,0.9068611075315413,0.9730605088279995,0.9152604523594782,0.9232971668165717,0.9602279180037072,0.9388027525869282,0.9313745545705429,0.9571229260019463,1.0,0.9200707967288307],[0.9550441621156948,0.9496886479004217,0.919704328579462,0.9450500272417296,0.8913099338794902,0.9565643310419126,0.9117958312566485,0.9664504462342478,0.9256476416629875,0.9434180245686301,0.9397210284048471,0.9488687415054309,0.9328927478757388,0.9259219887499872,0.9403453518897988,0.9610762816394757,0.9631010443379376,0.9676479884469118,0.8935352622275922,0.8838911597083331,0.6908319851141006,0.925445386760209,0.8527237100646378,0.38655226540954996,-0.3171592325747834,0.897344262078784,0.8806575727415286,0.8890199795481136,0.9678159779134513,0.9628055374591732,0.941955296842781,0.9635638425698326,0.9541287595787017,0.9423153072165712,0.9200707967288307,1.0]],"x":["^TAIEX       \u81fa\u7063\u52a0\u6b0a\u5831\u916c\u6307\u6578","^TWII        \u81fa\u7063\u52a0\u6b0a\u6307\u6578","^TAIEXx2     \u81fa\u7063\u52a0\u6b0a\u5831\u916c\u6307\u6578_\u65e5\u6b632","^TAI50I      \u81fa\u706350\u5831\u916c\u6307\u6578","^TAI50Ix2    \u81fa\u706350\u5831\u916c\u6307\u6578_\u65e5\u6b632","^TAI100I     \u81fa\u7063\u4e2d\u578b100\u5831\u916c\u6307\u6578","^TAI100Ix2   \u81fa\u7063\u4e2d\u578b100\u5831\u916c\u6307\u6578_\u65e5\u6b632","^TAIDIVIDI   \u81fa\u7063\u9ad8\u80a1\u606f\u5831\u916c\u6307\u6578","^TAIDIVIDIx2 \u81fa\u7063\u9ad8\u80a1\u606f\u5831\u916c\u6307\u6578_\u65e5\u6b632","0050Fund     \u5143\u5927\u53f0\u7063\u5353\u8d8a50\u57fa\u91d1","006208Fund   \u5bcc\u90a6\u53f0\u7063\u91c6\u540950\u57fa\u91d1","0050         \u5143\u5927\u81fa\u706350","00631L       \u5143\u5927\u53f0\u706350\u6b632","00675L       \u5bcc\u90a6\u81fa\u7063\u52a0\u6b0a\u6b632","006208       \u5bcc\u90a6\u53f050","0051         \u5143\u5927\u4e2d\u578b100","006204       \u6c38\u8c50\u81fa\u7063\u52a0\u6b0a","0056         \u5143\u5927\u9ad8\u80a1\u606f","0056         \u5143\u5927\u9ad8\u80a1\u606f_\u80a1\u606f\u4e0d\u6295\u5165","2412         \u4e2d\u83ef\u96fb\u4fe1","2002         \u4e2d\u92fc","2330         \u53f0\u7a4d\u96fb","2317         \u9d3b\u6d77","6505         \u53f0\u5851\u77f3\u5316","3481         \u7fa4\u5275","2303         \u806f\u96fb","2308         \u53f0\u9054\u96fb","2454         \u806f\u767c\u79d1","2886         \u5146\u8c50\u91d1","2884         \u7389\u5c71\u91d1","2891         \u4e2d\u4fe1\u91d1","2892         \u7b2c\u4e00\u91d1","5880         \u5408\u5eab\u91d1","2881         \u5bcc\u90a6\u91d1","2885         \u5143\u5927\u91d1","2887         \u53f0\u65b0\u91d1"],"y":["^TAIEX       \u81fa\u7063\u52a0\u6b0a\u5831\u916c\u6307\u6578","^TWII        \u81fa\u7063\u52a0\u6b0a\u6307\u6578","^TAIEXx2     \u81fa\u7063\u52a0\u6b0a\u5831\u916c\u6307\u6578_\u65e5\u6b632","^TAI50I      \u81fa\u706350\u5831\u916c\u6307\u6578","^TAI50Ix2    \u81fa\u706350\u5831\u916c\u6307\u6578_\u65e5\u6b632","^TAI100I     \u81fa\u7063\u4e2d\u578b100\u5831\u916c\u6307\u6578","^TAI100Ix2   \u81fa\u7063\u4e2d\u578b100\u5831\u916c\u6307\u6578_\u65e5\u6b632","^TAIDIVIDI   \u81fa\u7063\u9ad8\u80a1\u606f\u5831\u916c\u6307\u6578","^TAIDIVIDIx2 \u81fa\u7063\u9ad8\u80a1\u606f\u5831\u916c\u6307\u6578_\u65e5\u6b632","0050Fund     \u5143\u5927\u53f0\u7063\u5353\u8d8a50\u57fa\u91d1","006208Fund   \u5bcc\u90a6\u53f0\u7063\u91c6\u540950\u57fa\u91d1","0050         \u5143\u5927\u81fa\u706350","00631L       \u5143\u5927\u53f0\u706350\u6b632","00675L       \u5bcc\u90a6\u81fa\u7063\u52a0\u6b0a\u6b632","006208       \u5bcc\u90a6\u53f050","0051         \u5143\u5927\u4e2d\u578b100","006204       \u6c38\u8c50\u81fa\u7063\u52a0\u6b0a","0056         \u5143\u5927\u9ad8\u80a1\u606f","0056         \u5143\u5927\u9ad8\u80a1\u606f_\u80a1\u606f\u4e0d\u6295\u5165","2412         \u4e2d\u83ef\u96fb\u4fe1","2002         \u4e2d\u92fc","2330         \u53f0\u7a4d\u96fb","2317         \u9d3b\u6d77","6505         \u53f0\u5851\u77f3\u5316","3481         \u7fa4\u5275","2303         \u806f\u96fb","2308         \u53f0\u9054\u96fb","2454         \u806f\u767c\u79d1","2886         \u5146\u8c50\u91d1","2884         \u7389\u5c71\u91d1","2891         \u4e2d\u4fe1\u91d1","2892         \u7b2c\u4e00\u91d1","5880         \u5408\u5eab\u91d1","2881         \u5bcc\u90a6\u91d1","2885         \u5143\u5927\u91d1","2887         \u53f0\u65b0\u91d1"],"zmin":-1,"zmax":1,"colorbar":{"x":-0.2}}],"layout":{"autotypenumbers":"strict","colorway":["#636efa","#EF553B","#00cc96","#ab63fa","#FFA15A","#19d3f3","#FF6692","#B6E880","#FF97FF","#FECB52"],"font":{"color":"#f2f5fa","family":"Courier New"},"hovermode":"closest","hoverlabel":{"align":"left"},"paper_bgcolor":"rgb(17,17,17)","plot_bgcolor":"rgb(17,17,17)","polar":{"bgcolor":"rgb(17,17,17)","angularaxis":{"gridcolor":"#506784","linecolor":"#506784","ticks":""},"radialaxis":{"gridcolor":"#506784","linecolor":"#506784","ticks":""}},"ternary":{"bgcolor":"rgb(17,17,17)","aaxis":{"gridcolor":"#506784","linecolor":"#506784","ticks":""},"baxis":{"gridcolor":"#506784","linecolor":"#506784","ticks":""},"caxis":{"gridcolor":"#506784","linecolor":"#506784","ticks":""}},"coloraxis":{"colorbar":{"outlinewidth":0,"ticks":""}},"colorscale":{"sequential":[[0.0,"#0d0887"],[0.1111111111111111,"#46039f"],[0.2222222222222222,"#7201a8"],[0.3333333333333333,"#9c179e"],[0.4444444444444444,"#bd3786"],[0.5555555555555556,"#d8576b"],[0.6666666666666666,"#ed7953"],[0.7777777777777778,"#fb9f3a"],[0.8888888888888888,"#fdca26"],[1.0,"#f0f921"]],"sequentialminus":[[0.0,"#0d0887"],[0.1111111111111111,"#46039f"],[0.2222222222222222,"#7201a8"],[0.3333333333333333,"#9c179e"],[0.4444444444444444,"#bd3786"],[0.5555555555555556,"#d8576b"],[0.6666666666666666,"#ed7953"],[0.7777777777777778,"#fb9f3a"],[0.8888888888888888,"#fdca26"],[1.0,"#f0f921"]],"diverging":[[0,"#8e0152"],[0.1,"#c51b7d"],[0.2,"#de77ae"],[0.3,"#f1b6da"],[0.4,"#fde0ef"],[0.5,"#f7f7f7"],[0.6,"#e6f5d0"],[0.7,"#b8e186"],[0.8,"#7fbc41"],[0.9,"#4d9221"],[1,"#276419"]]},"xaxis":{"gridcolor":"rgba(0, 0, 0, 0)","linecolor":"#506784","ticks":"","title":{"standoff":15},"zerolinecolor":"#283442","automargin":true,"zerolinewidth":2,"tickfont":{"family":"Courier New","size":14},"side":"top","tickangle":-90},"yaxis":{"gridcolor":"rgba(0, 0, 0, 0)","linecolor":"#506784","ticks":"","title":{"standoff":15},"zerolinecolor":"#283442","automargin":true,"zerolinewidth":2,"tickfont":{"family":"Courier New"},"side":"right"},"scene":{"xaxis":{"backgroundcolor":"rgb(17,17,17)","gridcolor":"#506784","linecolor":"#506784","showbackground":true,"ticks":"","zerolinecolor":"#C8D4E3","gridwidth":2},"yaxis":{"backgroundcolor":"rgb(17,17,17)","gridcolor":"#506784","linecolor":"#506784","showbackground":true,"ticks":"","zerolinecolor":"#C8D4E3","gridwidth":2},"zaxis":{"backgroundcolor":"rgb(17,17,17)","gridcolor":"#506784","linecolor":"#506784","showbackground":true,"ticks":"","zerolinecolor":"#C8D4E3","gridwidth":2}},"shapedefaults":{"line":{"color":"#f2f5fa"}},"annotationdefaults":{"arrowcolor":"#f2f5fa","arrowhead":0,"arrowwidth":1},"geo":{"bgcolor":"rgb(17,17,17)","landcolor":"rgb(17,17,17)","subunitcolor":"#506784","showland":true,"showlakes":true,"lakecolor":"rgb(17,17,17)"},"title":{"x":0.05,"font":{"family":"Times New Roman"},"y":0.05,"text":"<b>Correlation of Adj Close<b><br><i>2016-09-23 ~ 2025-10-20<i>"},"updatemenudefaults":{"bgcolor":"#506784","borderwidth":0},"sliderdefaults":{"bgcolor":"#C8D4E3","borderwidth":1,"bordercolor":"rgb(17,17,17)","tickwidth":0},"mapbox":{"style":"dark"},"annotations":[{"text":"<b>@zwindr<b>","textangle":0,"opacity":0.5,"font":{"color":"white","size":12},"xref":"paper","yref":"paper","xanchor":"left","yanchor":"bottom","x":1.0,"y":1.0,"showarrow":false}]},"config":{"responsive":true,"toImageButtonOptions":{"filename":"Correlation of Adj Close_2016-09-23~2025-10-20","scale":5}}};Plotly.newPlot("correlationAdjClose",correlationAdjClose.data,correlationAdjClose.layout||{},correlationAdjClose.config);}else{console.log("style display is none => correlationAdjClose");}