var element=document.getElementById("correlationAdjClose");if(element.style.display!='none'){var correlationAdjClose={"data":[{"type":"heatmap","z":[[1.0,0.994756371649258,0.975807433521887,0.9971966185555055,0.9580236011965793,0.983266299237958,0.9508185660402392,0.9895525593383556,0.9739812663083512,0.9973423701711687,0.9967680614813452,0.9972493474476356,0.9932913038619094,0.9941840052832457,0.9968248588554285,0.9849985631664976,0.9997050834657758,0.9894277618501395,0.900677541477495,0.9200715884778311,0.7050025892644969,0.9848694504815799,0.9303494192554308,0.3786075286967426,-0.2999270615045482,0.8988385339144901,0.9346026841780484,0.9592409315296216,0.9787070176789006,0.9654274361793289,0.9780355949376659,0.9717727880605156,0.9424307019667151,0.9819589202485862,0.9737952739950948,0.9553832464217943],[0.994756371649258,1.0,0.9717113949606364,0.991600935267381,0.9536856795412298,0.9792507091433968,0.9465888185862288,0.9815774974691127,0.9679113859255387,0.9929115891516856,0.9948932933858815,0.9943486780976996,0.9923446439448402,0.9920756842335786,0.9949134075416526,0.979827618501734,0.9971309634686373,0.9839089671918432,0.9223367131150264,0.9099737963997044,0.7226862236102514,0.968541611999195,0.9127333796540561,0.3786439307215132,-0.22977193375961455,0.8761172837056715,0.9274753539317876,0.9584857752494348,0.9588397489016317,0.9528016485758695,0.9687689073007406,0.9576596498585122,0.9412536507854792,0.972080653394486,0.9648133984649341,0.9501291613189432],[0.975807433521887,0.9717113949606364,1.0,0.9842528137321636,0.9947552681059452,0.9742300716885979,0.9772908210661364,0.9635684383315962,0.9807962590239689,0.9839128844300042,0.9905929618089995,0.9872609825589977,0.9969797333537239,0.9967632136166081,0.9903428311272918,0.9719859046701257,0.985963031151384,0.9631894844705564,0.866726593008216,0.8255743830166499,0.580715777175674,0.9917160680608323,0.9280490874571173,0.20734975546905898,-0.22390323194946882,0.888227582367468,0.9392203855678222,0.9747750742028573,0.9232405065644697,0.9108135447256522,0.9660646234051399,0.9154291148477185,0.8933828257499371,0.9645790799577317,0.9718873766876555,0.9177583658497781],[0.9971966185555055,0.991600935267381,0.9842528137321636,1.0,0.9732589060717728,0.9749087784119506,0.9472718724075095,0.9818917257799619,0.970922265128954,0.9999684524475587,0.9999912078721774,0.9999614821723972,0.9929119705495447,0.9913439542170679,0.9999482379670706,0.9738987112968903,0.9957148714237342,0.9814737421908437,0.8853869837442654,0.9032434374926174,0.6687757484981821,0.993796918566664,0.9344322555897082,0.3474723445732804,-0.2894697934139054,0.8919079735497283,0.9427290498951134,0.9638201530768759,0.9671533741986849,0.9602952287583695,0.9801083301066754,0.9598838471446213,0.9278144135610811,0.9790436194629192,0.971826100003024,0.9448123319749401],[0.9580236011965793,0.9536856795412298,0.9947552681059452,0.9732589060717728,1.0,0.9479760090194644,0.9564280091402433,0.940183517929493,0.9622472910069539,0.9733001347640202,0.982559991927885,0.9786934216788287,0.9837426332483821,0.9805866787158218,0.9821332104756045,0.9442882161014068,0.9684592856351469,0.9395108366137624,0.8364534548081529,0.796751534473622,0.5335338346763795,0.9875660885772719,0.9230806574316653,0.1735632560750369,-0.2137341076909627,0.8572011518514089,0.9425133209786916,0.963502589752729,0.8946430294139632,0.8892435543346769,0.9547486133829077,0.8863954178755306,0.8577247916816195,0.9474612119836996,0.9538410419046788,0.8869099980811346],[0.983266299237958,0.9792507091433968,0.9742300716885979,0.9749087784119506,0.9479760090194644,1.0,0.9829697654655448,0.9824072484226599,0.9820269709701416,0.9743139761976881,0.9692532098065297,0.972534466918757,0.9743052874878981,0.9718411194775538,0.9691820451020305,0.999901006937894,0.9867909443386832,0.9833546058815398,0.9025408885041964,0.8699178350730808,0.6739957834567704,0.9670141726140894,0.9012718534899204,0.2527075690806449,-0.21925130098163392,0.9330406978624648,0.9081669498101889,0.9635321148535173,0.9599701925951047,0.9338814570328205,0.9565174807361573,0.954854897159232,0.9536719321599304,0.9615472023868354,0.978895684899419,0.957265656215024],[0.9508185660402392,0.9465888185862288,0.9772908210661364,0.9472718724075095,0.9564280091402433,0.9829697654655448,1.0,0.9550193532632902,0.9851509047143124,0.9458581728923514,0.9565674946265046,0.9528594194418091,0.9763262580682767,0.9771316566292834,0.9562864998181935,0.984373870478436,0.9696983461414762,0.9575941118374075,0.8693938649254253,0.7884061961133441,0.567654922655165,0.951293722836974,0.9003711884475057,0.1113801268587953,-0.1571471124264847,0.897193618331962,0.8956591258945114,0.9611521505109194,0.9045812728225926,0.8706849226036131,0.9353064230717675,0.8974375815355461,0.9067244388888486,0.9341570971258645,0.9678996388973623,0.9127024118224674],[0.9895525593383556,0.9815774974691127,0.9635684383315962,0.9818917257799619,0.940183517929493,0.9824072484226599,0.9550193532632902,1.0,0.9835312513592916,0.9818567662316522,0.977357008271471,0.9807789955405404,0.9725461003223836,0.9716154861711818,0.97748701350352,0.9841999009219067,0.9875019410036434,0.9998801588327495,0.9279110533785526,0.9282388539983908,0.6409788965332001,0.9698847846077502,0.8993784148637574,0.23191765691741803,-0.310515375673608,0.9058419963060226,0.8923117742260848,0.9433413386960348,0.9791080818227289,0.9564113749036258,0.9691954106092528,0.9655521142859547,0.9372256216040525,0.962967845631438,0.9610508399542635,0.9670497611412384],[0.9739812663083512,0.9679113859255387,0.9807962590239689,0.970922265128954,0.9622472910069539,0.9820269709701416,0.9851509047143124,0.9835312513592916,1.0,0.9701384321184349,0.9668226503437035,0.9690625052645321,0.9733294730337326,0.9703029635073435,0.96668339249429,0.9810502271730852,0.9740067460554749,0.9828790360440071,0.9034308236993442,0.8600073874260014,0.5611439955677845,0.9692616314912661,0.9155146054980323,0.0902229207370689,-0.23223095263360327,0.8845013168386257,0.8922501648626907,0.9640789674988456,0.9372779468673852,0.904249941719731,0.9612533801173422,0.9222807157174892,0.9040140726418371,0.951769003763813,0.9729921915866752,0.9267491179285117],[0.9973423701711687,0.9929115891516856,0.9839128844300042,0.9999684524475587,0.9733001347640202,0.9743139761976881,0.9458581728923514,0.9818567662316522,0.9701384321184349,1.0,0.9999896478133938,0.9999830598904157,0.9927921550925779,0.9911990250040288,0.9999535612894535,0.9733139500069193,0.9955863097363771,0.9815357830681174,0.8872390000678742,0.904388459443706,0.6668956086935364,0.993990895614404,0.9342795151018297,0.3526269390157899,-0.28888570954254295,0.8927811349556911,0.9409948283352132,0.9623641058568914,0.966891900518566,0.9595015153705743,0.9791149482358856,0.9592835348751108,0.9263883362111194,0.978244041780632,0.9706492826902798,0.9432362231714488],[0.9967680614813452,0.9948932933858815,0.9905929618089995,0.9999912078721774,0.982559991927885,0.9692532098065297,0.9565674946265046,0.977357008271471,0.9668226503437035,0.9999896478133938,1.0,0.999973417033857,0.992938168472816,0.9913417853614623,0.9999563949990775,0.9691107790762171,0.9953654510940957,0.9780488880884182,0.9109566365579003,0.9312022753146454,0.5572230765048357,0.9972197619997799,0.9178378125378864,-0.1263938998947497,0.39840740632903104,0.8951313274246746,0.9102825337162971,0.9666445304161588,0.958143217273474,0.9428087152910093,0.9703141786727618,0.9394825825899716,0.9067657463526678,0.9685667416204012,0.980675993319736,0.9392138842534439],[0.9972493474476356,0.9943486780976996,0.9872609825589977,0.9999614821723972,0.9786934216788287,0.972534466918757,0.9528594194418091,0.9807789955405404,0.9690625052645321,0.9999830598904157,0.999973417033857,1.0,0.9928023280671354,0.9911774083004412,0.9999646178662227,0.972453132904905,0.9954855924350801,0.9810096814863933,0.8950112520427344,0.920795563028058,0.6177975107999512,0.9962042913669026,0.9304522385800376,0.08901367476466547,-0.1934788688970768,0.9081163907105139,0.9263194880547403,0.9584201882047514,0.9612617916291173,0.9507787915240864,0.9755053725782918,0.9503439357075838,0.9232209421415455,0.9744568008810935,0.970314995615929,0.9479494057145871],[0.9932913038619094,0.9923446439448402,0.9969797333537239,0.9929119705495447,0.9837426332483821,0.9743052874878981,0.9763262580682767,0.9725461003223836,0.9733294730337326,0.9927921550925779,0.992938168472816,0.9928023280671354,1.0,0.9997471308490304,0.9929382898243958,0.9742265259400619,0.9932957341294291,0.9733914437281347,0.9046798271555773,0.9179970666119849,0.48721462899247225,0.9885508896367495,0.9132683272181726,-0.3965419115645463,0.4161129623621456,0.8797150616110994,0.9066201376399221,0.9720979714756052,0.9417548290279143,0.910231702385607,0.9538733820134331,0.9164542058249128,0.876259154260744,0.9662059300370415,0.9780789027203142,0.931731840131422],[0.9941840052832457,0.9920756842335786,0.9967632136166081,0.9913439542170679,0.9805866787158218,0.9718411194775538,0.9771316566292834,0.9716154861711818,0.9703029635073435,0.9911990250040288,0.9913417853614623,0.9911774083004412,0.9997471308490304,1.0,0.9914688738244162,0.9716780406284675,0.994010411924645,0.9726495094302121,0.8903791994445405,0.9271510659688564,0.3518971516851251,0.9844293127353899,0.9060831266744577,-0.749138483228349,0.3881711800389405,0.8481108584716578,0.9025789749438311,0.9693889921993579,0.9353811700130714,0.8973740407482819,0.9467576029835255,0.9164421617766567,0.8545521212866238,0.9672515956462749,0.976132469140192,0.9252289213554588],[0.9968248588554285,0.9949134075416526,0.9903428311272918,0.9999482379670706,0.9821332104756045,0.9691820451020305,0.9562864998181935,0.97748701350352,0.96668339249429,0.9999535612894535,0.9999563949990775,0.9999646178662227,0.9929382898243958,0.9914688738244162,1.0,0.9690713129069093,0.9954065995854242,0.978133641626921,0.9111346990361832,0.9317858044684638,0.5569840601233446,0.9970430242638458,0.9179893567141189,-0.12401021014708276,0.3981349978657529,0.8949939690484986,0.9089379680288899,0.9659109547100044,0.9583420825219101,0.9430583804384123,0.9702622458478016,0.9399796391784389,0.9072028301259942,0.9684940367596633,0.9805677608057658,0.9397339590288375],[0.9849985631664976,0.979827618501734,0.9719859046701257,0.9738987112968903,0.9442882161014068,0.999901006937894,0.984373870478436,0.9841999009219067,0.9810502271730852,0.9733139500069193,0.9691107790762171,0.972453132904905,0.9742265259400619,0.9716780406284675,0.9690713129069093,1.0,0.9869057831733008,0.9835264560182012,0.9054054010141575,0.8936831201021032,0.6661201614609814,0.9646992805895785,0.8956158080321391,0.11019442946416055,-0.19788290195063987,0.9405903779097643,0.8974292353443837,0.9604774358588526,0.9633609551398359,0.9310796149330436,0.9530692078288221,0.9559726414585983,0.9528716168045184,0.9637060607151596,0.9782361080296458,0.9616329215444575],[0.9997050834657758,0.9971309634686373,0.985963031151384,0.9957148714237342,0.9684592856351469,0.9867909443386832,0.9696983461414762,0.9875019410036434,0.9740067460554749,0.9955863097363771,0.9953654510940957,0.9954855924350801,0.9932957341294291,0.994010411924645,0.9954065995854242,0.9869057831733008,1.0,0.9881420147341147,0.9274996357199757,0.9399060132142303,0.6113899601840654,0.9882758509345986,0.9101225687148099,-0.0659302667236016,0.4239085878462148,0.9221114396463348,0.9029134837604773,0.9671813121457872,0.9737488545023755,0.9501390703556283,0.9685008127726732,0.9572727084324891,0.9358972757024103,0.9748372711544985,0.986179168092683,0.9629301078033207],[0.9894277618501395,0.9839089671918432,0.9631894844705564,0.9814737421908437,0.9395108366137624,0.9833546058815398,0.9575941118374075,0.9998801588327495,0.9828790360440071,0.9815357830681174,0.9780488880884182,0.9810096814863933,0.9733914437281347,0.9726495094302121,0.978133641626921,0.9835264560182012,0.9881420147341147,1.0,0.9308335388656118,0.93445487894582,0.6384416117010453,0.9685033242728499,0.9032443024942594,0.1962751024364706,-0.2920037508981737,0.9108198013672091,0.8874783690147188,0.9433068600201949,0.9795851167245231,0.9557994245730345,0.9676686469856127,0.9641975327771009,0.9369831528506517,0.9622480755103753,0.9591129422167646,0.9682127102222523],[0.900677541477495,0.9223367131150264,0.866726593008216,0.8853869837442654,0.8364534548081529,0.9025408885041964,0.8693938649254253,0.9279110533785526,0.9034308236993442,0.8872390000678742,0.9109566365579003,0.8950112520427344,0.9046798271555773,0.8903791994445405,0.9111346990361832,0.9054054010141575,0.9274996357199757,0.9308335388656118,1.0,0.8255204820845246,0.7030251146265198,0.8581926646084235,0.8091678794638221,0.2714921830324467,-0.16295363723503775,0.8552880653549664,0.7687310947705818,0.8543280528443221,0.8907697749590219,0.8567306672235305,0.8567246599097668,0.8695642413969231,0.8554947757679605,0.8550179301105212,0.876957526679144,0.8946704760060528],[0.9200715884778311,0.9099737963997044,0.8255743830166499,0.9032434374926174,0.796751534473622,0.8699178350730808,0.7884061961133441,0.9282388539983908,0.8600073874260014,0.904388459443706,0.9312022753146454,0.920795563028058,0.9179970666119849,0.9271510659688564,0.9317858044684638,0.8936831201021032,0.9399060132142303,0.93445487894582,0.8255204820845246,1.0,0.8289110539503455,0.8540738546179188,0.8690324263064891,0.6439070879498522,-0.5264275682214793,0.711866889934809,0.8474658258931911,0.8107966088971799,0.9590375877199726,0.9373407374930784,0.9003233657346447,0.9463494279389669,0.8991203006017826,0.9005716075678128,0.8509396810608862,0.8850149301454583],[0.7050025892644969,0.7226862236102514,0.580715777175674,0.6687757484981821,0.5335338346763795,0.6739957834567704,0.567654922655165,0.6409788965332001,0.5611439955677845,0.6668956086935364,0.5572230765048357,0.6177975107999512,0.48721462899247225,0.3518971516851251,0.5569840601233446,0.6661201614609814,0.6113899601840654,0.6384416117010453,0.7030251146265198,0.8289110539503455,1.0,0.5961659402601485,0.7039524420272947,0.7249723809644988,-0.11656648070903454,0.536081508941492,0.6306321701613773,0.6139063222200727,0.7754673410024225,0.7066504084801931,0.6332076543046478,0.7429519800549356,0.7552754681897313,0.6715023509539874,0.6381602740879702,0.6863628547435762],[0.9848694504815799,0.968541611999195,0.9917160680608323,0.993796918566664,0.9875660885772719,0.9670141726140894,0.951293722836974,0.9698847846077502,0.9692616314912661,0.993990895614404,0.9972197619997799,0.9962042913669026,0.9885508896367495,0.9844293127353899,0.9970430242638458,0.9646992805895785,0.9882758509345986,0.9685033242728499,0.8581926646084235,0.8540738546179188,0.5961659402601485,1.0,0.9111816223818882,0.273920200498313,-0.2815197850605703,0.8750822018781989,0.9426506735007673,0.9692807687177568,0.9345915743724712,0.9414607966314407,0.9717891595015886,0.9364277311186673,0.9005222445073128,0.9683533353954727,0.9570661436188787,0.9246330921918111],[0.9303494192554308,0.9127333796540561,0.9280490874571173,0.9344322555897082,0.9230806574316653,0.9012718534899204,0.9003711884475057,0.8993784148637574,0.9155146054980323,0.9342795151018297,0.9178378125378864,0.9304522385800376,0.9132683272181726,0.9060831266744577,0.9179893567141189,0.8956158080321391,0.9101225687148099,0.9032443024942594,0.8091678794638221,0.8690324263064891,0.7039524420272947,0.9111816223818882,1.0,0.3138089187685058,-0.18930583317427951,0.7109375327865273,0.9122291317209227,0.8964995742020232,0.8984438942919055,0.8560556867065404,0.9318555091878212,0.8712741520150206,0.8399974555795274,0.9272742032524535,0.8792958608431398,0.8539419553007844],[0.3786075286967426,0.3786439307215132,0.20734975546905898,0.3474723445732804,0.1735632560750369,0.2527075690806449,0.1113801268587953,0.23191765691741803,0.0902229207370689,0.3526269390157899,-0.1263938998947497,0.08901367476466547,-0.3965419115645463,-0.749138483228349,-0.12401021014708276,0.11019442946416055,-0.0659302667236016,0.1962751024364706,0.2714921830324467,0.6439070879498522,0.7249723809644988,0.273920200498313,0.3138089187685058,1.0,-0.38300251281725145,0.2677245889171677,0.27445106411396447,0.1784555999328552,0.46972627350482005,0.46317204922621535,0.31419105211647297,0.4855204645117895,0.4095136793124724,0.3402187269055557,0.2623452494503545,0.3788339450263969],[-0.2999270615045482,-0.22977193375961455,-0.22390323194946882,-0.2894697934139054,-0.2137341076909627,-0.21925130098163392,-0.1571471124264847,-0.310515375673608,-0.23223095263360327,-0.28888570954254295,0.39840740632903104,-0.1934788688970768,0.4161129623621456,0.3881711800389405,0.3981349978657529,-0.19788290195063987,0.4239085878462148,-0.2920037508981737,-0.16295363723503775,-0.5264275682214793,-0.11656648070903454,-0.2815197850605703,-0.18930583317427951,-0.38300251281725145,1.0,-0.1545642151763786,-0.28307438996750506,-0.18156827791715954,-0.38712765767565555,-0.3763023535570024,-0.3200738755481365,-0.34488681389925957,-0.20825055649118882,-0.34555732310448184,-0.18346825738152348,-0.3170614660415722],[0.8988385339144901,0.8761172837056715,0.888227582367468,0.8919079735497283,0.8572011518514089,0.9330406978624648,0.897193618331962,0.9058419963060226,0.8845013168386257,0.8927811349556911,0.8951313274246746,0.9081163907105139,0.8797150616110994,0.8481108584716578,0.8949939690484986,0.9405903779097643,0.9221114396463348,0.9108198013672091,0.8552880653549664,0.711866889934809,0.536081508941492,0.8750822018781989,0.7109375327865273,0.2677245889171677,-0.1545642151763786,1.0,0.7797339666925752,0.8849609342326372,0.8190658243501917,0.8633839749298633,0.8288320172787962,0.871294966819348,0.8667797452295123,0.8594985948951208,0.8683700165981397,0.8983048576626703],[0.9346026841780484,0.9274753539317876,0.9392203855678222,0.9427290498951134,0.9425133209786916,0.9081669498101889,0.8956591258945114,0.8923117742260848,0.8922501648626907,0.9409948283352132,0.9102825337162971,0.9263194880547403,0.9066201376399221,0.9025789749438311,0.9089379680288899,0.8974292353443837,0.9029134837604773,0.8874783690147188,0.7687310947705818,0.8474658258931911,0.6306321701613773,0.9426506735007673,0.9122291317209227,0.27445106411396447,-0.28307438996750506,0.7797339666925752,1.0,0.9001331348212408,0.8996589558092625,0.8851093547807293,0.9183042880252208,0.8849055799292944,0.8496443049693926,0.9227679065999195,0.8990995494527527,0.8691591285824128],[0.9592409315296216,0.9584857752494348,0.9747750742028573,0.9638201530768759,0.963502589752729,0.9635321148535173,0.9611521505109194,0.9433413386960348,0.9640789674988456,0.9623641058568914,0.9666445304161588,0.9584201882047514,0.9720979714756052,0.9693889921993579,0.9659109547100044,0.9604774358588526,0.9671813121457872,0.9433068600201949,0.8543280528443221,0.8107966088971799,0.6139063222200727,0.9692807687177568,0.8964995742020232,0.1784555999328552,-0.18156827791715954,0.8849609342326372,0.9001331348212408,1.0,0.9098385170653205,0.8924525322972271,0.9444044693764283,0.892974780561261,0.8870397289951897,0.9497219099182812,0.9735327451186944,0.8911397810793616],[0.9787070176789006,0.9588397489016317,0.9232405065644697,0.9671533741986849,0.8946430294139632,0.9599701925951047,0.9045812728225926,0.9791080818227289,0.9372779468673852,0.966891900518566,0.958143217273474,0.9612617916291173,0.9417548290279143,0.9353811700130714,0.9583420825219101,0.9633609551398359,0.9737488545023755,0.9795851167245231,0.8907697749590219,0.9590375877199726,0.7754673410024225,0.9345915743724712,0.8984438942919055,0.46972627350482005,-0.38712765767565555,0.8190658243501917,0.8996589558092625,0.9098385170653205,1.0,0.9863260049454875,0.9636728398038026,0.9904581250309407,0.9527574576996952,0.9601677708031526,0.916087632329323,0.9682299836009857],[0.9654274361793289,0.9528016485758695,0.9108135447256522,0.9602952287583695,0.8892435543346769,0.9338814570328205,0.8706849226036131,0.9564113749036258,0.904249941719731,0.9595015153705743,0.9428087152910093,0.9507787915240864,0.910231702385607,0.8973740407482819,0.9430583804384123,0.9310796149330436,0.9501390703556283,0.9557994245730345,0.8567306672235305,0.9373407374930784,0.7066504084801931,0.9414607966314407,0.8560556867065404,0.46317204922621535,-0.3763023535570024,0.8633839749298633,0.8851093547807293,0.8924525322972271,0.9863260049454875,1.0,0.951965300184786,0.9840581436961832,0.9555845694976046,0.9398220365022568,0.9239854935561503,0.9632698506959542],[0.9780355949376659,0.9687689073007406,0.9660646234051399,0.9801083301066754,0.9547486133829077,0.9565174807361573,0.9353064230717675,0.9691954106092528,0.9612533801173422,0.9791149482358856,0.9703141786727618,0.9755053725782918,0.9538733820134331,0.9467576029835255,0.9702622458478016,0.9530692078288221,0.9685008127726732,0.9676686469856127,0.8567246599097668,0.9003233657346447,0.6332076543046478,0.9717891595015886,0.9318555091878212,0.31419105211647297,-0.3200738755481365,0.8288320172787962,0.9183042880252208,0.9444044693764283,0.9636728398038026,0.951965300184786,1.0,0.9532012636151747,0.9140994552837489,0.9776815093419471,0.9612557516837834,0.9428263686473758],[0.9717727880605156,0.9576596498585122,0.9154291148477185,0.9598838471446213,0.8863954178755306,0.954854897159232,0.8974375815355461,0.9655521142859547,0.9222807157174892,0.9592835348751108,0.9394825825899716,0.9503439357075838,0.9164542058249128,0.9164421617766567,0.9399796391784389,0.9559726414585983,0.9572727084324891,0.9641975327771009,0.8695642413969231,0.9463494279389669,0.7429519800549356,0.9364277311186673,0.8712741520150206,0.4855204645117895,-0.34488681389925957,0.871294966819348,0.8849055799292944,0.892974780561261,0.9904581250309407,0.9840581436961832,0.9532012636151747,1.0,0.9737969746548072,0.9463009894198666,0.9393388419919065,0.964087022926061],[0.9424307019667151,0.9412536507854792,0.8933828257499371,0.9278144135610811,0.8577247916816195,0.9536719321599304,0.9067244388888486,0.9372256216040525,0.9040140726418371,0.9263883362111194,0.9067657463526678,0.9232209421415455,0.876259154260744,0.8545521212866238,0.9072028301259942,0.9528716168045184,0.9358972757024103,0.9369831528506517,0.8554947757679605,0.8991203006017826,0.7552754681897313,0.9005222445073128,0.8399974555795274,0.4095136793124724,-0.20825055649118882,0.8667797452295123,0.8496443049693926,0.8870397289951897,0.9527574576996952,0.9555845694976046,0.9140994552837489,0.9737969746548072,1.0,0.9072969350544174,0.9309434814437244,0.9542205392590694],[0.9819589202485862,0.972080653394486,0.9645790799577317,0.9790436194629192,0.9474612119836996,0.9615472023868354,0.9341570971258645,0.962967845631438,0.951769003763813,0.978244041780632,0.9685667416204012,0.9744568008810935,0.9662059300370415,0.9672515956462749,0.9684940367596633,0.9637060607151596,0.9748372711544985,0.9622480755103753,0.8550179301105212,0.9005716075678128,0.6715023509539874,0.9683533353954727,0.9272742032524535,0.3402187269055557,-0.34555732310448184,0.8594985948951208,0.9227679065999195,0.9497219099182812,0.9601677708031526,0.9398220365022568,0.9776815093419471,0.9463009894198666,0.9072969350544174,1.0,0.9582095355916999,0.9432663659050052],[0.9737952739950948,0.9648133984649341,0.9718873766876555,0.971826100003024,0.9538410419046788,0.978895684899419,0.9678996388973623,0.9610508399542635,0.9729921915866752,0.9706492826902798,0.980675993319736,0.970314995615929,0.9780789027203142,0.976132469140192,0.9805677608057658,0.9782361080296458,0.986179168092683,0.9591129422167646,0.876957526679144,0.8509396810608862,0.6381602740879702,0.9570661436188787,0.8792958608431398,0.2623452494503545,-0.18346825738152348,0.8683700165981397,0.8990995494527527,0.9735327451186944,0.916087632329323,0.9239854935561503,0.9612557516837834,0.9393388419919065,0.9309434814437244,0.9582095355916999,1.0,0.9215291384575928],[0.9553832464217943,0.9501291613189432,0.9177583658497781,0.9448123319749401,0.8869099980811346,0.957265656215024,0.9127024118224674,0.9670497611412384,0.9267491179285117,0.9432362231714488,0.9392138842534439,0.9479494057145871,0.931731840131422,0.9252289213554588,0.9397339590288375,0.9616329215444575,0.9629301078033207,0.9682127102222523,0.8946704760060528,0.8850149301454583,0.6863628547435762,0.9246330921918111,0.8539419553007844,0.3788339450263969,-0.3170614660415722,0.8983048576626703,0.8691591285824128,0.8911397810793616,0.9682299836009857,0.9632698506959542,0.9428263686473758,0.964087022926061,0.9542205392590694,0.9432663659050052,0.9215291384575928,1.0]],"x":["^TAIEX       \u81fa\u7063\u52a0\u6b0a\u5831\u916c\u6307\u6578","^TWII        \u81fa\u7063\u52a0\u6b0a\u6307\u6578","^TAIEXx2     \u81fa\u7063\u52a0\u6b0a\u5831\u916c\u6307\u6578_\u65e5\u6b632","^TAI50I      \u81fa\u706350\u5831\u916c\u6307\u6578","^TAI50Ix2    \u81fa\u706350\u5831\u916c\u6307\u6578_\u65e5\u6b632","^TAI100I     \u81fa\u7063\u4e2d\u578b100\u5831\u916c\u6307\u6578","^TAI100Ix2   \u81fa\u7063\u4e2d\u578b100\u5831\u916c\u6307\u6578_\u65e5\u6b632","^TAIDIVIDI   \u81fa\u7063\u9ad8\u80a1\u606f\u5831\u916c\u6307\u6578","^TAIDIVIDIx2 \u81fa\u7063\u9ad8\u80a1\u606f\u5831\u916c\u6307\u6578_\u65e5\u6b632","0050Fund     \u5143\u5927\u53f0\u7063\u5353\u8d8a50\u57fa\u91d1","006208Fund   \u5bcc\u90a6\u53f0\u7063\u91c6\u540950\u57fa\u91d1","0050         \u5143\u5927\u81fa\u706350","00631L       \u5143\u5927\u53f0\u706350\u6b632","00675L       \u5bcc\u90a6\u81fa\u7063\u52a0\u6b0a\u6b632","006208       \u5bcc\u90a6\u53f050","0051         \u5143\u5927\u4e2d\u578b100","006204       \u6c38\u8c50\u81fa\u7063\u52a0\u6b0a","0056         \u5143\u5927\u9ad8\u80a1\u606f","0056         \u5143\u5927\u9ad8\u80a1\u606f_\u80a1\u606f\u4e0d\u6295\u5165","2412         \u4e2d\u83ef\u96fb\u4fe1","2002         \u4e2d\u92fc","2330         \u53f0\u7a4d\u96fb","2317         \u9d3b\u6d77","6505         \u53f0\u5851\u77f3\u5316","3481         \u7fa4\u5275","2303         \u806f\u96fb","2308         \u53f0\u9054\u96fb","2454         \u806f\u767c\u79d1","2886         \u5146\u8c50\u91d1","2884         \u7389\u5c71\u91d1","2891         \u4e2d\u4fe1\u91d1","2892         \u7b2c\u4e00\u91d1","5880         \u5408\u5eab\u91d1","2881         \u5bcc\u90a6\u91d1","2885         \u5143\u5927\u91d1","2887         \u53f0\u65b0\u91d1"],"y":["^TAIEX       \u81fa\u7063\u52a0\u6b0a\u5831\u916c\u6307\u6578","^TWII        \u81fa\u7063\u52a0\u6b0a\u6307\u6578","^TAIEXx2     \u81fa\u7063\u52a0\u6b0a\u5831\u916c\u6307\u6578_\u65e5\u6b632","^TAI50I      \u81fa\u706350\u5831\u916c\u6307\u6578","^TAI50Ix2    \u81fa\u706350\u5831\u916c\u6307\u6578_\u65e5\u6b632","^TAI100I     \u81fa\u7063\u4e2d\u578b100\u5831\u916c\u6307\u6578","^TAI100Ix2   \u81fa\u7063\u4e2d\u578b100\u5831\u916c\u6307\u6578_\u65e5\u6b632","^TAIDIVIDI   \u81fa\u7063\u9ad8\u80a1\u606f\u5831\u916c\u6307\u6578","^TAIDIVIDIx2 \u81fa\u7063\u9ad8\u80a1\u606f\u5831\u916c\u6307\u6578_\u65e5\u6b632","0050Fund     \u5143\u5927\u53f0\u7063\u5353\u8d8a50\u57fa\u91d1","006208Fund   \u5bcc\u90a6\u53f0\u7063\u91c6\u540950\u57fa\u91d1","0050         \u5143\u5927\u81fa\u706350","00631L       \u5143\u5927\u53f0\u706350\u6b632","00675L       \u5bcc\u90a6\u81fa\u7063\u52a0\u6b0a\u6b632","006208       \u5bcc\u90a6\u53f050","0051         \u5143\u5927\u4e2d\u578b100","006204       \u6c38\u8c50\u81fa\u7063\u52a0\u6b0a","0056         \u5143\u5927\u9ad8\u80a1\u606f","0056         \u5143\u5927\u9ad8\u80a1\u606f_\u80a1\u606f\u4e0d\u6295\u5165","2412         \u4e2d\u83ef\u96fb\u4fe1","2002         \u4e2d\u92fc","2330         \u53f0\u7a4d\u96fb","2317         \u9d3b\u6d77","6505         \u53f0\u5851\u77f3\u5316","3481         \u7fa4\u5275","2303         \u806f\u96fb","2308         \u53f0\u9054\u96fb","2454         \u806f\u767c\u79d1","2886         \u5146\u8c50\u91d1","2884         \u7389\u5c71\u91d1","2891         \u4e2d\u4fe1\u91d1","2892         \u7b2c\u4e00\u91d1","5880         \u5408\u5eab\u91d1","2881         \u5bcc\u90a6\u91d1","2885         \u5143\u5927\u91d1","2887         \u53f0\u65b0\u91d1"],"zmin":-1,"zmax":1,"colorbar":{"x":-0.2}}],"layout":{"autotypenumbers":"strict","colorway":["#636efa","#EF553B","#00cc96","#ab63fa","#FFA15A","#19d3f3","#FF6692","#B6E880","#FF97FF","#FECB52"],"font":{"color":"#f2f5fa","family":"Courier New"},"hovermode":"closest","hoverlabel":{"align":"left"},"paper_bgcolor":"rgb(17,17,17)","plot_bgcolor":"rgb(17,17,17)","polar":{"bgcolor":"rgb(17,17,17)","angularaxis":{"gridcolor":"#506784","linecolor":"#506784","ticks":""},"radialaxis":{"gridcolor":"#506784","linecolor":"#506784","ticks":""}},"ternary":{"bgcolor":"rgb(17,17,17)","aaxis":{"gridcolor":"#506784","linecolor":"#506784","ticks":""},"baxis":{"gridcolor":"#506784","linecolor":"#506784","ticks":""},"caxis":{"gridcolor":"#506784","linecolor":"#506784","ticks":""}},"coloraxis":{"colorbar":{"outlinewidth":0,"ticks":""}},"colorscale":{"sequential":[[0.0,"#0d0887"],[0.1111111111111111,"#46039f"],[0.2222222222222222,"#7201a8"],[0.3333333333333333,"#9c179e"],[0.4444444444444444,"#bd3786"],[0.5555555555555556,"#d8576b"],[0.6666666666666666,"#ed7953"],[0.7777777777777778,"#fb9f3a"],[0.8888888888888888,"#fdca26"],[1.0,"#f0f921"]],"sequentialminus":[[0.0,"#0d0887"],[0.1111111111111111,"#46039f"],[0.2222222222222222,"#7201a8"],[0.3333333333333333,"#9c179e"],[0.4444444444444444,"#bd3786"],[0.5555555555555556,"#d8576b"],[0.6666666666666666,"#ed7953"],[0.7777777777777778,"#fb9f3a"],[0.8888888888888888,"#fdca26"],[1.0,"#f0f921"]],"diverging":[[0,"#8e0152"],[0.1,"#c51b7d"],[0.2,"#de77ae"],[0.3,"#f1b6da"],[0.4,"#fde0ef"],[0.5,"#f7f7f7"],[0.6,"#e6f5d0"],[0.7,"#b8e186"],[0.8,"#7fbc41"],[0.9,"#4d9221"],[1,"#276419"]]},"xaxis":{"gridcolor":"rgba(0, 0, 0, 0)","linecolor":"#506784","ticks":"","title":{"standoff":15},"zerolinecolor":"#283442","automargin":true,"zerolinewidth":2,"tickfont":{"family":"Courier New","size":14},"side":"top","tickangle":-90},"yaxis":{"gridcolor":"rgba(0, 0, 0, 0)","linecolor":"#506784","ticks":"","title":{"standoff":15},"zerolinecolor":"#283442","automargin":true,"zerolinewidth":2,"tickfont":{"family":"Courier New"},"side":"right"},"scene":{"xaxis":{"backgroundcolor":"rgb(17,17,17)","gridcolor":"#506784","linecolor":"#506784","showbackground":true,"ticks":"","zerolinecolor":"#C8D4E3","gridwidth":2},"yaxis":{"backgroundcolor":"rgb(17,17,17)","gridcolor":"#506784","linecolor":"#506784","showbackground":true,"ticks":"","zerolinecolor":"#C8D4E3","gridwidth":2},"zaxis":{"backgroundcolor":"rgb(17,17,17)","gridcolor":"#506784","linecolor":"#506784","showbackground":true,"ticks":"","zerolinecolor":"#C8D4E3","gridwidth":2}},"shapedefaults":{"line":{"color":"#f2f5fa"}},"annotationdefaults":{"arrowcolor":"#f2f5fa","arrowhead":0,"arrowwidth":1},"geo":{"bgcolor":"rgb(17,17,17)","landcolor":"rgb(17,17,17)","subunitcolor":"#506784","showland":true,"showlakes":true,"lakecolor":"rgb(17,17,17)"},"title":{"x":0.05,"font":{"family":"Times New Roman"},"y":0.05,"text":"<b>Correlation of Adj Close<b><br><i>2016-09-23 ~ 2025-11-07<i>"},"updatemenudefaults":{"bgcolor":"#506784","borderwidth":0},"sliderdefaults":{"bgcolor":"#C8D4E3","borderwidth":1,"bordercolor":"rgb(17,17,17)","tickwidth":0},"mapbox":{"style":"dark"},"annotations":[{"text":"<b>@zwindr<b>","textangle":0,"opacity":0.5,"font":{"color":"white","size":12},"xref":"paper","yref":"paper","xanchor":"left","yanchor":"bottom","x":1.0,"y":1.0,"showarrow":false}]},"config":{"responsive":true,"toImageButtonOptions":{"filename":"Correlation of Adj Close_2016-09-23~2025-11-07","scale":5}}};Plotly.newPlot("correlationAdjClose",correlationAdjClose.data,correlationAdjClose.layout||{},correlationAdjClose.config);}else{console.log("style display is none => correlationAdjClose");}