var element=document.getElementById("correlationAdjClose");if(element.style.display!='none'){var correlationAdjClose={"data":[{"type":"heatmap","z":[[1.0,0.9961886418119833,0.9599243441978497,0.9964437424538625,0.9283431593979828,0.9876806836966232,0.9626305123614013,0.9814388694905473,0.9798404453274475,0.9965764844067031,0.9963853441320735,0.9966735899316548,0.8501481818060409,0.9867328304875039,0.9964771200002503,0.9884566275708513,0.9997638816390371,0.9810425659217467,0.8912309911070663,0.8985703707140389,0.6168909531318617,0.984779358505954,0.9432833008813805,0.2924488871510005,-0.24307746934671545,0.9123354014157482,0.8908573648470511,0.9622759200755732,0.9510137144550411,0.9504592779884324,0.9828815073630106,0.9508061979294581,0.9105898558198757,0.974212854792474,0.9815767216132367,0.9611804675165798],[0.9961886418119833,1.0,0.9619241723256104,0.9934086828103301,0.9311972544997522,0.9842518298443733,0.9618887171466625,0.9727299472965188,0.9745229768137909,0.9944746165074642,0.996059636399207,0.9956290612678461,0.8566260883101459,0.98824260516809,0.996112450796353,0.9842003948816028,0.9979467585659197,0.9742434367093269,0.9038972100470972,0.8876476348102256,0.6420223901426492,0.9746063921958302,0.9265885737103868,0.28926213127519773,-0.1834124587387589,0.8947529984848479,0.8930230345536616,0.9632872639691745,0.9335076677539186,0.9384068275221815,0.9756991030157587,0.9364752342197284,0.9091012575741814,0.9650458585140325,0.9751243967325404,0.9560967914339364],[0.9599243441978497,0.9619241723256104,1.0,0.976176899971448,0.9938143024778724,0.9528589628850581,0.9799515441390967,0.9118601076737584,0.951948103490986,0.9761958023524568,0.983176147769093,0.9801830797014535,0.8771229798770991,0.997256493885402,0.9831711018429397,0.9504167596672198,0.9712016302272587,0.9120422860451597,0.8095014267847358,0.7608414422638474,0.4411752421572891,0.9857657765445289,0.905611175930875,0.11620763049751784,-0.14636800755604995,0.8674117950604663,0.9603506884182443,0.9604296585628924,0.8356698058486453,0.8464694689345617,0.9459512188735983,0.8404328482334943,0.7955411913916012,0.9058141824871114,0.9597815117725786,0.8948857391635546],[0.9964437424538625,0.9934086828103301,0.976176899971448,1.0,0.9523248218411702,0.9791985938796814,0.9651829200932275,0.9668475329134666,0.9739349204155062,0.999979409560463,0.9999944891694422,0.99997232731298,0.8593758163377483,0.9913325660229474,0.9999648471364256,0.9775330453405269,0.9959778686089757,0.9661155415360569,0.8670122823445285,0.8710684661710822,0.5685332584526226,0.9949406725943818,0.9425263327031904,0.2533790969917404,-0.2251627543520446,0.9005495267658516,0.9151310778495674,0.9656820912671781,0.9275402074589437,0.934463817962716,0.9823881938517403,0.9283887696729825,0.8835953187322361,0.9634883255958607,0.979867560992182,0.947893905419932],[0.9283431593979828,0.9311972544997522,0.9938143024778724,0.9523248218411702,1.0,0.9149465454102602,0.9566249594946347,0.8666462091651911,0.9166029975660578,0.9528443357255822,0.9637091160319861,0.9594810342761839,0.8702091249049695,0.9838196758493178,0.9636490489192414,0.9118878991311318,0.942627686984663,0.8667605926991067,0.7570272754599293,0.7080906187717722,0.37764518798516106,0.9689579068533264,0.8767233487477448,0.07909712394451852,-0.12498457328090753,0.8214300488158816,0.9739217091053192,0.93522457281836,0.779455657185032,0.7982568761525032,0.9163665948033556,0.786226974970501,0.7338544414233849,0.8628994723700165,0.9288376102530644,0.8505453336632192],[0.9876806836966232,0.9842518298443733,0.9528589628850581,0.9791985938796814,0.9149465454102602,1.0,0.9797814005641154,0.9803917940060911,0.9864651429447227,0.9788029664553133,0.9736111083894649,0.9767815148772659,0.8327092477502606,0.9591475046111748,0.9736249994498163,0.9999203318147142,0.9892772623532522,0.9811601408618971,0.8991451517016871,0.8656399640326576,0.5874011984465733,0.9701065841557129,0.9226902373544679,0.18305330894432673,-0.18151061191431056,0.9391133127497994,0.8656704255861613,0.9635042653815824,0.941026188660466,0.9292326160993639,0.9672996544098216,0.9418654131999887,0.9254397165919764,0.9610509571533047,0.984063149233837,0.9642647943963482],[0.9626305123614013,0.9618887171466625,0.9799515441390967,0.9651829200932275,0.9566249594946347,0.9797814005641154,1.0,0.9399163245248937,0.9791339813792987,0.9643223396573117,0.9729536170904651,0.9696065856882884,0.861695220686798,0.9815972541476518,0.9726352945562168,0.9809254089084091,0.9778298280127388,0.9423430264226857,0.8483744834004245,0.7745695073357853,0.45893657643622315,0.968587730530189,0.9129883228665877,0.05062323908750825,-0.1157901480784504,0.8969931074681402,0.910718128734115,0.9652890349381101,0.8644706118676057,0.8539729042627601,0.9464014475322863,0.8669102188610514,0.8501787013888258,0.9185844486987484,0.9745399354913795,0.9167806440314251],[0.9814388694905473,0.9727299472965188,0.9118601076737584,0.9668475329134666,0.8666462091651911,0.9803917940060911,0.9399163245248937,1.0,0.9829379009495681,0.9667710091768312,0.9608206959654193,0.9655367515913214,0.7933844686341079,0.929381592733753,0.9612566143456925,0.9822646149682481,0.9781179987801726,0.9998977909500786,0.9327095387084025,0.9314371173947052,0.5760097448511782,0.9508656427750688,0.9158127203672674,0.1610185803375952,-0.275601550339886,0.9200284334444278,0.79977716086398,0.9356789153166233,0.974418867594209,0.9595633994066876,0.9681098466075176,0.9656700045790746,0.9315085878978357,0.9682628870402429,0.9587224749247201,0.9721473540917402],[0.9798404453274475,0.9745229768137909,0.951948103490986,0.9739349204155062,0.9166029975660578,0.9864651429447227,0.9791339813792987,0.9829379009495681,1.0,0.9733872848042348,0.9685329617860575,0.9718321868397568,0.8263769422611921,0.950205424727106,0.9684058010390402,0.9857471977434716,0.978497771806163,0.9825863859051872,0.9031776767832601,0.8632863210254726,0.4810280152551636,0.9682224462278041,0.9333452447356578,0.02371513676475094,-0.1938193487173608,0.9032048260332317,0.8466041200563054,0.9648755843757322,0.9254438520434289,0.9072083348613974,0.9692322151858488,0.9183614338481662,0.8866895489170686,0.955051270046343,0.9783820593177672,0.9407241381557299],[0.9965764844067031,0.9944746165074642,0.9761958023524568,0.999979409560463,0.9528443357255822,0.9788029664553133,0.9643223396573117,0.9667710091768312,0.9733872848042348,1.0,0.9999938856342332,0.9999857671010527,0.8602356638269361,0.9914114571283094,0.9999671468686279,0.9771926316110214,0.9958664494212087,0.9659411817703785,0.8682102090612875,0.8718489117218517,0.5614114706030789,0.9951678123609987,0.9427868875185101,0.2569590715714492,-0.22391706562426844,0.9008786965207174,0.9136839945461628,0.964802166669747,0.9262237182937402,0.9328320437535086,0.9816945084301687,0.9270342138087544,0.8813048838786861,0.9621740786175238,0.9793495537331037,0.9468495382795035],[0.9963853441320735,0.996059636399207,0.983176147769093,0.9999944891694422,0.9637091160319861,0.9736111083894649,0.9729536170904651,0.9608206959654193,0.9685329617860575,0.9999938856342332,1.0,0.9999797937667217,0.8604341595568589,0.9913699790763502,0.9999689699893594,0.9730793825758997,0.9957305983947778,0.9612043274077843,0.8834076795265758,0.9007107349044633,0.4007423797281429,0.9977970416785706,0.9318692085834963,-0.2112409488097063,0.5465744544149875,0.8909758643777798,0.9005267690457239,0.9640370721393207,0.9072363698053695,0.9121785628637872,0.975914131970562,0.9006110216071423,0.8406479400868287,0.949557991067836,0.9849691895676618,0.9442156008448843],[0.9966735899316548,0.9956290612678461,0.9801830797014535,0.99997232731298,0.9594810342761839,0.9767815148772659,0.9696065856882884,0.9655367515913214,0.9718321868397568,0.9999857671010527,0.9999797937667217,1.0,0.8603371928476469,0.9914265202127207,0.9999763522448583,0.9763940279228023,0.9957824276906726,0.9653869496234654,0.8753737156446003,0.8896338222269607,0.4831671959081793,0.9969419659565872,0.9408099901404813,-0.01037351017483168,-0.07651526693393997,0.9055838882008218,0.905878600091567,0.9611806089162972,0.9162889932429203,0.9212562465421783,0.978952584461725,0.9149934442967187,0.8686161604049001,0.9572868612791684,0.9794079122538866,0.9480986796893658],[0.8501481818060409,0.8566260883101459,0.8771229798770991,0.8593758163377483,0.8702091249049695,0.8327092477502606,0.861695220686798,0.7933844686341079,0.8263769422611921,0.8602356638269361,0.8604341595568589,0.8603371928476469,1.0,0.9998508449012494,0.8600976244814714,0.8328287183039682,0.8518924499300738,0.7949889416828063,0.7139669817259547,0.6960304908009561,0.22562458640783528,0.8609870460459211,0.7985094074648129,-0.488365246727641,0.5299035277671892,0.731857613168724,0.8374239038158465,0.8494774875170007,0.7140340886771935,0.712630987445204,0.8263784166919456,0.7033748357765895,0.6320474998615911,0.7955111097216696,0.845747208485804,0.7933400431874184],[0.9867328304875039,0.98824260516809,0.997256493885402,0.9913325660229474,0.9838196758493178,0.9591475046111748,0.9815972541476518,0.929381592733753,0.950205424727106,0.9914114571283094,0.9913699790763502,0.9914265202127207,0.9998508449012494,1.0,0.9914068148945447,0.958219678555256,0.9862427012322436,0.9298910540604761,0.8304016606084018,0.8777595439202198,0.14010785867755612,0.9878388586894526,0.9000062722208403,-0.6952162808185449,0.5623828076708997,0.8320112233489965,0.9381517271598915,0.9549603660224344,0.8400046692711217,0.8528707269663915,0.9482144269081804,0.8495271910383344,0.7395245214361038,0.9080536410554294,0.9696936724980745,0.9241278115826864],[0.9964771200002503,0.996112450796353,0.9831711018429397,0.9999648471364256,0.9636490489192414,0.9736249994498163,0.9726352945562168,0.9612566143456925,0.9684058010390402,0.9999671468686279,0.9999689699893594,0.9999763522448583,0.8600976244814714,0.9914068148945447,1.0,0.9731790208167957,0.9958145026797435,0.9615547248959755,0.8840412084384421,0.9021062807035826,0.4040884847973323,0.9976274355975118,0.9318336433224266,-0.2080113471294349,0.5431610174833363,0.8906223587180145,0.8996550425611246,0.9639280935857114,0.9088520630690362,0.9136099355926347,0.9760216318583256,0.9021396121828346,0.8428304849364365,0.9501914819735565,0.9849589336331158,0.9450494893305205],[0.9884566275708513,0.9842003948816028,0.9504167596672198,0.9775330453405269,0.9118878991311318,0.9999203318147142,0.9809254089084091,0.9822646149682481,0.9857471977434716,0.9771926316110214,0.9730793825758997,0.9763940279228023,0.8328287183039682,0.958219678555256,0.9731790208167957,1.0,0.9891530084906779,0.9815374887837715,0.901962858534553,0.8898669615039898,0.5639802967463513,0.9676782686067283,0.9185203939055377,0.0322259116825991,-0.13380751840721147,0.9441547687296393,0.8543848774409418,0.9613254350423532,0.9437642553930964,0.9268126155610411,0.9646860171194974,0.9429574804633061,0.9227031781519156,0.9630651015584379,0.9832162713279778,0.9674048090391787],[0.9997638816390371,0.9979467585659197,0.9712016302272587,0.9959778686089757,0.942627686984663,0.9892772623532522,0.9778298280127388,0.9781179987801726,0.978497771806163,0.9958664494212087,0.9957305983947778,0.9957824276906726,0.8518924499300738,0.9862427012322436,0.9958145026797435,0.9891530084906779,1.0,0.9784330574078576,0.9104703519185426,0.9206800956973082,0.47335984384654406,0.9893582320381686,0.9300796624697258,-0.15406452188535055,0.5535299390844106,0.9201774172401216,0.8770351641615186,0.9661696348436296,0.9371621489948123,0.9316237362508971,0.9770566409207448,0.9299817693351542,0.8854506418399694,0.9646389842415993,0.9905387862584363,0.9661379743137956],[0.9810425659217467,0.9742434367093269,0.9120422860451597,0.9661155415360569,0.8667605926991067,0.9811601408618971,0.9423430264226857,0.9998977909500786,0.9825863859051872,0.9659411817703785,0.9612043274077843,0.9653869496234654,0.7949889416828063,0.9298910540604761,0.9615547248959755,0.9815374887837715,0.9784330574078576,1.0,0.9353968760566851,0.9375690555147504,0.572331492572662,0.9491803175654476,0.9186955747706558,0.12391185567877475,-0.23528705393158178,0.9242534901524074,0.7954851675713607,0.9365395352676574,0.97490005017213,0.9590672845013358,0.9664931020482551,0.964545838194011,0.9309163048895523,0.9675066550049081,0.9569876669888299,0.9729341433214631],[0.8912309911070663,0.9038972100470972,0.8095014267847358,0.8670122823445285,0.7570272754599293,0.8991451517016871,0.8483744834004245,0.9327095387084025,0.9031776767832601,0.8682102090612875,0.8834076795265758,0.8753737156446003,0.7139669817259547,0.8304016606084018,0.8840412084384421,0.901962858534553,0.9104703519185426,0.9353968760566851,1.0,0.843935178309546,0.6602971035939049,0.8374010281582093,0.822416928515528,0.21439304029673878,-0.1312164806909922,0.87171584973481,0.6766821319603663,0.8487007750090424,0.9008501244650675,0.8720907513331685,0.8577251564089357,0.8831021215064462,0.8658862248329926,0.8676781719791085,0.8700046823430927,0.9008887344357133],[0.8985703707140389,0.8876476348102256,0.7608414422638474,0.8710684661710822,0.7080906187717722,0.8656399640326576,0.7745695073357853,0.9314371173947052,0.8632863210254726,0.8718489117218517,0.9007107349044633,0.8896338222269607,0.6960304908009561,0.8777595439202198,0.9021062807035826,0.8898669615039898,0.9206800956973082,0.9375690555147504,0.843935178309546,1.0,0.8096915534890633,0.8193104465844545,0.8684448066411639,0.5985896541060242,-0.4960022710521887,0.7364109632335556,0.7009417054788906,0.7962172328085215,0.9623900140670814,0.9416094881967306,0.8854828698568495,0.950855329183105,0.9075237452073835,0.9032923817675819,0.839336773189469,0.886010254638593],[0.6168909531318617,0.6420223901426492,0.4411752421572891,0.5685332584526226,0.37764518798516106,0.5874011984465733,0.45893657643622315,0.5760097448511782,0.4810280152551636,0.5614114706030789,0.4007423797281429,0.4831671959081793,0.22562458640783528,0.14010785867755612,0.4040884847973323,0.5639802967463513,0.47335984384654406,0.572331492572662,0.6602971035939049,0.8096915534890633,1.0,0.5084096499143832,0.6490698914111532,0.721606157675482,-0.1157320937528314,0.5120464260033255,0.4235685963975748,0.5388837003597122,0.7547130008100892,0.6775365468554271,0.5638944846675351,0.7127254424127932,0.7417093024489091,0.628528853668239,0.5702789862943904,0.6342884819334236],[0.984779358505954,0.9746063921958302,0.9857657765445289,0.9949406725943818,0.9689579068533264,0.9701065841557129,0.968587730530189,0.9508656427750688,0.9682224462278041,0.9951678123609987,0.9977970416785706,0.9969419659565872,0.8609870460459211,0.9878388586894526,0.9976274355975118,0.9676782686067283,0.9893582320381686,0.9491803175654476,0.8374010281582093,0.8193104465844545,0.5084096499143832,1.0,0.918916680346883,0.1868735203667126,-0.21171262014256403,0.8823934940070691,0.9294907051608129,0.9653244557448688,0.8892521353225364,0.909277253079206,0.9734222392423795,0.8988985109679023,0.8498276433670354,0.9472040617733894,0.9674833969149825,0.9274877764925032],[0.9432833008813805,0.9265885737103868,0.905611175930875,0.9425263327031904,0.8767233487477448,0.9226902373544679,0.9129883228665877,0.9158127203672674,0.9333452447356578,0.9427868875185101,0.9318692085834963,0.9408099901404813,0.7985094074648129,0.9000062722208403,0.9318336433224266,0.9185203939055377,0.9300796624697258,0.9186955747706558,0.822416928515528,0.8684448066411639,0.6490698914111532,0.918916680346883,1.0,0.2481031732469628,-0.16099099639059927,0.7615614848410096,0.8360068624152459,0.9040032940229892,0.9004110143507276,0.8728059497687735,0.9459698610603023,0.8810514359371003,0.8432271613585748,0.9405786746391612,0.9034768111676229,0.882380031765338],[0.2924488871510005,0.28926213127519773,0.11620763049751784,0.2533790969917404,0.07909712394451852,0.18305330894432673,0.05062323908750825,0.1610185803375952,0.02371513676475094,0.2569590715714492,-0.2112409488097063,-0.01037351017483168,-0.488365246727641,-0.6952162808185449,-0.2080113471294349,0.0322259116825991,-0.15406452188535055,0.12391185567877475,0.21439304029673878,0.5985896541060242,0.721606157675482,0.1868735203667126,0.2481031732469628,1.0,-0.37976287454329244,0.22452974198529452,0.12532308553679278,0.12534308476737,0.4283768458134871,0.4139499597824592,0.24074562648949302,0.4390645746591332,0.37868387091752354,0.28616058596301813,0.19395107920319793,0.31491260291135004],[-0.24307746934671545,-0.1834124587387589,-0.14636800755604995,-0.2251627543520446,-0.12498457328090753,-0.18151061191431056,-0.1157901480784504,-0.275601550339886,-0.1938193487173608,-0.22391706562426844,0.5465744544149875,-0.07651526693393997,0.5299035277671892,0.5623828076708997,0.5431610174833363,-0.13380751840721147,0.5535299390844106,-0.23528705393158178,-0.1312164806909922,-0.4960022710521887,-0.1157320937528314,-0.21171262014256403,-0.16099099639059927,-0.37976287454329244,1.0,-0.13476153246779216,-0.1452359697269294,-0.14083291219763783,-0.36460616706903376,-0.3485897543949334,-0.26439290974190716,-0.3218149308551785,-0.19954317405346364,-0.3091607270139074,-0.14586350866364453,-0.27656684309955654],[0.9123354014157482,0.8947529984848479,0.8674117950604663,0.9005495267658516,0.8214300488158816,0.9391133127497994,0.8969931074681402,0.9200284334444278,0.9032048260332317,0.9008786965207174,0.8909758643777798,0.9055838882008218,0.731857613168724,0.8320112233489965,0.8906223587180145,0.9441547687296393,0.9201774172401216,0.9242534901524074,0.87171584973481,0.7364109632335556,0.5120464260033255,0.8823934940070691,0.7615614848410096,0.22452974198529452,-0.13476153246779216,1.0,0.7575239302077917,0.9000773276869531,0.8325527934724193,0.8766285692718354,0.856401945149961,0.8812424027349707,0.8669220061614874,0.8774453713643529,0.8886443226087586,0.9128296627719187],[0.8908573648470511,0.8930230345536616,0.9603506884182443,0.9151310778495674,0.9739217091053192,0.8656704255861613,0.910718128734115,0.79977716086398,0.8466041200563054,0.9136839945461628,0.9005267690457239,0.905878600091567,0.8374239038158465,0.9381517271598915,0.8996550425611246,0.8543848774409418,0.8770351641615186,0.7954851675713607,0.6766821319603663,0.7009417054788906,0.4235685963975748,0.9294907051608129,0.8360068624152459,0.12532308553679278,-0.1452359697269294,0.7575239302077917,1.0,0.8821261423382862,0.7459285067208163,0.7595156580044738,0.8696666253162104,0.7462921746494381,0.6956072512608958,0.8144615229542593,0.8792875459173418,0.8115849626747843],[0.9622759200755732,0.9632872639691745,0.9604296585628924,0.9656820912671781,0.93522457281836,0.9635042653815824,0.9652890349381101,0.9356789153166233,0.9648755843757322,0.964802166669747,0.9640370721393207,0.9611806089162972,0.8494774875170007,0.9549603660224344,0.9639280935857114,0.9613254350423532,0.9661696348436296,0.9365395352676574,0.8487007750090424,0.7962172328085215,0.5388837003597122,0.9653244557448688,0.9040032940229892,0.12534308476737,-0.14083291219763783,0.9000773276869531,0.8821261423382862,1.0,0.8809119536457686,0.8777592636431132,0.9441558354567335,0.8733187241257938,0.8508250798146236,0.933519365894656,0.9721762159555126,0.8990081333579855],[0.9510137144550411,0.9335076677539186,0.8356698058486453,0.9275402074589437,0.779455657185032,0.941026188660466,0.8644706118676057,0.974418867594209,0.9254438520434289,0.9262237182937402,0.9072363698053695,0.9162889932429203,0.7140340886771935,0.8400046692711217,0.9088520630690362,0.9437642553930964,0.9371621489948123,0.97490005017213,0.9008501244650675,0.9623900140670814,0.7547130008100892,0.8892521353225364,0.9004110143507276,0.4283768458134871,-0.36460616706903376,0.8325527934724193,0.7459285067208163,0.8809119536457686,1.0,0.9868956810831444,0.9433846447257491,0.991258429523556,0.956497009243445,0.9591140898706764,0.8988487454821859,0.9605298110308935],[0.9504592779884324,0.9384068275221815,0.8464694689345617,0.934463817962716,0.7982568761525032,0.9292326160993639,0.8539729042627601,0.9595633994066876,0.9072083348613974,0.9328320437535086,0.9121785628637872,0.9212562465421783,0.712630987445204,0.8528707269663915,0.9136099355926347,0.9268126155610411,0.9316237362508971,0.9590672845013358,0.8720907513331685,0.9416094881967306,0.6775365468554271,0.909277253079206,0.8728059497687735,0.4139499597824592,-0.3485897543949334,0.8766285692718354,0.7595156580044738,0.8777592636431132,0.9868956810831444,1.0,0.9438971516030877,0.9858140702244981,0.9567797934334495,0.946483184452035,0.9167866447170794,0.9628313717859347],[0.9828815073630106,0.9756991030157587,0.9459512188735983,0.9823881938517403,0.9163665948033556,0.9672996544098216,0.9464014475322863,0.9681098466075176,0.9692322151858488,0.9816945084301687,0.975914131970562,0.978952584461725,0.8263784166919456,0.9482144269081804,0.9760216318583256,0.9646860171194974,0.9770566409207448,0.9664931020482551,0.8577251564089357,0.8854828698568495,0.5638944846675351,0.9734222392423795,0.9459698610603023,0.24074562648949302,-0.26439290974190716,0.856401945149961,0.8696666253162104,0.9441558354567335,0.9433846447257491,0.9438971516030877,1.0,0.9399159936683529,0.8925162936604573,0.9749395345470446,0.9711078412707055,0.9532507673227966],[0.9508061979294581,0.9364752342197284,0.8404328482334943,0.9283887696729825,0.786226974970501,0.9418654131999887,0.8669102188610514,0.9656700045790746,0.9183614338481662,0.9270342138087544,0.9006110216071423,0.9149934442967187,0.7033748357765895,0.8495271910383344,0.9021396121828346,0.9429574804633061,0.9299817693351542,0.964545838194011,0.8831021215064462,0.950855329183105,0.7127254424127932,0.8988985109679023,0.8810514359371003,0.4390645746591332,-0.3218149308551785,0.8812424027349707,0.7462921746494381,0.8733187241257938,0.991258429523556,0.9858140702244981,0.9399159936683529,1.0,0.9744378731530525,0.9500033991902542,0.9229704020975624,0.9603333221121841],[0.9105898558198757,0.9091012575741814,0.7955411913916012,0.8835953187322361,0.7338544414233849,0.9254397165919764,0.8501787013888258,0.9315085878978357,0.8866895489170686,0.8813048838786861,0.8406479400868287,0.8686161604049001,0.6320474998615911,0.7395245214361038,0.8428304849364365,0.9227031781519156,0.8854506418399694,0.9309163048895523,0.8658862248329926,0.9075237452073835,0.7417093024489091,0.8498276433670354,0.8432271613585748,0.37868387091752354,-0.19954317405346364,0.8669220061614874,0.6956072512608958,0.8508250798146236,0.956497009243445,0.9567797934334495,0.8925162936604573,0.9744378731530525,1.0,0.9074179649676529,0.899813872789186,0.9413843090966859],[0.974212854792474,0.9650458585140325,0.9058141824871114,0.9634883255958607,0.8628994723700165,0.9610509571533047,0.9185844486987484,0.9682628870402429,0.955051270046343,0.9621740786175238,0.949557991067836,0.9572868612791684,0.7955111097216696,0.9080536410554294,0.9501914819735565,0.9630651015584379,0.9646389842415993,0.9675066550049081,0.8676781719791085,0.9032923817675819,0.628528853668239,0.9472040617733894,0.9405786746391612,0.28616058596301813,-0.3091607270139074,0.8774453713643529,0.8144615229542593,0.933519365894656,0.9591140898706764,0.946483184452035,0.9749395345470446,0.9500033991902542,0.9074179649676529,1.0,0.9554365222546043,0.9512220096307543],[0.9815767216132367,0.9751243967325404,0.9597815117725786,0.979867560992182,0.9288376102530644,0.984063149233837,0.9745399354913795,0.9587224749247201,0.9783820593177672,0.9793495537331037,0.9849691895676618,0.9794079122538866,0.845747208485804,0.9696936724980745,0.9849589336331158,0.9832162713279778,0.9905387862584363,0.9569876669888299,0.8700046823430927,0.839336773189469,0.5702789862943904,0.9674833969149825,0.9034768111676229,0.19395107920319793,-0.14586350866364453,0.8886443226087586,0.8792875459173418,0.9721762159555126,0.8988487454821859,0.9167866447170794,0.9711078412707055,0.9229704020975624,0.899813872789186,0.9554365222546043,1.0,0.9354650550756137],[0.9611804675165798,0.9560967914339364,0.8948857391635546,0.947893905419932,0.8505453336632192,0.9642647943963482,0.9167806440314251,0.9721473540917402,0.9407241381557299,0.9468495382795035,0.9442156008448843,0.9480986796893658,0.7933400431874184,0.9241278115826864,0.9450494893305205,0.9674048090391787,0.9661379743137956,0.9729341433214631,0.9008887344357133,0.886010254638593,0.6342884819334236,0.9274877764925032,0.882380031765338,0.31491260291135004,-0.27656684309955654,0.9128296627719187,0.8115849626747843,0.8990081333579855,0.9605298110308935,0.9628313717859347,0.9532507673227966,0.9603333221121841,0.9413843090966859,0.9512220096307543,0.9354650550756137,1.0]],"x":["^TAIEX       \u81fa\u7063\u52a0\u6b0a\u5831\u916c\u6307\u6578","^TWII        \u81fa\u7063\u52a0\u6b0a\u6307\u6578","^TAIEXx2     \u81fa\u7063\u52a0\u6b0a\u5831\u916c\u6307\u6578_\u65e5\u6b632","^TAI50I      \u81fa\u706350\u5831\u916c\u6307\u6578","^TAI50Ix2    \u81fa\u706350\u5831\u916c\u6307\u6578_\u65e5\u6b632","^TAI100I     \u81fa\u7063\u4e2d\u578b100\u5831\u916c\u6307\u6578","^TAI100Ix2   \u81fa\u7063\u4e2d\u578b100\u5831\u916c\u6307\u6578_\u65e5\u6b632","^TAIDIVIDI   \u81fa\u7063\u9ad8\u80a1\u606f\u5831\u916c\u6307\u6578","^TAIDIVIDIx2 \u81fa\u7063\u9ad8\u80a1\u606f\u5831\u916c\u6307\u6578_\u65e5\u6b632","0050Fund     \u5143\u5927\u53f0\u7063\u5353\u8d8a50\u57fa\u91d1","006208Fund   \u5bcc\u90a6\u53f0\u7063\u91c6\u540950\u57fa\u91d1","0050         \u5143\u5927\u81fa\u706350","00631L       \u5143\u5927\u53f0\u706350\u6b632","00675L       \u5bcc\u90a6\u81fa\u7063\u52a0\u6b0a\u6b632","006208       \u5bcc\u90a6\u53f050","0051         \u5143\u5927\u4e2d\u578b100","006204       \u6c38\u8c50\u81fa\u7063\u52a0\u6b0a","0056         \u5143\u5927\u9ad8\u80a1\u606f","0056         \u5143\u5927\u9ad8\u80a1\u606f_\u80a1\u606f\u4e0d\u6295\u5165","2412         \u4e2d\u83ef\u96fb\u4fe1","2002         \u4e2d\u92fc","2330         \u53f0\u7a4d\u96fb","2317         \u9d3b\u6d77","6505         \u53f0\u5851\u77f3\u5316","3481         \u7fa4\u5275","2303         \u806f\u96fb","2308         \u53f0\u9054\u96fb","2454         \u806f\u767c\u79d1","2886         \u5146\u8c50\u91d1","2884         \u7389\u5c71\u91d1","2891         \u4e2d\u4fe1\u91d1","2892         \u7b2c\u4e00\u91d1","5880         \u5408\u5eab\u91d1","2881         \u5bcc\u90a6\u91d1","2885         \u5143\u5927\u91d1","2887         \u53f0\u65b0\u91d1"],"y":["^TAIEX       \u81fa\u7063\u52a0\u6b0a\u5831\u916c\u6307\u6578","^TWII        \u81fa\u7063\u52a0\u6b0a\u6307\u6578","^TAIEXx2     \u81fa\u7063\u52a0\u6b0a\u5831\u916c\u6307\u6578_\u65e5\u6b632","^TAI50I      \u81fa\u706350\u5831\u916c\u6307\u6578","^TAI50Ix2    \u81fa\u706350\u5831\u916c\u6307\u6578_\u65e5\u6b632","^TAI100I     \u81fa\u7063\u4e2d\u578b100\u5831\u916c\u6307\u6578","^TAI100Ix2   \u81fa\u7063\u4e2d\u578b100\u5831\u916c\u6307\u6578_\u65e5\u6b632","^TAIDIVIDI   \u81fa\u7063\u9ad8\u80a1\u606f\u5831\u916c\u6307\u6578","^TAIDIVIDIx2 \u81fa\u7063\u9ad8\u80a1\u606f\u5831\u916c\u6307\u6578_\u65e5\u6b632","0050Fund     \u5143\u5927\u53f0\u7063\u5353\u8d8a50\u57fa\u91d1","006208Fund   \u5bcc\u90a6\u53f0\u7063\u91c6\u540950\u57fa\u91d1","0050         \u5143\u5927\u81fa\u706350","00631L       \u5143\u5927\u53f0\u706350\u6b632","00675L       \u5bcc\u90a6\u81fa\u7063\u52a0\u6b0a\u6b632","006208       \u5bcc\u90a6\u53f050","0051         \u5143\u5927\u4e2d\u578b100","006204       \u6c38\u8c50\u81fa\u7063\u52a0\u6b0a","0056         \u5143\u5927\u9ad8\u80a1\u606f","0056         \u5143\u5927\u9ad8\u80a1\u606f_\u80a1\u606f\u4e0d\u6295\u5165","2412         \u4e2d\u83ef\u96fb\u4fe1","2002         \u4e2d\u92fc","2330         \u53f0\u7a4d\u96fb","2317         \u9d3b\u6d77","6505         \u53f0\u5851\u77f3\u5316","3481         \u7fa4\u5275","2303         \u806f\u96fb","2308         \u53f0\u9054\u96fb","2454         \u806f\u767c\u79d1","2886         \u5146\u8c50\u91d1","2884         \u7389\u5c71\u91d1","2891         \u4e2d\u4fe1\u91d1","2892         \u7b2c\u4e00\u91d1","5880         \u5408\u5eab\u91d1","2881         \u5bcc\u90a6\u91d1","2885         \u5143\u5927\u91d1","2887         \u53f0\u65b0\u91d1"],"zmin":-1,"zmax":1,"colorbar":{"x":-0.2}}],"layout":{"autotypenumbers":"strict","colorway":["#636efa","#EF553B","#00cc96","#ab63fa","#FFA15A","#19d3f3","#FF6692","#B6E880","#FF97FF","#FECB52"],"font":{"color":"#f2f5fa","family":"Courier New"},"hovermode":"closest","hoverlabel":{"align":"left"},"paper_bgcolor":"rgb(17,17,17)","plot_bgcolor":"rgb(17,17,17)","polar":{"bgcolor":"rgb(17,17,17)","angularaxis":{"gridcolor":"#506784","linecolor":"#506784","ticks":""},"radialaxis":{"gridcolor":"#506784","linecolor":"#506784","ticks":""}},"ternary":{"bgcolor":"rgb(17,17,17)","aaxis":{"gridcolor":"#506784","linecolor":"#506784","ticks":""},"baxis":{"gridcolor":"#506784","linecolor":"#506784","ticks":""},"caxis":{"gridcolor":"#506784","linecolor":"#506784","ticks":""}},"coloraxis":{"colorbar":{"outlinewidth":0,"ticks":""}},"colorscale":{"sequential":[[0.0,"#0d0887"],[0.1111111111111111,"#46039f"],[0.2222222222222222,"#7201a8"],[0.3333333333333333,"#9c179e"],[0.4444444444444444,"#bd3786"],[0.5555555555555556,"#d8576b"],[0.6666666666666666,"#ed7953"],[0.7777777777777778,"#fb9f3a"],[0.8888888888888888,"#fdca26"],[1.0,"#f0f921"]],"sequentialminus":[[0.0,"#0d0887"],[0.1111111111111111,"#46039f"],[0.2222222222222222,"#7201a8"],[0.3333333333333333,"#9c179e"],[0.4444444444444444,"#bd3786"],[0.5555555555555556,"#d8576b"],[0.6666666666666666,"#ed7953"],[0.7777777777777778,"#fb9f3a"],[0.8888888888888888,"#fdca26"],[1.0,"#f0f921"]],"diverging":[[0,"#8e0152"],[0.1,"#c51b7d"],[0.2,"#de77ae"],[0.3,"#f1b6da"],[0.4,"#fde0ef"],[0.5,"#f7f7f7"],[0.6,"#e6f5d0"],[0.7,"#b8e186"],[0.8,"#7fbc41"],[0.9,"#4d9221"],[1,"#276419"]]},"xaxis":{"gridcolor":"rgba(0, 0, 0, 0)","linecolor":"#506784","ticks":"","title":{"standoff":15},"zerolinecolor":"#283442","automargin":true,"zerolinewidth":2,"tickfont":{"family":"Courier New","size":14},"side":"top","tickangle":-90},"yaxis":{"gridcolor":"rgba(0, 0, 0, 0)","linecolor":"#506784","ticks":"","title":{"standoff":15},"zerolinecolor":"#283442","automargin":true,"zerolinewidth":2,"tickfont":{"family":"Courier New"},"side":"right"},"scene":{"xaxis":{"backgroundcolor":"rgb(17,17,17)","gridcolor":"#506784","linecolor":"#506784","showbackground":true,"ticks":"","zerolinecolor":"#C8D4E3","gridwidth":2},"yaxis":{"backgroundcolor":"rgb(17,17,17)","gridcolor":"#506784","linecolor":"#506784","showbackground":true,"ticks":"","zerolinecolor":"#C8D4E3","gridwidth":2},"zaxis":{"backgroundcolor":"rgb(17,17,17)","gridcolor":"#506784","linecolor":"#506784","showbackground":true,"ticks":"","zerolinecolor":"#C8D4E3","gridwidth":2}},"shapedefaults":{"line":{"color":"#f2f5fa"}},"annotationdefaults":{"arrowcolor":"#f2f5fa","arrowhead":0,"arrowwidth":1},"geo":{"bgcolor":"rgb(17,17,17)","landcolor":"rgb(17,17,17)","subunitcolor":"#506784","showland":true,"showlakes":true,"lakecolor":"rgb(17,17,17)"},"title":{"x":0.05,"font":{"family":"Times New Roman"},"y":0.05,"text":"<b>Correlation of Adj Close<b><br><i>2016-09-23 ~ 2026-05-13<i>"},"updatemenudefaults":{"bgcolor":"#506784","borderwidth":0},"sliderdefaults":{"bgcolor":"#C8D4E3","borderwidth":1,"bordercolor":"rgb(17,17,17)","tickwidth":0},"mapbox":{"style":"dark"},"annotations":[{"text":"<b>@zwindr<b>","textangle":0,"opacity":0.5,"font":{"color":"white","size":12},"xref":"paper","yref":"paper","xanchor":"left","yanchor":"bottom","x":1.0,"y":1.0,"showarrow":false}]},"config":{"responsive":true,"toImageButtonOptions":{"filename":"Correlation of Adj Close_2016-09-23~2026-05-13","scale":5}}};Plotly.newPlot("correlationAdjClose",correlationAdjClose.data,correlationAdjClose.layout||{},correlationAdjClose.config);}else{console.log("style display is none => correlationAdjClose");}