var config = { responsive: true }

var correlationClose = {"data": [{"type": "heatmap", "z": [[1.0, 0.9999999999999982, 1.0, 0.9957281686837035, 0.9957281686837035, 0.9592867335878786, 0.9592867335878786, 0.8913860274807379, 0.8913860274807379, 0.9960029664606964, 0.9921564653374509, 0.991746839740607, 0.9952655606589891, 0.9705800980582066, 0.9988238588419702, 0.9279849971984293, 0.8103016170813073, 0.261930063490276, 0.9777316868265736, 0.8042208676706896, 0.08371800866964091, -0.28043809827804933, 0.763793262885217, 0.9475467727818407, 0.9196856532844544], [0.9999999999999982, 1.0, 0.9999999999999984, 0.9956636331443418, 0.9956636331443418, 0.958611286811188, 0.958611286811188, 0.8928180943919917, 0.8928180943919917, 0.9959659092399331, 0.9918825204815631, 0.9911135066078521, 0.9952193493746906, 0.9697814513048376, 0.9988291269915486, 0.9286214239699027, 0.8179513138789382, 0.39893075912836884, 0.9704677084744403, 0.775934393149792, 0.09068119940501529, -0.2801686860813507, 0.6596449218343924, 0.9482577475314368, 0.9255797137801252], [1.0, 0.9999999999999984, 1.0, 0.9957281686837035, 0.9957281686837035, 0.9592867335878786, 0.9592867335878786, 0.8913860274807379, 0.8913860274807379, 0.9960029664606964, 0.9921564653374509, 0.991746839740607, 0.9952655606589891, 0.9705800980582066, 0.9988238588419702, 0.9279849971984293, 0.8103016170813073, 0.261930063490276, 0.9777316868265736, 0.8042208676706896, 0.08371800866964091, -0.28043809827804933, 0.763793262885217, 0.9475467727818407, 0.9196856532844544], [0.9957281686837035, 0.9956636331443418, 0.9957281686837035, 1.0, 1.0, 0.9460980531749208, 0.9460980531749208, 0.8771297350851027, 0.8771297350851027, 0.9996176248413481, 0.988031203040018, 0.9838728440849472, 0.9993564891964013, 0.9529657489981848, 0.9946709379987845, 0.9109333910595998, 0.7871423242345712, 0.23609724526482426, 0.9888952732234342, 0.7966726628012855, 0.05406254907528989, -0.28496419725670924, 0.7730069733073346, 0.9359281370108947, 0.9202062241056079], [0.9957281686837035, 0.9956636331443418, 0.9957281686837035, 1.0, 1.0, 0.9460980531749208, 0.9460980531749208, 0.8771297350851027, 0.8771297350851027, 0.9996176248413481, 0.988031203040018, 0.9838728440849472, 0.9993564891964013, 0.9529657489981848, 0.9946709379987845, 0.9109333910595998, 0.7871423242345712, 0.23609724526482426, 0.9888952732234342, 0.7966726628012855, 0.05406254907528989, -0.28496419725670924, 0.7730069733073346, 0.9359281370108947, 0.9202062241056079], [0.9592867335878786, 0.958611286811188, 0.9592867335878786, 0.9460980531749208, 0.9460980531749208, 1.0, 1.0, 0.919864998784207, 0.919864998784207, 0.9497267038394762, 0.9762470392780433, 0.9751615405471126, 0.9504796052180803, 0.9989495797522496, 0.9711600298655012, 0.9191004919297625, 0.683207966881122, 0.19527945008856148, 0.9301887949263236, 0.7314106359146679, -0.14507516351659325, -0.13257036686628323, 0.8719757540977979, 0.9021817007417527, 0.9213278941460241], [0.9592867335878786, 0.958611286811188, 0.9592867335878786, 0.9460980531749208, 0.9460980531749208, 1.0, 1.0, 0.919864998784207, 0.919864998784207, 0.9497267038394762, 0.9762470392780433, 0.9751615405471126, 0.9504796052180803, 0.9989495797522496, 0.9711600298655012, 0.9191004919297625, 0.683207966881122, 0.19527945008856148, 0.9301887949263236, 0.7314106359146679, -0.14507516351659325, -0.13257036686628323, 0.8719757540977979, 0.9021817007417527, 0.9213278941460241], [0.8913860274807379, 0.8928180943919917, 0.8913860274807379, 0.8771297350851027, 0.8771297350851027, 0.919864998784207, 0.919864998784207, 1.0, 1.0, 0.8987583503817805, 0.9450101262864662, 0.9398678452877529, 0.9356649949866946, 0.9206602372737975, 0.9369246148391546, 0.9740057080610093, 0.6270999527818831, 0.24019745105811294, 0.8316545423143691, 0.7460523741014459, -0.1829403898269623, 0.013382801747300327, 0.7833956681305345, 0.7906500204186088, 0.8539729090367203], [0.8913860274807379, 0.8928180943919917, 0.8913860274807379, 0.8771297350851027, 0.8771297350851027, 0.919864998784207, 0.919864998784207, 1.0, 1.0, 0.8987583503817805, 0.9450101262864662, 0.9398678452877529, 0.9356649949866946, 0.9206602372737975, 0.9369246148391546, 0.9740057080610093, 0.6270999527818831, 0.24019745105811294, 0.8316545423143691, 0.7460523741014459, -0.1829403898269623, 0.013382801747300327, 0.7833956681305345, 0.7906500204186088, 0.8539729090367203], [0.9960029664606964, 0.9959659092399331, 0.9960029664606964, 0.9996176248413481, 0.9996176248413481, 0.9497267038394762, 0.9497267038394762, 0.8987583503817805, 0.8987583503817805, 1.0, 0.9869011777368004, 0.9829323727835618, 0.9993906825164505, 0.9515393460680139, 0.9945511426827626, 0.9107924627262195, 0.82976117854814, 0.06498943381200693, 0.9917305510201359, 0.7949873339520945, -0.21061890299015062, -0.3176079563984711, 0.8860101260250864, 0.9306007607120758, 0.9070038470053817], [0.9921564653374509, 0.9918825204815631, 0.9921564653374509, 0.988031203040018, 0.988031203040018, 0.9762470392780433, 0.9762470392780433, 0.9450101262864662, 0.9450101262864662, 0.9869011777368004, 1.0, 0.9996623534143932, 0.9877882907530006, 0.9746865380339184, 0.989001319059568, 0.9248128611195605, 0.796115959042303, 0.2517494285124271, 0.9861036223785374, 0.7190172050472174, -0.5785306864563209, 0.2242567960610408, 0.8546073855841475, 0.9312242228820156, 0.9550517274620608], [0.991746839740607, 0.9911135066078521, 0.991746839740607, 0.9838728440849472, 0.9838728440849472, 0.9751615405471126, 0.9751615405471126, 0.9398678452877529, 0.9398678452877529, 0.9829323727835618, 0.9996623534143932, 1.0, 0.9845460563723311, 0.9724812717088424, 0.9871664376405023, 0.9131386088745295, 0.8165232556107785, 0.13519664738126033, 0.9805479816196672, 0.723317050617926, -0.8072835113035891, 0.26728647964996854, 0.8139832763077898, 0.9376678551829387, 0.9528025565624112], [0.9952655606589891, 0.9952193493746906, 0.9952655606589891, 0.9993564891964013, 0.9993564891964013, 0.9504796052180803, 0.9504796052180803, 0.9356649949866946, 0.9356649949866946, 0.9993906825164505, 0.9877882907530006, 0.9845460563723311, 1.0, 0.9515803772995528, 0.9937783273885407, 0.9315193504544318, 0.8329509754810518, 0.246218443041931, 0.9951967661550616, 0.7604811034180087, -0.37013452892905196, 0.1670149258063169, 0.8759796963800145, 0.9095457958422535, 0.9360215121693117], [0.9705800980582066, 0.9697814513048376, 0.9705800980582066, 0.9529657489981848, 0.9529657489981848, 0.9989495797522496, 0.9989495797522496, 0.9206602372737975, 0.9206602372737975, 0.9515393460680139, 0.9746865380339184, 0.9724812717088424, 0.9515803772995528, 1.0, 0.973167408466307, 0.9184526451190265, 0.7561738360386011, 0.16208103931974616, 0.9428821033811832, 0.7283858983513475, -0.2954070339490568, -0.20632749518031712, 0.909654185026472, 0.9215168882609018, 0.9177172209948986], [0.9988238588419702, 0.9988291269915486, 0.9988238588419702, 0.9946709379987845, 0.9946709379987845, 0.9711600298655012, 0.9711600298655012, 0.9369246148391546, 0.9369246148391546, 0.9945511426827626, 0.989001319059568, 0.9871664376405023, 0.9937783273885407, 0.973167408466307, 1.0, 0.9447356159672197, 0.8392548251055789, 0.25646849218958806, 0.9868289923562585, 0.7466578753883096, -0.3586538429698959, 0.17929962288052717, 0.9060990598515002, 0.9287478154941701, 0.9409610086793079], [0.9279849971984293, 0.9286214239699027, 0.9279849971984293, 0.9109333910595998, 0.9109333910595998, 0.9191004919297625, 0.9191004919297625, 0.9740057080610093, 0.9740057080610093, 0.9107924627262195, 0.9248128611195605, 0.9131386088745295, 0.9315193504544318, 0.9184526451190265, 0.9447356159672197, 1.0, 0.7680196422088096, 0.20173097833872308, 0.8740613020091592, 0.720354607106123, -0.08142487035529283, -0.23967068705105737, 0.8197830892039701, 0.8401853345171074, 0.8293081284015247], [0.8103016170813073, 0.8179513138789382, 0.8103016170813073, 0.7871423242345712, 0.7871423242345712, 0.683207966881122, 0.683207966881122, 0.6270999527818831, 0.6270999527818831, 0.82976117854814, 0.796115959042303, 0.8165232556107785, 0.8329509754810518, 0.7561738360386011, 0.8392548251055789, 0.7680196422088096, 1.0, 0.5226155428241143, 0.7413229779857526, 0.7781352226443241, 0.4753061593715218, -0.5805294918161991, 0.2688605814061772, 0.8298041751518973, 0.6545679959503975], [0.261930063490276, 0.39893075912836884, 0.261930063490276, 0.23609724526482426, 0.23609724526482426, 0.19527945008856148, 0.19527945008856148, 0.24019745105811294, 0.24019745105811294, 0.06498943381200693, 0.2517494285124271, 0.13519664738126033, 0.246218443041931, 0.16208103931974616, 0.25646849218958806, 0.20173097833872308, 0.5226155428241143, 1.0, 0.24796990513789044, 0.5612153715648827, 0.38809578547963497, 0.5548966308246395, 0.023403525290984252, 0.414076974897623, 0.3795622242522213], [0.9777316868265736, 0.9704677084744403, 0.9777316868265736, 0.9888952732234342, 0.9888952732234342, 0.9301887949263236, 0.9301887949263236, 0.8316545423143691, 0.8316545423143691, 0.9917305510201359, 0.9861036223785374, 0.9805479816196672, 0.9951967661550616, 0.9428821033811832, 0.9868289923562585, 0.8740613020091592, 0.7413229779857526, 0.24796990513789044, 1.0, 0.7391919845415919, -0.0043636721012304, -0.3486886635316052, 0.6726089559650498, 0.9189779062887009, 0.9108302559966921], [0.8042208676706896, 0.775934393149792, 0.8042208676706896, 0.7966726628012855, 0.7966726628012855, 0.7314106359146679, 0.7314106359146679, 0.7460523741014459, 0.7460523741014459, 0.7949873339520945, 0.7190172050472174, 0.723317050617926, 0.7604811034180087, 0.7283858983513475, 0.7466578753883096, 0.720354607106123, 0.7781352226443241, 0.5612153715648827, 0.7391919845415919, 1.0, 0.194064931437531, -0.05065499968513725, 0.23601743852256563, 0.8293600864154982, 0.7416432887669218], [0.08371800866964091, 0.09068119940501529, 0.08371800866964091, 0.05406254907528989, 0.05406254907528989, -0.14507516351659325, -0.14507516351659325, -0.1829403898269623, -0.1829403898269623, -0.21061890299015062, -0.5785306864563209, -0.8072835113035891, -0.37013452892905196, -0.2954070339490568, -0.3586538429698959, -0.08142487035529283, 0.4753061593715218, 0.38809578547963497, -0.0043636721012304, 0.194064931437531, 1.0, -0.08048364350926346, -0.17172720028906488, 0.07965966791275261, -0.11340211506244359], [-0.28043809827804933, -0.2801686860813507, -0.28043809827804933, -0.28496419725670924, -0.28496419725670924, -0.13257036686628323, -0.13257036686628323, 0.013382801747300327, 0.013382801747300327, -0.3176079563984711, 0.2242567960610408, 0.26728647964996854, 0.1670149258063169, -0.20632749518031712, 0.17929962288052717, -0.23967068705105737, -0.5805294918161991, 0.5548966308246395, -0.3486886635316052, -0.05065499968513725, -0.08048364350926346, 1.0, -0.0649162946216567, -0.3478671216449423, -0.08240102659262522], [0.763793262885217, 0.6596449218343924, 0.763793262885217, 0.7730069733073346, 0.7730069733073346, 0.8719757540977979, 0.8719757540977979, 0.7833956681305345, 0.7833956681305345, 0.8860101260250864, 0.8546073855841475, 0.8139832763077898, 0.8759796963800145, 0.909654185026472, 0.9060990598515002, 0.8197830892039701, 0.2688605814061772, 0.023403525290984252, 0.6726089559650498, 0.23601743852256563, -0.17172720028906488, -0.0649162946216567, 1.0, 0.5370949403966973, 0.733101578159282], [0.9475467727818407, 0.9482577475314368, 0.9475467727818407, 0.9359281370108947, 0.9359281370108947, 0.9021817007417527, 0.9021817007417527, 0.7906500204186088, 0.7906500204186088, 0.9306007607120758, 0.9312242228820156, 0.9376678551829387, 0.9095457958422535, 0.9215168882609018, 0.9287478154941701, 0.8401853345171074, 0.8298041751518973, 0.414076974897623, 0.9189779062887009, 0.8293600864154982, 0.07965966791275261, -0.3478671216449423, 0.5370949403966973, 1.0, 0.8827262100753573], [0.9196856532844544, 0.9255797137801252, 0.9196856532844544, 0.9202062241056079, 0.9202062241056079, 0.9213278941460241, 0.9213278941460241, 0.8539729090367203, 0.8539729090367203, 0.9070038470053817, 0.9550517274620608, 0.9528025565624112, 0.9360215121693117, 0.9177172209948986, 0.9409610086793079, 0.8293081284015247, 0.6545679959503975, 0.3795622242522213, 0.9108302559966921, 0.7416432887669218, -0.11340211506244359, -0.08240102659262522, 0.733101578159282, 0.8827262100753573, 1.0]], "x": ["^TAIEX       \u81fa\u7063\u52a0\u6b0a\u5831\u916c\u6307\u6578", "^TWII        \u81fa\u7063\u52a0\u6b0a\u6307\u6578", "^TAIEXx2     \u81fa\u7063\u52a0\u6b0a\u5831\u916c\u6307\u6578_\u65e5\u6b632", "^TAI50I      \u81fa\u706350\u5831\u916c\u6307\u6578", "^TAI50Ix2    \u81fa\u706350\u5831\u916c\u6307\u6578_\u65e5\u6b632", "^TAI100I     \u81fa\u7063\u4e2d\u578b100\u5831\u916c\u6307\u6578", "^TAI100Ix2   \u81fa\u7063\u4e2d\u578b100\u5831\u916c\u6307\u6578_\u65e5\u6b632", "^TAIDIVIDI   \u81fa\u7063\u9ad8\u80a1\u606f\u5831\u916c\u6307\u6578", "^TAIDIVIDIx2 \u81fa\u7063\u9ad8\u80a1\u606f\u5831\u916c\u6307\u6578_\u65e5\u6b632", "0050         \u5143\u5927\u81fa\u706350", "00631L       \u5143\u5927\u53f0\u706350\u6b632", "00675L       \u5bcc\u90a6\u81fa\u7063\u52a0\u6b0a\u6b632", "006208       \u5bcc\u90a6\u53f050", "0051         \u5143\u5927\u4e2d\u578b100", "006204       \u6c38\u8c50\u81fa\u7063\u52a0\u6b0a", "0056         \u5143\u5927\u9ad8\u80a1\u606f", "2412         \u4e2d\u83ef\u96fb\u4fe1", "2002         \u4e2d\u92fc", "2330         \u53f0\u7a4d\u96fb", "2317         \u9d3b\u6d77", "6505         \u53f0\u5851\u77f3\u5316", "3481         \u7fa4\u5275", "2303         \u806f\u96fb", "2308         \u53f0\u9054\u96fb", "2454         \u806f\u767c\u79d1"], "y": ["^TAIEX       \u81fa\u7063\u52a0\u6b0a\u5831\u916c\u6307\u6578", "^TWII        \u81fa\u7063\u52a0\u6b0a\u6307\u6578", "^TAIEXx2     \u81fa\u7063\u52a0\u6b0a\u5831\u916c\u6307\u6578_\u65e5\u6b632", "^TAI50I      \u81fa\u706350\u5831\u916c\u6307\u6578", "^TAI50Ix2    \u81fa\u706350\u5831\u916c\u6307\u6578_\u65e5\u6b632", "^TAI100I     \u81fa\u7063\u4e2d\u578b100\u5831\u916c\u6307\u6578", "^TAI100Ix2   \u81fa\u7063\u4e2d\u578b100\u5831\u916c\u6307\u6578_\u65e5\u6b632", "^TAIDIVIDI   \u81fa\u7063\u9ad8\u80a1\u606f\u5831\u916c\u6307\u6578", "^TAIDIVIDIx2 \u81fa\u7063\u9ad8\u80a1\u606f\u5831\u916c\u6307\u6578_\u65e5\u6b632", "0050         \u5143\u5927\u81fa\u706350", "00631L       \u5143\u5927\u53f0\u706350\u6b632", "00675L       \u5bcc\u90a6\u81fa\u7063\u52a0\u6b0a\u6b632", "006208       \u5bcc\u90a6\u53f050", "0051         \u5143\u5927\u4e2d\u578b100", "006204       \u6c38\u8c50\u81fa\u7063\u52a0\u6b0a", "0056         \u5143\u5927\u9ad8\u80a1\u606f", "2412         \u4e2d\u83ef\u96fb\u4fe1", "2002         \u4e2d\u92fc", "2330         \u53f0\u7a4d\u96fb", "2317         \u9d3b\u6d77", "6505         \u53f0\u5851\u77f3\u5316", "3481         \u7fa4\u5275", "2303         \u806f\u96fb", "2308         \u53f0\u9054\u96fb", "2454         \u806f\u767c\u79d1"], "zmin": -1, "zmax": 1, "colorbar": {"x": -0.2}}], "layout": {"autotypenumbers": "strict", "colorway": ["#636efa", "#EF553B", "#00cc96", "#ab63fa", "#FFA15A", "#19d3f3", "#FF6692", "#B6E880", "#FF97FF", "#FECB52"], "font": {"color": "#f2f5fa", "family": "Courier New"}, "hovermode": "closest", "hoverlabel": {"align": "left"}, "paper_bgcolor": "rgb(17,17,17)", "plot_bgcolor": "rgb(17,17,17)", "polar": {"bgcolor": "rgb(17,17,17)", "angularaxis": {"gridcolor": "#506784", "linecolor": "#506784", "ticks": ""}, "radialaxis": {"gridcolor": "#506784", "linecolor": "#506784", "ticks": ""}}, "ternary": {"bgcolor": "rgb(17,17,17)", "aaxis": {"gridcolor": "#506784", "linecolor": "#506784", "ticks": ""}, "baxis": {"gridcolor": "#506784", "linecolor": "#506784", "ticks": ""}, "caxis": {"gridcolor": "#506784", "linecolor": "#506784", "ticks": ""}}, "coloraxis": {"colorbar": {"outlinewidth": 0, "ticks": ""}}, "colorscale": {"sequential": [[0.0, "#0d0887"], [0.1111111111111111, "#46039f"], [0.2222222222222222, "#7201a8"], [0.3333333333333333, "#9c179e"], [0.4444444444444444, "#bd3786"], [0.5555555555555556, "#d8576b"], [0.6666666666666666, "#ed7953"], [0.7777777777777778, "#fb9f3a"], [0.8888888888888888, "#fdca26"], [1.0, "#f0f921"]], "sequentialminus": [[0.0, "#0d0887"], [0.1111111111111111, "#46039f"], [0.2222222222222222, "#7201a8"], [0.3333333333333333, "#9c179e"], [0.4444444444444444, "#bd3786"], [0.5555555555555556, "#d8576b"], [0.6666666666666666, "#ed7953"], [0.7777777777777778, "#fb9f3a"], [0.8888888888888888, "#fdca26"], [1.0, "#f0f921"]], "diverging": [[0, "#8e0152"], [0.1, "#c51b7d"], [0.2, "#de77ae"], [0.3, "#f1b6da"], [0.4, "#fde0ef"], [0.5, "#f7f7f7"], [0.6, "#e6f5d0"], [0.7, "#b8e186"], [0.8, "#7fbc41"], [0.9, "#4d9221"], [1, "#276419"]]}, "xaxis": {"gridcolor": "rgba(0, 0, 0, 0)", "linecolor": "#506784", "ticks": "", "title": {"standoff": 15}, "zerolinecolor": "#283442", "automargin": true, "zerolinewidth": 2, "tickfont": {"family": "Courier New", "size": 14}, "side": "top", "tickangle": -90}, "yaxis": {"gridcolor": "rgba(0, 0, 0, 0)", "linecolor": "#506784", "ticks": "", "title": {"standoff": 15}, "zerolinecolor": "#283442", "automargin": true, "zerolinewidth": 2, "tickfont": {"family": "Courier New"}, "side": "right"}, "scene": {"xaxis": {"backgroundcolor": "rgb(17,17,17)", "gridcolor": "#506784", "linecolor": "#506784", "showbackground": true, "ticks": "", "zerolinecolor": "#C8D4E3", "gridwidth": 2}, "yaxis": {"backgroundcolor": "rgb(17,17,17)", "gridcolor": "#506784", "linecolor": "#506784", "showbackground": true, "ticks": "", "zerolinecolor": "#C8D4E3", "gridwidth": 2}, "zaxis": {"backgroundcolor": "rgb(17,17,17)", "gridcolor": "#506784", "linecolor": "#506784", "showbackground": true, "ticks": "", "zerolinecolor": "#C8D4E3", "gridwidth": 2}}, "shapedefaults": {"line": {"color": "#f2f5fa"}}, "annotationdefaults": {"arrowcolor": "#f2f5fa", "arrowhead": 0, "arrowwidth": 1}, "geo": {"bgcolor": "rgb(17,17,17)", "landcolor": "rgb(17,17,17)", "subunitcolor": "#506784", "showland": true, "showlakes": true, "lakecolor": "rgb(17,17,17)"}, "title": {"x": 0.05, "font": {"family": "Times New Roman"}, "y": 0.05, "text": "<b>Correlation of Close<b><br><i>2016/09/23 ~ 2025/06/06<i>"}, "updatemenudefaults": {"bgcolor": "#506784", "borderwidth": 0}, "sliderdefaults": {"bgcolor": "#C8D4E3", "borderwidth": 1, "bordercolor": "rgb(17,17,17)", "tickwidth": 0}, "mapbox": {"style": "dark"}, "height": 600}};

Plotly.newPlot("correlationClose",
    correlationClose.data,
    correlationClose.layout || {},
    config);