var element=document.getElementById("correlationClose");if(element.style.display!='none'){var correlationClose={"data":[{"type":"heatmap","z":[[1.0,0.9999999999999984,1.0,0.9955344478377591,0.9955344478377591,0.9622430587357802,0.9622430587357802,0.8986498912068536,0.8986498912068536,0.8884795898921305,0.9949659361477913,0.9105237899155467,0.9928258152487377,0.9924752605804683,0.9949500507264695,0.9722820196274317,0.9989098344960139,0.9254113236536622,0.7844707430618095,-0.09142565627819102,0.9770546393840008,0.07811765897754241,-0.026224058221299314,-0.2526437178336177,0.8221991541426609,0.9461892029584896,0.9073252947875728,0.9284740621123624,0.7731254689301253,0.49540660219156896,0.6171129988467702,0.639375540523481,0.9297360921190555,0.8152976470585225,0.16963457151658018],[0.9999999999999984,1.0,0.9999999999999986,0.9954870568781324,0.9954870568781324,0.9616162980933519,0.9616162980933519,0.8998539803904704,0.8998539803904704,0.8890786272540269,0.9949451324017857,0.909894303710315,0.9925710523680707,0.9919178111619291,0.9949262388681014,0.9715950416315,0.998911968906858,0.9258612875919898,0.8045919977878233,0.11681606094201451,0.9682122741653291,-0.09211011000389295,-0.018801815919876372,-0.25290869755505924,0.6477084090027627,0.9462003575157507,0.8800059054904305,0.9229328748884436,0.7857546668731955,0.48683538150260214,0.6140182470053398,0.6665723277711508,0.926882189920133,0.6640108144097034,0.16596857771882487],[1.0,0.9999999999999986,1.0,0.9955344478377591,0.9955344478377591,0.9622430587357802,0.9622430587357802,0.8986498912068536,0.8986498912068536,0.8884795898921305,0.9949659361477913,0.9105237899155467,0.9928258152487377,0.9924752605804683,0.9949500507264695,0.9722820196274317,0.9989098344960139,0.9254113236536622,0.7844707430618095,-0.09142565627819102,0.9770546393840008,0.07811765897754241,-0.026224058221299314,-0.2526437178336177,0.8221991541426609,0.9461892029584896,0.9073252947875728,0.9284740621123624,0.7731254689301253,0.49540660219156896,0.6171129988467702,0.639375540523481,0.9297360921190555,0.8152976470585225,0.16963457151658018],[0.9955344478377591,0.9954870568781324,0.9955344478377591,1.0,1.0,0.9492732803881941,0.9492732803881941,0.884471471667393,0.884471471667393,0.8765665073025546,0.9994773310061263,0.9016061255156715,0.9886291599904582,0.9845263881542695,0.9994216211991854,0.9548930702019384,0.9948413112163909,0.9058544648606163,0.7635161695708881,-0.09750729132882108,0.9889680987132466,0.09890042090123673,-0.058457580112124076,-0.2558090705701196,0.820982390326194,0.9408151943059936,0.9124098703969846,0.9176268009704454,0.7842345625018321,0.5226230288877098,0.6116569363877497,0.6132200817450103,0.922925562075819,0.8051997796045608,0.18168302487019874],[0.9955344478377591,0.9954870568781324,0.9955344478377591,1.0,1.0,0.9492732803881941,0.9492732803881941,0.884471471667393,0.884471471667393,0.8765665073025546,0.9994773310061263,0.9016061255156715,0.9886291599904582,0.9845263881542695,0.9994216211991854,0.9548930702019384,0.9948413112163909,0.9058544648606163,0.7635161695708881,-0.09750729132882108,0.9889680987132466,0.09890042090123673,-0.058457580112124076,-0.2558090705701196,0.820982390326194,0.9408151943059936,0.9124098703969846,0.9176268009704454,0.7842345625018321,0.5226230288877098,0.6116569363877497,0.6132200817450103,0.922925562075819,0.8051997796045608,0.18168302487019874],[0.9622430587357802,0.9616162980933519,0.9622430587357802,0.9492732803881941,0.9492732803881941,1.0,1.0,0.9250576515257757,0.9250576515257757,0.8652825098273318,0.9520445250661707,0.8811015845569647,0.976238575362398,0.9748563033467024,0.9517428028841916,0.9990050694475718,0.9724965854563632,0.9194411896354419,0.6307115600709833,-0.03588729102174048,0.9338982690108488,0.2567226838476624,-0.22708161820017725,-0.10933408823572355,0.8928039104980122,0.9052463687625603,0.9265108484705528,0.8968503358682726,0.7321780159722405,0.714267500218045,0.7276652423888847,0.7146883214284281,0.8493033849795256,0.8492617823431028,0.4595100319796444],[0.9622430587357802,0.9616162980933519,0.9622430587357802,0.9492732803881941,0.9492732803881941,1.0,1.0,0.9250576515257757,0.9250576515257757,0.8652825098273318,0.9520445250661707,0.8811015845569647,0.976238575362398,0.9748563033467024,0.9517428028841916,0.9990050694475718,0.9724965854563632,0.9194411896354419,0.6307115600709833,-0.03588729102174048,0.9338982690108488,0.2567226838476624,-0.22708161820017725,-0.10933408823572355,0.8928039104980122,0.9052463687625603,0.9265108484705528,0.8968503358682726,0.7321780159722405,0.714267500218045,0.7276652423888847,0.7146883214284281,0.8493033849795256,0.8492617823431028,0.4595100319796444],[0.8986498912068536,0.8998539803904704,0.8986498912068536,0.884471471667393,0.884471471667393,0.9250576515257757,0.9250576515257757,1.0,1.0,0.8472969728752097,0.9387167730344953,0.8471291691592255,0.9474023224227867,0.9425212884436579,0.938420355100288,0.9259172173667516,0.941183586855081,0.9724151085871234,0.5668544870345779,0.08481764741318502,0.842281081044064,0.5066297571172665,-0.2517284441607818,0.031362132881240366,0.7848399870207581,0.7989426596195885,0.8639473147767036,0.8439678854735192,0.7447044301429301,0.8698164173234074,0.7709464050444622,0.719838964143969,0.7753671559348562,0.8368424962073298,0.7983478094898667],[0.8986498912068536,0.8998539803904704,0.8986498912068536,0.884471471667393,0.884471471667393,0.9250576515257757,0.9250576515257757,1.0,1.0,0.8472969728752097,0.9387167730344953,0.8471291691592255,0.9474023224227867,0.9425212884436579,0.938420355100288,0.9259172173667516,0.941183586855081,0.9724151085871234,0.5668544870345779,0.08481764741318502,0.842281081044064,0.5066297571172665,-0.2517284441607818,0.031362132881240366,0.7848399870207581,0.7989426596195885,0.8639473147767036,0.8439678854735192,0.7447044301429301,0.8698164173234074,0.7709464050444622,0.719838964143969,0.7753671559348562,0.8368424962073298,0.7983478094898667],[0.8884795898921305,0.8890786272540269,0.8884795898921305,0.8765665073025546,0.8765665073025546,0.8652825098273318,0.8652825098273318,0.8472969728752097,0.8472969728752097,1.0,0.8708984479212998,0.9999757927851614,0.847193538617526,0.8048085188781501,0.8723055132561524,0.8674311072597364,0.8847379641060531,0.8763239948918952,0.7455839642946739,0.23909450514642122,0.8630007564458959,0.7196682609560366,-0.28925703802807434,0.395753046919872,0.8453707914464651,0.7306179485734456,0.8419464929295964,0.827775023789443,0.719353057546097,0.7126637927024844,0.7928399827217298,0.7796993542298951,0.805697398188208,0.8495537202982155,0.7637569145778118],[0.9949659361477913,0.9949451324017857,0.9949659361477913,0.9994773310061263,0.9994773310061263,0.9520445250661707,0.9520445250661707,0.9387167730344953,0.9387167730344953,0.8708984479212998,1.0,0.8706704032354177,0.9883301999318345,0.9847236892747878,0.9999157230882781,0.9523716280368203,0.9939067996021894,0.9226566291489727,0.8467526835543909,0.13770865683085565,0.9957465101374784,0.8557907142453668,-0.44249746697117265,0.35952127230861786,0.8585640579426465,0.912523049886355,0.9420623492774299,0.9133870121791435,0.808135096418299,0.8955615116423121,0.873130476848153,0.8111871809326544,0.8976571858393664,0.9426709801458716,0.7764165402567966],[0.9105237899155467,0.909894303710315,0.9105237899155467,0.9016061255156715,0.9016061255156715,0.8811015845569647,0.8811015845569647,0.8471291691592255,0.8471291691592255,0.9999757927851614,0.8706704032354177,1.0,0.8446463402690692,0.801493463290856,0.8702158739604735,0.8817548647367905,0.8892914966888416,0.8729588674786044,0.6997525994643142,0.006967609120066449,0.8860210977045913,0.5660280240698564,-0.21026372567330157,-0.23579137603793954,0.8551948336022323,0.7839628225881542,0.8249871261163343,0.8503001073686256,0.7662315462568815,0.7173739363497146,0.7684442641831796,0.7097101674014202,0.8433649850864076,0.7449149244078195,0.7257490097735975],[0.9928258152487377,0.9925710523680707,0.9928258152487377,0.9886291599904582,0.9886291599904582,0.976238575362398,0.976238575362398,0.9474023224227867,0.9474023224227867,0.847193538617526,0.9883301999318345,0.8446463402690692,1.0,0.9996981722668573,0.9882936362608294,0.9745070256880055,0.9900843993693833,0.9183107819934674,0.8162169058757708,0.17502117890602556,0.9859745023998131,0.8793096087716257,-0.6233084976236493,0.43658715595001574,0.8388189538180942,0.9226670258538465,0.9583547861605278,0.9080600545889993,0.7343210748603789,0.8957905353420524,0.8536641188570582,0.8020158677382767,0.8794707767920319,0.9627870477796898,0.8110254489270745],[0.9924752605804683,0.9919178111619291,0.9924752605804683,0.9845263881542695,0.9845263881542695,0.9748563033467024,0.9748563033467024,0.9425212884436579,0.9425212884436579,0.8048085188781501,0.9847236892747878,0.801493463290856,0.9996981722668573,1.0,0.9848578526357996,0.9720775252228029,0.9884514117360033,0.905281211271098,0.8349216170414774,0.053409308828323135,0.980396801586204,0.888081760450385,-0.8276810482553631,0.4823356175774639,0.7947057044927535,0.9275584944629734,0.9560165339482272,0.8947319798706196,0.6532031343915957,0.9059879186487401,0.8410841228521331,0.7523828314999629,0.9113315614938117,0.9649807373211724,0.7788037427136879],[0.9949500507264695,0.9949262388681014,0.9949500507264695,0.9994216211991854,0.9994216211991854,0.9517428028841916,0.9517428028841916,0.938420355100288,0.938420355100288,0.8723055132561524,0.9999157230882781,0.8702158739604735,0.9882936362608294,0.9848578526357996,1.0,0.9522525177071784,0.9939190160964646,0.9228745518695346,0.8479130125500203,0.13695665369256146,0.995624152282235,0.8553352182959945,-0.44003680385079225,0.3585996275655551,0.8583069149725343,0.9102250984229396,0.9410868694962501,0.913807290628301,0.8096262241225044,0.8950696989120744,0.8742396576240258,0.8120256378438041,0.8974521379917743,0.942494898971261,0.7762154032326425],[0.9722820196274317,0.9715950416315,0.9722820196274317,0.9548930702019384,0.9548930702019384,0.9990050694475718,0.9990050694475718,0.9259172173667516,0.9259172173667516,0.8674311072597364,0.9523716280368203,0.8817548647367905,0.9745070256880055,0.9720775252228029,0.9522525177071784,1.0,0.9740702048310703,0.9190761657901436,0.6795377900342283,-0.017489965331643344,0.944382240245769,0.5871605399324754,-0.3606998689260553,-0.16232570037731184,0.9052766214612911,0.9138930006447203,0.9220216821425683,0.904947650924135,0.772018726559149,0.8374907047778575,0.7772114279233442,0.7719493733601336,0.8728855036327811,0.8464239324084263,0.785928532798048],[0.9989098344960139,0.998911968906858,0.9989098344960139,0.9948413112163909,0.9948413112163909,0.9724965854563632,0.9724965854563632,0.941183586855081,0.941183586855081,0.8847379641060531,0.9939067996021894,0.8892914966888416,0.9900843993693833,0.9884514117360033,0.9939190160964646,0.9740702048310703,1.0,0.9400841179069973,0.852849127633231,0.1382951266624982,0.987028382067163,0.8254104061799988,-0.42290792379389386,0.3728771929431156,0.8934378882755312,0.9230848784146453,0.9461351928403806,0.9377753680692476,0.8280333516343379,0.8836296569581452,0.8997562852122508,0.8423209261454736,0.9094647255051472,0.9477445038419068,0.832984132181191],[0.9254113236536622,0.9258612875919898,0.9254113236536622,0.9058544648606163,0.9058544648606163,0.9194411896354419,0.9194411896354419,0.9724151085871234,0.9724151085871234,0.8763239948918952,0.9226566291489727,0.8729588674786044,0.9183107819934674,0.905281211271098,0.9228745518695346,0.9190761657901436,0.9400841179069973,1.0,0.7311418423982797,0.007170999775934502,0.868978222641814,0.5161229450720297,-0.14496965874286258,-0.20290631062262474,0.8234367041312521,0.821088003813769,0.8299495293054902,0.9128406858056974,0.8314491624063453,0.7960745760288231,0.7451704985300441,0.7025830502967696,0.8382296441754565,0.7667669503404846,0.8466186873623769],[0.7844707430618095,0.8045919977878233,0.7844707430618095,0.7635161695708881,0.7635161695708881,0.6307115600709833,0.6307115600709833,0.5668544870345779,0.5668544870345779,0.7455839642946739,0.8467526835543909,0.6997525994643142,0.8162169058757708,0.8349216170414774,0.8479130125500203,0.6795377900342283,0.852849127633231,0.7311418423982797,1.0,0.05483774084689856,0.7260990151622408,-0.4240736047711331,0.36876549987854584,-0.6607156097560108,0.3374023976554985,0.7910779572795765,0.49003084602696945,0.8313164705712734,0.6843176944411382,0.05749621762555567,0.28513713806811447,0.55968962630785,0.777978867962428,0.45678734008905975,-0.1681103119969001],[-0.09142565627819102,0.11681606094201451,-0.09142565627819102,-0.09750729132882108,-0.09750729132882108,-0.03588729102174048,-0.03588729102174048,0.08481764741318502,0.08481764741318502,0.23909450514642122,0.13770865683085565,0.006967609120066449,0.17502117890602556,0.053409308828323135,0.13695665369256146,-0.017489965331643344,0.1382951266624982,0.007170999775934502,0.05483774084689856,1.0,-0.05665500832338349,0.1317321755285524,0.12667465096985536,0.7520060265987393,-0.07973334783042749,0.026542509905521934,0.0237710933009394,0.190611538816275,0.028882129403917416,0.10412105699146067,0.3761130189366488,0.5847041924347585,-0.08861123698065357,0.13733156966793464,0.17166631869652976],[0.9770546393840008,0.9682122741653291,0.9770546393840008,0.9889680987132466,0.9889680987132466,0.9338982690108488,0.9338982690108488,0.842281081044064,0.842281081044064,0.8630007564458959,0.9957465101374784,0.8860210977045913,0.9859745023998131,0.980396801586204,0.995624152282235,0.944382240245769,0.987028382067163,0.868978222641814,0.7260990151622408,-0.05665500832338349,1.0,0.008095622986609487,-0.12148525769964656,-0.31369706193252334,0.6831238460053015,0.9255468651831175,0.8964811006739718,0.8604962150115073,0.7532771668323632,0.5203046138786158,0.5757389928594906,0.5410374561754837,0.9015344325917957,0.6417504590705585,0.1603046417710253],[0.07811765897754241,-0.09211011000389295,0.07811765897754241,0.09890042090123673,0.09890042090123673,0.2567226838476624,0.2567226838476624,0.5066297571172665,0.5066297571172665,0.7196682609560366,0.8557907142453668,0.5660280240698564,0.8793096087716257,0.888081760450385,0.8553352182959945,0.5871605399324754,0.8254104061799988,0.5161229450720297,-0.4240736047711331,0.1317321755285524,0.008095622986609487,1.0,-0.430858847406136,0.7667841037115815,0.36389774259217555,-0.031227646631268896,0.262981323298456,-0.14843189108286317,0.030128735007345264,0.564240398463551,0.45227391890223634,0.18348848454153924,-0.06861554057316548,0.3605646530680773,0.4631541139086153],[-0.026224058221299314,-0.018801815919876372,-0.026224058221299314,-0.058457580112124076,-0.058457580112124076,-0.22708161820017725,-0.22708161820017725,-0.2517284441607818,-0.2517284441607818,-0.28925703802807434,-0.44249746697117265,-0.21026372567330157,-0.6233084976236493,-0.8276810482553631,-0.44003680385079225,-0.3606998689260553,-0.42290792379389386,-0.14496965874286258,0.36876549987854584,0.12667465096985536,-0.12148525769964656,-0.430858847406136,1.0,-0.042410839401507514,-0.13685396185626228,-0.07847545779561758,-0.2589162383835018,0.004839767047417899,-0.031823368969791946,-0.5430759114382299,-0.1660792580072975,-0.002456533671506771,0.01343422881918441,-0.16976064324656676,-0.4003896972392094],[-0.2526437178336177,-0.25290869755505924,-0.2526437178336177,-0.2558090705701196,-0.2558090705701196,-0.10933408823572355,-0.10933408823572355,0.031362132881240366,0.031362132881240366,0.395753046919872,0.35952127230861786,-0.23579137603793954,0.43658715595001574,0.4823356175774639,0.3585996275655551,-0.16232570037731184,0.3728771929431156,-0.20290631062262474,-0.6607156097560108,0.7520060265987393,-0.31369706193252334,0.7667841037115815,-0.042410839401507514,1.0,-0.1004212462413291,-0.2942038583611559,-0.05451560172872392,-0.3504413132610427,-0.3275209161589709,0.09771636684757505,0.17577828363396564,0.27061820987705865,-0.3824571306240944,0.1351196066302233,0.10273282766616018],[0.8221991541426609,0.6477084090027627,0.8221991541426609,0.820982390326194,0.820982390326194,0.8928039104980122,0.8928039104980122,0.7848399870207581,0.7848399870207581,0.8453707914464651,0.8585640579426465,0.8551948336022323,0.8388189538180942,0.7947057044927535,0.8583069149725343,0.9052766214612911,0.8934378882755312,0.8234367041312521,0.3374023976554985,-0.07973334783042749,0.6831238460053015,0.36389774259217555,-0.13685396185626228,-0.1004212462413291,1.0,0.6033117417263878,0.8412472601492105,0.48278511270716945,0.617121503029932,0.5326423098238748,0.6477646014326233,0.4178841268717753,0.69784111059875,0.6990796930101703,0.4104774195799118],[0.9461892029584896,0.9462003575157507,0.9461892029584896,0.9408151943059936,0.9408151943059936,0.9052463687625603,0.9052463687625603,0.7989426596195885,0.7989426596195885,0.7306179485734456,0.912523049886355,0.7839628225881542,0.9226670258538465,0.9275584944629734,0.9102250984229396,0.9138930006447203,0.9230848784146453,0.821088003813769,0.7910779572795765,0.026542509905521934,0.9255468651831175,-0.031227646631268896,-0.07847545779561758,-0.2942038583611559,0.6033117417263878,1.0,0.8325062639637192,0.8521242103536371,0.7101383518392661,0.38303802516621294,0.4980493794844351,0.5913519547345609,0.8954801737391792,0.6249646703108755,0.06181138798140474],[0.9073252947875728,0.8800059054904305,0.9073252947875728,0.9124098703969846,0.9124098703969846,0.9265108484705528,0.9265108484705528,0.8639473147767036,0.8639473147767036,0.8419464929295964,0.9420623492774299,0.8249871261163343,0.9583547861605278,0.9560165339482272,0.9410868694962501,0.9220216821425683,0.9461351928403806,0.8299495293054902,0.49003084602696945,0.0237710933009394,0.8964811006739718,0.262981323298456,-0.2589162383835018,-0.05451560172872392,0.8412472601492105,0.8325062639637192,1.0,0.7384687563408132,0.5902016846877992,0.5567836076712629,0.5813361324501544,0.5300867188832123,0.8047418807102272,0.8203163087630346,0.2064911863095375],[0.9284740621123624,0.9229328748884436,0.9284740621123624,0.9176268009704454,0.9176268009704454,0.8968503358682726,0.8968503358682726,0.8439678854735192,0.8439678854735192,0.827775023789443,0.9133870121791435,0.8503001073686256,0.9080600545889993,0.8947319798706196,0.913807290628301,0.904947650924135,0.9377753680692476,0.9128406858056974,0.8313164705712734,0.190611538816275,0.8604962150115073,-0.14843189108286317,0.004839767047417899,-0.3504413132610427,0.48278511270716945,0.8521242103536371,0.7384687563408132,1.0,0.9025719639321473,0.5133705712675403,0.6740241380029883,0.6643976863361217,0.8727906616727301,0.48159860176575264,0.2895471671845022],[0.7731254689301253,0.7857546668731955,0.7731254689301253,0.7842345625018321,0.7842345625018321,0.7321780159722405,0.7321780159722405,0.7447044301429301,0.7447044301429301,0.719353057546097,0.808135096418299,0.7662315462568815,0.7343210748603789,0.6532031343915957,0.8096262241225044,0.772018726559149,0.8280333516343379,0.8314491624063453,0.6843176944411382,0.028882129403917416,0.7532771668323632,0.030128735007345264,-0.031823368969791946,-0.3275209161589709,0.617121503029932,0.7101383518392661,0.5902016846877992,0.9025719639321473,1.0,0.5557671880005499,0.6564563373862818,0.6054463498448222,0.7191234710219124,0.5639707648986296,0.46894267671297957],[0.49540660219156896,0.48683538150260214,0.49540660219156896,0.5226230288877098,0.5226230288877098,0.714267500218045,0.714267500218045,0.8698164173234074,0.8698164173234074,0.7126637927024844,0.8955615116423121,0.7173739363497146,0.8957905353420524,0.9059879186487401,0.8950696989120744,0.8374907047778575,0.8836296569581452,0.7960745760288231,0.05749621762555567,0.10412105699146067,0.5203046138786158,0.564240398463551,-0.5430759114382299,0.09771636684757505,0.5326423098238748,0.38303802516621294,0.5567836076712629,0.5133705712675403,0.5557671880005499,1.0,0.7350408730215157,0.37233343578400263,0.45070769132980415,0.5403227485815846,0.7763449980481079],[0.6171129988467702,0.6140182470053398,0.6171129988467702,0.6116569363877497,0.6116569363877497,0.7276652423888847,0.7276652423888847,0.7709464050444622,0.7709464050444622,0.7928399827217298,0.873130476848153,0.7684442641831796,0.8536641188570582,0.8410841228521331,0.8742396576240258,0.7772114279233442,0.8997562852122508,0.7451704985300441,0.28513713806811447,0.3761130189366488,0.5757389928594906,0.45227391890223634,-0.1660792580072975,0.17577828363396564,0.6477646014326233,0.4980493794844351,0.5813361324501544,0.6740241380029883,0.6564563373862818,0.7350408730215157,1.0,0.7780247160302911,0.47261828228648156,0.7175205060280532,0.5465505417057733],[0.639375540523481,0.6665723277711508,0.639375540523481,0.6132200817450103,0.6132200817450103,0.7146883214284281,0.7146883214284281,0.719838964143969,0.719838964143969,0.7796993542298951,0.8111871809326544,0.7097101674014202,0.8020158677382767,0.7523828314999629,0.8120256378438041,0.7719493733601336,0.8423209261454736,0.7025830502967696,0.55968962630785,0.5847041924347585,0.5410374561754837,0.18348848454153924,-0.002456533671506771,0.27061820987705865,0.4178841268717753,0.5913519547345609,0.5300867188832123,0.6643976863361217,0.6054463498448222,0.37233343578400263,0.7780247160302911,1.0,0.486373465411346,0.6649114051920423,0.19561598998897192],[0.9297360921190555,0.926882189920133,0.9297360921190555,0.922925562075819,0.922925562075819,0.8493033849795256,0.8493033849795256,0.7753671559348562,0.7753671559348562,0.805697398188208,0.8976571858393664,0.8433649850864076,0.8794707767920319,0.9113315614938117,0.8974521379917743,0.8728855036327811,0.9094647255051472,0.8382296441754565,0.777978867962428,-0.08861123698065357,0.9015344325917957,-0.06861554057316548,0.01343422881918441,-0.3824571306240944,0.69784111059875,0.8954801737391792,0.8047418807102272,0.8727906616727301,0.7191234710219124,0.45070769132980415,0.47261828228648156,0.486373465411346,1.0,0.7124780411084926,0.15830041363745634],[0.8152976470585225,0.6640108144097034,0.8152976470585225,0.8051997796045608,0.8051997796045608,0.8492617823431028,0.8492617823431028,0.8368424962073298,0.8368424962073298,0.8495537202982155,0.9426709801458716,0.7449149244078195,0.9627870477796898,0.9649807373211724,0.942494898971261,0.8464239324084263,0.9477445038419068,0.7667669503404846,0.45678734008905975,0.13733156966793464,0.6417504590705585,0.3605646530680773,-0.16976064324656676,0.1351196066302233,0.6990796930101703,0.6249646703108755,0.8203163087630346,0.48159860176575264,0.5639707648986296,0.5403227485815846,0.7175205060280532,0.6649114051920423,0.7124780411084926,1.0,0.1672191815608342],[0.16963457151658018,0.16596857771882487,0.16963457151658018,0.18168302487019874,0.18168302487019874,0.4595100319796444,0.4595100319796444,0.7983478094898667,0.7983478094898667,0.7637569145778118,0.7764165402567966,0.7257490097735975,0.8110254489270745,0.7788037427136879,0.7762154032326425,0.785928532798048,0.832984132181191,0.8466186873623769,-0.1681103119969001,0.17166631869652976,0.1603046417710253,0.4631541139086153,-0.4003896972392094,0.10273282766616018,0.4104774195799118,0.06181138798140474,0.2064911863095375,0.2895471671845022,0.46894267671297957,0.7763449980481079,0.5465505417057733,0.19561598998897192,0.15830041363745634,0.1672191815608342,1.0]],"x":["^TAIEX       \u81fa\u7063\u52a0\u6b0a\u5831\u916c\u6307\u6578","^TWII        \u81fa\u7063\u52a0\u6b0a\u6307\u6578","^TAIEXx2     \u81fa\u7063\u52a0\u6b0a\u5831\u916c\u6307\u6578_\u65e5\u6b632","^TAI50I      \u81fa\u706350\u5831\u916c\u6307\u6578","^TAI50Ix2    \u81fa\u706350\u5831\u916c\u6307\u6578_\u65e5\u6b632","^TAI100I     \u81fa\u7063\u4e2d\u578b100\u5831\u916c\u6307\u6578","^TAI100Ix2   \u81fa\u7063\u4e2d\u578b100\u5831\u916c\u6307\u6578_\u65e5\u6b632","^TAIDIVIDI   \u81fa\u7063\u9ad8\u80a1\u606f\u5831\u916c\u6307\u6578","^TAIDIVIDIx2 \u81fa\u7063\u9ad8\u80a1\u606f\u5831\u916c\u6307\u6578_\u65e5\u6b632","0050Fund     \u5143\u5927\u53f0\u7063\u5353\u8d8a50\u57fa\u91d1","006208Fund   \u5bcc\u90a6\u53f0\u7063\u91c6\u540950\u57fa\u91d1","0050         \u5143\u5927\u81fa\u706350","00631L       \u5143\u5927\u53f0\u706350\u6b632","00675L       \u5bcc\u90a6\u81fa\u7063\u52a0\u6b0a\u6b632","006208       \u5bcc\u90a6\u53f050","0051         \u5143\u5927\u4e2d\u578b100","006204       \u6c38\u8c50\u81fa\u7063\u52a0\u6b0a","0056         \u5143\u5927\u9ad8\u80a1\u606f","2412         \u4e2d\u83ef\u96fb\u4fe1","2002         \u4e2d\u92fc","2330         \u53f0\u7a4d\u96fb","2317         \u9d3b\u6d77","6505         \u53f0\u5851\u77f3\u5316","3481         \u7fa4\u5275","2303         \u806f\u96fb","2308         \u53f0\u9054\u96fb","2454         \u806f\u767c\u79d1","2886         \u5146\u8c50\u91d1","2884         \u7389\u5c71\u91d1","2891         \u4e2d\u4fe1\u91d1","2892         \u7b2c\u4e00\u91d1","5880         \u5408\u5eab\u91d1","2881         \u5bcc\u90a6\u91d1","2885         \u5143\u5927\u91d1","2887         \u53f0\u65b0\u91d1"],"y":["^TAIEX       \u81fa\u7063\u52a0\u6b0a\u5831\u916c\u6307\u6578","^TWII        \u81fa\u7063\u52a0\u6b0a\u6307\u6578","^TAIEXx2     \u81fa\u7063\u52a0\u6b0a\u5831\u916c\u6307\u6578_\u65e5\u6b632","^TAI50I      \u81fa\u706350\u5831\u916c\u6307\u6578","^TAI50Ix2    \u81fa\u706350\u5831\u916c\u6307\u6578_\u65e5\u6b632","^TAI100I     \u81fa\u7063\u4e2d\u578b100\u5831\u916c\u6307\u6578","^TAI100Ix2   \u81fa\u7063\u4e2d\u578b100\u5831\u916c\u6307\u6578_\u65e5\u6b632","^TAIDIVIDI   \u81fa\u7063\u9ad8\u80a1\u606f\u5831\u916c\u6307\u6578","^TAIDIVIDIx2 \u81fa\u7063\u9ad8\u80a1\u606f\u5831\u916c\u6307\u6578_\u65e5\u6b632","0050Fund     \u5143\u5927\u53f0\u7063\u5353\u8d8a50\u57fa\u91d1","006208Fund   \u5bcc\u90a6\u53f0\u7063\u91c6\u540950\u57fa\u91d1","0050         \u5143\u5927\u81fa\u706350","00631L       \u5143\u5927\u53f0\u706350\u6b632","00675L       \u5bcc\u90a6\u81fa\u7063\u52a0\u6b0a\u6b632","006208       \u5bcc\u90a6\u53f050","0051         \u5143\u5927\u4e2d\u578b100","006204       \u6c38\u8c50\u81fa\u7063\u52a0\u6b0a","0056         \u5143\u5927\u9ad8\u80a1\u606f","2412         \u4e2d\u83ef\u96fb\u4fe1","2002         \u4e2d\u92fc","2330         \u53f0\u7a4d\u96fb","2317         \u9d3b\u6d77","6505         \u53f0\u5851\u77f3\u5316","3481         \u7fa4\u5275","2303         \u806f\u96fb","2308         \u53f0\u9054\u96fb","2454         \u806f\u767c\u79d1","2886         \u5146\u8c50\u91d1","2884         \u7389\u5c71\u91d1","2891         \u4e2d\u4fe1\u91d1","2892         \u7b2c\u4e00\u91d1","5880         \u5408\u5eab\u91d1","2881         \u5bcc\u90a6\u91d1","2885         \u5143\u5927\u91d1","2887         \u53f0\u65b0\u91d1"],"zmin":-1,"zmax":1,"colorbar":{"x":-0.2}}],"layout":{"autotypenumbers":"strict","colorway":["#636efa","#EF553B","#00cc96","#ab63fa","#FFA15A","#19d3f3","#FF6692","#B6E880","#FF97FF","#FECB52"],"font":{"color":"#f2f5fa","family":"Courier New"},"hovermode":"closest","hoverlabel":{"align":"left"},"paper_bgcolor":"rgb(17,17,17)","plot_bgcolor":"rgb(17,17,17)","polar":{"bgcolor":"rgb(17,17,17)","angularaxis":{"gridcolor":"#506784","linecolor":"#506784","ticks":""},"radialaxis":{"gridcolor":"#506784","linecolor":"#506784","ticks":""}},"ternary":{"bgcolor":"rgb(17,17,17)","aaxis":{"gridcolor":"#506784","linecolor":"#506784","ticks":""},"baxis":{"gridcolor":"#506784","linecolor":"#506784","ticks":""},"caxis":{"gridcolor":"#506784","linecolor":"#506784","ticks":""}},"coloraxis":{"colorbar":{"outlinewidth":0,"ticks":""}},"colorscale":{"sequential":[[0.0,"#0d0887"],[0.1111111111111111,"#46039f"],[0.2222222222222222,"#7201a8"],[0.3333333333333333,"#9c179e"],[0.4444444444444444,"#bd3786"],[0.5555555555555556,"#d8576b"],[0.6666666666666666,"#ed7953"],[0.7777777777777778,"#fb9f3a"],[0.8888888888888888,"#fdca26"],[1.0,"#f0f921"]],"sequentialminus":[[0.0,"#0d0887"],[0.1111111111111111,"#46039f"],[0.2222222222222222,"#7201a8"],[0.3333333333333333,"#9c179e"],[0.4444444444444444,"#bd3786"],[0.5555555555555556,"#d8576b"],[0.6666666666666666,"#ed7953"],[0.7777777777777778,"#fb9f3a"],[0.8888888888888888,"#fdca26"],[1.0,"#f0f921"]],"diverging":[[0,"#8e0152"],[0.1,"#c51b7d"],[0.2,"#de77ae"],[0.3,"#f1b6da"],[0.4,"#fde0ef"],[0.5,"#f7f7f7"],[0.6,"#e6f5d0"],[0.7,"#b8e186"],[0.8,"#7fbc41"],[0.9,"#4d9221"],[1,"#276419"]]},"xaxis":{"gridcolor":"rgba(0, 0, 0, 0)","linecolor":"#506784","ticks":"","title":{"standoff":15},"zerolinecolor":"#283442","automargin":true,"zerolinewidth":2,"tickfont":{"family":"Courier New","size":14},"side":"top","tickangle":-90},"yaxis":{"gridcolor":"rgba(0, 0, 0, 0)","linecolor":"#506784","ticks":"","title":{"standoff":15},"zerolinecolor":"#283442","automargin":true,"zerolinewidth":2,"tickfont":{"family":"Courier New"},"side":"right"},"scene":{"xaxis":{"backgroundcolor":"rgb(17,17,17)","gridcolor":"#506784","linecolor":"#506784","showbackground":true,"ticks":"","zerolinecolor":"#C8D4E3","gridwidth":2},"yaxis":{"backgroundcolor":"rgb(17,17,17)","gridcolor":"#506784","linecolor":"#506784","showbackground":true,"ticks":"","zerolinecolor":"#C8D4E3","gridwidth":2},"zaxis":{"backgroundcolor":"rgb(17,17,17)","gridcolor":"#506784","linecolor":"#506784","showbackground":true,"ticks":"","zerolinecolor":"#C8D4E3","gridwidth":2}},"shapedefaults":{"line":{"color":"#f2f5fa"}},"annotationdefaults":{"arrowcolor":"#f2f5fa","arrowhead":0,"arrowwidth":1},"geo":{"bgcolor":"rgb(17,17,17)","landcolor":"rgb(17,17,17)","subunitcolor":"#506784","showland":true,"showlakes":true,"lakecolor":"rgb(17,17,17)"},"title":{"x":0.05,"font":{"family":"Times New Roman"},"y":0.05,"text":"<b>Correlation of Close<b><br><i>2016-09-23 ~ 2025-08-28<i>"},"updatemenudefaults":{"bgcolor":"#506784","borderwidth":0},"sliderdefaults":{"bgcolor":"#C8D4E3","borderwidth":1,"bordercolor":"rgb(17,17,17)","tickwidth":0},"mapbox":{"style":"dark"},"annotations":[{"text":"<b>@zwindr<b>","textangle":0,"opacity":0.5,"font":{"color":"white","size":12},"xref":"paper","yref":"paper","xanchor":"left","yanchor":"bottom","x":1.0,"y":1.0,"showarrow":false}]},"config":{"responsive":true,"toImageButtonOptions":{"filename":"Correlation of Close_2016-09-23~2025-08-28","scale":5}}};Plotly.newPlot("correlationClose",correlationClose.data,correlationClose.layout||{},correlationClose.config);}else{console.log("style display is none => correlationClose");}