var config = { responsive: true }

var correlationAdjClose = {"data": [{"type": "heatmap", "z": [[1.0, 0.9938159277176997, 0.9764123570085147, 0.9977443407111841, 0.9648392411613804, 0.9809520788284837, -0.9410773124264956, 0.9897451680844501, 0.9690100528819519, 0.9978166274103367, 0.9929814400473628, 0.9937581486721492, 0.9972730137561188, 0.9836650663037442, 0.9996551836339538, 0.9898081857292182, 0.9191550193486768, 0.7494037809280324, 0.9855079468898893, 0.9184957985535577, 0.46219815778720424, -0.30253062825278937, 0.9004785455190876, 0.9741806526189404, 0.95325181629862], [0.9938159277176997, 1.0, 0.971813365564202, 0.9913136296751132, 0.9605315161366673, 0.9761922525546082, -0.9362998410379038, 0.9802896227033953, 0.9619176096187925, 0.9933549349203176, 0.9920456848458357, 0.9912497262779195, 0.99526466115525, 0.9773374685872116, 0.9965609852681131, 0.9831555625557425, 0.9079204868855609, 0.758368720495346, 0.96676339964117, 0.8976294845300752, 0.4600173135767214, -0.22539830907813815, 0.8736175451774826, 0.961667187913047, 0.9531628621171014], [0.9764123570085147, 0.971813365564202, 1.0, 0.9823202769335159, 0.9962321729993865, 0.9790620441347136, -0.9753672129695776, 0.9697636235214943, 0.9835593952457028, 0.9844134616597046, 0.9971949039738282, 0.9970531374570818, 0.9886402876147559, 0.9778883262936526, 0.9874827960178989, 0.9697193423952936, 0.82479517624357, 0.6401847014017162, 0.989780080410569, 0.9088489991148017, 0.29710431499080947, -0.2243359432767147, 0.9078358980649032, 0.9414010755304754, 0.9785524014193411], [0.9977443407111841, 0.9913136296751132, 0.9823202769335159, 1.0, 0.9760241533432892, 0.9732757010761001, -0.9357894038576989, 0.9842710795153522, 0.9664050399773914, 0.9999549044193514, 0.991521198344062, 0.9897455404427703, 0.9999443664368531, 0.9734214541097569, 0.996112045190187, 0.9842012900872453, 0.9056969342571782, 0.72077852479014, 0.9931940116925033, 0.9199270026222638, 0.4400693684662143, -0.29419722980822166, 0.8994805465533986, 0.9682682127517442, 0.9593030099333977], [0.9648392411613804, 0.9605315161366673, 0.9962321729993865, 0.9760241533432892, 1.0, 0.9592928269847638, -0.9572310720054177, 0.9554015964072131, 0.9716876250327818, 0.9802067610324212, 0.9874077818009495, 0.9837990820737826, 0.9850794011337209, 0.9571955370713837, 0.9761357048112025, 0.9553257752817004, 0.8051557292007883, 0.606791117981667, 0.9891404961050215, 0.905445736671965, 0.27533292488989336, -0.2177449979216061, 0.8909108849919605, 0.9266566705103003, 0.9764410694799557], [0.9809520788284837, 0.9761922525546082, 0.9790620441347136, 0.9732757010761001, 0.9592928269847638, 1.0, -0.980226262493061, 0.9799499462635636, 0.9793215885290064, 0.9720029253714334, 0.976677573889363, 0.9746419522053218, 0.9687268113065013, 0.9999102276578463, 0.9858555991226412, 0.9810789753555791, 0.8584769675105036, 0.7157270250249769, 0.9672318824469531, 0.8883126138869448, 0.3262132244294028, -0.21259238615388634, 0.9363698680508046, 0.9566651232525911, 0.9589272993203973], [-0.9410773124264956, -0.9362998410379038, -0.9753672129695776, -0.9357894038576989, -0.9572310720054177, -0.980226262493061, 1.0, -0.9501995657558396, -0.9829056212479358, -0.940943240620603, -0.973494739342383, -0.9753855547740082, -0.9477486624660449, -0.9835083713334756, -0.9634602911708765, -0.9533256757427151, -0.769091380560572, -0.6132215031931211, -0.9415909251244515, -0.8781554961918508, -0.18234584528474135, 0.14594635378515655, -0.9042245607830801, -0.911846642581504, -0.9562330754706909], [0.9897451680844501, 0.9802896227033953, 0.9697636235214943, 0.9842710795153522, 0.9554015964072131, 0.9799499462635636, -0.9501995657558396, 1.0, 0.9819480859578728, 0.9835842029450556, 0.9751882567228088, 0.9740832569515815, 0.9797642009130535, 0.9819800312818477, 0.987266506237312, 0.9998689866343283, 0.9214720057480014, 0.685520520803968, 0.9739983663214218, 0.891864536697917, 0.324046293747862, -0.31048225426151943, 0.904857096052076, 0.9555928289886685, 0.93603459785847], [0.9690100528819519, 0.9619176096187925, 0.9835593952457028, 0.9664050399773914, 0.9716876250327818, 0.9793215885290064, -0.9829056212479358, 0.9819480859578728, 1.0, 0.9650979739470575, 0.9720293485041621, 0.9690087610388534, 0.9623361666503167, 0.9785011776911374, 0.9690790792135638, 0.9812759072510003, 0.8463023827703786, 0.6107038787198181, 0.9667158473090899, 0.9028495254774223, 0.180394099690297, -0.22810966660132606, 0.8864051933831322, 0.9311506005083939, 0.9587247455414473], [0.9978166274103367, 0.9933549349203176, 0.9844134616597046, 0.9999549044193514, 0.9802067610324212, 0.9720029253714334, -0.940943240620603, 0.9835842029450556, 0.9650979739470575, 1.0, 0.9912559996672659, 0.9893775050185755, 0.9999607072558778, 0.9725500244794777, 0.9958514771633101, 0.9840239925765603, 0.9212182272638229, 0.6890360043929883, 0.9953107291516747, 0.9170084492678032, 0.266028555803034, -0.257670482467723, 0.9269208787888833, 0.9627275756745411, 0.9541637587115769], [0.9929814400473628, 0.9920456848458357, 0.9971949039738282, 0.991521198344062, 0.9874077818009495, 0.976677573889363, -0.973494739342383, 0.9751882567228088, 0.9720293485041621, 0.9912559996672659, 1.0, 0.9996701161097737, 0.9913775800190722, 0.9776672589180921, 0.9933294848595137, 0.9766591402085423, 0.908322764455866, 0.591019735028631, 0.9864485520606308, 0.8875443686843155, -0.2900013442785597, 0.4752371282525216, 0.9083625983102696, 0.9535620270888006, 0.976905835981024], [0.9937581486721492, 0.9912497262779195, 0.9970531374570818, 0.9897455404427703, 0.9837990820737826, 0.9746419522053218, -0.9753855547740082, 0.9740832569515815, 0.9690087610388534, 0.9893775050185755, 0.9996701161097737, 1.0, 0.9896368854950178, 0.9757298265329184, 0.9939057341425033, 0.9758163293206646, 0.9159609801705813, 0.4763302368244226, 0.9813274855630645, 0.8759106396427724, -0.6941479899323759, 0.4552633789437862, 0.8816855724167499, 0.950374997705915, 0.9762237489960417], [0.9972730137561188, 0.99526466115525, 0.9886402876147559, 0.9999443664368531, 0.9850794011337209, 0.9687268113065013, -0.9477486624660449, 0.9797642009130535, 0.9623361666503167, 0.9999607072558778, 0.9913775800190722, 0.9896368854950178, 1.0, 0.969476617381813, 0.995664202097139, 0.9809227103735076, 0.9286251220600776, 0.6498243877161581, 0.9968066618794682, 0.895427127826469, 0.0036089054669689036, 0.4483584423532805, 0.9184805642872492, 0.9512484296146693, 0.9648508993252366], [0.9836650663037442, 0.9773374685872116, 0.9778883262936526, 0.9734214541097569, 0.9571955370713837, 0.9999102276578463, -0.9835083713334756, 0.9819800312818477, 0.9785011776911374, 0.9725500244794777, 0.9776672589180921, 0.9757298265329184, 0.969476617381813, 1.0, 0.9864157759683437, 0.9812517388229256, 0.8823730853475363, 0.7173796562227667, 0.96606858087548, 0.8839711709869095, 0.2002891074396978, -0.190338590417423, 0.9451157595965609, 0.9594958136557109, 0.9558815384644731], [0.9996551836339538, 0.9965609852681131, 0.9874827960178989, 0.996112045190187, 0.9761357048112025, 0.9858555991226412, -0.9634602911708765, 0.987266506237312, 0.9690790792135638, 0.9958514771633101, 0.9933294848595137, 0.9939057341425033, 0.995664202097139, 0.9864157759683437, 1.0, 0.9882067122876431, 0.9343552283195088, 0.688931973018398, 0.9890704547250747, 0.8927343733193326, 0.05198583051630942, 0.46484910057646983, 0.9365944169145549, 0.9611409943317877, 0.9633212005927377], [0.9898081857292182, 0.9831555625557425, 0.9697193423952936, 0.9842012900872453, 0.9553257752817004, 0.9810789753555791, -0.9533256757427151, 0.9998689866343283, 0.9812759072510003, 0.9840239925765603, 0.9766591402085423, 0.9758163293206646, 0.9809227103735076, 0.9812517388229256, 0.9882067122876431, 1.0, 0.9278372064438579, 0.6841118429873749, 0.9730996635176904, 0.8971655923635781, 0.2910968367496474, -0.2907965893008697, 0.9104760748830983, 0.9545973239678339, 0.9362086511891137], [0.9191550193486768, 0.9079204868855609, 0.82479517624357, 0.9056969342571782, 0.8051557292007883, 0.8584769675105036, -0.769091380560572, 0.9214720057480014, 0.8463023827703786, 0.9212182272638229, 0.908322764455866, 0.9159609801705813, 0.9286251220600776, 0.8823730853475363, 0.9343552283195088, 0.9278372064438579, 1.0, 0.8452827181622377, 0.8569940131035024, 0.870528387408651, 0.7059415012732528, -0.5339964484643648, 0.6919876002916979, 0.9170370281835136, 0.7968643756811458], [0.7494037809280324, 0.758368720495346, 0.6401847014017162, 0.72077852479014, 0.606791117981667, 0.7157270250249769, -0.6132215031931211, 0.685520520803968, 0.6107038787198181, 0.6890360043929883, 0.591019735028631, 0.4763302368244226, 0.6498243877161581, 0.7173796562227667, 0.688931973018398, 0.6841118429873749, 0.8452827181622377, 1.0, 0.6422481362831622, 0.753270964940269, 0.7336587124058415, -0.11648254428917702, 0.5383997285493729, 0.7631095822858208, 0.6464724601062997], [0.9855079468898893, 0.96676339964117, 0.989780080410569, 0.9931940116925033, 0.9891404961050215, 0.9672318824469531, -0.9415909251244515, 0.9739983663214218, 0.9667158473090899, 0.9953107291516747, 0.9864485520606308, 0.9813274855630645, 0.9968066618794682, 0.96606858087548, 0.9890704547250747, 0.9730996635176904, 0.8569940131035024, 0.6422481362831622, 1.0, 0.8905245483078652, 0.36690709490298584, -0.28841193590836806, 0.8870168221418858, 0.9505295397452567, 0.9687148259943643], [0.9184957985535577, 0.8976294845300752, 0.9088489991148017, 0.9199270026222638, 0.905445736671965, 0.8883126138869448, -0.8781554961918508, 0.891864536697917, 0.9028495254774223, 0.9170084492678032, 0.8875443686843155, 0.8759106396427724, 0.895427127826469, 0.8839711709869095, 0.8927343733193326, 0.8971655923635781, 0.870528387408651, 0.753270964940269, 0.8905245483078652, 1.0, 0.4103100062245155, -0.18490188667700358, 0.6936076837611137, 0.9156901619585379, 0.8804927066587556], [0.46219815778720424, 0.4600173135767214, 0.29710431499080947, 0.4400693684662143, 0.27533292488989336, 0.3262132244294028, -0.18234584528474135, 0.324046293747862, 0.180394099690297, 0.266028555803034, -0.2900013442785597, -0.6941479899323759, 0.0036089054669689036, 0.2002891074396978, 0.05198583051630942, 0.2910968367496474, 0.7059415012732528, 0.7336587124058415, 0.36690709490298584, 0.4103100062245155, 1.0, -0.4009758538039617, 0.30407042070099943, 0.4472158628761471, 0.24269486980946783], [-0.30253062825278937, -0.22539830907813815, -0.2243359432767147, -0.29419722980822166, -0.2177449979216061, -0.21259238615388634, 0.14594635378515655, -0.31048225426151943, -0.22810966660132606, -0.257670482467723, 0.4752371282525216, 0.4552633789437862, 0.4483584423532805, -0.190338590417423, 0.46484910057646983, -0.2907965893008697, -0.5339964484643648, -0.11648254428917702, -0.28841193590836806, -0.18490188667700358, -0.4009758538039617, 1.0, -0.14459014303355922, -0.33344231832657767, -0.17203983911918863], [0.9004785455190876, 0.8736175451774826, 0.9078358980649032, 0.8994805465533986, 0.8909108849919605, 0.9363698680508046, -0.9042245607830801, 0.904857096052076, 0.8864051933831322, 0.9269208787888833, 0.9083625983102696, 0.8816855724167499, 0.9184805642872492, 0.9451157595965609, 0.9365944169145549, 0.9104760748830983, 0.6919876002916979, 0.5383997285493729, 0.8870168221418858, 0.6936076837611137, 0.30407042070099943, -0.14459014303355922, 1.0, 0.8353356683443253, 0.8858840650787032], [0.9741806526189404, 0.961667187913047, 0.9414010755304754, 0.9682682127517442, 0.9266566705103003, 0.9566651232525911, -0.911846642581504, 0.9555928289886685, 0.9311506005083939, 0.9627275756745411, 0.9535620270888006, 0.950374997705915, 0.9512484296146693, 0.9594958136557109, 0.9611409943317877, 0.9545973239678339, 0.9170370281835136, 0.7631095822858208, 0.9505295397452567, 0.9156901619585379, 0.4472158628761471, -0.33344231832657767, 0.8353356683443253, 1.0, 0.9302349981373607], [0.95325181629862, 0.9531628621171014, 0.9785524014193411, 0.9593030099333977, 0.9764410694799557, 0.9589272993203973, -0.9562330754706909, 0.93603459785847, 0.9587247455414473, 0.9541637587115769, 0.976905835981024, 0.9762237489960417, 0.9648508993252366, 0.9558815384644731, 0.9633212005927377, 0.9362086511891137, 0.7968643756811458, 0.6464724601062997, 0.9687148259943643, 0.8804927066587556, 0.24269486980946783, -0.17203983911918863, 0.8858840650787032, 0.9302349981373607, 1.0]], "x": ["^TAIEX       \u81fa\u7063\u52a0\u6b0a\u5831\u916c\u6307\u6578", "^TWII        \u81fa\u7063\u52a0\u6b0a\u6307\u6578", "^TAIEXx2     \u81fa\u7063\u52a0\u6b0a\u5831\u916c\u6307\u6578_\u65e5\u6b632", "^TAI50I      \u81fa\u706350\u5831\u916c\u6307\u6578", "^TAI50Ix2    \u81fa\u706350\u5831\u916c\u6307\u6578_\u65e5\u6b632", "^TAI100I     \u81fa\u7063\u4e2d\u578b100\u5831\u916c\u6307\u6578", "^TAI100Ix2   \u81fa\u7063\u4e2d\u578b100\u5831\u916c\u6307\u6578_\u65e5\u6b632", "^TAIDIVIDI   \u81fa\u7063\u9ad8\u80a1\u606f\u5831\u916c\u6307\u6578", "^TAIDIVIDIx2 \u81fa\u7063\u9ad8\u80a1\u606f\u5831\u916c\u6307\u6578_\u65e5\u6b632", "0050         \u5143\u5927\u81fa\u706350", "00631L       \u5143\u5927\u53f0\u706350\u6b632", "00675L       \u5bcc\u90a6\u81fa\u7063\u52a0\u6b0a\u6b632", "006208       \u5bcc\u90a6\u53f050", "0051         \u5143\u5927\u4e2d\u578b100", "006204       \u6c38\u8c50\u81fa\u7063\u52a0\u6b0a", "0056         \u5143\u5927\u9ad8\u80a1\u606f", "2412         \u4e2d\u83ef\u96fb\u4fe1", "2002         \u4e2d\u92fc", "2330         \u53f0\u7a4d\u96fb", "2317         \u9d3b\u6d77", "6505         \u53f0\u5851\u77f3\u5316", "3481         \u7fa4\u5275", "2303         \u806f\u96fb", "2308         \u53f0\u9054\u96fb", "2454         \u806f\u767c\u79d1"], "y": ["^TAIEX       \u81fa\u7063\u52a0\u6b0a\u5831\u916c\u6307\u6578", "^TWII        \u81fa\u7063\u52a0\u6b0a\u6307\u6578", "^TAIEXx2     \u81fa\u7063\u52a0\u6b0a\u5831\u916c\u6307\u6578_\u65e5\u6b632", "^TAI50I      \u81fa\u706350\u5831\u916c\u6307\u6578", "^TAI50Ix2    \u81fa\u706350\u5831\u916c\u6307\u6578_\u65e5\u6b632", "^TAI100I     \u81fa\u7063\u4e2d\u578b100\u5831\u916c\u6307\u6578", "^TAI100Ix2   \u81fa\u7063\u4e2d\u578b100\u5831\u916c\u6307\u6578_\u65e5\u6b632", "^TAIDIVIDI   \u81fa\u7063\u9ad8\u80a1\u606f\u5831\u916c\u6307\u6578", "^TAIDIVIDIx2 \u81fa\u7063\u9ad8\u80a1\u606f\u5831\u916c\u6307\u6578_\u65e5\u6b632", "0050         \u5143\u5927\u81fa\u706350", "00631L       \u5143\u5927\u53f0\u706350\u6b632", "00675L       \u5bcc\u90a6\u81fa\u7063\u52a0\u6b0a\u6b632", "006208       \u5bcc\u90a6\u53f050", "0051         \u5143\u5927\u4e2d\u578b100", "006204       \u6c38\u8c50\u81fa\u7063\u52a0\u6b0a", "0056         \u5143\u5927\u9ad8\u80a1\u606f", "2412         \u4e2d\u83ef\u96fb\u4fe1", "2002         \u4e2d\u92fc", "2330         \u53f0\u7a4d\u96fb", "2317         \u9d3b\u6d77", "6505         \u53f0\u5851\u77f3\u5316", "3481         \u7fa4\u5275", "2303         \u806f\u96fb", "2308         \u53f0\u9054\u96fb", "2454         \u806f\u767c\u79d1"], "zmin": -1, "zmax": 1, "colorbar": {"x": -0.2}}], "layout": {"autotypenumbers": "strict", "colorway": ["#636efa", "#EF553B", "#00cc96", "#ab63fa", "#FFA15A", "#19d3f3", "#FF6692", "#B6E880", "#FF97FF", "#FECB52"], "font": {"color": "#f2f5fa", "family": "Courier New"}, "hovermode": "closest", "hoverlabel": {"align": "left"}, "paper_bgcolor": "rgb(17,17,17)", "plot_bgcolor": "rgb(17,17,17)", "polar": {"bgcolor": "rgb(17,17,17)", "angularaxis": {"gridcolor": "#506784", "linecolor": "#506784", "ticks": ""}, "radialaxis": {"gridcolor": "#506784", "linecolor": "#506784", "ticks": ""}}, "ternary": {"bgcolor": "rgb(17,17,17)", "aaxis": {"gridcolor": "#506784", "linecolor": "#506784", "ticks": ""}, "baxis": {"gridcolor": "#506784", "linecolor": "#506784", "ticks": ""}, "caxis": {"gridcolor": "#506784", "linecolor": "#506784", "ticks": ""}}, "coloraxis": {"colorbar": {"outlinewidth": 0, "ticks": ""}}, "colorscale": {"sequential": [[0.0, "#0d0887"], [0.1111111111111111, "#46039f"], [0.2222222222222222, "#7201a8"], [0.3333333333333333, "#9c179e"], [0.4444444444444444, "#bd3786"], [0.5555555555555556, "#d8576b"], [0.6666666666666666, "#ed7953"], [0.7777777777777778, "#fb9f3a"], [0.8888888888888888, "#fdca26"], [1.0, "#f0f921"]], "sequentialminus": [[0.0, "#0d0887"], [0.1111111111111111, "#46039f"], [0.2222222222222222, "#7201a8"], [0.3333333333333333, "#9c179e"], [0.4444444444444444, "#bd3786"], [0.5555555555555556, "#d8576b"], [0.6666666666666666, "#ed7953"], [0.7777777777777778, "#fb9f3a"], [0.8888888888888888, "#fdca26"], [1.0, "#f0f921"]], "diverging": [[0, "#8e0152"], [0.1, "#c51b7d"], [0.2, "#de77ae"], [0.3, "#f1b6da"], [0.4, "#fde0ef"], [0.5, "#f7f7f7"], [0.6, "#e6f5d0"], [0.7, "#b8e186"], [0.8, "#7fbc41"], [0.9, "#4d9221"], [1, "#276419"]]}, "xaxis": {"gridcolor": "rgba(0, 0, 0, 0)", "linecolor": "#506784", "ticks": "", "title": {"standoff": 15}, "zerolinecolor": "#283442", "automargin": true, "zerolinewidth": 2, "tickfont": {"family": "Courier New", "size": 14}, "side": "top", "tickangle": -90}, "yaxis": {"gridcolor": "rgba(0, 0, 0, 0)", "linecolor": "#506784", "ticks": "", "title": {"standoff": 15}, "zerolinecolor": "#283442", "automargin": true, "zerolinewidth": 2, "tickfont": {"family": "Courier New"}, "side": "right"}, "scene": {"xaxis": {"backgroundcolor": "rgb(17,17,17)", "gridcolor": "#506784", "linecolor": "#506784", "showbackground": true, "ticks": "", "zerolinecolor": "#C8D4E3", "gridwidth": 2}, "yaxis": {"backgroundcolor": "rgb(17,17,17)", "gridcolor": "#506784", "linecolor": "#506784", "showbackground": true, "ticks": "", "zerolinecolor": "#C8D4E3", "gridwidth": 2}, "zaxis": {"backgroundcolor": "rgb(17,17,17)", "gridcolor": "#506784", "linecolor": "#506784", "showbackground": true, "ticks": "", "zerolinecolor": "#C8D4E3", "gridwidth": 2}}, "shapedefaults": {"line": {"color": "#f2f5fa"}}, "annotationdefaults": {"arrowcolor": "#f2f5fa", "arrowhead": 0, "arrowwidth": 1}, "geo": {"bgcolor": "rgb(17,17,17)", "landcolor": "rgb(17,17,17)", "subunitcolor": "#506784", "showland": true, "showlakes": true, "lakecolor": "rgb(17,17,17)"}, "title": {"x": 0.05, "font": {"family": "Times New Roman"}, "y": 0.05, "text": "<b>Correlation of Adj Close <b><br><i>2016/09/23 ~ 2025/07/01<i>"}, "updatemenudefaults": {"bgcolor": "#506784", "borderwidth": 0}, "sliderdefaults": {"bgcolor": "#C8D4E3", "borderwidth": 1, "bordercolor": "rgb(17,17,17)", "tickwidth": 0}, "mapbox": {"style": "dark"}, "height": 600}};

Plotly.newPlot("correlationAdjClose",
    correlationAdjClose.data,
    correlationAdjClose.layout || {},
    config);