var config = { responsive: true }

var correlationClose = {"data": [{"type": "heatmap", "z": [[1.0, 0.9999999999999984, 1.0, 0.9956959247801219, 0.9956959247801219, 0.9600159121718785, 0.9600159121718785, 0.8935492693160298, 0.8935492693160298, 0.9737837703347759, 0.9922924532880546, 0.991838389375318, 0.9952147478471823, 0.9709820608636661, 0.9988509708960789, 0.9275335812747557, 0.781471864562024, -0.06477684025617708, 0.9765415888371825, 0.04962437610737013, 0.024730176446194463, -0.24985359195656553, 0.8247542142143508, 0.9503421247996252, 0.9008022807226514], [0.9999999999999984, 1.0, 0.9999999999999986, 0.9956357784431159, 0.9956357784431159, 0.9593502339607093, 0.9593502339607093, 0.8949137253461696, 0.8949137253461696, 0.9726353644871741, 0.9920333790214719, 0.9912370572037312, 0.9951687056301469, 0.9702046795350642, 0.9988556733418911, 0.9281335511184838, 0.80268526947763, 0.14036220617495335, 0.9672740260584294, -0.10690729167914206, 0.03203546614054527, -0.2501856120033865, 0.6470677622334104, 0.9505446180685506, 0.8718938621403559], [1.0, 0.9999999999999986, 1.0, 0.9956959247801219, 0.9956959247801219, 0.9600159121718785, 0.9600159121718785, 0.8935492693160298, 0.8935492693160298, 0.9737837703347759, 0.9922924532880546, 0.991838389375318, 0.9952147478471823, 0.9709820608636661, 0.9988509708960789, 0.9275335812747557, 0.781471864562024, -0.06477684025617708, 0.9765415888371825, 0.04962437610737013, 0.024730176446194463, -0.24985359195656553, 0.8247542142143508, 0.9503421247996252, 0.9008022807226514], [0.9956959247801219, 0.9956357784431159, 0.9956959247801219, 1.0, 1.0, 0.9469265252434548, 0.9469265252434548, 0.8794941302033487, 0.8794941302033487, 0.9743526199934148, 0.987917301024505, 0.9836451325646556, 0.9993731333717819, 0.9534354724693704, 0.9946806914617197, 0.9099572659987859, 0.7616375313038478, -0.06958084793604614, 0.9882059742513203, 0.06866883814518794, -0.004010455726420583, -0.2539007474353498, 0.8269143698569931, 0.9403433486718507, 0.9057800532489249], [0.9956959247801219, 0.9956357784431159, 0.9956959247801219, 1.0, 1.0, 0.9469265252434548, 0.9469265252434548, 0.8794941302033487, 0.8794941302033487, 0.9743526199934148, 0.987917301024505, 0.9836451325646556, 0.9993731333717819, 0.9534354724693704, 0.9946806914617197, 0.9099572659987859, 0.7616375313038478, -0.06958084793604614, 0.9882059742513203, 0.06866883814518794, -0.004010455726420583, -0.2539007474353498, 0.8269143698569931, 0.9403433486718507, 0.9057800532489249], [0.9600159121718785, 0.9593502339607093, 0.9600159121718785, 0.9469265252434548, 0.9469265252434548, 1.0, 1.0, 0.9212630365601906, 0.9212630365601906, 0.9321895798775931, 0.9765543961589321, 0.9754556703152271, 0.9509088413199108, 0.9989546924260844, 0.9715651786199996, 0.9192710904663903, 0.6196666609312695, -0.0070878697229557275, 0.9312957024494394, 0.23620094200919045, -0.1863059979155634, -0.10176982149762738, 0.8965737786805981, 0.909758308590954, 0.9221801867530448], [0.9600159121718785, 0.9593502339607093, 0.9600159121718785, 0.9469265252434548, 0.9469265252434548, 1.0, 1.0, 0.9212630365601906, 0.9212630365601906, 0.9321895798775931, 0.9765543961589321, 0.9754556703152271, 0.9509088413199108, 0.9989546924260844, 0.9715651786199996, 0.9192710904663903, 0.6196666609312695, -0.0070878697229557275, 0.9312957024494394, 0.23620094200919045, -0.1863059979155634, -0.10176982149762738, 0.8965737786805981, 0.909758308590954, 0.9221801867530448], [0.8935492693160298, 0.8949137253461696, 0.8935492693160298, 0.8794941302033487, 0.8794941302033487, 0.9212630365601906, 0.9212630365601906, 1.0, 1.0, 0.8802744325825217, 0.9461359937161512, 0.9410964671617692, 0.9369252461036566, 0.922075855926795, 0.9383046575164659, 0.9733474367244236, 0.5527340769811483, 0.1147735447658729, 0.8351441790017188, 0.4907281053744336, -0.20910626356847684, 0.041799487364773166, 0.7835289296960991, 0.7988516423242298, 0.8569888607383975], [0.8935492693160298, 0.8949137253461696, 0.8935492693160298, 0.8794941302033487, 0.8794941302033487, 0.9212630365601906, 0.9212630365601906, 1.0, 1.0, 0.8802744325825217, 0.9461359937161512, 0.9410964671617692, 0.9369252461036566, 0.922075855926795, 0.9383046575164659, 0.9733474367244236, 0.5527340769811483, 0.1147735447658729, 0.8351441790017188, 0.4907281053744336, -0.20910626356847684, 0.041799487364773166, 0.7835289296960991, 0.7988516423242298, 0.8569888607383975], [0.9737837703347759, 0.9726353644871741, 0.9737837703347759, 0.9743526199934148, 0.9743526199934148, 0.9321895798775931, 0.9321895798775931, 0.8802744325825217, 0.8802744325825217, 1.0, 0.9488791560007821, 0.9334324774658656, 0.9625764264609085, 0.932647444702127, 0.9649648185923998, 0.898959941306535, 0.7378163472540104, -0.08767125170933623, 0.9618231634172377, 0.49185414257119864, -0.2065624630134533, -0.2642693813660697, 0.8749075725790441, 0.9069740049206293, 0.8822931344764033], [0.9922924532880546, 0.9920333790214719, 0.9922924532880546, 0.987917301024505, 0.987917301024505, 0.9765543961589321, 0.9765543961589321, 0.9461359937161512, 0.9461359937161512, 0.9488791560007821, 1.0, 0.9996696000201906, 0.9876413015430658, 0.974897406675927, 0.9892169665138696, 0.9241913381582115, 0.8009148951555453, 0.23183493449084774, 0.9856112561072701, 0.8686969845213984, -0.5900785478465388, 0.4642484036898059, 0.8535371326264058, 0.9327323074532615, 0.9559917592764923], [0.991838389375318, 0.9912370572037312, 0.991838389375318, 0.9836451325646556, 0.9836451325646556, 0.9754556703152271, 0.9754556703152271, 0.9410964671617692, 0.9410964671617692, 0.9334324774658656, 0.9996696000201906, 1.0, 0.984215267035198, 0.9726740566350536, 0.987377146392396, 0.9123290327647028, 0.8191331206779426, 0.11397795175910971, 0.9798647242686005, 0.878186256670457, -0.8115564473117405, 0.5143245514736247, 0.8126003243395536, 0.9389992834823538, 0.9537535028283859], [0.9952147478471823, 0.9951687056301469, 0.9952147478471823, 0.9993731333717819, 0.9993731333717819, 0.9509088413199108, 0.9509088413199108, 0.9369252461036566, 0.9369252461036566, 0.9625764264609085, 0.9876413015430658, 0.984215267035198, 1.0, 0.9517166778093886, 0.9937795752239571, 0.9297598460623802, 0.8380465651322884, 0.19619318509486844, 0.9952801944156419, 0.8416697493153951, -0.39012259302967084, 0.38539663027841303, 0.8736544445735757, 0.9121508212063848, 0.9373227340734898], [0.9709820608636661, 0.9702046795350642, 0.9709820608636661, 0.9534354724693704, 0.9534354724693704, 0.9989546924260844, 0.9989546924260844, 0.922075855926795, 0.922075855926795, 0.932647444702127, 0.974897406675927, 0.9726740566350536, 0.9517166778093886, 1.0, 0.9734110787367515, 0.9188063503379097, 0.668778592155717, 0.012504987417920839, 0.9431799164228787, 0.5626266799216485, -0.3208867720276043, -0.1560089146290439, 0.909666286656225, 0.9236178561451994, 0.9176233547558257], [0.9988509708960789, 0.9988556733418911, 0.9988509708960789, 0.9946806914617197, 0.9946806914617197, 0.9715651786199996, 0.9715651786199996, 0.9383046575164659, 0.9383046575164659, 0.9649648185923998, 0.9892169665138696, 0.987377146392396, 0.9937795752239571, 0.9734110787367515, 1.0, 0.9439678190443846, 0.843367275334855, 0.19157399900009847, 0.9867662534617995, 0.8109422905148472, -0.37662077847200814, 0.395840797938213, 0.9047383509675415, 0.9304875500950762, 0.9422802428416036], [0.9275335812747557, 0.9281335511184838, 0.9275335812747557, 0.9099572659987859, 0.9099572659987859, 0.9192710904663903, 0.9192710904663903, 0.9733474367244236, 0.9733474367244236, 0.898959941306535, 0.9241913381582115, 0.9123290327647028, 0.9297598460623802, 0.9188063503379097, 0.9439678190443846, 1.0, 0.7241640374639495, 0.028002178032279272, 0.872966655849513, 0.49963000723744994, -0.10962848394369382, -0.1982308078392167, 0.8210795985614214, 0.8408315868626274, 0.8275514531799427], [0.781471864562024, 0.80268526947763, 0.781471864562024, 0.7616375313038478, 0.7616375313038478, 0.6196666609312695, 0.6196666609312695, 0.5527340769811483, 0.5527340769811483, 0.7378163472540104, 0.8009148951555453, 0.8191331206779426, 0.8380465651322884, 0.668778592155717, 0.843367275334855, 0.7241640374639495, 1.0, 0.06679829680259536, 0.7245465783375662, -0.44637595352624293, 0.4084530698278795, -0.6625723406116646, 0.3273445723287074, 0.8041422940612692, 0.4747994841142929], [-0.06477684025617708, 0.14036220617495335, -0.06477684025617708, -0.06958084793604614, -0.06958084793604614, -0.0070878697229557275, -0.0070878697229557275, 0.1147735447658729, 0.1147735447658729, -0.08767125170933623, 0.23183493449084774, 0.11397795175910971, 0.19619318509486844, 0.012504987417920839, 0.19157399900009847, 0.028002178032279272, 0.06679829680259536, 1.0, -0.03603058420812742, 0.13969321519215322, 0.10582877010714266, 0.7529827498959561, -0.07315513403156779, 0.057161498369453174, 0.048205536633995565], [0.9765415888371825, 0.9672740260584294, 0.9765415888371825, 0.9882059742513203, 0.9882059742513203, 0.9312957024494394, 0.9312957024494394, 0.8351441790017188, 0.8351441790017188, 0.9618231634172377, 0.9856112561072701, 0.9798647242686005, 0.9952801944156419, 0.9431799164228787, 0.9867662534617995, 0.872966655849513, 0.7245465783375662, -0.03603058420812742, 1.0, -0.021570504441191123, -0.06826589786989794, -0.3153784325809449, 0.689540209712208, 0.9208266320185943, 0.8886726429807965], [0.04962437610737013, -0.10690729167914206, 0.04962437610737013, 0.06866883814518794, 0.06866883814518794, 0.23620094200919045, 0.23620094200919045, 0.4907281053744336, 0.4907281053744336, 0.49185414257119864, 0.8686969845213984, 0.878186256670457, 0.8416697493153951, 0.5626266799216485, 0.8109422905148472, 0.49963000723744994, -0.44637595352624293, 0.13969321519215322, -0.021570504441191123, 1.0, -0.4189778041924259, 0.7833236267099215, 0.35855434016983834, -0.07276502990574846, 0.2431977412809364], [0.024730176446194463, 0.03203546614054527, 0.024730176446194463, -0.004010455726420583, -0.004010455726420583, -0.1863059979155634, -0.1863059979155634, -0.20910626356847684, -0.20910626356847684, -0.2065624630134533, -0.5900785478465388, -0.8115564473117405, -0.39012259302967084, -0.3208867720276043, -0.37662077847200814, -0.10962848394369382, 0.4084530698278795, 0.10582877010714266, -0.06826589786989794, -0.4189778041924259, 1.0, -0.05534272788200004, -0.11747509075149293, -0.008312777268546526, -0.22056088904387877], [-0.24985359195656553, -0.2501856120033865, -0.24985359195656553, -0.2539007474353498, -0.2539007474353498, -0.10176982149762738, -0.10176982149762738, 0.041799487364773166, 0.041799487364773166, -0.2642693813660697, 0.4642484036898059, 0.5143245514736247, 0.38539663027841303, -0.1560089146290439, 0.395840797938213, -0.1982308078392167, -0.6625723406116646, 0.7529827498959561, -0.3153784325809449, 0.7833236267099215, -0.05534272788200004, 1.0, -0.09600153295545902, -0.3029258870693256, -0.04440435025507194], [0.8247542142143508, 0.6470677622334104, 0.8247542142143508, 0.8269143698569931, 0.8269143698569931, 0.8965737786805981, 0.8965737786805981, 0.7835289296960991, 0.7835289296960991, 0.8749075725790441, 0.8535371326264058, 0.8126003243395536, 0.8736544445735757, 0.909666286656225, 0.9047383509675415, 0.8210795985614214, 0.3273445723287074, -0.07315513403156779, 0.689540209712208, 0.35855434016983834, -0.11747509075149293, -0.09600153295545902, 1.0, 0.615259242231532, 0.8463002937723716], [0.9503421247996252, 0.9505446180685506, 0.9503421247996252, 0.9403433486718507, 0.9403433486718507, 0.909758308590954, 0.909758308590954, 0.7988516423242298, 0.7988516423242298, 0.9069740049206293, 0.9327323074532615, 0.9389992834823538, 0.9121508212063848, 0.9236178561451994, 0.9304875500950762, 0.8408315868626274, 0.8041422940612692, 0.057161498369453174, 0.9208266320185943, -0.07276502990574846, -0.008312777268546526, -0.3029258870693256, 0.615259242231532, 1.0, 0.8228544860731175], [0.9008022807226514, 0.8718938621403559, 0.9008022807226514, 0.9057800532489249, 0.9057800532489249, 0.9221801867530448, 0.9221801867530448, 0.8569888607383975, 0.8569888607383975, 0.8822931344764033, 0.9559917592764923, 0.9537535028283859, 0.9373227340734898, 0.9176233547558257, 0.9422802428416036, 0.8275514531799427, 0.4747994841142929, 0.048205536633995565, 0.8886726429807965, 0.2431977412809364, -0.22056088904387877, -0.04440435025507194, 0.8463002937723716, 0.8228544860731175, 1.0]], "x": ["^TAIEX       \u81fa\u7063\u52a0\u6b0a\u5831\u916c\u6307\u6578", "^TWII        \u81fa\u7063\u52a0\u6b0a\u6307\u6578", "^TAIEXx2     \u81fa\u7063\u52a0\u6b0a\u5831\u916c\u6307\u6578_\u65e5\u6b632", "^TAI50I      \u81fa\u706350\u5831\u916c\u6307\u6578", "^TAI50Ix2    \u81fa\u706350\u5831\u916c\u6307\u6578_\u65e5\u6b632", "^TAI100I     \u81fa\u7063\u4e2d\u578b100\u5831\u916c\u6307\u6578", "^TAI100Ix2   \u81fa\u7063\u4e2d\u578b100\u5831\u916c\u6307\u6578_\u65e5\u6b632", "^TAIDIVIDI   \u81fa\u7063\u9ad8\u80a1\u606f\u5831\u916c\u6307\u6578", "^TAIDIVIDIx2 \u81fa\u7063\u9ad8\u80a1\u606f\u5831\u916c\u6307\u6578_\u65e5\u6b632", "0050         \u5143\u5927\u81fa\u706350", "00631L       \u5143\u5927\u53f0\u706350\u6b632", "00675L       \u5bcc\u90a6\u81fa\u7063\u52a0\u6b0a\u6b632", "006208       \u5bcc\u90a6\u53f050", "0051         \u5143\u5927\u4e2d\u578b100", "006204       \u6c38\u8c50\u81fa\u7063\u52a0\u6b0a", "0056         \u5143\u5927\u9ad8\u80a1\u606f", "2412         \u4e2d\u83ef\u96fb\u4fe1", "2002         \u4e2d\u92fc", "2330         \u53f0\u7a4d\u96fb", "2317         \u9d3b\u6d77", "6505         \u53f0\u5851\u77f3\u5316", "3481         \u7fa4\u5275", "2303         \u806f\u96fb", "2308         \u53f0\u9054\u96fb", "2454         \u806f\u767c\u79d1"], "y": ["^TAIEX       \u81fa\u7063\u52a0\u6b0a\u5831\u916c\u6307\u6578", "^TWII        \u81fa\u7063\u52a0\u6b0a\u6307\u6578", "^TAIEXx2     \u81fa\u7063\u52a0\u6b0a\u5831\u916c\u6307\u6578_\u65e5\u6b632", "^TAI50I      \u81fa\u706350\u5831\u916c\u6307\u6578", "^TAI50Ix2    \u81fa\u706350\u5831\u916c\u6307\u6578_\u65e5\u6b632", "^TAI100I     \u81fa\u7063\u4e2d\u578b100\u5831\u916c\u6307\u6578", "^TAI100Ix2   \u81fa\u7063\u4e2d\u578b100\u5831\u916c\u6307\u6578_\u65e5\u6b632", "^TAIDIVIDI   \u81fa\u7063\u9ad8\u80a1\u606f\u5831\u916c\u6307\u6578", "^TAIDIVIDIx2 \u81fa\u7063\u9ad8\u80a1\u606f\u5831\u916c\u6307\u6578_\u65e5\u6b632", "0050         \u5143\u5927\u81fa\u706350", "00631L       \u5143\u5927\u53f0\u706350\u6b632", "00675L       \u5bcc\u90a6\u81fa\u7063\u52a0\u6b0a\u6b632", "006208       \u5bcc\u90a6\u53f050", "0051         \u5143\u5927\u4e2d\u578b100", "006204       \u6c38\u8c50\u81fa\u7063\u52a0\u6b0a", "0056         \u5143\u5927\u9ad8\u80a1\u606f", "2412         \u4e2d\u83ef\u96fb\u4fe1", "2002         \u4e2d\u92fc", "2330         \u53f0\u7a4d\u96fb", "2317         \u9d3b\u6d77", "6505         \u53f0\u5851\u77f3\u5316", "3481         \u7fa4\u5275", "2303         \u806f\u96fb", "2308         \u53f0\u9054\u96fb", "2454         \u806f\u767c\u79d1"], "zmin": -1, "zmax": 1, "colorbar": {"x": -0.2}}], "layout": {"autotypenumbers": "strict", "colorway": ["#636efa", "#EF553B", "#00cc96", "#ab63fa", "#FFA15A", "#19d3f3", "#FF6692", "#B6E880", "#FF97FF", "#FECB52"], "font": {"color": "#f2f5fa", "family": "Courier New"}, "hovermode": "closest", "hoverlabel": {"align": "left"}, "paper_bgcolor": "rgb(17,17,17)", "plot_bgcolor": "rgb(17,17,17)", "polar": {"bgcolor": "rgb(17,17,17)", "angularaxis": {"gridcolor": "#506784", "linecolor": "#506784", "ticks": ""}, "radialaxis": {"gridcolor": "#506784", "linecolor": "#506784", "ticks": ""}}, "ternary": {"bgcolor": "rgb(17,17,17)", "aaxis": {"gridcolor": "#506784", "linecolor": "#506784", "ticks": ""}, "baxis": {"gridcolor": "#506784", "linecolor": "#506784", "ticks": ""}, "caxis": {"gridcolor": "#506784", "linecolor": "#506784", "ticks": ""}}, "coloraxis": {"colorbar": {"outlinewidth": 0, "ticks": ""}}, "colorscale": {"sequential": [[0.0, "#0d0887"], [0.1111111111111111, "#46039f"], [0.2222222222222222, "#7201a8"], [0.3333333333333333, "#9c179e"], [0.4444444444444444, "#bd3786"], [0.5555555555555556, "#d8576b"], [0.6666666666666666, "#ed7953"], [0.7777777777777778, "#fb9f3a"], [0.8888888888888888, "#fdca26"], [1.0, "#f0f921"]], "sequentialminus": [[0.0, "#0d0887"], [0.1111111111111111, "#46039f"], [0.2222222222222222, "#7201a8"], [0.3333333333333333, "#9c179e"], [0.4444444444444444, "#bd3786"], [0.5555555555555556, "#d8576b"], [0.6666666666666666, "#ed7953"], [0.7777777777777778, "#fb9f3a"], [0.8888888888888888, "#fdca26"], [1.0, "#f0f921"]], "diverging": [[0, "#8e0152"], [0.1, "#c51b7d"], [0.2, "#de77ae"], [0.3, "#f1b6da"], [0.4, "#fde0ef"], [0.5, "#f7f7f7"], [0.6, "#e6f5d0"], [0.7, "#b8e186"], [0.8, "#7fbc41"], [0.9, "#4d9221"], [1, "#276419"]]}, "xaxis": {"gridcolor": "rgba(0, 0, 0, 0)", "linecolor": "#506784", "ticks": "", "title": {"standoff": 15}, "zerolinecolor": "#283442", "automargin": true, "zerolinewidth": 2, "tickfont": {"family": "Courier New", "size": 14}, "side": "top", "tickangle": -90}, "yaxis": {"gridcolor": "rgba(0, 0, 0, 0)", "linecolor": "#506784", "ticks": "", "title": {"standoff": 15}, "zerolinecolor": "#283442", "automargin": true, "zerolinewidth": 2, "tickfont": {"family": "Courier New"}, "side": "right"}, "scene": {"xaxis": {"backgroundcolor": "rgb(17,17,17)", "gridcolor": "#506784", "linecolor": "#506784", "showbackground": true, "ticks": "", "zerolinecolor": "#C8D4E3", "gridwidth": 2}, "yaxis": {"backgroundcolor": "rgb(17,17,17)", "gridcolor": "#506784", "linecolor": "#506784", "showbackground": true, "ticks": "", "zerolinecolor": "#C8D4E3", "gridwidth": 2}, "zaxis": {"backgroundcolor": "rgb(17,17,17)", "gridcolor": "#506784", "linecolor": "#506784", "showbackground": true, "ticks": "", "zerolinecolor": "#C8D4E3", "gridwidth": 2}}, "shapedefaults": {"line": {"color": "#f2f5fa"}}, "annotationdefaults": {"arrowcolor": "#f2f5fa", "arrowhead": 0, "arrowwidth": 1}, "geo": {"bgcolor": "rgb(17,17,17)", "landcolor": "rgb(17,17,17)", "subunitcolor": "#506784", "showland": true, "showlakes": true, "lakecolor": "rgb(17,17,17)"}, "title": {"x": 0.05, "font": {"family": "Times New Roman"}, "y": 0.05, "text": "<b>Correlation of Close<b><br><i>2016/09/23 ~ 2025/06/30<i>"}, "updatemenudefaults": {"bgcolor": "#506784", "borderwidth": 0}, "sliderdefaults": {"bgcolor": "#C8D4E3", "borderwidth": 1, "bordercolor": "rgb(17,17,17)", "tickwidth": 0}, "mapbox": {"style": "dark"}, "height": 600}};

Plotly.newPlot("correlationClose",
    correlationClose.data,
    correlationClose.layout || {},
    config);