var config = { responsive: true }

var correlationClose = {"data": [{"type": "heatmap", "z": [[1.0, 0.9999999999999983, 1.0, 0.9956838007251996, 0.9956838007251996, 0.9602164238494443, 0.9602164238494443, 0.8940562547499081, 0.8940562547499081, 0.9682073750501354, 0.9923421885085985, 0.9918879922160202, 0.9951859186767354, 0.9710885666713, 0.9988572256862159, 0.9274450961587178, 0.7818644559736578, -0.0673891890164847, 0.9765716241638908, 0.05145090741489699, 0.019758822036064074, -0.2501755343269204, 0.824787453918407, 0.9506118969494576, 0.9013767182316839], [0.9999999999999983, 1.0, 0.9999999999999984, 0.9956248559648931, 0.9956248559648931, 0.9595536653465204, 0.9595536653465204, 0.8954049192435433, 0.8954049192435433, 0.9671581104058583, 0.9920841564022694, 0.9912911918053214, 0.9951392729010823, 0.9703185064614325, 0.998861443576718, 0.9280464910666018, 0.8029311490972748, 0.13810101270598468, 0.9673398330466688, -0.10609863522501983, 0.027104987858332995, -0.25050694491157255, 0.6473865734451144, 0.9507857435175284, 0.8725995359708021], [1.0, 0.9999999999999984, 1.0, 0.9956838007251996, 0.9956838007251996, 0.9602164238494443, 0.9602164238494443, 0.8940562547499081, 0.8940562547499081, 0.9682073750501354, 0.9923421885085985, 0.9918879922160202, 0.9951859186767354, 0.9710885666713, 0.9988572256862159, 0.9274450961587178, 0.7818644559736578, -0.0673891890164847, 0.9765716241638908, 0.05145090741489699, 0.019758822036064074, -0.2501755343269204, 0.824787453918407, 0.9506118969494576, 0.9013767182316839], [0.9956838007251996, 0.9956248559648931, 0.9956838007251996, 1.0, 1.0, 0.9471475659481677, 0.9471475659481677, 0.880021166498211, 0.880021166498211, 0.9679477319198366, 0.9879352801492219, 0.9836547966346397, 0.9993764272412285, 0.953554497568252, 0.9946902056436155, 0.9097262346907821, 0.7619641108196473, -0.07232422472100211, 0.9882658621403726, 0.07058891731066869, -0.009326710334146511, -0.254155078139585, 0.8266985316673959, 0.940755606586854, 0.90634280628429], [0.9956838007251996, 0.9956248559648931, 0.9956838007251996, 1.0, 1.0, 0.9471475659481677, 0.9471475659481677, 0.880021166498211, 0.880021166498211, 0.9679477319198366, 0.9879352801492219, 0.9836547966346397, 0.9993764272412285, 0.953554497568252, 0.9946902056436155, 0.9097262346907821, 0.7619641108196473, -0.07232422472100211, 0.9882658621403726, 0.07058891731066869, -0.009326710334146511, -0.254155078139585, 0.8266985316673959, 0.940755606586854, 0.90634280628429], [0.9602164238494443, 0.9595536653465204, 0.9602164238494443, 0.9471475659481677, 0.9471475659481677, 1.0, 1.0, 0.9216264608786343, 0.9216264608786343, 0.9275189038695917, 0.9766058110287833, 0.9754966382476052, 0.9509951997263747, 0.9989571984709775, 0.9716650836090376, 0.9193462091105923, 0.6207767535492978, -0.009912437543531693, 0.9315301823863672, 0.23743790491243127, -0.19033447610683546, -0.10250445618169048, 0.8964425515072504, 0.9101784234193346, 0.9225838238318746], [0.9602164238494443, 0.9595536653465204, 0.9602164238494443, 0.9471475659481677, 0.9471475659481677, 1.0, 1.0, 0.9216264608786343, 0.9216264608786343, 0.9275189038695917, 0.9766058110287833, 0.9754966382476052, 0.9509951997263747, 0.9989571984709775, 0.9716650836090376, 0.9193462091105923, 0.6207767535492978, -0.009912437543531693, 0.9315301823863672, 0.23743790491243127, -0.19033447610683546, -0.10250445618169048, 0.8964425515072504, 0.9101784234193346, 0.9225838238318746], [0.8940562547499081, 0.8954049192435433, 0.8940562547499081, 0.880021166498211, 0.880021166498211, 0.9216264608786343, 0.9216264608786343, 1.0, 1.0, 0.8759632281501404, 0.9463853606273939, 0.9413762365015357, 0.9371535908664106, 0.9224342599560788, 0.9386229484600647, 0.9732648666131645, 0.5541530094471648, 0.11175073167997095, 0.8358824094282301, 0.491745087809938, -0.21346311251826938, 0.04077879647871883, 0.7838025192193945, 0.7998316491569166, 0.8576742247558802], [0.8940562547499081, 0.8954049192435433, 0.8940562547499081, 0.880021166498211, 0.880021166498211, 0.9216264608786343, 0.9216264608786343, 1.0, 1.0, 0.8759632281501404, 0.9463853606273939, 0.9413762365015357, 0.9371535908664106, 0.9224342599560788, 0.9386229484600647, 0.9732648666131645, 0.5541530094471648, 0.11175073167997095, 0.8358824094282301, 0.491745087809938, -0.21346311251826938, 0.04077879647871883, 0.7838025192193945, 0.7998316491569166, 0.8576742247558802], [0.9682073750501354, 0.9671581104058583, 0.9682073750501354, 0.9679477319198366, 0.9679477319198366, 0.9275189038695917, 0.9275189038695917, 0.8759632281501404, 0.8759632281501404, 1.0, 0.9395574180612066, 0.9214136530974439, 0.9537343266105902, 0.9281998231396356, 0.9578741126441627, 0.8961073194880067, 0.7351739327543307, -0.08636179640042035, 0.9546798408273047, 0.48917351482145616, -0.20335060220589823, -0.26370601369703767, 0.8727903075108564, 0.900139026416992, 0.8772997300823463], [0.9923421885085985, 0.9920841564022694, 0.9923421885085985, 0.9879352801492219, 0.9879352801492219, 0.9766058110287833, 0.9766058110287833, 0.9463853606273939, 0.9463853606273939, 0.9395574180612066, 1.0, 0.9996717076821522, 0.9876345525525112, 0.9749203437778466, 0.9892844562487121, 0.9239991256884785, 0.8022328100866593, 0.22662560350000166, 0.985542341176547, 0.8694658640185342, -0.5931346591969885, 0.46181219707114385, 0.8528713739962657, 0.9330369890688103, 0.9562164276578173], [0.9918879922160202, 0.9912911918053214, 0.9918879922160202, 0.9836547966346397, 0.9836547966346397, 0.9754966382476052, 0.9754966382476052, 0.9413762365015357, 0.9413762365015357, 0.9214136530974439, 0.9996717076821522, 1.0, 0.9841752322091495, 0.9726862999915757, 0.9874509965507502, 0.9120919980093983, 0.8203760159404228, 0.10841405916018089, 0.979769984996171, 0.8788674140266116, -0.8128881431174378, 0.5115758910857032, 0.8117722797394012, 0.9392572133590681, 0.9539748724869863], [0.9951859186767354, 0.9951392729010823, 0.9951859186767354, 0.9993764272412285, 0.9993764272412285, 0.9509951997263747, 0.9509951997263747, 0.9371535908664106, 0.9371535908664106, 0.9537343266105902, 0.9876345525525112, 0.9841752322091495, 1.0, 0.9517333321856914, 0.9937795494658487, 0.9293161549219648, 0.839022943405345, 0.1903487834563942, 0.995307057313693, 0.8426592912107688, -0.39510559459930056, 0.38276317782329283, 0.8726878289745783, 0.9128994789837176, 0.9376101191209731], [0.9710885666713, 0.9703185064614325, 0.9710885666713, 0.953554497568252, 0.953554497568252, 0.9989571984709775, 0.9989571984709775, 0.9224342599560788, 0.9224342599560788, 0.9281998231396356, 0.9749203437778466, 0.9726862999915757, 0.9517333321856914, 1.0, 0.9734658179295355, 0.9189187318341276, 0.6697896562319434, 0.009615992169830377, 0.9432456765810694, 0.5643215312170193, -0.32471790693896235, -0.15664905238953655, 0.9095210714884445, 0.9238159240678498, 0.9180166641130306], [0.9988572256862159, 0.998861443576718, 0.9988572256862159, 0.9946902056436155, 0.9946902056436155, 0.9716650836090376, 0.9716650836090376, 0.9386229484600647, 0.9386229484600647, 0.9578741126441627, 0.9892844562487121, 0.9874509965507502, 0.9937795494658487, 0.9734658179295355, 1.0, 0.9437825069241623, 0.8442657885692243, 0.18640866749693283, 0.986759879631152, 0.8120843857607424, -0.38112203902888525, 0.393625214992, 0.9041093312515425, 0.9308947085732426, 0.9426053518192081], [0.9274450961587178, 0.9280464910666018, 0.9274450961587178, 0.9097262346907821, 0.9097262346907821, 0.9193462091105923, 0.9193462091105923, 0.9732648666131645, 0.9732648666131645, 0.8961073194880067, 0.9239991256884785, 0.9120919980093983, 0.9293161549219648, 0.9189187318341276, 0.9437825069241623, 1.0, 0.7248385858502028, 0.02587418664854268, 0.8727231679016665, 0.501041023755232, -0.11325079710706851, -0.1987063625331212, 0.8213766829397601, 0.8407741886011092, 0.8279084328604082], [0.7818644559736578, 0.8029311490972748, 0.7818644559736578, 0.7619641108196473, 0.7619641108196473, 0.6207767535492978, 0.6207767535492978, 0.5541530094471648, 0.5541530094471648, 0.7351739327543307, 0.8022328100866593, 0.8203760159404228, 0.839022943405345, 0.6697896562319434, 0.8442657885692243, 0.7248385858502028, 1.0, 0.06558692988974432, 0.7247734317010684, -0.4449088145611653, 0.40443703886299287, -0.6624192126328003, 0.3284192241610355, 0.8041374262939137, 0.4762351225934106], [-0.0673891890164847, 0.13810101270598468, -0.0673891890164847, -0.07232422472100211, -0.07232422472100211, -0.009912437543531693, -0.009912437543531693, 0.11175073167997095, 0.11175073167997095, -0.08636179640042035, 0.22662560350000166, 0.10841405916018089, 0.1903487834563942, 0.009615992169830377, 0.18640866749693283, 0.02587418664854268, 0.06558692988974432, 1.0, -0.03810605664604645, 0.13916575132040437, 0.10804454528687649, 0.75286727394881, -0.07389185879398084, 0.05486542774525075, 0.04591346448889104], [0.9765716241638908, 0.9673398330466688, 0.9765716241638908, 0.9882658621403726, 0.9882658621403726, 0.9315301823863672, 0.9315301823863672, 0.8358824094282301, 0.8358824094282301, 0.9546798408273047, 0.985542341176547, 0.979769984996171, 0.995307057313693, 0.9432456765810694, 0.986759879631152, 0.8727231679016665, 0.7247734317010684, -0.03810605664604645, 1.0, -0.019765334413105892, -0.07355648356739647, -0.3153091122994843, 0.6892696203991006, 0.9214125655088427, 0.8893130132013838], [0.05145090741489699, -0.10609863522501983, 0.05145090741489699, 0.07058891731066869, 0.07058891731066869, 0.23743790491243127, 0.23743790491243127, 0.491745087809938, 0.491745087809938, 0.48917351482145616, 0.8694658640185342, 0.8788674140266116, 0.8426592912107688, 0.5643215312170193, 0.8120843857607424, 0.501041023755232, -0.4449088145611653, 0.13916575132040437, -0.019765334413105892, 1.0, -0.41963365664832547, 0.7823495696279194, 0.3589122368379155, -0.07090185112594975, 0.24424430153486598], [0.019758822036064074, 0.027104987858332995, 0.019758822036064074, -0.009326710334146511, -0.009326710334146511, -0.19033447610683546, -0.19033447610683546, -0.21346311251826938, -0.21346311251826938, -0.20335060220589823, -0.5931346591969885, -0.8128881431174378, -0.39510559459930056, -0.32471790693896235, -0.38112203902888525, -0.11325079710706851, 0.40443703886299287, 0.10804454528687649, -0.07355648356739647, -0.41963365664832547, 1.0, -0.05399222732361215, -0.11962943955912689, -0.013728645719339952, -0.22421222877705696], [-0.2501755343269204, -0.25050694491157255, -0.2501755343269204, -0.254155078139585, -0.254155078139585, -0.10250445618169048, -0.10250445618169048, 0.04077879647871883, 0.04077879647871883, -0.26370601369703767, 0.46181219707114385, 0.5115758910857032, 0.38276317782329283, -0.15664905238953655, 0.393625214992, -0.1987063625331212, -0.6624192126328003, 0.75286727394881, -0.3153091122994843, 0.7823495696279194, -0.05399222732361215, 1.0, -0.09647227964892284, -0.3029126545698508, -0.045338450065828796], [0.824787453918407, 0.6473865734451144, 0.824787453918407, 0.8266985316673959, 0.8266985316673959, 0.8964425515072504, 0.8964425515072504, 0.7838025192193945, 0.7838025192193945, 0.8727903075108564, 0.8528713739962657, 0.8117722797394012, 0.8726878289745783, 0.9095210714884445, 0.9041093312515425, 0.8213766829397601, 0.3284192241610355, -0.07389185879398084, 0.6892696203991006, 0.3589122368379155, -0.11962943955912689, -0.09647227964892284, 1.0, 0.6154745312194773, 0.8461760768156843], [0.9506118969494576, 0.9507857435175284, 0.9506118969494576, 0.940755606586854, 0.940755606586854, 0.9101784234193346, 0.9101784234193346, 0.7998316491569166, 0.7998316491569166, 0.900139026416992, 0.9330369890688103, 0.9392572133590681, 0.9128994789837176, 0.9238159240678498, 0.9308947085732426, 0.8407741886011092, 0.8041374262939137, 0.05486542774525075, 0.9214125655088427, -0.07090185112594975, -0.013728645719339952, -0.3029126545698508, 0.6154745312194773, 1.0, 0.8239294015585187], [0.9013767182316839, 0.8725995359708021, 0.9013767182316839, 0.90634280628429, 0.90634280628429, 0.9225838238318746, 0.9225838238318746, 0.8576742247558802, 0.8576742247558802, 0.8772997300823463, 0.9562164276578173, 0.9539748724869863, 0.9376101191209731, 0.9180166641130306, 0.9426053518192081, 0.8279084328604082, 0.4762351225934106, 0.04591346448889104, 0.8893130132013838, 0.24424430153486598, -0.22421222877705696, -0.045338450065828796, 0.8461760768156843, 0.8239294015585187, 1.0]], "x": ["^TAIEX       \u81fa\u7063\u52a0\u6b0a\u5831\u916c\u6307\u6578", "^TWII        \u81fa\u7063\u52a0\u6b0a\u6307\u6578", "^TAIEXx2     \u81fa\u7063\u52a0\u6b0a\u5831\u916c\u6307\u6578_\u65e5\u6b632", "^TAI50I      \u81fa\u706350\u5831\u916c\u6307\u6578", "^TAI50Ix2    \u81fa\u706350\u5831\u916c\u6307\u6578_\u65e5\u6b632", "^TAI100I     \u81fa\u7063\u4e2d\u578b100\u5831\u916c\u6307\u6578", "^TAI100Ix2   \u81fa\u7063\u4e2d\u578b100\u5831\u916c\u6307\u6578_\u65e5\u6b632", "^TAIDIVIDI   \u81fa\u7063\u9ad8\u80a1\u606f\u5831\u916c\u6307\u6578", "^TAIDIVIDIx2 \u81fa\u7063\u9ad8\u80a1\u606f\u5831\u916c\u6307\u6578_\u65e5\u6b632", "0050         \u5143\u5927\u81fa\u706350", "00631L       \u5143\u5927\u53f0\u706350\u6b632", "00675L       \u5bcc\u90a6\u81fa\u7063\u52a0\u6b0a\u6b632", "006208       \u5bcc\u90a6\u53f050", "0051         \u5143\u5927\u4e2d\u578b100", "006204       \u6c38\u8c50\u81fa\u7063\u52a0\u6b0a", "0056         \u5143\u5927\u9ad8\u80a1\u606f", "2412         \u4e2d\u83ef\u96fb\u4fe1", "2002         \u4e2d\u92fc", "2330         \u53f0\u7a4d\u96fb", "2317         \u9d3b\u6d77", "6505         \u53f0\u5851\u77f3\u5316", "3481         \u7fa4\u5275", "2303         \u806f\u96fb", "2308         \u53f0\u9054\u96fb", "2454         \u806f\u767c\u79d1"], "y": ["^TAIEX       \u81fa\u7063\u52a0\u6b0a\u5831\u916c\u6307\u6578", "^TWII        \u81fa\u7063\u52a0\u6b0a\u6307\u6578", "^TAIEXx2     \u81fa\u7063\u52a0\u6b0a\u5831\u916c\u6307\u6578_\u65e5\u6b632", "^TAI50I      \u81fa\u706350\u5831\u916c\u6307\u6578", "^TAI50Ix2    \u81fa\u706350\u5831\u916c\u6307\u6578_\u65e5\u6b632", "^TAI100I     \u81fa\u7063\u4e2d\u578b100\u5831\u916c\u6307\u6578", "^TAI100Ix2   \u81fa\u7063\u4e2d\u578b100\u5831\u916c\u6307\u6578_\u65e5\u6b632", "^TAIDIVIDI   \u81fa\u7063\u9ad8\u80a1\u606f\u5831\u916c\u6307\u6578", "^TAIDIVIDIx2 \u81fa\u7063\u9ad8\u80a1\u606f\u5831\u916c\u6307\u6578_\u65e5\u6b632", "0050         \u5143\u5927\u81fa\u706350", "00631L       \u5143\u5927\u53f0\u706350\u6b632", "00675L       \u5bcc\u90a6\u81fa\u7063\u52a0\u6b0a\u6b632", "006208       \u5bcc\u90a6\u53f050", "0051         \u5143\u5927\u4e2d\u578b100", "006204       \u6c38\u8c50\u81fa\u7063\u52a0\u6b0a", "0056         \u5143\u5927\u9ad8\u80a1\u606f", "2412         \u4e2d\u83ef\u96fb\u4fe1", "2002         \u4e2d\u92fc", "2330         \u53f0\u7a4d\u96fb", "2317         \u9d3b\u6d77", "6505         \u53f0\u5851\u77f3\u5316", "3481         \u7fa4\u5275", "2303         \u806f\u96fb", "2308         \u53f0\u9054\u96fb", "2454         \u806f\u767c\u79d1"], "zmin": -1, "zmax": 1, "colorbar": {"x": -0.2}}], "layout": {"autotypenumbers": "strict", "colorway": ["#636efa", "#EF553B", "#00cc96", "#ab63fa", "#FFA15A", "#19d3f3", "#FF6692", "#B6E880", "#FF97FF", "#FECB52"], "font": {"color": "#f2f5fa", "family": "Courier New"}, "hovermode": "closest", "hoverlabel": {"align": "left"}, "paper_bgcolor": "rgb(17,17,17)", "plot_bgcolor": "rgb(17,17,17)", "polar": {"bgcolor": "rgb(17,17,17)", "angularaxis": {"gridcolor": "#506784", "linecolor": "#506784", "ticks": ""}, "radialaxis": {"gridcolor": "#506784", "linecolor": "#506784", "ticks": ""}}, "ternary": {"bgcolor": "rgb(17,17,17)", "aaxis": {"gridcolor": "#506784", "linecolor": "#506784", "ticks": ""}, "baxis": {"gridcolor": "#506784", "linecolor": "#506784", "ticks": ""}, "caxis": {"gridcolor": "#506784", "linecolor": "#506784", "ticks": ""}}, "coloraxis": {"colorbar": {"outlinewidth": 0, "ticks": ""}}, "colorscale": {"sequential": [[0.0, "#0d0887"], [0.1111111111111111, "#46039f"], [0.2222222222222222, "#7201a8"], [0.3333333333333333, "#9c179e"], [0.4444444444444444, "#bd3786"], [0.5555555555555556, "#d8576b"], [0.6666666666666666, "#ed7953"], [0.7777777777777778, "#fb9f3a"], [0.8888888888888888, "#fdca26"], [1.0, "#f0f921"]], "sequentialminus": [[0.0, "#0d0887"], [0.1111111111111111, "#46039f"], [0.2222222222222222, "#7201a8"], [0.3333333333333333, "#9c179e"], [0.4444444444444444, "#bd3786"], [0.5555555555555556, "#d8576b"], [0.6666666666666666, "#ed7953"], [0.7777777777777778, "#fb9f3a"], [0.8888888888888888, "#fdca26"], [1.0, "#f0f921"]], "diverging": [[0, "#8e0152"], [0.1, "#c51b7d"], [0.2, "#de77ae"], [0.3, "#f1b6da"], [0.4, "#fde0ef"], [0.5, "#f7f7f7"], [0.6, "#e6f5d0"], [0.7, "#b8e186"], [0.8, "#7fbc41"], [0.9, "#4d9221"], [1, "#276419"]]}, "xaxis": {"gridcolor": "rgba(0, 0, 0, 0)", "linecolor": "#506784", "ticks": "", "title": {"standoff": 15}, "zerolinecolor": "#283442", "automargin": true, "zerolinewidth": 2, "tickfont": {"family": "Courier New", "size": 14}, "side": "top", "tickangle": -90}, "yaxis": {"gridcolor": "rgba(0, 0, 0, 0)", "linecolor": "#506784", "ticks": "", "title": {"standoff": 15}, "zerolinecolor": "#283442", "automargin": true, "zerolinewidth": 2, "tickfont": {"family": "Courier New"}, "side": "right"}, "scene": {"xaxis": {"backgroundcolor": "rgb(17,17,17)", "gridcolor": "#506784", "linecolor": "#506784", "showbackground": true, "ticks": "", "zerolinecolor": "#C8D4E3", "gridwidth": 2}, "yaxis": {"backgroundcolor": "rgb(17,17,17)", "gridcolor": "#506784", "linecolor": "#506784", "showbackground": true, "ticks": "", "zerolinecolor": "#C8D4E3", "gridwidth": 2}, "zaxis": {"backgroundcolor": "rgb(17,17,17)", "gridcolor": "#506784", "linecolor": "#506784", "showbackground": true, "ticks": "", "zerolinecolor": "#C8D4E3", "gridwidth": 2}}, "shapedefaults": {"line": {"color": "#f2f5fa"}}, "annotationdefaults": {"arrowcolor": "#f2f5fa", "arrowhead": 0, "arrowwidth": 1}, "geo": {"bgcolor": "rgb(17,17,17)", "landcolor": "rgb(17,17,17)", "subunitcolor": "#506784", "showland": true, "showlakes": true, "lakecolor": "rgb(17,17,17)"}, "title": {"x": 0.05, "font": {"family": "Times New Roman"}, "y": 0.05, "text": "<b>Correlation of Close<b><br><i>2016/09/23 ~ 2025/07/04<i>"}, "updatemenudefaults": {"bgcolor": "#506784", "borderwidth": 0}, "sliderdefaults": {"bgcolor": "#C8D4E3", "borderwidth": 1, "bordercolor": "rgb(17,17,17)", "tickwidth": 0}, "mapbox": {"style": "dark"}, "height": 600}};

Plotly.newPlot("correlationClose",
    correlationClose.data,
    correlationClose.layout || {},
    config);