var correlationAdjClose = {"data": [{"type": "heatmap", "z": [[1.0, 0.9940067106577853, 0.9769172394967344, 0.9976321469139341, 0.9647258613347572, 0.9814823473620284, -0.9431070229277726, 0.9900036867887764, 0.9701584143308543, 0.9972087872398975, 0.9971974241879689, 0.9976873183813832, 0.9932227161306225, 0.9939241234536211, 0.9972052872376287, 0.9839525612454818, 0.9996675219580425, 0.9900270733386632, 0.9201133591667527, 0.7399375992067815, 0.9853380491423214, 0.9212135721279958, 0.44173543299889306, -0.30365617497086056, 0.9013339103112339, 0.9740652955738147, 0.954622343827369, 0.980091225647791, 0.9638640318206212, 0.9756992461011943, 0.9720133338099457, 0.9454684514725273, 0.9797732148910743, 0.9702822908619749, 0.9548550286774605], [0.9940067106577853, 1.0, 0.9722858060042582, 0.9912951595556975, 0.9601523481027894, 0.9769167026668664, -0.9384250165189146, 0.9809050957448137, 0.9632378717658312, 0.995312169838363, 0.9951585247352279, 0.9943827399691908, 0.9923099289024139, 0.9915583896298065, 0.9951098843914183, 0.9778912780287033, 0.9966515887355022, 0.9836181945073666, 0.9091418915788545, 0.7516997100889484, 0.9669495421140435, 0.9004825107818059, 0.441426505731171, -0.22793339132101575, 0.8752971387708851, 0.9617825122186262, 0.954095384197853, 0.9579463716832619, 0.9497875359490933, 0.9654145628714668, 0.9561363685722384, 0.943289933068521, 0.9685810075870758, 0.961545685992981, 0.9484706843637519], [0.9769172394967344, 0.9722858060042582, 1.0, 0.9830505666924803, 0.9959952118092832, 0.9789736853912141, -0.9757963851974549, 0.9701747397446037, 0.9839573732202858, 0.9887074152996681, 0.9894238109051632, 0.9858541087965317, 0.9970603720513058, 0.9968793156137714, 0.9891531848681667, 0.9776421529523418, 0.9877744169160433, 0.9700671026196318, 0.8274012213960749, 0.6294225243821329, 0.9902223073268244, 0.9118342247163178, 0.2764802572494867, -0.22668869974264644, 0.9068491296682943, 0.9441256948503617, 0.9795201039393989, 0.9298670988016524, 0.9114414091638636, 0.9639642162825753, 0.9199612340173006, 0.906720031878674, 0.9664574057374028, 0.9738665623239211, 0.9245626233381817], [0.9976321469139341, 0.9912951595556975, 0.9830505666924803, 1.0, 0.9764237417145353, 0.9737048312679996, -0.937951919020334, 0.98432578047049, 0.9676174867497895, 0.9999709983787378, 0.9999893161680862, 0.9999569316724566, 0.9914154481553044, 0.9894374300056054, 0.9999427275305971, 0.9735562569218517, 0.9960476329917219, 0.9841884692333893, 0.9061928364558898, 0.7096988944403532, 0.9933078804770314, 0.9225527822017529, 0.4173717639836837, -0.29504887917718803, 0.8993526538165089, 0.969288575582153, 0.9609860241580404, 0.9709948970739737, 0.961009961473814, 0.9777066360319814, 0.9622540111754475, 0.934344123651572, 0.9777531507306938, 0.9688854542568633, 0.9465949740578969], [0.9647258613347572, 0.9601523481027894, 0.9959952118092832, 0.9764237417145353, 1.0, 0.9585865631334806, -0.9573018097004221, 0.9550541622655748, 0.9716309771814242, 0.9849281823152175, 0.98568693355362, 0.9816821090981204, 0.986463679956323, 0.9828079898817396, 0.9853287465369639, 0.9562451068673586, 0.9759279489428396, 0.9549050634840772, 0.8068576790943494, 0.593544047621222, 0.9895195801961323, 0.9076617013672218, 0.25181549408596265, -0.21981782487906362, 0.8880829158962542, 0.9306446010081325, 0.9772776283819237, 0.9095848383301085, 0.8977362198525937, 0.9578281225209563, 0.8984185324653484, 0.8805500126508307, 0.9561971203338024, 0.9622067650267677, 0.9012143621713913], [0.9814823473620284, 0.9769167026668664, 0.9789736853912141, 0.9737048312679996, 0.9585865631334806, 1.0, -0.9808108723936652, 0.9805645167411633, 0.9798438582300212, 0.9688103020656167, 0.9691598481130211, 0.9717308536807209, 0.9771080011681007, 0.9750946126299556, 0.9689451452775457, 0.9999062622368649, 0.9860669616477659, 0.9816278881471433, 0.8615711433960844, 0.7065681080660454, 0.9672387699343624, 0.8918717155273379, 0.30783048144649994, -0.21549492509013118, 0.9366227599843304, 0.9563124432333004, 0.9594897597678852, 0.9573583504137392, 0.9274412846202104, 0.9521853255775843, 0.9514680822450138, 0.9547167973049525, 0.9566950200611932, 0.9763789205354025, 0.9554741290007716], [-0.9431070229277726, -0.9384250165189146, -0.9757963851974549, -0.937951919020334, -0.9573018097004221, -0.9808108723936652, 1.0, -0.951790016706006, -0.9834418491391353, -0.94819054951382, -0.9494081938839471, -0.9445413751007392, -0.9741280472493015, -0.9758420784742581, -0.9489643688438744, -0.9839300297945458, -0.964536502674085, -0.9547262959439401, -0.7744894156140129, -0.6047483262284477, -0.9431522313710183, -0.8823403641543193, -0.1656206427732664, 0.1499887253287667, -0.9048705212071303, -0.9141785289178035, -0.9573316637104338, -0.8989293062995269, -0.8580639776711632, -0.9248811587326041, -0.8903723524041022, -0.9090756859718031, -0.9254707739555806, -0.9635913911000842, -0.9097477698396903], [0.9900036867887764, 0.9809050957448137, 0.9701747397446037, 0.98432578047049, 0.9550541622655748, 0.9805645167411633, -0.951790016706006, 1.0, 0.9824449806099154, 0.9800751325115634, 0.9800255043657095, 0.983245974432838, 0.9759822985681712, 0.9749746247333061, 0.9800285807495759, 0.9824684005995385, 0.987626652195285, 0.9998706879972644, 0.9232291780832821, 0.6741732222972922, 0.9738376176902335, 0.8954148021063922, 0.2990901856942661, -0.3116536672690914, 0.9056144779818277, 0.9550552247293986, 0.9376222388034822, 0.9776094426790274, 0.9523805118536, 0.9688506216749566, 0.9625584249912494, 0.9354564461956115, 0.9591209417758727, 0.9573547645566068, 0.9654960194200066], [0.9701584143308543, 0.9632378717658312, 0.9839573732202858, 0.9676174867497895, 0.9716309771814242, 0.9798438582300212, -0.9834418491391353, 0.9824449806099154, 1.0, 0.9632149582152619, 0.9638830801728487, 0.9656530742714308, 0.9730196680466058, 0.9701147784613691, 0.9635763633364692, 0.9789269265437684, 0.9701912885314483, 0.9817454014502072, 0.849988318098601, 0.5987618540086643, 0.9676009916059708, 0.9064161284905529, 0.15640246503061678, -0.2305247818443079, 0.8869528705308387, 0.9329051249490588, 0.960073842603529, 0.9330453954685244, 0.8948556496811347, 0.9565425145408487, 0.9159727868848676, 0.9027119810961969, 0.9451308403029947, 0.969241380189978, 0.9232471832705641], [0.9972087872398975, 0.995312169838363, 0.9887074152996681, 0.9999709983787378, 0.9849281823152175, 0.9688103020656167, -0.94819054951382, 0.9800751325115634, 0.9632149582152619, 1.0, 0.9999874983518996, 0.9999824402813887, 0.9912513543989498, 0.989239056180948, 0.9999476660137033, 0.9693330566011232, 0.9956362930697727, 0.9811022331345554, 0.9306977845976908, 0.6332219704143638, 0.9966794512309198, 0.9002833043494242, -0.016955521413114863, 0.43447745961589207, 0.9165915416736363, 0.9534248413369343, 0.9662363403319227, 0.9618824078028043, 0.9428237199592667, 0.9655623051086311, 0.9416565981513236, 0.9203230554087106, 0.9650162481495772, 0.980083552153159, 0.9439230596040449], [0.9971974241879689, 0.9951585247352279, 0.9894238109051632, 0.9999893161680862, 0.98568693355362, 0.9691598481130211, -0.9494081938839471, 0.9800255043657095, 0.9638830801728487, 0.9999874983518996, 1.0, 0.9999714860386378, 0.991439030019412, 0.9894221341208946, 0.9999522187839557, 0.9696573989949632, 0.9956859724056388, 0.9810236556995304, 0.9298613365608009, 0.6295134850005629, 0.9969724082862317, 0.8995204756317896, -0.03184680864441321, 0.43004098593241363, 0.9158766989278057, 0.9532691824780125, 0.9671293318701685, 0.961372140709875, 0.9415147395582871, 0.965664675926422, 0.9406118195216763, 0.9190333096073491, 0.9652026601806425, 0.9806106049116143, 0.9432250599163028], [0.9976873183813832, 0.9943827399691908, 0.9858541087965317, 0.9999569316724566, 0.9816821090981204, 0.9717308536807209, -0.9445413751007392, 0.983245974432838, 0.9656530742714308, 0.9999824402813887, 0.9999714860386378, 1.0, 0.9912090385300303, 0.9891568389637189, 0.9999613888738725, 0.9721486688223911, 0.9958240170857441, 0.9838243825348024, 0.921803966597719, 0.6803901070992108, 0.9958587123903614, 0.9163278141745431, 0.18366406518338269, -0.19501163269750893, 0.9238859514327651, 0.9623241152058115, 0.955727644456112, 0.9652437190251721, 0.9515507648610811, 0.9721428358424894, 0.9526895453575116, 0.9330987403123113, 0.9722524773303812, 0.9670956329962609, 0.9528644452227641], [0.9932227161306225, 0.9923099289024139, 0.9970603720513058, 0.9914154481553044, 0.986463679956323, 0.9771080011681007, -0.9741280472493015, 0.9759822985681712, 0.9730196680466058, 0.9912513543989498, 0.991439030019412, 0.9912090385300303, 1.0, 0.9996819947457255, 0.9913703161142894, 0.9779115241556108, 0.9935530460919912, 0.9773396598615266, 0.9115438813326063, 0.5732033744339057, 0.9861027793380668, 0.891600935169927, -0.3147750657932508, 0.45814963247826007, 0.9068354203113268, 0.9527766860384286, 0.9775604536343159, 0.9441547681726977, 0.9035175083552137, 0.9464775597273885, 0.914215624263693, 0.889643543274583, 0.9631714665771876, 0.9796188002992376, 0.9357134271908966], [0.9939241234536211, 0.9915583896298065, 0.9968793156137714, 0.9894374300056054, 0.9828079898817396, 0.9750946126299556, -0.9758420784742581, 0.9749746247333061, 0.9701147784613691, 0.989239056180948, 0.9894221341208946, 0.9891568389637189, 0.9996819947457255, 1.0, 0.9894726937306839, 0.9759641542378635, 0.9940831805424315, 0.9765849704827984, 0.9190304747917254, 0.45406067227814956, 0.9808795998615564, 0.8803838645419507, -0.7070510780384375, 0.4362894292442805, 0.8798484184944317, 0.9495696733652821, 0.9769268183583734, 0.9364778836989938, 0.8856543907532082, 0.9374146650387487, 0.9111306032938083, 0.8679214413235657, 0.9653426947778735, 0.9778621995382744, 0.9281063879820296], [0.9972052872376287, 0.9951098843914183, 0.9891531848681667, 0.9999427275305971, 0.9853287465369639, 0.9689451452775457, -0.9489643688438744, 0.9800285807495759, 0.9635763633364692, 0.9999476660137033, 0.9999522187839557, 0.9999613888738725, 0.9913703161142894, 0.9894726937306839, 1.0, 0.9694695171838865, 0.9956593654628553, 0.9810660836631924, 0.9304491138851074, 0.6312228111368555, 0.996799169280621, 0.8993115299522239, -0.027335353188544978, 0.43102121716943304, 0.9159601636171321, 0.9524559544651209, 0.966345152913544, 0.9616231040701357, 0.9419211401725576, 0.9655527308985219, 0.9411822728451421, 0.9196719001966039, 0.9649666629474367, 0.9804547215344209, 0.9437765763013576], [0.9839525612454818, 0.9778912780287033, 0.9776421529523418, 0.9735562569218517, 0.9562451068673586, 0.9999062622368649, -0.9839300297945458, 0.9824684005995385, 0.9789269265437684, 0.9693330566011232, 0.9696573989949632, 0.9721486688223911, 0.9779115241556108, 0.9759641542378635, 0.9694695171838865, 1.0, 0.9865018264007542, 0.9817456286171891, 0.8850734588354623, 0.7071174907964967, 0.9657799053259956, 0.8872031051210808, 0.1792097305671344, -0.1937890321151219, 0.9451869566769039, 0.9582605890963954, 0.9561984209288353, 0.9606571930491404, 0.9241847183177696, 0.9489019032982845, 0.9522715279799892, 0.9540410078327787, 0.9591574441759771, 0.975879973686075, 0.9602946013146303], [0.9996675219580425, 0.9966515887355022, 0.9877744169160433, 0.9960476329917219, 0.9759279489428396, 0.9860669616477659, -0.964536502674085, 0.987626652195285, 0.9701912885314483, 0.9956362930697727, 0.9956859724056388, 0.9958240170857441, 0.9935530460919912, 0.9940831805424315, 0.9956593654628553, 0.9865018264007542, 1.0, 0.988492971567963, 0.9361587163934703, 0.6731914648855482, 0.98888340809755, 0.8964571268563546, 0.023598631509370197, 0.4500422222771915, 0.9352257948173855, 0.9608172999484379, 0.9644616055803295, 0.9745079524117711, 0.9467524236259378, 0.964379684695431, 0.956320183295256, 0.9430560622367581, 0.9710405364236043, 0.9845841249174536, 0.9649195618122148], [0.9900270733386632, 0.9836181945073666, 0.9700671026196318, 0.9841884692333893, 0.9549050634840772, 0.9816278881471433, -0.9547262959439401, 0.9998706879972644, 0.9817454014502072, 0.9811022331345554, 0.9810236556995304, 0.9838243825348024, 0.9773396598615266, 0.9765849704827984, 0.9810660836631924, 0.9817456286171891, 0.988492971567963, 1.0, 0.9294144196748861, 0.6736234715654226, 0.9728724778502432, 0.9001883374859363, 0.2674279522421781, -0.2927862681509566, 0.9110594087149422, 0.9539999396388751, 0.9375436421128477, 0.9780249198196458, 0.951644496967818, 0.967421877864912, 0.9609377638284594, 0.9352319884537103, 0.958357651524251, 0.9551550396636236, 0.9667221046405063], [0.9201133591667527, 0.9091418915788545, 0.8274012213960749, 0.9061928364558898, 0.8068576790943494, 0.8615711433960844, -0.7744894156140129, 0.9232291780832821, 0.849988318098601, 0.9306977845976908, 0.9298613365608009, 0.921803966597719, 0.9115438813326063, 0.9190304747917254, 0.9304491138851074, 0.8850734588354623, 0.9361587163934703, 0.9294144196748861, 1.0, 0.8413536910066747, 0.8575713905013348, 0.8725978509146645, 0.690113539175407, -0.5330809691936607, 0.6969485125448375, 0.9151841029573979, 0.7997334470100976, 0.9571794305935625, 0.9348323549968773, 0.9014144718443243, 0.9434142693524489, 0.8932129810141399, 0.8975500205430289, 0.845555408544973, 0.8781871138288418], [0.7399375992067815, 0.7516997100889484, 0.6294225243821329, 0.7096988944403532, 0.593544047621222, 0.7065681080660454, -0.6047483262284477, 0.6741732222972922, 0.5987618540086643, 0.6332219704143638, 0.6295134850005629, 0.6803901070992108, 0.5732033744339057, 0.45406067227814956, 0.6312228111368555, 0.7071174907964967, 0.6731914648855482, 0.6736234715654226, 0.8413536910066747, 1.0, 0.6329644417533935, 0.7471082174764601, 0.731402442698825, -0.11637405354468701, 0.5375926873885015, 0.750240863426447, 0.6370222271670049, 0.7919847492102078, 0.7276909825109489, 0.667524896059981, 0.7640804540209823, 0.7669892767552655, 0.6982602892620938, 0.6659803920922049, 0.7014895320206667], [0.9853380491423214, 0.9669495421140435, 0.9902223073268244, 0.9933078804770314, 0.9895195801961323, 0.9672387699343624, -0.9431522313710183, 0.9738376176902335, 0.9676009916059708, 0.9966794512309198, 0.9969724082862317, 0.9958587123903614, 0.9861027793380668, 0.9808795998615564, 0.996799169280621, 0.9657799053259956, 0.98888340809755, 0.9728724778502432, 0.8575713905013348, 0.6329644417533935, 1.0, 0.8933970693819794, 0.3445959473156389, -0.28890366201757695, 0.8861123529928158, 0.9528326469824895, 0.9700945300385215, 0.9398010944622005, 0.9437815929890323, 0.969011855975997, 0.940183217588206, 0.9102484342230507, 0.9679955575429692, 0.9552200016027298, 0.9283690982700094], [0.9212135721279958, 0.9004825107818059, 0.9118342247163178, 0.9225527822017529, 0.9076617013672218, 0.8918717155273379, -0.8823403641543193, 0.8954148021063922, 0.9064161284905529, 0.9002833043494242, 0.8995204756317896, 0.9163278141745431, 0.891600935169927, 0.8803838645419507, 0.8993115299522239, 0.8872031051210808, 0.8964571268563546, 0.9001883374859363, 0.8725978509146645, 0.7471082174764601, 0.8933970693819794, 1.0, 0.39243991012341517, -0.18811461535252208, 0.6992904695743803, 0.9174316689776921, 0.884049187294866, 0.8963388800008725, 0.8446202678266036, 0.921349721925167, 0.865584023015084, 0.8400284072103407, 0.9194995857457999, 0.8651676867460826, 0.847155621262171], [0.44173543299889306, 0.441426505731171, 0.2764802572494867, 0.4173717639836837, 0.25181549408596265, 0.30783048144649994, -0.1656206427732664, 0.2990901856942661, 0.15640246503061678, -0.016955521413114863, -0.03184680864441321, 0.18366406518338269, -0.3147750657932508, -0.7070510780384375, -0.027335353188544978, 0.1792097305671344, 0.023598631509370197, 0.2674279522421781, 0.690113539175407, 0.731402442698825, 0.3445959473156389, 0.39243991012341517, 1.0, -0.3954253870795382, 0.29398932692988716, 0.42098048830782947, 0.2242581407052108, 0.5185928097415287, 0.5174801729061234, 0.3798159449426814, 0.535939143672683, 0.44573383028295854, 0.39608762006257014, 0.31544291506184796, 0.4205720524087969], [-0.30365617497086056, -0.22793339132101575, -0.22668869974264644, -0.29504887917718803, -0.21981782487906362, -0.21549492509013118, 0.1499887253287667, -0.3116536672690914, -0.2305247818443079, 0.43447745961589207, 0.43004098593241363, -0.19501163269750893, 0.45814963247826007, 0.4362894292442805, 0.43102121716943304, -0.1937890321151219, 0.4500422222771915, -0.2927862681509566, -0.5330809691936607, -0.11637405354468701, -0.28890366201757695, -0.18811461535252208, -0.3954253870795382, 1.0, -0.147711112613539, -0.3318746729622299, -0.17549673840159508, -0.38997840466781997, -0.3800288348577306, -0.32738933227580347, -0.34594713336669825, -0.202451300121934, -0.3509041101233903, -0.17782710022190756, -0.3160992088401808], [0.9013339103112339, 0.8752971387708851, 0.9068491296682943, 0.8993526538165089, 0.8880829158962542, 0.9366227599843304, -0.9048705212071303, 0.9056144779818277, 0.8869528705308387, 0.9165915416736363, 0.9158766989278057, 0.9238859514327651, 0.9068354203113268, 0.8798484184944317, 0.9159601636171321, 0.9451869566769039, 0.9352257948173855, 0.9110594087149422, 0.6969485125448375, 0.5375926873885015, 0.8861123529928158, 0.6992904695743803, 0.29398932692988716, -0.147711112613539, 1.0, 0.8356706001594568, 0.8854563775902564, 0.8096946859567951, 0.8585048059455134, 0.8280395815541245, 0.8658572817004898, 0.8595509558320903, 0.8566630712896166, 0.8665467426097955, 0.8938857641512338], [0.9740652955738147, 0.9617825122186262, 0.9441256948503617, 0.969288575582153, 0.9306446010081325, 0.9563124432333004, -0.9141785289178035, 0.9550552247293986, 0.9329051249490588, 0.9534248413369343, 0.9532691824780125, 0.9623241152058115, 0.9527766860384286, 0.9495696733652821, 0.9524559544651209, 0.9582605890963954, 0.9608172999484379, 0.9539999396388751, 0.9151841029573979, 0.750240863426447, 0.9528326469824895, 0.9174316689776921, 0.42098048830782947, -0.3318746729622299, 0.8356706001594568, 1.0, 0.933349613413198, 0.9599305161672798, 0.9347332940047075, 0.943637061174171, 0.9437600066792815, 0.9161245305394458, 0.9634603076130177, 0.9268699359955975, 0.9235055539729101], [0.954622343827369, 0.954095384197853, 0.9795201039393989, 0.9609860241580404, 0.9772776283819237, 0.9594897597678852, -0.9573316637104338, 0.9376222388034822, 0.960073842603529, 0.9662363403319227, 0.9671293318701685, 0.955727644456112, 0.9775604536343159, 0.9769268183583734, 0.966345152913544, 0.9561984209288353, 0.9644616055803295, 0.9375436421128477, 0.7997334470100976, 0.6370222271670049, 0.9700945300385215, 0.884049187294866, 0.2242581407052108, -0.17549673840159508, 0.8854563775902564, 0.933349613413198, 1.0, 0.9028889796409612, 0.8809570408639193, 0.9369484186001031, 0.8832868914120489, 0.883475064078426, 0.9435636724933955, 0.970565633503798, 0.8840190187618973], [0.980091225647791, 0.9579463716832619, 0.9298670988016524, 0.9709948970739737, 0.9095848383301085, 0.9573583504137392, -0.8989293062995269, 0.9776094426790274, 0.9330453954685244, 0.9618824078028043, 0.961372140709875, 0.9652437190251721, 0.9441547681726977, 0.9364778836989938, 0.9616231040701357, 0.9606571930491404, 0.9745079524117711, 0.9780249198196458, 0.9571794305935625, 0.7919847492102078, 0.9398010944622005, 0.8963388800008725, 0.5185928097415287, -0.38997840466781997, 0.8096946859567951, 0.9599305161672798, 0.9028889796409612, 1.0, 0.9854940034111115, 0.9654882503847577, 0.9896401288234841, 0.9514142861580077, 0.9582457558432351, 0.913003820773643, 0.9662476459971026], [0.9638640318206212, 0.9497875359490933, 0.9114414091638636, 0.961009961473814, 0.8977362198525937, 0.9274412846202104, -0.8580639776711632, 0.9523805118536, 0.8948556496811347, 0.9428237199592667, 0.9415147395582871, 0.9515507648610811, 0.9035175083552137, 0.8856543907532082, 0.9419211401725576, 0.9241847183177696, 0.9467524236259378, 0.951644496967818, 0.9348323549968773, 0.7276909825109489, 0.9437815929890323, 0.8446202678266036, 0.5174801729061234, -0.3800288348577306, 0.8585048059455134, 0.9347332940047075, 0.8809570408639193, 0.9854940034111115, 1.0, 0.9495274330563683, 0.9828772557268484, 0.9546904786712067, 0.9342223726805564, 0.9166072675830601, 0.9617391856968859], [0.9756992461011943, 0.9654145628714668, 0.9639642162825753, 0.9777066360319814, 0.9578281225209563, 0.9521853255775843, -0.9248811587326041, 0.9688506216749566, 0.9565425145408487, 0.9655623051086311, 0.965664675926422, 0.9721428358424894, 0.9464775597273885, 0.9374146650387487, 0.9655527308985219, 0.9489019032982845, 0.964379684695431, 0.967421877864912, 0.9014144718443243, 0.667524896059981, 0.969011855975997, 0.921349721925167, 0.3798159449426814, -0.32738933227580347, 0.8280395815541245, 0.943637061174171, 0.9369484186001031, 0.9654882503847577, 0.9495274330563683, 1.0, 0.9532315184118587, 0.9171726999716546, 0.9756063508849474, 0.9561998223057465, 0.9441425534371298], [0.9720133338099457, 0.9561363685722384, 0.9199612340173006, 0.9622540111754475, 0.8984185324653484, 0.9514680822450138, -0.8903723524041022, 0.9625584249912494, 0.9159727868848676, 0.9416565981513236, 0.9406118195216763, 0.9526895453575116, 0.914215624263693, 0.9111306032938083, 0.9411822728451421, 0.9522715279799892, 0.956320183295256, 0.9609377638284594, 0.9434142693524489, 0.7640804540209823, 0.940183217588206, 0.865584023015084, 0.535939143672683, -0.34594713336669825, 0.8658572817004898, 0.9437600066792815, 0.8832868914120489, 0.9896401288234841, 0.9828772557268484, 0.9532315184118587, 1.0, 0.9731734446510583, 0.9423948424259003, 0.9350499328878961, 0.9617426108847632], [0.9454684514725273, 0.943289933068521, 0.906720031878674, 0.934344123651572, 0.8805500126508307, 0.9547167973049525, -0.9090756859718031, 0.9354564461956115, 0.9027119810961969, 0.9203230554087106, 0.9190333096073491, 0.9330987403123113, 0.889643543274583, 0.8679214413235657, 0.9196719001966039, 0.9540410078327787, 0.9430560622367581, 0.9352319884537103, 0.8932129810141399, 0.7669892767552655, 0.9102484342230507, 0.8400284072103407, 0.44573383028295854, -0.202451300121934, 0.8595509558320903, 0.9161245305394458, 0.883475064078426, 0.9514142861580077, 0.9546904786712067, 0.9171726999716546, 0.9731734446510583, 1.0, 0.9050798171348864, 0.9327795195386814, 0.9523365794080991], [0.9797732148910743, 0.9685810075870758, 0.9664574057374028, 0.9777531507306938, 0.9561971203338024, 0.9566950200611932, -0.9254707739555806, 0.9591209417758727, 0.9451308403029947, 0.9650162481495772, 0.9652026601806425, 0.9722524773303812, 0.9631714665771876, 0.9653426947778735, 0.9649666629474367, 0.9591574441759771, 0.9710405364236043, 0.958357651524251, 0.8975500205430289, 0.6982602892620938, 0.9679955575429692, 0.9194995857457999, 0.39608762006257014, -0.3509041101233903, 0.8566630712896166, 0.9634603076130177, 0.9435636724933955, 0.9582457558432351, 0.9342223726805564, 0.9756063508849474, 0.9423948424259003, 0.9050798171348864, 1.0, 0.9527446354043122, 0.9404908316139514], [0.9702822908619749, 0.961545685992981, 0.9738665623239211, 0.9688854542568633, 0.9622067650267677, 0.9763789205354025, -0.9635913911000842, 0.9573547645566068, 0.969241380189978, 0.980083552153159, 0.9806106049116143, 0.9670956329962609, 0.9796188002992376, 0.9778621995382744, 0.9804547215344209, 0.975879973686075, 0.9845841249174536, 0.9551550396636236, 0.845555408544973, 0.6659803920922049, 0.9552200016027298, 0.8651676867460826, 0.31544291506184796, -0.17782710022190756, 0.8665467426097955, 0.9268699359955975, 0.970565633503798, 0.913003820773643, 0.9166072675830601, 0.9561998223057465, 0.9350499328878961, 0.9327795195386814, 0.9527446354043122, 1.0, 0.9168781015053282], [0.9548550286774605, 0.9484706843637519, 0.9245626233381817, 0.9465949740578969, 0.9012143621713913, 0.9554741290007716, -0.9097477698396903, 0.9654960194200066, 0.9232471832705641, 0.9439230596040449, 0.9432250599163028, 0.9528644452227641, 0.9357134271908966, 0.9281063879820296, 0.9437765763013576, 0.9602946013146303, 0.9649195618122148, 0.9667221046405063, 0.8781871138288418, 0.7014895320206667, 0.9283690982700094, 0.847155621262171, 0.4205720524087969, -0.3160992088401808, 0.8938857641512338, 0.9235055539729101, 0.8840190187618973, 0.9662476459971026, 0.9617391856968859, 0.9441425534371298, 0.9617426108847632, 0.9523365794080991, 0.9404908316139514, 0.9168781015053282, 1.0]], "x": ["^TAIEX       \u81fa\u7063\u52a0\u6b0a\u5831\u916c\u6307\u6578", "^TWII        \u81fa\u7063\u52a0\u6b0a\u6307\u6578", "^TAIEXx2     \u81fa\u7063\u52a0\u6b0a\u5831\u916c\u6307\u6578_\u65e5\u6b632", "^TAI50I      \u81fa\u706350\u5831\u916c\u6307\u6578", "^TAI50Ix2    \u81fa\u706350\u5831\u916c\u6307\u6578_\u65e5\u6b632", "^TAI100I     \u81fa\u7063\u4e2d\u578b100\u5831\u916c\u6307\u6578", "^TAI100Ix2   \u81fa\u7063\u4e2d\u578b100\u5831\u916c\u6307\u6578_\u65e5\u6b632", "^TAIDIVIDI   \u81fa\u7063\u9ad8\u80a1\u606f\u5831\u916c\u6307\u6578", "^TAIDIVIDIx2 \u81fa\u7063\u9ad8\u80a1\u606f\u5831\u916c\u6307\u6578_\u65e5\u6b632", "0050Fund     \u5143\u5927\u53f0\u7063\u5353\u8d8a50\u57fa\u91d1", "006208Fund   \u5bcc\u90a6\u53f0\u7063\u91c6\u540950\u57fa\u91d1", "0050         \u5143\u5927\u81fa\u706350", "00631L       \u5143\u5927\u53f0\u706350\u6b632", "00675L       \u5bcc\u90a6\u81fa\u7063\u52a0\u6b0a\u6b632", "006208       \u5bcc\u90a6\u53f050", "0051         \u5143\u5927\u4e2d\u578b100", "006204       \u6c38\u8c50\u81fa\u7063\u52a0\u6b0a", "0056         \u5143\u5927\u9ad8\u80a1\u606f", "2412         \u4e2d\u83ef\u96fb\u4fe1", "2002         \u4e2d\u92fc", "2330         \u53f0\u7a4d\u96fb", "2317         \u9d3b\u6d77", "6505         \u53f0\u5851\u77f3\u5316", "3481         \u7fa4\u5275", "2303         \u806f\u96fb", "2308         \u53f0\u9054\u96fb", "2454         \u806f\u767c\u79d1", "2886         \u5146\u8c50\u91d1", "2884         \u7389\u5c71\u91d1", "2891         \u4e2d\u4fe1\u91d1", "2892         \u7b2c\u4e00\u91d1", "5880         \u5408\u5eab\u91d1", "2881         \u5bcc\u90a6\u91d1", "2885         \u5143\u5927\u91d1", "2887         \u53f0\u65b0\u91d1"], "y": ["^TAIEX       \u81fa\u7063\u52a0\u6b0a\u5831\u916c\u6307\u6578", "^TWII        \u81fa\u7063\u52a0\u6b0a\u6307\u6578", "^TAIEXx2     \u81fa\u7063\u52a0\u6b0a\u5831\u916c\u6307\u6578_\u65e5\u6b632", "^TAI50I      \u81fa\u706350\u5831\u916c\u6307\u6578", "^TAI50Ix2    \u81fa\u706350\u5831\u916c\u6307\u6578_\u65e5\u6b632", "^TAI100I     \u81fa\u7063\u4e2d\u578b100\u5831\u916c\u6307\u6578", "^TAI100Ix2   \u81fa\u7063\u4e2d\u578b100\u5831\u916c\u6307\u6578_\u65e5\u6b632", "^TAIDIVIDI   \u81fa\u7063\u9ad8\u80a1\u606f\u5831\u916c\u6307\u6578", "^TAIDIVIDIx2 \u81fa\u7063\u9ad8\u80a1\u606f\u5831\u916c\u6307\u6578_\u65e5\u6b632", "0050Fund     \u5143\u5927\u53f0\u7063\u5353\u8d8a50\u57fa\u91d1", "006208Fund   \u5bcc\u90a6\u53f0\u7063\u91c6\u540950\u57fa\u91d1", "0050         \u5143\u5927\u81fa\u706350", "00631L       \u5143\u5927\u53f0\u706350\u6b632", "00675L       \u5bcc\u90a6\u81fa\u7063\u52a0\u6b0a\u6b632", "006208       \u5bcc\u90a6\u53f050", "0051         \u5143\u5927\u4e2d\u578b100", "006204       \u6c38\u8c50\u81fa\u7063\u52a0\u6b0a", "0056         \u5143\u5927\u9ad8\u80a1\u606f", "2412         \u4e2d\u83ef\u96fb\u4fe1", "2002         \u4e2d\u92fc", "2330         \u53f0\u7a4d\u96fb", "2317         \u9d3b\u6d77", "6505         \u53f0\u5851\u77f3\u5316", "3481         \u7fa4\u5275", "2303         \u806f\u96fb", "2308         \u53f0\u9054\u96fb", "2454         \u806f\u767c\u79d1", "2886         \u5146\u8c50\u91d1", "2884         \u7389\u5c71\u91d1", "2891         \u4e2d\u4fe1\u91d1", "2892         \u7b2c\u4e00\u91d1", "5880         \u5408\u5eab\u91d1", "2881         \u5bcc\u90a6\u91d1", "2885         \u5143\u5927\u91d1", "2887         \u53f0\u65b0\u91d1"], "zmin": -1, "zmax": 1, "colorbar": {"x": -0.2}}], "layout": {"autotypenumbers": "strict", "colorway": ["#636efa", "#EF553B", "#00cc96", "#ab63fa", "#FFA15A", "#19d3f3", "#FF6692", "#B6E880", "#FF97FF", "#FECB52"], "font": {"color": "#f2f5fa", "family": "Courier New"}, "hovermode": "closest", "hoverlabel": {"align": "left"}, "paper_bgcolor": "rgb(17,17,17)", "plot_bgcolor": "rgb(17,17,17)", "polar": {"bgcolor": "rgb(17,17,17)", "angularaxis": {"gridcolor": "#506784", "linecolor": "#506784", "ticks": ""}, "radialaxis": {"gridcolor": "#506784", "linecolor": "#506784", "ticks": ""}}, "ternary": {"bgcolor": "rgb(17,17,17)", "aaxis": {"gridcolor": "#506784", "linecolor": "#506784", "ticks": ""}, "baxis": {"gridcolor": "#506784", "linecolor": "#506784", "ticks": ""}, "caxis": {"gridcolor": "#506784", "linecolor": "#506784", "ticks": ""}}, "coloraxis": {"colorbar": {"outlinewidth": 0, "ticks": ""}}, "colorscale": {"sequential": [[0.0, "#0d0887"], [0.1111111111111111, "#46039f"], [0.2222222222222222, "#7201a8"], [0.3333333333333333, "#9c179e"], [0.4444444444444444, "#bd3786"], [0.5555555555555556, "#d8576b"], [0.6666666666666666, "#ed7953"], [0.7777777777777778, "#fb9f3a"], [0.8888888888888888, "#fdca26"], [1.0, "#f0f921"]], "sequentialminus": [[0.0, "#0d0887"], [0.1111111111111111, "#46039f"], [0.2222222222222222, "#7201a8"], [0.3333333333333333, "#9c179e"], [0.4444444444444444, "#bd3786"], [0.5555555555555556, "#d8576b"], [0.6666666666666666, "#ed7953"], [0.7777777777777778, "#fb9f3a"], [0.8888888888888888, "#fdca26"], [1.0, "#f0f921"]], "diverging": [[0, "#8e0152"], [0.1, "#c51b7d"], [0.2, "#de77ae"], [0.3, "#f1b6da"], [0.4, "#fde0ef"], [0.5, "#f7f7f7"], [0.6, "#e6f5d0"], [0.7, "#b8e186"], [0.8, "#7fbc41"], [0.9, "#4d9221"], [1, "#276419"]]}, "xaxis": {"gridcolor": "rgba(0, 0, 0, 0)", "linecolor": "#506784", "ticks": "", "title": {"standoff": 15}, "zerolinecolor": "#283442", "automargin": true, "zerolinewidth": 2, "tickfont": {"family": "Courier New", "size": 14}, "side": "top", "tickangle": -90}, "yaxis": {"gridcolor": "rgba(0, 0, 0, 0)", "linecolor": "#506784", "ticks": "", "title": {"standoff": 15}, "zerolinecolor": "#283442", "automargin": true, "zerolinewidth": 2, "tickfont": {"family": "Courier New"}, "side": "right"}, "scene": {"xaxis": {"backgroundcolor": "rgb(17,17,17)", "gridcolor": "#506784", "linecolor": "#506784", "showbackground": true, "ticks": "", "zerolinecolor": "#C8D4E3", "gridwidth": 2}, "yaxis": {"backgroundcolor": "rgb(17,17,17)", "gridcolor": "#506784", "linecolor": "#506784", "showbackground": true, "ticks": "", "zerolinecolor": "#C8D4E3", "gridwidth": 2}, "zaxis": {"backgroundcolor": "rgb(17,17,17)", "gridcolor": "#506784", "linecolor": "#506784", "showbackground": true, "ticks": "", "zerolinecolor": "#C8D4E3", "gridwidth": 2}}, "shapedefaults": {"line": {"color": "#f2f5fa"}}, "annotationdefaults": {"arrowcolor": "#f2f5fa", "arrowhead": 0, "arrowwidth": 1}, "geo": {"bgcolor": "rgb(17,17,17)", "landcolor": "rgb(17,17,17)", "subunitcolor": "#506784", "showland": true, "showlakes": true, "lakecolor": "rgb(17,17,17)"}, "title": {"x": 0.05, "font": {"family": "Times New Roman"}, "y": 0.05, "text": "<b>Correlation of Adj Close<b><br><i>2016-09-23 ~ 2025-07-30<i>"}, "updatemenudefaults": {"bgcolor": "#506784", "borderwidth": 0}, "sliderdefaults": {"bgcolor": "#C8D4E3", "borderwidth": 1, "bordercolor": "rgb(17,17,17)", "tickwidth": 0}, "mapbox": {"style": "dark"}, "annotations": [{"text": "<b>@zwindr<b>", "textangle": 0, "opacity": 0.5, "font": {"color": "white", "size": 12}, "xref": "paper", "yref": "paper", "xanchor": "left", "yanchor": "bottom", "x": 1.0, "y": 1.0, "showarrow": false}]}, "config": {"responsive": true, "toImageButtonOptions": {"filename": "Correlation of Adj Close_2016-09-23~2025-07-30", "scale": 5}}};

Plotly.newPlot("correlationAdjClose",
    correlationAdjClose.data,
    correlationAdjClose.layout || {},
    correlationAdjClose.config);