var element=document.getElementById("correlationAdjClose");if(element.style.display!='none'){var correlationAdjClose={"data":[{"type":"heatmap","z":[[1.0,0.9955309599621933,0.9713820148620723,0.9967403683582381,0.9466830211931844,0.9853804107655352,0.9581282808486037,0.9866488958490599,0.9768691450096219,0.9968923343758053,0.9964208707818987,0.9968682797070361,0.9911424255551232,0.9923996980025471,0.9965334748212495,0.9865691192174306,0.9997402601847155,0.9862667474459844,0.8943552222799435,0.9134131180859844,0.6627911559555943,0.9841066466774382,0.9400775820790355,0.33090873335313564,-0.2836827094811272,0.9031289034154517,0.9205543259377637,0.9636517047556376,0.9705862293975911,0.9627963453911391,0.9810810678975522,0.9664284729445578,0.9331030985577083,0.9828853892098047,0.9776614854424487,0.9588257882808908],[0.9955309599621933,1.0,0.9690996013360168,0.9922885556715552,0.9444015322280974,0.981804705074744,0.9549709964964315,0.9789869175611452,0.9714021338827858,0.9934909541900876,0.9951940648511398,0.9947791753363813,0.9909141746999005,0.9912867845269958,0.9952726187365909,0.9820148508234785,0.9976393595901558,0.9807799309094173,0.9123230144936219,0.9034692294103098,0.6855947496613629,0.9706831893051664,0.9241727550632542,0.32937672931225276,-0.21850091094333832,0.8833817185261147,0.9170078806053423,0.9630998789806502,0.9523820912947868,0.9512305963015139,0.9732764051201666,0.9531250777311449,0.9321637292788211,0.9740600230760355,0.9699207863025383,0.9541099174292534],[0.9713820148620723,0.9690996013360168,1.0,0.9832138855940382,0.9938074473112756,0.9668482035635846,0.978026864218433,0.9456005514737313,0.9696435095838204,0.9830027675922297,0.9897013659719743,0.9864248750058714,0.9972022204410873,0.9970271619775022,0.9893562409289876,0.9640659309400632,0.9820613293970583,0.9447852805709502,0.8400455215274688,0.8062538361266801,0.5176958774902791,0.9921587755719711,0.9334350331232488,0.15595789700801135,-0.20264742767813512,0.8764358065174375,0.9512427191313948,0.9647540402929161,0.8966010468822285,0.894747865865061,0.9656899043556887,0.8942386274640356,0.862349234620731,0.9536462935691072,0.968841367778147,0.9128173357154539],[0.9967403683582381,0.9922885556715552,0.9832138855940382,1.0,0.966277682546965,0.9767374959532347,0.9568554272148374,0.9756592327877569,0.9721346317364734,0.9999739571787625,0.9999930110527371,0.9999670772140696,0.9937624500252341,0.9929721723668763,0.9999561289330446,0.9752378955883043,0.9958431981038837,0.9748693326667256,0.8738160476792496,0.8917604687658796,0.6200246305257869,0.9941517618790736,0.9440505327355404,0.2946698335782925,-0.27007771483593446,0.8927965969530237,0.9368444532349843,0.9657392171296438,0.9540571954819437,0.9532532023431524,0.9829943363499016,0.9502920575141868,0.9131957411991575,0.9779631001955122,0.9757231836045135,0.9469318909620089],[0.9466830211931844,0.9444015322280974,0.9938074473112756,0.966277682546965,1.0,0.9343347574046075,0.9546753600374502,0.910905426029496,0.9418376885829797,0.9664647111033992,0.9760715921289915,0.9719836580576972,0.9830826760459009,0.981085321515279,0.9754701897285597,0.9301799021598695,0.9587784765477037,0.9096572201333406,0.7963378369402504,0.7655547916662755,0.4599016168577472,0.983101145185498,0.9204361991596374,0.11770547400385212,-0.18703307008241782,0.8358433022586551,0.9603670700860482,0.9425648583136859,0.8548465579110602,0.8610078315404549,0.947517103899555,0.8535268162316358,0.81398954884304,0.9264674483714485,0.9443242752401511,0.8753945691497518],[0.9853804107655352,0.981804705074744,0.9668482035635846,0.9767374959532347,0.9343347574046075,1.0,0.983217471021326,0.9824874362883841,0.9843321305711807,0.9762640059113805,0.9707027275981946,0.974251880584973,0.9694337299255198,0.9669780323525167,0.970766529665076,0.9999083977884353,0.9877267247529281,0.9832710898657182,0.8999184805858433,0.8718797500579629,0.6327644686178804,0.9673861016721599,0.9140632023510573,0.21303977909364458,-0.2118317723779974,0.9344603861787409,0.8934406751073194,0.9677088262304444,0.9562528769175912,0.9363761653501457,0.9618976991529016,0.953459071351335,0.9462612148025191,0.965595929136675,0.9813403945061027,0.961322778875776],[0.9581282808486037,0.9549709964964315,0.978026864218433,0.9568554272148374,0.9546753600374502,0.983217471021326,1.0,0.9529485828539717,0.9841540165286529,0.9556967122200919,0.9646763926892186,0.9616204089850988,0.9779051987717181,0.9778668291383042,0.9644829227087612,0.9843581467462642,0.9749591516255723,0.9550887186912691,0.8607187170557188,0.7914308435943385,0.5194063947992317,0.9602222347593523,0.9164856402357999,0.0753951461854166,-0.15140175767841532,0.8959483367631029,0.9034359669842489,0.963124713241074,0.8980624488265159,0.874334151675497,0.9458173229626622,0.8946683396067721,0.8932427240824252,0.9392613355515241,0.9723707331276823,0.9188730331521396],[0.9866488958490599,0.9789869175611452,0.9456005514737313,0.9756592327877569,0.910905426029496,0.9824874362883841,0.9529485828539717,1.0,0.9841702947352491,0.9756524915450661,0.9701983292527352,0.9744118119128236,0.9577224101788805,0.9560526240825522,0.970531050379277,0.9842985950685907,0.9837279136323399,0.9998898983744473,0.9288832188954292,0.931153849534407,0.6068309452314814,0.9604858248039246,0.9057706731455275,0.18954586513730448,-0.3016511503604373,0.9118602276131499,0.8579671631375032,0.9478853986187058,0.9788593826107481,0.9595873978018485,0.9674392142409107,0.9673441875648411,0.9373319550364695,0.9659604087599969,0.9613226576797739,0.9700322376591208],[0.9768691450096219,0.9714021338827858,0.9696435095838204,0.9721346317364734,0.9418376885829797,0.9843321305711807,0.9841540165286529,0.9841702947352491,1.0,0.9714913066320746,0.9669766149491441,0.9701678475319112,0.96559442489656,0.9615780737290276,0.9670058052732011,0.9834936121034704,0.9760681989770039,0.9835416185568322,0.9021403001679478,0.8656341694824196,0.5218060788809064,0.9675791061503285,0.9251869637897746,0.04992154260911411,-0.22432325766974132,0.8911761765218602,0.87545782034827,0.9680473010375126,0.9371183087269114,0.9106114484198709,0.9652142024085478,0.9254085132520791,0.9021095471018197,0.9574456181794313,0.9756935912300435,0.9345878613202722],[0.9968923343758053,0.9934909541900876,0.9830027675922297,0.9999739571787625,0.9664647111033992,0.9762640059113805,0.9556967122200919,0.9756524915450661,0.9714913066320746,1.0,0.9999918640744274,0.9999842538498029,0.9937062207684259,0.9929090074828133,0.9999594758809215,0.9747695818369995,0.9957349442580591,0.9749522203814127,0.8754763161425648,0.8930404321206857,0.6159191650541009,0.9943519928922454,0.9441563548856275,0.2994785406385113,-0.2695590790580064,0.893223492967431,0.9353468013414493,0.9644619579990497,0.953712408391761,0.9524110110549829,0.982230184143095,0.9496665801316482,0.911848754580753,0.9772380531056722,0.9748554200714932,0.9456852919811297],[0.9964208707818987,0.9951940648511398,0.9897013659719743,0.9999930110527371,0.9760715921289915,0.9707027275981946,0.9646763926892186,0.9701983292527352,0.9669766149491441,0.9999918640744274,1.0,0.9999766208320623,0.993797969985033,0.9929864868399461,0.9999617698352802,0.9702400029973092,0.9955419817020228,0.9705857414743615,0.8935722905871859,0.9215122111179301,0.4768897930583454,0.9973581432884475,0.932757649214642,-0.1834519202582337,0.4260092113316988,0.8871211858377223,0.9121583406478201,0.9648042152007069,0.9418650012201392,0.9355229596234318,0.9757171247107497,0.9283524005550488,0.883671165996006,0.9686186490965023,0.9824287820371626,0.9421932858953145],[0.9968682797070361,0.9947791753363813,0.9864248750058714,0.9999670772140696,0.9719836580576972,0.974251880584973,0.9616204089850988,0.9744118119128236,0.9701678475319112,0.9999842538498029,0.9999766208320623,1.0,0.9936684894228517,0.9928556980253228,0.999969901438388,0.9739095745476023,0.99565370469913,0.9742693833181638,0.8826160577838723,0.9098821225435118,0.5490209985777991,0.9963946414123824,0.9420398052640793,0.027072739351550412,-0.16122555955995813,0.9028881145751906,0.9234701428091875,0.9602753796068195,0.9461323088914675,0.9426449549245931,0.979432501663517,0.939469689106166,0.9040033383549367,0.9737093578199547,0.9747990895876244,0.9485414344918632],[0.9911424255551232,0.9909141746999005,0.9972022204410873,0.9937624500252341,0.9830826760459009,0.9694337299255198,0.9779051987717181,0.9577224101788805,0.96559442489656,0.9937062207684259,0.993797969985033,0.9936684894228517,1.0,0.9998145925806009,0.9936705816606761,0.968675611229168,0.9914384492813776,0.9577674577287802,0.8730281825462264,0.9051392330399444,0.3871144985215206,0.9913018522351262,0.9275366451632341,-0.4353281169916404,0.4454059184931585,0.8634266730106349,0.9216973691544851,0.9619182512845971,0.9151435735440375,0.9017328249191112,0.9618051026867154,0.899652710562034,0.8409263917676251,0.9600793389604424,0.9761561745646039,0.9328369578975756],[0.9923996980025471,0.9912867845269958,0.9970271619775022,0.9929721723668763,0.981085321515279,0.9669780323525167,0.9778668291383042,0.9560526240825522,0.9615780737290276,0.9929090074828133,0.9929864868399461,0.9928556980253228,0.9998145925806009,1.0,0.9929767349894748,0.966092680156231,0.9924982056786278,0.9562068994594489,0.8564550296491211,0.9152916327703793,0.24036970720675457,0.9885615195055104,0.9214141947620619,-0.7488416591047173,0.42041932334774956,0.8327404648814273,0.9218225623547827,0.956845286490599,0.9068438824536122,0.8935183866444569,0.957089285654351,0.9012180612459184,0.8169310727227381,0.9585966708369525,0.9745656130633269,0.9301017065565638],[0.9965334748212495,0.9952726187365909,0.9893562409289876,0.9999561289330446,0.9754701897285597,0.970766529665076,0.9644829227087612,0.970531050379277,0.9670058052732011,0.9999594758809215,0.9999617698352802,0.999969901438388,0.9936705816606761,0.9929767349894748,1.0,0.9703494044867735,0.9956403864484175,0.9707759789369877,0.8939968148808811,0.9219827787540102,0.4774145982315455,0.9971578827551628,0.9328405337956808,-0.18138581729332168,0.4276320824212599,0.8875140577432039,0.9112071829366925,0.9645991218322221,0.9419993014502094,0.9359414972161993,0.9757265168174987,0.928816604049182,0.8840488616844013,0.9685523955335265,0.9824925888742689,0.9429266999443395],[0.9865691192174306,0.9820148508234785,0.9640659309400632,0.9752378955883043,0.9301799021598695,0.9999083977884353,0.9843581467462642,0.9842985950685907,0.9834936121034704,0.9747695818369995,0.9702400029973092,0.9739095745476023,0.968675611229168,0.966092680156231,0.9703494044867735,1.0,0.9876406992863094,0.9835582815661038,0.9028807040401395,0.895796572395158,0.6164048756598202,0.9646970278422456,0.9090777757711352,0.06314896844574062,-0.18330189545608014,0.9409527557228242,0.8814218814207507,0.9651477991443632,0.959433824293829,0.9339862678693698,0.9587422738738045,0.9546993498459144,0.9446796744273358,0.9675863653894884,0.9805279695180416,0.9651603296571656],[0.9997402601847155,0.9976393595901558,0.9820613293970583,0.9958431981038837,0.9587784765477037,0.9877267247529281,0.9749591516255723,0.9837279136323399,0.9760681989770039,0.9957349442580591,0.9955419817020228,0.99565370469913,0.9914384492813776,0.9924982056786278,0.9956403864484175,0.9876406992863094,1.0,0.984056308820605,0.9164162336646245,0.9344035683260375,0.5404315669595948,0.9882407502612459,0.9251941749903247,-0.12322167458042499,0.45067948797631746,0.917452331284015,0.8972858812491484,0.9690045146052478,0.9622868099794851,0.9469124164395674,0.9739127886241216,0.9498517100169663,0.9183565219307265,0.9762531428492812,0.9882911632940251,0.9648618864935006],[0.9862667474459844,0.9807799309094173,0.9447852805709502,0.9748693326667256,0.9096572201333406,0.9832710898657182,0.9550887186912691,0.9998898983744473,0.9835416185568322,0.9749522203814127,0.9705857414743615,0.9742693833181638,0.9577674577287802,0.9562068994594489,0.9707759789369877,0.9835582815661038,0.984056308820605,1.0,0.9317483559896238,0.9373193759739499,0.6036707762237541,0.9585822793435506,0.9092242759480625,0.15233331242693995,-0.2772533614932891,0.9164476062575665,0.8528168626345104,0.9477037199836094,0.9793494797741097,0.9591101073983935,0.9657463771301027,0.9661640602702258,0.936943621875973,0.9651785904346073,0.9593607444112418,0.9710366722936238],[0.8943552222799435,0.9123230144936219,0.8400455215274688,0.8738160476792496,0.7963378369402504,0.8999184805858433,0.8607187170557188,0.9288832188954292,0.9021403001679478,0.8754763161425648,0.8935722905871859,0.8826160577838723,0.8730281825462264,0.8564550296491211,0.8939968148808811,0.9028807040401395,0.9164162336646245,0.9317483559896238,1.0,0.8349853683545013,0.6832711582574934,0.8434385495877662,0.8086795468132595,0.23932147885533378,-0.15847679873969323,0.8625157872806309,0.724562051168893,0.8572786983473678,0.8963775451483197,0.8643000859362456,0.8525010846650631,0.8764679006421012,0.862514048388053,0.8580521789302082,0.8719839340011263,0.8972279838811793],[0.9134131180859844,0.9034692294103098,0.8062538361266801,0.8917604687658796,0.7655547916662755,0.8718797500579629,0.7914308435943385,0.931153849534407,0.8656341694824196,0.8930404321206857,0.9215122111179301,0.9098821225435118,0.9051392330399444,0.9152916327703793,0.9219827787540102,0.895796572395158,0.9344035683260375,0.9373193759739499,0.8349853683545013,1.0,0.8181951450364826,0.8398617135022252,0.8660927568846204,0.6164251763103366,-0.5161902216130605,0.7267394478332544,0.7938841441552661,0.8164395501261158,0.960726501138288,0.9393801690939398,0.8925170046442352,0.9486241876854877,0.9039620831552811,0.9002887837481912,0.8494697495015557,0.8875956761362408],[0.6627911559555943,0.6855947496613629,0.5176958774902791,0.6200246305257869,0.4599016168577472,0.6327644686178804,0.5194063947992317,0.6068309452314814,0.5218060788809064,0.6159191650541009,0.4768897930583454,0.5490209985777991,0.3871144985215206,0.24036970720675457,0.4774145982315455,0.6164048756598202,0.5404315669595948,0.6036707762237541,0.6832711582574934,0.8181951450364826,1.0,0.5522363415222233,0.6681563897866717,0.722654081756599,-0.11595995183680387,0.5280384538404956,0.5377841792863398,0.5893036779817094,0.7626029869095651,0.6892477759754042,0.5948311068029645,0.7247478263473626,0.7464990061190718,0.6433811360284203,0.6069222376369107,0.6617721626188782],[0.9841066466774382,0.9706831893051664,0.9921587755719711,0.9941517618790736,0.983101145185498,0.9673861016721599,0.9602222347593523,0.9604858248039246,0.9675791061503285,0.9943519928922454,0.9973581432884475,0.9963946414123824,0.9913018522351262,0.9885615195055104,0.9971578827551628,0.9646970278422456,0.9882407502612459,0.9585822793435506,0.8434385495877662,0.8398617135022252,0.5522363415222233,1.0,0.9221896438711881,0.22231559556434827,-0.2584376309487739,0.8740571579958009,0.9464465545061679,0.9670416685775312,0.9173343873849464,0.9304351209127549,0.9745751251481395,0.9228459683184802,0.8811708210726522,0.9646660454475768,0.9616186151967587,0.925601651844672],[0.9400775820790355,0.9241727550632542,0.9334350331232488,0.9440505327355404,0.9204361991596374,0.9140632023510573,0.9164856402357999,0.9057706731455275,0.9251869637897746,0.9441563548856275,0.932757649214642,0.9420398052640793,0.9275366451632341,0.9214141947620619,0.9328405337956808,0.9090777757711352,0.9251941749903247,0.9092242759480625,0.8086795468132595,0.8660927568846204,0.6681563897866717,0.9221896438711881,1.0,0.2685886556148714,-0.18179054131915282,0.7348535169396896,0.9037511348856808,0.9074831585136509,0.898784542580489,0.8649993343994875,0.9415477127989517,0.8758743303733579,0.8414184935262551,0.9357729538491124,0.8961990748146526,0.8688289493268069],[0.33090873335313564,0.32937672931225276,0.15595789700801135,0.2946698335782925,0.11770547400385212,0.21303977909364458,0.0753951461854166,0.18954586513730448,0.04992154260911411,0.2994785406385113,-0.1834519202582337,0.027072739351550412,-0.4353281169916404,-0.7488416591047173,-0.18138581729332168,0.06314896844574062,-0.12322167458042499,0.15233331242693995,0.23932147885533378,0.6164251763103366,0.722654081756599,0.22231559556434827,0.2685886556148714,1.0,-0.37914506095329426,0.24481900394750908,0.19177510051971008,0.15118864644786542,0.44272048966768307,0.4316947949075091,0.2685142190383781,0.45572834766759457,0.3888332061220296,0.3032731284233903,0.22309323026068478,0.3428524721988337],[-0.2836827094811272,-0.21850091094333832,-0.20264742767813512,-0.27007771483593446,-0.18703307008241782,-0.2118317723779974,-0.15140175767841532,-0.3016511503604373,-0.22432325766974132,-0.2695590790580064,0.4260092113316988,-0.16122555955995813,0.4454059184931585,0.42041932334774956,0.4276320824212599,-0.18330189545608014,0.45067948797631746,-0.2772533614932891,-0.15847679873969323,-0.5161902216130605,-0.11595995183680387,-0.2584376309487739,-0.18179054131915282,-0.37914506095329426,1.0,-0.15367831425491243,-0.2345575482071788,-0.17677274213196603,-0.38023275206806356,-0.36739538236166097,-0.300308141260155,-0.3383030972269052,-0.20849180094723255,-0.33146946718902737,-0.1766267491920217,-0.3063124507380747],[0.9031289034154517,0.8833817185261147,0.8764358065174375,0.8927965969530237,0.8358433022586551,0.9344603861787409,0.8959483367631029,0.9118602276131499,0.8911761765218602,0.893223492967431,0.8871211858377223,0.9028881145751906,0.8634266730106349,0.8327404648814273,0.8875140577432039,0.9409527557228242,0.917452331284015,0.9164476062575665,0.8625157872806309,0.7267394478332544,0.5280384538404956,0.8740571579958009,0.7348535169396896,0.24481900394750908,-0.15367831425491243,1.0,0.7686550550308721,0.8931329086080876,0.829424590877036,0.8727987944269072,0.8398335487234231,0.8792755669467043,0.87184603672008,0.8687355867766022,0.8759551697428158,0.905962585917812],[0.9205543259377637,0.9170078806053423,0.9512427191313948,0.9368444532349843,0.9603670700860482,0.8934406751073194,0.9034359669842489,0.8579671631375032,0.87545782034827,0.9353468013414493,0.9121583406478201,0.9234701428091875,0.9216973691544851,0.9218225623547827,0.9112071829366925,0.8814218814207507,0.8972858812491484,0.8528168626345104,0.724562051168893,0.7938841441552661,0.5377841792863398,0.9464465545061679,0.9037511348856808,0.19177510051971008,-0.2345575482071788,0.7686550550308721,1.0,0.8862726815951377,0.8479168901842355,0.8471315193917153,0.9131764722635091,0.8400614885494484,0.7978930611664363,0.8990415908691572,0.8971475733593198,0.8526332381566165],[0.9636517047556376,0.9630998789806502,0.9647540402929161,0.9657392171296438,0.9425648583136859,0.9677088262304444,0.963124713241074,0.9478853986187058,0.9680473010375126,0.9644619579990497,0.9648042152007069,0.9602753796068195,0.9619182512845971,0.956845286490599,0.9645991218322221,0.9651477991443632,0.9690045146052478,0.9477037199836094,0.8572786983473678,0.8164395501261158,0.5893036779817094,0.9670416685775312,0.9074831585136509,0.15118864644786542,-0.17677274213196603,0.8931329086080876,0.8862726815951377,1.0,0.9110883529689269,0.8994419914062918,0.9501723304806079,0.8979626457988058,0.8861712156501618,0.9540661073806519,0.9758389410745479,0.9028886555239803],[0.9705862293975911,0.9523820912947868,0.8966010468822285,0.9540571954819437,0.8548465579110602,0.9562528769175912,0.8980624488265159,0.9788593826107481,0.9371183087269114,0.953712408391761,0.9418650012201392,0.9461323088914675,0.9151435735440375,0.9068438824536122,0.9419993014502094,0.959433824293829,0.9622868099794851,0.9793494797741097,0.8963775451483197,0.960726501138288,0.7626029869095651,0.9173343873849464,0.898784542580489,0.44272048966768307,-0.38023275206806356,0.829424590877036,0.8479168901842355,0.9110883529689269,1.0,0.986726943650839,0.9546289686389264,0.9909507402574081,0.9550193069465591,0.9588603303663492,0.9136093581022545,0.9672330777754764],[0.9627963453911391,0.9512305963015139,0.894747865865061,0.9532532023431524,0.8610078315404549,0.9363761653501457,0.874334151675497,0.9595873978018485,0.9106114484198709,0.9524110110549829,0.9355229596234318,0.9426449549245931,0.9017328249191112,0.8935183866444569,0.9359414972161993,0.9339862678693698,0.9469124164395674,0.9591101073983935,0.8643000859362456,0.9393801690939398,0.6892477759754042,0.9304351209127549,0.8649993343994875,0.4316947949075091,-0.36739538236166097,0.8727987944269072,0.8471315193917153,0.8994419914062918,0.986726943650839,1.0,0.9491238766865859,0.9850779185302351,0.956586688080486,0.9431536998278415,0.9258195804819042,0.965177072058978],[0.9810810678975522,0.9732764051201666,0.9656899043556887,0.9829943363499016,0.947517103899555,0.9618976991529016,0.9458173229626622,0.9674392142409107,0.9652142024085478,0.982230184143095,0.9757171247107497,0.979432501663517,0.9618051026867154,0.957089285654351,0.9757265168174987,0.9587422738738045,0.9739127886241216,0.9657463771301027,0.8525010846650631,0.8925170046442352,0.5948311068029645,0.9745751251481395,0.9415477127989517,0.2685142190383781,-0.300308141260155,0.8398335487234231,0.9131764722635091,0.9501723304806079,0.9546289686389264,0.9491238766865859,1.0,0.9476168783572666,0.9049854024536154,0.9785104374010589,0.9672108490492579,0.9469306374461105],[0.9664284729445578,0.9531250777311449,0.8942386274640356,0.9502920575141868,0.8535268162316358,0.953459071351335,0.8946683396067721,0.9673441875648411,0.9254085132520791,0.9496665801316482,0.9283524005550488,0.939469689106166,0.899652710562034,0.9012180612459184,0.928816604049182,0.9546993498459144,0.9498517100169663,0.9661640602702258,0.8764679006421012,0.9486241876854877,0.7247478263473626,0.9228459683184802,0.8758743303733579,0.45572834766759457,-0.3383030972269052,0.8792755669467043,0.8400614885494484,0.8979626457988058,0.9909507402574081,0.9850779185302351,0.9476168783572666,1.0,0.974391421899343,0.9477387320899698,0.936903735355178,0.9647279848920906],[0.9331030985577083,0.9321637292788211,0.862349234620731,0.9131957411991575,0.81398954884304,0.9462612148025191,0.8932427240824252,0.9373319550364695,0.9021095471018197,0.911848754580753,0.883671165996006,0.9040033383549367,0.8409263917676251,0.8169310727227381,0.8840488616844013,0.9446796744273358,0.9183565219307265,0.936943621875973,0.862514048388053,0.9039620831552811,0.7464990061190718,0.8811708210726522,0.8414184935262551,0.3888332061220296,-0.20849180094723255,0.87184603672008,0.7978930611664363,0.8861712156501618,0.9550193069465591,0.956586688080486,0.9049854024536154,0.974391421899343,1.0,0.9068329444209816,0.9222048131118227,0.951448288130528],[0.9828853892098047,0.9740600230760355,0.9536462935691072,0.9779631001955122,0.9264674483714485,0.965595929136675,0.9392613355515241,0.9659604087599969,0.9574456181794313,0.9772380531056722,0.9686186490965023,0.9737093578199547,0.9600793389604424,0.9585966708369525,0.9685523955335265,0.9675863653894884,0.9762531428492812,0.9651785904346073,0.8580521789302082,0.9002887837481912,0.6433811360284203,0.9646660454475768,0.9357729538491124,0.3032731284233903,-0.33146946718902737,0.8687355867766022,0.8990415908691572,0.9540661073806519,0.9588603303663492,0.9431536998278415,0.9785104374010589,0.9477387320899698,0.9068329444209816,1.0,0.9622687647805301,0.9485240455572898],[0.9776614854424487,0.9699207863025383,0.968841367778147,0.9757231836045135,0.9443242752401511,0.9813403945061027,0.9723707331276823,0.9613226576797739,0.9756935912300435,0.9748554200714932,0.9824287820371626,0.9747990895876244,0.9761561745646039,0.9745656130633269,0.9824925888742689,0.9805279695180416,0.9882911632940251,0.9593607444112418,0.8719839340011263,0.8494697495015557,0.6069222376369107,0.9616186151967587,0.8961990748146526,0.22309323026068478,-0.1766267491920217,0.8759551697428158,0.8971475733593198,0.9758389410745479,0.9136093581022545,0.9258195804819042,0.9672108490492579,0.936903735355178,0.9222048131118227,0.9622687647805301,1.0,0.929184920260756],[0.9588257882808908,0.9541099174292534,0.9128173357154539,0.9469318909620089,0.8753945691497518,0.961322778875776,0.9188730331521396,0.9700322376591208,0.9345878613202722,0.9456852919811297,0.9421932858953145,0.9485414344918632,0.9328369578975756,0.9301017065565638,0.9429266999443395,0.9651603296571656,0.9648618864935006,0.9710366722936238,0.8972279838811793,0.8875956761362408,0.6617721626188782,0.925601651844672,0.8688289493268069,0.3428524721988337,-0.3063124507380747,0.905962585917812,0.8526332381566165,0.9028886555239803,0.9672330777754764,0.965177072058978,0.9469306374461105,0.9647279848920906,0.951448288130528,0.9485240455572898,0.929184920260756,1.0]],"x":["^TAIEX       \u81fa\u7063\u52a0\u6b0a\u5831\u916c\u6307\u6578","^TWII        \u81fa\u7063\u52a0\u6b0a\u6307\u6578","^TAIEXx2     \u81fa\u7063\u52a0\u6b0a\u5831\u916c\u6307\u6578_\u65e5\u6b632","^TAI50I      \u81fa\u706350\u5831\u916c\u6307\u6578","^TAI50Ix2    \u81fa\u706350\u5831\u916c\u6307\u6578_\u65e5\u6b632","^TAI100I     \u81fa\u7063\u4e2d\u578b100\u5831\u916c\u6307\u6578","^TAI100Ix2   \u81fa\u7063\u4e2d\u578b100\u5831\u916c\u6307\u6578_\u65e5\u6b632","^TAIDIVIDI   \u81fa\u7063\u9ad8\u80a1\u606f\u5831\u916c\u6307\u6578","^TAIDIVIDIx2 \u81fa\u7063\u9ad8\u80a1\u606f\u5831\u916c\u6307\u6578_\u65e5\u6b632","0050Fund     \u5143\u5927\u53f0\u7063\u5353\u8d8a50\u57fa\u91d1","006208Fund   \u5bcc\u90a6\u53f0\u7063\u91c6\u540950\u57fa\u91d1","0050         \u5143\u5927\u81fa\u706350","00631L       \u5143\u5927\u53f0\u706350\u6b632","00675L       \u5bcc\u90a6\u81fa\u7063\u52a0\u6b0a\u6b632","006208       \u5bcc\u90a6\u53f050","0051         \u5143\u5927\u4e2d\u578b100","006204       \u6c38\u8c50\u81fa\u7063\u52a0\u6b0a","0056         \u5143\u5927\u9ad8\u80a1\u606f","0056         \u5143\u5927\u9ad8\u80a1\u606f_\u80a1\u606f\u4e0d\u6295\u5165","2412         \u4e2d\u83ef\u96fb\u4fe1","2002         \u4e2d\u92fc","2330         \u53f0\u7a4d\u96fb","2317         \u9d3b\u6d77","6505         \u53f0\u5851\u77f3\u5316","3481         \u7fa4\u5275","2303         \u806f\u96fb","2308         \u53f0\u9054\u96fb","2454         \u806f\u767c\u79d1","2886         \u5146\u8c50\u91d1","2884         \u7389\u5c71\u91d1","2891         \u4e2d\u4fe1\u91d1","2892         \u7b2c\u4e00\u91d1","5880         \u5408\u5eab\u91d1","2881         \u5bcc\u90a6\u91d1","2885         \u5143\u5927\u91d1","2887         \u53f0\u65b0\u91d1"],"y":["^TAIEX       \u81fa\u7063\u52a0\u6b0a\u5831\u916c\u6307\u6578","^TWII        \u81fa\u7063\u52a0\u6b0a\u6307\u6578","^TAIEXx2     \u81fa\u7063\u52a0\u6b0a\u5831\u916c\u6307\u6578_\u65e5\u6b632","^TAI50I      \u81fa\u706350\u5831\u916c\u6307\u6578","^TAI50Ix2    \u81fa\u706350\u5831\u916c\u6307\u6578_\u65e5\u6b632","^TAI100I     \u81fa\u7063\u4e2d\u578b100\u5831\u916c\u6307\u6578","^TAI100Ix2   \u81fa\u7063\u4e2d\u578b100\u5831\u916c\u6307\u6578_\u65e5\u6b632","^TAIDIVIDI   \u81fa\u7063\u9ad8\u80a1\u606f\u5831\u916c\u6307\u6578","^TAIDIVIDIx2 \u81fa\u7063\u9ad8\u80a1\u606f\u5831\u916c\u6307\u6578_\u65e5\u6b632","0050Fund     \u5143\u5927\u53f0\u7063\u5353\u8d8a50\u57fa\u91d1","006208Fund   \u5bcc\u90a6\u53f0\u7063\u91c6\u540950\u57fa\u91d1","0050         \u5143\u5927\u81fa\u706350","00631L       \u5143\u5927\u53f0\u706350\u6b632","00675L       \u5bcc\u90a6\u81fa\u7063\u52a0\u6b0a\u6b632","006208       \u5bcc\u90a6\u53f050","0051         \u5143\u5927\u4e2d\u578b100","006204       \u6c38\u8c50\u81fa\u7063\u52a0\u6b0a","0056         \u5143\u5927\u9ad8\u80a1\u606f","0056         \u5143\u5927\u9ad8\u80a1\u606f_\u80a1\u606f\u4e0d\u6295\u5165","2412         \u4e2d\u83ef\u96fb\u4fe1","2002         \u4e2d\u92fc","2330         \u53f0\u7a4d\u96fb","2317         \u9d3b\u6d77","6505         \u53f0\u5851\u77f3\u5316","3481         \u7fa4\u5275","2303         \u806f\u96fb","2308         \u53f0\u9054\u96fb","2454         \u806f\u767c\u79d1","2886         \u5146\u8c50\u91d1","2884         \u7389\u5c71\u91d1","2891         \u4e2d\u4fe1\u91d1","2892         \u7b2c\u4e00\u91d1","5880         \u5408\u5eab\u91d1","2881         \u5bcc\u90a6\u91d1","2885         \u5143\u5927\u91d1","2887         \u53f0\u65b0\u91d1"],"zmin":-1,"zmax":1,"colorbar":{"x":-0.2}}],"layout":{"autotypenumbers":"strict","colorway":["#636efa","#EF553B","#00cc96","#ab63fa","#FFA15A","#19d3f3","#FF6692","#B6E880","#FF97FF","#FECB52"],"font":{"color":"#f2f5fa","family":"Courier New"},"hovermode":"closest","hoverlabel":{"align":"left"},"paper_bgcolor":"rgb(17,17,17)","plot_bgcolor":"rgb(17,17,17)","polar":{"bgcolor":"rgb(17,17,17)","angularaxis":{"gridcolor":"#506784","linecolor":"#506784","ticks":""},"radialaxis":{"gridcolor":"#506784","linecolor":"#506784","ticks":""}},"ternary":{"bgcolor":"rgb(17,17,17)","aaxis":{"gridcolor":"#506784","linecolor":"#506784","ticks":""},"baxis":{"gridcolor":"#506784","linecolor":"#506784","ticks":""},"caxis":{"gridcolor":"#506784","linecolor":"#506784","ticks":""}},"coloraxis":{"colorbar":{"outlinewidth":0,"ticks":""}},"colorscale":{"sequential":[[0.0,"#0d0887"],[0.1111111111111111,"#46039f"],[0.2222222222222222,"#7201a8"],[0.3333333333333333,"#9c179e"],[0.4444444444444444,"#bd3786"],[0.5555555555555556,"#d8576b"],[0.6666666666666666,"#ed7953"],[0.7777777777777778,"#fb9f3a"],[0.8888888888888888,"#fdca26"],[1.0,"#f0f921"]],"sequentialminus":[[0.0,"#0d0887"],[0.1111111111111111,"#46039f"],[0.2222222222222222,"#7201a8"],[0.3333333333333333,"#9c179e"],[0.4444444444444444,"#bd3786"],[0.5555555555555556,"#d8576b"],[0.6666666666666666,"#ed7953"],[0.7777777777777778,"#fb9f3a"],[0.8888888888888888,"#fdca26"],[1.0,"#f0f921"]],"diverging":[[0,"#8e0152"],[0.1,"#c51b7d"],[0.2,"#de77ae"],[0.3,"#f1b6da"],[0.4,"#fde0ef"],[0.5,"#f7f7f7"],[0.6,"#e6f5d0"],[0.7,"#b8e186"],[0.8,"#7fbc41"],[0.9,"#4d9221"],[1,"#276419"]]},"xaxis":{"gridcolor":"rgba(0, 0, 0, 0)","linecolor":"#506784","ticks":"","title":{"standoff":15},"zerolinecolor":"#283442","automargin":true,"zerolinewidth":2,"tickfont":{"family":"Courier New","size":14},"side":"top","tickangle":-90},"yaxis":{"gridcolor":"rgba(0, 0, 0, 0)","linecolor":"#506784","ticks":"","title":{"standoff":15},"zerolinecolor":"#283442","automargin":true,"zerolinewidth":2,"tickfont":{"family":"Courier New"},"side":"right"},"scene":{"xaxis":{"backgroundcolor":"rgb(17,17,17)","gridcolor":"#506784","linecolor":"#506784","showbackground":true,"ticks":"","zerolinecolor":"#C8D4E3","gridwidth":2},"yaxis":{"backgroundcolor":"rgb(17,17,17)","gridcolor":"#506784","linecolor":"#506784","showbackground":true,"ticks":"","zerolinecolor":"#C8D4E3","gridwidth":2},"zaxis":{"backgroundcolor":"rgb(17,17,17)","gridcolor":"#506784","linecolor":"#506784","showbackground":true,"ticks":"","zerolinecolor":"#C8D4E3","gridwidth":2}},"shapedefaults":{"line":{"color":"#f2f5fa"}},"annotationdefaults":{"arrowcolor":"#f2f5fa","arrowhead":0,"arrowwidth":1},"geo":{"bgcolor":"rgb(17,17,17)","landcolor":"rgb(17,17,17)","subunitcolor":"#506784","showland":true,"showlakes":true,"lakecolor":"rgb(17,17,17)"},"title":{"x":0.05,"font":{"family":"Times New Roman"},"y":0.05,"text":"<b>Correlation of Adj Close<b><br><i>2016-09-23 ~ 2026-02-10<i>"},"updatemenudefaults":{"bgcolor":"#506784","borderwidth":0},"sliderdefaults":{"bgcolor":"#C8D4E3","borderwidth":1,"bordercolor":"rgb(17,17,17)","tickwidth":0},"mapbox":{"style":"dark"},"annotations":[{"text":"<b>@zwindr<b>","textangle":0,"opacity":0.5,"font":{"color":"white","size":12},"xref":"paper","yref":"paper","xanchor":"left","yanchor":"bottom","x":1.0,"y":1.0,"showarrow":false}]},"config":{"responsive":true,"toImageButtonOptions":{"filename":"Correlation of Adj Close_2016-09-23~2026-02-10","scale":5}}};Plotly.newPlot("correlationAdjClose",correlationAdjClose.data,correlationAdjClose.layout||{},correlationAdjClose.config);}else{console.log("style display is none => correlationAdjClose");}