var element=document.getElementById("correlationAdjClose");if(element.style.display!='none'){var correlationAdjClose={"data":[{"type":"heatmap","z":[[1.0,0.9945108303424001,0.9768574532410927,0.9974145593000141,0.9620889163765309,0.9828526161355396,-0.9483709619400562,0.9899971889126172,0.9728311751671682,0.9975557486394416,0.9970017882502148,0.9974911239536569,0.9936726996345245,0.9944460739292567,0.9970688097511707,0.9848471875863063,0.9996908513899687,0.9899105607145863,0.9016027523829631,0.9213282731474236,0.7179988557065873,0.9853299567151833,0.9276627264781099,0.39644764349277284,-0.3018712828452028,0.8995894746993195,0.9496620349874897,0.9583024842582115,0.9800038446058807,0.9661946374079787,0.9771003257282365,0.9727352597494907,0.9445936329192963,0.9813639138382286,0.9728385476930566,0.9547574861271547],[0.9945108303424001,1.0,0.9723859769470423,0.9915015521435905,0.9573496269333501,0.978696301603731,-0.9438993348392491,0.9817678727831672,0.966490308728529,0.9928370022444238,0.9949669424858172,0.9943669646597244,0.9926532037747254,0.9921857922143473,0.9949895885377805,0.9794536292711304,0.9969725190713824,0.9842149920161887,0.9242390870814705,0.9110014155317112,0.7337257966867597,0.9681785014887222,0.9088542514628514,0.3962947164464822,-0.22990464193213003,0.8759697043597046,0.9397171142453943,0.9575213162981789,0.9594966436429088,0.9531970645095312,0.9674455205159825,0.9581941630093228,0.943131511279058,0.9710617640075004,0.9634977173236073,0.9493093850831273],[0.9768574532410927,0.9723859769470423,1.0,0.9841569257802659,0.9954651350599577,0.9772068233124735,-0.9773813863733416,0.9675335345408685,0.9828930722308172,0.9837799640239263,0.9904286178877262,0.9870380673636459,0.996935121076719,0.9967164197594655,0.9901477345895874,0.9752944817612396,0.987143855313766,0.9672081669292626,0.872830436100107,0.8295932450444575,0.6003443188746389,0.9912831464935798,0.9227926793321235,0.22768318150429429,-0.22615688327376476,0.8956624370908826,0.9407945731080312,0.979274276843302,0.9284640062455702,0.9151790154527619,0.9672491561393919,0.9200322288440942,0.9011686611563167,0.966582923928922,0.97427507797548,0.9201483615374867],[0.9974145593000141,0.9915015521435905,0.9841569257802659,1.0,0.9755042500212395,0.9749801723436544,-0.9443457275838334,0.9833586388272473,0.9701325820885802,0.9999666999929412,0.9999905935379935,0.9999601577992666,0.9923716215442728,0.9905562094929363,0.999945461333638,0.9742741236063536,0.9958781110539172,0.98301118173593,0.8880181152562211,0.9060498581836447,0.6843063652794225,0.9937119053953168,0.9306495967739413,0.36769364021274425,-0.2922454221988144,0.8945529241252862,0.9528296280037915,0.9641559532002754,0.9698477811344938,0.9626080345370662,0.9797137437487055,0.962154872396778,0.9317246066921807,0.9790221895671268,0.9714452308244016,0.9449721463470133],[0.9620889163765309,0.9573496269333501,0.9954651350599577,0.9755042500212395,1.0,0.9544551081120899,-0.9584072161135345,0.9485933383860621,0.9678229536992219,0.9755121257932724,0.9847312667636742,0.9807793378075433,0.9849154590604621,0.9815546272444537,0.9842451295703805,0.9512316151813464,0.9726669741520441,0.9480323385027611,0.8479639885892253,0.8053739522906421,0.5584488429222257,0.9888964254824769,0.9186633248353249,0.19722193700329552,-0.21763241144854856,0.8702190612556102,0.9378284392488031,0.9733952951632215,0.904647373013357,0.8986156637483327,0.9597104267066237,0.8955182050233971,0.8706806106823847,0.9532804665560377,0.9601181332190984,0.8928026489100162],[0.9828526161355396,0.978696301603731,0.9772068233124735,0.9749801723436544,0.9544551081120899,1.0,-0.9817133676946013,0.9818611466664324,0.9813849211259801,0.9743407097096862,0.9699274627896545,0.9728709848361937,0.9767813547918567,0.974663658238926,0.9698622841495874,0.999899661639867,0.9868340122491445,0.9828387628301134,0.901817592849512,0.8681259204845265,0.6854184965028833,0.9679538051668187,0.8991727923497309,0.26711927941435554,-0.2185087433225032,0.9336860724657445,0.9276628198265013,0.9624034374558894,0.9595906136958465,0.9327670382431382,0.9548369687527817,0.9542751676918363,0.9545947978860626,0.9600993913947649,0.9780870277731236,0.9561369609807122],[-0.9483709619400562,-0.9438993348392491,-0.9773813863733416,-0.9443457275838334,-0.9584072161135345,-0.9817133676946013,1.0,-0.9543364938559029,-0.9846470033968553,-0.942850506758371,-0.9544234792775383,-0.9503206004400793,-0.9762284797263436,-0.9774706672216844,-0.9541217076440751,-0.9844187080544691,-0.9680533405512275,-0.9570051133250675,-0.8697611627927316,-0.7856490316314105,-0.5814641315902164,-0.9488779230982782,-0.8948116759925122,-0.12566091046047526,0.15546676593729572,-0.8994685105053438,-0.9041207867661823,-0.9610095971269461,-0.9040201552386974,-0.8688868171923699,-0.9323944846129717,-0.8965116775123454,-0.9088842289494314,-0.9317013162938027,-0.9669020807761103,-0.9110242433743],[0.9899971889126172,0.9817678727831672,0.9675335345408685,0.9833586388272473,0.9485933383860621,0.9818611466664324,-0.9543364938559029,1.0,0.9833234970540126,0.9833075164917999,0.9790811121314351,0.982344232236846,0.9754528429476328,0.9746469332259995,0.9792320791643145,0.983707423111031,0.9879332764560043,0.999876558693484,0.927416362858833,0.9272071132113081,0.652689045224428,0.9723329389413663,0.8993753070982141,0.24931308015492476,-0.3112441107658627,0.9053333897049515,0.916676070559604,0.9415104704960798,0.9788903184204756,0.9556549661540455,0.9684643002004599,0.964913784650242,0.937201499055321,0.9618135340982056,0.9598594938867565,0.9661378833810295],[0.9728311751671682,0.966490308728529,0.9828930722308172,0.9701325820885802,0.9678229536992219,0.9813849211259801,-0.9846470033968553,0.9833234970540126,1.0,0.9692994250293147,0.9662751484634405,0.9683118136961039,0.9742994496143038,0.9714610751894582,0.9661340326126373,0.9804366315753933,0.9729042599309736,0.9826464817288717,0.9036532584067288,0.8580136329480927,0.5749652549097672,0.9693001545455485,0.9132129670180961,0.10755513008820956,-0.23225811953264672,0.8849708152009327,0.9083347195298146,0.9632146633816673,0.9367277964510149,0.9027386697110833,0.9595594573278247,0.9211474224108123,0.9046654931800957,0.9497509195580962,0.9718873396598923,0.9249678803534288],[0.9975557486394416,0.9928370022444238,0.9837799640239263,0.9999666999929412,0.9755121257932724,0.9743407097096862,-0.942850506758371,0.9833075164917999,0.9692994250293147,1.0,0.9999889062442918,0.9999834236350339,0.9922377250254805,0.99039433239367,0.9999511315050058,0.9736462856511788,0.9957409468840727,0.9830593057128809,0.8899226520767469,0.9071346918123913,0.6831956396922126,0.993904805067839,0.9304783102839967,0.37293100026454007,-0.29162787324389744,0.8956217080159748,0.9513071418600526,0.9626725733273817,0.9695819300260186,0.9618359455932757,0.9786431812805704,0.9615503956904934,0.930261550449814,0.978186977174113,0.9701693144745499,0.9433097975808965],[0.9970017882502148,0.9949669424858172,0.9904286178877262,0.9999905935379935,0.9847312667636742,0.9699274627896545,-0.9544234792775383,0.9790811121314351,0.9662751484634405,0.9999889062442918,1.0,0.9999730326817419,0.9923977138729968,0.990552573772784,0.9999541342425953,0.9699280701499879,0.9955310169323367,0.9798192677496602,0.9153617439064642,0.9331777260595965,0.5842404372678023,0.997195182421113,0.9119506959431385,-0.10136131628824009,0.4077228776018418,0.902246901513733,0.9234309771922646,0.9690361997448134,0.9612876790681022,0.9455865673783529,0.969390943292892,0.9421060111573771,0.9134275200220858,0.9680258672768851,0.9816289870343066,0.9396731602011884],[0.9974911239536569,0.9943669646597244,0.9870380673636459,0.9999601577992666,0.9807793378075433,0.9728709848361937,-0.9503206004400793,0.982344232236846,0.9683118136961039,0.9999834236350339,0.9999730326817419,1.0,0.9922528471464632,0.9903832780727768,0.9999626523215599,0.9728831682047416,0.9956568346916826,0.9826052333455715,0.8979631595305196,0.9233413637214638,0.6401120992262557,0.9961446919552188,0.9262469035025628,0.11249622346863103,-0.194973533943143,0.9133991960121669,0.9371413377308083,0.9594181490487323,0.9643791333724231,0.9538664107408821,0.9750586133144861,0.953030893108902,0.9285054422820337,0.9742796887899435,0.9701126622886401,0.9489406352130619],[0.9936726996345245,0.9926532037747254,0.996935121076719,0.9923716215442728,0.9849154590604621,0.9767813547918567,-0.9762284797263436,0.9754528429476328,0.9742994496143038,0.9922377250254805,0.9923977138729968,0.9922528471464632,1.0,0.9997256247168999,0.9924123130706357,0.9768890285693895,0.9937685757243144,0.976393904758166,0.9119949123115272,0.9193426424198125,0.5193483947907039,0.987609832883137,0.905828550304697,-0.3779218886832607,0.4299170239202454,0.8900905157408442,0.9150945861243674,0.9774627225937288,0.9460319417926126,0.9129927147757317,0.9524646132145894,0.9193897612072581,0.8848815514157474,0.9663440864437826,0.9804927683918475,0.9327670145252961],[0.9944460739292567,0.9921857922143473,0.9967164197594655,0.9905562094929363,0.9815546272444537,0.974663658238926,-0.9774706672216844,0.9746469332259995,0.9714610751894582,0.99039433239367,0.990552573772784,0.9903832780727768,0.9997256247168999,1.0,0.9907071012401977,0.9747076691440721,0.9943858020031864,0.9757917161622411,0.8982820862010875,0.9278536783581566,0.38914711434617705,0.9830500512338908,0.897275055074935,-0.742101490908103,0.4039221400163096,0.8599332366950252,0.9099722652259232,0.9761607566050763,0.9396962196587937,0.8990653628857548,0.944789944419664,0.9186714448046205,0.8638403963944843,0.9679729349219581,0.9788845280486674,0.9254893728896885],[0.9970688097511707,0.9949895885377805,0.9901477345895874,0.999945461333638,0.9842451295703805,0.9698622841495874,-0.9541217076440751,0.9792320791643145,0.9661340326126373,0.9999511315050058,0.9999541342425953,0.9999626523215599,0.9924123130706357,0.9907071012401977,1.0,0.9698592924135734,0.9955659566330611,0.9799162353419415,0.9155340003266023,0.9338901964789733,0.5833051628294348,0.9970036189949809,0.9123375085181396,-0.10092530057701325,0.40775165196124474,0.9019662580883916,0.9203212927116634,0.9683812187527391,0.961606316063029,0.9461414523843867,0.969448203789538,0.9427482750300726,0.9137934738673316,0.9680078404644445,0.9815741427717427,0.9402141236959728],[0.9848471875863063,0.9794536292711304,0.9752944817612396,0.9742741236063536,0.9512316151813464,0.999899661639867,-0.9844187080544691,0.983707423111031,0.9804366315753933,0.9736462856511788,0.9699280701499879,0.9728831682047416,0.9768890285693895,0.9747076691440721,0.9698592924135734,1.0,0.9870332174796718,0.9830521544810972,0.9048818391020048,0.8920028692562069,0.6798985122450876,0.9658760522144756,0.8941500762166155,0.1263153605272185,-0.19722215007426389,0.9416271478136911,0.9183966210166428,0.95932550866306,0.9630604550626477,0.930048563062289,0.9513769294845467,0.9554128442670915,0.9539338316683892,0.9623870502542345,0.9774647037915661,0.960733307011267],[0.9996908513899687,0.9969725190713824,0.987143855313766,0.9958781110539172,0.9726669741520441,0.9868340122491445,-0.9680533405512275,0.9879332764560043,0.9729042599309736,0.9957409468840727,0.9955310169323367,0.9956568346916826,0.9937685757243144,0.9943858020031864,0.9955659566330611,0.9870332174796718,1.0,0.9886340516330144,0.9294490307604827,0.9403102079382963,0.6330883182025194,0.9886893936524662,0.9062376534631912,-0.044436824961852556,0.43122191288616146,0.926254908176136,0.9198228141455894,0.9675124752083734,0.9752788721694787,0.9511971336262688,0.967008155518892,0.9584076161030984,0.9399013114503074,0.9738471745716233,0.986045926687907,0.9629008160846695],[0.9899105607145863,0.9842149920161887,0.9672081669292626,0.98301118173593,0.9480323385027611,0.9828387628301134,-0.9570051133250675,0.999876558693484,0.9826464817288717,0.9830593057128809,0.9798192677496602,0.9826052333455715,0.976393904758166,0.9757917161622411,0.9799162353419415,0.9830521544810972,0.9886340516330144,1.0,0.9304314905519654,0.9335111101687945,0.650158748474162,0.9709830314702623,0.9037125302333116,0.2128301335992742,-0.29266937027488305,0.9105231448872891,0.9107079364134049,0.9415844119980528,0.9793989313615252,0.9551279246351772,0.9669080102445425,0.9635662451432998,0.9370356336927159,0.9611544292743245,0.957902680309934,0.9673635640766011],[0.9016027523829631,0.9242390870814705,0.872830436100107,0.8880181152562211,0.8479639885892253,0.901817592849512,-0.8697611627927316,0.927416362858833,0.9036532584067288,0.8899226520767469,0.9153617439064642,0.8979631595305196,0.9119949123115272,0.8982820862010875,0.9155340003266023,0.9048818391020048,0.9294490307604827,0.9304314905519654,1.0,0.8225083056938781,0.7099426126129662,0.8618089713738707,0.8124038061644057,0.2837195624383673,-0.16147246788212305,0.85316605222044,0.7946666266348892,0.8520344224463499,0.8889372203776279,0.8542662709233277,0.8556406879364992,0.8673221918632731,0.8532789187933119,0.8535709022342582,0.8760828667506779,0.8931342291003307],[0.9213282731474236,0.9110014155317112,0.8295932450444575,0.9060498581836447,0.8053739522906421,0.8681259204845265,-0.7856490316314105,0.9272071132113081,0.8580136329480927,0.9071346918123913,0.9331777260595965,0.9233413637214638,0.9193426424198125,0.9278536783581566,0.9338901964789733,0.8920028692562069,0.9403102079382963,0.9335111101687945,0.8225083056938781,1.0,0.832456543815229,0.8576773973738688,0.8724961259129693,0.6539179554749612,-0.5280228506921821,0.7076531586077387,0.8740626852189874,0.8079366518861344,0.9585986072893387,0.936535955693714,0.900523293419182,0.9456433595508645,0.8976655164846745,0.9004045495441173,0.8495997005258594,0.8835131839011293],[0.7179988557065873,0.7337257966867597,0.6003443188746389,0.6843063652794225,0.5584488429222257,0.6854184965028833,-0.5814641315902164,0.652689045224428,0.5749652549097672,0.6831956396922126,0.5842404372678023,0.6401120992262557,0.5193483947907039,0.38914711434617705,0.5833051628294348,0.6798985122450876,0.6330883182025194,0.650158748474162,0.7099426126129662,0.832456543815229,1.0,0.6100169217004133,0.7196625196885043,0.7258370423490493,-0.11676816619772896,0.5373415362523434,0.6721675560355534,0.6196746206594826,0.7801372022341561,0.7116590978901202,0.642430261060859,0.7489759921656807,0.7581344674104603,0.6802806385765309,0.6452249377814259,0.6928143048443585],[0.9853299567151833,0.9681785014887222,0.9912831464935798,0.9937119053953168,0.9888964254824769,0.9679538051668187,-0.9488779230982782,0.9723329389413663,0.9693001545455485,0.993904805067839,0.997195182421113,0.9961446919552188,0.987609832883137,0.9830500512338908,0.9970036189949809,0.9658760522144756,0.9886893936524662,0.9709830314702623,0.8618089713738707,0.8576773973738688,0.6100169217004133,1.0,0.9056991106826315,0.29286306599865786,-0.28489248849325205,0.8791423073250122,0.9462098718293239,0.9715768912847511,0.9383926383469503,0.9453028644776946,0.9720881226093726,0.9398740286832249,0.9057975193643593,0.9690597012047626,0.9572188513181948,0.9255582577166541],[0.9276627264781099,0.9088542514628514,0.9227926793321235,0.9306495967739413,0.9186633248353249,0.8991727923497309,-0.8948116759925122,0.8993753070982141,0.9132129670180961,0.9304783102839967,0.9119506959431385,0.9262469035025628,0.905828550304697,0.897275055074935,0.9123375085181396,0.8941500762166155,0.9062376534631912,0.9037125302333116,0.8124038061644057,0.8724961259129693,0.7196625196885043,0.9056991106826315,1.0,0.3348141022086672,-0.18991636507682513,0.7077152800926026,0.9145686762655529,0.8950888070920828,0.8998740024675154,0.8560976111502069,0.9301143319181474,0.8720520713296028,0.8418785586246091,0.9257646122499587,0.8752276139981712,0.8515176128269286],[0.39644764349277284,0.3962947164464822,0.22768318150429429,0.36769364021274425,0.19722193700329552,0.26711927941435554,-0.12566091046047526,0.24931308015492476,0.10755513008820956,0.37293100026454007,-0.10136131628824009,0.11249622346863103,-0.3779218886832607,-0.742101490908103,-0.10092530057701325,0.1263153605272185,-0.044436824961852556,0.2128301335992742,0.2837195624383673,0.6539179554749612,0.7258370423490493,0.29286306599865786,0.3348141022086672,1.0,-0.38551264472152214,0.2741536101889201,0.314503134064216,0.1873917481222389,0.4803696612397972,0.47373888167322115,0.3280167700762429,0.49646020599547597,0.41724854737807443,0.353600638911125,0.27431615278381677,0.3903314645149748],[-0.3018712828452028,-0.22990464193213003,-0.22615688327376476,-0.2922454221988144,-0.21763241144854856,-0.2185087433225032,0.15546676593729572,-0.3112441107658627,-0.23225811953264672,-0.29162787324389744,0.4077228776018418,-0.194973533943143,0.4299170239202454,0.4039221400163096,0.40775165196124474,-0.19722215007426389,0.43122191288616146,-0.29266937027488305,-0.16147246788212305,-0.5280228506921821,-0.11676816619772896,-0.28489248849325205,-0.18991636507682513,-0.38551264472152214,1.0,-0.1527479518834718,-0.29969490220351463,-0.18003907463228996,-0.3878536480222248,-0.3768507426950114,-0.3217784427650197,-0.34515258469313487,-0.20683252699348764,-0.3474394849808672,-0.18217652437847623,-0.3173914930708185],[0.8995894746993195,0.8759697043597046,0.8956624370908826,0.8945529241252862,0.8702190612556102,0.9336860724657445,-0.8994685105053438,0.9053333897049515,0.8849708152009327,0.8956217080159748,0.902246901513733,0.9133991960121669,0.8900905157408442,0.8599332366950252,0.9019662580883916,0.9416271478136911,0.926254908176136,0.9105231448872891,0.85316605222044,0.7076531586077387,0.5373415362523434,0.8791423073250122,0.7077152800926026,0.2741536101889201,-0.1527479518834718,1.0,0.7990529919102627,0.8836275207038675,0.8161042410267005,0.8612474373159301,0.8271079568838592,0.86928926903874,0.8648231840434905,0.8582293025805441,0.8672552593695019,0.8970885837840361],[0.9496620349874897,0.9397171142453943,0.9407945731080312,0.9528296280037915,0.9378284392488031,0.9276628198265013,-0.9041207867661823,0.916676070559604,0.9083347195298146,0.9513071418600526,0.9234309771922646,0.9371413377308083,0.9150945861243674,0.9099722652259232,0.9203212927116634,0.9183966210166428,0.9198228141455894,0.9107079364134049,0.7946666266348892,0.8740626852189874,0.6721675560355534,0.9462098718293239,0.9145686762655529,0.314503134064216,-0.29969490220351463,0.7990529919102627,1.0,0.9177114044458617,0.9238786900502993,0.9086719840852382,0.9319404766347316,0.9090330835437811,0.8755041573171983,0.9384958840671092,0.9114678638646684,0.8861378657224942],[0.9583024842582115,0.9575213162981789,0.979274276843302,0.9641559532002754,0.9733952951632215,0.9624034374558894,-0.9610095971269461,0.9415104704960798,0.9632146633816673,0.9626725733273817,0.9690361997448134,0.9594181490487323,0.9774627225937288,0.9761607566050763,0.9683812187527391,0.95932550866306,0.9675124752083734,0.9415844119980528,0.8520344224463499,0.8079366518861344,0.6196746206594826,0.9715768912847511,0.8950888070920828,0.1873917481222389,-0.18003907463228996,0.8836275207038675,0.9177114044458617,1.0,0.9079541965782668,0.8900781444265249,0.9428421472695075,0.8905221345200339,0.8858418293420602,0.948245108978685,0.972836382216178,0.8880723399912519],[0.9800038446058807,0.9594966436429088,0.9284640062455702,0.9698477811344938,0.904647373013357,0.9595906136958465,-0.9040201552386974,0.9788903184204756,0.9367277964510149,0.9695819300260186,0.9612876790681022,0.9643791333724231,0.9460319417926126,0.9396962196587937,0.961606316063029,0.9630604550626477,0.9752788721694787,0.9793989313615252,0.8889372203776279,0.9585986072893387,0.7801372022341561,0.9383926383469503,0.8998740024675154,0.4803696612397972,-0.3878536480222248,0.8161042410267005,0.9238786900502993,0.9079541965782668,1.0,0.9860543180774298,0.9639976414338852,0.9902542539880987,0.9521632156288443,0.9600759366965536,0.914831110713455,0.9676445050884579],[0.9661946374079787,0.9531970645095312,0.9151790154527619,0.9626080345370662,0.8986156637483327,0.9327670382431382,-0.8688868171923699,0.9556549661540455,0.9027386697110833,0.9618359455932757,0.9455865673783529,0.9538664107408821,0.9129927147757317,0.8990653628857548,0.9461414523843867,0.930048563062289,0.9511971336262688,0.9551279246351772,0.8542662709233277,0.936535955693714,0.7116590978901202,0.9453028644776946,0.8560976111502069,0.47373888167322115,-0.3768507426950114,0.8612474373159301,0.9086719840852382,0.8900781444265249,0.9860543180774298,1.0,0.9519193345561943,0.98373650479636,0.955115413786843,0.939129261303458,0.9227942273884533,0.9625422472845995],[0.9771003257282365,0.9674455205159825,0.9672491561393919,0.9797137437487055,0.9597104267066237,0.9548369687527817,-0.9323944846129717,0.9684643002004599,0.9595594573278247,0.9786431812805704,0.969390943292892,0.9750586133144861,0.9524646132145894,0.944789944419664,0.969448203789538,0.9513769294845467,0.967008155518892,0.9669080102445425,0.8556406879364992,0.900523293419182,0.642430261060859,0.9720881226093726,0.9301143319181474,0.3280167700762429,-0.3217784427650197,0.8271079568838592,0.9319404766347316,0.9428421472695075,0.9639976414338852,0.9519193345561943,1.0,0.9531254626371523,0.9147330934629501,0.9768648254885272,0.9598325246674655,0.9414739711295217],[0.9727352597494907,0.9581941630093228,0.9200322288440942,0.962154872396778,0.8955182050233971,0.9542751676918363,-0.8965116775123454,0.964913784650242,0.9211474224108123,0.9615503956904934,0.9421060111573771,0.953030893108902,0.9193897612072581,0.9186714448046205,0.9427482750300726,0.9554128442670915,0.9584076161030984,0.9635662451432998,0.8673221918632731,0.9456433595508645,0.7489759921656807,0.9398740286832249,0.8720520713296028,0.49646020599547597,-0.34515258469313487,0.86928926903874,0.9090330835437811,0.8905221345200339,0.9902542539880987,0.98373650479636,0.9531254626371523,1.0,0.973639337964022,0.9456866894049474,0.9385153411743387,0.9633562555960781],[0.9445936329192963,0.943131511279058,0.9011686611563167,0.9317246066921807,0.8706806106823847,0.9545947978860626,-0.9088842289494314,0.937201499055321,0.9046654931800957,0.930261550449814,0.9134275200220858,0.9285054422820337,0.8848815514157474,0.8638403963944843,0.9137934738673316,0.9539338316683892,0.9399013114503074,0.9370356336927159,0.8532789187933119,0.8976655164846745,0.7581344674104603,0.9057975193643593,0.8418785586246091,0.41724854737807443,-0.20683252699348764,0.8648231840434905,0.8755041573171983,0.8858418293420602,0.9521632156288443,0.955115413786843,0.9147330934629501,0.973639337964022,1.0,0.9073153703082586,0.9315022716379517,0.9541868149813324],[0.9813639138382286,0.9710617640075004,0.966582923928922,0.9790221895671268,0.9532804665560377,0.9600993913947649,-0.9317013162938027,0.9618135340982056,0.9497509195580962,0.978186977174113,0.9680258672768851,0.9742796887899435,0.9663440864437826,0.9679729349219581,0.9680078404644445,0.9623870502542345,0.9738471745716233,0.9611544292743245,0.8535709022342582,0.9004045495441173,0.6802806385765309,0.9690597012047626,0.9257646122499587,0.353600638911125,-0.3474394849808672,0.8582293025805441,0.9384958840671092,0.948245108978685,0.9600759366965536,0.939129261303458,0.9768648254885272,0.9456866894049474,0.9073153703082586,1.0,0.9567006353825426,0.9418179699726777],[0.9728385476930566,0.9634977173236073,0.97427507797548,0.9714452308244016,0.9601181332190984,0.9780870277731236,-0.9669020807761103,0.9598594938867565,0.9718873396598923,0.9701693144745499,0.9816289870343066,0.9701126622886401,0.9804927683918475,0.9788845280486674,0.9815741427717427,0.9774647037915661,0.986045926687907,0.957902680309934,0.8760828667506779,0.8495997005258594,0.6452249377814259,0.9572188513181948,0.8752276139981712,0.27431615278381677,-0.18217652437847623,0.8672552593695019,0.9114678638646684,0.972836382216178,0.914831110713455,0.9227942273884533,0.9598325246674655,0.9385153411743387,0.9315022716379517,0.9567006353825426,1.0,0.9193610994412125],[0.9547574861271547,0.9493093850831273,0.9201483615374867,0.9449721463470133,0.8928026489100162,0.9561369609807122,-0.9110242433743,0.9661378833810295,0.9249678803534288,0.9433097975808965,0.9396731602011884,0.9489406352130619,0.9327670145252961,0.9254893728896885,0.9402141236959728,0.960733307011267,0.9629008160846695,0.9673635640766011,0.8931342291003307,0.8835131839011293,0.6928143048443585,0.9255582577166541,0.8515176128269286,0.3903314645149748,-0.3173914930708185,0.8970885837840361,0.8861378657224942,0.8880723399912519,0.9676445050884579,0.9625422472845995,0.9414739711295217,0.9633562555960781,0.9541868149813324,0.9418179699726777,0.9193610994412125,1.0]],"x":["^TAIEX       \u81fa\u7063\u52a0\u6b0a\u5831\u916c\u6307\u6578","^TWII        \u81fa\u7063\u52a0\u6b0a\u6307\u6578","^TAIEXx2     \u81fa\u7063\u52a0\u6b0a\u5831\u916c\u6307\u6578_\u65e5\u6b632","^TAI50I      \u81fa\u706350\u5831\u916c\u6307\u6578","^TAI50Ix2    \u81fa\u706350\u5831\u916c\u6307\u6578_\u65e5\u6b632","^TAI100I     \u81fa\u7063\u4e2d\u578b100\u5831\u916c\u6307\u6578","^TAI100Ix2   \u81fa\u7063\u4e2d\u578b100\u5831\u916c\u6307\u6578_\u65e5\u6b632","^TAIDIVIDI   \u81fa\u7063\u9ad8\u80a1\u606f\u5831\u916c\u6307\u6578","^TAIDIVIDIx2 \u81fa\u7063\u9ad8\u80a1\u606f\u5831\u916c\u6307\u6578_\u65e5\u6b632","0050Fund     \u5143\u5927\u53f0\u7063\u5353\u8d8a50\u57fa\u91d1","006208Fund   \u5bcc\u90a6\u53f0\u7063\u91c6\u540950\u57fa\u91d1","0050         \u5143\u5927\u81fa\u706350","00631L       \u5143\u5927\u53f0\u706350\u6b632","00675L       \u5bcc\u90a6\u81fa\u7063\u52a0\u6b0a\u6b632","006208       \u5bcc\u90a6\u53f050","0051         \u5143\u5927\u4e2d\u578b100","006204       \u6c38\u8c50\u81fa\u7063\u52a0\u6b0a","0056         \u5143\u5927\u9ad8\u80a1\u606f","0056         \u5143\u5927\u9ad8\u80a1\u606f_\u80a1\u606f\u4e0d\u6295\u5165","2412         \u4e2d\u83ef\u96fb\u4fe1","2002         \u4e2d\u92fc","2330         \u53f0\u7a4d\u96fb","2317         \u9d3b\u6d77","6505         \u53f0\u5851\u77f3\u5316","3481         \u7fa4\u5275","2303         \u806f\u96fb","2308         \u53f0\u9054\u96fb","2454         \u806f\u767c\u79d1","2886         \u5146\u8c50\u91d1","2884         \u7389\u5c71\u91d1","2891         \u4e2d\u4fe1\u91d1","2892         \u7b2c\u4e00\u91d1","5880         \u5408\u5eab\u91d1","2881         \u5bcc\u90a6\u91d1","2885         \u5143\u5927\u91d1","2887         \u53f0\u65b0\u91d1"],"y":["^TAIEX       \u81fa\u7063\u52a0\u6b0a\u5831\u916c\u6307\u6578","^TWII        \u81fa\u7063\u52a0\u6b0a\u6307\u6578","^TAIEXx2     \u81fa\u7063\u52a0\u6b0a\u5831\u916c\u6307\u6578_\u65e5\u6b632","^TAI50I      \u81fa\u706350\u5831\u916c\u6307\u6578","^TAI50Ix2    \u81fa\u706350\u5831\u916c\u6307\u6578_\u65e5\u6b632","^TAI100I     \u81fa\u7063\u4e2d\u578b100\u5831\u916c\u6307\u6578","^TAI100Ix2   \u81fa\u7063\u4e2d\u578b100\u5831\u916c\u6307\u6578_\u65e5\u6b632","^TAIDIVIDI   \u81fa\u7063\u9ad8\u80a1\u606f\u5831\u916c\u6307\u6578","^TAIDIVIDIx2 \u81fa\u7063\u9ad8\u80a1\u606f\u5831\u916c\u6307\u6578_\u65e5\u6b632","0050Fund     \u5143\u5927\u53f0\u7063\u5353\u8d8a50\u57fa\u91d1","006208Fund   \u5bcc\u90a6\u53f0\u7063\u91c6\u540950\u57fa\u91d1","0050         \u5143\u5927\u81fa\u706350","00631L       \u5143\u5927\u53f0\u706350\u6b632","00675L       \u5bcc\u90a6\u81fa\u7063\u52a0\u6b0a\u6b632","006208       \u5bcc\u90a6\u53f050","0051         \u5143\u5927\u4e2d\u578b100","006204       \u6c38\u8c50\u81fa\u7063\u52a0\u6b0a","0056         \u5143\u5927\u9ad8\u80a1\u606f","0056         \u5143\u5927\u9ad8\u80a1\u606f_\u80a1\u606f\u4e0d\u6295\u5165","2412         \u4e2d\u83ef\u96fb\u4fe1","2002         \u4e2d\u92fc","2330         \u53f0\u7a4d\u96fb","2317         \u9d3b\u6d77","6505         \u53f0\u5851\u77f3\u5316","3481         \u7fa4\u5275","2303         \u806f\u96fb","2308         \u53f0\u9054\u96fb","2454         \u806f\u767c\u79d1","2886         \u5146\u8c50\u91d1","2884         \u7389\u5c71\u91d1","2891         \u4e2d\u4fe1\u91d1","2892         \u7b2c\u4e00\u91d1","5880         \u5408\u5eab\u91d1","2881         \u5bcc\u90a6\u91d1","2885         \u5143\u5927\u91d1","2887         \u53f0\u65b0\u91d1"],"zmin":-1,"zmax":1,"colorbar":{"x":-0.2}}],"layout":{"autotypenumbers":"strict","colorway":["#636efa","#EF553B","#00cc96","#ab63fa","#FFA15A","#19d3f3","#FF6692","#B6E880","#FF97FF","#FECB52"],"font":{"color":"#f2f5fa","family":"Courier New"},"hovermode":"closest","hoverlabel":{"align":"left"},"paper_bgcolor":"rgb(17,17,17)","plot_bgcolor":"rgb(17,17,17)","polar":{"bgcolor":"rgb(17,17,17)","angularaxis":{"gridcolor":"#506784","linecolor":"#506784","ticks":""},"radialaxis":{"gridcolor":"#506784","linecolor":"#506784","ticks":""}},"ternary":{"bgcolor":"rgb(17,17,17)","aaxis":{"gridcolor":"#506784","linecolor":"#506784","ticks":""},"baxis":{"gridcolor":"#506784","linecolor":"#506784","ticks":""},"caxis":{"gridcolor":"#506784","linecolor":"#506784","ticks":""}},"coloraxis":{"colorbar":{"outlinewidth":0,"ticks":""}},"colorscale":{"sequential":[[0.0,"#0d0887"],[0.1111111111111111,"#46039f"],[0.2222222222222222,"#7201a8"],[0.3333333333333333,"#9c179e"],[0.4444444444444444,"#bd3786"],[0.5555555555555556,"#d8576b"],[0.6666666666666666,"#ed7953"],[0.7777777777777778,"#fb9f3a"],[0.8888888888888888,"#fdca26"],[1.0,"#f0f921"]],"sequentialminus":[[0.0,"#0d0887"],[0.1111111111111111,"#46039f"],[0.2222222222222222,"#7201a8"],[0.3333333333333333,"#9c179e"],[0.4444444444444444,"#bd3786"],[0.5555555555555556,"#d8576b"],[0.6666666666666666,"#ed7953"],[0.7777777777777778,"#fb9f3a"],[0.8888888888888888,"#fdca26"],[1.0,"#f0f921"]],"diverging":[[0,"#8e0152"],[0.1,"#c51b7d"],[0.2,"#de77ae"],[0.3,"#f1b6da"],[0.4,"#fde0ef"],[0.5,"#f7f7f7"],[0.6,"#e6f5d0"],[0.7,"#b8e186"],[0.8,"#7fbc41"],[0.9,"#4d9221"],[1,"#276419"]]},"xaxis":{"gridcolor":"rgba(0, 0, 0, 0)","linecolor":"#506784","ticks":"","title":{"standoff":15},"zerolinecolor":"#283442","automargin":true,"zerolinewidth":2,"tickfont":{"family":"Courier New","size":14},"side":"top","tickangle":-90},"yaxis":{"gridcolor":"rgba(0, 0, 0, 0)","linecolor":"#506784","ticks":"","title":{"standoff":15},"zerolinecolor":"#283442","automargin":true,"zerolinewidth":2,"tickfont":{"family":"Courier New"},"side":"right"},"scene":{"xaxis":{"backgroundcolor":"rgb(17,17,17)","gridcolor":"#506784","linecolor":"#506784","showbackground":true,"ticks":"","zerolinecolor":"#C8D4E3","gridwidth":2},"yaxis":{"backgroundcolor":"rgb(17,17,17)","gridcolor":"#506784","linecolor":"#506784","showbackground":true,"ticks":"","zerolinecolor":"#C8D4E3","gridwidth":2},"zaxis":{"backgroundcolor":"rgb(17,17,17)","gridcolor":"#506784","linecolor":"#506784","showbackground":true,"ticks":"","zerolinecolor":"#C8D4E3","gridwidth":2}},"shapedefaults":{"line":{"color":"#f2f5fa"}},"annotationdefaults":{"arrowcolor":"#f2f5fa","arrowhead":0,"arrowwidth":1},"geo":{"bgcolor":"rgb(17,17,17)","landcolor":"rgb(17,17,17)","subunitcolor":"#506784","showland":true,"showlakes":true,"lakecolor":"rgb(17,17,17)"},"title":{"x":0.05,"font":{"family":"Times New Roman"},"y":0.05,"text":"<b>Correlation of Adj Close<b><br><i>2016-09-23 ~ 2025-10-09<i>"},"updatemenudefaults":{"bgcolor":"#506784","borderwidth":0},"sliderdefaults":{"bgcolor":"#C8D4E3","borderwidth":1,"bordercolor":"rgb(17,17,17)","tickwidth":0},"mapbox":{"style":"dark"},"annotations":[{"text":"<b>@zwindr<b>","textangle":0,"opacity":0.5,"font":{"color":"white","size":12},"xref":"paper","yref":"paper","xanchor":"left","yanchor":"bottom","x":1.0,"y":1.0,"showarrow":false}]},"config":{"responsive":true,"toImageButtonOptions":{"filename":"Correlation of Adj Close_2016-09-23~2025-10-09","scale":5}}};Plotly.newPlot("correlationAdjClose",correlationAdjClose.data,correlationAdjClose.layout||{},correlationAdjClose.config);}else{console.log("style display is none => correlationAdjClose");}