var element=document.getElementById("correlationClose");if(element.style.display!='none'){var correlationClose={"data":[{"type":"heatmap","z":[[1.0,0.9999999999999983,1.0,0.9951306211151868,0.9951306211151868,0.966933735841544,0.966933735841544,0.9075565188794434,0.9075565188794434,0.8268098743258695,0.9945655416242236,0.7879602861484426,0.9925854070775519,0.992776651931164,0.9946021682459496,0.9747901315470145,0.9990901278436622,0.9181673600175279,0.9181673600175279,0.7821895683216468,-0.14858812708826827,0.97848434227781,0.17567989752750535,-0.10991963471234562,-0.25134256311644604,0.8144588749981888,0.906501216718703,0.9158699713691847,0.9252431209855804,0.7825409809561248,0.5689055664111022,0.6397126912820119,0.629453170827196,0.9348526319515351,0.8372871281844381,0.19646122150649298],[0.9999999999999983,1.0,0.9999999999999986,0.9950991251721802,0.9950991251721802,0.9664120458250018,0.9664120458250018,0.9084790787453895,0.9084790787453895,0.8282703305092736,0.9945588016699511,0.7881749743856562,0.9923082214468684,0.99227902120847,0.9946051222674146,0.9742385038593832,0.999091285850099,0.9183163412524012,0.9183163412524012,0.800603580509926,0.06333709370625464,0.9704959670799236,-0.03488846194135612,-0.10257773719259132,-0.2516538691080512,0.6490182345998944,0.9074340088283598,0.891916006221099,0.9199354397552444,0.7930272126924602,0.5609367145071441,0.6371208810057708,0.6549198182684832,0.9326587135844479,0.6962376182693077,0.19364712725850183],[1.0,0.9999999999999986,1.0,0.9951306211151868,0.9951306211151868,0.966933735841544,0.966933735841544,0.9075565188794434,0.9075565188794434,0.8268098743258695,0.9945655416242236,0.7879602861484426,0.9925854070775519,0.992776651931164,0.9946021682459496,0.9747901315470145,0.9990901278436622,0.9181673600175279,0.9181673600175279,0.7821895683216468,-0.14858812708826827,0.97848434227781,0.17567989752750535,-0.10991963471234562,-0.25134256311644604,0.8144588749981888,0.906501216718703,0.9158699713691847,0.9252431209855804,0.7825409809561248,0.5689055664111022,0.6397126912820119,0.629453170827196,0.9348526319515351,0.8372871281844381,0.19646122150649298],[0.9951306211151868,0.9950991251721802,0.9951306211151868,1.0,1.0,0.9538059193527522,0.9538059193527522,0.8918194767230139,0.8918194767230139,0.8006746775498732,0.9995475738989718,0.7602576757007461,0.9913377867361053,0.9885171557297311,0.999508235539523,0.9573529744310006,0.9948292466964926,0.8934892282172429,0.8934892282172429,0.7565445846288184,-0.15675316752932908,0.9907976789466084,0.20283850611016271,-0.1460763011808148,-0.2514749309092269,0.8048365235323088,0.9188040114408108,0.9168764195797583,0.9091657203404757,0.7870307532120082,0.597849186652298,0.6325144139084464,0.5989557140669532,0.9250582676236172,0.8271883376221918,0.20864754713204417],[0.9951306211151868,0.9950991251721802,0.9951306211151868,1.0,1.0,0.9538059193527522,0.9538059193527522,0.8918194767230139,0.8918194767230139,0.8006746775498732,0.9995475738989718,0.7602576757007461,0.9913377867361053,0.9885171557297311,0.999508235539523,0.9573529744310006,0.9948292466964926,0.8934892282172429,0.8934892282172429,0.7565445846288184,-0.15675316752932908,0.9907976789466084,0.20283850611016271,-0.1460763011808148,-0.2514749309092269,0.8048365235323088,0.9188040114408108,0.9168764195797583,0.9091657203404757,0.7870307532120082,0.597849186652298,0.6325144139084464,0.5989557140669532,0.9250582676236172,0.8271883376221918,0.20864754713204417],[0.966933735841544,0.9664120458250018,0.966933735841544,0.9538059193527522,0.9538059193527522,1.0,1.0,0.9325172833352181,0.9325172833352181,0.7987777078258677,0.9532276021066447,0.7840814639703413,0.9698798148722861,0.9673345033191637,0.9530306915069253,0.9990831002158604,0.9745492222958414,0.9186404334871706,0.9186404334871706,0.6477240223532224,-0.09789712405047814,0.9393525129798621,0.3295683204700716,-0.29223435499405503,-0.12075800696357387,0.8830328007505931,0.8588643373137422,0.9334849678441607,0.9005115458446256,0.7476672726394111,0.7553769051581701,0.7413211209066236,0.7042477043191419,0.865410156780541,0.8674950450768665,0.4746164533238822],[0.966933735841544,0.9664120458250018,0.966933735841544,0.9538059193527522,0.9538059193527522,1.0,1.0,0.9325172833352181,0.9325172833352181,0.7987777078258677,0.9532276021066447,0.7840814639703413,0.9698798148722861,0.9673345033191637,0.9530306915069253,0.9990831002158604,0.9745492222958414,0.9186404334871706,0.9186404334871706,0.6477240223532224,-0.09789712405047814,0.9393525129798621,0.3295683204700716,-0.29223435499405503,-0.12075800696357387,0.8830328007505931,0.8588643373137422,0.9334849678441607,0.9005115458446256,0.7476672726394111,0.7553769051581701,0.7413211209066236,0.7042477043191419,0.865410156780541,0.8674950450768665,0.4746164533238822],[0.9075565188794434,0.9084790787453895,0.9075565188794434,0.8918194767230139,0.8918194767230139,0.9325172833352181,0.9325172833352181,1.0,1.0,0.7487197477091411,0.9377935525123178,0.7665889977813871,0.940702171928255,0.9354339772814237,0.9376574069666194,0.9335503095353349,0.945312019926507,0.9710764021466842,0.9710764021466842,0.5915621194139107,0.023092892868213363,0.8543126558679973,0.5581292420314001,-0.3182176120788022,0.013669564237608811,0.7883277809424328,0.7582338189393375,0.877160621781179,0.854606680946276,0.7607173065958275,0.8808307363138735,0.7838924945166561,0.7164398536255958,0.7980738050021564,0.8537908468411357,0.8055949070568458],[0.9075565188794434,0.9084790787453895,0.9075565188794434,0.8918194767230139,0.8918194767230139,0.9325172833352181,0.9325172833352181,1.0,1.0,0.7487197477091411,0.9377935525123178,0.7665889977813871,0.940702171928255,0.9354339772814237,0.9376574069666194,0.9335503095353349,0.945312019926507,0.9710764021466842,0.9710764021466842,0.5915621194139107,0.023092892868213363,0.8543126558679973,0.5581292420314001,-0.3182176120788022,0.013669564237608811,0.7883277809424328,0.7582338189393375,0.877160621781179,0.854606680946276,0.7607173065958275,0.8808307363138735,0.7838924945166561,0.7164398536255958,0.7980738050021564,0.8537908468411357,0.8055949070568458],[0.8268098743258695,0.8282703305092736,0.8268098743258695,0.8006746775498732,0.8006746775498732,0.7987777078258677,0.7987777078258677,0.7487197477091411,0.7487197477091411,1.0,0.6920703640095424,0.9999698475416336,0.6286204982601483,0.5412075705913034,0.6957323758436027,0.7952653402706122,0.747603921786893,0.8243230806988459,0.8243230806988459,0.6977578317861536,-0.09999825437709604,0.7736689016463363,0.038875869449306454,0.04795180264730503,-0.24331651293470338,0.790685697150138,0.568865688906047,0.77150208177669,0.8202463593406458,0.6906477844389263,0.3637836257977201,0.5348383685378293,0.5657128426944081,0.8021047556930435,0.6683666591756356,0.17307317976540296],[0.9945655416242236,0.9945588016699511,0.9945655416242236,0.9995475738989718,0.9995475738989718,0.9532276021066447,0.9532276021066447,0.9377935525123178,0.9377935525123178,0.6920703640095424,1.0,0.6939542285658828,0.9910695279129973,0.9885673682109594,0.9999290809170014,0.9528266708685091,0.9938527358927906,0.9047020929903427,0.9047020929903427,0.8536979859826139,0.008477117946213402,0.9965393310386491,0.8900649534772452,-0.5128535662901763,0.33426824704448177,0.8206573030193861,0.8835125930615312,0.9351209548640217,0.9034025797412858,0.8108471818932124,0.9167309703987683,0.8670605989093574,0.7742952125222976,0.9050348242044265,0.9442052683185912,0.7816642280603199],[0.7879602861484426,0.7881749743856562,0.7879602861484426,0.7602576757007461,0.7602576757007461,0.7840814639703413,0.7840814639703413,0.7665889977813871,0.7665889977813871,0.9999698475416336,0.6939542285658828,1.0,0.6266715791106936,0.538688503910101,0.6942584940444905,0.7867879138782424,0.7462567417209707,0.8204540559825299,0.8204540559825299,0.6596900214220482,0.027040195493305882,0.7349963921790388,0.44020021297044615,-0.1736729631975888,-0.23083410010898947,0.8233394857789944,0.47725309679188277,0.7478281960351557,0.7942007072240101,0.7178512493278996,0.599371693435895,0.7137990449568641,0.6860808369938988,0.7627886088082946,0.6617491402257022,0.6821937334623411],[0.9925854070775519,0.9923082214468684,0.9925854070775519,0.9913377867361053,0.9913377867361053,0.9698798148722861,0.9698798148722861,0.940702171928255,0.940702171928255,0.6286204982601483,0.9910695279129973,0.6266715791106936,1.0,0.9997733911159797,0.9910662514877822,0.9676097181059162,0.9904807143872254,0.8933466565057265,0.8933466565057265,0.8327234797942952,0.03627009260464056,0.9893530987589977,0.9097296135941924,-0.6665826686574671,0.3998637891016927,0.7914129940368276,0.8916654654361865,0.9426332144650676,0.8933594271259223,0.7461722593206838,0.9168700373827634,0.8448212833081823,0.753376734404717,0.8896232452215375,0.9569439020145082,0.8081539372449633],[0.992776651931164,0.99227902120847,0.992776651931164,0.9885171557297311,0.9885171557297311,0.9673345033191637,0.9673345033191637,0.9354339772814237,0.9354339772814237,0.5412075705913034,0.9885673682109594,0.538688503910101,0.9997733911159797,1.0,0.9887123233603385,0.9642539067198377,0.9897420101999311,0.8777306098989703,0.8777306098989703,0.8541159047370772,-0.08979825573242352,0.9853705934864384,0.9175878074121553,-0.8383708481000764,0.43515787917623905,0.7399298834039236,0.896633305084594,0.9360597830130151,0.8791199724983413,0.6783866719040198,0.9249077830781857,0.8357699701999399,0.6950731796461598,0.9139755702603055,0.9576107428691725,0.7778162949157111],[0.9946021682459496,0.9946051222674146,0.9946021682459496,0.999508235539523,0.999508235539523,0.9530306915069253,0.9530306915069253,0.9376574069666194,0.9376574069666194,0.6957323758436027,0.9999290809170014,0.6942584940444905,0.9910662514877822,0.9887123233603385,1.0,0.9528132107445076,0.9939204989873334,0.905081274617446,0.905081274617446,0.8545471096695519,0.00920589593875117,0.9964133414374919,0.8893005710729299,-0.5096450452663279,0.3338502172077443,0.821142831333363,0.8820258394927698,0.9343427011257542,0.9039231624698737,0.8119313622295418,0.9160782870288818,0.8680752065299039,0.7756177479667683,0.9049064572446431,0.9441614484472971,0.7819888154474942],[0.9747901315470145,0.9742385038593832,0.9747901315470145,0.9573529744310006,0.9573529744310006,0.9990831002158604,0.9990831002158604,0.9335503095353349,0.9335503095353349,0.7952653402706122,0.9528266708685091,0.7867879138782424,0.9676097181059162,0.9642539067198377,0.9528132107445076,1.0,0.9754692602062661,0.9187915867522419,0.9187915867522419,0.6958901921108779,-0.08202849160063949,0.9464648965820055,0.6509315260238331,-0.42347258583163966,-0.16838524370939068,0.8945625086508302,0.8535075282927632,0.9294001141729584,0.9077065271509492,0.7839443731224942,0.8593349417426192,0.7881157246704278,0.7608597649025658,0.8867942444510942,0.8645998270221316,0.7933560063677202],[0.9990901278436622,0.999091285850099,0.9990901278436622,0.9948292466964926,0.9948292466964926,0.9745492222958414,0.9745492222958414,0.945312019926507,0.945312019926507,0.747603921786893,0.9938527358927906,0.7462567417209707,0.9904807143872254,0.9897420101999311,0.9939204989873334,0.9754692602062661,1.0,0.9301883613871587,0.9301883613871587,0.8634627904189159,0.02360826515823645,0.9873954856125022,0.8578933156140043,-0.4911349479839627,0.353345057007803,0.8667632560587808,0.8746897194208816,0.9457472604667243,0.9324347719886771,0.8327584699610688,0.90480807855293,0.8981503039234291,0.8164612365496706,0.9182781962287679,0.9530182257514643,0.8368811154038971],[0.9181673600175279,0.9183163412524012,0.9181673600175279,0.8934892282172429,0.8934892282172429,0.9186404334871706,0.9186404334871706,0.9710764021466842,0.9710764021466842,0.8243230806988459,0.9047020929903427,0.8204540559825299,0.8933466565057265,0.8777306098989703,0.905081274617446,0.9187915867522419,0.9301883613871587,1.0,1.0,0.7443916854720137,-0.037199740095383446,0.8572260366690055,0.554709511065339,-0.20281591889475556,-0.2080363397098118,0.8287126370928137,0.7304510630686468,0.8393348109276834,0.9179084452341081,0.8403076750541657,0.800209739480088,0.7589684224261197,0.7072242076008823,0.8472381665611133,0.7808938665822904,0.8535294723116751],[0.9181673600175279,0.9183163412524012,0.9181673600175279,0.8934892282172429,0.8934892282172429,0.9186404334871706,0.9186404334871706,0.9710764021466842,0.9710764021466842,0.8243230806988459,0.9047020929903427,0.8204540559825299,0.8933466565057265,0.8777306098989703,0.905081274617446,0.9187915867522419,0.9301883613871587,1.0,1.0,0.7443916854720137,-0.037199740095383446,0.8572260366690055,0.554709511065339,-0.20281591889475556,-0.2080363397098118,0.8287126370928137,0.7304510630686468,0.8393348109276834,0.9179084452341081,0.8403076750541657,0.800209739480088,0.7589684224261197,0.7072242076008823,0.8472381665611133,0.7808938665822904,0.8535294723116751],[0.7821895683216468,0.800603580509926,0.7821895683216468,0.7565445846288184,0.7565445846288184,0.6477240223532224,0.6477240223532224,0.5915621194139107,0.5915621194139107,0.6977578317861536,0.8536979859826139,0.6596900214220482,0.8327234797942952,0.8541159047370772,0.8545471096695519,0.6958901921108779,0.8634627904189159,0.7443916854720137,0.7443916854720137,1.0,0.031602970712624405,0.7180923318814894,-0.3578435410443306,0.31130976163083235,-0.6563094627899884,0.3580224988008548,0.7024913236534664,0.5151948489000451,0.8373056728882441,0.6969675065323244,0.12136072968921799,0.31499771839536045,0.5680033293420499,0.7838302460325568,0.48406345993677,-0.1451225586652384],[-0.14858812708826827,0.06333709370625464,-0.14858812708826827,-0.15675316752932908,-0.15675316752932908,-0.09789712405047814,-0.09789712405047814,0.023092892868213363,0.023092892868213363,-0.09999825437709604,0.008477117946213402,0.027040195493305882,0.03627009260464056,-0.08979825573242352,0.00920589593875117,-0.08202849160063949,0.02360826515823645,-0.037199740095383446,-0.037199740095383446,0.031602970712624405,1.0,-0.10120181432671824,0.10247541293241104,0.1594113807922117,0.7483111831366127,-0.09496301994022263,-0.054040755645560774,-0.018976415964486206,0.1562882327920143,-0.004910756085404328,0.040313379451632304,0.32517309049914817,0.5646862655457087,-0.127162668463779,0.10016305288379396,0.15388207090862568],[0.97848434227781,0.9704959670799236,0.97848434227781,0.9907976789466084,0.9907976789466084,0.9393525129798621,0.9393525129798621,0.8543126558679973,0.8543126558679973,0.7736689016463363,0.9965393310386491,0.7349963921790388,0.9893530987589977,0.9853705934864384,0.9964133414374919,0.9464648965820055,0.9873954856125022,0.8572260366690055,0.8572260366690055,0.7180923318814894,-0.10120181432671824,1.0,0.11070894912608263,-0.20341434870110067,-0.3009936466841544,0.6683947034121217,0.919417917562261,0.9003326308256001,0.8530977794498048,0.7554102233329799,0.5987916337018617,0.599441251734803,0.5292041615764117,0.9040630809492922,0.6748268648569169,0.18981529722790702],[0.17567989752750535,-0.03488846194135612,0.17567989752750535,0.20283850611016271,0.20283850611016271,0.3295683204700716,0.3295683204700716,0.5581292420314001,0.5581292420314001,0.038875869449306454,0.8900649534772452,0.44020021297044615,0.9097296135941924,0.9175878074121553,0.8893005710729299,0.6509315260238331,0.8578933156140043,0.554709511065339,0.554709511065339,-0.3578435410443306,0.10247541293241104,0.11070894912608263,1.0,-0.4619728171458556,0.7107910010983017,0.3840131632674814,0.12698310872116758,0.3233491258439484,-0.08512150438557499,0.0880587375488451,0.6026848248895814,0.4834724658237013,0.20292944161753648,0.01934961430681685,0.3994414761785538,0.47153442212314145],[-0.10991963471234562,-0.10257773719259132,-0.10991963471234562,-0.1460763011808148,-0.1460763011808148,-0.29223435499405503,-0.29223435499405503,-0.3182176120788022,-0.3182176120788022,0.04795180264730503,-0.5128535662901763,-0.1736729631975888,-0.6665826686574671,-0.8383708481000764,-0.5096450452663279,-0.42347258583163966,-0.4911349479839627,-0.20281591889475556,-0.20281591889475556,0.31130976163083235,0.1594113807922117,-0.20341434870110067,-0.4619728171458556,1.0,-0.026255013376128775,-0.1694289209583267,-0.2008336203288696,-0.3091584142528254,-0.051430163218847996,-0.08173639975558476,-0.571183639690431,-0.20618504392848136,-0.02802754843155671,-0.05471928027620817,-0.2278619520788133,-0.4107574415725334],[-0.25134256311644604,-0.2516538691080512,-0.25134256311644604,-0.2514749309092269,-0.2514749309092269,-0.12075800696357387,-0.12075800696357387,0.013669564237608811,0.013669564237608811,-0.24331651293470338,0.33426824704448177,-0.23083410010898947,0.3998637891016927,0.43515787917623905,0.3338502172077443,-0.16838524370939068,0.353345057007803,-0.2080363397098118,-0.2080363397098118,-0.6563094627899884,0.7483111831366127,-0.3009936466841544,0.7107910010983017,-0.026255013376128775,1.0,-0.10789186214049624,-0.24349706652527933,-0.06831335069343536,-0.35156425526359447,-0.3298309218537256,0.06598952570031022,0.15900875963421937,0.26179239913190877,-0.37839173675904275,0.10888299729997428,0.08970849142118119],[0.8144588749981888,0.6490182345998944,0.8144588749981888,0.8048365235323088,0.8048365235323088,0.8830328007505931,0.8830328007505931,0.7883277809424328,0.7883277809424328,0.790685697150138,0.8206573030193861,0.8233394857789944,0.7914129940368276,0.7399298834039236,0.821142831333363,0.8945625086508302,0.8667632560587808,0.8287126370928137,0.8287126370928137,0.3580224988008548,-0.09496301994022263,0.6683947034121217,0.3840131632674814,-0.1694289209583267,-0.10789186214049624,1.0,0.544674728462072,0.8394731515219591,0.49919720190034284,0.6310545802284416,0.5529352578972754,0.6606987839435174,0.42740107515022074,0.7073176759103692,0.7055114731814062,0.4203418037885982],[0.906501216718703,0.9074340088283598,0.906501216718703,0.9188040114408108,0.9188040114408108,0.8588643373137422,0.8588643373137422,0.7582338189393375,0.7582338189393375,0.568865688906047,0.8835125930615312,0.47725309679188277,0.8916654654361865,0.896633305084594,0.8820258394927698,0.8535075282927632,0.8746897194208816,0.7304510630686468,0.7304510630686468,0.7024913236534664,-0.054040755645560774,0.919417917562261,0.12698310872116758,-0.2008336203288696,-0.24349706652527933,0.544674728462072,1.0,0.8004170681480431,0.7793952336767735,0.6655418913829427,0.5101236797579684,0.5063283164751397,0.5137067244438617,0.8411880555683143,0.6319958520280939,0.1158165298276143],[0.9158699713691847,0.891916006221099,0.9158699713691847,0.9168764195797583,0.9168764195797583,0.9334849678441607,0.9334849678441607,0.877160621781179,0.877160621781179,0.77150208177669,0.9351209548640217,0.7478281960351557,0.9426332144650676,0.9360597830130151,0.9343427011257542,0.9294001141729584,0.9457472604667243,0.8393348109276834,0.8393348109276834,0.5151948489000451,-0.018976415964486206,0.9003326308256001,0.3233491258439484,-0.3091584142528254,-0.06831335069343536,0.8394731515219591,0.8004170681480431,1.0,0.7571641650878009,0.6181185334022857,0.6090522281441133,0.6079237109031688,0.535712639731584,0.8238438379932351,0.8383267938753137,0.22733919390624882],[0.9252431209855804,0.9199354397552444,0.9252431209855804,0.9091657203404757,0.9091657203404757,0.9005115458446256,0.9005115458446256,0.854606680946276,0.854606680946276,0.8202463593406458,0.9034025797412858,0.7942007072240101,0.8933594271259223,0.8791199724983413,0.9039231624698737,0.9077065271509492,0.9324347719886771,0.9179084452341081,0.9179084452341081,0.8373056728882441,0.1562882327920143,0.8530977794498048,-0.08512150438557499,-0.051430163218847996,-0.35156425526359447,0.49919720190034284,0.7793952336767735,0.7571641650878009,1.0,0.9078169694368537,0.554882570982497,0.6921042059815103,0.6677084579461254,0.8807620276795975,0.5164245655850542,0.3045154530735867],[0.7825409809561248,0.7930272126924602,0.7825409809561248,0.7870307532120082,0.7870307532120082,0.7476672726394111,0.7476672726394111,0.7607173065958275,0.7607173065958275,0.6906477844389263,0.8108471818932124,0.7178512493278996,0.7461722593206838,0.6783866719040198,0.8119313622295418,0.7839443731224942,0.8327584699610688,0.8403076750541657,0.8403076750541657,0.6969675065323244,-0.004910756085404328,0.7554102233329799,0.0880587375488451,-0.08173639975558476,-0.3298309218537256,0.6310545802284416,0.6655418913829427,0.6181185334022857,0.9078169694368537,1.0,0.5877404496817226,0.6744030237879088,0.611917351130745,0.7361083192036705,0.5934202256498281,0.4769755862144519],[0.5689055664111022,0.5609367145071441,0.5689055664111022,0.597849186652298,0.597849186652298,0.7553769051581701,0.7553769051581701,0.8808307363138735,0.8808307363138735,0.3637836257977201,0.9167309703987683,0.599371693435895,0.9168700373827634,0.9249077830781857,0.9160782870288818,0.8593349417426192,0.90480807855293,0.800209739480088,0.800209739480088,0.12136072968921799,0.040313379451632304,0.5987916337018617,0.6026848248895814,-0.571183639690431,0.06598952570031022,0.5529352578972754,0.5101236797579684,0.6090522281441133,0.554882570982497,0.5877404496817226,1.0,0.7473592675598066,0.3867751726751793,0.5136317389181699,0.5954979644238567,0.7555904743249292],[0.6397126912820119,0.6371208810057708,0.6397126912820119,0.6325144139084464,0.6325144139084464,0.7413211209066236,0.7413211209066236,0.7838924945166561,0.7838924945166561,0.5348383685378293,0.8670605989093574,0.7137990449568641,0.8448212833081823,0.8357699701999399,0.8680752065299039,0.7881157246704278,0.8981503039234291,0.7589684224261197,0.7589684224261197,0.31499771839536045,0.32517309049914817,0.599441251734803,0.4834724658237013,-0.20618504392848136,0.15900875963421937,0.6606987839435174,0.5063283164751397,0.6079237109031688,0.6921042059815103,0.6744030237879088,0.7473592675598066,1.0,0.7794059330785087,0.5067017107490502,0.7329506146708231,0.5524821378885111],[0.629453170827196,0.6549198182684832,0.629453170827196,0.5989557140669532,0.5989557140669532,0.7042477043191419,0.7042477043191419,0.7164398536255958,0.7164398536255958,0.5657128426944081,0.7742952125222976,0.6860808369938988,0.753376734404717,0.6950731796461598,0.7756177479667683,0.7608597649025658,0.8164612365496706,0.7072242076008823,0.7072242076008823,0.5680033293420499,0.5646862655457087,0.5292041615764117,0.20292944161753648,-0.02802754843155671,0.26179239913190877,0.42740107515022074,0.5137067244438617,0.535712639731584,0.6677084579461254,0.611917351130745,0.3867751726751793,0.7794059330785087,1.0,0.49531958828773454,0.6659893247323366,0.2052808193481549],[0.9348526319515351,0.9326587135844479,0.9348526319515351,0.9250582676236172,0.9250582676236172,0.865410156780541,0.865410156780541,0.7980738050021564,0.7980738050021564,0.8021047556930435,0.9050348242044265,0.7627886088082946,0.8896232452215375,0.9139755702603055,0.9049064572446431,0.8867942444510942,0.9182781962287679,0.8472381665611133,0.8472381665611133,0.7838302460325568,-0.127162668463779,0.9040630809492922,0.01934961430681685,-0.05471928027620817,-0.37839173675904275,0.7073176759103692,0.8411880555683143,0.8238438379932351,0.8807620276795975,0.7361083192036705,0.5136317389181699,0.5067017107490502,0.49531958828773454,1.0,0.7417381050184135,0.18231519205625382],[0.8372871281844381,0.6962376182693077,0.8372871281844381,0.8271883376221918,0.8271883376221918,0.8674950450768665,0.8674950450768665,0.8537908468411357,0.8537908468411357,0.6683666591756356,0.9442052683185912,0.6617491402257022,0.9569439020145082,0.9576107428691725,0.9441614484472971,0.8645998270221316,0.9530182257514643,0.7808938665822904,0.7808938665822904,0.48406345993677,0.10016305288379396,0.6748268648569169,0.3994414761785538,-0.2278619520788133,0.10888299729997428,0.7055114731814062,0.6319958520280939,0.8383267938753137,0.5164245655850542,0.5934202256498281,0.5954979644238567,0.7329506146708231,0.6659893247323366,0.7417381050184135,1.0,0.19140038799120143],[0.19646122150649298,0.19364712725850183,0.19646122150649298,0.20864754713204417,0.20864754713204417,0.4746164533238822,0.4746164533238822,0.8055949070568458,0.8055949070568458,0.17307317976540296,0.7816642280603199,0.6821937334623411,0.8081539372449633,0.7778162949157111,0.7819888154474942,0.7933560063677202,0.8368811154038971,0.8535294723116751,0.8535294723116751,-0.1451225586652384,0.15388207090862568,0.18981529722790702,0.47153442212314145,-0.4107574415725334,0.08970849142118119,0.4203418037885982,0.1158165298276143,0.22733919390624882,0.3045154530735867,0.4769755862144519,0.7555904743249292,0.5524821378885111,0.2052808193481549,0.18231519205625382,0.19140038799120143,1.0]],"x":["^TAIEX       \u81fa\u7063\u52a0\u6b0a\u5831\u916c\u6307\u6578","^TWII        \u81fa\u7063\u52a0\u6b0a\u6307\u6578","^TAIEXx2     \u81fa\u7063\u52a0\u6b0a\u5831\u916c\u6307\u6578_\u65e5\u6b632","^TAI50I      \u81fa\u706350\u5831\u916c\u6307\u6578","^TAI50Ix2    \u81fa\u706350\u5831\u916c\u6307\u6578_\u65e5\u6b632","^TAI100I     \u81fa\u7063\u4e2d\u578b100\u5831\u916c\u6307\u6578","^TAI100Ix2   \u81fa\u7063\u4e2d\u578b100\u5831\u916c\u6307\u6578_\u65e5\u6b632","^TAIDIVIDI   \u81fa\u7063\u9ad8\u80a1\u606f\u5831\u916c\u6307\u6578","^TAIDIVIDIx2 \u81fa\u7063\u9ad8\u80a1\u606f\u5831\u916c\u6307\u6578_\u65e5\u6b632","0050Fund     \u5143\u5927\u53f0\u7063\u5353\u8d8a50\u57fa\u91d1","006208Fund   \u5bcc\u90a6\u53f0\u7063\u91c6\u540950\u57fa\u91d1","0050         \u5143\u5927\u81fa\u706350","00631L       \u5143\u5927\u53f0\u706350\u6b632","00675L       \u5bcc\u90a6\u81fa\u7063\u52a0\u6b0a\u6b632","006208       \u5bcc\u90a6\u53f050","0051         \u5143\u5927\u4e2d\u578b100","006204       \u6c38\u8c50\u81fa\u7063\u52a0\u6b0a","0056         \u5143\u5927\u9ad8\u80a1\u606f","0056         \u5143\u5927\u9ad8\u80a1\u606f_\u80a1\u606f\u4e0d\u6295\u5165","2412         \u4e2d\u83ef\u96fb\u4fe1","2002         \u4e2d\u92fc","2330         \u53f0\u7a4d\u96fb","2317         \u9d3b\u6d77","6505         \u53f0\u5851\u77f3\u5316","3481         \u7fa4\u5275","2303         \u806f\u96fb","2308         \u53f0\u9054\u96fb","2454         \u806f\u767c\u79d1","2886         \u5146\u8c50\u91d1","2884         \u7389\u5c71\u91d1","2891         \u4e2d\u4fe1\u91d1","2892         \u7b2c\u4e00\u91d1","5880         \u5408\u5eab\u91d1","2881         \u5bcc\u90a6\u91d1","2885         \u5143\u5927\u91d1","2887         \u53f0\u65b0\u91d1"],"y":["^TAIEX       \u81fa\u7063\u52a0\u6b0a\u5831\u916c\u6307\u6578","^TWII        \u81fa\u7063\u52a0\u6b0a\u6307\u6578","^TAIEXx2     \u81fa\u7063\u52a0\u6b0a\u5831\u916c\u6307\u6578_\u65e5\u6b632","^TAI50I      \u81fa\u706350\u5831\u916c\u6307\u6578","^TAI50Ix2    \u81fa\u706350\u5831\u916c\u6307\u6578_\u65e5\u6b632","^TAI100I     \u81fa\u7063\u4e2d\u578b100\u5831\u916c\u6307\u6578","^TAI100Ix2   \u81fa\u7063\u4e2d\u578b100\u5831\u916c\u6307\u6578_\u65e5\u6b632","^TAIDIVIDI   \u81fa\u7063\u9ad8\u80a1\u606f\u5831\u916c\u6307\u6578","^TAIDIVIDIx2 \u81fa\u7063\u9ad8\u80a1\u606f\u5831\u916c\u6307\u6578_\u65e5\u6b632","0050Fund     \u5143\u5927\u53f0\u7063\u5353\u8d8a50\u57fa\u91d1","006208Fund   \u5bcc\u90a6\u53f0\u7063\u91c6\u540950\u57fa\u91d1","0050         \u5143\u5927\u81fa\u706350","00631L       \u5143\u5927\u53f0\u706350\u6b632","00675L       \u5bcc\u90a6\u81fa\u7063\u52a0\u6b0a\u6b632","006208       \u5bcc\u90a6\u53f050","0051         \u5143\u5927\u4e2d\u578b100","006204       \u6c38\u8c50\u81fa\u7063\u52a0\u6b0a","0056         \u5143\u5927\u9ad8\u80a1\u606f","0056         \u5143\u5927\u9ad8\u80a1\u606f_\u80a1\u606f\u4e0d\u6295\u5165","2412         \u4e2d\u83ef\u96fb\u4fe1","2002         \u4e2d\u92fc","2330         \u53f0\u7a4d\u96fb","2317         \u9d3b\u6d77","6505         \u53f0\u5851\u77f3\u5316","3481         \u7fa4\u5275","2303         \u806f\u96fb","2308         \u53f0\u9054\u96fb","2454         \u806f\u767c\u79d1","2886         \u5146\u8c50\u91d1","2884         \u7389\u5c71\u91d1","2891         \u4e2d\u4fe1\u91d1","2892         \u7b2c\u4e00\u91d1","5880         \u5408\u5eab\u91d1","2881         \u5bcc\u90a6\u91d1","2885         \u5143\u5927\u91d1","2887         \u53f0\u65b0\u91d1"],"zmin":-1,"zmax":1,"colorbar":{"x":-0.2}}],"layout":{"autotypenumbers":"strict","colorway":["#636efa","#EF553B","#00cc96","#ab63fa","#FFA15A","#19d3f3","#FF6692","#B6E880","#FF97FF","#FECB52"],"font":{"color":"#f2f5fa","family":"Courier New"},"hovermode":"closest","hoverlabel":{"align":"left"},"paper_bgcolor":"rgb(17,17,17)","plot_bgcolor":"rgb(17,17,17)","polar":{"bgcolor":"rgb(17,17,17)","angularaxis":{"gridcolor":"#506784","linecolor":"#506784","ticks":""},"radialaxis":{"gridcolor":"#506784","linecolor":"#506784","ticks":""}},"ternary":{"bgcolor":"rgb(17,17,17)","aaxis":{"gridcolor":"#506784","linecolor":"#506784","ticks":""},"baxis":{"gridcolor":"#506784","linecolor":"#506784","ticks":""},"caxis":{"gridcolor":"#506784","linecolor":"#506784","ticks":""}},"coloraxis":{"colorbar":{"outlinewidth":0,"ticks":""}},"colorscale":{"sequential":[[0.0,"#0d0887"],[0.1111111111111111,"#46039f"],[0.2222222222222222,"#7201a8"],[0.3333333333333333,"#9c179e"],[0.4444444444444444,"#bd3786"],[0.5555555555555556,"#d8576b"],[0.6666666666666666,"#ed7953"],[0.7777777777777778,"#fb9f3a"],[0.8888888888888888,"#fdca26"],[1.0,"#f0f921"]],"sequentialminus":[[0.0,"#0d0887"],[0.1111111111111111,"#46039f"],[0.2222222222222222,"#7201a8"],[0.3333333333333333,"#9c179e"],[0.4444444444444444,"#bd3786"],[0.5555555555555556,"#d8576b"],[0.6666666666666666,"#ed7953"],[0.7777777777777778,"#fb9f3a"],[0.8888888888888888,"#fdca26"],[1.0,"#f0f921"]],"diverging":[[0,"#8e0152"],[0.1,"#c51b7d"],[0.2,"#de77ae"],[0.3,"#f1b6da"],[0.4,"#fde0ef"],[0.5,"#f7f7f7"],[0.6,"#e6f5d0"],[0.7,"#b8e186"],[0.8,"#7fbc41"],[0.9,"#4d9221"],[1,"#276419"]]},"xaxis":{"gridcolor":"rgba(0, 0, 0, 0)","linecolor":"#506784","ticks":"","title":{"standoff":15},"zerolinecolor":"#283442","automargin":true,"zerolinewidth":2,"tickfont":{"family":"Courier New","size":14},"side":"top","tickangle":-90},"yaxis":{"gridcolor":"rgba(0, 0, 0, 0)","linecolor":"#506784","ticks":"","title":{"standoff":15},"zerolinecolor":"#283442","automargin":true,"zerolinewidth":2,"tickfont":{"family":"Courier New"},"side":"right"},"scene":{"xaxis":{"backgroundcolor":"rgb(17,17,17)","gridcolor":"#506784","linecolor":"#506784","showbackground":true,"ticks":"","zerolinecolor":"#C8D4E3","gridwidth":2},"yaxis":{"backgroundcolor":"rgb(17,17,17)","gridcolor":"#506784","linecolor":"#506784","showbackground":true,"ticks":"","zerolinecolor":"#C8D4E3","gridwidth":2},"zaxis":{"backgroundcolor":"rgb(17,17,17)","gridcolor":"#506784","linecolor":"#506784","showbackground":true,"ticks":"","zerolinecolor":"#C8D4E3","gridwidth":2}},"shapedefaults":{"line":{"color":"#f2f5fa"}},"annotationdefaults":{"arrowcolor":"#f2f5fa","arrowhead":0,"arrowwidth":1},"geo":{"bgcolor":"rgb(17,17,17)","landcolor":"rgb(17,17,17)","subunitcolor":"#506784","showland":true,"showlakes":true,"lakecolor":"rgb(17,17,17)"},"title":{"x":0.05,"font":{"family":"Times New Roman"},"y":0.05,"text":"<b>Correlation of Close<b><br><i>2016-09-23 ~ 2025-12-19<i>"},"updatemenudefaults":{"bgcolor":"#506784","borderwidth":0},"sliderdefaults":{"bgcolor":"#C8D4E3","borderwidth":1,"bordercolor":"rgb(17,17,17)","tickwidth":0},"mapbox":{"style":"dark"},"annotations":[{"text":"<b>@zwindr<b>","textangle":0,"opacity":0.5,"font":{"color":"white","size":12},"xref":"paper","yref":"paper","xanchor":"left","yanchor":"bottom","x":1.0,"y":1.0,"showarrow":false}]},"config":{"responsive":true,"toImageButtonOptions":{"filename":"Correlation of Close_2016-09-23~2025-12-19","scale":5}}};Plotly.newPlot("correlationClose",correlationClose.data,correlationClose.layout||{},correlationClose.config);}else{console.log("style display is none => correlationClose");}