var element=document.getElementById("correlationAdjClose");if(element.style.display!='none'){var correlationAdjClose={"data":[{"type":"heatmap","z":[[1.0,0.9947191001101185,0.9758971630783448,0.9972135832342517,0.958343131115645,0.9832101377630308,0.9505768873854247,0.9895976891085206,0.9738668903167924,0.9973588504332924,0.9967842160605793,0.9972808386625565,0.9933409305511715,0.9942264922155852,0.9968677324764739,0.984949597204939,0.9997026885294101,0.9894980549964464,0.9008815065492458,0.9201961417952244,0.7064179575376738,0.9848967222343408,0.9300897914639141,0.3801472054527505,-0.3001107945876645,0.8989258208992531,0.9355361153741466,0.9591205714836775,0.9788670372176913,0.9656289960430847,0.9778914062884962,0.9718838952623007,0.9426563053330768,0.9818956830738735,0.9736871939535577,0.9553317981619277],[0.9947191001101185,1.0,0.9717904375348568,0.9915802875541455,0.9541207300051765,0.9791459739349371,0.946185727990796,0.981601409184435,0.9676953113748938,0.9928949062074054,0.994896040684535,0.9943483800872128,0.9923783602090881,0.9920818109281822,0.994921241786083,0.9797450310247973,0.9971071417922072,0.9839579123934419,0.9227042519652917,0.9101061960500835,0.7244667814772379,0.968467547492221,0.9121492717034579,0.380964503146551,-0.22975055859742266,0.8760810625907148,0.9286547511013936,0.9583700522105988,0.9589611947186798,0.9529406245508675,0.9685663053753484,0.9577563320326175,0.941532873456356,0.9719267961416161,0.9646011932290528,0.9500190888879757],[0.9758971630783448,0.9717904375348568,1.0,0.9842427943471194,0.9948000949184505,0.9744565028410829,0.9772323429344585,0.9639430311953563,0.9809974919245938,0.9838994209340265,0.9905779390246822,0.9872217641941691,0.9969685267277383,0.9967521431257068,0.9903020476494618,0.9723697956135879,0.9861111074818705,0.9637501179196267,0.8677079094874761,0.825947396542824,0.5827869143120918,0.9916770920128386,0.9274833428772274,0.20902949846042707,-0.22410307632520146,0.8889658319170605,0.9390791822658665,0.9754708517537919,0.9238004035425832,0.9116174848257111,0.9662106053310185,0.9158954129436762,0.8941469204670022,0.9647482802792199,0.9720604583175069,0.918007042224544],[0.9972135832342517,0.9915802875541455,0.9842427943471194,1.0,0.973433302626204,0.9748778075138077,0.9469567387661683,0.9820268741579469,0.9708406545993361,0.9999682799054724,0.9999911472142144,0.9999613766056531,0.992833909765177,0.991187103780584,0.99994768086245,0.9738950475064712,0.9957289083369363,0.9816847349256435,0.8858412294229342,0.9035071647614039,0.6704254777501255,0.9937841728925378,0.9340511743888831,0.3492002566251611,-0.2897263205605892,0.8921731281099781,0.9432903780434991,0.9638922771499985,0.9674502447768937,0.9607456371419096,0.9800390539943955,0.9601179806689341,0.9281999272193592,0.9790279369849151,0.9717574460391734,0.9448363415516567],[0.958343131115645,0.9541207300051765,0.9948000949184505,0.973433302626204,1.0,0.9484417858261701,0.9564485320575672,0.940908711648305,0.9627208110225284,0.9734713773172422,0.9827238303042258,0.9789260365303488,0.983836616550213,0.9807076160613211,0.9824914860382814,0.9450602054052838,0.9689482513584685,0.9406167065606091,0.8381372106295869,0.7974966930923719,0.5360432930545181,0.987673843487917,0.9225312494962423,0.1754603629694085,-0.2140652698542734,0.8584010968187975,0.9419562142612277,0.9649043108240878,0.8956065080181707,0.8907364402024603,0.9553601972127983,0.887232045916116,0.8589071583325014,0.9479270410367895,0.9542998121181341,0.8874405802558305],[0.9832101377630308,0.9791459739349371,0.9744565028410829,0.9748778075138077,0.9484417858261701,1.0,0.9829756113037943,0.9823614938439674,0.9819538077293561,0.9742786126731048,0.9692574813882027,0.9725256828287734,0.97457342027824,0.9722825189063068,0.9692435312294972,0.9999007334493468,0.9867672010811694,0.9832874515496962,0.9025323177696764,0.8697569316971187,0.6753427182115045,0.9670408259319355,0.9010423467467659,0.2539619596354435,-0.21917900045108593,0.9331517107699459,0.9093063367476072,0.9633796702888808,0.959974800226727,0.9338025222091076,0.95624842496166,0.9548249122752962,0.9538057370945143,0.9613908657730391,0.9788093214276725,0.9571695817067876],[0.9505768873854247,0.946185727990796,0.9772323429344585,0.9469567387661683,0.9564485320575672,0.9829756113037943,1.0,0.9549986369278994,0.9851282527064869,0.945535052495263,0.9563025605425661,0.9524319739122548,0.9762158757570348,0.9770733376081607,0.9557772979431134,0.9843949014818136,0.9694406186970194,0.9575631721365595,0.8696414977336039,0.7881792395963609,0.5693211871874333,0.9510005348846202,0.8997581888903367,0.11259864066835101,-0.15698233942288187,0.8975267243239803,0.8957906321917801,0.9612131406053814,0.9046293982245137,0.870611017003037,0.9348766004005382,0.8974210903687735,0.9070375375281661,0.9339163258117561,0.9678004170856045,0.9125972667550482],[0.9895976891085206,0.981601409184435,0.9639430311953563,0.9820268741579469,0.940908711648305,0.9823614938439674,0.9549986369278994,1.0,0.9835073054537706,0.9819901702128874,0.9775120175307016,0.9809958663665093,0.9729513009857351,0.9721982554267528,0.9778249850652099,0.9841312952819821,0.987564262712381,0.999879657267035,0.9278757355840477,0.9281318126199749,0.6422981709957861,0.970097901492449,0.8994292468482538,0.23338875449868393,-0.3105784016498263,0.9057966414101966,0.8939445245280035,0.9430677109274264,0.9790986503415152,0.9563412901978945,0.9690783850414049,0.9654926918637119,0.9372264011902555,0.9628527335247951,0.9609376429234292,0.9669589806845507],[0.9738668903167924,0.9676953113748938,0.9809974919245938,0.9708406545993361,0.9627208110225284,0.9819538077293561,0.9851282527064869,0.9835073054537706,1.0,0.9700518704491221,0.9667622411764838,0.9689405136420736,0.9734575176893812,0.9705199564644961,0.96656460064531,0.9809424114021386,0.9738396895593641,0.9828419707122596,0.9035200167851927,0.8597966321183024,0.562679998676871,0.9692503636676683,0.9153298703169435,0.09164706930919807,-0.23221805041498889,0.8845510920368554,0.8931970380869749,0.963963718093678,0.9372449495502128,0.9041106511591067,0.9609900078419581,0.922173504860485,0.9040776803337979,0.9515618486767773,0.9728721061939247,0.9265750763643057],[0.9973588504332924,0.9928949062074054,0.9838994209340265,0.9999682799054724,0.9734713773172422,0.9742786126731048,0.945535052495263,0.9819901702128874,0.9700518704491221,1.0,0.9999895756519466,0.9999832357537068,0.992712131557686,0.9910388762184104,0.9999530853870873,0.9733037566080431,0.9955988921483326,0.9817444321532384,0.8877004248794873,0.9046455331192671,0.6686310320366741,0.9939781956702021,0.9338997959338586,0.354363511680901,-0.2891387622908889,0.8930652915032835,0.9415628057241794,0.9624322670784465,0.967188621483868,0.9599569027445488,0.9790338867249647,0.9595170514443702,0.9267696626742731,0.978224383981841,0.9705703568473781,0.9432516678563312],[0.9967842160605793,0.994896040684535,0.9905779390246822,0.9999911472142144,0.9827238303042258,0.9692574813882027,0.9563025605425661,0.9775120175307016,0.9667622411764838,0.9999895756519466,1.0,0.9999734814755246,0.9928601417969573,0.9911846885204503,0.9999559366803636,0.9691481559528388,0.9953788567774936,0.9782864174060224,0.9116877138885767,0.9313763110307953,0.5601213031463594,0.9972136882843217,0.9172625962269682,-0.12436185040174465,0.3993864465307045,0.8958320908547447,0.9108274830719079,0.9670280799928399,0.9585002380127711,0.9433931656708334,0.9701604187141053,0.9397537003651435,0.9074145292332363,0.9684920273816581,0.9807170428622642,0.9392708948857238],[0.9972808386625565,0.9943483800872128,0.9872217641941691,0.9999613766056531,0.9789260365303488,0.9725256828287734,0.9524319739122548,0.9809958663665093,0.9689405136420736,0.9999832357537068,0.9999734814755246,1.0,0.9927175718944571,0.991015330267833,0.9999642961708963,0.9724610837242014,0.9955074470692584,0.9812494730487966,0.8955639151893197,0.9211256179733772,0.6215611528197148,0.9961886087662182,0.9298039475075177,0.09219080923307711,-0.19361928685114463,0.9088959688419354,0.9271626989739458,0.9586186048036895,0.9617662991373621,0.9513749114134119,0.9754191407484071,0.950766605980606,0.9240090233622549,0.9744203664850568,0.9702300380205134,0.948124536799717],[0.9933409305511715,0.9923783602090881,0.9969685267277383,0.992833909765177,0.983836616550213,0.97457342027824,0.9762158757570348,0.9729513009857351,0.9734575176893812,0.992712131557686,0.9928601417969573,0.9927175718944571,1.0,0.9997428570052809,0.9928292423895259,0.9745115929538954,0.993351713690298,0.9738207312040719,0.9059215862913467,0.9180869251626765,0.49254243809964454,0.9884063292652788,0.9121434778680788,-0.3942111226098528,0.4184518054102904,0.8812156757692823,0.9069246590320931,0.972958998091867,0.9424254674330261,0.9108448627548,0.9536171140246995,0.9168966441150664,0.8775021092439745,0.9661990617173593,0.9783304501851314,0.9319067529966336],[0.9942264922155852,0.9920818109281822,0.9967521431257068,0.991187103780584,0.9807076160613211,0.9722825189063068,0.9770733376081607,0.9721982554267528,0.9705199564644961,0.9910388762184104,0.9911846885204503,0.991015330267833,0.9997428570052809,1.0,0.99131359804853,0.9721460831373777,0.9940549817034657,0.9732612443402887,0.8922092144043576,0.9272139930918922,0.3602665915153903,0.9841457012645212,0.9042659396366285,-0.7480755261217737,0.3918433211281126,0.8503500659185059,0.9026606369014413,0.97082450602525,0.9363344649010391,0.8980427845835639,0.9463036394756124,0.9169451651116712,0.8563982494460244,0.9673396980141973,0.976552955606045,0.9253536194079055],[0.9968677324764739,0.994921241786083,0.9903020476494618,0.99994768086245,0.9824914860382814,0.9692435312294972,0.9557772979431134,0.9778249850652099,0.96656460064531,0.9999530853870873,0.9999559366803636,0.9999642961708963,0.9928292423895259,0.99131359804853,1.0,0.9691526744546634,0.9954246250373814,0.9784917932209187,0.9121844562173751,0.9321721470977049,0.5629464934482618,0.997030575230633,0.916805922725347,-0.11964694209879333,0.4004828235094508,0.8963346163522502,0.9099087044007867,0.9664707866442527,0.9590708567968845,0.9438894482610123,0.9700712991149898,0.9405862128495371,0.9085451141896322,0.9683669636135209,0.9807037873145559,0.9398884457957496],[0.984949597204939,0.9797450310247973,0.9723697956135879,0.9738950475064712,0.9450602054052838,0.9999007334493468,0.9843949014818136,0.9841312952819821,0.9809424114021386,0.9733037566080431,0.9691481559528388,0.9724610837242014,0.9745115929538954,0.9721460831373777,0.9691526744546634,1.0,0.9868916202923939,0.9834606083900936,0.905416266688869,0.8934094358047068,0.6686213184638236,0.9647832595894037,0.8953512241617041,0.11244500095727929,-0.19773604382917961,0.940785842349671,0.8994228861875896,0.9603221602457372,0.9633501731131632,0.9309980852051687,0.9527832262557585,0.9559133570905821,0.9530723202483611,0.9634856393041191,0.9781086185943451,0.9615126330606468],[0.9997026885294101,0.9971071417922072,0.9861111074818705,0.9957289083369363,0.9689482513584685,0.9867672010811694,0.9694406186970194,0.987564262712381,0.9738396895593641,0.9955988921483326,0.9953788567774936,0.9955074470692584,0.993351713690298,0.9940549817034657,0.9954246250373814,0.9868916202923939,1.0,0.9882191026344723,0.9278964604501313,0.939922926375263,0.6150943805885359,0.9883153717195351,0.909551046723389,-0.06303057557757753,0.425233713701566,0.9227305976645408,0.9043802289801782,0.9672735823151061,0.9740118847469396,0.9504128769892783,0.9682627346587415,0.9574617449339364,0.9365010817565543,0.9746812803392623,0.9861293275641052,0.9629457442961529],[0.9894980549964464,0.9839579123934419,0.9637501179196267,0.9816847349256435,0.9406167065606091,0.9832874515496962,0.9575631721365595,0.999879657267035,0.9828419707122596,0.9817444321532384,0.9782864174060224,0.9812494730487966,0.9738207312040719,0.9732612443402887,0.9784917932209187,0.9834606083900936,0.9882191026344723,1.0,0.9308133040044458,0.9342834698842123,0.6404921828667566,0.9688494893709144,0.9033928045379405,0.19854685725786966,-0.2920610952330258,0.9107565129218416,0.8899790799191374,0.9430433070388539,0.9795609791086709,0.9557277082826658,0.9675529731725823,0.9640996034348384,0.9369793697150076,0.9620754859237072,0.9589336973039715,0.9680810761086581],[0.9008815065492458,0.9227042519652917,0.8677079094874761,0.8858412294229342,0.8381372106295869,0.9025323177696764,0.8696414977336039,0.9278757355840477,0.9035200167851927,0.8877004248794873,0.9116877138885767,0.8955639151893197,0.9059215862913467,0.8922092144043576,0.9121844562173751,0.905416266688869,0.9278964604501313,0.9308133040044458,1.0,0.8250645234397309,0.7041905024522367,0.858822337915308,0.8099174868010477,0.2730939519385601,-0.1626842320190194,0.8549524917783088,0.7718965758080171,0.8540000825674949,0.890502917254458,0.8563618744444239,0.8566386015942417,0.8692369112356334,0.8551493656620864,0.8548565843699318,0.8769271284132389,0.8944544482494174],[0.9201961417952244,0.9101061960500835,0.825947396542824,0.9035071647614039,0.7974966930923719,0.8697569316971187,0.7881792395963609,0.9281318126199749,0.8597966321183024,0.9046455331192671,0.9313763110307953,0.9211256179733772,0.9180869251626765,0.9272139930918922,0.9321721470977049,0.8934094358047068,0.939922926375263,0.9342834698842123,0.8250645234397309,1.0,0.8293431270952052,0.8543810413526292,0.8694085385444356,0.6447846870041186,-0.5265949769023166,0.7114125324847396,0.849553528939966,0.8103078056062751,0.9589796557975886,0.9371864380712152,0.9003343513232777,0.9462634179388661,0.8989602671827531,0.9005307282420798,0.8507844204633978,0.8848332733517265],[0.7064179575376738,0.7244667814772379,0.5827869143120918,0.6704254777501255,0.5360432930545181,0.6753427182115045,0.5693211871874333,0.6422981709957861,0.562679998676871,0.6686310320366741,0.5601213031463594,0.6215611528197148,0.49254243809964454,0.3602665915153903,0.5629464934482618,0.6686213184638236,0.6150943805885359,0.6404921828667566,0.7041905024522367,0.8293431270952052,1.0,0.5976561862690458,0.7057730912273341,0.7250045830142308,-0.11660582899310948,0.5362389085302908,0.6344303345914845,0.6148623747683205,0.775979889567902,0.7074316136846192,0.6348084133840393,0.7436314235293533,0.7556181004388435,0.6724949008873323,0.6389877892025365,0.6870699549955707],[0.9848967222343408,0.968467547492221,0.9916770920128386,0.9937841728925378,0.987673843487917,0.9670408259319355,0.9510005348846202,0.970097901492449,0.9692503636676683,0.9939781956702021,0.9972136882843217,0.9961886087662182,0.9884063292652788,0.9841457012645212,0.997030575230633,0.9647832595894037,0.9883153717195351,0.9688494893709144,0.858822337915308,0.8543810413526292,0.5976561862690458,1.0,0.9105777073906935,0.27547178915355974,-0.281820409405956,0.875501371611153,0.9427586047876587,0.9696579430493839,0.9349898701535015,0.9421413213926245,0.97179872976898,0.9367793565344332,0.9010272715851045,0.9684088738348824,0.9570446572641614,0.92473959636974],[0.9300897914639141,0.9121492717034579,0.9274833428772274,0.9340511743888831,0.9225312494962423,0.9010423467467659,0.8997581888903367,0.8994292468482538,0.9153298703169435,0.9338997959338586,0.9172625962269682,0.9298039475075177,0.9121434778680788,0.9042659396366285,0.916805922725347,0.8953512241617041,0.909551046723389,0.9033928045379405,0.8099174868010477,0.8694085385444356,0.7057730912273341,0.9105777073906935,1.0,0.3156781433382537,-0.1893468281314775,0.7106503593604867,0.9120469528603258,0.8963707630891562,0.8986572786359528,0.8562385172963523,0.9315784170530956,0.8714124360027827,0.8402227154762958,0.9271342455057782,0.8788481279484759,0.853740951428933],[0.3801472054527505,0.380964503146551,0.20902949846042707,0.3492002566251611,0.1754603629694085,0.2539619596354435,0.11259864066835101,0.23338875449868393,0.09164706930919807,0.354363511680901,-0.12436185040174465,0.09219080923307711,-0.3942111226098528,-0.7480755261217737,-0.11964694209879333,0.11244500095727929,-0.06303057557757753,0.19854685725786966,0.2730939519385601,0.6447846870041186,0.7250045830142308,0.27547178915355974,0.3156781433382537,1.0,-0.3831886203465528,0.2682041766091199,0.2775121264564481,0.17959470937025562,0.4705873192294037,0.4645204566909757,0.3161053290569183,0.4864202796676545,0.41014040030679727,0.34132883162697597,0.26333061637209615,0.3797502151358718],[-0.3001107945876645,-0.22975055859742266,-0.22410307632520146,-0.2897263205605892,-0.2140652698542734,-0.21917900045108593,-0.15698233942288187,-0.3105784016498263,-0.23221805041498889,-0.2891387622908889,0.3993864465307045,-0.19361928685114463,0.4184518054102904,0.3918433211281126,0.4004828235094508,-0.19773604382917961,0.425233713701566,-0.2920610952330258,-0.1626842320190194,-0.5265949769023166,-0.11660582899310948,-0.281820409405956,-0.1893468281314775,-0.3831886203465528,1.0,-0.15435474564351592,-0.2844007270378952,-0.18128814139052604,-0.3871742868776907,-0.37632648264059904,-0.32031475623908984,-0.3448890040074852,-0.20808167204869463,-0.3457286933515557,-0.183305863069526,-0.31706295775249005],[0.8989258208992531,0.8760810625907148,0.8889658319170605,0.8921731281099781,0.8584010968187975,0.9331517107699459,0.8975267243239803,0.9057966414101966,0.8845510920368554,0.8930652915032835,0.8958320908547447,0.9088959688419354,0.8812156757692823,0.8503500659185059,0.8963346163522502,0.940785842349671,0.9227305976645408,0.9107565129218416,0.8549524917783088,0.7114125324847396,0.5362389085302908,0.875501371611153,0.7106503593604867,0.2682041766091199,-0.15435474564351592,1.0,0.781278385952849,0.8847186137976765,0.8187568916894624,0.8630268634095116,0.8285460926311276,0.8710856745080613,0.8665710954083936,0.8593767244535218,0.8682766209113271,0.8981735473281739],[0.9355361153741466,0.9286547511013936,0.9390791822658665,0.9432903780434991,0.9419562142612277,0.9093063367476072,0.8957906321917801,0.8939445245280035,0.8931970380869749,0.9415628057241794,0.9108274830719079,0.9271626989739458,0.9069246590320931,0.9026606369014413,0.9099087044007867,0.8994228861875896,0.9043802289801782,0.8899790799191374,0.7718965758080171,0.849553528939966,0.6344303345914845,0.9427586047876587,0.9120469528603258,0.2775121264564481,-0.2844007270378952,0.781278385952849,1.0,0.9022137764680732,0.90165376078948,0.8881503181776865,0.9196531746779925,0.8868291141282297,0.8517156644384654,0.9238892186427666,0.8998792503675502,0.8704732722725371],[0.9591205714836775,0.9583700522105988,0.9754708517537919,0.9638922771499985,0.9649043108240878,0.9633796702888808,0.9612131406053814,0.9430677109274264,0.963963718093678,0.9624322670784465,0.9670280799928399,0.9586186048036895,0.972958998091867,0.97082450602525,0.9664707866442527,0.9603221602457372,0.9672735823151061,0.9430433070388539,0.8540000825674949,0.8103078056062751,0.6148623747683205,0.9696579430493839,0.8963707630891562,0.17959470937025562,-0.18128814139052604,0.8847186137976765,0.9022137764680732,1.0,0.9095424654052122,0.8921114449873858,0.9441842819775882,0.8925879050972692,0.8868241163901465,0.9495049822164546,0.9734474747129617,0.890670895825107],[0.9788670372176913,0.9589611947186798,0.9238004035425832,0.9674502447768937,0.8956065080181707,0.959974800226727,0.9046293982245137,0.9790986503415152,0.9372449495502128,0.967188621483868,0.9585002380127711,0.9617662991373621,0.9424254674330261,0.9363344649010391,0.9590708567968845,0.9633501731131632,0.9740118847469396,0.9795609791086709,0.890502917254458,0.9589796557975886,0.775979889567902,0.9349898701535015,0.8986572786359528,0.4705873192294037,-0.3871742868776907,0.8187568916894624,0.90165376078948,0.9095424654052122,1.0,0.9862840185178804,0.9637485514786583,0.9904371862087221,0.9526878542787003,0.960169739277681,0.915976609833233,0.9681703526869838],[0.9656289960430847,0.9529406245508675,0.9116174848257111,0.9607456371419096,0.8907364402024603,0.9338025222091076,0.870611017003037,0.9563412901978945,0.9041106511591067,0.9599569027445488,0.9433931656708334,0.9513749114134119,0.9108448627548,0.8980427845835639,0.9438894482610123,0.9309980852051687,0.9504128769892783,0.9557277082826658,0.8563618744444239,0.9371864380712152,0.7074316136846192,0.9421413213926245,0.8562385172963523,0.4645204566909757,-0.37632648264059904,0.8630268634095116,0.8881503181776865,0.8921114449873858,0.9862840185178804,1.0,0.9520302418208717,0.9840100398462909,0.9554859873006619,0.9397646811749216,0.9238768237609691,0.9631777735788202],[0.9778914062884962,0.9685663053753484,0.9662106053310185,0.9800390539943955,0.9553601972127983,0.95624842496166,0.9348766004005382,0.9690783850414049,0.9609900078419581,0.9790338867249647,0.9701604187141053,0.9754191407484071,0.9536171140246995,0.9463036394756124,0.9700712991149898,0.9527832262557585,0.9682627346587415,0.9675529731725823,0.8566386015942417,0.9003343513232777,0.6348084133840393,0.97179872976898,0.9315784170530956,0.3161053290569183,-0.32031475623908984,0.8285460926311276,0.9196531746779925,0.9441842819775882,0.9637485514786583,0.9520302418208717,1.0,0.9532062384774428,0.9141987862501331,0.9775524980329138,0.9610189686727507,0.9426361618397177],[0.9718838952623007,0.9577563320326175,0.9158954129436762,0.9601179806689341,0.887232045916116,0.9548249122752962,0.8974210903687735,0.9654926918637119,0.922173504860485,0.9595170514443702,0.9397537003651435,0.950766605980606,0.9168966441150664,0.9169451651116712,0.9405862128495371,0.9559133570905821,0.9574617449339364,0.9640996034348384,0.8692369112356334,0.9462634179388661,0.7436314235293533,0.9367793565344332,0.8714124360027827,0.4864202796676545,-0.3448890040074852,0.8710856745080613,0.8868291141282297,0.8925879050972692,0.9904371862087221,0.9840100398462909,0.9532062384774428,1.0,0.9737735013600035,0.946243303717145,0.9392692688911514,0.9640102223233984],[0.9426563053330768,0.941532873456356,0.8941469204670022,0.9281999272193592,0.8589071583325014,0.9538057370945143,0.9070375375281661,0.9372264011902555,0.9040776803337979,0.9267696626742731,0.9074145292332363,0.9240090233622549,0.8775021092439745,0.8563982494460244,0.9085451141896322,0.9530723202483611,0.9365010817565543,0.9369793697150076,0.8551493656620864,0.8989602671827531,0.7556181004388435,0.9010272715851045,0.8402227154762958,0.41014040030679727,-0.20808167204869463,0.8665710954083936,0.8517156644384654,0.8868241163901465,0.9526878542787003,0.9554859873006619,0.9141987862501331,0.9737735013600035,1.0,0.9072888528969741,0.9310088595782001,0.9542002769393125],[0.9818956830738735,0.9719267961416161,0.9647482802792199,0.9790279369849151,0.9479270410367895,0.9613908657730391,0.9339163258117561,0.9628527335247951,0.9515618486767773,0.978224383981841,0.9684920273816581,0.9744203664850568,0.9661990617173593,0.9673396980141973,0.9683669636135209,0.9634856393041191,0.9746812803392623,0.9620754859237072,0.8548565843699318,0.9005307282420798,0.6724949008873323,0.9684088738348824,0.9271342455057782,0.34132883162697597,-0.3457286933515557,0.8593767244535218,0.9238892186427666,0.9495049822164546,0.960169739277681,0.9397646811749216,0.9775524980329138,0.946243303717145,0.9072888528969741,1.0,0.9580476853264074,0.9431235141388274],[0.9736871939535577,0.9646011932290528,0.9720604583175069,0.9717574460391734,0.9542998121181341,0.9788093214276725,0.9678004170856045,0.9609376429234292,0.9728721061939247,0.9705703568473781,0.9807170428622642,0.9702300380205134,0.9783304501851314,0.976552955606045,0.9807037873145559,0.9781086185943451,0.9861293275641052,0.9589336973039715,0.8769271284132389,0.8507844204633978,0.6389877892025365,0.9570446572641614,0.8788481279484759,0.26333061637209615,-0.183305863069526,0.8682766209113271,0.8998792503675502,0.9734474747129617,0.915976609833233,0.9238768237609691,0.9610189686727507,0.9392692688911514,0.9310088595782001,0.9580476853264074,1.0,0.921316621696221],[0.9553317981619277,0.9500190888879757,0.918007042224544,0.9448363415516567,0.8874405802558305,0.9571695817067876,0.9125972667550482,0.9669589806845507,0.9265750763643057,0.9432516678563312,0.9392708948857238,0.948124536799717,0.9319067529966336,0.9253536194079055,0.9398884457957496,0.9615126330606468,0.9629457442961529,0.9680810761086581,0.8944544482494174,0.8848332733517265,0.6870699549955707,0.92473959636974,0.853740951428933,0.3797502151358718,-0.31706295775249005,0.8981735473281739,0.8704732722725371,0.890670895825107,0.9681703526869838,0.9631777735788202,0.9426361618397177,0.9640102223233984,0.9542002769393125,0.9431235141388274,0.921316621696221,1.0]],"x":["^TAIEX       \u81fa\u7063\u52a0\u6b0a\u5831\u916c\u6307\u6578","^TWII        \u81fa\u7063\u52a0\u6b0a\u6307\u6578","^TAIEXx2     \u81fa\u7063\u52a0\u6b0a\u5831\u916c\u6307\u6578_\u65e5\u6b632","^TAI50I      \u81fa\u706350\u5831\u916c\u6307\u6578","^TAI50Ix2    \u81fa\u706350\u5831\u916c\u6307\u6578_\u65e5\u6b632","^TAI100I     \u81fa\u7063\u4e2d\u578b100\u5831\u916c\u6307\u6578","^TAI100Ix2   \u81fa\u7063\u4e2d\u578b100\u5831\u916c\u6307\u6578_\u65e5\u6b632","^TAIDIVIDI   \u81fa\u7063\u9ad8\u80a1\u606f\u5831\u916c\u6307\u6578","^TAIDIVIDIx2 \u81fa\u7063\u9ad8\u80a1\u606f\u5831\u916c\u6307\u6578_\u65e5\u6b632","0050Fund     \u5143\u5927\u53f0\u7063\u5353\u8d8a50\u57fa\u91d1","006208Fund   \u5bcc\u90a6\u53f0\u7063\u91c6\u540950\u57fa\u91d1","0050         \u5143\u5927\u81fa\u706350","00631L       \u5143\u5927\u53f0\u706350\u6b632","00675L       \u5bcc\u90a6\u81fa\u7063\u52a0\u6b0a\u6b632","006208       \u5bcc\u90a6\u53f050","0051         \u5143\u5927\u4e2d\u578b100","006204       \u6c38\u8c50\u81fa\u7063\u52a0\u6b0a","0056         \u5143\u5927\u9ad8\u80a1\u606f","0056         \u5143\u5927\u9ad8\u80a1\u606f_\u80a1\u606f\u4e0d\u6295\u5165","2412         \u4e2d\u83ef\u96fb\u4fe1","2002         \u4e2d\u92fc","2330         \u53f0\u7a4d\u96fb","2317         \u9d3b\u6d77","6505         \u53f0\u5851\u77f3\u5316","3481         \u7fa4\u5275","2303         \u806f\u96fb","2308         \u53f0\u9054\u96fb","2454         \u806f\u767c\u79d1","2886         \u5146\u8c50\u91d1","2884         \u7389\u5c71\u91d1","2891         \u4e2d\u4fe1\u91d1","2892         \u7b2c\u4e00\u91d1","5880         \u5408\u5eab\u91d1","2881         \u5bcc\u90a6\u91d1","2885         \u5143\u5927\u91d1","2887         \u53f0\u65b0\u91d1"],"y":["^TAIEX       \u81fa\u7063\u52a0\u6b0a\u5831\u916c\u6307\u6578","^TWII        \u81fa\u7063\u52a0\u6b0a\u6307\u6578","^TAIEXx2     \u81fa\u7063\u52a0\u6b0a\u5831\u916c\u6307\u6578_\u65e5\u6b632","^TAI50I      \u81fa\u706350\u5831\u916c\u6307\u6578","^TAI50Ix2    \u81fa\u706350\u5831\u916c\u6307\u6578_\u65e5\u6b632","^TAI100I     \u81fa\u7063\u4e2d\u578b100\u5831\u916c\u6307\u6578","^TAI100Ix2   \u81fa\u7063\u4e2d\u578b100\u5831\u916c\u6307\u6578_\u65e5\u6b632","^TAIDIVIDI   \u81fa\u7063\u9ad8\u80a1\u606f\u5831\u916c\u6307\u6578","^TAIDIVIDIx2 \u81fa\u7063\u9ad8\u80a1\u606f\u5831\u916c\u6307\u6578_\u65e5\u6b632","0050Fund     \u5143\u5927\u53f0\u7063\u5353\u8d8a50\u57fa\u91d1","006208Fund   \u5bcc\u90a6\u53f0\u7063\u91c6\u540950\u57fa\u91d1","0050         \u5143\u5927\u81fa\u706350","00631L       \u5143\u5927\u53f0\u706350\u6b632","00675L       \u5bcc\u90a6\u81fa\u7063\u52a0\u6b0a\u6b632","006208       \u5bcc\u90a6\u53f050","0051         \u5143\u5927\u4e2d\u578b100","006204       \u6c38\u8c50\u81fa\u7063\u52a0\u6b0a","0056         \u5143\u5927\u9ad8\u80a1\u606f","0056         \u5143\u5927\u9ad8\u80a1\u606f_\u80a1\u606f\u4e0d\u6295\u5165","2412         \u4e2d\u83ef\u96fb\u4fe1","2002         \u4e2d\u92fc","2330         \u53f0\u7a4d\u96fb","2317         \u9d3b\u6d77","6505         \u53f0\u5851\u77f3\u5316","3481         \u7fa4\u5275","2303         \u806f\u96fb","2308         \u53f0\u9054\u96fb","2454         \u806f\u767c\u79d1","2886         \u5146\u8c50\u91d1","2884         \u7389\u5c71\u91d1","2891         \u4e2d\u4fe1\u91d1","2892         \u7b2c\u4e00\u91d1","5880         \u5408\u5eab\u91d1","2881         \u5bcc\u90a6\u91d1","2885         \u5143\u5927\u91d1","2887         \u53f0\u65b0\u91d1"],"zmin":-1,"zmax":1,"colorbar":{"x":-0.2}}],"layout":{"autotypenumbers":"strict","colorway":["#636efa","#EF553B","#00cc96","#ab63fa","#FFA15A","#19d3f3","#FF6692","#B6E880","#FF97FF","#FECB52"],"font":{"color":"#f2f5fa","family":"Courier New"},"hovermode":"closest","hoverlabel":{"align":"left"},"paper_bgcolor":"rgb(17,17,17)","plot_bgcolor":"rgb(17,17,17)","polar":{"bgcolor":"rgb(17,17,17)","angularaxis":{"gridcolor":"#506784","linecolor":"#506784","ticks":""},"radialaxis":{"gridcolor":"#506784","linecolor":"#506784","ticks":""}},"ternary":{"bgcolor":"rgb(17,17,17)","aaxis":{"gridcolor":"#506784","linecolor":"#506784","ticks":""},"baxis":{"gridcolor":"#506784","linecolor":"#506784","ticks":""},"caxis":{"gridcolor":"#506784","linecolor":"#506784","ticks":""}},"coloraxis":{"colorbar":{"outlinewidth":0,"ticks":""}},"colorscale":{"sequential":[[0.0,"#0d0887"],[0.1111111111111111,"#46039f"],[0.2222222222222222,"#7201a8"],[0.3333333333333333,"#9c179e"],[0.4444444444444444,"#bd3786"],[0.5555555555555556,"#d8576b"],[0.6666666666666666,"#ed7953"],[0.7777777777777778,"#fb9f3a"],[0.8888888888888888,"#fdca26"],[1.0,"#f0f921"]],"sequentialminus":[[0.0,"#0d0887"],[0.1111111111111111,"#46039f"],[0.2222222222222222,"#7201a8"],[0.3333333333333333,"#9c179e"],[0.4444444444444444,"#bd3786"],[0.5555555555555556,"#d8576b"],[0.6666666666666666,"#ed7953"],[0.7777777777777778,"#fb9f3a"],[0.8888888888888888,"#fdca26"],[1.0,"#f0f921"]],"diverging":[[0,"#8e0152"],[0.1,"#c51b7d"],[0.2,"#de77ae"],[0.3,"#f1b6da"],[0.4,"#fde0ef"],[0.5,"#f7f7f7"],[0.6,"#e6f5d0"],[0.7,"#b8e186"],[0.8,"#7fbc41"],[0.9,"#4d9221"],[1,"#276419"]]},"xaxis":{"gridcolor":"rgba(0, 0, 0, 0)","linecolor":"#506784","ticks":"","title":{"standoff":15},"zerolinecolor":"#283442","automargin":true,"zerolinewidth":2,"tickfont":{"family":"Courier New","size":14},"side":"top","tickangle":-90},"yaxis":{"gridcolor":"rgba(0, 0, 0, 0)","linecolor":"#506784","ticks":"","title":{"standoff":15},"zerolinecolor":"#283442","automargin":true,"zerolinewidth":2,"tickfont":{"family":"Courier New"},"side":"right"},"scene":{"xaxis":{"backgroundcolor":"rgb(17,17,17)","gridcolor":"#506784","linecolor":"#506784","showbackground":true,"ticks":"","zerolinecolor":"#C8D4E3","gridwidth":2},"yaxis":{"backgroundcolor":"rgb(17,17,17)","gridcolor":"#506784","linecolor":"#506784","showbackground":true,"ticks":"","zerolinecolor":"#C8D4E3","gridwidth":2},"zaxis":{"backgroundcolor":"rgb(17,17,17)","gridcolor":"#506784","linecolor":"#506784","showbackground":true,"ticks":"","zerolinecolor":"#C8D4E3","gridwidth":2}},"shapedefaults":{"line":{"color":"#f2f5fa"}},"annotationdefaults":{"arrowcolor":"#f2f5fa","arrowhead":0,"arrowwidth":1},"geo":{"bgcolor":"rgb(17,17,17)","landcolor":"rgb(17,17,17)","subunitcolor":"#506784","showland":true,"showlakes":true,"lakecolor":"rgb(17,17,17)"},"title":{"x":0.05,"font":{"family":"Times New Roman"},"y":0.05,"text":"<b>Correlation of Adj Close<b><br><i>2016-09-23 ~ 2025-11-03<i>"},"updatemenudefaults":{"bgcolor":"#506784","borderwidth":0},"sliderdefaults":{"bgcolor":"#C8D4E3","borderwidth":1,"bordercolor":"rgb(17,17,17)","tickwidth":0},"mapbox":{"style":"dark"},"annotations":[{"text":"<b>@zwindr<b>","textangle":0,"opacity":0.5,"font":{"color":"white","size":12},"xref":"paper","yref":"paper","xanchor":"left","yanchor":"bottom","x":1.0,"y":1.0,"showarrow":false}]},"config":{"responsive":true,"toImageButtonOptions":{"filename":"Correlation of Adj Close_2016-09-23~2025-11-03","scale":5}}};Plotly.newPlot("correlationAdjClose",correlationAdjClose.data,correlationAdjClose.layout||{},correlationAdjClose.config);}else{console.log("style display is none => correlationAdjClose");}