var config = { responsive: true }

var correlationAdjClose = {"data": [{"type": "heatmap", "z": [[1.0, 0.9937905002691003, 0.9763297008759845, 0.9977555494284881, 0.9647956409880222, 0.9809035949337567, -0.9409056012713894, 0.9897072456544385, 0.9688617758605368, 0.9978259748661537, 0.9929624331540916, 0.9937596946593933, 0.9972811474215816, 0.9836176307956825, 0.9996538074099892, 0.9897735492052349, 0.9189746951648531, 0.7506804634409464, 0.9855306585809273, 0.9181571433850896, 0.46505483697868183, -0.30237520519361244, 0.9002893355190279, 0.9740667280575754, 0.9530387035209263], [0.9937905002691003, 1.0, 0.9717280693580973, 0.991309273148235, 0.9605102926839534, 0.9761282509452388, -0.9361189495384491, 0.9802071181152385, 0.961745180263124, 0.9933591542894953, 0.9920090279633663, 0.9912123626984735, 0.9952845492507595, 0.9772535407966513, 0.9965480927778305, 0.9830864819391779, 0.9077163207620496, 0.7593247930706049, 0.966734774570476, 0.8972520242921992, 0.46269575414927, -0.22504028734497863, 0.8733182282265732, 0.9615184038296462, 0.9529828009478297], [0.9763297008759845, 0.9717280693580973, 1.0, 0.9822233206081737, 0.996250952420476, 0.9790439885679271, -0.9753225724228117, 0.9696750160950219, 0.9834963019643145, 0.98432451132332, 0.9972240068215601, 0.9970912086977618, 0.9885743985413075, 0.9778769061405023, 0.9874318660682977, 0.9696365849793853, 0.8243332427688869, 0.6415579736576938, 0.9897326154691716, 0.9084845215366734, 0.2999156069954591, -0.22401117938752288, 0.9078078463242047, 0.9410905290199832, 0.9784385178387889], [0.9977555494284881, 0.991309273148235, 0.9822233206081737, 1.0, 0.9759409685330593, 0.9732291524678779, -0.9356077232546245, 0.9842487050430155, 0.9662488836189016, 0.9999550306486903, 0.9915706749052211, 0.9898387736202435, 0.9999445284814759, 0.9733811823342403, 0.9961177401985395, 0.9841866362714895, 0.9055491578888775, 0.7222453697129136, 0.9931832775682541, 0.9196106877949687, 0.44320595456377027, -0.2940708113011786, 0.8993884050796535, 0.9681067309684591, 0.9590890541715973], [0.9647956409880222, 0.9605102926839534, 0.996250952420476, 0.9759409685330593, 1.0, 0.9592922369799478, -0.957194623556293, 0.955358183029122, 0.9716476976197582, 0.9801326174014426, 0.9875343795156474, 0.9839388860073013, 0.9850160863309325, 0.9572229254100557, 0.9761116489741547, 0.9552942941949925, 0.8047419825479383, 0.6084278007588666, 0.9890736928553276, 0.9051618783146852, 0.2784859367671042, -0.21744182883909513, 0.8910325760055624, 0.9263044905248183, 0.9763719305017092], [0.9809035949337567, 0.9761282509452388, 0.9790439885679271, 0.9732291524678779, 0.9592922369799478, 1.0, -0.9801464795975339, 0.9798959021517357, 0.979272049490023, 0.9719617087037464, 0.9766233431519558, 0.9745836010671057, 0.9686985389849706, 0.9999102761326885, 0.9858334824655337, 0.981028393933199, 0.8581809001071566, 0.7165910405998626, 0.9672214398321093, 0.8880075719941202, 0.32795809539808146, -0.21233257251862897, 0.9363122494400052, 0.9565600490285646, 0.9588276175683672], [-0.9409056012713894, -0.9361189495384491, -0.9753225724228117, -0.9356077232546245, -0.957194623556293, -0.9801464795975339, 1.0, -0.9500609825090242, -0.9828608376543804, -0.9407888313909568, -0.973433343662607, -0.9753369140292056, -0.9476479611142208, -0.9834661035704493, -0.9633686724295932, -0.9531973731311704, -0.7685842652270093, -0.6139936850071498, -0.9414652220369283, -0.8778118385325784, -0.1839078851651611, 0.14559010920780396, -0.9041112826603457, -0.9115866229132794, -0.9561120333963224], [0.9897072456544385, 0.9802071181152385, 0.9696750160950219, 0.9842487050430155, 0.955358183029122, 0.9798959021517357, -0.9500609825090242, 1.0, 0.9818773536613286, 0.9835559457823908, 0.9750760181348087, 0.9739661816442287, 0.979715848782624, 0.9819109923841359, 0.9872134610277908, 0.999868665943014, 0.9212059338292939, 0.6871253294050786, 0.9740048369976947, 0.8914011065811055, 0.32761529592893485, -0.3103283986076746, 0.9046956369193087, 0.9554267059737279, 0.9357667858892572], [0.9688617758605368, 0.961745180263124, 0.9834963019643145, 0.9662488836189016, 0.9716476976197582, 0.979272049490023, -0.9828608376543804, 0.9818773536613286, 1.0, 0.964935805863747, 0.9719017952314534, 0.9688684910576684, 0.9621729959242454, 0.978431625449549, 0.968930624620389, 0.9812047046993402, 0.845752677692679, 0.6123436625556825, 0.9666071266811156, 0.9024045539476232, 0.1837768479640627, -0.2277882362872123, 0.886235458120838, 0.9308116437212121, 0.9585250600258359], [0.9978259748661537, 0.9933591542894953, 0.98432451132332, 0.9999550306486903, 0.9801326174014426, 0.9719617087037464, -0.9407888313909568, 0.9835559457823908, 0.964935805863747, 1.0, 0.9912911205800153, 0.9894513018942067, 0.9999605537256709, 0.9725040985605033, 0.9958525212888281, 0.984005580795626, 0.9210089071736547, 0.6912926575050271, 0.9953065735845767, 0.9166191597477058, 0.2702684477280565, -0.2573543633681151, 0.9270190746998211, 0.9625184110677678, 0.953915123100809], [0.9929624331540916, 0.9920090279633663, 0.9972240068215601, 0.9915706749052211, 0.9875343795156474, 0.9766233431519558, -0.973433343662607, 0.9750760181348087, 0.9719017952314534, 0.9912911205800153, 1.0, 0.9996686074530932, 0.9914084468872917, 0.9776001863785234, 0.9933063390664657, 0.9765529293705882, 0.9078768420920159, 0.5936274082636167, 0.9865492020372343, 0.8870100800149922, -0.2863499393642699, 0.47741446135472676, 0.9083956343049243, 0.9533989843770149, 0.9767990317195167], [0.9937596946593933, 0.9912123626984735, 0.9970912086977618, 0.9898387736202435, 0.9839388860073013, 0.9745836010671057, -0.9753369140292056, 0.9739661816442287, 0.9688684910576684, 0.9894513018942067, 0.9996686074530932, 1.0, 0.9897047266276204, 0.9756587898513022, 0.9938964893138685, 0.9757038832701563, 0.9156084233464782, 0.47961274691594713, 0.9814631473102273, 0.8753305303218027, -0.6924283322178314, 0.45766834333273543, 0.8817245724750277, 0.9501973000215349, 0.9761134859443211], [0.9972811474215816, 0.9952845492507595, 0.9885743985413075, 0.9999445284814759, 0.9850160863309325, 0.9686985389849706, -0.9476479611142208, 0.979715848782624, 0.9621729959242454, 0.9999605537256709, 0.9914084468872917, 0.9897047266276204, 1.0, 0.9694573411016086, 0.9956636203665536, 0.9808879146782753, 0.9283032284805354, 0.6526858344157384, 0.9968091784289396, 0.8949009439171252, 0.008341699034776622, 0.4507035606407048, 0.9187019854401441, 0.9509465914083015, 0.9646681724762246], [0.9836176307956825, 0.9772535407966513, 0.9778769061405023, 0.9733811823342403, 0.9572229254100557, 0.9999102761326885, -0.9834661035704493, 0.9819109923841359, 0.978431625449549, 0.9725040985605033, 0.9776001863785234, 0.9756587898513022, 0.9694573411016086, 1.0, 0.986394248245987, 0.9811792206696207, 0.8819568827207824, 0.7190236253485223, 0.9660891927230936, 0.8835005206998795, 0.2035420663664984, -0.18984167857075174, 0.9450580946168605, 0.9593912983338619, 0.9557396291009318], [0.9996538074099892, 0.9965480927778305, 0.9874318660682977, 0.9961177401985395, 0.9761116489741547, 0.9858334824655337, -0.9633686724295932, 0.9872134610277908, 0.968930624620389, 0.9958525212888281, 0.9933063390664657, 0.9938964893138685, 0.9956636203665536, 0.986394248245987, 1.0, 0.9881608190830198, 0.9340622569205522, 0.6913709341283374, 0.9890970992140604, 0.892219283106631, 0.05632618127857851, 0.4668518782565249, 0.9366893035833201, 0.9609594996233147, 0.9631360418561009], [0.9897735492052349, 0.9830864819391779, 0.9696365849793853, 0.9841866362714895, 0.9552942941949925, 0.981028393933199, -0.9531973731311704, 0.999868665943014, 0.9812047046993402, 0.984005580795626, 0.9765529293705882, 0.9757038832701563, 0.9808879146782753, 0.9811792206696207, 0.9881608190830198, 1.0, 0.9275862503877008, 0.6857898924562349, 0.9731144601042876, 0.8967277664753366, 0.29473726655491944, -0.29051170556038614, 0.9103341330288607, 0.9544380803697731, 0.9359471650030562], [0.9189746951648531, 0.9077163207620496, 0.8243332427688869, 0.9055491578888775, 0.8047419825479383, 0.8581809001071566, -0.7685842652270093, 0.9212059338292939, 0.845752677692679, 0.9210089071736547, 0.9078768420920159, 0.9156084233464782, 0.9283032284805354, 0.8819568827207824, 0.9340622569205522, 0.9275862503877008, 1.0, 0.8459133724080586, 0.8568344379789334, 0.870197088022937, 0.7083410175756294, -0.5341473664805605, 0.6912394355055765, 0.916943419599998, 0.7963317896270854], [0.7506804634409464, 0.7593247930706049, 0.6415579736576938, 0.7222453697129136, 0.6084278007588666, 0.7165910405998626, -0.6139936850071498, 0.6871253294050786, 0.6123436625556825, 0.6912926575050271, 0.5936274082636167, 0.47961274691594713, 0.6526858344157384, 0.7190236253485223, 0.6913709341283374, 0.6857898924562349, 0.8459133724080586, 1.0, 0.6435717077208906, 0.7541016810773593, 0.7339651060250281, -0.11652914706460249, 0.5385937281198907, 0.7643250235137353, 0.6475898767672168], [0.9855306585809273, 0.966734774570476, 0.9897326154691716, 0.9931832775682541, 0.9890736928553276, 0.9672214398321093, -0.9414652220369283, 0.9740048369976947, 0.9666071266811156, 0.9953065735845767, 0.9865492020372343, 0.9814631473102273, 0.9968091784289396, 0.9660891927230936, 0.9890970992140604, 0.9731144601042876, 0.8568344379789334, 0.6435717077208906, 1.0, 0.89016480968434, 0.37012165925484586, -0.28832383368358333, 0.8870125335912311, 0.9503054825579457, 0.9685685850630695], [0.9181571433850896, 0.8972520242921992, 0.9084845215366734, 0.9196106877949687, 0.9051618783146852, 0.8880075719941202, -0.8778118385325784, 0.8914011065811055, 0.9024045539476232, 0.9166191597477058, 0.8870100800149922, 0.8753305303218027, 0.8949009439171252, 0.8835005206998795, 0.892219283106631, 0.8967277664753366, 0.870197088022937, 0.7541016810773593, 0.89016480968434, 1.0, 0.4128030833597099, -0.18445113542361596, 0.6927483018533509, 0.9153717752986827, 0.8800075390680674], [0.46505483697868183, 0.46269575414927, 0.2999156069954591, 0.44320595456377027, 0.2784859367671042, 0.32795809539808146, -0.1839078851651611, 0.32761529592893485, 0.1837768479640627, 0.2702684477280565, -0.2863499393642699, -0.6924283322178314, 0.008341699034776622, 0.2035420663664984, 0.05632618127857851, 0.29473726655491944, 0.7083410175756294, 0.7339651060250281, 0.37012165925484586, 0.4128030833597099, 1.0, -0.4018163450227882, 0.3056573037411395, 0.45019798041050463, 0.24511348870071123], [-0.30237520519361244, -0.22504028734497863, -0.22401117938752288, -0.2940708113011786, -0.21744182883909513, -0.21233257251862897, 0.14559010920780396, -0.3103283986076746, -0.2277882362872123, -0.2573543633681151, 0.47741446135472676, 0.45766834333273543, 0.4507035606407048, -0.18984167857075174, 0.4668518782565249, -0.29051170556038614, -0.5341473664805605, -0.11652914706460249, -0.28832383368358333, -0.18445113542361596, -0.4018163450227882, 1.0, -0.14413971914867357, -0.33341810518215237, -0.1715523329852453], [0.9002893355190279, 0.8733182282265732, 0.9078078463242047, 0.8993884050796535, 0.8910325760055624, 0.9363122494400052, -0.9041112826603457, 0.9046956369193087, 0.886235458120838, 0.9270190746998211, 0.9083956343049243, 0.8817245724750277, 0.9187019854401441, 0.9450580946168605, 0.9366893035833201, 0.9103341330288607, 0.6912394355055765, 0.5385937281198907, 0.8870125335912311, 0.6927483018533509, 0.3056573037411395, -0.14413971914867357, 1.0, 0.8349569742992161, 0.8857169163601347], [0.9740667280575754, 0.9615184038296462, 0.9410905290199832, 0.9681067309684591, 0.9263044905248183, 0.9565600490285646, -0.9115866229132794, 0.9554267059737279, 0.9308116437212121, 0.9625184110677678, 0.9533989843770149, 0.9501973000215349, 0.9509465914083015, 0.9593912983338619, 0.9609594996233147, 0.9544380803697731, 0.916943419599998, 0.7643250235137353, 0.9503054825579457, 0.9153717752986827, 0.45019798041050463, -0.33341810518215237, 0.8349569742992161, 1.0, 0.9298833223190613], [0.9530387035209263, 0.9529828009478297, 0.9784385178387889, 0.9590890541715973, 0.9763719305017092, 0.9588276175683672, -0.9561120333963224, 0.9357667858892572, 0.9585250600258359, 0.953915123100809, 0.9767990317195167, 0.9761134859443211, 0.9646681724762246, 0.9557396291009318, 0.9631360418561009, 0.9359471650030562, 0.7963317896270854, 0.6475898767672168, 0.9685685850630695, 0.8800075390680674, 0.24511348870071123, -0.1715523329852453, 0.8857169163601347, 0.9298833223190613, 1.0]], "x": ["^TAIEX       \u81fa\u7063\u52a0\u6b0a\u5831\u916c\u6307\u6578", "^TWII        \u81fa\u7063\u52a0\u6b0a\u6307\u6578", "^TAIEXx2     \u81fa\u7063\u52a0\u6b0a\u5831\u916c\u6307\u6578_\u65e5\u6b632", "^TAI50I      \u81fa\u706350\u5831\u916c\u6307\u6578", "^TAI50Ix2    \u81fa\u706350\u5831\u916c\u6307\u6578_\u65e5\u6b632", "^TAI100I     \u81fa\u7063\u4e2d\u578b100\u5831\u916c\u6307\u6578", "^TAI100Ix2   \u81fa\u7063\u4e2d\u578b100\u5831\u916c\u6307\u6578_\u65e5\u6b632", "^TAIDIVIDI   \u81fa\u7063\u9ad8\u80a1\u606f\u5831\u916c\u6307\u6578", "^TAIDIVIDIx2 \u81fa\u7063\u9ad8\u80a1\u606f\u5831\u916c\u6307\u6578_\u65e5\u6b632", "0050         \u5143\u5927\u81fa\u706350", "00631L       \u5143\u5927\u53f0\u706350\u6b632", "00675L       \u5bcc\u90a6\u81fa\u7063\u52a0\u6b0a\u6b632", "006208       \u5bcc\u90a6\u53f050", "0051         \u5143\u5927\u4e2d\u578b100", "006204       \u6c38\u8c50\u81fa\u7063\u52a0\u6b0a", "0056         \u5143\u5927\u9ad8\u80a1\u606f", "2412         \u4e2d\u83ef\u96fb\u4fe1", "2002         \u4e2d\u92fc", "2330         \u53f0\u7a4d\u96fb", "2317         \u9d3b\u6d77", "6505         \u53f0\u5851\u77f3\u5316", "3481         \u7fa4\u5275", "2303         \u806f\u96fb", "2308         \u53f0\u9054\u96fb", "2454         \u806f\u767c\u79d1"], "y": ["^TAIEX       \u81fa\u7063\u52a0\u6b0a\u5831\u916c\u6307\u6578", "^TWII        \u81fa\u7063\u52a0\u6b0a\u6307\u6578", "^TAIEXx2     \u81fa\u7063\u52a0\u6b0a\u5831\u916c\u6307\u6578_\u65e5\u6b632", "^TAI50I      \u81fa\u706350\u5831\u916c\u6307\u6578", "^TAI50Ix2    \u81fa\u706350\u5831\u916c\u6307\u6578_\u65e5\u6b632", "^TAI100I     \u81fa\u7063\u4e2d\u578b100\u5831\u916c\u6307\u6578", "^TAI100Ix2   \u81fa\u7063\u4e2d\u578b100\u5831\u916c\u6307\u6578_\u65e5\u6b632", "^TAIDIVIDI   \u81fa\u7063\u9ad8\u80a1\u606f\u5831\u916c\u6307\u6578", "^TAIDIVIDIx2 \u81fa\u7063\u9ad8\u80a1\u606f\u5831\u916c\u6307\u6578_\u65e5\u6b632", "0050         \u5143\u5927\u81fa\u706350", "00631L       \u5143\u5927\u53f0\u706350\u6b632", "00675L       \u5bcc\u90a6\u81fa\u7063\u52a0\u6b0a\u6b632", "006208       \u5bcc\u90a6\u53f050", "0051         \u5143\u5927\u4e2d\u578b100", "006204       \u6c38\u8c50\u81fa\u7063\u52a0\u6b0a", "0056         \u5143\u5927\u9ad8\u80a1\u606f", "2412         \u4e2d\u83ef\u96fb\u4fe1", "2002         \u4e2d\u92fc", "2330         \u53f0\u7a4d\u96fb", "2317         \u9d3b\u6d77", "6505         \u53f0\u5851\u77f3\u5316", "3481         \u7fa4\u5275", "2303         \u806f\u96fb", "2308         \u53f0\u9054\u96fb", "2454         \u806f\u767c\u79d1"], "zmin": -1, "zmax": 1, "colorbar": {"x": -0.2}}], "layout": {"autotypenumbers": "strict", "colorway": ["#636efa", "#EF553B", "#00cc96", "#ab63fa", "#FFA15A", "#19d3f3", "#FF6692", "#B6E880", "#FF97FF", "#FECB52"], "font": {"color": "#f2f5fa", "family": "Courier New"}, "hovermode": "closest", "hoverlabel": {"align": "left"}, "paper_bgcolor": "rgb(17,17,17)", "plot_bgcolor": "rgb(17,17,17)", "polar": {"bgcolor": "rgb(17,17,17)", "angularaxis": {"gridcolor": "#506784", "linecolor": "#506784", "ticks": ""}, "radialaxis": {"gridcolor": "#506784", "linecolor": "#506784", "ticks": ""}}, "ternary": {"bgcolor": "rgb(17,17,17)", "aaxis": {"gridcolor": "#506784", "linecolor": "#506784", "ticks": ""}, "baxis": {"gridcolor": "#506784", "linecolor": "#506784", "ticks": ""}, "caxis": {"gridcolor": "#506784", "linecolor": "#506784", "ticks": ""}}, "coloraxis": {"colorbar": {"outlinewidth": 0, "ticks": ""}}, "colorscale": {"sequential": [[0.0, "#0d0887"], [0.1111111111111111, "#46039f"], [0.2222222222222222, "#7201a8"], [0.3333333333333333, "#9c179e"], [0.4444444444444444, "#bd3786"], [0.5555555555555556, "#d8576b"], [0.6666666666666666, "#ed7953"], [0.7777777777777778, "#fb9f3a"], [0.8888888888888888, "#fdca26"], [1.0, "#f0f921"]], "sequentialminus": [[0.0, "#0d0887"], [0.1111111111111111, "#46039f"], [0.2222222222222222, "#7201a8"], [0.3333333333333333, "#9c179e"], [0.4444444444444444, "#bd3786"], [0.5555555555555556, "#d8576b"], [0.6666666666666666, "#ed7953"], [0.7777777777777778, "#fb9f3a"], [0.8888888888888888, "#fdca26"], [1.0, "#f0f921"]], "diverging": [[0, "#8e0152"], [0.1, "#c51b7d"], [0.2, "#de77ae"], [0.3, "#f1b6da"], [0.4, "#fde0ef"], [0.5, "#f7f7f7"], [0.6, "#e6f5d0"], [0.7, "#b8e186"], [0.8, "#7fbc41"], [0.9, "#4d9221"], [1, "#276419"]]}, "xaxis": {"gridcolor": "rgba(0, 0, 0, 0)", "linecolor": "#506784", "ticks": "", "title": {"standoff": 15}, "zerolinecolor": "#283442", "automargin": true, "zerolinewidth": 2, "tickfont": {"family": "Courier New", "size": 14}, "side": "top", "tickangle": -90}, "yaxis": {"gridcolor": "rgba(0, 0, 0, 0)", "linecolor": "#506784", "ticks": "", "title": {"standoff": 15}, "zerolinecolor": "#283442", "automargin": true, "zerolinewidth": 2, "tickfont": {"family": "Courier New"}, "side": "right"}, "scene": {"xaxis": {"backgroundcolor": "rgb(17,17,17)", "gridcolor": "#506784", "linecolor": "#506784", "showbackground": true, "ticks": "", "zerolinecolor": "#C8D4E3", "gridwidth": 2}, "yaxis": {"backgroundcolor": "rgb(17,17,17)", "gridcolor": "#506784", "linecolor": "#506784", "showbackground": true, "ticks": "", "zerolinecolor": "#C8D4E3", "gridwidth": 2}, "zaxis": {"backgroundcolor": "rgb(17,17,17)", "gridcolor": "#506784", "linecolor": "#506784", "showbackground": true, "ticks": "", "zerolinecolor": "#C8D4E3", "gridwidth": 2}}, "shapedefaults": {"line": {"color": "#f2f5fa"}}, "annotationdefaults": {"arrowcolor": "#f2f5fa", "arrowhead": 0, "arrowwidth": 1}, "geo": {"bgcolor": "rgb(17,17,17)", "landcolor": "rgb(17,17,17)", "subunitcolor": "#506784", "showland": true, "showlakes": true, "lakecolor": "rgb(17,17,17)"}, "title": {"x": 0.05, "font": {"family": "Times New Roman"}, "y": 0.05, "text": "<b>Correlation of Adj Close <b><br><i>2016/09/23 ~ 2025/06/26<i>"}, "updatemenudefaults": {"bgcolor": "#506784", "borderwidth": 0}, "sliderdefaults": {"bgcolor": "#C8D4E3", "borderwidth": 1, "bordercolor": "rgb(17,17,17)", "tickwidth": 0}, "mapbox": {"style": "dark"}, "height": 600}};

Plotly.newPlot("correlationAdjClose",
    correlationAdjClose.data,
    correlationAdjClose.layout || {},
    config);