var element=document.getElementById("correlationClose");if(element.style.display!='none'){var correlationClose={"data":[{"type":"heatmap","z":[[1.0,0.9999999999999982,1.0,0.9954150022259171,0.9954150022259171,0.9639782747131569,0.9639782747131569,0.9022488282364195,0.9022488282364195,0.8897548987329592,0.9947207537276577,0.8641290565035108,0.9929210248975915,0.9927335515460837,0.9947768076444229,0.9733640284736725,0.9989719145512619,0.9238058083844611,0.9238058083844611,0.7854287884691856,-0.11105286110381896,0.9776159524129288,0.11044338931590218,-0.06281979126045545,-0.25229786282094585,0.8186352033127449,0.9260299552378535,0.9116278515022964,0.9289046238759464,0.7799302274393725,0.5225869513829057,0.6279972672940174,0.6369626559317191,0.931479356774936,0.823183801025037,0.17524266270731162],[0.9999999999999982,1.0,0.9999999999999984,0.9953746758114976,0.9953746758114976,0.9633853074360741,0.9633853074360741,0.9033434619026066,0.9033434619026066,0.8908207063348326,0.9947078692277643,0.8637793330522577,0.9926496401464445,0.9921905446579072,0.9947460790830219,0.9727030381252734,0.9989743777447908,0.9241499738713223,0.9241499738713223,0.8047343530001588,0.09863387890747619,0.9690560400076728,-0.07393419082891019,-0.055512957067900236,-0.2525336762834266,0.6471316691658496,0.9264053595493505,0.8854798004758605,0.9233281301940158,0.7915001709034544,0.5141547801500898,0.6250883425078863,0.6633854695910537,0.9288378231131176,0.6752348756736806,0.1721190470479331],[1.0,0.9999999999999984,1.0,0.9954150022259171,0.9954150022259171,0.9639782747131569,0.9639782747131569,0.9022488282364195,0.9022488282364195,0.8897548987329592,0.9947207537276577,0.8641290565035108,0.9929210248975915,0.9927335515460837,0.9947768076444229,0.9733640284736725,0.9989719145512619,0.9238058083844611,0.9238058083844611,0.7854287884691856,-0.11105286110381896,0.9776159524129288,0.11044338931590218,-0.06281979126045545,-0.25229786282094585,0.8186352033127449,0.9260299552378535,0.9116278515022964,0.9289046238759464,0.7799302274393725,0.5225869513829057,0.6279972672940174,0.6369626559317191,0.931479356774936,0.823183801025037,0.17524266270731162],[0.9954150022259171,0.9953746758114976,0.9954150022259171,1.0,1.0,0.951067136916027,0.951067136916027,0.8877526203631968,0.8877526203631968,0.8758311653752481,0.9995001838052936,0.8484390330391346,0.9896076371627944,0.9859335061703806,0.9994591638919837,0.9561468166648077,0.9949223562158546,0.9027615914447771,0.9027615914447771,0.7632297714957874,-0.1178520344591761,0.989627538439844,0.13334725562086447,-0.09710184406124861,-0.2544518010339263,0.8144426230403152,0.9280863183581761,0.9159501852544638,0.91675290099504,0.7894260492169204,0.550641350661836,0.6225209943182,0.6095128089759613,0.9236523397945953,0.8131620900120291,0.18701309673877667],[0.9954150022259171,0.9953746758114976,0.9954150022259171,1.0,1.0,0.951067136916027,0.951067136916027,0.8877526203631968,0.8877526203631968,0.8758311653752481,0.9995001838052936,0.8484390330391346,0.9896076371627944,0.9859335061703806,0.9994591638919837,0.9561468166648077,0.9949223562158546,0.9027615914447771,0.9027615914447771,0.7632297714957874,-0.1178520344591761,0.989627538439844,0.13334725562086447,-0.09710184406124861,-0.2544518010339263,0.8144426230403152,0.9280863183581761,0.9159501852544638,0.91675290099504,0.7894260492169204,0.550641350661836,0.6225209943182,0.6095128089759613,0.9236523397945953,0.8131620900120291,0.18701309673877667],[0.9639782747131569,0.9633853074360741,0.9639782747131569,0.951067136916027,0.951067136916027,1.0,1.0,0.927871131517252,0.927871131517252,0.8522306820666397,0.9524838720232723,0.8435207812364413,0.974582117472418,0.9727578308412412,0.9523261732184868,0.9990524117472612,0.9732708651826292,0.9196891915156504,0.9196891915156504,0.6384187190870914,-0.05737096902187936,0.9360880895849675,0.2809200028710985,-0.2562598666538333,-0.11333902632640114,0.8884271438320992,0.8819902008335891,0.9297918203243192,0.8993795277429152,0.7407609580575449,0.7295278984996584,0.7347268233609558,0.7117893113217574,0.8548894819680957,0.8557458302182632,0.4612525226859452],[0.9639782747131569,0.9633853074360741,0.9639782747131569,0.951067136916027,0.951067136916027,1.0,1.0,0.927871131517252,0.927871131517252,0.8522306820666397,0.9524838720232723,0.8435207812364413,0.974582117472418,0.9727578308412412,0.9523261732184868,0.9990524117472612,0.9732708651826292,0.9196891915156504,0.9196891915156504,0.6384187190870914,-0.05737096902187936,0.9360880895849675,0.2809200028710985,-0.2562598666538333,-0.11333902632640114,0.8884271438320992,0.8819902008335891,0.9297918203243192,0.8993795277429152,0.7407609580575449,0.7295278984996584,0.7347268233609558,0.7117893113217574,0.8548894819680957,0.8557458302182632,0.4612525226859452],[0.9022488282364195,0.9033434619026066,0.9022488282364195,0.8877526203631968,0.8877526203631968,0.927871131517252,0.927871131517252,1.0,1.0,0.7910566317086333,0.9388963708226399,0.8149916649405159,0.9463900810883453,0.9414477357233649,0.9387699702289198,0.9288066652137509,0.9430616438733647,0.9721028817085152,0.9721028817085152,0.5771716491728194,0.06307612876292486,0.8473764555017111,0.5245239558090016,-0.28101432820635913,0.02503669449308313,0.7851470370016093,0.7784843705413772,0.8690778370723361,0.8486228480478611,0.7525691584153054,0.8739136987436923,0.7770405124159123,0.7191474129599817,0.7834638052998552,0.8431546845325745,0.7985722996784012],[0.9022488282364195,0.9033434619026066,0.9022488282364195,0.8877526203631968,0.8877526203631968,0.927871131517252,0.927871131517252,1.0,1.0,0.7910566317086333,0.9388963708226399,0.8149916649405159,0.9463900810883453,0.9414477357233649,0.9387699702289198,0.9288066652137509,0.9430616438733647,0.9721028817085152,0.9721028817085152,0.5771716491728194,0.06307612876292486,0.8473764555017111,0.5245239558090016,-0.28101432820635913,0.02503669449308313,0.7851470370016093,0.7784843705413772,0.8690778370723361,0.8486228480478611,0.7525691584153054,0.8739136987436923,0.7770405124159123,0.7191474129599817,0.7834638052998552,0.8431546845325745,0.7985722996784012],[0.8897548987329592,0.8908207063348326,0.8897548987329592,0.8758311653752481,0.8758311653752481,0.8522306820666397,0.8522306820666397,0.7910566317086333,0.7910566317086333,1.0,0.8023005943907732,0.9999700986360133,0.7649164375946339,0.7035646518789972,0.8043134029881498,0.8507289782378054,0.8358628901460073,0.8526772868452794,0.8526772868452794,0.7118242940770031,-0.10672289727337317,0.8550252749458039,0.048932035747739154,0.0421157151642164,-0.24626873938627325,0.8062111345236034,0.7179417443739106,0.8074444659636215,0.8456170488480412,0.7087902791649542,0.3939181107210891,0.5495444242195113,0.5722428331717762,0.8414969938339498,0.7067929473173841,0.17781746020424014],[0.9947207537276577,0.9947078692277643,0.9947207537276577,0.9995001838052936,0.9995001838052936,0.9524838720232723,0.9524838720232723,0.9388963708226399,0.9388963708226399,0.8023005943907732,1.0,0.8020810185768897,0.9893134912023324,0.9860303486161014,0.9999188045642642,0.9527620116558783,0.9938851748246005,0.917319015010449,0.917319015010449,0.8527794625176871,0.09288147971060882,0.9960877428452479,0.8687716408274091,-0.4762087865445615,0.3544775409033943,0.8434158389179103,0.8913359801168448,0.9421243810375061,0.9125893387088662,0.8152308697692946,0.9041029027952996,0.8745545471433757,0.7995398793116409,0.8998053925868544,0.943402652668253,0.7726385101495973],[0.8641290565035108,0.8637793330522577,0.8641290565035108,0.8484390330391346,0.8484390330391346,0.8435207812364413,0.8435207812364413,0.8149916649405159,0.8149916649405159,0.9999700986360133,0.8020810185768897,1.0,0.7622078560134022,0.7000945339571585,0.8020567561256138,0.8445089828408375,0.8340426965150264,0.8511847068072467,0.8511847068072467,0.6815966140791642,0.01520231958965408,0.8288634008988285,0.517267709192491,-0.19175162076785657,-0.23382231744989707,0.8434417874663737,0.6447826225387242,0.7898293624402254,0.8252317126116657,0.7423816430195652,0.6685892546898539,0.7430489917411397,0.6993983428799629,0.8130589702765173,0.7129701101888669,0.7123060789685517],[0.9929210248975915,0.9926496401464445,0.9929210248975915,0.9896076371627944,0.9896076371627944,0.974582117472418,0.974582117472418,0.9463900810883453,0.9463900810883453,0.7649164375946339,0.9893134912023324,0.7622078560134022,1.0,0.9997258630408039,0.9893102679339806,0.9728293718201113,0.9904949568456456,0.9118375429193084,0.9118375429193084,0.8270132931238938,0.1274705871684148,0.9871480218061823,0.8903762400257157,-0.646816025416507,0.42887890019214847,0.8211625645452323,0.8952176994951645,0.9562472658316296,0.9070887661196727,0.7470250555003369,0.9043985566497001,0.8557461257930093,0.7874609847796367,0.8829282887088686,0.9614078627367775,0.8050256299314278],[0.9927335515460837,0.9921905446579072,0.9927335515460837,0.9859335061703806,0.9859335061703806,0.9727578308412412,0.9727578308412412,0.9414477357233649,0.9414477357233649,0.7035646518789972,0.9860303486161014,0.7000945339571585,0.9997258630408039,1.0,0.9862037572336532,0.9700662621003827,0.989159630311548,0.8981019503101066,0.8981019503101066,0.8470080396638797,0.0034574336532185238,0.9821190147782474,0.8988923533425983,-0.8383948391040063,0.47147241279639485,0.7737552570860775,0.898936495154846,0.9529280704152125,0.8941540721524733,0.6730315050731542,0.9139713657987907,0.845544454618055,0.7349011865034188,0.9120835694337686,0.9630463096317522,0.771812274121362],[0.9947768076444229,0.9947460790830219,0.9947768076444229,0.9994591638919837,0.9994591638919837,0.9523261732184868,0.9523261732184868,0.9387699702289198,0.9387699702289198,0.8043134029881498,0.9999188045642642,0.8020567561256138,0.9893102679339806,0.9862037572336532,1.0,0.9526654276783398,0.9939452565391381,0.9176905714911864,0.9176905714911864,0.8538144288544469,0.09197116750413199,0.9959560616521814,0.8682650655987442,-0.473802878105141,0.35382114876544135,0.8434002871379049,0.888336087765897,0.9411078315645315,0.9131120296926127,0.8165377931164717,0.9036192917377249,0.8756812214818128,0.8004035688717159,0.8996907482814256,0.9433079662414944,0.773215633193495],[0.9733640284736725,0.9727030381252734,0.9733640284736725,0.9561468166648077,0.9561468166648077,0.9990524117472612,0.9990524117472612,0.9288066652137509,0.9288066652137509,0.8507289782378054,0.9527620116558783,0.8445089828408375,0.9728293718201113,0.9700662621003827,0.9526654276783398,1.0,0.9746952873092792,0.9194140294695479,0.9194140294695479,0.687188140325605,-0.04035656022286209,0.9455146592542043,0.610872005233488,-0.38932465947311684,-0.16421131705155334,0.9004066774533119,0.8827483266875134,0.9254511203101642,0.9071113276583114,0.7791500694533977,0.8458312472636413,0.7831765266860968,0.7686417760350384,0.8777877625049308,0.8531372813202475,0.7859520958600997],[0.9989719145512619,0.9989743777447908,0.9989719145512619,0.9949223562158546,0.9949223562158546,0.9732708651826292,0.9732708651826292,0.9430616438733647,0.9430616438733647,0.8358628901460073,0.9938851748246005,0.8340426965150264,0.9904949568456456,0.989159630311548,0.9939452565391381,0.9746952873092792,1.0,0.9374658680762592,0.9374658680762592,0.8592573308750526,0.09807666093850798,0.9872744018769084,0.8378248021837006,-0.4548409075324041,0.36946793083980445,0.8826195989723876,0.893444796309611,0.9476169227289611,0.9379033912943187,0.8341900521923192,0.8917180243584338,0.9018703897730155,0.8342725810100944,0.9123259505592479,0.949779999512012,0.8306200264193099],[0.9238058083844611,0.9241499738713223,0.9238058083844611,0.9027615914447771,0.9027615914447771,0.9196891915156504,0.9196891915156504,0.9721028817085152,0.9721028817085152,0.8526772868452794,0.917319015010449,0.8511847068072467,0.9118375429193084,0.8981019503101066,0.9176905714911864,0.9194140294695479,0.9374658680762592,1.0,1.0,0.7366448107125628,-0.008933786098427356,0.8662125850142732,0.5317320141582886,-0.17087896842527417,-0.20453267582882842,0.8248279222530995,0.7797338688085115,0.8331795329534049,0.9148228824416571,0.8353482171850833,0.7980325103545519,0.7510148547377733,0.7045534533841107,0.8420371577746908,0.772660295064614,0.848318371434819],[0.9238058083844611,0.9241499738713223,0.9238058083844611,0.9027615914447771,0.9027615914447771,0.9196891915156504,0.9196891915156504,0.9721028817085152,0.9721028817085152,0.8526772868452794,0.917319015010449,0.8511847068072467,0.9118375429193084,0.8981019503101066,0.9176905714911864,0.9194140294695479,0.9374658680762592,1.0,1.0,0.7366448107125628,-0.008933786098427356,0.8662125850142732,0.5317320141582886,-0.17087896842527417,-0.20453267582882842,0.8248279222530995,0.7797338688085115,0.8331795329534049,0.9148228824416571,0.8353482171850833,0.7980325103545519,0.7510148547377733,0.7045534533841107,0.8420371577746908,0.772660295064614,0.848318371434819],[0.7854287884691856,0.8047343530001588,0.7854287884691856,0.7632297714957874,0.7632297714957874,0.6384187190870914,0.6384187190870914,0.5771716491728194,0.5771716491728194,0.7118242940770031,0.8527794625176871,0.6815966140791642,0.8270132931238938,0.8470080396638797,0.8538144288544469,0.687188140325605,0.8592573308750526,0.7366448107125628,0.7366448107125628,1.0,0.04630941227159361,0.7254473495868482,-0.4008828144674863,0.3418847240731747,-0.6585160999229122,0.34464572666409704,0.7556217720502534,0.5006332232412848,0.8337850238941287,0.6898031378671667,0.08290925239491655,0.2979791156309309,0.5629571846956761,0.7811861729761364,0.46780315243846166,-0.16133401566854352],[-0.11105286110381896,0.09863387890747619,-0.11105286110381896,-0.1178520344591761,-0.1178520344591761,-0.05737096902187936,-0.05737096902187936,0.06307612876292486,0.06307612876292486,-0.10672289727337317,0.09288147971060882,0.01520231958965408,0.1274705871684148,0.0034574336532185238,0.09197116750413199,-0.04035656022286209,0.09807666093850798,-0.008933786098427356,-0.008933786098427356,0.04630941227159361,1.0,-0.07179813820786372,0.12273701373578574,0.14048576107049748,0.750808275426166,-0.08443705933676614,-0.004182346597574196,0.0074437199576171155,0.17776152741234458,0.015281974797220908,0.08147485248169897,0.3560534072435759,0.5776193945209495,-0.10159853870145691,0.12501105940497695,0.1671452021628819],[0.9776159524129288,0.9690560400076728,0.9776159524129288,0.989627538439844,0.989627538439844,0.9360880895849675,0.9360880895849675,0.8473764555017111,0.8473764555017111,0.8550252749458039,0.9960877428452479,0.8288634008988285,0.9871480218061823,0.9821190147782474,0.9959560616521814,0.9455146592542043,0.9872744018769084,0.8662125850142732,0.8662125850142732,0.7254473495868482,-0.07179813820786372,1.0,0.04183199566669033,-0.15858120726259953,-0.30932972056294933,0.6767006253105532,0.9195649707626655,0.9001458406870154,0.8602427533287204,0.7585438457733615,0.5496916178437296,0.5880444973214293,0.53803999054203,0.9023032686132301,0.6533252537147565,0.16654973851292013],[0.11044338931590218,-0.07393419082891019,0.11044338931590218,0.13334725562086447,0.13334725562086447,0.2809200028710985,0.2809200028710985,0.5245239558090016,0.5245239558090016,0.048932035747739154,0.8687716408274091,0.517267709192491,0.8903762400257157,0.8988923533425983,0.8682650655987442,0.610872005233488,0.8378248021837006,0.5317320141582886,0.5317320141582886,-0.4008828144674863,0.12273701373578574,0.04183199566669033,1.0,-0.4441274837865721,0.7489179762689299,0.36993687685938864,0.026807475646754637,0.2849076632412029,-0.12587221353127784,0.052770645923113035,0.5769934099188389,0.46434999779230784,0.19031774422499176,-0.039928818857809426,0.3730052240073907,0.4643191756544467],[-0.06281979126045545,-0.055512957067900236,-0.06281979126045545,-0.09710184406124861,-0.09710184406124861,-0.2562598666538333,-0.2562598666538333,-0.28101432820635913,-0.28101432820635913,0.0421157151642164,-0.4762087865445615,-0.19175162076785657,-0.646816025416507,-0.8383948391040063,-0.473802878105141,-0.38932465947311684,-0.4548409075324041,-0.17087896842527417,-0.17087896842527417,0.3418847240731747,0.14048576107049748,-0.15858120726259953,-0.4441274837865721,1.0,-0.03538476233890442,-0.1499382036543449,-0.14018772440008342,-0.2833429536617694,-0.021565220531241554,-0.05677066584788514,-0.5578931477977523,-0.18539070333791044,-0.014048747941294125,-0.01585231840499679,-0.19557005126192598,-0.40233442211893716],[-0.25229786282094585,-0.2525336762834266,-0.25229786282094585,-0.2544518010339263,-0.2544518010339263,-0.11333902632640114,-0.11333902632640114,0.02503669449308313,0.02503669449308313,-0.24626873938627325,0.3544775409033943,-0.23382231744989707,0.42887890019214847,0.47147241279639485,0.35382114876544135,-0.16421131705155334,0.36946793083980445,-0.20453267582882842,-0.20453267582882842,-0.6585160999229122,0.750808275426166,-0.30932972056294933,0.7489179762689299,-0.03538476233890442,1.0,-0.10286483545380866,-0.27111402544190294,-0.05982758547293859,-0.3504612451417401,-0.32788323307294853,0.08595423312111428,0.168934741443556,0.2673220997152219,-0.3812061362668016,0.12605848118307678,0.0991636095563874],[0.8186352033127449,0.6471316691658496,0.8186352033127449,0.8144426230403152,0.8144426230403152,0.8884271438320992,0.8884271438320992,0.7851470370016093,0.7851470370016093,0.8062111345236034,0.8434158389179103,0.8434417874663737,0.8211625645452323,0.7737552570860775,0.8434002871379049,0.9004066774533119,0.8826195989723876,0.8248279222530995,0.8248279222530995,0.34464572666409704,-0.08443705933676614,0.6767006253105532,0.36993687685938864,-0.1499382036543449,-0.10286483545380866,1.0,0.5746290979640073,0.8381894865298893,0.48799493764503227,0.6217436150603327,0.5385735467793568,0.6521115942537753,0.4211961869597816,0.7004387193560806,0.7007133734459451,0.412538339095517],[0.9260299552378535,0.9264053595493505,0.9260299552378535,0.9280863183581761,0.9280863183581761,0.8819902008335891,0.8819902008335891,0.7784843705413772,0.7784843705413772,0.7179417443739106,0.8913359801168448,0.6447826225387242,0.8952176994951645,0.898936495154846,0.888336087765897,0.8827483266875134,0.893444796309611,0.7797338688085115,0.7797338688085115,0.7556217720502534,-0.004182346597574196,0.9195649707626655,0.026807475646754637,-0.14018772440008342,-0.27111402544190294,0.5746290979640073,1.0,0.8219786283667803,0.8237115044919039,0.6973971814762248,0.43454666637722067,0.5056080157702193,0.5594259182649209,0.8687841895125923,0.6240403208662747,0.07583391244174613],[0.9116278515022964,0.8854798004758605,0.9116278515022964,0.9159501852544638,0.9159501852544638,0.9297918203243192,0.9297918203243192,0.8690778370723361,0.8690778370723361,0.8074444659636215,0.9421243810375061,0.7898293624402254,0.9562472658316296,0.9529280704152125,0.9411078315645315,0.9254511203101642,0.9476169227289611,0.8331795329534049,0.8331795329534049,0.5006332232412848,0.0074437199576171155,0.9001458406870154,0.2849076632412029,-0.2833429536617694,-0.05982758547293859,0.8381894865298893,0.8219786283667803,1.0,0.7463545721676991,0.6033669035516653,0.5783870730131465,0.5933162120186698,0.5319144042865827,0.8119612795591654,0.8272653924659502,0.21098215472001533],[0.9289046238759464,0.9233281301940158,0.9289046238759464,0.91675290099504,0.91675290099504,0.8993795277429152,0.8993795277429152,0.8486228480478611,0.8486228480478611,0.8456170488480412,0.9125893387088662,0.8252317126116657,0.9070887661196727,0.8941540721524733,0.9131120296926127,0.9071113276583114,0.9379033912943187,0.9148228824416571,0.9148228824416571,0.8337850238941287,0.17776152741234458,0.8602427533287204,-0.12587221353127784,-0.021565220531241554,-0.3504612451417401,0.48799493764503227,0.8237115044919039,0.7463545721676991,1.0,0.9051007266062328,0.5306052318587258,0.6819657601525354,0.6655385305892704,0.8764554399616439,0.49499998387159355,0.2927406027041372],[0.7799302274393725,0.7915001709034544,0.7799302274393725,0.7894260492169204,0.7894260492169204,0.7407609580575449,0.7407609580575449,0.7525691584153054,0.7525691584153054,0.7087902791649542,0.8152308697692946,0.7423816430195652,0.7470250555003369,0.6730315050731542,0.8165377931164717,0.7791500694533977,0.8341900521923192,0.8353482171850833,0.8353482171850833,0.6898031378671667,0.015281974797220908,0.7585438457733615,0.052770645923113035,-0.05677066584788514,-0.32788323307294853,0.6217436150603327,0.6973971814762248,0.6033669035516653,0.9051007266062328,1.0,0.5708038817214168,0.6647554014474533,0.6077268023830631,0.7272002137590735,0.5771077050130444,0.4695288503376193],[0.5225869513829057,0.5141547801500898,0.5225869513829057,0.550641350661836,0.550641350661836,0.7295278984996584,0.7295278984996584,0.8739136987436923,0.8739136987436923,0.3939181107210891,0.9041029027952996,0.6685892546898539,0.9043985566497001,0.9139713657987907,0.9036192917377249,0.8458312472636413,0.8917180243584338,0.7980325103545519,0.7980325103545519,0.08290925239491655,0.08147485248169897,0.5496916178437296,0.5769934099188389,-0.5578931477977523,0.08595423312111428,0.5385735467793568,0.43454666637722067,0.5783870730131465,0.5306052318587258,0.5708038817214168,1.0,0.7416184879364012,0.3782427722679954,0.47328405903833043,0.5601851357567645,0.7654836955726809],[0.6279972672940174,0.6250883425078863,0.6279972672940174,0.6225209943182,0.6225209943182,0.7347268233609558,0.7347268233609558,0.7770405124159123,0.7770405124159123,0.5495444242195113,0.8745545471433757,0.7430489917411397,0.8557461257930093,0.845544454618055,0.8756812214818128,0.7831765266860968,0.9018703897730155,0.7510148547377733,0.7510148547377733,0.2979791156309309,0.3560534072435759,0.5880444973214293,0.46434999779230784,-0.18539070333791044,0.168934741443556,0.6521115942537753,0.5056080157702193,0.5933162120186698,0.6819657601525354,0.6647554014474533,0.7416184879364012,1.0,0.7782397986617893,0.4867445624143668,0.7249076914358612,0.5465751715346066],[0.6369626559317191,0.6633854695910537,0.6369626559317191,0.6095128089759613,0.6095128089759613,0.7117893113217574,0.7117893113217574,0.7191474129599817,0.7191474129599817,0.5722428331717762,0.7995398793116409,0.6993983428799629,0.7874609847796367,0.7349011865034188,0.8004035688717159,0.7686417760350384,0.8342725810100944,0.7045534533841107,0.7045534533841107,0.5629571846956761,0.5776193945209495,0.53803999054203,0.19031774422499176,-0.014048747941294125,0.2673220997152219,0.4211961869597816,0.5594259182649209,0.5319144042865827,0.6655385305892704,0.6077268023830631,0.3782427722679954,0.7782397986617893,1.0,0.49023257198348225,0.6659294939601748,0.19818131697658697],[0.931479356774936,0.9288378231131176,0.931479356774936,0.9236523397945953,0.9236523397945953,0.8548894819680957,0.8548894819680957,0.7834638052998552,0.7834638052998552,0.8414969938339498,0.8998053925868544,0.8130589702765173,0.8829282887088686,0.9120835694337686,0.8996907482814256,0.8777877625049308,0.9123259505592479,0.8420371577746908,0.8420371577746908,0.7811861729761364,-0.10159853870145691,0.9023032686132301,-0.039928818857809426,-0.01585231840499679,-0.3812061362668016,0.7004387193560806,0.8687841895125923,0.8119612795591654,0.8764554399616439,0.7272002137590735,0.47328405903833043,0.4867445624143668,0.49023257198348225,1.0,0.7226573508466395,0.1637523420195228],[0.823183801025037,0.6752348756736806,0.823183801025037,0.8131620900120291,0.8131620900120291,0.8557458302182632,0.8557458302182632,0.8431546845325745,0.8431546845325745,0.7067929473173841,0.943402652668253,0.7129701101888669,0.9614078627367775,0.9630463096317522,0.9433079662414944,0.8531372813202475,0.949779999512012,0.772660295064614,0.772660295064614,0.46780315243846166,0.12501105940497695,0.6533252537147565,0.3730052240073907,-0.19557005126192598,0.12605848118307678,0.7007133734459451,0.6240403208662747,0.8272653924659502,0.49499998387159355,0.5771077050130444,0.5601851357567645,0.7249076914358612,0.6659294939601748,0.7226573508466395,1.0,0.17263509770529062],[0.17524266270731162,0.1721190470479331,0.17524266270731162,0.18701309673877667,0.18701309673877667,0.4612525226859452,0.4612525226859452,0.7985722996784012,0.7985722996784012,0.17781746020424014,0.7726385101495973,0.7123060789685517,0.8050256299314278,0.771812274121362,0.773215633193495,0.7859520958600997,0.8306200264193099,0.848318371434819,0.848318371434819,-0.16133401566854352,0.1671452021628819,0.16654973851292013,0.4643191756544467,-0.40233442211893716,0.0991636095563874,0.412538339095517,0.07583391244174613,0.21098215472001533,0.2927406027041372,0.4695288503376193,0.7654836955726809,0.5465751715346066,0.19818131697658697,0.1637523420195228,0.17263509770529062,1.0]],"x":["^TAIEX       \u81fa\u7063\u52a0\u6b0a\u5831\u916c\u6307\u6578","^TWII        \u81fa\u7063\u52a0\u6b0a\u6307\u6578","^TAIEXx2     \u81fa\u7063\u52a0\u6b0a\u5831\u916c\u6307\u6578_\u65e5\u6b632","^TAI50I      \u81fa\u706350\u5831\u916c\u6307\u6578","^TAI50Ix2    \u81fa\u706350\u5831\u916c\u6307\u6578_\u65e5\u6b632","^TAI100I     \u81fa\u7063\u4e2d\u578b100\u5831\u916c\u6307\u6578","^TAI100Ix2   \u81fa\u7063\u4e2d\u578b100\u5831\u916c\u6307\u6578_\u65e5\u6b632","^TAIDIVIDI   \u81fa\u7063\u9ad8\u80a1\u606f\u5831\u916c\u6307\u6578","^TAIDIVIDIx2 \u81fa\u7063\u9ad8\u80a1\u606f\u5831\u916c\u6307\u6578_\u65e5\u6b632","0050Fund     \u5143\u5927\u53f0\u7063\u5353\u8d8a50\u57fa\u91d1","006208Fund   \u5bcc\u90a6\u53f0\u7063\u91c6\u540950\u57fa\u91d1","0050         \u5143\u5927\u81fa\u706350","00631L       \u5143\u5927\u53f0\u706350\u6b632","00675L       \u5bcc\u90a6\u81fa\u7063\u52a0\u6b0a\u6b632","006208       \u5bcc\u90a6\u53f050","0051         \u5143\u5927\u4e2d\u578b100","006204       \u6c38\u8c50\u81fa\u7063\u52a0\u6b0a","0056         \u5143\u5927\u9ad8\u80a1\u606f","0056         \u5143\u5927\u9ad8\u80a1\u606f_\u80a1\u606f\u4e0d\u6295\u5165","2412         \u4e2d\u83ef\u96fb\u4fe1","2002         \u4e2d\u92fc","2330         \u53f0\u7a4d\u96fb","2317         \u9d3b\u6d77","6505         \u53f0\u5851\u77f3\u5316","3481         \u7fa4\u5275","2303         \u806f\u96fb","2308         \u53f0\u9054\u96fb","2454         \u806f\u767c\u79d1","2886         \u5146\u8c50\u91d1","2884         \u7389\u5c71\u91d1","2891         \u4e2d\u4fe1\u91d1","2892         \u7b2c\u4e00\u91d1","5880         \u5408\u5eab\u91d1","2881         \u5bcc\u90a6\u91d1","2885         \u5143\u5927\u91d1","2887         \u53f0\u65b0\u91d1"],"y":["^TAIEX       \u81fa\u7063\u52a0\u6b0a\u5831\u916c\u6307\u6578","^TWII        \u81fa\u7063\u52a0\u6b0a\u6307\u6578","^TAIEXx2     \u81fa\u7063\u52a0\u6b0a\u5831\u916c\u6307\u6578_\u65e5\u6b632","^TAI50I      \u81fa\u706350\u5831\u916c\u6307\u6578","^TAI50Ix2    \u81fa\u706350\u5831\u916c\u6307\u6578_\u65e5\u6b632","^TAI100I     \u81fa\u7063\u4e2d\u578b100\u5831\u916c\u6307\u6578","^TAI100Ix2   \u81fa\u7063\u4e2d\u578b100\u5831\u916c\u6307\u6578_\u65e5\u6b632","^TAIDIVIDI   \u81fa\u7063\u9ad8\u80a1\u606f\u5831\u916c\u6307\u6578","^TAIDIVIDIx2 \u81fa\u7063\u9ad8\u80a1\u606f\u5831\u916c\u6307\u6578_\u65e5\u6b632","0050Fund     \u5143\u5927\u53f0\u7063\u5353\u8d8a50\u57fa\u91d1","006208Fund   \u5bcc\u90a6\u53f0\u7063\u91c6\u540950\u57fa\u91d1","0050         \u5143\u5927\u81fa\u706350","00631L       \u5143\u5927\u53f0\u706350\u6b632","00675L       \u5bcc\u90a6\u81fa\u7063\u52a0\u6b0a\u6b632","006208       \u5bcc\u90a6\u53f050","0051         \u5143\u5927\u4e2d\u578b100","006204       \u6c38\u8c50\u81fa\u7063\u52a0\u6b0a","0056         \u5143\u5927\u9ad8\u80a1\u606f","0056         \u5143\u5927\u9ad8\u80a1\u606f_\u80a1\u606f\u4e0d\u6295\u5165","2412         \u4e2d\u83ef\u96fb\u4fe1","2002         \u4e2d\u92fc","2330         \u53f0\u7a4d\u96fb","2317         \u9d3b\u6d77","6505         \u53f0\u5851\u77f3\u5316","3481         \u7fa4\u5275","2303         \u806f\u96fb","2308         \u53f0\u9054\u96fb","2454         \u806f\u767c\u79d1","2886         \u5146\u8c50\u91d1","2884         \u7389\u5c71\u91d1","2891         \u4e2d\u4fe1\u91d1","2892         \u7b2c\u4e00\u91d1","5880         \u5408\u5eab\u91d1","2881         \u5bcc\u90a6\u91d1","2885         \u5143\u5927\u91d1","2887         \u53f0\u65b0\u91d1"],"zmin":-1,"zmax":1,"colorbar":{"x":-0.2}}],"layout":{"autotypenumbers":"strict","colorway":["#636efa","#EF553B","#00cc96","#ab63fa","#FFA15A","#19d3f3","#FF6692","#B6E880","#FF97FF","#FECB52"],"font":{"color":"#f2f5fa","family":"Courier New"},"hovermode":"closest","hoverlabel":{"align":"left"},"paper_bgcolor":"rgb(17,17,17)","plot_bgcolor":"rgb(17,17,17)","polar":{"bgcolor":"rgb(17,17,17)","angularaxis":{"gridcolor":"#506784","linecolor":"#506784","ticks":""},"radialaxis":{"gridcolor":"#506784","linecolor":"#506784","ticks":""}},"ternary":{"bgcolor":"rgb(17,17,17)","aaxis":{"gridcolor":"#506784","linecolor":"#506784","ticks":""},"baxis":{"gridcolor":"#506784","linecolor":"#506784","ticks":""},"caxis":{"gridcolor":"#506784","linecolor":"#506784","ticks":""}},"coloraxis":{"colorbar":{"outlinewidth":0,"ticks":""}},"colorscale":{"sequential":[[0.0,"#0d0887"],[0.1111111111111111,"#46039f"],[0.2222222222222222,"#7201a8"],[0.3333333333333333,"#9c179e"],[0.4444444444444444,"#bd3786"],[0.5555555555555556,"#d8576b"],[0.6666666666666666,"#ed7953"],[0.7777777777777778,"#fb9f3a"],[0.8888888888888888,"#fdca26"],[1.0,"#f0f921"]],"sequentialminus":[[0.0,"#0d0887"],[0.1111111111111111,"#46039f"],[0.2222222222222222,"#7201a8"],[0.3333333333333333,"#9c179e"],[0.4444444444444444,"#bd3786"],[0.5555555555555556,"#d8576b"],[0.6666666666666666,"#ed7953"],[0.7777777777777778,"#fb9f3a"],[0.8888888888888888,"#fdca26"],[1.0,"#f0f921"]],"diverging":[[0,"#8e0152"],[0.1,"#c51b7d"],[0.2,"#de77ae"],[0.3,"#f1b6da"],[0.4,"#fde0ef"],[0.5,"#f7f7f7"],[0.6,"#e6f5d0"],[0.7,"#b8e186"],[0.8,"#7fbc41"],[0.9,"#4d9221"],[1,"#276419"]]},"xaxis":{"gridcolor":"rgba(0, 0, 0, 0)","linecolor":"#506784","ticks":"","title":{"standoff":15},"zerolinecolor":"#283442","automargin":true,"zerolinewidth":2,"tickfont":{"family":"Courier New","size":14},"side":"top","tickangle":-90},"yaxis":{"gridcolor":"rgba(0, 0, 0, 0)","linecolor":"#506784","ticks":"","title":{"standoff":15},"zerolinecolor":"#283442","automargin":true,"zerolinewidth":2,"tickfont":{"family":"Courier New"},"side":"right"},"scene":{"xaxis":{"backgroundcolor":"rgb(17,17,17)","gridcolor":"#506784","linecolor":"#506784","showbackground":true,"ticks":"","zerolinecolor":"#C8D4E3","gridwidth":2},"yaxis":{"backgroundcolor":"rgb(17,17,17)","gridcolor":"#506784","linecolor":"#506784","showbackground":true,"ticks":"","zerolinecolor":"#C8D4E3","gridwidth":2},"zaxis":{"backgroundcolor":"rgb(17,17,17)","gridcolor":"#506784","linecolor":"#506784","showbackground":true,"ticks":"","zerolinecolor":"#C8D4E3","gridwidth":2}},"shapedefaults":{"line":{"color":"#f2f5fa"}},"annotationdefaults":{"arrowcolor":"#f2f5fa","arrowhead":0,"arrowwidth":1},"geo":{"bgcolor":"rgb(17,17,17)","landcolor":"rgb(17,17,17)","subunitcolor":"#506784","showland":true,"showlakes":true,"lakecolor":"rgb(17,17,17)"},"title":{"x":0.05,"font":{"family":"Times New Roman"},"y":0.05,"text":"<b>Correlation of Close<b><br><i>2016-09-23 ~ 2025-10-13<i>"},"updatemenudefaults":{"bgcolor":"#506784","borderwidth":0},"sliderdefaults":{"bgcolor":"#C8D4E3","borderwidth":1,"bordercolor":"rgb(17,17,17)","tickwidth":0},"mapbox":{"style":"dark"},"annotations":[{"text":"<b>@zwindr<b>","textangle":0,"opacity":0.5,"font":{"color":"white","size":12},"xref":"paper","yref":"paper","xanchor":"left","yanchor":"bottom","x":1.0,"y":1.0,"showarrow":false}]},"config":{"responsive":true,"toImageButtonOptions":{"filename":"Correlation of Close_2016-09-23~2025-10-13","scale":5}}};Plotly.newPlot("correlationClose",correlationClose.data,correlationClose.layout||{},correlationClose.config);}else{console.log("style display is none => correlationClose");}