var element=document.getElementById("correlationAdjClose");if(element.style.display!='none'){var correlationAdjClose={"data":[{"type":"heatmap","z":[[1.0,0.994982967464139,0.9753453931352568,0.9970794285984946,0.9561791616956004,0.9838691724000579,0.952947668809615,0.9890315084129313,0.9748364716083523,0.9972304295961718,0.9966729742154364,0.9971365273459971,0.993222595007764,0.9942060756042843,0.9967213872004949,0.9854292321710741,0.9997154774811293,0.9888583520324311,0.8986242981631637,0.919070972388015,0.6919214439700802,0.9847202106144749,0.9331217979801057,0.36688639655280836,-0.29889490255872986,0.8984416824556152,0.9281758300673776,0.9599232565691237,0.9773397069093079,0.9645966751506148,0.978974587321522,0.9706883946494337,0.9407548713921381,0.9826341048934536,0.9748811109618881,0.9558488445455787],[0.994982967464139,1.0,0.9715336033691895,0.9917534798940373,0.9520920428706678,0.9800084057693468,0.9489429995219105,0.9813089472089706,0.969002100602883,0.9930389176519322,0.9949154321369692,0.9944137608029404,0.9923314206455041,0.9922231143131756,0.9949359960712989,0.9804803127959892,0.9972718508807751,0.983529195541741,0.9195153320476773,0.9091892584036383,0.7118963696839512,0.969102251257392,0.9164116794920344,0.3668084505408051,-0.23037050869883224,0.876668157807816,0.9221715402798948,0.9593198618374729,0.9581443473145119,0.9524923633304294,0.9700822980022917,0.9570181960376174,0.9398537924753478,0.973161008705735,0.9662341117615955,0.9508012636663373],[0.9753453931352568,0.9715336033691895,1.0,0.9844896647649858,0.9945356520494558,0.9730077777695503,0.9782020827709821,0.9604782164343176,0.9787923937508912,0.9841767223828175,0.9908290734580301,0.9875535838309831,0.9970242282416628,0.9968073845166787,0.9905999292355884,0.9705942694263413,0.9855749027790409,0.9600353568083534,0.8602779394842383,0.8230458639680227,0.5626670602793977,0.9921090201046501,0.9325013166484677,0.19561579566203893,-0.22314181852447681,0.8829003121707992,0.9407809923797996,0.9711848993329076,0.9190167512403702,0.9073828195023294,0.9663043120387864,0.9116894825760171,0.8878470669001028,0.9639690513910651,0.9713800926945301,0.9160317362665937],[0.9970794285984946,0.9917534798940373,0.9844896647649858,1.0,0.972368451248497,0.9754453734242533,0.9501352821655765,0.9805950956098408,0.9713559715495912,0.9999699672726887,0.9999917499409915,0.9999626657805072,0.9933778312300726,0.9919827198026736,0.9999506688348707,0.9742611247948377,0.9957520592871256,0.9801027430799247,0.8818303260707767,0.9011397100451595,0.6537970120932538,0.9939223111015356,0.9378816765782044,0.33443460535612707,-0.2879115939631884,0.8901061164623724,0.9390661546879137,0.9634464995125829,0.964698305193208,0.9582258269201216,0.980869215204878,0.95777917998869,0.9249196876741144,0.9794712785347544,0.9727960958258708,0.9446766990726356],[0.9561791616956004,0.9520920428706678,0.9945356520494558,0.972368451248497,1.0,0.9455237101957594,0.9573327344619665,0.9346970759770732,0.9582477317838444,0.9724324933778538,0.9817509725557072,0.9778895355751277,0.9834965497721705,0.9805886819429792,0.9813663755905131,0.9416406841732793,0.9669673782855153,0.9339284970074493,0.8265801287543024,0.7917199594504846,0.5124594118566539,0.9870683275210931,0.9271273292640725,0.16070177710800357,-0.21215786403846865,0.8487997453790409,0.947014692376394,0.9567122030243239,0.887726950087559,0.882886834590541,0.9533875721419609,0.8801407936958344,0.8495018650816893,0.9451486384770622,0.9518403095281401,0.8834049676994937],[0.9838691724000579,0.9800084057693468,0.9730077777695503,0.9754453734242533,0.9455237101957594,1.0,0.9829525903987131,0.9826632107338622,0.9826958479184836,0.9748904113378415,0.9696422982023458,0.973007218660984,0.9736993924204906,0.9712522926497207,0.9695663127804653,0.99990175850134,0.9870474145539051,0.9835751677371827,0.9016042847367338,0.8713358160963588,0.6608590674162971,0.9671874319922902,0.9044996543574705,0.24320349960937762,-0.22043710614053563,0.9320782159473937,0.901111150847932,0.9643172784705708,0.9598131854833141,0.9345260903460493,0.9582032742313686,0.9548791775144273,0.952497620908272,0.963051606640349,0.9796825587192474,0.9580183490532398],[0.952947668809615,0.9489429995219105,0.9782020827709821,0.9501352821655765,0.9573327344619665,0.9829525903987131,1.0,0.9547800947219404,0.9848667440062356,0.9487918118840708,0.9590703805004782,0.9555112178929437,0.9774707628885668,0.9781637897924971,0.9588044340711832,0.9842418872399102,0.9712630947185417,0.9572439095965758,0.8664023415546265,0.7904255891088406,0.5516678855348617,0.9540635870275599,0.9061253525172764,0.10282552359676668,-0.15932723726242848,0.894272225873674,0.8967024629515962,0.9605013712346706,0.903988439311375,0.8714328392312728,0.9382632843637405,0.8971708638631093,0.9040036168251143,0.9365619859264284,0.9690205437927042,0.9134015714162917],[0.9890315084129313,0.9813089472089706,0.9604782164343176,0.9805950956098408,0.9346970759770732,0.9826632107338622,0.9547800947219404,1.0,0.9838446364173246,0.9805802337495397,0.9758650076726141,0.9794274327861512,0.9702985281898007,0.9692973595046416,0.9759745245402803,0.9844620220988733,0.9868098531796968,0.9998832206962743,0.9277924580682776,0.9293552769367031,0.6289452226898712,0.9679000818659712,0.899927275552024,0.22116260675587052,-0.3105252666346326,0.9066390886542766,0.8799382943936828,0.9448955351204931,0.9793056894882202,0.9571481576407254,0.9693983415667242,0.9661045266774282,0.9375862592694502,0.963800674046447,0.9617104512950919,0.9678961655370435],[0.9748364716083523,0.969002100602883,0.9787923937508912,0.9713559715495912,0.9582477317838444,0.9826958479184836,0.9848667440062356,0.9838446364173246,1.0,0.9706195596607547,0.9669489580325256,0.9694438183006676,0.9722314363965355,0.9690073223839752,0.9668037760167009,0.9817554349284023,0.9746370310642898,0.9832085178560166,0.902776627475247,0.8623213021981554,0.5478076319412579,0.9689627765326921,0.9173730178892708,0.0804811198398372,-0.23310476139544342,0.8848838199938001,0.8845379429951221,0.9649179415895099,0.9379888650251559,0.9058563203867298,0.9625972374198618,0.9234516889708704,0.90425945326052,0.9536034208409407,0.9739048884631227,0.9285151377464177],[0.9972304295961718,0.9930389176519322,0.9841767223828175,0.9999699672726887,0.9724324933778538,0.9748904113378415,0.9487918118840708,0.9805802337495397,0.9706195596607547,1.0,0.9999902805128515,0.9999827791086932,0.9932677679653041,0.9918498400004131,0.9999556072145733,0.9737162129539614,0.9956333736406948,0.9801830094692646,0.8836481966150291,0.9023535810909009,0.6511306460524211,0.9941134644464111,0.937753430533085,0.3395104779627667,-0.28736234672514704,0.8908248226807818,0.9373104974869002,0.9620203697601715,0.9644484175754258,0.9574224882205713,0.9799467513261011,0.9571896376188475,0.9235525809652334,0.9787148043331472,0.9717119114859675,0.9431819475856997],[0.9966729742154364,0.9949154321369692,0.9908290734580301,0.9999917499409915,0.9817509725557072,0.9696422982023458,0.9590703805004782,0.9758650076726141,0.9669489580325256,0.9999902805128515,1.0,0.9999737130183888,0.9934027758670805,0.9919811204379334,0.9999583172179417,0.9693702880788392,0.9954169164960404,0.9764979369871483,0.9055496377187316,0.9299430701140263,0.5308613417806821,0.9972748397684548,0.9230385256604017,-0.14083750520229485,0.38595598335966075,0.8897545869147784,0.9076409772801881,0.9645467946568911,0.955286695734978,0.9403634459111115,0.971761555903167,0.9370505395692312,0.9018928257609266,0.9696541863491065,0.9809135847367921,0.9388154803849401],[0.9971365273459971,0.9944137608029404,0.9875535838309831,0.9999626657805072,0.9778895355751277,0.973007218660984,0.9555112178929437,0.9794274327861512,0.9694438183006676,0.9999827791086932,0.9999737130183888,1.0,0.9932791920870673,0.9918266795947981,0.9999665504954062,0.9728402466313526,0.9955304563612332,0.9796196213516941,0.8911727978464132,0.9190204362718216,0.5954973141586958,0.9962877589173451,0.9344534850538565,0.07353986427110693,-0.19366767395880097,0.9042161731483247,0.9229898311898826,0.9577492140525752,0.9585397735215947,0.9483830536671217,0.9765516850418025,0.9479579399572599,0.9193079876830085,0.9751960333628217,0.9714318116448074,0.9471063977703073],[0.993222595007764,0.9923314206455041,0.9970242282416628,0.9933778312300726,0.9834965497721705,0.9736993924204906,0.9774707628885668,0.9702985281898007,0.9722314363965355,0.9932677679653041,0.9934027758670805,0.9932791920870673,1.0,0.9997648274211964,0.9934019547032765,0.9734782459875423,0.9933070235732483,0.9710903940353864,0.8968484554297212,0.9176574906366759,0.4562890410711211,0.9893290654050869,0.9195539835566995,-0.4067305366130226,0.4002641126065991,0.8723016120980793,0.9062686138867575,0.9682548163341509,0.9383982389956378,0.9086968600226013,0.9563500395683727,0.9141279887511453,0.8703963959651095,0.9672236644475364,0.9779256937676575,0.9310978773593415],[0.9942060756042843,0.9922231143131756,0.9968073845166787,0.9919827198026736,0.9805886819429792,0.9712522926497207,0.9781637897924971,0.9692973595046416,0.9690073223839752,0.9918498400004131,0.9919811204379334,0.9918266795947981,0.9997648274211964,1.0,0.992095896277891,0.9709344669748445,0.994108652676465,0.9702757855866664,0.8815587948587315,0.9273503762559219,0.3159036689841693,0.9855432699898414,0.9133052766396043,-0.7503484946373694,0.370382354132847,0.8398198022816681,0.9032860006829244,0.9645856651376404,0.932028929274593,0.8968631546230823,0.9498996913303468,0.9146287481178855,0.8484954410994583,0.9680212197127499,0.9760625021838185,0.9252290893444537],[0.9967213872004949,0.9949359960712989,0.9905999292355884,0.9999506688348707,0.9813663755905131,0.9695663127804653,0.9588044340711832,0.9759745245402803,0.9668037760167009,0.9999556072145733,0.9999583172179417,0.9999665504954062,0.9934019547032765,0.992095896277891,1.0,0.9693499585379171,0.9954607516451972,0.9765793825072929,0.9057417018752404,0.9304318703299156,0.5307730468550202,0.9971120266823049,0.9231976480150796,-0.13853577329074543,0.3859472380658105,0.8897796419758262,0.9066675316775266,0.9640091327727854,0.9554833295441915,0.9407462217799032,0.9717382531794286,0.9375052761562617,0.902333711994005,0.9696191239465309,0.9808705624406198,0.9393172792445352],[0.9854292321710741,0.9804803127959892,0.9705942694263413,0.9742611247948377,0.9416406841732793,0.99990175850134,0.9842418872399102,0.9844620220988733,0.9817554349284023,0.9737162129539614,0.9693702880788392,0.9728402466313526,0.9734782459875423,0.9709344669748445,0.9693499585379171,1.0,0.9870884759807903,0.9837859871515854,0.9045363245360543,0.8951414423549688,0.6500371710309446,0.9647447914004464,0.898839855533935,0.09877698887683391,-0.19930836185461648,0.9393534331788284,0.8895122554793152,0.9614171623105539,0.9632368673384027,0.9318911743082895,0.9548359244350177,0.9560659348489844,0.9516092624648829,0.965116683655112,0.9789893161525324,0.9622171026130739],[0.9997154774811293,0.9972718508807751,0.9855749027790409,0.9957520592871256,0.9669673782855153,0.9870474145539051,0.9712630947185417,0.9868098531796968,0.9746370310642898,0.9956333736406948,0.9954169164960404,0.9955304563612332,0.9933070235732483,0.994108652676465,0.9954607516451972,0.9870884759807903,1.0,0.9873967696150152,0.9240142721383771,0.9395023897991985,0.5882405231702054,0.9883149194553746,0.9145803314543931,-0.08034016552771521,0.41353304953344455,0.9184774648374532,0.8979467376184174,0.9667003416097668,0.9719379847704319,0.9490762389787681,0.9700976206765038,0.9557729090523591,0.9323900270752229,0.9759508879889982,0.9867047714630858,0.9626318738887955],[0.9888583520324311,0.983529195541741,0.9600353568083534,0.9801027430799247,0.9339284970074493,0.9835751677371827,0.9572439095965758,0.9998832206962743,0.9832085178560166,0.9801830094692646,0.9764979369871483,0.9796196213516941,0.9710903940353864,0.9702757855866664,0.9765793825072929,0.9837859871515854,0.9873967696150152,1.0,0.930688490735074,0.9355298742631637,0.6261474173277247,0.9664656109308601,0.9037121978284073,0.18509813025848412,-0.2922258918715041,0.9115148699181702,0.8751891087202368,0.9448523300616087,0.9797929271086746,0.9565946427489999,0.9678549919111873,0.9647940220192026,0.9373163116852979,0.9630304681875357,0.9597835232833757,0.9690253463615044],[0.8986242981631637,0.9195153320476773,0.8602779394842383,0.8818303260707767,0.8265801287543024,0.9016042847367338,0.8664023415546265,0.9277924580682776,0.902776627475247,0.8836481966150291,0.9055496377187316,0.8911727978464132,0.8968484554297212,0.8815587948587315,0.9057417018752404,0.9045363245360543,0.9240142721383771,0.930688490735074,1.0,0.8280597850978617,0.6964275772054715,0.853817993520217,0.8059008171536782,0.263976018066113,-0.1649316323130695,0.8572915714380192,0.7514454186732342,0.8557178179244974,0.8921551713386351,0.858712881621028,0.8557683788256905,0.8712977027862099,0.8575245083611257,0.8549272404543359,0.8757353797949494,0.8956733903472534],[0.919070972388015,0.9091892584036383,0.8230458639680227,0.9011397100451595,0.7917199594504846,0.8713358160963588,0.7904255891088406,0.9293552769367031,0.8623213021981554,0.9023535810909009,0.9299430701140263,0.9190204362718216,0.9176574906366759,0.9273503762559219,0.9304318703299156,0.8951414423549688,0.9395023897991985,0.9355298742631637,0.8280597850978617,1.0,0.8249495912861134,0.851554141615561,0.8670852606074926,0.6365563383619429,-0.5251561183522657,0.7162881871736603,0.831149111977435,0.8136276512957437,0.9595519939160726,0.9382259369120926,0.8995562596556531,0.9471429294220166,0.9006517695121927,0.9005021299951382,0.8517592826726925,0.8866754942811712],[0.6919214439700802,0.7118963696839512,0.5626670602793977,0.6537970120932538,0.5124594118566539,0.6608590674162971,0.5516678855348617,0.6289452226898712,0.5478076319412579,0.6511306460524211,0.5308613417806821,0.5954973141586958,0.4562890410711211,0.3159036689841693,0.5307730468550202,0.6500371710309446,0.5882405231702054,0.6261474173277247,0.6964275772054715,0.8249495912861134,1.0,0.5830500298732803,0.6897594855638667,0.7247539074381276,-0.11615657084808578,0.5344374053545157,0.5993341115727612,0.6076758563810147,0.7706575422139389,0.7012690232178693,0.6221254433722804,0.7366902425889207,0.7519051394047147,0.6614652775045553,0.6292892769927277,0.6798224008895807],[0.9847202106144749,0.969102251257392,0.9921090201046501,0.9939223111015356,0.9870683275210931,0.9671874319922902,0.9540635870275599,0.9679000818659712,0.9689627765326921,0.9941134644464111,0.9972748397684548,0.9962877589173451,0.9893290654050869,0.9855432699898414,0.9971120266823049,0.9647447914004464,0.9883149194553746,0.9664656109308601,0.853817993520217,0.851554141615561,0.5830500298732803,1.0,0.916079307448832,0.2614176460770408,-0.2794246580276238,0.8724097610765352,0.9424561838659098,0.9675262142803154,0.9314209494287861,0.9384887073329609,0.9724662208732928,0.933509652524483,0.8967056074054853,0.9685441104727148,0.9581860829016118,0.9239668777319774],[0.9331217979801057,0.9164116794920344,0.9325013166484677,0.9378816765782044,0.9271273292640725,0.9044996543574705,0.9061253525172764,0.899927275552024,0.9173730178892708,0.937753430533085,0.9230385256604017,0.9344534850538565,0.9195539835566995,0.9133052766396043,0.9231976480150796,0.898839855533935,0.9145803314543931,0.9037121978284073,0.8059008171536782,0.8670852606074926,0.6897594855638667,0.916079307448832,1.0,0.3000957084082476,-0.19002147299704744,0.7152492384859519,0.9126296159966569,0.8984344358705314,0.8978794849811969,0.8571509602426414,0.9346988670036744,0.871398768128797,0.8396941317132587,0.929733369186054,0.8844276626443898,0.8567760779283726],[0.36688639655280836,0.3668084505408051,0.19561579566203893,0.33443460535612707,0.16070177710800357,0.24320349960937762,0.10282552359676668,0.22116260675587052,0.0804811198398372,0.3395104779627667,-0.14083750520229485,0.07353986427110693,-0.4067305366130226,-0.7503484946373694,-0.13853577329074543,0.09877698887683391,-0.08034016552771521,0.18509813025848412,0.263976018066113,0.6365563383619429,0.7247539074381276,0.2614176460770408,0.3000957084082476,1.0,-0.38145049161291666,0.2636478356312917,0.2507979880139604,0.17305868746808814,0.46245672958926737,0.45583072507652167,0.3036905872963087,0.47803581960253005,0.4041757521813258,0.3303432847905772,0.2534295363286888,0.3712407862487952],[-0.29889490255872986,-0.23037050869883224,-0.22314181852447681,-0.2879115939631884,-0.21215786403846865,-0.22043710614053563,-0.15932723726242848,-0.3105252666346326,-0.23310476139544342,-0.28736234672514704,0.38595598335966075,-0.19366767395880097,0.4002641126065991,0.370382354132847,0.3859472380658105,-0.19930836185461648,0.41353304953344455,-0.2922258918715041,-0.1649316323130695,-0.5251561183522657,-0.11615657084808578,-0.2794246580276238,-0.19002147299704744,-0.38145049161291666,1.0,-0.15679694728006716,-0.27330042372630525,-0.1835749190270345,-0.3869267719020923,-0.3762243863078355,-0.3185112956473251,-0.34516005549090417,-0.21007817716990043,-0.34396830858289756,-0.1852159115487283,-0.3173408472792651],[0.8984416824556152,0.876668157807816,0.8829003121707992,0.8901061164623724,0.8487997453790409,0.9320782159473937,0.894272225873674,0.9066390886542766,0.8848838199938001,0.8908248226807818,0.8897545869147784,0.9042161731483247,0.8723016120980793,0.8398198022816681,0.8897796419758262,0.9393534331788284,0.9184774648374532,0.9115148699181702,0.8572915714380192,0.7162881871736603,0.5344374053545157,0.8724097610765352,0.7152492384859519,0.2636478356312917,-0.15679694728006716,1.0,0.7695521273564593,0.8864632473195976,0.8221883295831798,0.8657233475819092,0.830409239623675,0.873450935838708,0.8688642318377352,0.860799603407052,0.8691744697242715,0.8998030004549441],[0.9281758300673776,0.9221715402798948,0.9407809923797996,0.9390661546879137,0.947014692376394,0.901111150847932,0.8967024629515962,0.8799382943936828,0.8845379429951221,0.9373104974869002,0.9076409772801881,0.9229898311898826,0.9062686138867575,0.9032860006829244,0.9066675316775266,0.8895122554793152,0.8979467376184174,0.8751891087202368,0.7514454186732342,0.831149111977435,0.5993341115727612,0.9424561838659098,0.9126296159966569,0.2507979880139604,-0.27330042372630525,0.7695521273564593,1.0,0.890926220763119,0.8845047111682086,0.8712298842442454,0.9142072953596,0.8702399568565091,0.8342868706292733,0.9162840570144855,0.896142081095005,0.8597322459470739],[0.9599232565691237,0.9593198618374729,0.9711848993329076,0.9634464995125829,0.9567122030243239,0.9643172784705708,0.9605013712346706,0.9448955351204931,0.9649179415895099,0.9620203697601715,0.9645467946568911,0.9577492140525752,0.9682548163341509,0.9645856651376404,0.9640091327727854,0.9614171623105539,0.9667003416097668,0.9448523300616087,0.8557178179244974,0.8136276512957437,0.6076758563810147,0.9675262142803154,0.8984344358705314,0.17305868746808814,-0.1835749190270345,0.8864632473195976,0.890926220763119,1.0,0.9115192707315836,0.8947181763201851,0.9455784319438836,0.8951151437342116,0.8883193353805257,0.9510017382178777,0.9738608512428736,0.8939362235087075],[0.9773397069093079,0.9581443473145119,0.9190167512403702,0.964698305193208,0.887726950087559,0.9598131854833141,0.903988439311375,0.9793056894882202,0.9379888650251559,0.9644484175754258,0.955286695734978,0.9585397735215947,0.9383982389956378,0.932028929274593,0.9554833295441915,0.9632368673384027,0.9719379847704319,0.9797929271086746,0.8921551713386351,0.9595519939160726,0.7706575422139389,0.9314209494287861,0.8978794849811969,0.46245672958926737,-0.3869267719020923,0.8221883295831798,0.8845047111682086,0.9115192707315836,1.0,0.9866039833646901,0.9626045735442313,0.9906488472401662,0.9534674236594386,0.9598643212362564,0.9166892804912851,0.9687998793093683],[0.9645966751506148,0.9524923633304294,0.9073828195023294,0.9582258269201216,0.882886834590541,0.9345260903460493,0.8714328392312728,0.9571481576407254,0.9058563203867298,0.9574224882205713,0.9403634459111115,0.9483830536671217,0.9086968600226013,0.8968631546230823,0.9407462217799032,0.9318911743082895,0.9490762389787681,0.9565946427489999,0.858712881621028,0.9382259369120926,0.7012690232178693,0.9384887073329609,0.8571509602426414,0.45583072507652167,-0.3762243863078355,0.8657233475819092,0.8712298842442454,0.8947181763201851,0.9866039833646901,1.0,0.9514697286989104,0.9843855485212708,0.956190242316164,0.9402961057017383,0.9246971719559639,0.9640120205456577],[0.978974587321522,0.9700822980022917,0.9663043120387864,0.980869215204878,0.9533875721419609,0.9582032742313686,0.9382632843637405,0.9693983415667242,0.9625972374198618,0.9799467513261011,0.971761555903167,0.9765516850418025,0.9563500395683727,0.9498996913303468,0.9717382531794286,0.9548359244350177,0.9700976206765038,0.9678549919111873,0.8557683788256905,0.8995562596556531,0.6221254433722804,0.9724662208732928,0.9346988670036744,0.3036905872963087,-0.3185112956473251,0.830409239623675,0.9142072953596,0.9455784319438836,0.9626045735442313,0.9514697286989104,1.0,0.9525040795518103,0.9130699459921433,0.9785076746048573,0.9628751177303454,0.9435979897563933],[0.9706883946494337,0.9570181960376174,0.9116894825760171,0.95777917998869,0.8801407936958344,0.9548791775144273,0.8971708638631093,0.9661045266774282,0.9234516889708704,0.9571896376188475,0.9370505395692312,0.9479579399572599,0.9141279887511453,0.9146287481178855,0.9375052761562617,0.9560659348489844,0.9557729090523591,0.9647940220192026,0.8712977027862099,0.9471429294220166,0.7366902425889207,0.933509652524483,0.871398768128797,0.47803581960253005,-0.34516005549090417,0.873450935838708,0.8702399568565091,0.8951151437342116,0.9906488472401662,0.9843855485212708,0.9525040795518103,1.0,0.9741013723110293,0.946487293647917,0.9393972829221054,0.9647818345195274],[0.9407548713921381,0.9398537924753478,0.8878470669001028,0.9249196876741144,0.8495018650816893,0.952497620908272,0.9040036168251143,0.9375862592694502,0.90425945326052,0.9235525809652334,0.9018928257609266,0.9193079876830085,0.8703963959651095,0.8484954410994583,0.902333711994005,0.9516092624648829,0.9323900270752229,0.9373163116852979,0.8575245083611257,0.9006517695121927,0.7519051394047147,0.8967056074054853,0.8396941317132587,0.4041757521813258,-0.21007817716990043,0.8688642318377352,0.8342868706292733,0.8883193353805257,0.9534674236594386,0.956190242316164,0.9130699459921433,0.9741013723110293,1.0,0.9072163969034505,0.929837465237196,0.9545350376560005],[0.9826341048934536,0.973161008705735,0.9639690513910651,0.9794712785347544,0.9451486384770622,0.963051606640349,0.9365619859264284,0.963800674046447,0.9536034208409407,0.9787148043331472,0.9696541863491065,0.9751960333628217,0.9672236644475364,0.9680212197127499,0.9696191239465309,0.965116683655112,0.9759508879889982,0.9630304681875357,0.8549272404543359,0.9005021299951382,0.6614652775045553,0.9685441104727148,0.929733369186054,0.3303432847905772,-0.34396830858289756,0.860799603407052,0.9162840570144855,0.9510017382178777,0.9598643212362564,0.9402961057017383,0.9785076746048573,0.946487293647917,0.9072163969034505,1.0,0.9598397547590672,0.9444156534949846],[0.9748811109618881,0.9662341117615955,0.9713800926945301,0.9727960958258708,0.9518403095281401,0.9796825587192474,0.9690205437927042,0.9617104512950919,0.9739048884631227,0.9717119114859675,0.9809135847367921,0.9714318116448074,0.9779256937676575,0.9760625021838185,0.9808705624406198,0.9789893161525324,0.9867047714630858,0.9597835232833757,0.8757353797949494,0.8517592826726925,0.6292892769927277,0.9581860829016118,0.8844276626443898,0.2534295363286888,-0.1852159115487283,0.8691744697242715,0.896142081095005,0.9738608512428736,0.9166892804912851,0.9246971719559639,0.9628751177303454,0.9393972829221054,0.929837465237196,0.9598397547590672,1.0,0.9232234007601456],[0.9558488445455787,0.9508012636663373,0.9160317362665937,0.9446766990726356,0.8834049676994937,0.9580183490532398,0.9134015714162917,0.9678961655370435,0.9285151377464177,0.9431819475856997,0.9388154803849401,0.9471063977703073,0.9310978773593415,0.9252290893444537,0.9393172792445352,0.9622171026130739,0.9626318738887955,0.9690253463615044,0.8956733903472534,0.8866754942811712,0.6798224008895807,0.9239668777319774,0.8567760779283726,0.3712407862487952,-0.3173408472792651,0.8998030004549441,0.8597322459470739,0.8939362235087075,0.9687998793093683,0.9640120205456577,0.9435979897563933,0.9647818345195274,0.9545350376560005,0.9444156534949846,0.9232234007601456,1.0]],"x":["^TAIEX       \u81fa\u7063\u52a0\u6b0a\u5831\u916c\u6307\u6578","^TWII        \u81fa\u7063\u52a0\u6b0a\u6307\u6578","^TAIEXx2     \u81fa\u7063\u52a0\u6b0a\u5831\u916c\u6307\u6578_\u65e5\u6b632","^TAI50I      \u81fa\u706350\u5831\u916c\u6307\u6578","^TAI50Ix2    \u81fa\u706350\u5831\u916c\u6307\u6578_\u65e5\u6b632","^TAI100I     \u81fa\u7063\u4e2d\u578b100\u5831\u916c\u6307\u6578","^TAI100Ix2   \u81fa\u7063\u4e2d\u578b100\u5831\u916c\u6307\u6578_\u65e5\u6b632","^TAIDIVIDI   \u81fa\u7063\u9ad8\u80a1\u606f\u5831\u916c\u6307\u6578","^TAIDIVIDIx2 \u81fa\u7063\u9ad8\u80a1\u606f\u5831\u916c\u6307\u6578_\u65e5\u6b632","0050Fund     \u5143\u5927\u53f0\u7063\u5353\u8d8a50\u57fa\u91d1","006208Fund   \u5bcc\u90a6\u53f0\u7063\u91c6\u540950\u57fa\u91d1","0050         \u5143\u5927\u81fa\u706350","00631L       \u5143\u5927\u53f0\u706350\u6b632","00675L       \u5bcc\u90a6\u81fa\u7063\u52a0\u6b0a\u6b632","006208       \u5bcc\u90a6\u53f050","0051         \u5143\u5927\u4e2d\u578b100","006204       \u6c38\u8c50\u81fa\u7063\u52a0\u6b0a","0056         \u5143\u5927\u9ad8\u80a1\u606f","0056         \u5143\u5927\u9ad8\u80a1\u606f_\u80a1\u606f\u4e0d\u6295\u5165","2412         \u4e2d\u83ef\u96fb\u4fe1","2002         \u4e2d\u92fc","2330         \u53f0\u7a4d\u96fb","2317         \u9d3b\u6d77","6505         \u53f0\u5851\u77f3\u5316","3481         \u7fa4\u5275","2303         \u806f\u96fb","2308         \u53f0\u9054\u96fb","2454         \u806f\u767c\u79d1","2886         \u5146\u8c50\u91d1","2884         \u7389\u5c71\u91d1","2891         \u4e2d\u4fe1\u91d1","2892         \u7b2c\u4e00\u91d1","5880         \u5408\u5eab\u91d1","2881         \u5bcc\u90a6\u91d1","2885         \u5143\u5927\u91d1","2887         \u53f0\u65b0\u91d1"],"y":["^TAIEX       \u81fa\u7063\u52a0\u6b0a\u5831\u916c\u6307\u6578","^TWII        \u81fa\u7063\u52a0\u6b0a\u6307\u6578","^TAIEXx2     \u81fa\u7063\u52a0\u6b0a\u5831\u916c\u6307\u6578_\u65e5\u6b632","^TAI50I      \u81fa\u706350\u5831\u916c\u6307\u6578","^TAI50Ix2    \u81fa\u706350\u5831\u916c\u6307\u6578_\u65e5\u6b632","^TAI100I     \u81fa\u7063\u4e2d\u578b100\u5831\u916c\u6307\u6578","^TAI100Ix2   \u81fa\u7063\u4e2d\u578b100\u5831\u916c\u6307\u6578_\u65e5\u6b632","^TAIDIVIDI   \u81fa\u7063\u9ad8\u80a1\u606f\u5831\u916c\u6307\u6578","^TAIDIVIDIx2 \u81fa\u7063\u9ad8\u80a1\u606f\u5831\u916c\u6307\u6578_\u65e5\u6b632","0050Fund     \u5143\u5927\u53f0\u7063\u5353\u8d8a50\u57fa\u91d1","006208Fund   \u5bcc\u90a6\u53f0\u7063\u91c6\u540950\u57fa\u91d1","0050         \u5143\u5927\u81fa\u706350","00631L       \u5143\u5927\u53f0\u706350\u6b632","00675L       \u5bcc\u90a6\u81fa\u7063\u52a0\u6b0a\u6b632","006208       \u5bcc\u90a6\u53f050","0051         \u5143\u5927\u4e2d\u578b100","006204       \u6c38\u8c50\u81fa\u7063\u52a0\u6b0a","0056         \u5143\u5927\u9ad8\u80a1\u606f","0056         \u5143\u5927\u9ad8\u80a1\u606f_\u80a1\u606f\u4e0d\u6295\u5165","2412         \u4e2d\u83ef\u96fb\u4fe1","2002         \u4e2d\u92fc","2330         \u53f0\u7a4d\u96fb","2317         \u9d3b\u6d77","6505         \u53f0\u5851\u77f3\u5316","3481         \u7fa4\u5275","2303         \u806f\u96fb","2308         \u53f0\u9054\u96fb","2454         \u806f\u767c\u79d1","2886         \u5146\u8c50\u91d1","2884         \u7389\u5c71\u91d1","2891         \u4e2d\u4fe1\u91d1","2892         \u7b2c\u4e00\u91d1","5880         \u5408\u5eab\u91d1","2881         \u5bcc\u90a6\u91d1","2885         \u5143\u5927\u91d1","2887         \u53f0\u65b0\u91d1"],"zmin":-1,"zmax":1,"colorbar":{"x":-0.2}}],"layout":{"autotypenumbers":"strict","colorway":["#636efa","#EF553B","#00cc96","#ab63fa","#FFA15A","#19d3f3","#FF6692","#B6E880","#FF97FF","#FECB52"],"font":{"color":"#f2f5fa","family":"Courier New"},"hovermode":"closest","hoverlabel":{"align":"left"},"paper_bgcolor":"rgb(17,17,17)","plot_bgcolor":"rgb(17,17,17)","polar":{"bgcolor":"rgb(17,17,17)","angularaxis":{"gridcolor":"#506784","linecolor":"#506784","ticks":""},"radialaxis":{"gridcolor":"#506784","linecolor":"#506784","ticks":""}},"ternary":{"bgcolor":"rgb(17,17,17)","aaxis":{"gridcolor":"#506784","linecolor":"#506784","ticks":""},"baxis":{"gridcolor":"#506784","linecolor":"#506784","ticks":""},"caxis":{"gridcolor":"#506784","linecolor":"#506784","ticks":""}},"coloraxis":{"colorbar":{"outlinewidth":0,"ticks":""}},"colorscale":{"sequential":[[0.0,"#0d0887"],[0.1111111111111111,"#46039f"],[0.2222222222222222,"#7201a8"],[0.3333333333333333,"#9c179e"],[0.4444444444444444,"#bd3786"],[0.5555555555555556,"#d8576b"],[0.6666666666666666,"#ed7953"],[0.7777777777777778,"#fb9f3a"],[0.8888888888888888,"#fdca26"],[1.0,"#f0f921"]],"sequentialminus":[[0.0,"#0d0887"],[0.1111111111111111,"#46039f"],[0.2222222222222222,"#7201a8"],[0.3333333333333333,"#9c179e"],[0.4444444444444444,"#bd3786"],[0.5555555555555556,"#d8576b"],[0.6666666666666666,"#ed7953"],[0.7777777777777778,"#fb9f3a"],[0.8888888888888888,"#fdca26"],[1.0,"#f0f921"]],"diverging":[[0,"#8e0152"],[0.1,"#c51b7d"],[0.2,"#de77ae"],[0.3,"#f1b6da"],[0.4,"#fde0ef"],[0.5,"#f7f7f7"],[0.6,"#e6f5d0"],[0.7,"#b8e186"],[0.8,"#7fbc41"],[0.9,"#4d9221"],[1,"#276419"]]},"xaxis":{"gridcolor":"rgba(0, 0, 0, 0)","linecolor":"#506784","ticks":"","title":{"standoff":15},"zerolinecolor":"#283442","automargin":true,"zerolinewidth":2,"tickfont":{"family":"Courier New","size":14},"side":"top","tickangle":-90},"yaxis":{"gridcolor":"rgba(0, 0, 0, 0)","linecolor":"#506784","ticks":"","title":{"standoff":15},"zerolinecolor":"#283442","automargin":true,"zerolinewidth":2,"tickfont":{"family":"Courier New"},"side":"right"},"scene":{"xaxis":{"backgroundcolor":"rgb(17,17,17)","gridcolor":"#506784","linecolor":"#506784","showbackground":true,"ticks":"","zerolinecolor":"#C8D4E3","gridwidth":2},"yaxis":{"backgroundcolor":"rgb(17,17,17)","gridcolor":"#506784","linecolor":"#506784","showbackground":true,"ticks":"","zerolinecolor":"#C8D4E3","gridwidth":2},"zaxis":{"backgroundcolor":"rgb(17,17,17)","gridcolor":"#506784","linecolor":"#506784","showbackground":true,"ticks":"","zerolinecolor":"#C8D4E3","gridwidth":2}},"shapedefaults":{"line":{"color":"#f2f5fa"}},"annotationdefaults":{"arrowcolor":"#f2f5fa","arrowhead":0,"arrowwidth":1},"geo":{"bgcolor":"rgb(17,17,17)","landcolor":"rgb(17,17,17)","subunitcolor":"#506784","showland":true,"showlakes":true,"lakecolor":"rgb(17,17,17)"},"title":{"x":0.05,"font":{"family":"Times New Roman"},"y":0.05,"text":"<b>Correlation of Adj Close<b><br><i>2016-09-23 ~ 2025-12-05<i>"},"updatemenudefaults":{"bgcolor":"#506784","borderwidth":0},"sliderdefaults":{"bgcolor":"#C8D4E3","borderwidth":1,"bordercolor":"rgb(17,17,17)","tickwidth":0},"mapbox":{"style":"dark"},"annotations":[{"text":"<b>@zwindr<b>","textangle":0,"opacity":0.5,"font":{"color":"white","size":12},"xref":"paper","yref":"paper","xanchor":"left","yanchor":"bottom","x":1.0,"y":1.0,"showarrow":false}]},"config":{"responsive":true,"toImageButtonOptions":{"filename":"Correlation of Adj Close_2016-09-23~2025-12-05","scale":5}}};Plotly.newPlot("correlationAdjClose",correlationAdjClose.data,correlationAdjClose.layout||{},correlationAdjClose.config);}else{console.log("style display is none => correlationAdjClose");}