var element=document.getElementById("correlationClose");if(element.style.display!='none'){var correlationClose={"data":[{"type":"heatmap","z":[[1.0,0.9999999999999981,1.0,0.9953350716917394,0.9953350716917394,0.9643199460753643,0.9643199460753643,0.9030612925444362,0.9030612925444362,0.8802394675702171,0.9945923552647385,0.8523128064962865,0.9928333786153717,0.9927106708369552,0.9946531048027838,0.9735084354373033,0.9989881594620443,0.9232654344888002,0.9232654344888002,0.785062807113142,-0.11642552204512799,0.9776420113327424,0.11969201681690604,-0.07139992807642367,-0.2519568496678403,0.8177092296275709,0.9196227179382145,0.9123363808890919,0.9286688226059254,0.7809868661603055,0.5292853558782616,0.6302761336562642,0.6357712726732311,0.9317972945980185,0.8249845778184505,0.17881229624859096],[0.9999999999999981,1.0,0.9999999999999984,0.9952973507872079,0.9952973507872079,0.9637405346572436,0.9637405346572436,0.9041292358189105,0.9041292358189105,0.8813758477999237,0.9945819216899517,0.8520032850821289,0.9925542182661029,0.9921693720060364,0.9946293754063302,0.9728728558062195,0.9989904685623413,0.9235649304442644,0.9235649304442644,0.8042227636348462,0.0935702902219981,0.9691765070049234,-0.0682715858096075,-0.06395927831905342,-0.25221070096535925,0.6470899188592003,0.9203507004930904,0.8864971837439553,0.9230689382734522,0.7923113623488784,0.5208745947221699,0.6273684145068611,0.6620520480714153,0.9292521201517664,0.6778976612402343,0.17576251044975189],[1.0,0.9999999999999984,1.0,0.9953350716917394,0.9953350716917394,0.9643199460753643,0.9643199460753643,0.9030612925444362,0.9030612925444362,0.8802394675702171,0.9945923552647385,0.8523128064962865,0.9928333786153717,0.9927106708369552,0.9946531048027838,0.9735084354373033,0.9989881594620443,0.9232654344888002,0.9232654344888002,0.785062807113142,-0.11642552204512799,0.9776420113327424,0.11969201681690604,-0.07139992807642367,-0.2519568496678403,0.8177092296275709,0.9196227179382145,0.9123363808890919,0.9286688226059254,0.7809868661603055,0.5292853558782616,0.6302761336562642,0.6357712726732311,0.9317972945980185,0.8249845778184505,0.17881229624859096],[0.9953350716917394,0.9952973507872079,0.9953350716917394,1.0,1.0,0.9512070429539473,0.9512070429539473,0.8882982392505998,0.8882982392505998,0.8641073251860636,0.9995079072711235,0.834339240043806,0.98990584306857,0.9863775822107063,0.9994687966496559,0.956131101529257,0.9949144259230044,0.9016035013815284,0.9016035013815284,0.7622469814168243,-0.12349658664698465,0.9897961859406833,0.14335171286233256,-0.10625681570236718,-0.25372942546586635,0.8125028727768435,0.9241579110557572,0.9160894258407682,0.9158961803837949,0.7897508330222552,0.5575120239185558,0.6245890205695632,0.6077349822747758,0.9235049932282684,0.8147820582331526,0.1907303566251398],[0.9953350716917394,0.9952973507872079,0.9953350716917394,1.0,1.0,0.9512070429539473,0.9512070429539473,0.8882982392505998,0.8882982392505998,0.8641073251860636,0.9995079072711235,0.834339240043806,0.98990584306857,0.9863775822107063,0.9994687966496559,0.956131101529257,0.9949144259230044,0.9016035013815284,0.9016035013815284,0.7622469814168243,-0.12349658664698465,0.9897961859406833,0.14335171286233256,-0.10625681570236718,-0.25372942546586635,0.8125028727768435,0.9241579110557572,0.9160894258407682,0.9158961803837949,0.7897508330222552,0.5575120239185558,0.6245890205695632,0.6077349822747758,0.9235049932282684,0.8147820582331526,0.1907303566251398],[0.9643199460753643,0.9637405346572436,0.9643199460753643,0.9512070429539473,0.9512070429539473,1.0,1.0,0.9287057542922145,0.9287057542922145,0.844991496986703,0.9520171277944254,0.8352706467129327,0.9733052581092123,0.9712385621038162,0.9518786170419976,0.9990648187311097,0.9732086069182581,0.9200350425913874,0.9200350425913874,0.640158231910177,-0.06308416674074749,0.9361705441266537,0.2876293544367261,-0.26273274506615457,-0.11439160764355741,0.887702683677838,0.8734068733598657,0.9304378017845835,0.9000215058460416,0.7425212279803743,0.7333341062297888,0.736310960912634,0.7110083964406727,0.8563049039810036,0.8574034727777519,0.46374404800177543],[0.9643199460753643,0.9637405346572436,0.9643199460753643,0.9512070429539473,0.9512070429539473,1.0,1.0,0.9287057542922145,0.9287057542922145,0.844991496986703,0.9520171277944254,0.8352706467129327,0.9733052581092123,0.9712385621038162,0.9518786170419976,0.9990648187311097,0.9732086069182581,0.9200350425913874,0.9200350425913874,0.640158231910177,-0.06308416674074749,0.9361705441266537,0.2876293544367261,-0.26273274506615457,-0.11439160764355741,0.887702683677838,0.8734068733598657,0.9304378017845835,0.9000215058460416,0.7425212279803743,0.7333341062297888,0.736310960912634,0.7110083964406727,0.8563049039810036,0.8574034727777519,0.46374404800177543],[0.9030612925444362,0.9041292358189105,0.9030612925444362,0.8882982392505998,0.8882982392505998,0.9287057542922145,0.9287057542922145,1.0,1.0,0.7847236729777176,0.9384542489377987,0.8075770903601721,0.9453599688979258,0.9403282492878144,0.9383444469330753,0.929566264576392,0.943353675433784,0.9720910870622023,0.9720910870622023,0.5794815480873434,0.05733487851990761,0.8482835450074402,0.5293595376691578,-0.28764118641620795,0.023481707464621304,0.7854311789097026,0.7712066962378274,0.8703487049434906,0.8497328196335657,0.7542380252960892,0.87516882733621,0.7783509395174812,0.7187067339343386,0.7855697801917827,0.84471957459974,0.7998624868115459],[0.9030612925444362,0.9041292358189105,0.9030612925444362,0.8882982392505998,0.8882982392505998,0.9287057542922145,0.9287057542922145,1.0,1.0,0.7847236729777176,0.9384542489377987,0.8075770903601721,0.9453599688979258,0.9403282492878144,0.9383444469330753,0.929566264576392,0.943353675433784,0.9720910870622023,0.9720910870622023,0.5794815480873434,0.05733487851990761,0.8482835450074402,0.5293595376691578,-0.28764118641620795,0.023481707464621304,0.7854311789097026,0.7712066962378274,0.8703487049434906,0.8497328196335657,0.7542380252960892,0.87516882733621,0.7783509395174812,0.7187067339343386,0.7855697801917827,0.84471957459974,0.7998624868115459],[0.8802394675702171,0.8813758477999237,0.8802394675702171,0.8641073251860636,0.8641073251860636,0.844991496986703,0.844991496986703,0.7847236729777176,0.7847236729777176,1.0,0.784306478078418,0.9999700740898164,0.7429327752294922,0.6770492661251238,0.7863139263937887,0.8426137365529849,0.8217007206681897,0.8479023339505017,0.8479023339505017,0.7096574642789043,-0.10578271999254636,0.8419518598207797,0.04754416878690463,0.043135847805537725,-0.2458722685235473,0.8041326771303758,0.6880695274448925,0.8020408978897506,0.8413573383786139,0.7055460494665402,0.3898188003437156,0.5470715629226688,0.5712992538970528,0.8361580833616511,0.7018532696653728,0.1770556302274089],[0.9945923552647385,0.9945819216899517,0.9945923552647385,0.9995079072711235,0.9995079072711235,0.9520171277944254,0.9520171277944254,0.9384542489377987,0.9384542489377987,0.784306478078418,1.0,0.7841100431640937,0.989625423182992,0.9864610031987537,0.9999207920972928,0.9523453645011337,0.9938428050635699,0.915478706500534,0.915478706500534,0.8531023663317676,0.0799999338171,0.9961741676195341,0.8723753492645326,-0.48364192847829596,0.35299358162141675,0.8389257551066793,0.8862844491074676,0.9407779526509509,0.9115042393090342,0.8155864644487054,0.9060172144180468,0.8737009369584646,0.7950402384577828,0.8999632030067252,0.9428106385931887,0.7745494551286207],[0.8523128064962865,0.8520032850821289,0.8523128064962865,0.834339240043806,0.834339240043806,0.8352706467129327,0.8352706467129327,0.8075770903601721,0.8075770903601721,0.9999700740898164,0.7841100431640937,1.0,0.7401869384408489,0.6735514591054895,0.7840917281605896,0.8360002850034809,0.8199793061098525,0.845991486179121,0.845991486179121,0.6780757999588185,0.01688156546804723,0.8134154610358498,0.5051434020365432,-0.18850502560243806,-0.23347866535332176,0.8406758002631469,0.6096038880350216,0.7834325699552359,0.8199512993117959,0.7379502921111178,0.658783960401789,0.738084040677447,0.6974230492121399,0.8060005646552381,0.706200315191802,0.7072437660294358],[0.9928333786153717,0.9925542182661029,0.9928333786153717,0.98990584306857,0.98990584306857,0.9733052581092123,0.9733052581092123,0.9453599688979258,0.9453599688979258,0.7429327752294922,0.989625423182992,0.7401869384408489,1.0,0.9997340567613265,0.9896281795440363,0.9716294722576191,0.9905147326826758,0.9093677400340078,0.9093677400340078,0.8285637359541765,0.11347393476933303,0.987518234116408,0.8936910653871567,-0.6513517486889071,0.42598975380899196,0.8156056828300213,0.8901932026187833,0.9538944228701386,0.905540817527676,0.7485610547979458,0.9061962035216152,0.8546243330430594,0.7817079919098844,0.883405872880233,0.9599008304624044,0.8063228121553583],[0.9927106708369552,0.9921693720060364,0.9927106708369552,0.9863775822107063,0.9863775822107063,0.9712385621038162,0.9712385621038162,0.9403282492878144,0.9403282492878144,0.6770492661251238,0.9864610031987537,0.6735514591054895,0.9997340567613265,1.0,0.9866387340708352,0.9686820201471503,0.9892863310113982,0.8954668822897545,0.8954668822897545,0.8489448492316076,-0.011001621312787493,0.9826643542508402,0.9021148599601596,-0.8394689513979491,0.46750452957664757,0.7673490442632096,0.8940141588731011,0.9499775411647158,0.8925574157685142,0.6761857187280182,0.9154744906550704,0.8448620316830923,0.7281451868737873,0.9116866082349203,0.9612222178277874,0.7738008532080181],[0.9946531048027838,0.9946293754063302,0.9946531048027838,0.9994687966496559,0.9994687966496559,0.9518786170419976,0.9518786170419976,0.9383444469330753,0.9383444469330753,0.7863139263937887,0.9999207920972928,0.7840917281605896,0.9896281795440363,0.9866387340708352,1.0,0.9522832763442863,0.9938970444522415,0.9158405107403947,0.9158405107403947,0.8541661594640712,0.07909638302240339,0.9960471616275623,0.8719658354227794,-0.4810640248099911,0.35209118677696283,0.8389050639055415,0.8836936955104417,0.9397398388155195,0.9119497337708812,0.8168322491078551,0.9055213336446948,0.8747442320329861,0.7959088439598947,0.899933649861152,0.9427186036770704,0.775219181198444],[0.9735084354373033,0.9728728558062195,0.9735084354373033,0.956131101529257,0.956131101529257,0.9990648187311097,0.9990648187311097,0.929566264576392,0.929566264576392,0.8426137365529849,0.9523453645011337,0.8360002850034809,0.9716294722576191,0.9686820201471503,0.9522832763442863,1.0,0.9746633593305494,0.9196421385382367,0.9196421385382367,0.6887711373786767,-0.04630103519767397,0.945342638282619,0.6169909905668642,-0.3955061875104873,-0.16460924428669782,0.8994205891326021,0.872886438509311,0.9261488117088897,0.9075357903890535,0.7805004105802378,0.8479451722926192,0.7843424591460865,0.7675538735367732,0.8790769707996734,0.8547347510681805,0.7874828628582687],[0.9989881594620443,0.9989904685623413,0.9989881594620443,0.9949144259230044,0.9949144259230044,0.9732086069182581,0.9732086069182581,0.943353675433784,0.943353675433784,0.8217007206681897,0.9938428050635699,0.8199793061098525,0.9905147326826758,0.9892863310113982,0.9938970444522415,0.9746633593305494,1.0,0.9366130424044414,0.9366130424044414,0.8602192026794783,0.08681778477283791,0.9872429742052821,0.8412783498723115,-0.4618981934685085,0.36831966019833745,0.8795737865566627,0.8858746366536475,0.9472576016704976,0.9373886182412694,0.8348132074297258,0.8938497951732288,0.9016333897891857,0.831238580554744,0.9129494702991463,0.9499339005284941,0.832098861226438],[0.9232654344888002,0.9235649304442644,0.9232654344888002,0.9016035013815284,0.9016035013815284,0.9200350425913874,0.9200350425913874,0.9720910870622023,0.9720910870622023,0.8479023339505017,0.915478706500534,0.845991486179121,0.9093677400340078,0.8954668822897545,0.9158405107403947,0.9196421385382367,0.9366130424044414,1.0,1.0,0.7379618217595495,-0.013336528993277082,0.8650043173740785,0.5359696953255251,-0.17691002540169176,-0.20489384144944942,0.8252800000356727,0.7678310755500133,0.8343437964595118,0.915372236633239,0.8363295776190218,0.7990913413843069,0.7524422821072635,0.7048685369536876,0.8431197162476665,0.7743085187826839,0.8492881893468701],[0.9232654344888002,0.9235649304442644,0.9232654344888002,0.9016035013815284,0.9016035013815284,0.9200350425913874,0.9200350425913874,0.9720910870622023,0.9720910870622023,0.8479023339505017,0.915478706500534,0.845991486179121,0.9093677400340078,0.8954668822897545,0.9158405107403947,0.9196421385382367,0.9366130424044414,1.0,1.0,0.7379618217595495,-0.013336528993277082,0.8650043173740785,0.5359696953255251,-0.17691002540169176,-0.20489384144944942,0.8252800000356727,0.7678310755500133,0.8343437964595118,0.915372236633239,0.8363295776190218,0.7990913413843069,0.7524422821072635,0.7048685369536876,0.8431197162476665,0.7743085187826839,0.8492881893468701],[0.785062807113142,0.8042227636348462,0.785062807113142,0.7622469814168243,0.7622469814168243,0.640158231910177,0.640158231910177,0.5794815480873434,0.5794815480873434,0.7096574642789043,0.8531023663317676,0.6780757999588185,0.8285637359541765,0.8489448492316076,0.8541661594640712,0.6887711373786767,0.8602192026794783,0.7379618217595495,0.7379618217595495,1.0,0.0441981464029264,0.7242371125116207,-0.39452894864527294,0.33638050519554746,-0.6580540399254388,0.34656055979910205,0.7436572549839736,0.5029580489633909,0.8343191611646441,0.691008640103663,0.0885415335245034,0.30079624263490234,0.5636982899681331,0.7817872128343939,0.4702998112847819,-0.15865847775659372],[-0.11642552204512799,0.0935702902219981,-0.11642552204512799,-0.12349658664698465,-0.12349658664698465,-0.06308416674074749,-0.06308416674074749,0.05733487851990761,0.05733487851990761,-0.10578271999254636,0.0799999338171,0.01688156546804723,0.11347393476933303,-0.011001621312787493,0.07909638302240339,-0.04630103519767397,0.08681778477283791,-0.013336528993277082,-0.013336528993277082,0.0441981464029264,1.0,-0.07606246818154981,0.12000422874565936,0.1436209704402332,0.7504496367023392,-0.08580207401740608,-0.012558412692616318,0.003689543394909332,0.17451394739445683,0.012088987246739815,0.07600248209766611,0.3512939445489732,0.5758482749558781,-0.10504956788175211,0.12187035272759345,0.1651323063586727],[0.9776420113327424,0.9691765070049234,0.9776420113327424,0.9897961859406833,0.9897961859406833,0.9361705441266537,0.9361705441266537,0.8482835450074402,0.8482835450074402,0.8419518598207797,0.9961741676195341,0.8134154610358498,0.987518234116408,0.9826643542508402,0.9960471616275623,0.945342638282619,0.9872429742052821,0.8650043173740785,0.8650043173740785,0.7242371125116207,-0.07606246818154981,1.0,0.052294697882330564,-0.16708432243231977,-0.30767872564733034,0.6747590852992581,0.9179459561760558,0.9000312820260282,0.8593120171841563,0.7586660048885373,0.5567811217906202,0.5902847462902362,0.5364113867106131,0.9020763934417109,0.655769290275699,0.17062724633956447],[0.11969201681690604,-0.0682715858096075,0.11969201681690604,0.14335171286233256,0.14335171286233256,0.2876293544367261,0.2876293544367261,0.5293595376691578,0.5293595376691578,0.04754416878690463,0.8723753492645326,0.5051434020365432,0.8936910653871567,0.9021148599601596,0.8719658354227794,0.6169909905668642,0.8412783498723115,0.5359696953255251,0.5359696953255251,-0.39452894864527294,0.12000422874565936,0.052294697882330564,1.0,-0.447307234147472,0.7435832649492686,0.3718249068618399,0.044049678713130244,0.2905811081295393,-0.11960560261703258,0.05857073341913711,0.5806880419473129,0.4674405319286672,0.19212493846712103,-0.031633012808239,0.37655104499377806,0.4656465999850536],[-0.07139992807642367,-0.06395927831905342,-0.07139992807642367,-0.10625681570236718,-0.10625681570236718,-0.26273274506615457,-0.26273274506615457,-0.28764118641620795,-0.28764118641620795,0.043135847805537725,-0.48364192847829596,-0.18850502560243806,-0.6513517486889071,-0.8394689513979491,-0.4810640248099911,-0.3955061875104873,-0.4618981934685085,-0.17691002540169176,-0.17691002540169176,0.33638050519554746,0.1436209704402332,-0.16708432243231977,-0.447307234147472,1.0,-0.03391764517959749,-0.1531059902676973,-0.15318367863281368,-0.2880272046727059,-0.027155882406688276,-0.06166383841407264,-0.5607720094070254,-0.18930072433151843,-0.016442722100747188,-0.022373094016741656,-0.20097574850460156,-0.40388075539467777],[-0.2519568496678403,-0.25221070096535925,-0.2519568496678403,-0.25372942546586635,-0.25372942546586635,-0.11439160764355741,-0.11439160764355741,0.023481707464621304,0.023481707464621304,-0.2458722685235473,0.35299358162141675,-0.23347866535332176,0.42598975380899196,0.46750452957664757,0.35209118677696283,-0.16460924428669782,0.36831966019833745,-0.20489384144944942,-0.20489384144944942,-0.6580540399254388,0.7504496367023392,-0.30767872564733034,0.7435832649492686,-0.03391764517959749,1.0,-0.10350164991733381,-0.26424855644544726,-0.06097661882752814,-0.3504559951838122,-0.32802411954413396,0.08333427296692701,0.16741596003239073,0.26657342094004216,-0.3807805656795614,0.12392594770012574,0.09775258106798833],[0.8177092296275709,0.6470899188592003,0.8177092296275709,0.8125028727768435,0.8125028727768435,0.887702683677838,0.887702683677838,0.7854311789097026,0.7854311789097026,0.8041326771303758,0.8389257551066793,0.8406758002631469,0.8156056828300213,0.7673490442632096,0.8389050639055415,0.8994205891326021,0.8795737865566627,0.8252800000356727,0.8252800000356727,0.34656055979910205,-0.08580207401740608,0.6747590852992581,0.3718249068618399,-0.1531059902676973,-0.10350164991733381,1.0,0.566394125328152,0.8382032145017015,0.48953550033903426,0.6230973746330504,0.5404803722255667,0.6533526601519283,0.42205304490814893,0.7013171567597105,0.7013606196892123,0.41375585732174364],[0.9196227179382145,0.9203507004930904,0.9196227179382145,0.9241579110557572,0.9241579110557572,0.8734068733598657,0.8734068733598657,0.7712066962378274,0.7712066962378274,0.6880695274448925,0.8862844491074676,0.6096038880350216,0.8901932026187833,0.8940141588731011,0.8836936955104417,0.872886438509311,0.8858746366536475,0.7678310755500133,0.7678310755500133,0.7436572549839736,-0.012558412692616318,0.9179459561760558,0.044049678713130244,-0.15318367863281368,-0.26424855644544726,0.566394125328152,1.0,0.8154814778735217,0.8137884925525584,0.6908125901361984,0.4455264960914413,0.5050013126914449,0.5490538741796773,0.8601434577822992,0.6218101831775726,0.08355123279547248],[0.9123363808890919,0.8864971837439553,0.9123363808890919,0.9160894258407682,0.9160894258407682,0.9304378017845835,0.9304378017845835,0.8703487049434906,0.8703487049434906,0.8020408978897506,0.9407779526509509,0.7834325699552359,0.9538944228701386,0.9499775411647158,0.9397398388155195,0.9261488117088897,0.9472576016704976,0.8343437964595118,0.8343437964595118,0.5029580489633909,0.003689543394909332,0.9000312820260282,0.2905811081295393,-0.2880272046727059,-0.06097661882752814,0.8382032145017015,0.8154814778735217,1.0,0.7482065481784009,0.6060193660763337,0.5828388792174372,0.595846085911503,0.5324642392779863,0.8136986469884927,0.8288364967780387,0.21369854441591737],[0.9286688226059254,0.9230689382734522,0.9286688226059254,0.9158961803837949,0.9158961803837949,0.9000215058460416,0.9000215058460416,0.8497328196335657,0.8497328196335657,0.8413573383786139,0.9115042393090342,0.8199512993117959,0.905540817527676,0.8925574157685142,0.9119497337708812,0.9075357903890535,0.9373886182412694,0.915372236633239,0.915372236633239,0.8343191611646441,0.17451394739445683,0.8593120171841563,-0.11960560261703258,-0.027155882406688276,-0.3504559951838122,0.48953550033903426,0.8137884925525584,0.7482065481784009,1.0,0.9056388465225736,0.5345697863870834,0.6837314206702116,0.6657616292779952,0.877311912925978,0.49818164538959153,0.2947861377475653],[0.7809868661603055,0.7923113623488784,0.7809868661603055,0.7897508330222552,0.7897508330222552,0.7425212279803743,0.7425212279803743,0.7542380252960892,0.7542380252960892,0.7055460494665402,0.8155864644487054,0.7379502921111178,0.7485610547979458,0.6761857187280182,0.8168322491078551,0.7805004105802378,0.8348132074297258,0.8363295776190218,0.8363295776190218,0.691008640103663,0.012088987246739815,0.7586660048885373,0.05857073341913711,-0.06166383841407264,-0.32802411954413396,0.6230973746330504,0.6908125901361984,0.6060193660763337,0.9056388465225736,1.0,0.5739113228121574,0.6665038728674966,0.6082796963837689,0.7289354598439143,0.579927865033267,0.4708239367514232],[0.5292853558782616,0.5208745947221699,0.5292853558782616,0.5575120239185558,0.5575120239185558,0.7333341062297888,0.7333341062297888,0.87516882733621,0.87516882733621,0.3898188003437156,0.9060172144180468,0.658783960401789,0.9061962035216152,0.9154744906550704,0.9055213336446948,0.8479451722926192,0.8938497951732288,0.7990913413843069,0.7990913413843069,0.0885415335245034,0.07600248209766611,0.5567811217906202,0.5806880419473129,-0.5607720094070254,0.08333427296692701,0.5404803722255667,0.4455264960914413,0.5828388792174372,0.5345697863870834,0.5739113228121574,1.0,0.7429999886139365,0.37955887538939226,0.47875134314258866,0.5647231173091926,0.7646589389391248],[0.6302761336562642,0.6273684145068611,0.6302761336562642,0.6245890205695632,0.6245890205695632,0.736310960912634,0.736310960912634,0.7783509395174812,0.7783509395174812,0.5470715629226688,0.8737009369584646,0.738084040677447,0.8546243330430594,0.8448620316830923,0.8747442320329861,0.7843424591460865,0.9016333897891857,0.7524422821072635,0.7524422821072635,0.30079624263490234,0.3512939445489732,0.5902847462902362,0.4674405319286672,-0.18930072433151843,0.16741596003239073,0.6533526601519283,0.5050013126914449,0.595846085911503,0.6837314206702116,0.6665038728674966,0.7429999886139365,1.0,0.7783125150794559,0.4900035136890293,0.7264949346924142,0.5475972527077281],[0.6357712726732311,0.6620520480714153,0.6357712726732311,0.6077349822747758,0.6077349822747758,0.7110083964406727,0.7110083964406727,0.7187067339343386,0.7187067339343386,0.5712992538970528,0.7950402384577828,0.6974230492121399,0.7817079919098844,0.7281451868737873,0.7959088439598947,0.7675538735367732,0.831238580554744,0.7048685369536876,0.7048685369536876,0.5636982899681331,0.5758482749558781,0.5364113867106131,0.19212493846712103,-0.016442722100747188,0.26657342094004216,0.42205304490814893,0.5490538741796773,0.5324642392779863,0.6657616292779952,0.6082796963837689,0.37955887538939226,0.7783125150794559,1.0,0.49102432033285914,0.6661134753980298,0.19929829102215005],[0.9317972945980185,0.9292521201517664,0.9317972945980185,0.9235049932282684,0.9235049932282684,0.8563049039810036,0.8563049039810036,0.7855697801917827,0.7855697801917827,0.8361580833616511,0.8999632030067252,0.8060005646552381,0.883405872880233,0.9116866082349203,0.899933649861152,0.8790769707996734,0.9129494702991463,0.8431197162476665,0.8431197162476665,0.7817872128343939,-0.10504956788175211,0.9020763934417109,-0.031633012808239,-0.022373094016741656,-0.3807805656795614,0.7013171567597105,0.8601434577822992,0.8136986469884927,0.877311912925978,0.7289354598439143,0.47875134314258866,0.4900035136890293,0.49102432033285914,1.0,0.7251837821512757,0.16669985462074421],[0.8249845778184505,0.6778976612402343,0.8249845778184505,0.8147820582331526,0.8147820582331526,0.8574034727777519,0.8574034727777519,0.84471957459974,0.84471957459974,0.7018532696653728,0.9428106385931887,0.706200315191802,0.9599008304624044,0.9612222178277874,0.9427186036770704,0.8547347510681805,0.9499339005284941,0.7743085187826839,0.7743085187826839,0.4702998112847819,0.12187035272759345,0.655769290275699,0.37655104499377806,-0.20097574850460156,0.12392594770012574,0.7013606196892123,0.6218101831775726,0.8288364967780387,0.49818164538959153,0.579927865033267,0.5647231173091926,0.7264949346924142,0.6661134753980298,0.7251837821512757,1.0,0.1755240085816062],[0.17881229624859096,0.17576251044975189,0.17881229624859096,0.1907303566251398,0.1907303566251398,0.46374404800177543,0.46374404800177543,0.7998624868115459,0.7998624868115459,0.1770556302274089,0.7745494551286207,0.7072437660294358,0.8063228121553583,0.7738008532080181,0.775219181198444,0.7874828628582687,0.832098861226438,0.8492881893468701,0.8492881893468701,-0.15865847775659372,0.1651323063586727,0.17062724633956447,0.4656465999850536,-0.40388075539467777,0.09775258106798833,0.41375585732174364,0.08355123279547248,0.21369854441591737,0.2947861377475653,0.4708239367514232,0.7646589389391248,0.5475972527077281,0.19929829102215005,0.16669985462074421,0.1755240085816062,1.0]],"x":["^TAIEX       \u81fa\u7063\u52a0\u6b0a\u5831\u916c\u6307\u6578","^TWII        \u81fa\u7063\u52a0\u6b0a\u6307\u6578","^TAIEXx2     \u81fa\u7063\u52a0\u6b0a\u5831\u916c\u6307\u6578_\u65e5\u6b632","^TAI50I      \u81fa\u706350\u5831\u916c\u6307\u6578","^TAI50Ix2    \u81fa\u706350\u5831\u916c\u6307\u6578_\u65e5\u6b632","^TAI100I     \u81fa\u7063\u4e2d\u578b100\u5831\u916c\u6307\u6578","^TAI100Ix2   \u81fa\u7063\u4e2d\u578b100\u5831\u916c\u6307\u6578_\u65e5\u6b632","^TAIDIVIDI   \u81fa\u7063\u9ad8\u80a1\u606f\u5831\u916c\u6307\u6578","^TAIDIVIDIx2 \u81fa\u7063\u9ad8\u80a1\u606f\u5831\u916c\u6307\u6578_\u65e5\u6b632","0050Fund     \u5143\u5927\u53f0\u7063\u5353\u8d8a50\u57fa\u91d1","006208Fund   \u5bcc\u90a6\u53f0\u7063\u91c6\u540950\u57fa\u91d1","0050         \u5143\u5927\u81fa\u706350","00631L       \u5143\u5927\u53f0\u706350\u6b632","00675L       \u5bcc\u90a6\u81fa\u7063\u52a0\u6b0a\u6b632","006208       \u5bcc\u90a6\u53f050","0051         \u5143\u5927\u4e2d\u578b100","006204       \u6c38\u8c50\u81fa\u7063\u52a0\u6b0a","0056         \u5143\u5927\u9ad8\u80a1\u606f","0056         \u5143\u5927\u9ad8\u80a1\u606f_\u80a1\u606f\u4e0d\u6295\u5165","2412         \u4e2d\u83ef\u96fb\u4fe1","2002         \u4e2d\u92fc","2330         \u53f0\u7a4d\u96fb","2317         \u9d3b\u6d77","6505         \u53f0\u5851\u77f3\u5316","3481         \u7fa4\u5275","2303         \u806f\u96fb","2308         \u53f0\u9054\u96fb","2454         \u806f\u767c\u79d1","2886         \u5146\u8c50\u91d1","2884         \u7389\u5c71\u91d1","2891         \u4e2d\u4fe1\u91d1","2892         \u7b2c\u4e00\u91d1","5880         \u5408\u5eab\u91d1","2881         \u5bcc\u90a6\u91d1","2885         \u5143\u5927\u91d1","2887         \u53f0\u65b0\u91d1"],"y":["^TAIEX       \u81fa\u7063\u52a0\u6b0a\u5831\u916c\u6307\u6578","^TWII        \u81fa\u7063\u52a0\u6b0a\u6307\u6578","^TAIEXx2     \u81fa\u7063\u52a0\u6b0a\u5831\u916c\u6307\u6578_\u65e5\u6b632","^TAI50I      \u81fa\u706350\u5831\u916c\u6307\u6578","^TAI50Ix2    \u81fa\u706350\u5831\u916c\u6307\u6578_\u65e5\u6b632","^TAI100I     \u81fa\u7063\u4e2d\u578b100\u5831\u916c\u6307\u6578","^TAI100Ix2   \u81fa\u7063\u4e2d\u578b100\u5831\u916c\u6307\u6578_\u65e5\u6b632","^TAIDIVIDI   \u81fa\u7063\u9ad8\u80a1\u606f\u5831\u916c\u6307\u6578","^TAIDIVIDIx2 \u81fa\u7063\u9ad8\u80a1\u606f\u5831\u916c\u6307\u6578_\u65e5\u6b632","0050Fund     \u5143\u5927\u53f0\u7063\u5353\u8d8a50\u57fa\u91d1","006208Fund   \u5bcc\u90a6\u53f0\u7063\u91c6\u540950\u57fa\u91d1","0050         \u5143\u5927\u81fa\u706350","00631L       \u5143\u5927\u53f0\u706350\u6b632","00675L       \u5bcc\u90a6\u81fa\u7063\u52a0\u6b0a\u6b632","006208       \u5bcc\u90a6\u53f050","0051         \u5143\u5927\u4e2d\u578b100","006204       \u6c38\u8c50\u81fa\u7063\u52a0\u6b0a","0056         \u5143\u5927\u9ad8\u80a1\u606f","0056         \u5143\u5927\u9ad8\u80a1\u606f_\u80a1\u606f\u4e0d\u6295\u5165","2412         \u4e2d\u83ef\u96fb\u4fe1","2002         \u4e2d\u92fc","2330         \u53f0\u7a4d\u96fb","2317         \u9d3b\u6d77","6505         \u53f0\u5851\u77f3\u5316","3481         \u7fa4\u5275","2303         \u806f\u96fb","2308         \u53f0\u9054\u96fb","2454         \u806f\u767c\u79d1","2886         \u5146\u8c50\u91d1","2884         \u7389\u5c71\u91d1","2891         \u4e2d\u4fe1\u91d1","2892         \u7b2c\u4e00\u91d1","5880         \u5408\u5eab\u91d1","2881         \u5bcc\u90a6\u91d1","2885         \u5143\u5927\u91d1","2887         \u53f0\u65b0\u91d1"],"zmin":-1,"zmax":1,"colorbar":{"x":-0.2}}],"layout":{"autotypenumbers":"strict","colorway":["#636efa","#EF553B","#00cc96","#ab63fa","#FFA15A","#19d3f3","#FF6692","#B6E880","#FF97FF","#FECB52"],"font":{"color":"#f2f5fa","family":"Courier New"},"hovermode":"closest","hoverlabel":{"align":"left"},"paper_bgcolor":"rgb(17,17,17)","plot_bgcolor":"rgb(17,17,17)","polar":{"bgcolor":"rgb(17,17,17)","angularaxis":{"gridcolor":"#506784","linecolor":"#506784","ticks":""},"radialaxis":{"gridcolor":"#506784","linecolor":"#506784","ticks":""}},"ternary":{"bgcolor":"rgb(17,17,17)","aaxis":{"gridcolor":"#506784","linecolor":"#506784","ticks":""},"baxis":{"gridcolor":"#506784","linecolor":"#506784","ticks":""},"caxis":{"gridcolor":"#506784","linecolor":"#506784","ticks":""}},"coloraxis":{"colorbar":{"outlinewidth":0,"ticks":""}},"colorscale":{"sequential":[[0.0,"#0d0887"],[0.1111111111111111,"#46039f"],[0.2222222222222222,"#7201a8"],[0.3333333333333333,"#9c179e"],[0.4444444444444444,"#bd3786"],[0.5555555555555556,"#d8576b"],[0.6666666666666666,"#ed7953"],[0.7777777777777778,"#fb9f3a"],[0.8888888888888888,"#fdca26"],[1.0,"#f0f921"]],"sequentialminus":[[0.0,"#0d0887"],[0.1111111111111111,"#46039f"],[0.2222222222222222,"#7201a8"],[0.3333333333333333,"#9c179e"],[0.4444444444444444,"#bd3786"],[0.5555555555555556,"#d8576b"],[0.6666666666666666,"#ed7953"],[0.7777777777777778,"#fb9f3a"],[0.8888888888888888,"#fdca26"],[1.0,"#f0f921"]],"diverging":[[0,"#8e0152"],[0.1,"#c51b7d"],[0.2,"#de77ae"],[0.3,"#f1b6da"],[0.4,"#fde0ef"],[0.5,"#f7f7f7"],[0.6,"#e6f5d0"],[0.7,"#b8e186"],[0.8,"#7fbc41"],[0.9,"#4d9221"],[1,"#276419"]]},"xaxis":{"gridcolor":"rgba(0, 0, 0, 0)","linecolor":"#506784","ticks":"","title":{"standoff":15},"zerolinecolor":"#283442","automargin":true,"zerolinewidth":2,"tickfont":{"family":"Courier New","size":14},"side":"top","tickangle":-90},"yaxis":{"gridcolor":"rgba(0, 0, 0, 0)","linecolor":"#506784","ticks":"","title":{"standoff":15},"zerolinecolor":"#283442","automargin":true,"zerolinewidth":2,"tickfont":{"family":"Courier New"},"side":"right"},"scene":{"xaxis":{"backgroundcolor":"rgb(17,17,17)","gridcolor":"#506784","linecolor":"#506784","showbackground":true,"ticks":"","zerolinecolor":"#C8D4E3","gridwidth":2},"yaxis":{"backgroundcolor":"rgb(17,17,17)","gridcolor":"#506784","linecolor":"#506784","showbackground":true,"ticks":"","zerolinecolor":"#C8D4E3","gridwidth":2},"zaxis":{"backgroundcolor":"rgb(17,17,17)","gridcolor":"#506784","linecolor":"#506784","showbackground":true,"ticks":"","zerolinecolor":"#C8D4E3","gridwidth":2}},"shapedefaults":{"line":{"color":"#f2f5fa"}},"annotationdefaults":{"arrowcolor":"#f2f5fa","arrowhead":0,"arrowwidth":1},"geo":{"bgcolor":"rgb(17,17,17)","landcolor":"rgb(17,17,17)","subunitcolor":"#506784","showland":true,"showlakes":true,"lakecolor":"rgb(17,17,17)"},"title":{"x":0.05,"font":{"family":"Times New Roman"},"y":0.05,"text":"<b>Correlation of Close<b><br><i>2016-09-23 ~ 2025-10-22<i>"},"updatemenudefaults":{"bgcolor":"#506784","borderwidth":0},"sliderdefaults":{"bgcolor":"#C8D4E3","borderwidth":1,"bordercolor":"rgb(17,17,17)","tickwidth":0},"mapbox":{"style":"dark"},"annotations":[{"text":"<b>@zwindr<b>","textangle":0,"opacity":0.5,"font":{"color":"white","size":12},"xref":"paper","yref":"paper","xanchor":"left","yanchor":"bottom","x":1.0,"y":1.0,"showarrow":false}]},"config":{"responsive":true,"toImageButtonOptions":{"filename":"Correlation of Close_2016-09-23~2025-10-22","scale":5}}};Plotly.newPlot("correlationClose",correlationClose.data,correlationClose.layout||{},correlationClose.config);}else{console.log("style display is none => correlationClose");}