var element=document.getElementById("correlationClose");if(element.style.display!='none'){var correlationClose={"data":[{"type":"heatmap","z":[[1.0,0.9999999999999982,1.0,0.9955350907470711,0.9955350907470711,0.962055377386757,0.962055377386757,0.8983448559597226,0.8983448559597226,0.8942649912799503,0.9949732885660117,0.9167246988535336,0.9927814612827799,0.992414866687499,0.9949533014559696,0.9721144924172962,0.9989045617619343,0.925730239449309,0.7841861858009621,-0.08910102551939872,0.9769590638527619,0.07413477355694496,-0.021604279288923597,-0.25255934830166304,0.8226802025235016,0.9475816198852841,0.9066732097051114,0.9284077180884485,0.7720710869196753,0.491789764365215,0.6159562889643451,0.6396728949430002,0.9294205431426523,0.8143599716377768,0.16959718464552906],[0.9999999999999982,1.0,0.9999999999999984,0.9954878318058323,0.9954878318058323,0.9613656227648504,0.9613656227648504,0.899459884246312,0.899459884246312,0.8967512370111014,0.9949550775022057,0.9175476032049652,0.9925163011268175,0.9918389998446806,0.9949284655463932,0.9713738473976516,0.9989044818275754,0.9262653411106527,0.8043825775527059,0.11944925272490918,0.9680404325394097,-0.09477693372530942,-0.01298582126271203,-0.25280944108580533,0.6478903355240905,0.9478805110303911,0.8790060414669546,0.9228550425823854,0.784610934513917,0.48237394987022736,0.6125474135148924,0.6670426321589429,0.9264833868553736,0.6623808786656986,0.16588164604814104],[1.0,0.9999999999999984,1.0,0.9955350907470711,0.9955350907470711,0.962055377386757,0.962055377386757,0.8983448559597226,0.8983448559597226,0.8942649912799503,0.9949732885660117,0.9167246988535336,0.9927814612827799,0.992414866687499,0.9949533014559696,0.9721144924172962,0.9989045617619343,0.925730239449309,0.7841861858009621,-0.08910102551939872,0.9769590638527619,0.07413477355694496,-0.021604279288923597,-0.25255934830166304,0.8226802025235016,0.9475816198852841,0.9066732097051114,0.9284077180884485,0.7720710869196753,0.491789764365215,0.6159562889643451,0.6396728949430002,0.9294205431426523,0.8143599716377768,0.16959718464552906],[0.9955350907470711,0.9954878318058323,0.9955350907470711,1.0,1.0,0.949041694733504,0.949041694733504,0.8841847808442368,0.8841847808442368,0.8830076287923512,0.9994752338175992,0.9085221564065021,0.9885189482967246,0.9843743997639516,0.999417062875549,0.9546544252986136,0.9948221591765404,0.9063331867472414,0.7633136158673507,-0.09512785684887361,0.9888858161125264,0.09470679199067146,-0.05362973905152263,-0.255816202802188,0.8217796453929692,0.9415472041175466,0.911774272268464,0.9176769396916936,0.7833128003163574,0.5189048099402382,0.6105154991290203,0.6136284593651753,0.9226637190282394,0.8042508436816035,0.18173485269347586],[0.9955350907470711,0.9954878318058323,0.9955350907470711,1.0,1.0,0.949041694733504,0.949041694733504,0.8841847808442368,0.8841847808442368,0.8830076287923512,0.9994752338175992,0.9085221564065021,0.9885189482967246,0.9843743997639516,0.999417062875549,0.9546544252986136,0.9948221591765404,0.9063331867472414,0.7633136158673507,-0.09512785684887361,0.9888858161125264,0.09470679199067146,-0.05362973905152263,-0.255816202802188,0.8217796453929692,0.9415472041175466,0.911774272268464,0.9176769396916936,0.7833128003163574,0.5189048099402382,0.6105154991290203,0.6136284593651753,0.9226637190282394,0.8042508436816035,0.18173485269347586],[0.962055377386757,0.9613656227648504,0.962055377386757,0.949041694733504,0.949041694733504,1.0,1.0,0.924828465783616,0.924828465783616,0.8701879055061014,0.9518945934368457,0.8864576514370786,0.9762432183090165,0.9748793693656536,0.9515379654515949,0.9989988800352251,0.9723841894509556,0.9195729510553692,0.6296019925732705,-0.03323556604746052,0.9335146655102138,0.2536416424266595,-0.22325709668364355,-0.10872563606007245,0.8934812008331228,0.9066238757118122,0.9260250434386784,0.8965678317474215,0.7309210005456029,0.7121803313062237,0.7269708648396294,0.7151582506000843,0.8485156301511709,0.8484857387604159,0.45998098980348934],[0.962055377386757,0.9613656227648504,0.962055377386757,0.949041694733504,0.949041694733504,1.0,1.0,0.924828465783616,0.924828465783616,0.8701879055061014,0.9518945934368457,0.8864576514370786,0.9762432183090165,0.9748793693656536,0.9515379654515949,0.9989988800352251,0.9723841894509556,0.9195729510553692,0.6296019925732705,-0.03323556604746052,0.9335146655102138,0.2536416424266595,-0.22325709668364355,-0.10872563606007245,0.8934812008331228,0.9066238757118122,0.9260250434386784,0.8965678317474215,0.7309210005456029,0.7121803313062237,0.7269708648396294,0.7151582506000843,0.8485156301511709,0.8484857387604159,0.45998098980348934],[0.8983448559597226,0.899459884246312,0.8983448559597226,0.8841847808442368,0.8841847808442368,0.924828465783616,0.924828465783616,1.0,1.0,0.851378218893038,0.9387035678024624,0.8513593374491454,0.9474738986233008,0.9426081906090923,0.9383827546493813,0.9255912726705137,0.9410395189520728,0.9724912702871092,0.5654563377652834,0.08733546406073756,0.841676358552603,0.5044590900379348,-0.24808863662777267,0.03220884405234678,0.784803887257411,0.8004486270729719,0.8633237926128068,0.8433943425850089,0.7436239633048383,0.8694996195955116,0.7702927072731125,0.7199051852702752,0.774328883093393,0.8361026886011087,0.7987595587077095],[0.8983448559597226,0.899459884246312,0.8983448559597226,0.8841847808442368,0.8841847808442368,0.924828465783616,0.924828465783616,1.0,1.0,0.851378218893038,0.9387035678024624,0.8513593374491454,0.9474738986233008,0.9426081906090923,0.9383827546493813,0.9255912726705137,0.9410395189520728,0.9724912702871092,0.5654563377652834,0.08733546406073756,0.841676358552603,0.5044590900379348,-0.24808863662777267,0.03220884405234678,0.784803887257411,0.8004486270729719,0.8633237926128068,0.8433943425850089,0.7436239633048383,0.8694996195955116,0.7702927072731125,0.7199051852702752,0.774328883093393,0.8361026886011087,0.7987595587077095],[0.8942649912799503,0.8967512370111014,0.8942649912799503,0.8830076287923512,0.8830076287923512,0.8701879055061014,0.8701879055061014,0.851378218893038,0.851378218893038,1.0,0.8776158443342181,0.9999757672699233,0.8577954412416444,0.8180373453428254,0.881198966564786,0.8738815561833945,0.890641357895919,0.8799771116278226,0.7515905624753475,0.23784738554198093,0.8720822858227599,0.7306645328788414,-0.2934559885956898,0.3963554388821433,0.847455575545333,0.7505202352827386,0.8486381838519995,0.8325552955863382,0.7249523239491227,0.7219324521571351,0.7972058196140768,0.7819104582295533,0.8115504805174045,0.8553968350532717,0.765598824408489],[0.9949732885660117,0.9949550775022057,0.9949732885660117,0.9994752338175992,0.9994752338175992,0.9518945934368457,0.9518945934368457,0.9387035678024624,0.9387035678024624,0.8776158443342181,1.0,0.8796534798683687,0.9882241263286928,0.9845901582377512,0.9999152853292924,0.9521970481076576,0.9938925295676487,0.9234506238541312,0.8456951266691097,0.14276214943413326,0.9957046626191477,0.8542399663428749,-0.4381516201267522,0.36059754982103714,0.8603761320111138,0.9141160417155332,0.9417307424509903,0.9134335611249431,0.8068680459399484,0.8944524899273536,0.8730612812657832,0.8124940997969249,0.8971412283779098,0.9425671665952121,0.7779873051127297],[0.9167246988535336,0.9175476032049652,0.9167246988535336,0.9085221564065021,0.9085221564065021,0.8864576514370786,0.8864576514370786,0.8513593374491454,0.8513593374491454,0.9999757672699233,0.8796534798683687,1.0,0.8578552177815332,0.817978468282387,0.8812825337653457,0.8884535358141921,0.8986250052000208,0.8763988565713701,0.7032136649900272,0.0055078896122488915,0.895148068014677,0.5747581707526299,-0.21375768045589189,-0.23624496845275408,0.8572279808315755,0.8038270645115033,0.8317261939742666,0.8545581914340191,0.7708848193189181,0.7265158706122556,0.7724639443017025,0.7115481660527112,0.8489386407698492,0.7501467658754465,0.7272839448333417],[0.9927814612827799,0.9925163011268175,0.9927814612827799,0.9885189482967246,0.9885189482967246,0.9762432183090165,0.9762432183090165,0.9474738986233008,0.9474738986233008,0.8577954412416444,0.9882241263286928,0.8578552177815332,1.0,0.9996943630764957,0.9881565553408592,0.9744865038681977,0.9899807698229454,0.9193744182249235,0.8142020994288969,0.18145864085270597,0.9858163772944739,0.877801824309866,-0.6194445301504845,0.4381088064255978,0.8413051934698831,0.925889204428235,0.9581411030216668,0.9080852780125948,0.7317936424359991,0.8944437111146489,0.8534330369872782,0.8039137203061378,0.8786239129954007,0.9628793323293225,0.8133982825039319],[0.992414866687499,0.9918389998446806,0.992414866687499,0.9843743997639516,0.9843743997639516,0.9748793693656536,0.9748793693656536,0.9426081906090923,0.9426081906090923,0.8180373453428254,0.9845901582377512,0.817978468282387,0.9996943630764957,1.0,0.9846858006508546,0.972060901936105,0.9883121744007493,0.9065502053923828,0.8327757704019426,0.06024632527520044,0.9801699197669944,0.8866146234991342,-0.8257336103723624,0.4842964903640441,0.7977072591502545,0.931063529733165,0.9558377493290005,0.8947187024363299,0.6495123278745294,0.904727612539408,0.840621104625835,0.7547605275806327,0.9108276656121387,0.9651438471220506,0.7817831227436912],[0.9949533014559696,0.9949284655463932,0.9949533014559696,0.999417062875549,0.999417062875549,0.9515379654515949,0.9515379654515949,0.9383827546493813,0.9383827546493813,0.881198966564786,0.9999152853292924,0.8812825337653457,0.9881565553408592,0.9846858006508546,1.0,0.9519962257923026,0.9938840260788315,0.9238126933151137,0.8466362137617968,0.1432255705081683,0.9955730301004662,0.8534310308787123,-0.4345707840175756,0.35977637136053386,0.8605125502262059,0.912330899599311,0.9406634480695127,0.9138539923033728,0.808057799916375,0.8937044915671047,0.8741219390548127,0.8136231532523377,0.8968443284173429,0.9423398650918006,0.7781156593420032],[0.9721144924172962,0.9713738473976516,0.9721144924172962,0.9546544252986136,0.9546544252986136,0.9989988800352251,0.9989988800352251,0.9255912726705137,0.9255912726705137,0.8738815561833945,0.9521970481076576,0.8884535358141921,0.9744865038681977,0.972060901936105,0.9519962257923026,1.0,0.9739048620952129,0.9192435242384557,0.6781845092188602,-0.013993900651929533,0.9440262727207384,0.5831964468221253,-0.3558922774826169,-0.16188219995520156,0.9062422498455472,0.9164735787193985,0.9213858438318184,0.9046840831120861,0.7706946910306924,0.8361008040928349,0.7764973420338322,0.7726217489323015,0.8720596969731573,0.8454272975892467,0.7868413842118986],[0.9989045617619343,0.9989044818275754,0.9989045617619343,0.9948221591765404,0.9948221591765404,0.9723841894509556,0.9723841894509556,0.9410395189520728,0.9410395189520728,0.890641357895919,0.9938925295676487,0.8986250052000208,0.9899807698229454,0.9883121744007493,0.9938840260788315,0.9739048620952129,1.0,0.9407043439647828,0.8516356333770534,0.14408014594749843,0.9869423769840519,0.8235111499286762,-0.4176841564629896,0.37386866085685655,0.895193788800877,0.925880389177552,0.9456798218682201,0.9377845685756366,0.8267509780303699,0.8823845118561161,0.8995768796141994,0.8435535616377143,0.9088937069311499,0.9474619018023507,0.8345831411828175],[0.925730239449309,0.9262653411106527,0.925730239449309,0.9063331867472414,0.9063331867472414,0.9195729510553692,0.9195729510553692,0.9724912702871092,0.9724912702871092,0.8799771116278226,0.9234506238541312,0.8763988565713701,0.9193744182249235,0.9065502053923828,0.9238126933151137,0.9192435242384557,0.9407043439647828,1.0,0.7302934357510154,0.009364115487416247,0.8695003552591589,0.514027642333594,-0.1411210246509781,-0.20254994407120266,0.8232228533341304,0.8260804686939914,0.8296967358517843,0.9125829278883252,0.8309146730486743,0.7962478444721637,0.7443875313788679,0.702268925760262,0.837790398695751,0.7659881746646885,0.8466662945236004],[0.7841861858009621,0.8043825775527059,0.7841861858009621,0.7633136158673507,0.7633136158673507,0.6296019925732705,0.6296019925732705,0.5654563377652834,0.5654563377652834,0.7515905624753475,0.8456951266691097,0.7032136649900272,0.8142020994288969,0.8327757704019426,0.8466362137617968,0.6781845092188602,0.8516356333770534,0.7302934357510154,1.0,0.056149201526903655,0.7258456698028364,-0.42778537359769914,0.37326973524561813,-0.6610652307408414,0.33628574897445684,0.7944163385026796,0.4881523929925138,0.8308653659598936,0.6833567866046325,0.05308942595722358,0.2831828633006075,0.5591852357535605,0.777406947650288,0.4549649755280428,-0.16873816047479784],[-0.08910102551939872,0.11944925272490918,-0.08910102551939872,-0.09512785684887361,-0.09512785684887361,-0.03323556604746052,-0.03323556604746052,0.08733546406073756,0.08733546406073756,0.23784738554198093,0.14276214943413326,0.0055078896122488915,0.18145864085270597,0.06024632527520044,0.1432255705081683,-0.013993900651929533,0.14408014594749843,0.009364115487416247,0.056149201526903655,1.0,-0.054530126178890755,0.132990605292421,0.12457871605579997,0.7521213745953467,-0.0790964990058623,0.030637270589592005,0.026367552375626734,0.19246907487559783,0.03105320614872667,0.10766968471828439,0.378830599427599,0.5857136390553064,-0.08663793692382471,0.13903698735771855,0.17200704417625642],[0.9769590638527619,0.9680404325394097,0.9769590638527619,0.9888858161125264,0.9888858161125264,0.9335146655102138,0.9335146655102138,0.841676358552603,0.841676358552603,0.8720822858227599,0.9957046626191477,0.895148068014677,0.9858163772944739,0.9801699197669944,0.9955730301004662,0.9440262727207384,0.9869423769840519,0.8695003552591589,0.7258456698028364,-0.054530126178890755,1.0,0.003118705526080429,-0.1156679379830234,-0.31412010108982324,0.684115317865346,0.9256536905360709,0.8955694554427813,0.8604192974028323,0.7520238261011905,0.5154966999060666,0.5741090527190728,0.5413921527282303,0.9011620753219433,0.6400642403026172,0.16034495978890645],[0.07413477355694496,-0.09477693372530942,0.07413477355694496,0.09470679199067146,0.09470679199067146,0.2536416424266595,0.2536416424266595,0.5044590900379348,0.5044590900379348,0.7306645328788414,0.8542399663428749,0.5747581707526299,0.877801824309866,0.8866146234991342,0.8534310308787123,0.5831964468221253,0.8235111499286762,0.514027642333594,-0.42778537359769914,0.132990605292421,0.003118705526080429,1.0,-0.4287838215191954,0.7696137156045407,0.36304696345984827,-0.03930040034300993,0.2593871275070066,-0.1518162235020994,0.026380706013419505,0.562277727153991,0.45058030819991235,0.18246744419760197,-0.07320326077775789,0.35876128532839413,0.46344627421078016],[-0.021604279288923597,-0.01298582126271203,-0.021604279288923597,-0.05362973905152263,-0.05362973905152263,-0.22325709668364355,-0.22325709668364355,-0.24808863662777267,-0.24808863662777267,-0.2934559885956898,-0.4381516201267522,-0.21375768045589189,-0.6194445301504845,-0.8257336103723624,-0.4345707840175756,-0.3558922774826169,-0.4176841564629896,-0.1411210246509781,0.37326973524561813,0.12457871605579997,-0.1156679379830234,-0.4287838215191954,1.0,-0.04365234236597312,-0.13487661760218692,-0.06904660611998653,-0.2547307100404987,0.008987209102747524,-0.027525976337608855,-0.5406302794010486,-0.16327278525233677,-0.0006749252418498905,0.018303282290951194,-0.16578193742963276,-0.40063862002316897],[-0.25255934830166304,-0.25280944108580533,-0.25255934830166304,-0.255816202802188,-0.255816202802188,-0.10872563606007245,-0.10872563606007245,0.03220884405234678,0.03220884405234678,0.3963554388821433,0.36059754982103714,-0.23624496845275408,0.4381088064255978,0.4842964903640441,0.35977637136053386,-0.16188219995520156,0.37386866085685655,-0.20254994407120266,-0.6610652307408414,0.7521213745953467,-0.31412010108982324,0.7696137156045407,-0.04365234236597312,1.0,-0.10000694681596643,-0.296642510945813,-0.05351591252678253,-0.3503421885040491,-0.32743064647809794,0.09984832709253541,0.176808681974847,0.27114905838408554,-0.3826058901175287,0.1365595988358699,0.1031154009798605],[0.8226802025235016,0.6478903355240905,0.8226802025235016,0.8217796453929692,0.8217796453929692,0.8934812008331228,0.8934812008331228,0.784803887257411,0.784803887257411,0.847455575545333,0.8603761320111138,0.8572279808315755,0.8413051934698831,0.7977072591502545,0.8605125502262059,0.9062422498455472,0.895193788800877,0.8232228533341304,0.33628574897445684,-0.0790964990058623,0.684115317865346,0.36304696345984827,-0.13487661760218692,-0.10000694681596643,1.0,0.6066127718068317,0.842022573175552,0.48206157394956334,0.6164819634603125,0.5318769368384695,0.6471461741062196,0.4174017840348672,0.6975668337033526,0.6988620419441467,0.410464976742034],[0.9475816198852841,0.9478805110303911,0.9475816198852841,0.9415472041175466,0.9415472041175466,0.9066238757118122,0.9066238757118122,0.8004486270729719,0.8004486270729719,0.7505202352827386,0.9141160417155332,0.8038270645115033,0.925889204428235,0.931063529733165,0.912330899599311,0.9164735787193985,0.925880389177552,0.8260804686939914,0.7944163385026796,0.030637270589592005,0.9256536905360709,-0.03930040034300993,-0.06904660611998653,-0.296642510945813,0.6066127718068317,1.0,0.8320912999334593,0.8548562575671339,0.7100881142996813,0.3743968904841713,0.49668906397984114,0.5948763189075843,0.8975964633809523,0.6243952036458709,0.06128832443167919],[0.9066732097051114,0.8790060414669546,0.9066732097051114,0.911774272268464,0.911774272268464,0.9260250434386784,0.9260250434386784,0.8633237926128068,0.8633237926128068,0.8486381838519995,0.9417307424509903,0.8317261939742666,0.9581411030216668,0.9558377493290005,0.9406634480695127,0.9213858438318184,0.9456798218682201,0.8296967358517843,0.4881523929925138,0.026367552375626734,0.8955694554427813,0.2593871275070066,-0.2547307100404987,-0.05351591252678253,0.842022573175552,0.8320912999334593,1.0,0.737238073856168,0.5877819696685885,0.5529162930323833,0.5796857076237044,0.5299273704158328,0.8034728439482554,0.8192572365299305,0.20661155728906094],[0.9284077180884485,0.9228550425823854,0.9284077180884485,0.9176769396916936,0.9176769396916936,0.8965678317474215,0.8965678317474215,0.8433943425850089,0.8433943425850089,0.8325552955863382,0.9134335611249431,0.8545581914340191,0.9080852780125948,0.8947187024363299,0.9138539923033728,0.9046840831120861,0.9377845685756366,0.9125829278883252,0.8308653659598936,0.19246907487559783,0.8604192974028323,-0.1518162235020994,0.008987209102747524,-0.3503421885040491,0.48206157394956334,0.8548562575671339,0.737238073856168,1.0,0.9021519174337925,0.5106304738328125,0.6729256002603028,0.664224477806656,0.8722318252999928,0.47961131180962385,0.2896248956598002],[0.7720710869196753,0.784610934513917,0.7720710869196753,0.7833128003163574,0.7833128003163574,0.7309210005456029,0.7309210005456029,0.7436239633048383,0.7436239633048383,0.7249523239491227,0.8068680459399484,0.7708848193189181,0.7317936424359991,0.6495123278745294,0.808057799916375,0.7706946910306924,0.8267509780303699,0.8309146730486743,0.6833567866046325,0.03105320614872667,0.7520238261011905,0.026380706013419505,-0.027525976337608855,-0.32743064647809794,0.6164819634603125,0.7100881142996813,0.5877819696685885,0.9021519174337925,1.0,0.5530523556908321,0.655244839493163,0.605167252831037,0.7176817415957798,0.561775870873445,0.4694962521085819],[0.491789764365215,0.48237394987022736,0.491789764365215,0.5189048099402382,0.5189048099402382,0.7121803313062237,0.7121803313062237,0.8694996195955116,0.8694996195955116,0.7219324521571351,0.8944524899273536,0.7265158706122556,0.8944437111146489,0.904727612539408,0.8937044915671047,0.8361008040928349,0.8823845118561161,0.7962478444721637,0.05308942595722358,0.10766968471828439,0.5154966999060666,0.562277727153991,-0.5406302794010486,0.09984832709253541,0.5318769368384695,0.3743968904841713,0.5529162930323833,0.5106304738328125,0.5530523556908321,1.0,0.7342985949851454,0.37146656742900463,0.44682804257002134,0.5372297576549803,0.7790447854116376],[0.6159562889643451,0.6125474135148924,0.6159562889643451,0.6105154991290203,0.6105154991290203,0.7269708648396294,0.7269708648396294,0.7702927072731125,0.7702927072731125,0.7972058196140768,0.8730612812657832,0.7724639443017025,0.8534330369872782,0.840621104625835,0.8741219390548127,0.7764973420338322,0.8995768796141994,0.7443875313788679,0.2831828633006075,0.378830599427599,0.5741090527190728,0.45058030819991235,-0.16327278525233677,0.176808681974847,0.6471461741062196,0.49668906397984114,0.5796857076237044,0.6729256002603028,0.655244839493163,0.7342985949851454,1.0,0.7779375374200348,0.47057593677473747,0.7165407290387739,0.546920790653365],[0.6396728949430002,0.6670426321589429,0.6396728949430002,0.6136284593651753,0.6136284593651753,0.7151582506000843,0.7151582506000843,0.7199051852702752,0.7199051852702752,0.7819104582295533,0.8124940997969249,0.7115481660527112,0.8039137203061378,0.7547605275806327,0.8136231532523377,0.7726217489323015,0.8435535616377143,0.702268925760262,0.5591852357535605,0.5857136390553064,0.5413921527282303,0.18246744419760197,-0.0006749252418498905,0.27114905838408554,0.4174017840348672,0.5948763189075843,0.5299273704158328,0.664224477806656,0.605167252831037,0.37146656742900463,0.7779375374200348,1.0,0.485819353306802,0.6647245932200285,0.19546724399619245],[0.9294205431426523,0.9264833868553736,0.9294205431426523,0.9226637190282394,0.9226637190282394,0.8485156301511709,0.8485156301511709,0.774328883093393,0.774328883093393,0.8115504805174045,0.8971412283779098,0.8489386407698492,0.8786239129954007,0.9108276656121387,0.8968443284173429,0.8720596969731573,0.9088937069311499,0.837790398695751,0.777406947650288,-0.08663793692382471,0.9011620753219433,-0.07320326077775789,0.018303282290951194,-0.3826058901175287,0.6975668337033526,0.8975964633809523,0.8034728439482554,0.8722318252999928,0.7176817415957798,0.44682804257002134,0.47057593677473747,0.485819353306802,1.0,0.7108702368133734,0.15813679909200104],[0.8143599716377768,0.6623808786656986,0.8143599716377768,0.8042508436816035,0.8042508436816035,0.8484857387604159,0.8484857387604159,0.8361026886011087,0.8361026886011087,0.8553968350532717,0.9425671665952121,0.7501467658754465,0.9628793323293225,0.9651438471220506,0.9423398650918006,0.8454272975892467,0.9474619018023507,0.7659881746646885,0.4549649755280428,0.13903698735771855,0.6400642403026172,0.35876128532839413,-0.16578193742963276,0.1365595988358699,0.6988620419441467,0.6243952036458709,0.8192572365299305,0.47961131180962385,0.561775870873445,0.5372297576549803,0.7165407290387739,0.6647245932200285,0.7108702368133734,1.0,0.16707042583197054],[0.16959718464552906,0.16588164604814104,0.16959718464552906,0.18173485269347586,0.18173485269347586,0.45998098980348934,0.45998098980348934,0.7987595587077095,0.7987595587077095,0.765598824408489,0.7779873051127297,0.7272839448333417,0.8133982825039319,0.7817831227436912,0.7781156593420032,0.7868413842118986,0.8345831411828175,0.8466662945236004,-0.16873816047479784,0.17200704417625642,0.16034495978890645,0.46344627421078016,-0.40063862002316897,0.1031154009798605,0.410464976742034,0.06128832443167919,0.20661155728906094,0.2896248956598002,0.4694962521085819,0.7790447854116376,0.546920790653365,0.19546724399619245,0.15813679909200104,0.16707042583197054,1.0]],"x":["^TAIEX       \u81fa\u7063\u52a0\u6b0a\u5831\u916c\u6307\u6578","^TWII        \u81fa\u7063\u52a0\u6b0a\u6307\u6578","^TAIEXx2     \u81fa\u7063\u52a0\u6b0a\u5831\u916c\u6307\u6578_\u65e5\u6b632","^TAI50I      \u81fa\u706350\u5831\u916c\u6307\u6578","^TAI50Ix2    \u81fa\u706350\u5831\u916c\u6307\u6578_\u65e5\u6b632","^TAI100I     \u81fa\u7063\u4e2d\u578b100\u5831\u916c\u6307\u6578","^TAI100Ix2   \u81fa\u7063\u4e2d\u578b100\u5831\u916c\u6307\u6578_\u65e5\u6b632","^TAIDIVIDI   \u81fa\u7063\u9ad8\u80a1\u606f\u5831\u916c\u6307\u6578","^TAIDIVIDIx2 \u81fa\u7063\u9ad8\u80a1\u606f\u5831\u916c\u6307\u6578_\u65e5\u6b632","0050Fund     \u5143\u5927\u53f0\u7063\u5353\u8d8a50\u57fa\u91d1","006208Fund   \u5bcc\u90a6\u53f0\u7063\u91c6\u540950\u57fa\u91d1","0050         \u5143\u5927\u81fa\u706350","00631L       \u5143\u5927\u53f0\u706350\u6b632","00675L       \u5bcc\u90a6\u81fa\u7063\u52a0\u6b0a\u6b632","006208       \u5bcc\u90a6\u53f050","0051         \u5143\u5927\u4e2d\u578b100","006204       \u6c38\u8c50\u81fa\u7063\u52a0\u6b0a","0056         \u5143\u5927\u9ad8\u80a1\u606f","2412         \u4e2d\u83ef\u96fb\u4fe1","2002         \u4e2d\u92fc","2330         \u53f0\u7a4d\u96fb","2317         \u9d3b\u6d77","6505         \u53f0\u5851\u77f3\u5316","3481         \u7fa4\u5275","2303         \u806f\u96fb","2308         \u53f0\u9054\u96fb","2454         \u806f\u767c\u79d1","2886         \u5146\u8c50\u91d1","2884         \u7389\u5c71\u91d1","2891         \u4e2d\u4fe1\u91d1","2892         \u7b2c\u4e00\u91d1","5880         \u5408\u5eab\u91d1","2881         \u5bcc\u90a6\u91d1","2885         \u5143\u5927\u91d1","2887         \u53f0\u65b0\u91d1"],"y":["^TAIEX       \u81fa\u7063\u52a0\u6b0a\u5831\u916c\u6307\u6578","^TWII        \u81fa\u7063\u52a0\u6b0a\u6307\u6578","^TAIEXx2     \u81fa\u7063\u52a0\u6b0a\u5831\u916c\u6307\u6578_\u65e5\u6b632","^TAI50I      \u81fa\u706350\u5831\u916c\u6307\u6578","^TAI50Ix2    \u81fa\u706350\u5831\u916c\u6307\u6578_\u65e5\u6b632","^TAI100I     \u81fa\u7063\u4e2d\u578b100\u5831\u916c\u6307\u6578","^TAI100Ix2   \u81fa\u7063\u4e2d\u578b100\u5831\u916c\u6307\u6578_\u65e5\u6b632","^TAIDIVIDI   \u81fa\u7063\u9ad8\u80a1\u606f\u5831\u916c\u6307\u6578","^TAIDIVIDIx2 \u81fa\u7063\u9ad8\u80a1\u606f\u5831\u916c\u6307\u6578_\u65e5\u6b632","0050Fund     \u5143\u5927\u53f0\u7063\u5353\u8d8a50\u57fa\u91d1","006208Fund   \u5bcc\u90a6\u53f0\u7063\u91c6\u540950\u57fa\u91d1","0050         \u5143\u5927\u81fa\u706350","00631L       \u5143\u5927\u53f0\u706350\u6b632","00675L       \u5bcc\u90a6\u81fa\u7063\u52a0\u6b0a\u6b632","006208       \u5bcc\u90a6\u53f050","0051         \u5143\u5927\u4e2d\u578b100","006204       \u6c38\u8c50\u81fa\u7063\u52a0\u6b0a","0056         \u5143\u5927\u9ad8\u80a1\u606f","2412         \u4e2d\u83ef\u96fb\u4fe1","2002         \u4e2d\u92fc","2330         \u53f0\u7a4d\u96fb","2317         \u9d3b\u6d77","6505         \u53f0\u5851\u77f3\u5316","3481         \u7fa4\u5275","2303         \u806f\u96fb","2308         \u53f0\u9054\u96fb","2454         \u806f\u767c\u79d1","2886         \u5146\u8c50\u91d1","2884         \u7389\u5c71\u91d1","2891         \u4e2d\u4fe1\u91d1","2892         \u7b2c\u4e00\u91d1","5880         \u5408\u5eab\u91d1","2881         \u5bcc\u90a6\u91d1","2885         \u5143\u5927\u91d1","2887         \u53f0\u65b0\u91d1"],"zmin":-1,"zmax":1,"colorbar":{"x":-0.2}}],"layout":{"autotypenumbers":"strict","colorway":["#636efa","#EF553B","#00cc96","#ab63fa","#FFA15A","#19d3f3","#FF6692","#B6E880","#FF97FF","#FECB52"],"font":{"color":"#f2f5fa","family":"Courier New"},"hovermode":"closest","hoverlabel":{"align":"left"},"paper_bgcolor":"rgb(17,17,17)","plot_bgcolor":"rgb(17,17,17)","polar":{"bgcolor":"rgb(17,17,17)","angularaxis":{"gridcolor":"#506784","linecolor":"#506784","ticks":""},"radialaxis":{"gridcolor":"#506784","linecolor":"#506784","ticks":""}},"ternary":{"bgcolor":"rgb(17,17,17)","aaxis":{"gridcolor":"#506784","linecolor":"#506784","ticks":""},"baxis":{"gridcolor":"#506784","linecolor":"#506784","ticks":""},"caxis":{"gridcolor":"#506784","linecolor":"#506784","ticks":""}},"coloraxis":{"colorbar":{"outlinewidth":0,"ticks":""}},"colorscale":{"sequential":[[0.0,"#0d0887"],[0.1111111111111111,"#46039f"],[0.2222222222222222,"#7201a8"],[0.3333333333333333,"#9c179e"],[0.4444444444444444,"#bd3786"],[0.5555555555555556,"#d8576b"],[0.6666666666666666,"#ed7953"],[0.7777777777777778,"#fb9f3a"],[0.8888888888888888,"#fdca26"],[1.0,"#f0f921"]],"sequentialminus":[[0.0,"#0d0887"],[0.1111111111111111,"#46039f"],[0.2222222222222222,"#7201a8"],[0.3333333333333333,"#9c179e"],[0.4444444444444444,"#bd3786"],[0.5555555555555556,"#d8576b"],[0.6666666666666666,"#ed7953"],[0.7777777777777778,"#fb9f3a"],[0.8888888888888888,"#fdca26"],[1.0,"#f0f921"]],"diverging":[[0,"#8e0152"],[0.1,"#c51b7d"],[0.2,"#de77ae"],[0.3,"#f1b6da"],[0.4,"#fde0ef"],[0.5,"#f7f7f7"],[0.6,"#e6f5d0"],[0.7,"#b8e186"],[0.8,"#7fbc41"],[0.9,"#4d9221"],[1,"#276419"]]},"xaxis":{"gridcolor":"rgba(0, 0, 0, 0)","linecolor":"#506784","ticks":"","title":{"standoff":15},"zerolinecolor":"#283442","automargin":true,"zerolinewidth":2,"tickfont":{"family":"Courier New","size":14},"side":"top","tickangle":-90},"yaxis":{"gridcolor":"rgba(0, 0, 0, 0)","linecolor":"#506784","ticks":"","title":{"standoff":15},"zerolinecolor":"#283442","automargin":true,"zerolinewidth":2,"tickfont":{"family":"Courier New"},"side":"right"},"scene":{"xaxis":{"backgroundcolor":"rgb(17,17,17)","gridcolor":"#506784","linecolor":"#506784","showbackground":true,"ticks":"","zerolinecolor":"#C8D4E3","gridwidth":2},"yaxis":{"backgroundcolor":"rgb(17,17,17)","gridcolor":"#506784","linecolor":"#506784","showbackground":true,"ticks":"","zerolinecolor":"#C8D4E3","gridwidth":2},"zaxis":{"backgroundcolor":"rgb(17,17,17)","gridcolor":"#506784","linecolor":"#506784","showbackground":true,"ticks":"","zerolinecolor":"#C8D4E3","gridwidth":2}},"shapedefaults":{"line":{"color":"#f2f5fa"}},"annotationdefaults":{"arrowcolor":"#f2f5fa","arrowhead":0,"arrowwidth":1},"geo":{"bgcolor":"rgb(17,17,17)","landcolor":"rgb(17,17,17)","subunitcolor":"#506784","showland":true,"showlakes":true,"lakecolor":"rgb(17,17,17)"},"title":{"x":0.05,"font":{"family":"Times New Roman"},"y":0.05,"text":"<b>Correlation of Close<b><br><i>2016-09-23 ~ 2025-08-22<i>"},"updatemenudefaults":{"bgcolor":"#506784","borderwidth":0},"sliderdefaults":{"bgcolor":"#C8D4E3","borderwidth":1,"bordercolor":"rgb(17,17,17)","tickwidth":0},"mapbox":{"style":"dark"},"annotations":[{"text":"<b>@zwindr<b>","textangle":0,"opacity":0.5,"font":{"color":"white","size":12},"xref":"paper","yref":"paper","xanchor":"left","yanchor":"bottom","x":1.0,"y":1.0,"showarrow":false}]},"config":{"responsive":true,"toImageButtonOptions":{"filename":"Correlation of Close_2016-09-23~2025-08-22","scale":5}}};Plotly.newPlot("correlationClose",correlationClose.data,correlationClose.layout||{},correlationClose.config);}else{console.log("style display is none => correlationClose");}