var element=document.getElementById("correlationClose");if(element.style.display!='none'){var correlationClose={"data":[{"type":"heatmap","z":[[1.0,0.9999999999999982,1.0,0.9954715261337735,0.9954715261337735,0.9636463888650405,0.9636463888650405,0.9014610861884467,0.9014610861884467,0.897856906762636,0.9948175003688694,0.8742131237541334,0.9929662032860395,0.9927325750102225,0.9948570370308454,0.9731914031697808,0.998956721776453,0.9241425472714163,0.9241425472714163,0.7856026590416694,-0.10658939667728438,0.977561350698968,0.10277667819623489,-0.055053216401406986,-0.2526576021349528,0.8194198791991681,0.9317833073413591,0.9109804194955576,0.9289975755393993,0.7788740142682009,0.5168032365661173,0.6259722230136762,0.6378218012022001,0.9312817264230275,0.821597819806085,0.17327275913590384],[0.9999999999999982,1.0,0.9999999999999984,0.9954290724646181,0.9954290724646181,0.9630427863922695,0.9630427863922695,0.9025796470712293,0.9025796470712293,0.8988588271791355,0.994802477325588,0.8737873398657773,0.9926981895675209,0.9921857583068571,0.9948287020300067,0.9725280138028171,0.9989570907464916,0.9245526026593149,0.9245526026593149,0.8050569217529883,0.10283913325004831,0.968947142294177,-0.07819040671947888,-0.04775350876948357,-0.25289360245255577,0.6471701832052276,0.9322416636719818,0.8845519345512425,0.9234245371778776,0.7906578366990595,0.508382416389223,0.6230494747305726,0.6644301248551715,0.9285759912658565,0.6729305130134946,0.17001026098074995],[1.0,0.9999999999999984,1.0,0.9954715261337735,0.9954715261337735,0.9636463888650405,0.9636463888650405,0.9014610861884467,0.9014610861884467,0.897856906762636,0.9948175003688694,0.8742131237541334,0.9929662032860395,0.9927325750102225,0.9948570370308454,0.9731914031697808,0.998956721776453,0.9241425472714163,0.9241425472714163,0.7856026590416694,-0.10658939667728438,0.977561350698968,0.10277667819623489,-0.055053216401406986,-0.2526576021349528,0.8194198791991681,0.9317833073413591,0.9109804194955576,0.9289975755393993,0.7788740142682009,0.5168032365661173,0.6259722230136762,0.6378218012022001,0.9312817264230275,0.821597819806085,0.17327275913590384],[0.9954715261337735,0.9954290724646181,0.9954715261337735,1.0,1.0,0.9508294115908066,0.9508294115908066,0.8871191665489494,0.8871191665489494,0.8857168798461541,0.9994942575895653,0.8603649720185692,0.9893600153316393,0.9855666097687042,0.9994499481082297,0.9560489176156143,0.9949356069546864,0.9035444795777008,0.9035444795777008,0.7638584261909516,-0.1131742025363219,0.9894811579574069,0.1250747396316465,-0.08881063632001539,-0.2551224310494633,0.816035858665656,0.9317528442076267,0.9157305213524128,0.9172984268925212,0.7889153217119996,0.544685252455084,0.6206287052419553,0.6108093178749702,0.9238447454271647,0.811680419093499,0.1850452692488353],[0.9954715261337735,0.9954290724646181,0.9954715261337735,1.0,1.0,0.9508294115908066,0.9508294115908066,0.8871191665489494,0.8871191665489494,0.8857168798461541,0.9994942575895653,0.8603649720185692,0.9893600153316393,0.9855666097687042,0.9994499481082297,0.9560489176156143,0.9949356069546864,0.9035444795777008,0.9035444795777008,0.7638584261909516,-0.1131742025363219,0.9894811579574069,0.1250747396316465,-0.08881063632001539,-0.2551224310494633,0.816035858665656,0.9317528442076267,0.9157305213524128,0.9172984268925212,0.7889153217119996,0.544685252455084,0.6206287052419553,0.6108093178749702,0.9238447454271647,0.811680419093499,0.1850452692488353],[0.9636463888650405,0.9630427863922695,0.9636463888650405,0.9508294115908066,0.9508294115908066,1.0,1.0,0.9272096383018242,0.9272096383018242,0.8588129379305083,0.9526805897846404,0.8510189410475254,0.9754074171894715,0.9737631931960314,0.952486289366524,0.9990422022520692,0.9732026961557496,0.9194658588831315,0.9194658588831315,0.6369843148070741,-0.05267704569665675,0.9358523638797253,0.27537637741022936,-0.2503570672501369,-0.11264414041992041,0.8891961925659962,0.8892084207514757,0.9292182886068246,0.8988706188907154,0.7392233905347155,0.7263646323761468,0.7334328675335949,0.7125509519250307,0.8537587003778756,0.8544105099853468,0.4601776932594752],[0.9636463888650405,0.9630427863922695,0.9636463888650405,0.9508294115908066,0.9508294115908066,1.0,1.0,0.9272096383018242,0.9272096383018242,0.8588129379305083,0.9526805897846404,0.8510189410475254,0.9754074171894715,0.9737631931960314,0.952486289366524,0.9990422022520692,0.9732026961557496,0.9194658588831315,0.9194658588831315,0.6369843148070741,-0.05267704569665675,0.9358523638797253,0.27537637741022936,-0.2503570672501369,-0.11264414041992041,0.8891961925659962,0.8892084207514757,0.9292182886068246,0.8988706188907154,0.7392233905347155,0.7263646323761468,0.7334328675335949,0.7125509519250307,0.8537587003778756,0.8544105099853468,0.4601776932594752],[0.9014610861884467,0.9025796470712293,0.9014610861884467,0.8871191665489494,0.8871191665489494,0.9272096383018242,0.9272096383018242,1.0,1.0,0.7967597607821453,0.9390492971481278,0.8216728478009914,0.9469563226607848,0.9420601656810426,0.9388846488983087,0.9281344123473033,0.9426773232973021,0.9721202473750575,0.9721202473750575,0.5751248802474047,0.06798872952037048,0.8463794598701617,0.520372769697998,-0.27486743849456474,0.026299938045139373,0.7849948602732573,0.7846088462285662,0.8679745732172275,0.8476428431888783,0.7510645284181897,0.8728032945127585,0.7758914373712907,0.7194982088922862,0.7817282871836622,0.841781861946321,0.7980862493665134],[0.9014610861884467,0.9025796470712293,0.9014610861884467,0.8871191665489494,0.8871191665489494,0.9272096383018242,0.9272096383018242,1.0,1.0,0.7967597607821453,0.9390492971481278,0.8216728478009914,0.9469563226607848,0.9420601656810426,0.9388846488983087,0.9281344123473033,0.9426773232973021,0.9721202473750575,0.9721202473750575,0.5751248802474047,0.06798872952037048,0.8463794598701617,0.520372769697998,-0.27486743849456474,0.026299938045139373,0.7849948602732573,0.7846088462285662,0.8679745732172275,0.8476428431888783,0.7510645284181897,0.8728032945127585,0.7758914373712907,0.7194982088922862,0.7817282871836622,0.841781861946321,0.7980862493665134],[0.897856906762636,0.8988588271791355,0.897856906762636,0.8857168798461541,0.8857168798461541,0.8588129379305083,0.8588129379305083,0.7967597607821453,0.7967597607821453,1.0,0.8175989657901603,0.9999701201505139,0.7835308473672268,0.7262162439615625,0.8195066997363769,0.8579205584358108,0.8478042316994262,0.8569592056952517,0.8569592056952517,0.7138079655091605,-0.10758119416221582,0.8659576740064953,0.050205484730358324,0.04109128752154087,-0.24661437025186725,0.8080108178435612,0.7441877328046879,0.8122173452332881,0.8494537293145829,0.7117804098686248,0.39766450532370273,0.5517933799247708,0.5731351047517279,0.845912978996895,0.7111948542578155,0.17832552934274284],[0.9948175003688694,0.994802477325588,0.9948175003688694,0.9994942575895653,0.9994942575895653,0.9526805897846404,0.9526805897846404,0.9390492971481278,0.9390492971481278,0.8175989657901603,1.0,0.817367621419456,0.9890569432155387,0.9856774915126373,0.9999176190655555,0.9529601813447913,0.9939319904205565,0.9186303126217686,0.9186303126217686,0.8521943725052357,0.10350982644617825,0.9960105009680476,0.865658869531401,-0.4692324429583469,0.35433441439880514,0.8471277486775365,0.8966716478816861,0.9430937897816843,0.913253668530956,0.8145765275848644,0.9023447356791836,0.8750371265608253,0.8030038338034359,0.899833616270111,0.9437239219619337,0.7726276334021084],[0.8742131237541334,0.8737873398657773,0.8742131237541334,0.8603649720185692,0.8603649720185692,0.8510189410475254,0.8510189410475254,0.8216728478009914,0.8216728478009914,0.9999701201505139,0.817367621419456,1.0,0.77807106172303,0.719371042833867,0.8149665547498087,0.8507476343521221,0.8460612773059322,0.8550168701952571,0.8550168701952571,0.6847727114728573,0.013679020589768678,0.8419525032583371,0.5268785193239653,-0.1949711827069262,-0.234055773467923,0.8458557844868315,0.6772804123412355,0.7955460386114512,0.8300322131127978,0.7464471193945214,0.6774514213759106,0.7475365962843321,0.7011770391360224,0.8187952709429577,0.7189920406570203,0.7156483244831834],[0.9929662032860395,0.9926981895675209,0.9929662032860395,0.9893600153316393,0.9893600153316393,0.9754074171894715,0.9754074171894715,0.9469563226607848,0.9469563226607848,0.7835308473672268,0.9890569432155387,0.77807106172303,1.0,0.9997197613442866,0.9890830927973993,0.9735876050953253,0.9904630118117264,0.9134490579949723,0.9134490579949723,0.8254019129928145,0.13900466986862772,0.9868526958700201,0.8876770986616488,-0.642158118134907,0.42943273804466103,0.8256194057682626,0.9016831568276368,0.9578887428938937,0.9079668256598198,0.7452661934234697,0.9026827956648645,0.8563201697806304,0.7919596563461968,0.8827641481949537,0.9623939990209087,0.8055305169877128],[0.9927325750102225,0.9921857583068571,0.9927325750102225,0.9855666097687042,0.9855666097687042,0.9737631931960314,0.9737631931960314,0.9420601656810426,0.9420601656810426,0.7262162439615625,0.9856774915126373,0.719371042833867,0.9997197613442866,1.0,0.9858911608026107,0.9709600603485159,0.9890445081909084,0.8998334884149576,0.8998334884149576,0.8450531104610924,0.015467585557502498,0.9816817739463773,0.8962920144391419,-0.8366902932079499,0.47273930125655445,0.7789606032133513,0.9054631547735266,0.9550382721819645,0.8950253095990626,0.6698413828861013,0.9124652927312658,0.8457214311073395,0.7402573778001603,0.9126735897103219,0.9642759988268624,0.7722041431321425],[0.9948570370308454,0.9948287020300067,0.9948570370308454,0.9994499481082297,0.9994499481082297,0.952486289366524,0.952486289366524,0.9388846488983087,0.9388846488983087,0.8195066997363769,0.9999176190655555,0.8149665547498087,0.9890830927973993,0.9858911608026107,1.0,0.9528641819270334,0.9939812055646894,0.9188918392512352,0.9188918392512352,0.8532639310660155,0.10264986363406807,0.9958836604461336,0.8652089111600784,-0.4668394255806494,0.3536385361260032,0.8470446277941708,0.8940087089094917,0.9420223814921429,0.9137694836921766,0.8159195333924774,0.9018703353671772,0.8761877159267678,0.803946050541803,0.8996881247972744,0.9436087194935132,0.7729865978670422],[0.9731914031697808,0.9725280138028171,0.9731914031697808,0.9560489176156143,0.9560489176156143,0.9990422022520692,0.9990422022520692,0.9281344123473033,0.9281344123473033,0.8579205584358108,0.9529601813447913,0.8507476343521221,0.9735876050953253,0.9709600603485159,0.9528641819270334,1.0,0.9746646270060378,0.9192390757524596,0.9192390757524596,0.6857912323929195,-0.035333823949527,0.9455701723244657,0.6058063773424953,-0.3835654055635566,-0.16407459036312866,0.9012792394156854,0.8921245570595834,0.9248318934294484,0.9066900379355713,0.7779060910631986,0.8440238267956711,0.7821274574508977,0.7695513434227513,0.8767969586848042,0.8517577798071841,0.7853204656691445],[0.998956721776453,0.9989570907464916,0.998956721776453,0.9949356069546864,0.9949356069546864,0.9732026961557496,0.9732026961557496,0.9426773232973021,0.9426773232973021,0.8478042316994262,0.9939319904205565,0.8460612773059322,0.9904630118117264,0.9890445081909084,0.9939812055646894,0.9746646270060378,1.0,0.9380675397011102,0.9380675397011102,0.8581064685578715,0.1088744406775278,0.9873049811971181,0.8344404601226157,-0.44711929327190725,0.3690779027454459,0.8854893470330693,0.9024577266705874,0.9478148313353486,0.9381340184339421,0.8332438053675139,0.8895845653930684,0.9018356855945839,0.8369491555891565,0.91187063456385,0.9494877331698719,0.8303950879199894],[0.9241425472714163,0.9245526026593149,0.9241425472714163,0.9035444795777008,0.9035444795777008,0.9194658588831315,0.9194658588831315,0.9721202473750575,0.9721202473750575,0.8569592056952517,0.9186303126217686,0.8550168701952571,0.9134490579949723,0.8998334884149576,0.9188918392512352,0.9192390757524596,0.9380675397011102,1.0,1.0,0.7355019782357477,-0.00520614734869518,0.8670766142328707,0.5280761459453152,-0.16531507156351127,-0.2043695121561029,0.82447159910304,0.7908095304847693,0.8321834246073957,0.9143469399691586,0.8344819676159413,0.797162078356966,0.7497750318206496,0.7042837398127341,0.841101896878996,0.7712460039195215,0.8477166402949174],[0.9241425472714163,0.9245526026593149,0.9241425472714163,0.9035444795777008,0.9035444795777008,0.9194658588831315,0.9194658588831315,0.9721202473750575,0.9721202473750575,0.8569592056952517,0.9186303126217686,0.8550168701952571,0.9134490579949723,0.8998334884149576,0.9188918392512352,0.9192390757524596,0.9380675397011102,1.0,1.0,0.7355019782357477,-0.00520614734869518,0.8670766142328707,0.5280761459453152,-0.16531507156351127,-0.2043695121561029,0.82447159910304,0.7908095304847693,0.8321834246073957,0.9143469399691586,0.8344819676159413,0.797162078356966,0.7497750318206496,0.7042837398127341,0.841101896878996,0.7712460039195215,0.8477166402949174],[0.7856026590416694,0.8050569217529883,0.7856026590416694,0.7638584261909516,0.7638584261909516,0.6369843148070741,0.6369843148070741,0.5751248802474047,0.5751248802474047,0.7138079655091605,0.8521943725052357,0.6847727114728573,0.8254019129928145,0.8450531104610924,0.8532639310660155,0.6857912323929195,0.8581064685578715,0.7355019782357477,0.7355019782357477,1.0,0.04810386999632927,0.726288076832531,-0.40579445666987346,0.3470539216530827,-0.6589761886774343,0.3430333040981533,0.7662610741252441,0.49861238238014166,0.833326236776606,0.6887514047525433,0.07798995273444773,0.2955243284630519,0.5623236949534546,0.7805956078527659,0.4656387899211988,-0.16312191552111224],[-0.10658939667728438,0.10283913325004831,-0.10658939667728438,-0.1131742025363219,-0.1131742025363219,-0.05267704569665675,-0.05267704569665675,0.06798872952037048,0.06798872952037048,-0.10758119416221582,0.10350982644617825,0.013679020589768678,0.13900466986862772,0.015467585557502498,0.10264986363406807,-0.035333823949527,0.1088744406775278,-0.00520614734869518,-0.00520614734869518,0.04810386999632927,1.0,-0.06824105462164981,0.1248021887581938,0.13761247383290057,0.7511464167907251,-0.08331036923933433,0.0031273120036922754,0.010644751009038658,0.18055488904070077,0.01804068788900795,0.08617947527021819,0.3601408624532878,0.5791108688752764,-0.09879634941013683,0.1276698869221573,0.16845122825558873],[0.977561350698968,0.968947142294177,0.977561350698968,0.9894811579574069,0.9894811579574069,0.9358523638797253,0.9358523638797253,0.8463794598701617,0.8463794598701617,0.8659576740064953,0.9960105009680476,0.8419525032583371,0.9868526958700201,0.9816817739463773,0.9958836604461336,0.9455701723244657,0.9873049811971181,0.8670766142328707,0.8670766142328707,0.726288076832531,-0.06824105462164981,1.0,0.03387743873117877,-0.15064694598658349,-0.31079637824382816,0.678296728964454,0.9214734582837507,0.900081171592827,0.8607979091160329,0.7581763876848708,0.5435266024208615,0.5859676948368691,0.5392989678276021,0.9026237647093307,0.6511399328877775,0.1642840217016721],[0.10277667819623489,-0.07819040671947888,0.10277667819623489,0.1250747396316465,0.1250747396316465,0.27537637741022936,0.27537637741022936,0.520372769697998,0.520372769697998,0.050205484730358324,0.865658869531401,0.5268785193239653,0.8876770986616488,0.8962920144391419,0.8652089111600784,0.6058063773424953,0.8344404601226157,0.5280761459453152,0.5280761459453152,-0.40579445666987346,0.1248021887581938,0.03387743873117877,1.0,-0.44135406230845026,0.752749649132309,0.36848279981978427,0.013115939295525883,0.2804845485922406,-0.13080143614870518,0.048150299885043,0.5741953106398019,0.46186525572277454,0.18889343861303368,-0.046095027663383054,0.3702872654018132,0.46368988292253277],[-0.055053216401406986,-0.04775350876948357,-0.055053216401406986,-0.08881063632001539,-0.08881063632001539,-0.2503570672501369,-0.2503570672501369,-0.27486743849456474,-0.27486743849456474,0.04109128752154087,-0.4692324429583469,-0.1949711827069262,-0.642158118134907,-0.8366902932079499,-0.4668394255806494,-0.3835654055635566,-0.44711929327190725,-0.16531507156351127,-0.16531507156351127,0.3470539216530827,0.13761247383290057,-0.15064694598658349,-0.44135406230845026,1.0,-0.03665657694434785,-0.14706635279888458,-0.12730934478476053,-0.2789121711991723,-0.016281170857907565,-0.052124610235390736,-0.555053396723427,-0.18171605120964204,-0.011830395841985752,-0.010062422673587253,-0.1904865843460658,-0.40145279763003383],[-0.2526576021349528,-0.25289360245255577,-0.2526576021349528,-0.2551224310494633,-0.2551224310494633,-0.11264414041992041,-0.11264414041992041,0.026299938045139373,0.026299938045139373,-0.24661437025186725,0.35433441439880514,-0.234055773467923,0.42943273804466103,0.47273930125655445,0.3536385361260032,-0.16407459036312866,0.3690779027454459,-0.2043695121561029,-0.2043695121561029,-0.6589761886774343,0.7511464167907251,-0.31079637824382816,0.752749649132309,-0.03665657694434785,1.0,-0.10238042430178657,-0.27767316120294505,-0.05893480602063374,-0.3505597400604905,-0.32784962492855796,0.08811217241697117,0.17017891398906496,0.2679198155990037,-0.381567715053388,0.12778998245877213,0.1000455476018229],[0.8194198791991681,0.6471701832052276,0.8194198791991681,0.816035858665656,0.816035858665656,0.8891961925659962,0.8891961925659962,0.7849948602732573,0.7849948602732573,0.8080108178435612,0.8471277486775365,0.8458557844868315,0.8256194057682626,0.7789606032133513,0.8470446277941708,0.9012792394156854,0.8854893470330693,0.82447159910304,0.82447159910304,0.3430333040981533,-0.08331036923933433,0.678296728964454,0.36848279981978427,-0.14706635279888458,-0.10238042430178657,1.0,0.5821909649652682,0.838239128744462,0.486716796622481,0.6206109398964372,0.5370114210872191,0.6510748539241326,0.42047859623294986,0.6996833815441581,0.7001985312159739,0.4118211751131157],[0.9317833073413591,0.9322416636719818,0.9317833073413591,0.9317528442076267,0.9317528442076267,0.8892084207514757,0.8892084207514757,0.7846088462285662,0.7846088462285662,0.7441877328046879,0.8966716478816861,0.6772804123412355,0.9016831568276368,0.9054631547735266,0.8940087089094917,0.8921245570595834,0.9024577266705874,0.7908095304847693,0.7908095304847693,0.7662610741252441,0.0031273120036922754,0.9214734582837507,0.013115939295525883,-0.12730934478476053,-0.27767316120294505,0.5821909649652682,1.0,0.8277718353788786,0.8324348048421519,0.7030786463407647,0.4246273394882282,0.5060977097855193,0.5686977443413113,0.8772867963981901,0.6260910105482962,0.07117166501626128],[0.9109804194955576,0.8845519345512425,0.9109804194955576,0.9157305213524128,0.9157305213524128,0.9292182886068246,0.9292182886068246,0.8679745732172275,0.8679745732172275,0.8122173452332881,0.9430937897816843,0.7955460386114512,0.9578887428938937,0.9550382721819645,0.9420223814921429,0.9248318934294484,0.9478148313353486,0.8321834246073957,0.8321834246073957,0.49861238238014166,0.010644751009038658,0.900081171592827,0.2804845485922406,-0.2789121711991723,-0.05893480602063374,0.838239128744462,0.8277718353788786,1.0,0.7447212723697402,0.6010122269261946,0.574490557802141,0.5911012765351573,0.5314531809738018,0.8105358085410064,0.8259005356717901,0.20938181810614676],[0.9289975755393993,0.9234245371778776,0.9289975755393993,0.9172984268925212,0.9172984268925212,0.8988706188907154,0.8988706188907154,0.8476428431888783,0.8476428431888783,0.8494537293145829,0.913253668530956,0.8300322131127978,0.9079668256598198,0.8950253095990626,0.9137694836921766,0.9066900379355713,0.9381340184339421,0.9143469399691586,0.9143469399691586,0.833326236776606,0.18055488904070077,0.8607979091160329,-0.13080143614870518,-0.016281170857907565,-0.3505597400604905,0.486716796622481,0.8324348048421519,0.7447212723697402,1.0,0.9046200384545028,0.527100465919402,0.6804141449428253,0.665367237256633,0.8756930705303728,0.4922273808363526,0.2915601247709281],[0.7788740142682009,0.7906578366990595,0.7788740142682009,0.7889153217119996,0.7889153217119996,0.7392233905347155,0.7392233905347155,0.7510645284181897,0.7510645284181897,0.7117804098686248,0.8145765275848644,0.7464471193945214,0.7452661934234697,0.6698413828861013,0.8159195333924774,0.7779060910631986,0.8332438053675139,0.8344819676159413,0.8344819676159413,0.6887514047525433,0.01804068788900795,0.7581763876848708,0.048150299885043,-0.052124610235390736,-0.32784962492855796,0.6206109398964372,0.7030786463407647,0.6010122269261946,0.9046200384545028,1.0,0.5680323099714297,0.663212128655576,0.6072684133226062,0.7256819318938973,0.5746152694493429,0.4688912999611842],[0.5168032365661173,0.508382416389223,0.5168032365661173,0.544685252455084,0.544685252455084,0.7263646323761468,0.7263646323761468,0.8728032945127585,0.8728032945127585,0.39766450532370273,0.9023447356791836,0.6774514213759106,0.9026827956648645,0.9124652927312658,0.9018703353671772,0.8440238267956711,0.8895845653930684,0.797162078356966,0.797162078356966,0.07798995273444773,0.08617947527021819,0.5435266024208615,0.5741953106398019,-0.555053396723427,0.08811217241697117,0.5370114210872191,0.4246273394882282,0.574490557802141,0.527100465919402,0.5680323099714297,1.0,0.7404041556613408,0.37712260040889356,0.4687825247333125,0.5562305038823923,0.7669192135797528],[0.6259722230136762,0.6230494747305726,0.6259722230136762,0.6206287052419553,0.6206287052419553,0.7334328675335949,0.7334328675335949,0.7758914373712907,0.7758914373712907,0.5517933799247708,0.8750371265608253,0.7475365962843321,0.8563201697806304,0.8457214311073395,0.8761877159267678,0.7821274574508977,0.9018356855945839,0.7497750318206496,0.7497750318206496,0.2955243284630519,0.3601408624532878,0.5859676948368691,0.46186525572277454,-0.18171605120964204,0.17017891398906496,0.6510748539241326,0.5060977097855193,0.5911012765351573,0.6804141449428253,0.663212128655576,0.7404041556613408,1.0,0.7781921386471353,0.4840034253416915,0.7235149980168014,0.5461212935567797],[0.6378218012022001,0.6644301248551715,0.6378218012022001,0.6108093178749702,0.6108093178749702,0.7125509519250307,0.7125509519250307,0.7194982088922862,0.7194982088922862,0.5731351047517279,0.8030038338034359,0.7011770391360224,0.7919596563461968,0.7402573778001603,0.803946050541803,0.7695513434227513,0.8369491555891565,0.7042837398127341,0.7042837398127341,0.5623236949534546,0.5791108688752764,0.5392989678276021,0.18889343861303368,-0.011830395841985752,0.2679198155990037,0.42047859623294986,0.5686977443413113,0.5314531809738018,0.665367237256633,0.6072684133226062,0.37712260040889356,0.7781921386471353,1.0,0.4895164301873697,0.665774898122947,0.19745701491305936],[0.9312817264230275,0.9285759912658565,0.9312817264230275,0.9238447454271647,0.9238447454271647,0.8537587003778756,0.8537587003778756,0.7817282871836622,0.7817282871836622,0.845912978996895,0.899833616270111,0.8187952709429577,0.8827641481949537,0.9126735897103219,0.8996881247972744,0.8767969586848042,0.91187063456385,0.841101896878996,0.841101896878996,0.7805956078527659,-0.09879634941013683,0.9026237647093307,-0.046095027663383054,-0.010062422673587253,-0.381567715053388,0.6996833815441581,0.8772867963981901,0.8105358085410064,0.8756930705303728,0.7256819318938973,0.4687825247333125,0.4840034253416915,0.4895164301873697,1.0,0.7205849219764754,0.1620161954002959],[0.821597819806085,0.6729305130134946,0.821597819806085,0.811680419093499,0.811680419093499,0.8544105099853468,0.8544105099853468,0.841781861946321,0.841781861946321,0.7111948542578155,0.9437239219619337,0.7189920406570203,0.9623939990209087,0.9642759988268624,0.9436087194935132,0.8517577798071841,0.9494877331698719,0.7712460039195215,0.7712460039195215,0.4656387899211988,0.1276698869221573,0.6511399328877775,0.3702872654018132,-0.1904865843460658,0.12778998245877213,0.7001985312159739,0.6260910105482962,0.8259005356717901,0.4922273808363526,0.5746152694493429,0.5562305038823923,0.7235149980168014,0.665774898122947,0.7205849219764754,1.0,0.17088499010278846],[0.17327275913590384,0.17001026098074995,0.17327275913590384,0.1850452692488353,0.1850452692488353,0.4601776932594752,0.4601776932594752,0.7980862493665134,0.7980862493665134,0.17832552934274284,0.7726276334021084,0.7156483244831834,0.8055305169877128,0.7722041431321425,0.7729865978670422,0.7853204656691445,0.8303950879199894,0.8477166402949174,0.8477166402949174,-0.16312191552111224,0.16845122825558873,0.1642840217016721,0.46368988292253277,-0.40145279763003383,0.1000455476018229,0.4118211751131157,0.07117166501626128,0.20938181810614676,0.2915601247709281,0.4688912999611842,0.7669192135797528,0.5461212935567797,0.19745701491305936,0.1620161954002959,0.17088499010278846,1.0]],"x":["^TAIEX       \u81fa\u7063\u52a0\u6b0a\u5831\u916c\u6307\u6578","^TWII        \u81fa\u7063\u52a0\u6b0a\u6307\u6578","^TAIEXx2     \u81fa\u7063\u52a0\u6b0a\u5831\u916c\u6307\u6578_\u65e5\u6b632","^TAI50I      \u81fa\u706350\u5831\u916c\u6307\u6578","^TAI50Ix2    \u81fa\u706350\u5831\u916c\u6307\u6578_\u65e5\u6b632","^TAI100I     \u81fa\u7063\u4e2d\u578b100\u5831\u916c\u6307\u6578","^TAI100Ix2   \u81fa\u7063\u4e2d\u578b100\u5831\u916c\u6307\u6578_\u65e5\u6b632","^TAIDIVIDI   \u81fa\u7063\u9ad8\u80a1\u606f\u5831\u916c\u6307\u6578","^TAIDIVIDIx2 \u81fa\u7063\u9ad8\u80a1\u606f\u5831\u916c\u6307\u6578_\u65e5\u6b632","0050Fund     \u5143\u5927\u53f0\u7063\u5353\u8d8a50\u57fa\u91d1","006208Fund   \u5bcc\u90a6\u53f0\u7063\u91c6\u540950\u57fa\u91d1","0050         \u5143\u5927\u81fa\u706350","00631L       \u5143\u5927\u53f0\u706350\u6b632","00675L       \u5bcc\u90a6\u81fa\u7063\u52a0\u6b0a\u6b632","006208       \u5bcc\u90a6\u53f050","0051         \u5143\u5927\u4e2d\u578b100","006204       \u6c38\u8c50\u81fa\u7063\u52a0\u6b0a","0056         \u5143\u5927\u9ad8\u80a1\u606f","0056         \u5143\u5927\u9ad8\u80a1\u606f_\u80a1\u606f\u4e0d\u6295\u5165","2412         \u4e2d\u83ef\u96fb\u4fe1","2002         \u4e2d\u92fc","2330         \u53f0\u7a4d\u96fb","2317         \u9d3b\u6d77","6505         \u53f0\u5851\u77f3\u5316","3481         \u7fa4\u5275","2303         \u806f\u96fb","2308         \u53f0\u9054\u96fb","2454         \u806f\u767c\u79d1","2886         \u5146\u8c50\u91d1","2884         \u7389\u5c71\u91d1","2891         \u4e2d\u4fe1\u91d1","2892         \u7b2c\u4e00\u91d1","5880         \u5408\u5eab\u91d1","2881         \u5bcc\u90a6\u91d1","2885         \u5143\u5927\u91d1","2887         \u53f0\u65b0\u91d1"],"y":["^TAIEX       \u81fa\u7063\u52a0\u6b0a\u5831\u916c\u6307\u6578","^TWII        \u81fa\u7063\u52a0\u6b0a\u6307\u6578","^TAIEXx2     \u81fa\u7063\u52a0\u6b0a\u5831\u916c\u6307\u6578_\u65e5\u6b632","^TAI50I      \u81fa\u706350\u5831\u916c\u6307\u6578","^TAI50Ix2    \u81fa\u706350\u5831\u916c\u6307\u6578_\u65e5\u6b632","^TAI100I     \u81fa\u7063\u4e2d\u578b100\u5831\u916c\u6307\u6578","^TAI100Ix2   \u81fa\u7063\u4e2d\u578b100\u5831\u916c\u6307\u6578_\u65e5\u6b632","^TAIDIVIDI   \u81fa\u7063\u9ad8\u80a1\u606f\u5831\u916c\u6307\u6578","^TAIDIVIDIx2 \u81fa\u7063\u9ad8\u80a1\u606f\u5831\u916c\u6307\u6578_\u65e5\u6b632","0050Fund     \u5143\u5927\u53f0\u7063\u5353\u8d8a50\u57fa\u91d1","006208Fund   \u5bcc\u90a6\u53f0\u7063\u91c6\u540950\u57fa\u91d1","0050         \u5143\u5927\u81fa\u706350","00631L       \u5143\u5927\u53f0\u706350\u6b632","00675L       \u5bcc\u90a6\u81fa\u7063\u52a0\u6b0a\u6b632","006208       \u5bcc\u90a6\u53f050","0051         \u5143\u5927\u4e2d\u578b100","006204       \u6c38\u8c50\u81fa\u7063\u52a0\u6b0a","0056         \u5143\u5927\u9ad8\u80a1\u606f","0056         \u5143\u5927\u9ad8\u80a1\u606f_\u80a1\u606f\u4e0d\u6295\u5165","2412         \u4e2d\u83ef\u96fb\u4fe1","2002         \u4e2d\u92fc","2330         \u53f0\u7a4d\u96fb","2317         \u9d3b\u6d77","6505         \u53f0\u5851\u77f3\u5316","3481         \u7fa4\u5275","2303         \u806f\u96fb","2308         \u53f0\u9054\u96fb","2454         \u806f\u767c\u79d1","2886         \u5146\u8c50\u91d1","2884         \u7389\u5c71\u91d1","2891         \u4e2d\u4fe1\u91d1","2892         \u7b2c\u4e00\u91d1","5880         \u5408\u5eab\u91d1","2881         \u5bcc\u90a6\u91d1","2885         \u5143\u5927\u91d1","2887         \u53f0\u65b0\u91d1"],"zmin":-1,"zmax":1,"colorbar":{"x":-0.2}}],"layout":{"autotypenumbers":"strict","colorway":["#636efa","#EF553B","#00cc96","#ab63fa","#FFA15A","#19d3f3","#FF6692","#B6E880","#FF97FF","#FECB52"],"font":{"color":"#f2f5fa","family":"Courier New"},"hovermode":"closest","hoverlabel":{"align":"left"},"paper_bgcolor":"rgb(17,17,17)","plot_bgcolor":"rgb(17,17,17)","polar":{"bgcolor":"rgb(17,17,17)","angularaxis":{"gridcolor":"#506784","linecolor":"#506784","ticks":""},"radialaxis":{"gridcolor":"#506784","linecolor":"#506784","ticks":""}},"ternary":{"bgcolor":"rgb(17,17,17)","aaxis":{"gridcolor":"#506784","linecolor":"#506784","ticks":""},"baxis":{"gridcolor":"#506784","linecolor":"#506784","ticks":""},"caxis":{"gridcolor":"#506784","linecolor":"#506784","ticks":""}},"coloraxis":{"colorbar":{"outlinewidth":0,"ticks":""}},"colorscale":{"sequential":[[0.0,"#0d0887"],[0.1111111111111111,"#46039f"],[0.2222222222222222,"#7201a8"],[0.3333333333333333,"#9c179e"],[0.4444444444444444,"#bd3786"],[0.5555555555555556,"#d8576b"],[0.6666666666666666,"#ed7953"],[0.7777777777777778,"#fb9f3a"],[0.8888888888888888,"#fdca26"],[1.0,"#f0f921"]],"sequentialminus":[[0.0,"#0d0887"],[0.1111111111111111,"#46039f"],[0.2222222222222222,"#7201a8"],[0.3333333333333333,"#9c179e"],[0.4444444444444444,"#bd3786"],[0.5555555555555556,"#d8576b"],[0.6666666666666666,"#ed7953"],[0.7777777777777778,"#fb9f3a"],[0.8888888888888888,"#fdca26"],[1.0,"#f0f921"]],"diverging":[[0,"#8e0152"],[0.1,"#c51b7d"],[0.2,"#de77ae"],[0.3,"#f1b6da"],[0.4,"#fde0ef"],[0.5,"#f7f7f7"],[0.6,"#e6f5d0"],[0.7,"#b8e186"],[0.8,"#7fbc41"],[0.9,"#4d9221"],[1,"#276419"]]},"xaxis":{"gridcolor":"rgba(0, 0, 0, 0)","linecolor":"#506784","ticks":"","title":{"standoff":15},"zerolinecolor":"#283442","automargin":true,"zerolinewidth":2,"tickfont":{"family":"Courier New","size":14},"side":"top","tickangle":-90},"yaxis":{"gridcolor":"rgba(0, 0, 0, 0)","linecolor":"#506784","ticks":"","title":{"standoff":15},"zerolinecolor":"#283442","automargin":true,"zerolinewidth":2,"tickfont":{"family":"Courier New"},"side":"right"},"scene":{"xaxis":{"backgroundcolor":"rgb(17,17,17)","gridcolor":"#506784","linecolor":"#506784","showbackground":true,"ticks":"","zerolinecolor":"#C8D4E3","gridwidth":2},"yaxis":{"backgroundcolor":"rgb(17,17,17)","gridcolor":"#506784","linecolor":"#506784","showbackground":true,"ticks":"","zerolinecolor":"#C8D4E3","gridwidth":2},"zaxis":{"backgroundcolor":"rgb(17,17,17)","gridcolor":"#506784","linecolor":"#506784","showbackground":true,"ticks":"","zerolinecolor":"#C8D4E3","gridwidth":2}},"shapedefaults":{"line":{"color":"#f2f5fa"}},"annotationdefaults":{"arrowcolor":"#f2f5fa","arrowhead":0,"arrowwidth":1},"geo":{"bgcolor":"rgb(17,17,17)","landcolor":"rgb(17,17,17)","subunitcolor":"#506784","showland":true,"showlakes":true,"lakecolor":"rgb(17,17,17)"},"title":{"x":0.05,"font":{"family":"Times New Roman"},"y":0.05,"text":"<b>Correlation of Close<b><br><i>2016-09-23 ~ 2025-10-01<i>"},"updatemenudefaults":{"bgcolor":"#506784","borderwidth":0},"sliderdefaults":{"bgcolor":"#C8D4E3","borderwidth":1,"bordercolor":"rgb(17,17,17)","tickwidth":0},"mapbox":{"style":"dark"},"annotations":[{"text":"<b>@zwindr<b>","textangle":0,"opacity":0.5,"font":{"color":"white","size":12},"xref":"paper","yref":"paper","xanchor":"left","yanchor":"bottom","x":1.0,"y":1.0,"showarrow":false}]},"config":{"responsive":true,"toImageButtonOptions":{"filename":"Correlation of Close_2016-09-23~2025-10-01","scale":5}}};Plotly.newPlot("correlationClose",correlationClose.data,correlationClose.layout||{},correlationClose.config);}else{console.log("style display is none => correlationClose");}