var correlationAdjClose = {"data": [{"type": "heatmap", "z": [[1.0, 0.9940157183119989, 0.9769362882017005, 0.997627896496256, 0.9647156809117803, 0.9815085901666931, -0.9432060744039813, 0.9900135813573516, 0.9702116738124701, 0.9972050420799189, 0.997193252451914, 0.9976786707168354, 0.9932508352728068, 0.9939497890177131, 0.9971978451494248, 0.9839833047418837, 0.9996687931598363, 0.9900417851924204, 0.9201459286907858, 0.7395116112661428, 0.9853362804273492, 0.9213511765072314, 0.44089924243745976, -0.30370730037643656, 0.9013219997123395, 0.9739150591157162, 0.9546974766701758, 0.980109036292395, 0.9639191076488068, 0.9757116083172942, 0.9720401835654106, 0.9454848505344361, 0.9798064186716428, 0.9703307921733799, 0.9548211624679538], [0.9940157183119989, 1.0, 0.9723031363068101, 0.9912958920676003, 0.9601303420180441, 0.9769515401576926, -0.9385270451638993, 0.9809322863290496, 0.9632999379703306, 0.9953039136419023, 0.995149925038467, 0.9943740400381071, 0.9923348482401855, 0.9915910398763007, 0.9950946398520567, 0.9779501844829898, 0.9966610572790076, 0.9836612761954773, 0.9091912643242186, 0.7513800974263944, 0.9669658532923905, 0.9006370022578056, 0.44062944904282403, -0.22805653181053884, 0.8753336408152587, 0.9616574697695377, 0.9541576675565197, 0.9579961999012753, 0.949862048117475, 0.9654314216833807, 0.9561901696850208, 0.9433207475359591, 0.9686293638358306, 0.9616037458122221, 0.948462805245881], [0.9769362882017005, 0.9723031363068101, 1.0, 0.9830823668907526, 0.9959866266334497, 0.9789671693878794, -0.975823428625885, 0.97018154430894, 0.9839697833355687, 0.9887339652137411, 0.9894489110854249, 0.9859156056212718, 0.9970541037843387, 0.9968695618491183, 0.989204684002727, 0.9776039537744113, 0.9877965223075102, 0.9700672933873726, 0.8274943937888304, 0.6289201376370995, 0.9902452141937282, 0.9120162925571125, 0.27563065361013733, -0.22679467961134017, 0.9067175458755454, 0.9442043752249556, 0.9795602696162843, 0.9299197189478446, 0.911565776255141, 0.964049707283086, 0.9200243730448565, 0.9067133839583147, 0.966492012881865, 0.9738847362479407, 0.9244650753477209], [0.997627896496256, 0.9912958920676003, 0.9830823668907526, 1.0, 0.9764366140998944, 0.9737294374348983, -0.9380634204037623, 0.9843251923453923, 0.9676727350725075, 0.9999710533421563, 0.9999893390680376, 0.9999571084795402, 0.9914308981232748, 0.9894430723742185, 0.9999428587207855, 0.9735753893280804, 0.9960444659211347, 0.9841743640779572, 0.9062022757709878, 0.7092049211907858, 0.9933151405259667, 0.9227044462218117, 0.41644810085953043, -0.2950882480112788, 0.8992856925119058, 0.9692377865645025, 0.9610640162918388, 0.9710035389497506, 0.9610585252095862, 0.977744601686283, 0.962272493492316, 0.9343369626822071, 0.9777831435095852, 0.9689295878462066, 0.9465218988682378], [0.9647156809117803, 0.9601303420180441, 0.9959866266334497, 0.9764366140998944, 1.0, 0.9585548830504788, -0.9573218822520042, 0.955021985076061, 0.9716192128668424, 0.9849390751007732, 0.9856970869981418, 0.9817008354693392, 0.9863929083936737, 0.9827363394484493, 0.985342262600835, 0.9561311744425172, 0.9758921627801136, 0.9548073120667968, 0.806903993035657, 0.5929362232665333, 0.9895310268502348, 0.9078347955436851, 0.25085582409350465, -0.21991064684179587, 0.8878493464173022, 0.9308502193929133, 0.9772910827536477, 0.9096076534120539, 0.8978387943986798, 0.9579299826008572, 0.8984561891667231, 0.8804960678784542, 0.9561989114193714, 0.9621901139191279, 0.9010425271364817], [0.9815085901666931, 0.9769515401576926, 0.9789671693878794, 0.9737294374348983, 0.9585548830504788, 1.0, -0.9808371173229339, 0.9805934337740372, 0.9798713105156212, 0.9688263432932404, 0.9691736830969853, 0.9717675923648879, 0.9771353990777611, 0.9751239826827854, 0.9689688171235223, 0.9999059708351122, 0.986088044146559, 0.9816816297792211, 0.8617036596266745, 0.7061517931637215, 0.9672513340136859, 0.8920394271392945, 0.30708152767921953, -0.2156299703697153, 0.9365873015028209, 0.9561233687469467, 0.9595398190056091, 0.9574162566517439, 0.927550443267139, 0.9522130441253496, 0.9515316828392144, 0.9547423012026475, 0.9567613378974495, 0.9764141728582073, 0.9554603094432117], [-0.9432060744039813, -0.9385270451638993, -0.975823428625885, -0.9380634204037623, -0.9573218822520042, -0.9808371173229339, 1.0, -0.9518623263578003, -0.9834707415548284, -0.948268558247946, -0.9494826277689639, -0.9447245021750559, -0.9741927925001054, -0.9758889878069616, -0.9491091771743346, -0.9839685210531309, -0.9646547668562757, -0.9548589733775465, -0.7747247499879879, -0.6043434229185098, -0.9432447334870028, -0.8825588529595906, -0.1649303591163686, 0.1501801901914668, -0.9048316404021769, -0.914188328211486, -0.9574063700316717, -0.899070890678036, -0.8582908459560292, -0.9250045560888327, -0.8905211980218259, -0.9091399753317405, -0.9255965603986478, -0.9636527388285852, -0.9097571737312452], [0.9900135813573516, 0.9809322863290496, 0.97018154430894, 0.9843251923453923, 0.955021985076061, 0.9805934337740372, -0.9518623263578003, 1.0, 0.9824666403789636, 0.9800810039509412, 0.9800303342151656, 0.9832433807597815, 0.9760422673306804, 0.9750482177551004, 0.9800340076965134, 0.9825188074256345, 0.9876530701187426, 0.9998709456218678, 0.9233040406931485, 0.6736905109829862, 0.9738310141760764, 0.8955676417772263, 0.29810312055987465, -0.3117100314923236, 0.9056075691505538, 0.954806331380464, 0.9377072411156104, 0.9776400776941895, 0.9524515814730679, 0.9688349499622932, 0.962608244454485, 0.9355040755155866, 0.9591818499276813, 0.9574185558272063, 0.965468832762671], [0.9702116738124701, 0.9632999379703306, 0.9839697833355687, 0.9676727350725075, 0.9716192128668424, 0.9798713105156212, -0.9834707415548284, 0.9824666403789636, 1.0, 0.9632733613884917, 0.9639392952932342, 0.9657643099041132, 0.9731090472157093, 0.9702145942668642, 0.9636853697747392, 0.9789772984053545, 0.9702977429816313, 0.9817893168385272, 0.8501461754845899, 0.5982476209204927, 0.9676438933383721, 0.9065894729840217, 0.15545383495551587, -0.23063751334592875, 0.8869221540604305, 0.932825037831741, 0.9601444734082393, 0.9331368806329456, 0.8950236909107605, 0.9565977411962171, 0.916085219868433, 0.9027781670500031, 0.9452253972652593, 0.9692940049979483, 0.9232291535801678], [0.9972050420799189, 0.9953039136419023, 0.9887339652137411, 0.9999710533421563, 0.9849390751007732, 0.9688263432932404, -0.948268558247946, 0.9800810039509412, 0.9632733613884917, 1.0, 0.9999875233821724, 0.9999825165683602, 0.9912687050653677, 0.9892470169600005, 0.9999478625832614, 0.9693354534219335, 0.9956353348670748, 0.9810964629325803, 0.930769289578162, 0.6323161161933406, 0.9966832339347709, 0.9005208049920312, -0.018314493158341976, 0.43353999742696375, 0.916371173982963, 0.9532693050620553, 0.9663063971499136, 0.9619228491968335, 0.9429240365594542, 0.9656306403047227, 0.9417124032107623, 0.9202809514218804, 0.9650784394203574, 0.9800957175131019, 0.9437827256655361], [0.997193252451914, 0.995149925038467, 0.9894489110854249, 0.9999893390680376, 0.9856970869981418, 0.9691736830969853, -0.9494826277689639, 0.9800303342151656, 0.9639392952932342, 0.9999875233821724, 1.0, 0.9999716205306848, 0.9914550679907325, 0.989429018575648, 0.9999523446853811, 0.9696547079737221, 0.9956837725198265, 0.9810154661617129, 0.9299359344698127, 0.6285979307257235, 0.9969758862244582, 0.8997616365662385, -0.03320190092965629, 0.429095999712248, 0.9156506222753272, 0.9531108528745832, 0.9671972466154019, 0.9614133591466298, 0.9416185995274436, 0.96573349933792, 0.9406694303109687, 0.918989993646911, 0.9652645984465126, 0.9806205529365252, 0.9430824307941327], [0.9976786707168354, 0.9943740400381071, 0.9859156056212718, 0.9999571084795402, 0.9817008354693392, 0.9717675923648879, -0.9447245021750559, 0.9832433807597815, 0.9657643099041132, 0.9999825165683602, 0.9999716205306848, 1.0, 0.9912257861289218, 0.9891638966063829, 0.9999614802597598, 0.9721696699068589, 0.9958225172595777, 0.9838144555826916, 0.9218765172983137, 0.6788880932382897, 0.9958662664132522, 0.9166960895637323, 0.1811471389897959, -0.1953910917062233, 0.923566198504081, 0.9621793139305008, 0.955917554893097, 0.9652840493034002, 0.9516775960370081, 0.9722533036736234, 0.9527391811785232, 0.9330246781915871, 0.9723378809947265, 0.9671848190028209, 0.9526052702537162], [0.9932508352728068, 0.9923348482401855, 0.9970541037843387, 0.9914308981232748, 0.9863929083936737, 0.9771353990777611, -0.9741927925001054, 0.9760422673306804, 0.9731090472157093, 0.9912687050653677, 0.9914550679907325, 0.9912257861289218, 1.0, 0.9996833126358657, 0.9913894187256269, 0.9779213057838245, 0.9935794906058367, 0.9773913117505945, 0.9118667775539093, 0.5713776125427263, 0.9861125051073342, 0.892080152432543, -0.3169958486158072, 0.45623806454773685, 0.9064426405838563, 0.9522324385290833, 0.9776539853327053, 0.9443456496524615, 0.903916076674414, 0.9466262217723843, 0.914481269683034, 0.8896851211951855, 0.9633183853230283, 0.9796614001297941, 0.9355150084291937], [0.9939497890177131, 0.9915910398763007, 0.9968695618491183, 0.9894430723742185, 0.9827363394484493, 0.9751239826827854, -0.9758889878069616, 0.9750482177551004, 0.9702145942668642, 0.9892470169600005, 0.989429018575648, 0.9891638966063829, 0.9996833126358657, 1.0, 0.9894832224452406, 0.9759727724325156, 0.9941084265851369, 0.9766490995976368, 0.9193776525198859, 0.45180807084869995, 0.9808923600505466, 0.880927471820193, -0.7083352428923614, 0.434167746849002, 0.8793774986771526, 0.9489682714639055, 0.9770236496788437, 0.9367220387941285, 0.8861700127318463, 0.9375825380621676, 0.9114663512189374, 0.8680165335854934, 0.9654806630982685, 0.9779105298679661, 0.9278743176328167], [0.9971978451494248, 0.9950946398520567, 0.989204684002727, 0.9999428587207855, 0.985342262600835, 0.9689688171235223, -0.9491091771743346, 0.9800340076965134, 0.9636853697747392, 0.9999478625832614, 0.9999523446853811, 0.9999614802597598, 0.9913894187256269, 0.9894832224452406, 1.0, 0.9694732904721319, 0.995659878176776, 0.9810627044935398, 0.9305889182466424, 0.6294202420183337, 0.9968035799339319, 0.899787497453027, -0.029993027757264517, 0.4291884005374689, 0.9155194424386874, 0.9522257018354959, 0.9664885578631662, 0.9617024261876894, 0.9421221844926221, 0.9656936952517969, 0.9412796702039589, 0.9195664837887594, 0.9650896321442483, 0.9804665891682866, 0.9434864437389541], [0.9839833047418837, 0.9779501844829898, 0.9776039537744113, 0.9735753893280804, 0.9561311744425172, 0.9999059708351122, -0.9839685210531309, 0.9825188074256345, 0.9789772984053545, 0.9693354534219335, 0.9696547079737221, 0.9721696699068589, 0.9779213057838245, 0.9759727724325156, 0.9694732904721319, 1.0, 0.9865120978654073, 0.9817979715261299, 0.8853315017037291, 0.7061262986171808, 0.9657665646918846, 0.8875282582308434, 0.17739653039504066, -0.19413934000360109, 0.9451080968908918, 0.9577457727069328, 0.9562857299923881, 0.9607669689816561, 0.9244063084644725, 0.9489305991692321, 0.9523976668686726, 0.9540900617108463, 0.9592723320121617, 0.9759455078567153, 0.9602590141942506], [0.9996687931598363, 0.9966610572790076, 0.9877965223075102, 0.9960444659211347, 0.9758921627801136, 0.986088044146559, -0.9646547668562757, 0.9876530701187426, 0.9702977429816313, 0.9956353348670748, 0.9956837725198265, 0.9958225172595777, 0.9935794906058367, 0.9941084265851369, 0.995659878176776, 0.9865120978654073, 1.0, 0.9885140124911753, 0.936314886805188, 0.6716639469021652, 0.9888758221553006, 0.8968740794650722, 0.02114715352928494, 0.44846762859187816, 0.9349418397531566, 0.9603736334097431, 0.9645994911213617, 0.9745771681714435, 0.9469391420086183, 0.964445130355426, 0.9564165055434247, 0.9430110596591438, 0.9711483289336298, 0.9846268776808379, 0.9647261394860496], [0.9900417851924204, 0.9836612761954773, 0.9700672933873726, 0.9841743640779572, 0.9548073120667968, 0.9816816297792211, -0.9548589733775465, 0.9998709456218678, 0.9817893168385272, 0.9810964629325803, 0.9810154661617129, 0.9838144555826916, 0.9773913117505945, 0.9766490995976368, 0.9810627044935398, 0.9817979715261299, 0.9885140124911753, 1.0, 0.929560923731768, 0.6726666572112633, 0.972838206662443, 0.9004733295769743, 0.26543882715467515, -0.29298686943780117, 0.9110433476019323, 0.9535247484557587, 0.9377024157560168, 0.9780860650476668, 0.951786846874259, 0.9673835493886587, 0.961040157116411, 0.9353221789919253, 0.9584777534005074, 0.95528684802673, 0.9666675334547054], [0.9201459286907858, 0.9091912643242186, 0.8274943937888304, 0.9062022757709878, 0.806903993035657, 0.8617036596266745, -0.7747247499879879, 0.9233040406931485, 0.8501461754845899, 0.930769289578162, 0.9299359344698127, 0.9218765172983137, 0.9118667775539093, 0.9193776525198859, 0.9305889182466424, 0.8853315017037291, 0.936314886805188, 0.929560923731768, 1.0, 0.8411827973502692, 0.8575900596639224, 0.8726601375461096, 0.689465240526061, -0.5330445539017303, 0.6971570027544692, 0.9148660962403791, 0.799878423211712, 0.957198281222492, 0.9348590520509003, 0.9013647369312571, 0.9434528404919219, 0.8933010353973788, 0.8976065159308085, 0.8456708465505928, 0.8782819560950784], [0.7395116112661428, 0.7513800974263944, 0.6289201376370995, 0.7092049211907858, 0.5929362232665333, 0.7061517931637215, -0.6043434229185098, 0.6736905109829862, 0.5982476209204927, 0.6323161161933406, 0.6285979307257235, 0.6788880932382897, 0.5713776125427263, 0.45180807084869995, 0.6294202420183337, 0.7061262986171808, 0.6716639469021652, 0.6726666572112633, 0.8411827973502692, 1.0, 0.6325411595511893, 0.7467196418735209, 0.7313152131838655, -0.11637549622502659, 0.5375824105298143, 0.749301493476247, 0.6366409750964358, 0.7917225655275643, 0.7273616937698841, 0.6669754615719324, 0.7637653247467555, 0.76683012006308, 0.6979167183465776, 0.6657128292821441, 0.7013665657964663], [0.9853362804273492, 0.9669658532923905, 0.9902452141937282, 0.9933151405259667, 0.9895310268502348, 0.9672513340136859, -0.9432447334870028, 0.9738310141760764, 0.9676438933383721, 0.9966832339347709, 0.9969758862244582, 0.9958662664132522, 0.9861125051073342, 0.9808923600505466, 0.9968035799339319, 0.9657665646918846, 0.9888758221553006, 0.972838206662443, 0.8575900596639224, 0.6325411595511893, 1.0, 0.8935939234549201, 0.34366584812965395, -0.2889311475750313, 0.8860070291552959, 0.952907255694935, 0.9701524714265256, 0.9398177077087964, 0.9438371394304625, 0.9690850461561221, 0.9402061391357666, 0.9102267583718481, 0.9680239507794711, 0.9552690558046881, 0.9282619527552377], [0.9213511765072314, 0.9006370022578056, 0.9120162925571125, 0.9227044462218117, 0.9078347955436851, 0.8920394271392945, -0.8825588529595906, 0.8955676417772263, 0.9065894729840217, 0.9005208049920312, 0.8997616365662385, 0.9166960895637323, 0.892080152432543, 0.880927471820193, 0.899787497453027, 0.8875282582308434, 0.8968740794650722, 0.9004733295769743, 0.8726601375461096, 0.7467196418735209, 0.8935939234549201, 1.0, 0.39154861253766815, -0.18826826332779506, 0.699501245178688, 0.9174953606742431, 0.8842690454287486, 0.8964672620027523, 0.844866163872184, 0.9215028896523582, 0.8657611762207795, 0.8401692430375872, 0.9196338896509059, 0.8653878382203294, 0.8472312077897963], [0.44089924243745976, 0.44062944904282403, 0.27563065361013733, 0.41644810085953043, 0.25085582409350465, 0.30708152767921953, -0.1649303591163686, 0.29810312055987465, 0.15545383495551587, -0.018314493158341976, -0.03320190092965629, 0.1811471389897959, -0.3169958486158072, -0.7083352428923614, -0.029993027757264517, 0.17739653039504066, 0.02114715352928494, 0.26543882715467515, 0.689465240526061, 0.7313152131838655, 0.34366584812965395, 0.39154861253766815, 1.0, -0.3952086937234271, 0.2936291479605999, 0.41949080861038407, 0.2235493603142508, 0.5178475070141231, 0.5166618660618143, 0.378798527550125, 0.5351985037303335, 0.44518127750105485, 0.39532337466851614, 0.314748384867898, 0.4201032236361503], [-0.30370730037643656, -0.22805653181053884, -0.22679467961134017, -0.2950882480112788, -0.21991064684179587, -0.2156299703697153, 0.1501801901914668, -0.3117100314923236, -0.23063751334592875, 0.43353999742696375, 0.429095999712248, -0.1953910917062233, 0.45623806454773685, 0.434167746849002, 0.4291884005374689, -0.19413934000360109, 0.44846762859187816, -0.29298686943780117, -0.5330445539017303, -0.11637549622502659, -0.2889311475750313, -0.18826826332779506, -0.3952086937234271, 1.0, -0.1478521414236963, -0.33166206185501423, -0.17566585974749296, -0.3899899810238948, -0.380033752498098, -0.32735347538054, -0.3459932527370051, -0.20258998759822114, -0.3509188484668464, -0.17799316178116426, -0.3161856703361836], [0.9013219997123395, 0.8753336408152587, 0.9067175458755454, 0.8992856925119058, 0.8878493464173022, 0.9365873015028209, -0.9048316404021769, 0.9056075691505538, 0.8869221540604305, 0.916371173982963, 0.9156506222753272, 0.923566198504081, 0.9064426405838563, 0.8793774986771526, 0.9155194424386874, 0.9451080968908918, 0.9349418397531566, 0.9110433476019323, 0.6971570027544692, 0.5375824105298143, 0.8860070291552959, 0.699501245178688, 0.2936291479605999, -0.1478521414236963, 1.0, 0.8354130754838823, 0.8854102263670658, 0.8098187183753954, 0.8585615721428562, 0.8280047224733184, 0.8659250016043174, 0.8596440022445856, 0.8567062604555826, 0.8665843480713896, 0.8939548093511221], [0.9739150591157162, 0.9616574697695377, 0.9442043752249556, 0.9692377865645025, 0.9308502193929133, 0.9561233687469467, -0.914188328211486, 0.954806331380464, 0.932825037831741, 0.9532693050620553, 0.9531108528745832, 0.9621793139305008, 0.9522324385290833, 0.9489682714639055, 0.9522257018354959, 0.9577457727069328, 0.9603736334097431, 0.9535247484557587, 0.9148660962403791, 0.749301493476247, 0.952907255694935, 0.9174953606742431, 0.41949080861038407, -0.33166206185501423, 0.8354130754838823, 1.0, 0.9334158676287935, 0.9597222893490833, 0.9346508896430257, 0.9437401648159214, 0.9435646966684459, 0.9158761986594899, 0.9633466739557669, 0.9268573135392093, 0.923125530361422], [0.9546974766701758, 0.9541576675565197, 0.9795602696162843, 0.9610640162918388, 0.9772910827536477, 0.9595398190056091, -0.9574063700316717, 0.9377072411156104, 0.9601444734082393, 0.9663063971499136, 0.9671972466154019, 0.955917554893097, 0.9776539853327053, 0.9770236496788437, 0.9664885578631662, 0.9562857299923881, 0.9645994911213617, 0.9377024157560168, 0.799878423211712, 0.6366409750964358, 0.9701524714265256, 0.8842690454287486, 0.2235493603142508, -0.17566585974749296, 0.8854102263670658, 0.9334158676287935, 1.0, 0.9030024611410985, 0.8811416863556123, 0.9370780867861144, 0.8834326595505204, 0.8835352974667907, 0.9436540611763299, 0.9706049877000946, 0.884029408903242], [0.980109036292395, 0.9579961999012753, 0.9299197189478446, 0.9710035389497506, 0.9096076534120539, 0.9574162566517439, -0.899070890678036, 0.9776400776941895, 0.9331368806329456, 0.9619228491968335, 0.9614133591466298, 0.9652840493034002, 0.9443456496524615, 0.9367220387941285, 0.9617024261876894, 0.9607669689816561, 0.9745771681714435, 0.9780860650476668, 0.957198281222492, 0.7917225655275643, 0.9398177077087964, 0.8964672620027523, 0.5178475070141231, -0.3899899810238948, 0.8098187183753954, 0.9597222893490833, 0.9030024611410985, 1.0, 0.98551006900351, 0.9654612878669803, 0.9896531788058767, 0.9514537392669126, 0.9582951342593362, 0.9131131131912258, 0.9662490740147442], [0.9639191076488068, 0.949862048117475, 0.911565776255141, 0.9610585252095862, 0.8978387943986798, 0.927550443267139, -0.8582908459560292, 0.9524515814730679, 0.8950236909107605, 0.9429240365594542, 0.9416185995274436, 0.9516775960370081, 0.903916076674414, 0.8861700127318463, 0.9421221844926221, 0.9244063084644725, 0.9469391420086183, 0.951786846874259, 0.9348590520509003, 0.7273616937698841, 0.9438371394304625, 0.844866163872184, 0.5166618660618143, -0.380033752498098, 0.8585615721428562, 0.9346508896430257, 0.8811416863556123, 0.98551006900351, 1.0, 0.9495671621321556, 0.9828959108707533, 0.954711044779784, 0.934321381670503, 0.9167323442708339, 0.9617235138122947], [0.9757116083172942, 0.9654314216833807, 0.964049707283086, 0.977744601686283, 0.9579299826008572, 0.9522130441253496, -0.9250045560888327, 0.9688349499622932, 0.9565977411962171, 0.9656306403047227, 0.96573349933792, 0.9722533036736234, 0.9466262217723843, 0.9375825380621676, 0.9656936952517969, 0.9489305991692321, 0.964445130355426, 0.9673835493886587, 0.9013647369312571, 0.6669754615719324, 0.9690850461561221, 0.9215028896523582, 0.378798527550125, -0.32735347538054, 0.8280047224733184, 0.9437401648159214, 0.9370780867861144, 0.9654612878669803, 0.9495671621321556, 1.0, 0.9532191706807798, 0.9171311470502705, 0.9756145610331364, 0.9562420340279251, 0.9439977048270695], [0.9720401835654106, 0.9561901696850208, 0.9200243730448565, 0.962272493492316, 0.8984561891667231, 0.9515316828392144, -0.8905211980218259, 0.962608244454485, 0.916085219868433, 0.9417124032107623, 0.9406694303109687, 0.9527391811785232, 0.914481269683034, 0.9114663512189374, 0.9412796702039589, 0.9523976668686726, 0.9564165055434247, 0.961040157116411, 0.9434528404919219, 0.7637653247467555, 0.9402061391357666, 0.8657611762207795, 0.5351985037303335, -0.3459932527370051, 0.8659250016043174, 0.9435646966684459, 0.8834326595505204, 0.9896531788058767, 0.9828959108707533, 0.9532191706807798, 1.0, 0.9731897978007235, 0.942466114559533, 0.9351322343891735, 0.9617500183732056], [0.9454848505344361, 0.9433207475359591, 0.9067133839583147, 0.9343369626822071, 0.8804960678784542, 0.9547423012026475, -0.9091399753317405, 0.9355040755155866, 0.9027781670500031, 0.9202809514218804, 0.918989993646911, 0.9330246781915871, 0.8896851211951855, 0.8680165335854934, 0.9195664837887594, 0.9540900617108463, 0.9430110596591438, 0.9353221789919253, 0.8933010353973788, 0.76683012006308, 0.9102267583718481, 0.8401692430375872, 0.44518127750105485, -0.20258998759822114, 0.8596440022445856, 0.9158761986594899, 0.8835352974667907, 0.9514537392669126, 0.954711044779784, 0.9171311470502705, 0.9731897978007235, 1.0, 0.9051491918074764, 0.9328165560320929, 0.9523726198819894], [0.9798064186716428, 0.9686293638358306, 0.966492012881865, 0.9777831435095852, 0.9561989114193714, 0.9567613378974495, -0.9255965603986478, 0.9591818499276813, 0.9452253972652593, 0.9650784394203574, 0.9652645984465126, 0.9723378809947265, 0.9633183853230283, 0.9654806630982685, 0.9650896321442483, 0.9592723320121617, 0.9711483289336298, 0.9584777534005074, 0.8976065159308085, 0.6979167183465776, 0.9680239507794711, 0.9196338896509059, 0.39532337466851614, -0.3509188484668464, 0.8567062604555826, 0.9633466739557669, 0.9436540611763299, 0.9582951342593362, 0.934321381670503, 0.9756145610331364, 0.942466114559533, 0.9051491918074764, 1.0, 0.9528191861515277, 0.9404819584960524], [0.9703307921733799, 0.9616037458122221, 0.9738847362479407, 0.9689295878462066, 0.9621901139191279, 0.9764141728582073, -0.9636527388285852, 0.9574185558272063, 0.9692940049979483, 0.9800957175131019, 0.9806205529365252, 0.9671848190028209, 0.9796614001297941, 0.9779105298679661, 0.9804665891682866, 0.9759455078567153, 0.9846268776808379, 0.95528684802673, 0.8456708465505928, 0.6657128292821441, 0.9552690558046881, 0.8653878382203294, 0.314748384867898, -0.17799316178116426, 0.8665843480713896, 0.9268573135392093, 0.9706049877000946, 0.9131131131912258, 0.9167323442708339, 0.9562420340279251, 0.9351322343891735, 0.9328165560320929, 0.9528191861515277, 1.0, 0.9169014914205188], [0.9548211624679538, 0.948462805245881, 0.9244650753477209, 0.9465218988682378, 0.9010425271364817, 0.9554603094432117, -0.9097571737312452, 0.965468832762671, 0.9232291535801678, 0.9437827256655361, 0.9430824307941327, 0.9526052702537162, 0.9355150084291937, 0.9278743176328167, 0.9434864437389541, 0.9602590141942506, 0.9647261394860496, 0.9666675334547054, 0.8782819560950784, 0.7013665657964663, 0.9282619527552377, 0.8472312077897963, 0.4201032236361503, -0.3161856703361836, 0.8939548093511221, 0.923125530361422, 0.884029408903242, 0.9662490740147442, 0.9617235138122947, 0.9439977048270695, 0.9617500183732056, 0.9523726198819894, 0.9404819584960524, 0.9169014914205188, 1.0]], "x": ["^TAIEX       \u81fa\u7063\u52a0\u6b0a\u5831\u916c\u6307\u6578", "^TWII        \u81fa\u7063\u52a0\u6b0a\u6307\u6578", "^TAIEXx2     \u81fa\u7063\u52a0\u6b0a\u5831\u916c\u6307\u6578_\u65e5\u6b632", "^TAI50I      \u81fa\u706350\u5831\u916c\u6307\u6578", "^TAI50Ix2    \u81fa\u706350\u5831\u916c\u6307\u6578_\u65e5\u6b632", "^TAI100I     \u81fa\u7063\u4e2d\u578b100\u5831\u916c\u6307\u6578", "^TAI100Ix2   \u81fa\u7063\u4e2d\u578b100\u5831\u916c\u6307\u6578_\u65e5\u6b632", "^TAIDIVIDI   \u81fa\u7063\u9ad8\u80a1\u606f\u5831\u916c\u6307\u6578", "^TAIDIVIDIx2 \u81fa\u7063\u9ad8\u80a1\u606f\u5831\u916c\u6307\u6578_\u65e5\u6b632", "0050Fund     \u5143\u5927\u53f0\u7063\u5353\u8d8a50\u57fa\u91d1", "006208Fund   \u5bcc\u90a6\u53f0\u7063\u91c6\u540950\u57fa\u91d1", "0050         \u5143\u5927\u81fa\u706350", "00631L       \u5143\u5927\u53f0\u706350\u6b632", "00675L       \u5bcc\u90a6\u81fa\u7063\u52a0\u6b0a\u6b632", "006208       \u5bcc\u90a6\u53f050", "0051         \u5143\u5927\u4e2d\u578b100", "006204       \u6c38\u8c50\u81fa\u7063\u52a0\u6b0a", "0056         \u5143\u5927\u9ad8\u80a1\u606f", "2412         \u4e2d\u83ef\u96fb\u4fe1", "2002         \u4e2d\u92fc", "2330         \u53f0\u7a4d\u96fb", "2317         \u9d3b\u6d77", "6505         \u53f0\u5851\u77f3\u5316", "3481         \u7fa4\u5275", "2303         \u806f\u96fb", "2308         \u53f0\u9054\u96fb", "2454         \u806f\u767c\u79d1", "2886         \u5146\u8c50\u91d1", "2884         \u7389\u5c71\u91d1", "2891         \u4e2d\u4fe1\u91d1", "2892         \u7b2c\u4e00\u91d1", "5880         \u5408\u5eab\u91d1", "2881         \u5bcc\u90a6\u91d1", "2885         \u5143\u5927\u91d1", "2887         \u53f0\u65b0\u91d1"], "y": ["^TAIEX       \u81fa\u7063\u52a0\u6b0a\u5831\u916c\u6307\u6578", "^TWII        \u81fa\u7063\u52a0\u6b0a\u6307\u6578", "^TAIEXx2     \u81fa\u7063\u52a0\u6b0a\u5831\u916c\u6307\u6578_\u65e5\u6b632", "^TAI50I      \u81fa\u706350\u5831\u916c\u6307\u6578", "^TAI50Ix2    \u81fa\u706350\u5831\u916c\u6307\u6578_\u65e5\u6b632", "^TAI100I     \u81fa\u7063\u4e2d\u578b100\u5831\u916c\u6307\u6578", "^TAI100Ix2   \u81fa\u7063\u4e2d\u578b100\u5831\u916c\u6307\u6578_\u65e5\u6b632", "^TAIDIVIDI   \u81fa\u7063\u9ad8\u80a1\u606f\u5831\u916c\u6307\u6578", "^TAIDIVIDIx2 \u81fa\u7063\u9ad8\u80a1\u606f\u5831\u916c\u6307\u6578_\u65e5\u6b632", "0050Fund     \u5143\u5927\u53f0\u7063\u5353\u8d8a50\u57fa\u91d1", "006208Fund   \u5bcc\u90a6\u53f0\u7063\u91c6\u540950\u57fa\u91d1", "0050         \u5143\u5927\u81fa\u706350", "00631L       \u5143\u5927\u53f0\u706350\u6b632", "00675L       \u5bcc\u90a6\u81fa\u7063\u52a0\u6b0a\u6b632", "006208       \u5bcc\u90a6\u53f050", "0051         \u5143\u5927\u4e2d\u578b100", "006204       \u6c38\u8c50\u81fa\u7063\u52a0\u6b0a", "0056         \u5143\u5927\u9ad8\u80a1\u606f", "2412         \u4e2d\u83ef\u96fb\u4fe1", "2002         \u4e2d\u92fc", "2330         \u53f0\u7a4d\u96fb", "2317         \u9d3b\u6d77", "6505         \u53f0\u5851\u77f3\u5316", "3481         \u7fa4\u5275", "2303         \u806f\u96fb", "2308         \u53f0\u9054\u96fb", "2454         \u806f\u767c\u79d1", "2886         \u5146\u8c50\u91d1", "2884         \u7389\u5c71\u91d1", "2891         \u4e2d\u4fe1\u91d1", "2892         \u7b2c\u4e00\u91d1", "5880         \u5408\u5eab\u91d1", "2881         \u5bcc\u90a6\u91d1", "2885         \u5143\u5927\u91d1", "2887         \u53f0\u65b0\u91d1"], "zmin": -1, "zmax": 1, "colorbar": {"x": -0.2}}], "layout": {"autotypenumbers": "strict", "colorway": ["#636efa", "#EF553B", "#00cc96", "#ab63fa", "#FFA15A", "#19d3f3", "#FF6692", "#B6E880", "#FF97FF", "#FECB52"], "font": {"color": "#f2f5fa", "family": "Courier New"}, "hovermode": "closest", "hoverlabel": {"align": "left"}, "paper_bgcolor": "rgb(17,17,17)", "plot_bgcolor": "rgb(17,17,17)", "polar": {"bgcolor": "rgb(17,17,17)", "angularaxis": {"gridcolor": "#506784", "linecolor": "#506784", "ticks": ""}, "radialaxis": {"gridcolor": "#506784", "linecolor": "#506784", "ticks": ""}}, "ternary": {"bgcolor": "rgb(17,17,17)", "aaxis": {"gridcolor": "#506784", "linecolor": "#506784", "ticks": ""}, "baxis": {"gridcolor": "#506784", "linecolor": "#506784", "ticks": ""}, "caxis": {"gridcolor": "#506784", "linecolor": "#506784", "ticks": ""}}, "coloraxis": {"colorbar": {"outlinewidth": 0, "ticks": ""}}, "colorscale": {"sequential": [[0.0, "#0d0887"], [0.1111111111111111, "#46039f"], [0.2222222222222222, "#7201a8"], [0.3333333333333333, "#9c179e"], [0.4444444444444444, "#bd3786"], [0.5555555555555556, "#d8576b"], [0.6666666666666666, "#ed7953"], [0.7777777777777778, "#fb9f3a"], [0.8888888888888888, "#fdca26"], [1.0, "#f0f921"]], "sequentialminus": [[0.0, "#0d0887"], [0.1111111111111111, "#46039f"], [0.2222222222222222, "#7201a8"], [0.3333333333333333, "#9c179e"], [0.4444444444444444, "#bd3786"], [0.5555555555555556, "#d8576b"], [0.6666666666666666, "#ed7953"], [0.7777777777777778, "#fb9f3a"], [0.8888888888888888, "#fdca26"], [1.0, "#f0f921"]], "diverging": [[0, "#8e0152"], [0.1, "#c51b7d"], [0.2, "#de77ae"], [0.3, "#f1b6da"], [0.4, "#fde0ef"], [0.5, "#f7f7f7"], [0.6, "#e6f5d0"], [0.7, "#b8e186"], [0.8, "#7fbc41"], [0.9, "#4d9221"], [1, "#276419"]]}, "xaxis": {"gridcolor": "rgba(0, 0, 0, 0)", "linecolor": "#506784", "ticks": "", "title": {"standoff": 15}, "zerolinecolor": "#283442", "automargin": true, "zerolinewidth": 2, "tickfont": {"family": "Courier New", "size": 14}, "side": "top", "tickangle": -90}, "yaxis": {"gridcolor": "rgba(0, 0, 0, 0)", "linecolor": "#506784", "ticks": "", "title": {"standoff": 15}, "zerolinecolor": "#283442", "automargin": true, "zerolinewidth": 2, "tickfont": {"family": "Courier New"}, "side": "right"}, "scene": {"xaxis": {"backgroundcolor": "rgb(17,17,17)", "gridcolor": "#506784", "linecolor": "#506784", "showbackground": true, "ticks": "", "zerolinecolor": "#C8D4E3", "gridwidth": 2}, "yaxis": {"backgroundcolor": "rgb(17,17,17)", "gridcolor": "#506784", "linecolor": "#506784", "showbackground": true, "ticks": "", "zerolinecolor": "#C8D4E3", "gridwidth": 2}, "zaxis": {"backgroundcolor": "rgb(17,17,17)", "gridcolor": "#506784", "linecolor": "#506784", "showbackground": true, "ticks": "", "zerolinecolor": "#C8D4E3", "gridwidth": 2}}, "shapedefaults": {"line": {"color": "#f2f5fa"}}, "annotationdefaults": {"arrowcolor": "#f2f5fa", "arrowhead": 0, "arrowwidth": 1}, "geo": {"bgcolor": "rgb(17,17,17)", "landcolor": "rgb(17,17,17)", "subunitcolor": "#506784", "showland": true, "showlakes": true, "lakecolor": "rgb(17,17,17)"}, "title": {"x": 0.05, "font": {"family": "Times New Roman"}, "y": 0.05, "text": "<b>Correlation of Adj Close<b><br><i>2016-09-23 ~ 2025-08-01<i>"}, "updatemenudefaults": {"bgcolor": "#506784", "borderwidth": 0}, "sliderdefaults": {"bgcolor": "#C8D4E3", "borderwidth": 1, "bordercolor": "rgb(17,17,17)", "tickwidth": 0}, "mapbox": {"style": "dark"}, "annotations": [{"text": "<b>@zwindr<b>", "textangle": 0, "opacity": 0.5, "font": {"color": "white", "size": 12}, "xref": "paper", "yref": "paper", "xanchor": "left", "yanchor": "bottom", "x": 1.0, "y": 1.0, "showarrow": false}]}, "config": {"responsive": true, "toImageButtonOptions": {"filename": "Correlation of Adj Close_2016-09-23~2025-08-01", "scale": 5}}};

Plotly.newPlot("correlationAdjClose",
    correlationAdjClose.data,
    correlationAdjClose.layout || {},
    correlationAdjClose.config);