var config = { responsive: true }

var correlationAdjClose = {"data": [{"type": "heatmap", "z": [[1.0, 0.9935978888923425, 0.975618394836846, 0.9978072855101325, 0.9641098698788355, 0.9803231571547976, -0.9389867613853123, 0.989367366670301, 0.9677408719423847, 0.9966249369546707, 0.9929683476515113, 0.9939872378358455, 0.9972482814794047, 0.977819488743222, 0.9995552044609354, 0.9864499255254828, 0.9123927815399527, 0.7595636328337226, 0.9857907044189388, 0.9226286626438512, 0.48638421531828635, -0.3377745129669974, 0.8980070481821684, 0.9732332856366147, 0.9510744170151386], [0.9935978888923425, 1.0, 0.9709661621070763, 0.9912307927000215, 0.9599338740575165, 0.975386293832962, -0.9340860764577668, 0.979559003009771, 0.9604665567580893, 0.9938615980314632, 0.9918445324431999, 0.9911148467335884, 0.9952479919822808, 0.9725601146605156, 0.9963277873483195, 0.982425622592348, 0.9009827524341784, 0.7660019383084777, 0.9665787748813105, 0.9006347357610731, 0.48329148401523636, -0.25991371038815064, 0.8699740335788956, 0.9604530435054048, 0.9513808927792997], [0.975618394836846, 0.9709661621070763, 1.0, 0.9815061916235883, 0.9963032167699227, 0.9786373580357961, -0.9747447688027112, 0.9687332464274273, 0.9828955248049763, 0.9855138693118043, 0.9974551198492698, 0.997396094630236, 0.9884022789099447, 0.977016157864197, 0.9874579327178505, 0.9752573026537166, 0.8141215560854492, 0.6509292765049656, 0.9893768506088897, 0.91122017919953, 0.32019497524288615, -0.2566472350586574, 0.9065582370292186, 0.9391688239369056, 0.9774086241179812], [0.9978072855101325, 0.9912307927000215, 0.9815061916235883, 1.0, 0.9751618561557103, 0.972587895802143, -0.9335740163631896, 0.9838751954420393, 0.9649703492978244, 0.9992565029366255, 0.9921325794724812, 0.9907959626465848, 0.9999019037674582, 0.9677266303067028, 0.996038114405259, 0.981302967873883, 0.8980832965836045, 0.7322770695899142, 0.9931996990064832, 0.9243825965925163, 0.46641415500446226, -0.3294840002382648, 0.8976959895531152, 0.9671304941313099, 0.957003220969653], [0.9641098698788355, 0.9599338740575165, 0.9963032167699227, 0.9751618561557103, 1.0, 0.9587498420420694, -0.9564796913909777, 0.9543312853625091, 0.9708567027649022, 0.9817861197204867, 0.9882759886096494, 0.9847712696493368, 0.9847344706765572, 0.9563028044668828, 0.9760788527032638, 0.9609994965355453, 0.7940632380199407, 0.6190636945513078, 0.9883811120372515, 0.9082704356042369, 0.3007892288282129, -0.24925344680151643, 0.8904067398947599, 0.9241651540604401, 0.9752662134840849], [0.9803231571547976, 0.975386293832962, 0.9786373580357961, 0.972587895802143, 0.9587498420420694, 1.0, -0.9795321843806023, 0.9792762151935429, 0.9787311305413143, 0.9716866533819972, 0.9759628047813501, 0.9738892797722368, 0.968338001325643, 0.9988670692107476, 0.9858552185728142, 0.9856669736000736, 0.8511603202184498, 0.7258245016509342, 0.9670638294223548, 0.8898797439028809, 0.34800758882473665, -0.24767057996306033, 0.9352581060550325, 0.9553254883773586, 0.957634037364704], [-0.9389867613853123, -0.9340860764577668, -0.9747447688027112, -0.9335740163631896, -0.9564796913909777, -0.9795321843806023, 1.0, -0.9484845439642491, -0.9824427882166245, -0.9412884265228286, -0.972715953030185, -0.974734161881928, -0.9468821491858643, -0.9858924696561626, -0.9630960599282813, -0.9645507659450946, -0.758884260045155, -0.6220916531140835, -0.9400208817789878, -0.8766784649724993, -0.20138941544225805, 0.17773056148064553, -0.9023904995513284, -0.908888876405994, -0.9550116947309669], [0.989367366670301, 0.979559003009771, 0.9687332464274273, 0.9838751954420393, 0.9543312853625091, 0.9792762151935429, -0.9484845439642491, 1.0, 0.9812955505989992, 0.9807460288778099, 0.9744313328969543, 0.973435056598081, 0.9791906106527537, 0.9752901236372727, 0.9868578573500407, 0.9963772306141866, 0.9201387182038792, 0.6974613892156291, 0.9738890465008416, 0.8957198109480575, 0.3559787869577603, -0.34536128107791203, 0.9032345085922017, 0.9539709444668496, 0.9331815695864235], [0.9677408719423847, 0.9604665567580893, 0.9828955248049763, 0.9649703492978244, 0.9708567027649022, 0.9787311305413143, -0.9824427882166245, 0.9812955505989992, 1.0, 0.9641238887357115, 0.9711476500946954, 0.9680792919971858, 0.9610856615178159, 0.9769318449039548, 0.968305821743108, 0.986959908254634, 0.8428049112546382, 0.6230897127877432, 0.965578589496535, 0.9039905740316688, 0.21049516777206517, -0.2603622439609665, 0.8846679146920248, 0.9283663297247334, 0.9567144178768368], [0.9966249369546707, 0.9938615980314632, 0.9855138693118043, 0.9992565029366255, 0.9817861197204867, 0.9716866533819972, -0.9412884265228286, 0.9807460288778099, 0.9641238887357115, 1.0, 0.9910662206404341, 0.9893442019434663, 0.999837455863031, 0.9686855444061393, 0.9952847998128675, 0.9814260935548873, 0.9105172250627426, 0.709589733626042, 0.9955551448415397, 0.9180194541090692, 0.2934596429478708, -0.28769600828862046, 0.9301305542928139, 0.9564499475166313, 0.9550259909165905], [0.9929683476515113, 0.9918445324431999, 0.9974551198492698, 0.9921325794724812, 0.9882759886096494, 0.9759628047813501, -0.972715953030185, 0.9744313328969543, 0.9711476500946954, 0.9910662206404341, 1.0, 0.9996588921793335, 0.9918852213623078, 0.9769956273904981, 0.9932977197107156, 0.9759084883252666, 0.9051455600167542, 0.6102440230329985, 0.9878294040453096, 0.8888994045814635, -0.25895913406076254, 0.34084406965572844, 0.9078131146985058, 0.9521925744964571, 0.9764467075380693], [0.9939872378358455, 0.9911148467335884, 0.997396094630236, 0.9907959626465848, 0.9847712696493368, 0.9738892797722368, -0.974734161881928, 0.973435056598081, 0.9680792919971858, 0.9893442019434663, 0.9996588921793335, 1.0, 0.9905493246383557, 0.97502392882537, 0.9940673516234355, 0.975147172091666, 0.9142682396208089, 0.5007943095253248, 0.9831969337905836, 0.875490969410064, -0.6820558500545858, 0.3647500879334317, 0.8810527570716289, 0.9489447017121853, 0.9759174482665448], [0.9972482814794047, 0.9952479919822808, 0.9884022789099447, 0.9999019037674582, 0.9847344706765572, 0.968338001325643, -0.9468821491858643, 0.9791906106527537, 0.9610856615178159, 0.999837455863031, 0.9918852213623078, 0.9905493246383557, 1.0, 0.9690813943869503, 0.9956090312934799, 0.980224423174003, 0.9279082756018805, 0.6718214698540691, 0.9970684182390815, 0.8976277455264572, 0.04449178060956827, 0.2677764179643392, 0.9198107353062542, 0.9486330130760521, 0.9631978280427147], [0.977819488743222, 0.9725601146605156, 0.977016157864197, 0.9677266303067028, 0.9563028044668828, 0.9988670692107476, -0.9858924696561626, 0.9752901236372727, 0.9769318449039548, 0.9686855444061393, 0.9769956273904981, 0.97502392882537, 0.9690813943869503, 1.0, 0.9860072987787754, 0.9833858925829917, 0.8651504694908777, 0.7285326375862374, 0.9624528987262758, 0.879394624261132, 0.20901217804929567, -0.21373668742940913, 0.9444552881387498, 0.9502851113450954, 0.9566592766486389], [0.9995552044609354, 0.9963277873483195, 0.9874579327178505, 0.996038114405259, 0.9760788527032638, 0.9858552185728142, -0.9630960599282813, 0.9868578573500407, 0.968305821743108, 0.9952847998128675, 0.9932977197107156, 0.9940673516234355, 0.9956090312934799, 0.9860072987787754, 1.0, 0.9871864197718677, 0.9348819751475473, 0.7081828332616128, 0.9896075904972822, 0.8943301970493466, 0.08911125483685177, 0.26623976741945093, 0.9374221159327775, 0.9588984184310544, 0.9621396350870856], [0.9864499255254828, 0.982425622592348, 0.9752573026537166, 0.981302967873883, 0.9609994965355453, 0.9856669736000736, -0.9645507659450946, 0.9963772306141866, 0.986959908254634, 0.9814260935548873, 0.9759084883252666, 0.975147172091666, 0.980224423174003, 0.9833858925829917, 0.9871864197718677, 1.0, 0.9025341826386102, 0.6990147078788451, 0.9732217157854872, 0.8955974590408486, 0.2882892827428531, -0.2813493218555267, 0.9149117444627319, 0.9436937422281961, 0.9444188282817944], [0.9123927815399527, 0.9009827524341784, 0.8141215560854492, 0.8980832965836045, 0.7940632380199407, 0.8511603202184498, -0.758884260045155, 0.9201387182038792, 0.8428049112546382, 0.9105172250627426, 0.9051455600167542, 0.9142682396208089, 0.9279082756018805, 0.8651504694908777, 0.9348819751475473, 0.9025341826386102, 1.0, 0.8592516405469797, 0.8466041522342522, 0.8720160447933579, 0.7336311346499511, -0.577357305144174, 0.6713221437153096, 0.9100230391656681, 0.7863809408170334], [0.7595636328337226, 0.7660019383084777, 0.6509292765049656, 0.7322770695899142, 0.6190636945513078, 0.7258245016509342, -0.6220916531140835, 0.6974613892156291, 0.6230897127877432, 0.709589733626042, 0.6102440230329985, 0.5007943095253248, 0.6718214698540691, 0.7285326375862374, 0.7081828332616128, 0.6990147078788451, 0.8592516405469797, 1.0, 0.6529565557093343, 0.7575810836104564, 0.7338745811554235, -0.15010299845640312, 0.5392506792552915, 0.7705350996982193, 0.6554062904658586], [0.9857907044189388, 0.9665787748813105, 0.9893768506088897, 0.9931996990064832, 0.9883811120372515, 0.9670638294223548, -0.9400208817789878, 0.9738890465008416, 0.965578589496535, 0.9955551448415397, 0.9878294040453096, 0.9831969337905836, 0.9970684182390815, 0.9624528987262758, 0.9896075904972822, 0.9732217157854872, 0.8466041522342522, 0.6529565557093343, 1.0, 0.895445431936853, 0.39544606056687653, -0.3235055503457712, 0.8860701056901025, 0.9493726687614434, 0.9667324337820017], [0.9226286626438512, 0.9006347357610731, 0.91122017919953, 0.9243825965925163, 0.9082704356042369, 0.8898797439028809, -0.8766784649724993, 0.8957198109480575, 0.9039905740316688, 0.9180194541090692, 0.8888994045814635, 0.875490969410064, 0.8976277455264572, 0.879394624261132, 0.8943301970493466, 0.8955974590408486, 0.8720160447933579, 0.7575810836104564, 0.895445431936853, 1.0, 0.44119145481049055, -0.22850165860591581, 0.6934358925758194, 0.9182022203941442, 0.8801475438047888], [0.48638421531828635, 0.48329148401523636, 0.32019497524288615, 0.46641415500446226, 0.3007892288282129, 0.34800758882473665, -0.20138941544225805, 0.3559787869577603, 0.21049516777206517, 0.2934596429478708, -0.25895913406076254, -0.6820558500545858, 0.04449178060956827, 0.20901217804929567, 0.08911125483685177, 0.2882892827428531, 0.7336311346499511, 0.7338745811554235, 0.39544606056687653, 0.44119145481049055, 1.0, -0.4251743053129364, 0.3179649579473051, 0.4703777939552338, 0.26303052190264936], [-0.3377745129669974, -0.25991371038815064, -0.2566472350586574, -0.3294840002382648, -0.24925344680151643, -0.24767057996306033, 0.17773056148064553, -0.34536128107791203, -0.2603622439609665, -0.28769600828862046, 0.34084406965572844, 0.3647500879334317, 0.2677764179643392, -0.21373668742940913, 0.26623976741945093, -0.2813493218555267, -0.577357305144174, -0.15010299845640312, -0.3235055503457712, -0.22850165860591581, -0.4251743053129364, 1.0, -0.18168104699412996, -0.3687554960751582, -0.20159925836281567], [0.8980070481821684, 0.8699740335788956, 0.9065582370292186, 0.8976959895531152, 0.8904067398947599, 0.9352581060550325, -0.9023904995513284, 0.9032345085922017, 0.8846679146920248, 0.9301305542928139, 0.9078131146985058, 0.8810527570716289, 0.9198107353062542, 0.9444552881387498, 0.9374221159327775, 0.9149117444627319, 0.6713221437153096, 0.5392506792552915, 0.8860701056901025, 0.6934358925758194, 0.3179649579473051, -0.18168104699412996, 1.0, 0.8310061012063271, 0.8840006843694211], [0.9732332856366147, 0.9604530435054048, 0.9391688239369056, 0.9671304941313099, 0.9241651540604401, 0.9553254883773586, -0.908888876405994, 0.9539709444668496, 0.9283663297247334, 0.9564499475166313, 0.9521925744964571, 0.9489447017121853, 0.9486330130760521, 0.9502851113450954, 0.9588984184310544, 0.9436937422281961, 0.9100230391656681, 0.7705350996982193, 0.9493726687614434, 0.9182022203941442, 0.4703777939552338, -0.3687554960751582, 0.8310061012063271, 1.0, 0.9272559461121642], [0.9510744170151386, 0.9513808927792997, 0.9774086241179812, 0.957003220969653, 0.9752662134840849, 0.957634037364704, -0.9550116947309669, 0.9331815695864235, 0.9567144178768368, 0.9550259909165905, 0.9764467075380693, 0.9759174482665448, 0.9631978280427147, 0.9566592766486389, 0.9621396350870856, 0.9444188282817944, 0.7863809408170334, 0.6554062904658586, 0.9667324337820017, 0.8801475438047888, 0.26303052190264936, -0.20159925836281567, 0.8840006843694211, 0.9272559461121642, 1.0]], "x": ["^TAIEX       \u81fa\u7063\u52a0\u6b0a\u5831\u916c\u6307\u6578", "^TWII        \u81fa\u7063\u52a0\u6b0a\u6307\u6578", "^TAIEXx2     \u81fa\u7063\u52a0\u6b0a\u5831\u916c\u6307\u6578_\u65e5\u6b632", "^TAI50I      \u81fa\u706350\u5831\u916c\u6307\u6578", "^TAI50Ix2    \u81fa\u706350\u5831\u916c\u6307\u6578_\u65e5\u6b632", "^TAI100I     \u81fa\u7063\u4e2d\u578b100\u5831\u916c\u6307\u6578", "^TAI100Ix2   \u81fa\u7063\u4e2d\u578b100\u5831\u916c\u6307\u6578_\u65e5\u6b632", "^TAIDIVIDI   \u81fa\u7063\u9ad8\u80a1\u606f\u5831\u916c\u6307\u6578", "^TAIDIVIDIx2 \u81fa\u7063\u9ad8\u80a1\u606f\u5831\u916c\u6307\u6578_\u65e5\u6b632", "0050         \u5143\u5927\u81fa\u706350", "00631L       \u5143\u5927\u53f0\u706350\u6b632", "00675L       \u5bcc\u90a6\u81fa\u7063\u52a0\u6b0a\u6b632", "006208       \u5bcc\u90a6\u53f050", "0051         \u5143\u5927\u4e2d\u578b100", "006204       \u6c38\u8c50\u81fa\u7063\u52a0\u6b0a", "0056         \u5143\u5927\u9ad8\u80a1\u606f", "2412         \u4e2d\u83ef\u96fb\u4fe1", "2002         \u4e2d\u92fc", "2330         \u53f0\u7a4d\u96fb", "2317         \u9d3b\u6d77", "6505         \u53f0\u5851\u77f3\u5316", "3481         \u7fa4\u5275", "2303         \u806f\u96fb", "2308         \u53f0\u9054\u96fb", "2454         \u806f\u767c\u79d1"], "y": ["^TAIEX       \u81fa\u7063\u52a0\u6b0a\u5831\u916c\u6307\u6578", "^TWII        \u81fa\u7063\u52a0\u6b0a\u6307\u6578", "^TAIEXx2     \u81fa\u7063\u52a0\u6b0a\u5831\u916c\u6307\u6578_\u65e5\u6b632", "^TAI50I      \u81fa\u706350\u5831\u916c\u6307\u6578", "^TAI50Ix2    \u81fa\u706350\u5831\u916c\u6307\u6578_\u65e5\u6b632", "^TAI100I     \u81fa\u7063\u4e2d\u578b100\u5831\u916c\u6307\u6578", "^TAI100Ix2   \u81fa\u7063\u4e2d\u578b100\u5831\u916c\u6307\u6578_\u65e5\u6b632", "^TAIDIVIDI   \u81fa\u7063\u9ad8\u80a1\u606f\u5831\u916c\u6307\u6578", "^TAIDIVIDIx2 \u81fa\u7063\u9ad8\u80a1\u606f\u5831\u916c\u6307\u6578_\u65e5\u6b632", "0050         \u5143\u5927\u81fa\u706350", "00631L       \u5143\u5927\u53f0\u706350\u6b632", "00675L       \u5bcc\u90a6\u81fa\u7063\u52a0\u6b0a\u6b632", "006208       \u5bcc\u90a6\u53f050", "0051         \u5143\u5927\u4e2d\u578b100", "006204       \u6c38\u8c50\u81fa\u7063\u52a0\u6b0a", "0056         \u5143\u5927\u9ad8\u80a1\u606f", "2412         \u4e2d\u83ef\u96fb\u4fe1", "2002         \u4e2d\u92fc", "2330         \u53f0\u7a4d\u96fb", "2317         \u9d3b\u6d77", "6505         \u53f0\u5851\u77f3\u5316", "3481         \u7fa4\u5275", "2303         \u806f\u96fb", "2308         \u53f0\u9054\u96fb", "2454         \u806f\u767c\u79d1"], "zmin": -1, "zmax": 1, "colorbar": {"x": -0.2}}], "layout": {"autotypenumbers": "strict", "colorway": ["#636efa", "#EF553B", "#00cc96", "#ab63fa", "#FFA15A", "#19d3f3", "#FF6692", "#B6E880", "#FF97FF", "#FECB52"], "font": {"color": "#f2f5fa", "family": "Courier New"}, "hovermode": "closest", "hoverlabel": {"align": "left"}, "paper_bgcolor": "rgb(17,17,17)", "plot_bgcolor": "rgb(17,17,17)", "polar": {"bgcolor": "rgb(17,17,17)", "angularaxis": {"gridcolor": "#506784", "linecolor": "#506784", "ticks": ""}, "radialaxis": {"gridcolor": "#506784", "linecolor": "#506784", "ticks": ""}}, "ternary": {"bgcolor": "rgb(17,17,17)", "aaxis": {"gridcolor": "#506784", "linecolor": "#506784", "ticks": ""}, "baxis": {"gridcolor": "#506784", "linecolor": "#506784", "ticks": ""}, "caxis": {"gridcolor": "#506784", "linecolor": "#506784", "ticks": ""}}, "coloraxis": {"colorbar": {"outlinewidth": 0, "ticks": ""}}, "colorscale": {"sequential": [[0.0, "#0d0887"], [0.1111111111111111, "#46039f"], [0.2222222222222222, "#7201a8"], [0.3333333333333333, "#9c179e"], [0.4444444444444444, "#bd3786"], [0.5555555555555556, "#d8576b"], [0.6666666666666666, "#ed7953"], [0.7777777777777778, "#fb9f3a"], [0.8888888888888888, "#fdca26"], [1.0, "#f0f921"]], "sequentialminus": [[0.0, "#0d0887"], [0.1111111111111111, "#46039f"], [0.2222222222222222, "#7201a8"], [0.3333333333333333, "#9c179e"], [0.4444444444444444, "#bd3786"], [0.5555555555555556, "#d8576b"], [0.6666666666666666, "#ed7953"], [0.7777777777777778, "#fb9f3a"], [0.8888888888888888, "#fdca26"], [1.0, "#f0f921"]], "diverging": [[0, "#8e0152"], [0.1, "#c51b7d"], [0.2, "#de77ae"], [0.3, "#f1b6da"], [0.4, "#fde0ef"], [0.5, "#f7f7f7"], [0.6, "#e6f5d0"], [0.7, "#b8e186"], [0.8, "#7fbc41"], [0.9, "#4d9221"], [1, "#276419"]]}, "xaxis": {"gridcolor": "rgba(0, 0, 0, 0)", "linecolor": "#506784", "ticks": "", "title": {"standoff": 15}, "zerolinecolor": "#283442", "automargin": true, "zerolinewidth": 2, "tickfont": {"family": "Courier New", "size": 14}, "side": "top", "tickangle": -90}, "yaxis": {"gridcolor": "rgba(0, 0, 0, 0)", "linecolor": "#506784", "ticks": "", "title": {"standoff": 15}, "zerolinecolor": "#283442", "automargin": true, "zerolinewidth": 2, "tickfont": {"family": "Courier New"}, "side": "right"}, "scene": {"xaxis": {"backgroundcolor": "rgb(17,17,17)", "gridcolor": "#506784", "linecolor": "#506784", "showbackground": true, "ticks": "", "zerolinecolor": "#C8D4E3", "gridwidth": 2}, "yaxis": {"backgroundcolor": "rgb(17,17,17)", "gridcolor": "#506784", "linecolor": "#506784", "showbackground": true, "ticks": "", "zerolinecolor": "#C8D4E3", "gridwidth": 2}, "zaxis": {"backgroundcolor": "rgb(17,17,17)", "gridcolor": "#506784", "linecolor": "#506784", "showbackground": true, "ticks": "", "zerolinecolor": "#C8D4E3", "gridwidth": 2}}, "shapedefaults": {"line": {"color": "#f2f5fa"}}, "annotationdefaults": {"arrowcolor": "#f2f5fa", "arrowhead": 0, "arrowwidth": 1}, "geo": {"bgcolor": "rgb(17,17,17)", "landcolor": "rgb(17,17,17)", "subunitcolor": "#506784", "showland": true, "showlakes": true, "lakecolor": "rgb(17,17,17)"}, "title": {"x": 0.05, "font": {"family": "Times New Roman"}, "y": 0.05, "text": "<b>Correlation of Adj Close <b><br><i>2016/09/23 ~ 2025/05/22<i>"}, "updatemenudefaults": {"bgcolor": "#506784", "borderwidth": 0}, "sliderdefaults": {"bgcolor": "#C8D4E3", "borderwidth": 1, "bordercolor": "rgb(17,17,17)", "tickwidth": 0}, "mapbox": {"style": "dark"}, "height": 600}};

Plotly.newPlot("correlationAdjClose",
    correlationAdjClose.data,
    correlationAdjClose.layout || {},
    config);