var element=document.getElementById("correlationAdjClose");if(element.style.display!='none'){var correlationAdjClose={"data":[{"type":"heatmap","z":[[1.0,0.9955440674177317,0.9711869857355676,0.9967271789567603,0.9462390876746557,0.9854142687315303,0.9582667640757281,0.9865587671959399,0.9769211738862608,0.99687873384315,0.9964097593836537,0.9968564279348668,0.9910143226555559,0.9922842757815987,0.996524114459428,0.9865932333067525,0.9997409450887782,0.9861681762608927,0.8942397747965626,0.913173774559949,0.6621683496314149,0.9840777997237079,0.9402210148755537,0.3300245714365746,-0.28317457343470237,0.9032726147149294,0.9203829617862084,0.9637728294042949,0.9703145054698205,0.9626910084367726,0.9811411518367147,0.966235584259801,0.9327953181620031,0.9828399725996902,0.9777351785958709,0.9589230851034256],[0.9955440674177317,1.0,0.9689701677721949,0.9923039076088122,0.944042963246143,0.9818391064549549,0.9551377684396655,0.9788809525131786,0.9714577074262158,0.9935037364434484,0.9952035669603565,0.9947789168114101,0.9909108100279761,0.9912867845269958,0.9952726187365909,0.9820153143159656,0.9976393595901558,0.9807734207916355,0.9123071742658279,0.9034692294187359,0.6855947496727295,0.9706831893031386,0.9241727550657508,0.32937672933970097,-0.21850091094333832,0.8833817185191436,0.9170078806055892,0.963099878979781,0.9523820912959936,0.9512305963017138,0.9732764051192782,0.953125077732423,0.9321637292827245,0.9740600230758804,0.9699207863053722,0.9541099174254812],[0.9711869857355676,0.9689701677721949,1.0,0.9831260440638252,0.9937682100981104,0.9665446590276459,0.9779640543292927,0.9450001411502176,0.9692876137352956,0.9829190771758656,0.9896224624179586,0.9863448067144912,0.9972108986080275,0.9970364911185703,0.9892737778057682,0.9637530324532445,0.9818842735399682,0.9441674559462198,0.8393523274586259,0.8054937104224266,0.5165872862489842,0.9921293260766334,0.9331810381708443,0.15493823232884435,-0.201911020924374,0.8761568629376806,0.9515746709364816,0.9646477172053466,0.8956596164782948,0.8941410292636508,0.9654918905901636,0.8934544660613261,0.8613180543411645,0.9530701986671355,0.9686769454153716,0.9126915675575928],[0.9967271789567603,0.9923039076088122,0.9831260440638252,1.0,0.9659739073211236,0.9767509346416053,0.9570368689226918,0.975476810044854,0.9721454708935618,0.999974064523032,0.9999930398034842,0.99996722517808,0.9937397848572336,0.9929710628481276,0.9999563273610741,0.9752434570291482,0.9958420635701729,0.9746749060175736,0.8735851750966334,0.8913847333853988,0.6192730250909676,0.9941556751379917,0.9441271667256987,0.29368135387676886,-0.2694808997265395,0.8928797168631425,0.9368275117561349,0.9658558621020825,0.953638702826723,0.9530292934034614,0.9830236516197183,0.9499718068527343,0.9127374282330221,0.9778246001090631,0.9757925352656546,0.9470147192042488],[0.9462390876746557,0.944042963246143,0.9937682100981104,0.9659739073211236,1.0,0.9337768622254655,0.9544565913284385,0.9099330652561932,0.9411809755658948,0.9661668779848521,0.9757865178390109,0.9716914790700001,0.9830603742952699,0.9810868651669667,0.975179021407123,0.9296180112185843,0.9583779916037153,0.9086627726483101,0.7952739862902387,0.7644047488973816,0.45855580993077316,0.9828881424563994,0.9197951041821745,0.11659870595500439,-0.18612898186541801,0.8352917477095129,0.9607138526181205,0.9422265366054923,0.8534639462150332,0.8600061253286597,0.9470216208280895,0.8523392857815333,0.8125373361139402,0.9254874218054209,0.9439181889295503,0.8750664079378434],[0.9854142687315303,0.9818391064549549,0.9665446590276459,0.9767509346416053,0.9337768622254655,1.0,0.9832117291145306,0.9824762947875609,0.9843764409060319,0.9762788453755499,0.97070232886147,0.9742597490565036,0.9691723623916373,0.966713657676034,0.9707701237101587,0.9999086421534308,0.9877343537137864,0.9832554761776209,0.8998928340490996,0.8718288499981657,0.6322367550068262,0.9673539988247849,0.9142974225521899,0.21233641722789276,-0.21152099115535625,0.9345495120191534,0.8932168864126303,0.9677923747425107,0.9560984964505248,0.9363889000039635,0.9620073671186445,0.9533711581539014,0.9460294002482665,0.9656362037181765,0.9813833589772553,0.9614249230136448],[0.9582667640757281,0.9551377684396655,0.9779640543292927,0.9570368689226918,0.9544565913284385,0.9832117291145306,1.0,0.95286416110731,0.984137927076614,0.9558831187120875,0.9648295717711767,0.9617862401925187,0.9778551499050079,0.9777949077049892,0.9646378594615087,0.9843509864057168,0.9750625323654349,0.9549935061821121,0.8605684961314785,0.7913313416967674,0.5187776762637718,0.9603849490901565,0.9166824640698745,0.07475731109292515,-0.15107859407864604,0.896004499340593,0.90362268056814,0.9632548745173244,0.8977753251660925,0.8743205586773778,0.9459882608690738,0.8944880896139789,0.8928221101147316,0.9392362643892761,0.9724605941317646,0.9190522309643366],[0.9865587671959399,0.9788809525131786,0.9450001411502176,0.975476810044854,0.9099330652561932,0.9824762947875609,0.95286416110731,1.0,0.9841634436977427,0.9754687088099587,0.9699886579866446,0.974223370805144,0.9571745987441314,0.9554858495484316,0.9703274804303186,0.9842868019673638,0.9836139408706979,0.9998900274455902,0.9289285249416179,0.9311691185581483,0.6064933942124466,0.9602169355948108,0.9059502144548184,0.18883405105783302,-0.3013537328926516,0.9120202307653877,0.8573596963647041,0.9478887615105542,0.9788193186691416,0.9596377623104966,0.9674257126778977,0.9673543940340829,0.9372834007805297,0.9660262468978462,0.9612928081046541,0.970073071058934],[0.9769211738862608,0.9714577074262158,0.9692876137352956,0.9721454708935618,0.9411809755658948,0.9843764409060319,0.984137927076614,0.9841634436977427,1.0,0.9715037201412269,0.966967353889021,0.9701758760877515,0.9653024533815276,0.9612682011542975,0.967000999756103,0.9835404140682689,0.9761051264706013,0.9835334614503335,0.9021240752432957,0.8656387721117677,0.5213678817772703,0.9675242461471758,0.925395358685953,0.04921836359587551,-0.22399544393392945,0.8913636870023415,0.8752618611039492,0.9681229171486778,0.9370116408202596,0.9106851618132503,0.9653100015778938,0.925389047180575,0.9019556523234988,0.9575149329375061,0.9757461798698736,0.9347621197899073],[0.99687873384315,0.9935037364434484,0.9829190771758656,0.999974064523032,0.9661668779848521,0.9762788453755499,0.9558831187120875,0.9754687088099587,0.9715037201412269,1.0,0.9999919048920497,0.9999843258055024,0.993686367904626,0.9929113415107653,0.9999596152274367,0.9747762426791335,0.9957335422105391,0.9747562496421672,0.875239236219972,0.8926623750440494,0.6151466459976155,0.9943566776827165,0.9442393615845353,0.2984806354153987,-0.2689616170982335,0.8932980216448271,0.9353408708923856,0.9645841217052642,0.9532870864378954,0.9521830488882778,0.9822633442571682,0.9493422062231851,0.9113861480803533,0.9770972616186485,0.9749303134206834,0.9457748364983629],[0.9964097593836537,0.9952035669603565,0.9896224624179586,0.9999930398034842,0.9757865178390109,0.97070232886147,0.9648295717711767,0.9699886579866446,0.966967353889021,0.9999919048920497,1.0,0.9999767395760543,0.9937763012009074,0.9929865402677253,0.9999619086309267,0.970238270645082,0.995541366624841,0.9703656634298151,0.893243446552269,0.9211166081471808,0.4758602787135803,0.997359401765844,0.9328919007332174,-0.1843600794052214,0.4274873399426889,0.8870745758375165,0.9123553397257643,0.9649127685613282,0.9413181925710089,0.9352715584636683,0.9757819351673754,0.9279530314394923,0.8829866355342655,0.9684506332143926,0.982456742403859,0.9423262841016161],[0.9968564279348668,0.9947789168114101,0.9863448067144912,0.99996722517808,0.9716914790700001,0.9742597490565036,0.9617862401925187,0.974223370805144,0.9701758760877515,0.9999843258055024,0.9999767395760543,1.0,0.9936671003496984,0.9928565396856182,0.9999698815298294,0.9739096564789743,0.9956533234798086,0.9742594968426649,0.8825947607022174,0.9098803948800317,0.5490191289292924,0.9963949870330737,0.9420391804044962,0.027071769717061118,-0.16122433888682605,0.9028869939471873,0.9234722308792945,0.9602751382381537,0.9461304440143009,0.9426434712720756,0.9794320580146834,0.9394680125715614,0.9040013468021126,0.9737081846481973,0.9747987777004833,0.9485407295220405],[0.9910143226555559,0.9909108100279761,0.9972108986080275,0.9937397848572336,0.9830603742952699,0.9691723623916373,0.9778551499050079,0.9571745987441314,0.9653024533815276,0.993686367904626,0.9937763012009074,0.9936671003496984,1.0,0.99981444465949,0.9936682973701884,0.9686718776006693,0.9914347561400301,0.9577419643390647,0.8729835367631174,0.9051309465497459,0.3871074178264721,0.991300661346942,0.9275316646860887,-0.43532548780584696,0.44540669055637067,0.8634198681585006,0.9217027420865631,0.9619138665730013,0.9151340018271711,0.9017255319624856,0.9618012877690069,0.8996442258627249,0.8409164669391,0.9600721608599249,0.9761516667709174,0.93283276184302],[0.9922842757815987,0.9912867845269958,0.9970364911185703,0.9929710628481276,0.9810868651669667,0.966713657676034,0.9777949077049892,0.9554858495484316,0.9612682011542975,0.9929113415107653,0.9929865402677253,0.9928565396856182,0.99981444465949,1.0,0.9929767349894748,0.9660948738966082,0.9924982056786278,0.9561853265489386,0.8564095400645775,0.9152916327703793,0.24036970720675457,0.9885615195055104,0.9214141947620619,-0.7488416591047173,0.42041932334774956,0.8327404648814273,0.9218225623547827,0.956845286490599,0.9068438824536122,0.8935183866444569,0.957089285654351,0.9012180612459184,0.8169310727227381,0.9585966708369525,0.9745656130633269,0.9301017065565638],[0.996524114459428,0.9952726187365909,0.9892737778057682,0.9999563273610741,0.975179021407123,0.9707701237101587,0.9646378594615087,0.9703274804303186,0.967000999756103,0.9999596152274367,0.9999619086309267,0.9999698815298294,0.9936682973701884,0.9929767349894748,1.0,0.970350358804192,0.9956403864484175,0.9707654942461188,0.8939731739565254,0.9219827787540102,0.4774145982315455,0.9971578827551628,0.9328405337956808,-0.18138581729332168,0.4276320824212599,0.8875140577432039,0.9112071829366925,0.9645991218322221,0.9419993014502094,0.9359414972161993,0.9757265168174987,0.928816604049182,0.8840488616844013,0.9685523955335265,0.9824925888742689,0.9429266999443395],[0.9865932333067525,0.9820153143159656,0.9637530324532445,0.9752434570291482,0.9296180112185843,0.9999086421534308,0.9843509864057168,0.9842868019673638,0.9835404140682689,0.9747762426791335,0.970238270645082,0.9739096564789743,0.9686718776006693,0.9660948738966082,0.970350358804192,1.0,0.9876412125907962,0.9835541373216324,0.9028680376605946,0.8957957283898001,0.6164034757507275,0.9646980785235377,0.9090779620543443,0.06314813167174511,-0.18330114983240298,0.9409523161876069,0.8814243913502509,0.9651482347765955,0.9594328291805986,0.9339856508481128,0.958742600226225,0.9546985152466158,0.944678486295767,0.9675860249088928,0.9805283569413507,0.9651602887290679],[0.9997409450887782,0.9976393595901558,0.9818842735399682,0.9958420635701729,0.9583779916037153,0.9877343537137864,0.9750625323654349,0.9836139408706979,0.9761051264706013,0.9957335422105391,0.995541366624841,0.9956533234798086,0.9914347561400301,0.9924982056786278,0.9956403864484175,0.9876412125907962,1.0,0.9840489791144617,0.9163977697941558,0.9344035683260375,0.5404315669595948,0.9882407502612459,0.9251941749903247,-0.12322167458042499,0.45067948797631746,0.917452331284015,0.8972858812491484,0.9690045146052478,0.9622868099794851,0.9469124164395674,0.9739127886241216,0.9498517100169663,0.9183565219307265,0.9762531428492812,0.9882911632940251,0.9648618864935006],[0.9861681762608927,0.9807734207916355,0.9441674559462198,0.9746749060175736,0.9086627726483101,0.9832554761776209,0.9549935061821121,0.9998900274455902,0.9835334614503335,0.9747562496421672,0.9703656634298151,0.9742594968426649,0.9577419643390647,0.9561853265489386,0.9707654942461188,0.9835541373216324,0.9840489791144617,1.0,0.9317445570639584,0.9373225791551221,0.6036778745426359,0.9585718112281589,0.9092198997240188,0.15234003454808057,-0.2772591282779397,0.916446961487575,0.8527965437508525,0.9476972157410264,0.9793531603954488,0.9591114119293278,0.9657409901732377,0.9661665538585442,0.9369482419205439,0.965177514744941,0.95935445622874,0.971033714478469],[0.8942397747965626,0.9123071742658279,0.8393523274586259,0.8735851750966334,0.7952739862902387,0.8998928340490996,0.8605684961314785,0.9289285249416179,0.9021240752432957,0.875239236219972,0.893243446552269,0.8825947607022174,0.8729835367631174,0.8564095400645775,0.8939731739565254,0.9028680376605946,0.9163977697941558,0.9317445570639584,1.0,0.8349834572659168,0.683279704151247,0.8434162530439366,0.8086666897359768,0.23933196925925207,-0.1584818540941695,0.8625091329943921,0.7245256396226012,0.8572626817777278,0.8963764311601313,0.864295397216645,0.8524862384488543,0.876465003699659,0.8625146763781334,0.8580437631121546,0.8719682231666487,0.8972173216847107],[0.913173774559949,0.9034692294187359,0.8054937104224266,0.8913847333853988,0.7644047488973816,0.8718288499981657,0.7913313416967674,0.9311691185581483,0.8656387721117677,0.8926623750440494,0.9211166081471808,0.9098803948800317,0.9051309465497459,0.9152916327703793,0.9219827787540102,0.8957957283898001,0.9344035683260375,0.9373225791551221,0.8349834572659168,1.0,0.8181951450364826,0.8398617135022252,0.8660927568846204,0.6164251763103366,-0.5161902216130605,0.7267394478332544,0.7938841441552661,0.8164395501261158,0.960726501138288,0.9393801690939398,0.8925170046442352,0.9486241876854877,0.9039620831552811,0.9002887837481912,0.8494697495015557,0.8875956761362408],[0.6621683496314149,0.6855947496727295,0.5165872862489842,0.6192730250909676,0.45855580993077316,0.6322367550068262,0.5187776762637718,0.6064933942124466,0.5213678817772703,0.6151466459976155,0.4758602787135803,0.5490191289292924,0.3871074178264721,0.24036970720675457,0.4774145982315455,0.6164034757507275,0.5404315669595948,0.6036778745426359,0.683279704151247,0.8181951450364826,1.0,0.5522363415222233,0.6681563897866717,0.722654081756599,-0.11595995183680387,0.5280384538404956,0.5377841792863398,0.5893036779817094,0.7626029869095651,0.6892477759754042,0.5948311068029645,0.7247478263473626,0.7464990061190718,0.6433811360284203,0.6069222376369107,0.6617721626188782],[0.9840777997237079,0.9706831893031386,0.9921293260766334,0.9941556751379917,0.9828881424563994,0.9673539988247849,0.9603849490901565,0.9602169355948108,0.9675242461471758,0.9943566776827165,0.997359401765844,0.9963949870330737,0.991300661346942,0.9885615195055104,0.9971578827551628,0.9646980785235377,0.9882407502612459,0.9585718112281589,0.8434162530439366,0.8398617135022252,0.5522363415222233,1.0,0.9221896438711881,0.22231559556434827,-0.2584376309487739,0.8740571579958009,0.9464465545061679,0.9670416685775312,0.9173343873849464,0.9304351209127549,0.9745751251481395,0.9228459683184802,0.8811708210726522,0.9646660454475768,0.9616186151967587,0.925601651844672],[0.9402210148755537,0.9241727550657508,0.9331810381708443,0.9441271667256987,0.9197951041821745,0.9142974225521899,0.9166824640698745,0.9059502144548184,0.925395358685953,0.9442393615845353,0.9328919007332174,0.9420391804044962,0.9275316646860887,0.9214141947620619,0.9328405337956808,0.9090779620543443,0.9251941749903247,0.9092198997240188,0.8086666897359768,0.8660927568846204,0.6681563897866717,0.9221896438711881,1.0,0.2685886556148714,-0.18179054131915282,0.7348535169396896,0.9037511348856808,0.9074831585136509,0.898784542580489,0.8649993343994875,0.9415477127989517,0.8758743303733579,0.8414184935262551,0.9357729538491124,0.8961990748146526,0.8688289493268069],[0.3300245714365746,0.32937672933970097,0.15493823232884435,0.29368135387676886,0.11659870595500439,0.21233641722789276,0.07475731109292515,0.18883405105783302,0.04921836359587551,0.2984806354153987,-0.1843600794052214,0.027071769717061118,-0.43532548780584696,-0.7488416591047173,-0.18138581729332168,0.06314813167174511,-0.12322167458042499,0.15234003454808057,0.23933196925925207,0.6164251763103366,0.722654081756599,0.22231559556434827,0.2685886556148714,1.0,-0.37914506095329426,0.24481900394750908,0.19177510051971008,0.15118864644786542,0.44272048966768307,0.4316947949075091,0.2685142190383781,0.45572834766759457,0.3888332061220296,0.3032731284233903,0.22309323026068478,0.3428524721988337],[-0.28317457343470237,-0.21850091094333832,-0.201911020924374,-0.2694808997265395,-0.18612898186541801,-0.21152099115535625,-0.15107859407864604,-0.3013537328926516,-0.22399544393392945,-0.2689616170982335,0.4274873399426889,-0.16122433888682605,0.44540669055637067,0.42041932334774956,0.4276320824212599,-0.18330114983240298,0.45067948797631746,-0.2772591282779397,-0.1584818540941695,-0.5161902216130605,-0.11595995183680387,-0.2584376309487739,-0.18179054131915282,-0.37914506095329426,1.0,-0.15367831425491243,-0.2345575482071788,-0.17677274213196603,-0.38023275206806356,-0.36739538236166097,-0.300308141260155,-0.3383030972269052,-0.20849180094723255,-0.33146946718902737,-0.1766267491920217,-0.3063124507380747],[0.9032726147149294,0.8833817185191436,0.8761568629376806,0.8928797168631425,0.8352917477095129,0.9345495120191534,0.896004499340593,0.9120202307653877,0.8913636870023415,0.8932980216448271,0.8870745758375165,0.9028869939471873,0.8634198681585006,0.8327404648814273,0.8875140577432039,0.9409523161876069,0.917452331284015,0.916446961487575,0.8625091329943921,0.7267394478332544,0.5280384538404956,0.8740571579958009,0.7348535169396896,0.24481900394750908,-0.15367831425491243,1.0,0.7686550550308721,0.8931329086080876,0.829424590877036,0.8727987944269072,0.8398335487234231,0.8792755669467043,0.87184603672008,0.8687355867766022,0.8759551697428158,0.905962585917812],[0.9203829617862084,0.9170078806055892,0.9515746709364816,0.9368275117561349,0.9607138526181205,0.8932168864126303,0.90362268056814,0.8573596963647041,0.8752618611039492,0.9353408708923856,0.9123553397257643,0.9234722308792945,0.9217027420865631,0.9218225623547827,0.9112071829366925,0.8814243913502509,0.8972858812491484,0.8527965437508525,0.7245256396226012,0.7938841441552661,0.5377841792863398,0.9464465545061679,0.9037511348856808,0.19177510051971008,-0.2345575482071788,0.7686550550308721,1.0,0.8862726815951377,0.8479168901842355,0.8471315193917153,0.9131764722635091,0.8400614885494484,0.7978930611664363,0.8990415908691572,0.8971475733593198,0.8526332381566165],[0.9637728294042949,0.963099878979781,0.9646477172053466,0.9658558621020825,0.9422265366054923,0.9677923747425107,0.9632548745173244,0.9478887615105542,0.9681229171486778,0.9645841217052642,0.9649127685613282,0.9602751382381537,0.9619138665730013,0.956845286490599,0.9645991218322221,0.9651482347765955,0.9690045146052478,0.9476972157410264,0.8572626817777278,0.8164395501261158,0.5893036779817094,0.9670416685775312,0.9074831585136509,0.15118864644786542,-0.17677274213196603,0.8931329086080876,0.8862726815951377,1.0,0.9110883529689269,0.8994419914062918,0.9501723304806079,0.8979626457988058,0.8861712156501618,0.9540661073806519,0.9758389410745479,0.9028886555239803],[0.9703145054698205,0.9523820912959936,0.8956596164782948,0.953638702826723,0.8534639462150332,0.9560984964505248,0.8977753251660925,0.9788193186691416,0.9370116408202596,0.9532870864378954,0.9413181925710089,0.9461304440143009,0.9151340018271711,0.9068438824536122,0.9419993014502094,0.9594328291805986,0.9622868099794851,0.9793531603954488,0.8963764311601313,0.960726501138288,0.7626029869095651,0.9173343873849464,0.898784542580489,0.44272048966768307,-0.38023275206806356,0.829424590877036,0.8479168901842355,0.9110883529689269,1.0,0.986726943650839,0.9546289686389264,0.9909507402574081,0.9550193069465591,0.9588603303663492,0.9136093581022545,0.9672330777754764],[0.9626910084367726,0.9512305963017138,0.8941410292636508,0.9530292934034614,0.8600061253286597,0.9363889000039635,0.8743205586773778,0.9596377623104966,0.9106851618132503,0.9521830488882778,0.9352715584636683,0.9426434712720756,0.9017255319624856,0.8935183866444569,0.9359414972161993,0.9339856508481128,0.9469124164395674,0.9591114119293278,0.864295397216645,0.9393801690939398,0.6892477759754042,0.9304351209127549,0.8649993343994875,0.4316947949075091,-0.36739538236166097,0.8727987944269072,0.8471315193917153,0.8994419914062918,0.986726943650839,1.0,0.9491238766865859,0.9850779185302351,0.956586688080486,0.9431536998278415,0.9258195804819042,0.965177072058978],[0.9811411518367147,0.9732764051192782,0.9654918905901636,0.9830236516197183,0.9470216208280895,0.9620073671186445,0.9459882608690738,0.9674257126778977,0.9653100015778938,0.9822633442571682,0.9757819351673754,0.9794320580146834,0.9618012877690069,0.957089285654351,0.9757265168174987,0.958742600226225,0.9739127886241216,0.9657409901732377,0.8524862384488543,0.8925170046442352,0.5948311068029645,0.9745751251481395,0.9415477127989517,0.2685142190383781,-0.300308141260155,0.8398335487234231,0.9131764722635091,0.9501723304806079,0.9546289686389264,0.9491238766865859,1.0,0.9476168783572666,0.9049854024536154,0.9785104374010589,0.9672108490492579,0.9469306374461105],[0.966235584259801,0.953125077732423,0.8934544660613261,0.9499718068527343,0.8523392857815333,0.9533711581539014,0.8944880896139789,0.9673543940340829,0.925389047180575,0.9493422062231851,0.9279530314394923,0.9394680125715614,0.8996442258627249,0.9012180612459184,0.928816604049182,0.9546985152466158,0.9498517100169663,0.9661665538585442,0.876465003699659,0.9486241876854877,0.7247478263473626,0.9228459683184802,0.8758743303733579,0.45572834766759457,-0.3383030972269052,0.8792755669467043,0.8400614885494484,0.8979626457988058,0.9909507402574081,0.9850779185302351,0.9476168783572666,1.0,0.974391421899343,0.9477387320899698,0.936903735355178,0.9647279848920906],[0.9327953181620031,0.9321637292827245,0.8613180543411645,0.9127374282330221,0.8125373361139402,0.9460294002482665,0.8928221101147316,0.9372834007805297,0.9019556523234988,0.9113861480803533,0.8829866355342655,0.9040013468021126,0.8409164669391,0.8169310727227381,0.8840488616844013,0.944678486295767,0.9183565219307265,0.9369482419205439,0.8625146763781334,0.9039620831552811,0.7464990061190718,0.8811708210726522,0.8414184935262551,0.3888332061220296,-0.20849180094723255,0.87184603672008,0.7978930611664363,0.8861712156501618,0.9550193069465591,0.956586688080486,0.9049854024536154,0.974391421899343,1.0,0.9068329444209816,0.9222048131118227,0.951448288130528],[0.9828399725996902,0.9740600230758804,0.9530701986671355,0.9778246001090631,0.9254874218054209,0.9656362037181765,0.9392362643892761,0.9660262468978462,0.9575149329375061,0.9770972616186485,0.9684506332143926,0.9737081846481973,0.9600721608599249,0.9585966708369525,0.9685523955335265,0.9675860249088928,0.9762531428492812,0.965177514744941,0.8580437631121546,0.9002887837481912,0.6433811360284203,0.9646660454475768,0.9357729538491124,0.3032731284233903,-0.33146946718902737,0.8687355867766022,0.8990415908691572,0.9540661073806519,0.9588603303663492,0.9431536998278415,0.9785104374010589,0.9477387320899698,0.9068329444209816,1.0,0.9622687647805301,0.9485240455572898],[0.9777351785958709,0.9699207863053722,0.9686769454153716,0.9757925352656546,0.9439181889295503,0.9813833589772553,0.9724605941317646,0.9612928081046541,0.9757461798698736,0.9749303134206834,0.982456742403859,0.9747987777004833,0.9761516667709174,0.9745656130633269,0.9824925888742689,0.9805283569413507,0.9882911632940251,0.95935445622874,0.8719682231666487,0.8494697495015557,0.6069222376369107,0.9616186151967587,0.8961990748146526,0.22309323026068478,-0.1766267491920217,0.8759551697428158,0.8971475733593198,0.9758389410745479,0.9136093581022545,0.9258195804819042,0.9672108490492579,0.936903735355178,0.9222048131118227,0.9622687647805301,1.0,0.929184920260756],[0.9589230851034256,0.9541099174254812,0.9126915675575928,0.9470147192042488,0.8750664079378434,0.9614249230136448,0.9190522309643366,0.970073071058934,0.9347621197899073,0.9457748364983629,0.9423262841016161,0.9485407295220405,0.93283276184302,0.9301017065565638,0.9429266999443395,0.9651602887290679,0.9648618864935006,0.971033714478469,0.8972173216847107,0.8875956761362408,0.6617721626188782,0.925601651844672,0.8688289493268069,0.3428524721988337,-0.3063124507380747,0.905962585917812,0.8526332381566165,0.9028886555239803,0.9672330777754764,0.965177072058978,0.9469306374461105,0.9647279848920906,0.951448288130528,0.9485240455572898,0.929184920260756,1.0]],"x":["^TAIEX       \u81fa\u7063\u52a0\u6b0a\u5831\u916c\u6307\u6578","^TWII        \u81fa\u7063\u52a0\u6b0a\u6307\u6578","^TAIEXx2     \u81fa\u7063\u52a0\u6b0a\u5831\u916c\u6307\u6578_\u65e5\u6b632","^TAI50I      \u81fa\u706350\u5831\u916c\u6307\u6578","^TAI50Ix2    \u81fa\u706350\u5831\u916c\u6307\u6578_\u65e5\u6b632","^TAI100I     \u81fa\u7063\u4e2d\u578b100\u5831\u916c\u6307\u6578","^TAI100Ix2   \u81fa\u7063\u4e2d\u578b100\u5831\u916c\u6307\u6578_\u65e5\u6b632","^TAIDIVIDI   \u81fa\u7063\u9ad8\u80a1\u606f\u5831\u916c\u6307\u6578","^TAIDIVIDIx2 \u81fa\u7063\u9ad8\u80a1\u606f\u5831\u916c\u6307\u6578_\u65e5\u6b632","0050Fund     \u5143\u5927\u53f0\u7063\u5353\u8d8a50\u57fa\u91d1","006208Fund   \u5bcc\u90a6\u53f0\u7063\u91c6\u540950\u57fa\u91d1","0050         \u5143\u5927\u81fa\u706350","00631L       \u5143\u5927\u53f0\u706350\u6b632","00675L       \u5bcc\u90a6\u81fa\u7063\u52a0\u6b0a\u6b632","006208       \u5bcc\u90a6\u53f050","0051         \u5143\u5927\u4e2d\u578b100","006204       \u6c38\u8c50\u81fa\u7063\u52a0\u6b0a","0056         \u5143\u5927\u9ad8\u80a1\u606f","0056         \u5143\u5927\u9ad8\u80a1\u606f_\u80a1\u606f\u4e0d\u6295\u5165","2412         \u4e2d\u83ef\u96fb\u4fe1","2002         \u4e2d\u92fc","2330         \u53f0\u7a4d\u96fb","2317         \u9d3b\u6d77","6505         \u53f0\u5851\u77f3\u5316","3481         \u7fa4\u5275","2303         \u806f\u96fb","2308         \u53f0\u9054\u96fb","2454         \u806f\u767c\u79d1","2886         \u5146\u8c50\u91d1","2884         \u7389\u5c71\u91d1","2891         \u4e2d\u4fe1\u91d1","2892         \u7b2c\u4e00\u91d1","5880         \u5408\u5eab\u91d1","2881         \u5bcc\u90a6\u91d1","2885         \u5143\u5927\u91d1","2887         \u53f0\u65b0\u91d1"],"y":["^TAIEX       \u81fa\u7063\u52a0\u6b0a\u5831\u916c\u6307\u6578","^TWII        \u81fa\u7063\u52a0\u6b0a\u6307\u6578","^TAIEXx2     \u81fa\u7063\u52a0\u6b0a\u5831\u916c\u6307\u6578_\u65e5\u6b632","^TAI50I      \u81fa\u706350\u5831\u916c\u6307\u6578","^TAI50Ix2    \u81fa\u706350\u5831\u916c\u6307\u6578_\u65e5\u6b632","^TAI100I     \u81fa\u7063\u4e2d\u578b100\u5831\u916c\u6307\u6578","^TAI100Ix2   \u81fa\u7063\u4e2d\u578b100\u5831\u916c\u6307\u6578_\u65e5\u6b632","^TAIDIVIDI   \u81fa\u7063\u9ad8\u80a1\u606f\u5831\u916c\u6307\u6578","^TAIDIVIDIx2 \u81fa\u7063\u9ad8\u80a1\u606f\u5831\u916c\u6307\u6578_\u65e5\u6b632","0050Fund     \u5143\u5927\u53f0\u7063\u5353\u8d8a50\u57fa\u91d1","006208Fund   \u5bcc\u90a6\u53f0\u7063\u91c6\u540950\u57fa\u91d1","0050         \u5143\u5927\u81fa\u706350","00631L       \u5143\u5927\u53f0\u706350\u6b632","00675L       \u5bcc\u90a6\u81fa\u7063\u52a0\u6b0a\u6b632","006208       \u5bcc\u90a6\u53f050","0051         \u5143\u5927\u4e2d\u578b100","006204       \u6c38\u8c50\u81fa\u7063\u52a0\u6b0a","0056         \u5143\u5927\u9ad8\u80a1\u606f","0056         \u5143\u5927\u9ad8\u80a1\u606f_\u80a1\u606f\u4e0d\u6295\u5165","2412         \u4e2d\u83ef\u96fb\u4fe1","2002         \u4e2d\u92fc","2330         \u53f0\u7a4d\u96fb","2317         \u9d3b\u6d77","6505         \u53f0\u5851\u77f3\u5316","3481         \u7fa4\u5275","2303         \u806f\u96fb","2308         \u53f0\u9054\u96fb","2454         \u806f\u767c\u79d1","2886         \u5146\u8c50\u91d1","2884         \u7389\u5c71\u91d1","2891         \u4e2d\u4fe1\u91d1","2892         \u7b2c\u4e00\u91d1","5880         \u5408\u5eab\u91d1","2881         \u5bcc\u90a6\u91d1","2885         \u5143\u5927\u91d1","2887         \u53f0\u65b0\u91d1"],"zmin":-1,"zmax":1,"colorbar":{"x":-0.2}}],"layout":{"autotypenumbers":"strict","colorway":["#636efa","#EF553B","#00cc96","#ab63fa","#FFA15A","#19d3f3","#FF6692","#B6E880","#FF97FF","#FECB52"],"font":{"color":"#f2f5fa","family":"Courier New"},"hovermode":"closest","hoverlabel":{"align":"left"},"paper_bgcolor":"rgb(17,17,17)","plot_bgcolor":"rgb(17,17,17)","polar":{"bgcolor":"rgb(17,17,17)","angularaxis":{"gridcolor":"#506784","linecolor":"#506784","ticks":""},"radialaxis":{"gridcolor":"#506784","linecolor":"#506784","ticks":""}},"ternary":{"bgcolor":"rgb(17,17,17)","aaxis":{"gridcolor":"#506784","linecolor":"#506784","ticks":""},"baxis":{"gridcolor":"#506784","linecolor":"#506784","ticks":""},"caxis":{"gridcolor":"#506784","linecolor":"#506784","ticks":""}},"coloraxis":{"colorbar":{"outlinewidth":0,"ticks":""}},"colorscale":{"sequential":[[0.0,"#0d0887"],[0.1111111111111111,"#46039f"],[0.2222222222222222,"#7201a8"],[0.3333333333333333,"#9c179e"],[0.4444444444444444,"#bd3786"],[0.5555555555555556,"#d8576b"],[0.6666666666666666,"#ed7953"],[0.7777777777777778,"#fb9f3a"],[0.8888888888888888,"#fdca26"],[1.0,"#f0f921"]],"sequentialminus":[[0.0,"#0d0887"],[0.1111111111111111,"#46039f"],[0.2222222222222222,"#7201a8"],[0.3333333333333333,"#9c179e"],[0.4444444444444444,"#bd3786"],[0.5555555555555556,"#d8576b"],[0.6666666666666666,"#ed7953"],[0.7777777777777778,"#fb9f3a"],[0.8888888888888888,"#fdca26"],[1.0,"#f0f921"]],"diverging":[[0,"#8e0152"],[0.1,"#c51b7d"],[0.2,"#de77ae"],[0.3,"#f1b6da"],[0.4,"#fde0ef"],[0.5,"#f7f7f7"],[0.6,"#e6f5d0"],[0.7,"#b8e186"],[0.8,"#7fbc41"],[0.9,"#4d9221"],[1,"#276419"]]},"xaxis":{"gridcolor":"rgba(0, 0, 0, 0)","linecolor":"#506784","ticks":"","title":{"standoff":15},"zerolinecolor":"#283442","automargin":true,"zerolinewidth":2,"tickfont":{"family":"Courier New","size":14},"side":"top","tickangle":-90},"yaxis":{"gridcolor":"rgba(0, 0, 0, 0)","linecolor":"#506784","ticks":"","title":{"standoff":15},"zerolinecolor":"#283442","automargin":true,"zerolinewidth":2,"tickfont":{"family":"Courier New"},"side":"right"},"scene":{"xaxis":{"backgroundcolor":"rgb(17,17,17)","gridcolor":"#506784","linecolor":"#506784","showbackground":true,"ticks":"","zerolinecolor":"#C8D4E3","gridwidth":2},"yaxis":{"backgroundcolor":"rgb(17,17,17)","gridcolor":"#506784","linecolor":"#506784","showbackground":true,"ticks":"","zerolinecolor":"#C8D4E3","gridwidth":2},"zaxis":{"backgroundcolor":"rgb(17,17,17)","gridcolor":"#506784","linecolor":"#506784","showbackground":true,"ticks":"","zerolinecolor":"#C8D4E3","gridwidth":2}},"shapedefaults":{"line":{"color":"#f2f5fa"}},"annotationdefaults":{"arrowcolor":"#f2f5fa","arrowhead":0,"arrowwidth":1},"geo":{"bgcolor":"rgb(17,17,17)","landcolor":"rgb(17,17,17)","subunitcolor":"#506784","showland":true,"showlakes":true,"lakecolor":"rgb(17,17,17)"},"title":{"x":0.05,"font":{"family":"Times New Roman"},"y":0.05,"text":"<b>Correlation of Adj Close<b><br><i>2016-09-23 ~ 2026-02-11<i>"},"updatemenudefaults":{"bgcolor":"#506784","borderwidth":0},"sliderdefaults":{"bgcolor":"#C8D4E3","borderwidth":1,"bordercolor":"rgb(17,17,17)","tickwidth":0},"mapbox":{"style":"dark"},"annotations":[{"text":"<b>@zwindr<b>","textangle":0,"opacity":0.5,"font":{"color":"white","size":12},"xref":"paper","yref":"paper","xanchor":"left","yanchor":"bottom","x":1.0,"y":1.0,"showarrow":false}]},"config":{"responsive":true,"toImageButtonOptions":{"filename":"Correlation of Adj Close_2016-09-23~2026-02-11","scale":5}}};Plotly.newPlot("correlationAdjClose",correlationAdjClose.data,correlationAdjClose.layout||{},correlationAdjClose.config);}else{console.log("style display is none => correlationAdjClose");}