var element=document.getElementById("correlationAdjClose");if(element.style.display!='none'){var correlationAdjClose={"data":[{"type":"heatmap","z":[[1.0,0.9967468082296419,0.9469925689765419,0.996556160699499,0.9158059582696413,0.9896550209495062,0.9637119185741712,0.981659523443537,0.9806580285274217,0.996663794007184,0.9968179349359377,0.9969058023132625,0.8907513652160759,0.9805601804356023,0.9968913572540562,0.9901185195011261,0.9997929117628441,0.981538930035482,0.9078075880083463,0.877813555419965,0.5637938937725159,0.9876228362914812,0.946591789741765,0.2607876667931728,-0.1364967100136358,0.9195391117882631,0.9008686925941594,0.9428479754692278,0.9310292701758243,0.931966266119437,0.9854027623286604,0.9317842958460906,0.8819915074405632,0.9733541871213371,0.9845161700561395,0.9646545351482211],[0.9967468082296419,1.0,0.9531077752837223,0.9947570322529959,0.9228688950624945,0.9861762949393891,0.9662619435338299,0.972589802068439,0.9787647992480603,0.9956689510277755,0.9970974334641113,0.9966760861083602,0.9004955560849914,0.9847269353715222,0.9971358895104052,0.985972089208768,0.9980543539179079,0.9744315205266667,0.917557130274345,0.8627390012301283,0.5855846700235131,0.9801446513100458,0.9291601422985014,0.253009935917528,-0.07199361329820943,0.9103603087637456,0.9063870857244356,0.9478679289121742,0.9109368079858732,0.9164754158945541,0.9791594894244955,0.9136690776271305,0.8760013142208577,0.963962135917433,0.9802286591748199,0.9594976882325129],[0.9469925689765419,0.9531077752837223,1.0,0.9658794495809803,0.9953792542935888,0.9363603438471884,0.9831376035057611,0.8946613365626475,0.9599487022735053,0.9661771647529681,0.9741625220639302,0.9705136648490588,0.9231138928835431,0.9975412228280356,0.9739275143750142,0.9341421342063858,0.9581081393720322,0.8956118534540666,0.8223565423906677,0.704183528103175,0.3578556733452901,0.9696383772399663,0.8775601978436048,0.08933208040150137,-0.004454195164588496,0.9143452216838538,0.9723179748685971,0.975234289815307,0.7749639905643855,0.7858052656969047,0.9306634967625038,0.7805170006967128,0.7192304977548705,0.8814201344282407,0.9546539313898981,0.8867227363539709],[0.996556160699499,0.9947570322529959,0.9658794495809803,1.0,0.9409026314373876,0.9815891352462243,0.9697595600880919,0.9670804400929137,0.9786853467446825,0.9999840021615268,0.9999956471187804,0.9999759914324953,0.9015953144451669,0.987116110687968,0.9999708177501484,0.9800342343408687,0.9962741045662938,0.9667937202881034,0.8863901877726943,0.8459964743163567,0.512588433673949,0.9959360167071023,0.9424870166342318,0.22152855425168325,-0.1132342614857264,0.9177792821317174,0.9252424189123498,0.953628016294723,0.9031555332218829,0.9107036722089352,0.9837108642721831,0.9049620505774191,0.849871120073188,0.9610458568522303,0.9840597484302109,0.9521709238876136],[0.9158059582696413,0.9228688950624945,0.9953792542935888,0.9409026314373876,1.0,0.9001596414413718,0.9643602271819351,0.8523917163523566,0.9323063889507602,0.9418096880039334,0.9548249113437846,0.9490567157706948,0.9177305990328278,0.9884983498433005,0.9543850054575496,0.8980133971076375,0.9309778123112146,0.8534672674438958,0.7770616669751298,0.6498796056185612,0.2986754684839631,0.9485543665477326,0.8438901144407912,0.057753250639900264,0.020189460427371738,0.8858236318852007,0.9790407391506225,0.9617392872142996,0.7176794848288544,0.734265771074302,0.899611851933085,0.7249722848793628,0.6568435537115834,0.8387260642376653,0.9254790949096783,0.8457485784500801],[0.9896550209495062,0.9861762949393891,0.9363603438471884,0.9815891352462243,0.9001596414413718,1.0,0.9720963739001584,0.9824805134799708,0.9821108693420907,0.9812471540591746,0.9768148348792292,0.9794367234883192,0.8675198823962301,0.9510347698007837,0.976847840832743,0.9999330750812817,0.9908517777969285,0.9833632573724447,0.9147175251955307,0.8546321666447411,0.5362034852161607,0.9749934452673512,0.9317456031203201,0.16113453662437038,-0.09024916689627152,0.9351325612048814,0.8773918592113983,0.9366868628920604,0.9265870316745326,0.9170989308374755,0.972839455401638,0.9280539799998095,0.9001480113925493,0.9639295501577135,0.9848037190004172,0.9674399358620727],[0.9637119185741712,0.9662619435338299,0.9831376035057611,0.9697595600880919,0.9643602271819351,0.9720963739001584,1.0,0.9334867684840109,0.9840748052675931,0.9692017819572638,0.9779445556223135,0.9742984201340968,0.9105614965000403,0.986989754553203,0.977683863002634,0.9731327238908976,0.977080143079674,0.9362499787072739,0.8639206323592536,0.7427194488415265,0.3854558384735597,0.9700711511635772,0.9057489884025748,0.03600932188993271,0.0001405246637300981,0.9290359674411818,0.9372202781591222,0.9707466058068961,0.8245674542239835,0.8176076398947663,0.9469683909374568,0.8278933004144724,0.7918078308121353,0.9106304422462239,0.9766489464841602,0.917706587894784],[0.981659523443537,0.972589802068439,0.8946613365626475,0.9670804400929137,0.8523917163523566,0.9824805134799708,0.9334867684840109,1.0,0.9729444934431852,0.9669983797245999,0.9635279874138534,0.9661720707401292,0.8333824617670528,0.9266455623405907,0.963687058697186,0.9841766971460028,0.979772022067094,0.9999020901007988,0.9430557388618446,0.9220841726169895,0.5268965531592004,0.9559012313045854,0.9271029418997362,0.1356893978795486,-0.18217877928126908,0.9113352301401012,0.8170118092579831,0.901868402173606,0.9635598748682724,0.9505185888165634,0.9722384409394672,0.9563315687967491,0.9133534541325532,0.9722537815324829,0.9600914319489199,0.9745658367824455],[0.9806580285274217,0.9787647992480603,0.9599487022735053,0.9786853467446825,0.9323063889507602,0.9821108693420907,0.9840748052675931,0.9729444934431852,1.0,0.978419228456431,0.9757617854547521,0.9775988536542806,0.8856563398538354,0.9661866170311344,0.9757435437620643,0.981431097228922,0.9799511037677807,0.973429136668303,0.9114472970094528,0.8278074205046714,0.40146059278512264,0.9727924246285219,0.9285961639485714,0.0038765104888675702,-0.06780958256481916,0.9305812765781859,0.8890449749879986,0.9629545497252313,0.8848906537166639,0.8703051753186838,0.9694988095345638,0.8803854960483765,0.8315723107558993,0.9475382319099512,0.9826555813438683,0.942605333788869],[0.996663794007184,0.9956689510277755,0.9661771647529681,0.9999840021615268,0.9418096880039334,0.9812471540591746,0.9692017819572638,0.9669983797245999,0.978419228456431,1.0,0.9999954616229384,0.9999853745366039,0.9035300033364034,0.987359368642067,0.9999720293803015,0.9798575511480737,0.9961808598021951,0.9667367700969112,0.8881522852500602,0.8460594898755629,0.5018261080608295,0.9961202302214558,0.9432101679603363,0.2231581254155543,-0.1072673711879602,0.9189600845849554,0.9252318793634782,0.9530846792568032,0.9009816192083349,0.9079786160823753,0.9832442512249924,0.9026793924410815,0.8463976392745736,0.9598553602827894,0.9838446191946186,0.9513717770284904],[0.9968179349359377,0.9970974334641113,0.9741625220639302,0.9999956471187804,0.9548249113437846,0.9768148348792292,0.9779445556223135,0.9635279874138534,0.9757617854547521,0.9999954616229384,1.0,0.9999803746897648,0.9035480068207127,0.987204630530496,0.9999735680258748,0.9765026927793689,0.9961156429698415,0.9643396404559761,0.905239704113896,0.8770306415229352,0.32344385617143856,0.9978460995832911,0.9346593733378918,-0.21864624563305754,0.6920851488582684,0.9172278403509022,0.9216832067860035,0.9551739084264187,0.8808943259637376,0.8849279237340494,0.9792489633119569,0.8745070463404423,0.7964519516699985,0.9506369229028824,0.9884583244819195,0.9506284758479266],[0.9969058023132625,0.9966760861083602,0.9705136648490588,0.9999759914324953,0.9490567157706948,0.9794367234883192,0.9742984201340968,0.9661720707401292,0.9775988536542806,0.9999853745366039,0.9999803746897648,1.0,0.90495776208851,0.9875249108557727,0.9999807141104485,0.979285769570593,0.996112489685985,0.9667528996364221,0.8965080477618262,0.8634504223832027,0.407859388860373,0.9973587933551807,0.9421663129419613,-0.03396228948751419,0.16571512006027275,0.9260031821928445,0.9228495019821708,0.9514563873375246,0.8887327902548686,0.8930450890450876,0.981048108309698,0.8882049607476434,0.8268927405002495,0.9560178048870697,0.9843738453363231,0.9519391597862114],[0.8907513652160759,0.9004955560849914,0.9231138928835431,0.9015953144451669,0.9177305990328278,0.8675198823962301,0.9105614965000403,0.8333824617670528,0.8856563398538354,0.9035300033364034,0.9035480068207127,0.90495776208851,1.0,0.9998966189960032,0.9046077177993734,0.8697991994978007,0.892333000708144,0.8383010839412668,0.7822403355168223,0.7032543153053522,0.1429690513463658,0.8990863453957625,0.8247519384265436,-0.4465793166538595,0.7359159234236132,0.8364541184660312,0.8987250309299051,0.9077707546327433,0.7064388364108712,0.7077323596956913,0.8695563921156422,0.6993521954684592,0.5971332506111431,0.8283299333941324,0.8914027532208889,0.8416024464191303],[0.9805601804356023,0.9847269353715222,0.9975412228280356,0.987116110687968,0.9884983498433005,0.9510347698007837,0.986989754553203,0.9266455623405907,0.9661866170311344,0.987359368642067,0.987204630530496,0.9875249108557727,0.9998966189960032,1.0,0.9873561039073838,0.9505998802605277,0.9788042171417063,0.9295024754221258,0.8687826424229221,0.8314442668539097,0.039997956222761456,0.9784010100033123,0.8854729093712838,-0.6073435970077306,0.7768988884993591,0.9047853057003592,0.961695109857537,0.9725800655035215,0.7870576214171544,0.8016353069940055,0.9476098836475244,0.7995188246003371,0.6578304951170358,0.8986855909660139,0.970274084834371,0.9289735448328539],[0.9968913572540562,0.9971358895104052,0.9739275143750142,0.9999708177501484,0.9543850054575496,0.976847840832743,0.977683863002634,0.963687058697186,0.9757435437620643,0.9999720293803015,0.9999735680258748,0.9999807141104485,0.9046077177993734,0.9873561039073838,1.0,0.9767212267964368,0.9962024811147535,0.9648751317077199,0.9066072397164084,0.8773009065322961,0.3233765948464301,0.997736900174734,0.9346218030496241,-0.2158047211965404,0.6941581079404001,0.9179265975174713,0.9215510050985312,0.9551001248011808,0.8813118984937169,0.8852509341271162,0.9793741310244644,0.8750767822182,0.7968188857711777,0.9509774514294851,0.9885821900928352,0.9514053026109915],[0.9901185195011261,0.985972089208768,0.9341421342063858,0.9800342343408687,0.8980133971076375,0.9999330750812817,0.9731327238908976,0.9841766971460028,0.981431097228922,0.9798575511480737,0.9765026927793689,0.979285769570593,0.8697991994978007,0.9505998802605277,0.9767212267964368,1.0,0.9908141987246901,0.983926685621141,0.918253072564048,0.878145204230904,0.4999497544682789,0.9735237288604333,0.9294905413208138,0.01054709941088388,0.028547667423039363,0.9393144602772977,0.8709615198649135,0.9330748962889502,0.9277221737064831,0.9132890825615432,0.9712227238001568,0.9277848012015155,0.893607778648757,0.9662579983863715,0.9839262238160064,0.96985591664917],[0.9997929117628441,0.9980543539179079,0.9581081393720322,0.9962741045662938,0.9309778123112146,0.9908517777969285,0.977080143079674,0.979772022067094,0.9799511037677807,0.9961808598021951,0.9961156429698415,0.996112489685985,0.892333000708144,0.9788042171417063,0.9962024811147535,0.9908141987246901,1.0,0.980538975419818,0.927622597743782,0.901208105173105,0.3972610583201455,0.9918261329992533,0.9368729089764672,-0.17118242629150407,0.6759934874413602,0.9300348648941067,0.8975795178490331,0.9471699007705993,0.9142739343356586,0.909464078130937,0.9813315281714378,0.9076160551489836,0.8461533767616041,0.9656104019051963,0.9920888085648064,0.968475859662503],[0.981538930035482,0.9744315205266667,0.8956118534540666,0.9667937202881034,0.8534672674438958,0.9833632573724447,0.9362499787072739,0.9999020901007988,0.973429136668303,0.9667367700969112,0.9643396404559761,0.9667528996364221,0.8383010839412668,0.9295024754221258,0.9648751317077199,0.983926685621141,0.980538975419818,1.0,0.9459354769751348,0.927097146664482,0.5180913182907569,0.9552786803434768,0.9302209115905812,0.0967058375228306,-0.07273309301760993,0.9157306577206185,0.816665677736591,0.9032698212960533,0.9625570683308717,0.9487162417388633,0.9713791148495108,0.9539869580695313,0.9103019506665657,0.9717318981529234,0.9594136133839224,0.975053708312765],[0.9078075880083463,0.917557130274345,0.8223565423906677,0.8863901877726943,0.7770616669751298,0.9147175251955307,0.8639206323592536,0.9430557388618446,0.9114472970094528,0.8881522852500602,0.905239704113896,0.8965080477618262,0.7822403355168223,0.8687826424229221,0.9066072397164084,0.918253072564048,0.927622597743782,0.9459354769751348,1.0,0.844270655477729,0.5997470658669627,0.865124305722127,0.848446715423951,0.17978885809302456,0.016225978116200655,0.8768654457189559,0.7308828880896393,0.8426078049276019,0.8975561449850294,0.8721585098163078,0.8822600429682343,0.8824735615981,0.8526727178545555,0.8878109962224343,0.8903039185819458,0.9156119229404565],[0.877813555419965,0.8627390012301283,0.704183528103175,0.8459964743163567,0.6498796056185612,0.8546321666447411,0.7427194488415265,0.9220841726169895,0.8278074205046714,0.8460594898755629,0.8770306415229352,0.8634504223832027,0.7032543153053522,0.8314442668539097,0.8773009065322961,0.878145204230904,0.901208105173105,0.927097146664482,0.844270655477729,1.0,0.8000270941892307,0.8016577517821847,0.8668375290521065,0.5846269247030653,-0.43635972510154797,0.6936534209036601,0.6617329414994991,0.7192592710318529,0.963433387653353,0.9436456531420684,0.869752048529659,0.9524067117470204,0.9107616751999988,0.8962947485491564,0.8162195798989481,0.8720379288896493],[0.5637938937725159,0.5855846700235131,0.3578556733452901,0.512588433673949,0.2986754684839631,0.5362034852161607,0.3854558384735597,0.5268965531592004,0.40146059278512264,0.5018261080608295,0.32344385617143856,0.407859388860373,0.1429690513463658,0.039997956222761456,0.3233765948464301,0.4999497544682789,0.3972610583201455,0.5180913182907569,0.5997470658669627,0.8000270941892307,1.0,0.46629801963379963,0.621940786950844,0.7206067998332429,-0.11458845727930947,0.43057572261110866,0.35663480947419574,0.4276737393499838,0.7426742899556557,0.6645185567062109,0.521004897282415,0.6972471947534765,0.7357489253310322,0.5951280890633914,0.5178740126462109,0.5889199280158012],[0.9876228362914812,0.9801446513100458,0.9696383772399663,0.9959360167071023,0.9485543665477326,0.9749934452673512,0.9700711511635772,0.9559012313045854,0.9727924246285219,0.9961202302214558,0.9978460995832911,0.9973587933551807,0.8990863453957625,0.9784010100033123,0.997736900174734,0.9735237288604333,0.9918261329992533,0.9552786803434768,0.865124305722127,0.8016577517821847,0.46629801963379963,1.0,0.9228563313597892,0.16471377912698218,-0.09820181234010844,0.9030682615685135,0.9337619923148028,0.950843682598998,0.8714425228806393,0.8909148529368518,0.9771513221119679,0.8817796981661629,0.8227795687993044,0.9490604348814803,0.9745140226309914,0.9368300095751831],[0.946591789741765,0.9291601422985014,0.8775601978436048,0.9424870166342318,0.8438901144407912,0.9317456031203201,0.9057489884025748,0.9271029418997362,0.9285961639485714,0.9432101679603363,0.9346593733378918,0.9421663129419613,0.8247519384265436,0.8854729093712838,0.9346218030496241,0.9294905413208138,0.9368729089764672,0.9302209115905812,0.848446715423951,0.8668375290521065,0.621940786950844,0.9228563313597892,1.0,0.2304398628577683,-0.0811813014531549,0.7749519674293286,0.830104847542228,0.8687553285306145,0.9010081592653356,0.8767501512151823,0.9500072837440843,0.8834145641762234,0.8406455455085282,0.9464765012055723,0.9082768219710441,0.8936124795506823],[0.2607876667931728,0.253009935917528,0.08933208040150137,0.22152855425168325,0.057753250639900264,0.16113453662437038,0.03600932188993271,0.1356893978795486,0.0038765104888675702,0.2231581254155543,-0.21864624563305754,-0.03396228948751419,-0.4465793166538595,-0.6073435970077306,-0.2158047211965404,0.01054709941088388,-0.17118242629150407,0.0967058375228306,0.17978885809302456,0.5846269247030653,0.7206067998332429,0.16471377912698218,0.2304398628577683,1.0,-0.37698610828477347,0.17962811885105426,0.09621131444285198,0.0929107297003307,0.4163781781862096,0.4019025600702856,0.2168170917587508,0.426370344493509,0.37227374642747163,0.2663653648055233,0.16951577391604342,0.2879435341860281],[-0.1364967100136358,-0.07199361329820943,-0.004454195164588496,-0.1132342614857264,0.020189460427371738,-0.09024916689627152,0.0001405246637300981,-0.18217877928126908,-0.06780958256481916,-0.1072673711879602,0.6920851488582684,0.16571512006027275,0.7359159234236132,0.7768988884993591,0.6941581079404001,0.028547667423039363,0.6759934874413602,-0.07273309301760993,0.016225978116200655,-0.43635972510154797,-0.11458845727930947,-0.09820181234010844,-0.0811813014531549,-0.37698610828477347,1.0,0.002995751883051142,-0.003050698256517714,0.014812002763214179,-0.30501722294724004,-0.28968481881124003,-0.15448193351617984,-0.26312325426047917,-0.16042037874603446,-0.21307297800915187,-0.03495061619420854,-0.17129827020301985],[0.9195391117882631,0.9103603087637456,0.9143452216838538,0.9177792821317174,0.8858236318852007,0.9351325612048814,0.9290359674411818,0.9113352301401012,0.9305812765781859,0.9189600845849554,0.9172278403509022,0.9260031821928445,0.8364541184660312,0.9047853057003592,0.9179265975174713,0.9393144602772977,0.9300348648941067,0.9157306577206185,0.8768654457189559,0.6936534209036601,0.43057572261110866,0.9030682615685135,0.7749519674293286,0.17962811885105426,0.002995751883051142,1.0,0.8406740264685088,0.9335292909746209,0.7835868124324447,0.8214685225421885,0.8745302354326281,0.8255228001922086,0.7881061877111277,0.871280838313139,0.9104203035153867,0.9093048456607173],[0.9008686925941594,0.9063870857244356,0.9723179748685971,0.9252424189123498,0.9790407391506225,0.8773918592113983,0.9372202781591222,0.8170118092579831,0.8890449749879986,0.9252318793634782,0.9216832067860035,0.9228495019821708,0.8987250309299051,0.961695109857537,0.9215510050985312,0.8709615198649135,0.8975795178490331,0.816665677736591,0.7308828880896393,0.6617329414994991,0.35663480947419574,0.9337619923148028,0.830104847542228,0.09621131444285198,-0.003050698256517714,0.8406740264685088,1.0,0.9282995405121517,0.7105388054107243,0.7248133021848768,0.8791732700407102,0.713627233483113,0.6489492482770548,0.8178979809540333,0.9000660289300448,0.8262178507628578],[0.9428479754692278,0.9478679289121742,0.975234289815307,0.953628016294723,0.9617392872142996,0.9366868628920604,0.9707466058068961,0.901868402173606,0.9629545497252313,0.9530846792568032,0.9551739084264187,0.9514563873375246,0.9077707546327433,0.9725800655035215,0.9551001248011808,0.9330748962889502,0.9471699007705993,0.9032698212960533,0.8426078049276019,0.7192592710318529,0.4276737393499838,0.950843682598998,0.8687553285306145,0.0929107297003307,0.014812002763214179,0.9335292909746209,0.9282995405121517,1.0,0.7975965059778244,0.79808258535,0.9231546882504453,0.7932276253918994,0.7495083926281627,0.8935515880134925,0.9572817443694502,0.8815658332000503],[0.9310292701758243,0.9109368079858732,0.7749639905643855,0.9031555332218829,0.7176794848288544,0.9265870316745326,0.8245674542239835,0.9635598748682724,0.8848906537166639,0.9009816192083349,0.8808943259637376,0.8887327902548686,0.7064388364108712,0.7870576214171544,0.8813118984937169,0.9277221737064831,0.9142739343356586,0.9625570683308717,0.8975561449850294,0.963433387653353,0.7426742899556557,0.8714425228806393,0.9010081592653356,0.4163781781862096,-0.30501722294724004,0.7835868124324447,0.7105388054107243,0.7975965059778244,1.0,0.9876080317290993,0.9286548006128291,0.9917329365033662,0.9572038987377511,0.9529477590655945,0.8772966959364853,0.9464829230472308],[0.931966266119437,0.9164754158945541,0.7858052656969047,0.9107036722089352,0.734265771074302,0.9170989308374755,0.8176076398947663,0.9505185888165634,0.8703051753186838,0.9079786160823753,0.8849279237340494,0.8930450890450876,0.7077323596956913,0.8016353069940055,0.8852509341271162,0.9132890825615432,0.909464078130937,0.9487162417388633,0.8721585098163078,0.9436456531420684,0.6645185567062109,0.8909148529368518,0.8767501512151823,0.4019025600702856,-0.28968481881124003,0.8214685225421885,0.7248133021848768,0.79808258535,0.9876080317290993,1.0,0.9303307126669579,0.9866081254451706,0.9570452263833935,0.9423984705711466,0.8950856503464174,0.9494719261720476],[0.9854027623286604,0.9791594894244955,0.9306634967625038,0.9837108642721831,0.899611851933085,0.972839455401638,0.9469683909374568,0.9722384409394672,0.9694988095345638,0.9832442512249924,0.9792489633119569,0.981048108309698,0.8695563921156422,0.9476098836475244,0.9793741310244644,0.9712227238001568,0.9813315281714378,0.9713791148495108,0.8822600429682343,0.869752048529659,0.521004897282415,0.9771513221119679,0.9500072837440843,0.2168170917587508,-0.15448193351617984,0.8745302354326281,0.8791732700407102,0.9231546882504453,0.9286548006128291,0.9303307126669579,1.0,0.9263585440053305,0.8706640854015378,0.9764358266100441,0.9752342502244326,0.9597899631504733],[0.9317842958460906,0.9136690776271305,0.7805170006967128,0.9049620505774191,0.7249722848793628,0.9280539799998095,0.8278933004144724,0.9563315687967491,0.8803854960483765,0.9026793924410815,0.8745070463404423,0.8882049607476434,0.6993521954684592,0.7995188246003371,0.8750767822182,0.9277848012015155,0.9076160551489836,0.9539869580695313,0.8824735615981,0.9524067117470204,0.6972471947534765,0.8817796981661629,0.8834145641762234,0.426370344493509,-0.26312325426047917,0.8255228001922086,0.713627233483113,0.7932276253918994,0.9917329365033662,0.9866081254451706,0.9263585440053305,1.0,0.9738510481635868,0.945519055601354,0.8993037982797543,0.9469711132602243],[0.8819915074405632,0.8760013142208577,0.7192304977548705,0.849871120073188,0.6568435537115834,0.9001480113925493,0.7918078308121353,0.9133534541325532,0.8315723107558993,0.8463976392745736,0.7964519516699985,0.8268927405002495,0.5971332506111431,0.6578304951170358,0.7968188857711777,0.893607778648757,0.8461533767616041,0.9103019506665657,0.8526727178545555,0.9107616751999988,0.7357489253310322,0.8227795687993044,0.8406455455085282,0.37227374642747163,-0.16042037874603446,0.7881061877111277,0.6489492482770548,0.7495083926281627,0.9572038987377511,0.9570452263833935,0.8706640854015378,0.9738510481635868,1.0,0.8964966675471879,0.8629667936899988,0.9174154527143613],[0.9733541871213371,0.963962135917433,0.8814201344282407,0.9610458568522303,0.8387260642376653,0.9639295501577135,0.9106304422462239,0.9722537815324829,0.9475382319099512,0.9598553602827894,0.9506369229028824,0.9560178048870697,0.8283299333941324,0.8986855909660139,0.9509774514294851,0.9662579983863715,0.9656104019051963,0.9717318981529234,0.8878109962224343,0.8962947485491564,0.5951280890633914,0.9490604348814803,0.9464765012055723,0.2663653648055233,-0.21307297800915187,0.871280838313139,0.8178979809540333,0.8935515880134925,0.9529477590655945,0.9423984705711466,0.9764358266100441,0.945519055601354,0.8964966675471879,1.0,0.9553828360689216,0.9567229565965895],[0.9845161700561395,0.9802286591748199,0.9546539313898981,0.9840597484302109,0.9254790949096783,0.9848037190004172,0.9766489464841602,0.9600914319489199,0.9826555813438683,0.9838446191946186,0.9884583244819195,0.9843738453363231,0.8914027532208889,0.970274084834371,0.9885821900928352,0.9839262238160064,0.9920888085648064,0.9594136133839224,0.8903039185819458,0.8162195798989481,0.5178740126462109,0.9745140226309914,0.9082768219710441,0.16951577391604342,-0.03495061619420854,0.9104203035153867,0.9000660289300448,0.9572817443694502,0.8772966959364853,0.8950856503464174,0.9752342502244326,0.8993037982797543,0.8629667936899988,0.9553828360689216,1.0,0.9439982105021407],[0.9646545351482211,0.9594976882325129,0.8867227363539709,0.9521709238876136,0.8457485784500801,0.9674399358620727,0.917706587894784,0.9745658367824455,0.942605333788869,0.9513717770284904,0.9506284758479266,0.9519391597862114,0.8416024464191303,0.9289735448328539,0.9514053026109915,0.96985591664917,0.968475859662503,0.975053708312765,0.9156119229404565,0.8720379288896493,0.5889199280158012,0.9368300095751831,0.8936124795506823,0.2879435341860281,-0.17129827020301985,0.9093048456607173,0.8262178507628578,0.8815658332000503,0.9464829230472308,0.9494719261720476,0.9597899631504733,0.9469711132602243,0.9174154527143613,0.9567229565965895,0.9439982105021407,1.0]],"x":["^TAIEX       \u81fa\u7063\u52a0\u6b0a\u5831\u916c\u6307\u6578","^TWII        \u81fa\u7063\u52a0\u6b0a\u6307\u6578","^TAIEXx2     \u81fa\u7063\u52a0\u6b0a\u5831\u916c\u6307\u6578_\u65e5\u6b632","^TAI50I      \u81fa\u706350\u5831\u916c\u6307\u6578","^TAI50Ix2    \u81fa\u706350\u5831\u916c\u6307\u6578_\u65e5\u6b632","^TAI100I     \u81fa\u7063\u4e2d\u578b100\u5831\u916c\u6307\u6578","^TAI100Ix2   \u81fa\u7063\u4e2d\u578b100\u5831\u916c\u6307\u6578_\u65e5\u6b632","^TAIDIVIDI   \u81fa\u7063\u9ad8\u80a1\u606f\u5831\u916c\u6307\u6578","^TAIDIVIDIx2 \u81fa\u7063\u9ad8\u80a1\u606f\u5831\u916c\u6307\u6578_\u65e5\u6b632","0050Fund     \u5143\u5927\u53f0\u7063\u5353\u8d8a50\u57fa\u91d1","006208Fund   \u5bcc\u90a6\u53f0\u7063\u91c6\u540950\u57fa\u91d1","0050         \u5143\u5927\u81fa\u706350","00631L       \u5143\u5927\u53f0\u706350\u6b632","00675L       \u5bcc\u90a6\u81fa\u7063\u52a0\u6b0a\u6b632","006208       \u5bcc\u90a6\u53f050","0051         \u5143\u5927\u4e2d\u578b100","006204       \u6c38\u8c50\u81fa\u7063\u52a0\u6b0a","0056         \u5143\u5927\u9ad8\u80a1\u606f","0056         \u5143\u5927\u9ad8\u80a1\u606f_\u80a1\u606f\u4e0d\u6295\u5165","2412         \u4e2d\u83ef\u96fb\u4fe1","2002         \u4e2d\u92fc","2330         \u53f0\u7a4d\u96fb","2317         \u9d3b\u6d77","6505         \u53f0\u5851\u77f3\u5316","3481         \u7fa4\u5275","2303         \u806f\u96fb","2308         \u53f0\u9054\u96fb","2454         \u806f\u767c\u79d1","2886         \u5146\u8c50\u91d1","2884         \u7389\u5c71\u91d1","2891         \u4e2d\u4fe1\u91d1","2892         \u7b2c\u4e00\u91d1","5880         \u5408\u5eab\u91d1","2881         \u5bcc\u90a6\u91d1","2885         \u5143\u5927\u91d1","2887         \u53f0\u65b0\u91d1"],"y":["^TAIEX       \u81fa\u7063\u52a0\u6b0a\u5831\u916c\u6307\u6578","^TWII        \u81fa\u7063\u52a0\u6b0a\u6307\u6578","^TAIEXx2     \u81fa\u7063\u52a0\u6b0a\u5831\u916c\u6307\u6578_\u65e5\u6b632","^TAI50I      \u81fa\u706350\u5831\u916c\u6307\u6578","^TAI50Ix2    \u81fa\u706350\u5831\u916c\u6307\u6578_\u65e5\u6b632","^TAI100I     \u81fa\u7063\u4e2d\u578b100\u5831\u916c\u6307\u6578","^TAI100Ix2   \u81fa\u7063\u4e2d\u578b100\u5831\u916c\u6307\u6578_\u65e5\u6b632","^TAIDIVIDI   \u81fa\u7063\u9ad8\u80a1\u606f\u5831\u916c\u6307\u6578","^TAIDIVIDIx2 \u81fa\u7063\u9ad8\u80a1\u606f\u5831\u916c\u6307\u6578_\u65e5\u6b632","0050Fund     \u5143\u5927\u53f0\u7063\u5353\u8d8a50\u57fa\u91d1","006208Fund   \u5bcc\u90a6\u53f0\u7063\u91c6\u540950\u57fa\u91d1","0050         \u5143\u5927\u81fa\u706350","00631L       \u5143\u5927\u53f0\u706350\u6b632","00675L       \u5bcc\u90a6\u81fa\u7063\u52a0\u6b0a\u6b632","006208       \u5bcc\u90a6\u53f050","0051         \u5143\u5927\u4e2d\u578b100","006204       \u6c38\u8c50\u81fa\u7063\u52a0\u6b0a","0056         \u5143\u5927\u9ad8\u80a1\u606f","0056         \u5143\u5927\u9ad8\u80a1\u606f_\u80a1\u606f\u4e0d\u6295\u5165","2412         \u4e2d\u83ef\u96fb\u4fe1","2002         \u4e2d\u92fc","2330         \u53f0\u7a4d\u96fb","2317         \u9d3b\u6d77","6505         \u53f0\u5851\u77f3\u5316","3481         \u7fa4\u5275","2303         \u806f\u96fb","2308         \u53f0\u9054\u96fb","2454         \u806f\u767c\u79d1","2886         \u5146\u8c50\u91d1","2884         \u7389\u5c71\u91d1","2891         \u4e2d\u4fe1\u91d1","2892         \u7b2c\u4e00\u91d1","5880         \u5408\u5eab\u91d1","2881         \u5bcc\u90a6\u91d1","2885         \u5143\u5927\u91d1","2887         \u53f0\u65b0\u91d1"],"zmin":-1,"zmax":1,"colorbar":{"x":-0.2}}],"layout":{"autotypenumbers":"strict","colorway":["#636efa","#EF553B","#00cc96","#ab63fa","#FFA15A","#19d3f3","#FF6692","#B6E880","#FF97FF","#FECB52"],"font":{"color":"#f2f5fa","family":"Courier New"},"hovermode":"closest","hoverlabel":{"align":"left"},"paper_bgcolor":"rgb(17,17,17)","plot_bgcolor":"rgb(17,17,17)","polar":{"bgcolor":"rgb(17,17,17)","angularaxis":{"gridcolor":"#506784","linecolor":"#506784","ticks":""},"radialaxis":{"gridcolor":"#506784","linecolor":"#506784","ticks":""}},"ternary":{"bgcolor":"rgb(17,17,17)","aaxis":{"gridcolor":"#506784","linecolor":"#506784","ticks":""},"baxis":{"gridcolor":"#506784","linecolor":"#506784","ticks":""},"caxis":{"gridcolor":"#506784","linecolor":"#506784","ticks":""}},"coloraxis":{"colorbar":{"outlinewidth":0,"ticks":""}},"colorscale":{"sequential":[[0.0,"#0d0887"],[0.1111111111111111,"#46039f"],[0.2222222222222222,"#7201a8"],[0.3333333333333333,"#9c179e"],[0.4444444444444444,"#bd3786"],[0.5555555555555556,"#d8576b"],[0.6666666666666666,"#ed7953"],[0.7777777777777778,"#fb9f3a"],[0.8888888888888888,"#fdca26"],[1.0,"#f0f921"]],"sequentialminus":[[0.0,"#0d0887"],[0.1111111111111111,"#46039f"],[0.2222222222222222,"#7201a8"],[0.3333333333333333,"#9c179e"],[0.4444444444444444,"#bd3786"],[0.5555555555555556,"#d8576b"],[0.6666666666666666,"#ed7953"],[0.7777777777777778,"#fb9f3a"],[0.8888888888888888,"#fdca26"],[1.0,"#f0f921"]],"diverging":[[0,"#8e0152"],[0.1,"#c51b7d"],[0.2,"#de77ae"],[0.3,"#f1b6da"],[0.4,"#fde0ef"],[0.5,"#f7f7f7"],[0.6,"#e6f5d0"],[0.7,"#b8e186"],[0.8,"#7fbc41"],[0.9,"#4d9221"],[1,"#276419"]]},"xaxis":{"gridcolor":"rgba(0, 0, 0, 0)","linecolor":"#506784","ticks":"","title":{"standoff":15},"zerolinecolor":"#283442","automargin":true,"zerolinewidth":2,"tickfont":{"family":"Courier New","size":14},"side":"top","tickangle":-90},"yaxis":{"gridcolor":"rgba(0, 0, 0, 0)","linecolor":"#506784","ticks":"","title":{"standoff":15},"zerolinecolor":"#283442","automargin":true,"zerolinewidth":2,"tickfont":{"family":"Courier New"},"side":"right"},"scene":{"xaxis":{"backgroundcolor":"rgb(17,17,17)","gridcolor":"#506784","linecolor":"#506784","showbackground":true,"ticks":"","zerolinecolor":"#C8D4E3","gridwidth":2},"yaxis":{"backgroundcolor":"rgb(17,17,17)","gridcolor":"#506784","linecolor":"#506784","showbackground":true,"ticks":"","zerolinecolor":"#C8D4E3","gridwidth":2},"zaxis":{"backgroundcolor":"rgb(17,17,17)","gridcolor":"#506784","linecolor":"#506784","showbackground":true,"ticks":"","zerolinecolor":"#C8D4E3","gridwidth":2}},"shapedefaults":{"line":{"color":"#f2f5fa"}},"annotationdefaults":{"arrowcolor":"#f2f5fa","arrowhead":0,"arrowwidth":1},"geo":{"bgcolor":"rgb(17,17,17)","landcolor":"rgb(17,17,17)","subunitcolor":"#506784","showland":true,"showlakes":true,"lakecolor":"rgb(17,17,17)"},"title":{"x":0.05,"font":{"family":"Times New Roman"},"y":0.05,"text":"<b>Correlation of Adj Close<b><br><i>2016-09-23 ~ 2026-07-21<i>"},"updatemenudefaults":{"bgcolor":"#506784","borderwidth":0},"sliderdefaults":{"bgcolor":"#C8D4E3","borderwidth":1,"bordercolor":"rgb(17,17,17)","tickwidth":0},"mapbox":{"style":"dark"},"annotations":[{"text":"<b>@zwindr<b>","textangle":0,"opacity":0.5,"font":{"color":"white","size":12},"xref":"paper","yref":"paper","xanchor":"left","yanchor":"bottom","x":1.0,"y":1.0,"showarrow":false}]},"config":{"responsive":true,"toImageButtonOptions":{"filename":"Correlation of Adj Close_2016-09-23~2026-07-21","scale":5}}};Plotly.newPlot("correlationAdjClose",correlationAdjClose.data,correlationAdjClose.layout||{},correlationAdjClose.config);}else{console.log("style display is none => correlationAdjClose");}