var element=document.getElementById("correlationClose");if(element.style.display!='none'){var correlationClose={"data":[{"type":"heatmap","z":[[1.0,0.9999999999999979,1.0,0.995023587643599,0.995023587643599,0.9686087042321656,0.9686087042321656,0.9098313015615558,0.9098313015615558,0.7967346503414947,0.994714885968826,0.7497089280171237,0.9918301347002523,0.9922499676123838,0.9948017150370978,0.9754604452792981,0.9991582467678631,0.9146158158543753,0.9146158158543753,0.7790746030265315,-0.164718644649055,0.9789833570031433,0.20454280289246202,-0.13318062611367187,-0.24450418941731164,0.8162331307051635,0.9049140695770779,0.9187964134250413,0.9209184178072303,0.7853279519061918,0.5966584031605211,0.6464768708656695,0.6239924494937061,0.9355548201551586,0.8463658590861874,0.21428871018033632],[0.9999999999999979,1.0,0.9999999999999981,0.9949930992518176,0.9949930992518176,0.968122336220092,0.968122336220092,0.9106731040022894,0.9106731040022894,0.7983053945479712,0.9947083653705718,0.7498515003171332,0.9914860485171563,0.9917180207375539,0.9948096028733291,0.9750004120254935,0.9991594139491621,0.9146181860214245,0.9146181860214245,0.7969682915721824,0.047237125093707366,0.9712859292507687,-0.01674105181340895,-0.1260492572115072,-0.2444843294971294,0.6551779535638903,0.9049368338819905,0.8961619030394011,0.9157334869295943,0.7949593570630232,0.5889195559201785,0.6438966508907146,0.6487316575071335,0.9334536291867895,0.7099504932484145,0.21181812855851662],[1.0,0.9999999999999981,1.0,0.995023587643599,0.995023587643599,0.9686087042321656,0.9686087042321656,0.9098313015615558,0.9098313015615558,0.7967346503414947,0.994714885968826,0.7497089280171237,0.9918301347002523,0.9922499676123838,0.9948017150370978,0.9754604452792981,0.9991582467678631,0.9146158158543753,0.9146158158543753,0.7790746030265315,-0.164718644649055,0.9789833570031433,0.20454280289246202,-0.13318062611367187,-0.24450418941731164,0.8162331307051635,0.9049140695770779,0.9187964134250413,0.9209184178072303,0.7853279519061918,0.5966584031605211,0.6464768708656695,0.6239924494937061,0.9355548201551586,0.8463658590861874,0.21428871018033632],[0.995023587643599,0.9949930992518176,0.995023587643599,1.0,1.0,0.9555364946492658,0.9555364946492658,0.8933255470236692,0.8933255470236692,0.7650661400722966,0.9995778236080431,0.7165346092578707,0.9920250713767411,0.9897285395993851,0.9995299256344606,0.9579027346866428,0.9948841679222344,0.8880400182657051,0.8880400182657051,0.7514832734176253,-0.1730360437564944,0.9913831736709926,0.2328912940098461,-0.1697706757580353,-0.2430219726865412,0.8046808721983834,0.9203640654698949,0.9183672507460365,0.9023349396005176,0.7874581297162966,0.6263741495310446,0.6384208099753541,0.5918259322916739,0.9244001023203225,0.8368705541713546,0.22721947933383377],[0.995023587643599,0.9949930992518176,0.995023587643599,1.0,1.0,0.9555364946492658,0.9555364946492658,0.8933255470236692,0.8933255470236692,0.7650661400722966,0.9995778236080431,0.7165346092578707,0.9920250713767411,0.9897285395993851,0.9995299256344606,0.9579027346866428,0.9948841679222344,0.8880400182657051,0.8880400182657051,0.7514832734176253,-0.1730360437564944,0.9913831736709926,0.2328912940098461,-0.1697706757580353,-0.2430219726865412,0.8046808721983834,0.9203640654698949,0.9183672507460365,0.9023349396005176,0.7874581297162966,0.6263741495310446,0.6384208099753541,0.5918259322916739,0.9244001023203225,0.8368705541713546,0.22721947933383377],[0.9686087042321656,0.968122336220092,0.9686087042321656,0.9555364946492658,0.9555364946492658,1.0,1.0,0.9345932739255486,0.9345932739255486,0.7726246872211059,0.9545148555956874,0.7533363212063023,0.9668900877072273,0.9641361190549751,0.9544907766533266,0.9990703157106777,0.9754762813464911,0.9174965967034183,0.9174965967034183,0.6512280136712671,-0.11599858235654271,0.9414266367719407,0.3511400774509495,-0.31000838396398905,-0.11906295158820823,0.8830567351760131,0.8579680894732911,0.9358961439309693,0.898737227452986,0.7524962393334095,0.7701010664186707,0.7450448238099422,0.6983761269351838,0.8699223284727873,0.8746766381752954,0.4872756232746592],[0.9686087042321656,0.968122336220092,0.9686087042321656,0.9555364946492658,0.9555364946492658,1.0,1.0,0.9345932739255486,0.9345932739255486,0.7726246872211059,0.9545148555956874,0.7533363212063023,0.9668900877072273,0.9641361190549751,0.9544907766533266,0.9990703157106777,0.9754762813464911,0.9174965967034183,0.9174965967034183,0.6512280136712671,-0.11599858235654271,0.9414266367719407,0.3511400774509495,-0.31000838396398905,-0.11906295158820823,0.8830567351760131,0.8579680894732911,0.9358961439309693,0.898737227452986,0.7524962393334095,0.7701010664186707,0.7450448238099422,0.6983761269351838,0.8699223284727873,0.8746766381752954,0.4872756232746592],[0.9098313015615558,0.9106731040022894,0.9098313015615558,0.8933255470236692,0.8933255470236692,0.9345932739255486,0.9345932739255486,1.0,1.0,0.7300705331369202,0.9369439380370124,0.7438094135823681,0.9350769006274612,0.9295510638501728,0.9370066469660451,0.9360294568343451,0.9459409041658092,0.9706274561219232,0.9706274561219232,0.5984253452320407,0.0053224701340824,0.8571667372220472,0.5728463188629415,-0.336086113556091,0.012215853328000993,0.7927728216554313,0.7565212183854136,0.8817054756910502,0.856559165701134,0.7661784534174642,0.882557296000441,0.7879907729391383,0.7143552192367829,0.8051694769411081,0.8593509032480879,0.811863740703468],[0.9098313015615558,0.9106731040022894,0.9098313015615558,0.8933255470236692,0.8933255470236692,0.9345932739255486,0.9345932739255486,1.0,1.0,0.7300705331369202,0.9369439380370124,0.7438094135823681,0.9350769006274612,0.9295510638501728,0.9370066469660451,0.9360294568343451,0.9459409041658092,0.9706274561219232,0.9706274561219232,0.5984253452320407,0.0053224701340824,0.8571667372220472,0.5728463188629415,-0.336086113556091,0.012215853328000993,0.7927728216554313,0.7565212183854136,0.8817054756910502,0.856559165701134,0.7661784534174642,0.882557296000441,0.7879907729391383,0.7143552192367829,0.8051694769411081,0.8593509032480879,0.811863740703468],[0.7967346503414947,0.7983053945479712,0.7967346503414947,0.7650661400722966,0.7650661400722966,0.7726246872211059,0.7726246872211059,0.7300705331369202,0.7300705331369202,1.0,0.6430579251928378,0.9999698050552704,0.5599184911016104,0.4619990444224169,0.6451318848177993,0.7680415466705193,0.7035697222362554,0.811022340361593,0.811022340361593,0.6924627232800357,-0.09827310665003416,0.7352894476289132,0.036352473058263696,0.0494017875877485,-0.24294580138249555,0.7804760626084123,0.5168308242400244,0.753320718633828,0.811073926318951,0.6816055843512967,0.3476173114304612,0.52839940780545,0.563552482962682,0.7856433542298756,0.6469196466862226,0.17078621625564872],[0.994714885968826,0.9947083653705718,0.994714885968826,0.9995778236080431,0.9995778236080431,0.9545148555956874,0.9545148555956874,0.9369439380370124,0.9369439380370124,0.6430579251928378,1.0,0.6428926451373439,0.9916394183945669,0.9896497634110546,0.9999326746843672,0.9531933559671114,0.9941038401866731,0.8982637665626801,0.8982637665626801,0.8528549302655165,-0.026454050698674857,0.9966930991243915,0.8988417430220774,-0.5286762194074051,0.3732478617700097,0.8159630792154277,0.8889006688042692,0.9335904697844982,0.8952930628558559,0.8124264653357308,0.9241993709738245,0.86404986262491,0.7596025967565374,0.9063505194895118,0.9471898464731451,0.7938860189980448],[0.7497089280171237,0.7498515003171332,0.7497089280171237,0.7165346092578707,0.7165346092578707,0.7533363212063023,0.7533363212063023,0.7438094135823681,0.7438094135823681,0.9999698050552704,0.6428926451373439,1.0,0.5574266919272459,0.4589177364032989,0.643468037895122,0.7581685839868292,0.7020074570968556,0.8058675999694473,0.8058675999694473,0.6504974016848009,0.030688137374489215,0.688357301429347,0.41451708807332727,-0.16682237516964374,-0.2313873027988148,0.809073680744846,0.41725421660774037,0.7248710196491313,0.7821575350068383,0.7047044334091744,0.5596050090821224,0.6995127144184264,0.6809433111534539,0.7405812291041698,0.6317832368463728,0.6613730838369148],[0.9918301347002523,0.9914860485171563,0.9918301347002523,0.9920250713767411,0.9920250713767411,0.9668900877072273,0.9668900877072273,0.9350769006274612,0.9350769006274612,0.5599184911016104,0.9916394183945669,0.5574266919272459,1.0,0.999800930507635,0.9915481273096163,0.9632600437718654,0.9899461051651196,0.880603043222704,0.880603043222704,0.8319944541127399,-0.0061758323011136635,0.9905022168001383,0.9161419590471916,-0.6723189288100692,0.4438763807369718,0.7826202429422597,0.902523798436105,0.9355024064945899,0.8777083781287139,0.7495588580581158,0.92531110303608,0.8372533948298595,0.7284252662049819,0.8889001152310081,0.9562742791743263,0.8188732050629219],[0.9922499676123838,0.9917180207375539,0.9922499676123838,0.9897285395993851,0.9897285395993851,0.9641361190549751,0.9641361190549751,0.9295510638501728,0.9295510638501728,0.4619990444224169,0.9896497634110546,0.4589177364032989,0.999800930507635,1.0,0.9897130286756132,0.959609231187027,0.9895719129306297,0.8643413743147651,0.8643413743147651,0.8539077729958947,-0.1312447481144521,0.9871699480718449,0.9224547668930205,-0.8317891319654106,0.47943913517981857,0.7316467975250017,0.9083633259070018,0.9275152264360615,0.8616158699274657,0.6878834031639462,0.93266686762255,0.8297378673490349,0.666769096053532,0.9099180750121353,0.9569700244048117,0.7928998418331038],[0.9948017150370978,0.9948096028733291,0.9948017150370978,0.9995299256344606,0.9995299256344606,0.9544907766533266,0.9544907766533266,0.9370066469660451,0.9370066469660451,0.6451318848177993,0.9999326746843672,0.643468037895122,0.9915481273096163,0.9897130286756132,1.0,0.9533816606824929,0.994218667894175,0.8988217961381537,0.8988217961381537,0.8537343296670782,-0.02697056042358674,0.9965465246791473,0.8984411666775114,-0.5261844698501836,0.37468319197060856,0.8171355041460335,0.8872454054884077,0.9332245791854115,0.8955247887601979,0.8136244427842345,0.9238631206002942,0.8649661762415732,0.7603624620375873,0.9062585039910698,0.9473445303036845,0.7950641942012235],[0.9754604452792981,0.9750004120254935,0.9754604452792981,0.9579027346866428,0.9579027346866428,0.9990703157106777,0.9990703157106777,0.9360294568343451,0.9360294568343451,0.7680415466705193,0.9531933559671114,0.7581685839868292,0.9632600437718654,0.959609231187027,0.9533816606824929,1.0,0.9757569234323931,0.9183489860910321,0.9183489860910321,0.6997182569220737,-0.10142351771369745,0.9469014232276695,0.6701825301046577,-0.4409195343226874,-0.16088698784449343,0.8948966713435049,0.8491012448122958,0.9323409258244665,0.906022606796526,0.788035213302084,0.8663139768808519,0.7912680179532596,0.7549809331126875,0.8909647896982735,0.8719407824467292,0.8014530742606357],[0.9991582467678631,0.9991594139491621,0.9991582467678631,0.9948841679222344,0.9948841679222344,0.9754762813464911,0.9754762813464911,0.9459409041658092,0.9459409041658092,0.7035697222362554,0.9941038401866731,0.7020074570968556,0.9899461051651196,0.9895719129306297,0.994218667894175,0.9757569234323931,1.0,0.9256005562690529,0.9256005562690529,0.8640894727408139,-0.010731980104002888,0.9876346830934007,0.868902294578789,-0.5087343697431737,0.3898047749985321,0.8633135348325734,0.8769821075374694,0.945803802589984,0.925651893866289,0.834228292086155,0.912354566369526,0.8959206532197057,0.8036530803251847,0.9198762052208871,0.9560773874425131,0.8458783887290235],[0.9146158158543753,0.9146181860214245,0.9146158158543753,0.8880400182657051,0.8880400182657051,0.9174965967034183,0.9174965967034183,0.9706274561219232,0.9706274561219232,0.811022340361593,0.8982637665626801,0.8058675999694473,0.880603043222704,0.8643413743147651,0.8988217961381537,0.9183489860910321,0.9256005562690529,1.0,1.0,0.7484948481105833,-0.05076416432327692,0.8518947501272939,0.5677895583587551,-0.21973606286082586,-0.20383889487078732,0.8320528113976403,0.7163277688920806,0.8425565176868688,0.9193375487321576,0.8435900974468664,0.7990118373646444,0.7637284772192129,0.7081360983364868,0.8504582694854076,0.7848011216424398,0.8567282358515301],[0.9146158158543753,0.9146181860214245,0.9146158158543753,0.8880400182657051,0.8880400182657051,0.9174965967034183,0.9174965967034183,0.9706274561219232,0.9706274561219232,0.811022340361593,0.8982637665626801,0.8058675999694473,0.880603043222704,0.8643413743147651,0.8988217961381537,0.9183489860910321,0.9256005562690529,1.0,1.0,0.7484948481105833,-0.05076416432327692,0.8518947501272939,0.5677895583587551,-0.21973606286082586,-0.20383889487078732,0.8320528113976403,0.7163277688920806,0.8425565176868688,0.9193375487321576,0.8435900974468664,0.7990118373646444,0.7637284772192129,0.7081360983364868,0.8504582694854076,0.7848011216424398,0.8567282358515301],[0.7790746030265315,0.7969682915721824,0.7790746030265315,0.7514832734176253,0.7514832734176253,0.6512280136712671,0.6512280136712671,0.5984253452320407,0.5984253452320407,0.6924627232800357,0.8528549302655165,0.6504974016848009,0.8319944541127399,0.8539077729958947,0.8537343296670782,0.6997182569220737,0.8640894727408139,0.7484948481105833,0.7484948481105833,1.0,0.025301504360920806,0.7123736148488881,-0.3393008057430019,0.2965577348110194,-0.652869901543372,0.3665604611737888,0.6821571676810018,0.5221794298773534,0.8390653138237469,0.7006661605462767,0.14271360097139904,0.32391160577532296,0.570306771539404,0.785130364234415,0.49185297868830014,-0.13359215646258052],[-0.164718644649055,0.047237125093707366,-0.164718644649055,-0.1730360437564944,-0.1730360437564944,-0.11599858235654271,-0.11599858235654271,0.0053224701340824,0.0053224701340824,-0.09827310665003416,-0.026454050698674857,0.030688137374489215,-0.0061758323011136635,-0.1312447481144521,-0.02697056042358674,-0.10142351771369745,-0.010731980104002888,-0.05076416432327692,-0.05076416432327692,0.025301504360920806,1.0,-0.11322199575812603,0.0945946198697117,0.16761851122034502,0.7457754227056714,-0.10108671492313397,-0.07174405002110346,-0.031642682463234775,0.14762470228201668,-0.01489212110058375,0.019072240867317014,0.31037009928094117,0.5593074603135139,-0.13776678532630487,0.08709517598047166,0.14535173601865117],[0.9789833570031433,0.9712859292507687,0.9789833570031433,0.9913831736709926,0.9913831736709926,0.9414266367719407,0.9414266367719407,0.8571667372220472,0.8571667372220472,0.7352894476289132,0.9966930991243915,0.688357301429347,0.9905022168001383,0.9871699480718449,0.9965465246791473,0.9469014232276695,0.9876346830934007,0.8518947501272939,0.8518947501272939,0.7123736148488881,-0.11322199575812603,1.0,0.14082821199796575,-0.22490016907109753,-0.2888657653587696,0.6706700248519583,0.9234392806619885,0.9018072371374138,0.8458883433574813,0.7553080186779679,0.6285981293952734,0.6058686729493342,0.5225789536857928,0.9029329035485748,0.6897464355193057,0.2099262624106502],[0.20454280289246202,-0.01674105181340895,0.20454280289246202,0.2328912940098461,0.2328912940098461,0.3511400774509495,0.3511400774509495,0.5728463188629415,0.5728463188629415,0.036352473058263696,0.8988417430220774,0.41451708807332727,0.9161419590471916,0.9224547668930205,0.8984411666775114,0.6701825301046577,0.868902294578789,0.5677895583587551,0.5677895583587551,-0.3393008057430019,0.0945946198697117,0.14082821199796575,1.0,-0.4700490691522098,0.6994721692438355,0.39310895594065753,0.16343862440081489,0.3417135489306257,-0.0683989589256958,0.10586065562044857,0.6133695009311977,0.49305027985475636,0.20841621570671912,0.04466720757731665,0.4125749554463811,0.4785044836872423],[-0.13318062611367187,-0.1260492572115072,-0.13318062611367187,-0.1697706757580353,-0.1697706757580353,-0.31000838396398905,-0.31000838396398905,-0.336086113556091,-0.336086113556091,0.0494017875877485,-0.5286762194074051,-0.16682237516964374,-0.6723189288100692,-0.8317891319654106,-0.5261844698501836,-0.4409195343226874,-0.5087343697431737,-0.21973606286082586,-0.21973606286082586,0.2965577348110194,0.16761851122034502,-0.22490016907109753,-0.4700490691522098,1.0,-0.025059573760119008,-0.1821215372723699,-0.22569257585633268,-0.3225253015406054,-0.0648158540250458,-0.09554731310882948,-0.5762888679705596,-0.217103063041012,-0.03456782365989109,-0.07313870715539718,-0.2453571123469472,-0.41714952458103954],[-0.24450418941731164,-0.2444843294971294,-0.24450418941731164,-0.2430219726865412,-0.2430219726865412,-0.11906295158820823,-0.11906295158820823,0.012215853328000993,0.012215853328000993,-0.24294580138249555,0.3732478617700097,-0.2313873027988148,0.4438763807369718,0.47943913517981857,0.37468319197060856,-0.16088698784449343,0.3898047749985321,-0.20383889487078732,-0.20383889487078732,-0.652869901543372,0.7457754227056714,-0.2888657653587696,0.6994721692438355,-0.025059573760119008,1.0,-0.10738087221281416,-0.22389692730206584,-0.06815358285085785,-0.349457025696506,-0.327469399284152,0.06120338823122864,0.1566999063713566,0.26073369201657093,-0.37302388666304453,0.10420499260696829,0.08734488411285403],[0.8162331307051635,0.6551779535638903,0.8162331307051635,0.8046808721983834,0.8046808721983834,0.8830567351760131,0.8830567351760131,0.7927728216554313,0.7927728216554313,0.7804760626084123,0.8159630792154277,0.809073680744846,0.7826202429422597,0.7316467975250017,0.8171355041460335,0.8948966713435049,0.8633135348325734,0.8320528113976403,0.8320528113976403,0.3665604611737888,-0.10108671492313397,0.6706700248519583,0.39310895594065753,-0.1821215372723699,-0.10738087221281416,1.0,0.5468373337378347,0.8424339128940561,0.5067686691405768,0.6378546253979005,0.5657356424740267,0.6664561538276731,0.43052506080842,0.713747860704589,0.7107799141740112,0.4283666700223255],[0.9049140695770779,0.9049368338819905,0.9049140695770779,0.9203640654698949,0.9203640654698949,0.8579680894732911,0.8579680894732911,0.7565212183854136,0.7565212183854136,0.5168308242400244,0.8889006688042692,0.41725421660774037,0.902523798436105,0.9083633259070018,0.8872454054884077,0.8491012448122958,0.8769821075374694,0.7163277688920806,0.7163277688920806,0.6821571676810018,-0.07174405002110346,0.9234392806619885,0.16343862440081489,-0.22569257585633268,-0.22389692730206584,0.5468373337378347,1.0,0.7997015111793655,0.76037789836957,0.6595553504943443,0.5540183242556109,0.5115338068051432,0.4951770496285377,0.8313352744912922,0.6462152876687118,0.1454201826362761],[0.9187964134250413,0.8961619030394011,0.9187964134250413,0.9183672507460365,0.9183672507460365,0.9358961439309693,0.9358961439309693,0.8817054756910502,0.8817054756910502,0.753320718633828,0.9335904697844982,0.7248710196491313,0.9355024064945899,0.9275152264360615,0.9332245791854115,0.9323409258244665,0.945803802589984,0.8425565176868688,0.8425565176868688,0.5221794298773534,-0.031642682463234775,0.9018072371374138,0.3417135489306257,-0.3225253015406054,-0.06815358285085785,0.8424339128940561,0.7997015111793655,1.0,0.7611691200995919,0.627170731458681,0.6280842678438253,0.6162608429387917,0.5361749229789902,0.8298423562449959,0.8451577169496611,0.24165367463701004],[0.9209184178072303,0.9157334869295943,0.9209184178072303,0.9023349396005176,0.9023349396005176,0.898737227452986,0.898737227452986,0.856559165701134,0.856559165701134,0.811073926318951,0.8952930628558559,0.7821575350068383,0.8777083781287139,0.8616158699274657,0.8955247887601979,0.906022606796526,0.925651893866289,0.9193375487321576,0.9193375487321576,0.8390653138237469,0.14762470228201668,0.8458883433574813,-0.0683989589256958,-0.0648158540250458,-0.349457025696506,0.5067686691405768,0.76037789836957,0.7611691200995919,1.0,0.909394080933175,0.56501810677428,0.6972718313316049,0.6687811189668336,0.8823012601009127,0.5269897391434007,0.31326906645447333],[0.7853279519061918,0.7949593570630232,0.7853279519061918,0.7874581297162966,0.7874581297162966,0.7524962393334095,0.7524962393334095,0.7661784534174642,0.7661784534174642,0.6816055843512967,0.8124264653357308,0.7047044334091744,0.7495588580581158,0.6878834031639462,0.8136244427842345,0.788035213302084,0.834228292086155,0.8435900974468664,0.8435900974468664,0.7006661605462767,-0.01489212110058375,0.7553080186779679,0.10586065562044857,-0.09554731310882948,-0.327469399284152,0.6378546253979005,0.6595553504943443,0.627170731458681,0.909394080933175,1.0,0.597982865923357,0.6802161870412706,0.613491273670362,0.7419046496412017,0.6035007138494385,0.4836946459179512],[0.5966584031605211,0.5889195559201785,0.5966584031605211,0.6263741495310446,0.6263741495310446,0.7701010664186707,0.7701010664186707,0.882557296000441,0.882557296000441,0.3476173114304612,0.9241993709738245,0.5596050090821224,0.92531110303608,0.93266686762255,0.9238631206002942,0.8663139768808519,0.912354566369526,0.7990118373646444,0.7990118373646444,0.14271360097139904,0.019072240867317014,0.6285981293952734,0.6133695009311977,-0.5762888679705596,0.06120338823122864,0.5657356424740267,0.5540183242556109,0.6280842678438253,0.56501810677428,0.597982865923357,1.0,0.7492729868740143,0.3890000046241299,0.5347994104467335,0.6184781626059092,0.7521086934332187],[0.6464768708656695,0.6438966508907146,0.6464768708656695,0.6384208099753541,0.6384208099753541,0.7450448238099422,0.7450448238099422,0.7879907729391383,0.7879907729391383,0.52839940780545,0.86404986262491,0.6995127144184264,0.8372533948298595,0.8297378673490349,0.8649661762415732,0.7912680179532596,0.8959206532197057,0.7637284772192129,0.7637284772192129,0.32391160577532296,0.31037009928094117,0.6058686729493342,0.49305027985475636,-0.217103063041012,0.1566999063713566,0.6664561538276731,0.5115338068051432,0.6162608429387917,0.6972718313316049,0.6802161870412706,0.7492729868740143,1.0,0.7794457749286431,0.5175124086242121,0.7369940389479358,0.557893404703531],[0.6239924494937061,0.6487316575071335,0.6239924494937061,0.5918259322916739,0.5918259322916739,0.6983761269351838,0.6983761269351838,0.7143552192367829,0.7143552192367829,0.563552482962682,0.7596025967565374,0.6809433111534539,0.7284252662049819,0.666769096053532,0.7603624620375873,0.7549809331126875,0.8036530803251847,0.7081360983364868,0.7081360983364868,0.570306771539404,0.5593074603135139,0.5225789536857928,0.20841621570671912,-0.03456782365989109,0.26073369201657093,0.43052506080842,0.4951770496285377,0.5361749229789902,0.6687811189668336,0.613491273670362,0.3890000046241299,0.7794457749286431,1.0,0.4974336814562911,0.6638178402692065,0.2099984052136819],[0.9355548201551586,0.9334536291867895,0.9355548201551586,0.9244001023203225,0.9244001023203225,0.8699223284727873,0.8699223284727873,0.8051694769411081,0.8051694769411081,0.7856433542298756,0.9063505194895118,0.7405812291041698,0.8889001152310081,0.9099180750121353,0.9062585039910698,0.8909647896982735,0.9198762052208871,0.8504582694854076,0.8504582694854076,0.785130364234415,-0.13776678532630487,0.9029329035485748,0.04466720757731665,-0.07313870715539718,-0.37302388666304453,0.713747860704589,0.8313352744912922,0.8298423562449959,0.8823012601009127,0.7419046496412017,0.5347994104467335,0.5175124086242121,0.4974336814562911,1.0,0.7514665055937257,0.19638779400747017],[0.8463658590861874,0.7099504932484145,0.8463658590861874,0.8368705541713546,0.8368705541713546,0.8746766381752954,0.8746766381752954,0.8593509032480879,0.8593509032480879,0.6469196466862226,0.9471898464731451,0.6317832368463728,0.9562742791743263,0.9569700244048117,0.9473445303036845,0.8719407824467292,0.9560773874425131,0.7848011216424398,0.7848011216424398,0.49185297868830014,0.08709517598047166,0.6897464355193057,0.4125749554463811,-0.2453571123469472,0.10420499260696829,0.7107799141740112,0.6462152876687118,0.8451577169496611,0.5269897391434007,0.6035007138494385,0.6184781626059092,0.7369940389479358,0.6638178402692065,0.7514665055937257,1.0,0.20796702829169045],[0.21428871018033632,0.21181812855851662,0.21428871018033632,0.22721947933383377,0.22721947933383377,0.4872756232746592,0.4872756232746592,0.811863740703468,0.811863740703468,0.17078621625564872,0.7938860189980448,0.6613730838369148,0.8188732050629219,0.7928998418331038,0.7950641942012235,0.8014530742606357,0.8458783887290235,0.8567282358515301,0.8567282358515301,-0.13359215646258052,0.14535173601865117,0.2099262624106502,0.4785044836872423,-0.41714952458103954,0.08734488411285403,0.4283666700223255,0.1454201826362761,0.24165367463701004,0.31326906645447333,0.4836946459179512,0.7521086934332187,0.557893404703531,0.2099984052136819,0.19638779400747017,0.20796702829169045,1.0]],"x":["^TAIEX       \u81fa\u7063\u52a0\u6b0a\u5831\u916c\u6307\u6578","^TWII        \u81fa\u7063\u52a0\u6b0a\u6307\u6578","^TAIEXx2     \u81fa\u7063\u52a0\u6b0a\u5831\u916c\u6307\u6578_\u65e5\u6b632","^TAI50I      \u81fa\u706350\u5831\u916c\u6307\u6578","^TAI50Ix2    \u81fa\u706350\u5831\u916c\u6307\u6578_\u65e5\u6b632","^TAI100I     \u81fa\u7063\u4e2d\u578b100\u5831\u916c\u6307\u6578","^TAI100Ix2   \u81fa\u7063\u4e2d\u578b100\u5831\u916c\u6307\u6578_\u65e5\u6b632","^TAIDIVIDI   \u81fa\u7063\u9ad8\u80a1\u606f\u5831\u916c\u6307\u6578","^TAIDIVIDIx2 \u81fa\u7063\u9ad8\u80a1\u606f\u5831\u916c\u6307\u6578_\u65e5\u6b632","0050Fund     \u5143\u5927\u53f0\u7063\u5353\u8d8a50\u57fa\u91d1","006208Fund   \u5bcc\u90a6\u53f0\u7063\u91c6\u540950\u57fa\u91d1","0050         \u5143\u5927\u81fa\u706350","00631L       \u5143\u5927\u53f0\u706350\u6b632","00675L       \u5bcc\u90a6\u81fa\u7063\u52a0\u6b0a\u6b632","006208       \u5bcc\u90a6\u53f050","0051         \u5143\u5927\u4e2d\u578b100","006204       \u6c38\u8c50\u81fa\u7063\u52a0\u6b0a","0056         \u5143\u5927\u9ad8\u80a1\u606f","0056         \u5143\u5927\u9ad8\u80a1\u606f_\u80a1\u606f\u4e0d\u6295\u5165","2412         \u4e2d\u83ef\u96fb\u4fe1","2002         \u4e2d\u92fc","2330         \u53f0\u7a4d\u96fb","2317         \u9d3b\u6d77","6505         \u53f0\u5851\u77f3\u5316","3481         \u7fa4\u5275","2303         \u806f\u96fb","2308         \u53f0\u9054\u96fb","2454         \u806f\u767c\u79d1","2886         \u5146\u8c50\u91d1","2884         \u7389\u5c71\u91d1","2891         \u4e2d\u4fe1\u91d1","2892         \u7b2c\u4e00\u91d1","5880         \u5408\u5eab\u91d1","2881         \u5bcc\u90a6\u91d1","2885         \u5143\u5927\u91d1","2887         \u53f0\u65b0\u91d1"],"y":["^TAIEX       \u81fa\u7063\u52a0\u6b0a\u5831\u916c\u6307\u6578","^TWII        \u81fa\u7063\u52a0\u6b0a\u6307\u6578","^TAIEXx2     \u81fa\u7063\u52a0\u6b0a\u5831\u916c\u6307\u6578_\u65e5\u6b632","^TAI50I      \u81fa\u706350\u5831\u916c\u6307\u6578","^TAI50Ix2    \u81fa\u706350\u5831\u916c\u6307\u6578_\u65e5\u6b632","^TAI100I     \u81fa\u7063\u4e2d\u578b100\u5831\u916c\u6307\u6578","^TAI100Ix2   \u81fa\u7063\u4e2d\u578b100\u5831\u916c\u6307\u6578_\u65e5\u6b632","^TAIDIVIDI   \u81fa\u7063\u9ad8\u80a1\u606f\u5831\u916c\u6307\u6578","^TAIDIVIDIx2 \u81fa\u7063\u9ad8\u80a1\u606f\u5831\u916c\u6307\u6578_\u65e5\u6b632","0050Fund     \u5143\u5927\u53f0\u7063\u5353\u8d8a50\u57fa\u91d1","006208Fund   \u5bcc\u90a6\u53f0\u7063\u91c6\u540950\u57fa\u91d1","0050         \u5143\u5927\u81fa\u706350","00631L       \u5143\u5927\u53f0\u706350\u6b632","00675L       \u5bcc\u90a6\u81fa\u7063\u52a0\u6b0a\u6b632","006208       \u5bcc\u90a6\u53f050","0051         \u5143\u5927\u4e2d\u578b100","006204       \u6c38\u8c50\u81fa\u7063\u52a0\u6b0a","0056         \u5143\u5927\u9ad8\u80a1\u606f","0056         \u5143\u5927\u9ad8\u80a1\u606f_\u80a1\u606f\u4e0d\u6295\u5165","2412         \u4e2d\u83ef\u96fb\u4fe1","2002         \u4e2d\u92fc","2330         \u53f0\u7a4d\u96fb","2317         \u9d3b\u6d77","6505         \u53f0\u5851\u77f3\u5316","3481         \u7fa4\u5275","2303         \u806f\u96fb","2308         \u53f0\u9054\u96fb","2454         \u806f\u767c\u79d1","2886         \u5146\u8c50\u91d1","2884         \u7389\u5c71\u91d1","2891         \u4e2d\u4fe1\u91d1","2892         \u7b2c\u4e00\u91d1","5880         \u5408\u5eab\u91d1","2881         \u5bcc\u90a6\u91d1","2885         \u5143\u5927\u91d1","2887         \u53f0\u65b0\u91d1"],"zmin":-1,"zmax":1,"colorbar":{"x":-0.2}}],"layout":{"autotypenumbers":"strict","colorway":["#636efa","#EF553B","#00cc96","#ab63fa","#FFA15A","#19d3f3","#FF6692","#B6E880","#FF97FF","#FECB52"],"font":{"color":"#f2f5fa","family":"Courier New"},"hovermode":"closest","hoverlabel":{"align":"left"},"paper_bgcolor":"rgb(17,17,17)","plot_bgcolor":"rgb(17,17,17)","polar":{"bgcolor":"rgb(17,17,17)","angularaxis":{"gridcolor":"#506784","linecolor":"#506784","ticks":""},"radialaxis":{"gridcolor":"#506784","linecolor":"#506784","ticks":""}},"ternary":{"bgcolor":"rgb(17,17,17)","aaxis":{"gridcolor":"#506784","linecolor":"#506784","ticks":""},"baxis":{"gridcolor":"#506784","linecolor":"#506784","ticks":""},"caxis":{"gridcolor":"#506784","linecolor":"#506784","ticks":""}},"coloraxis":{"colorbar":{"outlinewidth":0,"ticks":""}},"colorscale":{"sequential":[[0.0,"#0d0887"],[0.1111111111111111,"#46039f"],[0.2222222222222222,"#7201a8"],[0.3333333333333333,"#9c179e"],[0.4444444444444444,"#bd3786"],[0.5555555555555556,"#d8576b"],[0.6666666666666666,"#ed7953"],[0.7777777777777778,"#fb9f3a"],[0.8888888888888888,"#fdca26"],[1.0,"#f0f921"]],"sequentialminus":[[0.0,"#0d0887"],[0.1111111111111111,"#46039f"],[0.2222222222222222,"#7201a8"],[0.3333333333333333,"#9c179e"],[0.4444444444444444,"#bd3786"],[0.5555555555555556,"#d8576b"],[0.6666666666666666,"#ed7953"],[0.7777777777777778,"#fb9f3a"],[0.8888888888888888,"#fdca26"],[1.0,"#f0f921"]],"diverging":[[0,"#8e0152"],[0.1,"#c51b7d"],[0.2,"#de77ae"],[0.3,"#f1b6da"],[0.4,"#fde0ef"],[0.5,"#f7f7f7"],[0.6,"#e6f5d0"],[0.7,"#b8e186"],[0.8,"#7fbc41"],[0.9,"#4d9221"],[1,"#276419"]]},"xaxis":{"gridcolor":"rgba(0, 0, 0, 0)","linecolor":"#506784","ticks":"","title":{"standoff":15},"zerolinecolor":"#283442","automargin":true,"zerolinewidth":2,"tickfont":{"family":"Courier New","size":14},"side":"top","tickangle":-90},"yaxis":{"gridcolor":"rgba(0, 0, 0, 0)","linecolor":"#506784","ticks":"","title":{"standoff":15},"zerolinecolor":"#283442","automargin":true,"zerolinewidth":2,"tickfont":{"family":"Courier New"},"side":"right"},"scene":{"xaxis":{"backgroundcolor":"rgb(17,17,17)","gridcolor":"#506784","linecolor":"#506784","showbackground":true,"ticks":"","zerolinecolor":"#C8D4E3","gridwidth":2},"yaxis":{"backgroundcolor":"rgb(17,17,17)","gridcolor":"#506784","linecolor":"#506784","showbackground":true,"ticks":"","zerolinecolor":"#C8D4E3","gridwidth":2},"zaxis":{"backgroundcolor":"rgb(17,17,17)","gridcolor":"#506784","linecolor":"#506784","showbackground":true,"ticks":"","zerolinecolor":"#C8D4E3","gridwidth":2}},"shapedefaults":{"line":{"color":"#f2f5fa"}},"annotationdefaults":{"arrowcolor":"#f2f5fa","arrowhead":0,"arrowwidth":1},"geo":{"bgcolor":"rgb(17,17,17)","landcolor":"rgb(17,17,17)","subunitcolor":"#506784","showland":true,"showlakes":true,"lakecolor":"rgb(17,17,17)"},"title":{"x":0.05,"font":{"family":"Times New Roman"},"y":0.05,"text":"<b>Correlation of Close<b><br><i>2016-09-23 ~ 2026-01-26<i>"},"updatemenudefaults":{"bgcolor":"#506784","borderwidth":0},"sliderdefaults":{"bgcolor":"#C8D4E3","borderwidth":1,"bordercolor":"rgb(17,17,17)","tickwidth":0},"mapbox":{"style":"dark"},"annotations":[{"text":"<b>@zwindr<b>","textangle":0,"opacity":0.5,"font":{"color":"white","size":12},"xref":"paper","yref":"paper","xanchor":"left","yanchor":"bottom","x":1.0,"y":1.0,"showarrow":false}]},"config":{"responsive":true,"toImageButtonOptions":{"filename":"Correlation of Close_2016-09-23~2026-01-26","scale":5}}};Plotly.newPlot("correlationClose",correlationClose.data,correlationClose.layout||{},correlationClose.config);}else{console.log("style display is none => correlationClose");}