var element=document.getElementById("correlationClose");if(element.style.display!='none'){var correlationClose={"data":[{"type":"heatmap","z":[[1.0,0.9999999999999982,1.0,0.9951695050529608,0.9951695050529608,0.96597045279044,0.96597045279044,0.9060044316657913,0.9060044316657913,0.8452330655714169,0.9944603936574491,0.80760871508822,0.9926108014189173,0.9927091730289916,0.9945060723386396,0.9744462391225712,0.9990581280810448,0.9196979417023649,0.9196979417023649,0.7833355727025753,-0.13851699067174508,0.9781248085933936,0.15940954214862338,-0.0973918738002304,-0.2515723816106794,0.8145662822599715,0.9082941321821033,0.9139565025278731,0.9262024846466343,0.7807346460139499,0.5547988185748773,0.6364433922215189,0.6310593505506695,0.9335316027545272,0.8325480621279908,0.18926205468310886],[0.9999999999999982,1.0,0.9999999999999986,0.9951369672112538,0.9951369672112538,0.965430798579389,0.965430798579389,0.9069764606606011,0.9069764606606011,0.84659589310734,0.9944537607606991,0.8092328041440536,0.9923366453402326,0.9921930544054522,0.9945007605837087,0.9738434486722498,0.9990571496244941,0.9200147356029758,0.9200147356029758,0.8020531017018386,0.07357431210990657,0.969944524190991,-0.04539921388399296,-0.089031320985751,-0.2518834360950689,0.6473232171587624,0.9095758261689022,0.8892494680547859,0.9208812813133048,0.791443543643165,0.545620195925582,0.6334134151683308,0.6570171329210842,0.9311465686524966,0.6886419065316884,0.18578469851853938],[1.0,0.9999999999999986,1.0,0.9951695050529608,0.9951695050529608,0.96597045279044,0.96597045279044,0.9060044316657913,0.9060044316657913,0.8452330655714169,0.9944603936574491,0.80760871508822,0.9926108014189173,0.9927091730289916,0.9945060723386396,0.9744462391225712,0.9990581280810448,0.9196979417023649,0.9196979417023649,0.7833355727025753,-0.13851699067174508,0.9781248085933936,0.15940954214862338,-0.0973918738002304,-0.2515723816106794,0.8145662822599715,0.9082941321821033,0.9139565025278731,0.9262024846466343,0.7807346460139499,0.5547988185748773,0.6364433922215189,0.6310593505506695,0.9335316027545272,0.8325480621279908,0.18926205468310886],[0.9951695050529608,0.9951369672112538,0.9951695050529608,1.0,1.0,0.9527467184619569,0.9527467184619569,0.8905394670740027,0.8905394670740027,0.8222160315624596,0.9995342463155839,0.7842643564143104,0.9908905797063083,0.9878557297239999,0.9994977742983274,0.9569837761848234,0.9948025616036763,0.8959964003711874,0.8959964003711874,0.7586707150270009,-0.1457263378430494,0.9904442877012305,0.1846180204519787,-0.1324547581941004,-0.2522565754518815,0.8062334956754796,0.9189609836632289,0.9153878896553089,0.9111944484245391,0.7863415135970361,0.5824374501187911,0.6295488616856231,0.6014185813462883,0.9239672650027935,0.8217592542188515,0.20088029928158568],[0.9951695050529608,0.9951369672112538,0.9951695050529608,1.0,1.0,0.9527467184619569,0.9527467184619569,0.8905394670740027,0.8905394670740027,0.8222160315624596,0.9995342463155839,0.7842643564143104,0.9908905797063083,0.9878557297239999,0.9994977742983274,0.9569837761848234,0.9948025616036763,0.8959964003711874,0.8959964003711874,0.7586707150270009,-0.1457263378430494,0.9904442877012305,0.1846180204519787,-0.1324547581941004,-0.2522565754518815,0.8062334956754796,0.9189609836632289,0.9153878896553089,0.9111944484245391,0.7863415135970361,0.5824374501187911,0.6295488616856231,0.6014185813462883,0.9239672650027935,0.8217592542188515,0.20088029928158568],[0.96597045279044,0.965430798579389,0.96597045279044,0.9527467184619569,0.9527467184619569,1.0,1.0,0.9312179558637482,0.9312179558637482,0.8151665772981986,0.9523786531497479,0.8014685886315692,0.970582854517321,0.9680923889586208,0.9522132276094055,0.9990920333944051,0.9740307992851813,0.9191953574153786,0.9191953574153786,0.6454216945043001,-0.08601571674716847,0.9379881117956206,0.3163788487525163,-0.2818880982194016,-0.1185834561565634,0.8840230942730177,0.8606166546987424,0.9318602633468472,0.9003190078512944,0.744757502888572,0.747237029472599,0.7395431499815824,0.7063236493160029,0.8619589123645988,0.8635151226552489,0.4695670106097218],[0.96597045279044,0.965430798579389,0.96597045279044,0.9527467184619569,0.9527467184619569,1.0,1.0,0.9312179558637482,0.9312179558637482,0.8151665772981986,0.9523786531497479,0.8014685886315692,0.970582854517321,0.9680923889586208,0.9522132276094055,0.9990920333944051,0.9740307992851813,0.9191953574153786,0.9191953574153786,0.6454216945043001,-0.08601571674716847,0.9379881117956206,0.3163788487525163,-0.2818880982194016,-0.1185834561565634,0.8840230942730177,0.8606166546987424,0.9318602633468472,0.9003190078512944,0.744757502888572,0.747237029472599,0.7395431499815824,0.7063236493160029,0.8619589123645988,0.8635151226552489,0.4695670106097218],[0.9060044316657913,0.9069764606606011,0.9060044316657913,0.8905394670740027,0.8905394670740027,0.9312179558637482,0.9312179558637482,1.0,1.0,0.7611971485720019,0.9377135324977837,0.7801590716561548,0.9420559280282598,0.9368166344609972,0.9375655654681403,0.9322147125729059,0.9446949574691956,0.9714008641132231,0.9714008641132231,0.587592855669347,0.03470229598964158,0.8520905225421347,0.5490322417158615,-0.3076625171961364,0.01705870804919181,0.7866596574786836,0.7598313307000757,0.8744682994142,0.8528159417355075,0.7575974247368314,0.8795240640457692,0.7818876750761762,0.7168605668091005,0.793551412186116,0.8505519889222009,0.8029551533285406],[0.9060044316657913,0.9069764606606011,0.9060044316657913,0.8905394670740027,0.8905394670740027,0.9312179558637482,0.9312179558637482,1.0,1.0,0.7611971485720019,0.9377135324977837,0.7801590716561548,0.9420559280282598,0.9368166344609972,0.9375655654681403,0.9322147125729059,0.9446949574691956,0.9714008641132231,0.9714008641132231,0.587592855669347,0.03470229598964158,0.8520905225421347,0.5490322417158615,-0.3076625171961364,0.01705870804919181,0.7866596574786836,0.7598313307000757,0.8744682994142,0.8528159417355075,0.7575974247368314,0.8795240640457692,0.7818876750761762,0.7168605668091005,0.793551412186116,0.8505519889222009,0.8029551533285406],[0.8452330655714169,0.84659589310734,0.8452330655714169,0.8222160315624596,0.8222160315624596,0.8151665772981986,0.8151665772981986,0.7611971485720019,0.7611971485720019,1.0,0.7223123965787696,0.9999698440448156,0.6650842562517628,0.5841565816261327,0.7239539265504,0.8106265397876371,0.7720199739695863,0.8321750498646386,0.8321750498646386,0.7017405472781628,-0.10192441488284994,0.7964427614168491,0.04155852479722893,0.04628761376199127,-0.2441892799286778,0.7961084734546456,0.6042859934195308,0.7840981017272876,0.827775431134659,0.6969211903000707,0.37425427686578516,0.539204150786858,0.5677978089399541,0.8149408849429411,0.6820019795370763,0.17471908762918306],[0.9944603936574491,0.9944537607606991,0.9944603936574491,0.9995342463155839,0.9995342463155839,0.9523786531497479,0.9523786531497479,0.9377135324977837,0.9377135324977837,0.7223123965787696,1.0,0.7222555244719153,0.990652836533869,0.9879363820376702,0.9999265644108367,0.9525228263437681,0.993718359090626,0.9076926589894287,0.9076926589894287,0.8538390096288794,0.03133256911058688,0.9964303884084538,0.8844401923506002,-0.5029886562233925,0.33960295333050666,0.8248442027087556,0.8824044122797673,0.935034852704698,0.9053898675163519,0.8095815179848748,0.9127546992256752,0.8687087800825736,0.7800969588185253,0.9023550582585653,0.9424249255134677,0.7771645809083165],[0.80760871508822,0.8092328041440536,0.80760871508822,0.7842643564143104,0.7842643564143104,0.8014685886315692,0.8014685886315692,0.7801590716561548,0.7801590716561548,0.9999698440448156,0.7222555244719153,1.0,0.6631107506511965,0.581591947169461,0.7224515769087196,0.802786462084686,0.7706343995323959,0.8290025615075967,0.8290025615075967,0.6655428143628638,0.023790481603107292,0.7600683591894327,0.4581690296923515,-0.17863942589946613,-0.23167411483265204,0.82997898702957,0.5141059518281735,0.7617703582882717,0.8030415578813203,0.7260571484071227,0.6219590028362565,0.7221433442972066,0.6901749043098604,0.7784917160231548,0.6790751487691277,0.6922713947796996],[0.9926108014189173,0.9923366453402326,0.9926108014189173,0.9908905797063083,0.9908905797063083,0.970582854517321,0.970582854517321,0.9420559280282598,0.9420559280282598,0.6650842562517628,0.990652836533869,0.6631107506511965,1.0,0.9997612832709998,0.9906555746743191,0.968925335904737,0.9904119547854048,0.8983001464536148,0.8983001464536148,0.8321679699203295,0.06024725039181668,0.9887707606688826,0.9049193160980823,-0.6615110211139948,0.4074939205052097,0.7973667938364107,0.8887057659152879,0.9442856068976377,0.8967175019226494,0.7432721916798217,0.9127130249091827,0.8475243527018773,0.7615418040685727,0.8865279660329529,0.9563911593735289,0.8051954744210272],[0.9927091730289916,0.9921930544054522,0.9927091730289916,0.9878557297239999,0.9878557297239999,0.9680923889586208,0.9680923889586208,0.9368166344609972,0.9368166344609972,0.5841565816261327,0.9879363820376702,0.581591947169461,0.9997612832709998,1.0,0.9880902793540176,0.9656818981048878,0.9895146589475039,0.8831408864161014,0.8831408864161014,0.8534074959898929,-0.06555368029636098,0.9845144249610644,0.9131202081340215,-0.8385206644675158,0.4446485535361207,0.746468692356251,0.8933514948294433,0.9381425833964901,0.8827055102942679,0.672835632310745,0.921032302958536,0.8381015011063705,0.7044035839430763,0.912011933908481,0.9569915400817174,0.7735877542245658],[0.9945060723386396,0.9945007605837087,0.9945060723386396,0.9994977742983274,0.9994977742983274,0.9522132276094055,0.9522132276094055,0.9375655654681403,0.9375655654681403,0.7239539265504,0.9999265644108367,0.7224515769087196,0.9906555746743191,0.9880902793540176,1.0,0.9524951981189437,0.9937807197304047,0.9080420767435686,0.9080420767435686,0.8546888043693491,0.03059542160869033,0.9963160027866103,0.884039477577112,-0.5002613165519662,0.33883023570437976,0.8249941817417014,0.8806821202568049,0.9342373089401789,0.9057569291944122,0.8105809371942151,0.9123298858307113,0.8695631099970513,0.7809598866980533,0.9023373878040496,0.9424356380729774,0.7776456073070405],[0.9744462391225712,0.9738434486722498,0.9744462391225712,0.9569837761848234,0.9569837761848234,0.9990920333944051,0.9990920333944051,0.9322147125729059,0.9322147125729059,0.8106265397876371,0.9525228263437681,0.802786462084686,0.968925335904737,0.9656818981048878,0.9524951981189437,1.0,0.975288944179312,0.9189564749844006,0.9189564749844006,0.6937446410051757,-0.07066591019577166,0.9460745746627192,0.6405527863276608,-0.41419777085071097,-0.16720491886148844,0.8953385582532114,0.8570134531655702,0.927776086799659,0.907431218016759,0.7816014113228954,0.8559673582063551,0.786654357249423,0.7625261071830429,0.8840178512239835,0.8610175537353068,0.7904674316922673],[0.9990581280810448,0.9990571496244941,0.9990581280810448,0.9948025616036763,0.9948025616036763,0.9740307992851813,0.9740307992851813,0.9446949574691956,0.9446949574691956,0.7720199739695863,0.993718359090626,0.7706343995323959,0.9904119547854048,0.9895146589475039,0.9937807197304047,0.975288944179312,1.0,0.9323003778353244,0.9323003778353244,0.8629098384560763,0.043693615135345275,0.9872227860282867,0.852056529454625,-0.48143392363434295,0.35772951144926357,0.8699372800126173,0.8749946888980564,0.9452173844807933,0.9338743481402888,0.8315680064108509,0.9012543996370782,0.899165560085053,0.8208223700175115,0.9160646579731444,0.951460571773947,0.834006245565905],[0.9196979417023649,0.9200147356029758,0.9196979417023649,0.8959964003711874,0.8959964003711874,0.9191953574153786,0.9191953574153786,0.9714008641132231,0.9714008641132231,0.8321750498646386,0.9076926589894287,0.8290025615075967,0.8983001464536148,0.8831408864161014,0.9080420767435686,0.9189564749844006,0.9323003778353244,1.0,1.0,0.7423225009459692,-0.029411016098687105,0.8594662316231321,0.548260250407378,-0.19412151099368666,-0.20702500585927094,0.8272726417559713,0.7388786141331528,0.8378378693703353,0.9170380008153252,0.838671980233886,0.8008607297984016,0.7567370295071764,0.7061960263120888,0.8460385963049158,0.7790561473607817,0.852046271273287],[0.9196979417023649,0.9200147356029758,0.9196979417023649,0.8959964003711874,0.8959964003711874,0.9191953574153786,0.9191953574153786,0.9714008641132231,0.9714008641132231,0.8321750498646386,0.9076926589894287,0.8290025615075967,0.8983001464536148,0.8831408864161014,0.9080420767435686,0.9189564749844006,0.9323003778353244,1.0,1.0,0.7423225009459692,-0.029411016098687105,0.8594662316231321,0.548260250407378,-0.19412151099368666,-0.20702500585927094,0.8272726417559713,0.7388786141331528,0.8378378693703353,0.9170380008153252,0.838671980233886,0.8008607297984016,0.7567370295071764,0.7061960263120888,0.8460385963049158,0.7790561473607817,0.852046271273287],[0.7833355727025753,0.8020531017018386,0.7833355727025753,0.7586707150270009,0.7586707150270009,0.6454216945043001,0.6454216945043001,0.587592855669347,0.587592855669347,0.7017405472781628,0.8538390096288794,0.6655428143628638,0.8321679699203295,0.8534074959898929,0.8546888043693491,0.6937446410051757,0.8629098384560763,0.7423225009459692,0.7423225009459692,1.0,0.035814119338109046,0.7202251958184994,-0.3692178419618285,0.320009262017535,-0.6568590799449704,0.3536629666534628,0.7138967136915434,0.5109678760828537,0.8363362209272687,0.6947925919916815,0.10911947591566809,0.3099904779924501,0.5663662839767976,0.7835359912740365,0.47936431370336186,-0.15062204302811627],[-0.13851699067174508,0.07357431210990657,-0.13851699067174508,-0.1457263378430494,-0.1457263378430494,-0.08601571674716847,-0.08601571674716847,0.03470229598964158,0.03470229598964158,-0.10192441488284994,0.03133256911058688,0.023790481603107292,0.06024725039181668,-0.06555368029636098,0.03059542160869033,-0.07066591019577166,0.043693615135345275,-0.029411016098687105,-0.029411016098687105,0.035814119338109046,1.0,-0.09294466545059255,0.10787625421290495,0.15393129950822337,0.7489958284723749,-0.09149738587410788,-0.04128466222616828,-0.010463765869616644,0.16263573107001486,0.0017150205459400525,0.0538221068563856,0.3344143488641318,0.5687086507075794,-0.119339080043391,0.10847791956470691,0.15844710908911583],[0.9781248085933936,0.969944524190991,0.9781248085933936,0.9904442877012305,0.9904442877012305,0.9379881117956206,0.9379881117956206,0.8520905225421347,0.8520905225421347,0.7964427614168491,0.9964303884084538,0.7600683591894327,0.9887707606688826,0.9845144249610644,0.9963160027866103,0.9460745746627192,0.9872227860282867,0.8594662316231321,0.8594662316231321,0.7202251958184994,-0.09294466545059255,1.0,0.09282840388156591,-0.19084746628077134,-0.3032026689998669,0.6690658133271306,0.917856151243815,0.8987659647684809,0.854764130320461,0.7544932004300287,0.5825305071362085,0.5957451612290932,0.5309898985127682,0.9025924013776443,0.666412885017071,0.1812771487942163],[0.15940954214862338,-0.04539921388399296,0.15940954214862338,0.1846180204519787,0.1846180204519787,0.3163788487525163,0.3163788487525163,0.5490322417158615,0.5490322417158615,0.04155852479722893,0.8844401923506002,0.4581690296923515,0.9049193160980823,0.9131202081340215,0.884039477577112,0.6405527863276608,0.852056529454625,0.548260250407378,0.548260250407378,-0.3692178419618285,0.10787625421290495,0.09282840388156591,1.0,-0.4570637177035258,0.7206015341986921,0.3794369341969391,0.10347926354357088,0.3119422935748434,-0.09630442729478078,0.07721664973627315,0.5958558712756965,0.47804320683907026,0.1991540967100856,0.002276941969888001,0.3915489005267012,0.46856772385369977],[-0.0973918738002304,-0.089031320985751,-0.0973918738002304,-0.1324547581941004,-0.1324547581941004,-0.2818880982194016,-0.2818880982194016,-0.3076625171961364,-0.3076625171961364,0.04628761376199127,-0.5029886562233925,-0.17863942589946613,-0.6615110211139948,-0.8385206644675158,-0.5002613165519662,-0.41419777085071097,-0.48143392363434295,-0.19412151099368666,-0.19412151099368666,0.320009262017535,0.15393129950822337,-0.19084746628077134,-0.4570637177035258,1.0,-0.028955222518554265,-0.1630467418588495,-0.18514409054253078,-0.30111110733073,-0.04267391456064803,-0.07354709728379938,-0.5677478438016826,-0.19999602762871654,-0.0235979738483618,-0.04268613314544719,-0.2175179104783645,-0.4077274460368735],[-0.2515723816106794,-0.2518834360950689,-0.2515723816106794,-0.2522565754518815,-0.2522565754518815,-0.1185834561565634,-0.1185834561565634,0.01705870804919181,0.01705870804919181,-0.2441892799286778,0.33960295333050666,-0.23167411483265204,0.4074939205052097,0.4446485535361207,0.33883023570437976,-0.16720491886148844,0.35772951144926357,-0.20702500585927094,-0.20702500585927094,-0.6568590799449704,0.7489958284723749,-0.3032026689998669,0.7206015341986921,-0.028955222518554265,1.0,-0.10623699103173052,-0.24903779965751768,-0.06555149940374805,-0.35122491933035943,-0.32933620734095426,0.07272677563138145,0.16207020569868624,0.26362086131898294,-0.3795415434725566,0.11486201755147013,0.09300529110133114],[0.8145662822599715,0.6473232171587624,0.8145662822599715,0.8062334956754796,0.8062334956754796,0.8840230942730177,0.8840230942730177,0.7866596574786836,0.7866596574786836,0.7961084734546456,0.8248442027087556,0.82997898702957,0.7973667938364107,0.746468692356251,0.8249941817417014,0.8953385582532114,0.8699372800126173,0.8272726417559713,0.8272726417559713,0.3536629666534628,-0.09149738587410788,0.6690658133271306,0.3794369341969391,-0.1630467418588495,-0.10623699103173052,1.0,0.5478876850456367,0.8389019879735297,0.4952341168326793,0.6275932466164665,0.5477281464756945,0.657748329031421,0.4252272283741665,0.7046246618558785,0.7037233194358401,0.4172657367885385],[0.9082941321821033,0.9095758261689022,0.9082941321821033,0.9189609836632289,0.9189609836632289,0.8606166546987424,0.8606166546987424,0.7598313307000757,0.7598313307000757,0.6042859934195308,0.8824044122797673,0.5141059518281735,0.8887057659152879,0.8933514948294433,0.8806821202568049,0.8570134531655702,0.8749946888980564,0.7388786141331528,0.7388786141331528,0.7138967136915434,-0.04128466222616828,0.917856151243815,0.10347926354357088,-0.18514409054253078,-0.24903779965751768,0.5478876850456367,1.0,0.8003913158388043,0.787745947270559,0.6685058615371814,0.48478169429471923,0.5037750600827714,0.5226235940775974,0.8436453650095997,0.6239733865890132,0.10246181251682596],[0.9139565025278731,0.8892494680547859,0.9139565025278731,0.9153878896553089,0.9153878896553089,0.9318602633468472,0.9318602633468472,0.8744682994142,0.8744682994142,0.7840981017272876,0.935034852704698,0.7617703582882717,0.9442856068976377,0.9381425833964901,0.9342373089401789,0.927776086799659,0.9452173844807933,0.8378378693703353,0.8378378693703353,0.5109678760828537,-0.010463765869616644,0.8987659647684809,0.3119422935748434,-0.30111110733073,-0.06555149940374805,0.8389019879735297,0.8003913158388043,1.0,0.7539086882044147,0.612712380552478,0.598050862460243,0.6033616213195513,0.5345781640122583,0.8196927082247806,0.8343037967166477,0.22100032024818295],[0.9262024846466343,0.9208812813133048,0.9262024846466343,0.9111944484245391,0.9111944484245391,0.9003190078512944,0.9003190078512944,0.8528159417355075,0.8528159417355075,0.827775431134659,0.9053898675163519,0.8030415578813203,0.8967175019226494,0.8827055102942679,0.9057569291944122,0.907431218016759,0.9338743481402888,0.9170380008153252,0.9170380008153252,0.8363362209272687,0.16263573107001486,0.854764130320461,-0.09630442729478078,-0.04267391456064803,-0.35122491933035943,0.4952341168326793,0.787745947270559,0.7539086882044147,1.0,0.9068009819716518,0.5474236600868065,0.6890299135765464,0.6668682309049312,0.8796258441131095,0.509378607138539,0.30019585205645444],[0.7807346460139499,0.791443543643165,0.7807346460139499,0.7863415135970361,0.7863415135970361,0.744757502888572,0.744757502888572,0.7575974247368314,0.7575974247368314,0.6969211903000707,0.8095815179848748,0.7260571484071227,0.7432721916798217,0.672835632310745,0.8105809371942151,0.7816014113228954,0.8315680064108509,0.838671980233886,0.838671980233886,0.6947925919916815,0.0017150205459400525,0.7544932004300287,0.07721664973627315,-0.07354709728379938,-0.32933620734095426,0.6275932466164665,0.6685058615371814,0.612712380552478,0.9068009819716518,1.0,0.5814999652333532,0.6711521594132036,0.6105335716872409,0.7327184616986149,0.5873830647888142,0.47400411806325143],[0.5547988185748773,0.545620195925582,0.5547988185748773,0.5824374501187911,0.5824374501187911,0.747237029472599,0.747237029472599,0.8795240640457692,0.8795240640457692,0.37425427686578516,0.9127546992256752,0.6219590028362565,0.9127130249091827,0.921032302958536,0.9123298858307113,0.8559673582063551,0.9012543996370782,0.8008607297984016,0.8008607297984016,0.10911947591566809,0.0538221068563856,0.5825305071362085,0.5958558712756965,-0.5677478438016826,0.07272677563138145,0.5477281464756945,0.48478169429471923,0.598050862460243,0.5474236600868065,0.5814999652333532,1.0,0.7462233517678077,0.384092453922936,0.4997116667963583,0.5825337855559966,0.758878761474394],[0.6364433922215189,0.6334134151683308,0.6364433922215189,0.6295488616856231,0.6295488616856231,0.7395431499815824,0.7395431499815824,0.7818876750761762,0.7818876750761762,0.539204150786858,0.8687087800825736,0.7221433442972066,0.8475243527018773,0.8381015011063705,0.8695631099970513,0.786654357249423,0.899165560085053,0.7567370295071764,0.7567370295071764,0.3099904779924501,0.3344143488641318,0.5957451612290932,0.47804320683907026,-0.19999602762871654,0.16207020569868624,0.657748329031421,0.5037750600827714,0.6033616213195513,0.6890299135765464,0.6711521594132036,0.7462233517678077,1.0,0.7789158728325418,0.5004403354844751,0.7307947542490351,0.5501235447770623],[0.6310593505506695,0.6570171329210842,0.6310593505506695,0.6014185813462883,0.6014185813462883,0.7063236493160029,0.7063236493160029,0.7168605668091005,0.7168605668091005,0.5677978089399541,0.7800969588185253,0.6901749043098604,0.7615418040685727,0.7044035839430763,0.7809598866980533,0.7625261071830429,0.8208223700175115,0.7061960263120888,0.7061960263120888,0.5663662839767976,0.5687086507075794,0.5309898985127682,0.1991540967100856,-0.0235979738483618,0.26362086131898294,0.4252272283741665,0.5226235940775974,0.5345781640122583,0.6668682309049312,0.6105335716872409,0.384092453922936,0.7789158728325418,1.0,0.4936213964197958,0.6663159295746447,0.20264072261255348],[0.9335316027545272,0.9311465686524966,0.9335316027545272,0.9239672650027935,0.9239672650027935,0.8619589123645988,0.8619589123645988,0.793551412186116,0.793551412186116,0.8149408849429411,0.9023550582585653,0.7784917160231548,0.8865279660329529,0.912011933908481,0.9023373878040496,0.8840178512239835,0.9160646579731444,0.8460385963049158,0.8460385963049158,0.7835359912740365,-0.119339080043391,0.9025924013776443,0.002276941969888001,-0.04268613314544719,-0.3795415434725566,0.7046246618558785,0.8436453650095997,0.8196927082247806,0.8796258441131095,0.7327184616986149,0.4997116667963583,0.5004403354844751,0.4936213964197958,1.0,0.7351167938709688,0.17529812829048202],[0.8325480621279908,0.6886419065316884,0.8325480621279908,0.8217592542188515,0.8217592542188515,0.8635151226552489,0.8635151226552489,0.8505519889222009,0.8505519889222009,0.6820019795370763,0.9424249255134677,0.6790751487691277,0.9563911593735289,0.9569915400817174,0.9424356380729774,0.8610175537353068,0.951460571773947,0.7790561473607817,0.7790561473607817,0.47936431370336186,0.10847791956470691,0.666412885017071,0.3915489005267012,-0.2175179104783645,0.11486201755147013,0.7037233194358401,0.6239733865890132,0.8343037967166477,0.509378607138539,0.5873830647888142,0.5825337855559966,0.7307947542490351,0.6663159295746447,0.7351167938709688,1.0,0.18399208343044215],[0.18926205468310886,0.18578469851853938,0.18926205468310886,0.20088029928158568,0.20088029928158568,0.4695670106097218,0.4695670106097218,0.8029551533285406,0.8029551533285406,0.17471908762918306,0.7771645809083165,0.6922713947796996,0.8051954744210272,0.7735877542245658,0.7776456073070405,0.7904674316922673,0.834006245565905,0.852046271273287,0.852046271273287,-0.15062204302811627,0.15844710908911583,0.1812771487942163,0.46856772385369977,-0.4077274460368735,0.09300529110133114,0.4172657367885385,0.10246181251682596,0.22100032024818295,0.30019585205645444,0.47400411806325143,0.758878761474394,0.5501235447770623,0.20264072261255348,0.17529812829048202,0.18399208343044215,1.0]],"x":["^TAIEX       \u81fa\u7063\u52a0\u6b0a\u5831\u916c\u6307\u6578","^TWII        \u81fa\u7063\u52a0\u6b0a\u6307\u6578","^TAIEXx2     \u81fa\u7063\u52a0\u6b0a\u5831\u916c\u6307\u6578_\u65e5\u6b632","^TAI50I      \u81fa\u706350\u5831\u916c\u6307\u6578","^TAI50Ix2    \u81fa\u706350\u5831\u916c\u6307\u6578_\u65e5\u6b632","^TAI100I     \u81fa\u7063\u4e2d\u578b100\u5831\u916c\u6307\u6578","^TAI100Ix2   \u81fa\u7063\u4e2d\u578b100\u5831\u916c\u6307\u6578_\u65e5\u6b632","^TAIDIVIDI   \u81fa\u7063\u9ad8\u80a1\u606f\u5831\u916c\u6307\u6578","^TAIDIVIDIx2 \u81fa\u7063\u9ad8\u80a1\u606f\u5831\u916c\u6307\u6578_\u65e5\u6b632","0050Fund     \u5143\u5927\u53f0\u7063\u5353\u8d8a50\u57fa\u91d1","006208Fund   \u5bcc\u90a6\u53f0\u7063\u91c6\u540950\u57fa\u91d1","0050         \u5143\u5927\u81fa\u706350","00631L       \u5143\u5927\u53f0\u706350\u6b632","00675L       \u5bcc\u90a6\u81fa\u7063\u52a0\u6b0a\u6b632","006208       \u5bcc\u90a6\u53f050","0051         \u5143\u5927\u4e2d\u578b100","006204       \u6c38\u8c50\u81fa\u7063\u52a0\u6b0a","0056         \u5143\u5927\u9ad8\u80a1\u606f","0056         \u5143\u5927\u9ad8\u80a1\u606f_\u80a1\u606f\u4e0d\u6295\u5165","2412         \u4e2d\u83ef\u96fb\u4fe1","2002         \u4e2d\u92fc","2330         \u53f0\u7a4d\u96fb","2317         \u9d3b\u6d77","6505         \u53f0\u5851\u77f3\u5316","3481         \u7fa4\u5275","2303         \u806f\u96fb","2308         \u53f0\u9054\u96fb","2454         \u806f\u767c\u79d1","2886         \u5146\u8c50\u91d1","2884         \u7389\u5c71\u91d1","2891         \u4e2d\u4fe1\u91d1","2892         \u7b2c\u4e00\u91d1","5880         \u5408\u5eab\u91d1","2881         \u5bcc\u90a6\u91d1","2885         \u5143\u5927\u91d1","2887         \u53f0\u65b0\u91d1"],"y":["^TAIEX       \u81fa\u7063\u52a0\u6b0a\u5831\u916c\u6307\u6578","^TWII        \u81fa\u7063\u52a0\u6b0a\u6307\u6578","^TAIEXx2     \u81fa\u7063\u52a0\u6b0a\u5831\u916c\u6307\u6578_\u65e5\u6b632","^TAI50I      \u81fa\u706350\u5831\u916c\u6307\u6578","^TAI50Ix2    \u81fa\u706350\u5831\u916c\u6307\u6578_\u65e5\u6b632","^TAI100I     \u81fa\u7063\u4e2d\u578b100\u5831\u916c\u6307\u6578","^TAI100Ix2   \u81fa\u7063\u4e2d\u578b100\u5831\u916c\u6307\u6578_\u65e5\u6b632","^TAIDIVIDI   \u81fa\u7063\u9ad8\u80a1\u606f\u5831\u916c\u6307\u6578","^TAIDIVIDIx2 \u81fa\u7063\u9ad8\u80a1\u606f\u5831\u916c\u6307\u6578_\u65e5\u6b632","0050Fund     \u5143\u5927\u53f0\u7063\u5353\u8d8a50\u57fa\u91d1","006208Fund   \u5bcc\u90a6\u53f0\u7063\u91c6\u540950\u57fa\u91d1","0050         \u5143\u5927\u81fa\u706350","00631L       \u5143\u5927\u53f0\u706350\u6b632","00675L       \u5bcc\u90a6\u81fa\u7063\u52a0\u6b0a\u6b632","006208       \u5bcc\u90a6\u53f050","0051         \u5143\u5927\u4e2d\u578b100","006204       \u6c38\u8c50\u81fa\u7063\u52a0\u6b0a","0056         \u5143\u5927\u9ad8\u80a1\u606f","0056         \u5143\u5927\u9ad8\u80a1\u606f_\u80a1\u606f\u4e0d\u6295\u5165","2412         \u4e2d\u83ef\u96fb\u4fe1","2002         \u4e2d\u92fc","2330         \u53f0\u7a4d\u96fb","2317         \u9d3b\u6d77","6505         \u53f0\u5851\u77f3\u5316","3481         \u7fa4\u5275","2303         \u806f\u96fb","2308         \u53f0\u9054\u96fb","2454         \u806f\u767c\u79d1","2886         \u5146\u8c50\u91d1","2884         \u7389\u5c71\u91d1","2891         \u4e2d\u4fe1\u91d1","2892         \u7b2c\u4e00\u91d1","5880         \u5408\u5eab\u91d1","2881         \u5bcc\u90a6\u91d1","2885         \u5143\u5927\u91d1","2887         \u53f0\u65b0\u91d1"],"zmin":-1,"zmax":1,"colorbar":{"x":-0.2}}],"layout":{"autotypenumbers":"strict","colorway":["#636efa","#EF553B","#00cc96","#ab63fa","#FFA15A","#19d3f3","#FF6692","#B6E880","#FF97FF","#FECB52"],"font":{"color":"#f2f5fa","family":"Courier New"},"hovermode":"closest","hoverlabel":{"align":"left"},"paper_bgcolor":"rgb(17,17,17)","plot_bgcolor":"rgb(17,17,17)","polar":{"bgcolor":"rgb(17,17,17)","angularaxis":{"gridcolor":"#506784","linecolor":"#506784","ticks":""},"radialaxis":{"gridcolor":"#506784","linecolor":"#506784","ticks":""}},"ternary":{"bgcolor":"rgb(17,17,17)","aaxis":{"gridcolor":"#506784","linecolor":"#506784","ticks":""},"baxis":{"gridcolor":"#506784","linecolor":"#506784","ticks":""},"caxis":{"gridcolor":"#506784","linecolor":"#506784","ticks":""}},"coloraxis":{"colorbar":{"outlinewidth":0,"ticks":""}},"colorscale":{"sequential":[[0.0,"#0d0887"],[0.1111111111111111,"#46039f"],[0.2222222222222222,"#7201a8"],[0.3333333333333333,"#9c179e"],[0.4444444444444444,"#bd3786"],[0.5555555555555556,"#d8576b"],[0.6666666666666666,"#ed7953"],[0.7777777777777778,"#fb9f3a"],[0.8888888888888888,"#fdca26"],[1.0,"#f0f921"]],"sequentialminus":[[0.0,"#0d0887"],[0.1111111111111111,"#46039f"],[0.2222222222222222,"#7201a8"],[0.3333333333333333,"#9c179e"],[0.4444444444444444,"#bd3786"],[0.5555555555555556,"#d8576b"],[0.6666666666666666,"#ed7953"],[0.7777777777777778,"#fb9f3a"],[0.8888888888888888,"#fdca26"],[1.0,"#f0f921"]],"diverging":[[0,"#8e0152"],[0.1,"#c51b7d"],[0.2,"#de77ae"],[0.3,"#f1b6da"],[0.4,"#fde0ef"],[0.5,"#f7f7f7"],[0.6,"#e6f5d0"],[0.7,"#b8e186"],[0.8,"#7fbc41"],[0.9,"#4d9221"],[1,"#276419"]]},"xaxis":{"gridcolor":"rgba(0, 0, 0, 0)","linecolor":"#506784","ticks":"","title":{"standoff":15},"zerolinecolor":"#283442","automargin":true,"zerolinewidth":2,"tickfont":{"family":"Courier New","size":14},"side":"top","tickangle":-90},"yaxis":{"gridcolor":"rgba(0, 0, 0, 0)","linecolor":"#506784","ticks":"","title":{"standoff":15},"zerolinecolor":"#283442","automargin":true,"zerolinewidth":2,"tickfont":{"family":"Courier New"},"side":"right"},"scene":{"xaxis":{"backgroundcolor":"rgb(17,17,17)","gridcolor":"#506784","linecolor":"#506784","showbackground":true,"ticks":"","zerolinecolor":"#C8D4E3","gridwidth":2},"yaxis":{"backgroundcolor":"rgb(17,17,17)","gridcolor":"#506784","linecolor":"#506784","showbackground":true,"ticks":"","zerolinecolor":"#C8D4E3","gridwidth":2},"zaxis":{"backgroundcolor":"rgb(17,17,17)","gridcolor":"#506784","linecolor":"#506784","showbackground":true,"ticks":"","zerolinecolor":"#C8D4E3","gridwidth":2}},"shapedefaults":{"line":{"color":"#f2f5fa"}},"annotationdefaults":{"arrowcolor":"#f2f5fa","arrowhead":0,"arrowwidth":1},"geo":{"bgcolor":"rgb(17,17,17)","landcolor":"rgb(17,17,17)","subunitcolor":"#506784","showland":true,"showlakes":true,"lakecolor":"rgb(17,17,17)"},"title":{"x":0.05,"font":{"family":"Times New Roman"},"y":0.05,"text":"<b>Correlation of Close<b><br><i>2016-09-23 ~ 2025-12-01<i>"},"updatemenudefaults":{"bgcolor":"#506784","borderwidth":0},"sliderdefaults":{"bgcolor":"#C8D4E3","borderwidth":1,"bordercolor":"rgb(17,17,17)","tickwidth":0},"mapbox":{"style":"dark"},"annotations":[{"text":"<b>@zwindr<b>","textangle":0,"opacity":0.5,"font":{"color":"white","size":12},"xref":"paper","yref":"paper","xanchor":"left","yanchor":"bottom","x":1.0,"y":1.0,"showarrow":false}]},"config":{"responsive":true,"toImageButtonOptions":{"filename":"Correlation of Close_2016-09-23~2025-12-01","scale":5}}};Plotly.newPlot("correlationClose",correlationClose.data,correlationClose.layout||{},correlationClose.config);}else{console.log("style display is none => correlationClose");}