var element=document.getElementById("correlationClose");if(element.style.display!='none'){var correlationClose={"data":[{"type":"heatmap","z":[[1.0,0.9999999999999984,1.0,0.9951148284330136,0.9951148284330136,0.9672398470530971,0.9672398470530971,0.9080489794020377,0.9080489794020377,0.8206662880543856,0.9945973119660089,0.7789097003328371,0.9925502014996523,0.9927843824950235,0.994648052975994,0.9749208616396959,0.9991051553323125,0.9174487566190238,0.9174487566190238,0.7817653021432573,-0.15207436853764558,0.9786128185310292,0.18153801360522395,-0.11458825565091887,-0.25111840544016,0.8143831098580584,0.9062877087445006,0.9164475773617793,0.9247675730634577,0.7835758166284885,0.5746629895397037,0.6413578656799892,0.6289009367072357,0.935344360331188,0.8391492704526342,0.19965402650154823],[0.9999999999999984,1.0,0.9999999999999987,0.995083619095237,0.995083619095237,0.9667250518084841,0.9667250518084841,0.9089552325851831,0.9089552325851831,0.8221551308950029,0.9945905695997357,0.779151777661828,0.992267609820077,0.9922882301572359,0.9946508275231932,0.9743794897420873,0.9991062928907664,0.9175578546848074,0.9175578546848074,0.8000737188786503,0.06000200917836398,0.9706781046180504,-0.031239405407783232,-0.10734697806356977,-0.2513118105644494,0.6495328170253125,0.9071328504926404,0.8927254493845549,0.9194389810671816,0.7938867632894822,0.566715227285261,0.6387579881472986,0.6541440470616823,0.9331532170431237,0.69898626475682,0.19675663708513985],[1.0,0.9999999999999987,1.0,0.9951148284330136,0.9951148284330136,0.9672398470530971,0.9672398470530971,0.9080489794020377,0.9080489794020377,0.8206662880543856,0.9945973119660089,0.7789097003328371,0.9925502014996523,0.9927843824950235,0.994648052975994,0.9749208616396959,0.9991051553323125,0.9174487566190238,0.9174487566190238,0.7817653021432573,-0.15207436853764558,0.9786128185310292,0.18153801360522395,-0.11458825565091887,-0.25111840544016,0.8143831098580584,0.9062877087445006,0.9164475773617793,0.9247675730634577,0.7835758166284885,0.5746629895397037,0.6413578656799892,0.6289009367072357,0.935344360331188,0.8391492704526342,0.19965402650154823],[0.9951148284330136,0.995083619095237,0.9951148284330136,1.0,1.0,0.9541187907212345,0.9541187907212345,0.8921984654166208,0.8921984654166208,0.7934658959545766,0.9995527908727804,0.7499885134849877,0.9915277144208725,0.98880410026027,0.9995128496679286,0.9574590082707677,0.9948426510412235,0.8923892631102185,0.8923892631102185,0.7557974059051414,-0.16030541688409938,0.9909183935081359,0.20896338521006969,-0.150857108120658,-0.2510529116793927,0.8043223346730571,0.9191718218516833,0.9171983151125523,0.908310941136096,0.7877281719848954,0.6038474367674697,0.6340720135431533,0.5981599912877446,0.925448693476074,0.8292498971776974,0.21197000901116142],[0.9951148284330136,0.995083619095237,0.9951148284330136,1.0,1.0,0.9541187907212345,0.9541187907212345,0.8921984654166208,0.8921984654166208,0.7934658959545766,0.9995527908727804,0.7499885134849877,0.9915277144208725,0.98880410026027,0.9995128496679286,0.9574590082707677,0.9948426510412235,0.8923892631102185,0.8923892631102185,0.7557974059051414,-0.16030541688409938,0.9909183935081359,0.20896338521006969,-0.150857108120658,-0.2510529116793927,0.8043223346730571,0.9191718218516833,0.9171983151125523,0.908310941136096,0.7877281719848954,0.6038474367674697,0.6340720135431533,0.5981599912877446,0.925448693476074,0.8292498971776974,0.21197000901116142],[0.9672398470530971,0.9667250518084841,0.9672398470530971,0.9541187907212345,0.9541187907212345,1.0,1.0,0.9329571945406182,0.9329571945406182,0.7934787386152171,0.9534489909450045,0.7768296722862114,0.9694359786359034,0.9668471464463798,0.9533282770819286,0.9990797950934246,0.9747379574447055,0.9184552832975681,0.9184552832975681,0.6485506278583675,-0.10171495377817193,0.9397584104048876,0.3339497130326404,-0.29582766218100215,-0.1213876158168221,0.882733359608895,0.8586750554833527,0.9339676577783953,0.9005172419097406,0.7490545437033165,0.7581995071154914,0.7423479224551254,0.7036681298227783,0.8666041649923835,0.868893991143183,0.47687947666995606],[0.9672398470530971,0.9667250518084841,0.9672398470530971,0.9541187907212345,0.9541187907212345,1.0,1.0,0.9329571945406182,0.9329571945406182,0.7934787386152171,0.9534489909450045,0.7768296722862114,0.9694359786359034,0.9668471464463798,0.9533282770819286,0.9990797950934246,0.9747379574447055,0.9184552832975681,0.9184552832975681,0.6485506278583675,-0.10171495377817193,0.9397584104048876,0.3339497130326404,-0.29582766218100215,-0.1213876158168221,0.882733359608895,0.8586750554833527,0.9339676577783953,0.9005172419097406,0.7490545437033165,0.7581995071154914,0.7423479224551254,0.7036681298227783,0.8666041649923835,0.868893991143183,0.47687947666995606],[0.9080489794020377,0.9089552325851831,0.9080489794020377,0.8921984654166208,0.8921984654166208,0.9329571945406182,0.9329571945406182,1.0,1.0,0.7446742200693404,0.9377477056420334,0.7608660592739185,0.9399960499707237,0.9347058881669895,0.9376613083633958,0.9341342015601709,0.9455510299610338,0.9709505370761502,0.9709505370761502,0.592948163798609,0.019321487441309484,0.8550066350147238,0.5611600825018789,-0.3218680122424731,0.012610485467678593,0.7889062033827621,0.7581697751364841,0.878041701157425,0.85516198207018,0.7620403422385001,0.8807785799098841,0.7848492898147036,0.7163797043451724,0.7996135810022885,0.854837764665083,0.8067698700615266],[0.9080489794020377,0.9089552325851831,0.9080489794020377,0.8921984654166208,0.8921984654166208,0.9329571945406182,0.9329571945406182,1.0,1.0,0.7446742200693404,0.9377477056420334,0.7608660592739185,0.9399960499707237,0.9347058881669895,0.9376613083633958,0.9341342015601709,0.9455510299610338,0.9709505370761502,0.9709505370761502,0.592948163798609,0.019321487441309484,0.8550066350147238,0.5611600825018789,-0.3218680122424731,0.012610485467678593,0.7889062033827621,0.7581697751364841,0.878041701157425,0.85516198207018,0.7620403422385001,0.8807785799098841,0.7848492898147036,0.7163797043451724,0.7996135810022885,0.854837764665083,0.8067698700615266],[0.8206662880543856,0.8221551308950029,0.8206662880543856,0.7934658959545766,0.7934658959545766,0.7934787386152171,0.7934787386152171,0.7446742200693404,0.7446742200693404,1.0,0.6820087876306437,0.9999698452950817,0.6130247755239566,0.5229620729557678,0.6837545770050801,0.7888627939453157,0.7371922272135316,0.820994472837909,0.820994472837909,0.696471466042741,-0.09944494624528814,0.7660608891444348,0.03808303800568301,0.048449849471359545,-0.24307075300839126,0.7889313539331846,0.5582464888921214,0.7676888812626854,0.8179128326014862,0.68822463370022,0.35964973246546195,0.5331779186483279,0.5650366699847881,0.7977941452232123,0.6634117439437741,0.1724758991821849],[0.9945973119660089,0.9945905695997357,0.9945973119660089,0.9995527908727804,0.9995527908727804,0.9534489909450045,0.9534489909450045,0.9377477056420334,0.9377477056420334,0.6820087876306437,1.0,0.6818696121091027,0.9912450163494378,0.9888384889153835,0.999930047720375,0.952886995693801,0.9939100469585543,0.9033870273282267,0.9033870273282267,0.8537087821793702,0.0010883843986573538,0.9965789500713287,0.8919474746157906,-0.5162820765907152,0.33339835932818057,0.8191663402761956,0.8845419793555462,0.9348923003372731,0.9024906302366992,0.8119955962717228,0.9181302100941975,0.8670249123801357,0.7723536638100547,0.9059839376111418,0.9449626248507758,0.7839363275997094],[0.7789097003328371,0.779151777661828,0.7789097003328371,0.7499885134849877,0.7499885134849877,0.7768296722862114,0.7768296722862114,0.7608660592739185,0.7608660592739185,0.9999698452950817,0.6818696121091027,1.0,0.6110063871418081,0.5203694745301259,0.6822405102862696,0.7801030978345916,0.7358282179872487,0.8168311020615825,0.8168311020615825,0.6572241804867525,0.028260733542731852,0.7242734019508453,0.43296175106065465,-0.17160558399392717,-0.2305996292585833,0.8205708940553702,0.46295713898752744,0.7423103844366541,0.7906915325883813,0.7138819441816632,0.5880903581761208,0.7097027600521145,0.6843657272071605,0.7561130050412032,0.6539322001087329,0.6772529640968741],[0.9925502014996523,0.992267609820077,0.9925502014996523,0.9915277144208725,0.9915277144208725,0.9694359786359034,0.9694359786359034,0.9399960499707237,0.9399960499707237,0.6130247755239566,0.9912450163494378,0.6110063871418081,1.0,0.9997789073125394,0.9912361790235863,0.966875157449419,0.9904864559524963,0.8910656446973346,0.8910656446973346,0.8330152668681043,0.026371853544366334,0.9896086343933879,0.9117453631050344,-0.6688243260954391,0.39860621579925687,0.788636849101279,0.8936307978555871,0.9414997903716206,0.8913993616530973,0.748518323496063,0.9189680636048895,0.844459432418032,0.7496948359766291,0.8909326382637494,0.9573388056110743,0.8104306709418043],[0.9927843824950235,0.9922882301572359,0.9927843824950235,0.98880410026027,0.98880410026027,0.9668471464463798,0.9668471464463798,0.9347058881669895,0.9347058881669895,0.5229620729557678,0.9888384889153835,0.5203694745301259,0.9997789073125394,1.0,0.9889784430097783,0.9634482199160441,0.9898174116116173,0.8752643546311435,0.8752643546311435,0.8545056902071332,-0.09970826698412082,0.9857510378457989,0.9194216844737266,-0.8382205523317695,0.43324302789256586,0.7369013585254554,0.898752453072009,0.9346650036030685,0.8769717972614115,0.6823025694599207,0.9269198497274546,0.8359012235966061,0.690929947417914,0.9147695440403771,0.9580611983528746,0.7809109446452996],[0.994648052975994,0.9946508275231932,0.994648052975994,0.9995128496679286,0.9995128496679286,0.9533282770819286,0.9533282770819286,0.9376613083633958,0.9376613083633958,0.6837545770050801,0.999930047720375,0.6822405102862696,0.9912361790235863,0.9889784430097783,1.0,0.9528880203853289,0.9939829882843074,0.9037734962122278,0.9037734962122278,0.854540450047618,0.00045509944693176817,0.996456809947415,0.8915669424461845,-0.5138581722366427,0.33353723165426286,0.8193976103988099,0.8832323684481946,0.9341430265185592,0.9028224314888351,0.8132696285286444,0.9177481326627338,0.8680716262783312,0.7732752987471305,0.9060204419346253,0.9450405876932348,0.784703421951152],[0.9749208616396959,0.9743794897420873,0.9749208616396959,0.9574590082707677,0.9574590082707677,0.9990797950934246,0.9990797950934246,0.9341342015601709,0.9341342015601709,0.7888627939453157,0.952886995693801,0.7801030978345916,0.966875157449419,0.9634482199160441,0.9528880203853289,1.0,0.9755047843249959,0.9187589062058608,0.9187589062058608,0.6968766417333376,-0.08668068231339565,0.9465703541243293,0.6553436933527553,-0.4276162684414818,-0.16859187558167682,0.8942497795164502,0.8525124364054947,0.9300548854641004,0.9077370257243568,0.7853290826920276,0.8604652970209449,0.7891858046042386,0.7602101939728382,0.888005246996878,0.8661780851305971,0.7950366753485588],[0.9991051553323125,0.9991062928907664,0.9991051553323125,0.9948426510412235,0.9948426510412235,0.9747379574447055,0.9747379574447055,0.9455510299610338,0.9455510299610338,0.7371922272135316,0.9939100469585543,0.7358282179872487,0.9904864559524963,0.9898174116116173,0.9939829882843074,0.9755047843249959,1.0,0.9292472943187454,0.9292472943187454,0.863747211815643,0.01534583699184452,0.9874741300191966,0.8604522242006775,-0.4954957461500035,0.3530984904090431,0.8653152116825127,0.8752333561529811,0.9457983544246259,0.9315642556333156,0.8338612308322763,0.9062535527612853,0.8982153391458254,0.8145417620041111,0.9192438574179227,0.9537729562891394,0.838750434678919],[0.9174487566190238,0.9175578546848074,0.9174487566190238,0.8923892631102185,0.8923892631102185,0.9184552832975681,0.9184552832975681,0.9709505370761502,0.9709505370761502,0.820994472837909,0.9033870273282267,0.8168311020615825,0.8910656446973346,0.8752643546311435,0.9037734962122278,0.9187589062058608,0.9292472943187454,1.0,1.0,0.7453200113683663,-0.040458207737375296,0.8562289151654534,0.5575716008039207,-0.2067409254102473,-0.20828260320070183,0.8293494496843451,0.7275851394864716,0.8400618673891811,0.9182823192578905,0.8411010005378036,0.7992238596268175,0.760107819323864,0.7077042002981896,0.8477781239170074,0.7816188555105753,0.8542426791926196],[0.9174487566190238,0.9175578546848074,0.9174487566190238,0.8923892631102185,0.8923892631102185,0.9184552832975681,0.9184552832975681,0.9709505370761502,0.9709505370761502,0.820994472837909,0.9033870273282267,0.8168311020615825,0.8910656446973346,0.8752643546311435,0.9037734962122278,0.9187589062058608,0.9292472943187454,1.0,1.0,0.7453200113683663,-0.040458207737375296,0.8562289151654534,0.5575716008039207,-0.2067409254102473,-0.20828260320070183,0.8293494496843451,0.7275851394864716,0.8400618673891811,0.9182823192578905,0.8411010005378036,0.7992238596268175,0.760107819323864,0.7077042002981896,0.8477781239170074,0.7816188555105753,0.8542426791926196],[0.7817653021432573,0.8000737188786503,0.7817653021432573,0.7557974059051414,0.7557974059051414,0.6485506278583675,0.6485506278583675,0.592948163798609,0.592948163798609,0.696471466042741,0.8537087821793702,0.6572241804867525,0.8330152668681043,0.8545056902071332,0.854540450047618,0.6968766417333376,0.863747211815643,0.7453200113683663,0.7453200113683663,1.0,0.030237131081915336,0.717300083669613,-0.35393416314625625,0.30824142078283884,-0.6560192375268448,0.3595061963684202,0.6991523374330845,0.5166463688964658,0.8376568341830937,0.6977289761702957,0.1259333762130543,0.3168736686596503,0.5685604220884175,0.7839465744990923,0.48566998870818195,-0.14302822290618938],[-0.15207436853764558,0.06000200917836398,-0.15207436853764558,-0.16030541688409938,-0.16030541688409938,-0.10171495377817193,-0.10171495377817193,0.019321487441309484,0.019321487441309484,-0.09944494624528814,0.0010883843986573538,0.028260733542731852,0.026371853544366334,-0.09970826698412082,0.00045509944693176817,-0.08668068231339565,0.01534583699184452,-0.040458207737375296,-0.040458207737375296,0.030237131081915336,1.0,-0.1038102245447976,0.10072271155773825,0.1612283013056909,0.7480509820167162,-0.09606663962849392,-0.05789837553597528,-0.021617823291649067,0.15432505940252944,-0.0072597301660080596,0.03544922398795374,0.3218603737243893,0.5633947099275508,-0.12965229138458734,0.09735254954840913,0.152240699115543],[0.9786128185310292,0.9706781046180504,0.9786128185310292,0.9909183935081359,0.9909183935081359,0.9397584104048876,0.9397584104048876,0.8550066350147238,0.8550066350147238,0.7660608891444348,0.9965789500713287,0.7242734019508453,0.9896086343933879,0.9857510378457989,0.996456809947415,0.9465703541243293,0.9874741300191966,0.8562289151654534,0.8562289151654534,0.717300083669613,-0.1038102245447976,1.0,0.11684723539998072,-0.20784394033754897,-0.2999171631525944,0.668053504671045,0.920245064028227,0.9006699152472006,0.8522519306178773,0.7561383734953756,0.6050657753979546,0.601159071415738,0.5285114301669953,0.9045026149258711,0.6779034942379619,0.19322248662259525],[0.18153801360522395,-0.031239405407783232,0.18153801360522395,0.20896338521006969,0.20896338521006969,0.3339497130326404,0.3339497130326404,0.5611600825018789,0.5611600825018789,0.03808303800568301,0.8919474746157906,0.43296175106065465,0.9117453631050344,0.9194216844737266,0.8915669424461845,0.6553436933527553,0.8604522242006775,0.5575716008039207,0.5575716008039207,-0.35393416314625625,0.10072271155773825,0.11684723539998072,1.0,-0.46371352147458855,0.7076468360736711,0.3855708218339417,0.13463241691700525,0.3271214860671114,-0.08145118892898945,0.09213938398132536,0.6050221310427567,0.48556563482494286,0.20422227542170182,0.02514800635408574,0.402233527654955,0.472779546278021],[-0.11458825565091887,-0.10734697806356977,-0.11458825565091887,-0.150857108120658,-0.150857108120658,-0.29582766218100215,-0.29582766218100215,-0.3218680122424731,-0.3218680122424731,0.048449849471359545,-0.5162820765907152,-0.17160558399392717,-0.6688243260954391,-0.8382205523317695,-0.5138581722366427,-0.4276162684414818,-0.4954957461500035,-0.2067409254102473,-0.2067409254102473,0.30824142078283884,0.1612283013056909,-0.20784394033754897,-0.46371352147458855,1.0,-0.02545810308891997,-0.17163802783127816,-0.20619407648347338,-0.31191813736829954,-0.05435898550392014,-0.08488028782694432,-0.5722316483998273,-0.208549324982037,-0.029570374289464508,-0.05890477040105815,-0.23157257491503855,-0.41195073393039716],[-0.25111840544016,-0.2513118105644494,-0.25111840544016,-0.2510529116793927,-0.2510529116793927,-0.1213876158168221,-0.1213876158168221,0.012610485467678593,0.012610485467678593,-0.24307075300839126,0.33339835932818057,-0.2305996292585833,0.39860621579925687,0.43324302789256586,0.33353723165426286,-0.16859187558167682,0.3530984904090431,-0.20828260320070183,-0.20828260320070183,-0.6560192375268448,0.7480509820167162,-0.2999171631525944,0.7076468360736711,-0.02545810308891997,1.0,-0.1083413988025057,-0.24148581197794203,-0.06904154476696697,-0.3515832302124599,-0.3298037852925331,0.0637345316916986,0.15798289247231,0.2612474285978348,-0.37781192347719644,0.106988490424912,0.08864059973101705],[0.8143831098580584,0.6495328170253125,0.8143831098580584,0.8043223346730571,0.8043223346730571,0.882733359608895,0.882733359608895,0.7889062033827621,0.7889062033827621,0.7889313539331846,0.8191663402761956,0.8205708940553702,0.788636849101279,0.7369013585254554,0.8193976103988099,0.8942497795164502,0.8653152116825127,0.8293494496843451,0.8293494496843451,0.3595061963684202,-0.09606663962849392,0.668053504671045,0.3855708218339417,-0.17163802783127816,-0.1083413988025057,1.0,0.543829622219757,0.8397066721742141,0.5004973851746177,0.6322953488751998,0.5545214318702752,0.6617812478562043,0.42813456577417536,0.7082046557002122,0.7060470533553896,0.421535709062672],[0.9062877087445006,0.9071328504926404,0.9062877087445006,0.9191718218516833,0.9191718218516833,0.8586750554833527,0.8586750554833527,0.7581697751364841,0.7581697751364841,0.5582464888921214,0.8845419793555462,0.46295713898752744,0.8936307978555871,0.898752453072009,0.8832323684481946,0.8525124364054947,0.8752333561529811,0.7275851394864716,0.7275851394864716,0.6991523374330845,-0.05789837553597528,0.920245064028227,0.13463241691700525,-0.20619407648347338,-0.24148581197794203,0.543829622219757,1.0,0.8004152096140481,0.7767144881732234,0.6657034259733573,0.5198961660532088,0.5082005155600994,0.5110498205900278,0.8407088062420108,0.6352520276658278,0.12090608935001454],[0.9164475773617793,0.8927254493845549,0.9164475773617793,0.9171983151125523,0.9171983151125523,0.9339676577783953,0.9339676577783953,0.878041701157425,0.878041701157425,0.7676888812626854,0.9348923003372731,0.7423103844366541,0.9414997903716206,0.9346650036030685,0.9341430265185592,0.9300548854641004,0.9457983544246259,0.8400618673891811,0.8400618673891811,0.5166463688964658,-0.021617823291649067,0.9006699152472006,0.3271214860671114,-0.31191813736829954,-0.06904154476696697,0.8397066721742141,0.8004152096140481,1.0,0.758173054362552,0.6202234232020896,0.6128254676694921,0.6097619510205708,0.5361345470270432,0.8251956725737455,0.8396389069984126,0.2297723759143387],[0.9247675730634577,0.9194389810671816,0.9247675730634577,0.908310941136096,0.908310941136096,0.9005172419097406,0.9005172419097406,0.85516198207018,0.85516198207018,0.8179128326014862,0.9024906302366992,0.7906915325883813,0.8913993616530973,0.8769717972614115,0.9028224314888351,0.9077370257243568,0.9315642556333156,0.9182823192578905,0.9182823192578905,0.8376568341830937,0.15432505940252944,0.8522519306178773,-0.08145118892898945,-0.05435898550392014,-0.3515832302124599,0.5004973851746177,0.7767144881732234,0.758173054362552,1.0,0.9081789310415889,0.5571772804939384,0.693249080443641,0.6680164007646182,0.8810576828906773,0.5187435893071882,0.3061558547984804],[0.7835758166284885,0.7938867632894822,0.7835758166284885,0.7877281719848954,0.7877281719848954,0.7490545437033165,0.7490545437033165,0.7620403422385001,0.7620403422385001,0.68822463370022,0.8119955962717228,0.7138819441816632,0.748518323496063,0.6823025694599207,0.8132696285286444,0.7853290826920276,0.8338612308322763,0.8411010005378036,0.8411010005378036,0.6977289761702957,-0.0072597301660080596,0.7561383734953756,0.09213938398132536,-0.08488028782694432,-0.3298037852925331,0.6322953488751998,0.6657034259733573,0.6202234232020896,0.9081789310415889,1.0,0.5902731077729282,0.6757344183682199,0.6123338957469563,0.737515325669329,0.5958496596081748,0.4782125964328487],[0.5746629895397037,0.566715227285261,0.5746629895397037,0.6038474367674697,0.6038474367674697,0.7581995071154914,0.7581995071154914,0.8807785799098841,0.8807785799098841,0.35964973246546195,0.9181302100941975,0.5880903581761208,0.9189680636048895,0.9269198497274546,0.9177481326627338,0.8604652970209449,0.9062535527612853,0.7992238596268175,0.7992238596268175,0.1259333762130543,0.03544922398795374,0.6050657753979546,0.6050221310427567,-0.5722316483998273,0.0637345316916986,0.5545214318702752,0.5198961660532088,0.6128254676694921,0.5571772804939384,0.5902731077729282,1.0,0.7477485723557669,0.38749283950589414,0.5186898468588583,0.6004350078934166,0.7541811973421902],[0.6413578656799892,0.6387579881472986,0.6413578656799892,0.6340720135431533,0.6340720135431533,0.7423479224551254,0.7423479224551254,0.7848492898147036,0.7848492898147036,0.5331779186483279,0.8670249123801357,0.7097027600521145,0.844459432418032,0.8359012235966061,0.8680716262783312,0.7891858046042386,0.8982153391458254,0.760107819323864,0.760107819323864,0.3168736686596503,0.3218603737243893,0.601159071415738,0.48556563482494286,-0.208549324982037,0.15798289247231,0.6617812478562043,0.5082005155600994,0.6097619510205708,0.693249080443641,0.6757344183682199,0.7477485723557669,1.0,0.7795015018403036,0.5091478388130671,0.7339266204753558,0.5534525389513767],[0.6289009367072357,0.6541440470616823,0.6289009367072357,0.5981599912877446,0.5981599912877446,0.7036681298227783,0.7036681298227783,0.7163797043451724,0.7163797043451724,0.5650366699847881,0.7723536638100547,0.6843657272071605,0.7496948359766291,0.690929947417914,0.7732752987471305,0.7602101939728382,0.8145417620041111,0.7077042002981896,0.7077042002981896,0.5685604220884175,0.5633947099275508,0.5285114301669953,0.20422227542170182,-0.029570374289464508,0.2612474285978348,0.42813456577417536,0.5110498205900278,0.5361345470270432,0.6680164007646182,0.6123338957469563,0.38749283950589414,0.7795015018403036,1.0,0.49588592625309863,0.6657730534208346,0.20626963086878466],[0.935344360331188,0.9331532170431237,0.935344360331188,0.925448693476074,0.925448693476074,0.8666041649923835,0.8666041649923835,0.7996135810022885,0.7996135810022885,0.7977941452232123,0.9059839376111418,0.7561130050412032,0.8909326382637494,0.9147695440403771,0.9060204419346253,0.888005246996878,0.9192438574179227,0.8477781239170074,0.8477781239170074,0.7839465744990923,-0.12965229138458734,0.9045026149258711,0.02514800635408574,-0.05890477040105815,-0.37781192347719644,0.7082046557002122,0.8407088062420108,0.8251956725737455,0.8810576828906773,0.737515325669329,0.5186898468588583,0.5091478388130671,0.49588592625309863,1.0,0.7440270699601278,0.185027557326183],[0.8391492704526342,0.69898626475682,0.8391492704526342,0.8292498971776974,0.8292498971776974,0.868893991143183,0.868893991143183,0.854837764665083,0.854837764665083,0.6634117439437741,0.9449626248507758,0.6539322001087329,0.9573388056110743,0.9580611983528746,0.9450405876932348,0.8661780851305971,0.9537729562891394,0.7816188555105753,0.7816188555105753,0.48566998870818195,0.09735254954840913,0.6779034942379619,0.402233527654955,-0.23157257491503855,0.106988490424912,0.7060470533553896,0.6352520276658278,0.8396389069984126,0.5187435893071882,0.5958496596081748,0.6004350078934166,0.7339266204753558,0.6657730534208346,0.7440270699601278,1.0,0.19433377281262573],[0.19965402650154823,0.19675663708513985,0.19965402650154823,0.21197000901116142,0.21197000901116142,0.47687947666995606,0.47687947666995606,0.8067698700615266,0.8067698700615266,0.1724758991821849,0.7839363275997094,0.6772529640968741,0.8104306709418043,0.7809109446452996,0.784703421951152,0.7950366753485588,0.838750434678919,0.8542426791926196,0.8542426791926196,-0.14302822290618938,0.152240699115543,0.19322248662259525,0.472779546278021,-0.41195073393039716,0.08864059973101705,0.421535709062672,0.12090608935001454,0.2297723759143387,0.3061558547984804,0.4782125964328487,0.7541811973421902,0.5534525389513767,0.20626963086878466,0.185027557326183,0.19433377281262573,1.0]],"x":["^TAIEX       \u81fa\u7063\u52a0\u6b0a\u5831\u916c\u6307\u6578","^TWII        \u81fa\u7063\u52a0\u6b0a\u6307\u6578","^TAIEXx2     \u81fa\u7063\u52a0\u6b0a\u5831\u916c\u6307\u6578_\u65e5\u6b632","^TAI50I      \u81fa\u706350\u5831\u916c\u6307\u6578","^TAI50Ix2    \u81fa\u706350\u5831\u916c\u6307\u6578_\u65e5\u6b632","^TAI100I     \u81fa\u7063\u4e2d\u578b100\u5831\u916c\u6307\u6578","^TAI100Ix2   \u81fa\u7063\u4e2d\u578b100\u5831\u916c\u6307\u6578_\u65e5\u6b632","^TAIDIVIDI   \u81fa\u7063\u9ad8\u80a1\u606f\u5831\u916c\u6307\u6578","^TAIDIVIDIx2 \u81fa\u7063\u9ad8\u80a1\u606f\u5831\u916c\u6307\u6578_\u65e5\u6b632","0050Fund     \u5143\u5927\u53f0\u7063\u5353\u8d8a50\u57fa\u91d1","006208Fund   \u5bcc\u90a6\u53f0\u7063\u91c6\u540950\u57fa\u91d1","0050         \u5143\u5927\u81fa\u706350","00631L       \u5143\u5927\u53f0\u706350\u6b632","00675L       \u5bcc\u90a6\u81fa\u7063\u52a0\u6b0a\u6b632","006208       \u5bcc\u90a6\u53f050","0051         \u5143\u5927\u4e2d\u578b100","006204       \u6c38\u8c50\u81fa\u7063\u52a0\u6b0a","0056         \u5143\u5927\u9ad8\u80a1\u606f","0056         \u5143\u5927\u9ad8\u80a1\u606f_\u80a1\u606f\u4e0d\u6295\u5165","2412         \u4e2d\u83ef\u96fb\u4fe1","2002         \u4e2d\u92fc","2330         \u53f0\u7a4d\u96fb","2317         \u9d3b\u6d77","6505         \u53f0\u5851\u77f3\u5316","3481         \u7fa4\u5275","2303         \u806f\u96fb","2308         \u53f0\u9054\u96fb","2454         \u806f\u767c\u79d1","2886         \u5146\u8c50\u91d1","2884         \u7389\u5c71\u91d1","2891         \u4e2d\u4fe1\u91d1","2892         \u7b2c\u4e00\u91d1","5880         \u5408\u5eab\u91d1","2881         \u5bcc\u90a6\u91d1","2885         \u5143\u5927\u91d1","2887         \u53f0\u65b0\u91d1"],"y":["^TAIEX       \u81fa\u7063\u52a0\u6b0a\u5831\u916c\u6307\u6578","^TWII        \u81fa\u7063\u52a0\u6b0a\u6307\u6578","^TAIEXx2     \u81fa\u7063\u52a0\u6b0a\u5831\u916c\u6307\u6578_\u65e5\u6b632","^TAI50I      \u81fa\u706350\u5831\u916c\u6307\u6578","^TAI50Ix2    \u81fa\u706350\u5831\u916c\u6307\u6578_\u65e5\u6b632","^TAI100I     \u81fa\u7063\u4e2d\u578b100\u5831\u916c\u6307\u6578","^TAI100Ix2   \u81fa\u7063\u4e2d\u578b100\u5831\u916c\u6307\u6578_\u65e5\u6b632","^TAIDIVIDI   \u81fa\u7063\u9ad8\u80a1\u606f\u5831\u916c\u6307\u6578","^TAIDIVIDIx2 \u81fa\u7063\u9ad8\u80a1\u606f\u5831\u916c\u6307\u6578_\u65e5\u6b632","0050Fund     \u5143\u5927\u53f0\u7063\u5353\u8d8a50\u57fa\u91d1","006208Fund   \u5bcc\u90a6\u53f0\u7063\u91c6\u540950\u57fa\u91d1","0050         \u5143\u5927\u81fa\u706350","00631L       \u5143\u5927\u53f0\u706350\u6b632","00675L       \u5bcc\u90a6\u81fa\u7063\u52a0\u6b0a\u6b632","006208       \u5bcc\u90a6\u53f050","0051         \u5143\u5927\u4e2d\u578b100","006204       \u6c38\u8c50\u81fa\u7063\u52a0\u6b0a","0056         \u5143\u5927\u9ad8\u80a1\u606f","0056         \u5143\u5927\u9ad8\u80a1\u606f_\u80a1\u606f\u4e0d\u6295\u5165","2412         \u4e2d\u83ef\u96fb\u4fe1","2002         \u4e2d\u92fc","2330         \u53f0\u7a4d\u96fb","2317         \u9d3b\u6d77","6505         \u53f0\u5851\u77f3\u5316","3481         \u7fa4\u5275","2303         \u806f\u96fb","2308         \u53f0\u9054\u96fb","2454         \u806f\u767c\u79d1","2886         \u5146\u8c50\u91d1","2884         \u7389\u5c71\u91d1","2891         \u4e2d\u4fe1\u91d1","2892         \u7b2c\u4e00\u91d1","5880         \u5408\u5eab\u91d1","2881         \u5bcc\u90a6\u91d1","2885         \u5143\u5927\u91d1","2887         \u53f0\u65b0\u91d1"],"zmin":-1,"zmax":1,"colorbar":{"x":-0.2}}],"layout":{"autotypenumbers":"strict","colorway":["#636efa","#EF553B","#00cc96","#ab63fa","#FFA15A","#19d3f3","#FF6692","#B6E880","#FF97FF","#FECB52"],"font":{"color":"#f2f5fa","family":"Courier New"},"hovermode":"closest","hoverlabel":{"align":"left"},"paper_bgcolor":"rgb(17,17,17)","plot_bgcolor":"rgb(17,17,17)","polar":{"bgcolor":"rgb(17,17,17)","angularaxis":{"gridcolor":"#506784","linecolor":"#506784","ticks":""},"radialaxis":{"gridcolor":"#506784","linecolor":"#506784","ticks":""}},"ternary":{"bgcolor":"rgb(17,17,17)","aaxis":{"gridcolor":"#506784","linecolor":"#506784","ticks":""},"baxis":{"gridcolor":"#506784","linecolor":"#506784","ticks":""},"caxis":{"gridcolor":"#506784","linecolor":"#506784","ticks":""}},"coloraxis":{"colorbar":{"outlinewidth":0,"ticks":""}},"colorscale":{"sequential":[[0.0,"#0d0887"],[0.1111111111111111,"#46039f"],[0.2222222222222222,"#7201a8"],[0.3333333333333333,"#9c179e"],[0.4444444444444444,"#bd3786"],[0.5555555555555556,"#d8576b"],[0.6666666666666666,"#ed7953"],[0.7777777777777778,"#fb9f3a"],[0.8888888888888888,"#fdca26"],[1.0,"#f0f921"]],"sequentialminus":[[0.0,"#0d0887"],[0.1111111111111111,"#46039f"],[0.2222222222222222,"#7201a8"],[0.3333333333333333,"#9c179e"],[0.4444444444444444,"#bd3786"],[0.5555555555555556,"#d8576b"],[0.6666666666666666,"#ed7953"],[0.7777777777777778,"#fb9f3a"],[0.8888888888888888,"#fdca26"],[1.0,"#f0f921"]],"diverging":[[0,"#8e0152"],[0.1,"#c51b7d"],[0.2,"#de77ae"],[0.3,"#f1b6da"],[0.4,"#fde0ef"],[0.5,"#f7f7f7"],[0.6,"#e6f5d0"],[0.7,"#b8e186"],[0.8,"#7fbc41"],[0.9,"#4d9221"],[1,"#276419"]]},"xaxis":{"gridcolor":"rgba(0, 0, 0, 0)","linecolor":"#506784","ticks":"","title":{"standoff":15},"zerolinecolor":"#283442","automargin":true,"zerolinewidth":2,"tickfont":{"family":"Courier New","size":14},"side":"top","tickangle":-90},"yaxis":{"gridcolor":"rgba(0, 0, 0, 0)","linecolor":"#506784","ticks":"","title":{"standoff":15},"zerolinecolor":"#283442","automargin":true,"zerolinewidth":2,"tickfont":{"family":"Courier New"},"side":"right"},"scene":{"xaxis":{"backgroundcolor":"rgb(17,17,17)","gridcolor":"#506784","linecolor":"#506784","showbackground":true,"ticks":"","zerolinecolor":"#C8D4E3","gridwidth":2},"yaxis":{"backgroundcolor":"rgb(17,17,17)","gridcolor":"#506784","linecolor":"#506784","showbackground":true,"ticks":"","zerolinecolor":"#C8D4E3","gridwidth":2},"zaxis":{"backgroundcolor":"rgb(17,17,17)","gridcolor":"#506784","linecolor":"#506784","showbackground":true,"ticks":"","zerolinecolor":"#C8D4E3","gridwidth":2}},"shapedefaults":{"line":{"color":"#f2f5fa"}},"annotationdefaults":{"arrowcolor":"#f2f5fa","arrowhead":0,"arrowwidth":1},"geo":{"bgcolor":"rgb(17,17,17)","landcolor":"rgb(17,17,17)","subunitcolor":"#506784","showland":true,"showlakes":true,"lakecolor":"rgb(17,17,17)"},"title":{"x":0.05,"font":{"family":"Times New Roman"},"y":0.05,"text":"<b>Correlation of Close<b><br><i>2016-09-23 ~ 2025-12-30<i>"},"updatemenudefaults":{"bgcolor":"#506784","borderwidth":0},"sliderdefaults":{"bgcolor":"#C8D4E3","borderwidth":1,"bordercolor":"rgb(17,17,17)","tickwidth":0},"mapbox":{"style":"dark"},"annotations":[{"text":"<b>@zwindr<b>","textangle":0,"opacity":0.5,"font":{"color":"white","size":12},"xref":"paper","yref":"paper","xanchor":"left","yanchor":"bottom","x":1.0,"y":1.0,"showarrow":false}]},"config":{"responsive":true,"toImageButtonOptions":{"filename":"Correlation of Close_2016-09-23~2025-12-30","scale":5}}};Plotly.newPlot("correlationClose",correlationClose.data,correlationClose.layout||{},correlationClose.config);}else{console.log("style display is none => correlationClose");}