var element=document.getElementById("correlationClose");if(element.style.display!='none'){var correlationClose={"data":[{"type":"heatmap","z":[[1.0,0.9999999999999983,1.0,0.9951695050529608,0.9951695050529608,0.96597045279044,0.96597045279044,0.9060044316657913,0.9060044316657913,0.8452330655714169,0.9944603936574491,0.8091317994163755,0.9926088630265716,0.9927007501343086,0.99449778752351,0.9744180407713997,0.9990557239408162,0.919811639088748,0.919811639088748,0.7834086353028504,-0.13781488323800156,0.978098975724778,0.1582830591270248,-0.0966155369564014,-0.25159912601228857,0.814618714433948,0.9086310084095004,0.9138138428373438,0.926280795422998,0.7806901336649871,0.5538732302327387,0.6362938736243292,0.6312198689909609,0.9334636035566549,0.8322451256550416,0.18890335396054542],[0.9999999999999983,1.0,0.9999999999999987,0.9951369672112538,0.9951369672112538,0.965430798579389,0.965430798579389,0.9069764606606011,0.9069764606606011,0.84659589310734,0.9944537607606991,0.8107478046058357,0.9923347127708294,0.9921836543053904,0.9944924742946255,0.9738131852681947,0.9990547741534417,0.9201317558393938,0.9201317558393938,0.8021408994340458,0.0742378246523275,0.9699076762655671,-0.046071292904912,-0.08824771903481059,-0.2519094104662081,0.6472610373600796,0.9099256459100966,0.8890647219889678,0.9209523427857834,0.7914198159435827,0.5446897177593301,0.6332569094967933,0.6571942137276041,0.93107125527702,0.688199862223787,0.18542348052254914],[1.0,0.9999999999999987,1.0,0.9951695050529608,0.9951695050529608,0.96597045279044,0.96597045279044,0.9060044316657913,0.9060044316657913,0.8452330655714169,0.9944603936574491,0.8091317994163755,0.9926088630265716,0.9927007501343086,0.99449778752351,0.9744180407713997,0.9990557239408162,0.919811639088748,0.919811639088748,0.7834086353028504,-0.13781488323800156,0.978098975724778,0.1582830591270248,-0.0966155369564014,-0.25159912601228857,0.814618714433948,0.9086310084095004,0.9138138428373438,0.926280795422998,0.7806901336649871,0.5538732302327387,0.6362938736243292,0.6312198689909609,0.9334636035566549,0.8322451256550416,0.18890335396054542],[0.9951695050529608,0.9951369672112538,0.9951695050529608,1.0,1.0,0.9527467184619569,0.9527467184619569,0.8905394670740027,0.8905394670740027,0.8222160315624596,0.9995342463155839,0.7842643564143104,0.9908905797063083,0.9878557297239999,0.9994977742983274,0.9569837761848234,0.9948025616036763,0.8959964003711874,0.8959964003711874,0.7586707150270009,-0.1457263378430494,0.9904442877012305,0.1846180204519787,-0.1324547581941004,-0.2522565754518815,0.8062334956754796,0.9189609836632289,0.9153878896553089,0.9111944484245391,0.7863415135970361,0.5824374501187911,0.6295488616856231,0.6014185813462883,0.9239672650027935,0.8217592542188515,0.20088029928158568],[0.9951695050529608,0.9951369672112538,0.9951695050529608,1.0,1.0,0.9527467184619569,0.9527467184619569,0.8905394670740027,0.8905394670740027,0.8222160315624596,0.9995342463155839,0.7842643564143104,0.9908905797063083,0.9878557297239999,0.9994977742983274,0.9569837761848234,0.9948025616036763,0.8959964003711874,0.8959964003711874,0.7586707150270009,-0.1457263378430494,0.9904442877012305,0.1846180204519787,-0.1324547581941004,-0.2522565754518815,0.8062334956754796,0.9189609836632289,0.9153878896553089,0.9111944484245391,0.7863415135970361,0.5824374501187911,0.6295488616856231,0.6014185813462883,0.9239672650027935,0.8217592542188515,0.20088029928158568],[0.96597045279044,0.965430798579389,0.96597045279044,0.9527467184619569,0.9527467184619569,1.0,1.0,0.9312179558637482,0.9312179558637482,0.8151665772981986,0.9523786531497479,0.8014685886315692,0.970582854517321,0.9680923889586208,0.9522132276094055,0.9990920333944051,0.9740307992851813,0.9191953574153786,0.9191953574153786,0.6454216945043001,-0.08601571674716847,0.9379881117956206,0.3163788487525163,-0.2818880982194016,-0.1185834561565634,0.8840230942730177,0.8606166546987424,0.9318602633468472,0.9003190078512944,0.744757502888572,0.747237029472599,0.7395431499815824,0.7063236493160029,0.8619589123645988,0.8635151226552489,0.4695670106097218],[0.96597045279044,0.965430798579389,0.96597045279044,0.9527467184619569,0.9527467184619569,1.0,1.0,0.9312179558637482,0.9312179558637482,0.8151665772981986,0.9523786531497479,0.8014685886315692,0.970582854517321,0.9680923889586208,0.9522132276094055,0.9990920333944051,0.9740307992851813,0.9191953574153786,0.9191953574153786,0.6454216945043001,-0.08601571674716847,0.9379881117956206,0.3163788487525163,-0.2818880982194016,-0.1185834561565634,0.8840230942730177,0.8606166546987424,0.9318602633468472,0.9003190078512944,0.744757502888572,0.747237029472599,0.7395431499815824,0.7063236493160029,0.8619589123645988,0.8635151226552489,0.4695670106097218],[0.9060044316657913,0.9069764606606011,0.9060044316657913,0.8905394670740027,0.8905394670740027,0.9312179558637482,0.9312179558637482,1.0,1.0,0.7611971485720019,0.9377135324977837,0.7801590716561548,0.9420559280282598,0.9368166344609972,0.9375655654681403,0.9322147125729059,0.9446949574691956,0.9714008641132231,0.9714008641132231,0.587592855669347,0.03470229598964158,0.8520905225421347,0.5490322417158615,-0.3076625171961364,0.01705870804919181,0.7866596574786836,0.7598313307000757,0.8744682994142,0.8528159417355075,0.7575974247368314,0.8795240640457692,0.7818876750761762,0.7168605668091005,0.793551412186116,0.8505519889222009,0.8029551533285406],[0.9060044316657913,0.9069764606606011,0.9060044316657913,0.8905394670740027,0.8905394670740027,0.9312179558637482,0.9312179558637482,1.0,1.0,0.7611971485720019,0.9377135324977837,0.7801590716561548,0.9420559280282598,0.9368166344609972,0.9375655654681403,0.9322147125729059,0.9446949574691956,0.9714008641132231,0.9714008641132231,0.587592855669347,0.03470229598964158,0.8520905225421347,0.5490322417158615,-0.3076625171961364,0.01705870804919181,0.7866596574786836,0.7598313307000757,0.8744682994142,0.8528159417355075,0.7575974247368314,0.8795240640457692,0.7818876750761762,0.7168605668091005,0.793551412186116,0.8505519889222009,0.8029551533285406],[0.8452330655714169,0.84659589310734,0.8452330655714169,0.8222160315624596,0.8222160315624596,0.8151665772981986,0.8151665772981986,0.7611971485720019,0.7611971485720019,1.0,0.7223123965787696,0.9999698440448156,0.6650842562517628,0.5841565816261327,0.7239539265504,0.8106265397876371,0.7720199739695863,0.8321750498646386,0.8321750498646386,0.7017405472781628,-0.10192441488284994,0.7964427614168491,0.04155852479722893,0.04628761376199127,-0.2441892799286778,0.7961084734546456,0.6042859934195308,0.7840981017272876,0.827775431134659,0.6969211903000707,0.37425427686578516,0.539204150786858,0.5677978089399541,0.8149408849429411,0.6820019795370763,0.17471908762918306],[0.9944603936574491,0.9944537607606991,0.9944603936574491,0.9995342463155839,0.9995342463155839,0.9523786531497479,0.9523786531497479,0.9377135324977837,0.9377135324977837,0.7223123965787696,1.0,0.7222555244719153,0.990652836533869,0.9879363820376702,0.9999265644108367,0.9525228263437681,0.993718359090626,0.9076926589894287,0.9076926589894287,0.8538390096288794,0.03133256911058688,0.9964303884084538,0.8844401923506002,-0.5029886562233925,0.33960295333050666,0.8248442027087556,0.8824044122797673,0.935034852704698,0.9053898675163519,0.8095815179848748,0.9127546992256752,0.8687087800825736,0.7800969588185253,0.9023550582585653,0.9424249255134677,0.7771645809083165],[0.8091317994163755,0.8107478046058357,0.8091317994163755,0.7842643564143104,0.7842643564143104,0.8014685886315692,0.8014685886315692,0.7801590716561548,0.7801590716561548,0.9999698440448156,0.7222555244719153,1.0,0.6657178259256157,0.5846834247113459,0.724475408884451,0.8039496334439777,0.7724088524123731,0.8296241992728823,0.8296241992728823,0.665975807885392,0.023552038677990876,0.7618710503820177,0.4594639491875499,-0.17896532921673253,-0.2317284025911687,0.8304166199125571,0.5172818717120011,0.7628025740972355,0.8036624785836064,0.7265470097100518,0.6233984966769567,0.7226642909605175,0.6904391971632284,0.7795086618989389,0.6801812351696741,0.6928246957947755],[0.9926088630265716,0.9923347127708294,0.9926088630265716,0.9908905797063083,0.9908905797063083,0.970582854517321,0.970582854517321,0.9420559280282598,0.9420559280282598,0.6650842562517628,0.990652836533869,0.6657178259256157,1.0,0.9997604023942065,0.9906256484658373,0.9690035464700559,0.9904005695895177,0.898631805181683,0.898631805181683,0.8320999102635824,0.0618994488719846,0.988729684648471,0.9045767180079809,-0.6612515542083129,0.4078485639580933,0.797852448388014,0.888761939537832,0.944372819393955,0.8969708245285015,0.7432762718357294,0.9124349613213402,0.8478229694983704,0.7621901538557453,0.8863778255552621,0.9563991054389455,0.8051900346131791],[0.9927007501343086,0.9921836543053904,0.9927007501343086,0.9878557297239999,0.9878557297239999,0.9680923889586208,0.9680923889586208,0.9368166344609972,0.9368166344609972,0.5841565816261327,0.9879363820376702,0.5846834247113459,0.9997604023942065,1.0,0.9880458041929246,0.9657680460514894,0.9894926100377149,0.8835073899071078,0.8835073899071078,0.853326607171044,-0.06387304046998131,0.9844542965284874,0.9128007244482654,-0.8386107370256969,0.4451175456454685,0.7470175976683535,0.8933855173241743,0.938257400414758,0.8829852769947019,0.6727285033628053,0.9207758907576163,0.8384188484957653,0.7051709495834259,0.9119472129025656,0.9570032525486678,0.7735460361829396],[0.99449778752351,0.9944924742946255,0.99449778752351,0.9994977742983274,0.9994977742983274,0.9522132276094055,0.9522132276094055,0.9375655654681403,0.9375655654681403,0.7239539265504,0.9999265644108367,0.724475408884451,0.9906256484658373,0.9880458041929246,1.0,0.95246594729925,0.9937686476825778,0.9082431915585819,0.9082431915585819,0.8546809716831553,0.03207522321672213,0.996309535401761,0.8836638047681388,-0.49970708723851553,0.3390285534723868,0.8253238536667906,0.8808528033623784,0.9342126540070069,0.9059034695267019,0.8106335089834487,0.9120637973773713,0.8697540678969229,0.7814022969597355,0.9022066741302853,0.9423484985671432,0.7775123253165721],[0.9744180407713997,0.9738131852681947,0.9744180407713997,0.9569837761848234,0.9569837761848234,0.9990920333944051,0.9990920333944051,0.9322147125729059,0.9322147125729059,0.8106265397876371,0.9525228263437681,0.8039496334439777,0.9690035464700559,0.9657680460514894,0.95246594729925,1.0,0.9752758179441612,0.9189691310773466,0.9189691310773466,0.6935875978504034,-0.06987202913536092,0.9460414112308895,0.6398124244743831,-0.4136215248656454,-0.16714055420849472,0.8954297649294297,0.8575308667716629,0.9276571189863666,0.9074231876910989,0.7815069200987188,0.8556949216086676,0.78660855040841,0.7626945552838857,0.8838380186704511,0.860771894356601,0.7903502634194752],[0.9990557239408162,0.9990547741534417,0.9990557239408162,0.9948025616036763,0.9948025616036763,0.9740307992851813,0.9740307992851813,0.9446949574691956,0.9446949574691956,0.7720199739695863,0.993718359090626,0.7724088524123731,0.9904005695895177,0.9894926100377149,0.9937686476825778,0.9752758179441612,1.0,0.9324529864409504,0.9324529864409504,0.8628631206938371,0.0450973009370525,0.9872075286533977,0.8516331915547427,-0.4808461425150889,0.3579062672379731,0.8702212631445111,0.875270970682719,0.9451721245136598,0.9339980350118341,0.831606972834333,0.9009825204116272,0.8993148630668895,0.8211995512724303,0.9159473463073148,0.9513701955575667,0.8339349387283249],[0.919811639088748,0.9201317558393938,0.919811639088748,0.8959964003711874,0.8959964003711874,0.9191953574153786,0.9191953574153786,0.9714008641132231,0.9714008641132231,0.8321750498646386,0.9076926589894287,0.8296241992728823,0.898631805181683,0.8835073899071078,0.9082431915585819,0.9189691310773466,0.9324529864409504,1.0,1.0,0.742174063199286,-0.028869682641219935,0.8596193623452952,0.5477995158065856,-0.19356529474771775,-0.20696558948468988,0.8271841088272741,0.7397950357776485,0.837734704965296,0.9169772308864553,0.8385712060561318,0.8008275041483898,0.7565998904205109,0.7061495114391009,0.8459345912701034,0.7788961216667607,0.8519456422347383],[0.919811639088748,0.9201317558393938,0.919811639088748,0.8959964003711874,0.8959964003711874,0.9191953574153786,0.9191953574153786,0.9714008641132231,0.9714008641132231,0.8321750498646386,0.9076926589894287,0.8296241992728823,0.898631805181683,0.8835073899071078,0.9082431915585819,0.9189691310773466,0.9324529864409504,1.0,1.0,0.742174063199286,-0.028869682641219935,0.8596193623452952,0.5477995158065856,-0.19356529474771775,-0.20696558948468988,0.8271841088272741,0.7397950357776485,0.837734704965296,0.9169772308864553,0.8385712060561318,0.8008275041483898,0.7565998904205109,0.7061495114391009,0.8459345912701034,0.7788961216667607,0.8519456422347383],[0.7834086353028504,0.8021408994340458,0.7834086353028504,0.7586707150270009,0.7586707150270009,0.6454216945043001,0.6454216945043001,0.587592855669347,0.587592855669347,0.7017405472781628,0.8538390096288794,0.665975807885392,0.8320999102635824,0.853326607171044,0.8546809716831553,0.6935875978504034,0.8628631206938371,0.742174063199286,0.742174063199286,1.0,0.036088501033260105,0.7203553354961097,-0.3699551212412068,0.320520542152128,-0.6569013453008254,0.35339353173047233,0.7149212161636098,0.5106834139595227,0.8362689133826762,0.6946533685615768,0.10836698294204043,0.3096947962419043,0.5662718871558634,0.7834880839308902,0.4790481180832916,-0.15090587972943734],[-0.13781488323800156,0.0742378246523275,-0.13781488323800156,-0.1457263378430494,-0.1457263378430494,-0.08601571674716847,-0.08601571674716847,0.03470229598964158,0.03470229598964158,-0.10192441488284994,0.03133256911058688,0.023552038677990876,0.0618994488719846,-0.06387304046998131,0.03207522321672213,-0.06987202913536092,0.0450973009370525,-0.028869682641219935,-0.028869682641219935,0.036088501033260105,1.0,-0.09241081654763483,0.10821636618412879,0.15361621809183248,0.7490424760826122,-0.09129088437819308,-0.04037991015084188,-0.009902861087788178,0.1630377205158721,0.002092535027303743,0.054617117342347074,0.3349389433595725,0.5689460448277109,-0.11885868146395084,0.10896802402249302,0.1586750630420192],[0.978098975724778,0.9699076762655671,0.978098975724778,0.9904442877012305,0.9904442877012305,0.9379881117956206,0.9379881117956206,0.8520905225421347,0.8520905225421347,0.7964427614168491,0.9964303884084538,0.7618710503820177,0.988729684648471,0.9844542965284874,0.996309535401761,0.9460414112308895,0.9872075286533977,0.8596193623452952,0.8596193623452952,0.7203553354961097,-0.09241081654763483,1.0,0.09167411597851782,-0.19013829796497284,-0.30336025751696327,0.6691713347055211,0.9178941449051629,0.8986471779529672,0.8548869054056188,0.754541360147219,0.5815618339068407,0.5956122705950134,0.5311568524716417,0.9025406780473731,0.6659424707318513,0.18089733216248435],[0.1582830591270248,-0.046071292904912,0.1582830591270248,0.1846180204519787,0.1846180204519787,0.3163788487525163,0.3163788487525163,0.5490322417158615,0.5490322417158615,0.04155852479722893,0.8844401923506002,0.4594639491875499,0.9045767180079809,0.9128007244482654,0.8836638047681388,0.6398124244743831,0.8516331915547427,0.5477995158065856,0.5477995158065856,-0.3699551212412068,0.10821636618412879,0.09167411597851782,1.0,-0.45679138999626945,0.7212202520999421,0.3791670953508203,0.10183057089499102,0.3111955645049196,-0.09701062054729681,0.07659863552055969,0.5954134403827601,0.4777375934877404,0.19893308501611745,0.0012380987431366503,0.3910709025587626,0.46844654191155366],[-0.0966155369564014,-0.08824771903481059,-0.0966155369564014,-0.1324547581941004,-0.1324547581941004,-0.2818880982194016,-0.2818880982194016,-0.3076625171961364,-0.3076625171961364,0.04628761376199127,-0.5029886562233925,-0.17896532921673253,-0.6612515542083129,-0.8386107370256969,-0.49970708723851553,-0.4136215248656454,-0.4808461425150889,-0.19356529474771775,-0.19356529474771775,0.320520542152128,0.15361621809183248,-0.19013829796497284,-0.45679138999626945,1.0,-0.029107366355797824,-0.16270228453493898,-0.1842428389723725,-0.30065569153524674,-0.04217529601223034,-0.07313205012904395,-0.5675736655653189,-0.19968019106772836,-0.023368622868807903,-0.042029063248799174,-0.21696641702457242,-0.40759571465423616],[-0.25159912601228857,-0.2519094104662081,-0.25159912601228857,-0.2522565754518815,-0.2522565754518815,-0.1185834561565634,-0.1185834561565634,0.01705870804919181,0.01705870804919181,-0.2441892799286778,0.33960295333050666,-0.2317284025911687,0.4078485639580933,0.4451175456454685,0.3390285534723868,-0.16714055420849472,0.3579062672379731,-0.20696558948468988,-0.20696558948468988,-0.6569013453008254,0.7490424760826122,-0.30336025751696327,0.7212202520999421,-0.029107366355797824,1.0,-0.10613986391740565,-0.2495611642616849,-0.06537720960435904,-0.3512065157423198,-0.32930004329246154,0.07311118216742941,0.1622356782921661,0.26372030371892347,-0.379602398022139,0.11520386378695485,0.09316879023566565],[0.814618714433948,0.6472610373600796,0.814618714433948,0.8062334956754796,0.8062334956754796,0.8840230942730177,0.8840230942730177,0.7866596574786836,0.7866596574786836,0.7961084734546456,0.8248442027087556,0.8304166199125571,0.797852448388014,0.7470175976683535,0.8253238536667906,0.8954297649294297,0.8702212631445111,0.8271841088272741,0.8271841088272741,0.35339353173047233,-0.09129088437819308,0.6691713347055211,0.3791670953508203,-0.16270228453493898,-0.10613986391740565,1.0,0.5483899484860227,0.8389048211322682,0.4950029922260246,0.6274047907211862,0.5474249957364495,0.6575889587055745,0.42510671374868797,0.7044732185147619,0.7036218013470182,0.4171314258846229],[0.9086310084095004,0.9099256459100966,0.9086310084095004,0.9189609836632289,0.9189609836632289,0.8606166546987424,0.8606166546987424,0.7598313307000757,0.7598313307000757,0.6042859934195308,0.8824044122797673,0.5172818717120011,0.888761939537832,0.8933855173241743,0.8808528033623784,0.8575308667716629,0.875270970682719,0.7397950357776485,0.7397950357776485,0.7149212161636098,-0.04037991015084188,0.9178941449051629,0.10183057089499102,-0.1842428389723725,-0.2495611642616849,0.5483899484860227,1.0,0.8005395531922677,0.7885998828202705,0.6691163118593656,0.4832650778594629,0.5039358975719967,0.5235117913570737,0.8441487732561116,0.6237097952393879,0.10180481246820751],[0.9138138428373438,0.8890647219889678,0.9138138428373438,0.9153878896553089,0.9153878896553089,0.9318602633468472,0.9318602633468472,0.8744682994142,0.8744682994142,0.7840981017272876,0.935034852704698,0.7628025740972355,0.944372819393955,0.938257400414758,0.9342126540070069,0.9276571189863666,0.9451721245136598,0.837734704965296,0.837734704965296,0.5106834139595227,-0.009902861087788178,0.8986471779529672,0.3111955645049196,-0.30065569153524674,-0.06537720960435904,0.8389048211322682,0.8005395531922677,1.0,0.7537045142067381,0.6124293757370887,0.5973508247054424,0.6031320859712682,0.5345445087338169,0.8194329128696222,0.8340455615438563,0.220708476745576],[0.926280795422998,0.9209523427857834,0.926280795422998,0.9111944484245391,0.9111944484245391,0.9003190078512944,0.9003190078512944,0.8528159417355075,0.8528159417355075,0.827775431134659,0.9053898675163519,0.8036624785836064,0.8969708245285015,0.8829852769947019,0.9059034695267019,0.9074231876910989,0.9339980350118341,0.9169772308864553,0.9169772308864553,0.8362689133826762,0.1630377205158721,0.8548869054056188,-0.09701062054729681,-0.04217529601223034,-0.3512065157423198,0.4950029922260246,0.7885998828202705,0.7537045142067381,1.0,0.9067473482375085,0.5469518184609741,0.6888622366245363,0.6668302002033446,0.8795438568028362,0.508949747197218,0.2999980117010787],[0.7806901336649871,0.7914198159435827,0.7806901336649871,0.7863415135970361,0.7863415135970361,0.744757502888572,0.744757502888572,0.7575974247368314,0.7575974247368314,0.6969211903000707,0.8095815179848748,0.7265470097100518,0.7432762718357294,0.6727285033628053,0.8106335089834487,0.7815069200987188,0.831606972834333,0.8385712060561318,0.8385712060561318,0.6946533685615768,0.002092535027303743,0.754541360147219,0.07659863552055969,-0.07313205012904395,-0.32930004329246154,0.6274047907211862,0.6691163118593656,0.6124293757370887,0.9067473482375085,1.0,0.5811834094401451,0.6709875381349761,0.6104560059787039,0.73255047123182,0.5870730832466063,0.47388449351733175],[0.5538732302327387,0.5446897177593301,0.5538732302327387,0.5824374501187911,0.5824374501187911,0.747237029472599,0.747237029472599,0.8795240640457692,0.8795240640457692,0.37425427686578516,0.9127546992256752,0.6233984966769567,0.9124349613213402,0.9207758907576163,0.9120637973773713,0.8556949216086676,0.9009825204116272,0.8008275041483898,0.8008275041483898,0.10836698294204043,0.054617117342347074,0.5815618339068407,0.5954134403827601,-0.5675736655653189,0.07311118216742941,0.5474249957364495,0.4832650778594629,0.5973508247054424,0.5469518184609741,0.5811834094401451,1.0,0.7461796577476438,0.3839441929626153,0.4989170319303175,0.5818107358235163,0.7591321538580553],[0.6362938736243292,0.6332569094967933,0.6362938736243292,0.6295488616856231,0.6295488616856231,0.7395431499815824,0.7395431499815824,0.7818876750761762,0.7818876750761762,0.539204150786858,0.8687087800825736,0.7226642909605175,0.8478229694983704,0.8384188484957653,0.8697540678969229,0.78660855040841,0.8993148630668895,0.7565998904205109,0.7565998904205109,0.3096947962419043,0.3349389433595725,0.5956122705950134,0.4777375934877404,-0.19968019106772836,0.1622356782921661,0.6575889587055745,0.5039358975719967,0.6031320859712682,0.6888622366245363,0.6709875381349761,0.7461796577476438,1.0,0.7788865407177189,0.5001119898955461,0.7306990162891549,0.5500304805971814],[0.6312198689909609,0.6571942137276041,0.6312198689909609,0.6014185813462883,0.6014185813462883,0.7063236493160029,0.7063236493160029,0.7168605668091005,0.7168605668091005,0.5677978089399541,0.7800969588185253,0.6904391971632284,0.7621901538557453,0.7051709495834259,0.7814022969597355,0.7626945552838857,0.8211995512724303,0.7061495114391009,0.7061495114391009,0.5662718871558634,0.5689460448277109,0.5311568524716417,0.19893308501611745,-0.023368622868807903,0.26372030371892347,0.42510671374868797,0.5235117913570737,0.5345445087338169,0.6668302002033446,0.6104560059787039,0.3839441929626153,0.7788865407177189,1.0,0.49353350313408056,0.6663341507088901,0.20251957526968156],[0.9334636035566549,0.93107125527702,0.9334636035566549,0.9239672650027935,0.9239672650027935,0.8619589123645988,0.8619589123645988,0.793551412186116,0.793551412186116,0.8149408849429411,0.9023550582585653,0.7795086618989389,0.8863778255552621,0.9119472129025656,0.9022066741302853,0.8838380186704511,0.9159473463073148,0.8459345912701034,0.8459345912701034,0.7834880839308902,-0.11885868146395084,0.9025406780473731,0.0012380987431366503,-0.042029063248799174,-0.379602398022139,0.7044732185147619,0.8441487732561116,0.8194329128696222,0.8795438568028362,0.73255047123182,0.4989170319303175,0.5001119898955461,0.49353350313408056,1.0,0.7347341906271097,0.17498297134068158],[0.8322451256550416,0.688199862223787,0.8322451256550416,0.8217592542188515,0.8217592542188515,0.8635151226552489,0.8635151226552489,0.8505519889222009,0.8505519889222009,0.6820019795370763,0.9424249255134677,0.6801812351696741,0.9563991054389455,0.9570032525486678,0.9423484985671432,0.860771894356601,0.9513701955575667,0.7788961216667607,0.7788961216667607,0.4790481180832916,0.10896802402249302,0.6659424707318513,0.3910709025587626,-0.21696641702457242,0.11520386378695485,0.7036218013470182,0.6237097952393879,0.8340455615438563,0.508949747197218,0.5870730832466063,0.5818107358235163,0.7306990162891549,0.6663341507088901,0.7347341906271097,1.0,0.18366889800387307],[0.18890335396054542,0.18542348052254914,0.18890335396054542,0.20088029928158568,0.20088029928158568,0.4695670106097218,0.4695670106097218,0.8029551533285406,0.8029551533285406,0.17471908762918306,0.7771645809083165,0.6928246957947755,0.8051900346131791,0.7735460361829396,0.7775123253165721,0.7903502634194752,0.8339349387283249,0.8519456422347383,0.8519456422347383,-0.15090587972943734,0.1586750630420192,0.18089733216248435,0.46844654191155366,-0.40759571465423616,0.09316879023566565,0.4171314258846229,0.10180481246820751,0.220708476745576,0.2999980117010787,0.47388449351733175,0.7591321538580553,0.5500304805971814,0.20251957526968156,0.17498297134068158,0.18366889800387307,1.0]],"x":["^TAIEX       \u81fa\u7063\u52a0\u6b0a\u5831\u916c\u6307\u6578","^TWII        \u81fa\u7063\u52a0\u6b0a\u6307\u6578","^TAIEXx2     \u81fa\u7063\u52a0\u6b0a\u5831\u916c\u6307\u6578_\u65e5\u6b632","^TAI50I      \u81fa\u706350\u5831\u916c\u6307\u6578","^TAI50Ix2    \u81fa\u706350\u5831\u916c\u6307\u6578_\u65e5\u6b632","^TAI100I     \u81fa\u7063\u4e2d\u578b100\u5831\u916c\u6307\u6578","^TAI100Ix2   \u81fa\u7063\u4e2d\u578b100\u5831\u916c\u6307\u6578_\u65e5\u6b632","^TAIDIVIDI   \u81fa\u7063\u9ad8\u80a1\u606f\u5831\u916c\u6307\u6578","^TAIDIVIDIx2 \u81fa\u7063\u9ad8\u80a1\u606f\u5831\u916c\u6307\u6578_\u65e5\u6b632","0050Fund     \u5143\u5927\u53f0\u7063\u5353\u8d8a50\u57fa\u91d1","006208Fund   \u5bcc\u90a6\u53f0\u7063\u91c6\u540950\u57fa\u91d1","0050         \u5143\u5927\u81fa\u706350","00631L       \u5143\u5927\u53f0\u706350\u6b632","00675L       \u5bcc\u90a6\u81fa\u7063\u52a0\u6b0a\u6b632","006208       \u5bcc\u90a6\u53f050","0051         \u5143\u5927\u4e2d\u578b100","006204       \u6c38\u8c50\u81fa\u7063\u52a0\u6b0a","0056         \u5143\u5927\u9ad8\u80a1\u606f","0056         \u5143\u5927\u9ad8\u80a1\u606f_\u80a1\u606f\u4e0d\u6295\u5165","2412         \u4e2d\u83ef\u96fb\u4fe1","2002         \u4e2d\u92fc","2330         \u53f0\u7a4d\u96fb","2317         \u9d3b\u6d77","6505         \u53f0\u5851\u77f3\u5316","3481         \u7fa4\u5275","2303         \u806f\u96fb","2308         \u53f0\u9054\u96fb","2454         \u806f\u767c\u79d1","2886         \u5146\u8c50\u91d1","2884         \u7389\u5c71\u91d1","2891         \u4e2d\u4fe1\u91d1","2892         \u7b2c\u4e00\u91d1","5880         \u5408\u5eab\u91d1","2881         \u5bcc\u90a6\u91d1","2885         \u5143\u5927\u91d1","2887         \u53f0\u65b0\u91d1"],"y":["^TAIEX       \u81fa\u7063\u52a0\u6b0a\u5831\u916c\u6307\u6578","^TWII        \u81fa\u7063\u52a0\u6b0a\u6307\u6578","^TAIEXx2     \u81fa\u7063\u52a0\u6b0a\u5831\u916c\u6307\u6578_\u65e5\u6b632","^TAI50I      \u81fa\u706350\u5831\u916c\u6307\u6578","^TAI50Ix2    \u81fa\u706350\u5831\u916c\u6307\u6578_\u65e5\u6b632","^TAI100I     \u81fa\u7063\u4e2d\u578b100\u5831\u916c\u6307\u6578","^TAI100Ix2   \u81fa\u7063\u4e2d\u578b100\u5831\u916c\u6307\u6578_\u65e5\u6b632","^TAIDIVIDI   \u81fa\u7063\u9ad8\u80a1\u606f\u5831\u916c\u6307\u6578","^TAIDIVIDIx2 \u81fa\u7063\u9ad8\u80a1\u606f\u5831\u916c\u6307\u6578_\u65e5\u6b632","0050Fund     \u5143\u5927\u53f0\u7063\u5353\u8d8a50\u57fa\u91d1","006208Fund   \u5bcc\u90a6\u53f0\u7063\u91c6\u540950\u57fa\u91d1","0050         \u5143\u5927\u81fa\u706350","00631L       \u5143\u5927\u53f0\u706350\u6b632","00675L       \u5bcc\u90a6\u81fa\u7063\u52a0\u6b0a\u6b632","006208       \u5bcc\u90a6\u53f050","0051         \u5143\u5927\u4e2d\u578b100","006204       \u6c38\u8c50\u81fa\u7063\u52a0\u6b0a","0056         \u5143\u5927\u9ad8\u80a1\u606f","0056         \u5143\u5927\u9ad8\u80a1\u606f_\u80a1\u606f\u4e0d\u6295\u5165","2412         \u4e2d\u83ef\u96fb\u4fe1","2002         \u4e2d\u92fc","2330         \u53f0\u7a4d\u96fb","2317         \u9d3b\u6d77","6505         \u53f0\u5851\u77f3\u5316","3481         \u7fa4\u5275","2303         \u806f\u96fb","2308         \u53f0\u9054\u96fb","2454         \u806f\u767c\u79d1","2886         \u5146\u8c50\u91d1","2884         \u7389\u5c71\u91d1","2891         \u4e2d\u4fe1\u91d1","2892         \u7b2c\u4e00\u91d1","5880         \u5408\u5eab\u91d1","2881         \u5bcc\u90a6\u91d1","2885         \u5143\u5927\u91d1","2887         \u53f0\u65b0\u91d1"],"zmin":-1,"zmax":1,"colorbar":{"x":-0.2}}],"layout":{"autotypenumbers":"strict","colorway":["#636efa","#EF553B","#00cc96","#ab63fa","#FFA15A","#19d3f3","#FF6692","#B6E880","#FF97FF","#FECB52"],"font":{"color":"#f2f5fa","family":"Courier New"},"hovermode":"closest","hoverlabel":{"align":"left"},"paper_bgcolor":"rgb(17,17,17)","plot_bgcolor":"rgb(17,17,17)","polar":{"bgcolor":"rgb(17,17,17)","angularaxis":{"gridcolor":"#506784","linecolor":"#506784","ticks":""},"radialaxis":{"gridcolor":"#506784","linecolor":"#506784","ticks":""}},"ternary":{"bgcolor":"rgb(17,17,17)","aaxis":{"gridcolor":"#506784","linecolor":"#506784","ticks":""},"baxis":{"gridcolor":"#506784","linecolor":"#506784","ticks":""},"caxis":{"gridcolor":"#506784","linecolor":"#506784","ticks":""}},"coloraxis":{"colorbar":{"outlinewidth":0,"ticks":""}},"colorscale":{"sequential":[[0.0,"#0d0887"],[0.1111111111111111,"#46039f"],[0.2222222222222222,"#7201a8"],[0.3333333333333333,"#9c179e"],[0.4444444444444444,"#bd3786"],[0.5555555555555556,"#d8576b"],[0.6666666666666666,"#ed7953"],[0.7777777777777778,"#fb9f3a"],[0.8888888888888888,"#fdca26"],[1.0,"#f0f921"]],"sequentialminus":[[0.0,"#0d0887"],[0.1111111111111111,"#46039f"],[0.2222222222222222,"#7201a8"],[0.3333333333333333,"#9c179e"],[0.4444444444444444,"#bd3786"],[0.5555555555555556,"#d8576b"],[0.6666666666666666,"#ed7953"],[0.7777777777777778,"#fb9f3a"],[0.8888888888888888,"#fdca26"],[1.0,"#f0f921"]],"diverging":[[0,"#8e0152"],[0.1,"#c51b7d"],[0.2,"#de77ae"],[0.3,"#f1b6da"],[0.4,"#fde0ef"],[0.5,"#f7f7f7"],[0.6,"#e6f5d0"],[0.7,"#b8e186"],[0.8,"#7fbc41"],[0.9,"#4d9221"],[1,"#276419"]]},"xaxis":{"gridcolor":"rgba(0, 0, 0, 0)","linecolor":"#506784","ticks":"","title":{"standoff":15},"zerolinecolor":"#283442","automargin":true,"zerolinewidth":2,"tickfont":{"family":"Courier New","size":14},"side":"top","tickangle":-90},"yaxis":{"gridcolor":"rgba(0, 0, 0, 0)","linecolor":"#506784","ticks":"","title":{"standoff":15},"zerolinecolor":"#283442","automargin":true,"zerolinewidth":2,"tickfont":{"family":"Courier New"},"side":"right"},"scene":{"xaxis":{"backgroundcolor":"rgb(17,17,17)","gridcolor":"#506784","linecolor":"#506784","showbackground":true,"ticks":"","zerolinecolor":"#C8D4E3","gridwidth":2},"yaxis":{"backgroundcolor":"rgb(17,17,17)","gridcolor":"#506784","linecolor":"#506784","showbackground":true,"ticks":"","zerolinecolor":"#C8D4E3","gridwidth":2},"zaxis":{"backgroundcolor":"rgb(17,17,17)","gridcolor":"#506784","linecolor":"#506784","showbackground":true,"ticks":"","zerolinecolor":"#C8D4E3","gridwidth":2}},"shapedefaults":{"line":{"color":"#f2f5fa"}},"annotationdefaults":{"arrowcolor":"#f2f5fa","arrowhead":0,"arrowwidth":1},"geo":{"bgcolor":"rgb(17,17,17)","landcolor":"rgb(17,17,17)","subunitcolor":"#506784","showland":true,"showlakes":true,"lakecolor":"rgb(17,17,17)"},"title":{"x":0.05,"font":{"family":"Times New Roman"},"y":0.05,"text":"<b>Correlation of Close<b><br><i>2016-09-23 ~ 2025-12-01<i>"},"updatemenudefaults":{"bgcolor":"#506784","borderwidth":0},"sliderdefaults":{"bgcolor":"#C8D4E3","borderwidth":1,"bordercolor":"rgb(17,17,17)","tickwidth":0},"mapbox":{"style":"dark"},"annotations":[{"text":"<b>@zwindr<b>","textangle":0,"opacity":0.5,"font":{"color":"white","size":12},"xref":"paper","yref":"paper","xanchor":"left","yanchor":"bottom","x":1.0,"y":1.0,"showarrow":false}]},"config":{"responsive":true,"toImageButtonOptions":{"filename":"Correlation of Close_2016-09-23~2025-12-01","scale":5}}};Plotly.newPlot("correlationClose",correlationClose.data,correlationClose.layout||{},correlationClose.config);}else{console.log("style display is none => correlationClose");}