var element = document.getElementById("correlationAdjClose");

if (element.style.display != 'none') {
    var correlationAdjClose = {"data": [{"type": "heatmap", "z": [[1.0, 0.9941520852757398, 0.9771103698364486, 0.9975715076725211, 0.9643896886257823, 0.9818883583519533, -0.9446772255910092, 0.9900824180020085, 0.9709629804254326, 0.9971592081116959, 0.9971419353395113, 0.9976347446345591, 0.9934497905985666, 0.9941467803618255, 0.9971633117476115, 0.9842195679447039, 0.9996774521547329, 0.9900772700653971, 0.9208176114002498, 0.7340871514859824, 0.9853691471405354, 0.9230863529683324, 0.4288436389064502, -0.30386408805875226, 0.9008836143725486, 0.9704273166849487, 0.9557552255203836, 0.9803054552539081, 0.9647076604648233, 0.9758298219728743, 0.9723694453439691, 0.9456595825942307, 0.98027240776395, 0.9710200790196687, 0.9545371354298262], [0.9941520852757398, 1.0, 0.9724733989268428, 0.9913317854896894, 0.9596746249360703, 0.9774563690860697, -0.9400464110808838, 0.9812594257879438, 0.9642023406561593, 0.9952197428298826, 0.9950624247066306, 0.9943524681950364, 0.9925045451132033, 0.9918233501476408, 0.9950313302799121, 0.9783813068501965, 0.9967407363977667, 0.983908451995776, 0.9100346218424649, 0.747182993664965, 0.9672806416789058, 0.9027726729532566, 0.4290306557488366, -0.22921424811406763, 0.8755604103591217, 0.9587147107139192, 0.9550874242722037, 0.9586285750497449, 0.9509122285566316, 0.965642643256362, 0.956884443010868, 0.9436956778043482, 0.9692916722415799, 0.9611738847769231, 0.9484805646764837], [0.9771103698364486, 0.9724733989268428, 1.0, 0.9834923890187122, 0.995871374045672, 0.978711038488295, -0.9762237957909975, 0.9699232935270712, 0.9839139268615029, 0.9891004131676204, 0.9897960215379396, 0.986315907000808, 0.9969953062062854, 0.9967920820831904, 0.9895496196686825, 0.9772098705615787, 0.9878469154699927, 0.9697458992524669, 0.829007970908253, 0.6221801163964533, 0.9905502189580869, 0.9148860703816963, 0.2629904928926201, -0.22754083572018832, 0.9042154115267812, 0.9447507229489118, 0.9799632281745616, 0.930369596919465, 0.9133276674790705, 0.9652423986478271, 0.9206474509248179, 0.9063152444229035, 0.9670308504446699, 0.974200010794367, 0.9231578313601649], [0.9975715076725211, 0.9913317854896894, 0.9834923890187122, 1.0, 0.9764797964915684, 0.9740866953212537, -0.9397614742033756, 0.9841884256829386, 0.9684009721851382, 0.9999719105874242, 0.9999896889001413, 0.9999580542171923, 0.9916191570089282, 0.9896159395327391, 0.9999437244109134, 0.9737664662340153, 0.99602319760579, 0.9839773422285382, 0.9066362939173741, 0.7029110462053989, 0.9934354205555561, 0.9248554715361921, 0.4032089213097904, -0.2950430318786001, 0.8980578815171689, 0.96738547318649, 0.9620907298635166, 0.9710521480626328, 0.9618063947835641, 0.9782253285268879, 0.9624738999575454, 0.9341866526774849, 0.9782768436452284, 0.9696381131518851, 0.945765798392692], [0.9643896886257823, 0.9596746249360703, 0.995871374045672, 0.9764797964915684, 1.0, 0.9578584931983581, -0.9576311146062952, 0.9540242796217474, 0.9710454183001354, 0.9849695321491387, 0.9857171903052113, 0.9817223200498958, 0.9859410382359549, 0.9823255984336554, 0.9853360650952818, 0.9552266733024979, 0.9754858471732895, 0.9537038096827094, 0.8078169532753693, 0.5847969315062548, 0.9895371567360755, 0.9108563681019308, 0.23668676633673938, -0.22038284767194483, 0.8838055329122808, 0.9334980989904408, 0.9771293815855244, 0.9095330431332291, 0.8992984663108964, 0.9592904867042412, 0.8986299583557109, 0.8793697519496452, 0.956322161898361, 0.9620746485234412, 0.8987430250186126], [0.9818883583519533, 0.9774563690860697, 0.978711038488295, 0.9740866953212537, 0.9578584931983581, 1.0, -0.9811822267784946, 0.9809902262981108, 0.9802933632547076, 0.9690610541424728, 0.969377014889442, 0.9720893350510933, 0.9772865553352437, 0.9752783624070493, 0.969210462112487, 0.9999037952403775, 0.9862744575521893, 0.9820468710064084, 0.8637604651789969, 0.7010097486388315, 0.9674758746194239, 0.8939745083105618, 0.2962837167397106, -0.2169907333568559, 0.9358781148736345, 0.9518150355086219, 0.9602933141898203, 0.9581796123010183, 0.9290703428369654, 0.9525129527689694, 0.95237956679315, 0.9550636851100083, 0.9576484599713468, 0.9768555939641506, 0.9554434757401463], [-0.9446772255910092, -0.9400464110808838, -0.9762237957909975, -0.9397614742033756, -0.9576311146062952, -0.9811822267784946, 1.0, -0.9527962855931861, -0.9838695696698966, -0.9495328535960136, -0.9506976962055157, -0.9461923676521109, -0.9747448300625227, -0.9763173057445106, -0.9503515110463676, -0.9842031259432212, -0.9655865871239767, -0.9556982565163048, -0.7782897424452921, -0.5991389009359549, -0.9446387178557489, -0.8856115457050227, -0.15466905587560462, 0.1522764933293506, -0.9038210591236682, -0.9133878121681148, -0.9584902739862424, -0.9009174040236517, -0.861540028771844, -0.9267899701063936, -0.8924828549453908, -0.9098712432068545, -0.9274220109463411, -0.9645461615651785, -0.9099862165772585], [0.9900824180020085, 0.9812594257879438, 0.9699232935270712, 0.9841884256829386, 0.9540242796217474, 0.9809902262981108, -0.9527962855931861, 1.0, 0.9827595102108571, 0.9800022226317875, 0.9799334525238621, 0.9831442181078149, 0.9762963631033972, 0.9753879158051649, 0.9799710655221945, 0.9828774109333868, 0.9877908442154338, 0.9998723238622906, 0.9245339699891281, 0.668153163842768, 0.9736357371101662, 0.8968604259271253, 0.2844034115671566, -0.3120774289823724, 0.905438332564293, 0.9488956670318844, 0.9388033571575082, 0.9780424778468906, 0.9533719088024201, 0.9683211211542501, 0.9632768828979772, 0.9362043986295852, 0.9598744624251632, 0.9581570370105157, 0.9653831344406243], [0.9709629804254326, 0.9642023406561593, 0.9839139268615029, 0.9684009721851382, 0.9710454183001354, 0.9802933632547076, -0.9838695696698966, 0.9827595102108571, 1.0, 0.9640098605682109, 0.9646412681438817, 0.9665239637150935, 0.973647394116641, 0.9708030044215522, 0.9644150724618241, 0.9793753846640296, 0.9710414655400202, 0.9820788546933559, 0.8526557113825409, 0.5923158611522789, 0.9681555778407388, 0.9084454317095576, 0.14217972538986123, -0.23168845663595217, 0.8863834861672891, 0.9296663926283639, 0.9610631774654589, 0.9343581720337343, 0.8973698728959568, 0.9571434540036976, 0.9176083147857768, 0.9037391011778718, 0.9465122763607303, 0.9700107351803009, 0.9233478007009598], [0.9971592081116959, 0.9952197428298826, 0.9891004131676204, 0.9999719105874242, 0.9849695321491387, 0.9690610541424728, -0.9495328535960136, 0.9800022226317875, 0.9640098605682109, 1.0, 0.9999878986746875, 0.9999827506100262, 0.9914675446382256, 0.9894325331201579, 0.9999490637213466, 0.9694269765039821, 0.9956287437905927, 0.9809361371513581, 0.9321874551073168, 0.6210611856584252, 0.9967571795717426, 0.9037658769927004, -0.03752548643428966, 0.4240769988207235, 0.9129078299110697, 0.9489990209602959, 0.9671696106804669, 0.9623924315782214, 0.9444341312916225, 0.9665134775378872, 0.9424154179552714, 0.9196385545135793, 0.9660631733658799, 0.9804379106200558, 0.9422792791991268], [0.9971419353395113, 0.9950624247066306, 0.9897960215379396, 0.9999896889001413, 0.9857171903052113, 0.969377014889442, -0.9506976962055157, 0.9799334525238621, 0.9646412681438817, 0.9999878986746875, 1.0, 0.9999722035936978, 0.991645693766339, 0.9896078738087071, 0.9999530895748143, 0.9697130629513474, 0.9956691209073221, 0.9808368211551567, 0.93140439781509, 0.6172237297985526, 0.9970445052839075, 0.9030642056342612, -0.052349699494648315, 0.4195558958457679, 0.9121052137073429, 0.9487714670597034, 0.9680278507645962, 0.9618930567444868, 0.9431809905004718, 0.9666220836770107, 0.9413976088431161, 0.9183322888833707, 0.9662491082026459, 0.980937635626585, 0.9415592414244764], [0.9976347446345591, 0.9943524681950364, 0.986315907000808, 0.9999580542171923, 0.9817223200498958, 0.9720893350510933, -0.9461923676521109, 0.9831442181078149, 0.9665239637150935, 0.9999827506100262, 0.9999722035936978, 1.0, 0.9914252270487217, 0.9893510789941228, 0.9999623238710212, 0.9723815046076635, 0.9958154864641695, 0.983648933257766, 0.9228508365421426, 0.6695263802584243, 0.9959455971005015, 0.9191647999415465, 0.16297167981647268, -0.196873496922771, 0.9210291677430719, 0.959023152641992, 0.9571250675555185, 0.9655269795413776, 0.9527117225308699, 0.9729232021470193, 0.9531418276567414, 0.9326064244324366, 0.9730492748603281, 0.9679900683133157, 0.9512346513983909], [0.9934497905985666, 0.9925045451132033, 0.9969953062062854, 0.9916191570089282, 0.9859410382359549, 0.9772865553352437, -0.9747448300625227, 0.9762963631033972, 0.973647394116641, 0.9914675446382256, 0.991645693766339, 0.9914252270487217, 1.0, 0.9996937105481691, 0.9915965926885882, 0.9779340471728675, 0.9937562336623983, 0.9775634791338743, 0.9144404057436423, 0.5595195230386122, 0.9863746557324155, 0.8952422292794973, -0.33317480221567763, 0.44588808791532886, 0.9029230815374599, 0.945458455627042, 0.9782112770782837, 0.9455654355281031, 0.9068286122792691, 0.947683942608707, 0.9163183174139895, 0.8898985659987267, 0.9644103366694508, 0.9800934886940051, 0.9344657746013535], [0.9941467803618255, 0.9918233501476408, 0.9967920820831904, 0.9896159395327391, 0.9823255984336554, 0.9752783624070493, -0.9763173057445106, 0.9753879158051649, 0.9708030044215522, 0.9894325331201579, 0.9896078738087071, 0.9893510789941228, 0.9996937105481691, 1.0, 0.9896810381192583, 0.975962284344538, 0.9942934721501056, 0.9768939094493881, 0.9219821604816069, 0.43726719053899243, 0.981266365911384, 0.8846916117905305, -0.7175479266043773, 0.4225124883544948, 0.8751262182131502, 0.9415925686970629, 0.977563654848813, 0.9383345428813874, 0.8899327327534756, 0.9388308092267114, 0.9138397070342764, 0.8686465875756998, 0.9665321421161516, 0.9784078489056879, 0.926713478721649], [0.9971633117476115, 0.9950313302799121, 0.9895496196686825, 0.9999437244109134, 0.9853360650952818, 0.969210462112487, -0.9503515110463676, 0.9799710655221945, 0.9644150724618241, 0.9999490637213466, 0.9999530895748143, 0.9999623238710212, 0.9915965926885882, 0.9896810381192583, 1.0, 0.9695748334893053, 0.9956639383692056, 0.980919823446632, 0.9320577700084218, 0.618164478781766, 0.9968676926002984, 0.9030428408422863, -0.049096112617864694, 0.41975154586940044, 0.9120699113339363, 0.9478054206173703, 0.9673506488857841, 0.9622018734057673, 0.9436767418452982, 0.9665473586960412, 0.9420227839318986, 0.9189551438151714, 0.9660845318427282, 0.980807379747523, 0.9420234035742528], [0.9842195679447039, 0.9783813068501965, 0.9772098705615787, 0.9737664662340153, 0.9552266733024979, 0.9999037952403775, -0.9842031259432212, 0.9828774109333868, 0.9793753846640296, 0.9694269765039821, 0.9697130629513474, 0.9723815046076635, 0.9779340471728675, 0.975962284344538, 0.9695748334893053, 1.0, 0.9866241660548191, 0.9821642869221674, 0.887324707028608, 0.6998800982669393, 0.9658478673486205, 0.8892380214551464, 0.16401074536553906, -0.1958650865643717, 0.9442698397760033, 0.9516414053072767, 0.9570288317791311, 0.9615002179726495, 0.9259518670568756, 0.9490409345961613, 0.9532660139756011, 0.9544243055176496, 0.9600048250639545, 0.9763214759258341, 0.9601693346880795], [0.9996774521547329, 0.9967407363977667, 0.9878469154699927, 0.99602319760579, 0.9754858471732895, 0.9862744575521893, -0.9655865871239767, 0.9877908442154338, 0.9710414655400202, 0.9956287437905927, 0.9956691209073221, 0.9958154864641695, 0.9937562336623983, 0.9942934721501056, 0.9956639383692056, 0.9866241660548191, 1.0, 0.9886032604776686, 0.9376993782399106, 0.6621592333080629, 0.9889037208851575, 0.8993763581972586, 0.0034863963401939426, 0.44048262182228887, 0.9326500610608757, 0.9542897396682994, 0.9655257038000568, 0.9750232743418773, 0.9482902564070869, 0.9647347175080453, 0.9571169709684152, 0.942777638281839, 0.9719017782940185, 0.9850099504645666, 0.9637766535368326], [0.9900772700653971, 0.983908451995776, 0.9697458992524669, 0.9839773422285382, 0.9537038096827094, 0.9820468710064084, -0.9556982565163048, 0.9998723238622906, 0.9820788546933559, 0.9809361371513581, 0.9808368211551567, 0.983648933257766, 0.9775634791338743, 0.9768939094493881, 0.980919823446632, 0.9821642869221674, 0.9886032604776686, 1.0, 0.9307502915151851, 0.6670266887374556, 0.97258518294067, 0.9015489115661799, 0.25127329375970164, -0.29375072921625783, 0.9108033384388675, 0.9471545727943783, 0.9387610240081634, 0.9784834354250271, 0.9526975093663902, 0.9667890302074592, 0.9617420599063148, 0.9360233467083646, 0.9591324272609009, 0.9560391098742121, 0.9665756651070396], [0.9208176114002498, 0.9100346218424649, 0.829007970908253, 0.9066362939173741, 0.8078169532753693, 0.8637604651789969, -0.7782897424452921, 0.9245339699891281, 0.8526557113825409, 0.9321874551073168, 0.93140439781509, 0.9228508365421426, 0.9144404057436423, 0.9219821604816069, 0.9320577700084218, 0.887324707028608, 0.9376993782399106, 0.9307502915151851, 1.0, 0.8387672144113147, 0.858283617793322, 0.8732263926855676, 0.6795065846777527, -0.5319187731727206, 0.6999361467238413, 0.9092574668062452, 0.8022993601876863, 0.9575964139182962, 0.9353256142881672, 0.9009549243531882, 0.9441202600084685, 0.8945565925970905, 0.8984756218147002, 0.8460971856684991, 0.8796836782511236], [0.7340871514859824, 0.747182993664965, 0.6221801163964533, 0.7029110462053989, 0.5847969315062548, 0.7010097486388315, -0.5991389009359549, 0.668153163842768, 0.5923158611522789, 0.6210611856584252, 0.6172237297985526, 0.6695263802584243, 0.5595195230386122, 0.43726719053899243, 0.618164478781766, 0.6998800982669393, 0.6621592333080629, 0.6670266887374556, 0.8387672144113147, 1.0, 0.6272544098018813, 0.7403098081116322, 0.7297662162270308, -0.11652977119749448, 0.5376880613267708, 0.7344774762290212, 0.6321583144104627, 0.7884814569854998, 0.7229317872092825, 0.659748150072144, 0.7598899363605816, 0.762885487240343, 0.6931593233944552, 0.657137508426726, 0.6997433192764361], [0.9853691471405354, 0.9672806416789058, 0.9905502189580869, 0.9934354205555561, 0.9895371567360755, 0.9674758746194239, -0.9446387178557489, 0.9736357371101662, 0.9681555778407388, 0.9967571795717426, 0.9970445052839075, 0.9959455971005015, 0.9863746557324155, 0.981266365911384, 0.9968676926002984, 0.9658478673486205, 0.9889037208851575, 0.97258518294067, 0.858283617793322, 0.6272544098018813, 1.0, 0.8967039124621425, 0.3305165606739255, -0.2887345226456734, 0.8843361120140816, 0.9530904786317972, 0.9708678644941696, 0.940010728336214, 0.9447724316148416, 0.9700555938739134, 0.9405170101556811, 0.9094928122481709, 0.9686047925130736, 0.9548831819054484, 0.9271988455632263], [0.9230863529683324, 0.9027726729532566, 0.9148860703816963, 0.9248554715361921, 0.9108563681019308, 0.8939745083105618, -0.8856115457050227, 0.8968604259271253, 0.9084454317095576, 0.9037658769927004, 0.9030642056342612, 0.9191647999415465, 0.8952422292794973, 0.8846916117905305, 0.9030428408422863, 0.8892380214551464, 0.8993763581972586, 0.9015489115661799, 0.8732263926855676, 0.7403098081116322, 0.8967039124621425, 1.0, 0.3769120892952253, -0.18955515806239603, 0.701660210280398, 0.918679151403712, 0.8873946147747596, 0.8978566661514107, 0.8483685178739818, 0.9239553902096711, 0.8677917145291668, 0.8403701571683567, 0.9215367131401927, 0.8657097747618278, 0.8479214823862945], [0.4288436389064502, 0.4290306557488366, 0.2629904928926201, 0.4032089213097904, 0.23668676633673938, 0.2962837167397106, -0.15466905587560462, 0.2844034115671566, 0.14217972538986123, -0.03752548643428966, -0.052349699494648315, 0.16297167981647268, -0.33317480221567763, -0.7175479266043773, -0.049096112617864694, 0.16401074536553906, 0.0034863963401939426, 0.25127329375970164, 0.6795065846777527, 0.7297662162270308, 0.3305165606739255, 0.3769120892952253, 1.0, -0.39230629619859414, 0.28858437278008026, 0.3958595123902634, 0.21363678561326113, 0.5073014688068045, 0.5045060523770775, 0.3640192037059819, 0.5246452780251217, 0.43722664829415897, 0.38378086395136446, 0.3041932373631721, 0.4129441972926808], [-0.30386408805875226, -0.22921424811406763, -0.22754083572018832, -0.2950430318786001, -0.22038284767194483, -0.2169907333568559, 0.1522764933293506, -0.3120774289823724, -0.23168845663595217, 0.4240769988207235, 0.4195558958457679, -0.196873496922771, 0.44588808791532886, 0.4225124883544948, 0.41975154586940044, -0.1958650865643717, 0.44048262182228887, -0.29375072921625783, -0.5319187731727206, -0.11652977119749448, -0.2887345226456734, -0.18955515806239603, -0.39230629619859414, 1.0, -0.14944790778450645, -0.3267510648840703, -0.17741579788186787, -0.38973713674580696, -0.37950152699989925, -0.3261396634560317, -0.34619613114991216, -0.20411399401098534, -0.3504345576580928, -0.17973368525801042, -0.3170171605909191], [0.9008836143725486, 0.8755604103591217, 0.9042154115267812, 0.8980578815171689, 0.8838055329122808, 0.9358781148736345, -0.9038210591236682, 0.905438332564293, 0.8863834861672891, 0.9129078299110697, 0.9121052137073429, 0.9210291677430719, 0.9029230815374599, 0.8751262182131502, 0.9120699113339363, 0.9442698397760033, 0.9326500610608757, 0.9108033384388675, 0.6999361467238413, 0.5376880613267708, 0.8843361120140816, 0.701660210280398, 0.28858437278008026, -0.14944790778450645, 1.0, 0.829611262954957, 0.8847121094211181, 0.8113441821077042, 0.8589921572135154, 0.8270218207636133, 0.8666865936687452, 0.8614023605678472, 0.8568309143035905, 0.8670944041967096, 0.8948097847436279], [0.9704273166849487, 0.9587147107139192, 0.9447507229489118, 0.96738547318649, 0.9334980989904408, 0.9518150355086219, -0.9133878121681148, 0.9488956670318844, 0.9296663926283639, 0.9489990209602959, 0.9487714670597034, 0.959023152641992, 0.945458455627042, 0.9415925686970629, 0.9478054206173703, 0.9516414053072767, 0.9542897396682994, 0.9471545727943783, 0.9092574668062452, 0.7344774762290212, 0.9530904786317972, 0.918679151403712, 0.3958595123902634, -0.3267510648840703, 0.829611262954957, 1.0, 0.9330232597661385, 0.9551393380909082, 0.9325116517820016, 0.9445174098467146, 0.939105222722477, 0.9099017687433555, 0.960931175957376, 0.9240448349193672, 0.9164549505932658], [0.9557552255203836, 0.9550874242722037, 0.9799632281745616, 0.9620907298635166, 0.9771293815855244, 0.9602933141898203, -0.9584902739862424, 0.9388033571575082, 0.9610631774654589, 0.9671696106804669, 0.9680278507645962, 0.9571250675555185, 0.9782112770782837, 0.977563654848813, 0.9673506488857841, 0.9570288317791311, 0.9655257038000568, 0.9387610240081634, 0.8022993601876863, 0.6321583144104627, 0.9708678644941696, 0.8873946147747596, 0.21363678561326113, -0.17741579788186787, 0.8847121094211181, 0.9330232597661385, 1.0, 0.9045503320970466, 0.8837874994544935, 0.9386927982120207, 0.8854334692426574, 0.8844478438406891, 0.9450102610284323, 0.9710805075902508, 0.8846130311906869], [0.9803054552539081, 0.9586285750497449, 0.930369596919465, 0.9710521480626328, 0.9095330431332291, 0.9581796123010183, -0.9009174040236517, 0.9780424778468906, 0.9343581720337343, 0.9623924315782214, 0.9618930567444868, 0.9655269795413776, 0.9455654355281031, 0.9383345428813874, 0.9622018734057673, 0.9615002179726495, 0.9750232743418773, 0.9784834354250271, 0.9575964139182962, 0.7884814569854998, 0.940010728336214, 0.8978566661514107, 0.5073014688068045, -0.38973713674580696, 0.8113441821077042, 0.9551393380909082, 0.9045503320970466, 1.0, 0.985670364604474, 0.9649062376169885, 0.9898273986201267, 0.9509000817139959, 0.9588555777008905, 0.9117922062670981, 0.966417711602975], [0.9647076604648233, 0.9509122285566316, 0.9133276674790705, 0.9618063947835641, 0.8992984663108964, 0.9290703428369654, -0.861540028771844, 0.9533719088024201, 0.8973698728959568, 0.9444341312916225, 0.9431809905004718, 0.9527117225308699, 0.9068286122792691, 0.8899327327534756, 0.9436767418452982, 0.9259518670568756, 0.9482902564070869, 0.9526975093663902, 0.9353256142881672, 0.7229317872092825, 0.9447724316148416, 0.8483685178739818, 0.5045060523770775, -0.37950152699989925, 0.8589921572135154, 0.9325116517820016, 0.8837874994544935, 0.985670364604474, 1.0, 0.9501956455557655, 0.9830939557808778, 0.9548730368217958, 0.9357397481814871, 0.9185189926562435, 0.9615543519229769], [0.9758298219728743, 0.965642643256362, 0.9652423986478271, 0.9782253285268879, 0.9592904867042412, 0.9525129527689694, -0.9267899701063936, 0.9683211211542501, 0.9571434540036976, 0.9665134775378872, 0.9666220836770107, 0.9729232021470193, 0.947683942608707, 0.9388308092267114, 0.9665473586960412, 0.9490409345961613, 0.9647347175080453, 0.9667890302074592, 0.9009549243531882, 0.659748150072144, 0.9700555938739134, 0.9239553902096711, 0.3640192037059819, -0.3261396634560317, 0.8270218207636133, 0.9445174098467146, 0.9386927982120207, 0.9649062376169885, 0.9501956455557655, 1.0, 0.9528966356272491, 0.9163910201974135, 0.9758448293887926, 0.9569817664446095, 0.9421895939410546], [0.9723694453439691, 0.956884443010868, 0.9206474509248179, 0.9624738999575454, 0.8986299583557109, 0.95237956679315, -0.8924828549453908, 0.9632768828979772, 0.9176083147857768, 0.9424154179552714, 0.9413976088431161, 0.9531418276567414, 0.9163183174139895, 0.9138397070342764, 0.9420227839318986, 0.9532660139756011, 0.9571169709684152, 0.9617420599063148, 0.9441202600084685, 0.7598899363605816, 0.9405170101556811, 0.8677917145291668, 0.5246452780251217, -0.34619613114991216, 0.8666865936687452, 0.939105222722477, 0.8854334692426574, 0.9898273986201267, 0.9830939557808778, 0.9528966356272491, 1.0, 0.9734086666824083, 0.9433454319193212, 0.9361681940038682, 0.961988877423605], [0.9456595825942307, 0.9436956778043482, 0.9063152444229035, 0.9341866526774849, 0.8793697519496452, 0.9550636851100083, -0.9098712432068545, 0.9362043986295852, 0.9037391011778718, 0.9196385545135793, 0.9183322888833707, 0.9326064244324366, 0.8898985659987267, 0.8686465875756998, 0.9189551438151714, 0.9544243055176496, 0.942777638281839, 0.9360233467083646, 0.8945565925970905, 0.762885487240343, 0.9094928122481709, 0.8403701571683567, 0.43722664829415897, -0.20411399401098534, 0.8614023605678472, 0.9099017687433555, 0.8844478438406891, 0.9509000817139959, 0.9548730368217958, 0.9163910201974135, 0.9734086666824083, 1.0, 0.9059204884874986, 0.9321327865295139, 0.9529082864961045], [0.98027240776395, 0.9692916722415799, 0.9670308504446699, 0.9782768436452284, 0.956322161898361, 0.9576484599713468, -0.9274220109463411, 0.9598744624251632, 0.9465122763607303, 0.9660631733658799, 0.9662491082026459, 0.9730492748603281, 0.9644103366694508, 0.9665321421161516, 0.9660845318427282, 0.9600048250639545, 0.9719017782940185, 0.9591324272609009, 0.8984756218147002, 0.6931593233944552, 0.9686047925130736, 0.9215367131401927, 0.38378086395136446, -0.3504345576580928, 0.8568309143035905, 0.960931175957376, 0.9450102610284323, 0.9588555777008905, 0.9357397481814871, 0.9758448293887926, 0.9433454319193212, 0.9059204884874986, 1.0, 0.9538598237782482, 0.9403581401993033], [0.9710200790196687, 0.9611738847769231, 0.974200010794367, 0.9696381131518851, 0.9620746485234412, 0.9768555939641506, -0.9645461615651785, 0.9581570370105157, 0.9700107351803009, 0.9804379106200558, 0.980937635626585, 0.9679900683133157, 0.9800934886940051, 0.9784078489056879, 0.980807379747523, 0.9763214759258341, 0.9850099504645666, 0.9560391098742121, 0.8460971856684991, 0.657137508426726, 0.9548831819054484, 0.8657097747618278, 0.3041932373631721, -0.17973368525801042, 0.8670944041967096, 0.9240448349193672, 0.9710805075902508, 0.9117922062670981, 0.9185189926562435, 0.9569817664446095, 0.9361681940038682, 0.9321327865295139, 0.9538598237782482, 1.0, 0.9172350113376626], [0.9545371354298262, 0.9484805646764837, 0.9231578313601649, 0.945765798392692, 0.8987430250186126, 0.9554434757401463, -0.9099862165772585, 0.9653831344406243, 0.9233478007009598, 0.9422792791991268, 0.9415592414244764, 0.9512346513983909, 0.9344657746013535, 0.926713478721649, 0.9420234035742528, 0.9601693346880795, 0.9637766535368326, 0.9665756651070396, 0.8796836782511236, 0.6997433192764361, 0.9271988455632263, 0.8479214823862945, 0.4129441972926808, -0.3170171605909191, 0.8948097847436279, 0.9164549505932658, 0.8846130311906869, 0.966417711602975, 0.9615543519229769, 0.9421895939410546, 0.961988877423605, 0.9529082864961045, 0.9403581401993033, 0.9172350113376626, 1.0]], "x": ["^TAIEX       \u81fa\u7063\u52a0\u6b0a\u5831\u916c\u6307\u6578", "^TWII        \u81fa\u7063\u52a0\u6b0a\u6307\u6578", "^TAIEXx2     \u81fa\u7063\u52a0\u6b0a\u5831\u916c\u6307\u6578_\u65e5\u6b632", "^TAI50I      \u81fa\u706350\u5831\u916c\u6307\u6578", "^TAI50Ix2    \u81fa\u706350\u5831\u916c\u6307\u6578_\u65e5\u6b632", "^TAI100I     \u81fa\u7063\u4e2d\u578b100\u5831\u916c\u6307\u6578", "^TAI100Ix2   \u81fa\u7063\u4e2d\u578b100\u5831\u916c\u6307\u6578_\u65e5\u6b632", "^TAIDIVIDI   \u81fa\u7063\u9ad8\u80a1\u606f\u5831\u916c\u6307\u6578", "^TAIDIVIDIx2 \u81fa\u7063\u9ad8\u80a1\u606f\u5831\u916c\u6307\u6578_\u65e5\u6b632", "0050Fund     \u5143\u5927\u53f0\u7063\u5353\u8d8a50\u57fa\u91d1", "006208Fund   \u5bcc\u90a6\u53f0\u7063\u91c6\u540950\u57fa\u91d1", "0050         \u5143\u5927\u81fa\u706350", "00631L       \u5143\u5927\u53f0\u706350\u6b632", "00675L       \u5bcc\u90a6\u81fa\u7063\u52a0\u6b0a\u6b632", "006208       \u5bcc\u90a6\u53f050", "0051         \u5143\u5927\u4e2d\u578b100", "006204       \u6c38\u8c50\u81fa\u7063\u52a0\u6b0a", "0056         \u5143\u5927\u9ad8\u80a1\u606f", "2412         \u4e2d\u83ef\u96fb\u4fe1", "2002         \u4e2d\u92fc", "2330         \u53f0\u7a4d\u96fb", "2317         \u9d3b\u6d77", "6505         \u53f0\u5851\u77f3\u5316", "3481         \u7fa4\u5275", "2303         \u806f\u96fb", "2308         \u53f0\u9054\u96fb", "2454         \u806f\u767c\u79d1", "2886         \u5146\u8c50\u91d1", "2884         \u7389\u5c71\u91d1", "2891         \u4e2d\u4fe1\u91d1", "2892         \u7b2c\u4e00\u91d1", "5880         \u5408\u5eab\u91d1", "2881         \u5bcc\u90a6\u91d1", "2885         \u5143\u5927\u91d1", "2887         \u53f0\u65b0\u91d1"], "y": ["^TAIEX       \u81fa\u7063\u52a0\u6b0a\u5831\u916c\u6307\u6578", "^TWII        \u81fa\u7063\u52a0\u6b0a\u6307\u6578", "^TAIEXx2     \u81fa\u7063\u52a0\u6b0a\u5831\u916c\u6307\u6578_\u65e5\u6b632", "^TAI50I      \u81fa\u706350\u5831\u916c\u6307\u6578", "^TAI50Ix2    \u81fa\u706350\u5831\u916c\u6307\u6578_\u65e5\u6b632", "^TAI100I     \u81fa\u7063\u4e2d\u578b100\u5831\u916c\u6307\u6578", "^TAI100Ix2   \u81fa\u7063\u4e2d\u578b100\u5831\u916c\u6307\u6578_\u65e5\u6b632", "^TAIDIVIDI   \u81fa\u7063\u9ad8\u80a1\u606f\u5831\u916c\u6307\u6578", "^TAIDIVIDIx2 \u81fa\u7063\u9ad8\u80a1\u606f\u5831\u916c\u6307\u6578_\u65e5\u6b632", "0050Fund     \u5143\u5927\u53f0\u7063\u5353\u8d8a50\u57fa\u91d1", "006208Fund   \u5bcc\u90a6\u53f0\u7063\u91c6\u540950\u57fa\u91d1", "0050         \u5143\u5927\u81fa\u706350", "00631L       \u5143\u5927\u53f0\u706350\u6b632", "00675L       \u5bcc\u90a6\u81fa\u7063\u52a0\u6b0a\u6b632", "006208       \u5bcc\u90a6\u53f050", "0051         \u5143\u5927\u4e2d\u578b100", "006204       \u6c38\u8c50\u81fa\u7063\u52a0\u6b0a", "0056         \u5143\u5927\u9ad8\u80a1\u606f", "2412         \u4e2d\u83ef\u96fb\u4fe1", "2002         \u4e2d\u92fc", "2330         \u53f0\u7a4d\u96fb", "2317         \u9d3b\u6d77", "6505         \u53f0\u5851\u77f3\u5316", "3481         \u7fa4\u5275", "2303         \u806f\u96fb", "2308         \u53f0\u9054\u96fb", "2454         \u806f\u767c\u79d1", "2886         \u5146\u8c50\u91d1", "2884         \u7389\u5c71\u91d1", "2891         \u4e2d\u4fe1\u91d1", "2892         \u7b2c\u4e00\u91d1", "5880         \u5408\u5eab\u91d1", "2881         \u5bcc\u90a6\u91d1", "2885         \u5143\u5927\u91d1", "2887         \u53f0\u65b0\u91d1"], "zmin": -1, "zmax": 1, "colorbar": {"x": -0.2}}], "layout": {"autotypenumbers": "strict", "colorway": ["#636efa", "#EF553B", "#00cc96", "#ab63fa", "#FFA15A", "#19d3f3", "#FF6692", "#B6E880", "#FF97FF", "#FECB52"], "font": {"color": "#f2f5fa", "family": "Courier New"}, "hovermode": "closest", "hoverlabel": {"align": "left"}, "paper_bgcolor": "rgb(17,17,17)", "plot_bgcolor": "rgb(17,17,17)", "polar": {"bgcolor": "rgb(17,17,17)", "angularaxis": {"gridcolor": "#506784", "linecolor": "#506784", "ticks": ""}, "radialaxis": {"gridcolor": "#506784", "linecolor": "#506784", "ticks": ""}}, "ternary": {"bgcolor": "rgb(17,17,17)", "aaxis": {"gridcolor": "#506784", "linecolor": "#506784", "ticks": ""}, "baxis": {"gridcolor": "#506784", "linecolor": "#506784", "ticks": ""}, "caxis": {"gridcolor": "#506784", "linecolor": "#506784", "ticks": ""}}, "coloraxis": {"colorbar": {"outlinewidth": 0, "ticks": ""}}, "colorscale": {"sequential": [[0.0, "#0d0887"], [0.1111111111111111, "#46039f"], [0.2222222222222222, "#7201a8"], [0.3333333333333333, "#9c179e"], [0.4444444444444444, "#bd3786"], [0.5555555555555556, "#d8576b"], [0.6666666666666666, "#ed7953"], [0.7777777777777778, "#fb9f3a"], [0.8888888888888888, "#fdca26"], [1.0, "#f0f921"]], "sequentialminus": [[0.0, "#0d0887"], [0.1111111111111111, "#46039f"], [0.2222222222222222, "#7201a8"], [0.3333333333333333, "#9c179e"], [0.4444444444444444, "#bd3786"], [0.5555555555555556, "#d8576b"], [0.6666666666666666, "#ed7953"], [0.7777777777777778, "#fb9f3a"], [0.8888888888888888, "#fdca26"], [1.0, "#f0f921"]], "diverging": [[0, "#8e0152"], [0.1, "#c51b7d"], [0.2, "#de77ae"], [0.3, "#f1b6da"], [0.4, "#fde0ef"], [0.5, "#f7f7f7"], [0.6, "#e6f5d0"], [0.7, "#b8e186"], [0.8, "#7fbc41"], [0.9, "#4d9221"], [1, "#276419"]]}, "xaxis": {"gridcolor": "rgba(0, 0, 0, 0)", "linecolor": "#506784", "ticks": "", "title": {"standoff": 15}, "zerolinecolor": "#283442", "automargin": true, "zerolinewidth": 2, "tickfont": {"family": "Courier New", "size": 14}, "side": "top", "tickangle": -90}, "yaxis": {"gridcolor": "rgba(0, 0, 0, 0)", "linecolor": "#506784", "ticks": "", "title": {"standoff": 15}, "zerolinecolor": "#283442", "automargin": true, "zerolinewidth": 2, "tickfont": {"family": "Courier New"}, "side": "right"}, "scene": {"xaxis": {"backgroundcolor": "rgb(17,17,17)", "gridcolor": "#506784", "linecolor": "#506784", "showbackground": true, "ticks": "", "zerolinecolor": "#C8D4E3", "gridwidth": 2}, "yaxis": {"backgroundcolor": "rgb(17,17,17)", "gridcolor": "#506784", "linecolor": "#506784", "showbackground": true, "ticks": "", "zerolinecolor": "#C8D4E3", "gridwidth": 2}, "zaxis": {"backgroundcolor": "rgb(17,17,17)", "gridcolor": "#506784", "linecolor": "#506784", "showbackground": true, "ticks": "", "zerolinecolor": "#C8D4E3", "gridwidth": 2}}, "shapedefaults": {"line": {"color": "#f2f5fa"}}, "annotationdefaults": {"arrowcolor": "#f2f5fa", "arrowhead": 0, "arrowwidth": 1}, "geo": {"bgcolor": "rgb(17,17,17)", "landcolor": "rgb(17,17,17)", "subunitcolor": "#506784", "showland": true, "showlakes": true, "lakecolor": "rgb(17,17,17)"}, "title": {"x": 0.05, "font": {"family": "Times New Roman"}, "y": 0.05, "text": "<b>Correlation of Adj Close<b><br><i>2016-09-23 ~ 2025-08-21<i>"}, "updatemenudefaults": {"bgcolor": "#506784", "borderwidth": 0}, "sliderdefaults": {"bgcolor": "#C8D4E3", "borderwidth": 1, "bordercolor": "rgb(17,17,17)", "tickwidth": 0}, "mapbox": {"style": "dark"}, "annotations": [{"text": "<b>@zwindr<b>", "textangle": 0, "opacity": 0.5, "font": {"color": "white", "size": 12}, "xref": "paper", "yref": "paper", "xanchor": "left", "yanchor": "bottom", "x": 1.0, "y": 1.0, "showarrow": false}]}, "config": {"responsive": true, "toImageButtonOptions": {"filename": "Correlation of Adj Close_2016-09-23~2025-08-21", "scale": 5}}};

    Plotly.newPlot("correlationAdjClose",
        correlationAdjClose.data,
        correlationAdjClose.layout || {},
        correlationAdjClose.config);
} else {
    // The element with the specified ID does not exist
    console.log("style display is none => correlationAdjClose");
}