var element=document.getElementById("correlationAdjClose");if(element.style.display!='none'){var correlationAdjClose={"data":[{"type":"heatmap","z":[[1.0,0.996319803656242,0.9563337378166964,0.9964255963178056,0.9239057021873381,0.9881453612946628,0.9628103080567796,0.9808634279846459,0.9807268105380945,0.9965519712770324,0.9964400945949583,0.9966952705648503,0.8610913476003605,0.984621286481208,0.9965516425520949,0.9888831039841226,0.9997720048721356,0.9805470715824678,0.8936117135793296,0.8938683495262851,0.6050854917903336,0.9853635411693035,0.9443578131653537,0.28213478232117334,-0.2261602866877601,0.9153045880713531,0.8889515527028422,0.9542228444872177,0.9451607395362562,0.9453030854573073,0.9829471104355482,0.9450170116379132,0.9034058034057242,0.9722251808624236,0.9824013090138182,0.9598615564957751],[0.996319803656242,1.0,0.9592252887372894,0.9942207616191547,0.9232515253988278,0.9853600993185243,0.9642575721951439,0.9718032541969264,0.9773547957830366,0.9951943861720158,0.9967002567461898,0.9962698403843806,0.8843168023702026,0.9848103689061484,0.9967505668607434,0.98519020907677,0.9979826396652638,0.9736491868695086,0.91070002504886,0.8728494057840043,0.6093831884800005,0.977878846792636,0.9296056315424902,0.2604372626902357,-0.12805875539777203,0.9069330685957768,0.8955440441484646,0.947324855865317,0.9176019609260184,0.9234145337741849,0.9771843534634528,0.9196966199846329,0.8879030388910375,0.962319635113915,0.9782129373848041,0.9551675764312034],[0.9563337378166964,0.9592252887372894,1.0,0.9735142475740824,0.9940546878953384,0.9484696630757058,0.9806263725957245,0.9048675898881515,0.9510703637062856,0.973600432183587,0.9807394477419925,0.977351444896449,0.8900927669161635,0.9973421165302134,0.9803653517062704,0.9455845996052555,0.9670838376684673,0.9048204926035431,0.8074166770013866,0.7466690152493698,0.4210761134527723,0.9819701540760092,0.8991886039300233,0.10470697625162971,-0.12228863747172121,0.8780553912115808,0.9642493290419144,0.9640884829042885,0.8177123651402148,0.8292506454703278,0.9385527737082929,0.8223156328905868,0.7753078940767597,0.8938020558370797,0.9563803409584622,0.8841007793081832],[0.9964255963178056,0.9942207616191547,0.9735142475740824,1.0,0.9423053486739897,0.9805911440381803,0.9678130845453832,0.9661265936154493,0.9770745595356602,0.9999822564262042,0.9999951762690183,0.9999750857375845,0.8864994082795243,0.9875672639115959,0.9999692905191476,0.9789772279080203,0.9961165846058319,0.9657725234032022,0.877323591567717,0.8554086176576221,0.5345967293408681,0.995533664315434,0.944041853351368,0.22683609516998945,-0.1651337400030786,0.9135695613401,0.916957319884597,0.9522184096098983,0.9096957144118389,0.9177606292781479,0.9826713128048736,0.910729054964825,0.8608787806839235,0.9600041766107816,0.9823969955989973,0.9474269558247853],[0.9239057021873381,0.9232515253988278,0.9940546878953384,0.9423053486739897,1.0,0.9019403225487712,0.9608130746525784,0.8517098690497878,0.9233667828426945,0.943100912870835,0.9553961066672286,0.9503288714491941,0.901642738589746,0.9868898635213895,0.9551651582434997,0.8997507408153393,0.9321493143543086,0.8531083130229346,0.763563670998885,0.6668849440503937,0.3254276008719298,0.9525048429675711,0.8564331987269881,0.054556035351691116,-0.04260106248025471,0.8593718731241117,0.980239104324799,0.9546724191050587,0.730527914211898,0.7493036905499463,0.900385157676576,0.7367964399014508,0.6772447254268922,0.8387431492204078,0.9219563882398583,0.8330373459819008],[0.9881453612946628,0.9853600993185243,0.9484696630757058,0.9805911440381803,0.9019403225487712,1.0,0.9741859126384489,0.9813667327540055,0.9842722956311997,0.9802250044183828,0.9754486783470997,0.978325217775285,0.8540694893580699,0.9516239430024319,0.9755139757332267,0.9999285228656064,0.9902219397549381,0.9822491268406625,0.9078030302364143,0.8588651417991288,0.5568521839746393,0.9731154772260118,0.9293441572430592,0.16314602016886348,-0.1337653989778119,0.9400141553743038,0.866874646553041,0.9382416944588066,0.9300588717402862,0.9202738498057191,0.9704819007215021,0.9309824446926165,0.9085131855755634,0.9616094601730848,0.9848923694094207,0.9651644322391024],[0.9628103080567796,0.9642575721951439,0.9806263725957245,0.9678130845453832,0.9608130746525784,0.9741859126384489,1.0,0.9338266902433403,0.9817967138780723,0.9671533856814112,0.9760025908519664,0.9723738405281999,0.8937655645723197,0.9848644673018249,0.9756733584011217,0.9754087163161189,0.9769593422779437,0.936817774279238,0.8552947404688583,0.7534529807708834,0.4130318113900331,0.9689969862497276,0.9106943538073923,0.03244322588513076,-0.05310854451134979,0.9175079986763349,0.9275726431992581,0.9662758528195905,0.8343947284446593,0.8272377730380751,0.9449781608902901,0.8368199960905207,0.8099384771389213,0.9094477383742269,0.9747079934581375,0.9102530341805308],[0.9808634279846459,0.9718032541969264,0.9048675898881515,0.9661265936154493,0.8517098690497878,0.9813667327540055,0.9338266902433403,1.0,0.976788592725347,0.9660046010621173,0.961416944348973,0.9649834608579817,0.8156167698076398,0.9233849411902219,0.961705560844277,0.983090603997984,0.9785290263448168,0.9998975610887999,0.9384684685092783,0.9266140306841429,0.5487108847514073,0.9531965879894551,0.9231680987272668,0.13921998164582045,-0.22914186799696454,0.9173923583519925,0.801834305874033,0.9031566447487156,0.9669401904361916,0.95364622040106,0.9704104719119725,0.9587874384217726,0.9203082219361999,0.970142070697588,0.9594584734502283,0.9737246171393787],[0.9807268105380945,0.9773547957830366,0.9510703637062856,0.9770745595356602,0.9233667828426945,0.9842722956311997,0.9817967138780723,0.976788592725347,1.0,0.9766459169176267,0.9731471191995595,0.9754773621316176,0.8628989340397747,0.9589704670387509,0.9729929288823191,0.9837349471600879,0.9797809090811469,0.977265773932207,0.9073295303321014,0.8432274433803043,0.43550004995846187,0.9710751797916777,0.9340625643938156,0.0016213022157952096,-0.12923142081796257,0.920038834209105,0.8710459103588677,0.9578091305988761,0.8987532305254345,0.8837524864097045,0.9692467355686523,0.8926192333672941,0.8527262599834692,0.9487376153632898,0.9807314889157515,0.9372080664252918],[0.9965519712770324,0.9951943861720158,0.973600432183587,0.9999822564262042,0.943100912870835,0.9802250044183828,0.9671533856814112,0.9660046010621173,0.9766459169176267,1.0,0.9999948753399028,0.9999853850430321,0.8880675311206367,0.9877525281627075,0.9999703054583524,0.978713961585376,0.9960062806618607,0.9656176627151174,0.8787680831202719,0.85567247291687,0.5253512666764328,0.9957299418596544,0.9446943259443451,0.22922925586034362,-0.16179417259283346,0.9144309976834807,0.9163881815213099,0.9513914747611516,0.9076028261342001,0.9152880309062135,0.9820422808043185,0.9085443857786462,0.8576827576828856,0.9585968573856192,0.9820654923434002,0.9462454455145163],[0.9964400945949583,0.9967002567461898,0.9807394477419925,0.9999951762690183,0.9553961066672286,0.9754486783470997,0.9760025908519664,0.961416944348973,0.9731471191995595,0.9999948753399028,1.0,0.9999800606741424,0.888138036786915,0.9876208501482393,0.9999722772933277,0.9750278717207875,0.9959145642328993,0.9622217164159431,0.8952368255776324,0.8853352425804785,0.3536600539954712,0.9977494258850407,0.9357943713328739,-0.22741172886969815,0.6447544119420359,0.9097754446918346,0.9104256752973818,0.9519703448270226,0.8858998901448439,0.8916196574866683,0.9771924739792751,0.878875253009572,0.8098610190003469,0.947285676401396,0.9869583418950318,0.9441672848727373],[0.9966952705648503,0.9962698403843806,0.977351444896449,0.9999750857375845,0.9503288714491941,0.978325217775285,0.9723738405281999,0.9649834608579817,0.9754773621316176,0.9999853850430321,0.9999800606741424,1.0,0.8881679862345684,0.9877800138139494,0.9999781434739413,0.9779990964059517,0.9959334573383332,0.9653262022534189,0.8862602902222437,0.8736672738950981,0.43922691551319537,0.9971476785252849,0.9436750324056865,-0.03480906880033785,0.048810414955742766,0.9203261378370211,0.9115214534539859,0.9486363679187803,0.8958070023359952,0.9015082320804987,0.9793120933777928,0.8944991703613381,0.8411039123805752,0.9535717483545629,0.9822735773821103,0.9459380060599227],[0.8610913476003605,0.8843168023702026,0.8900927669161635,0.8864994082795243,0.901642738589746,0.8540694893580699,0.8937655645723197,0.8156167698076398,0.8628989340397747,0.8880675311206367,0.888138036786915,0.8881679862345684,1.0,0.9998806509654043,0.8877743920221842,0.8547096779108752,0.8769237812262156,0.8190990286845742,0.7521217785358766,0.6985334602598194,0.17569261214111442,0.8840374054527332,0.8186939619592218,-0.47655867370014154,0.6675561489864905,0.7966063973294236,0.8789740692219903,0.8865459674142122,0.6997744383317543,0.7021998142061069,0.8500916044656774,0.6902718536245881,0.6043253103368771,0.8083514269968072,0.8719806914584722,0.8115835105174383],[0.984621286481208,0.9848103689061484,0.9973421165302134,0.9875672639115959,0.9868898635213895,0.9516239430024319,0.9848644673018249,0.9233849411902219,0.9589704670387509,0.9877525281627075,0.9876208501482393,0.9877800138139494,0.9998806509654043,1.0,0.9875860193199947,0.9508116922990937,0.979761426370651,0.9254716076158911,0.8495052146013871,0.8445983197769745,0.07830807216994905,0.979745250688143,0.8937303887619337,-0.6541884522402407,0.7102592491626927,0.8787398046164294,0.9559048229301316,0.965460749579921,0.7931259711254689,0.8097265906165629,0.9430967997266563,0.8029618825579353,0.6784440100547038,0.8920465026150791,0.966685548624714,0.9143823299280466],[0.9965516425520949,0.9967505668607434,0.9803653517062704,0.9999692905191476,0.9551651582434997,0.9755139757332267,0.9756733584011217,0.961705560844277,0.9729929288823191,0.9999703054583524,0.9999722772933277,0.9999781434739413,0.8877743920221842,0.9875860193199947,1.0,0.9751730589536381,0.9960195452385281,0.9626170036565215,0.8958506775106568,0.8867922952365616,0.3568371705245613,0.9976384308654154,0.9359378989922574,-0.2245779906991641,0.6414050317487465,0.9095985544563474,0.9089351506947781,0.9517315464703857,0.8872906483771175,0.892955310411419,0.9770847165023471,0.8803274134864683,0.8120556841982646,0.9472685125585659,0.9869100117597237,0.9443742031511665],[0.9888831039841226,0.98519020907677,0.9455845996052555,0.9789772279080203,0.8997507408153393,0.9999285228656064,0.9754087163161189,0.983090603997984,0.9837349471600879,0.978713961585376,0.9750278717207875,0.9779990964059517,0.8547096779108752,0.9508116922990937,0.9751730589536381,1.0,0.9901283262053379,0.9826618763357722,0.9106555970682967,0.8829028404032785,0.5273519747006234,0.9711190636108232,0.9262657427136493,0.011031917219648094,-0.05376861148657904,0.9453290174514792,0.8574300587025343,0.9348488466126931,0.9317077032254829,0.9169662346374771,0.9682757459434651,0.9310590676573295,0.9038849903171895,0.9634423244157581,0.984137475059356,0.9673979118853372],[0.9997720048721356,0.9979826396652638,0.9670838376684673,0.9961165846058319,0.9321493143543086,0.9902219397549381,0.9769593422779437,0.9785290263448168,0.9797809090811469,0.9960062806618607,0.9959145642328993,0.9959334573383332,0.8769237812262156,0.979761426370651,0.9960195452385281,0.9901283262053379,1.0,0.9792109525516419,0.9197486650069724,0.9088146764696877,0.4286085416484357,0.9908511004589712,0.9361413160247323,-0.17369497689398253,0.6345603447465397,0.9296770452276818,0.8842436187033071,0.9462658320271612,0.919627872391494,0.9156132440042011,0.9791477710792962,0.9123108665264971,0.8593894427233547,0.9629697393016087,0.9916829006997308,0.9650958860981551],[0.9805470715824678,0.9736491868695086,0.9048204926035431,0.9657725234032022,0.8531083130229346,0.9822491268406625,0.936817774279238,0.9998975610887999,0.977265773932207,0.9656176627151174,0.9622217164159431,0.9653262022534189,0.8190990286845742,0.9254716076158911,0.9626170036565215,0.9826618763357722,0.9792109525516419,1.0,0.9411650985537892,0.9321626511059827,0.5426743020518251,0.9520808221570276,0.9261996416906477,0.10073221987255788,-0.15697672717034344,0.922537607728738,0.7993256455144209,0.9046388540789889,0.9664013698954294,0.9522530979491873,0.9692350633299781,0.9567265974912014,0.9183361394214924,0.9693078738392173,0.9584784822540393,0.9741537949051823],[0.8936117135793296,0.91070002504886,0.8074166770013866,0.877323591567717,0.763563670998885,0.9078030302364143,0.8552947404688583,0.9384684685092783,0.9073295303321014,0.8787680831202719,0.8952368255776324,0.8862602902222437,0.7521217785358766,0.8495052146013871,0.8958506775106568,0.9106555970682967,0.9197486650069724,0.9411650985537892,1.0,0.8448514367227768,0.6281301288317586,0.8521346006160503,0.8383794519095288,0.18782141393728571,-0.06148277008663017,0.8763428809496643,0.7019629263666606,0.8336350073818702,0.897635522952101,0.871289157468986,0.8710731662949852,0.8809644508607255,0.8578894770494497,0.8780028119137281,0.8809286163628868,0.9083771477860398],[0.8938683495262851,0.8728494057840043,0.7466690152493698,0.8554086176576221,0.6668849440503937,0.8588651417991288,0.7534529807708834,0.9266140306841429,0.8432274433803043,0.85567247291687,0.8853352425804785,0.8736672738950981,0.6985334602598194,0.8445983197769745,0.8867922952365616,0.8829028404032785,0.9088146764696877,0.9321626511059827,0.8448514367227768,1.0,0.8043367230076965,0.8087306325842153,0.8661891860130027,0.5876129637322424,-0.467342331701397,0.7159155359838038,0.6654955531911236,0.7378016479509509,0.9632162373849182,0.9429412587423865,0.8772212418598818,0.9520150269302133,0.909160389197465,0.900676265848076,0.8271591534323414,0.8831412591293712],[0.6050854917903336,0.6093831884800005,0.4210761134527723,0.5345967293408681,0.3254276008719298,0.5568521839746393,0.4130318113900331,0.5487108847514073,0.43550004995846187,0.5253512666764328,0.3536600539954712,0.43922691551319537,0.17569261214111442,0.07830807216994905,0.3568371705245613,0.5273519747006234,0.4286085416484357,0.5426743020518251,0.6281301288317586,0.8043367230076965,1.0,0.4840368898844691,0.6317433537430694,0.7210484933971782,-0.11517667937907945,0.4692303852930345,0.3741177436422619,0.46204765193932634,0.7492509693257544,0.6712377587498093,0.5405013378276821,0.7057856432871153,0.7389390417173475,0.6119051883822679,0.541627889012814,0.6155405076157309],[0.9853635411693035,0.977878846792636,0.9819701540760092,0.995533664315434,0.9525048429675711,0.9731154772260118,0.9689969862497276,0.9531965879894551,0.9710751797916777,0.9957299418596544,0.9977494258850407,0.9971476785252849,0.8840374054527332,0.979745250688143,0.9976384308654154,0.9711190636108232,0.9908511004589712,0.9520808221570276,0.8521346006160503,0.8087306325842153,0.4840368898844691,1.0,0.9228901072273494,0.1660383514273756,-0.154332942330629,0.8968755192033107,0.926195909889752,0.9496013002440696,0.8759327906067162,0.8963078474675717,0.9750887639688617,0.8853542640237764,0.8319760503291591,0.9462393395656221,0.9715695850001311,0.9295924040056475],[0.9443578131653537,0.9296056315424902,0.8991886039300233,0.944041853351368,0.8564331987269881,0.9293441572430592,0.9106943538073923,0.9231680987272668,0.9340625643938156,0.9446943259443451,0.9357943713328739,0.9436750324056865,0.8186939619592218,0.8937303887619337,0.9359378989922574,0.9262657427136493,0.9361413160247323,0.9261996416906477,0.8383794519095288,0.8661891860130027,0.6317433537430694,0.9228901072273494,1.0,0.23113686814732132,-0.11889212989349893,0.7767054233307422,0.8269081101924669,0.877290368443021,0.8984428599506014,0.8730490045009144,0.9496960124202665,0.8795755099141207,0.8393685703193903,0.9440603488793866,0.9089166736037584,0.8904951897009801],[0.28213478232117334,0.2604372626902357,0.10470697625162971,0.22683609516998945,0.054556035351691116,0.16314602016886348,0.03244322588513076,0.13921998164582045,0.0016213022157952096,0.22922925586034362,-0.22741172886969815,-0.03480906880033785,-0.47655867370014154,-0.6541884522402407,-0.2245779906991641,0.011031917219648094,-0.17369497689398253,0.10073221987255788,0.18782141393728571,0.5876129637322424,0.7210484933971782,0.1660383514273756,0.23113686814732132,1.0,-0.3818875356328452,0.19037263691415796,0.09432337344657728,0.09213020820376258,0.4188411432708196,0.4039886257122483,0.22059451345758285,0.42926357988942754,0.3725822564197512,0.27002282498039976,0.17219102397468317,0.29632223051217166],[-0.2261602866877601,-0.12805875539777203,-0.12228863747172121,-0.1651337400030786,-0.04260106248025471,-0.1337653989778119,-0.05310854451134979,-0.22914186799696454,-0.12923142081796257,-0.16179417259283346,0.6447544119420359,0.048810414955742766,0.6675561489864905,0.7102592491626927,0.6414050317487465,-0.05376861148657904,0.6345603447465397,-0.15697672717034344,-0.06148277008663017,-0.467342331701397,-0.11517667937907945,-0.154332942330629,-0.11889212989349893,-0.3818875356328452,1.0,-0.06839347511246091,-0.06137995728167686,-0.051463867614816194,-0.3385890933389761,-0.3220750553004213,-0.21050324215199778,-0.2965416093300069,-0.18231334485312436,-0.2644957874222989,-0.09161584564487285,-0.232228419889198],[0.9153045880713531,0.9069330685957768,0.8780553912115808,0.9135695613401,0.8593718731241117,0.9400141553743038,0.9175079986763349,0.9173923583519925,0.920038834209105,0.9144309976834807,0.9097754446918346,0.9203261378370211,0.7966063973294236,0.8787398046164294,0.9095985544563474,0.9453290174514792,0.9296770452276818,0.922537607728738,0.8763428809496643,0.7159155359838038,0.4692303852930345,0.8968755192033107,0.7767054233307422,0.19037263691415796,-0.06839347511246091,1.0,0.8118682603241544,0.9186455479972401,0.8046369685753274,0.8465026684408629,0.8680191001513228,0.848765049013304,0.8241217271697695,0.8735173528624122,0.9021260665038976,0.905510084391915],[0.8889515527028422,0.8955440441484646,0.9642493290419144,0.916957319884597,0.980239104324799,0.866874646553041,0.9275726431992581,0.801834305874033,0.8710459103588677,0.9163881815213099,0.9104256752973818,0.9115214534539859,0.8789740692219903,0.9559048229301316,0.9089351506947781,0.8574300587025343,0.8842436187033071,0.7993256455144209,0.7019629263666606,0.6654955531911236,0.3741177436422619,0.926195909889752,0.8269081101924669,0.09432337344657728,-0.06137995728167686,0.8118682603241544,1.0,0.9163039803799323,0.7084206914014936,0.7231597762419488,0.8667788328903859,0.709130184639807,0.652608847724676,0.8036394944738349,0.8861445467945323,0.8041198743951115],[0.9542228444872177,0.947324855865317,0.9640884829042885,0.9522184096098983,0.9546724191050587,0.9382416944588066,0.9662758528195905,0.9031566447487156,0.9578091305988761,0.9513914747611516,0.9519703448270226,0.9486363679187803,0.8865459674142122,0.965460749579921,0.9517315464703857,0.9348488466126931,0.9462658320271612,0.9046388540789889,0.8336350073818702,0.7378016479509509,0.46204765193932634,0.9496013002440696,0.877290368443021,0.09213020820376258,-0.051463867614816194,0.9186455479972401,0.9163039803799323,1.0,0.8129468893530634,0.8133086196034118,0.9213170752909219,0.8060458691325394,0.7732384872063638,0.8947232727929532,0.9548610750331021,0.8699755695465675],[0.9451607395362562,0.9176019609260184,0.8177123651402148,0.9096957144118389,0.730527914211898,0.9300588717402862,0.8343947284446593,0.9669401904361916,0.8987532305254345,0.9076028261342001,0.8858998901448439,0.8958070023359952,0.6997744383317543,0.7931259711254689,0.8872906483771175,0.9317077032254829,0.919627872391494,0.9664013698954294,0.897635522952101,0.9632162373849182,0.7492509693257544,0.8759327906067162,0.8984428599506014,0.4188411432708196,-0.3385890933389761,0.8046369685753274,0.7084206914014936,0.8129468893530634,1.0,0.9872328574427338,0.9335572732294337,0.9914831392229758,0.9569374795960267,0.9554422053212299,0.8848439667588286,0.9556080655207477],[0.9453030854573073,0.9234145337741849,0.8292506454703278,0.9177606292781479,0.7493036905499463,0.9202738498057191,0.8272377730380751,0.95364622040106,0.8837524864097045,0.9152880309062135,0.8916196574866683,0.9015082320804987,0.7021998142061069,0.8097265906165629,0.892955310411419,0.9169662346374771,0.9156132440042011,0.9522530979491873,0.871289157468986,0.9429412587423865,0.6712377587498093,0.8963078474675717,0.8730490045009144,0.4039886257122483,-0.3220750553004213,0.8465026684408629,0.7231597762419488,0.8133086196034118,0.9872328574427338,1.0,0.935351814368772,0.9861987416898196,0.9568941905704442,0.9442843489027013,0.9034161308180766,0.9587175565474628],[0.9829471104355482,0.9771843534634528,0.9385527737082929,0.9826713128048736,0.900385157676576,0.9704819007215021,0.9449781608902901,0.9704104719119725,0.9692467355686523,0.9820422808043185,0.9771924739792751,0.9793120933777928,0.8500916044656774,0.9430967997266563,0.9770847165023471,0.9682757459434651,0.9791477710792962,0.9692350633299781,0.8710731662949852,0.8772212418598818,0.5405013378276821,0.9750887639688617,0.9496960124202665,0.22059451345758285,-0.21050324215199778,0.8680191001513228,0.8667788328903859,0.9213170752909219,0.9335572732294337,0.935351814368772,1.0,0.9303675047751713,0.8792902609109875,0.9751932053183668,0.9734720812573964,0.9561311963749182],[0.9450170116379132,0.9196966199846329,0.8223156328905868,0.910729054964825,0.7367964399014508,0.9309824446926165,0.8368199960905207,0.9587874384217726,0.8926192333672941,0.9085443857786462,0.878875253009572,0.8944991703613381,0.6902718536245881,0.8029618825579353,0.8803274134864683,0.9310590676573295,0.9123108665264971,0.9567265974912014,0.8809644508607255,0.9520150269302133,0.7057856432871153,0.8853542640237764,0.8795755099141207,0.42926357988942754,-0.2965416093300069,0.848765049013304,0.709130184639807,0.8060458691325394,0.9914831392229758,0.9861987416898196,0.9303675047751713,1.0,0.9743273479757909,0.946975387840606,0.907151967728457,0.9554918142106483],[0.9034058034057242,0.8879030388910375,0.7753078940767597,0.8608787806839235,0.6772447254268922,0.9085131855755634,0.8099384771389213,0.9203082219361999,0.8527262599834692,0.8576827576828856,0.8098610190003469,0.8411039123805752,0.6043253103368771,0.6784440100547038,0.8120556841982646,0.9038849903171895,0.8593894427233547,0.9183361394214924,0.8578894770494497,0.909160389197465,0.7389390417173475,0.8319760503291591,0.8393685703193903,0.3725822564197512,-0.18231334485312436,0.8241217271697695,0.652608847724676,0.7732384872063638,0.9569374795960267,0.9568941905704442,0.8792902609109875,0.9743273479757909,1.0,0.9016531482959694,0.878136312970109,0.932578214984372],[0.9722251808624236,0.962319635113915,0.8938020558370797,0.9600041766107816,0.8387431492204078,0.9616094601730848,0.9094477383742269,0.970142070697588,0.9487376153632898,0.9585968573856192,0.947285676401396,0.9535717483545629,0.8083514269968072,0.8920465026150791,0.9472685125585659,0.9634423244157581,0.9629697393016087,0.9693078738392173,0.8780028119137281,0.900676265848076,0.6119051883822679,0.9462393395656221,0.9440603488793866,0.27002282498039976,-0.2644957874222989,0.8735173528624122,0.8036394944738349,0.8947232727929532,0.9554422053212299,0.9442843489027013,0.9751932053183668,0.946975387840606,0.9016531482959694,1.0,0.9542961605469611,0.9546450798851511],[0.9824013090138182,0.9782129373848041,0.9563803409584622,0.9823969955989973,0.9219563882398583,0.9848923694094207,0.9747079934581375,0.9594584734502283,0.9807314889157515,0.9820654923434002,0.9869583418950318,0.9822735773821103,0.8719806914584722,0.966685548624714,0.9869100117597237,0.984137475059356,0.9916829006997308,0.9584784822540393,0.8809286163628868,0.8271591534323414,0.541627889012814,0.9715695850001311,0.9089166736037584,0.17219102397468317,-0.09161584564487285,0.9021260665038976,0.8861445467945323,0.9548610750331021,0.8848439667588286,0.9034161308180766,0.9734720812573964,0.907151967728457,0.878136312970109,0.9542961605469611,1.0,0.9374867906333958],[0.9598615564957751,0.9551675764312034,0.8841007793081832,0.9474269558247853,0.8330373459819008,0.9651644322391024,0.9102530341805308,0.9737246171393787,0.9372080664252918,0.9462454455145163,0.9441672848727373,0.9459380060599227,0.8115835105174383,0.9143823299280466,0.9443742031511665,0.9673979118853372,0.9650958860981551,0.9741537949051823,0.9083771477860398,0.8831412591293712,0.6155405076157309,0.9295924040056475,0.8904951897009801,0.29632223051217166,-0.232228419889198,0.905510084391915,0.8041198743951115,0.8699755695465675,0.9556080655207477,0.9587175565474628,0.9561311963749182,0.9554918142106483,0.932578214984372,0.9546450798851511,0.9374867906333958,1.0]],"x":["^TAIEX       \u81fa\u7063\u52a0\u6b0a\u5831\u916c\u6307\u6578","^TWII        \u81fa\u7063\u52a0\u6b0a\u6307\u6578","^TAIEXx2     \u81fa\u7063\u52a0\u6b0a\u5831\u916c\u6307\u6578_\u65e5\u6b632","^TAI50I      \u81fa\u706350\u5831\u916c\u6307\u6578","^TAI50Ix2    \u81fa\u706350\u5831\u916c\u6307\u6578_\u65e5\u6b632","^TAI100I     \u81fa\u7063\u4e2d\u578b100\u5831\u916c\u6307\u6578","^TAI100Ix2   \u81fa\u7063\u4e2d\u578b100\u5831\u916c\u6307\u6578_\u65e5\u6b632","^TAIDIVIDI   \u81fa\u7063\u9ad8\u80a1\u606f\u5831\u916c\u6307\u6578","^TAIDIVIDIx2 \u81fa\u7063\u9ad8\u80a1\u606f\u5831\u916c\u6307\u6578_\u65e5\u6b632","0050Fund     \u5143\u5927\u53f0\u7063\u5353\u8d8a50\u57fa\u91d1","006208Fund   \u5bcc\u90a6\u53f0\u7063\u91c6\u540950\u57fa\u91d1","0050         \u5143\u5927\u81fa\u706350","00631L       \u5143\u5927\u53f0\u706350\u6b632","00675L       \u5bcc\u90a6\u81fa\u7063\u52a0\u6b0a\u6b632","006208       \u5bcc\u90a6\u53f050","0051         \u5143\u5927\u4e2d\u578b100","006204       \u6c38\u8c50\u81fa\u7063\u52a0\u6b0a","0056         \u5143\u5927\u9ad8\u80a1\u606f","0056         \u5143\u5927\u9ad8\u80a1\u606f_\u80a1\u606f\u4e0d\u6295\u5165","2412         \u4e2d\u83ef\u96fb\u4fe1","2002         \u4e2d\u92fc","2330         \u53f0\u7a4d\u96fb","2317         \u9d3b\u6d77","6505         \u53f0\u5851\u77f3\u5316","3481         \u7fa4\u5275","2303         \u806f\u96fb","2308         \u53f0\u9054\u96fb","2454         \u806f\u767c\u79d1","2886         \u5146\u8c50\u91d1","2884         \u7389\u5c71\u91d1","2891         \u4e2d\u4fe1\u91d1","2892         \u7b2c\u4e00\u91d1","5880         \u5408\u5eab\u91d1","2881         \u5bcc\u90a6\u91d1","2885         \u5143\u5927\u91d1","2887         \u53f0\u65b0\u91d1"],"y":["^TAIEX       \u81fa\u7063\u52a0\u6b0a\u5831\u916c\u6307\u6578","^TWII        \u81fa\u7063\u52a0\u6b0a\u6307\u6578","^TAIEXx2     \u81fa\u7063\u52a0\u6b0a\u5831\u916c\u6307\u6578_\u65e5\u6b632","^TAI50I      \u81fa\u706350\u5831\u916c\u6307\u6578","^TAI50Ix2    \u81fa\u706350\u5831\u916c\u6307\u6578_\u65e5\u6b632","^TAI100I     \u81fa\u7063\u4e2d\u578b100\u5831\u916c\u6307\u6578","^TAI100Ix2   \u81fa\u7063\u4e2d\u578b100\u5831\u916c\u6307\u6578_\u65e5\u6b632","^TAIDIVIDI   \u81fa\u7063\u9ad8\u80a1\u606f\u5831\u916c\u6307\u6578","^TAIDIVIDIx2 \u81fa\u7063\u9ad8\u80a1\u606f\u5831\u916c\u6307\u6578_\u65e5\u6b632","0050Fund     \u5143\u5927\u53f0\u7063\u5353\u8d8a50\u57fa\u91d1","006208Fund   \u5bcc\u90a6\u53f0\u7063\u91c6\u540950\u57fa\u91d1","0050         \u5143\u5927\u81fa\u706350","00631L       \u5143\u5927\u53f0\u706350\u6b632","00675L       \u5bcc\u90a6\u81fa\u7063\u52a0\u6b0a\u6b632","006208       \u5bcc\u90a6\u53f050","0051         \u5143\u5927\u4e2d\u578b100","006204       \u6c38\u8c50\u81fa\u7063\u52a0\u6b0a","0056         \u5143\u5927\u9ad8\u80a1\u606f","0056         \u5143\u5927\u9ad8\u80a1\u606f_\u80a1\u606f\u4e0d\u6295\u5165","2412         \u4e2d\u83ef\u96fb\u4fe1","2002         \u4e2d\u92fc","2330         \u53f0\u7a4d\u96fb","2317         \u9d3b\u6d77","6505         \u53f0\u5851\u77f3\u5316","3481         \u7fa4\u5275","2303         \u806f\u96fb","2308         \u53f0\u9054\u96fb","2454         \u806f\u767c\u79d1","2886         \u5146\u8c50\u91d1","2884         \u7389\u5c71\u91d1","2891         \u4e2d\u4fe1\u91d1","2892         \u7b2c\u4e00\u91d1","5880         \u5408\u5eab\u91d1","2881         \u5bcc\u90a6\u91d1","2885         \u5143\u5927\u91d1","2887         \u53f0\u65b0\u91d1"],"zmin":-1,"zmax":1,"colorbar":{"x":-0.2}}],"layout":{"autotypenumbers":"strict","colorway":["#636efa","#EF553B","#00cc96","#ab63fa","#FFA15A","#19d3f3","#FF6692","#B6E880","#FF97FF","#FECB52"],"font":{"color":"#f2f5fa","family":"Courier New"},"hovermode":"closest","hoverlabel":{"align":"left"},"paper_bgcolor":"rgb(17,17,17)","plot_bgcolor":"rgb(17,17,17)","polar":{"bgcolor":"rgb(17,17,17)","angularaxis":{"gridcolor":"#506784","linecolor":"#506784","ticks":""},"radialaxis":{"gridcolor":"#506784","linecolor":"#506784","ticks":""}},"ternary":{"bgcolor":"rgb(17,17,17)","aaxis":{"gridcolor":"#506784","linecolor":"#506784","ticks":""},"baxis":{"gridcolor":"#506784","linecolor":"#506784","ticks":""},"caxis":{"gridcolor":"#506784","linecolor":"#506784","ticks":""}},"coloraxis":{"colorbar":{"outlinewidth":0,"ticks":""}},"colorscale":{"sequential":[[0.0,"#0d0887"],[0.1111111111111111,"#46039f"],[0.2222222222222222,"#7201a8"],[0.3333333333333333,"#9c179e"],[0.4444444444444444,"#bd3786"],[0.5555555555555556,"#d8576b"],[0.6666666666666666,"#ed7953"],[0.7777777777777778,"#fb9f3a"],[0.8888888888888888,"#fdca26"],[1.0,"#f0f921"]],"sequentialminus":[[0.0,"#0d0887"],[0.1111111111111111,"#46039f"],[0.2222222222222222,"#7201a8"],[0.3333333333333333,"#9c179e"],[0.4444444444444444,"#bd3786"],[0.5555555555555556,"#d8576b"],[0.6666666666666666,"#ed7953"],[0.7777777777777778,"#fb9f3a"],[0.8888888888888888,"#fdca26"],[1.0,"#f0f921"]],"diverging":[[0,"#8e0152"],[0.1,"#c51b7d"],[0.2,"#de77ae"],[0.3,"#f1b6da"],[0.4,"#fde0ef"],[0.5,"#f7f7f7"],[0.6,"#e6f5d0"],[0.7,"#b8e186"],[0.8,"#7fbc41"],[0.9,"#4d9221"],[1,"#276419"]]},"xaxis":{"gridcolor":"rgba(0, 0, 0, 0)","linecolor":"#506784","ticks":"","title":{"standoff":15},"zerolinecolor":"#283442","automargin":true,"zerolinewidth":2,"tickfont":{"family":"Courier New","size":14},"side":"top","tickangle":-90},"yaxis":{"gridcolor":"rgba(0, 0, 0, 0)","linecolor":"#506784","ticks":"","title":{"standoff":15},"zerolinecolor":"#283442","automargin":true,"zerolinewidth":2,"tickfont":{"family":"Courier New"},"side":"right"},"scene":{"xaxis":{"backgroundcolor":"rgb(17,17,17)","gridcolor":"#506784","linecolor":"#506784","showbackground":true,"ticks":"","zerolinecolor":"#C8D4E3","gridwidth":2},"yaxis":{"backgroundcolor":"rgb(17,17,17)","gridcolor":"#506784","linecolor":"#506784","showbackground":true,"ticks":"","zerolinecolor":"#C8D4E3","gridwidth":2},"zaxis":{"backgroundcolor":"rgb(17,17,17)","gridcolor":"#506784","linecolor":"#506784","showbackground":true,"ticks":"","zerolinecolor":"#C8D4E3","gridwidth":2}},"shapedefaults":{"line":{"color":"#f2f5fa"}},"annotationdefaults":{"arrowcolor":"#f2f5fa","arrowhead":0,"arrowwidth":1},"geo":{"bgcolor":"rgb(17,17,17)","landcolor":"rgb(17,17,17)","subunitcolor":"#506784","showland":true,"showlakes":true,"lakecolor":"rgb(17,17,17)"},"title":{"x":0.05,"font":{"family":"Times New Roman"},"y":0.05,"text":"<b>Correlation of Adj Close<b><br><i>2016-09-23 ~ 2026-05-28<i>"},"updatemenudefaults":{"bgcolor":"#506784","borderwidth":0},"sliderdefaults":{"bgcolor":"#C8D4E3","borderwidth":1,"bordercolor":"rgb(17,17,17)","tickwidth":0},"mapbox":{"style":"dark"},"annotations":[{"text":"<b>@zwindr<b>","textangle":0,"opacity":0.5,"font":{"color":"white","size":12},"xref":"paper","yref":"paper","xanchor":"left","yanchor":"bottom","x":1.0,"y":1.0,"showarrow":false}]},"config":{"responsive":true,"toImageButtonOptions":{"filename":"Correlation of Adj Close_2016-09-23~2026-05-28","scale":5}}};Plotly.newPlot("correlationAdjClose",correlationAdjClose.data,correlationAdjClose.layout||{},correlationAdjClose.config);}else{console.log("style display is none => correlationAdjClose");}