var config = { responsive: true }

var correlationClose = {"data": [{"type": "heatmap", "z": [[1.0, 0.9999999999999983, 1.0, 0.9956759953576455, 0.9956759953576455, 0.9603105714684602, 0.9603105714684602, 0.894294471783509, 0.894294471783509, 0.9654941601858943, 0.9923652935880309, 0.9919103774684959, 0.9951701423491676, 0.9711378681667813, 0.9988600564862554, 0.927402889296128, 0.7820010640653992, -0.0687003530413664, 0.9765807220507352, 0.05227699336891498, 0.017284741023445398, -0.2503475384449493, 0.8247963798041319, 0.9507326821328801, 0.9016541019725537], [0.9999999999999983, 1.0, 0.9999999999999984, 0.9956176892916484, 0.9956176892916484, 0.959649290712369, 0.959649290712369, 0.8956356556033385, 0.8956356556033385, 0.9658223359896405, 0.9920958762589682, 0.9913032619367934, 0.9951325562991039, 0.9703431306212424, 0.9988628261217586, 0.928020223602076, 0.802974713156412, 0.13752788485634593, 0.9673525053119459, -0.10592059359172314, 0.025865661541889844, -0.25059497825667865, 0.647463790132367, 0.9508407339297789, 0.8727690458851513], [1.0, 0.9999999999999984, 1.0, 0.9956759953576455, 0.9956759953576455, 0.9603105714684602, 0.9603105714684602, 0.894294471783509, 0.894294471783509, 0.9654941601858943, 0.9923652935880309, 0.9919103774684959, 0.9951701423491676, 0.9711378681667813, 0.9988600564862554, 0.927402889296128, 0.7820010640653992, -0.0687003530413664, 0.9765807220507352, 0.05227699336891498, 0.017284741023445398, -0.2503475384449493, 0.8247963798041319, 0.9507326821328801, 0.9016541019725537], [0.9956759953576455, 0.9956176892916484, 0.9956759953576455, 1.0, 1.0, 0.947247186755766, 0.947247186755766, 0.8802644012126827, 0.8802644012126827, 0.9648069617557286, 0.9879359984329857, 0.9836485757143553, 0.9993782274376002, 0.953604762648484, 0.9946937831778067, 0.9096082447355435, 0.7620537377365947, -0.07370927325329958, 0.9882941030667604, 0.07145885742159544, -0.011986808819823948, -0.25429450723177127, 0.8265798249057484, 0.9409631783411924, 0.9066165316630045], [0.9956759953576455, 0.9956176892916484, 0.9956759953576455, 1.0, 1.0, 0.947247186755766, 0.947247186755766, 0.8802644012126827, 0.8802644012126827, 0.9648069617557286, 0.9879359984329857, 0.9836485757143553, 0.9993782274376002, 0.953604762648484, 0.9946937831778067, 0.9096082447355435, 0.7620537377365947, -0.07370927325329958, 0.9882941030667604, 0.07145885742159544, -0.011986808819823948, -0.25429450723177127, 0.8265798249057484, 0.9409631783411924, 0.9066165316630045], [0.9603105714684602, 0.959649290712369, 0.9603105714684602, 0.947247186755766, 0.947247186755766, 1.0, 1.0, 0.9217979387748733, 0.9217979387748733, 0.925259469810486, 0.9766306504151936, 0.975516028412061, 0.9510280979385276, 0.9989585023508055, 0.971708830709522, 0.9193849567858267, 0.6212469565453345, -0.0113168725184163, 0.931631112158794, 0.2379862209795552, -0.1923249114507417, -0.10287133549008814, 0.8963789195986621, 0.9103576048726583, 0.9227756085428537], [0.9603105714684602, 0.959649290712369, 0.9603105714684602, 0.947247186755766, 0.947247186755766, 1.0, 1.0, 0.9217979387748733, 0.9217979387748733, 0.925259469810486, 0.9766306504151936, 0.975516028412061, 0.9510280979385276, 0.9989585023508055, 0.971708830709522, 0.9193849567858267, 0.6212469565453345, -0.0113168725184163, 0.931631112158794, 0.2379862209795552, -0.1923249114507417, -0.10287133549008814, 0.8963789195986621, 0.9103576048726583, 0.9227756085428537], [0.894294471783509, 0.8956356556033385, 0.894294471783509, 0.8802644012126827, 0.8802644012126827, 0.9217979387748733, 0.9217979387748733, 1.0, 1.0, 0.8738787526926429, 0.9465020358011187, 0.9415056309804287, 0.9372536444572117, 0.9226038166424614, 0.9387705229388928, 0.9732290315139828, 0.5547589830081064, 0.11025440502038424, 0.8362219964740497, 0.4921962451437008, -0.2156001401992688, 0.04027779306304327, 0.783931029303243, 0.8002807151572782, 0.8579986867000859], [0.894294471783509, 0.8956356556033385, 0.894294471783509, 0.8802644012126827, 0.8802644012126827, 0.9217979387748733, 0.9217979387748733, 1.0, 1.0, 0.8738787526926429, 0.9465020358011187, 0.9415056309804287, 0.9372536444572117, 0.9226038166424614, 0.9387705229388928, 0.9732290315139828, 0.5547589830081064, 0.11025440502038424, 0.8362219964740497, 0.4921962451437008, -0.2156001401992688, 0.04027779306304327, 0.783931029303243, 0.8002807151572782, 0.8579986867000859], [0.9654941601858943, 0.9658223359896405, 0.9654941601858943, 0.9648069617557286, 0.9648069617557286, 0.925259469810486, 0.925259469810486, 0.8738787526926429, 0.8738787526926429, 1.0, 0.9373157688562662, 0.9185242297766585, 0.9515887612756915, 0.927133291823531, 0.9561455661760814, 0.8954186761110623, 0.7345720502731901, -0.08601794818730416, 0.9529137431221499, 0.4885411255809603, -0.2025175880823829, -0.263558171012876, 0.8722652665384664, 0.898409399797939, 0.8760805157369462], [0.9923652935880309, 0.9920958762589682, 0.9923652935880309, 0.9879359984329857, 0.9879359984329857, 0.9766306504151936, 0.9766306504151936, 0.9465020358011187, 0.9465020358011187, 0.9373157688562662, 1.0, 0.9996721945111214, 0.9876301949606535, 0.9749243151489699, 0.989299595297084, 0.9239500999066524, 0.8025145773007055, 0.22532098007581233, 0.985515447059339, 0.8696388574904118, -0.5938707883898192, 0.4611685143863916, 0.8527222994129767, 0.9330906526878275, 0.9562714766283756], [0.9919103774684959, 0.9913032619367934, 0.9919103774684959, 0.9836485757143553, 0.9836485757143553, 0.975516028412061, 0.975516028412061, 0.9415056309804287, 0.9415056309804287, 0.9185242297766585, 0.9996721945111214, 1.0, 0.9841622576547935, 0.9726868890505863, 0.9874670281782292, 0.9120291092136645, 0.8206595059220685, 0.10702624455270511, 0.9797338602282328, 0.8790187964392487, -0.8131841108761921, 0.5108563094745371, 0.8115846792459864, 0.9392979387548123, 0.9540294125416744], [0.9951701423491676, 0.9951325562991039, 0.9951701423491676, 0.9993782274376002, 0.9993782274376002, 0.9510280979385276, 0.9510280979385276, 0.9372536444572117, 0.9372536444572117, 0.9515887612756915, 0.9876301949606535, 0.9841622576547935, 1.0, 0.9517311441328037, 0.9937798818694101, 0.9292016977671891, 0.8392088683896284, 0.18886923732137478, 0.9953116514339979, 0.8428801009321232, -0.3963427492370914, 0.3820577911052854, 0.8724610874545023, 0.9130771156825468, 0.9376795387517286], [0.9711378681667813, 0.9703431306212424, 0.9711378681667813, 0.953604762648484, 0.953604762648484, 0.9989585023508055, 0.9989585023508055, 0.9226038166424614, 0.9226038166424614, 0.927133291823531, 0.9749243151489699, 0.9726868890505863, 0.9517311441328037, 1.0, 0.9734750426608755, 0.9189447235125949, 0.6700063057030181, 0.008893767982650994, 0.9432496975478233, 0.5647063991537796, -0.32565577355146674, -0.15681585880506302, 0.9094927866000745, 0.9238461631014728, 0.9181079557657316], [0.9988600564862554, 0.9988628261217586, 0.9988600564862554, 0.9946937831778067, 0.9946937831778067, 0.971708830709522, 0.971708830709522, 0.9387705229388928, 0.9387705229388928, 0.9561455661760814, 0.989299595297084, 0.9874670281782292, 0.9937798818694101, 0.9734750426608755, 1.0, 0.9437310110994244, 0.8444509976247527, 0.18509665341597975, 0.9867545989907996, 0.8123460487018774, -0.38223915062350494, 0.39302537650957536, 0.9039608575402218, 0.9309856683331315, 0.9426833279866292], [0.927402889296128, 0.928020223602076, 0.927402889296128, 0.9096082447355435, 0.9096082447355435, 0.9193849567858267, 0.9193849567858267, 0.9732290315139828, 0.9732290315139828, 0.8954186761110623, 0.9239500999066524, 0.9120291092136645, 0.9292016977671891, 0.9189447235125949, 0.9437310110994244, 1.0, 0.7249887366356529, 0.025342176829033412, 0.8726482725132043, 0.5013638415031444, -0.1141396844414161, -0.19882964195232614, 0.8214488128434946, 0.8407348103295933, 0.8279881283861901], [0.7820010640653992, 0.802974713156412, 0.7820010640653992, 0.7620537377365947, 0.7620537377365947, 0.6212469565453345, 0.6212469565453345, 0.5547589830081064, 0.5547589830081064, 0.7345720502731901, 0.8025145773007055, 0.8206595059220685, 0.8392088683896284, 0.6700063057030181, 0.8444509976247527, 0.7249887366356529, 1.0, 0.06529024790426755, 0.7247990627357054, -0.44458797985478443, 0.4034618470247581, -0.6623989572909421, 0.328669181231054, 0.8041048389064289, 0.47655825437749877], [-0.0687003530413664, 0.13752788485634593, -0.0687003530413664, -0.07370927325329958, -0.07370927325329958, -0.0113168725184163, -0.0113168725184163, 0.11025440502038424, 0.11025440502038424, -0.08601794818730416, 0.22532098007581233, 0.10702624455270511, 0.18886923732137478, 0.008893767982650994, 0.18509665341597975, 0.025342176829033412, 0.06529024790426755, 1.0, -0.038643204229541366, 0.1390390732560166, 0.10863249241816114, 0.7528353277634455, -0.07408097052350102, 0.05426551094370884, 0.04533194516329773], [0.9765807220507352, 0.9673525053119459, 0.9765807220507352, 0.9882941030667604, 0.9882941030667604, 0.931631112158794, 0.931631112158794, 0.8362219964740497, 0.8362219964740497, 0.9529137431221499, 0.985515447059339, 0.9797338602282328, 0.9953116514339979, 0.9432496975478233, 0.9867545989907996, 0.8726482725132043, 0.7247990627357054, -0.038643204229541366, 1.0, -0.019355370181793705, -0.07490071797159019, -0.3153020975312892, 0.6891988979600321, 0.9215608365245819, 0.8894650030774843], [0.05227699336891498, -0.10592059359172314, 0.05227699336891498, 0.07145885742159544, 0.07145885742159544, 0.2379862209795552, 0.2379862209795552, 0.4921962451437008, 0.4921962451437008, 0.4885411255809603, 0.8696388574904118, 0.8790187964392487, 0.8428801009321232, 0.5647063991537796, 0.8123460487018774, 0.5013638415031444, -0.44458797985478443, 0.1390390732560166, -0.019355370181793705, 1.0, -0.4197727804281789, 0.7821226049997767, 0.35899054972210276, -0.07046846208733827, 0.24447344122228373], [0.017284741023445398, 0.025865661541889844, 0.017284741023445398, -0.011986808819823948, -0.011986808819823948, -0.1923249114507417, -0.1923249114507417, -0.2156001401992688, -0.2156001401992688, -0.2025175880823829, -0.5938707883898192, -0.8131841108761921, -0.3963427492370914, -0.32565577355146674, -0.38223915062350494, -0.1141396844414161, 0.4034618470247581, 0.10863249241816114, -0.07490071797159019, -0.4197727804281789, 1.0, -0.0536390063840476, -0.12017219826085873, -0.015124426711897461, -0.22513206876017253], [-0.2503475384449493, -0.25059497825667865, -0.2503475384449493, -0.25429450723177127, -0.25429450723177127, -0.10287133549008814, -0.10287133549008814, 0.04027779306304327, 0.04027779306304327, -0.263558171012876, 0.4611685143863916, 0.5108563094745371, 0.3820577911052854, -0.15681585880506302, 0.39302537650957536, -0.19882964195232614, -0.6623989572909421, 0.7528353277634455, -0.3153020975312892, 0.7821226049997767, -0.0536390063840476, 1.0, -0.09659131904128966, -0.3029151895211139, -0.045573419160778804], [0.8247963798041319, 0.647463790132367, 0.8247963798041319, 0.8265798249057484, 0.8265798249057484, 0.8963789195986621, 0.8963789195986621, 0.783931029303243, 0.783931029303243, 0.8722652665384664, 0.8527222994129767, 0.8115846792459864, 0.8724610874545023, 0.9094927866000745, 0.9039608575402218, 0.8214488128434946, 0.328669181231054, -0.07408097052350102, 0.6891988979600321, 0.35899054972210276, -0.12017219826085873, -0.09659131904128966, 1.0, 0.6155178905941209, 0.8461477091021818], [0.9507326821328801, 0.9508407339297789, 0.9507326821328801, 0.9409631783411924, 0.9409631783411924, 0.9103576048726583, 0.9103576048726583, 0.8002807151572782, 0.8002807151572782, 0.898409399797939, 0.9330906526878275, 0.9392979387548123, 0.9130771156825468, 0.9238461631014728, 0.9309856683331315, 0.8407348103295933, 0.8041048389064289, 0.05426551094370884, 0.9215608365245819, -0.07046846208733827, -0.015124426711897461, -0.3029151895211139, 0.6155178905941209, 1.0, 0.8241907748157931], [0.9016541019725537, 0.8727690458851513, 0.9016541019725537, 0.9066165316630045, 0.9066165316630045, 0.9227756085428537, 0.9227756085428537, 0.8579986867000859, 0.8579986867000859, 0.8760805157369462, 0.9562714766283756, 0.9540294125416744, 0.9376795387517286, 0.9181079557657316, 0.9426833279866292, 0.8279881283861901, 0.47655825437749877, 0.04533194516329773, 0.8894650030774843, 0.24447344122228373, -0.22513206876017253, -0.045573419160778804, 0.8461477091021818, 0.8241907748157931, 1.0]], "x": ["^TAIEX       \u81fa\u7063\u52a0\u6b0a\u5831\u916c\u6307\u6578", "^TWII        \u81fa\u7063\u52a0\u6b0a\u6307\u6578", "^TAIEXx2     \u81fa\u7063\u52a0\u6b0a\u5831\u916c\u6307\u6578_\u65e5\u6b632", "^TAI50I      \u81fa\u706350\u5831\u916c\u6307\u6578", "^TAI50Ix2    \u81fa\u706350\u5831\u916c\u6307\u6578_\u65e5\u6b632", "^TAI100I     \u81fa\u7063\u4e2d\u578b100\u5831\u916c\u6307\u6578", "^TAI100Ix2   \u81fa\u7063\u4e2d\u578b100\u5831\u916c\u6307\u6578_\u65e5\u6b632", "^TAIDIVIDI   \u81fa\u7063\u9ad8\u80a1\u606f\u5831\u916c\u6307\u6578", "^TAIDIVIDIx2 \u81fa\u7063\u9ad8\u80a1\u606f\u5831\u916c\u6307\u6578_\u65e5\u6b632", "0050         \u5143\u5927\u81fa\u706350", "00631L       \u5143\u5927\u53f0\u706350\u6b632", "00675L       \u5bcc\u90a6\u81fa\u7063\u52a0\u6b0a\u6b632", "006208       \u5bcc\u90a6\u53f050", "0051         \u5143\u5927\u4e2d\u578b100", "006204       \u6c38\u8c50\u81fa\u7063\u52a0\u6b0a", "0056         \u5143\u5927\u9ad8\u80a1\u606f", "2412         \u4e2d\u83ef\u96fb\u4fe1", "2002         \u4e2d\u92fc", "2330         \u53f0\u7a4d\u96fb", "2317         \u9d3b\u6d77", "6505         \u53f0\u5851\u77f3\u5316", "3481         \u7fa4\u5275", "2303         \u806f\u96fb", "2308         \u53f0\u9054\u96fb", "2454         \u806f\u767c\u79d1"], "y": ["^TAIEX       \u81fa\u7063\u52a0\u6b0a\u5831\u916c\u6307\u6578", "^TWII        \u81fa\u7063\u52a0\u6b0a\u6307\u6578", "^TAIEXx2     \u81fa\u7063\u52a0\u6b0a\u5831\u916c\u6307\u6578_\u65e5\u6b632", "^TAI50I      \u81fa\u706350\u5831\u916c\u6307\u6578", "^TAI50Ix2    \u81fa\u706350\u5831\u916c\u6307\u6578_\u65e5\u6b632", "^TAI100I     \u81fa\u7063\u4e2d\u578b100\u5831\u916c\u6307\u6578", "^TAI100Ix2   \u81fa\u7063\u4e2d\u578b100\u5831\u916c\u6307\u6578_\u65e5\u6b632", "^TAIDIVIDI   \u81fa\u7063\u9ad8\u80a1\u606f\u5831\u916c\u6307\u6578", "^TAIDIVIDIx2 \u81fa\u7063\u9ad8\u80a1\u606f\u5831\u916c\u6307\u6578_\u65e5\u6b632", "0050         \u5143\u5927\u81fa\u706350", "00631L       \u5143\u5927\u53f0\u706350\u6b632", "00675L       \u5bcc\u90a6\u81fa\u7063\u52a0\u6b0a\u6b632", "006208       \u5bcc\u90a6\u53f050", "0051         \u5143\u5927\u4e2d\u578b100", "006204       \u6c38\u8c50\u81fa\u7063\u52a0\u6b0a", "0056         \u5143\u5927\u9ad8\u80a1\u606f", "2412         \u4e2d\u83ef\u96fb\u4fe1", "2002         \u4e2d\u92fc", "2330         \u53f0\u7a4d\u96fb", "2317         \u9d3b\u6d77", "6505         \u53f0\u5851\u77f3\u5316", "3481         \u7fa4\u5275", "2303         \u806f\u96fb", "2308         \u53f0\u9054\u96fb", "2454         \u806f\u767c\u79d1"], "zmin": -1, "zmax": 1, "colorbar": {"x": -0.2}}], "layout": {"autotypenumbers": "strict", "colorway": ["#636efa", "#EF553B", "#00cc96", "#ab63fa", "#FFA15A", "#19d3f3", "#FF6692", "#B6E880", "#FF97FF", "#FECB52"], "font": {"color": "#f2f5fa", "family": "Courier New"}, "hovermode": "closest", "hoverlabel": {"align": "left"}, "paper_bgcolor": "rgb(17,17,17)", "plot_bgcolor": "rgb(17,17,17)", "polar": {"bgcolor": "rgb(17,17,17)", "angularaxis": {"gridcolor": "#506784", "linecolor": "#506784", "ticks": ""}, "radialaxis": {"gridcolor": "#506784", "linecolor": "#506784", "ticks": ""}}, "ternary": {"bgcolor": "rgb(17,17,17)", "aaxis": {"gridcolor": "#506784", "linecolor": "#506784", "ticks": ""}, "baxis": {"gridcolor": "#506784", "linecolor": "#506784", "ticks": ""}, "caxis": {"gridcolor": "#506784", "linecolor": "#506784", "ticks": ""}}, "coloraxis": {"colorbar": {"outlinewidth": 0, "ticks": ""}}, "colorscale": {"sequential": [[0.0, "#0d0887"], [0.1111111111111111, "#46039f"], [0.2222222222222222, "#7201a8"], [0.3333333333333333, "#9c179e"], [0.4444444444444444, "#bd3786"], [0.5555555555555556, "#d8576b"], [0.6666666666666666, "#ed7953"], [0.7777777777777778, "#fb9f3a"], [0.8888888888888888, "#fdca26"], [1.0, "#f0f921"]], "sequentialminus": [[0.0, "#0d0887"], [0.1111111111111111, "#46039f"], [0.2222222222222222, "#7201a8"], [0.3333333333333333, "#9c179e"], [0.4444444444444444, "#bd3786"], [0.5555555555555556, "#d8576b"], [0.6666666666666666, "#ed7953"], [0.7777777777777778, "#fb9f3a"], [0.8888888888888888, "#fdca26"], [1.0, "#f0f921"]], "diverging": [[0, "#8e0152"], [0.1, "#c51b7d"], [0.2, "#de77ae"], [0.3, "#f1b6da"], [0.4, "#fde0ef"], [0.5, "#f7f7f7"], [0.6, "#e6f5d0"], [0.7, "#b8e186"], [0.8, "#7fbc41"], [0.9, "#4d9221"], [1, "#276419"]]}, "xaxis": {"gridcolor": "rgba(0, 0, 0, 0)", "linecolor": "#506784", "ticks": "", "title": {"standoff": 15}, "zerolinecolor": "#283442", "automargin": true, "zerolinewidth": 2, "tickfont": {"family": "Courier New", "size": 14}, "side": "top", "tickangle": -90}, "yaxis": {"gridcolor": "rgba(0, 0, 0, 0)", "linecolor": "#506784", "ticks": "", "title": {"standoff": 15}, "zerolinecolor": "#283442", "automargin": true, "zerolinewidth": 2, "tickfont": {"family": "Courier New"}, "side": "right"}, "scene": {"xaxis": {"backgroundcolor": "rgb(17,17,17)", "gridcolor": "#506784", "linecolor": "#506784", "showbackground": true, "ticks": "", "zerolinecolor": "#C8D4E3", "gridwidth": 2}, "yaxis": {"backgroundcolor": "rgb(17,17,17)", "gridcolor": "#506784", "linecolor": "#506784", "showbackground": true, "ticks": "", "zerolinecolor": "#C8D4E3", "gridwidth": 2}, "zaxis": {"backgroundcolor": "rgb(17,17,17)", "gridcolor": "#506784", "linecolor": "#506784", "showbackground": true, "ticks": "", "zerolinecolor": "#C8D4E3", "gridwidth": 2}}, "shapedefaults": {"line": {"color": "#f2f5fa"}}, "annotationdefaults": {"arrowcolor": "#f2f5fa", "arrowhead": 0, "arrowwidth": 1}, "geo": {"bgcolor": "rgb(17,17,17)", "landcolor": "rgb(17,17,17)", "subunitcolor": "#506784", "showland": true, "showlakes": true, "lakecolor": "rgb(17,17,17)"}, "title": {"x": 0.05, "font": {"family": "Times New Roman"}, "y": 0.05, "text": "<b>Correlation of Close<b><br><i>2016/09/23 ~ 2025/07/08<i>"}, "updatemenudefaults": {"bgcolor": "#506784", "borderwidth": 0}, "sliderdefaults": {"bgcolor": "#C8D4E3", "borderwidth": 1, "bordercolor": "rgb(17,17,17)", "tickwidth": 0}, "mapbox": {"style": "dark"}, "height": 600}};

Plotly.newPlot("correlationClose",
    correlationClose.data,
    correlationClose.layout || {},
    config);