var element=document.getElementById("correlationClose");if(element.style.display!='none'){var correlationClose={"data":[{"type":"heatmap","z":[[1.0,0.9999999999999974,1.0,0.9949855055668916,0.9949855055668916,0.9698024123253615,0.9698024123253615,0.9113047767045022,0.9113047767045022,0.7790148892484273,0.9948347151007267,0.7282526156415398,0.9911173701412955,0.9916903826598229,0.9949388877700526,0.9761388577654425,0.9991975351803204,0.9120105518903646,0.9120105518903646,0.776345193179622,-0.17192312349548725,0.9793678394720952,0.2196519991407683,-0.14542413634419993,-0.23991878250009585,0.8192354644893997,0.9034509531421567,0.9219022314925415,0.9167309169415871,0.7865928823975065,0.6130263954263458,0.648948105282714,0.6192512930101952,0.9346882604165928,0.8520846806396793,0.2289442471442167],[0.9999999999999974,1.0,0.9999999999999976,0.9949544143314343,0.9949544143314343,0.9693340192749538,0.9693340192749538,0.912097315195035,0.912097315195035,0.7806240444249098,0.9948280966542002,0.7283716348566189,0.9907247222345188,0.9911368700004995,0.9949460209163766,0.9757028624136733,0.9991986396073854,0.9119536333015367,0.9119536333015367,0.7939746799905696,0.03950448620487308,0.9718473625460868,-0.006923902440073969,-0.13844170993253613,-0.2397993936154827,0.660646810859135,0.9030552280129632,0.9000301325559902,0.9118611928446398,0.7957698984470134,0.6055569740958868,0.6465513767492167,0.6438012653310413,0.9327510127750291,0.7189181188810693,0.22675812520099406],[1.0,0.9999999999999976,1.0,0.9949855055668916,0.9949855055668916,0.9698024123253615,0.9698024123253615,0.9113047767045022,0.9113047767045022,0.7790148892484273,0.9948347151007267,0.7282526156415398,0.9911173701412955,0.9916903826598229,0.9949388877700526,0.9761388577654425,0.9991975351803204,0.9120105518903646,0.9120105518903646,0.776345193179622,-0.17192312349548725,0.9793678394720952,0.2196519991407683,-0.14542413634419993,-0.23991878250009585,0.8192354644893997,0.9034509531421567,0.9219022314925415,0.9167309169415871,0.7865928823975065,0.6130263954263458,0.648948105282714,0.6192512930101952,0.9346882604165928,0.8520846806396793,0.2289442471442167],[0.9949855055668916,0.9949544143314343,0.9949855055668916,1.0,1.0,0.9569628861838464,0.9569628861838464,0.8944069303267861,0.8944069303267861,0.7443099717568711,0.9995974385903404,0.6922983910878223,0.9922577714386617,0.9902859052420759,0.9995463933064485,0.9587574944100802,0.9949676879715269,0.8843335242772967,0.8843335242772967,0.7475171166837677,-0.18000827058228214,0.9917504454142689,0.24826934646161183,-0.1819218864220482,-0.23748735936595589,0.8069615098194148,0.9207290144631848,0.921310655774676,0.8964081442867877,0.7872156991327054,0.6428939803278974,0.6400862460351455,0.5860017342936011,0.9223239679172249,0.8429857783790762,0.24260028439020817],[0.9949855055668916,0.9949544143314343,0.9949855055668916,1.0,1.0,0.9569628861838464,0.9569628861838464,0.8944069303267861,0.8944069303267861,0.7443099717568711,0.9995974385903404,0.6922983910878223,0.9922577714386617,0.9902859052420759,0.9995463933064485,0.9587574944100802,0.9949676879715269,0.8843335242772967,0.8843335242772967,0.7475171166837677,-0.18000827058228214,0.9917504454142689,0.24826934646161183,-0.1819218864220482,-0.23748735936595589,0.8069615098194148,0.9207290144631848,0.921310655774676,0.8964081442867877,0.7872156991327054,0.6428939803278974,0.6400862460351455,0.5860017342936011,0.9223239679172249,0.8429857783790762,0.24260028439020817],[0.9698024123253615,0.9693340192749538,0.9698024123253615,0.9569628861838464,0.9569628861838464,1.0,1.0,0.9357409223353578,0.9357409223353578,0.756164578319317,0.9558281959621919,0.7348993862841741,0.9654309261214667,0.9627340141162417,0.9558477864343409,0.9990742473982214,0.97626700467912,0.9159752501751701,0.9159752501751701,0.6523963320625027,-0.12482985643667903,0.9432134238895381,0.36248107255271556,-0.31926343406788904,-0.11765121793484236,0.884230120088156,0.8581391380701898,0.9382705557317143,0.8957298139275651,0.7548805711378584,0.7795220141083602,0.7455575439014492,0.6927076055980743,0.8713109712046192,0.8793610971383683,0.4981835336468046],[0.9698024123253615,0.9693340192749538,0.9698024123253615,0.9569628861838464,0.9569628861838464,1.0,1.0,0.9357409223353578,0.9357409223353578,0.756164578319317,0.9558281959621919,0.7348993862841741,0.9654309261214667,0.9627340141162417,0.9558477864343409,0.9990742473982214,0.97626700467912,0.9159752501751701,0.9159752501751701,0.6523963320625027,-0.12482985643667903,0.9432134238895381,0.36248107255271556,-0.31926343406788904,-0.11765121793484236,0.884230120088156,0.8581391380701898,0.9382705557317143,0.8957298139275651,0.7548805711378584,0.7795220141083602,0.7455575439014492,0.6927076055980743,0.8713109712046192,0.8793610971383683,0.4981835336468046],[0.9113047767045022,0.912097315195035,0.9113047767045022,0.8944069303267861,0.8944069303267861,0.9357409223353578,0.9357409223353578,1.0,1.0,0.7192328084625427,0.9365750158388597,0.7311726059327626,0.9312206656124563,0.9256738269030488,0.9367184902211944,0.9374103734399215,0.9463067836399354,0.9701625215393962,0.9701625215393962,0.6022133224990658,-0.003586306222660942,0.8591648709964181,0.5806402724496819,-0.34563708132961835,0.011472485310112246,0.7967331869273633,0.7552147240149816,0.8845750121268954,0.8568313638105876,0.7693614367975306,0.8844596957071209,0.789593906939079,0.7119424979295872,0.8089442111845789,0.8628619644275553,0.8165872232792605],[0.9113047767045022,0.912097315195035,0.9113047767045022,0.8944069303267861,0.8944069303267861,0.9357409223353578,0.9357409223353578,1.0,1.0,0.7192328084625427,0.9365750158388597,0.7311726059327626,0.9312206656124563,0.9256738269030488,0.9367184902211944,0.9374103734399215,0.9463067836399354,0.9701625215393962,0.9701625215393962,0.6022133224990658,-0.003586306222660942,0.8591648709964181,0.5806402724496819,-0.34563708132961835,0.011472485310112246,0.7967331869273633,0.7552147240149816,0.8845750121268954,0.8568313638105876,0.7693614367975306,0.8844596957071209,0.789593906939079,0.7119424979295872,0.8089442111845789,0.8628619644275553,0.8165872232792605],[0.7790148892484273,0.7806240444249098,0.7790148892484273,0.7443099717568711,0.7443099717568711,0.756164578319317,0.756164578319317,0.7192328084625427,0.7192328084625427,1.0,0.6151255262289228,0.9999697670937271,0.5212043149591313,0.4183711060043556,0.6173460437074518,0.7514620745770891,0.6788917044604337,0.8042045624408131,0.8042045624408131,0.6899517246522927,-0.09783647922188318,0.7131682226274978,0.035677645695358105,0.049720151186503074,-0.24286407922737563,0.7727946231478212,0.48622878180582746,0.7385274706330422,0.8070822325530098,0.6769849937727087,0.33960823676746327,0.5257247809381607,0.5627972867523034,0.778365005604345,0.6343224401273827,0.16946142994105115],[0.9948347151007267,0.9948280966542002,0.9948347151007267,0.9995974385903404,0.9995974385903404,0.9558281959621919,0.9558281959621919,0.9365750158388597,0.9365750158388597,0.6151255262289228,1.0,0.6149427421668727,0.9917826140647598,0.9901102155320098,0.9999352817028202,0.9540938060959915,0.9942910114513247,0.8939486876266458,0.8939486876266458,0.8511669460815298,-0.041788429673345256,0.9968107316933938,0.9023486537417919,-0.5353856609510018,0.3967266564824725,0.8161390438815972,0.8917371496669432,0.9355086067818948,0.8878245525020297,0.8128810313636525,0.928562021862873,0.8598888269753941,0.7484741501427156,0.9048302617557406,0.9491261055745682,0.8041797105134338],[0.7282526156415398,0.7283716348566189,0.7282526156415398,0.6922983910878223,0.6922983910878223,0.7348993862841741,0.7348993862841741,0.7311726059327626,0.7311726059327626,0.9999697670937271,0.6149427421668727,1.0,0.5185941298075848,0.415251024984725,0.6156345251655315,0.7409645035955323,0.6772913174030681,0.7983747364914808,0.7983747364914808,0.6461982513087817,0.031759465831002476,0.662795906784122,0.4042773727489708,-0.16422549251107924,-0.23174785413903087,0.79992003180637,0.38507712062809807,0.7077893258479862,0.7770845270321532,0.6981908957166447,0.5401855995165243,0.6933948474010228,0.6789954733293248,0.7311919264441663,0.6147972932279797,0.6465169889289517],[0.9911173701412955,0.9907247222345188,0.9911173701412955,0.9922577714386617,0.9922577714386617,0.9654309261214667,0.9654309261214667,0.9312206656124563,0.9312206656124563,0.5212043149591313,0.9917826140647598,0.5185941298075848,1.0,0.9998171845991828,0.9916406574950248,0.9610762642919096,0.9894054762933167,0.8715403863903569,0.8715403863903569,0.8292758918334394,-0.024077060733309934,0.9910339337074352,0.9164017569632971,-0.6713763200911306,0.46896746619865487,0.7796981266134922,0.9094246756696238,0.9346946869693787,0.8641616448404522,0.7504733875087917,0.9294481695297765,0.8288367057513641,0.7099986142961603,0.8843490226387785,0.9558119692632089,0.828922021236199],[0.9916903826598229,0.9911368700004995,0.9916903826598229,0.9902859052420759,0.9902859052420759,0.9627340141162417,0.9627340141162417,0.9256738269030488,0.9256738269030488,0.4183711060043556,0.9901102155320098,0.415251024984725,0.9998171845991828,1.0,0.990129676465566,0.9574955322276292,0.9892737282859108,0.85502422421194,0.85502422421194,0.8513120967456398,-0.14744366234093362,0.9880937542847622,0.9212418709619306,-0.8231325520096467,0.5044188459430168,0.729979765484027,0.9157032541964275,0.92667016470778,0.8464146289485123,0.6926550764732757,0.9362556769019997,0.821626080696397,0.646048786376295,0.9029502607555444,0.9566219564094551,0.8064146760750015],[0.9949388877700526,0.9949460209163766,0.9949388877700526,0.9995463933064485,0.9995463933064485,0.9558477864343409,0.9558477864343409,0.9367184902211944,0.9367184902211944,0.6173460437074518,0.9999352817028202,0.6156345251655315,0.9916406574950248,0.990129676465566,1.0,0.9543098180819133,0.994422728816954,0.8946117591350876,0.8946117591350876,0.8520924539911725,-0.0419511739707665,0.9966560307167255,0.9019950347244157,-0.532890334892921,0.39860259727706004,0.8169504960215254,0.8901864504376276,0.9351472446880461,0.8881378444626105,0.8141292959880668,0.9282804847810213,0.8608740283184866,0.7492120309477743,0.9047254064666809,0.9494099147350409,0.8055623271752952],[0.9761388577654425,0.9757028624136733,0.9761388577654425,0.9587574944100802,0.9587574944100802,0.9990742473982214,0.9990742473982214,0.9374103734399215,0.9374103734399215,0.7514620745770891,0.9540938060959915,0.7409645035955323,0.9610762642919096,0.9574955322276292,0.9543098180819133,1.0,0.9762430501843417,0.9173471258167081,0.9173471258167081,0.7010648915474563,-0.11030830832634168,0.9478114181735955,0.6805384284346039,-0.44956447311474573,-0.15582369839685284,0.89577895849533,0.8477525987918993,0.9347835183031828,0.9032241139657351,0.7899165723428684,0.8714014313144257,0.7915462414025592,0.7494584250984694,0.8923110184799826,0.8766750131490808,0.8077546704623177],[0.9991975351803204,0.9991986396073854,0.9991975351803204,0.9949676879715269,0.9949676879715269,0.97626700467912,0.97626700467912,0.9463067836399354,0.9463067836399354,0.6788917044604337,0.9942910114513247,0.6772913174030681,0.9894054762933167,0.9892737282859108,0.994422728816954,0.9762430501843417,1.0,0.9223114018883811,0.9223114018883811,0.8634044373377787,-0.025443539443353053,0.98788722751347,0.8741178976005156,-0.5164592563976482,0.41162055956582505,0.8629056665843811,0.8784376867009229,0.9476298467469975,0.9194702895562159,0.8345858590527688,0.9169706805873421,0.8926355762421989,0.7939782262412016,0.9189363402908651,0.957990326934938,0.8530656786963664],[0.9120105518903646,0.9119536333015367,0.9120105518903646,0.8843335242772967,0.8843335242772967,0.9159752501751701,0.9159752501751701,0.9701625215393962,0.9701625215393962,0.8042045624408131,0.8939486876266458,0.7983747364914808,0.8715403863903569,0.85502422421194,0.8946117591350876,0.9173471258167081,0.9223114018883811,1.0,1.0,0.7507494277301783,-0.05684881935581536,0.8483480597300743,0.5751215436125054,-0.228421374956919,-0.2012294795246528,0.8343421276927017,0.7069367506256751,0.843198283746506,0.9199513839483077,0.8455207466643178,0.7988450517580444,0.7661781951169049,0.708159806583378,0.8525151698750955,0.7866303098151985,0.8579086527243363],[0.9120105518903646,0.9119536333015367,0.9120105518903646,0.8843335242772967,0.8843335242772967,0.9159752501751701,0.9159752501751701,0.9701625215393962,0.9701625215393962,0.8042045624408131,0.8939486876266458,0.7983747364914808,0.8715403863903569,0.85502422421194,0.8946117591350876,0.9173471258167081,0.9223114018883811,1.0,1.0,0.7507494277301783,-0.05684881935581536,0.8483480597300743,0.5751215436125054,-0.228421374956919,-0.2012294795246528,0.8343421276927017,0.7069367506256751,0.843198283746506,0.9199513839483077,0.8455207466643178,0.7988450517580444,0.7661781951169049,0.708159806583378,0.8525151698750955,0.7866303098151985,0.8579086527243363],[0.776345193179622,0.7939746799905696,0.776345193179622,0.7475171166837677,0.7475171166837677,0.6523963320625027,0.6523963320625027,0.6022133224990658,0.6022133224990658,0.6899517246522927,0.8511669460815298,0.6461982513087817,0.8292758918334394,0.8513120967456398,0.8520924539911725,0.7010648915474563,0.8634044373377787,0.7507494277301783,0.7507494277301783,1.0,0.022466494917250408,0.7080722590178699,-0.32976893918721173,0.2888986008494202,-0.6508774930538077,0.3721268374938123,0.6678357194094985,0.5255831937134726,0.8400739627231769,0.7027764556393749,0.15476797047096988,0.3287127943654862,0.5714639690833015,0.7861243335786486,0.49601474558099035,-0.12493289082383681],[-0.17192312349548725,0.03950448620487308,-0.17192312349548725,-0.18000827058228214,-0.18000827058228214,-0.12482985643667903,-0.12482985643667903,-0.003586306222660942,-0.003586306222660942,-0.09783647922188318,-0.041788429673345256,0.031759465831002476,-0.024077060733309934,-0.14744366234093362,-0.0419511739707665,-0.11030830832634168,-0.025443539443353053,-0.05684881935581536,-0.05684881935581536,0.022466494917250408,1.0,-0.11786843129895165,0.09137011407423777,0.1710950700666018,0.744822661329247,-0.10419353404122382,-0.07869115433258382,-0.03855760168034671,0.14390404697084236,-0.019545054118587892,0.009249330471856445,0.3037871952095715,0.5570584343831524,-0.14211406698214327,0.0804841311011205,0.1400011018785728],[0.9793678394720952,0.9718473625460868,0.9793678394720952,0.9917504454142689,0.9917504454142689,0.9432134238895381,0.9432134238895381,0.8591648709964181,0.8591648709964181,0.7131682226274978,0.9968107316933938,0.662795906784122,0.9910339337074352,0.9880937542847622,0.9966560307167255,0.9478114181735955,0.98788722751347,0.8483480597300743,0.8483480597300743,0.7080722590178699,-0.11786843129895165,1.0,0.15635646686907978,-0.2355358786056622,-0.281263364832965,0.6742392234511659,0.9253499225749222,0.9051375060355351,0.8398866096515716,0.7548511771133765,0.6458111576911014,0.6079063627499559,0.5173381542373985,0.9004689733792498,0.6996065466061542,0.22656207911979184],[0.2196519991407683,-0.006923902440073969,0.2196519991407683,0.24826934646161183,0.24826934646161183,0.36248107255271556,0.36248107255271556,0.5806402724496819,0.5806402724496819,0.035677645695358105,0.9023486537417919,0.4042773727489708,0.9164017569632971,0.9212418709619306,0.9019950347244157,0.6805384284346039,0.8741178976005156,0.5751215436125054,0.5751215436125054,-0.32976893918721173,0.09137011407423777,0.15635646686907978,1.0,-0.47384742065915114,0.6941807932820035,0.39876504995142664,0.18151156111604688,0.3524533852852306,-0.06022121604125282,0.11529258123432634,0.617954420427426,0.4977367178919543,0.21108183755843113,0.05681519546013984,0.41935968197748913,0.4836533757192194],[-0.14542413634419993,-0.13844170993253613,-0.14542413634419993,-0.1819218864220482,-0.1819218864220482,-0.31926343406788904,-0.31926343406788904,-0.34563708132961835,-0.34563708132961835,0.049720151186503074,-0.5353856609510018,-0.16422549251107924,-0.6713763200911306,-0.8231325520096467,-0.532890334892921,-0.44956447311474573,-0.5164592563976482,-0.228421374956919,-0.228421374956919,0.2888986008494202,0.1710950700666018,-0.2355358786056622,-0.47384742065915114,1.0,-0.024513606779170888,-0.18972733313003184,-0.2368978652414771,-0.3299091766010581,-0.07133322568188867,-0.10285981190941307,-0.577863983608951,-0.22242224992023685,-0.0376764955979329,-0.08198798754189879,-0.2544239445922967,-0.4213689771366926],[-0.23991878250009585,-0.2397993936154827,-0.23991878250009585,-0.23748735936595589,-0.23748735936595589,-0.11765121793484236,-0.11765121793484236,0.011472485310112246,0.011472485310112246,-0.24286407922737563,0.3967266564824725,-0.23174785413903087,0.46896746619865487,0.5044188459430168,0.39860259727706004,-0.15582369839685284,0.41162055956582505,-0.2012294795246528,-0.2012294795246528,-0.6508774930538077,0.744822661329247,-0.281263364832965,0.6941807932820035,-0.024513606779170888,1.0,-0.10701625076014841,-0.21169407250596173,-0.06770922489196841,-0.3483550277047843,-0.3259338777337688,0.0586798996864864,0.1555896097159276,0.2602812062781957,-0.3703157509959989,0.10128503209816798,0.08544638891165085],[0.8192354644893997,0.660646810859135,0.8192354644893997,0.8069615098194148,0.8069615098194148,0.884230120088156,0.884230120088156,0.7967331869273633,0.7967331869273633,0.7727946231478212,0.8161390438815972,0.79992003180637,0.7796981266134922,0.729979765484027,0.8169504960215254,0.89577895849533,0.8629056665843811,0.8343421276927017,0.8343421276927017,0.3721268374938123,-0.10419353404122382,0.6742392234511659,0.39876504995142664,-0.18972733313003184,-0.10701625076014841,1.0,0.5507334162769656,0.8445445044635251,0.5116674528539025,0.64261239119742,0.5755885366461035,0.6699218023415207,0.432159293154152,0.7184378372920458,0.715183316415075,0.43545078027946726],[0.9034509531421567,0.9030552280129632,0.9034509531421567,0.9207290144631848,0.9207290144631848,0.8581391380701898,0.8581391380701898,0.7552147240149816,0.7552147240149816,0.48622878180582746,0.8917371496669432,0.38507712062809807,0.9094246756696238,0.9157032541964275,0.8901864504376276,0.8477525987918993,0.8784376867009229,0.7069367506256751,0.7069367506256751,0.6678357194094985,-0.07869115433258382,0.9253499225749222,0.18151156111604688,-0.2368978652414771,-0.21169407250596173,0.5507334162769656,1.0,0.8040331355811942,0.7454771873683173,0.6545760988826442,0.5784328184245227,0.511274818445636,0.48165561758103714,0.821306157023362,0.6556194974324284,0.16931675996949777],[0.9219022314925415,0.9000301325559902,0.9219022314925415,0.921310655774676,0.921310655774676,0.9382705557317143,0.9382705557317143,0.8845750121268954,0.8845750121268954,0.7385274706330422,0.9355086067818948,0.7077893258479862,0.9346946869693787,0.92667016470778,0.9351472446880461,0.9347835183031828,0.9476298467469975,0.843198283746506,0.843198283746506,0.5255831937134726,-0.03855760168034671,0.9051375060355351,0.3524533852852306,-0.3299091766010581,-0.06770922489196841,0.8445445044635251,0.8040331355811942,1.0,0.7615796220555495,0.632486435714422,0.6422444874379628,0.6199491917528597,0.5342306485868055,0.8324644266925302,0.8504988195658119,0.25497246292478126],[0.9167309169415871,0.9118611928446398,0.9167309169415871,0.8964081442867877,0.8964081442867877,0.8957298139275651,0.8957298139275651,0.8568313638105876,0.8568313638105876,0.8070822325530098,0.8878245525020297,0.7770845270321532,0.8641616448404522,0.8464146289485123,0.8881378444626105,0.9032241139657351,0.9194702895562159,0.9199513839483077,0.9199513839483077,0.8400739627231769,0.14390404697084236,0.8398866096515716,-0.06022121604125282,-0.07133322568188867,-0.3483550277047843,0.5116674528539025,0.7454771873683173,0.7615796220555495,1.0,0.9101974163447077,0.5697715823856401,0.6998783671039972,0.6692858816941717,0.883101454830087,0.532551421107569,0.3196003465852828],[0.7865928823975065,0.7957698984470134,0.7865928823975065,0.7872156991327054,0.7872156991327054,0.7548805711378584,0.7548805711378584,0.7693614367975306,0.7693614367975306,0.6769849937727087,0.8128810313636525,0.6981908957166447,0.7504733875087917,0.6926550764732757,0.8141292959880668,0.7899165723428684,0.8345858590527688,0.8455207466643178,0.8455207466643178,0.7027764556393749,-0.019545054118587892,0.7548511771133765,0.11529258123432634,-0.10285981190941307,-0.3259338777337688,0.64261239119742,0.6545760988826442,0.632486435714422,0.9101974163447077,1.0,0.6039830418111101,0.6833435662060893,0.6140699208172402,0.745269339664298,0.6094181870920872,0.48916260585768456],[0.6130263954263458,0.6055569740958868,0.6130263954263458,0.6428939803278974,0.6428939803278974,0.7795220141083602,0.7795220141083602,0.8844596957071209,0.8844596957071209,0.33960823676746327,0.928562021862873,0.5401855995165243,0.9294481695297765,0.9362556769019997,0.9282804847810213,0.8714014313144257,0.9169706805873421,0.7988450517580444,0.7988450517580444,0.15476797047096988,0.009249330471856445,0.6458111576911014,0.617954420427426,-0.577863983608951,0.0586798996864864,0.5755885366461035,0.5784328184245227,0.6422444874379628,0.5697715823856401,0.6039830418111101,1.0,0.7494249404995342,0.38947759181586383,0.5454571166308966,0.6326053957221321,0.7531406680154374],[0.648948105282714,0.6465513767492167,0.648948105282714,0.6400862460351455,0.6400862460351455,0.7455575439014492,0.7455575439014492,0.789593906939079,0.789593906939079,0.5257247809381607,0.8598888269753941,0.6933948474010228,0.8288367057513641,0.821626080696397,0.8608740283184866,0.7915462414025592,0.8926355762421989,0.7661781951169049,0.7661781951169049,0.3287127943654862,0.3037871952095715,0.6079063627499559,0.4977367178919543,-0.22242224992023685,0.1555896097159276,0.6699218023415207,0.511274818445636,0.6199491917528597,0.6998783671039972,0.6833435662060893,0.7494249404995342,1.0,0.7794052678838638,0.5229063020221028,0.7380481275675999,0.5619413297465988],[0.6192512930101952,0.6438012653310413,0.6192512930101952,0.5860017342936011,0.5860017342936011,0.6927076055980743,0.6927076055980743,0.7119424979295872,0.7119424979295872,0.5627972867523034,0.7484741501427156,0.6789954733293248,0.7099986142961603,0.646048786376295,0.7492120309477743,0.7494584250984694,0.7939782262412016,0.708159806583378,0.708159806583378,0.5714639690833015,0.5570584343831524,0.5173381542373985,0.21108183755843113,-0.0376764955979329,0.2602812062781957,0.432159293154152,0.48165561758103714,0.5342306485868055,0.6692858816941717,0.6140699208172402,0.38947759181586383,0.7794052678838638,1.0,0.4984377135609882,0.6613565248054074,0.2131057156473026],[0.9346882604165928,0.9327510127750291,0.9346882604165928,0.9223239679172249,0.9223239679172249,0.8713109712046192,0.8713109712046192,0.8089442111845789,0.8089442111845789,0.778365005604345,0.9048302617557406,0.7311919264441663,0.8843490226387785,0.9029502607555444,0.9047254064666809,0.8923110184799826,0.9189363402908651,0.8525151698750955,0.8525151698750955,0.7861243335786486,-0.14211406698214327,0.9004689733792498,0.05681519546013984,-0.08198798754189879,-0.3703157509959989,0.7184378372920458,0.821306157023362,0.8324644266925302,0.883101454830087,0.745269339664298,0.5454571166308966,0.5229063020221028,0.4984377135609882,1.0,0.7562017825260006,0.20664851209330415],[0.8520846806396793,0.7189181188810693,0.8520846806396793,0.8429857783790762,0.8429857783790762,0.8793610971383683,0.8793610971383683,0.8628619644275553,0.8628619644275553,0.6343224401273827,0.9491261055745682,0.6147972932279797,0.9558119692632089,0.9566219564094551,0.9494099147350409,0.8766750131490808,0.957990326934938,0.7866303098151985,0.7866303098151985,0.49601474558099035,0.0804841311011205,0.6996065466061542,0.41935968197748913,-0.2544239445922967,0.10128503209816798,0.715183316415075,0.6556194974324284,0.8504988195658119,0.532551421107569,0.6094181870920872,0.6326053957221321,0.7380481275675999,0.6613565248054074,0.7562017825260006,1.0,0.22184205870500087],[0.2289442471442167,0.22675812520099406,0.2289442471442167,0.24260028439020817,0.24260028439020817,0.4981835336468046,0.4981835336468046,0.8165872232792605,0.8165872232792605,0.16946142994105115,0.8041797105134338,0.6465169889289517,0.828922021236199,0.8064146760750015,0.8055623271752952,0.8077546704623177,0.8530656786963664,0.8579086527243363,0.8579086527243363,-0.12493289082383681,0.1400011018785728,0.22656207911979184,0.4836533757192194,-0.4213689771366926,0.08544638891165085,0.43545078027946726,0.16931675996949777,0.25497246292478126,0.3196003465852828,0.48916260585768456,0.7531406680154374,0.5619413297465988,0.2131057156473026,0.20664851209330415,0.22184205870500087,1.0]],"x":["^TAIEX       \u81fa\u7063\u52a0\u6b0a\u5831\u916c\u6307\u6578","^TWII        \u81fa\u7063\u52a0\u6b0a\u6307\u6578","^TAIEXx2     \u81fa\u7063\u52a0\u6b0a\u5831\u916c\u6307\u6578_\u65e5\u6b632","^TAI50I      \u81fa\u706350\u5831\u916c\u6307\u6578","^TAI50Ix2    \u81fa\u706350\u5831\u916c\u6307\u6578_\u65e5\u6b632","^TAI100I     \u81fa\u7063\u4e2d\u578b100\u5831\u916c\u6307\u6578","^TAI100Ix2   \u81fa\u7063\u4e2d\u578b100\u5831\u916c\u6307\u6578_\u65e5\u6b632","^TAIDIVIDI   \u81fa\u7063\u9ad8\u80a1\u606f\u5831\u916c\u6307\u6578","^TAIDIVIDIx2 \u81fa\u7063\u9ad8\u80a1\u606f\u5831\u916c\u6307\u6578_\u65e5\u6b632","0050Fund     \u5143\u5927\u53f0\u7063\u5353\u8d8a50\u57fa\u91d1","006208Fund   \u5bcc\u90a6\u53f0\u7063\u91c6\u540950\u57fa\u91d1","0050         \u5143\u5927\u81fa\u706350","00631L       \u5143\u5927\u53f0\u706350\u6b632","00675L       \u5bcc\u90a6\u81fa\u7063\u52a0\u6b0a\u6b632","006208       \u5bcc\u90a6\u53f050","0051         \u5143\u5927\u4e2d\u578b100","006204       \u6c38\u8c50\u81fa\u7063\u52a0\u6b0a","0056         \u5143\u5927\u9ad8\u80a1\u606f","0056         \u5143\u5927\u9ad8\u80a1\u606f_\u80a1\u606f\u4e0d\u6295\u5165","2412         \u4e2d\u83ef\u96fb\u4fe1","2002         \u4e2d\u92fc","2330         \u53f0\u7a4d\u96fb","2317         \u9d3b\u6d77","6505         \u53f0\u5851\u77f3\u5316","3481         \u7fa4\u5275","2303         \u806f\u96fb","2308         \u53f0\u9054\u96fb","2454         \u806f\u767c\u79d1","2886         \u5146\u8c50\u91d1","2884         \u7389\u5c71\u91d1","2891         \u4e2d\u4fe1\u91d1","2892         \u7b2c\u4e00\u91d1","5880         \u5408\u5eab\u91d1","2881         \u5bcc\u90a6\u91d1","2885         \u5143\u5927\u91d1","2887         \u53f0\u65b0\u91d1"],"y":["^TAIEX       \u81fa\u7063\u52a0\u6b0a\u5831\u916c\u6307\u6578","^TWII        \u81fa\u7063\u52a0\u6b0a\u6307\u6578","^TAIEXx2     \u81fa\u7063\u52a0\u6b0a\u5831\u916c\u6307\u6578_\u65e5\u6b632","^TAI50I      \u81fa\u706350\u5831\u916c\u6307\u6578","^TAI50Ix2    \u81fa\u706350\u5831\u916c\u6307\u6578_\u65e5\u6b632","^TAI100I     \u81fa\u7063\u4e2d\u578b100\u5831\u916c\u6307\u6578","^TAI100Ix2   \u81fa\u7063\u4e2d\u578b100\u5831\u916c\u6307\u6578_\u65e5\u6b632","^TAIDIVIDI   \u81fa\u7063\u9ad8\u80a1\u606f\u5831\u916c\u6307\u6578","^TAIDIVIDIx2 \u81fa\u7063\u9ad8\u80a1\u606f\u5831\u916c\u6307\u6578_\u65e5\u6b632","0050Fund     \u5143\u5927\u53f0\u7063\u5353\u8d8a50\u57fa\u91d1","006208Fund   \u5bcc\u90a6\u53f0\u7063\u91c6\u540950\u57fa\u91d1","0050         \u5143\u5927\u81fa\u706350","00631L       \u5143\u5927\u53f0\u706350\u6b632","00675L       \u5bcc\u90a6\u81fa\u7063\u52a0\u6b0a\u6b632","006208       \u5bcc\u90a6\u53f050","0051         \u5143\u5927\u4e2d\u578b100","006204       \u6c38\u8c50\u81fa\u7063\u52a0\u6b0a","0056         \u5143\u5927\u9ad8\u80a1\u606f","0056         \u5143\u5927\u9ad8\u80a1\u606f_\u80a1\u606f\u4e0d\u6295\u5165","2412         \u4e2d\u83ef\u96fb\u4fe1","2002         \u4e2d\u92fc","2330         \u53f0\u7a4d\u96fb","2317         \u9d3b\u6d77","6505         \u53f0\u5851\u77f3\u5316","3481         \u7fa4\u5275","2303         \u806f\u96fb","2308         \u53f0\u9054\u96fb","2454         \u806f\u767c\u79d1","2886         \u5146\u8c50\u91d1","2884         \u7389\u5c71\u91d1","2891         \u4e2d\u4fe1\u91d1","2892         \u7b2c\u4e00\u91d1","5880         \u5408\u5eab\u91d1","2881         \u5bcc\u90a6\u91d1","2885         \u5143\u5927\u91d1","2887         \u53f0\u65b0\u91d1"],"zmin":-1,"zmax":1,"colorbar":{"x":-0.2}}],"layout":{"autotypenumbers":"strict","colorway":["#636efa","#EF553B","#00cc96","#ab63fa","#FFA15A","#19d3f3","#FF6692","#B6E880","#FF97FF","#FECB52"],"font":{"color":"#f2f5fa","family":"Courier New"},"hovermode":"closest","hoverlabel":{"align":"left"},"paper_bgcolor":"rgb(17,17,17)","plot_bgcolor":"rgb(17,17,17)","polar":{"bgcolor":"rgb(17,17,17)","angularaxis":{"gridcolor":"#506784","linecolor":"#506784","ticks":""},"radialaxis":{"gridcolor":"#506784","linecolor":"#506784","ticks":""}},"ternary":{"bgcolor":"rgb(17,17,17)","aaxis":{"gridcolor":"#506784","linecolor":"#506784","ticks":""},"baxis":{"gridcolor":"#506784","linecolor":"#506784","ticks":""},"caxis":{"gridcolor":"#506784","linecolor":"#506784","ticks":""}},"coloraxis":{"colorbar":{"outlinewidth":0,"ticks":""}},"colorscale":{"sequential":[[0.0,"#0d0887"],[0.1111111111111111,"#46039f"],[0.2222222222222222,"#7201a8"],[0.3333333333333333,"#9c179e"],[0.4444444444444444,"#bd3786"],[0.5555555555555556,"#d8576b"],[0.6666666666666666,"#ed7953"],[0.7777777777777778,"#fb9f3a"],[0.8888888888888888,"#fdca26"],[1.0,"#f0f921"]],"sequentialminus":[[0.0,"#0d0887"],[0.1111111111111111,"#46039f"],[0.2222222222222222,"#7201a8"],[0.3333333333333333,"#9c179e"],[0.4444444444444444,"#bd3786"],[0.5555555555555556,"#d8576b"],[0.6666666666666666,"#ed7953"],[0.7777777777777778,"#fb9f3a"],[0.8888888888888888,"#fdca26"],[1.0,"#f0f921"]],"diverging":[[0,"#8e0152"],[0.1,"#c51b7d"],[0.2,"#de77ae"],[0.3,"#f1b6da"],[0.4,"#fde0ef"],[0.5,"#f7f7f7"],[0.6,"#e6f5d0"],[0.7,"#b8e186"],[0.8,"#7fbc41"],[0.9,"#4d9221"],[1,"#276419"]]},"xaxis":{"gridcolor":"rgba(0, 0, 0, 0)","linecolor":"#506784","ticks":"","title":{"standoff":15},"zerolinecolor":"#283442","automargin":true,"zerolinewidth":2,"tickfont":{"family":"Courier New","size":14},"side":"top","tickangle":-90},"yaxis":{"gridcolor":"rgba(0, 0, 0, 0)","linecolor":"#506784","ticks":"","title":{"standoff":15},"zerolinecolor":"#283442","automargin":true,"zerolinewidth":2,"tickfont":{"family":"Courier New"},"side":"right"},"scene":{"xaxis":{"backgroundcolor":"rgb(17,17,17)","gridcolor":"#506784","linecolor":"#506784","showbackground":true,"ticks":"","zerolinecolor":"#C8D4E3","gridwidth":2},"yaxis":{"backgroundcolor":"rgb(17,17,17)","gridcolor":"#506784","linecolor":"#506784","showbackground":true,"ticks":"","zerolinecolor":"#C8D4E3","gridwidth":2},"zaxis":{"backgroundcolor":"rgb(17,17,17)","gridcolor":"#506784","linecolor":"#506784","showbackground":true,"ticks":"","zerolinecolor":"#C8D4E3","gridwidth":2}},"shapedefaults":{"line":{"color":"#f2f5fa"}},"annotationdefaults":{"arrowcolor":"#f2f5fa","arrowhead":0,"arrowwidth":1},"geo":{"bgcolor":"rgb(17,17,17)","landcolor":"rgb(17,17,17)","subunitcolor":"#506784","showland":true,"showlakes":true,"lakecolor":"rgb(17,17,17)"},"title":{"x":0.05,"font":{"family":"Times New Roman"},"y":0.05,"text":"<b>Correlation of Close<b><br><i>2016-09-23 ~ 2026-02-23<i>"},"updatemenudefaults":{"bgcolor":"#506784","borderwidth":0},"sliderdefaults":{"bgcolor":"#C8D4E3","borderwidth":1,"bordercolor":"rgb(17,17,17)","tickwidth":0},"mapbox":{"style":"dark"},"annotations":[{"text":"<b>@zwindr<b>","textangle":0,"opacity":0.5,"font":{"color":"white","size":12},"xref":"paper","yref":"paper","xanchor":"left","yanchor":"bottom","x":1.0,"y":1.0,"showarrow":false}]},"config":{"responsive":true,"toImageButtonOptions":{"filename":"Correlation of Close_2016-09-23~2026-02-23","scale":5}}};Plotly.newPlot("correlationClose",correlationClose.data,correlationClose.layout||{},correlationClose.config);}else{console.log("style display is none => correlationClose");}