var config = { responsive: true }

var correlationAdjClose = {"data": [{"type": "heatmap", "z": [[1.0, 0.9936810531677994, 0.9759521523470053, 0.9977968745704117, 0.9645124078015586, 0.9805920181012343, -0.9398336913188421, 0.9895261315268472, 0.9682315485575176, 0.9966384459674889, 0.9929180290262756, 0.9938196015384333, 0.9972492876347644, 0.9781046493695291, 0.9995620611697986, 0.9866542369159083, 0.9130679831904621, 0.7560134812076986, 0.9858899776946447, 0.9234017103685601, 0.47655347183063795, -0.33818506433969714, 0.8988372606766233, 0.973596426522828, 0.9516584019254695], [0.9936810531677994, 1.0, 0.9713219439175119, 0.9912752161099085, 0.9602911443019994, 0.9757204461933057, -0.9349786658814322, 0.9798447942006769, 0.9610146059038828, 0.9938729285659702, 0.9918906410254703, 0.9911190089665831, 0.9952261210814957, 0.9729272931773738, 0.9963712936515385, 0.98266755586314, 0.9017408126418195, 0.7633466453402876, 0.9668658623329689, 0.9015642924635985, 0.4738773499473836, -0.26107632655845714, 0.8711183675080966, 0.9609643128585355, 0.9518109980581098], [0.9759521523470053, 0.9713219439175119, 1.0, 0.981814445425179, 0.9963110735500361, 0.9788817685527873, -0.9750381400703962, 0.9692026693921558, 0.9831768377377306, 0.9857538924948066, 0.9973496832195793, 0.9972557608971248, 0.9885742319245464, 0.9772644585734479, 0.987653356275108, 0.9756346809809574, 0.8158635009222562, 0.6475777552289508, 0.9895450520148887, 0.912275503031043, 0.3110217417337681, -0.25703768124795606, 0.9071028033594536, 0.9400116556252547, 0.9777284153065732], [0.9977968745704117, 0.9912752161099085, 0.981814445425179, 1.0, 0.9755400300211571, 0.9729167993021681, -0.9344845338873744, 0.9840895597219822, 0.9655513569919667, 0.9992688817637913, 0.9918448914971373, 0.9903217925716653, 0.9999031803756471, 0.9680850905363133, 0.9960595326196987, 0.981569434261481, 0.8987384190384009, 0.7283382867539464, 0.9932958695682385, 0.9250782914805428, 0.4558930718184408, -0.3297254365334254, 0.8983267037628154, 0.9675364961784364, 0.9576853000750186], [0.9645124078015586, 0.9602911443019994, 0.9963110735500361, 0.9755400300211571, 1.0, 0.9591644936547373, -0.956922383943494, 0.9549516531819108, 0.9713131585010861, 0.9820790907591906, 0.9880315319412106, 0.9844926493147521, 0.9850041727059362, 0.9567176349991537, 0.976387832733925, 0.9615333457840992, 0.7958654860084622, 0.6153389110127352, 0.9886024499605189, 0.9092184351251801, 0.29093922877302736, -0.24951017285523172, 0.8908252638462787, 0.925124669036139, 0.9757368342991958], [0.9805920181012343, 0.9757204461933057, 0.9788817685527873, 0.9729167993021681, 0.9591644936547373, 1.0, -0.9798072529758981, 0.979553222418324, 0.9789743605246592, 0.9720059091079852, 0.9762518104257875, 0.974186057012204, 0.968638893667823, 0.9988817013319257, 0.9860117632963229, 0.9858441500530274, 0.8527087183606991, 0.7220862240697792, 0.9674040769508107, 0.891307385560822, 0.3386128884374654, -0.2484914060137898, 0.9356494514843059, 0.9559278070915898, 0.9579997969096693], [-0.9398336913188421, -0.9349786658814322, -0.9750381400703962, -0.9344845338873744, -0.956922383943494, -0.9798072529758981, 1.0, -0.9491809484589732, -0.9826113170397979, -0.942040920262641, -0.9730365606141199, -0.9750110831268362, -0.9474204509921775, -0.9860768530196786, -0.9635315299894139, -0.9650114902572335, -0.7614938771414403, -0.6190897264316056, -0.9407831590257901, -0.8784580929783177, -0.19325272121787085, 0.17837857550150005, -0.9031439303436354, -0.9101253545056928, -0.9554056311237539], [0.9895261315268472, 0.9798447942006769, 0.9692026693921558, 0.9840895597219822, 0.9549516531819108, 0.979553222418324, -0.9491809484589732, 1.0, 0.9815652184645564, 0.9810135754519086, 0.9746314564995261, 0.9735369059833655, 0.9795056099891319, 0.9756097404515032, 0.9870603079205459, 0.996430850486828, 0.9210013460774412, 0.6925213287410666, 0.9742179449935997, 0.8969751125579053, 0.3426924883198448, -0.34512876725578756, 0.903842523348605, 0.9546242184814999, 0.9341231208939553], [0.9682315485575176, 0.9610146059038828, 0.9831768377377306, 0.9655513569919667, 0.9713131585010861, 0.9789743605246592, -0.9826113170397979, 0.9815652184645564, 1.0, 0.964717262578231, 0.9714019968743207, 0.9683267014948197, 0.9617256709073116, 0.9771835785956339, 0.9688010100322277, 0.9871509549526374, 0.844647537420542, 0.6182068399649799, 0.9661467335950926, 0.905282229878342, 0.19805461931209647, -0.26004338760295687, 0.8853539510193859, 0.9294180510399649, 0.9573963471649899], [0.9966384459674889, 0.9938729285659702, 0.9857538924948066, 0.9992688817637913, 0.9820790907591906, 0.9720059091079852, -0.942040920262641, 0.9810135754519086, 0.964717262578231, 1.0, 0.9908388110258564, 0.9889460946068414, 0.999839984465601, 0.9690308416376388, 0.9953288078402888, 0.9816874532810346, 0.9114871205565259, 0.7034065183232033, 0.9956234162048079, 0.9190130203692254, 0.27872693523908665, -0.2883425464289637, 0.9301025516934951, 0.9570870247553017, 0.9557962505694967], [0.9929180290262756, 0.9918906410254703, 0.9973496832195793, 0.9918448914971373, 0.9880315319412106, 0.9762518104257875, -0.9730365606141199, 0.9746314564995261, 0.9714019968743207, 0.9908388110258564, 1.0, 0.9996628029385795, 0.991629114672079, 0.9772721535463924, 0.9932561995882823, 0.9761294304939329, 0.9062589898239062, 0.6037527720332132, 0.9875406180837261, 0.8902970429517302, -0.2710079890468346, 0.3566859795965873, 0.9081619383176127, 0.9527093870976909, 0.976358380187266], [0.9938196015384333, 0.9911190089665831, 0.9972557608971248, 0.9903217925716653, 0.9844926493147521, 0.974186057012204, -0.9750110831268362, 0.9735369059833655, 0.9683267014948197, 0.9889460946068414, 0.9996628029385795, 1.0, 0.9901158656401542, 0.9753100403764661, 0.9939280562110201, 0.9752905065638686, 0.9147900689883443, 0.49244633465398646, 0.9827931642547043, 0.8769778135952859, -0.6858681330763177, 0.38208102835617586, 0.8814459871628815, 0.9494690328941505, 0.9757733113917513], [0.9972492876347644, 0.9952261210814957, 0.9885742319245464, 0.9999031803756471, 0.9850041727059362, 0.968638893667823, -0.9474204509921775, 0.9795056099891319, 0.9617256709073116, 0.999839984465601, 0.991629114672079, 0.9901158656401542, 1.0, 0.9693234379306667, 0.9956387255065626, 0.9804940838944307, 0.9290147076464567, 0.6639821118914639, 0.9971180923983618, 0.8989817492243035, 0.027706264893082873, 0.27339139342997487, 0.919513331843019, 0.9494710685745159, 0.9638688578071699], [0.9781046493695291, 0.9729272931773738, 0.9772644585734479, 0.9680850905363133, 0.9567176349991537, 0.9988817013319257, -0.9860768530196786, 0.9756097404515032, 0.9771835785956339, 0.9690308416376388, 0.9772721535463924, 0.9753100403764661, 0.9693234379306667, 1.0, 0.9861413480219624, 0.9835906028125679, 0.8667702087027589, 0.7236393743607673, 0.9628087001693164, 0.8809943904822015, 0.19708333408660836, -0.2145873924796027, 0.9446937930320964, 0.9509489346904051, 0.9569910061101532], [0.9995620611697986, 0.9963712936515385, 0.987653356275108, 0.9960595326196987, 0.976387832733925, 0.9860117632963229, -0.9635315299894139, 0.9870603079205459, 0.9688010100322277, 0.9953288078402888, 0.9932561995882823, 0.9939280562110201, 0.9956387255065626, 0.9861413480219624, 1.0, 0.9873820905669083, 0.9358416337601233, 0.7013124941541555, 0.9896906115211391, 0.8957395150215816, 0.07344913286948032, 0.2696286022336929, 0.9373343874384683, 0.9595246978022569, 0.9626611851791398], [0.9866542369159083, 0.98266755586314, 0.9756346809809574, 0.981569434261481, 0.9615333457840992, 0.9858441500530274, -0.9650114902572335, 0.996430850486828, 0.9871509549526374, 0.9816874532810346, 0.9761294304939329, 0.9752905065638686, 0.9804940838944307, 0.9835906028125679, 0.9873820905669083, 1.0, 0.9036891255654973, 0.6936763368869674, 0.9735649947383709, 0.8969893672933145, 0.2746329863914346, -0.28117337590677766, 0.9153124836410345, 0.9445138681444747, 0.9451946774431143], [0.9130679831904621, 0.9017408126418195, 0.8158635009222562, 0.8987384190384009, 0.7958654860084622, 0.8527087183606991, -0.7614938771414403, 0.9210013460774412, 0.844647537420542, 0.9114871205565259, 0.9062589898239062, 0.9147900689883443, 0.9290147076464567, 0.8667702087027589, 0.9358416337601233, 0.9036891255654973, 1.0, 0.8574705196688812, 0.8475687337096766, 0.8727176734312517, 0.7250166592052633, -0.5773356691522392, 0.6740504433080436, 0.9106416007228287, 0.7880977808180682], [0.7560134812076986, 0.7633466453402876, 0.6475777552289508, 0.7283382867539464, 0.6153389110127352, 0.7220862240697792, -0.6190897264316056, 0.6925213287410666, 0.6182068399649799, 0.7034065183232033, 0.6037527720332132, 0.49244633465398646, 0.6639821118914639, 0.7236393743607673, 0.7013124941541555, 0.6936763368869674, 0.8574705196688812, 1.0, 0.6497813574038797, 0.7554922247943384, 0.7323834988047697, -0.15279531395482565, 0.5388896225366613, 0.7677865684003328, 0.6515236991452178], [0.9858899776946447, 0.9668658623329689, 0.9895450520148887, 0.9932958695682385, 0.9886024499605189, 0.9674040769508107, -0.9407831590257901, 0.9742179449935997, 0.9661467335950926, 0.9956234162048079, 0.9875406180837261, 0.9827931642547043, 0.9971180923983618, 0.9628087001693164, 0.9896906115211391, 0.9735649947383709, 0.8475687337096766, 0.6497813574038797, 1.0, 0.8963197677693566, 0.3850141930612183, -0.32343844324303317, 0.8866289540694726, 0.9499755708879147, 0.9672790291120251], [0.9234017103685601, 0.9015642924635985, 0.912275503031043, 0.9250782914805428, 0.9092184351251801, 0.891307385560822, -0.8784580929783177, 0.8969751125579053, 0.905282229878342, 0.9190130203692254, 0.8902970429517302, 0.8769778135952859, 0.8989817492243035, 0.8809943904822015, 0.8957395150215816, 0.8969893672933145, 0.8727176734312517, 0.7554922247943384, 0.8963197677693566, 1.0, 0.4319270453484651, -0.22850269358350841, 0.6962155344512441, 0.9189356911222822, 0.8814391088535004], [0.47655347183063795, 0.4738773499473836, 0.3110217417337681, 0.4558930718184408, 0.29093922877302736, 0.3386128884374654, -0.19325272121787085, 0.3426924883198448, 0.19805461931209647, 0.27872693523908665, -0.2710079890468346, -0.6858681330763177, 0.027706264893082873, 0.19708333408660836, 0.07344913286948032, 0.2746329863914346, 0.7250166592052633, 0.7323834988047697, 0.3850141930612183, 0.4319270453484651, 1.0, -0.4244939790671932, 0.3119989300618751, 0.4610688025031161, 0.2534307218174869], [-0.33818506433969714, -0.26107632655845714, -0.25703768124795606, -0.3297254365334254, -0.24951017285523172, -0.2484914060137898, 0.17837857550150005, -0.34512876725578756, -0.26004338760295687, -0.2883425464289637, 0.3566859795965873, 0.38208102835617586, 0.27339139342997487, -0.2145873924796027, 0.2696286022336929, -0.28117337590677766, -0.5773356691522392, -0.15279531395482565, -0.32343844324303317, -0.22850269358350841, -0.4244939790671932, 1.0, -0.1840169786375697, -0.3690970524790012, -0.2021771160612387], [0.8988372606766233, 0.8711183675080966, 0.9071028033594536, 0.8983267037628154, 0.8908252638462787, 0.9356494514843059, -0.9031439303436354, 0.903842523348605, 0.8853539510193859, 0.9301025516934951, 0.9081619383176127, 0.8814459871628815, 0.919513331843019, 0.9446937930320964, 0.9373343874384683, 0.9153124836410345, 0.6740504433080436, 0.5388896225366613, 0.8866289540694726, 0.6962155344512441, 0.3119989300618751, -0.1840169786375697, 1.0, 0.8325513516673415, 0.8844507979966703], [0.973596426522828, 0.9609643128585355, 0.9400116556252547, 0.9675364961784364, 0.925124669036139, 0.9559278070915898, -0.9101253545056928, 0.9546242184814999, 0.9294180510399649, 0.9570870247553017, 0.9527093870976909, 0.9494690328941505, 0.9494710685745159, 0.9509489346904051, 0.9595246978022569, 0.9445138681444747, 0.9106416007228287, 0.7677865684003328, 0.9499755708879147, 0.9189356911222822, 0.4610688025031161, -0.3690970524790012, 0.8325513516673415, 1.0, 0.9281275108868421], [0.9516584019254695, 0.9518109980581098, 0.9777284153065732, 0.9576853000750186, 0.9757368342991958, 0.9579997969096693, -0.9554056311237539, 0.9341231208939553, 0.9573963471649899, 0.9557962505694967, 0.976358380187266, 0.9757733113917513, 0.9638688578071699, 0.9569910061101532, 0.9626611851791398, 0.9451946774431143, 0.7880977808180682, 0.6515236991452178, 0.9672790291120251, 0.8814391088535004, 0.2534307218174869, -0.2021771160612387, 0.8844507979966703, 0.9281275108868421, 1.0]], "x": ["^TAIEX       \u81fa\u7063\u52a0\u6b0a\u5831\u916c\u6307\u6578", "^TWII        \u81fa\u7063\u52a0\u6b0a\u6307\u6578", "^TAIEXx2     \u81fa\u7063\u52a0\u6b0a\u5831\u916c\u6307\u6578_\u65e5\u6b632", "^TAI50I      \u81fa\u706350\u5831\u916c\u6307\u6578", "^TAI50Ix2    \u81fa\u706350\u5831\u916c\u6307\u6578_\u65e5\u6b632", "^TAI100I     \u81fa\u7063\u4e2d\u578b100\u5831\u916c\u6307\u6578", "^TAI100Ix2   \u81fa\u7063\u4e2d\u578b100\u5831\u916c\u6307\u6578_\u65e5\u6b632", "^TAIDIVIDI   \u81fa\u7063\u9ad8\u80a1\u606f\u5831\u916c\u6307\u6578", "^TAIDIVIDIx2 \u81fa\u7063\u9ad8\u80a1\u606f\u5831\u916c\u6307\u6578_\u65e5\u6b632", "0050         \u5143\u5927\u81fa\u706350", "00631L       \u5143\u5927\u53f0\u706350\u6b632", "00675L       \u5bcc\u90a6\u81fa\u7063\u52a0\u6b0a\u6b632", "006208       \u5bcc\u90a6\u53f050", "0051         \u5143\u5927\u4e2d\u578b100", "006204       \u6c38\u8c50\u81fa\u7063\u52a0\u6b0a", "0056         \u5143\u5927\u9ad8\u80a1\u606f", "2412         \u4e2d\u83ef\u96fb\u4fe1", "2002         \u4e2d\u92fc", "2330         \u53f0\u7a4d\u96fb", "2317         \u9d3b\u6d77", "6505         \u53f0\u5851\u77f3\u5316", "3481         \u7fa4\u5275", "2303         \u806f\u96fb", "2308         \u53f0\u9054\u96fb", "2454         \u806f\u767c\u79d1"], "y": ["^TAIEX       \u81fa\u7063\u52a0\u6b0a\u5831\u916c\u6307\u6578", "^TWII        \u81fa\u7063\u52a0\u6b0a\u6307\u6578", "^TAIEXx2     \u81fa\u7063\u52a0\u6b0a\u5831\u916c\u6307\u6578_\u65e5\u6b632", "^TAI50I      \u81fa\u706350\u5831\u916c\u6307\u6578", "^TAI50Ix2    \u81fa\u706350\u5831\u916c\u6307\u6578_\u65e5\u6b632", "^TAI100I     \u81fa\u7063\u4e2d\u578b100\u5831\u916c\u6307\u6578", "^TAI100Ix2   \u81fa\u7063\u4e2d\u578b100\u5831\u916c\u6307\u6578_\u65e5\u6b632", "^TAIDIVIDI   \u81fa\u7063\u9ad8\u80a1\u606f\u5831\u916c\u6307\u6578", "^TAIDIVIDIx2 \u81fa\u7063\u9ad8\u80a1\u606f\u5831\u916c\u6307\u6578_\u65e5\u6b632", "0050         \u5143\u5927\u81fa\u706350", "00631L       \u5143\u5927\u53f0\u706350\u6b632", "00675L       \u5bcc\u90a6\u81fa\u7063\u52a0\u6b0a\u6b632", "006208       \u5bcc\u90a6\u53f050", "0051         \u5143\u5927\u4e2d\u578b100", "006204       \u6c38\u8c50\u81fa\u7063\u52a0\u6b0a", "0056         \u5143\u5927\u9ad8\u80a1\u606f", "2412         \u4e2d\u83ef\u96fb\u4fe1", "2002         \u4e2d\u92fc", "2330         \u53f0\u7a4d\u96fb", "2317         \u9d3b\u6d77", "6505         \u53f0\u5851\u77f3\u5316", "3481         \u7fa4\u5275", "2303         \u806f\u96fb", "2308         \u53f0\u9054\u96fb", "2454         \u806f\u767c\u79d1"], "zmin": -1, "zmax": 1, "colorbar": {"x": -0.2}}], "layout": {"autotypenumbers": "strict", "colorway": ["#636efa", "#EF553B", "#00cc96", "#ab63fa", "#FFA15A", "#19d3f3", "#FF6692", "#B6E880", "#FF97FF", "#FECB52"], "font": {"color": "#f2f5fa", "family": "Courier New"}, "hovermode": "closest", "hoverlabel": {"align": "left"}, "paper_bgcolor": "rgb(17,17,17)", "plot_bgcolor": "rgb(17,17,17)", "polar": {"bgcolor": "rgb(17,17,17)", "angularaxis": {"gridcolor": "#506784", "linecolor": "#506784", "ticks": ""}, "radialaxis": {"gridcolor": "#506784", "linecolor": "#506784", "ticks": ""}}, "ternary": {"bgcolor": "rgb(17,17,17)", "aaxis": {"gridcolor": "#506784", "linecolor": "#506784", "ticks": ""}, "baxis": {"gridcolor": "#506784", "linecolor": "#506784", "ticks": ""}, "caxis": {"gridcolor": "#506784", "linecolor": "#506784", "ticks": ""}}, "coloraxis": {"colorbar": {"outlinewidth": 0, "ticks": ""}}, "colorscale": {"sequential": [[0.0, "#0d0887"], [0.1111111111111111, "#46039f"], [0.2222222222222222, "#7201a8"], [0.3333333333333333, "#9c179e"], [0.4444444444444444, "#bd3786"], [0.5555555555555556, "#d8576b"], [0.6666666666666666, "#ed7953"], [0.7777777777777778, "#fb9f3a"], [0.8888888888888888, "#fdca26"], [1.0, "#f0f921"]], "sequentialminus": [[0.0, "#0d0887"], [0.1111111111111111, "#46039f"], [0.2222222222222222, "#7201a8"], [0.3333333333333333, "#9c179e"], [0.4444444444444444, "#bd3786"], [0.5555555555555556, "#d8576b"], [0.6666666666666666, "#ed7953"], [0.7777777777777778, "#fb9f3a"], [0.8888888888888888, "#fdca26"], [1.0, "#f0f921"]], "diverging": [[0, "#8e0152"], [0.1, "#c51b7d"], [0.2, "#de77ae"], [0.3, "#f1b6da"], [0.4, "#fde0ef"], [0.5, "#f7f7f7"], [0.6, "#e6f5d0"], [0.7, "#b8e186"], [0.8, "#7fbc41"], [0.9, "#4d9221"], [1, "#276419"]]}, "xaxis": {"gridcolor": "rgba(0, 0, 0, 0)", "linecolor": "#506784", "ticks": "", "title": {"standoff": 15}, "zerolinecolor": "#283442", "automargin": true, "zerolinewidth": 2, "tickfont": {"family": "Courier New", "size": 14}, "side": "top", "tickangle": -90}, "yaxis": {"gridcolor": "rgba(0, 0, 0, 0)", "linecolor": "#506784", "ticks": "", "title": {"standoff": 15}, "zerolinecolor": "#283442", "automargin": true, "zerolinewidth": 2, "tickfont": {"family": "Courier New"}, "side": "right"}, "scene": {"xaxis": {"backgroundcolor": "rgb(17,17,17)", "gridcolor": "#506784", "linecolor": "#506784", "showbackground": true, "ticks": "", "zerolinecolor": "#C8D4E3", "gridwidth": 2}, "yaxis": {"backgroundcolor": "rgb(17,17,17)", "gridcolor": "#506784", "linecolor": "#506784", "showbackground": true, "ticks": "", "zerolinecolor": "#C8D4E3", "gridwidth": 2}, "zaxis": {"backgroundcolor": "rgb(17,17,17)", "gridcolor": "#506784", "linecolor": "#506784", "showbackground": true, "ticks": "", "zerolinecolor": "#C8D4E3", "gridwidth": 2}}, "shapedefaults": {"line": {"color": "#f2f5fa"}}, "annotationdefaults": {"arrowcolor": "#f2f5fa", "arrowhead": 0, "arrowwidth": 1}, "geo": {"bgcolor": "rgb(17,17,17)", "landcolor": "rgb(17,17,17)", "subunitcolor": "#506784", "showland": true, "showlakes": true, "lakecolor": "rgb(17,17,17)"}, "title": {"x": 0.05, "font": {"family": "Times New Roman"}, "y": 0.05, "text": "<b>Correlation of Adj Close <b><br><i>2016/09/23 ~ 2025/06/09<i>"}, "updatemenudefaults": {"bgcolor": "#506784", "borderwidth": 0}, "sliderdefaults": {"bgcolor": "#C8D4E3", "borderwidth": 1, "bordercolor": "rgb(17,17,17)", "tickwidth": 0}, "mapbox": {"style": "dark"}, "height": 600}};

Plotly.newPlot("correlationAdjClose",
    correlationAdjClose.data,
    correlationAdjClose.layout || {},
    config);