var config = { responsive: true }

var correlationClose = {"data": [{"type": "heatmap", "z": [[1.0, 0.9999999999999981, 1.0, 0.9957202808790689, 0.9957202808790689, 0.9586581523493941, 0.9586581523493941, 0.8895989382523524, 0.8895989382523524, 0.9959665248249545, 0.9921145164802008, 0.9917675620597555, 0.995256839005863, 0.9702361182274951, 0.998803456426699, 0.9282833979025147, 0.8086661966046219, 0.27059935451909817, 0.9775413701920301, 0.8021826694385019, 0.09890830512866193, -0.27890664199173065, 0.7621990634911853, 0.9467669356527131, 0.9183191017414694], [0.9999999999999981, 1.0, 0.9999999999999982, 0.9956534163772542, 0.9956534163772542, 0.9579777484948935, 0.9579777484948935, 0.8910887265432872, 0.8910887265432872, 0.9959281439189408, 0.9918308078346304, 0.9911136708251186, 0.9952088252168613, 0.969418207321186, 0.9988091963470014, 0.9289573168241883, 0.8166513378207779, 0.4051325061383475, 0.9701936810261582, 0.7739915835739483, 0.10581960890249553, -0.27860395732537907, 0.657494776346942, 0.9475175429081513, 0.9243785932606213], [1.0, 0.9999999999999982, 1.0, 0.9957202808790689, 0.9957202808790689, 0.9586581523493941, 0.9586581523493941, 0.8895989382523524, 0.8895989382523524, 0.9959665248249545, 0.9921145164802008, 0.9917675620597555, 0.995256839005863, 0.9702361182274951, 0.998803456426699, 0.9282833979025147, 0.8086661966046219, 0.27059935451909817, 0.9775413701920301, 0.8021826694385019, 0.09890830512866193, -0.27890664199173065, 0.7621990634911853, 0.9467669356527131, 0.9183191017414694], [0.9957202808790689, 0.9956534163772542, 0.9957202808790689, 1.0, 1.0, 0.9453136274920134, 0.9453136274920134, 0.8750821698062132, 0.8750821698062132, 0.9996131726882079, 0.9881689004911508, 0.9841161117649299, 0.9993439582032718, 0.9524848368527052, 0.9946397833558628, 0.9114850956202796, 0.7854510444288417, 0.24488875334287574, 0.9887237150584214, 0.7946951426076441, 0.06995261423722508, -0.28355443059008073, 0.7718567137707967, 0.935040836634788, 0.9186973670484764], [0.9957202808790689, 0.9956534163772542, 0.9957202808790689, 1.0, 1.0, 0.9453136274920134, 0.9453136274920134, 0.8750821698062132, 0.8750821698062132, 0.9996131726882079, 0.9881689004911508, 0.9841161117649299, 0.9993439582032718, 0.9524848368527052, 0.9946397833558628, 0.9114850956202796, 0.7854510444288417, 0.24488875334287574, 0.9887237150584214, 0.7946951426076441, 0.06995261423722508, -0.28355443059008073, 0.7718567137707967, 0.935040836634788, 0.9186973670484764], [0.9586581523493941, 0.9579777484948935, 0.9586581523493941, 0.9453136274920134, 0.9453136274920134, 1.0, 1.0, 0.9186556798585334, 0.9186556798585334, 0.949012484221391, 0.9759265699990449, 0.974843460001758, 0.9499296336306429, 0.9989506458073768, 0.9707655368311033, 0.9190397246422563, 0.679514174106174, 0.20496185548621024, 0.9292380273603423, 0.7281523944300003, -0.1321240605940649, -0.12984611964924742, 0.871494926142692, 0.9007153771949166, 0.920126719695197], [0.9586581523493941, 0.9579777484948935, 0.9586581523493941, 0.9453136274920134, 0.9453136274920134, 1.0, 1.0, 0.9186556798585334, 0.9186556798585334, 0.949012484221391, 0.9759265699990449, 0.974843460001758, 0.9499296336306429, 0.9989506458073768, 0.9707655368311033, 0.9190397246422563, 0.679514174106174, 0.20496185548621024, 0.9292380273603423, 0.7281523944300003, -0.1321240605940649, -0.12984611964924742, 0.871494926142692, 0.9007153771949166, 0.920126719695197], [0.8895989382523524, 0.8910887265432872, 0.8895989382523524, 0.8750821698062132, 0.8750821698062132, 0.9186556798585334, 0.9186556798585334, 1.0, 1.0, 0.8970342894451884, 0.9442032022073602, 0.9390483399203753, 0.934462901982024, 0.9195577082845261, 0.935819549992048, 0.9747632579470858, 0.6220229564706744, 0.2516434296967832, 0.828754836838939, 0.74283385265347, -0.16728608787765994, 0.01729739851325919, 0.7819460296112016, 0.7873658906638675, 0.8515091857891911], [0.8895989382523524, 0.8910887265432872, 0.8895989382523524, 0.8750821698062132, 0.8750821698062132, 0.9186556798585334, 0.9186556798585334, 1.0, 1.0, 0.8970342894451884, 0.9442032022073602, 0.9390483399203753, 0.934462901982024, 0.9195577082845261, 0.935819549992048, 0.9747632579470858, 0.6220229564706744, 0.2516434296967832, 0.828754836838939, 0.74283385265347, -0.16728608787765994, 0.01729739851325919, 0.7819460296112016, 0.7873658906638675, 0.8515091857891911], [0.9959665248249545, 0.9959281439189408, 0.9959665248249545, 0.9996131726882079, 0.9996131726882079, 0.949012484221391, 0.949012484221391, 0.8970342894451884, 0.8970342894451884, 1.0, 0.9869601354618492, 0.983092281593059, 0.9993843570998099, 0.9509926088932866, 0.9944944483726017, 0.9112550676819702, 0.8273308644992684, 0.07602924199540213, 0.9916327338533238, 0.7923264050015147, -0.19358089385276012, -0.3158441413985045, 0.8861715129561883, 0.9294441057777296, 0.9052198936586591], [0.9921145164802008, 0.9918308078346304, 0.9921145164802008, 0.9881689004911508, 0.9881689004911508, 0.9759265699990449, 0.9759265699990449, 0.9442032022073602, 0.9442032022073602, 0.9869601354618492, 1.0, 0.9996577522822646, 0.9879527554926162, 0.9744116374708285, 0.9888963552843938, 0.9250515051546107, 0.7928379686777977, 0.2646963271677546, 0.9864921658624687, 0.7154834043072934, -0.5703737449554618, 0.23346415384022426, 0.8545986441118334, 0.9302184244532228, 0.9544304310585655], [0.9917675620597555, 0.9911136708251186, 0.9917675620597555, 0.9841161117649299, 0.9841161117649299, 0.974843460001758, 0.974843460001758, 0.9390483399203753, 0.9390483399203753, 0.983092281593059, 0.9996577522822646, 1.0, 0.9848658038807625, 0.9722034327554283, 0.9870937657657358, 0.9135084655682876, 0.8144561841202899, 0.14899443034390458, 0.9810938537674135, 0.7200853316695538, -0.805474744826363, 0.27698349401708483, 0.8140686270519462, 0.9368144915935177, 0.9521898173707288], [0.995256839005863, 0.9952088252168613, 0.995256839005863, 0.9993439582032718, 0.9993439582032718, 0.9499296336306429, 0.9499296336306429, 0.934462901982024, 0.934462901982024, 0.9993843570998099, 0.9879527554926162, 0.9848658038807625, 1.0, 0.9512616810290819, 0.9937468744166182, 0.9325936995149697, 0.8296202736768015, 0.261888737720424, 0.9951285083997117, 0.7572216701647089, -0.35466607269651523, 0.17750333724888115, 0.8768164119425734, 0.9078604587228823, 0.9347786789622863], [0.9702361182274951, 0.969418207321186, 0.9702361182274951, 0.9524848368527052, 0.9524848368527052, 0.9989506458073768, 0.9989506458073768, 0.9195577082845261, 0.9195577082845261, 0.9509926088932866, 0.9744116374708285, 0.9722034327554283, 0.9512616810290819, 1.0, 0.9729079679957812, 0.9182427219403894, 0.7529675762564498, 0.17222905310600622, 0.9424335127664535, 0.7250391812192725, -0.2828441499530032, -0.20365838532010905, 0.9093695604726716, 0.9204320490834819, 0.9166527205796577], [0.998803456426699, 0.9988091963470014, 0.998803456426699, 0.9946397833558628, 0.9946397833558628, 0.9707655368311033, 0.9707655368311033, 0.935819549992048, 0.935819549992048, 0.9944944483726017, 0.9888963552843938, 0.9870937657657358, 0.9937468744166182, 0.9729079679957812, 1.0, 0.9452394351626247, 0.836400274266106, 0.27079745287226736, 0.9867996250286674, 0.7432536052609426, -0.34459838927243464, 0.18881827083672245, 0.9065353046466014, 0.9275433549559475, 0.939924456509749], [0.9282833979025147, 0.9289573168241883, 0.9282833979025147, 0.9114850956202796, 0.9114850956202796, 0.9190397246422563, 0.9190397246422563, 0.9747632579470858, 0.9747632579470858, 0.9112550676819702, 0.9250515051546107, 0.9135084655682876, 0.9325936995149697, 0.9182427219403894, 0.9452394351626247, 1.0, 0.7663007760651772, 0.20895936238234153, 0.8745958495232755, 0.7181757171426876, -0.06999200665324039, -0.23769174750422828, 0.8186070877713861, 0.8394548865334356, 0.8287982324456162], [0.8086661966046219, 0.8166513378207779, 0.8086661966046219, 0.7854510444288417, 0.7854510444288417, 0.679514174106174, 0.679514174106174, 0.6220229564706744, 0.6220229564706744, 0.8273308644992684, 0.7928379686777977, 0.8144561841202899, 0.8296202736768015, 0.7529675762564498, 0.836400274266106, 0.7663007760651772, 1.0, 0.5269942518513958, 0.7395497916266621, 0.7764363246627987, 0.49029388329540186, -0.5808668467938456, 0.2641448770288266, 0.8285814874260242, 0.651414073568303], [0.27059935451909817, 0.4051325061383475, 0.27059935451909817, 0.24488875334287574, 0.24488875334287574, 0.20496185548621024, 0.20496185548621024, 0.2516434296967832, 0.2516434296967832, 0.07602924199540213, 0.2646963271677546, 0.14899443034390458, 0.261888737720424, 0.17222905310600622, 0.27079745287226736, 0.20895936238234153, 0.5269942518513958, 1.0, 0.25417125554835057, 0.5657478928774246, 0.3845538166036075, 0.5543721134696479, 0.025110629088551426, 0.41983158070577914, 0.3876123911034909], [0.9775413701920301, 0.9701936810261582, 0.9775413701920301, 0.9887237150584214, 0.9887237150584214, 0.9292380273603423, 0.9292380273603423, 0.828754836838939, 0.828754836838939, 0.9916327338533238, 0.9864921658624687, 0.9810938537674135, 0.9951285083997117, 0.9424335127664535, 0.9867996250286674, 0.8745958495232755, 0.7395497916266621, 0.25417125554835057, 1.0, 0.7369126281605606, 0.011510919174100458, -0.34807637582763507, 0.6710926405903531, 0.9179605093747049, 0.9091012976746257], [0.8021826694385019, 0.7739915835739483, 0.8021826694385019, 0.7946951426076441, 0.7946951426076441, 0.7281523944300003, 0.7281523944300003, 0.74283385265347, 0.74283385265347, 0.7923264050015147, 0.7154834043072934, 0.7200853316695538, 0.7572216701647089, 0.7250391812192725, 0.7432536052609426, 0.7181757171426876, 0.7764363246627987, 0.5657478928774246, 0.7369126281605606, 1.0, 0.20677155072885647, -0.04765944685112858, 0.23110521077676804, 0.8278605588559497, 0.739095800099916], [0.09890830512866193, 0.10581960890249553, 0.09890830512866193, 0.06995261423722508, 0.06995261423722508, -0.1321240605940649, -0.1321240605940649, -0.16728608787765994, -0.16728608787765994, -0.19358089385276012, -0.5703737449554618, -0.805474744826363, -0.35466607269651523, -0.2828441499530032, -0.34459838927243464, -0.06999200665324039, 0.49029388329540186, 0.3845538166036075, 0.011510919174100458, 0.20677155072885647, 1.0, -0.08618388340698888, -0.16481471303997952, 0.09382948353870126, -0.10030932753818518], [-0.27890664199173065, -0.27860395732537907, -0.27890664199173065, -0.28355443059008073, -0.28355443059008073, -0.12984611964924742, -0.12984611964924742, 0.01729739851325919, 0.01729739851325919, -0.3158441413985045, 0.23346415384022426, 0.27698349401708483, 0.17750333724888115, -0.20365838532010905, 0.18881827083672245, -0.23769174750422828, -0.5808668467938456, 0.5543721134696479, -0.34807637582763507, -0.04765944685112858, -0.08618388340698888, 1.0, -0.06265287384561855, -0.3468798143799707, -0.0788794546163801], [0.7621990634911853, 0.657494776346942, 0.7621990634911853, 0.7718567137707967, 0.7718567137707967, 0.871494926142692, 0.871494926142692, 0.7819460296112016, 0.7819460296112016, 0.8861715129561883, 0.8545986441118334, 0.8140686270519462, 0.8768164119425734, 0.9093695604726716, 0.9065353046466014, 0.8186070877713861, 0.2641448770288266, 0.025110629088551426, 0.6710926405903531, 0.23110521077676804, -0.16481471303997952, -0.06265287384561855, 1.0, 0.5337693768195746, 0.7316002541111555], [0.9467669356527131, 0.9475175429081513, 0.9467669356527131, 0.935040836634788, 0.935040836634788, 0.9007153771949166, 0.9007153771949166, 0.7873658906638675, 0.7873658906638675, 0.9294441057777296, 0.9302184244532228, 0.9368144915935177, 0.9078604587228823, 0.9204320490834819, 0.9275433549559475, 0.8394548865334356, 0.8285814874260242, 0.41983158070577914, 0.9179605093747049, 0.8278605588559497, 0.09382948353870126, -0.3468798143799707, 0.5337693768195746, 1.0, 0.8809855071016565], [0.9183191017414694, 0.9243785932606213, 0.9183191017414694, 0.9186973670484764, 0.9186973670484764, 0.920126719695197, 0.920126719695197, 0.8515091857891911, 0.8515091857891911, 0.9052198936586591, 0.9544304310585655, 0.9521898173707288, 0.9347786789622863, 0.9166527205796577, 0.939924456509749, 0.8287982324456162, 0.651414073568303, 0.3876123911034909, 0.9091012976746257, 0.739095800099916, -0.10030932753818518, -0.0788794546163801, 0.7316002541111555, 0.8809855071016565, 1.0]], "x": ["^TAIEX       \u81fa\u7063\u52a0\u6b0a\u5831\u916c\u6307\u6578", "^TWII        \u81fa\u7063\u52a0\u6b0a\u6307\u6578", "^TAIEXx2     \u81fa\u7063\u52a0\u6b0a\u5831\u916c\u6307\u6578_\u65e5\u6b632", "^TAI50I      \u81fa\u706350\u5831\u916c\u6307\u6578", "^TAI50Ix2    \u81fa\u706350\u5831\u916c\u6307\u6578_\u65e5\u6b632", "^TAI100I     \u81fa\u7063\u4e2d\u578b100\u5831\u916c\u6307\u6578", "^TAI100Ix2   \u81fa\u7063\u4e2d\u578b100\u5831\u916c\u6307\u6578_\u65e5\u6b632", "^TAIDIVIDI   \u81fa\u7063\u9ad8\u80a1\u606f\u5831\u916c\u6307\u6578", "^TAIDIVIDIx2 \u81fa\u7063\u9ad8\u80a1\u606f\u5831\u916c\u6307\u6578_\u65e5\u6b632", "0050         \u5143\u5927\u81fa\u706350", "00631L       \u5143\u5927\u53f0\u706350\u6b632", "00675L       \u5bcc\u90a6\u81fa\u7063\u52a0\u6b0a\u6b632", "006208       \u5bcc\u90a6\u53f050", "0051         \u5143\u5927\u4e2d\u578b100", "006204       \u6c38\u8c50\u81fa\u7063\u52a0\u6b0a", "0056         \u5143\u5927\u9ad8\u80a1\u606f", "2412         \u4e2d\u83ef\u96fb\u4fe1", "2002         \u4e2d\u92fc", "2330         \u53f0\u7a4d\u96fb", "2317         \u9d3b\u6d77", "6505         \u53f0\u5851\u77f3\u5316", "3481         \u7fa4\u5275", "2303         \u806f\u96fb", "2308         \u53f0\u9054\u96fb", "2454         \u806f\u767c\u79d1"], "y": ["^TAIEX       \u81fa\u7063\u52a0\u6b0a\u5831\u916c\u6307\u6578", "^TWII        \u81fa\u7063\u52a0\u6b0a\u6307\u6578", "^TAIEXx2     \u81fa\u7063\u52a0\u6b0a\u5831\u916c\u6307\u6578_\u65e5\u6b632", "^TAI50I      \u81fa\u706350\u5831\u916c\u6307\u6578", "^TAI50Ix2    \u81fa\u706350\u5831\u916c\u6307\u6578_\u65e5\u6b632", "^TAI100I     \u81fa\u7063\u4e2d\u578b100\u5831\u916c\u6307\u6578", "^TAI100Ix2   \u81fa\u7063\u4e2d\u578b100\u5831\u916c\u6307\u6578_\u65e5\u6b632", "^TAIDIVIDI   \u81fa\u7063\u9ad8\u80a1\u606f\u5831\u916c\u6307\u6578", "^TAIDIVIDIx2 \u81fa\u7063\u9ad8\u80a1\u606f\u5831\u916c\u6307\u6578_\u65e5\u6b632", "0050         \u5143\u5927\u81fa\u706350", "00631L       \u5143\u5927\u53f0\u706350\u6b632", "00675L       \u5bcc\u90a6\u81fa\u7063\u52a0\u6b0a\u6b632", "006208       \u5bcc\u90a6\u53f050", "0051         \u5143\u5927\u4e2d\u578b100", "006204       \u6c38\u8c50\u81fa\u7063\u52a0\u6b0a", "0056         \u5143\u5927\u9ad8\u80a1\u606f", "2412         \u4e2d\u83ef\u96fb\u4fe1", "2002         \u4e2d\u92fc", "2330         \u53f0\u7a4d\u96fb", "2317         \u9d3b\u6d77", "6505         \u53f0\u5851\u77f3\u5316", "3481         \u7fa4\u5275", "2303         \u806f\u96fb", "2308         \u53f0\u9054\u96fb", "2454         \u806f\u767c\u79d1"], "zmin": -1, "zmax": 1, "colorbar": {"x": -0.2}}], "layout": {"autotypenumbers": "strict", "colorway": ["#636efa", "#EF553B", "#00cc96", "#ab63fa", "#FFA15A", "#19d3f3", "#FF6692", "#B6E880", "#FF97FF", "#FECB52"], "font": {"color": "#f2f5fa", "family": "Courier New"}, "hovermode": "closest", "hoverlabel": {"align": "left"}, "paper_bgcolor": "rgb(17,17,17)", "plot_bgcolor": "rgb(17,17,17)", "polar": {"bgcolor": "rgb(17,17,17)", "angularaxis": {"gridcolor": "#506784", "linecolor": "#506784", "ticks": ""}, "radialaxis": {"gridcolor": "#506784", "linecolor": "#506784", "ticks": ""}}, "ternary": {"bgcolor": "rgb(17,17,17)", "aaxis": {"gridcolor": "#506784", "linecolor": "#506784", "ticks": ""}, "baxis": {"gridcolor": "#506784", "linecolor": "#506784", "ticks": ""}, "caxis": {"gridcolor": "#506784", "linecolor": "#506784", "ticks": ""}}, "coloraxis": {"colorbar": {"outlinewidth": 0, "ticks": ""}}, "colorscale": {"sequential": [[0.0, "#0d0887"], [0.1111111111111111, "#46039f"], [0.2222222222222222, "#7201a8"], [0.3333333333333333, "#9c179e"], [0.4444444444444444, "#bd3786"], [0.5555555555555556, "#d8576b"], [0.6666666666666666, "#ed7953"], [0.7777777777777778, "#fb9f3a"], [0.8888888888888888, "#fdca26"], [1.0, "#f0f921"]], "sequentialminus": [[0.0, "#0d0887"], [0.1111111111111111, "#46039f"], [0.2222222222222222, "#7201a8"], [0.3333333333333333, "#9c179e"], [0.4444444444444444, "#bd3786"], [0.5555555555555556, "#d8576b"], [0.6666666666666666, "#ed7953"], [0.7777777777777778, "#fb9f3a"], [0.8888888888888888, "#fdca26"], [1.0, "#f0f921"]], "diverging": [[0, "#8e0152"], [0.1, "#c51b7d"], [0.2, "#de77ae"], [0.3, "#f1b6da"], [0.4, "#fde0ef"], [0.5, "#f7f7f7"], [0.6, "#e6f5d0"], [0.7, "#b8e186"], [0.8, "#7fbc41"], [0.9, "#4d9221"], [1, "#276419"]]}, "xaxis": {"gridcolor": "rgba(0, 0, 0, 0)", "linecolor": "#506784", "ticks": "", "title": {"standoff": 15}, "zerolinecolor": "#283442", "automargin": true, "zerolinewidth": 2, "tickfont": {"family": "Courier New", "size": 14}, "side": "top", "tickangle": -90}, "yaxis": {"gridcolor": "rgba(0, 0, 0, 0)", "linecolor": "#506784", "ticks": "", "title": {"standoff": 15}, "zerolinecolor": "#283442", "automargin": true, "zerolinewidth": 2, "tickfont": {"family": "Courier New"}, "side": "right"}, "scene": {"xaxis": {"backgroundcolor": "rgb(17,17,17)", "gridcolor": "#506784", "linecolor": "#506784", "showbackground": true, "ticks": "", "zerolinecolor": "#C8D4E3", "gridwidth": 2}, "yaxis": {"backgroundcolor": "rgb(17,17,17)", "gridcolor": "#506784", "linecolor": "#506784", "showbackground": true, "ticks": "", "zerolinecolor": "#C8D4E3", "gridwidth": 2}, "zaxis": {"backgroundcolor": "rgb(17,17,17)", "gridcolor": "#506784", "linecolor": "#506784", "showbackground": true, "ticks": "", "zerolinecolor": "#C8D4E3", "gridwidth": 2}}, "shapedefaults": {"line": {"color": "#f2f5fa"}}, "annotationdefaults": {"arrowcolor": "#f2f5fa", "arrowhead": 0, "arrowwidth": 1}, "geo": {"bgcolor": "rgb(17,17,17)", "landcolor": "rgb(17,17,17)", "subunitcolor": "#506784", "showland": true, "showlakes": true, "lakecolor": "rgb(17,17,17)"}, "title": {"x": 0.05, "font": {"family": "Times New Roman"}, "y": 0.05, "text": "<b>Correlation of Close<b><br><i>2016/09/23 ~ 2025/05/19<i>"}, "updatemenudefaults": {"bgcolor": "#506784", "borderwidth": 0}, "sliderdefaults": {"bgcolor": "#C8D4E3", "borderwidth": 1, "bordercolor": "rgb(17,17,17)", "tickwidth": 0}, "mapbox": {"style": "dark"}, "height": 600}};

Plotly.newPlot("correlationClose",
    correlationClose.data,
    correlationClose.layout || {},
    config);