var element=document.getElementById("correlationAdjClose");if(element.style.display!='none'){var correlationAdjClose={"data":[{"type":"heatmap","z":[[1.0,0.9950180867010348,0.9752304542844412,0.9970596480185818,0.9558058959797479,0.983958636802391,0.953273684851869,0.9889413250108783,0.9749775758962232,0.9972111810378357,0.996656974308704,0.9971228419986242,0.9931882728803435,0.9941898806493368,0.9967097572071912,0.9854927173983569,0.9997172487613712,0.9887594058083637,0.8983805542318128,0.91880693258935,0.6899334702728662,0.9847024653625894,0.9335920609512948,0.36482804859689333,-0.2986151981408846,0.8985406535620243,0.9274862854250294,0.9601626714490533,0.9771057112530284,0.9645428222449951,0.9791231242367295,0.9704552225534449,0.9404507497740435,0.9827450053280462,0.9750576434375572,0.9559203374572627],[0.9950180867010348,1.0,0.9714786197821684,0.9917807155657753,0.951782090054844,0.9801187090726448,0.9493127015350507,0.9812475121773341,0.9691763627884954,0.9930617644355156,0.9949241574594669,0.9944301605782968,0.9923143289078938,0.9922341771675073,0.994946844160122,0.9805738521198577,0.9972942885600308,0.9834531085283611,0.9191275274439699,0.9089760624470641,0.7102139740812812,0.9692022558440626,0.9169872233702193,0.36464537536965275,-0.230375966544001,0.8768855003987777,0.921687704710455,0.9595498313388715,0.9580213492321432,0.9525152853534924,0.9702888338130113,0.9568595287501069,0.9396069363846087,0.9733322110758474,0.9664602689822321,0.95090933166207],[0.9752304542844412,0.9714786197821684,1.0,0.9845016594654716,0.9944952486630151,0.9727455370470117,0.9783320016743298,0.9599046833522018,0.9784450425297407,0.984193547124881,0.990844816404473,0.987567277253782,0.9970313645056703,0.9968134455769521,0.9906105591954396,0.9703089511120928,0.9854757608310483,0.9594486328658555,0.8592991846377568,0.8223834014394463,0.5598316453146699,0.9921543705971652,0.9331051312887843,0.19345452550820774,-0.22284426721925302,0.8822664705079636,0.9412456573163749,0.9709039446670572,0.9182378223218162,0.9069376554217473,0.9663084620149892,0.9108990729272611,0.8868241142173002,0.9638571270987469,0.9713293848051164,0.9156930852815474],[0.9970596480185818,0.9917807155657753,0.9845016594654716,1.0,0.9721663501603195,0.975516295138535,0.9505821293232956,0.9803754562922768,0.9714344480662914,0.9999702098912157,0.9999918333563083,0.9999629074491893,0.9934469359884605,0.9920834878008925,0.9999510025448997,0.9743075444827173,0.995756934885887,0.9798697938923993,0.8813621077224524,0.9006711000675423,0.6515094413349963,0.993945852560225,0.9384195935101836,0.33214832495903446,-0.28753480270124454,0.8900196416354842,0.938760233517245,0.9635903735265301,0.9642818404762235,0.9579993090872477,0.9809889928462452,0.9573589783370049,0.9244079946267056,0.9795494829309773,0.9729741327042805,0.9446487061861774],[0.9558058959797479,0.951782090054844,0.9944952486630151,0.9721663501603195,1.0,0.9450165529320635,0.9574349647305332,0.9336960830742311,0.957554821411111,0.9722352201146791,0.9815652627021655,0.97768463700664,0.9834523751581478,0.9805825960376969,0.9811686985916098,0.9411102374668471,0.9666544191930249,0.9329085141102299,0.8250504532787647,0.7905805525546667,0.5091356045346817,0.9869307493489932,0.927559546415176,0.15832777898261302,-0.21170033793775786,0.847712984990849,0.9478241776468617,0.9560185566738433,0.8864700403669249,0.8819855185636669,0.9531004507128513,0.8788743041130688,0.847996694971904,0.9447424583225528,0.9515525531998766,0.8827430613636341],[0.983958636802391,0.9801187090726448,0.9727455370470117,0.975516295138535,0.9450165529320635,1.0,0.9829284383672716,0.9827036564866864,0.9828036578009541,0.9749671491031482,0.9696858013515449,0.9730747763510278,0.973540133291353,0.9710952268772021,0.9696195751416938,0.99990212691445,0.9870797248971082,0.9836097314425858,0.9015384357168352,0.8714647987790005,0.6589138200202234,0.9672058078517298,0.9050560456941227,0.24151378896650647,-0.22052006697765542,0.932078533474743,0.9003186900483472,0.9645336147044243,0.9597824793913192,0.9347062178857164,0.9584615584329526,0.9548388431372838,0.9522931207984069,0.9632852508338566,0.979792593370803,0.958143254907139],[0.953273684851869,0.9493127015350507,0.9783320016743298,0.9505821293232956,0.9574349647305332,0.9829284383672716,1.0,0.9547124989443709,0.9848239471132945,0.9492498192847415,0.9594664690616247,0.955925663657381,0.9776426753087002,0.9783189297394785,0.9592031936118935,0.9842034791626683,0.9715060572055958,0.9571579197115053,0.8660034777214253,0.7905562438500802,0.5492337876798559,0.9545005415972535,0.9070200131543599,0.10121859981561653,-0.15953487598477545,0.8940130227858956,0.8971216855769427,0.9606217542013602,0.9038441239129626,0.8716679749668426,0.9387243154831979,0.897007926826327,0.9034964921410928,0.9369490609504646,0.9692270363268188,0.9134946949301682],[0.9889413250108783,0.9812475121773341,0.9599046833522018,0.9803754562922768,0.9336960830742311,0.9827036564866864,0.9547124989443709,1.0,0.9838841947332898,0.9803627781694657,0.9756144357055812,0.9792136264356618,0.9698695545162154,0.9688608641120134,0.9757372485106639,0.984501594253685,0.9866922631349436,0.9998837120669279,0.9278269928739294,0.9294725238839628,0.627181747747024,0.967586057495183,0.9001323811927555,0.21926652295793778,-0.3104403169390805,0.906872910261009,0.8784338915173139,0.9451518793530554,0.9793328478131749,0.9573054439063481,0.9694231935278477,0.9661657226797443,0.9376250514929925,0.9639148189217299,0.9617714201377635,0.9680306736941952],[0.9749775758962232,0.9691763627884954,0.9784450425297407,0.9714344480662914,0.957554821411111,0.9828036578009541,0.9848239471132945,0.9838841947332898,1.0,0.9707047987979674,0.9669866048678886,0.9695249808853795,0.9720372833425085,0.9687894951075532,0.9668521710593672,0.9818681020186674,0.9747482468589469,0.9832501409607542,0.9027196223832888,0.8625710633935595,0.545801077898985,0.9689437179750786,0.9177848870124481,0.07869702537787752,-0.23313290126461578,0.8850821271031692,0.8837820902329377,0.9651319793749616,0.9380752291719161,0.9061816885886435,0.9628204177565519,0.923569978565863,0.9042490978969291,0.9538975711307097,0.9740452514303939,0.9287875266157897],[0.9972111810378357,0.9930617644355156,0.984193547124881,0.9999702098912157,0.9722352201146791,0.9749671491031482,0.9492498192847415,0.9803627781694657,0.9707047987979674,1.0,0.9999903798304001,0.9999828571398165,0.9933386692992905,0.9919528063476848,0.999955880945642,0.9737682872661798,0.9956394376163062,0.9799519239207034,0.8831727003196361,0.9018916460417296,0.6487280174364152,0.9941368880354792,0.9383004787548934,0.33721057284095124,-0.28699023460884765,0.8907163062048953,0.9370116324345442,0.9621736032107384,0.9640325204221702,0.9571961618297029,0.9800775061002092,0.9567690403902286,0.9230482129856438,0.9787996757655079,0.9719041836505193,0.9431661434735001],[0.996656974308704,0.9949241574594669,0.990844816404473,0.9999918333563083,0.9815652627021655,0.9696858013515449,0.9594664690616247,0.9756144357055812,0.9669866048678886,0.9999903798304001,1.0,0.9999738580836105,0.993471762423005,0.9920820031253704,0.9999585445604452,0.9693992153636781,0.9954239064410173,0.9762362313507951,0.9048243734167511,0.9295370956942709,0.5269332337018635,0.9972877183987585,0.9238619336824014,-0.1434053386732955,0.38468676189341644,0.8891998831652045,0.9076511838737091,0.9645492406378289,0.9548054363903694,0.9401588497619044,0.971990160850746,0.936538369898472,0.9010548080886687,0.9698440051185238,0.9809975905540353,0.9387537588736128],[0.9971228419986242,0.9944301605782968,0.987567277253782,0.9999629074491893,0.97768463700664,0.9730747763510278,0.955925663657381,0.9792136264356618,0.9695249808853795,0.9999828571398165,0.9999738580836105,1.0,0.9933477746427447,0.9919275159661607,0.999966877567016,0.9728960988924454,0.9955393355216612,0.9793981557706625,0.8906754392669349,0.9186192405969128,0.5921578072022009,0.9963019355144931,0.9350762222868726,0.070702270284013,-0.19351419813918197,0.9038322161885718,0.9228405299462993,0.9578794236116005,0.9581240736740116,0.9481644126743177,0.9767229166285009,0.947518581385289,0.918686327333178,0.9753284959212214,0.9716408349096111,0.947003654575741],[0.9931882728803435,0.9923143289078938,0.9970313645056703,0.9934469359884605,0.9834523751581478,0.973540133291353,0.9776426753087002,0.9698695545162154,0.9720372833425085,0.9933386692992905,0.993471762423005,0.9933477746427447,1.0,0.9997674942109954,0.9934682881637857,0.9733058736129376,0.9932864365371397,0.9706578493523442,0.8956820904914363,0.9173325416367709,0.4515391945035892,0.9894579013917678,0.9205222355936612,-0.40876078960149614,0.39824476782137763,0.8714057446733544,0.9067777960323663,0.9679616531417966,0.9378165479981503,0.9086731694451451,0.9567380105442955,0.913579098660751,0.8693785827415991,0.9673839527100528,0.9779458013071473,0.9309904770304442],[0.9941898806493368,0.9922341771675073,0.9968134455769521,0.9920834878008925,0.9805825960376969,0.9710952268772021,0.9783189297394785,0.9688608641120134,0.9687894951075532,0.9919528063476848,0.9920820031253704,0.9919275159661607,0.9997674942109954,1.0,0.9921928527525894,0.970763073412541,0.9941047237111483,0.9698340903645162,0.880293283503696,0.9270825917725114,0.310455821333213,0.9857290861724407,0.9143956056715529,-0.7508453831023958,0.3681163569339457,0.838880313993075,0.9039706779899015,0.9642139177750368,0.9314602785192724,0.897079466467875,0.9503963254376029,0.9141456063693559,0.8474604136494039,0.9681475997816017,0.9761104917066333,0.9252393163243013],[0.9967097572071912,0.994946844160122,0.9906105591954396,0.9999510025448997,0.9811686985916098,0.9696195751416938,0.9592031936118935,0.9757372485106639,0.9668521710593672,0.999955880945642,0.9999585445604452,0.999966877567016,0.9934682881637857,0.9921928527525894,1.0,0.9693887362223377,0.9954705553558486,0.976332516304504,0.9050275322351188,0.9300679087630258,0.526860914359089,0.9971246644555808,0.9239989532286009,-0.1412467319345918,0.3845227038558773,0.889243808035242,0.9067475345389295,0.964002985948871,0.9550520728206127,0.9405852027917179,0.9719768481843095,0.9370375792086658,0.9015649700800751,0.969814847559263,0.9809681285386087,0.9392899350681863],[0.9854927173983569,0.9805738521198577,0.9703089511120928,0.9743075444827173,0.9411102374668471,0.99990212691445,0.9842034791626683,0.984501594253685,0.9818681020186674,0.9737682872661798,0.9693992153636781,0.9728960988924454,0.9733058736129376,0.970763073412541,0.9693887362223377,1.0,0.9871125251574351,0.983824493365852,0.904465288789535,0.8952907630321683,0.6476324544240114,0.9647513016386478,0.8994073702019079,0.09665206214186761,-0.19941958091558268,0.9392956568147851,0.8887251467301376,0.9616454401485451,0.9632219806113741,0.9321016350886627,0.9551024605249343,0.9560457247098436,0.9514077527352033,0.9653314239290257,0.9790872411243885,0.9623228685435169],[0.9997172487613712,0.9972942885600308,0.9854757608310483,0.995756934885887,0.9666544191930249,0.9870797248971082,0.9715060572055958,0.9866922631349436,0.9747482468589469,0.9956394376163062,0.9954239064410173,0.9955393355216612,0.9932864365371397,0.9941047237111483,0.9954705553558486,0.9871125251574351,1.0,0.987272978209372,0.9235621030471243,0.9393184855944275,0.584764466042085,0.9883279706596589,0.9153131342595674,-0.08300743116160532,0.4123303055232595,0.91812093873306,0.8976614173555048,0.966822825956688,0.9716593590119499,0.9490514824084838,0.9703478395957872,0.9554718630739681,0.9318265593625803,0.9761322534910529,0.9868056116005791,0.9626077835863919],[0.9887594058083637,0.9834531085283611,0.9594486328658555,0.9798697938923993,0.9329085141102299,0.9836097314425858,0.9571579197115053,0.9998837120669279,0.9832501409607542,0.9799519239207034,0.9762362313507951,0.9793981557706625,0.9706578493523442,0.9698340903645162,0.976332516304504,0.983824493365852,0.987272978209372,1.0,0.9307122007979327,0.9356529029202049,0.6243207749864776,0.9661494256639214,0.9039009997413027,0.1830467394497779,-0.2921680362137643,0.9117209703487669,0.873790388645641,0.945107306235362,0.9798282879643944,0.9567604125045841,0.96786589407849,0.9648685407427195,0.9373645672934964,0.963133969989906,0.9598407252679674,0.9691566671081561],[0.8983805542318128,0.9191275274439699,0.8592991846377568,0.8813621077224524,0.8250504532787647,0.9015384357168352,0.8660034777214253,0.9278269928739294,0.9027196223832888,0.8831727003196361,0.9048243734167511,0.8906754392669349,0.8956820904914363,0.880293283503696,0.9050275322351188,0.904465288789535,0.9235621030471243,0.9307122007979327,1.0,0.8284804700913951,0.6953840576360604,0.8532560746516237,0.8056909763845862,0.26251592863413575,-0.16518168612761694,0.857637661559774,0.7495217820525912,0.8558797188086661,0.8924000027201111,0.8590379858449465,0.8556778727533757,0.8716069169608085,0.8578585009725094,0.8549559647213438,0.8755395199837135,0.8958599308534082],[0.91880693258935,0.9089760624470641,0.8223834014394463,0.9006711000675423,0.7905805525546667,0.8714647987790005,0.7905562438500802,0.9294725238839628,0.8625710633935595,0.9018916460417296,0.9295370956942709,0.9186192405969128,0.9173325416367709,0.9270825917725114,0.9300679087630258,0.8952907630321683,0.9393184855944275,0.9356529029202049,0.8284804700913951,1.0,0.8244085705353104,0.8510540540539747,0.8668101956538397,0.6353076423346502,-0.5249553448584222,0.716980256168091,0.8288938370458876,0.813944798548181,0.9596113614412904,0.9383087630726689,0.8993323472074938,0.947251355741513,0.9008746142511028,0.900395428685996,0.8517455396373578,0.8868830942713052],[0.6899334702728662,0.7102139740812812,0.5598316453146699,0.6515094413349963,0.5091356045346817,0.6589138200202234,0.5492337876798559,0.627181747747024,0.545801077898985,0.6487280174364152,0.5269332337018635,0.5921578072022009,0.4515391945035892,0.310455821333213,0.526860914359089,0.6476324544240114,0.584764466042085,0.6243207749864776,0.6953840576360604,0.8244085705353104,1.0,0.5810605567016275,0.6877946590212775,0.7246868653218282,-0.11611086540281738,0.5341151951659137,0.5950563001409037,0.6064777644533877,0.7699242615319006,0.7003386428930148,0.620407284020937,0.7358040442187117,0.7514039540785196,0.6598907739497814,0.6278246513375951,0.6788056195638056],[0.9847024653625894,0.9692022558440626,0.9921543705971652,0.993945852560225,0.9869307493489932,0.9672058078517298,0.9545005415972535,0.967586057495183,0.9689437179750786,0.9941368880354792,0.9972877183987585,0.9963019355144931,0.9894579013917678,0.9857290861724407,0.9971246644555808,0.9647513016386478,0.9883279706596589,0.9661494256639214,0.8532560746516237,0.8510540540539747,0.5810605567016275,1.0,0.9167698220179084,0.2591417448828987,-0.2790096970799585,0.8722216322678985,0.9426040079925838,0.9674929076539442,0.9309356042295416,0.9381777589483336,0.9725867248250843,0.9329916018460844,0.8961015217255374,0.9685999434077615,0.9584120915405993,0.9238931649635997],[0.9335920609512948,0.9169872233702193,0.9331051312887843,0.9384195935101836,0.927559546415176,0.9050560456941227,0.9070200131543599,0.9001323811927555,0.9177848870124481,0.9383004787548934,0.9238619336824014,0.9350762222868726,0.9205222355936612,0.9143956056715529,0.9239989532286009,0.8994073702019079,0.9153131342595674,0.9039009997413027,0.8056909763845862,0.8668101956538397,0.6877946590212775,0.9167698220179084,1.0,0.2977945686332652,-0.19007650799207154,0.7161876166487314,0.9127088722997263,0.8990189076847743,0.8978901299467945,0.8575469030151515,0.9351752120379242,0.8714549163649608,0.8397285648328154,0.9301734971740699,0.8852671775655185,0.8573015206151062],[0.36482804859689333,0.36464537536965275,0.19345452550820774,0.33214832495903446,0.15832777898261302,0.24151378896650647,0.10121859981561653,0.21926652295793778,0.07869702537787752,0.33721057284095124,-0.1434053386732955,0.070702270284013,-0.40876078960149614,-0.7508453831023958,-0.1412467319345918,0.09665206214186761,-0.08300743116160532,0.1830467394497779,0.26251592863413575,0.6353076423346502,0.7246868653218282,0.2591417448828987,0.2977945686332652,1.0,-0.3811530265698812,0.2627395117159482,0.2470079869220478,0.17182402476081113,0.4611121463906998,0.45434702519517595,0.30173344294460724,0.47671566833029927,0.4031673580714561,0.3284910831312962,0.2516717099684338,0.36980074686724107],[-0.2986151981408846,-0.230375966544001,-0.22284426721925302,-0.28753480270124454,-0.21170033793775786,-0.22052006697765542,-0.15953487598477545,-0.3104403169390805,-0.23313290126461578,-0.28699023460884765,0.38468676189341644,-0.19351419813918197,0.39824476782137763,0.3681163569339457,0.3845227038558773,-0.19941958091558268,0.4123303055232595,-0.2921680362137643,-0.16518168612761694,-0.5249553448584222,-0.11611086540281738,-0.2790096970799585,-0.19007650799207154,-0.3811530265698812,1.0,-0.1571106437296331,-0.2719053119014788,-0.18380892381505187,-0.38684321935101057,-0.3761155213976543,-0.3181747214054173,-0.34516546850830665,-0.21031615857768213,-0.34362786976423143,-0.1853910522257306,-0.31731874744079486],[0.8985406535620243,0.8768855003987777,0.8822664705079636,0.8900196416354842,0.847712984990849,0.932078533474743,0.8940130227858956,0.906872910261009,0.8850821271031692,0.8907163062048953,0.8891998831652045,0.9038322161885718,0.8714057446733544,0.838880313993075,0.889243808035242,0.9392956568147851,0.91812093873306,0.9117209703487669,0.857637661559774,0.716980256168091,0.5341151951659137,0.8722216322678985,0.7161876166487314,0.2627395117159482,-0.1571106437296331,1.0,0.7687205991658863,0.886728200456363,0.8227247352370605,0.8661462530569256,0.8308020203972915,0.873831615251453,0.8692026657652638,0.8611224523109093,0.86939594526854,0.9001039943691347],[0.9274862854250294,0.921687704710455,0.9412456573163749,0.938760233517245,0.9478241776468617,0.9003186900483472,0.8971216855769427,0.8784338915173139,0.8837820902329377,0.9370116324345442,0.9076511838737091,0.9228405299462993,0.9067777960323663,0.9039706779899015,0.9067475345389295,0.8887251467301376,0.8976614173555048,0.873790388645641,0.7495217820525912,0.8288938370458876,0.5950563001409037,0.9426040079925838,0.9127088722997263,0.2470079869220478,-0.2719053119014788,0.7687205991658863,1.0,0.8903869811637456,0.8825982723405683,0.8698032761073554,0.9139175101635606,0.8683026090017433,0.8323127413218802,0.9156824976314257,0.8961065205942655,0.8587103016480527],[0.9601626714490533,0.9595498313388715,0.9709039446670572,0.9635903735265301,0.9560185566738433,0.9645336147044243,0.9606217542013602,0.9451518793530554,0.9651319793749616,0.9621736032107384,0.9645492406378289,0.9578794236116005,0.9679616531417966,0.9642139177750368,0.964002985948871,0.9616454401485451,0.966822825956688,0.945107306235362,0.8558797188086661,0.813944798548181,0.6064777644533877,0.9674929076539442,0.8990189076847743,0.17182402476081113,-0.18380892381505187,0.886728200456363,0.8903869811637456,1.0,0.9117316870572297,0.8951105371107178,0.9458856359609624,0.8953842047776709,0.8884261958203424,0.9512859775050239,0.9739901235579067,0.8943972828754959],[0.9771057112530284,0.9580213492321432,0.9182378223218162,0.9642818404762235,0.8864700403669249,0.9597824793913192,0.9038441239129626,0.9793328478131749,0.9380752291719161,0.9640325204221702,0.9548054363903694,0.9581240736740116,0.9378165479981503,0.9314602785192724,0.9550520728206127,0.9632219806113741,0.9716593590119499,0.9798282879643944,0.8924000027201111,0.9596113614412904,0.7699242615319006,0.9309356042295416,0.8978901299467945,0.4611121463906998,-0.38684321935101057,0.8227247352370605,0.8825982723405683,0.9117316870572297,1.0,0.9866409336918036,0.9624200247615136,0.9906781171856972,0.9535743554401411,0.9597968607149474,0.9167296514101326,0.9688851609224335],[0.9645428222449951,0.9525152853534924,0.9069376554217473,0.9579993090872477,0.8819855185636669,0.9347062178857164,0.8716679749668426,0.9573054439063481,0.9061816885886435,0.9571961618297029,0.9401588497619044,0.9481644126743177,0.9086731694451451,0.897079466467875,0.9405852027917179,0.9321016350886627,0.9490514824084838,0.9567604125045841,0.8590379858449465,0.9383087630726689,0.7003386428930148,0.9381777589483336,0.8575469030151515,0.45434702519517595,-0.3761155213976543,0.8661462530569256,0.8698032761073554,0.8951105371107178,0.9866409336918036,1.0,0.9514658527118576,0.9844244471802999,0.9562558460532649,0.9404282729704042,0.9248510014568935,0.9641487272248878],[0.9791231242367295,0.9702888338130113,0.9663084620149892,0.9809889928462452,0.9531004507128513,0.9584615584329526,0.9387243154831979,0.9694231935278477,0.9628204177565519,0.9800775061002092,0.971990160850746,0.9767229166285009,0.9567380105442955,0.9503963254376029,0.9719768481843095,0.9551024605249343,0.9703478395957872,0.96786589407849,0.8556778727533757,0.8993323472074938,0.620407284020937,0.9725867248250843,0.9351752120379242,0.30173344294460724,-0.3181747214054173,0.8308020203972915,0.9139175101635606,0.9458856359609624,0.9624200247615136,0.9514658527118576,1.0,0.9523294960135584,0.9128742322436687,0.978640232186585,0.9631363275662378,0.9437217335411006],[0.9704552225534449,0.9568595287501069,0.9108990729272611,0.9573589783370049,0.8788743041130688,0.9548388431372838,0.897007926826327,0.9661657226797443,0.923569978565863,0.9567690403902286,0.936538369898472,0.947518581385289,0.913579098660751,0.9141456063693559,0.9370375792086658,0.9560457247098436,0.9554718630739681,0.9648685407427195,0.8716069169608085,0.947251355741513,0.7358040442187117,0.9329916018460844,0.8714549163649608,0.47671566833029927,-0.34516546850830665,0.873831615251453,0.8683026090017433,0.8953842047776709,0.9906781171856972,0.9844244471802999,0.9523294960135584,1.0,0.9741542379458256,0.9464573344821952,0.939304453166026,0.9648707758019103],[0.9404507497740435,0.9396069363846087,0.8868241142173002,0.9244079946267056,0.847996694971904,0.9522931207984069,0.9034964921410928,0.9376250514929925,0.9042490978969291,0.9230482129856438,0.9010548080886687,0.918686327333178,0.8693785827415991,0.8474604136494039,0.9015649700800751,0.9514077527352033,0.9318265593625803,0.9373645672934964,0.8578585009725094,0.9008746142511028,0.7514039540785196,0.8961015217255374,0.8397285648328154,0.4031673580714561,-0.21031615857768213,0.8692026657652638,0.8323127413218802,0.8884261958203424,0.9535743554401411,0.9562558460532649,0.9128742322436687,0.9741542379458256,1.0,0.9071677123955746,0.9295835581277264,0.9545702021632392],[0.9827450053280462,0.9733322110758474,0.9638571270987469,0.9795494829309773,0.9447424583225528,0.9632852508338566,0.9369490609504646,0.9639148189217299,0.9538975711307097,0.9787996757655079,0.9698440051185238,0.9753284959212214,0.9673839527100528,0.9681475997816017,0.969814847559263,0.9653314239290257,0.9761322534910529,0.963133969989906,0.8549559647213438,0.900395428685996,0.6598907739497814,0.9685999434077615,0.9301734971740699,0.3284910831312962,-0.34362786976423143,0.8611224523109093,0.9156824976314257,0.9512859775050239,0.9597968607149474,0.9404282729704042,0.978640232186585,0.9464573344821952,0.9071677123955746,1.0,0.9600979519298596,0.9445949000580547],[0.9750576434375572,0.9664602689822321,0.9713293848051164,0.9729741327042805,0.9515525531998766,0.979792593370803,0.9692270363268188,0.9617714201377635,0.9740452514303939,0.9719041836505193,0.9809975905540353,0.9716408349096111,0.9779458013071473,0.9761104917066333,0.9809681285386087,0.9790872411243885,0.9868056116005791,0.9598407252679674,0.8755395199837135,0.8517455396373578,0.6278246513375951,0.9584120915405993,0.8852671775655185,0.2516717099684338,-0.1853910522257306,0.86939594526854,0.8961065205942655,0.9739901235579067,0.9167296514101326,0.9248510014568935,0.9631363275662378,0.939304453166026,0.9295835581277264,0.9600979519298596,1.0,0.9234707137068361],[0.9559203374572627,0.95090933166207,0.9156930852815474,0.9446487061861774,0.8827430613636341,0.958143254907139,0.9134946949301682,0.9680306736941952,0.9287875266157897,0.9431661434735001,0.9387537588736128,0.947003654575741,0.9309904770304442,0.9252393163243013,0.9392899350681863,0.9623228685435169,0.9626077835863919,0.9691566671081561,0.8958599308534082,0.8868830942713052,0.6788056195638056,0.9238931649635997,0.8573015206151062,0.36980074686724107,-0.31731874744079486,0.9001039943691347,0.8587103016480527,0.8943972828754959,0.9688851609224335,0.9641487272248878,0.9437217335411006,0.9648707758019103,0.9545702021632392,0.9445949000580547,0.9234707137068361,1.0]],"x":["^TAIEX       \u81fa\u7063\u52a0\u6b0a\u5831\u916c\u6307\u6578","^TWII        \u81fa\u7063\u52a0\u6b0a\u6307\u6578","^TAIEXx2     \u81fa\u7063\u52a0\u6b0a\u5831\u916c\u6307\u6578_\u65e5\u6b632","^TAI50I      \u81fa\u706350\u5831\u916c\u6307\u6578","^TAI50Ix2    \u81fa\u706350\u5831\u916c\u6307\u6578_\u65e5\u6b632","^TAI100I     \u81fa\u7063\u4e2d\u578b100\u5831\u916c\u6307\u6578","^TAI100Ix2   \u81fa\u7063\u4e2d\u578b100\u5831\u916c\u6307\u6578_\u65e5\u6b632","^TAIDIVIDI   \u81fa\u7063\u9ad8\u80a1\u606f\u5831\u916c\u6307\u6578","^TAIDIVIDIx2 \u81fa\u7063\u9ad8\u80a1\u606f\u5831\u916c\u6307\u6578_\u65e5\u6b632","0050Fund     \u5143\u5927\u53f0\u7063\u5353\u8d8a50\u57fa\u91d1","006208Fund   \u5bcc\u90a6\u53f0\u7063\u91c6\u540950\u57fa\u91d1","0050         \u5143\u5927\u81fa\u706350","00631L       \u5143\u5927\u53f0\u706350\u6b632","00675L       \u5bcc\u90a6\u81fa\u7063\u52a0\u6b0a\u6b632","006208       \u5bcc\u90a6\u53f050","0051         \u5143\u5927\u4e2d\u578b100","006204       \u6c38\u8c50\u81fa\u7063\u52a0\u6b0a","0056         \u5143\u5927\u9ad8\u80a1\u606f","0056         \u5143\u5927\u9ad8\u80a1\u606f_\u80a1\u606f\u4e0d\u6295\u5165","2412         \u4e2d\u83ef\u96fb\u4fe1","2002         \u4e2d\u92fc","2330         \u53f0\u7a4d\u96fb","2317         \u9d3b\u6d77","6505         \u53f0\u5851\u77f3\u5316","3481         \u7fa4\u5275","2303         \u806f\u96fb","2308         \u53f0\u9054\u96fb","2454         \u806f\u767c\u79d1","2886         \u5146\u8c50\u91d1","2884         \u7389\u5c71\u91d1","2891         \u4e2d\u4fe1\u91d1","2892         \u7b2c\u4e00\u91d1","5880         \u5408\u5eab\u91d1","2881         \u5bcc\u90a6\u91d1","2885         \u5143\u5927\u91d1","2887         \u53f0\u65b0\u91d1"],"y":["^TAIEX       \u81fa\u7063\u52a0\u6b0a\u5831\u916c\u6307\u6578","^TWII        \u81fa\u7063\u52a0\u6b0a\u6307\u6578","^TAIEXx2     \u81fa\u7063\u52a0\u6b0a\u5831\u916c\u6307\u6578_\u65e5\u6b632","^TAI50I      \u81fa\u706350\u5831\u916c\u6307\u6578","^TAI50Ix2    \u81fa\u706350\u5831\u916c\u6307\u6578_\u65e5\u6b632","^TAI100I     \u81fa\u7063\u4e2d\u578b100\u5831\u916c\u6307\u6578","^TAI100Ix2   \u81fa\u7063\u4e2d\u578b100\u5831\u916c\u6307\u6578_\u65e5\u6b632","^TAIDIVIDI   \u81fa\u7063\u9ad8\u80a1\u606f\u5831\u916c\u6307\u6578","^TAIDIVIDIx2 \u81fa\u7063\u9ad8\u80a1\u606f\u5831\u916c\u6307\u6578_\u65e5\u6b632","0050Fund     \u5143\u5927\u53f0\u7063\u5353\u8d8a50\u57fa\u91d1","006208Fund   \u5bcc\u90a6\u53f0\u7063\u91c6\u540950\u57fa\u91d1","0050         \u5143\u5927\u81fa\u706350","00631L       \u5143\u5927\u53f0\u706350\u6b632","00675L       \u5bcc\u90a6\u81fa\u7063\u52a0\u6b0a\u6b632","006208       \u5bcc\u90a6\u53f050","0051         \u5143\u5927\u4e2d\u578b100","006204       \u6c38\u8c50\u81fa\u7063\u52a0\u6b0a","0056         \u5143\u5927\u9ad8\u80a1\u606f","0056         \u5143\u5927\u9ad8\u80a1\u606f_\u80a1\u606f\u4e0d\u6295\u5165","2412         \u4e2d\u83ef\u96fb\u4fe1","2002         \u4e2d\u92fc","2330         \u53f0\u7a4d\u96fb","2317         \u9d3b\u6d77","6505         \u53f0\u5851\u77f3\u5316","3481         \u7fa4\u5275","2303         \u806f\u96fb","2308         \u53f0\u9054\u96fb","2454         \u806f\u767c\u79d1","2886         \u5146\u8c50\u91d1","2884         \u7389\u5c71\u91d1","2891         \u4e2d\u4fe1\u91d1","2892         \u7b2c\u4e00\u91d1","5880         \u5408\u5eab\u91d1","2881         \u5bcc\u90a6\u91d1","2885         \u5143\u5927\u91d1","2887         \u53f0\u65b0\u91d1"],"zmin":-1,"zmax":1,"colorbar":{"x":-0.2}}],"layout":{"autotypenumbers":"strict","colorway":["#636efa","#EF553B","#00cc96","#ab63fa","#FFA15A","#19d3f3","#FF6692","#B6E880","#FF97FF","#FECB52"],"font":{"color":"#f2f5fa","family":"Courier New"},"hovermode":"closest","hoverlabel":{"align":"left"},"paper_bgcolor":"rgb(17,17,17)","plot_bgcolor":"rgb(17,17,17)","polar":{"bgcolor":"rgb(17,17,17)","angularaxis":{"gridcolor":"#506784","linecolor":"#506784","ticks":""},"radialaxis":{"gridcolor":"#506784","linecolor":"#506784","ticks":""}},"ternary":{"bgcolor":"rgb(17,17,17)","aaxis":{"gridcolor":"#506784","linecolor":"#506784","ticks":""},"baxis":{"gridcolor":"#506784","linecolor":"#506784","ticks":""},"caxis":{"gridcolor":"#506784","linecolor":"#506784","ticks":""}},"coloraxis":{"colorbar":{"outlinewidth":0,"ticks":""}},"colorscale":{"sequential":[[0.0,"#0d0887"],[0.1111111111111111,"#46039f"],[0.2222222222222222,"#7201a8"],[0.3333333333333333,"#9c179e"],[0.4444444444444444,"#bd3786"],[0.5555555555555556,"#d8576b"],[0.6666666666666666,"#ed7953"],[0.7777777777777778,"#fb9f3a"],[0.8888888888888888,"#fdca26"],[1.0,"#f0f921"]],"sequentialminus":[[0.0,"#0d0887"],[0.1111111111111111,"#46039f"],[0.2222222222222222,"#7201a8"],[0.3333333333333333,"#9c179e"],[0.4444444444444444,"#bd3786"],[0.5555555555555556,"#d8576b"],[0.6666666666666666,"#ed7953"],[0.7777777777777778,"#fb9f3a"],[0.8888888888888888,"#fdca26"],[1.0,"#f0f921"]],"diverging":[[0,"#8e0152"],[0.1,"#c51b7d"],[0.2,"#de77ae"],[0.3,"#f1b6da"],[0.4,"#fde0ef"],[0.5,"#f7f7f7"],[0.6,"#e6f5d0"],[0.7,"#b8e186"],[0.8,"#7fbc41"],[0.9,"#4d9221"],[1,"#276419"]]},"xaxis":{"gridcolor":"rgba(0, 0, 0, 0)","linecolor":"#506784","ticks":"","title":{"standoff":15},"zerolinecolor":"#283442","automargin":true,"zerolinewidth":2,"tickfont":{"family":"Courier New","size":14},"side":"top","tickangle":-90},"yaxis":{"gridcolor":"rgba(0, 0, 0, 0)","linecolor":"#506784","ticks":"","title":{"standoff":15},"zerolinecolor":"#283442","automargin":true,"zerolinewidth":2,"tickfont":{"family":"Courier New"},"side":"right"},"scene":{"xaxis":{"backgroundcolor":"rgb(17,17,17)","gridcolor":"#506784","linecolor":"#506784","showbackground":true,"ticks":"","zerolinecolor":"#C8D4E3","gridwidth":2},"yaxis":{"backgroundcolor":"rgb(17,17,17)","gridcolor":"#506784","linecolor":"#506784","showbackground":true,"ticks":"","zerolinecolor":"#C8D4E3","gridwidth":2},"zaxis":{"backgroundcolor":"rgb(17,17,17)","gridcolor":"#506784","linecolor":"#506784","showbackground":true,"ticks":"","zerolinecolor":"#C8D4E3","gridwidth":2}},"shapedefaults":{"line":{"color":"#f2f5fa"}},"annotationdefaults":{"arrowcolor":"#f2f5fa","arrowhead":0,"arrowwidth":1},"geo":{"bgcolor":"rgb(17,17,17)","landcolor":"rgb(17,17,17)","subunitcolor":"#506784","showland":true,"showlakes":true,"lakecolor":"rgb(17,17,17)"},"title":{"x":0.05,"font":{"family":"Times New Roman"},"y":0.05,"text":"<b>Correlation of Adj Close<b><br><i>2016-09-23 ~ 2025-12-10<i>"},"updatemenudefaults":{"bgcolor":"#506784","borderwidth":0},"sliderdefaults":{"bgcolor":"#C8D4E3","borderwidth":1,"bordercolor":"rgb(17,17,17)","tickwidth":0},"mapbox":{"style":"dark"},"annotations":[{"text":"<b>@zwindr<b>","textangle":0,"opacity":0.5,"font":{"color":"white","size":12},"xref":"paper","yref":"paper","xanchor":"left","yanchor":"bottom","x":1.0,"y":1.0,"showarrow":false}]},"config":{"responsive":true,"toImageButtonOptions":{"filename":"Correlation of Adj Close_2016-09-23~2025-12-10","scale":5}}};Plotly.newPlot("correlationAdjClose",correlationAdjClose.data,correlationAdjClose.layout||{},correlationAdjClose.config);}else{console.log("style display is none => correlationAdjClose");}