var element=document.getElementById("correlationAdjClose");if(element.style.display!='none'){var correlationAdjClose={"data":[{"type":"heatmap","z":[[1.0,0.9954933732981748,0.9717786677211226,0.9967703123535284,0.9475874966346902,0.9852684913692681,0.9577533465874016,0.9868652871760373,0.9767263814419634,0.9969228804427488,0.9964440636631676,0.9968900212476302,0.9913606322253316,0.9925958664516502,0.9965488218298263,0.9864814850831116,0.9997390732050282,0.9865057901050637,0.8947170887041882,0.9139826458504189,0.6646136252144547,0.9841724368056176,0.9396964123118252,0.3334463460569302,-0.2850000296597703,0.9026607022661699,0.920842481375604,0.9633193787875217,0.9712575122870678,0.96302040363053,0.9809102963610804,0.9668994085267082,0.9338700944518219,0.9829742988343737,0.9774572523163791,0.9585247425456539],[0.9954933732981748,1.0,0.9693483345336685,0.9922462373728053,0.9451206042971287,0.9816788587331635,0.9545206050223984,0.9792272083197642,0.9712434095979111,0.9934554159284862,0.9951683393151076,0.9947456131173452,0.9911089820223925,0.9914453610225538,0.9952412034779892,0.9819195715841814,0.9976126840002959,0.9810854724522337,0.9129259337693536,0.9041537078750727,0.6874335750265286,0.9705665134948874,0.9237651621796026,0.3321062267280221,-0.2196312666053497,0.8828056630651433,0.9171451811922202,0.9627407040634749,0.9530793026972741,0.9515004209557126,0.9730277741145467,0.9536739702450517,0.9330290446767799,0.9741427747236419,0.9696356689464836,0.9537939473193701],[0.9717786677211226,0.9693483345336685,1.0,0.9833701448669633,0.9938788375156957,0.9674092020519012,0.978061608313796,0.9469508114804093,0.9704486058720082,0.9831496705934899,0.9898377419002802,0.9865740050652997,0.9971908696635011,0.9970110782619813,0.9895095452776305,0.9646532766958662,0.9824013997379438,0.9461800830688832,0.8417943399857212,0.8079454471231701,0.5206997298275177,0.992185780565555,0.9340160231233804,0.15879612356741024,-0.20445690151285167,0.8768517706192536,0.9503771386728401,0.9648902892244184,0.8987796449799181,0.8960458497557566,0.96594957337544,0.8960285761770297,0.864774926064945,0.9549178427158032,0.9691048480719581,0.9128733256484403],[0.9967703123535284,0.9922462373728053,0.9833701448669633,1.0,0.966875845828059,0.9766462331740602,0.9563514101761724,0.9760960405874707,0.9720947010246019,0.9999736648950767,0.9999929273804552,0.9999668160228632,0.993762165151455,0.9929253373778723,0.9999559093957556,0.9751666799200921,0.9958377471963188,0.975338048392528,0.8744811912730623,0.8926589350243785,0.6221820819293993,0.9941406836584448,0.9438521014304163,0.297483030624095,-0.27161378167702466,0.8924541703642087,0.936773131880232,0.9654079108710985,0.9550850246108316,0.953760178197747,0.9828665544651229,0.9510707450875708,0.9143308301723672,0.9782735369687448,0.9755117004259931,0.9466328880729478],[0.9475874966346902,0.9451206042971287,0.9938788375156957,0.966875845828059,1.0,0.9353626357783126,0.9549565176181206,0.9130450012982166,0.9432792854952028,0.9670499277655056,0.9766203382161944,0.9725723618372143,0.9831336109519481,0.9810625887335052,0.976049238915393,0.9312227296530203,0.9595482142912779,0.9118527637166557,0.7989287345975143,0.7680903985051705,0.463449444287654,0.9834953540185462,0.9219033854146141,0.12075754823769912,-0.18922032432949992,0.8367818091865089,0.9594640328785534,0.9431512201875831,0.8579847825280739,0.8631478811468919,0.9483423810159483,0.8561848985612008,0.8173303605113077,0.9286060925212389,0.9450496797268871,0.8757880690834884],[0.9852684913692681,0.9816788587331635,0.9674092020519012,0.9766462331740602,0.9353626357783126,1.0,0.9832083918892116,0.9825331536285583,0.9842136481822716,0.9761679837991889,0.9706214025150632,0.9741582201507788,0.9698256185877433,0.9673636003103645,0.9706700386628548,0.9999078521996131,0.9876737756842392,0.9833309020666244,0.9000919330535181,0.8719974394151333,0.6344577047606345,0.9673885747438439,0.913421908573339,0.21515903919341656,-0.21265709684623085,0.934186878377882,0.8936871656609088,0.9674588167385157,0.9566796656552042,0.9363259991949693,0.9615833959738789,0.9537088023899042,0.9469116683740924,0.9654830476026734,0.9812078669285499,0.9610241308687684],[0.9577533465874016,0.9545206050223984,0.978061608313796,0.9563514101761724,0.9549565176181206,0.9832083918892116,1.0,0.9531729649584998,0.9842227294794925,0.9551791245236714,0.9642372836369053,0.9611552706069257,0.9778724306904973,0.9778789330835792,0.9640394684651313,0.9843592688697685,0.9746749479683685,0.9553452770750617,0.8612363383622461,0.791619397529678,0.5213629194427545,0.9597516361930905,0.9159871869338783,0.07730831822927398,-0.15222338502248695,0.8957166316900014,0.9027165051517174,0.9627625735447892,0.8987949548870436,0.8743024814595575,0.945293924821352,0.8951222136047713,0.894353571500786,0.9392993946205005,0.972113284803432,0.9183218120866372],[0.9868652871760373,0.9792272083197642,0.9469508114804093,0.9760960405874707,0.9130450012982166,0.9825331536285583,0.9531729649584998,1.0,0.9841696368407018,0.9760910958672032,0.9706951764153848,0.9748475464429809,0.9588706627383303,0.9572513119763534,0.9710005780640546,0.9843411153975896,0.9840108082151188,0.9998895527220223,0.9287964672525876,0.9310824091786485,0.6079536966439706,0.9611423249206208,0.9052466576871842,0.1916701298128558,-0.30243568508788776,0.9113948665798189,0.8592697531812633,0.9478615591142922,0.978952002856008,0.95943259035829,0.9675237489242778,0.9673040874386161,0.9374431856109342,0.9657733114947491,0.9614030643695014,0.9699279987732997],[0.9767263814419634,0.9712434095979111,0.9704486058720082,0.9720947010246019,0.9432792854952028,0.9842136481822716,0.9842227294794925,0.9841696368407018,1.0,0.9714460559444226,0.9669886530271631,0.9701266458397759,0.9661858733557098,0.9622217415727408,0.9669984817576229,0.9833667321217576,0.9759723340834029,0.9835444227128483,0.9022182856000415,0.8655362031181103,0.5231973072326895,0.9677145959511925,0.9246212665614106,0.05200179759242363,-0.22515280144897593,0.8905995137501665,0.8757921666081925,0.9678502851896897,0.9373397028406991,0.9103474037012659,0.964975711331511,0.9254066586648,0.9024558013889042,0.957227783633843,0.9755640090160844,0.9340886995041818],[0.9969228804427488,0.9934554159284862,0.9831496705934899,0.9999736648950767,0.9670499277655056,0.9761679837991889,0.9551791245236714,0.9760910958672032,0.9714460559444226,1.0,0.9999917522881068,0.9999842276365949,0.99370069390725,0.9928556346532666,0.9999594500963759,0.9746941891371675,0.9957295097387854,0.9754231981906598,0.8761561361303217,0.8939404500538273,0.6181465746513655,0.9943394443772972,0.9439403622196564,0.302315239143203,-0.2710951561456774,0.8929011224546212,0.9352477820566719,0.9641148696544782,0.9547542397530394,0.9529250718995458,0.982090894691196,0.9504531541333423,0.9129907889784623,0.9775517759202417,0.9746285217219314,0.9453660612033963],[0.9964440636631676,0.9951683393151076,0.9898377419002802,0.9999929273804552,0.9766203382161944,0.9706214025150632,0.9642372836369053,0.9706951764153848,0.9669886530271631,0.9999917522881068,1.0,0.9999765076218394,0.9937961485358404,0.9929377452867549,0.9999617508508728,0.9701705432419849,0.9955343389494382,0.9711119452738052,0.89452150906671,0.9224150826886436,0.4800032373071768,0.9973557930113911,0.9324164116723039,-0.1806894836015067,0.4221318949949503,0.8870824802674485,0.9115079599821369,0.964483388615217,0.9431927437693877,0.93606139758684,0.975470591593208,0.9293089722828383,0.8853751733407512,0.9689810630148564,0.9823156122466407,0.9417350539902334],[0.9968900212476302,0.9947456131173452,0.9865740050652997,0.9999668160228632,0.9725723618372143,0.9741582201507788,0.9611552706069257,0.9748475464429809,0.9701266458397759,0.9999842276365949,0.9999765076218394,1.0,0.9937009702553921,0.9928358434963827,0.9999693806620785,0.9738525135736306,0.9956462922515724,0.9747791643719392,0.8832934730670438,0.9109140476633216,0.5518103749841785,0.9963931012727023,0.9417443645939977,0.0302135854533757,-0.16407375067939095,0.9028809948709796,0.9231621312764094,0.9598401734111371,0.9474414830538519,0.9433224134886363,0.9792786435218893,0.9404562190754621,0.9055508818065992,0.9740908716231647,0.9745507647031747,0.9482906024260452],[0.9913606322253316,0.9911089820223925,0.9971908696635011,0.993762165151455,0.9831336109519481,0.9698256185877433,0.9778724306904973,0.9588706627383303,0.9661858733557098,0.99370069390725,0.9937961485358404,0.9937009702553921,1.0,0.9998104187322574,0.9937096053758423,0.969271565708366,0.9916986204775529,0.9591862026274602,0.8751410350481635,0.9069284851561272,0.39144205210992966,0.9911743733335985,0.9276806318101646,-0.43393946947623163,0.44125143237057124,0.8641701326894474,0.9201494198654819,0.961979167824942,0.9178261980982975,0.9028920680337534,0.9616842555705906,0.9016046342807392,0.8440932950752292,0.961335744225691,0.976427597317034,0.9325448381521432],[0.9925958664516502,0.9914453610225538,0.9970110782619813,0.9929253373778723,0.9810625887335052,0.9673636003103645,0.9778789330835792,0.9572513119763534,0.9622217415727408,0.9928556346532666,0.9929377452867549,0.9928358434963827,0.9998104187322574,1.0,0.9929658299083527,0.9667069846182383,0.9927414564876167,0.957709640745981,0.8586257185485864,0.9171489202173931,0.24474410245380518,0.9883514420560362,0.9216934505779313,-0.7500049767892425,0.4158431837314739,0.8332803687447775,0.9200599149044772,0.9569141920369868,0.9097983641002642,0.8944531674709091,0.956871778020657,0.9031948692323046,0.8203797102070629,0.9601386700850039,0.9748213818716901,0.9295093051312592],[0.9965488218298263,0.9952412034779892,0.9895095452776305,0.9999559093957556,0.976049238915393,0.9706700386628548,0.9640394684651313,0.9710005780640546,0.9669984817576229,0.9999594500963759,0.9999617508508728,0.9999693806620785,0.9937096053758423,0.9929658299083527,1.0,0.9703016453917767,0.9956307264834484,0.971335313561756,0.8949096332836037,0.9230236992078884,0.48055175542124084,0.997157481147257,0.9324660200752825,-0.17864476132108978,0.4236809132349583,0.887544921118554,0.9105428161432789,0.9642397419496235,0.94346255239209,0.9365881489457754,0.9754973971741864,0.9298859044597473,0.8858923145915465,0.9689584551802742,0.9823782616131735,0.9424827949266703],[0.9864814850831116,0.9819195715841814,0.9646532766958662,0.9751666799200921,0.9312227296530203,0.9999078521996131,0.9843592688697685,0.9843411153975896,0.9833667321217576,0.9746941891371675,0.9701705432419849,0.9738525135736306,0.969271565708366,0.9667069846182383,0.9703016453917767,1.0,0.9876089529175536,0.9836020137882509,0.9029953019725346,0.8959340832407043,0.6183570320326187,0.9647533487605163,0.908342784346799,0.065570836387052,-0.18476052074424698,0.9407488590672526,0.881776510133427,0.9648815000075374,0.9599044042285588,0.9339363154131867,0.958390026959785,0.9549641557848683,0.9454103769286746,0.9674567951969436,0.9804039619144237,0.964884245555752],[0.9997390732050282,0.9976126840002959,0.9824013997379438,0.9958377471963188,0.9595482142912779,0.9876737756842392,0.9746749479683685,0.9840108082151188,0.9759723340834029,0.9957295097387854,0.9955343389494382,0.9956462922515724,0.9916986204775529,0.9927414564876167,0.9956307264834484,0.9876089529175536,1.0,0.9843866798576543,0.9170028225076078,0.9350941729190945,0.5432512584541274,0.9882614231877888,0.9245977497260239,-0.1204016581525905,0.4471069707705031,0.9174085738169568,0.896994473018328,0.9686527298809874,0.9633499218729309,0.9472802676471354,0.9736187563294049,0.9506055104710599,0.9197799416849484,0.9764270795330021,0.9881657282887301,0.964581641126096],[0.9865057901050637,0.9810854724522337,0.9461800830688832,0.975338048392528,0.9118527637166557,0.9833309020666244,0.9553452770750617,0.9998895527220223,0.9835444227128483,0.9754231981906598,0.9711119452738052,0.9747791643719392,0.9591862026274602,0.957709640745981,0.971335313561756,0.9836020137882509,0.9843866798576543,1.0,0.9316341573606729,0.9372635143165293,0.6048024720313833,0.9593363844429069,0.9087146868224275,0.15451764967994513,-0.2785715896253886,0.9160007947144617,0.8542936316270479,0.9477211150540008,0.979455057636845,0.958954434873513,0.9658109576545083,0.9661221992810645,0.9370769696917546,0.9649822010870615,0.9594546395491462,0.9709386183318913],[0.8947170887041882,0.9129259337693536,0.8417943399857212,0.8744811912730623,0.7989287345975143,0.9000919330535181,0.8612363383622461,0.9287964672525876,0.9022182856000415,0.8761561361303217,0.89452150906671,0.8832934730670438,0.8751410350481635,0.8586257185485864,0.8949096332836037,0.9029953019725346,0.9170028225076078,0.9316341573606729,1.0,0.8344929383254377,0.6839249396849666,0.8442955787601947,0.8081783826370225,0.241035307413186,-0.15912954761274087,0.8620869492833659,0.7261786333264357,0.8574774303259921,0.8960639623902817,0.8638507670175178,0.8525344118742032,0.87606790734347,0.862188032471785,0.8576527937109075,0.8722582177365225,0.8972069948043488],[0.9139826458504189,0.9041537078750727,0.8079454471231701,0.8926589350243785,0.7680903985051705,0.8719974394151333,0.791619397529678,0.9310824091786485,0.8655362031181103,0.8939404500538273,0.9224150826886436,0.9109140476633216,0.9069284851561272,0.9171489202173931,0.9230236992078884,0.8959340832407043,0.9350941729190945,0.9372635143165293,0.8344929383254377,1.0,0.8184951025731928,0.8411145963455914,0.8660701461227702,0.6176943913202213,-0.5168710194028164,0.7260448607812818,0.7967769823343519,0.8167240679681504,0.9606447363805506,0.939315564606014,0.893049600130243,0.9485238611334692,0.9037504640206951,0.9002625265015712,0.8498602085815116,0.88778410318824],[0.6646136252144547,0.6874335750265286,0.5206997298275177,0.6221820819293993,0.463449444287654,0.6344577047606345,0.5213629194427545,0.6079536966439706,0.5231973072326895,0.6181465746513655,0.4800032373071768,0.5518103749841785,0.39144205210992966,0.24474410245380518,0.48055175542124084,0.6183570320326187,0.5432512584541274,0.6048024720313833,0.6839249396849666,0.8184951025731928,1.0,0.5543542419596306,0.6691371275062716,0.7228661396948195,-0.1159594347025738,0.5283922324742,0.5416869120706977,0.5909074578100519,0.7629417513612742,0.689822155839365,0.596303660335866,0.7252658263556593,0.7466887197732093,0.6441884264046964,0.6083797303546452,0.6630873698289868],[0.9841724368056176,0.9705665134948874,0.992185780565555,0.9941406836584448,0.9834953540185462,0.9673885747438439,0.9597516361930905,0.9611423249206208,0.9677145959511925,0.9943394443772972,0.9973557930113911,0.9963931012727023,0.9911743733335985,0.9883514420560362,0.997157481147257,0.9647533487605163,0.9882614231877888,0.9593363844429069,0.8442955787601947,0.8411145963455914,0.5543542419596306,1.0,0.9221397235878809,0.2251142176549419,-0.2602880997253702,0.8738576810555693,0.9460000290237232,0.9668074066291185,0.9188020250363587,0.9313351250457473,0.9745508259856623,0.9240458297546023,0.8827613931564817,0.9653017616100786,0.9613865519369879,0.9253436137626329],[0.9396964123118252,0.9237651621796026,0.9340160231233804,0.9438521014304163,0.9219033854146141,0.913421908573339,0.9159871869338783,0.9052466576871842,0.9246212665614106,0.9439403622196564,0.9324164116723039,0.9417443645939977,0.9276806318101646,0.9216934505779313,0.9324660200752825,0.908342784346799,0.9245977497260239,0.9087146868224275,0.8081783826370225,0.8660701461227702,0.6691371275062716,0.9221397235878809,1.0,0.27040263962859185,-0.18244615498554026,0.7333204392920569,0.9048998512019077,0.9068959372451945,0.8986910452288703,0.8644376954603805,0.9411739647730999,0.8755471813826899,0.8412799853214753,0.9354040417354794,0.8955307246229377,0.8679092714613832],[0.3334463460569302,0.3321062267280221,0.15879612356741024,0.297483030624095,0.12075754823769912,0.21515903919341656,0.07730831822927398,0.1916701298128558,0.05200179759242363,0.302315239143203,-0.1806894836015067,0.0302135854533757,-0.43393946947623163,-0.7500049767892425,-0.17864476132108978,0.065570836387052,-0.1204016581525905,0.15451764967994513,0.241035307413186,0.6176943913202213,0.7228661396948195,0.2251142176549419,0.27040263962859185,1.0,-0.3792336916191749,0.24619923992540907,0.1956542933019264,0.15299192552401691,0.443921678948473,0.4332444390357898,0.27077101599837766,0.45710629201800673,0.38976047599492575,0.30489298943581084,0.22521435468399947,0.345059168091741],[-0.2850000296597703,-0.2196312666053497,-0.20445690151285167,-0.27161378167702466,-0.18922032432949992,-0.21265709684623085,-0.15222338502248695,-0.30243568508788776,-0.22515280144897593,-0.2710951561456774,0.4221318949949503,-0.16407375067939095,0.44125143237057124,0.4158431837314739,0.4236809132349583,-0.18476052074424698,0.4471069707705031,-0.2785715896253886,-0.15912954761274087,-0.5168710194028164,-0.1159594347025738,-0.2602880997253702,-0.18244615498554026,-0.3792336916191749,1.0,-0.15403508681798675,-0.23748140673352872,-0.17766395428838266,-0.38076445373735396,-0.36812483456306,-0.3017304760239831,-0.33885917456052,-0.20869541989147575,-0.3324001120797038,-0.17749826147093986,-0.3074393003857056],[0.9026607022661699,0.8828056630651433,0.8768517706192536,0.8924541703642087,0.8367818091865089,0.934186878377882,0.8957166316900014,0.9113948665798189,0.8905995137501665,0.8929011224546212,0.8870824802674485,0.9028809948709796,0.8641701326894474,0.8332803687447775,0.887544921118554,0.9407488590672526,0.9174085738169568,0.9160007947144617,0.8620869492833659,0.7260448607812818,0.5283922324742,0.8738576810555693,0.7333204392920569,0.24619923992540907,-0.15403508681798675,1.0,0.7684358177211429,0.8926806049912759,0.8289423128981751,0.8722440492269385,0.8389254222331429,0.8788586924205904,0.8717069237947228,0.868018025888561,0.8753267134643766,0.9054450458002785],[0.920842481375604,0.9171451811922202,0.9503771386728401,0.936773131880232,0.9594640328785534,0.8936871656609088,0.9027165051517174,0.8592697531812633,0.8757921666081925,0.9352477820566719,0.9115079599821369,0.9231621312764094,0.9201494198654819,0.9200599149044772,0.9105428161432789,0.881776510133427,0.896994473018328,0.8542936316270479,0.7261786333264357,0.7967769823343519,0.5416869120706977,0.9460000290237232,0.9048998512019077,0.1956542933019264,-0.23748140673352872,0.7684358177211429,1.0,0.8857154964331597,0.8508381912363592,0.8490319223284193,0.913414118182506,0.842512063102931,0.8008114945628079,0.9006501526421425,0.8969324301073732,0.8526111960348137],[0.9633193787875217,0.9627407040634749,0.9648902892244184,0.9654079108710985,0.9431512201875831,0.9674588167385157,0.9627625735447892,0.9478615591142922,0.9678502851896897,0.9641148696544782,0.964483388615217,0.9598401734111371,0.961979167824942,0.9569141920369868,0.9642397419496235,0.9648815000075374,0.9686527298809874,0.9477211150540008,0.8574774303259921,0.8167240679681504,0.5909074578100519,0.9668074066291185,0.9068959372451945,0.15299192552401691,-0.17766395428838266,0.8926806049912759,0.8857154964331597,1.0,0.9116418233221568,0.8994198739886661,0.9497003512887661,0.8982028246189336,0.8869213822868547,0.9540484312467588,0.9756052409295836,0.902142680624891],[0.9712575122870678,0.9530793026972741,0.8987796449799181,0.9550850246108316,0.8579847825280739,0.9566796656552042,0.8987949548870436,0.978952002856008,0.9373397028406991,0.9547542397530394,0.9431927437693877,0.9474414830538519,0.9178261980982975,0.9097983641002642,0.94346255239209,0.9599044042285588,0.9633499218729309,0.979455057636845,0.8960639623902817,0.9606447363805506,0.7629417513612742,0.9188020250363587,0.8986910452288703,0.443921678948473,-0.38076445373735396,0.8289423128981751,0.8508381912363592,0.9116418233221568,1.0,0.9867343866138091,0.9552555566617972,0.9909323383337405,0.9549239594365839,0.9589148121129728,0.9140824927924236,0.9675987249024726],[0.96302040363053,0.9515004209557126,0.8960458497557566,0.953760178197747,0.8631478811468919,0.9363259991949693,0.8743024814595575,0.95943259035829,0.9103474037012659,0.9529250718995458,0.93606139758684,0.9433224134886363,0.9028920680337534,0.8944531674709091,0.9365881489457754,0.9339363154131867,0.9472802676471354,0.958954434873513,0.8638507670175178,0.939315564606014,0.689822155839365,0.9313351250457473,0.8644376954603805,0.4332444390357898,-0.36812483456306,0.8722440492269385,0.8490319223284193,0.8994198739886661,0.9867343866138091,1.0,0.9493011842655328,0.9850394356354507,0.9565905994036521,0.9429399031183348,0.9258913897363428,0.9652268199084564],[0.9809102963610804,0.9730277741145467,0.96594957337544,0.9828665544651229,0.9483423810159483,0.9615833959738789,0.945293924821352,0.9675237489242778,0.964975711331511,0.982090894691196,0.975470591593208,0.9792786435218893,0.9616842555705906,0.956871778020657,0.9754973971741864,0.958390026959785,0.9736187563294049,0.9658109576545083,0.8525344118742032,0.893049600130243,0.596303660335866,0.9745508259856623,0.9411739647730999,0.27077101599837766,-0.3017304760239831,0.8389254222331429,0.913414118182506,0.9497003512887661,0.9552555566617972,0.9493011842655328,1.0,0.9480227327334606,0.9056380586052744,0.9785748667676988,0.9669041195257438,0.9465338039155329],[0.9668994085267082,0.9536739702450517,0.8960285761770297,0.9510707450875708,0.8561848985612008,0.9537088023899042,0.8951222136047713,0.9673040874386161,0.9254066586648,0.9504531541333423,0.9293089722828383,0.9404562190754621,0.9016046342807392,0.9031948692323046,0.9298859044597473,0.9549641557848683,0.9506055104710599,0.9661221992810645,0.87606790734347,0.9485238611334692,0.7252658263556593,0.9240458297546023,0.8755471813826899,0.45710629201800673,-0.33885917456052,0.8788586924205904,0.842512063102931,0.8982028246189336,0.9909323383337405,0.9850394356354507,0.9480227327334606,1.0,0.974379175581304,0.947644243952387,0.9373147082739853,0.964950533325232],[0.9338700944518219,0.9330290446767799,0.864774926064945,0.9143308301723672,0.8173303605113077,0.9469116683740924,0.894353571500786,0.9374431856109342,0.9024558013889042,0.9129907889784623,0.8853751733407512,0.9055508818065992,0.8440932950752292,0.8203797102070629,0.8858923145915465,0.9454103769286746,0.9197799416849484,0.9370769696917546,0.862188032471785,0.9037504640206951,0.7466887197732093,0.8827613931564817,0.8412799853214753,0.38976047599492575,-0.20869541989147575,0.8717069237947228,0.8008114945628079,0.8869213822868547,0.9549239594365839,0.9565905994036521,0.9056380586052744,0.974379175581304,1.0,0.9068550760052629,0.9230259232691569,0.951978477813355],[0.9829742988343737,0.9741427747236419,0.9549178427158032,0.9782735369687448,0.9286060925212389,0.9654830476026734,0.9392993946205005,0.9657733114947491,0.957227783633843,0.9775517759202417,0.9689810630148564,0.9740908716231647,0.961335744225691,0.9601386700850039,0.9689584551802742,0.9674567951969436,0.9764270795330021,0.9649822010870615,0.8576527937109075,0.9002625265015712,0.6441884264046964,0.9653017616100786,0.9354040417354794,0.30489298943581084,-0.3324001120797038,0.868018025888561,0.9006501526421425,0.9540484312467588,0.9589148121129728,0.9429399031183348,0.9785748667676988,0.947644243952387,0.9068550760052629,1.0,0.9622468913148404,0.9482532525457743],[0.9774572523163791,0.9696356689464836,0.9691048480719581,0.9755117004259931,0.9450496797268871,0.9812078669285499,0.972113284803432,0.9614030643695014,0.9755640090160844,0.9746285217219314,0.9823156122466407,0.9745507647031747,0.976427597317034,0.9748213818716901,0.9823782616131735,0.9804039619144237,0.9881657282887301,0.9594546395491462,0.8722582177365225,0.8498602085815116,0.6083797303546452,0.9613865519369879,0.8955307246229377,0.22521435468399947,-0.17749826147093986,0.8753267134643766,0.8969324301073732,0.9756052409295836,0.9140824927924236,0.9258913897363428,0.9669041195257438,0.9373147082739853,0.9230259232691569,0.9622468913148404,1.0,0.9286506511035773],[0.9585247425456539,0.9537939473193701,0.9128733256484403,0.9466328880729478,0.8757880690834884,0.9610241308687684,0.9183218120866372,0.9699279987732997,0.9340886995041818,0.9453660612033963,0.9417350539902334,0.9482906024260452,0.9325448381521432,0.9295093051312592,0.9424827949266703,0.964884245555752,0.964581641126096,0.9709386183318913,0.8972069948043488,0.88778410318824,0.6630873698289868,0.9253436137626329,0.8679092714613832,0.345059168091741,-0.3074393003857056,0.9054450458002785,0.8526111960348137,0.902142680624891,0.9675987249024726,0.9652268199084564,0.9465338039155329,0.964950533325232,0.951978477813355,0.9482532525457743,0.9286506511035773,1.0]],"x":["^TAIEX       \u81fa\u7063\u52a0\u6b0a\u5831\u916c\u6307\u6578","^TWII        \u81fa\u7063\u52a0\u6b0a\u6307\u6578","^TAIEXx2     \u81fa\u7063\u52a0\u6b0a\u5831\u916c\u6307\u6578_\u65e5\u6b632","^TAI50I      \u81fa\u706350\u5831\u916c\u6307\u6578","^TAI50Ix2    \u81fa\u706350\u5831\u916c\u6307\u6578_\u65e5\u6b632","^TAI100I     \u81fa\u7063\u4e2d\u578b100\u5831\u916c\u6307\u6578","^TAI100Ix2   \u81fa\u7063\u4e2d\u578b100\u5831\u916c\u6307\u6578_\u65e5\u6b632","^TAIDIVIDI   \u81fa\u7063\u9ad8\u80a1\u606f\u5831\u916c\u6307\u6578","^TAIDIVIDIx2 \u81fa\u7063\u9ad8\u80a1\u606f\u5831\u916c\u6307\u6578_\u65e5\u6b632","0050Fund     \u5143\u5927\u53f0\u7063\u5353\u8d8a50\u57fa\u91d1","006208Fund   \u5bcc\u90a6\u53f0\u7063\u91c6\u540950\u57fa\u91d1","0050         \u5143\u5927\u81fa\u706350","00631L       \u5143\u5927\u53f0\u706350\u6b632","00675L       \u5bcc\u90a6\u81fa\u7063\u52a0\u6b0a\u6b632","006208       \u5bcc\u90a6\u53f050","0051         \u5143\u5927\u4e2d\u578b100","006204       \u6c38\u8c50\u81fa\u7063\u52a0\u6b0a","0056         \u5143\u5927\u9ad8\u80a1\u606f","0056         \u5143\u5927\u9ad8\u80a1\u606f_\u80a1\u606f\u4e0d\u6295\u5165","2412         \u4e2d\u83ef\u96fb\u4fe1","2002         \u4e2d\u92fc","2330         \u53f0\u7a4d\u96fb","2317         \u9d3b\u6d77","6505         \u53f0\u5851\u77f3\u5316","3481         \u7fa4\u5275","2303         \u806f\u96fb","2308         \u53f0\u9054\u96fb","2454         \u806f\u767c\u79d1","2886         \u5146\u8c50\u91d1","2884         \u7389\u5c71\u91d1","2891         \u4e2d\u4fe1\u91d1","2892         \u7b2c\u4e00\u91d1","5880         \u5408\u5eab\u91d1","2881         \u5bcc\u90a6\u91d1","2885         \u5143\u5927\u91d1","2887         \u53f0\u65b0\u91d1"],"y":["^TAIEX       \u81fa\u7063\u52a0\u6b0a\u5831\u916c\u6307\u6578","^TWII        \u81fa\u7063\u52a0\u6b0a\u6307\u6578","^TAIEXx2     \u81fa\u7063\u52a0\u6b0a\u5831\u916c\u6307\u6578_\u65e5\u6b632","^TAI50I      \u81fa\u706350\u5831\u916c\u6307\u6578","^TAI50Ix2    \u81fa\u706350\u5831\u916c\u6307\u6578_\u65e5\u6b632","^TAI100I     \u81fa\u7063\u4e2d\u578b100\u5831\u916c\u6307\u6578","^TAI100Ix2   \u81fa\u7063\u4e2d\u578b100\u5831\u916c\u6307\u6578_\u65e5\u6b632","^TAIDIVIDI   \u81fa\u7063\u9ad8\u80a1\u606f\u5831\u916c\u6307\u6578","^TAIDIVIDIx2 \u81fa\u7063\u9ad8\u80a1\u606f\u5831\u916c\u6307\u6578_\u65e5\u6b632","0050Fund     \u5143\u5927\u53f0\u7063\u5353\u8d8a50\u57fa\u91d1","006208Fund   \u5bcc\u90a6\u53f0\u7063\u91c6\u540950\u57fa\u91d1","0050         \u5143\u5927\u81fa\u706350","00631L       \u5143\u5927\u53f0\u706350\u6b632","00675L       \u5bcc\u90a6\u81fa\u7063\u52a0\u6b0a\u6b632","006208       \u5bcc\u90a6\u53f050","0051         \u5143\u5927\u4e2d\u578b100","006204       \u6c38\u8c50\u81fa\u7063\u52a0\u6b0a","0056         \u5143\u5927\u9ad8\u80a1\u606f","0056         \u5143\u5927\u9ad8\u80a1\u606f_\u80a1\u606f\u4e0d\u6295\u5165","2412         \u4e2d\u83ef\u96fb\u4fe1","2002         \u4e2d\u92fc","2330         \u53f0\u7a4d\u96fb","2317         \u9d3b\u6d77","6505         \u53f0\u5851\u77f3\u5316","3481         \u7fa4\u5275","2303         \u806f\u96fb","2308         \u53f0\u9054\u96fb","2454         \u806f\u767c\u79d1","2886         \u5146\u8c50\u91d1","2884         \u7389\u5c71\u91d1","2891         \u4e2d\u4fe1\u91d1","2892         \u7b2c\u4e00\u91d1","5880         \u5408\u5eab\u91d1","2881         \u5bcc\u90a6\u91d1","2885         \u5143\u5927\u91d1","2887         \u53f0\u65b0\u91d1"],"zmin":-1,"zmax":1,"colorbar":{"x":-0.2}}],"layout":{"autotypenumbers":"strict","colorway":["#636efa","#EF553B","#00cc96","#ab63fa","#FFA15A","#19d3f3","#FF6692","#B6E880","#FF97FF","#FECB52"],"font":{"color":"#f2f5fa","family":"Courier New"},"hovermode":"closest","hoverlabel":{"align":"left"},"paper_bgcolor":"rgb(17,17,17)","plot_bgcolor":"rgb(17,17,17)","polar":{"bgcolor":"rgb(17,17,17)","angularaxis":{"gridcolor":"#506784","linecolor":"#506784","ticks":""},"radialaxis":{"gridcolor":"#506784","linecolor":"#506784","ticks":""}},"ternary":{"bgcolor":"rgb(17,17,17)","aaxis":{"gridcolor":"#506784","linecolor":"#506784","ticks":""},"baxis":{"gridcolor":"#506784","linecolor":"#506784","ticks":""},"caxis":{"gridcolor":"#506784","linecolor":"#506784","ticks":""}},"coloraxis":{"colorbar":{"outlinewidth":0,"ticks":""}},"colorscale":{"sequential":[[0.0,"#0d0887"],[0.1111111111111111,"#46039f"],[0.2222222222222222,"#7201a8"],[0.3333333333333333,"#9c179e"],[0.4444444444444444,"#bd3786"],[0.5555555555555556,"#d8576b"],[0.6666666666666666,"#ed7953"],[0.7777777777777778,"#fb9f3a"],[0.8888888888888888,"#fdca26"],[1.0,"#f0f921"]],"sequentialminus":[[0.0,"#0d0887"],[0.1111111111111111,"#46039f"],[0.2222222222222222,"#7201a8"],[0.3333333333333333,"#9c179e"],[0.4444444444444444,"#bd3786"],[0.5555555555555556,"#d8576b"],[0.6666666666666666,"#ed7953"],[0.7777777777777778,"#fb9f3a"],[0.8888888888888888,"#fdca26"],[1.0,"#f0f921"]],"diverging":[[0,"#8e0152"],[0.1,"#c51b7d"],[0.2,"#de77ae"],[0.3,"#f1b6da"],[0.4,"#fde0ef"],[0.5,"#f7f7f7"],[0.6,"#e6f5d0"],[0.7,"#b8e186"],[0.8,"#7fbc41"],[0.9,"#4d9221"],[1,"#276419"]]},"xaxis":{"gridcolor":"rgba(0, 0, 0, 0)","linecolor":"#506784","ticks":"","title":{"standoff":15},"zerolinecolor":"#283442","automargin":true,"zerolinewidth":2,"tickfont":{"family":"Courier New","size":14},"side":"top","tickangle":-90},"yaxis":{"gridcolor":"rgba(0, 0, 0, 0)","linecolor":"#506784","ticks":"","title":{"standoff":15},"zerolinecolor":"#283442","automargin":true,"zerolinewidth":2,"tickfont":{"family":"Courier New"},"side":"right"},"scene":{"xaxis":{"backgroundcolor":"rgb(17,17,17)","gridcolor":"#506784","linecolor":"#506784","showbackground":true,"ticks":"","zerolinecolor":"#C8D4E3","gridwidth":2},"yaxis":{"backgroundcolor":"rgb(17,17,17)","gridcolor":"#506784","linecolor":"#506784","showbackground":true,"ticks":"","zerolinecolor":"#C8D4E3","gridwidth":2},"zaxis":{"backgroundcolor":"rgb(17,17,17)","gridcolor":"#506784","linecolor":"#506784","showbackground":true,"ticks":"","zerolinecolor":"#C8D4E3","gridwidth":2}},"shapedefaults":{"line":{"color":"#f2f5fa"}},"annotationdefaults":{"arrowcolor":"#f2f5fa","arrowhead":0,"arrowwidth":1},"geo":{"bgcolor":"rgb(17,17,17)","landcolor":"rgb(17,17,17)","subunitcolor":"#506784","showland":true,"showlakes":true,"lakecolor":"rgb(17,17,17)"},"title":{"x":0.05,"font":{"family":"Times New Roman"},"y":0.05,"text":"<b>Correlation of Adj Close<b><br><i>2016-09-23 ~ 2026-02-05<i>"},"updatemenudefaults":{"bgcolor":"#506784","borderwidth":0},"sliderdefaults":{"bgcolor":"#C8D4E3","borderwidth":1,"bordercolor":"rgb(17,17,17)","tickwidth":0},"mapbox":{"style":"dark"},"annotations":[{"text":"<b>@zwindr<b>","textangle":0,"opacity":0.5,"font":{"color":"white","size":12},"xref":"paper","yref":"paper","xanchor":"left","yanchor":"bottom","x":1.0,"y":1.0,"showarrow":false}]},"config":{"responsive":true,"toImageButtonOptions":{"filename":"Correlation of Adj Close_2016-09-23~2026-02-05","scale":5}}};Plotly.newPlot("correlationAdjClose",correlationAdjClose.data,correlationAdjClose.layout||{},correlationAdjClose.config);}else{console.log("style display is none => correlationAdjClose");}