var element=document.getElementById("correlationClose");if(element.style.display!='none'){var correlationClose={"data":[{"type":"heatmap","z":[[1.0,0.9999999999999983,1.0,0.9951800454011825,0.9951800454011825,0.965703622045295,0.965703622045295,0.9056260623373011,0.9056260623373011,0.850192308024498,0.9944306888029918,0.815233318458726,0.9926109925278815,0.9926743899194457,0.9944709957093082,0.9743023444425191,0.9990464882315097,0.9203431946186882,0.9203431946186882,0.7836549662670153,-0.13478849405451057,0.9780062195535497,0.15354309703735033,-0.09322216165549418,-0.2516415350532006,0.8149609906681019,0.9095822136920989,0.9133343425751692,0.926569669508292,0.7806161753811847,0.5502511467302913,0.6356722864440142,0.6318524086351325,0.9331547964998128,0.8310793193223972,0.18771344418797475],[0.9999999999999983,1.0,0.9999999999999986,0.9951471493088996,0.9951471493088996,0.9651596248441581,0.9651596248441581,0.9066110247648654,0.9066110247648654,0.8515259613167311,0.9944240967166487,0.8152985728041973,0.9923420503818288,0.9921665809434788,0.9944733816545529,0.9737134458520821,0.9990476962816349,0.9205291123308338,0.9205291123308338,0.8023813284097542,0.07635402417078327,0.9698001184247204,-0.048190946370935746,-0.0857312178692467,-0.25195219946451963,0.6471665283158266,0.9106776027456595,0.8885426842743478,0.9211506600761004,0.7914257165357228,0.5419521350400955,0.6328120441007997,0.657728459794787,0.9308236514351022,0.6869220680648254,0.1845427119368467],[1.0,0.9999999999999986,1.0,0.9951800454011825,0.9951800454011825,0.965703622045295,0.965703622045295,0.9056260623373011,0.9056260623373011,0.850192308024498,0.9944306888029918,0.815233318458726,0.9926109925278815,0.9926743899194457,0.9944709957093082,0.9743023444425191,0.9990464882315097,0.9203431946186882,0.9203431946186882,0.7836549662670153,-0.13478849405451057,0.9780062195535497,0.15354309703735033,-0.09322216165549418,-0.2516415350532006,0.8149609906681019,0.9095822136920989,0.9133343425751692,0.926569669508292,0.7806161753811847,0.5502511467302913,0.6356722864440142,0.6318524086351325,0.9331547964998128,0.8310793193223972,0.18771344418797475],[0.9951800454011825,0.9951471493088996,0.9951800454011825,1.0,1.0,0.952442799939654,0.952442799939654,0.8902441110082531,0.8902441110082531,0.8280182750496046,0.999531295949744,0.7911876444612911,0.9907620593273334,0.9876668688056718,0.999494033590127,0.9568616483455542,0.994796885409244,0.8967877627608185,0.8967877627608185,0.759144810318969,-0.1426123377898287,0.990353087627622,0.1796367079961085,-0.12897912571860204,-0.2524352747841322,0.806955611621585,0.9193071124233613,0.9150845250697416,0.9117493771379661,0.7866419269939443,0.5787679412370229,0.6290891772501069,0.6022529585430447,0.9237660984031992,0.8205672889032017,0.19971305206556347],[0.9951800454011825,0.9951471493088996,0.9951800454011825,1.0,1.0,0.952442799939654,0.952442799939654,0.8902441110082531,0.8902441110082531,0.8280182750496046,0.999531295949744,0.7911876444612911,0.9907620593273334,0.9876668688056718,0.999494033590127,0.9568616483455542,0.994796885409244,0.8967877627608185,0.8967877627608185,0.759144810318969,-0.1426123377898287,0.990353087627622,0.1796367079961085,-0.12897912571860204,-0.2524352747841322,0.806955611621585,0.9193071124233613,0.9150845250697416,0.9117493771379661,0.7866419269939443,0.5787679412370229,0.6290891772501069,0.6022529585430447,0.9237660984031992,0.8205672889032017,0.19971305206556347],[0.965703622045295,0.9651596248441581,0.965703622045295,0.952442799939654,0.952442799939654,1.0,1.0,0.9309054698026774,0.9309054698026774,0.8196683090232358,0.9521208268570033,0.8065701076759368,0.970734467320726,0.9682530827022169,0.9519579828397666,0.9990961802881415,0.9738660004283418,0.9194336207396118,0.9194336207396118,0.6447498145297886,-0.08266740393414473,0.9376078422877208,0.3127464831763965,-0.2792379297490071,-0.11798769874612125,0.884571426351236,0.8614110427679931,0.9314819009111251,0.9003074430373454,0.7443999618447661,0.7451427674099148,0.7393321465435904,0.7070951198425727,0.8611055315791099,0.8625529391140666,0.4689845100894078],[0.965703622045295,0.9651596248441581,0.965703622045295,0.952442799939654,0.952442799939654,1.0,1.0,0.9309054698026774,0.9309054698026774,0.8196683090232358,0.9521208268570033,0.8065701076759368,0.970734467320726,0.9682530827022169,0.9519579828397666,0.9990961802881415,0.9738660004283418,0.9194336207396118,0.9194336207396118,0.6447498145297886,-0.08266740393414473,0.9376078422877208,0.3127464831763965,-0.2792379297490071,-0.11798769874612125,0.884571426351236,0.8614110427679931,0.9314819009111251,0.9003074430373454,0.7443999618447661,0.7451427674099148,0.7393321465435904,0.7070951198425727,0.8611055315791099,0.8625529391140666,0.4689845100894078],[0.9056260623373011,0.9066110247648654,0.9056260623373011,0.8902441110082531,0.8902441110082531,0.9309054698026774,0.9309054698026774,1.0,1.0,0.7644907753249485,0.9377310894197901,0.7839943342170117,0.942484334315118,0.9372675784903403,0.937590004529559,0.9318533211422302,0.9445472586788081,0.9715047039975034,0.9715047039975034,0.5864813532679717,0.03786838342740758,0.8515682259465085,0.5465964615373029,-0.30499116671206733,0.01795236057661066,0.7864060515270461,0.7608465284500765,0.8737938748002652,0.85234813820755,0.7570336225013963,0.8789877906197545,0.7815034902169292,0.7170892251333206,0.7924088087577484,0.8497056590554208,0.8026345191527168],[0.9056260623373011,0.9066110247648654,0.9056260623373011,0.8902441110082531,0.8902441110082531,0.9309054698026774,0.9309054698026774,1.0,1.0,0.7644907753249485,0.9377310894197901,0.7839943342170117,0.942484334315118,0.9372675784903403,0.937590004529559,0.9318533211422302,0.9445472586788081,0.9715047039975034,0.9715047039975034,0.5864813532679717,0.03786838342740758,0.8515682259465085,0.5465964615373029,-0.30499116671206733,0.01795236057661066,0.7864060515270461,0.7608465284500765,0.8737938748002652,0.85234813820755,0.7570336225013963,0.8789877906197545,0.7815034902169292,0.7170892251333206,0.7924088087577484,0.8497056590554208,0.8026345191527168],[0.850192308024498,0.8515259613167311,0.850192308024498,0.8280182750496046,0.8280182750496046,0.8196683090232358,0.8196683090232358,0.7644907753249485,0.7644907753249485,1.0,0.7304875813286495,0.9999698744470874,0.6756728050176464,0.5966975721208586,0.7321861918571654,0.815115585457228,0.7790812780487315,0.8343696692296585,0.8343696692296585,0.7028776884659018,-0.10250155468001267,0.8026526985908816,0.04234519720271698,0.04582351190289957,-0.24443929471095224,0.7973367923938174,0.6147637528932248,0.7873227769955352,0.8297892191962555,0.6982503193270703,0.37667521388000996,0.5402304948622665,0.5683125643959194,0.8181882371191863,0.6851591182659603,0.17502969265190377],[0.9944306888029918,0.9944240967166487,0.9944306888029918,0.999531295949744,0.999531295949744,0.9521208268570033,0.9521208268570033,0.9377310894197901,0.9377310894197901,0.7304875813286495,1.0,0.7304218755514013,0.9905337918837965,0.9877562194727245,0.9999260466963559,0.9524123952762449,0.9936799247046008,0.9086352668488955,0.9086352668488955,0.8536971277774453,0.037804639830173146,0.996408159442835,0.8829115731705537,-0.5004708917678969,0.3410855171302846,0.8263834124160346,0.8826123982686611,0.935131532683089,0.9059496652566263,0.8099981232411397,0.911717056363541,0.8694605611303845,0.7818762590851464,0.9017663688331917,0.9421416402015597,0.7770214033526607],[0.815233318458726,0.8152985728041973,0.815233318458726,0.7911876444612911,0.7911876444612911,0.8065701076759368,0.8065701076759368,0.7839943342170117,0.7839943342170117,0.9999698744470874,0.7304218755514013,1.0,0.6736858530281697,0.59412377132195,0.7306460629702367,0.8074936526632258,0.7777354701857883,0.831424825506879,0.831424825506879,0.6673084905702473,0.022789308598044858,0.7673158643345149,0.46360261157689303,-0.18000541844638338,-0.23191379749986482,0.8316469102549235,0.5262122362067275,0.7657983412476721,0.8055543661625688,0.7279294664784673,0.627599238526068,0.7242035910193314,0.6912289247294653,0.7826514859883578,0.6833887005842408,0.6942719095885151],[0.9926109925278815,0.9923420503818288,0.9926109925278815,0.9907620593273334,0.9907620593273334,0.970734467320726,0.970734467320726,0.942484334315118,0.942484334315118,0.6756728050176464,0.9905337918837965,0.6736858530281697,1.0,0.999757780461632,0.9905338868950564,0.9692450269128084,0.990379291045276,0.8997754490794628,0.8997754490794628,0.8318232416232986,0.06731725972763418,0.9886033042849137,0.9034940698133352,-0.6603058651434551,0.4093789397374284,0.7995372926403422,0.8885021566695872,0.9447536499750243,0.8977405563272803,0.743547287217484,0.9116351004399821,0.8488157355197045,0.7642123473682094,0.8858820519788279,0.9565108148101786,0.8056134151211911],[0.9926743899194457,0.9921665809434788,0.9926743899194457,0.9876668688056718,0.9876668688056718,0.9682530827022169,0.9682530827022169,0.9372675784903403,0.9372675784903403,0.5966975721208586,0.9877562194727245,0.59412377132195,0.999757780461632,1.0,0.9879086172029605,0.9660294790965025,0.9894370278980664,0.8847839469042497,0.8847839469042497,0.8529906875140207,-0.05835511540899898,0.9842685156605718,0.9117801881720443,-0.8387541096005028,0.44703623512567814,0.7489298897844834,0.8930583076242105,0.9387394787476748,0.8838260187953663,0.6727322402782937,0.9200495553358932,0.8394853017989283,0.7075560078146332,0.9117082958793135,0.9571374710487878,0.7739594979732198],[0.9944709957093082,0.9944733816545529,0.9944709957093082,0.999494033590127,0.999494033590127,0.9519579828397666,0.9519579828397666,0.937590004529559,0.937590004529559,0.7321861918571654,0.9999260466963559,0.7306460629702367,0.9905338868950564,0.9879086172029605,1.0,0.9523750495900627,0.9937379289651737,0.9089529839047026,0.9089529839047026,0.85461083384238,0.036918615681150936,0.9962866162039599,0.8825025951964699,-0.4978552275000458,0.3400152618295151,0.8264844281443902,0.8809361368688812,0.9342201971895795,0.9063439185497691,0.8109762067493457,0.9112768275727883,0.8703945107173466,0.7827812435381716,0.9017804135192117,0.9421416820757057,0.7774614544675126],[0.9743023444425191,0.9737134458520821,0.9743023444425191,0.9568616483455542,0.9568616483455542,0.9990961802881415,0.9990961802881415,0.9318533211422302,0.9318533211422302,0.815115585457228,0.9524123952762449,0.8074936526632258,0.9692450269128084,0.9660294790965025,0.9523750495900627,1.0,0.9752231425039336,0.9190545997108973,0.9190545997108973,0.6930912826636139,-0.06730865744381866,0.9459286469088821,0.6375036194582431,-0.41174866072195954,-0.1668940292256085,0.8957933772801161,0.8586372482298982,0.9273181707070822,0.9073979629778121,0.7813061164068641,0.8548547156390756,0.7865044409196849,0.7632262328376604,0.883280727227926,0.8600463807044617,0.7901738563741849],[0.9990464882315097,0.9990476962816349,0.9990464882315097,0.994796885409244,0.994796885409244,0.9738660004283418,0.9738660004283418,0.9445472586788081,0.9445472586788081,0.7790812780487315,0.9936799247046008,0.7777354701857883,0.990379291045276,0.9894370278980664,0.9937379289651737,0.9752231425039336,1.0,0.932965664748724,0.932965664748724,0.8626643404999692,0.04963049561005301,0.987166041055067,0.8503660990345336,-0.47891261112856415,0.3587725166077936,0.8711800631870902,0.8757347615015362,0.945080529187047,0.934342820221958,0.8318452746853289,0.9001733357375856,0.8997873712617469,0.8223348193216802,0.9155606024997731,0.951125875471217,0.8339762982325511],[0.9203431946186882,0.9205291123308338,0.9203431946186882,0.8967877627608185,0.8967877627608185,0.9194336207396118,0.9194336207396118,0.9715047039975034,0.9715047039975034,0.8343696692296585,0.9086352668488955,0.831424825506879,0.8997754490794628,0.8847839469042497,0.9089529839047026,0.9190545997108973,0.932965664748724,1.0,1.0,0.7417223154268396,-0.027183499735194263,0.8601527593090758,0.5464957110887664,-0.19184539881392193,-0.20675297532434922,0.8269443857300912,0.7422408975127857,0.8374447576282769,0.9167995534561602,0.8382920476931001,0.8007425727295228,0.7562004860908537,0.7060028243935824,0.8456656009160856,0.7784383234803899,0.8516899762788742],[0.9203431946186882,0.9205291123308338,0.9203431946186882,0.8967877627608185,0.8967877627608185,0.9194336207396118,0.9194336207396118,0.9715047039975034,0.9715047039975034,0.8343696692296585,0.9086352668488955,0.831424825506879,0.8997754490794628,0.8847839469042497,0.9089529839047026,0.9190545997108973,0.932965664748724,1.0,1.0,0.7417223154268396,-0.027183499735194263,0.8601527593090758,0.5464957110887664,-0.19184539881392193,-0.20675297532434922,0.8269443857300912,0.7422408975127857,0.8374447576282769,0.9167995534561602,0.8382920476931001,0.8007425727295228,0.7562004860908537,0.7060028243935824,0.8456656009160856,0.7784383234803899,0.8516899762788742],[0.7836549662670153,0.8023813284097542,0.7836549662670153,0.759144810318969,0.759144810318969,0.6447498145297886,0.6447498145297886,0.5864813532679717,0.5864813532679717,0.7028776884659018,0.8536971277774453,0.6673084905702473,0.8318232416232986,0.8529906875140207,0.85461083384238,0.6930912826636139,0.8626643404999692,0.7417223154268396,0.7417223154268396,1.0,0.03697742756479247,0.720724008270312,-0.3723019342896431,0.32217255652968735,-0.6570243126828992,0.3526126223586458,0.7175554613207938,0.5098104105188609,0.83606112510362,0.6942397478050466,0.10611504215971151,0.30880594555862995,0.56598884095308,0.7833437685787646,0.4780806515032381,-0.15166955978459848],[-0.13478849405451057,0.07635402417078327,-0.13478849405451057,-0.1426123377898287,-0.1426123377898287,-0.08266740393414473,-0.08266740393414473,0.03786838342740758,0.03786838342740758,-0.10250155468001267,0.037804639830173146,0.022789308598044858,0.06731725972763418,-0.05835511540899898,0.036918615681150936,-0.06730865744381866,0.04963049561005301,-0.027183499735194263,-0.027183499735194263,0.03697742756479247,1.0,-0.09066218222438577,0.10935691123290275,0.1525552925846829,0.749202778527031,-0.09065829892781731,-0.03753347363691795,-0.008147717160966636,0.16433125469634968,0.003248032168782123,0.057087705671150055,0.3365821624224486,0.5697071956485363,-0.11729186374750919,0.11049315488470778,0.15931685868631454],[0.9780062195535497,0.9698001184247204,0.9780062195535497,0.990353087627622,0.990353087627622,0.9376078422877208,0.9376078422877208,0.8515682259465085,0.8515682259465085,0.8026526985908816,0.996408159442835,0.7673158643345149,0.9886033042849137,0.9842685156605718,0.9962866162039599,0.9459286469088821,0.987166041055067,0.8601527593090758,0.8601527593090758,0.720724008270312,-0.09066218222438577,1.0,0.08801989412589502,-0.18782089055542678,-0.3037990130108801,0.669612002798134,0.9177792135285151,0.8983497936980157,0.8552423375401234,0.7547967889048596,0.5787199986908941,0.5952495216038086,0.5316694734051676,0.9023518851361227,0.6646009756866574,0.17999533739992793],[0.15354309703735033,-0.048190946370935746,0.15354309703735033,0.1796367079961085,0.1796367079961085,0.3127464831763965,0.3127464831763965,0.5465964615373029,0.5465964615373029,0.04234519720271698,0.8829115731705537,0.46360261157689303,0.9034940698133352,0.9117801881720443,0.8825025951964699,0.6375036194582431,0.8503660990345336,0.5464957110887664,0.5464957110887664,-0.3723019342896431,0.10935691123290275,0.08801989412589502,1.0,-0.45587918385188714,0.7232351568021155,0.37837838166685445,0.09675819313146919,0.30889001744209926,-0.09924624037944081,0.07474192282810677,0.5939961843099484,0.476808559984917,0.19824819401642807,-0.0020731776822189556,0.38958271001082434,0.46819952161096917],[-0.09322216165549418,-0.0857312178692467,-0.09322216165549418,-0.12897912571860204,-0.12897912571860204,-0.2792379297490071,-0.2792379297490071,-0.30499116671206733,-0.30499116671206733,0.04582351190289957,-0.5004708917678969,-0.18000541844638338,-0.6603058651434551,-0.8387541096005028,-0.4978552275000458,-0.41174866072195954,-0.47891261112856415,-0.19184539881392193,-0.19184539881392193,0.32217255652968735,0.1525552925846829,-0.18782089055542678,-0.45587918385188714,1.0,-0.029610033720422386,-0.16165160057317413,-0.18126997177944412,-0.2991909492216304,-0.040568521073245045,-0.07186168658418066,-0.5669198865726758,-0.19868428007370248,-0.022640516580537264,-0.03989456542445211,-0.215208837463295,-0.407254443274827],[-0.2516415350532006,-0.25195219946451963,-0.2516415350532006,-0.2524352747841322,-0.2524352747841322,-0.11798769874612125,-0.11798769874612125,0.01795236057661066,0.01795236057661066,-0.24443929471095224,0.3410855171302846,-0.23191379749986482,0.4093789397374284,0.44703623512567814,0.3400152618295151,-0.1668940292256085,0.3587725166077936,-0.20675297532434922,-0.20675297532434922,-0.6570243126828992,0.749202778527031,-0.3037990130108801,0.7232351568021155,-0.029610033720422386,1.0,-0.10584406848859795,-0.2508897310798148,-0.06483412107941013,-0.35113574977849954,-0.32916963763822005,0.07427646483882974,0.16274144798572843,0.26402782522853835,-0.3797760247197805,0.11623137977035074,0.09362261051012341],[0.8149609906681019,0.6471665283158266,0.8149609906681019,0.806955611621585,0.806955611621585,0.884571426351236,0.884571426351236,0.7864060515270461,0.7864060515270461,0.7973367923938174,0.8263834124160346,0.8316469102549235,0.7995372926403422,0.7489298897844834,0.8264844281443902,0.8957933772801161,0.8711800631870902,0.8269443857300912,0.8269443857300912,0.3526126223586458,-0.09065829892781731,0.669612002798134,0.37837838166685445,-0.16165160057317413,-0.10584406848859795,1.0,0.5498183684203227,0.8389502774224926,0.4943545316112416,0.6268866046479162,0.5466025608064704,0.6571380652891289,0.42475860987431974,0.7040941715740713,0.7033613388191774,0.41681112626273037],[0.9095822136920989,0.9106776027456595,0.9095822136920989,0.9193071124233613,0.9193071124233613,0.8614110427679931,0.8614110427679931,0.7608465284500765,0.7608465284500765,0.6147637528932248,0.8826123982686611,0.5262122362067275,0.8885021566695872,0.8930583076242105,0.8809361368688812,0.8586372482298982,0.8757347615015362,0.7422408975127857,0.7422408975127857,0.7175554613207938,-0.03753347363691795,0.9177792135285151,0.09675819313146919,-0.18126997177944412,-0.2508897310798148,0.5498183684203227,1.0,0.8008327637390984,0.7907348657115644,0.6708042459200237,0.478885138798813,0.5042539629626809,0.5258749833766585,0.8452309737895609,0.6228674779542169,0.10022860166613932],[0.9133343425751692,0.8885426842743478,0.9133343425751692,0.9150845250697416,0.9150845250697416,0.9314819009111251,0.9314819009111251,0.8737938748002652,0.8737938748002652,0.7873227769955352,0.935131532683089,0.7657983412476721,0.9447536499750243,0.9387394787476748,0.9342201971895795,0.9273181707070822,0.945080529187047,0.8374447576282769,0.8374447576282769,0.5098104105188609,-0.008147717160966636,0.8983497936980157,0.30889001744209926,-0.2991909492216304,-0.06483412107941013,0.8389502774224926,0.8008327637390984,1.0,0.7530762674785407,0.6116485112701859,0.5953385620817216,0.6024632397034041,0.5344278692435738,0.8186569310103271,0.8333099045246714,0.22001042688341443],[0.926569669508292,0.9211506600761004,0.926569669508292,0.9117493771379661,0.9117493771379661,0.9003074430373454,0.9003074430373454,0.85234813820755,0.85234813820755,0.8297892191962555,0.9059496652566263,0.8055543661625688,0.8977405563272803,0.8838260187953663,0.9063439185497691,0.9073979629778121,0.934342820221958,0.9167995534561602,0.9167995534561602,0.83606112510362,0.16433125469634968,0.8552423375401234,-0.09924624037944081,-0.040568521073245045,-0.35113574977849954,0.4943545316112416,0.7907348657115644,0.7530762674785407,1.0,0.9066058813463695,0.5455223827286775,0.6883678499724113,0.6667217027250119,0.8792973428999218,0.5076701891044878,0.29951127795822924],[0.7806161753811847,0.7914257165357228,0.7806161753811847,0.7866419269939443,0.7866419269939443,0.7443999618447661,0.7443999618447661,0.7570336225013963,0.7570336225013963,0.6982503193270703,0.8099981232411397,0.7279294664784673,0.743547287217484,0.6727322402782937,0.8109762067493457,0.7813061164068641,0.8318452746853289,0.8382920476931001,0.8382920476931001,0.6942397478050466,0.003248032168782123,0.7547967889048596,0.07474192282810677,-0.07186168658418066,-0.32916963763822005,0.6268866046479162,0.6708042459200237,0.6116485112701859,0.9066058813463695,1.0,0.5803109603952168,0.6705168453469738,0.6102203861444115,0.7321094069026957,0.586213455068822,0.4736079762138058],[0.5502511467302913,0.5419521350400955,0.5502511467302913,0.5787679412370229,0.5787679412370229,0.7451427674099148,0.7451427674099148,0.8789877906197545,0.8789877906197545,0.37667521388000996,0.911717056363541,0.627599238526068,0.9116351004399821,0.9200495553358932,0.9112768275727883,0.8548547156390756,0.9001733357375856,0.8007425727295228,0.8007425727295228,0.10611504215971151,0.057087705671150055,0.5787199986908941,0.5939961843099484,-0.5669198865726758,0.07427646483882974,0.5466025608064704,0.478885138798813,0.5953385620817216,0.5455223827286775,0.5803109603952168,1.0,0.7460386667035557,0.38349122813009323,0.49652392083323343,0.5797254552525448,0.759993193247901],[0.6356722864440142,0.6328120441007997,0.6356722864440142,0.6290891772501069,0.6290891772501069,0.7393321465435904,0.7393321465435904,0.7815034902169292,0.7815034902169292,0.5402304948622665,0.8694605611303845,0.7242035910193314,0.8488157355197045,0.8394853017989283,0.8703945107173466,0.7865044409196849,0.8997873712617469,0.7562004860908537,0.7562004860908537,0.30880594555862995,0.3365821624224486,0.5952495216038086,0.476808559984917,-0.19868428007370248,0.16274144798572843,0.6571380652891289,0.5042539629626809,0.6024632397034041,0.6883678499724113,0.6705168453469738,0.7460386667035557,1.0,0.7787970792533906,0.499141257982212,0.7304090545590388,0.5498188389182962],[0.6318524086351325,0.657728459794787,0.6318524086351325,0.6022529585430447,0.6022529585430447,0.7070951198425727,0.7070951198425727,0.7170892251333206,0.7170892251333206,0.5683125643959194,0.7818762590851464,0.6912289247294653,0.7642123473682094,0.7075560078146332,0.7827812435381716,0.7632262328376604,0.8223348193216802,0.7060028243935824,0.7060028243935824,0.56598884095308,0.5697071956485363,0.5316694734051676,0.19824819401642807,-0.022640516580537264,0.26402782522853835,0.42475860987431974,0.5258749833766585,0.5344278692435738,0.6667217027250119,0.6102203861444115,0.38349122813009323,0.7787970792533906,1.0,0.493283023212924,0.6663684314386943,0.20220372830223177],[0.9331547964998128,0.9308236514351022,0.9331547964998128,0.9237660984031992,0.9237660984031992,0.8611055315791099,0.8611055315791099,0.7924088087577484,0.7924088087577484,0.8181882371191863,0.9017663688331917,0.7826514859883578,0.8858820519788279,0.9117082958793135,0.9017804135192117,0.883280727227926,0.9155606024997731,0.8456656009160856,0.8456656009160856,0.7833437685787646,-0.11729186374750919,0.9023518851361227,-0.0020731776822189556,-0.03989456542445211,-0.3797760247197805,0.7040941715740713,0.8452309737895609,0.8186569310103271,0.8792973428999218,0.7321094069026957,0.49652392083323343,0.499141257982212,0.493283023212924,1.0,0.7335832281372385,0.1741870976718348],[0.8310793193223972,0.6869220680648254,0.8310793193223972,0.8205672889032017,0.8205672889032017,0.8625529391140666,0.8625529391140666,0.8497056590554208,0.8497056590554208,0.6851591182659603,0.9421416402015597,0.6833887005842408,0.9565108148101786,0.9571374710487878,0.9421416820757057,0.8600463807044617,0.951125875471217,0.7784383234803899,0.7784383234803899,0.4780806515032381,0.11049315488470778,0.6646009756866574,0.38958271001082434,-0.215208837463295,0.11623137977035074,0.7033613388191774,0.6228674779542169,0.8333099045246714,0.5076701891044878,0.586213455068822,0.5797254552525448,0.7304090545590388,0.6663684314386943,0.7335832281372385,1.0,0.1828774018865972],[0.18771344418797475,0.1845427119368467,0.18771344418797475,0.19971305206556347,0.19971305206556347,0.4689845100894078,0.4689845100894078,0.8026345191527168,0.8026345191527168,0.17502969265190377,0.7770214033526607,0.6942719095885151,0.8056134151211911,0.7739594979732198,0.7774614544675126,0.7901738563741849,0.8339762982325511,0.8516899762788742,0.8516899762788742,-0.15166955978459848,0.15931685868631454,0.17999533739992793,0.46819952161096917,-0.407254443274827,0.09362261051012341,0.41681112626273037,0.10022860166613932,0.22001042688341443,0.29951127795822924,0.4736079762138058,0.759993193247901,0.5498188389182962,0.20220372830223177,0.1741870976718348,0.1828774018865972,1.0]],"x":["^TAIEX       \u81fa\u7063\u52a0\u6b0a\u5831\u916c\u6307\u6578","^TWII        \u81fa\u7063\u52a0\u6b0a\u6307\u6578","^TAIEXx2     \u81fa\u7063\u52a0\u6b0a\u5831\u916c\u6307\u6578_\u65e5\u6b632","^TAI50I      \u81fa\u706350\u5831\u916c\u6307\u6578","^TAI50Ix2    \u81fa\u706350\u5831\u916c\u6307\u6578_\u65e5\u6b632","^TAI100I     \u81fa\u7063\u4e2d\u578b100\u5831\u916c\u6307\u6578","^TAI100Ix2   \u81fa\u7063\u4e2d\u578b100\u5831\u916c\u6307\u6578_\u65e5\u6b632","^TAIDIVIDI   \u81fa\u7063\u9ad8\u80a1\u606f\u5831\u916c\u6307\u6578","^TAIDIVIDIx2 \u81fa\u7063\u9ad8\u80a1\u606f\u5831\u916c\u6307\u6578_\u65e5\u6b632","0050Fund     \u5143\u5927\u53f0\u7063\u5353\u8d8a50\u57fa\u91d1","006208Fund   \u5bcc\u90a6\u53f0\u7063\u91c6\u540950\u57fa\u91d1","0050         \u5143\u5927\u81fa\u706350","00631L       \u5143\u5927\u53f0\u706350\u6b632","00675L       \u5bcc\u90a6\u81fa\u7063\u52a0\u6b0a\u6b632","006208       \u5bcc\u90a6\u53f050","0051         \u5143\u5927\u4e2d\u578b100","006204       \u6c38\u8c50\u81fa\u7063\u52a0\u6b0a","0056         \u5143\u5927\u9ad8\u80a1\u606f","0056         \u5143\u5927\u9ad8\u80a1\u606f_\u80a1\u606f\u4e0d\u6295\u5165","2412         \u4e2d\u83ef\u96fb\u4fe1","2002         \u4e2d\u92fc","2330         \u53f0\u7a4d\u96fb","2317         \u9d3b\u6d77","6505         \u53f0\u5851\u77f3\u5316","3481         \u7fa4\u5275","2303         \u806f\u96fb","2308         \u53f0\u9054\u96fb","2454         \u806f\u767c\u79d1","2886         \u5146\u8c50\u91d1","2884         \u7389\u5c71\u91d1","2891         \u4e2d\u4fe1\u91d1","2892         \u7b2c\u4e00\u91d1","5880         \u5408\u5eab\u91d1","2881         \u5bcc\u90a6\u91d1","2885         \u5143\u5927\u91d1","2887         \u53f0\u65b0\u91d1"],"y":["^TAIEX       \u81fa\u7063\u52a0\u6b0a\u5831\u916c\u6307\u6578","^TWII        \u81fa\u7063\u52a0\u6b0a\u6307\u6578","^TAIEXx2     \u81fa\u7063\u52a0\u6b0a\u5831\u916c\u6307\u6578_\u65e5\u6b632","^TAI50I      \u81fa\u706350\u5831\u916c\u6307\u6578","^TAI50Ix2    \u81fa\u706350\u5831\u916c\u6307\u6578_\u65e5\u6b632","^TAI100I     \u81fa\u7063\u4e2d\u578b100\u5831\u916c\u6307\u6578","^TAI100Ix2   \u81fa\u7063\u4e2d\u578b100\u5831\u916c\u6307\u6578_\u65e5\u6b632","^TAIDIVIDI   \u81fa\u7063\u9ad8\u80a1\u606f\u5831\u916c\u6307\u6578","^TAIDIVIDIx2 \u81fa\u7063\u9ad8\u80a1\u606f\u5831\u916c\u6307\u6578_\u65e5\u6b632","0050Fund     \u5143\u5927\u53f0\u7063\u5353\u8d8a50\u57fa\u91d1","006208Fund   \u5bcc\u90a6\u53f0\u7063\u91c6\u540950\u57fa\u91d1","0050         \u5143\u5927\u81fa\u706350","00631L       \u5143\u5927\u53f0\u706350\u6b632","00675L       \u5bcc\u90a6\u81fa\u7063\u52a0\u6b0a\u6b632","006208       \u5bcc\u90a6\u53f050","0051         \u5143\u5927\u4e2d\u578b100","006204       \u6c38\u8c50\u81fa\u7063\u52a0\u6b0a","0056         \u5143\u5927\u9ad8\u80a1\u606f","0056         \u5143\u5927\u9ad8\u80a1\u606f_\u80a1\u606f\u4e0d\u6295\u5165","2412         \u4e2d\u83ef\u96fb\u4fe1","2002         \u4e2d\u92fc","2330         \u53f0\u7a4d\u96fb","2317         \u9d3b\u6d77","6505         \u53f0\u5851\u77f3\u5316","3481         \u7fa4\u5275","2303         \u806f\u96fb","2308         \u53f0\u9054\u96fb","2454         \u806f\u767c\u79d1","2886         \u5146\u8c50\u91d1","2884         \u7389\u5c71\u91d1","2891         \u4e2d\u4fe1\u91d1","2892         \u7b2c\u4e00\u91d1","5880         \u5408\u5eab\u91d1","2881         \u5bcc\u90a6\u91d1","2885         \u5143\u5927\u91d1","2887         \u53f0\u65b0\u91d1"],"zmin":-1,"zmax":1,"colorbar":{"x":-0.2}}],"layout":{"autotypenumbers":"strict","colorway":["#636efa","#EF553B","#00cc96","#ab63fa","#FFA15A","#19d3f3","#FF6692","#B6E880","#FF97FF","#FECB52"],"font":{"color":"#f2f5fa","family":"Courier New"},"hovermode":"closest","hoverlabel":{"align":"left"},"paper_bgcolor":"rgb(17,17,17)","plot_bgcolor":"rgb(17,17,17)","polar":{"bgcolor":"rgb(17,17,17)","angularaxis":{"gridcolor":"#506784","linecolor":"#506784","ticks":""},"radialaxis":{"gridcolor":"#506784","linecolor":"#506784","ticks":""}},"ternary":{"bgcolor":"rgb(17,17,17)","aaxis":{"gridcolor":"#506784","linecolor":"#506784","ticks":""},"baxis":{"gridcolor":"#506784","linecolor":"#506784","ticks":""},"caxis":{"gridcolor":"#506784","linecolor":"#506784","ticks":""}},"coloraxis":{"colorbar":{"outlinewidth":0,"ticks":""}},"colorscale":{"sequential":[[0.0,"#0d0887"],[0.1111111111111111,"#46039f"],[0.2222222222222222,"#7201a8"],[0.3333333333333333,"#9c179e"],[0.4444444444444444,"#bd3786"],[0.5555555555555556,"#d8576b"],[0.6666666666666666,"#ed7953"],[0.7777777777777778,"#fb9f3a"],[0.8888888888888888,"#fdca26"],[1.0,"#f0f921"]],"sequentialminus":[[0.0,"#0d0887"],[0.1111111111111111,"#46039f"],[0.2222222222222222,"#7201a8"],[0.3333333333333333,"#9c179e"],[0.4444444444444444,"#bd3786"],[0.5555555555555556,"#d8576b"],[0.6666666666666666,"#ed7953"],[0.7777777777777778,"#fb9f3a"],[0.8888888888888888,"#fdca26"],[1.0,"#f0f921"]],"diverging":[[0,"#8e0152"],[0.1,"#c51b7d"],[0.2,"#de77ae"],[0.3,"#f1b6da"],[0.4,"#fde0ef"],[0.5,"#f7f7f7"],[0.6,"#e6f5d0"],[0.7,"#b8e186"],[0.8,"#7fbc41"],[0.9,"#4d9221"],[1,"#276419"]]},"xaxis":{"gridcolor":"rgba(0, 0, 0, 0)","linecolor":"#506784","ticks":"","title":{"standoff":15},"zerolinecolor":"#283442","automargin":true,"zerolinewidth":2,"tickfont":{"family":"Courier New","size":14},"side":"top","tickangle":-90},"yaxis":{"gridcolor":"rgba(0, 0, 0, 0)","linecolor":"#506784","ticks":"","title":{"standoff":15},"zerolinecolor":"#283442","automargin":true,"zerolinewidth":2,"tickfont":{"family":"Courier New"},"side":"right"},"scene":{"xaxis":{"backgroundcolor":"rgb(17,17,17)","gridcolor":"#506784","linecolor":"#506784","showbackground":true,"ticks":"","zerolinecolor":"#C8D4E3","gridwidth":2},"yaxis":{"backgroundcolor":"rgb(17,17,17)","gridcolor":"#506784","linecolor":"#506784","showbackground":true,"ticks":"","zerolinecolor":"#C8D4E3","gridwidth":2},"zaxis":{"backgroundcolor":"rgb(17,17,17)","gridcolor":"#506784","linecolor":"#506784","showbackground":true,"ticks":"","zerolinecolor":"#C8D4E3","gridwidth":2}},"shapedefaults":{"line":{"color":"#f2f5fa"}},"annotationdefaults":{"arrowcolor":"#f2f5fa","arrowhead":0,"arrowwidth":1},"geo":{"bgcolor":"rgb(17,17,17)","landcolor":"rgb(17,17,17)","subunitcolor":"#506784","showland":true,"showlakes":true,"lakecolor":"rgb(17,17,17)"},"title":{"x":0.05,"font":{"family":"Times New Roman"},"y":0.05,"text":"<b>Correlation of Close<b><br><i>2016-09-23 ~ 2025-11-25<i>"},"updatemenudefaults":{"bgcolor":"#506784","borderwidth":0},"sliderdefaults":{"bgcolor":"#C8D4E3","borderwidth":1,"bordercolor":"rgb(17,17,17)","tickwidth":0},"mapbox":{"style":"dark"},"annotations":[{"text":"<b>@zwindr<b>","textangle":0,"opacity":0.5,"font":{"color":"white","size":12},"xref":"paper","yref":"paper","xanchor":"left","yanchor":"bottom","x":1.0,"y":1.0,"showarrow":false}]},"config":{"responsive":true,"toImageButtonOptions":{"filename":"Correlation of Close_2016-09-23~2025-11-25","scale":5}}};Plotly.newPlot("correlationClose",correlationClose.data,correlationClose.layout||{},correlationClose.config);}else{console.log("style display is none => correlationClose");}