var element=document.getElementById("correlationAdjClose");if(element.style.display!='none'){var correlationAdjClose={"data":[{"type":"heatmap","z":[[1.0,0.9950837073723104,0.9751082665517076,0.997030748868167,0.9553557639463967,0.9841347963561934,0.9538827704492063,0.9887934423539619,0.9752349755182113,0.9971835714535419,0.9966373176667193,0.9970998716570275,0.9931676289090725,0.9941946948850675,0.9966878850406324,0.9856263257428541,0.9997209396350967,0.9886006513349481,0.8978988995679789,0.9184366391578748,0.6862855860745677,0.984697093410064,0.9344953151696671,0.36055602564796735,-0.29834062116915233,0.8988108062605604,0.9268389329071787,0.9606086892350565,0.9767619974975359,0.9646175737652692,0.9793199560498298,0.970228082932742,0.9400891573661501,0.9829671206284585,0.9753675180559324,0.9562625693226207],[0.9950837073723104,1.0,0.9714389892814513,0.9918300632698775,0.9514037339081319,0.9803396824410501,0.9499882196306119,0.9811712857268299,0.9695009874644873,0.9931032123080797,0.9949383839512937,0.994456759180386,0.9923112214392167,0.9922730058131175,0.9949587046597353,0.9807704886333121,0.9973348552436367,0.9833602924216122,0.9184390982659503,0.9087058155797122,0.7072265596306605,0.9694036536361327,0.9180342110124916,0.36037291125813903,-0.23062295307886177,0.8774379254847173,0.921247333249251,0.9600009475201758,0.9578740616371046,0.9527474110931454,0.9705713286902969,0.9568259883574323,0.9393375322712959,0.9736700758229747,0.966846673445628,0.9513584532284207],[0.9751082665517076,0.9714389892814513,1.0,0.9845665931758689,0.994456766012963,0.9724142902524056,0.9786068675158105,0.9590384539042736,0.9779051580914906,0.9842662400995463,0.9909064759421595,0.9876412106276513,0.9970487672196648,0.996832249652652,0.9906790097077629,0.9699558404157279,0.98536453048086,0.9585718307305433,0.8576300772896304,0.8215331759173785,0.5548665819746368,0.992252412345124,0.9340476189192239,0.18902244077365338,-0.22266688950619343,0.8814002273494401,0.9422526320648329,0.9704958832035993,0.9171517326116444,0.9066563477095942,0.966718336001293,0.9100242939971993,0.8854718614557036,0.9638913187535462,0.9715235943374929,0.9157569176179469],[0.997030748868167,0.9918300632698775,0.9845665931758689,1.0,0.9719546893236475,0.9756811698744355,0.9514019299286708,0.9800195435566678,0.971584209910273,0.9999706472545714,0.9999919866379972,0.9999634631818153,0.9935761886941514,0.9922627742223861,0.999951855811964,0.9744385148620855,0.9957698532640554,0.9794978975112613,0.8804909940844892,0.8999783787343577,0.6473590419578014,0.9939950746048982,0.9393626959953241,0.3274551887380199,-0.2871190357037723,0.8899902847157835,0.9386665060918775,0.963869196120653,0.9636568912549575,0.9578446156213253,0.9812683567428799,0.9568830691910608,0.9237417147186633,0.9797624381616482,0.973371923756514,0.9449415920185572],[0.9553557639463967,0.9514037339081319,0.994456766012963,0.9719546893236475,1.0,0.9444099857745403,0.9577590802608851,0.932243479277744,0.9565390993616263,0.9720305522026107,0.9813772964826111,0.9774860341728535,0.9834452143453799,0.9806543957187387,0.9809935421774402,0.9404918827010066,0.9662934626985463,0.9314411972331358,0.8225555861224126,0.7890700621785814,0.5034578972312683,0.9867833986153325,0.9281607469343441,0.15353005251253812,-0.21132174295756478,0.8462283422726731,0.949267392008207,0.9550166644970501,0.8847415760509074,0.8811544469306434,0.953346320950795,0.8774268400692358,0.8460311366223898,0.944458515276272,0.9515911134727176,0.8825721261653822],[0.9841347963561934,0.9803396824410501,0.9724142902524056,0.9756811698744355,0.9444099857745403,1.0,0.982920906036187,0.9827782535507308,0.9830028374578925,0.975143153489775,0.96982100748516,0.9732311897638187,0.9733836690562859,0.9709521924533918,0.9697533776610237,0.9999029672559501,0.9871625920124258,0.9836757672387946,0.9013576408716866,0.8718003742719999,0.6552754853548889,0.9673047050915452,0.9062089355399591,0.23787687448769468,-0.22089388969678853,0.9321241753513602,0.8996400392987703,0.9649369910559554,0.9597848891254327,0.9351864990525803,0.9588103792370425,0.9549241007314758,0.9520617325177038,0.9637238128794015,0.9799265527026035,0.9585111937077937],[0.9538827704492063,0.9499882196306119,0.9786068675158105,0.9514019299286708,0.9577590802608851,0.982920906036187,1.0,0.9546314123444419,0.9847429536559011,0.9500897902852835,0.9601889428272601,0.9566858098590133,0.9779833045012172,0.9786323564471249,0.9599304241281027,0.984172166518223,0.9719489109965708,0.957049150692614,0.8652461428465855,0.7910074633395863,0.5448119745398725,0.9553030005007462,0.9085840701694303,0.09772487285536767,-0.16020305285305148,0.8936688442675715,0.8982883126661928,0.9608530726453974,0.9037515576778401,0.8724477802106978,0.9397313745997323,0.8970683746490078,0.9028758159122581,0.9377638183938535,0.969692777155569,0.9140843227169226],[0.9887934423539619,0.9811712857268299,0.9590384539042736,0.9800195435566678,0.932243479277744,0.9827782535507308,0.9546314123444419,1.0,0.9839732542063361,0.9800120460786127,0.975217425837878,0.9788549978772404,0.9692382725276003,0.9682207473325374,0.9753346613702482,0.9845717616622215,0.9865073291401092,0.9998847111944069,0.9278569704094071,0.9297528962554397,0.6238856361427134,0.9670924401814947,0.9007708707137954,0.2151928182954509,-0.3104649635400519,0.9073530847028466,0.8766216831679728,0.9456421185490709,0.9794157161221686,0.957662647401572,0.9691391642235462,0.9663717200119518,0.9378153114517451,0.9640807445245476,0.9617277220762884,0.9682969637243184],[0.9752349755182113,0.9695009874644873,0.9779051580914906,0.971584209910273,0.9565390993616263,0.9830028374578925,0.9847429536559011,0.9839732542063361,1.0,0.9708677237131933,0.9670653007544652,0.9696701240003728,0.9717550451171014,0.9684653669444836,0.966930059628236,0.9820774752119724,0.9749516705721105,0.9833456800469941,0.9026013098302914,0.8631657969817474,0.5421353423695996,0.9689313608451497,0.9186699901687798,0.07484648790732815,-0.2334149760264583,0.8855408606768258,0.8830924788313192,0.9655292141948292,0.9383297582754104,0.9069660817011543,0.963042122046917,0.9239988007101319,0.9044419026301079,0.9544299457891796,0.9741988553515031,0.9294762010450192],[0.9971835714535419,0.9931032123080797,0.9842662400995463,0.9999706472545714,0.9720305522026107,0.975143153489775,0.9500897902852835,0.9800120460786127,0.9708677237131933,1.0,0.9999905591153795,0.9999830510593215,0.9934706808487475,0.9921355561270445,0.9999566325814542,0.9739102749874867,0.9956550208603984,0.9795845854943445,0.8822902258818046,0.9012166202876869,0.644369121111295,0.9941852638431434,0.9392660220711384,0.3324952210648426,-0.2865842779163362,0.8906498781759979,0.936937425764279,0.9624704523689156,0.963413051658114,0.9570486459758174,0.9803733367671077,0.956298006167908,0.9224040969256654,0.9790264258732468,0.9723258557723625,0.9434885228804982],[0.9966373176667193,0.9949383839512937,0.9909064759421595,0.9999919866379972,0.9813772964826111,0.96982100748516,0.9601889428272601,0.975217425837878,0.9670653007544652,0.9999905591153795,1.0,0.9999742415456955,0.9936005708575728,0.99226136590903,0.9999592578450459,0.9695156518512578,0.9954412518715119,0.9758276507810905,0.903478055761235,0.9290407489576564,0.5197856938785453,0.997314727551115,0.9253015629686352,-0.14895783661010464,0.3808426393529063,0.8883738495026979,0.9082625003193713,0.9645816089127629,0.9541399074359318,0.9401933564381684,0.9724896385893219,0.9360730639040363,0.8999454860925283,0.9702866944445281,0.9812792673554122,0.939151901543215],[0.9970998716570275,0.994456759180386,0.9876412106276513,0.9999634631818153,0.9774860341728535,0.9732311897638187,0.9566858098590133,0.9788549978772404,0.9696701240003728,0.9999830510593215,0.9999742415456955,1.0,0.9934789150030804,0.9921083930950733,0.9999673861742563,0.9730400903835255,0.9955578405784502,0.9790500726120394,0.8897751875448745,0.9180651205484823,0.5862162823634467,0.9963368190761106,0.9361944795885415,0.06497676246079634,-0.19376826758227916,0.9033419627221594,0.9230655371181447,0.9581836310424091,0.9574808901843205,0.948089342001233,0.9770998456521572,0.9471257809815766,0.9178454970253644,0.9756570397562604,0.9721095975139213,0.9473060821699628],[0.9931676289090725,0.9923112214392167,0.9970487672196648,0.9935761886941514,0.9834452143453799,0.9733836690562859,0.9779833045012172,0.9692382725276003,0.9717550451171014,0.9934706808487475,0.9936005708575728,0.9934789150030804,1.0,0.9997725548846833,0.9935976399821623,0.9731395630142025,0.9932864159028258,0.9700567236816078,0.8937063438406125,0.9171161209845828,0.44328968849663164,0.9896838277113403,0.9221522653494594,-0.4130844784320887,0.39307453785737145,0.8702272314032877,0.9080104682576716,0.9676233570154865,0.9370568035743737,0.9092531362679305,0.957639497450772,0.9133842895712357,0.8681415631096401,0.9678669962025994,0.9782605330879581,0.9316400497136242],[0.9941946948850675,0.9922730058131175,0.996832249652652,0.9922627742223861,0.9806543957187387,0.9709521924533918,0.9786323564471249,0.9682207473325374,0.9684653669444836,0.9921355561270445,0.99226136590903,0.9921083930950733,0.9997725548846833,1.0,0.9923681806879615,0.9706061949200465,0.9941263169377821,0.9692227045446445,0.878116174297989,0.9269930811375505,0.3009352541737812,0.9860532886483242,0.9162000692819562,-0.7523746842627062,0.3623442896348476,0.8376801601746381,0.9055082834724912,0.9637574077108334,0.9307491902851163,0.8981683969233614,0.951498481505665,0.9141974436229293,0.8463066587948688,0.9686003685515162,0.9764976657836312,0.9261875575863947],[0.9966878850406324,0.9949587046597353,0.9906790097077629,0.999951855811964,0.9809935421774402,0.9697533776610237,0.9599304241281027,0.9753346613702482,0.966930059628236,0.9999566325814542,0.9999592578450459,0.9999673861742563,0.9935976399821623,0.9923681806879615,1.0,0.9695058664754708,0.9954877087463258,0.9759403429691562,0.9037131643577303,0.9296041960621928,0.5198787259022064,0.9971581355402026,0.9254193230401142,-0.14680092953356694,0.38049545936764717,0.8885080665002663,0.9074542954404881,0.9640665404459298,0.9543924809472625,0.9406793094587027,0.9724749371043536,0.9366878540579368,0.9005111811513036,0.9702730373429791,0.9812766145660735,0.9398189071430659],[0.9856263257428541,0.9807704886333121,0.9699558404157279,0.9744385148620855,0.9404918827010066,0.9999029672559501,0.984172166518223,0.9845717616622215,0.9820774752119724,0.9739102749874867,0.9695156518512578,0.9730400903835255,0.9731395630142025,0.9706061949200465,0.9695058664754708,1.0,0.9871821733870032,0.9839006476024422,0.9042987717617393,0.8956534292087478,0.6432471849988862,0.9648462957175247,0.9006042872747246,0.09227338920534921,-0.19994379480089985,0.9392715535961066,0.8880646801609253,0.9620839976716138,0.9632281714222117,0.9326438846477891,0.9553925063286062,0.9561957603573379,0.9511686453731254,0.9657209067992171,0.9791458935077764,0.9626725337385214],[0.9997209396350967,0.9973348552436367,0.98536453048086,0.9957698532640554,0.9662934626985463,0.9871625920124258,0.9719489109965708,0.9865073291401092,0.9749516705721105,0.9956550208603984,0.9954412518715119,0.9955578405784502,0.9932864159028258,0.9941263169377821,0.9954877087463258,0.9871821733870032,1.0,0.9870881516638663,0.9227329763822963,0.9391408733756333,0.5785605429352145,0.9883749173857979,0.9166839696616225,-0.08843976540083111,0.40885028041771704,0.9176622251883687,0.8977621953480636,0.9670970461336671,0.9712475830046364,0.9492906588685195,0.9706935290471856,0.955297366852957,0.9310736326303722,0.9764986787797949,0.9869927585061473,0.9629298989772989],[0.9886006513349481,0.9833602924216122,0.9585718307305433,0.9794978975112613,0.9314411972331358,0.9836757672387946,0.957049150692614,0.9998847111944069,0.9833456800469941,0.9795845854943445,0.9758276507810905,0.9790500726120394,0.9700567236816078,0.9692227045446445,0.9759403429691562,0.9839006476024422,0.9870881516638663,1.0,0.930730915152458,0.9359321472597151,0.6209940399824814,0.9656839647254049,0.9045101210102447,0.17881930697611612,-0.2923230267101888,0.9121753436778732,0.8721303117309105,0.945596386440187,0.9799098026648678,0.9571315312366682,0.9674822863843299,0.9651079404066656,0.93755579094632,0.963275097302971,0.9597508144244675,0.969405246974018],[0.8978988995679789,0.9184390982659503,0.8576300772896304,0.8804909940844892,0.8225555861224126,0.9013576408716866,0.8652461428465855,0.9278569704094071,0.9026013098302914,0.8822902258818046,0.903478055761235,0.8897751875448745,0.8937063438406125,0.878116174297989,0.9037131643577303,0.9042987717617393,0.9227329763822963,0.930730915152458,1.0,0.8292819622123206,0.6935480993766967,0.8522991392925364,0.8056163008370503,0.2595348651064671,-0.1658475777243272,0.8582923542676347,0.7468075343086606,0.8561426062729741,0.8928457765928063,0.8595780302351634,0.8548451596513509,0.8721384661509015,0.8585080209493369,0.8548520739887865,0.874768723536835,0.8959335847409464],[0.9184366391578748,0.9087058155797122,0.8215331759173785,0.8999783787343577,0.7890700621785814,0.8718003742719999,0.7910074633395863,0.9297528962554397,0.8631657969817474,0.9012166202876869,0.9290407489576564,0.9180651205484823,0.9171161209845828,0.9269930811375505,0.9296041960621928,0.8956534292087478,0.9391408733756333,0.9359321472597151,0.8292819622123206,1.0,0.8233775263861466,0.8503596098446586,0.8666614909351273,0.6326682921374462,-0.5246463231893981,0.7183769177982694,0.8257359432247708,0.8146209845431901,0.9597374842389284,0.9384236607283148,0.898441569904594,0.9474266706382978,0.9013264458828286,0.9001608018867183,0.851557100689557,0.8871204043025931],[0.6862855860745677,0.7072265596306605,0.5548665819746368,0.6473590419578014,0.5034578972312683,0.6552754853548889,0.5448119745398725,0.6238856361427134,0.5421353423695996,0.644369121111295,0.5197856938785453,0.5862162823634467,0.44328968849663164,0.3009352541737812,0.5198787259022064,0.6432471849988862,0.5785605429352145,0.6209940399824814,0.6935480993766967,0.8233775263861466,1.0,0.5775984688388778,0.6846425202630633,0.7245003987337334,-0.11604089538869189,0.5335181881965427,0.5881571508478923,0.6042803078715188,0.7685497581472481,0.6983986861092208,0.6164430703548983,0.7338991000082888,0.7503909039369279,0.656813977276652,0.6247260951963777,0.6763676989343967],[0.984697093410064,0.9694036536361327,0.992252412345124,0.9939950746048982,0.9867833986153325,0.9673047050915452,0.9553030005007462,0.9670924401814947,0.9689313608451497,0.9941852638431434,0.997314727551115,0.9963368190761106,0.9896838277113403,0.9860532886483242,0.9971581355402026,0.9648462957175247,0.9883749173857979,0.9656839647254049,0.8522991392925364,0.8503596098446586,0.5775984688388778,1.0,0.9179256183717389,0.25466962412819993,-0.27853370739486405,0.8721340432538712,0.9431184446645259,0.9675242895415326,0.9302117237972789,0.9379742230715967,0.973028255235692,0.9324969429682632,0.8953202863934866,0.9688509001012547,0.9590154847621328,0.9243301607423069],[0.9344953151696671,0.9180342110124916,0.9340476189192239,0.9393626959953241,0.9281607469343441,0.9062089355399591,0.9085840701694303,0.9007708707137954,0.9186699901687798,0.9392660220711384,0.9253015629686352,0.9361944795885415,0.9221522653494594,0.9162000692819562,0.9254193230401142,0.9006042872747246,0.9166839696616225,0.9045101210102447,0.8056163008370503,0.8666614909351273,0.6846425202630633,0.9179256183717389,1.0,0.2935480540558385,-0.19051477965399938,0.7181944702632864,0.9128647653830162,0.9001872101618538,0.8981699683978185,0.8586882003619852,0.9361275836639588,0.8721091463485139,0.8401992675846132,0.9310958460384664,0.886875286494546,0.8588112006541264],[0.36055602564796735,0.36037291125813903,0.18902244077365338,0.3274551887380199,0.15353005251253812,0.23787687448769468,0.09772487285536767,0.2151928182954509,0.07484648790732815,0.3324952210648426,-0.14895783661010464,0.06497676246079634,-0.4130844784320887,-0.7523746842627062,-0.14680092953356694,0.09227338920534921,-0.08843976540083111,0.17881930697611612,0.2595348651064671,0.6326682921374462,0.7245003987337334,0.25466962412819993,0.2935480540558385,1.0,-0.3804500991880123,0.2607611330090622,0.24014168219321744,0.1692322274139797,0.4583082755349487,0.45103077887229165,0.29707174189692664,0.47368765627139864,0.40093771501784303,0.3245507818934742,0.2477351270053901,0.36627261414415957],[-0.29834062116915233,-0.23062295307886177,-0.22266688950619343,-0.2871190357037723,-0.21132174295756478,-0.22089388969678853,-0.16020305285305148,-0.3104649635400519,-0.2334149760264583,-0.2865842779163362,0.3808426393529063,-0.19376826758227916,0.39307453785737145,0.3623442896348476,0.38049545936764717,-0.19994379480089985,0.40885028041771704,-0.2923230267101888,-0.1658475777243272,-0.5246463231893981,-0.11604089538869189,-0.27853370739486405,-0.19051477965399938,-0.3804500991880123,1.0,-0.15785461471310816,-0.2700657034512052,-0.18444585392300575,-0.3868009716484136,-0.3759570810540101,-0.3174130670425952,-0.34522998959982154,-0.21089832710332945,-0.34309427499793127,-0.18588793328771816,-0.3172637621276982],[0.8988108062605604,0.8774379254847173,0.8814002273494401,0.8899902847157835,0.8462283422726731,0.9321241753513602,0.8936688442675715,0.9073530847028466,0.8855408606768258,0.8906498781759979,0.8883738495026979,0.9033419627221594,0.8702272314032877,0.8376801601746381,0.8885080665002663,0.9392715535961066,0.9176622251883687,0.9121753436778732,0.8582923542676347,0.7183769177982694,0.5335181881965427,0.8721340432538712,0.7181944702632864,0.2607611330090622,-0.15785461471310816,1.0,0.7680975130824947,0.8873122572932389,0.8237999783098815,0.8670106496610815,0.8313683183146844,0.8746293341063917,0.8699104838172301,0.8617843494427905,0.8697535700609115,0.9006340290738369],[0.9268389329071787,0.921247333249251,0.9422526320648329,0.9386665060918775,0.949267392008207,0.8996400392987703,0.8982883126661928,0.8766216831679728,0.8830924788313192,0.936937425764279,0.9082625003193713,0.9230655371181447,0.9080104682576716,0.9055082834724912,0.9074542954404881,0.8880646801609253,0.8977621953480636,0.8721303117309105,0.7468075343086606,0.8257359432247708,0.5881571508478923,0.9431184446645259,0.9128647653830162,0.24014168219321744,-0.2700657034512052,0.7680975130824947,1.0,0.890055754600896,0.8799871882394382,0.8684511735591974,0.9147368287923466,0.8662173243254279,0.8298240985422508,0.9154228623444121,0.8970165577172126,0.8585333579473653],[0.9606086892350565,0.9600009475201758,0.9704958832035993,0.963869196120653,0.9550166644970501,0.9649369910559554,0.9608530726453974,0.9456421185490709,0.9655292141948292,0.9624704523689156,0.9645816089127629,0.9581836310424091,0.9676233570154865,0.9637574077108334,0.9640665404459298,0.9620839976716138,0.9670970461336671,0.945596386440187,0.8561426062729741,0.8146209845431901,0.6042803078715188,0.9675242895415326,0.9001872101618538,0.1692322274139797,-0.18444585392300575,0.8873122572932389,0.890055754600896,1.0,0.9121666461497969,0.8959977433564534,0.9463383705892615,0.8960899994919223,0.8887572063049155,0.9518347663749976,0.9741691534084869,0.895480179868564],[0.9767619974975359,0.9578740616371046,0.9171517326116444,0.9636568912549575,0.8847415760509074,0.9597848891254327,0.9037515576778401,0.9794157161221686,0.9383297582754104,0.963413051658114,0.9541399074359318,0.9574808901843205,0.9370568035743737,0.9307491902851163,0.9543924809472625,0.9632281714222117,0.9712475830046364,0.9799098026648678,0.8928457765928063,0.9597374842389284,0.7685497581472481,0.9302117237972789,0.8981699683978185,0.4583082755349487,-0.3868009716484136,0.8237999783098815,0.8799871882394382,0.9121666461497969,1.0,0.9866840305257355,0.9616214629227009,0.990729259246474,0.9538095500859677,0.9596169804043161,0.9166362674533206,0.9689029682700047],[0.9646175737652692,0.9527474110931454,0.9066563477095942,0.9578446156213253,0.8811544469306434,0.9351864990525803,0.8724477802106978,0.957662647401572,0.9069660817011543,0.9570486459758174,0.9401933564381684,0.948089342001233,0.9092531362679305,0.8981683969233614,0.9406793094587027,0.9326438846477891,0.9492906588685195,0.9571315312366682,0.8595780302351634,0.9384236607283148,0.6983986861092208,0.9379742230715967,0.8586882003619852,0.45103077887229165,-0.3759570810540101,0.8670106496610815,0.8684511735591974,0.8959977433564534,0.9866840305257355,1.0,0.9512914520881075,0.9845179911700999,0.9563786831550046,0.9407768231406308,0.9251806542763377,0.9644054461057526],[0.9793199560498298,0.9705713286902969,0.966718336001293,0.9812683567428799,0.953346320950795,0.9588103792370425,0.9397313745997323,0.9691391642235462,0.963042122046917,0.9803733367671077,0.9724896385893219,0.9770998456521572,0.957639497450772,0.951498481505665,0.9724749371043536,0.9553925063286062,0.9706935290471856,0.9674822863843299,0.8548451596513509,0.898441569904594,0.6164430703548983,0.973028255235692,0.9361275836639588,0.29707174189692664,-0.3174130670425952,0.8313683183146844,0.9147368287923466,0.9463383705892615,0.9616214629227009,0.9512914520881075,1.0,0.9518070101871345,0.912164069993645,0.9788220561445432,0.9636999119068929,0.9440565090668527],[0.970228082932742,0.9568259883574323,0.9100242939971993,0.9568830691910608,0.8774268400692358,0.9549241007314758,0.8970683746490078,0.9663717200119518,0.9239988007101319,0.956298006167908,0.9360730639040363,0.9471257809815766,0.9133842895712357,0.9141974436229293,0.9366878540579368,0.9561957603573379,0.955297366852957,0.9651079404066656,0.8721384661509015,0.9474266706382978,0.7338991000082888,0.9324969429682632,0.8721091463485139,0.47368765627139864,-0.34522998959982154,0.8746293341063917,0.8662173243254279,0.8960899994919223,0.990729259246474,0.9845179911700999,0.9518070101871345,1.0,0.9742453821892345,0.946532080380737,0.9391637009011119,0.9650105514735303],[0.9400891573661501,0.9393375322712959,0.8854718614557036,0.9237417147186633,0.8460311366223898,0.9520617325177038,0.9028758159122581,0.9378153114517451,0.9044419026301079,0.9224040969256654,0.8999454860925283,0.9178454970253644,0.8681415631096401,0.8463066587948688,0.9005111811513036,0.9511686453731254,0.9310736326303722,0.93755579094632,0.8585080209493369,0.9013264458828286,0.7503909039369279,0.8953202863934866,0.8401992675846132,0.40093771501784303,-0.21089832710332945,0.8699104838172301,0.8298240985422508,0.8887572063049155,0.9538095500859677,0.9563786831550046,0.912164069993645,0.9742453821892345,1.0,0.9071321086149676,0.9289841183531029,0.9544903926120751],[0.9829671206284585,0.9736700758229747,0.9638913187535462,0.9797624381616482,0.944458515276272,0.9637238128794015,0.9377638183938535,0.9640807445245476,0.9544299457891796,0.9790264258732468,0.9702866944445281,0.9756570397562604,0.9678669962025994,0.9686003685515162,0.9702730373429791,0.9657209067992171,0.9764986787797949,0.963275097302971,0.8548520739887865,0.9001608018867183,0.656813977276652,0.9688509001012547,0.9310958460384664,0.3245507818934742,-0.34309427499793127,0.8617843494427905,0.9154228623444121,0.9518347663749976,0.9596169804043161,0.9407768231406308,0.9788220561445432,0.946532080380737,0.9071321086149676,1.0,0.9606063320366403,0.9451248742739438],[0.9753675180559324,0.966846673445628,0.9715235943374929,0.973371923756514,0.9515911134727176,0.9799265527026035,0.969692777155569,0.9617277220762884,0.9741988553515031,0.9723258557723625,0.9812792673554122,0.9721095975139213,0.9782605330879581,0.9764976657836312,0.9812766145660735,0.9791458935077764,0.9869927585061473,0.9597508144244675,0.874768723536835,0.851557100689557,0.6247260951963777,0.9590154847621328,0.886875286494546,0.2477351270053901,-0.18588793328771816,0.8697535700609115,0.8970165577172126,0.9741691534084869,0.9166362674533206,0.9251806542763377,0.9636999119068929,0.9391637009011119,0.9289841183531029,0.9606063320366403,1.0,0.9241692458528371],[0.9562625693226207,0.9513584532284207,0.9157569176179469,0.9449415920185572,0.8825721261653822,0.9585111937077937,0.9140843227169226,0.9682969637243184,0.9294762010450192,0.9434885228804982,0.939151901543215,0.9473060821699628,0.9316400497136242,0.9261875575863947,0.9398189071430659,0.9626725337385214,0.9629298989772989,0.969405246974018,0.8959335847409464,0.8871204043025931,0.6763676989343967,0.9243301607423069,0.8588112006541264,0.36627261414415957,-0.3172637621276982,0.9006340290738369,0.8585333579473653,0.895480179868564,0.9689029682700047,0.9644054461057526,0.9440565090668527,0.9650105514735303,0.9544903926120751,0.9451248742739438,0.9241692458528371,1.0]],"x":["^TAIEX       \u81fa\u7063\u52a0\u6b0a\u5831\u916c\u6307\u6578","^TWII        \u81fa\u7063\u52a0\u6b0a\u6307\u6578","^TAIEXx2     \u81fa\u7063\u52a0\u6b0a\u5831\u916c\u6307\u6578_\u65e5\u6b632","^TAI50I      \u81fa\u706350\u5831\u916c\u6307\u6578","^TAI50Ix2    \u81fa\u706350\u5831\u916c\u6307\u6578_\u65e5\u6b632","^TAI100I     \u81fa\u7063\u4e2d\u578b100\u5831\u916c\u6307\u6578","^TAI100Ix2   \u81fa\u7063\u4e2d\u578b100\u5831\u916c\u6307\u6578_\u65e5\u6b632","^TAIDIVIDI   \u81fa\u7063\u9ad8\u80a1\u606f\u5831\u916c\u6307\u6578","^TAIDIVIDIx2 \u81fa\u7063\u9ad8\u80a1\u606f\u5831\u916c\u6307\u6578_\u65e5\u6b632","0050Fund     \u5143\u5927\u53f0\u7063\u5353\u8d8a50\u57fa\u91d1","006208Fund   \u5bcc\u90a6\u53f0\u7063\u91c6\u540950\u57fa\u91d1","0050         \u5143\u5927\u81fa\u706350","00631L       \u5143\u5927\u53f0\u706350\u6b632","00675L       \u5bcc\u90a6\u81fa\u7063\u52a0\u6b0a\u6b632","006208       \u5bcc\u90a6\u53f050","0051         \u5143\u5927\u4e2d\u578b100","006204       \u6c38\u8c50\u81fa\u7063\u52a0\u6b0a","0056         \u5143\u5927\u9ad8\u80a1\u606f","0056         \u5143\u5927\u9ad8\u80a1\u606f_\u80a1\u606f\u4e0d\u6295\u5165","2412         \u4e2d\u83ef\u96fb\u4fe1","2002         \u4e2d\u92fc","2330         \u53f0\u7a4d\u96fb","2317         \u9d3b\u6d77","6505         \u53f0\u5851\u77f3\u5316","3481         \u7fa4\u5275","2303         \u806f\u96fb","2308         \u53f0\u9054\u96fb","2454         \u806f\u767c\u79d1","2886         \u5146\u8c50\u91d1","2884         \u7389\u5c71\u91d1","2891         \u4e2d\u4fe1\u91d1","2892         \u7b2c\u4e00\u91d1","5880         \u5408\u5eab\u91d1","2881         \u5bcc\u90a6\u91d1","2885         \u5143\u5927\u91d1","2887         \u53f0\u65b0\u91d1"],"y":["^TAIEX       \u81fa\u7063\u52a0\u6b0a\u5831\u916c\u6307\u6578","^TWII        \u81fa\u7063\u52a0\u6b0a\u6307\u6578","^TAIEXx2     \u81fa\u7063\u52a0\u6b0a\u5831\u916c\u6307\u6578_\u65e5\u6b632","^TAI50I      \u81fa\u706350\u5831\u916c\u6307\u6578","^TAI50Ix2    \u81fa\u706350\u5831\u916c\u6307\u6578_\u65e5\u6b632","^TAI100I     \u81fa\u7063\u4e2d\u578b100\u5831\u916c\u6307\u6578","^TAI100Ix2   \u81fa\u7063\u4e2d\u578b100\u5831\u916c\u6307\u6578_\u65e5\u6b632","^TAIDIVIDI   \u81fa\u7063\u9ad8\u80a1\u606f\u5831\u916c\u6307\u6578","^TAIDIVIDIx2 \u81fa\u7063\u9ad8\u80a1\u606f\u5831\u916c\u6307\u6578_\u65e5\u6b632","0050Fund     \u5143\u5927\u53f0\u7063\u5353\u8d8a50\u57fa\u91d1","006208Fund   \u5bcc\u90a6\u53f0\u7063\u91c6\u540950\u57fa\u91d1","0050         \u5143\u5927\u81fa\u706350","00631L       \u5143\u5927\u53f0\u706350\u6b632","00675L       \u5bcc\u90a6\u81fa\u7063\u52a0\u6b0a\u6b632","006208       \u5bcc\u90a6\u53f050","0051         \u5143\u5927\u4e2d\u578b100","006204       \u6c38\u8c50\u81fa\u7063\u52a0\u6b0a","0056         \u5143\u5927\u9ad8\u80a1\u606f","0056         \u5143\u5927\u9ad8\u80a1\u606f_\u80a1\u606f\u4e0d\u6295\u5165","2412         \u4e2d\u83ef\u96fb\u4fe1","2002         \u4e2d\u92fc","2330         \u53f0\u7a4d\u96fb","2317         \u9d3b\u6d77","6505         \u53f0\u5851\u77f3\u5316","3481         \u7fa4\u5275","2303         \u806f\u96fb","2308         \u53f0\u9054\u96fb","2454         \u806f\u767c\u79d1","2886         \u5146\u8c50\u91d1","2884         \u7389\u5c71\u91d1","2891         \u4e2d\u4fe1\u91d1","2892         \u7b2c\u4e00\u91d1","5880         \u5408\u5eab\u91d1","2881         \u5bcc\u90a6\u91d1","2885         \u5143\u5927\u91d1","2887         \u53f0\u65b0\u91d1"],"zmin":-1,"zmax":1,"colorbar":{"x":-0.2}}],"layout":{"autotypenumbers":"strict","colorway":["#636efa","#EF553B","#00cc96","#ab63fa","#FFA15A","#19d3f3","#FF6692","#B6E880","#FF97FF","#FECB52"],"font":{"color":"#f2f5fa","family":"Courier New"},"hovermode":"closest","hoverlabel":{"align":"left"},"paper_bgcolor":"rgb(17,17,17)","plot_bgcolor":"rgb(17,17,17)","polar":{"bgcolor":"rgb(17,17,17)","angularaxis":{"gridcolor":"#506784","linecolor":"#506784","ticks":""},"radialaxis":{"gridcolor":"#506784","linecolor":"#506784","ticks":""}},"ternary":{"bgcolor":"rgb(17,17,17)","aaxis":{"gridcolor":"#506784","linecolor":"#506784","ticks":""},"baxis":{"gridcolor":"#506784","linecolor":"#506784","ticks":""},"caxis":{"gridcolor":"#506784","linecolor":"#506784","ticks":""}},"coloraxis":{"colorbar":{"outlinewidth":0,"ticks":""}},"colorscale":{"sequential":[[0.0,"#0d0887"],[0.1111111111111111,"#46039f"],[0.2222222222222222,"#7201a8"],[0.3333333333333333,"#9c179e"],[0.4444444444444444,"#bd3786"],[0.5555555555555556,"#d8576b"],[0.6666666666666666,"#ed7953"],[0.7777777777777778,"#fb9f3a"],[0.8888888888888888,"#fdca26"],[1.0,"#f0f921"]],"sequentialminus":[[0.0,"#0d0887"],[0.1111111111111111,"#46039f"],[0.2222222222222222,"#7201a8"],[0.3333333333333333,"#9c179e"],[0.4444444444444444,"#bd3786"],[0.5555555555555556,"#d8576b"],[0.6666666666666666,"#ed7953"],[0.7777777777777778,"#fb9f3a"],[0.8888888888888888,"#fdca26"],[1.0,"#f0f921"]],"diverging":[[0,"#8e0152"],[0.1,"#c51b7d"],[0.2,"#de77ae"],[0.3,"#f1b6da"],[0.4,"#fde0ef"],[0.5,"#f7f7f7"],[0.6,"#e6f5d0"],[0.7,"#b8e186"],[0.8,"#7fbc41"],[0.9,"#4d9221"],[1,"#276419"]]},"xaxis":{"gridcolor":"rgba(0, 0, 0, 0)","linecolor":"#506784","ticks":"","title":{"standoff":15},"zerolinecolor":"#283442","automargin":true,"zerolinewidth":2,"tickfont":{"family":"Courier New","size":14},"side":"top","tickangle":-90},"yaxis":{"gridcolor":"rgba(0, 0, 0, 0)","linecolor":"#506784","ticks":"","title":{"standoff":15},"zerolinecolor":"#283442","automargin":true,"zerolinewidth":2,"tickfont":{"family":"Courier New"},"side":"right"},"scene":{"xaxis":{"backgroundcolor":"rgb(17,17,17)","gridcolor":"#506784","linecolor":"#506784","showbackground":true,"ticks":"","zerolinecolor":"#C8D4E3","gridwidth":2},"yaxis":{"backgroundcolor":"rgb(17,17,17)","gridcolor":"#506784","linecolor":"#506784","showbackground":true,"ticks":"","zerolinecolor":"#C8D4E3","gridwidth":2},"zaxis":{"backgroundcolor":"rgb(17,17,17)","gridcolor":"#506784","linecolor":"#506784","showbackground":true,"ticks":"","zerolinecolor":"#C8D4E3","gridwidth":2}},"shapedefaults":{"line":{"color":"#f2f5fa"}},"annotationdefaults":{"arrowcolor":"#f2f5fa","arrowhead":0,"arrowwidth":1},"geo":{"bgcolor":"rgb(17,17,17)","landcolor":"rgb(17,17,17)","subunitcolor":"#506784","showland":true,"showlakes":true,"lakecolor":"rgb(17,17,17)"},"title":{"x":0.05,"font":{"family":"Times New Roman"},"y":0.05,"text":"<b>Correlation of Adj Close<b><br><i>2016-09-23 ~ 2025-12-18<i>"},"updatemenudefaults":{"bgcolor":"#506784","borderwidth":0},"sliderdefaults":{"bgcolor":"#C8D4E3","borderwidth":1,"bordercolor":"rgb(17,17,17)","tickwidth":0},"mapbox":{"style":"dark"},"annotations":[{"text":"<b>@zwindr<b>","textangle":0,"opacity":0.5,"font":{"color":"white","size":12},"xref":"paper","yref":"paper","xanchor":"left","yanchor":"bottom","x":1.0,"y":1.0,"showarrow":false}]},"config":{"responsive":true,"toImageButtonOptions":{"filename":"Correlation of Adj Close_2016-09-23~2025-12-18","scale":5}}};Plotly.newPlot("correlationAdjClose",correlationAdjClose.data,correlationAdjClose.layout||{},correlationAdjClose.config);}else{console.log("style display is none => correlationAdjClose");}