var config = { responsive: true }

var correlationClose = {"data": [{"type": "heatmap", "z": [[1.0, 0.999999999999998, 1.0, 0.9957149782425168, 0.9957149782425168, 0.9577673438029759, 0.9577673438029759, 0.8872139944032942, 0.8872139944032942, 0.9959162095992744, 0.9921574586847565, 0.9919248158500934, 0.9952588757405719, 0.9697403775629189, 0.9987762387666009, 0.929180860042018, 0.8061993789078951, 0.2817263265526435, 0.977354928553161, 0.7995359275568781, 0.1224089289007674, -0.27679654703267575, 0.7598334575480439, 0.9457680245590981, 0.9168337807562292], [0.999999999999998, 1.0, 0.9999999999999982, 0.9956442678808589, 0.9956442678808589, 0.9570816384325185, 0.9570816384325185, 0.888785351928263, 0.888785351928263, 0.9958746520358158, 0.9918483505915305, 0.991228475808067, 0.995205106535829, 0.9688965771369562, 0.9987821225832549, 0.9298960902070807, 0.814650763875924, 0.412785252029519, 0.9698679941370475, 0.7712997657640311, 0.12932377889075172, -0.276501040172831, 0.6542717428557749, 0.9465585477165993, 0.9230336285110412], [1.0, 0.9999999999999982, 1.0, 0.9957149782425168, 0.9957149782425168, 0.9577673438029759, 0.9577673438029759, 0.8872139944032942, 0.8872139944032942, 0.9959162095992744, 0.9921574586847565, 0.9919248158500934, 0.9952588757405719, 0.9697403775629189, 0.9987762387666009, 0.929180860042018, 0.8061993789078951, 0.2817263265526435, 0.977354928553161, 0.7995359275568781, 0.1224089289007674, -0.27679654703267575, 0.7598334575480439, 0.9457680245590981, 0.9168337807562292], [0.9957149782425168, 0.9956442678808589, 0.9957149782425168, 1.0, 1.0, 0.9442000204498401, 0.9442000204498401, 0.872393700563755, 0.872393700563755, 0.9996089502470776, 0.9885690376988503, 0.9847238337516834, 0.9993271549152888, 0.9517985450454929, 0.9946008395330262, 0.9128664446822048, 0.7828683319275721, 0.25620387846544135, 0.9885155730040492, 0.7921737559326476, 0.09462097162138375, -0.2816170127159676, 0.7701127435962101, 0.9339785010371346, 0.9166295750492722], [0.9957149782425168, 0.9956442678808589, 0.9957149782425168, 1.0, 1.0, 0.9442000204498401, 0.9442000204498401, 0.872393700563755, 0.872393700563755, 0.9996089502470776, 0.9885690376988503, 0.9847238337516834, 0.9993271549152888, 0.9517985450454929, 0.9946008395330262, 0.9128664446822048, 0.7828683319275721, 0.25620387846544135, 0.9885155730040492, 0.7921737559326476, 0.09462097162138375, -0.2816170127159676, 0.7701127435962101, 0.9339785010371346, 0.9166295750492722], [0.9577673438029759, 0.9570816384325185, 0.9577673438029759, 0.9442000204498401, 0.9442000204498401, 1.0, 1.0, 0.9170163731674521, 0.9170163731674521, 0.947995176185093, 0.9755292636813945, 0.9744724959279777, 0.9491523318451061, 0.9989522789712267, 0.9702117077490452, 0.9194234464040594, 0.674155826082911, 0.2175703408527331, 0.9279462451966453, 0.7238732855163006, -0.11197631753143479, -0.12607398870934516, 0.8707200296047247, 0.8987562354921113, 0.9190275600376498], [0.9577673438029759, 0.9570816384325185, 0.9577673438029759, 0.9442000204498401, 0.9442000204498401, 1.0, 1.0, 0.9170163731674521, 0.9170163731674521, 0.947995176185093, 0.9755292636813945, 0.9744724959279777, 0.9491523318451061, 0.9989522789712267, 0.9702117077490452, 0.9194234464040594, 0.674155826082911, 0.2175703408527331, 0.9279462451966453, 0.7238732855163006, -0.11197631753143479, -0.12607398870934516, 0.8707200296047247, 0.8987562354921113, 0.9190275600376498], [0.8872139944032942, 0.888785351928263, 0.8872139944032942, 0.872393700563755, 0.872393700563755, 0.9170163731674521, 0.9170163731674521, 1.0, 1.0, 0.8947548690922432, 0.9432192378165087, 0.9380986812635883, 0.9329229649487466, 0.9180207779951536, 0.9343374909566431, 0.9760157417735361, 0.6150061928139986, 0.2660590201443265, 0.8249699520308578, 0.738686863574737, -0.14388441950922054, 0.022512366946915302, 0.779732491125537, 0.783120474887233, 0.8487159609668683], [0.8872139944032942, 0.888785351928263, 0.8872139944032942, 0.872393700563755, 0.872393700563755, 0.9170163731674521, 0.9170163731674521, 1.0, 1.0, 0.8947548690922432, 0.9432192378165087, 0.9380986812635883, 0.9329229649487466, 0.9180207779951536, 0.9343374909566431, 0.9760157417735361, 0.6150061928139986, 0.2660590201443265, 0.8249699520308578, 0.738686863574737, -0.14388441950922054, 0.022512366946915302, 0.779732491125537, 0.783120474887233, 0.8487159609668683], [0.9959162095992744, 0.9958746520358158, 0.9959162095992744, 0.9996089502470776, 0.9996089502470776, 0.947995176185093, 0.947995176185093, 0.8947548690922432, 0.8947548690922432, 1.0, 0.987195405165015, 0.9835115034908767, 0.9993782394272753, 0.9502041596365035, 0.9944101768472123, 0.9124468059623908, 0.823795125121306, 0.08985489161448397, 0.9915497736126068, 0.7888335036998988, -0.16695014760582863, -0.31378364176680495, 0.8861526054577376, 0.9280270858133925, 0.9027867880074869], [0.9921574586847565, 0.9918483505915305, 0.9921574586847565, 0.9885690376988503, 0.9885690376988503, 0.9755292636813945, 0.9755292636813945, 0.9432192378165087, 0.9432192378165087, 0.987195405165015, 1.0, 0.999652118343032, 0.988380684374494, 0.9740272782724554, 0.9888558529855228, 0.9257625181759653, 0.788800715694055, 0.27950376007209676, 0.9875074744379305, 0.7110538556991686, -0.560074028813191, 0.24165311585707266, 0.8542370158864674, 0.9289470275915737, 0.9548821901803275], [0.9919248158500934, 0.991228475808067, 0.9919248158500934, 0.9847238337516834, 0.9847238337516834, 0.9744724959279777, 0.9744724959279777, 0.9380986812635883, 0.9380986812635883, 0.9835115034908767, 0.999652118343032, 1.0, 0.985565122886221, 0.9718308667481872, 0.9871327737625605, 0.9146054831116017, 0.8124807280567158, 0.1648091715303614, 0.9824678186629144, 0.7161196907747857, -0.8069272162838256, 0.28538019943915083, 0.8138384192873589, 0.935779258840134, 0.9529250094128849], [0.9952588757405719, 0.995205106535829, 0.9952588757405719, 0.9993271549152888, 0.9993271549152888, 0.9491523318451061, 0.9491523318451061, 0.9329229649487466, 0.9329229649487466, 0.9993782394272753, 0.988380684374494, 0.985565122886221, 1.0, 0.9508103067334233, 0.9937047396204463, 0.9348723142628744, 0.8248996748726558, 0.28103255713102315, 0.9950790210323183, 0.753086765812717, -0.3307867198581555, 0.18771954194715923, 0.8777068528661437, 0.9058754211717067, 0.9330386306407539], [0.9697403775629189, 0.9688965771369562, 0.9697403775629189, 0.9517985450454929, 0.9517985450454929, 0.9989522789712267, 0.9989522789712267, 0.9180207779951536, 0.9180207779951536, 0.9502041596365035, 0.9740272782724554, 0.9718308667481872, 0.9508103067334233, 1.0, 0.972540186728853, 0.9183394204458595, 0.7483507873600738, 0.18501114757938153, 0.9418869779189278, 0.7205318700038897, -0.2633819724290198, -0.20026956040333546, 0.9088198674646082, 0.9189180591311487, 0.91591919169136], [0.9987762387666009, 0.9987821225832549, 0.9987762387666009, 0.9946008395330262, 0.9946008395330262, 0.9702117077490452, 0.9702117077490452, 0.9343374909566431, 0.9343374909566431, 0.9944101768472123, 0.9888558529855228, 0.9871327737625605, 0.9937047396204463, 0.972540186728853, 1.0, 0.9465403232128647, 0.8323649449978661, 0.2883580556779586, 0.9868528074521833, 0.7388164446320018, -0.32301680277963896, 0.19809858387794793, 0.9069269373091103, 0.9260226492380473, 0.9389455784831102], [0.929180860042018, 0.9298960902070807, 0.929180860042018, 0.9128664446822048, 0.9128664446822048, 0.9194234464040594, 0.9194234464040594, 0.9760157417735361, 0.9760157417735361, 0.9124468059623908, 0.9257625181759653, 0.9146054831116017, 0.9348723142628744, 0.9183394204458595, 0.9465403232128647, 1.0, 0.7643918192494831, 0.2172520620177949, 0.8762686736373935, 0.7155168754365346, -0.053689873404164146, -0.23530693734001282, 0.8170939351364757, 0.8386556630156686, 0.8304236674815637], [0.8061993789078951, 0.814650763875924, 0.8061993789078951, 0.7828683319275721, 0.7828683319275721, 0.674155826082911, 0.674155826082911, 0.6150061928139986, 0.6150061928139986, 0.823795125121306, 0.788800715694055, 0.8124807280567158, 0.8248996748726558, 0.7483507873600738, 0.8323649449978661, 0.7643918192494831, 1.0, 0.5325311704598438, 0.7368479025421023, 0.7740249435817571, 0.5141689184535981, -0.5814867978734659, 0.2571395486908716, 0.8266305872756027, 0.6469125421552768], [0.2817263265526435, 0.412785252029519, 0.2817263265526435, 0.25620387846544135, 0.25620387846544135, 0.2175703408527331, 0.2175703408527331, 0.2660590201443265, 0.2660590201443265, 0.08985489161448397, 0.27950376007209676, 0.1648091715303614, 0.28103255713102315, 0.18501114757938153, 0.2883580556779586, 0.2172520620177949, 0.5325311704598438, 1.0, 0.261873302795548, 0.5711194763300642, 0.38030217264249977, 0.5536074052648572, 0.026939100790785646, 0.4264035515061735, 0.40013919713070817], [0.977354928553161, 0.9698679941370475, 0.977354928553161, 0.9885155730040492, 0.9885155730040492, 0.9279462451966453, 0.9279462451966453, 0.8249699520308578, 0.8249699520308578, 0.9915497736126068, 0.9875074744379305, 0.9824678186629144, 0.9950790210323183, 0.9418869779189278, 0.9868528074521833, 0.8762686736373935, 0.7368479025421023, 0.261873302795548, 1.0, 0.7338960817284005, 0.03673183302731915, -0.3474109555018619, 0.6688161767632694, 0.9168793741337345, 0.9061787036357233], [0.7995359275568781, 0.7712997657640311, 0.7995359275568781, 0.7921737559326476, 0.7921737559326476, 0.7238732855163006, 0.7238732855163006, 0.738686863574737, 0.738686863574737, 0.7888335036998988, 0.7110538556991686, 0.7161196907747857, 0.753086765812717, 0.7205318700038897, 0.7388164446320018, 0.7155168754365346, 0.7740249435817571, 0.5711194763300642, 0.7338960817284005, 1.0, 0.22588629709816796, -0.043693706729620974, 0.22409159992646488, 0.8257704920897494, 0.736236897123405], [0.1224089289007674, 0.12932377889075172, 0.1224089289007674, 0.09462097162138375, 0.09462097162138375, -0.11197631753143479, -0.11197631753143479, -0.14388441950922054, -0.14388441950922054, -0.16695014760582863, -0.560074028813191, -0.8069272162838256, -0.3307867198581555, -0.2633819724290198, -0.32301680277963896, -0.053689873404164146, 0.5141689184535981, 0.38030217264249977, 0.03673183302731915, 0.22588629709816796, 1.0, -0.09514378516663842, -0.1538919703899273, 0.11470888412130094, -0.0766542525729158], [-0.27679654703267575, -0.276501040172831, -0.27679654703267575, -0.2816170127159676, -0.2816170127159676, -0.12607398870934516, -0.12607398870934516, 0.022512366946915302, 0.022512366946915302, -0.31378364176680495, 0.24165311585707266, 0.28538019943915083, 0.18771954194715923, -0.20026956040333546, 0.19809858387794793, -0.23530693734001282, -0.5814867978734659, 0.5536074052648572, -0.3474109555018619, -0.043693706729620974, -0.09514378516663842, 1.0, -0.059449814094607284, -0.34548127356644065, -0.07339834206165227], [0.7598334575480439, 0.6542717428557749, 0.7598334575480439, 0.7701127435962101, 0.7701127435962101, 0.8707200296047247, 0.8707200296047247, 0.779732491125537, 0.779732491125537, 0.8861526054577376, 0.8542370158864674, 0.8138384192873589, 0.8777068528661437, 0.9088198674646082, 0.9069269373091103, 0.8170939351364757, 0.2571395486908716, 0.026939100790785646, 0.6688161767632694, 0.22409159992646488, -0.1538919703899273, -0.059449814094607284, 1.0, 0.5289342600975253, 0.7301097455044048], [0.9457680245590981, 0.9465585477165993, 0.9457680245590981, 0.9339785010371346, 0.9339785010371346, 0.8987562354921113, 0.8987562354921113, 0.783120474887233, 0.783120474887233, 0.9280270858133925, 0.9289470275915737, 0.935779258840134, 0.9058754211717067, 0.9189180591311487, 0.9260226492380473, 0.8386556630156686, 0.8266305872756027, 0.4264035515061735, 0.9168793741337345, 0.8257704920897494, 0.11470888412130094, -0.34548127356644065, 0.5289342600975253, 1.0, 0.8792663847494431], [0.9168337807562292, 0.9230336285110412, 0.9168337807562292, 0.9166295750492722, 0.9166295750492722, 0.9190275600376498, 0.9190275600376498, 0.8487159609668683, 0.8487159609668683, 0.9027867880074869, 0.9548821901803275, 0.9529250094128849, 0.9330386306407539, 0.91591919169136, 0.9389455784831102, 0.8304236674815637, 0.6469125421552768, 0.40013919713070817, 0.9061787036357233, 0.736236897123405, -0.0766542525729158, -0.07339834206165227, 0.7301097455044048, 0.8792663847494431, 1.0]], "x": ["^TAIEX       \u81fa\u7063\u52a0\u6b0a\u5831\u916c\u6307\u6578", "^TWII        \u81fa\u7063\u52a0\u6b0a\u6307\u6578", "^TAIEXx2     \u81fa\u7063\u52a0\u6b0a\u5831\u916c\u6307\u6578_\u65e5\u6b632", "^TAI50I      \u81fa\u706350\u5831\u916c\u6307\u6578", "^TAI50Ix2    \u81fa\u706350\u5831\u916c\u6307\u6578_\u65e5\u6b632", "^TAI100I     \u81fa\u7063\u4e2d\u578b100\u5831\u916c\u6307\u6578", "^TAI100Ix2   \u81fa\u7063\u4e2d\u578b100\u5831\u916c\u6307\u6578_\u65e5\u6b632", "^TAIDIVIDI   \u81fa\u7063\u9ad8\u80a1\u606f\u5831\u916c\u6307\u6578", "^TAIDIVIDIx2 \u81fa\u7063\u9ad8\u80a1\u606f\u5831\u916c\u6307\u6578_\u65e5\u6b632", "0050         \u5143\u5927\u81fa\u706350", "00631L       \u5143\u5927\u53f0\u706350\u6b632", "00675L       \u5bcc\u90a6\u81fa\u7063\u52a0\u6b0a\u6b632", "006208       \u5bcc\u90a6\u53f050", "0051         \u5143\u5927\u4e2d\u578b100", "006204       \u6c38\u8c50\u81fa\u7063\u52a0\u6b0a", "0056         \u5143\u5927\u9ad8\u80a1\u606f", "2412         \u4e2d\u83ef\u96fb\u4fe1", "2002         \u4e2d\u92fc", "2330         \u53f0\u7a4d\u96fb", "2317         \u9d3b\u6d77", "6505         \u53f0\u5851\u77f3\u5316", "3481         \u7fa4\u5275", "2303         \u806f\u96fb", "2308         \u53f0\u9054\u96fb", "2454         \u806f\u767c\u79d1"], "y": ["^TAIEX       \u81fa\u7063\u52a0\u6b0a\u5831\u916c\u6307\u6578", "^TWII        \u81fa\u7063\u52a0\u6b0a\u6307\u6578", "^TAIEXx2     \u81fa\u7063\u52a0\u6b0a\u5831\u916c\u6307\u6578_\u65e5\u6b632", "^TAI50I      \u81fa\u706350\u5831\u916c\u6307\u6578", "^TAI50Ix2    \u81fa\u706350\u5831\u916c\u6307\u6578_\u65e5\u6b632", "^TAI100I     \u81fa\u7063\u4e2d\u578b100\u5831\u916c\u6307\u6578", "^TAI100Ix2   \u81fa\u7063\u4e2d\u578b100\u5831\u916c\u6307\u6578_\u65e5\u6b632", "^TAIDIVIDI   \u81fa\u7063\u9ad8\u80a1\u606f\u5831\u916c\u6307\u6578", "^TAIDIVIDIx2 \u81fa\u7063\u9ad8\u80a1\u606f\u5831\u916c\u6307\u6578_\u65e5\u6b632", "0050         \u5143\u5927\u81fa\u706350", "00631L       \u5143\u5927\u53f0\u706350\u6b632", "00675L       \u5bcc\u90a6\u81fa\u7063\u52a0\u6b0a\u6b632", "006208       \u5bcc\u90a6\u53f050", "0051         \u5143\u5927\u4e2d\u578b100", "006204       \u6c38\u8c50\u81fa\u7063\u52a0\u6b0a", "0056         \u5143\u5927\u9ad8\u80a1\u606f", "2412         \u4e2d\u83ef\u96fb\u4fe1", "2002         \u4e2d\u92fc", "2330         \u53f0\u7a4d\u96fb", "2317         \u9d3b\u6d77", "6505         \u53f0\u5851\u77f3\u5316", "3481         \u7fa4\u5275", "2303         \u806f\u96fb", "2308         \u53f0\u9054\u96fb", "2454         \u806f\u767c\u79d1"], "zmin": -1, "zmax": 1, "colorbar": {"x": -0.2}}], "layout": {"title": {"text": "<b>Correlation of Close<b><br><i>2016/09/23 ~ 2025/04/17<i>", "y": 0.05, "font": {"family": "Times New Roman"}, "x": 0.05}, "xaxis": {"side": "top", "tickangle": -90, "gridcolor": "rgba(0, 0, 0, 0)", "tickfont": {"family": "Courier New", "size": 14}, "automargin": true}, "yaxis": {"side": "right", "gridcolor": "rgba(0, 0, 0, 0)", "tickfont": {"family": "Courier New"}, "automargin": true}, "height": 600, "font": {"family": "Courier New", "color": "#ffffff"}, "plot_bgcolor": "#000", "paper_bgcolor": "#000"}};

Plotly.newPlot("correlationClose",
    correlationClose.data,
    correlationClose.layout || {},
    config);