var element = document.getElementById("correlationAdjClose");

if (element.style.display != 'none') {
    var correlationAdjClose = {"data": [{"type": "heatmap", "z": [[1.0, 0.9941427034725122, 0.9770959533214265, 0.9975736321415531, 0.9643954146341729, 0.9818596350441433, -0.9445742348573216, 0.9900801010458209, 0.9709133267383324, 0.9971600079580029, 0.9971430274700195, 0.9976358072113094, 0.9934355370253621, 0.9941332842802364, 0.997163290623189, 0.9841998285851596, 0.9996770318733116, 0.9900772876772496, 0.9207509091183969, 0.7344408502892023, 0.9853613272089456, 0.9229705599017918, 0.42967683795277684, -0.303881921133418, 0.9009024324822898, 0.9706688128050609, 0.9556768634590234, 0.9802902117569159, 0.9646477373554035, 0.9758240172287533, 0.9723392823957834, 0.9456483002284037, 0.9802380249620437, 0.9709686163231497, 0.9545398877481596], [0.9941427034725122, 1.0, 0.9724598130200229, 0.991327524386572, 0.9596894980295223, 0.9774195624934859, -0.9399415405906358, 0.9812384723628699, 0.9641413080223009, 0.9952229382425924, 0.9950657674046712, 0.9943518781636579, 0.99249178218317, 0.9918066354392204, 0.9950329851671379, 0.9783486651998138, 0.9967349066732843, 0.9838929257515102, 0.9099568272602826, 0.7474583844209205, 0.9672521647117711, 0.9026188157574013, 0.42982998831333025, -0.22915646357353778, 0.875530029369072, 0.9589214516710213, 0.9550193850671435, 0.9585805471696226, 0.9508331683086464, 0.965631011450696, 0.9568273353258755, 0.9436697694774554, 0.9692440809378126, 0.9611132270581638, 0.9484624311889766], [0.9770959533214265, 0.9724598130200229, 1.0, 0.9834652041009949, 0.9958735734617015, 0.9787173935751231, -0.9761862160515886, 0.9699439275593879, 0.9839242074296384, 0.989076210623642, 0.9897730900780631, 0.9862895148458157, 0.9970005386806864, 0.9967988357434696, 0.9895270539037299, 0.9772250085707688, 0.9878446805549435, 0.9697704799381748, 0.8288598246389615, 0.6226090882492874, 0.9905285342168199, 0.9146640227280554, 0.2638474440024168, -0.22751864760456364, 0.9043736796739604, 0.9447090211099813, 0.9799297623066018, 0.9303309629361154, 0.9131892789846187, 0.9651533931817997, 0.9205830077999347, 0.9063420268429319, 0.9669784141970899, 0.9741653329445656, 0.9232173428563739], [0.9975736321415531, 0.991327524386572, 0.9834652041009949, 1.0, 0.9764696827013075, 0.9740542907565387, -0.9396390563738017, 0.9841983717013004, 0.9683549759890856, 0.9999718536221736, 0.99998966569135, 0.9999579740843734, 0.9916059046695701, 0.9896033607196458, 0.9999436653458771, 0.9737437286609386, 0.9960242721586241, 0.983991072235957, 0.9065777068674739, 0.7033145431451213, 0.9934256793161536, 0.9247019662325465, 0.4041119777965267, -0.2950749616513547, 0.8981257536653842, 0.9675198332378425, 0.9620141398347739, 0.9710441020665318, 0.9617465068769064, 0.9781941351618653, 0.9624465945857705, 0.9341949176112204, 0.9782354029115761, 0.9695808342497982, 0.9457926983707858], [0.9643954146341729, 0.9596894980295223, 0.9958735734617015, 0.9764696827013075, 1.0, 0.9578745120966773, -0.9575813213335599, 0.9540806044052937, 0.9710820471656105, 0.9849611269729147, 0.9857095527024304, 0.9817142331920512, 0.9859613384465526, 0.9823416391107529, 0.9853303124604931, 0.9552548924615036, 0.9755025534723516, 0.9537662362092605, 0.8076901131149912, 0.5852959956519111, 0.9895333522993025, 0.9106042506434332, 0.23762376436965887, -0.2203785374686222, 0.8840467098809107, 0.9333197981934788, 0.9771236272340942, 0.9095161256588834, 0.8991681919954629, 0.9591819662617153, 0.8985776222294019, 0.8794309769833996, 0.9562807884612609, 0.962052325451948, 0.8988451261779694], [0.9818596350441433, 0.9774195624934859, 0.9787173935751231, 0.9740542907565387, 0.9578745120966773, 1.0, -0.9811583618654471, 0.9809646850711085, 0.9802610052221882, 0.9690317978149562, 0.9693495554347425, 0.9720573996840437, 0.9772644971687517, 0.9752538132349025, 0.9691805439738828, 0.9999039733777784, 0.9862560128591136, 0.9820236942760738, 0.8635919202818125, 0.7013503066560397, 0.967445298399983, 0.8938403215274165, 0.29704122767627805, -0.21691813884119124, 0.935928148086902, 0.9520903966532788, 0.9602333416104011, 0.9581232324943487, 0.9289535362928578, 0.9524842797421068, 0.9523128466538145, 0.9550460634144228, 0.9575806644052182, 0.9768222761820018, 0.9554345310206718], [-0.9445742348573216, -0.9399415405906358, -0.9761862160515886, -0.9396390563738017, -0.9575813213335599, -0.9811583618654471, 1.0, -0.9527391228968931, -0.9838459218125064, -0.9494342236330069, -0.9506020499036787, -0.9460836492684627, -0.9746978291027465, -0.9762760088897937, -0.9502544460199166, -0.9841876463350984, -0.9655198086722112, -0.9556477917621384, -0.7779990445247914, -0.5994818731884618, -0.9445257010849635, -0.8853790963228478, -0.155385239030441, 0.15215067053619288, -0.9038963507567838, -0.9134021212937596, -0.9584064941245788, -0.9007821841347267, -0.8612916573157378, -0.9266466735301159, -0.8923294942806176, -0.9098279532359168, -0.92727900475426, -0.9644762164701589, -0.9099557253161734], [0.9900801010458209, 0.9812384723628699, 0.9699439275593879, 0.9841983717013004, 0.9540806044052937, 0.9809646850711085, -0.9527391228968931, 1.0, 0.982738406651268, 0.9800085188409331, 0.9799409831669381, 0.9831515329087811, 0.9762798014682824, 0.9753658441808847, 0.9799758903764652, 0.9828532794551247, 0.9877821939082562, 0.9998722109888113, 0.9244330629429595, 0.6684842560271027, 0.9736467664786913, 0.8968068801261232, 0.2853325886983309, -0.3120737659907417, 0.9054344838267189, 0.9493202180814306, 0.9387271529160234, 0.9780117664374219, 0.9533054387057985, 0.9683721574100073, 0.9632248825788198, 0.9361517916855885, 0.9598313243336454, 0.9581102668961429, 0.9653719977872456], [0.9709133267383324, 0.9641413080223009, 0.9839242074296384, 0.9683549759890856, 0.9710820471656105, 0.9802610052221882, -0.9838459218125064, 0.982738406651268, 1.0, 0.9639651037467643, 0.9645989542707739, 0.9664761426355476, 0.9736145829676556, 0.9707678304575347, 0.9643704332683061, 0.9793434002228262, 0.970993126950692, 0.9820577078091545, 0.8524492320370308, 0.5926572575892739, 0.9681206609092832, 0.908347759468351, 0.14306382655523378, -0.23163617855253418, 0.8863962403677224, 0.9299083160210886, 0.9610001332097892, 0.9342646153519036, 0.8971962370774355, 0.957119383083791, 0.917486750189668, 0.9036635963330646, 0.9464207590718932, 0.9699623372709653, 0.9233088073107644], [0.9971600079580029, 0.9952229382425924, 0.989076210623642, 0.9999718536221736, 0.9849611269729147, 0.9690317978149562, -0.9494342236330069, 0.9800085188409331, 0.9639651037467643, 1.0, 0.9999878733725821, 0.9999827099200715, 0.9914535839921136, 0.9894190962148742, 0.9999489750153785, 0.9694072339635332, 0.9956287944304802, 0.9809475137129503, 0.9320575828227282, 0.6217685240097924, 0.9967511061660945, 0.9035468843288486, -0.03622321193823444, 0.42450744404911206, 0.9131285080125485, 0.9492951104278736, 0.9671024154557217, 0.962352598502657, 0.9443180054993743, 0.9664564621282158, 0.9423451087503785, 0.919681033317687, 0.9659845492415012, 0.9804031312135348, 0.9423438049356886], [0.9971430274700195, 0.9950657674046712, 0.9897730900780631, 0.99998966569135, 0.9857095527024304, 0.9693495554347425, -0.9506020499036787, 0.9799409831669381, 0.9645989542707739, 0.9999878733725821, 1.0, 0.9999721405567974, 0.9916322735544636, 0.98959487832438, 0.9999530342526589, 0.9696952443359839, 0.9956696964189407, 0.9808494360660357, 0.9312706770987765, 0.6179386890560972, 0.9970388577419845, 0.9028409388113029, -0.0510522050977054, 0.4199900694474076, 0.9123313482676738, 0.9490718801711555, 0.9679628514019525, 0.9618524005658519, 0.9430610008647222, 0.9665647429582823, 0.9413251287522854, 0.9183758048250782, 0.9661703585103499, 0.9809043648663823, 0.9416243480951206], [0.9976358072113094, 0.9943518781636579, 0.9862895148458157, 0.9999579740843734, 0.9817142331920512, 0.9720573996840437, -0.9460836492684627, 0.9831515329087811, 0.9664761426355476, 0.9999827099200715, 0.9999721405567974, 1.0, 0.9914111844104259, 0.9893374681502677, 0.9999622677302545, 0.9723568309222965, 0.9958155548392099, 0.9836603997132998, 0.9227513865135764, 0.6701135163372817, 0.9959390046496837, 0.9190008184357754, 0.16420675187417047, -0.19684690577396524, 0.921188230455015, 0.9592470479151756, 0.9570344347704549, 0.9655040540934998, 0.9526299122746708, 0.9728796624154632, 0.9530967902453505, 0.9326333790991276, 0.9729917651237273, 0.967924787082081, 0.9512991390050249], [0.9934355370253621, 0.99249178218317, 0.9970005386806864, 0.9916059046695701, 0.9859613384465526, 0.9772644971687517, -0.9746978291027465, 0.9762798014682824, 0.9736145829676556, 0.9914535839921136, 0.9916322735544636, 0.9914111844104259, 1.0, 0.9996930146078258, 0.9915820143786997, 0.9779209668689729, 0.9937440716932119, 0.9775520716296221, 0.9142426117178297, 0.5602636117065631, 0.9863537039430271, 0.8950506817214696, -0.33207779472613264, 0.4463715556614496, 0.9031441085136629, 0.9459266413103233, 0.9781672739981375, 0.9454720746339814, 0.9066149828060918, 0.9476186874146569, 0.9161670702787694, 0.8898786806063956, 0.964329794221063, 0.9800538362634669, 0.9344934387712027], [0.9941332842802364, 0.9918066354392204, 0.9967988357434696, 0.9896033607196458, 0.9823416391107529, 0.9752538132349025, -0.9762760088897937, 0.9753658441808847, 0.9707678304575347, 0.9894190962148742, 0.98959487832438, 0.9893374681502677, 0.9996930146078258, 1.0, 0.989666664926439, 0.9759483429252773, 0.9942807798101542, 0.9768778084050511, 0.9218033993870578, 0.43818049848377755, 0.9812368345371155, 0.8844574042418544, -0.7169169751550944, 0.42306631330657213, 0.875392543673999, 0.9420998104028095, 0.9775196223748407, 0.9382133259885055, 0.8896632264319735, 0.9387555012761789, 0.9136522166434419, 0.8685975031837415, 0.9664536575216565, 0.9783624550943401, 0.9267374438738395], [0.997163290623189, 0.9950329851671379, 0.9895270539037299, 0.9999436653458771, 0.9853303124604931, 0.9691805439738828, -0.9502544460199166, 0.9799758903764652, 0.9643704332683061, 0.9999489750153785, 0.9999530342526589, 0.9999622677302545, 0.9915820143786997, 0.989666664926439, 1.0, 0.9695542177948306, 0.9956631373868399, 0.9809296165760955, 0.9319249353658274, 0.6188703453161456, 0.9968623297010833, 0.9028251759263628, -0.04780246497650294, 0.4201791863222563, 0.912288458848196, 0.9481131112819748, 0.9672835652830943, 0.9621596725791389, 0.9435576807982214, 0.9664933104327896, 0.9419494414139811, 0.918994693196259, 0.9660057290953665, 0.9807728042781159, 0.9420842275514075], [0.9841998285851596, 0.9783486651998138, 0.9772250085707688, 0.9737437286609386, 0.9552548924615036, 0.9999039733777784, -0.9841876463350984, 0.9828532794551247, 0.9793434002228262, 0.9694072339635332, 0.9696952443359839, 0.9723568309222965, 0.9779209668689729, 0.9759483429252773, 0.9695542177948306, 1.0, 0.9866102407384317, 0.9821400084684323, 0.8871634241625974, 0.7002879705722249, 0.9658261270449008, 0.8891277274788537, 0.1649467034596129, -0.19578580830565953, 0.9443290375277206, 0.9520394465610011, 0.9569696267249066, 0.9614451541507646, 0.9258329886752465, 0.9490267121687538, 0.9531977935264566, 0.954405142127869, 0.959950282622869, 0.9762939972378304, 0.9601654580665172], [0.9996770318733116, 0.9967349066732843, 0.9878446805549435, 0.9960242721586241, 0.9755025534723516, 0.9862560128591136, -0.9655198086722112, 0.9877821939082562, 0.970993126950692, 0.9956287944304802, 0.9956696964189407, 0.9958155548392099, 0.9937440716932119, 0.9942807798101542, 0.9956631373868399, 0.9866102407384317, 1.0, 0.9885977239455058, 0.9375843281932836, 0.6627549443877426, 0.9888989090653628, 0.8992249003230702, 0.004688297711396935, 0.44083483956526515, 0.9327938149640256, 0.954714914185292, 0.9654579602579328, 0.9749879717388579, 0.9481896901718712, 0.9647237035110448, 0.9570551123230193, 0.9427924631776347, 0.9718488516067132, 0.9849807849962148, 0.9638146701167823], [0.9900772876772496, 0.9838929257515102, 0.9697704799381748, 0.983991072235957, 0.9537662362092605, 0.9820236942760738, -0.9556477917621384, 0.9998722109888113, 0.9820577078091545, 0.9809475137129503, 0.9808494360660357, 0.9836603997132998, 0.9775520716296221, 0.9768778084050511, 0.9809296165760955, 0.9821400084684323, 0.9885977239455058, 1.0, 0.9306547335085893, 0.6673650332388461, 0.9725997859685833, 0.9015127637614656, 0.2522354717484659, -0.2937384887934384, 0.9108051689859141, 0.9476099681351258, 0.9386875192911636, 0.9784532936958007, 0.9526320514182895, 0.9668461703797879, 0.961688120638377, 0.9359708640937385, 0.9590931636649773, 0.9559916409225478, 0.9665653320693816], [0.9207509091183969, 0.9099568272602826, 0.8288598246389615, 0.9065777068674739, 0.8076901131149912, 0.8635919202818125, -0.7779990445247914, 0.9244330629429595, 0.8524492320370308, 0.9320575828227282, 0.9312706770987765, 0.9227513865135764, 0.9142426117178297, 0.9218033993870578, 0.9319249353658274, 0.8871634241625974, 0.9375843281932836, 0.9306547335085893, 1.0, 0.8389421038978412, 0.8581962130429163, 0.8731881096072032, 0.6802405341432478, -0.5320440873954703, 0.6997147509496647, 0.9096109899657462, 0.8020960603786078, 0.9575591178008875, 0.9352792386014693, 0.9009623696498408, 0.944063847120312, 0.8944586297574475, 0.8984005648455219, 0.8459526297749943, 0.8795691973428129], [0.7344408502892023, 0.7474583844209205, 0.6226090882492874, 0.7033145431451213, 0.5852959956519111, 0.7013503066560397, -0.5994818731884618, 0.6684842560271027, 0.5926572575892739, 0.6217685240097924, 0.6179386890560972, 0.6701135163372817, 0.5602636117065631, 0.43818049848377755, 0.6188703453161456, 0.7002879705722249, 0.6627549443877426, 0.6673650332388461, 0.8389421038978412, 1.0, 0.6275839989159423, 0.7408131720595944, 0.729885904510774, -0.11650695024570755, 0.5376612101136867, 0.7354939187052119, 0.6324515662564066, 0.7886937653965438, 0.7232277186857091, 0.6602379055319548, 0.7601533698885878, 0.7630013972427816, 0.6934936754689051, 0.6573937949213607, 0.6998520434407257], [0.9853613272089456, 0.9672521647117711, 0.9905285342168199, 0.9934256793161536, 0.9895333522993025, 0.967445298399983, -0.9445257010849635, 0.9736467664786913, 0.9681206609092832, 0.9967511061660945, 0.9970388577419845, 0.9959390046496837, 0.9863537039430271, 0.9812368345371155, 0.9968623297010833, 0.9658261270449008, 0.9888989090653628, 0.9725997859685833, 0.8581962130429163, 0.6275839989159423, 1.0, 0.8964611903127506, 0.33140090487175694, -0.28877666924146617, 0.8844278301217409, 0.9530836670431849, 0.9708109530430669, 0.9399868063323232, 0.9446938625038246, 0.9699866053406124, 0.9404739953083189, 0.9095042377280409, 0.9685499061507088, 0.9548036005078794, 0.927237387849911], [0.9229705599017918, 0.9026188157574013, 0.9146640227280554, 0.9247019662325465, 0.9106042506434332, 0.8938403215274165, -0.8853790963228478, 0.8968068801261232, 0.908347759468351, 0.9035468843288486, 0.9028409388113029, 0.9190008184357754, 0.8950506817214696, 0.8844574042418544, 0.9028251759263628, 0.8891277274788537, 0.8992249003230702, 0.9015127637614656, 0.8731881096072032, 0.7408131720595944, 0.8964611903127506, 1.0, 0.3780125135850393, -0.18950900198766146, 0.7014991464470615, 0.9185305222982886, 0.8871563496612025, 0.8977711960913947, 0.8481064111436776, 0.9237557726885259, 0.8676448305835579, 0.8402867571236979, 0.9213904227664653, 0.8654458843329907, 0.8478698990841766], [0.42967683795277684, 0.42982998831333025, 0.2638474440024168, 0.4041119777965267, 0.23762376436965887, 0.29704122767627805, -0.155385239030441, 0.2853325886983309, 0.14306382655523378, -0.03622321193823444, -0.0510522050977054, 0.16420675187417047, -0.33207779472613264, -0.7169169751550944, -0.04780246497650294, 0.1649467034596129, 0.004688297711396935, 0.2522354717484659, 0.6802405341432478, 0.729885904510774, 0.33140090487175694, 0.3780125135850393, 1.0, -0.39248307264773125, 0.2889354982521418, 0.3974847011865359, 0.21431587400363072, 0.5080316630318412, 0.5053616145434042, 0.36505313065775624, 0.5253986453505877, 0.4377670895277093, 0.38460829538307006, 0.30494003171309914, 0.4134639572698603], [-0.303881921133418, -0.22915646357353778, -0.22751864760456364, -0.2950749616513547, -0.2203785374686222, -0.21691813884119124, 0.15215067053619288, -0.3120737659907417, -0.23163617855253418, 0.42450744404911206, 0.4199900694474076, -0.19684690577396524, 0.4463715556614496, 0.42306631330657213, 0.4201791863222563, -0.19578580830565953, 0.44083483956526515, -0.2937384887934384, -0.5320440873954703, -0.11650695024570755, -0.28877666924146617, -0.18950900198766146, -0.39248307264773125, 1.0, -0.1493425461844197, -0.3271506474084609, -0.17731716207603332, -0.38978082644602335, -0.37957239391970177, -0.32627125914962224, -0.34621106572882904, -0.2040214138922843, -0.35051140651418344, -0.17963601005193833, -0.3169779725011031], [0.9009024324822898, 0.875530029369072, 0.9043736796739604, 0.8981257536653842, 0.8840467098809107, 0.935928148086902, -0.9038963507567838, 0.9054344838267189, 0.8863962403677224, 0.9131285080125485, 0.9123313482676738, 0.921188230455015, 0.9031441085136629, 0.875392543673999, 0.912288458848196, 0.9443290375277206, 0.9327938149640256, 0.9108051689859141, 0.6997147509496647, 0.5376612101136867, 0.8844278301217409, 0.7014991464470615, 0.2889354982521418, -0.1493425461844197, 1.0, 0.8299945114365509, 0.8847524274159791, 0.8112196552072315, 0.8589504032143412, 0.8270812352543805, 0.8666245439087839, 0.861309211469407, 0.8568199130066255, 0.8670879604822751, 0.8947428430332112], [0.9706688128050609, 0.9589214516710213, 0.9447090211099813, 0.9675198332378425, 0.9333197981934788, 0.9520903966532788, -0.9134021212937596, 0.9493202180814306, 0.9299083160210886, 0.9492951104278736, 0.9490718801711555, 0.9592470479151756, 0.9459266413103233, 0.9420998104028095, 0.9481131112819748, 0.9520394465610011, 0.954714914185292, 0.9476099681351258, 0.9096109899657462, 0.7354939187052119, 0.9530836670431849, 0.9185305222982886, 0.3974847011865359, -0.3271506474084609, 0.8299945114365509, 1.0, 0.9330355496490711, 0.9554626820324149, 0.9326455280529474, 0.9444420535086884, 0.9393912765928235, 0.9102745825231003, 0.96106851280452, 0.9240620779956585, 0.9168784341792235], [0.9556768634590234, 0.9550193850671435, 0.9799297623066018, 0.9620141398347739, 0.9771236272340942, 0.9602333416104011, -0.9584064941245788, 0.9387271529160234, 0.9610001332097892, 0.9671024154557217, 0.9679628514019525, 0.9570344347704549, 0.9781672739981375, 0.9775196223748407, 0.9672835652830943, 0.9569696267249066, 0.9654579602579328, 0.9386875192911636, 0.8020960603786078, 0.6324515662564066, 0.9708109530430669, 0.8871563496612025, 0.21431587400363072, -0.17731716207603332, 0.8847524274159791, 0.9330355496490711, 1.0, 0.904435689800552, 0.8835870058387193, 0.9385713509456981, 0.885275246121553, 0.884384603137706, 0.9449045925062893, 0.9710268661069731, 0.8845479848611432], [0.9802902117569159, 0.9585805471696226, 0.9303309629361154, 0.9710441020665318, 0.9095161256588834, 0.9581232324943487, -0.9007821841347267, 0.9780117664374219, 0.9342646153519036, 0.962352598502657, 0.9618524005658519, 0.9655040540934998, 0.9454720746339814, 0.9382133259885055, 0.9621596725791389, 0.9614451541507646, 0.9749879717388579, 0.9784532936958007, 0.9575591178008875, 0.7886937653965438, 0.9399868063323232, 0.8977711960913947, 0.5080316630318412, -0.38978082644602335, 0.8112196552072315, 0.9554626820324149, 0.904435689800552, 1.0, 0.9856595320957381, 0.9649518020139807, 0.9898140405184851, 0.9508595798768769, 0.9588193341529049, 0.911686773915736, 0.9663957831852636], [0.9646477373554035, 0.9508331683086464, 0.9131892789846187, 0.9617465068769064, 0.8991681919954629, 0.9289535362928578, -0.8612916573157378, 0.9533054387057985, 0.8971962370774355, 0.9443180054993743, 0.9430610008647222, 0.9526299122746708, 0.9066149828060918, 0.8896632264319735, 0.9435576807982214, 0.9258329886752465, 0.9481896901718712, 0.9526320514182895, 0.9352792386014693, 0.7232277186857091, 0.9446938625038246, 0.8481064111436776, 0.5053616145434042, -0.37957239391970177, 0.8589504032143412, 0.9326455280529474, 0.8835870058387193, 0.9856595320957381, 1.0, 0.9501469234063372, 0.9830765522565276, 0.9548651612437231, 0.935632032827997, 0.9183815379635794, 0.961554974954713], [0.9758240172287533, 0.965631011450696, 0.9651533931817997, 0.9781941351618653, 0.9591819662617153, 0.9524842797421068, -0.9266466735301159, 0.9683721574100073, 0.957119383083791, 0.9664564621282158, 0.9665647429582823, 0.9728796624154632, 0.9476186874146569, 0.9387555012761789, 0.9664933104327896, 0.9490267121687538, 0.9647237035110448, 0.9668461703797879, 0.9009623696498408, 0.6602379055319548, 0.9699866053406124, 0.9237557726885259, 0.36505313065775624, -0.32627125914962224, 0.8270812352543805, 0.9444420535086884, 0.9385713509456981, 0.9649518020139807, 0.9501469234063372, 1.0, 0.9529123999995359, 0.9164562453359447, 0.9758195381784229, 0.9569191936299652, 0.9423007070825425], [0.9723392823957834, 0.9568273353258755, 0.9205830077999347, 0.9624465945857705, 0.8985776222294019, 0.9523128466538145, -0.8923294942806176, 0.9632248825788198, 0.917486750189668, 0.9423451087503785, 0.9413251287522854, 0.9530967902453505, 0.9161670702787694, 0.9136522166434419, 0.9419494414139811, 0.9531977935264566, 0.9570551123230193, 0.961688120638377, 0.944063847120312, 0.7601533698885878, 0.9404739953083189, 0.8676448305835579, 0.5253986453505877, -0.34621106572882904, 0.8666245439087839, 0.9393912765928235, 0.885275246121553, 0.9898140405184851, 0.9830765522565276, 0.9529123999995359, 1.0, 0.9733966209436579, 0.9432776727553402, 0.9360875982688762, 0.9619646446239655], [0.9456483002284037, 0.9436697694774554, 0.9063420268429319, 0.9341949176112204, 0.8794309769833996, 0.9550460634144228, -0.9098279532359168, 0.9361517916855885, 0.9036635963330646, 0.919681033317687, 0.9183758048250782, 0.9326333790991276, 0.8898786806063956, 0.8685975031837415, 0.918994693196259, 0.954405142127869, 0.9427924631776347, 0.9359708640937385, 0.8944586297574475, 0.7630013972427816, 0.9095042377280409, 0.8402867571236979, 0.4377670895277093, -0.2040214138922843, 0.861309211469407, 0.9102745825231003, 0.884384603137706, 0.9508595798768769, 0.9548651612437231, 0.9164562453359447, 0.9733966209436579, 1.0, 0.9058741032922428, 0.9321186475232313, 0.9528649681570314], [0.9802380249620437, 0.9692440809378126, 0.9669784141970899, 0.9782354029115761, 0.9562807884612609, 0.9575806644052182, -0.92727900475426, 0.9598313243336454, 0.9464207590718932, 0.9659845492415012, 0.9661703585103499, 0.9729917651237273, 0.964329794221063, 0.9664536575216565, 0.9660057290953665, 0.959950282622869, 0.9718488516067132, 0.9590931636649773, 0.8984005648455219, 0.6934936754689051, 0.9685499061507088, 0.9213904227664653, 0.38460829538307006, -0.35051140651418344, 0.8568199130066255, 0.96106851280452, 0.9449045925062893, 0.9588193341529049, 0.935632032827997, 0.9758195381784229, 0.9432776727553402, 0.9058741032922428, 1.0, 0.9537744036948892, 0.9403595585934162], [0.9709686163231497, 0.9611132270581638, 0.9741653329445656, 0.9695808342497982, 0.962052325451948, 0.9768222761820018, -0.9644762164701589, 0.9581102668961429, 0.9699623372709653, 0.9804031312135348, 0.9809043648663823, 0.967924787082081, 0.9800538362634669, 0.9783624550943401, 0.9807728042781159, 0.9762939972378304, 0.9849807849962148, 0.9559916409225478, 0.8459526297749943, 0.6573937949213607, 0.9548036005078794, 0.8654458843329907, 0.30494003171309914, -0.17963601005193833, 0.8670879604822751, 0.9240620779956585, 0.9710268661069731, 0.911686773915736, 0.9183815379635794, 0.9569191936299652, 0.9360875982688762, 0.9321186475232313, 0.9537744036948892, 1.0, 0.9171987846672528], [0.9545398877481596, 0.9484624311889766, 0.9232173428563739, 0.9457926983707858, 0.8988451261779694, 0.9554345310206718, -0.9099557253161734, 0.9653719977872456, 0.9233088073107644, 0.9423438049356886, 0.9416243480951206, 0.9512991390050249, 0.9344934387712027, 0.9267374438738395, 0.9420842275514075, 0.9601654580665172, 0.9638146701167823, 0.9665653320693816, 0.8795691973428129, 0.6998520434407257, 0.927237387849911, 0.8478698990841766, 0.4134639572698603, -0.3169779725011031, 0.8947428430332112, 0.9168784341792235, 0.8845479848611432, 0.9663957831852636, 0.961554974954713, 0.9423007070825425, 0.9619646446239655, 0.9528649681570314, 0.9403595585934162, 0.9171987846672528, 1.0]], "x": ["^TAIEX       \u81fa\u7063\u52a0\u6b0a\u5831\u916c\u6307\u6578", "^TWII        \u81fa\u7063\u52a0\u6b0a\u6307\u6578", "^TAIEXx2     \u81fa\u7063\u52a0\u6b0a\u5831\u916c\u6307\u6578_\u65e5\u6b632", "^TAI50I      \u81fa\u706350\u5831\u916c\u6307\u6578", "^TAI50Ix2    \u81fa\u706350\u5831\u916c\u6307\u6578_\u65e5\u6b632", "^TAI100I     \u81fa\u7063\u4e2d\u578b100\u5831\u916c\u6307\u6578", "^TAI100Ix2   \u81fa\u7063\u4e2d\u578b100\u5831\u916c\u6307\u6578_\u65e5\u6b632", "^TAIDIVIDI   \u81fa\u7063\u9ad8\u80a1\u606f\u5831\u916c\u6307\u6578", "^TAIDIVIDIx2 \u81fa\u7063\u9ad8\u80a1\u606f\u5831\u916c\u6307\u6578_\u65e5\u6b632", "0050Fund     \u5143\u5927\u53f0\u7063\u5353\u8d8a50\u57fa\u91d1", "006208Fund   \u5bcc\u90a6\u53f0\u7063\u91c6\u540950\u57fa\u91d1", "0050         \u5143\u5927\u81fa\u706350", "00631L       \u5143\u5927\u53f0\u706350\u6b632", "00675L       \u5bcc\u90a6\u81fa\u7063\u52a0\u6b0a\u6b632", "006208       \u5bcc\u90a6\u53f050", "0051         \u5143\u5927\u4e2d\u578b100", "006204       \u6c38\u8c50\u81fa\u7063\u52a0\u6b0a", "0056         \u5143\u5927\u9ad8\u80a1\u606f", "2412         \u4e2d\u83ef\u96fb\u4fe1", "2002         \u4e2d\u92fc", "2330         \u53f0\u7a4d\u96fb", "2317         \u9d3b\u6d77", "6505         \u53f0\u5851\u77f3\u5316", "3481         \u7fa4\u5275", "2303         \u806f\u96fb", "2308         \u53f0\u9054\u96fb", "2454         \u806f\u767c\u79d1", "2886         \u5146\u8c50\u91d1", "2884         \u7389\u5c71\u91d1", "2891         \u4e2d\u4fe1\u91d1", "2892         \u7b2c\u4e00\u91d1", "5880         \u5408\u5eab\u91d1", "2881         \u5bcc\u90a6\u91d1", "2885         \u5143\u5927\u91d1", "2887         \u53f0\u65b0\u91d1"], "y": ["^TAIEX       \u81fa\u7063\u52a0\u6b0a\u5831\u916c\u6307\u6578", "^TWII        \u81fa\u7063\u52a0\u6b0a\u6307\u6578", "^TAIEXx2     \u81fa\u7063\u52a0\u6b0a\u5831\u916c\u6307\u6578_\u65e5\u6b632", "^TAI50I      \u81fa\u706350\u5831\u916c\u6307\u6578", "^TAI50Ix2    \u81fa\u706350\u5831\u916c\u6307\u6578_\u65e5\u6b632", "^TAI100I     \u81fa\u7063\u4e2d\u578b100\u5831\u916c\u6307\u6578", "^TAI100Ix2   \u81fa\u7063\u4e2d\u578b100\u5831\u916c\u6307\u6578_\u65e5\u6b632", "^TAIDIVIDI   \u81fa\u7063\u9ad8\u80a1\u606f\u5831\u916c\u6307\u6578", "^TAIDIVIDIx2 \u81fa\u7063\u9ad8\u80a1\u606f\u5831\u916c\u6307\u6578_\u65e5\u6b632", "0050Fund     \u5143\u5927\u53f0\u7063\u5353\u8d8a50\u57fa\u91d1", "006208Fund   \u5bcc\u90a6\u53f0\u7063\u91c6\u540950\u57fa\u91d1", "0050         \u5143\u5927\u81fa\u706350", "00631L       \u5143\u5927\u53f0\u706350\u6b632", "00675L       \u5bcc\u90a6\u81fa\u7063\u52a0\u6b0a\u6b632", "006208       \u5bcc\u90a6\u53f050", "0051         \u5143\u5927\u4e2d\u578b100", "006204       \u6c38\u8c50\u81fa\u7063\u52a0\u6b0a", "0056         \u5143\u5927\u9ad8\u80a1\u606f", "2412         \u4e2d\u83ef\u96fb\u4fe1", "2002         \u4e2d\u92fc", "2330         \u53f0\u7a4d\u96fb", "2317         \u9d3b\u6d77", "6505         \u53f0\u5851\u77f3\u5316", "3481         \u7fa4\u5275", "2303         \u806f\u96fb", "2308         \u53f0\u9054\u96fb", "2454         \u806f\u767c\u79d1", "2886         \u5146\u8c50\u91d1", "2884         \u7389\u5c71\u91d1", "2891         \u4e2d\u4fe1\u91d1", "2892         \u7b2c\u4e00\u91d1", "5880         \u5408\u5eab\u91d1", "2881         \u5bcc\u90a6\u91d1", "2885         \u5143\u5927\u91d1", "2887         \u53f0\u65b0\u91d1"], "zmin": -1, "zmax": 1, "colorbar": {"x": -0.2}}], "layout": {"autotypenumbers": "strict", "colorway": ["#636efa", "#EF553B", "#00cc96", "#ab63fa", "#FFA15A", "#19d3f3", "#FF6692", "#B6E880", "#FF97FF", "#FECB52"], "font": {"color": "#f2f5fa", "family": "Courier New"}, "hovermode": "closest", "hoverlabel": {"align": "left"}, "paper_bgcolor": "rgb(17,17,17)", "plot_bgcolor": "rgb(17,17,17)", "polar": {"bgcolor": "rgb(17,17,17)", "angularaxis": {"gridcolor": "#506784", "linecolor": "#506784", "ticks": ""}, "radialaxis": {"gridcolor": "#506784", "linecolor": "#506784", "ticks": ""}}, "ternary": {"bgcolor": "rgb(17,17,17)", "aaxis": {"gridcolor": "#506784", "linecolor": "#506784", "ticks": ""}, "baxis": {"gridcolor": "#506784", "linecolor": "#506784", "ticks": ""}, "caxis": {"gridcolor": "#506784", "linecolor": "#506784", "ticks": ""}}, "coloraxis": {"colorbar": {"outlinewidth": 0, "ticks": ""}}, "colorscale": {"sequential": [[0.0, "#0d0887"], [0.1111111111111111, "#46039f"], [0.2222222222222222, "#7201a8"], [0.3333333333333333, "#9c179e"], [0.4444444444444444, "#bd3786"], [0.5555555555555556, "#d8576b"], [0.6666666666666666, "#ed7953"], [0.7777777777777778, "#fb9f3a"], [0.8888888888888888, "#fdca26"], [1.0, "#f0f921"]], "sequentialminus": [[0.0, "#0d0887"], [0.1111111111111111, "#46039f"], [0.2222222222222222, "#7201a8"], [0.3333333333333333, "#9c179e"], [0.4444444444444444, "#bd3786"], [0.5555555555555556, "#d8576b"], [0.6666666666666666, "#ed7953"], [0.7777777777777778, "#fb9f3a"], [0.8888888888888888, "#fdca26"], [1.0, "#f0f921"]], "diverging": [[0, "#8e0152"], [0.1, "#c51b7d"], [0.2, "#de77ae"], [0.3, "#f1b6da"], [0.4, "#fde0ef"], [0.5, "#f7f7f7"], [0.6, "#e6f5d0"], [0.7, "#b8e186"], [0.8, "#7fbc41"], [0.9, "#4d9221"], [1, "#276419"]]}, "xaxis": {"gridcolor": "rgba(0, 0, 0, 0)", "linecolor": "#506784", "ticks": "", "title": {"standoff": 15}, "zerolinecolor": "#283442", "automargin": true, "zerolinewidth": 2, "tickfont": {"family": "Courier New", "size": 14}, "side": "top", "tickangle": -90}, "yaxis": {"gridcolor": "rgba(0, 0, 0, 0)", "linecolor": "#506784", "ticks": "", "title": {"standoff": 15}, "zerolinecolor": "#283442", "automargin": true, "zerolinewidth": 2, "tickfont": {"family": "Courier New"}, "side": "right"}, "scene": {"xaxis": {"backgroundcolor": "rgb(17,17,17)", "gridcolor": "#506784", "linecolor": "#506784", "showbackground": true, "ticks": "", "zerolinecolor": "#C8D4E3", "gridwidth": 2}, "yaxis": {"backgroundcolor": "rgb(17,17,17)", "gridcolor": "#506784", "linecolor": "#506784", "showbackground": true, "ticks": "", "zerolinecolor": "#C8D4E3", "gridwidth": 2}, "zaxis": {"backgroundcolor": "rgb(17,17,17)", "gridcolor": "#506784", "linecolor": "#506784", "showbackground": true, "ticks": "", "zerolinecolor": "#C8D4E3", "gridwidth": 2}}, "shapedefaults": {"line": {"color": "#f2f5fa"}}, "annotationdefaults": {"arrowcolor": "#f2f5fa", "arrowhead": 0, "arrowwidth": 1}, "geo": {"bgcolor": "rgb(17,17,17)", "landcolor": "rgb(17,17,17)", "subunitcolor": "#506784", "showland": true, "showlakes": true, "lakecolor": "rgb(17,17,17)"}, "title": {"x": 0.05, "font": {"family": "Times New Roman"}, "y": 0.05, "text": "<b>Correlation of Adj Close<b><br><i>2016-09-23 ~ 2025-08-20<i>"}, "updatemenudefaults": {"bgcolor": "#506784", "borderwidth": 0}, "sliderdefaults": {"bgcolor": "#C8D4E3", "borderwidth": 1, "bordercolor": "rgb(17,17,17)", "tickwidth": 0}, "mapbox": {"style": "dark"}, "annotations": [{"text": "<b>@zwindr<b>", "textangle": 0, "opacity": 0.5, "font": {"color": "white", "size": 12}, "xref": "paper", "yref": "paper", "xanchor": "left", "yanchor": "bottom", "x": 1.0, "y": 1.0, "showarrow": false}]}, "config": {"responsive": true, "toImageButtonOptions": {"filename": "Correlation of Adj Close_2016-09-23~2025-08-20", "scale": 5}}};

    Plotly.newPlot("correlationAdjClose",
        correlationAdjClose.data,
        correlationAdjClose.layout || {},
        correlationAdjClose.config);
} else {
    // The element with the specified ID does not exist
    console.log("style display is none => correlationAdjClose");
}