var element=document.getElementById("correlationAdjClose");if(element.style.display!='none'){var correlationAdjClose={"data":[{"type":"heatmap","z":[[1.0,0.9951279752541468,0.9750021675077831,0.997010919991759,0.9550082667920544,0.9842468151275696,0.9542994239058421,0.9886957419297775,0.9754187947999975,0.9971646057978811,0.9966242127914564,0.9970909643450901,0.9931511550722595,0.9941918778308688,0.9966797393816721,0.985685643818842,0.9997225782847325,0.9885135719259448,0.8976748731524313,0.9181672288787535,0.6838654647263265,0.9846996408329644,0.9351051557482793,0.35766475375542944,-0.29815300055340344,0.8990257170199859,0.9263653755851904,0.9608735567951229,0.9765065033745333,0.9646885191740696,0.9793858882648876,0.9701508260333008,0.939838401711177,0.9831195175733789,0.9755567380727057,0.9565818636168392],[0.9951279752541468,1.0,0.9713967362670782,0.9918655954093089,0.9511169983879854,0.9804796796380929,0.9504530162115227,0.9811171903798768,0.9697294249363306,0.9931332654566084,0.9949513424061486,0.9944747548714788,0.9922994804402915,0.9922872725456221,0.9949732157432355,0.980856488548453,0.9973567649173349,0.9832772735954293,0.9180584606737794,0.908454999881466,0.7051216470285782,0.969543650939152,0.9187600727089916,0.357402444519952,-0.23072398057305415,0.8777794484221204,0.9208777576391215,0.9602570216341484,0.9577159937494111,0.9528957114301646,0.9707472939621331,0.9568031407733648,0.9390828553732594,0.9739019702186688,0.9671194290306714,0.9516876580548786],[0.9750021675077831,0.9713967362670782,1.0,0.9845955900849311,0.9944286575697585,0.9721304303187884,0.9787651273471605,0.9584207695912398,0.9775441262493719,0.9843004792496531,0.9909349720929669,0.9876618239754063,0.9970548220240949,0.9968385864801353,0.9906986171702293,0.9697212129698741,0.9852962253021373,0.9580809433031517,0.8567758910173596,0.8208831947698902,0.5515226790291643,0.992305867214646,0.9346586066538949,0.18600035405062615,-0.22253114376522085,0.880831265909181,0.9429399965078796,0.9700716747237454,0.9163271722836117,0.9064806621480858,0.967122929287529,0.9095597107708291,0.8845018924590436,0.9639089956386261,0.9717379039702174,0.9160148940205639],[0.997010919991759,0.9918655954093089,0.9845955900849311,1.0,0.9717778882610996,0.9757762902755504,0.9519530332783251,0.9797815973541254,0.9717034518235105,0.9999709427264556,0.9999920901317645,0.9999635458495919,0.9936412384565628,0.9923543194204822,0.9999521270030632,0.9744867144076427,0.9957776666890514,0.9792972146029587,0.8800702585456867,0.8994849776327914,0.6446016598175585,0.9940313522351565,0.9399959555353714,0.32428090630650264,-0.2868349495500602,0.8900093279891118,0.9385723728798337,0.9639922205394812,0.9632022565105136,0.957767575737715,0.9814533690297798,0.9566643505614607,0.9232815804261656,0.9799125215212625,0.9736603781895774,0.9452743478336165],[0.9550082667920544,0.9511169983879854,0.9944286575697585,0.9717778882610996,1.0,0.943905203793844,0.9579180241231227,0.9312110427024824,0.9558518741545405,0.9718585297113629,0.981217485892119,0.9773433876179849,0.9834283870875311,0.9806774253861082,0.980864254134996,0.9400864496488944,0.9660812929758656,0.9306214071682727,0.8212657958848254,0.7879478479166826,0.4996304230619125,0.9866461358287373,0.9285153997749885,0.15026391361931232,-0.2110441865162362,0.8452359606635177,0.9502452787475606,0.9541197106832287,0.8834497027050663,0.8806013519034755,0.9537350713180589,0.8766024383761271,0.8446245987114308,0.9442490782451036,0.951751706788126,0.8827353486581563],[0.9842468151275696,0.9804796796380929,0.9721304303187884,0.9757762902755504,0.943905203793844,1.0,0.982908441384559,0.9828394607696451,0.983139566856004,0.9752458480773775,0.969888654085657,0.9732987882393807,0.9732622442862635,0.9708325865376283,0.9698058500153623,0.9999033655171163,0.9871912630257365,0.9837137544533822,0.9013039541079259,0.8720279849324147,0.6529223191074215,0.9673559757332405,0.906968935078367,0.2354484743063119,-0.22115301136815063,0.9322007836091051,0.8990814668944699,0.9651916273524996,0.9597826193210963,0.9355379487209582,0.9589244212683179,0.9550633783116456,0.9519221845265428,0.9640138011741637,0.9799502648646392,0.9588272906589798],[0.9542994239058421,0.9504530162115227,0.9787651273471605,0.9519530332783251,0.9579180241231227,0.982908441384559,1.0,0.9546025791654806,0.9847233663189935,0.950654502702452,0.9606692018984835,0.9570664122816929,0.9781368118942658,0.9787681719010568,0.9602922235953358,0.9841542781807162,0.9721781916081382,0.9570062515850902,0.8649199351010618,0.7913080774953483,0.5419436140800723,0.9558352981670267,0.9096268643140257,0.09538876247408942,-0.16065932508887232,0.8935116572838161,0.8989979650548093,0.9609485571376803,0.9036757440639382,0.8730319121539281,0.9404562950536487,0.897268041912266,0.9024801551192451,0.9383326971762377,0.97004377771141,0.9146784284143771],[0.9886957419297775,0.9811171903798768,0.9584207695912398,0.9797815973541254,0.9312110427024824,0.9828394607696451,0.9546025791654806,1.0,0.9840263880319973,0.9797775227423803,0.9749558643899353,0.9786787590714987,0.9689006886777375,0.9678800609915483,0.9751371540052843,0.9846145593217926,0.9864076498265408,0.999885121573804,0.9278856793864276,0.9299315073891911,0.6217239025102339,0.9667763110854016,0.9012169740069835,0.21243656641723443,-0.31047939376242756,0.9076975155438987,0.8753718693990807,0.9459866093842612,0.9794612868699226,0.9579113079932888,0.9687458033345542,0.9665436279260968,0.9379397104190167,0.9641888553313662,0.9615976991743447,0.968482233936377],[0.9754187947999975,0.9697294249363306,0.9775441262493719,0.9717034518235105,0.9558518741545405,0.983139566856004,0.9847233663189935,0.9840263880319973,1.0,0.9709957662397363,0.9671462500971914,0.9697581521501686,0.9716170063083444,0.9683097052443388,0.9669882528039915,0.9821840933881498,0.9750599885196668,0.9833868818321289,0.9025469329127841,0.8635367562668416,0.5396932580362892,0.9689566942575335,0.919298659295367,0.07222096064527575,-0.23359816685842744,0.8858664267716898,0.8826661600159221,0.9657815036747158,0.9384667617300109,0.9075117642950509,0.9630933834959912,0.92435333291762,0.9045482773582751,0.9548002065489541,0.9742588624219254,0.9300170062198343],[0.9971646057978811,0.9931332654566084,0.9843004792496531,0.9999709427264556,0.9718585297113629,0.9752458480773775,0.950654502702452,0.9797775227423803,0.9709957662397363,1.0,0.9999906804828679,0.9999829923476609,0.9935371386880587,0.9922288964361405,0.9999568554457546,0.9739640999551563,0.9956641574098347,0.9793862025072763,0.8818635145978321,0.9007350302769236,0.6414775751758616,0.9942209610581959,0.939914520393489,0.32930559334893067,-0.2863068160282165,0.8906445490886526,0.9368566244001018,0.9626040524053499,0.9629616773766079,0.956977220833613,0.9805669363417938,0.956084097983652,0.9219591477457726,0.9791859599995039,0.9726290700298685,0.9438439054920928],[0.9966242127914564,0.9949513424061486,0.9909349720929669,0.9999920901317645,0.981217485892119,0.969888654085657,0.9606692018984835,0.9749558643899353,0.9671462500971914,0.9999906804828679,1.0,0.9999742096875175,0.993665336399281,0.9923529046547355,0.9999594460981346,0.9695508568574932,0.9954515020464243,0.9756071889245866,0.9028250977113729,0.9286790150488587,0.515096122656499,0.9973355420051296,0.9262674935210953,-0.15266568604306255,0.37811971278579803,0.887875916586612,0.9086471387152167,0.9644974991162872,0.9536476528547705,0.9402672652895093,0.972816377829351,0.9359334350476658,0.8991894519140079,0.9705953662373724,0.9815108938921239,0.9396274445014036],[0.9970909643450901,0.9944747548714788,0.9876618239754063,0.9999635458495919,0.9773433876179849,0.9732987882393807,0.9570664122816929,0.9786787590714987,0.9697581521501686,0.9999829923476609,0.9999742096875175,1.0,0.9935440983756069,0.992203870487483,0.9999677289798939,0.9730886241342465,0.9955677218716003,0.978828726276775,0.8892993825083007,0.9177123815972513,0.5831164229742872,0.996349957565915,0.9367777023324173,0.062049200190424376,-0.19376116791900408,0.9030133856005139,0.9231356324065896,0.9582253021392513,0.9570660461659972,0.9480502224838051,0.9773015534905646,0.9469058733550467,0.9173136556624104,0.9758107176405377,0.9723637162888843,0.9474648999277357],[0.9931511550722595,0.9922994804402915,0.9970548220240949,0.9936412384565628,0.9834283870875311,0.9732622442862635,0.9781368118942658,0.9689006886777375,0.9716170063083444,0.9935371386880587,0.993665336399281,0.9935440983756069,1.0,0.999775183282462,0.9936600058796107,0.9729648743992882,0.9932687390870906,0.9696305381004475,0.8925936609026468,0.9168696849864975,0.43890550430186814,0.9898069863145166,0.9230033404443637,-0.4152173480421309,0.390641042445654,0.8694363335374797,0.9087048512142413,0.967194277063577,0.9364791164271686,0.9095398204603058,0.9581518528670544,0.9132259456608822,0.8672865018479087,0.9680698881649579,0.9784331971831062,0.9319714229190871],[0.9941918778308688,0.9922872725456221,0.9968385864801353,0.9923543194204822,0.9806774253861082,0.9708325865376283,0.9787681719010568,0.9678800609915483,0.9683097052443388,0.9922288964361405,0.9923529046547355,0.992203870487483,0.999775183282462,1.0,0.9924595468599974,0.9704304889642328,0.9941234687579388,0.9687858782711268,0.8769141452505579,0.9268128404125326,0.29593543110949244,0.9862305932536298,0.9171389002792419,-0.7529842193872481,0.35963100571451834,0.8368661949496684,0.9063658262730308,0.9632246180025327,0.9301808304538628,0.8987444740568771,0.9521236458334327,0.9141870047564146,0.8454761826824574,0.9687789808645285,0.9767144273786781,0.9266999383279811],[0.9966797393816721,0.9949732157432355,0.9906986171702293,0.9999521270030632,0.980864254134996,0.9698058500153623,0.9602922235953358,0.9751371540052843,0.9669882528039915,0.9999568554457546,0.9999594460981346,0.9999677289798939,0.9936600058796107,0.9924595468599974,1.0,0.9695399135630574,0.9954997277614893,0.9756988848871031,0.9030379110829312,0.9293045680805275,0.5162689023774238,0.9971690138260878,0.9261576839953515,-0.14960122688472471,0.3787051546811729,0.8880507642010605,0.9077585544814247,0.9639596006782194,0.9539678617958784,0.9407421709006459,0.9727341932859617,0.9365025383227975,0.899864733616849,0.9704935737555395,0.9814495048662153,0.9401072476670135],[0.985685643818842,0.980856488548453,0.9697212129698741,0.9744867144076427,0.9400864496488944,0.9999033655171163,0.9841542781807162,0.9846145593217926,0.9821840933881498,0.9739640999551563,0.9695508568574932,0.9730886241342465,0.9729648743992882,0.9704304889642328,0.9695399135630574,1.0,0.9872002487639239,0.9839386750179381,0.904242196280142,0.8958284627424608,0.6410323276328916,0.9648439352925873,0.9012044501546581,0.0900731891130939,-0.2001376458070412,0.939247174090708,0.8875583464513308,0.9622874796153812,0.9632133155392992,0.932939534648245,0.9554785116232046,0.9562888768995349,0.9510225992672396,0.9659211385762614,0.9791479988500448,0.9628745519960432],[0.9997225782847325,0.9973567649173349,0.9852962253021373,0.9957776666890514,0.9660812929758656,0.9871912630257365,0.9721781916081382,0.9864076498265408,0.9750599885196668,0.9956641574098347,0.9954515020464243,0.9955677218716003,0.9932687390870906,0.9941234687579388,0.9954997277614893,0.9872002487639239,1.0,0.9869602480451463,0.9222962559347654,0.9389945250533451,0.57532779174576,0.988389266037,0.9174055248868553,-0.09120099441161429,0.40730061892247493,0.9173544285334096,0.8977642507751569,0.9671444217536398,0.9709636118858515,0.949419348442654,0.9708551015859351,0.9551959853277249,0.9305924746827506,0.976685745590718,0.9870942796503054,0.9631097692716091],[0.9885135719259448,0.9832772735954293,0.9580809433031517,0.9792972146029587,0.9306214071682727,0.9837137544533822,0.9570062515850902,0.999885121573804,0.9833868818321289,0.9793862025072763,0.9756071889245866,0.978828726276775,0.9696305381004475,0.9687858782711268,0.9756988848871031,0.9839386750179381,0.9869602480451463,1.0,0.9307617007589136,0.9360694640858486,0.6193208530906948,0.9653681479005921,0.9048004408137895,0.17669644771681678,-0.29233928032385176,0.9123981242127495,0.8710835474839795,0.9458540038487689,0.9799437533507965,0.9573255582131763,0.9671708482917579,0.9652377512624551,0.9376372528659751,0.963347692173345,0.9596518834281842,0.969543672633718],[0.8976748731524313,0.9180584606737794,0.8567758910173596,0.8800702585456867,0.8212657958848254,0.9013039541079259,0.8649199351010618,0.9278856793864276,0.9025469329127841,0.8818635145978321,0.9028250977113729,0.8892993825083007,0.8925936609026468,0.8769141452505579,0.9030379110829312,0.904242196280142,0.9222962559347654,0.9307617007589136,1.0,0.8297021470763916,0.692593961305968,0.8517606752397718,0.8055968203704532,0.25800357750082137,-0.16614609421631274,0.8586377531857055,0.7453041663715783,0.8563662883177121,0.8930912866012558,0.8598635288823774,0.854313757344038,0.8724243744330119,0.8588460769644675,0.8548409814286053,0.874339045227016,0.8960010294351685],[0.9181672288787535,0.908454999881466,0.8208831947698902,0.8994849776327914,0.7879478479166826,0.8720279849324147,0.7913080774953483,0.9299315073891911,0.8635367562668416,0.9007350302769236,0.9286790150488587,0.9177123815972513,0.9168696849864975,0.9268128404125326,0.9293045680805275,0.8958284627424608,0.9389945250533451,0.9360694640858486,0.8297021470763916,1.0,0.8226973874688993,0.8497797519586742,0.866514498554897,0.6309007788756167,-0.5244179352085542,0.7193133994385122,0.8232932544355729,0.8151147474631733,0.9598224057306445,0.9384819812581133,0.8976212317388537,0.9475274809283006,0.9016279380173133,0.8999855203341832,0.8513352728328466,0.887257348324987],[0.6838654647263265,0.7051216470285782,0.5515226790291643,0.6446016598175585,0.4996304230619125,0.6529223191074215,0.5419436140800723,0.6217239025102339,0.5396932580362892,0.6414775751758616,0.515096122656499,0.5831164229742872,0.43890550430186814,0.29593543110949244,0.5162689023774238,0.6410323276328916,0.57532779174576,0.6193208530906948,0.692593961305968,0.8226973874688993,1.0,0.575162338436845,0.6824712135600941,0.7243695526095337,-0.1160027265793498,0.5331236154213775,0.5832262091340791,0.6029532383475039,0.7676439339689112,0.6970662834730591,0.6135136422301748,0.7325705558591068,0.7497305620243659,0.6547493822546553,0.6225260980318947,0.6746856548369521],[0.9846996408329644,0.969543650939152,0.992305867214646,0.9940313522351565,0.9866461358287373,0.9673559757332405,0.9558352981670267,0.9667763110854016,0.9689566942575335,0.9942209610581959,0.9973355420051296,0.996349957565915,0.9898069863145166,0.9862305932536298,0.9971690138260878,0.9648439352925873,0.988389266037,0.9653681479005921,0.8517606752397718,0.8497797519586742,0.575162338436845,1.0,0.9187100570408576,0.2515706571942179,-0.2781153702735689,0.8720012815295081,0.9434340862625655,0.9673901788816806,0.9296127814981823,0.9378041430293221,0.9733649349895457,0.9321494698256173,0.8946689752333264,0.9689865659586416,0.9594472889012967,0.9246429054043785],[0.9351051557482793,0.9187600727089916,0.9346586066538949,0.9399959555353714,0.9285153997749885,0.906968935078367,0.9096268643140257,0.9012169740069835,0.919298659295367,0.939914520393489,0.9262674935210953,0.9367777023324173,0.9230033404443637,0.9171389002792419,0.9261576839953515,0.9012044501546581,0.9174055248868553,0.9048004408137895,0.8055968203704532,0.866514498554897,0.6824712135600941,0.9187100570408576,1.0,0.29064330390603876,-0.1907526057891068,0.7195433671018485,0.9128626217056641,0.9008956555485693,0.8983185224968349,0.8594757268992078,0.9367871149498196,0.8725880531630236,0.8404683893523144,0.9317197509601897,0.8879924336835268,0.8598837044381307],[0.35766475375542944,0.357402444519952,0.18600035405062615,0.32428090630650264,0.15026391361931232,0.2354484743063119,0.09538876247408942,0.21243656641723443,0.07222096064527575,0.32930559334893067,-0.15266568604306255,0.062049200190424376,-0.4152173480421309,-0.7529842193872481,-0.14960122688472471,0.0900731891130939,-0.09120099441161429,0.17669644771681678,0.25800357750082137,0.6309007788756167,0.7243695526095337,0.2515706571942179,0.29064330390603876,1.0,-0.3799920868516159,0.2594280789057707,0.23533479333571838,0.16758226996327164,0.45643502177299883,0.44875477723358975,0.29371607933196625,0.4715841672796453,0.3994543466838869,0.3218941637335193,0.24499429735430395,0.36384408654202255],[-0.29815300055340344,-0.23072398057305415,-0.22253114376522085,-0.2868349495500602,-0.2110441865162362,-0.22115301136815063,-0.16065932508887232,-0.31047939376242756,-0.23359816685842744,-0.2863068160282165,0.37811971278579803,-0.19376116791900408,0.390641042445654,0.35963100571451834,0.3787051546811729,-0.2001376458070412,0.40730061892247493,-0.29233928032385176,-0.16614609421631274,-0.5244179352085542,-0.1160027265793498,-0.2781153702735689,-0.1907526057891068,-0.3799920868516159,1.0,-0.15832992447821354,-0.26862702018846124,-0.18484789142946106,-0.3867501373417163,-0.37580125454991387,-0.31672819803876956,-0.34522523795175386,-0.21126578615602687,-0.34268795988484196,-0.18615405663493942,-0.31717199088818676],[0.8990257170199859,0.8777794484221204,0.880831265909181,0.8900093279891118,0.8452359606635177,0.9322007836091051,0.8935116572838161,0.9076975155438987,0.8858664267716898,0.8906445490886526,0.887875916586612,0.9030133856005139,0.8694363335374797,0.8368661949496684,0.8880507642010605,0.939247174090708,0.9173544285334096,0.9123981242127495,0.8586377531857055,0.7193133994385122,0.5331236154213775,0.8720012815295081,0.7195433671018485,0.2594280789057707,-0.15832992447821354,1.0,0.7674700606607812,0.8877455722117362,0.8245236981943598,0.8675915868374924,0.8316186713923676,0.8751714223532114,0.8703817571327166,0.8622279082032351,0.8699333223190576,0.9009828276793767],[0.9263653755851904,0.9208777576391215,0.9429399965078796,0.9385723728798337,0.9502452787475606,0.8990814668944699,0.8989979650548093,0.8753718693990807,0.8826661600159221,0.9368566244001018,0.9086471387152167,0.9231356324065896,0.9087048512142413,0.9063658262730308,0.9077585544814247,0.8875583464513308,0.8977642507751569,0.8710835474839795,0.7453041663715783,0.8232932544355729,0.5832262091340791,0.9434340862625655,0.9128626217056641,0.23533479333571838,-0.26862702018846124,0.7674700606607812,1.0,0.8893798368154648,0.877916662590493,0.8673756475254677,0.9154184761363646,0.8646788850971391,0.8278286284519021,0.9150682440772918,0.8976333855541754,0.8583476528966617],[0.9608735567951229,0.9602570216341484,0.9700716747237454,0.9639922205394812,0.9541197106832287,0.9651916273524996,0.9609485571376803,0.9459866093842612,0.9657815036747158,0.9626040524053499,0.9644974991162872,0.9582253021392513,0.967194277063577,0.9632246180025327,0.9639596006782194,0.9622874796153812,0.9671444217536398,0.9458540038487689,0.8563662883177121,0.8151147474631733,0.6029532383475039,0.9673901788816806,0.9008956555485693,0.16758226996327164,-0.18484789142946106,0.8877455722117362,0.8893798368154648,1.0,0.9124909235251906,0.8966149077496667,0.9464631770841426,0.89662140116932,0.8890194677882161,0.9521608939326575,0.9741895142600764,0.8962116424648812],[0.9765065033745333,0.9577159937494111,0.9163271722836117,0.9632022565105136,0.8834497027050663,0.9597826193210963,0.9036757440639382,0.9794612868699226,0.9384667617300109,0.9629616773766079,0.9536476528547705,0.9570660461659972,0.9364791164271686,0.9301808304538628,0.9539678617958784,0.9632133155392992,0.9709636118858515,0.9799437533507965,0.8930912866012558,0.9598224057306445,0.7676439339689112,0.9296127814981823,0.8983185224968349,0.45643502177299883,-0.3867501373417163,0.8245236981943598,0.877916662590493,0.9124909235251906,1.0,0.9867024993437529,0.9608841372176131,0.9907623660215508,0.9539657819272267,0.9594807793269764,0.9164890714320524,0.9689061788307011],[0.9646885191740696,0.9528957114301646,0.9064806621480858,0.957767575737715,0.8806013519034755,0.9355379487209582,0.8730319121539281,0.9579113079932888,0.9075117642950509,0.956977220833613,0.9402672652895093,0.9480502224838051,0.9095398204603058,0.8987444740568771,0.9407421709006459,0.932939534648245,0.949419348442654,0.9573255582131763,0.8598635288823774,0.9384819812581133,0.6970662834730591,0.9378041430293221,0.8594757268992078,0.44875477723358975,-0.37580125454991387,0.8675915868374924,0.8673756475254677,0.8966149077496667,0.9867024993437529,1.0,0.9510666227113349,0.9845847890655222,0.9564398794673404,0.9410275764020589,0.925380307516953,0.9645877974949879],[0.9793858882648876,0.9707472939621331,0.967122929287529,0.9814533690297798,0.9537350713180589,0.9589244212683179,0.9404562950536487,0.9687458033345542,0.9630933834959912,0.9805669363417938,0.972816377829351,0.9773015534905646,0.9581518528670544,0.9521236458334327,0.9727341932859617,0.9554785116232046,0.9708551015859351,0.9671708482917579,0.854313757344038,0.8976212317388537,0.6135136422301748,0.9733649349895457,0.9367871149498196,0.29371607933196625,-0.31672819803876956,0.8316186713923676,0.9154184761363646,0.9464631770841426,0.9608841372176131,0.9510666227113349,1.0,0.9513421795180426,0.9114628849782564,0.9788875313414773,0.9640915075507165,0.9442274563932603],[0.9701508260333008,0.9568031407733648,0.9095597107708291,0.9566643505614607,0.8766024383761271,0.9550633783116456,0.897268041912266,0.9665436279260968,0.92435333291762,0.956084097983652,0.9359334350476658,0.9469058733550467,0.9132259456608822,0.9141870047564146,0.9365025383227975,0.9562888768995349,0.9551959853277249,0.9652377512624551,0.8724243744330119,0.9475274809283006,0.7325705558591068,0.9321494698256173,0.8725880531630236,0.4715841672796453,-0.34522523795175386,0.8751714223532114,0.8646788850971391,0.89662140116932,0.9907623660215508,0.9845847890655222,0.9513421795180426,1.0,0.9742900040229652,0.9466180106963072,0.9390498677626566,0.9651177113354212],[0.939838401711177,0.9390828553732594,0.8845018924590436,0.9232815804261656,0.8446245987114308,0.9519221845265428,0.9024801551192451,0.9379397104190167,0.9045482773582751,0.9219591477457726,0.8991894519140079,0.9173136556624104,0.8672865018479087,0.8454761826824574,0.899864733616849,0.9510225992672396,0.9305924746827506,0.9376372528659751,0.8588460769644675,0.9016279380173133,0.7497305620243659,0.8946689752333264,0.8404683893523144,0.3994543466838869,-0.21126578615602687,0.8703817571327166,0.8278286284519021,0.8890194677882161,0.9539657819272267,0.9564398794673404,0.9114628849782564,0.9742900040229652,1.0,0.9070825584885386,0.9284683597806006,0.9544058597161749],[0.9831195175733789,0.9739019702186688,0.9639089956386261,0.9799125215212625,0.9442490782451036,0.9640138011741637,0.9383326971762377,0.9641888553313662,0.9548002065489541,0.9791859599995039,0.9705953662373724,0.9758107176405377,0.9680698881649579,0.9687789808645285,0.9704935737555395,0.9659211385762614,0.976685745590718,0.963347692173345,0.8548409814286053,0.8999855203341832,0.6547493822546553,0.9689865659586416,0.9317197509601897,0.3218941637335193,-0.34268795988484196,0.8622279082032351,0.9150682440772918,0.9521608939326575,0.9594807793269764,0.9410275764020589,0.9788875313414773,0.9466180106963072,0.9070825584885386,1.0,0.9609386725024084,0.9455116423862822],[0.9755567380727057,0.9671194290306714,0.9717379039702174,0.9736603781895774,0.951751706788126,0.9799502648646392,0.97004377771141,0.9615976991743447,0.9742588624219254,0.9726290700298685,0.9815108938921239,0.9723637162888843,0.9784331971831062,0.9767144273786781,0.9814495048662153,0.9791479988500448,0.9870942796503054,0.9596518834281842,0.874339045227016,0.8513352728328466,0.6225260980318947,0.9594472889012967,0.8879924336835268,0.24499429735430395,-0.18615405663493942,0.8699333223190576,0.8976333855541754,0.9741895142600764,0.9164890714320524,0.925380307516953,0.9640915075507165,0.9390498677626566,0.9284683597806006,0.9609386725024084,1.0,0.92464842773978],[0.9565818636168392,0.9516876580548786,0.9160148940205639,0.9452743478336165,0.8827353486581563,0.9588272906589798,0.9146784284143771,0.968482233936377,0.9300170062198343,0.9438439054920928,0.9396274445014036,0.9474648999277357,0.9319714229190871,0.9266999383279811,0.9401072476670135,0.9628745519960432,0.9631097692716091,0.969543672633718,0.8960010294351685,0.887257348324987,0.6746856548369521,0.9246429054043785,0.8598837044381307,0.36384408654202255,-0.31717199088818676,0.9009828276793767,0.8583476528966617,0.8962116424648812,0.9689061788307011,0.9645877974949879,0.9442274563932603,0.9651177113354212,0.9544058597161749,0.9455116423862822,0.92464842773978,1.0]],"x":["^TAIEX       \u81fa\u7063\u52a0\u6b0a\u5831\u916c\u6307\u6578","^TWII        \u81fa\u7063\u52a0\u6b0a\u6307\u6578","^TAIEXx2     \u81fa\u7063\u52a0\u6b0a\u5831\u916c\u6307\u6578_\u65e5\u6b632","^TAI50I      \u81fa\u706350\u5831\u916c\u6307\u6578","^TAI50Ix2    \u81fa\u706350\u5831\u916c\u6307\u6578_\u65e5\u6b632","^TAI100I     \u81fa\u7063\u4e2d\u578b100\u5831\u916c\u6307\u6578","^TAI100Ix2   \u81fa\u7063\u4e2d\u578b100\u5831\u916c\u6307\u6578_\u65e5\u6b632","^TAIDIVIDI   \u81fa\u7063\u9ad8\u80a1\u606f\u5831\u916c\u6307\u6578","^TAIDIVIDIx2 \u81fa\u7063\u9ad8\u80a1\u606f\u5831\u916c\u6307\u6578_\u65e5\u6b632","0050Fund     \u5143\u5927\u53f0\u7063\u5353\u8d8a50\u57fa\u91d1","006208Fund   \u5bcc\u90a6\u53f0\u7063\u91c6\u540950\u57fa\u91d1","0050         \u5143\u5927\u81fa\u706350","00631L       \u5143\u5927\u53f0\u706350\u6b632","00675L       \u5bcc\u90a6\u81fa\u7063\u52a0\u6b0a\u6b632","006208       \u5bcc\u90a6\u53f050","0051         \u5143\u5927\u4e2d\u578b100","006204       \u6c38\u8c50\u81fa\u7063\u52a0\u6b0a","0056         \u5143\u5927\u9ad8\u80a1\u606f","0056         \u5143\u5927\u9ad8\u80a1\u606f_\u80a1\u606f\u4e0d\u6295\u5165","2412         \u4e2d\u83ef\u96fb\u4fe1","2002         \u4e2d\u92fc","2330         \u53f0\u7a4d\u96fb","2317         \u9d3b\u6d77","6505         \u53f0\u5851\u77f3\u5316","3481         \u7fa4\u5275","2303         \u806f\u96fb","2308         \u53f0\u9054\u96fb","2454         \u806f\u767c\u79d1","2886         \u5146\u8c50\u91d1","2884         \u7389\u5c71\u91d1","2891         \u4e2d\u4fe1\u91d1","2892         \u7b2c\u4e00\u91d1","5880         \u5408\u5eab\u91d1","2881         \u5bcc\u90a6\u91d1","2885         \u5143\u5927\u91d1","2887         \u53f0\u65b0\u91d1"],"y":["^TAIEX       \u81fa\u7063\u52a0\u6b0a\u5831\u916c\u6307\u6578","^TWII        \u81fa\u7063\u52a0\u6b0a\u6307\u6578","^TAIEXx2     \u81fa\u7063\u52a0\u6b0a\u5831\u916c\u6307\u6578_\u65e5\u6b632","^TAI50I      \u81fa\u706350\u5831\u916c\u6307\u6578","^TAI50Ix2    \u81fa\u706350\u5831\u916c\u6307\u6578_\u65e5\u6b632","^TAI100I     \u81fa\u7063\u4e2d\u578b100\u5831\u916c\u6307\u6578","^TAI100Ix2   \u81fa\u7063\u4e2d\u578b100\u5831\u916c\u6307\u6578_\u65e5\u6b632","^TAIDIVIDI   \u81fa\u7063\u9ad8\u80a1\u606f\u5831\u916c\u6307\u6578","^TAIDIVIDIx2 \u81fa\u7063\u9ad8\u80a1\u606f\u5831\u916c\u6307\u6578_\u65e5\u6b632","0050Fund     \u5143\u5927\u53f0\u7063\u5353\u8d8a50\u57fa\u91d1","006208Fund   \u5bcc\u90a6\u53f0\u7063\u91c6\u540950\u57fa\u91d1","0050         \u5143\u5927\u81fa\u706350","00631L       \u5143\u5927\u53f0\u706350\u6b632","00675L       \u5bcc\u90a6\u81fa\u7063\u52a0\u6b0a\u6b632","006208       \u5bcc\u90a6\u53f050","0051         \u5143\u5927\u4e2d\u578b100","006204       \u6c38\u8c50\u81fa\u7063\u52a0\u6b0a","0056         \u5143\u5927\u9ad8\u80a1\u606f","0056         \u5143\u5927\u9ad8\u80a1\u606f_\u80a1\u606f\u4e0d\u6295\u5165","2412         \u4e2d\u83ef\u96fb\u4fe1","2002         \u4e2d\u92fc","2330         \u53f0\u7a4d\u96fb","2317         \u9d3b\u6d77","6505         \u53f0\u5851\u77f3\u5316","3481         \u7fa4\u5275","2303         \u806f\u96fb","2308         \u53f0\u9054\u96fb","2454         \u806f\u767c\u79d1","2886         \u5146\u8c50\u91d1","2884         \u7389\u5c71\u91d1","2891         \u4e2d\u4fe1\u91d1","2892         \u7b2c\u4e00\u91d1","5880         \u5408\u5eab\u91d1","2881         \u5bcc\u90a6\u91d1","2885         \u5143\u5927\u91d1","2887         \u53f0\u65b0\u91d1"],"zmin":-1,"zmax":1,"colorbar":{"x":-0.2}}],"layout":{"autotypenumbers":"strict","colorway":["#636efa","#EF553B","#00cc96","#ab63fa","#FFA15A","#19d3f3","#FF6692","#B6E880","#FF97FF","#FECB52"],"font":{"color":"#f2f5fa","family":"Courier New"},"hovermode":"closest","hoverlabel":{"align":"left"},"paper_bgcolor":"rgb(17,17,17)","plot_bgcolor":"rgb(17,17,17)","polar":{"bgcolor":"rgb(17,17,17)","angularaxis":{"gridcolor":"#506784","linecolor":"#506784","ticks":""},"radialaxis":{"gridcolor":"#506784","linecolor":"#506784","ticks":""}},"ternary":{"bgcolor":"rgb(17,17,17)","aaxis":{"gridcolor":"#506784","linecolor":"#506784","ticks":""},"baxis":{"gridcolor":"#506784","linecolor":"#506784","ticks":""},"caxis":{"gridcolor":"#506784","linecolor":"#506784","ticks":""}},"coloraxis":{"colorbar":{"outlinewidth":0,"ticks":""}},"colorscale":{"sequential":[[0.0,"#0d0887"],[0.1111111111111111,"#46039f"],[0.2222222222222222,"#7201a8"],[0.3333333333333333,"#9c179e"],[0.4444444444444444,"#bd3786"],[0.5555555555555556,"#d8576b"],[0.6666666666666666,"#ed7953"],[0.7777777777777778,"#fb9f3a"],[0.8888888888888888,"#fdca26"],[1.0,"#f0f921"]],"sequentialminus":[[0.0,"#0d0887"],[0.1111111111111111,"#46039f"],[0.2222222222222222,"#7201a8"],[0.3333333333333333,"#9c179e"],[0.4444444444444444,"#bd3786"],[0.5555555555555556,"#d8576b"],[0.6666666666666666,"#ed7953"],[0.7777777777777778,"#fb9f3a"],[0.8888888888888888,"#fdca26"],[1.0,"#f0f921"]],"diverging":[[0,"#8e0152"],[0.1,"#c51b7d"],[0.2,"#de77ae"],[0.3,"#f1b6da"],[0.4,"#fde0ef"],[0.5,"#f7f7f7"],[0.6,"#e6f5d0"],[0.7,"#b8e186"],[0.8,"#7fbc41"],[0.9,"#4d9221"],[1,"#276419"]]},"xaxis":{"gridcolor":"rgba(0, 0, 0, 0)","linecolor":"#506784","ticks":"","title":{"standoff":15},"zerolinecolor":"#283442","automargin":true,"zerolinewidth":2,"tickfont":{"family":"Courier New","size":14},"side":"top","tickangle":-90},"yaxis":{"gridcolor":"rgba(0, 0, 0, 0)","linecolor":"#506784","ticks":"","title":{"standoff":15},"zerolinecolor":"#283442","automargin":true,"zerolinewidth":2,"tickfont":{"family":"Courier New"},"side":"right"},"scene":{"xaxis":{"backgroundcolor":"rgb(17,17,17)","gridcolor":"#506784","linecolor":"#506784","showbackground":true,"ticks":"","zerolinecolor":"#C8D4E3","gridwidth":2},"yaxis":{"backgroundcolor":"rgb(17,17,17)","gridcolor":"#506784","linecolor":"#506784","showbackground":true,"ticks":"","zerolinecolor":"#C8D4E3","gridwidth":2},"zaxis":{"backgroundcolor":"rgb(17,17,17)","gridcolor":"#506784","linecolor":"#506784","showbackground":true,"ticks":"","zerolinecolor":"#C8D4E3","gridwidth":2}},"shapedefaults":{"line":{"color":"#f2f5fa"}},"annotationdefaults":{"arrowcolor":"#f2f5fa","arrowhead":0,"arrowwidth":1},"geo":{"bgcolor":"rgb(17,17,17)","landcolor":"rgb(17,17,17)","subunitcolor":"#506784","showland":true,"showlakes":true,"lakecolor":"rgb(17,17,17)"},"title":{"x":0.05,"font":{"family":"Times New Roman"},"y":0.05,"text":"<b>Correlation of Adj Close<b><br><i>2016-09-23 ~ 2025-12-24<i>"},"updatemenudefaults":{"bgcolor":"#506784","borderwidth":0},"sliderdefaults":{"bgcolor":"#C8D4E3","borderwidth":1,"bordercolor":"rgb(17,17,17)","tickwidth":0},"mapbox":{"style":"dark"},"annotations":[{"text":"<b>@zwindr<b>","textangle":0,"opacity":0.5,"font":{"color":"white","size":12},"xref":"paper","yref":"paper","xanchor":"left","yanchor":"bottom","x":1.0,"y":1.0,"showarrow":false}]},"config":{"responsive":true,"toImageButtonOptions":{"filename":"Correlation of Adj Close_2016-09-23~2025-12-24","scale":5}}};Plotly.newPlot("correlationAdjClose",correlationAdjClose.data,correlationAdjClose.layout||{},correlationAdjClose.config);}else{console.log("style display is none => correlationAdjClose");}