var element=document.getElementById("correlationClose");if(element.style.display!='none'){var correlationClose={"data":[{"type":"heatmap","z":[[1.0,0.9999999999999982,1.0,0.9951103150609988,0.9951103150609988,0.9673003741744066,0.9673003741744066,0.9081403929016442,0.9081403929016442,0.819425169774489,0.9946027083226723,0.7773818306661302,0.9925433483852443,0.9927849481489687,0.9946558972159509,0.9749368039860142,0.999107771578791,0.9173128108830751,0.9173128108830751,0.7816537030758354,-0.15276520645387587,0.9786356372290905,0.18277035772847838,-0.11556911222780082,-0.2509861654287569,0.8143393969524202,0.9062765990308075,0.9165732257669349,0.9246317543515046,0.7837687232182069,0.5758241462564001,0.6416647826022228,0.62874642487658,0.9354212569935187,0.8395062173362179,0.2002593414660302],[0.9999999999999982,1.0,0.9999999999999984,0.9950791768382583,0.9950791768382583,0.9667870741151593,0.9667870741151593,0.9090434011955265,0.9090434011955265,0.820919410345624,0.9945959759173382,0.777604776415001,0.992250310477755,0.992279166025691,0.9946573186017738,0.9743965778905636,0.9991089944093914,0.9174199220935979,0.9174199220935979,0.7999532269493257,0.059297347071600046,0.9707106068518542,-0.030453839460505772,-0.10839063494848901,-0.25114136785921887,0.6495914675273256,0.9070643870396589,0.8929141085446912,0.9193103382680774,0.7940565437877715,0.5679225855683099,0.6390819219496495,0.6539425385900436,0.9332254926529714,0.6995345829755555,0.1973667074485259],[1.0,0.9999999999999984,1.0,0.9951103150609988,0.9951103150609988,0.9673003741744066,0.9673003741744066,0.9081403929016442,0.9081403929016442,0.819425169774489,0.9946027083226723,0.7773818306661302,0.9925433483852443,0.9927849481489687,0.9946558972159509,0.9749368039860142,0.999107771578791,0.9173128108830751,0.9173128108830751,0.7816537030758354,-0.15276520645387587,0.9786356372290905,0.18277035772847838,-0.11556911222780082,-0.2509861654287569,0.8143393969524202,0.9062765990308075,0.9165732257669349,0.9246317543515046,0.7837687232182069,0.5758241462564001,0.6416647826022228,0.62874642487658,0.9354212569935187,0.8395062173362179,0.2002593414660302],[0.9951103150609988,0.9950791768382583,0.9951103150609988,1.0,1.0,0.9541764891621658,0.9541764891621658,0.8922599370970362,0.8922599370970362,0.7919973247325558,0.9995538932560861,0.7482391950312708,0.9915612807966485,0.9888544815347263,0.9995132861299272,0.9574633914197658,0.9948423438306337,0.8921785021542138,0.8921785021542138,0.755610493487726,-0.16100902346594928,0.9909428176256159,0.21025647020207952,-0.15186508683336014,-0.2508691983241001,0.8041785176124593,0.9192788037179083,0.9172714370833029,0.9080829138441184,0.787844323589769,0.6050573811924108,0.6343530346046442,0.5979461738854387,0.9254899885616603,0.8296320578203793,0.21259714571532928],[0.9951103150609988,0.9950791768382583,0.9951103150609988,1.0,1.0,0.9541764891621658,0.9541764891621658,0.8922599370970362,0.8922599370970362,0.7919973247325558,0.9995538932560861,0.7482391950312708,0.9915612807966485,0.9888544815347263,0.9995132861299272,0.9574633914197658,0.9948423438306337,0.8921785021542138,0.8921785021542138,0.755610493487726,-0.16100902346594928,0.9909428176256159,0.21025647020207952,-0.15186508683336014,-0.2508691983241001,0.8041785176124593,0.9192788037179083,0.9172714370833029,0.9080829138441184,0.787844323589769,0.6050573811924108,0.6343530346046442,0.5979461738854387,0.9254899885616603,0.8296320578203793,0.21259714571532928],[0.9673003741744066,0.9667870741151593,0.9673003741744066,0.9541764891621658,0.9541764891621658,1.0,1.0,0.9330439626658603,0.9330439626658603,0.7924261543908979,0.9534852866396893,0.7756305872945702,0.9693452976244838,0.9667466527656103,0.9533712604201424,0.9990787800862293,0.974766952371883,0.9184215417008118,0.9184215417008118,0.648699955582292,-0.10246986850381032,0.9398312657895456,0.3348669301357523,-0.2965786500161172,-0.12144243130506602,0.8826548785629477,0.8586580208402218,0.9340728081543199,0.9004904419794226,0.7493239278747504,0.7587714299002389,0.7425366144852926,0.7035138407841323,0.866828678527768,0.8691701615503342,0.47729777565988246],[0.9673003741744066,0.9667870741151593,0.9673003741744066,0.9541764891621658,0.9541764891621658,1.0,1.0,0.9330439626658603,0.9330439626658603,0.7924261543908979,0.9534852866396893,0.7756305872945702,0.9693452976244838,0.9667466527656103,0.9533712604201424,0.9990787800862293,0.974766952371883,0.9184215417008118,0.9184215417008118,0.648699955582292,-0.10246986850381032,0.9398312657895456,0.3348669301357523,-0.2965786500161172,-0.12144243130506602,0.8826548785629477,0.8586580208402218,0.9340728081543199,0.9004904419794226,0.7493239278747504,0.7587714299002389,0.7425366144852926,0.7035138407841323,0.866828678527768,0.8691701615503342,0.47729777565988246],[0.9081403929016442,0.9090434011955265,0.9081403929016442,0.8922599370970362,0.8922599370970362,0.9330439626658603,0.9330439626658603,1.0,1.0,0.7438830428851637,0.9377191701205085,0.7599374798366216,0.9398446279882388,0.9345458061982729,0.9376422279262379,0.9342308531461756,0.9455803043434187,0.970931316005293,0.970931316005293,0.5932136947117744,0.01857822052145345,0.85512766541164,0.5617857525076713,-0.3226217857371363,0.012458770496806595,0.7890115035601292,0.758165950034227,0.8782221195529208,0.8552560732395703,0.7623008449184171,0.8807806387160313,0.7850315081177595,0.7163418644145235,0.7999148088109187,0.8550557971648631,0.8069903429973816],[0.9081403929016442,0.9090434011955265,0.9081403929016442,0.8922599370970362,0.8922599370970362,0.9330439626658603,0.9330439626658603,1.0,1.0,0.7438830428851637,0.9377191701205085,0.7599374798366216,0.9398446279882388,0.9345458061982729,0.9376422279262379,0.9342308531461756,0.9455803043434187,0.970931316005293,0.970931316005293,0.5932136947117744,0.01857822052145345,0.85512766541164,0.5617857525076713,-0.3226217857371363,0.012458770496806595,0.7890115035601292,0.758165950034227,0.8782221195529208,0.8552560732395703,0.7623008449184171,0.8807806387160313,0.7850315081177595,0.7163418644145235,0.7999148088109187,0.8550557971648631,0.8069903429973816],[0.819425169774489,0.820919410345624,0.819425169774489,0.7919973247325558,0.7919973247325558,0.7924261543908979,0.7924261543908979,0.7438830428851637,0.7438830428851637,1.0,0.6799667997836443,0.9999698428257761,0.6103999221222116,0.519899317302419,0.6817384611711378,0.7878154388908019,0.7354499766122635,0.8204541739028387,0.8204541739028387,0.696231584314846,-0.09934532338730916,0.7644993062230641,0.037932429026225276,0.048541900778873964,-0.24303758508864984,0.7886046451960121,0.5561800755307559,0.7669054363445014,0.8174905663761037,0.6877628124572169,0.3588608774896749,0.5328693996991466,0.5649188340567353,0.7970028492302731,0.6625109126180536,0.17237170207439984],[0.9946027083226723,0.9945959759173382,0.9946027083226723,0.9995538932560861,0.9995538932560861,0.9534852866396893,0.9534852866396893,0.9377191701205085,0.9377191701205085,0.6799667997836443,1.0,0.6798161626471121,0.9912764001402588,0.9888864320584471,0.9999301086101535,0.9528802233508712,0.9939176689362766,0.9031355117214467,0.9031355117214467,0.8536532732824087,-0.00038552475518400115,0.9965864165488189,0.8923396311449597,-0.5170024181256379,0.33403093352420915,0.8188095273259967,0.8848002930767669,0.934853007236355,0.90222456690726,0.812196533986167,0.9184297742982501,0.866970897305238,0.7718796683085334,0.9061274643969649,0.9450853787420851,0.7843347157689579],[0.7773818306661302,0.777604776415001,0.7773818306661302,0.7482391950312708,0.7482391950312708,0.7756305872945702,0.7756305872945702,0.7599374798366216,0.7599374798366216,0.9999698428257761,0.6798161626471121,1.0,0.6082624343710131,0.5171677927239792,0.6801627290086844,0.7789988757218923,0.7340502834086396,0.8162249042303217,0.8162249042303217,0.656819637232272,0.028447062832306823,0.722387250957239,0.4317519023656592,-0.17126749324307367,-0.2306100791612952,0.8201640922562161,0.4605402446449133,0.7413273076743956,0.7901515975955776,0.7132296263897642,0.5862459159215141,0.7090615329085748,0.6841203065185785,0.7551198465728283,0.652709986970554,0.6765196403876185],[0.9925433483852443,0.992250310477755,0.9925433483852443,0.9915612807966485,0.9915612807966485,0.9693452976244838,0.9693452976244838,0.9398446279882388,0.9398446279882388,0.6103999221222116,0.9912764001402588,0.6082624343710131,1.0,0.9997799977288947,0.9912646783552351,0.9666968508456354,0.990476204583882,0.8906209852568776,0.8906209852568776,0.8330553953272813,0.02458493478159251,0.9896558950007348,0.9121001619335504,-0.6692228768422593,0.3995138603893257,0.7879896407848729,0.8940316567130713,0.9413075442378521,0.890932432216218,0.7489117111366582,0.9193508290769095,0.8443005423532812,0.7488870987453704,0.8910412819176798,0.9573452578067112,0.8107041774509052],[0.9927849481489687,0.992279166025691,0.9927849481489687,0.9888544815347263,0.9888544815347263,0.9667466527656103,0.9667466527656103,0.9345458061982729,0.9345458061982729,0.519899317302419,0.9888864320584471,0.5171677927239792,0.9997799977288947,1.0,0.9890252386422249,0.9632475652874226,0.9898190110193503,0.8747837363025539,0.8747837363025539,0.8545658744487218,-0.1014901513809975,0.9858222407320841,0.9197393230091191,-0.8381624102854103,0.43412378812099384,0.7361815643057686,0.8991895649246745,0.9344254855589315,0.8764466181784344,0.6829867645380431,0.9272886509293162,0.8358158407036671,0.6900058471751651,0.9147673671006824,0.9580684574890196,0.7813081019306855],[0.9946558972159509,0.9946573186017738,0.9946558972159509,0.9995132861299272,0.9995132861299272,0.9533712604201424,0.9533712604201424,0.9376422279262379,0.9376422279262379,0.6817384611711378,0.9999301086101535,0.6801627290086844,0.9912646783552351,0.9890252386422249,1.0,0.9528802259937764,0.9939918614867355,0.9035280910426707,0.9035280910426707,0.854533759930457,-0.001103779794141706,0.996463027895707,0.8919722756489369,-0.5146283630751906,0.3344596770377392,0.8189863105075299,0.8834740893266397,0.9341294979620063,0.9025549482731334,0.8134913048340168,0.918060269168497,0.8680132503113697,0.772757554343849,0.9061402370577551,0.9451661828753416,0.7850918695256357],[0.9749368039860142,0.9743965778905636,0.9749368039860142,0.9574633914197658,0.9574633914197658,0.9990787800862293,0.9990787800862293,0.9342308531461756,0.9342308531461756,0.7878154388908019,0.9528802233508712,0.7789988757218923,0.9666968508456354,0.9632475652874226,0.9528802259937764,1.0,0.9755020307207654,0.9187610941102914,0.9187610941102914,0.697054285822901,-0.08748404261550924,0.9465617381401131,0.656108846296081,-0.4283604356456978,-0.16847052883999192,0.8941616665956093,0.8523067537916812,0.9301794027714091,0.907724607053316,0.7855702817636014,0.8606645099405631,0.7893549562422255,0.7600577290753486,0.8881973524055473,0.8664485106232456,0.7952940251612265],[0.999107771578791,0.9991089944093914,0.999107771578791,0.9948423438306337,0.9948423438306337,0.974766952371883,0.974766952371883,0.9455803043434187,0.9455803043434187,0.7354499766122635,0.9939176689362766,0.7340502834086396,0.990476204583882,0.9898190110193503,0.9939918614867355,0.9755020307207654,1.0,0.929080124882668,0.929080124882668,0.8638007771479624,0.013888001274879831,0.9874803313961152,0.8609066296794063,-0.4962898616963978,0.35393119012277197,0.8649860156705764,0.8753370503514823,0.9458298471418727,0.9313631589922353,0.8340485076866586,0.906524955540575,0.8981898415899497,0.814127120384984,0.9193640130818868,0.9538946687573641,0.8390182899086788],[0.9173128108830751,0.9174199220935979,0.9173128108830751,0.8921785021542138,0.8921785021542138,0.9184215417008118,0.9184215417008118,0.970931316005293,0.970931316005293,0.8204541739028387,0.9031355117214467,0.8162249042303217,0.8906209852568776,0.8747837363025539,0.9035280910426707,0.9187610941102914,0.929080124882668,1.0,1.0,0.7454844460380706,-0.04103053715158937,0.8560277406690407,0.5580803803847987,-0.2074515500818501,-0.208221835460646,0.8294458309966642,0.7270818687707437,0.8401838921450687,0.9183447574885906,0.8412419186328407,0.7990830482568216,0.7603029350176449,0.7077628812870285,0.8478970608111726,0.7817717239833191,0.8543732420231646],[0.9173128108830751,0.9174199220935979,0.9173128108830751,0.8921785021542138,0.8921785021542138,0.9184215417008118,0.9184215417008118,0.970931316005293,0.970931316005293,0.8204541739028387,0.9031355117214467,0.8162249042303217,0.8906209852568776,0.8747837363025539,0.9035280910426707,0.9187610941102914,0.929080124882668,1.0,1.0,0.7454844460380706,-0.04103053715158937,0.8560277406690407,0.5580803803847987,-0.2074515500818501,-0.208221835460646,0.8294458309966642,0.7270818687707437,0.8401838921450687,0.9183447574885906,0.8412419186328407,0.7990830482568216,0.7603029350176449,0.7077628812870285,0.8478970608111726,0.7817717239833191,0.8543732420231646],[0.7816537030758354,0.7999532269493257,0.7816537030758354,0.755610493487726,0.755610493487726,0.648699955582292,0.648699955582292,0.5932136947117744,0.5932136947117744,0.696231584314846,0.8536532732824087,0.656819637232272,0.8330553953272813,0.8545658744487218,0.854533759930457,0.697054285822901,0.8638007771479624,0.7454844460380706,0.7454844460380706,1.0,0.029951698088457438,0.7171058517689577,-0.3531066047745375,0.3075763057640075,-0.6559210157334007,0.3597981469215468,0.6984240647250275,0.5169469745514061,0.8377310130165623,0.697887244309912,0.12687842918326367,0.3172589293371905,0.5686663005805674,0.7839934822943383,0.48600407830202375,-0.14261277053773916],[-0.15276520645387587,0.059297347071600046,-0.15276520645387587,-0.16100902346594928,-0.16100902346594928,-0.10246986850381032,-0.10246986850381032,0.01857822052145345,0.01857822052145345,-0.09934532338730916,-0.00038552475518400115,0.028447062832306823,0.02458493478159251,-0.1014901513809975,-0.001103779794141706,-0.08748404261550924,0.013888001274879831,-0.04103053715158937,-0.04103053715158937,0.029951698088457438,1.0,-0.10436442275003914,0.1003478992208784,0.16162118003773976,0.7479660960931459,-0.0962854740287545,-0.05870968677781136,-0.022193147158096515,0.15392586543308814,-0.007747136290999889,0.034441336534233175,0.3211812234170303,0.5631395228425324,-0.13014820035972519,0.09678419577597107,0.151914532040599],[0.9786356372290905,0.9707106068518542,0.9786356372290905,0.9909428176256159,0.9909428176256159,0.9398312657895456,0.9398312657895456,0.85512766541164,0.85512766541164,0.7644993062230641,0.9965864165488189,0.722387250957239,0.9896558950007348,0.9858222407320841,0.996463027895707,0.9465617381401131,0.9874803313961152,0.8560277406690407,0.8560277406690407,0.7171058517689577,-0.10436442275003914,1.0,0.11817207748071143,-0.20882584081981337,-0.2995665850393935,0.6679040062846876,0.9204336474459883,0.9007617392412918,0.8520215036383638,0.7562650400452925,0.6063851083305801,0.6014867733792959,0.5283048761986548,0.904525449334969,0.6785028432546121,0.19389003715304415],[0.18277035772847838,-0.030453839460505772,0.18277035772847838,0.21025647020207952,0.21025647020207952,0.3348669301357523,0.3348669301357523,0.5617857525076713,0.5617857525076713,0.037932429026225276,0.8923396311449597,0.4317519023656592,0.9121001619335504,0.9197393230091191,0.8919722756489369,0.656108846296081,0.8609066296794063,0.5580803803847987,0.5580803803847987,-0.3531066047745375,0.1003478992208784,0.11817207748071143,1.0,-0.4640985599793223,0.7070503027328278,0.38587836334408765,0.13626479091458227,0.3279496218457836,-0.0806927783763919,0.09299736447499453,0.6055259648612503,0.48599985323897926,0.2044775334901561,0.0263066915814764,0.4028164002621029,0.4730215468621266],[-0.11556911222780082,-0.10839063494848901,-0.11556911222780082,-0.15186508683336014,-0.15186508683336014,-0.2965786500161172,-0.2965786500161172,-0.3226217857371363,-0.3226217857371363,0.048541900778873964,-0.5170024181256379,-0.17126749324307367,-0.6692228768422593,-0.8381624102854103,-0.5146283630751906,-0.4283604356456978,-0.4962898616963978,-0.2074515500818501,-0.2074515500818501,0.3075763057640075,0.16162118003773976,-0.20882584081981337,-0.4640985599793223,1.0,-0.025342589970861914,-0.17208992532348483,-0.20737582025409343,-0.31254020469545724,-0.05497641922395276,-0.08555773858071505,-0.5724897593400025,-0.20905456969372704,-0.029882187675838213,-0.059762327455617145,-0.23236357877298827,-0.41219344768409194],[-0.2509861654287569,-0.25114136785921887,-0.2509861654287569,-0.2508691983241001,-0.2508691983241001,-0.12144243130506602,-0.12144243130506602,0.012458770496806595,0.012458770496806595,-0.24303758508864984,0.33403093352420915,-0.2306100791612952,0.3995138603893257,0.43412378812099384,0.3344596770377392,-0.16847052883999192,0.35393119012277197,-0.208221835460646,-0.208221835460646,-0.6559210157334007,0.7479660960931459,-0.2995665850393935,0.7070503027328278,-0.025342589970861914,1.0,-0.1083900843345232,-0.24089947846485013,-0.06912254702631569,-0.3515428685936398,-0.32974308395073054,0.06338798355776099,0.15782580978391333,0.2611717770007671,-0.3776456792144802,0.1067008208214349,0.08848915789309737],[0.8143393969524202,0.6495914675273256,0.8143393969524202,0.8041785176124593,0.8041785176124593,0.8826548785629477,0.8826548785629477,0.7890115035601292,0.7890115035601292,0.7886046451960121,0.8188095273259967,0.8201640922562161,0.7879896407848729,0.7361815643057686,0.8189863105075299,0.8941616665956093,0.8649860156705764,0.8294458309966642,0.8294458309966642,0.3597981469215468,-0.0962854740287545,0.6679040062846876,0.38587836334408765,-0.17208992532348483,-0.1083900843345232,1.0,0.5435503323034552,0.8397096572795538,0.5007434364081574,0.6325315867060175,0.5547935709543896,0.6619885730935331,0.42827061305740505,0.7083689253465653,0.7061376074503624,0.42175979644124634],[0.9062765990308075,0.9070643870396589,0.9062765990308075,0.9192788037179083,0.9192788037179083,0.8586580208402218,0.8586580208402218,0.758165950034227,0.758165950034227,0.5561800755307559,0.8848002930767669,0.4605402446449133,0.8940316567130713,0.8991895649246745,0.8834740893266397,0.8523067537916812,0.8753370503514823,0.7270818687707437,0.7270818687707437,0.6984240647250275,-0.05870968677781136,0.9204336474459883,0.13626479091458227,-0.20737582025409343,-0.24089947846485013,0.5435503323034552,1.0,0.8004718016178107,0.7760844312725677,0.6657030748594914,0.521912638199117,0.50854509734162,0.5104170879765209,0.8404790888329738,0.6358486408019416,0.12189859566519962],[0.9165732257669349,0.8929141085446912,0.9165732257669349,0.9172714370833029,0.9172714370833029,0.9340728081543199,0.9340728081543199,0.8782221195529208,0.8782221195529208,0.7669054363445014,0.934853007236355,0.7413273076743956,0.9413075442378521,0.9344254855589315,0.9341294979620063,0.9301794027714091,0.9458298471418727,0.8401838921450687,0.8401838921450687,0.5169469745514061,-0.022193147158096515,0.9007617392412918,0.3279496218457836,-0.31254020469545724,-0.06912254702631569,0.8397096572795538,0.8004718016178107,1.0,0.7583636863025318,0.620667381349894,0.613660394274594,0.6101388474219898,0.5361827259553725,0.8254716483593438,0.8399290156168011,0.23026216064321336],[0.9246317543515046,0.9193103382680774,0.9246317543515046,0.9080829138441184,0.9080829138441184,0.9004904419794226,0.9004904419794226,0.8552560732395703,0.8552560732395703,0.8174905663761037,0.90222456690726,0.7901515975955776,0.890932432216218,0.8764466181784344,0.9025549482731334,0.907724607053316,0.9313631589922353,0.9183447574885906,0.9183447574885906,0.8377310130165623,0.15392586543308814,0.8520215036383638,-0.0806927783763919,-0.05497641922395276,-0.3515428685936398,0.5007434364081574,0.7760844312725677,0.7583636863025318,1.0,0.9082502189524432,0.5576239122322151,0.6934779511728021,0.6680699000196356,0.8811246033468542,0.5192000075821601,0.30647113887156924],[0.7837687232182069,0.7940565437877715,0.7837687232182069,0.787844323589769,0.787844323589769,0.7493239278747504,0.7493239278747504,0.7623008449184171,0.7623008449184171,0.6877628124572169,0.812196533986167,0.7132296263897642,0.7489117111366582,0.6829867645380431,0.8134913048340168,0.7855702817636014,0.8340485076866586,0.8412419186328407,0.8412419186328407,0.697887244309912,-0.007747136290999889,0.7562650400452925,0.09299736447499453,-0.08555773858071505,-0.32974308395073054,0.6325315867060175,0.6657030748594914,0.620667381349894,0.9082502189524432,1.0,0.5907921937781133,0.6760051304890857,0.6124030896582324,0.7378018926267327,0.5963444780418924,0.4784501852407122],[0.5758241462564001,0.5679225855683099,0.5758241462564001,0.6050573811924108,0.6050573811924108,0.7587714299002389,0.7587714299002389,0.8807806387160313,0.8807806387160313,0.3588608774896749,0.9184297742982501,0.5862459159215141,0.9193508290769095,0.9272886509293162,0.918060269168497,0.8606645099405631,0.906524955540575,0.7990830482568216,0.7990830482568216,0.12687842918326367,0.034441336534233175,0.6063851083305801,0.6055259648612503,-0.5724897593400025,0.06338798355776099,0.5547935709543896,0.521912638199117,0.613660394274594,0.5576239122322151,0.5907921937781133,1.0,0.7478173261354992,0.3876002887534427,0.5196559422650868,0.6014143853422858,0.7538560894184179],[0.6416647826022228,0.6390819219496495,0.6416647826022228,0.6343530346046442,0.6343530346046442,0.7425366144852926,0.7425366144852926,0.7850315081177595,0.7850315081177595,0.5328693996991466,0.866970897305238,0.7090615329085748,0.8443005423532812,0.8358158407036671,0.8680132503113697,0.7893549562422255,0.8981898415899497,0.7603029350176449,0.7603029350176449,0.3172589293371905,0.3211812234170303,0.6014867733792959,0.48599985323897926,-0.20905456969372704,0.15782580978391333,0.6619885730935331,0.50854509734162,0.6101388474219898,0.6934779511728021,0.6760051304890857,0.7478173261354992,1.0,0.7795100497029,0.5096298347029209,0.734128551120215,0.5536383997190046],[0.62874642487658,0.6539425385900436,0.62874642487658,0.5979461738854387,0.5979461738854387,0.7035138407841323,0.7035138407841323,0.7163418644145235,0.7163418644145235,0.5649188340567353,0.7718796683085334,0.6841203065185785,0.7488870987453704,0.6900058471751651,0.772757554343849,0.7600577290753486,0.814127120384984,0.7077628812870285,0.7077628812870285,0.5686663005805674,0.5631395228425324,0.5283048761986548,0.2044775334901561,-0.029882187675838213,0.2611717770007671,0.42827061305740505,0.5104170879765209,0.5361827259553725,0.6680699000196356,0.6124030896582324,0.3876002887534427,0.7795100497029,1.0,0.4959896295378869,0.6657196442744735,0.20645426828821975],[0.9354212569935187,0.9332254926529714,0.9354212569935187,0.9254899885616603,0.9254899885616603,0.866828678527768,0.866828678527768,0.7999148088109187,0.7999148088109187,0.7970028492302731,0.9061274643969649,0.7551198465728283,0.8910412819176798,0.9147673671006824,0.9061402370577551,0.8881973524055473,0.9193640130818868,0.8478970608111726,0.8478970608111726,0.7839934822943383,-0.13014820035972519,0.904525449334969,0.0263066915814764,-0.059762327455617145,-0.3776456792144802,0.7083689253465653,0.8404790888329738,0.8254716483593438,0.8811246033468542,0.7378018926267327,0.5196559422650868,0.5096298347029209,0.4959896295378869,1.0,0.7444579291217965,0.18553632723346902],[0.8395062173362179,0.6995345829755555,0.8395062173362179,0.8296320578203793,0.8296320578203793,0.8691701615503342,0.8691701615503342,0.8550557971648631,0.8550557971648631,0.6625109126180536,0.9450853787420851,0.652709986970554,0.9573452578067112,0.9580684574890196,0.9451661828753416,0.8664485106232456,0.9538946687573641,0.7817717239833191,0.7817717239833191,0.48600407830202375,0.09678419577597107,0.6785028432546121,0.4028164002621029,-0.23236357877298827,0.1067008208214349,0.7061376074503624,0.6358486408019416,0.8399290156168011,0.5192000075821601,0.5963444780418924,0.6014143853422858,0.734128551120215,0.6657196442744735,0.7444579291217965,1.0,0.1948937847832352],[0.2002593414660302,0.1973667074485259,0.2002593414660302,0.21259714571532928,0.21259714571532928,0.47729777565988246,0.47729777565988246,0.8069903429973816,0.8069903429973816,0.17237170207439984,0.7843347157689579,0.6765196403876185,0.8107041774509052,0.7813081019306855,0.7850918695256357,0.7952940251612265,0.8390182899086788,0.8543732420231646,0.8543732420231646,-0.14261277053773916,0.151914532040599,0.19389003715304415,0.4730215468621266,-0.41219344768409194,0.08848915789309737,0.42175979644124634,0.12189859566519962,0.23026216064321336,0.30647113887156924,0.4784501852407122,0.7538560894184179,0.5536383997190046,0.20645426828821975,0.18553632723346902,0.1948937847832352,1.0]],"x":["^TAIEX       \u81fa\u7063\u52a0\u6b0a\u5831\u916c\u6307\u6578","^TWII        \u81fa\u7063\u52a0\u6b0a\u6307\u6578","^TAIEXx2     \u81fa\u7063\u52a0\u6b0a\u5831\u916c\u6307\u6578_\u65e5\u6b632","^TAI50I      \u81fa\u706350\u5831\u916c\u6307\u6578","^TAI50Ix2    \u81fa\u706350\u5831\u916c\u6307\u6578_\u65e5\u6b632","^TAI100I     \u81fa\u7063\u4e2d\u578b100\u5831\u916c\u6307\u6578","^TAI100Ix2   \u81fa\u7063\u4e2d\u578b100\u5831\u916c\u6307\u6578_\u65e5\u6b632","^TAIDIVIDI   \u81fa\u7063\u9ad8\u80a1\u606f\u5831\u916c\u6307\u6578","^TAIDIVIDIx2 \u81fa\u7063\u9ad8\u80a1\u606f\u5831\u916c\u6307\u6578_\u65e5\u6b632","0050Fund     \u5143\u5927\u53f0\u7063\u5353\u8d8a50\u57fa\u91d1","006208Fund   \u5bcc\u90a6\u53f0\u7063\u91c6\u540950\u57fa\u91d1","0050         \u5143\u5927\u81fa\u706350","00631L       \u5143\u5927\u53f0\u706350\u6b632","00675L       \u5bcc\u90a6\u81fa\u7063\u52a0\u6b0a\u6b632","006208       \u5bcc\u90a6\u53f050","0051         \u5143\u5927\u4e2d\u578b100","006204       \u6c38\u8c50\u81fa\u7063\u52a0\u6b0a","0056         \u5143\u5927\u9ad8\u80a1\u606f","0056         \u5143\u5927\u9ad8\u80a1\u606f_\u80a1\u606f\u4e0d\u6295\u5165","2412         \u4e2d\u83ef\u96fb\u4fe1","2002         \u4e2d\u92fc","2330         \u53f0\u7a4d\u96fb","2317         \u9d3b\u6d77","6505         \u53f0\u5851\u77f3\u5316","3481         \u7fa4\u5275","2303         \u806f\u96fb","2308         \u53f0\u9054\u96fb","2454         \u806f\u767c\u79d1","2886         \u5146\u8c50\u91d1","2884         \u7389\u5c71\u91d1","2891         \u4e2d\u4fe1\u91d1","2892         \u7b2c\u4e00\u91d1","5880         \u5408\u5eab\u91d1","2881         \u5bcc\u90a6\u91d1","2885         \u5143\u5927\u91d1","2887         \u53f0\u65b0\u91d1"],"y":["^TAIEX       \u81fa\u7063\u52a0\u6b0a\u5831\u916c\u6307\u6578","^TWII        \u81fa\u7063\u52a0\u6b0a\u6307\u6578","^TAIEXx2     \u81fa\u7063\u52a0\u6b0a\u5831\u916c\u6307\u6578_\u65e5\u6b632","^TAI50I      \u81fa\u706350\u5831\u916c\u6307\u6578","^TAI50Ix2    \u81fa\u706350\u5831\u916c\u6307\u6578_\u65e5\u6b632","^TAI100I     \u81fa\u7063\u4e2d\u578b100\u5831\u916c\u6307\u6578","^TAI100Ix2   \u81fa\u7063\u4e2d\u578b100\u5831\u916c\u6307\u6578_\u65e5\u6b632","^TAIDIVIDI   \u81fa\u7063\u9ad8\u80a1\u606f\u5831\u916c\u6307\u6578","^TAIDIVIDIx2 \u81fa\u7063\u9ad8\u80a1\u606f\u5831\u916c\u6307\u6578_\u65e5\u6b632","0050Fund     \u5143\u5927\u53f0\u7063\u5353\u8d8a50\u57fa\u91d1","006208Fund   \u5bcc\u90a6\u53f0\u7063\u91c6\u540950\u57fa\u91d1","0050         \u5143\u5927\u81fa\u706350","00631L       \u5143\u5927\u53f0\u706350\u6b632","00675L       \u5bcc\u90a6\u81fa\u7063\u52a0\u6b0a\u6b632","006208       \u5bcc\u90a6\u53f050","0051         \u5143\u5927\u4e2d\u578b100","006204       \u6c38\u8c50\u81fa\u7063\u52a0\u6b0a","0056         \u5143\u5927\u9ad8\u80a1\u606f","0056         \u5143\u5927\u9ad8\u80a1\u606f_\u80a1\u606f\u4e0d\u6295\u5165","2412         \u4e2d\u83ef\u96fb\u4fe1","2002         \u4e2d\u92fc","2330         \u53f0\u7a4d\u96fb","2317         \u9d3b\u6d77","6505         \u53f0\u5851\u77f3\u5316","3481         \u7fa4\u5275","2303         \u806f\u96fb","2308         \u53f0\u9054\u96fb","2454         \u806f\u767c\u79d1","2886         \u5146\u8c50\u91d1","2884         \u7389\u5c71\u91d1","2891         \u4e2d\u4fe1\u91d1","2892         \u7b2c\u4e00\u91d1","5880         \u5408\u5eab\u91d1","2881         \u5bcc\u90a6\u91d1","2885         \u5143\u5927\u91d1","2887         \u53f0\u65b0\u91d1"],"zmin":-1,"zmax":1,"colorbar":{"x":-0.2}}],"layout":{"autotypenumbers":"strict","colorway":["#636efa","#EF553B","#00cc96","#ab63fa","#FFA15A","#19d3f3","#FF6692","#B6E880","#FF97FF","#FECB52"],"font":{"color":"#f2f5fa","family":"Courier New"},"hovermode":"closest","hoverlabel":{"align":"left"},"paper_bgcolor":"rgb(17,17,17)","plot_bgcolor":"rgb(17,17,17)","polar":{"bgcolor":"rgb(17,17,17)","angularaxis":{"gridcolor":"#506784","linecolor":"#506784","ticks":""},"radialaxis":{"gridcolor":"#506784","linecolor":"#506784","ticks":""}},"ternary":{"bgcolor":"rgb(17,17,17)","aaxis":{"gridcolor":"#506784","linecolor":"#506784","ticks":""},"baxis":{"gridcolor":"#506784","linecolor":"#506784","ticks":""},"caxis":{"gridcolor":"#506784","linecolor":"#506784","ticks":""}},"coloraxis":{"colorbar":{"outlinewidth":0,"ticks":""}},"colorscale":{"sequential":[[0.0,"#0d0887"],[0.1111111111111111,"#46039f"],[0.2222222222222222,"#7201a8"],[0.3333333333333333,"#9c179e"],[0.4444444444444444,"#bd3786"],[0.5555555555555556,"#d8576b"],[0.6666666666666666,"#ed7953"],[0.7777777777777778,"#fb9f3a"],[0.8888888888888888,"#fdca26"],[1.0,"#f0f921"]],"sequentialminus":[[0.0,"#0d0887"],[0.1111111111111111,"#46039f"],[0.2222222222222222,"#7201a8"],[0.3333333333333333,"#9c179e"],[0.4444444444444444,"#bd3786"],[0.5555555555555556,"#d8576b"],[0.6666666666666666,"#ed7953"],[0.7777777777777778,"#fb9f3a"],[0.8888888888888888,"#fdca26"],[1.0,"#f0f921"]],"diverging":[[0,"#8e0152"],[0.1,"#c51b7d"],[0.2,"#de77ae"],[0.3,"#f1b6da"],[0.4,"#fde0ef"],[0.5,"#f7f7f7"],[0.6,"#e6f5d0"],[0.7,"#b8e186"],[0.8,"#7fbc41"],[0.9,"#4d9221"],[1,"#276419"]]},"xaxis":{"gridcolor":"rgba(0, 0, 0, 0)","linecolor":"#506784","ticks":"","title":{"standoff":15},"zerolinecolor":"#283442","automargin":true,"zerolinewidth":2,"tickfont":{"family":"Courier New","size":14},"side":"top","tickangle":-90},"yaxis":{"gridcolor":"rgba(0, 0, 0, 0)","linecolor":"#506784","ticks":"","title":{"standoff":15},"zerolinecolor":"#283442","automargin":true,"zerolinewidth":2,"tickfont":{"family":"Courier New"},"side":"right"},"scene":{"xaxis":{"backgroundcolor":"rgb(17,17,17)","gridcolor":"#506784","linecolor":"#506784","showbackground":true,"ticks":"","zerolinecolor":"#C8D4E3","gridwidth":2},"yaxis":{"backgroundcolor":"rgb(17,17,17)","gridcolor":"#506784","linecolor":"#506784","showbackground":true,"ticks":"","zerolinecolor":"#C8D4E3","gridwidth":2},"zaxis":{"backgroundcolor":"rgb(17,17,17)","gridcolor":"#506784","linecolor":"#506784","showbackground":true,"ticks":"","zerolinecolor":"#C8D4E3","gridwidth":2}},"shapedefaults":{"line":{"color":"#f2f5fa"}},"annotationdefaults":{"arrowcolor":"#f2f5fa","arrowhead":0,"arrowwidth":1},"geo":{"bgcolor":"rgb(17,17,17)","landcolor":"rgb(17,17,17)","subunitcolor":"#506784","showland":true,"showlakes":true,"lakecolor":"rgb(17,17,17)"},"title":{"x":0.05,"font":{"family":"Times New Roman"},"y":0.05,"text":"<b>Correlation of Close<b><br><i>2016-09-23 ~ 2025-12-31<i>"},"updatemenudefaults":{"bgcolor":"#506784","borderwidth":0},"sliderdefaults":{"bgcolor":"#C8D4E3","borderwidth":1,"bordercolor":"rgb(17,17,17)","tickwidth":0},"mapbox":{"style":"dark"},"annotations":[{"text":"<b>@zwindr<b>","textangle":0,"opacity":0.5,"font":{"color":"white","size":12},"xref":"paper","yref":"paper","xanchor":"left","yanchor":"bottom","x":1.0,"y":1.0,"showarrow":false}]},"config":{"responsive":true,"toImageButtonOptions":{"filename":"Correlation of Close_2016-09-23~2025-12-31","scale":5}}};Plotly.newPlot("correlationClose",correlationClose.data,correlationClose.layout||{},correlationClose.config);}else{console.log("style display is none => correlationClose");}