var element=document.getElementById("correlationClose");if(element.style.display!='none'){var correlationClose={"data":[{"type":"heatmap","z":[[1.0,0.9999999999999982,1.0,0.9955350907470711,0.9955350907470711,0.962055377386757,0.962055377386757,0.8983448559597226,0.8983448559597226,0.8942649912799503,0.9949732885660117,0.9151770950183641,0.9927927469786905,0.9924299026318132,0.9949533014559696,0.9721559013364146,0.9989045617619343,0.925730239449309,0.7842769982600682,-0.08966806093506864,0.9769828006719459,0.07512923082972325,-0.022727895148541902,-0.25258485811571096,0.8225508807625028,0.9473032693103987,0.9068381700388806,0.9284416381425113,0.7723306462556135,0.49273141829503625,0.616265132984406,0.6396174377585478,0.9295196569873858,0.8146060745869949,0.16962470439193064],[0.9999999999999982,1.0,0.9999999999999984,0.9954872135614691,0.9954872135614691,0.9614265995910767,0.9614265995910767,0.8995591407562005,0.8995591407562005,0.8948347538599789,0.9949518583889289,0.9160148119259752,0.9925276246879016,0.9918549012462428,0.9949284655463932,0.9714166025334111,0.9989059716964626,0.9262653411106527,0.8044438929733472,0.11893562284753954,0.9680743145021221,-0.09423786815678348,-0.01411001023608636,-0.25283550714613745,0.6478457488561973,0.947618474998786,0.8792101439354163,0.9228873747701096,0.7848367553774115,0.483314580360096,0.6128602723618913,0.6669652732520455,0.9265862565829748,0.6627228467005587,0.16591721698362397],[1.0,0.9999999999999984,1.0,0.9955350907470711,0.9955350907470711,0.962055377386757,0.962055377386757,0.8983448559597226,0.8983448559597226,0.8942649912799503,0.9949732885660117,0.9151770950183641,0.9927927469786905,0.9924299026318132,0.9949533014559696,0.9721559013364146,0.9989045617619343,0.925730239449309,0.7842769982600682,-0.08966806093506864,0.9769828006719459,0.07512923082972325,-0.022727895148541902,-0.25258485811571096,0.8225508807625028,0.9473032693103987,0.9068381700388806,0.9284416381425113,0.7723306462556135,0.49273141829503625,0.616265132984406,0.6396174377585478,0.9295196569873858,0.8146060745869949,0.16962470439193064],[0.9955350907470711,0.9954872135614691,0.9955350907470711,1.0,1.0,0.949041694733504,0.949041694733504,0.8841847808442368,0.8841847808442368,0.8830076287923512,0.9994752338175992,0.9067888844771568,0.9885461566645826,0.984412001969585,0.999417062875549,0.9547126086109072,0.9948221591765404,0.9063331867472414,0.7633860655314701,-0.09570906146066896,0.98890664806749,0.0957564749986744,-0.054806658695984785,-0.25581856035912726,0.8215679929661248,0.9414246988893409,0.9119378251896743,0.917685507292162,0.783538281261903,0.5198789370827372,0.6108232779682478,0.6135454807378098,0.9227582561583489,0.8045031106709907,0.1817413142751027],[0.9955350907470711,0.9954872135614691,0.9955350907470711,1.0,1.0,0.949041694733504,0.949041694733504,0.8841847808442368,0.8841847808442368,0.8830076287923512,0.9994752338175992,0.9067888844771568,0.9885461566645826,0.984412001969585,0.999417062875549,0.9547126086109072,0.9948221591765404,0.9063331867472414,0.7633860655314701,-0.09570906146066896,0.98890664806749,0.0957564749986744,-0.054806658695984785,-0.25581856035912726,0.8215679929661248,0.9414246988893409,0.9119378251896743,0.917685507292162,0.783538281261903,0.5198789370827372,0.6108232779682478,0.6135454807378098,0.9227582561583489,0.8045031106709907,0.1817413142751027],[0.962055377386757,0.9614265995910767,0.962055377386757,0.949041694733504,0.949041694733504,1.0,1.0,0.924828465783616,0.924828465783616,0.8701879055061014,0.9518945934368457,0.8851422707512353,0.9762373786933011,0.9748669575425333,0.9515379654515949,0.9990004261648309,0.9723841894509556,0.9195729510553692,0.6299026785890363,-0.033877381261736686,0.9336058003337194,0.254404275869828,-0.22417780353131936,-0.10888067723818905,0.8933120627822986,0.9063395180411798,0.9261450838644091,0.8966575698656163,0.7312299762339249,0.7127054658677835,0.7271630408474293,0.7150683835686307,0.8487351375349088,0.8486885719032935,0.45988794717525794],[0.962055377386757,0.9614265995910767,0.962055377386757,0.949041694733504,0.949041694733504,1.0,1.0,0.924828465783616,0.924828465783616,0.8701879055061014,0.9518945934368457,0.8851422707512353,0.9762373786933011,0.9748669575425333,0.9515379654515949,0.9990004261648309,0.9723841894509556,0.9195729510553692,0.6299026785890363,-0.033877381261736686,0.9336058003337194,0.254404275869828,-0.22417780353131936,-0.10888067723818905,0.8933120627822986,0.9063395180411798,0.9261450838644091,0.8966575698656163,0.7312299762339249,0.7127054658677835,0.7271630408474293,0.7150683835686307,0.8487351375349088,0.8486885719032935,0.45988794717525794],[0.8983448559597226,0.8995591407562005,0.8983448559597226,0.8841847808442368,0.8841847808442368,0.924828465783616,0.924828465783616,1.0,1.0,0.851378218893038,0.9387035678024624,0.8503000352263322,0.9474587158332354,0.9425884010718009,0.9383827546493813,0.9256735671420117,0.9410395189520728,0.9724912702871092,0.5658262006539007,0.08671780646662679,0.8418286343397576,0.5050024719839099,-0.2489794560975825,0.031993954660413985,0.7848053424451612,0.8001606245110948,0.8634780993561537,0.8435480283793878,0.7438918900774819,0.869553707718318,0.7704663218042171,0.7199040357062801,0.7746016905962176,0.8362914578328128,0.7986722059075306],[0.8983448559597226,0.8995591407562005,0.8983448559597226,0.8841847808442368,0.8841847808442368,0.924828465783616,0.924828465783616,1.0,1.0,0.851378218893038,0.9387035678024624,0.8503000352263322,0.9474587158332354,0.9425884010718009,0.9383827546493813,0.9256735671420117,0.9410395189520728,0.9724912702871092,0.5658262006539007,0.08671780646662679,0.8418286343397576,0.5050024719839099,-0.2489794560975825,0.031993954660413985,0.7848053424451612,0.8001606245110948,0.8634780993561537,0.8435480283793878,0.7438918900774819,0.869553707718318,0.7704663218042171,0.7199040357062801,0.7746016905962176,0.8362914578328128,0.7986722059075306],[0.8942649912799503,0.8948347538599789,0.8942649912799503,0.8830076287923512,0.8830076287923512,0.8701879055061014,0.8701879055061014,0.851378218893038,0.851378218893038,1.0,0.8776158443342181,0.9999757757470237,0.8551501193192731,0.8147258135683768,0.881198966564786,0.8722768585288047,0.890641357895919,0.8799771116278226,0.7499640613472902,0.23815079148615226,0.8698112446010077,0.7278945146533432,-0.2924303151583769,0.39622280592411635,0.8469458157038287,0.7458058783998649,0.8469257125583928,0.8312781613723998,0.7235675641102429,0.7194623941959943,0.7960715473844996,0.781332327960098,0.8099223242524891,0.8538834136719641,0.7651095593315311],[0.9949732885660117,0.9949518583889289,0.9949732885660117,0.9994752338175992,0.9994752338175992,0.9518945934368457,0.9518945934368457,0.9387035678024624,0.9387035678024624,0.8776158443342181,1.0,0.8774005818826525,0.9882500104546,0.9846228566580768,0.9999152853292924,0.9522382179882923,0.9938925295676487,0.9234506238541312,0.8459982730114491,0.14153002163157102,0.9957152495654611,0.8546292216994701,-0.4392126529002721,0.36028769922488496,0.8599065345643142,0.9138298119779583,0.9418209423927258,0.9134569880965479,0.8071781876429165,0.8947300493212457,0.8731004469159628,0.8121942494987754,0.8973188153284516,0.9426076259525136,0.7776316794131551],[0.9151770950183641,0.9160148119259752,0.9151770950183641,0.9067888844771568,0.9067888844771568,0.8851422707512353,0.8851422707512353,0.8503000352263322,0.8503000352263322,0.9999757757470237,0.8774005818826525,1.0,0.8552121510266767,0.8146682876239624,0.8812825337653457,0.8871355248337486,0.8967500259246547,0.8763988565713701,0.7024691234603665,0.005791516768224591,0.8933128428462547,0.5729787717827439,-0.2130833077339919,-0.23614800046000797,0.8568292409181683,0.8000908615287293,0.8303318195004548,0.8536464183184056,0.7699624335995104,0.7245332149534671,0.771629814687921,0.7111592400030291,0.8476717236273184,0.7490590033785122,0.726958537632358],[0.9927927469786905,0.9925276246879016,0.9927927469786905,0.9885461566645826,0.9885461566645826,0.9762373786933011,0.9762373786933011,0.9474587158332354,0.9474587158332354,0.8551501193192731,0.9882500104546,0.8552121510266767,1.0,0.999695136519921,0.9881565553408592,0.9744860128612609,0.9900020870742741,0.9193744182249235,0.8146506221148256,0.18021132704477702,0.9858474471414788,0.8780994017147081,-0.6201908921513227,0.4377382415702938,0.8407974047915134,0.9253833803820907,0.9581952445744876,0.9081253437305659,0.7322930674171166,0.8947091985256335,0.8535047306251619,0.8035723110180363,0.8788591004302719,0.9628773898008675,0.8129687181305804],[0.9924299026318132,0.9918549012462428,0.9924299026318132,0.984412001969585,0.984412001969585,0.9748669575425333,0.9748669575425333,0.9425884010718009,0.9425884010718009,0.8147258135683768,0.9846228566580768,0.8146682876239624,0.999695136519921,1.0,0.9846858006508546,0.9720577459762983,0.9883404743305652,0.9065502053923828,0.8332366044049427,0.05891778955742058,0.980214899178002,0.8869059130143961,-0.8261089710725312,0.48383141296323523,0.797090871908655,0.9305155576657729,0.9558868536860822,0.89477646705253,0.6502426719686241,0.9049754444718975,0.8407455958267781,0.7543336418262864,0.910996666801006,0.9651298723682011,0.7812409840594227],[0.9949533014559696,0.9949284655463932,0.9949533014559696,0.999417062875549,0.999417062875549,0.9515379654515949,0.9515379654515949,0.9383827546493813,0.9383827546493813,0.881198966564786,0.9999152853292924,0.8812825337653457,0.9881565553408592,0.9846858006508546,1.0,0.9519962257923026,0.9938840260788315,0.9238126933151137,0.8466362137617968,0.1432255705081683,0.9955730301004662,0.8534310308787123,-0.4345707840175756,0.35977637136053386,0.8605125502262059,0.912330899599311,0.9406634480695127,0.9138539923033728,0.808057799916375,0.8937044915671047,0.8741219390548127,0.8136231532523377,0.8968443284173429,0.9423398650918006,0.7781156593420032],[0.9721559013364146,0.9714166025334111,0.9721559013364146,0.9547126086109072,0.9547126086109072,0.9990004261648309,0.9990004261648309,0.9256735671420117,0.9256735671420117,0.8722768585288047,0.9522382179882923,0.8871355248337486,0.9744860128612609,0.9720577459762983,0.9519962257923026,1.0,0.9739346182950737,0.9192435242384557,0.678487211322723,-0.014667498968963529,0.9440923665836193,0.583985689203339,-0.3568142422229804,-0.16198208026131622,0.9060514482487186,0.9160419338724477,0.9215129135410733,0.9047592188703931,0.7709563897203447,0.8363615067653597,0.7766571736723764,0.7725178151194265,0.872251623696009,0.845636382484886,0.7866883562958716],[0.9989045617619343,0.9989059716964626,0.9989045617619343,0.9948221591765404,0.9948221591765404,0.9723841894509556,0.9723841894509556,0.9410395189520728,0.9410395189520728,0.890641357895919,0.9938925295676487,0.8967500259246547,0.9900020870742741,0.9883404743305652,0.9938840260788315,0.9739346182950737,1.0,0.9407043439647828,0.8519111815220883,0.14295430472050852,0.9869597847120837,0.823891359074716,-0.4186992141405668,0.3736100453514571,0.8948304790901929,0.9254464670234113,0.9457771568118406,0.9378101253134818,0.8270037210785434,0.8826239661769817,0.8996277213471235,0.8433326668606238,0.9090486599855612,0.9475281215451462,0.8342929717714124],[0.925730239449309,0.9262653411106527,0.925730239449309,0.9063331867472414,0.9063331867472414,0.9195729510553692,0.9195729510553692,0.9724912702871092,0.9724912702871092,0.8799771116278226,0.9234506238541312,0.8763988565713701,0.9193744182249235,0.9065502053923828,0.9238126933151137,0.9192435242384557,0.9407043439647828,1.0,0.7302934357510154,0.009364115487416247,0.8695003552591589,0.514027642333594,-0.1411210246509781,-0.20254994407120266,0.8232228533341304,0.8260804686939914,0.8296967358517843,0.9125829278883252,0.8309146730486743,0.7962478444721637,0.7443875313788679,0.702268925760262,0.837790398695751,0.7659881746646885,0.8466662945236004],[0.7842769982600682,0.8044438929733472,0.7842769982600682,0.7633860655314701,0.7633860655314701,0.6299026785890363,0.6299026785890363,0.5658262006539007,0.5658262006539007,0.7499640613472902,0.8459982730114491,0.7024691234603665,0.8146506221148256,0.8332366044049427,0.8466362137617968,0.678487211322723,0.8519111815220883,0.7302934357510154,1.0,0.05588397343968849,0.7259223903133489,-0.42700711772041716,0.3723643374177522,-0.6609846015772899,0.3365110994427493,0.793885780845919,0.4885569224877052,0.8309626459778295,0.683562311062232,0.05405703833812179,0.28360199487486143,0.5592944503553118,0.7775244972787752,0.4553550506325345,-0.16859530720197047],[-0.08966806093506864,0.11893562284753954,-0.08966806093506864,-0.09570906146066896,-0.09570906146066896,-0.033877381261736686,-0.033877381261736686,0.08671780646662679,0.08671780646662679,0.23815079148615226,0.14153002163157102,0.005791516768224591,0.18021132704477702,0.05891778955742058,0.1432255705081683,-0.014667498968963529,0.14295430472050852,0.009364115487416247,0.05588397343968849,1.0,-0.05494144005546978,0.13274344989456172,0.12497421486601162,0.7521030488189768,-0.07921740124459786,0.029871048673373667,0.025850542345763894,0.1920889943223727,0.03063294311769992,0.10693233057669227,0.3782816106021106,0.5855087760351071,-0.08704845275693708,0.13869543541733803,0.1719348085468701],[0.9769828006719459,0.9680743145021221,0.9769828006719459,0.98890664806749,0.98890664806749,0.9336058003337194,0.9336058003337194,0.8418286343397576,0.8418286343397576,0.8698112446010077,0.9957152495654611,0.8933128428462547,0.9858474471414788,0.980214899178002,0.9955730301004662,0.9440923665836193,0.9869597847120837,0.8695003552591589,0.7259223903133489,-0.05494144005546978,1.0,0.004127641687590565,-0.11679236012766434,-0.3140413792334726,0.6839048308883888,0.9256853310541923,0.8957615634930262,0.8604610430808355,0.752269693545493,0.5165219727013587,0.5744589875862838,0.5413410098133526,0.9012804341525518,0.6404231601092818,0.1603576467897998],[0.07512923082972325,-0.09423786815678348,0.07512923082972325,0.0957564749986744,0.0957564749986744,0.254404275869828,0.254404275869828,0.5050024719839099,0.5050024719839099,0.7278945146533432,0.8546292216994701,0.5729787717827439,0.8780994017147081,0.8869059130143961,0.8534310308787123,0.583985689203339,0.823891359074716,0.514027642333594,-0.42700711772041716,0.13274344989456172,0.004127641687590565,1.0,-0.42918961525248056,0.7690340596990399,0.36321396191119887,-0.03772789391661782,0.2601273318649656,-0.15110300916320082,0.0271329982963628,0.5626810463383211,0.450932694613918,0.1826830285050193,-0.0722009238417577,0.3591341136948602,0.46339663835563755],[-0.022727895148541902,-0.01411001023608636,-0.022727895148541902,-0.054806658695984785,-0.054806658695984785,-0.22417780353131936,-0.22417780353131936,-0.2489794560975825,-0.2489794560975825,-0.2924303151583769,-0.4392126529002721,-0.2130833077339919,-0.6201908921513227,-0.8261089710725312,-0.4345707840175756,-0.3568142422229804,-0.4186992141405668,-0.1411210246509781,0.3723643374177522,0.12497421486601162,-0.11679236012766434,-0.42918961525248056,1.0,-0.043406993835149454,-0.13525250967659475,-0.07080583505428571,-0.25555061994098704,0.008148636035590412,-0.028350229580611775,-0.5411025671033506,-0.16383143550687115,-0.0010376494282696464,0.01728323907747338,-0.1665685424088177,-0.40060749325899886],[-0.25258485811571096,-0.25283550714613745,-0.25258485811571096,-0.25581856035912726,-0.25581856035912726,-0.10888067723818905,-0.10888067723818905,0.031993954660413985,0.031993954660413985,0.39622280592411635,0.36028769922488496,-0.23614800046000797,0.4377382415702938,0.48383141296323523,0.35977637136053386,-0.16198208026131622,0.3736100453514571,-0.20254994407120266,-0.6609846015772899,0.7521030488189768,-0.3140413792334726,0.7690340596990399,-0.043406993835149454,1.0,-0.10009079497958157,-0.2962195494866683,-0.05372559985172855,-0.35036010592725575,-0.3274541560524473,0.09938408371740669,0.17659126029595912,0.2710332496990726,-0.38255793989974973,0.13625604869447847,0.10303210813014317],[0.8225508807625028,0.6478457488561973,0.8225508807625028,0.8215679929661248,0.8215679929661248,0.8933120627822986,0.8933120627822986,0.7848053424451612,0.7848053424451612,0.8469458157038287,0.8599065345643142,0.8568292409181683,0.8407974047915134,0.797090871908655,0.8605125502262059,0.9060514482487186,0.8948304790901929,0.8232228533341304,0.3365110994427493,-0.07921740124459786,0.6839048308883888,0.36321396191119887,-0.13525250967659475,-0.10009079497958157,1.0,0.60601581264512,0.841843347669616,0.4822003494507909,0.6166046075295715,0.532005724380916,0.6472666893165889,0.4175006160131438,0.6975920610603994,0.6988967549156573,0.41047493946364905],[0.9473032693103987,0.947618474998786,0.9473032693103987,0.9414246988893409,0.9414246988893409,0.9063395180411798,0.9063395180411798,0.8001606245110948,0.8001606245110948,0.7458058783998649,0.9138298119779583,0.8000908615287293,0.9253833803820907,0.9305155576657729,0.912330899599311,0.9160419338724477,0.9254464670234113,0.8260804686939914,0.793885780845919,0.029871048673373667,0.9256853310541923,-0.03772789391661782,-0.07080583505428571,-0.2962195494866683,0.60601581264512,1.0,0.8322577228174767,0.8544518161657896,0.7101461881935011,0.3762211677519804,0.4970389127532225,0.5942834434129053,0.897364441499937,0.6245940310546187,0.061426666438563315],[0.9068381700388806,0.8792101439354163,0.9068381700388806,0.9119378251896743,0.9119378251896743,0.9261450838644091,0.9261450838644091,0.8634780993561537,0.8634780993561537,0.8469257125583928,0.9418209423927258,0.8303318195004548,0.9581952445744876,0.9558868536860822,0.9406634480695127,0.9215129135410733,0.9457771568118406,0.8296967358517843,0.4885569224877052,0.025850542345763894,0.8957615634930262,0.2601273318649656,-0.25555061994098704,-0.05372559985172855,0.841843347669616,0.8322577228174767,1.0,0.7375079245533438,0.5882674561763153,0.5537498543375017,0.5800355578593411,0.5299700669011247,0.8037644862178438,0.8194804170056249,0.20660157844272967],[0.9284416381425113,0.9228873747701096,0.9284416381425113,0.917685507292162,0.917685507292162,0.8966575698656163,0.8966575698656163,0.8435480283793878,0.8435480283793878,0.8312781613723998,0.9134569880965479,0.8536464183184056,0.9081253437305659,0.89477646705253,0.9138539923033728,0.9047592188703931,0.9378101253134818,0.9125829278883252,0.8309626459778295,0.1920889943223727,0.8604610430808355,-0.15110300916320082,0.008148636035590412,-0.35036010592725575,0.4822003494507909,0.8544518161657896,0.7375079245533438,1.0,0.9022410177700573,0.511232297199942,0.6731603554389625,0.6642620464639077,0.8723523324871107,0.48003597777620893,0.2896159947140905],[0.7723306462556135,0.7848367553774115,0.7723306462556135,0.783538281261903,0.783538281261903,0.7312299762339249,0.7312299762339249,0.7438918900774819,0.7438918900774819,0.7235675641102429,0.8071781876429165,0.7699624335995104,0.7322930674171166,0.6502426719686241,0.808057799916375,0.7709563897203447,0.8270037210785434,0.8309146730486743,0.683562311062232,0.03063294311769992,0.752269693545493,0.0271329982963628,-0.028350229580611775,-0.3274541560524473,0.6166046075295715,0.7101461881935011,0.5882674561763153,0.9022410177700573,1.0,0.553607006887291,0.65549722880967,0.6052370808041633,0.7179825409320644,0.5622217568821424,0.46940054702045175],[0.49273141829503625,0.483314580360096,0.49273141829503625,0.5198789370827372,0.5198789370827372,0.7127054658677835,0.7127054658677835,0.869553707718318,0.869553707718318,0.7194623941959943,0.8947300493212457,0.7245332149534671,0.8947091985256335,0.9049754444718975,0.8937044915671047,0.8363615067653597,0.8826239661769817,0.7962478444721637,0.05405703833812179,0.10693233057669227,0.5165219727013587,0.5626810463383211,-0.5411025671033506,0.09938408371740669,0.532005724380916,0.3762211677519804,0.5537498543375017,0.511232297199942,0.553607006887291,1.0,0.7344481778016098,0.37165510628642706,0.44771624403566535,0.5378936926798472,0.7784544609410453],[0.616265132984406,0.6128602723618913,0.616265132984406,0.6108232779682478,0.6108232779682478,0.7271630408474293,0.7271630408474293,0.7704663218042171,0.7704663218042171,0.7960715473844996,0.8731004469159628,0.771629814687921,0.8535047306251619,0.8407455958267781,0.8741219390548127,0.7766571736723764,0.8996277213471235,0.7443875313788679,0.28360199487486143,0.3782816106021106,0.5744589875862838,0.450932694613918,-0.16383143550687115,0.17659126029595912,0.6472666893165889,0.4970389127532225,0.5800355578593411,0.6731603554389625,0.65549722880967,0.7344481778016098,1.0,0.7779596823152612,0.47102286164286894,0.7167482099180041,0.5468501667504249],[0.6396174377585478,0.6669652732520455,0.6396174377585478,0.6135454807378098,0.6135454807378098,0.7150683835686307,0.7150683835686307,0.7199040357062801,0.7199040357062801,0.781332327960098,0.8121942494987754,0.7111592400030291,0.8035723110180363,0.7543336418262864,0.8136231532523377,0.7725178151194265,0.8433326668606238,0.702268925760262,0.5592944503553118,0.5855087760351071,0.5413410098133526,0.1826830285050193,-0.0010376494282696464,0.2710332496990726,0.4175006160131438,0.5942834434129053,0.5299700669011247,0.6642620464639077,0.6052370808041633,0.37165510628642706,0.7779596823152612,1.0,0.4859351320140319,0.6647678182082641,0.19550315028521356],[0.9295196569873858,0.9265862565829748,0.9295196569873858,0.9227582561583489,0.9227582561583489,0.8487351375349088,0.8487351375349088,0.7746016905962176,0.7746016905962176,0.8099223242524891,0.8973188153284516,0.8476717236273184,0.8788591004302719,0.910996666801006,0.8968443284173429,0.872251623696009,0.9090486599855612,0.837790398695751,0.7775244972787752,-0.08704845275693708,0.9012804341525518,-0.0722009238417577,0.01728323907747338,-0.38255793989974973,0.6975920610603994,0.897364441499937,0.8037644862178438,0.8723523324871107,0.7179825409320644,0.44771624403566535,0.47102286164286894,0.4859351320140319,1.0,0.7112243387077877,0.15818047160242857],[0.8146060745869949,0.6627228467005587,0.8146060745869949,0.8045031106709907,0.8045031106709907,0.8486885719032935,0.8486885719032935,0.8362914578328128,0.8362914578328128,0.8538834136719641,0.9426076259525136,0.7490590033785122,0.9628773898008675,0.9651298723682011,0.9423398650918006,0.845636382484886,0.9475281215451462,0.7659881746646885,0.4553550506325345,0.13869543541733803,0.6404231601092818,0.3591341136948602,-0.1665685424088177,0.13625604869447847,0.6988967549156573,0.6245940310546187,0.8194804170056249,0.48003597777620893,0.5622217568821424,0.5378936926798472,0.7167482099180041,0.6647678182082641,0.7112243387077877,1.0,0.16711329223210375],[0.16962470439193064,0.16591721698362397,0.16962470439193064,0.1817413142751027,0.1817413142751027,0.45988794717525794,0.45988794717525794,0.7986722059075306,0.7986722059075306,0.7651095593315311,0.7776316794131551,0.726958537632358,0.8129687181305804,0.7812409840594227,0.7781156593420032,0.7866883562958716,0.8342929717714124,0.8466662945236004,-0.16859530720197047,0.1719348085468701,0.1603576467897998,0.46339663835563755,-0.40060749325899886,0.10303210813014317,0.41047493946364905,0.061426666438563315,0.20660157844272967,0.2896159947140905,0.46940054702045175,0.7784544609410453,0.5468501667504249,0.19550315028521356,0.15818047160242857,0.16711329223210375,1.0]],"x":["^TAIEX       \u81fa\u7063\u52a0\u6b0a\u5831\u916c\u6307\u6578","^TWII        \u81fa\u7063\u52a0\u6b0a\u6307\u6578","^TAIEXx2     \u81fa\u7063\u52a0\u6b0a\u5831\u916c\u6307\u6578_\u65e5\u6b632","^TAI50I      \u81fa\u706350\u5831\u916c\u6307\u6578","^TAI50Ix2    \u81fa\u706350\u5831\u916c\u6307\u6578_\u65e5\u6b632","^TAI100I     \u81fa\u7063\u4e2d\u578b100\u5831\u916c\u6307\u6578","^TAI100Ix2   \u81fa\u7063\u4e2d\u578b100\u5831\u916c\u6307\u6578_\u65e5\u6b632","^TAIDIVIDI   \u81fa\u7063\u9ad8\u80a1\u606f\u5831\u916c\u6307\u6578","^TAIDIVIDIx2 \u81fa\u7063\u9ad8\u80a1\u606f\u5831\u916c\u6307\u6578_\u65e5\u6b632","0050Fund     \u5143\u5927\u53f0\u7063\u5353\u8d8a50\u57fa\u91d1","006208Fund   \u5bcc\u90a6\u53f0\u7063\u91c6\u540950\u57fa\u91d1","0050         \u5143\u5927\u81fa\u706350","00631L       \u5143\u5927\u53f0\u706350\u6b632","00675L       \u5bcc\u90a6\u81fa\u7063\u52a0\u6b0a\u6b632","006208       \u5bcc\u90a6\u53f050","0051         \u5143\u5927\u4e2d\u578b100","006204       \u6c38\u8c50\u81fa\u7063\u52a0\u6b0a","0056         \u5143\u5927\u9ad8\u80a1\u606f","2412         \u4e2d\u83ef\u96fb\u4fe1","2002         \u4e2d\u92fc","2330         \u53f0\u7a4d\u96fb","2317         \u9d3b\u6d77","6505         \u53f0\u5851\u77f3\u5316","3481         \u7fa4\u5275","2303         \u806f\u96fb","2308         \u53f0\u9054\u96fb","2454         \u806f\u767c\u79d1","2886         \u5146\u8c50\u91d1","2884         \u7389\u5c71\u91d1","2891         \u4e2d\u4fe1\u91d1","2892         \u7b2c\u4e00\u91d1","5880         \u5408\u5eab\u91d1","2881         \u5bcc\u90a6\u91d1","2885         \u5143\u5927\u91d1","2887         \u53f0\u65b0\u91d1"],"y":["^TAIEX       \u81fa\u7063\u52a0\u6b0a\u5831\u916c\u6307\u6578","^TWII        \u81fa\u7063\u52a0\u6b0a\u6307\u6578","^TAIEXx2     \u81fa\u7063\u52a0\u6b0a\u5831\u916c\u6307\u6578_\u65e5\u6b632","^TAI50I      \u81fa\u706350\u5831\u916c\u6307\u6578","^TAI50Ix2    \u81fa\u706350\u5831\u916c\u6307\u6578_\u65e5\u6b632","^TAI100I     \u81fa\u7063\u4e2d\u578b100\u5831\u916c\u6307\u6578","^TAI100Ix2   \u81fa\u7063\u4e2d\u578b100\u5831\u916c\u6307\u6578_\u65e5\u6b632","^TAIDIVIDI   \u81fa\u7063\u9ad8\u80a1\u606f\u5831\u916c\u6307\u6578","^TAIDIVIDIx2 \u81fa\u7063\u9ad8\u80a1\u606f\u5831\u916c\u6307\u6578_\u65e5\u6b632","0050Fund     \u5143\u5927\u53f0\u7063\u5353\u8d8a50\u57fa\u91d1","006208Fund   \u5bcc\u90a6\u53f0\u7063\u91c6\u540950\u57fa\u91d1","0050         \u5143\u5927\u81fa\u706350","00631L       \u5143\u5927\u53f0\u706350\u6b632","00675L       \u5bcc\u90a6\u81fa\u7063\u52a0\u6b0a\u6b632","006208       \u5bcc\u90a6\u53f050","0051         \u5143\u5927\u4e2d\u578b100","006204       \u6c38\u8c50\u81fa\u7063\u52a0\u6b0a","0056         \u5143\u5927\u9ad8\u80a1\u606f","2412         \u4e2d\u83ef\u96fb\u4fe1","2002         \u4e2d\u92fc","2330         \u53f0\u7a4d\u96fb","2317         \u9d3b\u6d77","6505         \u53f0\u5851\u77f3\u5316","3481         \u7fa4\u5275","2303         \u806f\u96fb","2308         \u53f0\u9054\u96fb","2454         \u806f\u767c\u79d1","2886         \u5146\u8c50\u91d1","2884         \u7389\u5c71\u91d1","2891         \u4e2d\u4fe1\u91d1","2892         \u7b2c\u4e00\u91d1","5880         \u5408\u5eab\u91d1","2881         \u5bcc\u90a6\u91d1","2885         \u5143\u5927\u91d1","2887         \u53f0\u65b0\u91d1"],"zmin":-1,"zmax":1,"colorbar":{"x":-0.2}}],"layout":{"autotypenumbers":"strict","colorway":["#636efa","#EF553B","#00cc96","#ab63fa","#FFA15A","#19d3f3","#FF6692","#B6E880","#FF97FF","#FECB52"],"font":{"color":"#f2f5fa","family":"Courier New"},"hovermode":"closest","hoverlabel":{"align":"left"},"paper_bgcolor":"rgb(17,17,17)","plot_bgcolor":"rgb(17,17,17)","polar":{"bgcolor":"rgb(17,17,17)","angularaxis":{"gridcolor":"#506784","linecolor":"#506784","ticks":""},"radialaxis":{"gridcolor":"#506784","linecolor":"#506784","ticks":""}},"ternary":{"bgcolor":"rgb(17,17,17)","aaxis":{"gridcolor":"#506784","linecolor":"#506784","ticks":""},"baxis":{"gridcolor":"#506784","linecolor":"#506784","ticks":""},"caxis":{"gridcolor":"#506784","linecolor":"#506784","ticks":""}},"coloraxis":{"colorbar":{"outlinewidth":0,"ticks":""}},"colorscale":{"sequential":[[0.0,"#0d0887"],[0.1111111111111111,"#46039f"],[0.2222222222222222,"#7201a8"],[0.3333333333333333,"#9c179e"],[0.4444444444444444,"#bd3786"],[0.5555555555555556,"#d8576b"],[0.6666666666666666,"#ed7953"],[0.7777777777777778,"#fb9f3a"],[0.8888888888888888,"#fdca26"],[1.0,"#f0f921"]],"sequentialminus":[[0.0,"#0d0887"],[0.1111111111111111,"#46039f"],[0.2222222222222222,"#7201a8"],[0.3333333333333333,"#9c179e"],[0.4444444444444444,"#bd3786"],[0.5555555555555556,"#d8576b"],[0.6666666666666666,"#ed7953"],[0.7777777777777778,"#fb9f3a"],[0.8888888888888888,"#fdca26"],[1.0,"#f0f921"]],"diverging":[[0,"#8e0152"],[0.1,"#c51b7d"],[0.2,"#de77ae"],[0.3,"#f1b6da"],[0.4,"#fde0ef"],[0.5,"#f7f7f7"],[0.6,"#e6f5d0"],[0.7,"#b8e186"],[0.8,"#7fbc41"],[0.9,"#4d9221"],[1,"#276419"]]},"xaxis":{"gridcolor":"rgba(0, 0, 0, 0)","linecolor":"#506784","ticks":"","title":{"standoff":15},"zerolinecolor":"#283442","automargin":true,"zerolinewidth":2,"tickfont":{"family":"Courier New","size":14},"side":"top","tickangle":-90},"yaxis":{"gridcolor":"rgba(0, 0, 0, 0)","linecolor":"#506784","ticks":"","title":{"standoff":15},"zerolinecolor":"#283442","automargin":true,"zerolinewidth":2,"tickfont":{"family":"Courier New"},"side":"right"},"scene":{"xaxis":{"backgroundcolor":"rgb(17,17,17)","gridcolor":"#506784","linecolor":"#506784","showbackground":true,"ticks":"","zerolinecolor":"#C8D4E3","gridwidth":2},"yaxis":{"backgroundcolor":"rgb(17,17,17)","gridcolor":"#506784","linecolor":"#506784","showbackground":true,"ticks":"","zerolinecolor":"#C8D4E3","gridwidth":2},"zaxis":{"backgroundcolor":"rgb(17,17,17)","gridcolor":"#506784","linecolor":"#506784","showbackground":true,"ticks":"","zerolinecolor":"#C8D4E3","gridwidth":2}},"shapedefaults":{"line":{"color":"#f2f5fa"}},"annotationdefaults":{"arrowcolor":"#f2f5fa","arrowhead":0,"arrowwidth":1},"geo":{"bgcolor":"rgb(17,17,17)","landcolor":"rgb(17,17,17)","subunitcolor":"#506784","showland":true,"showlakes":true,"lakecolor":"rgb(17,17,17)"},"title":{"x":0.05,"font":{"family":"Times New Roman"},"y":0.05,"text":"<b>Correlation of Close<b><br><i>2016-09-23 ~ 2025-08-22<i>"},"updatemenudefaults":{"bgcolor":"#506784","borderwidth":0},"sliderdefaults":{"bgcolor":"#C8D4E3","borderwidth":1,"bordercolor":"rgb(17,17,17)","tickwidth":0},"mapbox":{"style":"dark"},"annotations":[{"text":"<b>@zwindr<b>","textangle":0,"opacity":0.5,"font":{"color":"white","size":12},"xref":"paper","yref":"paper","xanchor":"left","yanchor":"bottom","x":1.0,"y":1.0,"showarrow":false}]},"config":{"responsive":true,"toImageButtonOptions":{"filename":"Correlation of Close_2016-09-23~2025-08-22","scale":5}}};Plotly.newPlot("correlationClose",correlationClose.data,correlationClose.layout||{},correlationClose.config);}else{console.log("style display is none => correlationClose");}