var element = document.getElementById("correlationClose");

if (element.style.display != 'none') {
    var correlationClose = {"data": [{"type": "heatmap", "z": [[1.0, 0.9999999999999981, 1.0, 0.9955466850713852, 0.9955466850713852, 0.9616617083466902, 0.9616617083466902, 0.8976292523654077, 0.8976292523654077, 0.907676463627749, 0.9950074822191596, 0.9259241525684829, 0.992710973379183, 0.9923224229688773, 0.9949754397035396, 0.9718994131552212, 0.998895079472605, 0.9262068407096977, 0.7835333898790618, -0.08565860252324503, 0.9768266452962131, 0.06831358703685073, -0.014627230664079009, -0.25231620483423584, 0.8233338815907524, 0.9491649936568963, 0.9057175977708065, 0.9280462606365679, 0.7703572003917917, 0.4861497166054444, 0.6137745724047483, 0.6397553005531709, 0.9288667774357114, 0.8129691789168657, 0.16950929020849537], [0.9999999999999981, 1.0, 0.9999999999999982, 0.9954973393564539, 0.9954973393564539, 0.9610266676425291, 0.9610266676425291, 0.8988673916840255, 0.8988673916840255, 0.908175268115371, 0.9949842737556314, 0.9266573436478042, 0.9924454759770525, 0.9917412425610194, 0.9949487716087305, 0.9711496650497796, 0.9988967677563138, 0.9267562768895571, 0.8039193328118568, 0.12255287254744994, 0.9678479438461565, -0.09791295464340677, -0.006008537089562104, -0.2525638759466513, 0.64804486633722, 0.949366133954181, 0.8778231784038923, 0.9225160774443256, 0.7831103620888816, 0.47674186270270086, 0.6103464432653435, 0.6672999824135181, 0.9259048960878926, 0.6604481340067329, 0.1657442681776724], [1.0, 0.9999999999999982, 1.0, 0.9955466850713852, 0.9955466850713852, 0.9616617083466902, 0.9616617083466902, 0.8976292523654077, 0.8976292523654077, 0.907676463627749, 0.9950074822191596, 0.9259241525684829, 0.992710973379183, 0.9923224229688773, 0.9949754397035396, 0.9718994131552212, 0.998895079472605, 0.9262068407096977, 0.7835333898790618, -0.08565860252324503, 0.9768266452962131, 0.06831358703685073, -0.014627230664079009, -0.25231620483423584, 0.8233338815907524, 0.9491649936568963, 0.9057175977708065, 0.9280462606365679, 0.7703572003917917, 0.4861497166054444, 0.6137745724047483, 0.6397553005531709, 0.9288667774357114, 0.8129691789168657, 0.16950929020849537], [0.9955466850713852, 0.9954973393564539, 0.9955466850713852, 1.0, 1.0, 0.9485950982347634, 0.9485950982347634, 0.8835273452711317, 0.8835273452711317, 0.8981364064980855, 0.9994703398185125, 0.9189158861792441, 0.9883659502185282, 0.9841686771286624, 0.9994107182174057, 0.954374740610496, 0.994777534379465, 0.9070877943862646, 0.76276246076899, -0.09157906441707973, 0.9887609594625169, 0.0885308864398308, -0.0462741845684752, -0.25571021018912427, 0.8229336181190364, 0.942179879549427, 0.9108508491279672, 0.9174227842352981, 0.7817670735345624, 0.5130319679394604, 0.608284378748937, 0.6138668898555705, 0.922163112450379, 0.8028468163066483, 0.18178362825373293], [0.9955466850713852, 0.9954973393564539, 0.9955466850713852, 1.0, 1.0, 0.9485950982347634, 0.9485950982347634, 0.8835273452711317, 0.8835273452711317, 0.8981364064980855, 0.9994703398185125, 0.9189158861792441, 0.9883659502185282, 0.9841686771286624, 0.9994107182174057, 0.954374740610496, 0.994777534379465, 0.9070877943862646, 0.76276246076899, -0.09157906441707973, 0.9887609594625169, 0.0885308864398308, -0.0462741845684752, -0.25571021018912427, 0.8229336181190364, 0.942179879549427, 0.9108508491279672, 0.9174227842352981, 0.7817670735345624, 0.5130319679394604, 0.608284378748937, 0.6138668898555705, 0.922163112450379, 0.8028468163066483, 0.18178362825373293], [0.9616617083466902, 0.9610266676425291, 0.9616617083466902, 0.9485950982347634, 0.9485950982347634, 1.0, 1.0, 0.92426529060841, 0.92426529060841, 0.8810547914782897, 0.9516980677664667, 0.8940451557840497, 0.9763291870284647, 0.9750119368619438, 0.951364296523429, 0.9989902982921472, 0.9722052234289246, 0.9196889280610286, 0.6276954922719551, -0.029425386280846046, 0.9330403353667672, 0.24925941616303993, -0.21764007662547866, -0.10773658280496821, 0.8942987126293869, 0.9084217763720839, 0.9253443322236616, 0.8958788888125951, 0.7289423538714257, 0.7091559182491027, 0.7255412217648642, 0.7153633645881275, 0.8472699296965283, 0.8473415225860369, 0.46054956688045473], [0.9616617083466902, 0.9610266676425291, 0.9616617083466902, 0.9485950982347634, 0.9485950982347634, 1.0, 1.0, 0.92426529060841, 0.92426529060841, 0.8810547914782897, 0.9516980677664667, 0.8940451557840497, 0.9763291870284647, 0.9750119368619438, 0.951364296523429, 0.9989902982921472, 0.9722052234289246, 0.9196889280610286, 0.6276954922719551, -0.029425386280846046, 0.9330403353667672, 0.24925941616303993, -0.21764007662547866, -0.10773658280496821, 0.8942987126293869, 0.9084217763720839, 0.9253443322236616, 0.8958788888125951, 0.7289423538714257, 0.7091559182491027, 0.7255412217648642, 0.7153633645881275, 0.8472699296965283, 0.8473415225860369, 0.46054956688045473], [0.8976292523654077, 0.8988673916840255, 0.8976292523654077, 0.8835273452711317, 0.8835273452711317, 0.92426529060841, 0.92426529060841, 1.0, 1.0, 0.8609221094535213, 0.9386840579504934, 0.8576844629227792, 0.9475327931230773, 0.9426843110140037, 0.9383457664567437, 0.9250890259461517, 0.9407105179877577, 0.9726157169136632, 0.563152492069032, 0.09107158041742881, 0.8407781478194312, 0.501264163278261, -0.24257444523821617, 0.03355207290739735, 0.7847202311183327, 0.80206068151079, 0.8623895132358838, 0.8423950349316381, 0.7419419631683836, 0.869234907416748, 0.7690913941678038, 0.7197084664293661, 0.7727334902493225, 0.8350083380471927, 0.799335852268171], [0.8976292523654077, 0.8988673916840255, 0.8976292523654077, 0.8835273452711317, 0.8835273452711317, 0.92426529060841, 0.92426529060841, 1.0, 1.0, 0.8609221094535213, 0.9386840579504934, 0.8576844629227792, 0.9475327931230773, 0.9426843110140037, 0.9383457664567437, 0.9250890259461517, 0.9407105179877577, 0.9726157169136632, 0.563152492069032, 0.09107158041742881, 0.8407781478194312, 0.501264163278261, -0.24257444523821617, 0.03355207290739735, 0.7847202311183327, 0.80206068151079, 0.8623895132358838, 0.8423950349316381, 0.7419419631683836, 0.869234907416748, 0.7690913941678038, 0.7197084664293661, 0.7727334902493225, 0.8350083380471927, 0.799335852268171], [0.907676463627749, 0.908175268115371, 0.907676463627749, 0.8981364064980855, 0.8981364064980855, 0.8810547914782897, 0.8810547914782897, 0.8609221094535213, 0.8609221094535213, 1.0, 0.8933989447221751, 0.9999757545916179, 0.8734805411627323, 0.8376869384971618, 0.8946645768768279, 0.8831262922356239, 0.9044865736121337, 0.8854079799649444, 0.7620885916099973, 0.23596493324409643, 0.8857372503401063, 0.7472607604342965, -0.2999526845006384, 0.39681908740744204, 0.8506563811255322, 0.7786059659585054, 0.8585059383735892, 0.8411186284493817, 0.7340077322993629, 0.7370523429573066, 0.804816284623271, 0.7857342362721108, 0.8209429820295591, 0.8641714864706089, 0.7684387878574522], [0.9950074822191596, 0.9949842737556314, 0.9950074822191596, 0.9994703398185125, 0.9994703398185125, 0.9516980677664667, 0.9516980677664667, 0.9386840579504934, 0.9386840579504934, 0.8933989447221751, 1.0, 0.8931827098594374, 0.9880834676969075, 0.9844208172305436, 0.9999143984708327, 0.9520529936410197, 0.9938596961534135, 0.9246928197438959, 0.8437115610246033, 0.15029675345372717, 0.9956413416612514, 0.8518991867116107, -0.4314859493594391, 0.363311133440311, 0.8630391055435434, 0.9156993356088338, 0.9412827544407917, 0.9129695565537382, 0.8047341227950059, 0.8928028065843528, 0.8724543069201008, 0.8139203266577173, 0.896187038177834, 0.9424261802317313, 0.7802685685694257], [0.9259241525684829, 0.9266573436478042, 0.9259241525684829, 0.9189158861792441, 0.9189158861792441, 0.8940451557840497, 0.8940451557840497, 0.8576844629227792, 0.8576844629227792, 0.9999757545916179, 0.8931827098594374, 1.0, 0.8734990123615239, 0.8375848750255501, 0.8947169236725168, 0.8960132651143697, 0.9098173960082089, 0.8804693921408112, 0.7079294797852891, 0.0037589741863348807, 0.9061495624163908, 0.5853600618284583, -0.21802116095460003, -0.23691130789702636, 0.8597257716980934, 0.8259288878168687, 0.8397171811823488, 0.8606100803315138, 0.7768496493639714, 0.7386161377565653, 0.7780619144239784, 0.7141378143420641, 0.8562281637239911, 0.7564102988009278, 0.7291689820657351], [0.992710973379183, 0.9924454759770525, 0.992710973379183, 0.9883659502185282, 0.9883659502185282, 0.9763291870284647, 0.9763291870284647, 0.9475327931230773, 0.9475327931230773, 0.8734805411627323, 0.9880834676969075, 0.8734990123615239, 1.0, 0.9996899318068561, 0.9880109057596749, 0.9745536845112666, 0.9898518987391439, 0.9206121956817878, 0.8114330807053175, 0.18897104458677427, 0.9856468763069346, 0.8760812367480502, -0.6147941026015279, 0.4411455387398076, 0.8440769820785959, 0.9289468000715347, 0.9578800172455763, 0.9074720932967946, 0.7284961411294311, 0.8929338029211695, 0.8525622279125689, 0.805470507869625, 0.8773250557579844, 0.9629523674509165, 0.8160322341255185], [0.9923224229688773, 0.9917412425610194, 0.9923224229688773, 0.9841686771286624, 0.9841686771286624, 0.9750119368619438, 0.9750119368619438, 0.9426843110140037, 0.9426843110140037, 0.8376869384971618, 0.9844208172305436, 0.8375848750255501, 0.9996899318068561, 1.0, 0.984512649968878, 0.9721550807023791, 0.9881444052117648, 0.9080384449627044, 0.8300892706133953, 0.0682426982280483, 0.9799282462177875, 0.8849462199082222, -0.8233797410499375, 0.48794018369675407, 0.80106027957974, 0.934422739867785, 0.9556162059368809, 0.893913452426209, 0.6447379708960754, 0.9033431349591559, 0.8393269792301439, 0.7566650078499896, 0.9099159604081535, 0.9652959714844876, 0.7851016955771752], [0.9949754397035396, 0.9949487716087305, 0.9949754397035396, 0.9994107182174057, 0.9994107182174057, 0.951364296523429, 0.951364296523429, 0.9383457664567437, 0.9383457664567437, 0.8946645768768279, 0.9999143984708327, 0.8947169236725168, 0.9880109057596749, 0.984512649968878, 1.0, 0.9518338565888512, 0.9938500882855092, 0.9250224573475869, 0.8446694013967005, 0.15071891598006176, 0.9955095570155379, 0.8511079480182661, -0.4278905193114209, 0.36245191274244626, 0.863127920905482, 0.9139281876915046, 0.9401911060932392, 0.9133803239575267, 0.8059393142444622, 0.8920634967889731, 0.873509802591722, 0.815021625319976, 0.8958787384024361, 0.9421784745121645, 0.7803541624491839], [0.9718994131552212, 0.9711496650497796, 0.9718994131552212, 0.954374740610496, 0.954374740610496, 0.9989902982921472, 0.9989902982921472, 0.9250890259461517, 0.9250890259461517, 0.8831262922356239, 0.9520529936410197, 0.8960132651143697, 0.9745536845112666, 0.9721550807023791, 0.9518338565888512, 1.0, 0.9737785929363564, 0.9193549230324309, 0.6762618449811624, -0.01000886674905232, 0.9437157522157876, 0.5786879213841493, -0.35031362093057716, -0.1611509639862851, 0.9071633282859691, 0.9192014270478921, 0.9206713515582332, 0.904072050570126, 0.7690087781986606, 0.8347108027084521, 0.7752806501617862, 0.772899584630919, 0.8709776265912804, 0.844252183666256, 0.7877117655345498], [0.998895079472605, 0.9988967677563138, 0.998895079472605, 0.994777534379465, 0.994777534379465, 0.9722052234289246, 0.9722052234289246, 0.9407105179877577, 0.9407105179877577, 0.9044865736121337, 0.9938596961534135, 0.9098173960082089, 0.9898518987391439, 0.9881444052117648, 0.9938500882855092, 0.9737785929363564, 1.0, 0.941476613031709, 0.8498865355424986, 0.15093116708831772, 0.9868435960795306, 0.8212479277938675, -0.41135818225963383, 0.3761718174587285, 0.8972176419954209, 0.9283753764676512, 0.9451466180360748, 0.9374072086737436, 0.825043716997952, 0.8809956237777182, 0.8989979739555621, 0.8445466712333528, 0.908035147316856, 0.9471266155869844, 0.8364164443902689], [0.9262068407096977, 0.9267562768895571, 0.9262068407096977, 0.9070877943862646, 0.9070877943862646, 0.9196889280610286, 0.9196889280610286, 0.9726157169136632, 0.9726157169136632, 0.8854079799649444, 0.9246928197438959, 0.8804693921408112, 0.9206121956817878, 0.9080384449627044, 0.9250224573475869, 0.9193549230324309, 0.941476613031709, 1.0, 0.72923582151616, 0.01193411348179118, 0.8701760041335905, 0.5115754675313205, -0.13653604397181, -0.20200845433394882, 0.8229445553787718, 0.8311825161169004, 0.8294053946156374, 0.9123710365293767, 0.830322415146126, 0.7968448054634514, 0.743393520734535, 0.7017060920150063, 0.837358996622309, 0.7650835118129818, 0.8466922330294646], [0.7835333898790618, 0.8039193328118568, 0.7835333898790618, 0.76276246076899, 0.76276246076899, 0.6276954922719551, 0.6276954922719551, 0.563152492069032, 0.563152492069032, 0.7620885916099973, 0.8437115610246033, 0.7079294797852891, 0.8114330807053175, 0.8300892706133953, 0.8446694013967005, 0.6762618449811624, 0.8498865355424986, 0.72923582151616, 1.0, 0.057813512151120204, 0.7252616792018117, -0.43248540173087546, 0.37909959092422113, -0.6615679845383308, 0.33485042901591444, 0.7972395690661335, 0.48563858435680163, 0.8302634985426411, 0.6820473029980182, 0.04708172247124892, 0.28037876382543725, 0.5584384696685164, 0.7766058946158257, 0.4525955887453216, -0.1695761108086682], [-0.08565860252324503, 0.12255287254744994, -0.08565860252324503, -0.09157906441707973, -0.09157906441707973, -0.029425386280846046, -0.029425386280846046, 0.09107158041742881, 0.09107158041742881, 0.23596493324409643, 0.15029675345372717, 0.0037589741863348807, 0.18897104458677427, 0.0682426982280483, 0.15071891598006176, -0.01000886674905232, 0.15093116708831772, 0.01193411348179118, 0.057813512151120204, 1.0, -0.05200890908177095, 0.13446559225282212, 0.12207189838586792, 0.7522191155092093, -0.07833100424147234, 0.0352610921465168, 0.029422601395776047, 0.1949509758159996, 0.03374401936397296, 0.11218887838340812, 0.3824991101565822, 0.5870649907133376, -0.08418567948329421, 0.14104545514286604, 0.17242037314225442], [0.9768266452962131, 0.9678479438461565, 0.9768266452962131, 0.9887609594625169, 0.9887609594625169, 0.9330403353667672, 0.9330403353667672, 0.8407781478194312, 0.8407781478194312, 0.8857372503401063, 0.9956413416612514, 0.9061495624163908, 0.9856468763069346, 0.9799282462177875, 0.9955095570155379, 0.9437157522157876, 0.9868435960795306, 0.8701760041335905, 0.7252616792018117, -0.05200890908177095, 1.0, -0.002807742047508566, -0.10862443483708657, -0.31449382671892673, 0.6852517980231495, 0.9253908685288724, 0.8944990095696389, 0.8599266903330319, 0.7503259032894207, 0.5093116970235946, 0.5715795464285012, 0.5414551646869171, 0.9005347858436642, 0.6380664927621554, 0.1603600702673662], [0.06831358703685073, -0.09791295464340677, 0.06831358703685073, 0.0885308864398308, 0.0885308864398308, 0.24925941616303993, 0.24925941616303993, 0.501264163278261, 0.501264163278261, 0.7472607604342965, 0.8518991867116107, 0.5853600618284583, 0.8760812367480502, 0.8849462199082222, 0.8511079480182661, 0.5786879213841493, 0.8212479277938675, 0.5115754675313205, -0.43248540173087546, 0.13446559225282212, -0.002807742047508566, 1.0, -0.42630224602493755, 0.7730716506868502, 0.3620174860747449, -0.04846430157128035, 0.25514713079577167, -0.15627871869711316, 0.02173542784815104, 0.5599371395999215, 0.44832579291811014, 0.18109409638298848, -0.07895122155525265, 0.3566363779452197, 0.46377041162050314], [-0.014627230664079009, -0.006008537089562104, -0.014627230664079009, -0.0462741845684752, -0.0462741845684752, -0.21764007662547866, -0.21764007662547866, -0.24257444523821617, -0.24257444523821617, -0.2999526845006384, -0.4314859493594391, -0.21802116095460003, -0.6147941026015279, -0.8233797410499375, -0.4278905193114209, -0.35031362093057716, -0.41135818225963383, -0.13653604397181, 0.37909959092422113, 0.12207189838586792, -0.10862443483708657, -0.42630224602493755, 1.0, -0.045260370750239, -0.1324521194601456, -0.05810321819630448, -0.24971069607698798, 0.014578798220479255, -0.022111220488191335, -0.5375850100433074, -0.1594724692941721, 0.00180460711518032, 0.02450140150018327, -0.1610023456810809, -0.40092539154720946], [-0.25231620483423584, -0.2525638759466513, -0.25231620483423584, -0.25571021018912427, -0.25571021018912427, -0.10773658280496821, -0.10773658280496821, 0.03355207290739735, 0.03355207290739735, 0.39681908740744204, 0.363311133440311, -0.23691130789702636, 0.4411455387398076, 0.48794018369675407, 0.36245191274244626, -0.1611509639862851, 0.3761718174587285, -0.20200845433394882, -0.6615679845383308, 0.7522191155092093, -0.31449382671892673, 0.7730716506868502, -0.045260370750239, 1.0, -0.09945954209781141, -0.2989401328362846, -0.05221272946327079, -0.35023805131428165, -0.3272728043165883, 0.10276450286894631, 0.17830947112925943, 0.27196122547097645, -0.38277396826215376, 0.13837144296604742, 0.10361560629068987], [0.8233338815907524, 0.64804486633722, 0.8233338815907524, 0.8229336181190364, 0.8229336181190364, 0.8942987126293869, 0.8942987126293869, 0.7847202311183327, 0.7847202311183327, 0.8506563811255322, 0.8630391055435434, 0.8597257716980934, 0.8440769820785959, 0.80106027957974, 0.863127920905482, 0.9071633282859691, 0.8972176419954209, 0.8229445553787718, 0.33485042901591444, -0.07833100424147234, 0.6852517980231495, 0.3620174860747449, -0.1324521194601456, -0.09945954209781141, 1.0, 0.6098641343981239, 0.8428658815473399, 0.4811740652161581, 0.615705703600584, 0.5309959264462185, 0.6463758351453829, 0.41674355412392095, 0.6972824423405894, 0.6985715444511958, 0.41044356352355343], [0.9491649936568963, 0.949366133954181, 0.9491649936568963, 0.942179879549427, 0.942179879549427, 0.9084217763720839, 0.9084217763720839, 0.80206068151079, 0.80206068151079, 0.7786059659585054, 0.9156993356088338, 0.8259288878168687, 0.9289468000715347, 0.934422739867785, 0.9139281876915046, 0.9192014270478921, 0.9283753764676512, 0.8311825161169004, 0.7972395690661335, 0.0352610921465168, 0.9253908685288724, -0.04846430157128035, -0.05810321819630448, -0.2989401328362846, 0.6098641343981239, 1.0, 0.831264006472819, 0.8566617300527753, 0.7092065868255599, 0.363430163213352, 0.4937811911178321, 0.5979262984510101, 0.8990560881665562, 0.6233790274730817, 0.060593347683852106], [0.9057175977708065, 0.8778231784038923, 0.9057175977708065, 0.9108508491279672, 0.9108508491279672, 0.9253443322236616, 0.9253443322236616, 0.8623895132358838, 0.8623895132358838, 0.8585059383735892, 0.9412827544407917, 0.8397171811823488, 0.9578800172455763, 0.9556162059368809, 0.9401911060932392, 0.9206713515582332, 0.9451466180360748, 0.8294053946156374, 0.48563858435680163, 0.029422601395776047, 0.8944990095696389, 0.25514713079577167, -0.24971069607698798, -0.05221272946327079, 0.8428658815473399, 0.831264006472819, 1.0, 0.7354135629047032, 0.5847185270084199, 0.54805298907062, 0.5772598324217205, 0.5294054457613987, 0.8018178202402598, 0.8179955272802819, 0.2067162538373188], [0.9280462606365679, 0.9225160774443256, 0.9280462606365679, 0.9174227842352981, 0.9174227842352981, 0.8958788888125951, 0.8958788888125951, 0.8423950349316381, 0.8423950349316381, 0.8411186284493817, 0.9129695565537382, 0.8606100803315138, 0.9074720932967946, 0.893913452426209, 0.9133803239575267, 0.904072050570126, 0.9374072086737436, 0.9123710365293767, 0.8302634985426411, 0.1949509758159996, 0.8599266903330319, -0.15627871869711316, 0.014578798220479255, -0.35023805131428165, 0.4811740652161581, 0.8566617300527753, 0.7354135629047032, 1.0, 0.9015561205670444, 0.5066762085459718, 0.6712833724487125, 0.6639480507035781, 0.871400518097474, 0.4770162803312877, 0.289795466366218], [0.7703572003917917, 0.7831103620888816, 0.7703572003917917, 0.7817670735345624, 0.7817670735345624, 0.7289423538714257, 0.7289423538714257, 0.7419419631683836, 0.7419419631683836, 0.7340077322993629, 0.8047341227950059, 0.7768496493639714, 0.7284961411294311, 0.6447379708960754, 0.8059393142444622, 0.7690087781986606, 0.825043716997952, 0.830322415146126, 0.6820473029980182, 0.03374401936397296, 0.7503259032894207, 0.02173542784815104, -0.022111220488191335, -0.3272728043165883, 0.615705703600584, 0.7092065868255599, 0.5847185270084199, 0.9015561205670444, 1.0, 0.5494679494230688, 0.6534919366965813, 0.6046505969195328, 0.71578433072479, 0.5590366013590712, 0.4702225354499961], [0.4861497166054444, 0.47674186270270086, 0.4861497166054444, 0.5130319679394604, 0.5130319679394604, 0.7091559182491027, 0.7091559182491027, 0.869234907416748, 0.869234907416748, 0.7370523429573066, 0.8928028065843528, 0.7386161377565653, 0.8929338029211695, 0.9033431349591559, 0.8920634967889731, 0.8347108027084521, 0.8809956237777182, 0.7968448054634514, 0.04708172247124892, 0.11218887838340812, 0.5093116970235946, 0.5599371395999215, -0.5375850100433074, 0.10276450286894631, 0.5309959264462185, 0.363430163213352, 0.54805298907062, 0.5066762085459718, 0.5494679494230688, 1.0, 0.7330801840326192, 0.3700858621727039, 0.44163647890359053, 0.5333863372167211, 0.782706641889949], [0.6137745724047483, 0.6103464432653435, 0.6137745724047483, 0.608284378748937, 0.608284378748937, 0.7255412217648642, 0.7255412217648642, 0.7690913941678038, 0.7690913941678038, 0.804816284623271, 0.8724543069201008, 0.7780619144239784, 0.8525622279125689, 0.8393269792301439, 0.873509802591722, 0.7752806501617862, 0.8989979739555621, 0.743393520734535, 0.28037876382543725, 0.3824991101565822, 0.5715795464285012, 0.44832579291811014, -0.1594724692941721, 0.17830947112925943, 0.6463758351453829, 0.4937811911178321, 0.5772598324217205, 0.6712833724487125, 0.6534919366965813, 0.7330801840326192, 1.0, 0.7777819614993404, 0.4676378727443732, 0.7151112508049594, 0.5475219304720504], [0.6397553005531709, 0.6672999824135181, 0.6397553005531709, 0.6138668898555705, 0.6138668898555705, 0.7153633645881275, 0.7153633645881275, 0.7197084664293661, 0.7197084664293661, 0.7857342362721108, 0.8139203266577173, 0.7141378143420641, 0.805470507869625, 0.7566650078499896, 0.815021625319976, 0.772899584630919, 0.8445466712333528, 0.7017060920150063, 0.5584384696685164, 0.5870649907133376, 0.5414551646869171, 0.18109409638298848, 0.00180460711518032, 0.27196122547097645, 0.41674355412392095, 0.5979262984510101, 0.5294054457613987, 0.6639480507035781, 0.6046505969195328, 0.3700858621727039, 0.7777819614993404, 1.0, 0.4849185794218302, 0.6643323702784144, 0.19527046236694], [0.9288667774357114, 0.9259048960878926, 0.9288667774357114, 0.922163112450379, 0.922163112450379, 0.8472699296965283, 0.8472699296965283, 0.7727334902493225, 0.7727334902493225, 0.8209429820295591, 0.896187038177834, 0.8562281637239911, 0.8773250557579844, 0.9099159604081535, 0.8958787384024361, 0.8709776265912804, 0.908035147316856, 0.837358996622309, 0.7766058946158257, -0.08418567948329421, 0.9005347858436642, -0.07895122155525265, 0.02450140150018327, -0.38277396826215376, 0.6972824423405894, 0.8990560881665562, 0.8018178202402598, 0.871400518097474, 0.71578433072479, 0.44163647890359053, 0.4676378727443732, 0.4849185794218302, 1.0, 0.7088637246693548, 0.15793552931147714], [0.8129691789168657, 0.6604481340067329, 0.8129691789168657, 0.8028468163066483, 0.8028468163066483, 0.8473415225860369, 0.8473415225860369, 0.8350083380471927, 0.8350083380471927, 0.8641714864706089, 0.9424261802317313, 0.7564102988009278, 0.9629523674509165, 0.9652959714844876, 0.9421784745121645, 0.844252183666256, 0.9471266155869844, 0.7650835118129818, 0.4525955887453216, 0.14104545514286604, 0.6380664927621554, 0.3566363779452197, -0.1610023456810809, 0.13837144296604742, 0.6985715444511958, 0.6233790274730817, 0.8179955272802819, 0.4770162803312877, 0.5590366013590712, 0.5333863372167211, 0.7151112508049594, 0.6643323702784144, 0.7088637246693548, 1.0, 0.16686881024687636], [0.16950929020849537, 0.1657442681776724, 0.16950929020849537, 0.18178362825373293, 0.18178362825373293, 0.46054956688045473, 0.46054956688045473, 0.799335852268171, 0.799335852268171, 0.7684387878574522, 0.7802685685694257, 0.7291689820657351, 0.8160322341255185, 0.7851016955771752, 0.7803541624491839, 0.7877117655345498, 0.8364164443902689, 0.8466922330294646, -0.1695761108086682, 0.17242037314225442, 0.1603600702673662, 0.46377041162050314, -0.40092539154720946, 0.10361560629068987, 0.41044356352355343, 0.060593347683852106, 0.2067162538373188, 0.289795466366218, 0.4702225354499961, 0.782706641889949, 0.5475219304720504, 0.19527046236694, 0.15793552931147714, 0.16686881024687636, 1.0]], "x": ["^TAIEX       \u81fa\u7063\u52a0\u6b0a\u5831\u916c\u6307\u6578", "^TWII        \u81fa\u7063\u52a0\u6b0a\u6307\u6578", "^TAIEXx2     \u81fa\u7063\u52a0\u6b0a\u5831\u916c\u6307\u6578_\u65e5\u6b632", "^TAI50I      \u81fa\u706350\u5831\u916c\u6307\u6578", "^TAI50Ix2    \u81fa\u706350\u5831\u916c\u6307\u6578_\u65e5\u6b632", "^TAI100I     \u81fa\u7063\u4e2d\u578b100\u5831\u916c\u6307\u6578", "^TAI100Ix2   \u81fa\u7063\u4e2d\u578b100\u5831\u916c\u6307\u6578_\u65e5\u6b632", "^TAIDIVIDI   \u81fa\u7063\u9ad8\u80a1\u606f\u5831\u916c\u6307\u6578", "^TAIDIVIDIx2 \u81fa\u7063\u9ad8\u80a1\u606f\u5831\u916c\u6307\u6578_\u65e5\u6b632", "0050Fund     \u5143\u5927\u53f0\u7063\u5353\u8d8a50\u57fa\u91d1", "006208Fund   \u5bcc\u90a6\u53f0\u7063\u91c6\u540950\u57fa\u91d1", "0050         \u5143\u5927\u81fa\u706350", "00631L       \u5143\u5927\u53f0\u706350\u6b632", "00675L       \u5bcc\u90a6\u81fa\u7063\u52a0\u6b0a\u6b632", "006208       \u5bcc\u90a6\u53f050", "0051         \u5143\u5927\u4e2d\u578b100", "006204       \u6c38\u8c50\u81fa\u7063\u52a0\u6b0a", "0056         \u5143\u5927\u9ad8\u80a1\u606f", "2412         \u4e2d\u83ef\u96fb\u4fe1", "2002         \u4e2d\u92fc", "2330         \u53f0\u7a4d\u96fb", "2317         \u9d3b\u6d77", "6505         \u53f0\u5851\u77f3\u5316", "3481         \u7fa4\u5275", "2303         \u806f\u96fb", "2308         \u53f0\u9054\u96fb", "2454         \u806f\u767c\u79d1", "2886         \u5146\u8c50\u91d1", "2884         \u7389\u5c71\u91d1", "2891         \u4e2d\u4fe1\u91d1", "2892         \u7b2c\u4e00\u91d1", "5880         \u5408\u5eab\u91d1", "2881         \u5bcc\u90a6\u91d1", "2885         \u5143\u5927\u91d1", "2887         \u53f0\u65b0\u91d1"], "y": ["^TAIEX       \u81fa\u7063\u52a0\u6b0a\u5831\u916c\u6307\u6578", "^TWII        \u81fa\u7063\u52a0\u6b0a\u6307\u6578", "^TAIEXx2     \u81fa\u7063\u52a0\u6b0a\u5831\u916c\u6307\u6578_\u65e5\u6b632", "^TAI50I      \u81fa\u706350\u5831\u916c\u6307\u6578", "^TAI50Ix2    \u81fa\u706350\u5831\u916c\u6307\u6578_\u65e5\u6b632", "^TAI100I     \u81fa\u7063\u4e2d\u578b100\u5831\u916c\u6307\u6578", "^TAI100Ix2   \u81fa\u7063\u4e2d\u578b100\u5831\u916c\u6307\u6578_\u65e5\u6b632", "^TAIDIVIDI   \u81fa\u7063\u9ad8\u80a1\u606f\u5831\u916c\u6307\u6578", "^TAIDIVIDIx2 \u81fa\u7063\u9ad8\u80a1\u606f\u5831\u916c\u6307\u6578_\u65e5\u6b632", "0050Fund     \u5143\u5927\u53f0\u7063\u5353\u8d8a50\u57fa\u91d1", "006208Fund   \u5bcc\u90a6\u53f0\u7063\u91c6\u540950\u57fa\u91d1", "0050         \u5143\u5927\u81fa\u706350", "00631L       \u5143\u5927\u53f0\u706350\u6b632", "00675L       \u5bcc\u90a6\u81fa\u7063\u52a0\u6b0a\u6b632", "006208       \u5bcc\u90a6\u53f050", "0051         \u5143\u5927\u4e2d\u578b100", "006204       \u6c38\u8c50\u81fa\u7063\u52a0\u6b0a", "0056         \u5143\u5927\u9ad8\u80a1\u606f", "2412         \u4e2d\u83ef\u96fb\u4fe1", "2002         \u4e2d\u92fc", "2330         \u53f0\u7a4d\u96fb", "2317         \u9d3b\u6d77", "6505         \u53f0\u5851\u77f3\u5316", "3481         \u7fa4\u5275", "2303         \u806f\u96fb", "2308         \u53f0\u9054\u96fb", "2454         \u806f\u767c\u79d1", "2886         \u5146\u8c50\u91d1", "2884         \u7389\u5c71\u91d1", "2891         \u4e2d\u4fe1\u91d1", "2892         \u7b2c\u4e00\u91d1", "5880         \u5408\u5eab\u91d1", "2881         \u5bcc\u90a6\u91d1", "2885         \u5143\u5927\u91d1", "2887         \u53f0\u65b0\u91d1"], "zmin": -1, "zmax": 1, "colorbar": {"x": -0.2}}], "layout": {"autotypenumbers": "strict", "colorway": ["#636efa", "#EF553B", "#00cc96", "#ab63fa", "#FFA15A", "#19d3f3", "#FF6692", "#B6E880", "#FF97FF", "#FECB52"], "font": {"color": "#f2f5fa", "family": "Courier New"}, "hovermode": "closest", "hoverlabel": {"align": "left"}, "paper_bgcolor": "rgb(17,17,17)", "plot_bgcolor": "rgb(17,17,17)", "polar": {"bgcolor": "rgb(17,17,17)", "angularaxis": {"gridcolor": "#506784", "linecolor": "#506784", "ticks": ""}, "radialaxis": {"gridcolor": "#506784", "linecolor": "#506784", "ticks": ""}}, "ternary": {"bgcolor": "rgb(17,17,17)", "aaxis": {"gridcolor": "#506784", "linecolor": "#506784", "ticks": ""}, "baxis": {"gridcolor": "#506784", "linecolor": "#506784", "ticks": ""}, "caxis": {"gridcolor": "#506784", "linecolor": "#506784", "ticks": ""}}, "coloraxis": {"colorbar": {"outlinewidth": 0, "ticks": ""}}, "colorscale": {"sequential": [[0.0, "#0d0887"], [0.1111111111111111, "#46039f"], [0.2222222222222222, "#7201a8"], [0.3333333333333333, "#9c179e"], [0.4444444444444444, "#bd3786"], [0.5555555555555556, "#d8576b"], [0.6666666666666666, "#ed7953"], [0.7777777777777778, "#fb9f3a"], [0.8888888888888888, "#fdca26"], [1.0, "#f0f921"]], "sequentialminus": [[0.0, "#0d0887"], [0.1111111111111111, "#46039f"], [0.2222222222222222, "#7201a8"], [0.3333333333333333, "#9c179e"], [0.4444444444444444, "#bd3786"], [0.5555555555555556, "#d8576b"], [0.6666666666666666, "#ed7953"], [0.7777777777777778, "#fb9f3a"], [0.8888888888888888, "#fdca26"], [1.0, "#f0f921"]], "diverging": [[0, "#8e0152"], [0.1, "#c51b7d"], [0.2, "#de77ae"], [0.3, "#f1b6da"], [0.4, "#fde0ef"], [0.5, "#f7f7f7"], [0.6, "#e6f5d0"], [0.7, "#b8e186"], [0.8, "#7fbc41"], [0.9, "#4d9221"], [1, "#276419"]]}, "xaxis": {"gridcolor": "rgba(0, 0, 0, 0)", "linecolor": "#506784", "ticks": "", "title": {"standoff": 15}, "zerolinecolor": "#283442", "automargin": true, "zerolinewidth": 2, "tickfont": {"family": "Courier New", "size": 14}, "side": "top", "tickangle": -90}, "yaxis": {"gridcolor": "rgba(0, 0, 0, 0)", "linecolor": "#506784", "ticks": "", "title": {"standoff": 15}, "zerolinecolor": "#283442", "automargin": true, "zerolinewidth": 2, "tickfont": {"family": "Courier New"}, "side": "right"}, "scene": {"xaxis": {"backgroundcolor": "rgb(17,17,17)", "gridcolor": "#506784", "linecolor": "#506784", "showbackground": true, "ticks": "", "zerolinecolor": "#C8D4E3", "gridwidth": 2}, "yaxis": {"backgroundcolor": "rgb(17,17,17)", "gridcolor": "#506784", "linecolor": "#506784", "showbackground": true, "ticks": "", "zerolinecolor": "#C8D4E3", "gridwidth": 2}, "zaxis": {"backgroundcolor": "rgb(17,17,17)", "gridcolor": "#506784", "linecolor": "#506784", "showbackground": true, "ticks": "", "zerolinecolor": "#C8D4E3", "gridwidth": 2}}, "shapedefaults": {"line": {"color": "#f2f5fa"}}, "annotationdefaults": {"arrowcolor": "#f2f5fa", "arrowhead": 0, "arrowwidth": 1}, "geo": {"bgcolor": "rgb(17,17,17)", "landcolor": "rgb(17,17,17)", "subunitcolor": "#506784", "showland": true, "showlakes": true, "lakecolor": "rgb(17,17,17)"}, "title": {"x": 0.05, "font": {"family": "Times New Roman"}, "y": 0.05, "text": "<b>Correlation of Close<b><br><i>2016-09-23 ~ 2025-08-14<i>"}, "updatemenudefaults": {"bgcolor": "#506784", "borderwidth": 0}, "sliderdefaults": {"bgcolor": "#C8D4E3", "borderwidth": 1, "bordercolor": "rgb(17,17,17)", "tickwidth": 0}, "mapbox": {"style": "dark"}, "annotations": [{"text": "<b>@zwindr<b>", "textangle": 0, "opacity": 0.5, "font": {"color": "white", "size": 12}, "xref": "paper", "yref": "paper", "xanchor": "left", "yanchor": "bottom", "x": 1.0, "y": 1.0, "showarrow": false}]}, "config": {"responsive": true, "toImageButtonOptions": {"filename": "Correlation of Close_2016-09-23~2025-08-14", "scale": 5}}};

    Plotly.newPlot("correlationClose",
        correlationClose.data,
        correlationClose.layout || {},
        correlationClose.config);
} else {
    // The element with the specified ID does not exist
    console.log("style display is none => correlationClose");
}