var element=document.getElementById("correlationAdjClose");if(element.style.display!='none'){var correlationAdjClose={"data":[{"type":"heatmap","z":[[1.0,0.99564926295565,0.9693786850163585,0.9966471844490188,0.9426935018335395,0.9857245087786322,0.9592705180361535,0.9857891938168951,0.9773696765455394,0.996795636083227,0.9963576255468392,0.9967813560266205,0.9899110003888225,0.9912670647180993,0.9964680508648064,0.986831606196659,0.9997408148910888,0.9853374601312046,0.8934821011964463,0.9113192205618219,0.6563055255755165,0.9839631718107911,0.9414205434960173,0.32456710922128806,-0.2776463364857752,0.9044369441622206,0.9179335723785426,0.9647361990600022,0.9679259835829221,0.9617757561018594,0.9816275295308561,0.9645060755449166,0.9300484290140731,0.982124658975507,0.9783342428923371,0.9598183345816487],[0.99564926295565,1.0,0.9677580141301524,0.992456137215043,0.9412469712393596,0.9821603373565775,0.9564414293208396,0.9779508119624027,0.9719354480018033,0.9936336135090931,0.9953140417697475,0.9948997039184504,0.9901505121519945,0.9906808131101648,0.9953918338502197,0.9823092889324129,0.9977265330450054,0.979649516690126,0.9105312118301474,0.9012614761006958,0.6791493068048892,0.971176831223302,0.9255063847614232,0.3230568367138007,-0.21298668328850268,0.8850490866531153,0.9152269014440947,0.9641728124603297,0.9498166176206084,0.9501935831544865,0.974023524782042,0.9510906420706614,0.9289698847260895,0.9732550517943231,0.9708416929666157,0.9551500845193106],[0.9693786850163585,0.9677580141301524,1.0,0.9821524259788634,0.993588386164321,0.9640172316293704,0.9777439424013961,0.939693980168688,0.966242697418268,0.9819803871394898,0.9887163353638383,0.9854616432027259,0.9972484048928896,0.9970849548801686,0.9883814282250051,0.9611527439126547,0.9803632955981856,0.9387378857466936,0.8337255725069845,0.7991539601101364,0.5061289369797225,0.9916199296720128,0.930940006457184,0.1490851617979124,-0.1938332412494153,0.8735532978281213,0.9541397157700459,0.9629630192676775,0.887263493059901,0.8887286688082823,0.963607395671789,0.8863718437258495,0.8520830927906069,0.94707532260358,0.9675298170050434,0.9118714578334259],[0.9966471844490188,0.992456137215043,0.9821524259788634,1.0,0.9634099463666899,0.9769769586647605,0.9585141405499533,0.9740349053888762,0.9723271810637311,0.9999749312307264,0.9999932701317701,0.9999679896972311,0.9934274105701565,0.9928180686148851,0.999957854899895,0.9754230514292742,0.9958907906495137,0.97315128748859,0.8720423054955868,0.8885540684481953,0.6124209978637501,0.9942190040984598,0.9448315402782003,0.2876608225963901,-0.26318254349357734,0.8935970116851752,0.9356659369394096,0.9666511189878317,0.9501321956474045,0.9512216578963328,0.9832750548788998,0.9472692407410005,0.9088399304205508,0.9762820474345195,0.9764725683795704,0.9479156243384942],[0.9426935018335395,0.9412469712393596,0.993588386164321,0.9634099463666899,1.0,0.9295989153775343,0.9534788242736181,0.9020351636432573,0.9361039655239533,0.9636527490632038,0.9733994603487219,0.9692829892175094,0.9830099729605484,0.9812779700839144,0.9728214246314143,0.9254374704802611,0.9554348761434686,0.900623865608329,0.7871949752557093,0.755382988946148,0.4464522525784528,0.9809197832190262,0.9147612861950618,0.11061230999458584,-0.1766655163365241,0.8308032037713307,0.963659001437727,0.9386235933957208,0.8419137466415272,0.8517793150175005,0.9429896717243922,0.8423716358484937,0.8003103550628281,0.916347664647179,0.9412750113977726,0.8730537207021702],[0.9857245087786322,0.9821603373565775,0.9640172316293704,0.9769769586647605,0.9295989153775343,1.0,0.982981986123875,0.9823049604331574,0.9847447435879692,0.9765167281479666,0.970888578652395,0.9744515655895594,0.9672154209974874,0.9647562244790767,0.9709546219974886,0.9999105049048194,0.9878232127403852,0.9830509044635958,0.8997434236744735,0.8714337699542711,0.6269155021186162,0.9673522631585109,0.9162577116999768,0.20828289183035686,-0.207665535824578,0.9352202288054002,0.8905413163635411,0.9685796656279131,0.9545714702667415,0.936378173633437,0.9629409088673836,0.9524196188213483,0.9437848398588413,0.9656320989058865,0.9816966291043672,0.9623116053315196],[0.9592705180361535,0.9564414293208396,0.9777439424013961,0.9585141405499533,0.9534788242736181,0.982981986123875,1.0,0.9516714187319929,0.9837773365113192,0.9574035350755222,0.9661972813061055,0.9631879827414674,0.977896436313784,0.9777187494280968,0.9660105037383409,0.9841050385629114,0.9758767868621299,0.9537155628545096,0.8590409791180276,0.790180885764559,0.5120068040261634,0.961858735366469,0.9181389780087176,0.07152779167916057,-0.1466931217813014,0.8960447601233736,0.9051827639244637,0.9639695759249595,0.8945644102385646,0.873668795748045,0.9472285024129665,0.8922265054410256,0.8883573196731143,0.937994593537011,0.9731969155270258,0.9205197037034618],[0.9857891938168951,0.9779508119624027,0.939693980168688,0.9740349053888762,0.9020351636432573,0.9823049604331574,0.9516714187319929,1.0,0.9840567849212954,0.9740157806300651,0.9683588681341999,0.9727064995014407,0.9525600454921939,0.9507014010555875,0.9686887432381758,0.984114160323245,0.9825626974393572,0.999891208029259,0.9293996044804423,0.9313906785682045,0.6029648159721769,0.9582297484185,0.9074011649879045,0.18482933384967276,-0.2979304948270258,0.9133382133997231,0.8508561623050814,0.9481785723489357,0.9784353897702599,0.9600474870518065,0.9673050381944949,0.9673930412697311,0.9367833985299243,0.9665312281125111,0.9607668703482888,0.9703079883484478],[0.9773696765455394,0.9719354480018033,0.966242697418268,0.9723271810637311,0.9361039655239533,0.9847447435879692,0.9837773365113192,0.9840567849212954,1.0,0.9716990106316463,0.9670342443431141,0.9703271761270431,0.9630043867853844,0.9588326288626942,0.967065774577775,0.983929968278316,0.9764057164680764,0.9834193166456418,0.9020956833307282,0.8657625087656708,0.5167333631774391,0.9673028734617696,0.9271376621790693,0.04557536146535502,-0.2200485445127132,0.8928788452465206,0.8726634008134942,0.9688593220392271,0.935933184409883,0.9112143203091813,0.9661183023224602,0.9250507882358536,0.9004145833660885,0.9577807694098356,0.9760971136505004,0.9362571073097021],[0.996795636083227,0.9936336135090931,0.9819803871394898,0.9999749312307264,0.9636527490632038,0.9765167281479666,0.9574035350755222,0.9740157806300651,0.9716990106316463,1.0,0.9999922333517364,0.9999845650372602,0.9933986391639057,0.9927891290411148,0.9999610131132232,0.9749655575255639,0.9957814304917064,0.9732200876790188,0.8736460449600455,0.8898236431417624,0.608068099287484,0.9944253060566953,0.9449961519167104,0.29238209219148215,-0.2626531895925261,0.8939470677340281,0.9342632600959982,0.9654178139555212,0.9497242795108882,0.950344125402096,0.9825460359338131,0.9466053531220127,0.9074509758117038,0.9755259946824151,0.9756553069059936,0.9467351565861633],[0.9963576255468392,0.9953140417697475,0.9887163353638383,0.9999932701317701,0.9733994603487219,0.970888578652395,0.9661972813061055,0.9683588681341999,0.9670342443431141,0.9999922333517364,1.0,0.9999772558400262,0.9934730872217844,0.9928444437396158,0.9999632241950732,0.9704118866352552,0.9955985956855713,0.9686684093281956,0.8910147707993132,0.918397129646388,0.4661006528327318,0.9973977826822614,0.9341112709302405,-0.18834005060400388,0.44586770970578365,0.8867839122328989,0.9128048606809492,0.9655199559749471,0.9367685834103743,0.9332948161662652,0.9763302874153436,0.9246029867716679,0.8772194169846663,0.9664673416887839,0.9828923528954578,0.9437323046459197],[0.9967813560266205,0.9948997039184504,0.9854616432027259,0.9999679896972311,0.9692829892175094,0.9744515655895594,0.9631879827414674,0.9727064995014407,0.9703271761270431,0.9999845650372602,0.9999772558400262,1.0,0.9933939742685166,0.9927678919420007,0.9999709983753267,0.9741092726582463,0.9957014466856977,0.9725175589167353,0.8807153737449923,0.9067845549164415,0.5392160738717465,0.9964524341600752,0.9430735056000915,0.021078574553782717,-0.14736273400580924,0.9026832701728871,0.9230256403385673,0.9612994393043467,0.9415690327581396,0.9403247604892104,0.9798123770900378,0.9360349118718805,0.8985528819409309,0.9716897007604189,0.975672219711355,0.9494449418528963],[0.9899110003888225,0.9901505121519945,0.9972484048928896,0.9934274105701565,0.9830099729605484,0.9672154209974874,0.977896436313784,0.9525600454921939,0.9630043867853844,0.9933986391639057,0.9934730872217844,0.9933939742685166,1.0,0.9998262892213424,0.9933682064595294,0.9665262913954273,0.9904691546154526,0.9526036140463077,0.8663697827613965,0.8995446651290625,0.37175744028187185,0.9914954821835574,0.9270528497752043,-0.43372356721426486,0.46973414002137526,0.860283010616979,0.9261166869476343,0.96038906238634,0.9053946739136985,0.897378544756736,0.9616431136569147,0.8924696053658258,0.8294224232513451,0.954003221095228,0.9753605736145946,0.9337529456111375],[0.9912670647180993,0.9906808131101648,0.9970849548801686,0.9928180686148851,0.9812779700839144,0.9647562244790767,0.9777187494280968,0.9507014010555875,0.9588326288626942,0.9927891290411148,0.9928444437396158,0.9927678919420007,0.9998262892213424,1.0,0.9928555201816134,0.9639641582230939,0.9916298704095275,0.9508560490392586,0.8499599446641953,0.9097878520888572,0.22498813772732612,0.9890141852545069,0.9205925243724561,-0.7386601524907438,0.4474275839903037,0.8303029044751858,0.9269268548861723,0.9551428297181102,0.8962582649500024,0.8899888567089244,0.9572146651669007,0.8940277467840987,0.8045312685393503,0.9514116486430871,0.9739130252606878,0.9320574657613049],[0.9964680508648064,0.9953918338502197,0.9883814282250051,0.999957854899895,0.9728214246314143,0.9709546219974886,0.9660105037383409,0.9686887432381758,0.967065774577775,0.9999610131132232,0.9999632241950732,0.9999709983753267,0.9933682064595294,0.9928555201816134,1.0,0.9705397483627665,0.9956993749088346,0.9688795118039278,0.8914487166835738,0.9190100108275142,0.4664398175668987,0.9972097801846601,0.9341685656682989,-0.1855190174513133,0.4485139244006911,0.8871753886702481,0.9118330790461835,0.9652798112716041,0.9369219769201483,0.9337416157825872,0.9763305557904303,0.9251143270791616,0.877614084322816,0.9663108884066987,0.9829806051030199,0.9444688107030292],[0.986831606196659,0.9823092889324129,0.9611527439126547,0.9754230514292742,0.9254374704802611,0.9999105049048194,0.9841050385629114,0.984114160323245,0.983929968278316,0.9749655575255639,0.9704118866352552,0.9741092726582463,0.9665262913954273,0.9639641582230939,0.9705397483627665,1.0,0.9877262231699769,0.9833470517002844,0.9026644144596057,0.8954497087968738,0.6094212871200799,0.9646919756723062,0.9114660371628424,0.058512737885653476,-0.17581390450074544,0.9414751488141327,0.8785454559665802,0.9661112863524326,0.9576541906878618,0.9340308545331775,0.9598870121967498,0.9536529190745336,0.9419668374721585,0.9675974203516976,0.980850438321651,0.9660570900551404],[0.9997408148910888,0.9977265330450054,0.9803632955981856,0.9958907906495137,0.9554348761434686,0.9878232127403852,0.9758767868621299,0.9825626974393572,0.9764057164680764,0.9957814304917064,0.9955985956855713,0.9957014466856977,0.9904691546154526,0.9916298704095275,0.9956993749088346,0.9877262231699769,1.0,0.9828316847557815,0.9147181742288032,0.9323352030524757,0.5303857484467629,0.9883298492858923,0.9271633924034045,-0.12809782115043963,0.4691654090824604,0.9173246490311631,0.8967596880957622,0.9698944282666833,0.9584142406045207,0.945521201623541,0.9747852199714636,0.9470808991828907,0.9131848126886835,0.9749140914929586,0.9887155401606363,0.9657986141741429],[0.9853374601312046,0.979649516690126,0.9387378857466936,0.97315128748859,0.900623865608329,0.9830509044635958,0.9537155628545096,0.999891208029259,0.9834193166456418,0.9732200876790188,0.9686684093281956,0.9725175589167353,0.9526036140463077,0.9508560490392586,0.9688795118039278,0.9833470517002844,0.9828316847557815,1.0,0.9322397613581185,0.9376036633190962,0.59959851125106,0.956284342332821,0.9107598377309356,0.14797675076573555,-0.2708245861172171,0.9178317269928876,0.8455782561684551,0.9480093132112785,0.9789390718372883,0.9595928545494874,0.9656024960573097,0.9662545929270776,0.9363739150069271,0.965757816684896,0.9587562479648325,0.9712510985180683],[0.8934821011964463,0.9105312118301474,0.8337255725069845,0.8720423054955868,0.7871949752557093,0.8997434236744735,0.8590409791180276,0.9293996044804423,0.9020956833307282,0.8736460449600455,0.8910147707993132,0.8807153737449923,0.8663697827613965,0.8499599446641953,0.8914487166835738,0.9026644144596057,0.9147181742288032,0.9322397613581185,1.0,0.8366181484984745,0.680635848869431,0.8412754989011896,0.8104105318522681,0.2356870617587994,-0.1545738838261907,0.8640165060783971,0.7178039215699934,0.8575008526356804,0.8973532471906595,0.8658062514183521,0.852796150405778,0.877769143758539,0.863439214613416,0.8595892825150292,0.8710604848298806,0.8973545447498912],[0.9113192205618219,0.9012614761006958,0.7991539601101364,0.8885540684481953,0.755382988946148,0.8714337699542711,0.790180885764559,0.9313906785682045,0.8657625087656708,0.8898236431417624,0.918397129646388,0.9067845549164415,0.8995446651290625,0.9097878520888572,0.9190100108275142,0.8954497087968738,0.9323352030524757,0.9376036633190962,0.8366181484984745,1.0,0.8169957611891094,0.8362177588625637,0.8661269451809475,0.613553607718808,-0.5129562735580822,0.7290237034543079,0.7824097979675433,0.8162023816947307,0.9610074449416453,0.9396439392466359,0.89109348052314,0.948986794602433,0.9046075726393433,0.9006945632454993,0.8480272296257506,0.8869441097870782],[0.6563055255755165,0.6791493068048892,0.5061289369797225,0.6124209978637501,0.4464522525784528,0.6269155021186162,0.5120068040261634,0.6029648159721769,0.5167333631774391,0.608068099287484,0.4661006528327318,0.5392160738717465,0.37175744028187185,0.22498813772732612,0.4664398175668987,0.6094212871200799,0.5303857484467629,0.59959851125106,0.680635848869431,0.8169957611891094,1.0,0.5451652055576531,0.6645344777445117,0.7224091615142986,-0.11585397789337941,0.52666637217706,0.5224930676453753,0.584519043285231,0.7614314278843772,0.6871775916345786,0.5898777586226922,0.7229161259653976,0.7458243983222406,0.6409917716061152,0.601476846917676,0.6569504308441229],[0.9839631718107911,0.971176831223302,0.9916199296720128,0.9942190040984598,0.9809197832190262,0.9673522631585109,0.961858735366469,0.9582297484185,0.9673028734617696,0.9944253060566953,0.9973977826822614,0.9964524341600752,0.9914954821835574,0.9890141852545069,0.9972097801846601,0.9646919756723062,0.9883298492858923,0.956284342332821,0.8412754989011896,0.8362177588625637,0.5451652055576531,1.0,0.9225970606378842,0.21644645618148112,-0.2506020185097766,0.8746113150345407,0.9466436409583372,0.9674163330511161,0.9125690042541292,0.9276375007322443,0.9746010185682151,0.9190009520651804,0.875916202079318,0.9620276832417389,0.9625770305513072,0.926663021850632],[0.9414205434960173,0.9255063847614232,0.930940006457184,0.9448315402782003,0.9147612861950618,0.9162577116999768,0.9181389780087176,0.9074011649879045,0.9271376621790693,0.9449961519167104,0.9341112709302405,0.9430735056000915,0.9270528497752043,0.9205925243724561,0.9341685656682989,0.9114660371628424,0.9271633924034045,0.9107598377309356,0.8104105318522681,0.8661269451809475,0.6645344777445117,0.9225970606378842,1.0,0.2647441320187044,-0.17805587841267312,0.739670314203193,0.8984257860889258,0.9095505103857948,0.8988378000732398,0.8666790779183912,0.9428209199312206,0.8767099729215868,0.8415345697305584,0.9366674834953621,0.89833089576406,0.8718132212367501],[0.32456710922128806,0.3230568367138007,0.1490851617979124,0.2876608225963901,0.11061230999458584,0.20828289183035686,0.07152779167916057,0.18482933384967276,0.04557536146535502,0.29238209219148215,-0.18834005060400388,0.021078574553782717,-0.43372356721426486,-0.7386601524907438,-0.1855190174513133,0.058512737885653476,-0.12809782115043963,0.14797675076573555,0.2356870617587994,0.613553607718808,0.7224091615142986,0.21644645618148112,0.2647441320187044,1.0,-0.3791989497432059,0.2422384836518263,0.1821666654997392,0.14822401566452667,0.44034925185891727,0.4284003812577471,0.26382701470523556,0.4528861548358931,0.38717248230992174,0.3003366735351018,0.21855586065654556,0.3378012840120015],[-0.2776463364857752,-0.21298668328850268,-0.1938332412494153,-0.26318254349357734,-0.1766655163365241,-0.207665535824578,-0.1466931217813014,-0.2979304948270258,-0.2200485445127132,-0.2626531895925261,0.44586770970578365,-0.14736273400580924,0.46973414002137526,0.4474275839903037,0.4485139244006911,-0.17581390450074544,0.4691654090824604,-0.2708245861172171,-0.1545738838261907,-0.5129562735580822,-0.11585397789337941,-0.2506020185097766,-0.17805587841267312,-0.3791989497432059,1.0,-0.15132780713235117,-0.22111515786114005,-0.17255328748614746,-0.37769021464357583,-0.36397554068682486,-0.2942216727634992,-0.33557035593047807,-0.20709331801666822,-0.3276609841400216,-0.17185592699418276,-0.3010249887365032],[0.9044369441622206,0.8850490866531153,0.8735532978281213,0.8935970116851752,0.8308032037713307,0.9352202288054002,0.8960447601233736,0.9133382133997231,0.8928788452465206,0.8939470677340281,0.8867839122328989,0.9026832701728871,0.860283010616979,0.8303029044751858,0.8871753886702481,0.9414751488141327,0.9173246490311631,0.9178317269928876,0.8640165060783971,0.7290237034543079,0.52666637217706,0.8746113150345407,0.739670314203193,0.2422384836518263,-0.15132780713235117,1.0,0.7674010866356038,0.8947034783399789,0.8308432973700103,0.874518587459265,0.8426207541277975,0.8805369499847763,0.8721567913108338,0.8708180238310648,0.877707327704067,0.9074961184850846],[0.9179335723785426,0.9152269014440947,0.9541397157700459,0.9356659369394096,0.963659001437727,0.8905413163635411,0.9051827639244637,0.8508561623050814,0.8726634008134942,0.9342632600959982,0.9128048606809492,0.9230256403385673,0.9261166869476343,0.9269268548861723,0.9118330790461835,0.8785454559665802,0.8967596880957622,0.8455782561684551,0.7178039215699934,0.7824097979675433,0.5224930676453753,0.9466436409583372,0.8984257860889258,0.1821666654997392,-0.22111515786114005,0.7674010866356038,1.0,0.8853405643669378,0.835537097460226,0.8385513879509334,0.9103872331497093,0.8293605158045373,0.785440123645916,0.8901360273502176,0.896938971638954,0.8514066278377098],[0.9647361990600022,0.9641728124603297,0.9629630192676775,0.9666511189878317,0.9386235933957208,0.9685796656279131,0.9639695759249595,0.9481785723489357,0.9688593220392271,0.9654178139555212,0.9655199559749471,0.9612994393043467,0.96038906238634,0.9551428297181102,0.9652798112716041,0.9661112863524326,0.9698944282666833,0.9480093132112785,0.8575008526356804,0.8162023816947307,0.584519043285231,0.9674163330511161,0.9095505103857948,0.14822401566452667,-0.17255328748614746,0.8947034783399789,0.8853405643669378,1.0,0.9097380929271108,0.8998605152679822,0.9515852765815236,0.8975763562531305,0.8841837968559465,0.9540215920329594,0.9765204921698275,0.9053526107949019],[0.9679259835829221,0.9498166176206084,0.887263493059901,0.9501321956474045,0.8419137466415272,0.9545714702667415,0.8945644102385646,0.9784353897702599,0.935933184409883,0.9497242795108882,0.9367685834103743,0.9415690327581396,0.9053946739136985,0.8962582649500024,0.9369219769201483,0.9576541906878618,0.9584142406045207,0.9789390718372883,0.8973532471906595,0.9610074449416453,0.7614314278843772,0.9125690042541292,0.8988378000732398,0.44034925185891727,-0.37769021464357583,0.8308432973700103,0.835537097460226,0.9097380929271108,1.0,0.9866689140639128,0.9526059307877146,0.9909999366283985,0.9552956498975232,0.9588493356359009,0.9115560133723142,0.965755362065262],[0.9617757561018594,0.9501935831544865,0.8887286688082823,0.9512216578963328,0.8517793150175005,0.936378173633437,0.873668795748045,0.9600474870518065,0.9112143203091813,0.950344125402096,0.9332948161662652,0.9403247604892104,0.897378544756736,0.8899888567089244,0.9337416157825872,0.9340308545331775,0.945521201623541,0.9595928545494874,0.8658062514183521,0.9396439392466359,0.6871775916345786,0.9276375007322443,0.8666790779183912,0.4284003812577471,-0.36397554068682486,0.874518587459265,0.8385513879509334,0.8998605152679822,0.9866689140639128,1.0,0.9486121786116216,0.985184775570937,0.9564952444521903,0.9438808670589456,0.9252728154086659,0.9648697949427025],[0.9816275295308561,0.974023524782042,0.963607395671789,0.9832750548788998,0.9429896717243922,0.9629409088673836,0.9472285024129665,0.9673050381944949,0.9661183023224602,0.9825460359338131,0.9763302874153436,0.9798123770900378,0.9616431136569147,0.9572146651669007,0.9763305557904303,0.9598870121967498,0.9747852199714636,0.9656024960573097,0.852796150405778,0.89109348052314,0.5898777586226922,0.9746010185682151,0.9428209199312206,0.26382701470523556,-0.2942216727634992,0.8426207541277975,0.9103872331497093,0.9515852765815236,0.9526059307877146,0.9486121786116216,1.0,0.9463334061470422,0.9027973402330377,0.9780094259793248,0.9681350790896398,0.9482534236110572],[0.9645060755449166,0.9510906420706614,0.8863718437258495,0.9472692407410005,0.8423716358484937,0.9524196188213483,0.8922265054410256,0.9673930412697311,0.9250507882358536,0.9466053531220127,0.9246029867716679,0.9360349118718805,0.8924696053658258,0.8940277467840987,0.9251143270791616,0.9536529190745336,0.9470808991828907,0.9662545929270776,0.877769143758539,0.948986794602433,0.7229161259653976,0.9190009520651804,0.8767099729215868,0.4528861548358931,-0.33557035593047807,0.8805369499847763,0.8293605158045373,0.8975763562531305,0.9909999366283985,0.985184775570937,0.9463334061470422,1.0,0.9743948182499321,0.9481503295453746,0.9351242685493601,0.9637720123142828],[0.9300484290140731,0.9289698847260895,0.8520830927906069,0.9088399304205508,0.8003103550628281,0.9437848398588413,0.8883573196731143,0.9367833985299243,0.9004145833660885,0.9074509758117038,0.8772194169846663,0.8985528819409309,0.8294224232513451,0.8045312685393503,0.877614084322816,0.9419668374721585,0.9131848126886835,0.9363739150069271,0.863439214613416,0.9046075726393433,0.7458243983222406,0.875916202079318,0.8415345697305584,0.38717248230992174,-0.20709331801666822,0.8721567913108338,0.785440123645916,0.8841837968559465,0.9552956498975232,0.9564952444521903,0.9027973402330377,0.9743948182499321,1.0,0.906900916766244,0.9189179728579109,0.949349910544698],[0.982124658975507,0.9732550517943231,0.94707532260358,0.9762820474345195,0.916347664647179,0.9656320989058865,0.937994593537011,0.9665312281125111,0.9577807694098356,0.9755259946824151,0.9664673416887839,0.9716897007604189,0.954003221095228,0.9514116486430871,0.9663108884066987,0.9675974203516976,0.9749140914929586,0.965757816684896,0.8595892825150292,0.9006945632454993,0.6409917716061152,0.9620276832417389,0.9366674834953621,0.3003366735351018,-0.3276609841400216,0.8708180238310648,0.8901360273502176,0.9540215920329594,0.9588493356359009,0.9438808670589456,0.9780094259793248,0.9481503295453746,0.906900916766244,1.0,0.9616718543426994,0.9490402931408463],[0.9783342428923371,0.9708416929666157,0.9675298170050434,0.9764725683795704,0.9412750113977726,0.9816966291043672,0.9731969155270258,0.9607668703482888,0.9760971136505004,0.9756553069059936,0.9828923528954578,0.975672219711355,0.9753605736145946,0.9739130252606878,0.9829806051030199,0.980850438321651,0.9887155401606363,0.9587562479648325,0.8710604848298806,0.8480272296257506,0.601476846917676,0.9625770305513072,0.89833089576406,0.21855586065654556,-0.17185592699418276,0.877707327704067,0.896938971638954,0.9765204921698275,0.9115560133723142,0.9252728154086659,0.9681350790896398,0.9351242685493601,0.9189179728579109,0.9616718543426994,1.0,0.9309076891416593],[0.9598183345816487,0.9551500845193106,0.9118714578334259,0.9479156243384942,0.8730537207021702,0.9623116053315196,0.9205197037034618,0.9703079883484478,0.9362571073097021,0.9467351565861633,0.9437323046459197,0.9494449418528963,0.9337529456111375,0.9320574657613049,0.9444688107030292,0.9660570900551404,0.9657986141741429,0.9712510985180683,0.8973545447498912,0.8869441097870782,0.6569504308441229,0.926663021850632,0.8718132212367501,0.3378012840120015,-0.3010249887365032,0.9074961184850846,0.8514066278377098,0.9053526107949019,0.965755362065262,0.9648697949427025,0.9482534236110572,0.9637720123142828,0.949349910544698,0.9490402931408463,0.9309076891416593,1.0]],"x":["^TAIEX       \u81fa\u7063\u52a0\u6b0a\u5831\u916c\u6307\u6578","^TWII        \u81fa\u7063\u52a0\u6b0a\u6307\u6578","^TAIEXx2     \u81fa\u7063\u52a0\u6b0a\u5831\u916c\u6307\u6578_\u65e5\u6b632","^TAI50I      \u81fa\u706350\u5831\u916c\u6307\u6578","^TAI50Ix2    \u81fa\u706350\u5831\u916c\u6307\u6578_\u65e5\u6b632","^TAI100I     \u81fa\u7063\u4e2d\u578b100\u5831\u916c\u6307\u6578","^TAI100Ix2   \u81fa\u7063\u4e2d\u578b100\u5831\u916c\u6307\u6578_\u65e5\u6b632","^TAIDIVIDI   \u81fa\u7063\u9ad8\u80a1\u606f\u5831\u916c\u6307\u6578","^TAIDIVIDIx2 \u81fa\u7063\u9ad8\u80a1\u606f\u5831\u916c\u6307\u6578_\u65e5\u6b632","0050Fund     \u5143\u5927\u53f0\u7063\u5353\u8d8a50\u57fa\u91d1","006208Fund   \u5bcc\u90a6\u53f0\u7063\u91c6\u540950\u57fa\u91d1","0050         \u5143\u5927\u81fa\u706350","00631L       \u5143\u5927\u53f0\u706350\u6b632","00675L       \u5bcc\u90a6\u81fa\u7063\u52a0\u6b0a\u6b632","006208       \u5bcc\u90a6\u53f050","0051         \u5143\u5927\u4e2d\u578b100","006204       \u6c38\u8c50\u81fa\u7063\u52a0\u6b0a","0056         \u5143\u5927\u9ad8\u80a1\u606f","0056         \u5143\u5927\u9ad8\u80a1\u606f_\u80a1\u606f\u4e0d\u6295\u5165","2412         \u4e2d\u83ef\u96fb\u4fe1","2002         \u4e2d\u92fc","2330         \u53f0\u7a4d\u96fb","2317         \u9d3b\u6d77","6505         \u53f0\u5851\u77f3\u5316","3481         \u7fa4\u5275","2303         \u806f\u96fb","2308         \u53f0\u9054\u96fb","2454         \u806f\u767c\u79d1","2886         \u5146\u8c50\u91d1","2884         \u7389\u5c71\u91d1","2891         \u4e2d\u4fe1\u91d1","2892         \u7b2c\u4e00\u91d1","5880         \u5408\u5eab\u91d1","2881         \u5bcc\u90a6\u91d1","2885         \u5143\u5927\u91d1","2887         \u53f0\u65b0\u91d1"],"y":["^TAIEX       \u81fa\u7063\u52a0\u6b0a\u5831\u916c\u6307\u6578","^TWII        \u81fa\u7063\u52a0\u6b0a\u6307\u6578","^TAIEXx2     \u81fa\u7063\u52a0\u6b0a\u5831\u916c\u6307\u6578_\u65e5\u6b632","^TAI50I      \u81fa\u706350\u5831\u916c\u6307\u6578","^TAI50Ix2    \u81fa\u706350\u5831\u916c\u6307\u6578_\u65e5\u6b632","^TAI100I     \u81fa\u7063\u4e2d\u578b100\u5831\u916c\u6307\u6578","^TAI100Ix2   \u81fa\u7063\u4e2d\u578b100\u5831\u916c\u6307\u6578_\u65e5\u6b632","^TAIDIVIDI   \u81fa\u7063\u9ad8\u80a1\u606f\u5831\u916c\u6307\u6578","^TAIDIVIDIx2 \u81fa\u7063\u9ad8\u80a1\u606f\u5831\u916c\u6307\u6578_\u65e5\u6b632","0050Fund     \u5143\u5927\u53f0\u7063\u5353\u8d8a50\u57fa\u91d1","006208Fund   \u5bcc\u90a6\u53f0\u7063\u91c6\u540950\u57fa\u91d1","0050         \u5143\u5927\u81fa\u706350","00631L       \u5143\u5927\u53f0\u706350\u6b632","00675L       \u5bcc\u90a6\u81fa\u7063\u52a0\u6b0a\u6b632","006208       \u5bcc\u90a6\u53f050","0051         \u5143\u5927\u4e2d\u578b100","006204       \u6c38\u8c50\u81fa\u7063\u52a0\u6b0a","0056         \u5143\u5927\u9ad8\u80a1\u606f","0056         \u5143\u5927\u9ad8\u80a1\u606f_\u80a1\u606f\u4e0d\u6295\u5165","2412         \u4e2d\u83ef\u96fb\u4fe1","2002         \u4e2d\u92fc","2330         \u53f0\u7a4d\u96fb","2317         \u9d3b\u6d77","6505         \u53f0\u5851\u77f3\u5316","3481         \u7fa4\u5275","2303         \u806f\u96fb","2308         \u53f0\u9054\u96fb","2454         \u806f\u767c\u79d1","2886         \u5146\u8c50\u91d1","2884         \u7389\u5c71\u91d1","2891         \u4e2d\u4fe1\u91d1","2892         \u7b2c\u4e00\u91d1","5880         \u5408\u5eab\u91d1","2881         \u5bcc\u90a6\u91d1","2885         \u5143\u5927\u91d1","2887         \u53f0\u65b0\u91d1"],"zmin":-1,"zmax":1,"colorbar":{"x":-0.2}}],"layout":{"autotypenumbers":"strict","colorway":["#636efa","#EF553B","#00cc96","#ab63fa","#FFA15A","#19d3f3","#FF6692","#B6E880","#FF97FF","#FECB52"],"font":{"color":"#f2f5fa","family":"Courier New"},"hovermode":"closest","hoverlabel":{"align":"left"},"paper_bgcolor":"rgb(17,17,17)","plot_bgcolor":"rgb(17,17,17)","polar":{"bgcolor":"rgb(17,17,17)","angularaxis":{"gridcolor":"#506784","linecolor":"#506784","ticks":""},"radialaxis":{"gridcolor":"#506784","linecolor":"#506784","ticks":""}},"ternary":{"bgcolor":"rgb(17,17,17)","aaxis":{"gridcolor":"#506784","linecolor":"#506784","ticks":""},"baxis":{"gridcolor":"#506784","linecolor":"#506784","ticks":""},"caxis":{"gridcolor":"#506784","linecolor":"#506784","ticks":""}},"coloraxis":{"colorbar":{"outlinewidth":0,"ticks":""}},"colorscale":{"sequential":[[0.0,"#0d0887"],[0.1111111111111111,"#46039f"],[0.2222222222222222,"#7201a8"],[0.3333333333333333,"#9c179e"],[0.4444444444444444,"#bd3786"],[0.5555555555555556,"#d8576b"],[0.6666666666666666,"#ed7953"],[0.7777777777777778,"#fb9f3a"],[0.8888888888888888,"#fdca26"],[1.0,"#f0f921"]],"sequentialminus":[[0.0,"#0d0887"],[0.1111111111111111,"#46039f"],[0.2222222222222222,"#7201a8"],[0.3333333333333333,"#9c179e"],[0.4444444444444444,"#bd3786"],[0.5555555555555556,"#d8576b"],[0.6666666666666666,"#ed7953"],[0.7777777777777778,"#fb9f3a"],[0.8888888888888888,"#fdca26"],[1.0,"#f0f921"]],"diverging":[[0,"#8e0152"],[0.1,"#c51b7d"],[0.2,"#de77ae"],[0.3,"#f1b6da"],[0.4,"#fde0ef"],[0.5,"#f7f7f7"],[0.6,"#e6f5d0"],[0.7,"#b8e186"],[0.8,"#7fbc41"],[0.9,"#4d9221"],[1,"#276419"]]},"xaxis":{"gridcolor":"rgba(0, 0, 0, 0)","linecolor":"#506784","ticks":"","title":{"standoff":15},"zerolinecolor":"#283442","automargin":true,"zerolinewidth":2,"tickfont":{"family":"Courier New","size":14},"side":"top","tickangle":-90},"yaxis":{"gridcolor":"rgba(0, 0, 0, 0)","linecolor":"#506784","ticks":"","title":{"standoff":15},"zerolinecolor":"#283442","automargin":true,"zerolinewidth":2,"tickfont":{"family":"Courier New"},"side":"right"},"scene":{"xaxis":{"backgroundcolor":"rgb(17,17,17)","gridcolor":"#506784","linecolor":"#506784","showbackground":true,"ticks":"","zerolinecolor":"#C8D4E3","gridwidth":2},"yaxis":{"backgroundcolor":"rgb(17,17,17)","gridcolor":"#506784","linecolor":"#506784","showbackground":true,"ticks":"","zerolinecolor":"#C8D4E3","gridwidth":2},"zaxis":{"backgroundcolor":"rgb(17,17,17)","gridcolor":"#506784","linecolor":"#506784","showbackground":true,"ticks":"","zerolinecolor":"#C8D4E3","gridwidth":2}},"shapedefaults":{"line":{"color":"#f2f5fa"}},"annotationdefaults":{"arrowcolor":"#f2f5fa","arrowhead":0,"arrowwidth":1},"geo":{"bgcolor":"rgb(17,17,17)","landcolor":"rgb(17,17,17)","subunitcolor":"#506784","showland":true,"showlakes":true,"lakecolor":"rgb(17,17,17)"},"title":{"x":0.05,"font":{"family":"Times New Roman"},"y":0.05,"text":"<b>Correlation of Adj Close<b><br><i>2016-09-23 ~ 2026-03-05<i>"},"updatemenudefaults":{"bgcolor":"#506784","borderwidth":0},"sliderdefaults":{"bgcolor":"#C8D4E3","borderwidth":1,"bordercolor":"rgb(17,17,17)","tickwidth":0},"mapbox":{"style":"dark"},"annotations":[{"text":"<b>@zwindr<b>","textangle":0,"opacity":0.5,"font":{"color":"white","size":12},"xref":"paper","yref":"paper","xanchor":"left","yanchor":"bottom","x":1.0,"y":1.0,"showarrow":false}]},"config":{"responsive":true,"toImageButtonOptions":{"filename":"Correlation of Adj Close_2016-09-23~2026-03-05","scale":5}}};Plotly.newPlot("correlationAdjClose",correlationAdjClose.data,correlationAdjClose.layout||{},correlationAdjClose.config);}else{console.log("style display is none => correlationAdjClose");}