var correlationAdjClose = {"data": [{"type": "heatmap", "z": [[1.0, 0.9939346060914851, 0.9767569830905375, 0.9976737983299417, 0.9648343091250123, 0.9812837146132116, -0.9423323056311642, 0.9899206691363359, 0.9697316842060927, 0.9972490609890106, 0.9972420607602023, 0.9977174733471933, 0.9931268545678181, 0.993842917706944, 0.9972299069225709, 0.9838575020711972, 0.9996632182427304, 0.9899621991135859, 0.9198345692172792, 0.7431855398583346, 0.9853971062430525, 0.9201622063654732, 0.4488319738367315, -0.30329595315268437, 0.9011393369182276, 0.9743260177128729, 0.9541081602534923, 0.9799322061120032, 0.9634090370910056, 0.9757329370263539, 0.9718155329870798, 0.9453443901797175, 0.9795037463921193, 0.9698875092106262, 0.9550344000977745], [0.9939346060914851, 1.0, 0.9721379261602325, 0.9912985314732018, 0.960357607423081, 0.9766458909402675, -0.9376185204991863, 0.9806848210270586, 0.9627415587871037, 0.9953919556051176, 0.9952422418375342, 0.9944052899537096, 0.9922287049879918, 0.9914578845967363, 0.9951502347021559, 0.9777204817116439, 0.9966224135611503, 0.9834813629173774, 0.9087940637855697, 0.7538230070255898, 0.9668718423481295, 0.8994533612681954, 0.44732133469281815, -0.22713202294564452, 0.8748200495405127, 0.9619088227013372, 0.9537458652018491, 0.957587033212427, 0.9492580418904312, 0.9653999772762185, 0.9557750016893058, 0.9430835786622244, 0.9682415324489424, 0.9611374391928309, 0.9484895291222287], [0.9767569830905375, 0.9721379261602325, 1.0, 0.982786212445013, 0.9960866848165031, 0.9790474915568429, -0.9756272584197512, 0.97009824386244, 0.9838471233622382, 0.988491865222114, 0.9892203974964805, 0.9856391853166321, 0.9970943478230395, 0.9969248500865974, 0.9889755357414407, 0.9777750161522802, 0.987689726274091, 0.9700087918627419, 0.8266109584193709, 0.6332204049352037, 0.9900441491582934, 0.9106266091778625, 0.2837063459120591, -0.2258944437331334, 0.9074709259696745, 0.9431097151965224, 0.9791520299106574, 0.929390256897331, 0.9103720527424692, 0.9633002524076683, 0.9194853244270982, 0.9067689384437125, 0.9661374456605965, 0.9736723457579616, 0.9251753436157485], [0.9976737983299417, 0.9912985314732018, 0.982786212445013, 1.0, 0.976319988450326, 0.9735433038069231, -0.937107781775908, 0.9843356936788444, 0.9671768760883896, 0.9999705690921296, 0.9999891289462993, 0.9999565818281929, 0.9913969075331491, 0.9894657777343608, 0.9999429240774841, 0.9735155163113185, 0.9960647979809083, 0.9842138660188977, 0.9061131209844063, 0.7135275325625012, 0.9932636103365138, 0.9214948638319684, 0.4252561687840285, -0.29479785747161386, 0.8995575511587044, 0.9690189049469523, 0.9603561488594367, 0.9709085626264176, 0.9605895090390616, 0.9774628992672247, 0.9621478504975155, 0.9344308320463822, 0.9774982568960938, 0.968510777499949, 0.9470835657818171], [0.9648343091250123, 0.960357607423081, 0.9960866848165031, 0.976319988450326, 1.0, 0.9589268542899553, -0.9572682308940502, 0.9553266991997217, 0.9717437955621168, 0.9848402149943988, 0.985603909410087, 0.9816056078716999, 0.9867573922152368, 0.9831085307674859, 0.9852739868419451, 0.9566547938617397, 0.9760422806769673, 0.9551606993933568, 0.8064783638508449, 0.5982622786909703, 0.9894040225190857, 0.9067128707480806, 0.2600679266303977, -0.21914884583977112, 0.8894849819384006, 0.9290239926307151, 0.9769955941168277, 0.9093648143769005, 0.8968285652609254, 0.9569314361790487, 0.8982046893743127, 0.8810364996480844, 0.9561456652214967, 0.9622937510564841, 0.9024409013706762], [0.9812837146132116, 0.9766458909402675, 0.9790474915568429, 0.9735433038069231, 0.9589268542899553, 1.0, -0.9805983995923451, 0.9803350958980149, 0.9796405753453422, 0.9687405832311721, 0.9691104847356447, 0.971610997794598, 0.9769892464147336, 0.9749702013095468, 0.9688703201560019, 0.9999082591260867, 0.9859962746475995, 0.9814400692349584, 0.8604872119892856, 0.709641089086748, 0.9672293231802919, 0.8905320915553034, 0.3141511882490588, -0.21446082898315416, 0.9366312567135622, 0.9567337181141459, 0.9592739555201437, 0.9568847182323087, 0.9265725961854548, 0.9521801058478581, 0.9509696993454656, 0.9545016935338387, 0.9561812627340547, 0.9761180092642352, 0.9554832545668794], [-0.9423323056311642, -0.9376185204991863, -0.9756272584197512, -0.937107781775908, -0.9572682308940502, -0.9805983995923451, 1.0, -0.9512040133727786, -0.9832242865141889, -0.9476525778147376, -0.9489019513123708, -0.9439381182470132, -0.9739074444396262, -0.9756845120214066, -0.948500953806995, -0.983795662962913, -0.9641447999690973, -0.9542521200166916, -0.7725747816509096, -0.6076421763635219, -0.9425114532815955, -0.8807081988902927, -0.17142250142890503, 0.14852130696067267, -0.9047993739003106, -0.9134203483305012, -0.9568744476616385, -0.8977687889065237, -0.8562378076016197, -0.9240900710786575, -0.8892023890059408, -0.9085276407161752, -0.9244706021418828, -0.9631039783615696, -0.9095074268633025], [0.9899206691363359, 0.9806848210270586, 0.97009824386244, 0.9843356936788444, 0.9553266991997217, 0.9803350958980149, -0.9512040133727786, 1.0, 0.9822690582768526, 0.9800339596351383, 0.9799938838845613, 0.9832239767796855, 0.9757302164836356, 0.9746789209568589, 0.9799698903078623, 0.9822992315030011, 0.9875166202154356, 0.9998698674417471, 0.9226203782198583, 0.6778317501369545, 0.9739385092915548, 0.8941158500038553, 0.3075442888655844, -0.3112521996428037, 0.9054147054626875, 0.9556591295354628, 0.9370687617528999, 0.9773576701345401, 0.9518065885337178, 0.9691590449546236, 0.9621721173352983, 0.935088144605571, 0.9586349657926423, 0.9568466391346298, 0.9656440714604428], [0.9697316842060927, 0.9627415587871037, 0.9838471233622382, 0.9671768760883896, 0.9717437955621168, 0.9796405753453422, -0.9832242865141889, 0.9822690582768526, 1.0, 0.9627522053263545, 0.963438898370966, 0.965243358881966, 0.9726803775859839, 0.9697346734308541, 0.9631644214140347, 0.9787780253746121, 0.9698120975489601, 0.9815912813224659, 0.8487047385893762, 0.602640880572712, 0.9672880350528146, 0.9050551782261193, 0.16454827333784175, -0.22967543656620915, 0.886871095366056, 0.9325059771529404, 0.9595820263016422, 0.932289348331025, 0.8934706458758249, 0.9562207071885992, 0.9151014741436195, 0.9021974142877967, 0.9443599421672368, 0.9688098825989235, 0.9232843201600109], [0.9972490609890106, 0.9953919556051176, 0.988491865222114, 0.9999705690921296, 0.9848402149943988, 0.9687405832311721, -0.9476525778147376, 0.9800339596351383, 0.9627522053263545, 1.0, 0.999987307369076, 0.9999823521607862, 0.9912248515548235, 0.9892577198743471, 0.9999474210205568, 0.9693596765694352, 0.9956455392490359, 0.9810926282581539, 0.9301111247494952, 0.640206699109832, 0.9966636690370265, 0.8985752412987035, -0.005275074291333569, 0.4415418882638312, 0.91790899492833, 0.953207173646698, 0.9656118717734341, 0.9615306154188323, 0.9419705615835746, 0.9651209572707714, 0.9412740920575884, 0.9207102499508882, 0.9644930064442526, 0.9799562644273072, 0.944896495961858], [0.9972420607602023, 0.9952422418375342, 0.9892203974964805, 0.9999891289462993, 0.985603909410087, 0.9691104847356447, -0.9489019513123708, 0.9799938838845613, 0.963438898370966, 0.999987307369076, 1.0, 0.9999712737016931, 0.9914177753902391, 0.989445242930567, 0.9999523557450072, 0.9697031993428087, 0.995700076192941, 0.9810223000906112, 0.9292502826096273, 0.6365785787092789, 0.9969581808584279, 0.8977892275064345, -0.02019286279810287, 0.43716711949973386, 0.9172361901886621, 0.9530482642596437, 0.9665183458258099, 0.9610142606312766, 0.9406320621568641, 0.9652190579416313, 0.9402171509034888, 0.9194331872039472, 0.9646813186215395, 0.9805012995699282, 0.9442161976784121], [0.9977174733471933, 0.9944052899537096, 0.9856391853166321, 0.9999565818281929, 0.9816056078716999, 0.971610997794598, -0.9439381182470132, 0.9832239767796855, 0.965243358881966, 0.9999823521607862, 0.9999712737016931, 1.0, 0.9911789001441808, 0.9891616700337872, 0.9999611807772778, 0.9720926239837466, 0.9958289602356838, 0.9838252323412617, 0.9215397432258143, 0.6846349644020605, 0.9958460621009604, 0.915310281408648, 0.19193223355859312, -0.19396840665438916, 0.9245099781731074, 0.9621237085582096, 0.9551441970424218, 0.965078067890536, 0.9511159468603081, 0.9718963238839369, 0.9525170563102827, 0.9332669560584018, 0.9719656600030786, 0.9667698054999055, 0.9535343484411004], [0.9931268545678181, 0.9922287049879918, 0.9970943478230395, 0.9913969075331491, 0.9867573922152368, 0.9769892464147336, -0.9739074444396262, 0.9757302164836356, 0.9726803775859839, 0.9912248515548235, 0.9914177753902391, 0.9911789001441808, 1.0, 0.9996781004336239, 0.9913309262391352, 0.9778657265784864, 0.9934751088303503, 0.9771484243610465, 0.9105543619029217, 0.578255413067852, 0.986132221088372, 0.8902444792284606, -0.30756194419381905, 0.46339107028477844, 0.9075315920168221, 0.9531874801835098, 0.9773095476375893, 0.9435481780328466, 0.9023183977207725, 0.9463314298156925, 0.9133953521651221, 0.8894192990103915, 0.9627240311832889, 0.9794237244026247, 0.9361259809632102], [0.993842917706944, 0.9914578845967363, 0.9969248500865974, 0.9894657777343608, 0.9831085307674859, 0.9749702013095468, -0.9756845120214066, 0.9746789209568589, 0.9697346734308541, 0.9892577198743471, 0.989445242930567, 0.9891616700337872, 0.9996781004336239, 1.0, 0.9894641237641614, 0.9759238624418155, 0.9940121707117934, 0.9763590017837285, 0.9179983625825607, 0.4603349760893911, 0.9809153982026289, 0.878865527046704, -0.7030175619854687, 0.4421275769478549, 0.8806794251200741, 0.9499956058902628, 0.9766569093199007, 0.9357212944674075, 0.8841496590586124, 0.9372904321295384, 0.9101156025363178, 0.8675304965888809, 0.9649153990242122, 0.9776415864197238, 0.9285900667527474], [0.9972299069225709, 0.9951502347021559, 0.9889755357414407, 0.9999429240774841, 0.9852739868419451, 0.9688703201560019, -0.948500953806995, 0.9799698903078623, 0.9631644214140347, 0.9999474210205568, 0.9999523557450072, 0.9999611807772778, 0.9913309262391352, 0.9894641237641614, 1.0, 0.9694652211264926, 0.9956575815195654, 0.9810402773328218, 0.9299804129543928, 0.6363185243303882, 0.9967981417821978, 0.8980021525258111, -0.01858849140467831, 0.43613797237817514, 0.9168710797467592, 0.9522530513807633, 0.9658785531075413, 0.961335150705447, 0.9412602347001207, 0.965257313662068, 0.9408616687599108, 0.9199185409824374, 0.9645606518784422, 0.9803399575135334, 0.9445089747856593], [0.9838575020711972, 0.9777204817116439, 0.9777750161522802, 0.9735155163113185, 0.9566547938617397, 0.9999082591260867, -0.983795662962913, 0.9822992315030011, 0.9787780253746121, 0.9693596765694352, 0.9697031993428087, 0.9720926239837466, 0.9778657265784864, 0.9759238624418155, 0.9694652211264926, 1.0, 0.9864754439815105, 0.9815911224697099, 0.8842839737105704, 0.7098761143782448, 0.9658568426003789, 0.8862058932361309, 0.18518266537322312, -0.19279557196890976, 0.9452281574288945, 0.9588622800711518, 0.9560777954703976, 0.9603255345566054, 0.9235255465123712, 0.94902347392468, 0.9518911773109088, 0.9538693991024983, 0.9588362080790404, 0.9757134069921635, 0.9603457636748226], [0.9996632182427304, 0.9966224135611503, 0.987689726274091, 0.9960647979809083, 0.9760422806769673, 0.9859962746475995, -0.9641447999690973, 0.9875166202154356, 0.9698120975489601, 0.9956455392490359, 0.995700076192941, 0.9958289602356838, 0.9934751088303503, 0.9940121707117934, 0.9956575815195654, 0.9864754439815105, 1.0, 0.9884142948052029, 0.9356615645577455, 0.6774986555198467, 0.9889290294909557, 0.8952500360052102, 0.031657424464091304, 0.4544226242229006, 0.9357607236572444, 0.9611266480240879, 0.9640927236703728, 0.9742774047186846, 0.9461708549908134, 0.9643724119672001, 0.9560158336422221, 0.9431433795223961, 0.9707121261708171, 0.9844269161245187, 0.9654031060033652], [0.9899621991135859, 0.9834813629173774, 0.9700087918627419, 0.9842138660188977, 0.9551606993933568, 0.9814400692349584, -0.9542521200166916, 0.9998698674417471, 0.9815912813224659, 0.9810926282581539, 0.9810223000906112, 0.9838252323412617, 0.9771484243610465, 0.9763590017837285, 0.9810402773328218, 0.9815911224697099, 0.9884142948052029, 1.0, 0.9289667438938054, 0.6763729747659081, 0.9729616452402494, 0.8992688112052574, 0.2740752005738585, -0.2922429173729228, 0.9109314715487368, 0.9544285179773087, 0.9371409655343848, 0.9778365991095919, 0.9512097273780539, 0.9676885191315087, 0.9606294194792697, 0.9349557579958014, 0.9579964846336078, 0.954760277262042, 0.9668623077418785], [0.9198345692172792, 0.9087940637855697, 0.8266109584193709, 0.9061131209844063, 0.8064783638508449, 0.8604872119892856, -0.7725747816509096, 0.9226203782198583, 0.8487047385893762, 0.9301111247494952, 0.9292502826096273, 0.9215397432258143, 0.9105543619029217, 0.9179983625825607, 0.9299804129543928, 0.8842839737105704, 0.9356615645577455, 0.9289667438938054, 1.0, 0.8424689009294037, 0.8574988332122491, 0.8720156908211625, 0.6949102519139889, -0.5333823142818369, 0.6953458749661852, 0.9162607703039571, 0.7988537593844495, 0.9570565663043935, 0.9346657349150526, 0.901942204137658, 0.9431303591829324, 0.8925958325810767, 0.8971734758277589, 0.8447620496138296, 0.8775108242549102], [0.7431855398583346, 0.7538230070255898, 0.6332204049352037, 0.7135275325625012, 0.5982622786909703, 0.709641089086748, -0.6076421763635219, 0.6778317501369545, 0.602640880572712, 0.640206699109832, 0.6365785787092789, 0.6846349644020605, 0.578255413067852, 0.4603349760893911, 0.6363185243303882, 0.7098761143782448, 0.6774986555198467, 0.6763729747659081, 0.8424689009294037, 1.0, 0.635889022040705, 0.7492779034424968, 0.7321679027892014, -0.11631410382843434, 0.5376830333794654, 0.7549504555747231, 0.6399197498634158, 0.7937568772195063, 0.7299239316329349, 0.6714936563693716, 0.7660861227627827, 0.7680031002487656, 0.7005873958776356, 0.6677999871028412, 0.7023006444616775], [0.9853971062430525, 0.9668718423481295, 0.9900441491582934, 0.9932636103365138, 0.9894040225190857, 0.9672293231802919, -0.9425114532815955, 0.9739385092915548, 0.9672880350528146, 0.9966636690370265, 0.9969581808584279, 0.9958460621009604, 0.986132221088372, 0.9809153982026289, 0.9967981417821978, 0.9658568426003789, 0.9889290294909557, 0.9729616452402494, 0.8574988332122491, 0.635889022040705, 1.0, 0.892257271932815, 0.3516125475489987, -0.2888186608778724, 0.8865750263642299, 0.952034810598583, 0.9696282267078392, 0.9397036488968387, 0.9433908680602424, 0.9684834210347728, 0.9401169279669558, 0.910485051269382, 0.9677999974649586, 0.9548695546076491, 0.9291320142387356], [0.9201622063654732, 0.8994533612681954, 0.9106266091778625, 0.9214948638319684, 0.9067128707480806, 0.8905320915553034, -0.8807081988902927, 0.8941158500038553, 0.9050551782261193, 0.8985752412987035, 0.8977892275064345, 0.915310281408648, 0.8902444792284606, 0.878865527046704, 0.8980021525258111, 0.8862058932361309, 0.8952500360052102, 0.8992688112052574, 0.8720156908211625, 0.7492779034424968, 0.892257271932815, 1.0, 0.3984106512720392, -0.1870863380473434, 0.6974560188713128, 0.9168097245910527, 0.882678443087469, 0.8953979554402238, 0.8429342585445183, 0.9205514833483808, 0.8643435538149989, 0.8389803008476697, 0.9185843677614021, 0.8636921440610333, 0.8464251995405163], [0.4488319738367315, 0.44732133469281815, 0.2837063459120591, 0.4252561687840285, 0.2600679266303977, 0.3141511882490588, -0.17142250142890503, 0.3075442888655844, 0.16454827333784175, -0.005275074291333569, -0.02019286279810287, 0.19193223355859312, -0.30756194419381905, -0.7030175619854687, -0.01858849140467831, 0.18518266537322312, 0.031657424464091304, 0.2740752005738585, 0.6949102519139889, 0.7321679027892014, 0.3516125475489987, 0.3984106512720392, 1.0, -0.3970417116742089, 0.2969685766412887, 0.4299665088778916, 0.22993665319500003, 0.5241633459538848, 0.5236164796087195, 0.38769023931223223, 0.5413214339597364, 0.4498187563507444, 0.40183334091186673, 0.32070159859685116, 0.42415512800683713], [-0.30329595315268437, -0.22713202294564452, -0.2258944437331334, -0.29479785747161386, -0.21914884583977112, -0.21446082898315416, 0.14852130696067267, -0.3112521996428037, -0.22967543656620915, 0.4415418882638312, 0.43716711949973386, -0.19396840665438916, 0.46339107028477844, 0.4421275769478549, 0.43613797237817514, -0.19279557196890976, 0.4544226242229006, -0.2922429173729228, -0.5333823142818369, -0.11631410382843434, -0.2888186608778724, -0.1870863380473434, -0.3970417116742089, 1.0, -0.14670447349329857, -0.3327267290640175, -0.17439095542763725, -0.3899669098487548, -0.3800755906817258, -0.327833291869903, -0.34566217334971205, -0.20152749110891738, -0.3508843977977162, -0.17672420346096573, -0.3155378205388509], [0.9011393369182276, 0.8748200495405127, 0.9074709259696745, 0.8995575511587044, 0.8894849819384006, 0.9366312567135622, -0.9047993739003106, 0.9054147054626875, 0.886871095366056, 0.91790899492833, 0.9172361901886621, 0.9245099781731074, 0.9075315920168221, 0.8806794251200741, 0.9168710797467592, 0.9452281574288945, 0.9357607236572444, 0.9109314715487368, 0.6953458749661852, 0.5376830333794654, 0.8865750263642299, 0.6974560188713128, 0.2969685766412887, -0.14670447349329857, 1.0, 0.835990213435273, 0.8857053688575044, 0.8086333990282476, 0.8578984681326216, 0.8280528349359535, 0.8651873356399823, 0.8587917816483488, 0.8561305055323079, 0.8660691151226837, 0.8933362534874069], [0.9743260177128729, 0.9619088227013372, 0.9431097151965224, 0.9690189049469523, 0.9290239926307151, 0.9567337181141459, -0.9134203483305012, 0.9556591295354628, 0.9325059771529404, 0.953207173646698, 0.9530482642596437, 0.9621237085582096, 0.9531874801835098, 0.9499956058902628, 0.9522530513807633, 0.9588622800711518, 0.9611266480240879, 0.9544285179773087, 0.9162607703039571, 0.7549504555747231, 0.952034810598583, 0.9168097245910527, 0.4299665088778916, -0.3327267290640175, 0.835990213435273, 1.0, 0.9323253419778622, 0.9604423380940492, 0.9345141451923482, 0.9426164991803825, 0.9442161648799758, 0.9168575566072986, 0.9634808733763561, 0.9263141707896774, 0.9248187809351307], [0.9541081602534923, 0.9537458652018491, 0.9791520299106574, 0.9603561488594367, 0.9769955941168277, 0.9592739555201437, -0.9568744476616385, 0.9370687617528999, 0.9595820263016422, 0.9656118717734341, 0.9665183458258099, 0.9551441970424218, 0.9773095476375893, 0.9766569093199007, 0.9658785531075413, 0.9560777954703976, 0.9640927236703728, 0.9371409655343848, 0.7988537593844495, 0.6399197498634158, 0.9696282267078392, 0.882678443087469, 0.22993665319500003, -0.17439095542763725, 0.8857053688575044, 0.9323253419778622, 1.0, 0.9021660026586773, 0.8796561034290024, 0.9359264773297019, 0.8824021803563044, 0.8832490705367412, 0.9429578028628746, 0.9703432035773544, 0.884095541537511], [0.9799322061120032, 0.957587033212427, 0.929390256897331, 0.9709085626264176, 0.9093648143769005, 0.9568847182323087, -0.8977687889065237, 0.9773576701345401, 0.932289348331025, 0.9615306154188323, 0.9610142606312766, 0.965078067890536, 0.9435481780328466, 0.9357212944674075, 0.961335150705447, 0.9603255345566054, 0.9742774047186846, 0.9778365991095919, 0.9570565663043935, 0.7937568772195063, 0.9397036488968387, 0.8953979554402238, 0.5241633459538848, -0.3899669098487548, 0.8086333990282476, 0.9604423380940492, 0.9021660026586773, 1.0, 0.9853820753194404, 0.9657858285700309, 0.9895526877953927, 0.9511492131221904, 0.957895263136696, 0.9122257868821, 0.9662254533864053], [0.9634090370910056, 0.9492580418904312, 0.9103720527424692, 0.9605895090390616, 0.8968285652609254, 0.9265725961854548, -0.8562378076016197, 0.9518065885337178, 0.8934706458758249, 0.9419705615835746, 0.9406320621568641, 0.9511159468603081, 0.9023183977207725, 0.8841496590586124, 0.9412602347001207, 0.9235255465123712, 0.9461708549908134, 0.9512097273780539, 0.9346657349150526, 0.7299239316329349, 0.9433908680602424, 0.8429342585445183, 0.5236164796087195, -0.3800755906817258, 0.8578984681326216, 0.9345141451923482, 0.8796561034290024, 0.9853820753194404, 1.0, 0.9493055517745704, 0.9827680097281672, 0.9545750048611448, 0.933510682294655, 0.9157073020033453, 0.9618391517547495], [0.9757329370263539, 0.9653999772762185, 0.9633002524076683, 0.9774628992672247, 0.9569314361790487, 0.9521801058478581, -0.9240900710786575, 0.9691590449546236, 0.9562207071885992, 0.9651209572707714, 0.9652190579416313, 0.9718963238839369, 0.9463314298156925, 0.9372904321295384, 0.965257313662068, 0.94902347392468, 0.9643724119672001, 0.9676885191315087, 0.901942204137658, 0.6714936563693716, 0.9684834210347728, 0.9205514833483808, 0.38769023931223223, -0.327833291869903, 0.8280528349359535, 0.9426164991803825, 0.9359264773297019, 0.9657858285700309, 0.9493055517745704, 1.0, 0.9535117651756673, 0.9176592918705236, 0.975610645891754, 0.9559471839737964, 0.9452979037417728], [0.9718155329870798, 0.9557750016893058, 0.9194853244270982, 0.9621478504975155, 0.8982046893743127, 0.9509696993454656, -0.8892023890059408, 0.9621721173352983, 0.9151014741436195, 0.9412740920575884, 0.9402171509034888, 0.9525170563102827, 0.9133953521651221, 0.9101156025363178, 0.9408616687599108, 0.9518911773109088, 0.9560158336422221, 0.9606294194792697, 0.9431303591829324, 0.7660861227627827, 0.9401169279669558, 0.8643435538149989, 0.5413214339597364, -0.34566217334971205, 0.8651873356399823, 0.9442161648799758, 0.8824021803563044, 0.9895526877953927, 0.9827680097281672, 0.9535117651756673, 1.0, 0.9730529356749918, 0.9419231960961146, 0.9345010445054709, 0.9616497209074842], [0.9453443901797175, 0.9430835786622244, 0.9067689384437125, 0.9344308320463822, 0.8810364996480844, 0.9545016935338387, -0.9085276407161752, 0.935088144605571, 0.9021974142877967, 0.9207102499508882, 0.9194331872039472, 0.9332669560584018, 0.8894192990103915, 0.8675304965888809, 0.9199185409824374, 0.9538693991024983, 0.9431433795223961, 0.9349557579958014, 0.8925958325810767, 0.7680031002487656, 0.910485051269382, 0.8389803008476697, 0.4498187563507444, -0.20152749110891738, 0.8587917816483488, 0.9168575566072986, 0.8832490705367412, 0.9511492131221904, 0.9545750048611448, 0.9176592918705236, 0.9730529356749918, 1.0, 0.9046229449772244, 0.9325548713109066, 0.9520743530660049], [0.9795037463921193, 0.9682415324489424, 0.9661374456605965, 0.9774982568960938, 0.9561456652214967, 0.9561812627340547, -0.9244706021418828, 0.9586349657926423, 0.9443599421672368, 0.9644930064442526, 0.9646813186215395, 0.9719656600030786, 0.9627240311832889, 0.9649153990242122, 0.9645606518784422, 0.9588362080790404, 0.9707121261708171, 0.9579964846336078, 0.8971734758277589, 0.7005873958776356, 0.9677999974649586, 0.9185843677614021, 0.40183334091186673, -0.3508843977977162, 0.8561305055323079, 0.9634808733763561, 0.9429578028628746, 0.957895263136696, 0.933510682294655, 0.975610645891754, 0.9419231960961146, 0.9046229449772244, 1.0, 0.95220771787061, 0.9405383252302195], [0.9698875092106262, 0.9611374391928309, 0.9736723457579616, 0.968510777499949, 0.9622937510564841, 0.9761180092642352, -0.9631039783615696, 0.9568466391346298, 0.9688098825989235, 0.9799562644273072, 0.9805012995699282, 0.9667698054999055, 0.9794237244026247, 0.9776415864197238, 0.9803399575135334, 0.9757134069921635, 0.9844269161245187, 0.954760277262042, 0.8447620496138296, 0.6677999871028412, 0.9548695546076491, 0.8636921440610333, 0.32070159859685116, -0.17672420346096573, 0.8660691151226837, 0.9263141707896774, 0.9703432035773544, 0.9122257868821, 0.9157073020033453, 0.9559471839737964, 0.9345010445054709, 0.9325548713109066, 0.95220771787061, 1.0, 0.9167001651556542], [0.9550344000977745, 0.9484895291222287, 0.9251753436157485, 0.9470835657818171, 0.9024409013706762, 0.9554832545668794, -0.9095074268633025, 0.9656440714604428, 0.9232843201600109, 0.944896495961858, 0.9442161976784121, 0.9535343484411004, 0.9361259809632102, 0.9285900667527474, 0.9445089747856593, 0.9603457636748226, 0.9654031060033652, 0.9668623077418785, 0.8775108242549102, 0.7023006444616775, 0.9291320142387356, 0.8464251995405163, 0.42415512800683713, -0.3155378205388509, 0.8933362534874069, 0.9248187809351307, 0.884095541537511, 0.9662254533864053, 0.9618391517547495, 0.9452979037417728, 0.9616497209074842, 0.9520743530660049, 0.9405383252302195, 0.9167001651556542, 1.0]], "x": ["^TAIEX       \u81fa\u7063\u52a0\u6b0a\u5831\u916c\u6307\u6578", "^TWII        \u81fa\u7063\u52a0\u6b0a\u6307\u6578", "^TAIEXx2     \u81fa\u7063\u52a0\u6b0a\u5831\u916c\u6307\u6578_\u65e5\u6b632", "^TAI50I      \u81fa\u706350\u5831\u916c\u6307\u6578", "^TAI50Ix2    \u81fa\u706350\u5831\u916c\u6307\u6578_\u65e5\u6b632", "^TAI100I     \u81fa\u7063\u4e2d\u578b100\u5831\u916c\u6307\u6578", "^TAI100Ix2   \u81fa\u7063\u4e2d\u578b100\u5831\u916c\u6307\u6578_\u65e5\u6b632", "^TAIDIVIDI   \u81fa\u7063\u9ad8\u80a1\u606f\u5831\u916c\u6307\u6578", "^TAIDIVIDIx2 \u81fa\u7063\u9ad8\u80a1\u606f\u5831\u916c\u6307\u6578_\u65e5\u6b632", "0050Fund     \u5143\u5927\u53f0\u7063\u5353\u8d8a50\u57fa\u91d1", "006208Fund   \u5bcc\u90a6\u53f0\u7063\u91c6\u540950\u57fa\u91d1", "0050         \u5143\u5927\u81fa\u706350", "00631L       \u5143\u5927\u53f0\u706350\u6b632", "00675L       \u5bcc\u90a6\u81fa\u7063\u52a0\u6b0a\u6b632", "006208       \u5bcc\u90a6\u53f050", "0051         \u5143\u5927\u4e2d\u578b100", "006204       \u6c38\u8c50\u81fa\u7063\u52a0\u6b0a", "0056         \u5143\u5927\u9ad8\u80a1\u606f", "2412         \u4e2d\u83ef\u96fb\u4fe1", "2002         \u4e2d\u92fc", "2330         \u53f0\u7a4d\u96fb", "2317         \u9d3b\u6d77", "6505         \u53f0\u5851\u77f3\u5316", "3481         \u7fa4\u5275", "2303         \u806f\u96fb", "2308         \u53f0\u9054\u96fb", "2454         \u806f\u767c\u79d1", "2886         \u5146\u8c50\u91d1", "2884         \u7389\u5c71\u91d1", "2891         \u4e2d\u4fe1\u91d1", "2892         \u7b2c\u4e00\u91d1", "5880         \u5408\u5eab\u91d1", "2881         \u5bcc\u90a6\u91d1", "2885         \u5143\u5927\u91d1", "2887         \u53f0\u65b0\u91d1"], "y": ["^TAIEX       \u81fa\u7063\u52a0\u6b0a\u5831\u916c\u6307\u6578", "^TWII        \u81fa\u7063\u52a0\u6b0a\u6307\u6578", "^TAIEXx2     \u81fa\u7063\u52a0\u6b0a\u5831\u916c\u6307\u6578_\u65e5\u6b632", "^TAI50I      \u81fa\u706350\u5831\u916c\u6307\u6578", "^TAI50Ix2    \u81fa\u706350\u5831\u916c\u6307\u6578_\u65e5\u6b632", "^TAI100I     \u81fa\u7063\u4e2d\u578b100\u5831\u916c\u6307\u6578", "^TAI100Ix2   \u81fa\u7063\u4e2d\u578b100\u5831\u916c\u6307\u6578_\u65e5\u6b632", "^TAIDIVIDI   \u81fa\u7063\u9ad8\u80a1\u606f\u5831\u916c\u6307\u6578", "^TAIDIVIDIx2 \u81fa\u7063\u9ad8\u80a1\u606f\u5831\u916c\u6307\u6578_\u65e5\u6b632", "0050Fund     \u5143\u5927\u53f0\u7063\u5353\u8d8a50\u57fa\u91d1", "006208Fund   \u5bcc\u90a6\u53f0\u7063\u91c6\u540950\u57fa\u91d1", "0050         \u5143\u5927\u81fa\u706350", "00631L       \u5143\u5927\u53f0\u706350\u6b632", "00675L       \u5bcc\u90a6\u81fa\u7063\u52a0\u6b0a\u6b632", "006208       \u5bcc\u90a6\u53f050", "0051         \u5143\u5927\u4e2d\u578b100", "006204       \u6c38\u8c50\u81fa\u7063\u52a0\u6b0a", "0056         \u5143\u5927\u9ad8\u80a1\u606f", "2412         \u4e2d\u83ef\u96fb\u4fe1", "2002         \u4e2d\u92fc", "2330         \u53f0\u7a4d\u96fb", "2317         \u9d3b\u6d77", "6505         \u53f0\u5851\u77f3\u5316", "3481         \u7fa4\u5275", "2303         \u806f\u96fb", "2308         \u53f0\u9054\u96fb", "2454         \u806f\u767c\u79d1", "2886         \u5146\u8c50\u91d1", "2884         \u7389\u5c71\u91d1", "2891         \u4e2d\u4fe1\u91d1", "2892         \u7b2c\u4e00\u91d1", "5880         \u5408\u5eab\u91d1", "2881         \u5bcc\u90a6\u91d1", "2885         \u5143\u5927\u91d1", "2887         \u53f0\u65b0\u91d1"], "zmin": -1, "zmax": 1, "colorbar": {"x": -0.2}}], "layout": {"autotypenumbers": "strict", "colorway": ["#636efa", "#EF553B", "#00cc96", "#ab63fa", "#FFA15A", "#19d3f3", "#FF6692", "#B6E880", "#FF97FF", "#FECB52"], "font": {"color": "#f2f5fa", "family": "Courier New"}, "hovermode": "closest", "hoverlabel": {"align": "left"}, "paper_bgcolor": "rgb(17,17,17)", "plot_bgcolor": "rgb(17,17,17)", "polar": {"bgcolor": "rgb(17,17,17)", "angularaxis": {"gridcolor": "#506784", "linecolor": "#506784", "ticks": ""}, "radialaxis": {"gridcolor": "#506784", "linecolor": "#506784", "ticks": ""}}, "ternary": {"bgcolor": "rgb(17,17,17)", "aaxis": {"gridcolor": "#506784", "linecolor": "#506784", "ticks": ""}, "baxis": {"gridcolor": "#506784", "linecolor": "#506784", "ticks": ""}, "caxis": {"gridcolor": "#506784", "linecolor": "#506784", "ticks": ""}}, "coloraxis": {"colorbar": {"outlinewidth": 0, "ticks": ""}}, "colorscale": {"sequential": [[0.0, "#0d0887"], [0.1111111111111111, "#46039f"], [0.2222222222222222, "#7201a8"], [0.3333333333333333, "#9c179e"], [0.4444444444444444, "#bd3786"], [0.5555555555555556, "#d8576b"], [0.6666666666666666, "#ed7953"], [0.7777777777777778, "#fb9f3a"], [0.8888888888888888, "#fdca26"], [1.0, "#f0f921"]], "sequentialminus": [[0.0, "#0d0887"], [0.1111111111111111, "#46039f"], [0.2222222222222222, "#7201a8"], [0.3333333333333333, "#9c179e"], [0.4444444444444444, "#bd3786"], [0.5555555555555556, "#d8576b"], [0.6666666666666666, "#ed7953"], [0.7777777777777778, "#fb9f3a"], [0.8888888888888888, "#fdca26"], [1.0, "#f0f921"]], "diverging": [[0, "#8e0152"], [0.1, "#c51b7d"], [0.2, "#de77ae"], [0.3, "#f1b6da"], [0.4, "#fde0ef"], [0.5, "#f7f7f7"], [0.6, "#e6f5d0"], [0.7, "#b8e186"], [0.8, "#7fbc41"], [0.9, "#4d9221"], [1, "#276419"]]}, "xaxis": {"gridcolor": "rgba(0, 0, 0, 0)", "linecolor": "#506784", "ticks": "", "title": {"standoff": 15}, "zerolinecolor": "#283442", "automargin": true, "zerolinewidth": 2, "tickfont": {"family": "Courier New", "size": 14}, "side": "top", "tickangle": -90}, "yaxis": {"gridcolor": "rgba(0, 0, 0, 0)", "linecolor": "#506784", "ticks": "", "title": {"standoff": 15}, "zerolinecolor": "#283442", "automargin": true, "zerolinewidth": 2, "tickfont": {"family": "Courier New"}, "side": "right"}, "scene": {"xaxis": {"backgroundcolor": "rgb(17,17,17)", "gridcolor": "#506784", "linecolor": "#506784", "showbackground": true, "ticks": "", "zerolinecolor": "#C8D4E3", "gridwidth": 2}, "yaxis": {"backgroundcolor": "rgb(17,17,17)", "gridcolor": "#506784", "linecolor": "#506784", "showbackground": true, "ticks": "", "zerolinecolor": "#C8D4E3", "gridwidth": 2}, "zaxis": {"backgroundcolor": "rgb(17,17,17)", "gridcolor": "#506784", "linecolor": "#506784", "showbackground": true, "ticks": "", "zerolinecolor": "#C8D4E3", "gridwidth": 2}}, "shapedefaults": {"line": {"color": "#f2f5fa"}}, "annotationdefaults": {"arrowcolor": "#f2f5fa", "arrowhead": 0, "arrowwidth": 1}, "geo": {"bgcolor": "rgb(17,17,17)", "landcolor": "rgb(17,17,17)", "subunitcolor": "#506784", "showland": true, "showlakes": true, "lakecolor": "rgb(17,17,17)"}, "title": {"x": 0.05, "font": {"family": "Times New Roman"}, "y": 0.05, "text": "<b>Correlation of Adj Close<b><br><i>2016-09-23 ~ 2025-07-21<i>"}, "updatemenudefaults": {"bgcolor": "#506784", "borderwidth": 0}, "sliderdefaults": {"bgcolor": "#C8D4E3", "borderwidth": 1, "bordercolor": "rgb(17,17,17)", "tickwidth": 0}, "mapbox": {"style": "dark"}}, "config": {"responsive": true, "toImageButtonOptions": {"filename": "Correlation of Adj Close_2016-09-23~2025-07-21", "scale": 5}}};

Plotly.newPlot("correlationAdjClose",
    correlationAdjClose.data,
    correlationAdjClose.layout || {},
    correlationAdjClose.config);