var correlationAdjClose = {"data": [{"type": "heatmap", "z": [[1.0, 0.9939704390515294, 0.976839841022748, 0.9976518144015102, 0.9647803793349469, 0.9813803249768431, -0.9427136699177066, 0.989965129466421, 0.9699456577251347, 0.9972272981197365, 0.9972180013162382, 0.9976979390367477, 0.9931814740021175, 0.9938888036980895, 0.9972130242394658, 0.9839065683457567, 0.9996656259902683, 0.9900000443165444, 0.919986054075713, 0.7415735335426975, 0.9853647950227048, 0.9206752154115546, 0.4451633661644798, -0.3034983649781727, 0.9012725208367266, 0.9742452742412987, 0.9543371547940369, 0.9800162258114633, 0.9636458309595742, 0.9756721130033764, 0.9719185154684256, 0.9454196553867726, 0.9796400367415135, 0.9700878232783157, 0.9549951280026424], [0.9939704390515294, 1.0, 0.9722143235453332, 0.9912948987442616, 0.960254048763888, 0.9767792899353723, -0.9380173335280242, 0.9807970995164572, 0.9629889988900134, 0.9953492653650249, 0.9951974226111385, 0.9943931417982543, 0.9922697835430176, 0.9915085717779292, 0.9951284526992811, 0.9778035248425545, 0.9966375234628412, 0.9835504405194476, 0.9089472451766438, 0.7529317883485351, 0.9669041614888972, 0.899889272509121, 0.44469630453885606, -0.2274861284130362, 0.8750529551669667, 0.9618964279459129, 0.9538694571473703, 0.9577436954693721, 0.9494906317503403, 0.9653704657143152, 0.9559320008073048, 0.9431803459886001, 0.9683869374276953, 0.9613130962909444, 0.9485066721591757], [0.976839841022748, 0.9722143235453332, 1.0, 0.9829200204453348, 0.9960377667528874, 0.9790084307633291, -0.9757015703044802, 0.9701491356128213, 0.9839113727502294, 0.9885995617169445, 0.9893219002616687, 0.9857632880170574, 0.9970751868180683, 0.9968989917647193, 0.9890776825750391, 0.9776905551586635, 0.987738423508101, 0.9700463785095235, 0.8270314747794884, 0.6313467033194456, 0.9901316446240155, 0.9111970520017084, 0.27996783165313827, -0.22631865264026224, 0.9072206442895833, 0.943628327875009, 0.9793415282568732, 0.929645036305117, 0.9109511447062021, 0.9636226092651246, 0.91973724511978, 0.9067735523063197, 0.9663176348584114, 0.9737915283486381, 0.9249582175102719], [0.9976518144015102, 0.9912948987442616, 0.9829200204453348, 1.0, 0.9763748600785896, 0.9736169010420237, -0.9375166283709818, 0.9843351042110955, 0.9674008389673464, 0.9999707803520506, 0.9999892220731875, 0.9999567840136374, 0.9914035364906618, 0.9894433148156538, 0.9999429316629865, 0.9735265778777762, 0.9960525443695843, 0.984198445024995, 0.906166414852332, 0.7116190169255968, 0.993285601338802, 0.9219984273077402, 0.42117520438445877, -0.29494649128224243, 0.8994968844683734, 0.9691873279886434, 0.9606669581565795, 0.9709584904119748, 0.9608237894004794, 0.9775623640828088, 0.9622059189970894, 0.9344026409969481, 0.9776350025011687, 0.9687097932837396, 0.9469026339815926], [0.9647803793349469, 0.960254048763888, 0.9960377667528874, 0.9763748600785896, 1.0, 0.9587461591810624, -0.9572608930826867, 0.9552049974038755, 0.971700535263756, 0.9848868907158385, 0.9856481759726443, 0.9816515717018979, 0.9865813413248278, 0.9829265053801354, 0.9853079959016405, 0.9563973172899631, 0.9759707353487808, 0.9550131056904155, 0.8066958269351673, 0.5959177828848827, 0.989463817900986, 0.9071331940751182, 0.25578656838686986, -0.21951302260947878, 0.8888526842307246, 0.9298206146138372, 0.9771808184332226, 0.9094945407204708, 0.8973508244435439, 0.9574055488763306, 0.8983267852327902, 0.8808246184637257, 0.9562034368635469, 0.9622855247711302, 0.9019370269063943], [0.9813803249768431, 0.9767792899353723, 0.9790084307633291, 0.9736169010420237, 0.9587461591810624, 1.0, -0.9807049376058512, 0.9804492274480584, 0.9797363200802935, 0.9687639211709261, 0.96912325410372, 0.9716685608114466, 0.9770514898233128, 0.9750344519843981, 0.9688984163582247, 0.9999069205086776, 0.9860325946457599, 0.9815468244938698, 0.8610402759122503, 0.708131372472169, 0.9672226851150091, 0.8911925825264443, 0.3108868028207515, -0.2149969394452658, 0.9366623317938263, 0.9565750588029309, 0.9593284764322254, 0.9571232037104362, 0.9270079882117599, 0.9521151726445467, 0.9512214678049798, 0.9546226407897311, 0.9564322158810699, 0.9762408878513275, 0.9555248146002417], [-0.9427136699177066, -0.9380173335280242, -0.9757015703044802, -0.9375166283709818, -0.9572608930826867, -0.9807049376058512, 1.0, -0.9514991542888311, -0.9833285790602899, -0.9479004952816342, -0.9491334590803171, -0.9442674695376692, -0.9740231504693001, -0.975761840814441, -0.948744881642031, -0.9838725502187725, -0.9643606482352763, -0.9545239172112618, -0.7735466904895418, -0.6062404430750952, -0.9428114378268911, -0.8815007600019974, -0.168430073961597, 0.14927169655099307, -0.9048877828970436, -0.9138136668732185, -0.9570574825368942, -0.8983536443153821, -0.857165457550417, -0.9244239993598221, -0.889792450033921, -0.9088250578807061, -0.9249696843030399, -0.9633462340939623, -0.9096961779216133], [0.989965129466421, 0.9807970995164572, 0.9701491356128213, 0.9843351042110955, 0.9552049974038755, 0.9804492274480584, -0.9514991542888311, 1.0, 0.9823574222366381, 0.9800602878928893, 0.9800154854941385, 0.9832361915799369, 0.9758773576260006, 0.9748508934310274, 0.980002847782366, 0.9823936264422952, 0.9875815929045078, 0.9998702581658123, 0.922930707940585, 0.6759965921348253, 0.9738940176501372, 0.8947704662569881, 0.3031387919012167, -0.31146957611921827, 0.9055401170852158, 0.9554480198734243, 0.9373125468847906, 0.9774848469431923, 0.9520969485725097, 0.968950988140816, 0.9623664711357716, 0.9352793029281782, 0.9588775067132271, 0.957100244741269, 0.9656067446970567], [0.9699456577251347, 0.9629889988900134, 0.9839113727502294, 0.9674008389673464, 0.971700535263756, 0.9797363200802935, -0.9833285790602899, 0.9823574222366381, 1.0, 0.9629891033098523, 0.9636666032971163, 0.9654783586621281, 0.9728761924163836, 0.9699542499921537, 0.963400480781569, 0.9788560351404441, 0.9700296083669888, 0.9816787133072293, 0.849357215062177, 0.6006938426026843, 0.967450143236736, 0.905728500811319, 0.1602924647312783, -0.23011962478015183, 0.8869432426559507, 0.9327758748921748, 0.9598076175889817, 0.9326715611328352, 0.894187686882746, 0.9563482943953433, 0.9155396956245081, 0.9024644786430336, 0.9447519983280817, 0.9690299834825435, 0.9233184587494425], [0.9972272981197365, 0.9953492653650249, 0.9885995617169445, 0.9999707803520506, 0.9848868907158385, 0.9687639211709261, -0.9479004952816342, 0.9800602878928893, 0.9629891033098523, 1.0, 0.9999874017155111, 0.9999823598038617, 0.9912362141340031, 0.9892410273069605, 0.9999476452069056, 0.9693277480905987, 0.9956378184085661, 0.981097106179331, 0.9304224008038033, 0.6367218506014924, 0.996671301200318, 0.8993938627689244, -0.011345797061421982, 0.4378485157785062, 0.917308180374215, 0.9533907376663849, 0.9659339407501724, 0.961716038518861, 0.942432150305293, 0.9653019150895645, 0.9414730706470291, 0.9205399236505983, 0.9647689454666459, 0.980038861209825, 0.9445103658899215], [0.9972180013162382, 0.9951974226111385, 0.9893219002616687, 0.9999892220731875, 0.9856481759726443, 0.96912325410372, -0.9491334590803171, 0.9800154854941385, 0.9636666032971163, 0.9999874017155111, 1.0, 0.9999713743148505, 0.9914260418801932, 0.9894259081570865, 0.9999523834074788, 0.9696597960303217, 0.995689437322632, 0.9810219383261416, 0.9295739841553281, 0.6330531051526682, 0.9969650852897426, 0.8986184956795508, -0.026251081659364853, 0.43344134516924215, 0.9166149732790874, 0.9532347237828789, 0.9668346997063357, 0.9612028682704888, 0.9411092655448973, 0.9654019725607352, 0.9404222701231278, 0.9192567637676982, 0.9649566218000785, 0.9805753414811299, 0.9438230238311174], [0.9976979390367477, 0.9943931417982543, 0.9857632880170574, 0.9999567840136374, 0.9816515717018979, 0.9716685608114466, -0.9442674695376692, 0.9832361915799369, 0.9654783586621281, 0.9999823598038617, 0.9999713743148505, 1.0, 0.9911919825575017, 0.989155733743172, 0.9999613113792382, 0.9721125581696373, 0.995824285444471, 0.9838244828353693, 0.9216731678409789, 0.6825428596144577, 0.9958525956892371, 0.91581542372672, 0.18768936153856317, -0.19452110989428384, 0.9242162467616235, 0.962241294604099, 0.9554385979450184, 0.9651623516504534, 0.9513513906065283, 0.9720041575634184, 0.9526019628328316, 0.9331906804247695, 0.9721166459218562, 0.9669402029549701, 0.9532345847640801], [0.9931814740021175, 0.9922697835430176, 0.9970751868180683, 0.9914035364906618, 0.9865813413248278, 0.9770514898233128, -0.9740231504693001, 0.9758773576260006, 0.9728761924163836, 0.9912362141340031, 0.9914260418801932, 0.9911919825575017, 1.0, 0.9996800486763948, 0.9913483525457657, 0.9778827812437919, 0.9935141825411022, 0.977245885363998, 0.9110536030934673, 0.5757777745862741, 0.9861143864654883, 0.8909205133910731, -0.31125740665291646, 0.46067015042965764, 0.9072123959289814, 0.9530089240417482, 0.9774254065572548, 0.9438550968765297, 0.9029294802642563, 0.946353972255933, 0.9138080158131668, 0.8895473399975291, 0.9629510519088208, 0.9795278904480592, 0.9359718672163126], [0.9938888036980895, 0.9915085717779292, 0.9968989917647193, 0.9894433148156538, 0.9829265053801354, 0.9750344519843981, -0.975761840814441, 0.9748508934310274, 0.9699542499921537, 0.9892410273069605, 0.9894259081570865, 0.989155733743172, 0.9996800486763948, 1.0, 0.9894644411249793, 0.9759370366801317, 0.9940479721068456, 0.9764740656754686, 0.9185173386137067, 0.4572573846790524, 0.9808929015875736, 0.8796207619161394, -0.7050726143898641, 0.43910049391105715, 0.8803005323054871, 0.9498116847357696, 0.9767831285807707, 0.936103444906128, 0.8849046955151069, 0.9372865607275431, 0.9106262097857192, 0.86774692230322, 0.9651333380718599, 0.9777596200317575, 0.9284149852090647], [0.9972130242394658, 0.9951284526992811, 0.9890776825750391, 0.9999429316629865, 0.9853079959016405, 0.9688984163582247, -0.948744881642031, 0.980002847782366, 0.963400480781569, 0.9999476452069056, 0.9999523834074788, 0.9999613113792382, 0.9913483525457657, 0.9894644411249793, 1.0, 0.9694558658439946, 0.995655939904023, 0.9810522863047244, 0.9302169103835669, 0.6338026922100518, 0.9967992454557637, 0.8986525082745047, -0.023083142058443695, 0.43346821553421083, 0.916435286906999, 0.9523806551513923, 0.9661182601659044, 0.9614809331227129, 0.9416111626966717, 0.9653834085052085, 0.9410202412007967, 0.9198035999172263, 0.9647730791507125, 0.980405244326373, 0.9441873049511076], [0.9839065683457567, 0.9778035248425545, 0.9776905551586635, 0.9735265778777762, 0.9563973172899631, 0.9999069205086776, -0.9838725502187725, 0.9823936264422952, 0.9788560351404441, 0.9693277480905987, 0.9696597960303217, 0.9721125581696373, 0.9778827812437919, 0.9759370366801317, 0.9694558658439946, 1.0, 0.9864855613103456, 0.9816676421116066, 0.8846816486071198, 0.7085439508732433, 0.9658071934121972, 0.8867000307386917, 0.18213910191091637, -0.19330964031455863, 0.945226304513325, 0.9585699606055887, 0.9560977043685688, 0.9604912296510711, 0.9238542518580012, 0.948913205947021, 0.9520818467757364, 0.953963912568892, 0.9589891273841503, 0.9757892428392243, 0.9603455761954679], [0.9996656259902683, 0.9966375234628412, 0.987738423508101, 0.9960525443695843, 0.9759707353487808, 0.9860325946457599, -0.9643606482352763, 0.9875815929045078, 0.9700296083669888, 0.9956378184085661, 0.995689437322632, 0.995824285444471, 0.9935141825411022, 0.9940479721068456, 0.995655939904023, 0.9864855613103456, 1.0, 0.9884553259029761, 0.9359141766236959, 0.6753929164688958, 0.9889022188164437, 0.8958508390724972, 0.027535646564878894, 0.4521484596118499, 0.9355180379880489, 0.9609897092065126, 0.9642636677550007, 0.9743951477457734, 0.9464708537331512, 0.9643352063458406, 0.9561699110411217, 0.9431122592327588, 0.9708781956106869, 0.9845092492471329, 0.9652010004565231], [0.9900000443165444, 0.9835504405194476, 0.9700463785095235, 0.984198445024995, 0.9550131056904155, 0.9815468244938698, -0.9545239172112618, 0.9998702581658123, 0.9816787133072293, 0.981097106179331, 0.9810219383261416, 0.9838244828353693, 0.977245885363998, 0.9764740656754686, 0.9810522863047244, 0.9816676421116066, 0.9884553259029761, 1.0, 0.9291923197411929, 0.6750265729005653, 0.9729166404524782, 0.8997313828380288, 0.27066613789305416, -0.2925315825228073, 0.9110091882144481, 0.954238314871878, 0.9373189505982522, 0.9779315513134009, 0.9514292433704682, 0.9675187952953777, 0.9607841484498595, 0.9350996270065592, 0.9581755692418193, 0.9549570782189143, 0.9668124887163606], [0.919986054075713, 0.9089472451766438, 0.8270314747794884, 0.906166414852332, 0.8066958269351673, 0.8610402759122503, -0.7735466904895418, 0.922930707940585, 0.849357215062177, 0.9304224008038033, 0.9295739841553281, 0.9216731678409789, 0.9110536030934673, 0.9185173386137067, 0.9302169103835669, 0.8846816486071198, 0.9359141766236959, 0.9291923197411929, 1.0, 0.8419996185780395, 0.8575357016284548, 0.8722777816857117, 0.6927643903681462, -0.5332566827190952, 0.6960526963073684, 0.9158759467886283, 0.7991991983763749, 0.9571090881883685, 0.9347226290396651, 0.9016620461899725, 0.9432535088753363, 0.8928631353487609, 0.8973267634974097, 0.845097238705213, 0.8778090677946898], [0.7415735335426975, 0.7529317883485351, 0.6313467033194456, 0.7116190169255968, 0.5959177828848827, 0.708131372472169, -0.6062404430750952, 0.6759965921348253, 0.6006938426026843, 0.6367218506014924, 0.6330531051526682, 0.6825428596144577, 0.5757777745862741, 0.4572573846790524, 0.6338026922100518, 0.7085439508732433, 0.6753929164688958, 0.6750265729005653, 0.8419996185780395, 1.0, 0.6346561188187126, 0.7483955916390737, 0.7318002762801428, -0.11634803568351836, 0.5376448146313435, 0.7530621966399625, 0.6386036742074832, 0.7930045769868095, 0.7289366024910479, 0.6697217883929614, 0.765243083989242, 0.7675703935383463, 0.6995768386543734, 0.6670059218625838, 0.7019378361265979], [0.9853647950227048, 0.9669041614888972, 0.9901316446240155, 0.993285601338802, 0.989463817900986, 0.9672226851150091, -0.9428114378268911, 0.9738940176501372, 0.967450143236736, 0.996671301200318, 0.9969650852897426, 0.9958525956892371, 0.9861143864654883, 0.9808929015875736, 0.9967992454557637, 0.9658071934121972, 0.9889022188164437, 0.9729166404524782, 0.8575357016284548, 0.6346561188187126, 1.0, 0.8927274225372772, 0.3484831396618333, -0.2888668556249384, 0.8864208116507135, 0.9523849247263645, 0.9698427024362203, 0.9397516349863856, 0.943587637746642, 0.9687111423278341, 0.940148713722658, 0.9103985236733593, 0.9678994745959567, 0.9550383164288034, 0.9288507126235386], [0.9206752154115546, 0.899889272509121, 0.9111970520017084, 0.9219984273077402, 0.9071331940751182, 0.8911925825264443, -0.8815007600019974, 0.8947704662569881, 0.905728500811319, 0.8993938627689244, 0.8986184956795508, 0.91581542372672, 0.8909205133910731, 0.8796207619161394, 0.8986525082745047, 0.8867000307386917, 0.8958508390724972, 0.8997313828380288, 0.8722777816857117, 0.7483955916390737, 0.8927274225372772, 1.0, 0.3957921991575429, -0.1875395406727765, 0.6982809189964185, 0.9170844686485211, 0.8832431918308417, 0.8958048672127445, 0.843668631999243, 0.9208524823508503, 0.8648799111643178, 0.8394445986562388, 0.9189766185430991, 0.8643255340740446, 0.846777873015768], [0.4451633661644798, 0.44469630453885606, 0.27996783165313827, 0.42117520438445877, 0.25578656838686986, 0.3108868028207515, -0.168430073961597, 0.3031387919012167, 0.1602924647312783, -0.011345797061421982, -0.026251081659364853, 0.18768936153856317, -0.31125740665291646, -0.7050726143898641, -0.023083142058443695, 0.18213910191091637, 0.027535646564878894, 0.27066613789305416, 0.6927643903681462, 0.7318002762801428, 0.3484831396618333, 0.3957921991575429, 1.0, -0.39630169432286516, 0.2955938532287372, 0.42610138624046523, 0.22729482180209867, 0.5216691462679821, 0.520809703801462, 0.38407332021474505, 0.5389178395919751, 0.4479708294073218, 0.39922508086385167, 0.31830591200935315, 0.42249492826348406], [-0.3034983649781727, -0.2274861284130362, -0.22631865264026224, -0.29494649128224243, -0.21951302260947878, -0.2149969394452658, 0.14927169655099307, -0.31146957611921827, -0.23011962478015183, 0.4378485157785062, 0.43344134516924215, -0.19452110989428384, 0.46067015042965764, 0.43910049391105715, 0.43346821553421083, -0.19330964031455863, 0.4521484596118499, -0.2925315825228073, -0.5332566827190952, -0.11634803568351836, -0.2888668556249384, -0.1875395406727765, -0.39630169432286516, 1.0, -0.14714963796807756, -0.33242031092057683, -0.1748742707035587, -0.38997708651342144, -0.3800457942882864, -0.32761779884734754, -0.3457917151394403, -0.2019325219993566, -0.3508904059399128, -0.17720855326845145, -0.3157818614698946], [0.9012725208367266, 0.8750529551669667, 0.9072206442895833, 0.8994968844683734, 0.8888526842307246, 0.9366623317938263, -0.9048877828970436, 0.9055401170852158, 0.8869432426559507, 0.917308180374215, 0.9166149732790874, 0.9242162467616235, 0.9072123959289814, 0.8803005323054871, 0.916435286906999, 0.945226304513325, 0.9355180379880489, 0.9110091882144481, 0.6960526963073684, 0.5376448146313435, 0.8864208116507135, 0.6982809189964185, 0.2955938532287372, -0.14714963796807756, 1.0, 0.8359681436382637, 0.8855784912794668, 0.8091126918038034, 0.8581725764758286, 0.82804515826499, 0.8654958468412286, 0.859131094752697, 0.8563786644165216, 0.8662911516616437, 0.8935824414821503], [0.9742452742412987, 0.9618964279459129, 0.943628327875009, 0.9691873279886434, 0.9298206146138372, 0.9565750588029309, -0.9138136668732185, 0.9554480198734243, 0.9327758748921748, 0.9533907376663849, 0.9532347237828789, 0.962241294604099, 0.9530089240417482, 0.9498116847357696, 0.9523806551513923, 0.9585699606055887, 0.9609897092065126, 0.954238314871878, 0.9158759467886283, 0.7530621966399625, 0.9523849247263645, 0.9170844686485211, 0.42610138624046523, -0.33242031092057683, 0.8359681436382637, 1.0, 0.9328158626724902, 0.9602842348279569, 0.9346900382274596, 0.9430802830038896, 0.9440846539194133, 0.9166245122127799, 0.9635354840929231, 0.9266122839791863, 0.924387844989238], [0.9543371547940369, 0.9538694571473703, 0.9793415282568732, 0.9606669581565795, 0.9771808184332226, 0.9593284764322254, -0.9570574825368942, 0.9373125468847906, 0.9598076175889817, 0.9659339407501724, 0.9668346997063357, 0.9554385979450184, 0.9774254065572548, 0.9767831285807707, 0.9661182601659044, 0.9560977043685688, 0.9642636677550007, 0.9373189505982522, 0.7991991983763749, 0.6386036742074832, 0.9698427024362203, 0.8832431918308417, 0.22729482180209867, -0.1748742707035587, 0.8855784912794668, 0.9328158626724902, 1.0, 0.9024545048123952, 0.8802344409000726, 0.9363931576995344, 0.8827573990419424, 0.8833127414464318, 0.9432158215233323, 0.9704294807788009, 0.88405169199851], [0.9800162258114633, 0.9577436954693721, 0.929645036305117, 0.9709584904119748, 0.9094945407204708, 0.9571232037104362, -0.8983536443153821, 0.9774848469431923, 0.9326715611328352, 0.961716038518861, 0.9612028682704888, 0.9651623516504534, 0.9438550968765297, 0.936103444906128, 0.9614809331227129, 0.9604912296510711, 0.9743951477457734, 0.9779315513134009, 0.9571090881883685, 0.7930045769868095, 0.9397516349863856, 0.8958048672127445, 0.5216691462679821, -0.38997708651342144, 0.8091126918038034, 0.9602842348279569, 0.9024545048123952, 1.0, 0.9854261534813192, 0.9656189760882635, 0.9895902432693973, 0.9512665564495763, 0.9580438670030786, 0.9125610808292532, 0.9662492099400988], [0.9636458309595742, 0.9494906317503403, 0.9109511447062021, 0.9608237894004794, 0.8973508244435439, 0.9270079882117599, -0.857165457550417, 0.9520969485725097, 0.894187686882746, 0.942432150305293, 0.9411092655448973, 0.9513513906065283, 0.9029294802642563, 0.8849046955151069, 0.9416111626966717, 0.9238542518580012, 0.9464708537331512, 0.9514292433704682, 0.9347226290396651, 0.7289366024910479, 0.943587637746642, 0.843668631999243, 0.520809703801462, -0.3800457942882864, 0.8581725764758286, 0.9346900382274596, 0.8802344409000726, 0.9854261534813192, 1.0, 0.9494009402579499, 0.98280792274267, 0.9546160461660819, 0.9338282083192078, 0.9161084168078713, 0.9617987621254378], [0.9756721130033764, 0.9653704657143152, 0.9636226092651246, 0.9775623640828088, 0.9574055488763306, 0.9521151726445467, -0.9244239993598221, 0.968950988140816, 0.9563482943953433, 0.9653019150895645, 0.9654019725607352, 0.9720041575634184, 0.946353972255933, 0.9372865607275431, 0.9653834085052085, 0.948913205947021, 0.9643352063458406, 0.9675187952953777, 0.9016620461899725, 0.6697217883929614, 0.9687111423278341, 0.9208524823508503, 0.38407332021474505, -0.32761779884734754, 0.82804515826499, 0.9430802830038896, 0.9363931576995344, 0.9656189760882635, 0.9494009402579499, 1.0, 0.953345866722727, 0.9174099978876492, 0.975595281573222, 0.9560477972455746, 0.9447825948812707], [0.9719185154684256, 0.9559320008073048, 0.91973724511978, 0.9622059189970894, 0.8983267852327902, 0.9512214678049798, -0.889792450033921, 0.9623664711357716, 0.9155396956245081, 0.9414730706470291, 0.9404222701231278, 0.9526019628328316, 0.9138080158131668, 0.9106262097857192, 0.9410202412007967, 0.9520818467757364, 0.9561699110411217, 0.9607841484498595, 0.9432535088753363, 0.765243083989242, 0.940148713722658, 0.8648799111643178, 0.5389178395919751, -0.3457917151394403, 0.8654958468412286, 0.9440846539194133, 0.8827573990419424, 0.9895902432693973, 0.98280792274267, 0.953345866722727, 1.0, 0.973108204464721, 0.9421224099593647, 0.9347338741317502, 0.9617037232376885], [0.9454196553867726, 0.9431803459886001, 0.9067735523063197, 0.9344026409969481, 0.8808246184637257, 0.9546226407897311, -0.9088250578807061, 0.9352793029281782, 0.9024644786430336, 0.9205399236505983, 0.9192567637676982, 0.9331906804247695, 0.8895473399975291, 0.86774692230322, 0.9198035999172263, 0.953963912568892, 0.9431122592327588, 0.9350996270065592, 0.8928631353487609, 0.7675703935383463, 0.9103985236733593, 0.8394445986562388, 0.4479708294073218, -0.2019325219993566, 0.859131094752697, 0.9166245122127799, 0.8833127414464318, 0.9512665564495763, 0.9546160461660819, 0.9174099978876492, 0.973108204464721, 1.0, 0.9048188723140372, 0.9326477843859005, 0.952191914440911], [0.9796400367415135, 0.9683869374276953, 0.9663176348584114, 0.9776350025011687, 0.9562034368635469, 0.9564322158810699, -0.9249696843030399, 0.9588775067132271, 0.9447519983280817, 0.9647689454666459, 0.9649566218000785, 0.9721166459218562, 0.9629510519088208, 0.9651333380718599, 0.9647730791507125, 0.9589891273841503, 0.9708781956106869, 0.9581755692418193, 0.8973267634974097, 0.6995768386543734, 0.9678994745959567, 0.9189766185430991, 0.39922508086385167, -0.3508904059399128, 0.8563786644165216, 0.9635354840929231, 0.9432158215233323, 0.9580438670030786, 0.9338282083192078, 0.975595281573222, 0.9421224099593647, 0.9048188723140372, 1.0, 0.9524450545486677, 0.9405307639418913], [0.9700878232783157, 0.9613130962909444, 0.9737915283486381, 0.9687097932837396, 0.9622855247711302, 0.9762408878513275, -0.9633462340939623, 0.957100244741269, 0.9690299834825435, 0.980038861209825, 0.9805753414811299, 0.9669402029549701, 0.9795278904480592, 0.9777596200317575, 0.980405244326373, 0.9757892428392243, 0.9845092492471329, 0.9549570782189143, 0.845097238705213, 0.6670059218625838, 0.9550383164288034, 0.8643255340740446, 0.31830591200935315, -0.17720855326845145, 0.8662911516616437, 0.9266122839791863, 0.9704294807788009, 0.9125610808292532, 0.9161084168078713, 0.9560477972455746, 0.9347338741317502, 0.9326477843859005, 0.9524450545486677, 1.0, 0.9167908995099261], [0.9549951280026424, 0.9485066721591757, 0.9249582175102719, 0.9469026339815926, 0.9019370269063943, 0.9555248146002417, -0.9096961779216133, 0.9656067446970567, 0.9233184587494425, 0.9445103658899215, 0.9438230238311174, 0.9532345847640801, 0.9359718672163126, 0.9284149852090647, 0.9441873049511076, 0.9603455761954679, 0.9652010004565231, 0.9668124887163606, 0.8778090677946898, 0.7019378361265979, 0.9288507126235386, 0.846777873015768, 0.42249492826348406, -0.3157818614698946, 0.8935824414821503, 0.924387844989238, 0.88405169199851, 0.9662492099400988, 0.9617987621254378, 0.9447825948812707, 0.9617037232376885, 0.952191914440911, 0.9405307639418913, 0.9167908995099261, 1.0]], "x": ["^TAIEX       \u81fa\u7063\u52a0\u6b0a\u5831\u916c\u6307\u6578", "^TWII        \u81fa\u7063\u52a0\u6b0a\u6307\u6578", "^TAIEXx2     \u81fa\u7063\u52a0\u6b0a\u5831\u916c\u6307\u6578_\u65e5\u6b632", "^TAI50I      \u81fa\u706350\u5831\u916c\u6307\u6578", "^TAI50Ix2    \u81fa\u706350\u5831\u916c\u6307\u6578_\u65e5\u6b632", "^TAI100I     \u81fa\u7063\u4e2d\u578b100\u5831\u916c\u6307\u6578", "^TAI100Ix2   \u81fa\u7063\u4e2d\u578b100\u5831\u916c\u6307\u6578_\u65e5\u6b632", "^TAIDIVIDI   \u81fa\u7063\u9ad8\u80a1\u606f\u5831\u916c\u6307\u6578", "^TAIDIVIDIx2 \u81fa\u7063\u9ad8\u80a1\u606f\u5831\u916c\u6307\u6578_\u65e5\u6b632", "0050Fund     \u5143\u5927\u53f0\u7063\u5353\u8d8a50\u57fa\u91d1", "006208Fund   \u5bcc\u90a6\u53f0\u7063\u91c6\u540950\u57fa\u91d1", "0050         \u5143\u5927\u81fa\u706350", "00631L       \u5143\u5927\u53f0\u706350\u6b632", "00675L       \u5bcc\u90a6\u81fa\u7063\u52a0\u6b0a\u6b632", "006208       \u5bcc\u90a6\u53f050", "0051         \u5143\u5927\u4e2d\u578b100", "006204       \u6c38\u8c50\u81fa\u7063\u52a0\u6b0a", "0056         \u5143\u5927\u9ad8\u80a1\u606f", "2412         \u4e2d\u83ef\u96fb\u4fe1", "2002         \u4e2d\u92fc", "2330         \u53f0\u7a4d\u96fb", "2317         \u9d3b\u6d77", "6505         \u53f0\u5851\u77f3\u5316", "3481         \u7fa4\u5275", "2303         \u806f\u96fb", "2308         \u53f0\u9054\u96fb", "2454         \u806f\u767c\u79d1", "2886         \u5146\u8c50\u91d1", "2884         \u7389\u5c71\u91d1", "2891         \u4e2d\u4fe1\u91d1", "2892         \u7b2c\u4e00\u91d1", "5880         \u5408\u5eab\u91d1", "2881         \u5bcc\u90a6\u91d1", "2885         \u5143\u5927\u91d1", "2887         \u53f0\u65b0\u91d1"], "y": ["^TAIEX       \u81fa\u7063\u52a0\u6b0a\u5831\u916c\u6307\u6578", "^TWII        \u81fa\u7063\u52a0\u6b0a\u6307\u6578", "^TAIEXx2     \u81fa\u7063\u52a0\u6b0a\u5831\u916c\u6307\u6578_\u65e5\u6b632", "^TAI50I      \u81fa\u706350\u5831\u916c\u6307\u6578", "^TAI50Ix2    \u81fa\u706350\u5831\u916c\u6307\u6578_\u65e5\u6b632", "^TAI100I     \u81fa\u7063\u4e2d\u578b100\u5831\u916c\u6307\u6578", "^TAI100Ix2   \u81fa\u7063\u4e2d\u578b100\u5831\u916c\u6307\u6578_\u65e5\u6b632", "^TAIDIVIDI   \u81fa\u7063\u9ad8\u80a1\u606f\u5831\u916c\u6307\u6578", "^TAIDIVIDIx2 \u81fa\u7063\u9ad8\u80a1\u606f\u5831\u916c\u6307\u6578_\u65e5\u6b632", "0050Fund     \u5143\u5927\u53f0\u7063\u5353\u8d8a50\u57fa\u91d1", "006208Fund   \u5bcc\u90a6\u53f0\u7063\u91c6\u540950\u57fa\u91d1", "0050         \u5143\u5927\u81fa\u706350", "00631L       \u5143\u5927\u53f0\u706350\u6b632", "00675L       \u5bcc\u90a6\u81fa\u7063\u52a0\u6b0a\u6b632", "006208       \u5bcc\u90a6\u53f050", "0051         \u5143\u5927\u4e2d\u578b100", "006204       \u6c38\u8c50\u81fa\u7063\u52a0\u6b0a", "0056         \u5143\u5927\u9ad8\u80a1\u606f", "2412         \u4e2d\u83ef\u96fb\u4fe1", "2002         \u4e2d\u92fc", "2330         \u53f0\u7a4d\u96fb", "2317         \u9d3b\u6d77", "6505         \u53f0\u5851\u77f3\u5316", "3481         \u7fa4\u5275", "2303         \u806f\u96fb", "2308         \u53f0\u9054\u96fb", "2454         \u806f\u767c\u79d1", "2886         \u5146\u8c50\u91d1", "2884         \u7389\u5c71\u91d1", "2891         \u4e2d\u4fe1\u91d1", "2892         \u7b2c\u4e00\u91d1", "5880         \u5408\u5eab\u91d1", "2881         \u5bcc\u90a6\u91d1", "2885         \u5143\u5927\u91d1", "2887         \u53f0\u65b0\u91d1"], "zmin": -1, "zmax": 1, "colorbar": {"x": -0.2}}], "layout": {"autotypenumbers": "strict", "colorway": ["#636efa", "#EF553B", "#00cc96", "#ab63fa", "#FFA15A", "#19d3f3", "#FF6692", "#B6E880", "#FF97FF", "#FECB52"], "font": {"color": "#f2f5fa", "family": "Courier New"}, "hovermode": "closest", "hoverlabel": {"align": "left"}, "paper_bgcolor": "rgb(17,17,17)", "plot_bgcolor": "rgb(17,17,17)", "polar": {"bgcolor": "rgb(17,17,17)", "angularaxis": {"gridcolor": "#506784", "linecolor": "#506784", "ticks": ""}, "radialaxis": {"gridcolor": "#506784", "linecolor": "#506784", "ticks": ""}}, "ternary": {"bgcolor": "rgb(17,17,17)", "aaxis": {"gridcolor": "#506784", "linecolor": "#506784", "ticks": ""}, "baxis": {"gridcolor": "#506784", "linecolor": "#506784", "ticks": ""}, "caxis": {"gridcolor": "#506784", "linecolor": "#506784", "ticks": ""}}, "coloraxis": {"colorbar": {"outlinewidth": 0, "ticks": ""}}, "colorscale": {"sequential": [[0.0, "#0d0887"], [0.1111111111111111, "#46039f"], [0.2222222222222222, "#7201a8"], [0.3333333333333333, "#9c179e"], [0.4444444444444444, "#bd3786"], [0.5555555555555556, "#d8576b"], [0.6666666666666666, "#ed7953"], [0.7777777777777778, "#fb9f3a"], [0.8888888888888888, "#fdca26"], [1.0, "#f0f921"]], "sequentialminus": [[0.0, "#0d0887"], [0.1111111111111111, "#46039f"], [0.2222222222222222, "#7201a8"], [0.3333333333333333, "#9c179e"], [0.4444444444444444, "#bd3786"], [0.5555555555555556, "#d8576b"], [0.6666666666666666, "#ed7953"], [0.7777777777777778, "#fb9f3a"], [0.8888888888888888, "#fdca26"], [1.0, "#f0f921"]], "diverging": [[0, "#8e0152"], [0.1, "#c51b7d"], [0.2, "#de77ae"], [0.3, "#f1b6da"], [0.4, "#fde0ef"], [0.5, "#f7f7f7"], [0.6, "#e6f5d0"], [0.7, "#b8e186"], [0.8, "#7fbc41"], [0.9, "#4d9221"], [1, "#276419"]]}, "xaxis": {"gridcolor": "rgba(0, 0, 0, 0)", "linecolor": "#506784", "ticks": "", "title": {"standoff": 15}, "zerolinecolor": "#283442", "automargin": true, "zerolinewidth": 2, "tickfont": {"family": "Courier New", "size": 14}, "side": "top", "tickangle": -90}, "yaxis": {"gridcolor": "rgba(0, 0, 0, 0)", "linecolor": "#506784", "ticks": "", "title": {"standoff": 15}, "zerolinecolor": "#283442", "automargin": true, "zerolinewidth": 2, "tickfont": {"family": "Courier New"}, "side": "right"}, "scene": {"xaxis": {"backgroundcolor": "rgb(17,17,17)", "gridcolor": "#506784", "linecolor": "#506784", "showbackground": true, "ticks": "", "zerolinecolor": "#C8D4E3", "gridwidth": 2}, "yaxis": {"backgroundcolor": "rgb(17,17,17)", "gridcolor": "#506784", "linecolor": "#506784", "showbackground": true, "ticks": "", "zerolinecolor": "#C8D4E3", "gridwidth": 2}, "zaxis": {"backgroundcolor": "rgb(17,17,17)", "gridcolor": "#506784", "linecolor": "#506784", "showbackground": true, "ticks": "", "zerolinecolor": "#C8D4E3", "gridwidth": 2}}, "shapedefaults": {"line": {"color": "#f2f5fa"}}, "annotationdefaults": {"arrowcolor": "#f2f5fa", "arrowhead": 0, "arrowwidth": 1}, "geo": {"bgcolor": "rgb(17,17,17)", "landcolor": "rgb(17,17,17)", "subunitcolor": "#506784", "showland": true, "showlakes": true, "lakecolor": "rgb(17,17,17)"}, "title": {"x": 0.05, "font": {"family": "Times New Roman"}, "y": 0.05, "text": "<b>Correlation of Adj Close<b><br><i>2016-09-23 ~ 2025-07-25<i>"}, "updatemenudefaults": {"bgcolor": "#506784", "borderwidth": 0}, "sliderdefaults": {"bgcolor": "#C8D4E3", "borderwidth": 1, "bordercolor": "rgb(17,17,17)", "tickwidth": 0}, "mapbox": {"style": "dark"}}, "config": {"responsive": true, "toImageButtonOptions": {"filename": "Correlation of Adj Close_2016-09-23~2025-07-25", "scale": 5}}};

Plotly.newPlot("correlationAdjClose",
    correlationAdjClose.data,
    correlationAdjClose.layout || {},
    correlationAdjClose.config);