var element=document.getElementById("correlationClose");if(element.style.display!='none'){var correlationClose={"data":[{"type":"heatmap","z":[[1.0,0.9999999999999976,1.0,0.9950127726039744,0.9950127726039744,0.9691842053845515,0.9691842053845515,0.9105061984924044,0.9105061984924044,0.7884734160236587,0.9947773595143479,0.7396907905400887,0.991493503126481,0.9919791897893658,0.9948717923699922,0.9758093304520953,0.9991766129613067,0.9133936859361753,0.9133936859361753,0.777869286662026,-0.1681698795022156,0.9791710752515721,0.21157674300281795,-0.13868109531900755,-0.24242099808725598,0.8180071656564587,0.9037083331549703,0.9202246872953708,0.918867329668425,0.7858149827747215,0.6041815577462291,0.6475114200694113,0.6217340307792047,0.9350639973135466,0.8489297598750845,0.22052159309043942],[0.9999999999999976,1.0,0.9999999999999978,0.994981976035468,0.994981976035468,0.9687053969833503,0.9687053969833503,0.9113252067161128,0.9113252067161128,0.7900646759129182,0.9947707571963207,0.7399088160637874,0.9911633500747127,0.9914709066093547,0.9948794346793949,0.9753720759571725,0.9991776531315055,0.9133288593167108,0.9133288593167108,0.7956818048889124,0.04369882739647688,0.9715512965191208,-0.012320310010475764,-0.13166539849607684,-0.24243122926923077,0.6579034105218378,0.903696701720459,0.8979346498459289,0.9138691736061918,0.7952580326411052,0.5964582935418635,0.6449688237257895,0.6464383518098178,0.9330847408340298,0.7138393878407348,0.21795173934453102],[1.0,0.9999999999999978,1.0,0.9950127726039744,0.9950127726039744,0.9691842053845515,0.9691842053845515,0.9105061984924044,0.9105061984924044,0.7884734160236587,0.9947773595143479,0.7396907905400887,0.991493503126481,0.9919791897893658,0.9948717923699922,0.9758093304520953,0.9991766129613067,0.9133936859361753,0.9133936859361753,0.777869286662026,-0.1681698795022156,0.9791710752515721,0.21157674300281795,-0.13868109531900755,-0.24242099808725598,0.8180071656564587,0.9037083331549703,0.9202246872953708,0.918867329668425,0.7858149827747215,0.6041815577462291,0.6475114200694113,0.6217340307792047,0.9350639973135466,0.8489297598750845,0.22052159309043942],[0.9950127726039744,0.994981976035468,0.9950127726039744,1.0,1.0,0.9562560615205196,0.9562560615205196,0.8938357743026877,0.8938357743026877,0.7554398163808247,0.999586811320345,0.705274386242944,0.9921210324521967,0.9899752566415677,0.999537448537455,0.9583732062114276,0.9949266932851848,0.8863353101480074,0.8863353101480074,0.7497431385844072,-0.17639121661513518,0.9915523463782622,0.24004987322075078,-0.175213319673624,-0.24051816175485838,0.8062440316622145,0.9200670625425091,0.9197173420436228,0.8994914449160527,0.7872563714790229,0.6339506546584562,0.6390858175090177,0.5890864995532482,0.9233502643469986,0.8395773893150852,0.23372488648100154],[0.9950127726039744,0.994981976035468,0.9950127726039744,1.0,1.0,0.9562560615205196,0.9562560615205196,0.8938357743026877,0.8938357743026877,0.7554398163808247,0.999586811320345,0.705274386242944,0.9921210324521967,0.9899752566415677,0.999537448537455,0.9583732062114276,0.9949266932851848,0.8863353101480074,0.8863353101480074,0.7497431385844072,-0.17639121661513518,0.9915523463782622,0.24004987322075078,-0.175213319673624,-0.24051816175485838,0.8062440316622145,0.9200670625425091,0.9197173420436228,0.8994914449160527,0.7872563714790229,0.6339506546584562,0.6390858175090177,0.5890864995532482,0.9233502643469986,0.8395773893150852,0.23372488648100154],[0.9691842053845515,0.9687053969833503,0.9691842053845515,0.9562560615205196,0.9562560615205196,1.0,1.0,0.9350870568208715,0.9350870568208715,0.764776561208575,0.9552055256745962,0.7445476378374485,0.9663248896197995,0.9636033540249689,0.9551997540166962,0.9990723279754089,0.975883724470616,0.9167034236014857,0.9167034236014857,0.6517703057978647,-0.12023532319207171,0.9423318595527161,0.3564644981567414,-0.3141664383076369,-0.11842034721801668,0.8838631752400715,0.8577074026454269,0.9369994002315009,0.8971381768119409,0.7534557771225355,0.7745144737080689,0.7451283397624576,0.6955739026400953,0.8704218834718481,0.8768232879559309,0.49189251267396494],[0.9691842053845515,0.9687053969833503,0.9691842053845515,0.9562560615205196,0.9562560615205196,1.0,1.0,0.9350870568208715,0.9350870568208715,0.764776561208575,0.9552055256745962,0.7445476378374485,0.9663248896197995,0.9636033540249689,0.9551997540166962,0.9990723279754089,0.975883724470616,0.9167034236014857,0.9167034236014857,0.6517703057978647,-0.12023532319207171,0.9423318595527161,0.3564644981567414,-0.3141664383076369,-0.11842034721801668,0.8838631752400715,0.8577074026454269,0.9369994002315009,0.8971381768119409,0.7534557771225355,0.7745144737080689,0.7451283397624576,0.6955739026400953,0.8704218834718481,0.8768232879559309,0.49189251267396494],[0.9105061984924044,0.9113252067161128,0.9105061984924044,0.8938357743026877,0.8938357743026877,0.9350870568208715,0.9350870568208715,1.0,1.0,0.7250111543837886,0.9367881573836806,0.7379120005077735,0.9332574037381457,0.927694683021747,0.9368878307416376,0.9366421428112458,0.9461103025252702,0.9704078755774193,0.9704078755774193,0.6002108852437857,0.00111740649668189,0.8580997548972928,0.5764743928022953,-0.3403783113178634,0.011854603815772085,0.7948007455291943,0.7552687342811528,0.8830359177010638,0.8566000469855738,0.7675822602978531,0.8834510736958531,0.7886696827501738,0.7131818510732527,0.8068456859830054,0.8609927119202315,0.8139576055943406],[0.9105061984924044,0.9113252067161128,0.9105061984924044,0.8938357743026877,0.8938357743026877,0.9350870568208715,0.9350870568208715,1.0,1.0,0.7250111543837886,0.9367881573836806,0.7379120005077735,0.9332574037381457,0.927694683021747,0.9368878307416376,0.9366421428112458,0.9461103025252702,0.9704078755774193,0.9704078755774193,0.6002108852437857,0.00111740649668189,0.8580997548972928,0.5764743928022953,-0.3403783113178634,0.011854603815772085,0.7948007455291943,0.7552687342811528,0.8830359177010638,0.8566000469855738,0.7675822602978531,0.8834510736958531,0.7886696827501738,0.7131818510732527,0.8068456859830054,0.8609927119202315,0.8139576055943406],[0.7884734160236587,0.7900646759129182,0.7884734160236587,0.7554398163808247,0.7554398163808247,0.764776561208575,0.764776561208575,0.7250111543837886,0.7250111543837886,1.0,0.6300448061298295,0.9999697939809165,0.5416849368021296,0.4413595558394246,0.6321879589078108,0.76013484035548,0.692053415554908,0.8078441943274702,0.8078441943274702,0.6912523437074127,-0.09803913650370433,0.7250205397258317,0.03598916145059623,0.04958214360866132,-0.2429027661528821,0.776357217012549,0.5015238581661129,0.7464871024218102,0.8092823791165443,0.6794991748712766,0.3438798946310927,0.5271666167173363,0.5631976677825851,0.7823588270246863,0.6412654922080276,0.1701897431597534],[0.9947773595143479,0.9947707571963207,0.9947773595143479,0.999586811320345,0.999586811320345,0.9552055256745962,0.9552055256745962,0.9367881573836806,0.9367881573836806,0.6300448061298295,1.0,0.6298749761907284,0.991690615548309,0.9898475625746147,0.9999339203066583,0.9537030623786716,0.9941941470390684,0.8962698518079565,0.8962698518079565,0.8522271520600004,-0.03381203910431738,0.9967467980059117,0.9005538259781938,-0.5316409652339585,0.3840208116916123,0.8167057076838778,0.8896188733692618,0.9344642559565101,0.8916288904938677,0.8124821779753469,0.9262187926408336,0.8620320501944921,0.7543849623101189,0.9054871774360295,0.9479958406780425,0.7982764662179396],[0.7396907905400887,0.7399088160637874,0.7396907905400887,0.705274386242944,0.705274386242944,0.7445476378374485,0.7445476378374485,0.7379120005077735,0.7379120005077735,0.9999697939809165,0.6298749761907284,1.0,0.5393995751305786,0.43851962359240126,0.630624479039832,0.74991400620232,0.6905905244456917,0.8024528268223556,0.8024528268223556,0.6484193513026513,0.031237824740422578,0.6765701684380089,0.4096508956965653,-0.16555212576432113,-0.23157487308626737,0.8044866983850408,0.4014392377606485,0.716898471687618,0.7798956104150297,0.7017227696326852,0.5505837664607969,0.6967293986618948,0.6800421475225966,0.7363145023017748,0.6242767457575037,0.6552095766201258],[0.991493503126481,0.9911633500747127,0.991493503126481,0.9921210324521967,0.9921210324521967,0.9663248896197995,0.9663248896197995,0.9332574037381457,0.9332574037381457,0.5416849368021296,0.991690615548309,0.5393995751305786,1.0,0.9998085585865818,0.9915892707338658,0.9625118711273908,0.9897080908539545,0.8763323156137722,0.8763323156137722,0.830999407237166,-0.01442330092077414,0.9907507750973488,0.91637838188625,-0.6720075798141243,0.45506980487836773,0.7818517743195826,0.9053896233295176,0.9352286707088566,0.8711732708413276,0.749754751663357,0.9272335052677101,0.8332367548566206,0.71991805394722,0.8866810743703691,0.9558339730376996,0.8227459876635458],[0.9919791897893658,0.9914709066093547,0.9919791897893658,0.9899752566415677,0.9899752566415677,0.9636033540249689,0.9636033540249689,0.927694683021747,0.927694683021747,0.4413595558394246,0.9898475625746147,0.43851962359240126,0.9998085585865818,1.0,0.9898985932208553,0.958913659980007,0.9894374852572126,0.8598557625593677,0.8598557625593677,0.8529845973882693,-0.1387778368141729,0.9875964606082359,0.9220225825815708,-0.8279924841658992,0.49059627372988707,0.7315304684584895,0.9114750067692355,0.9272207711219145,0.8541668050251063,0.6897182112022868,0.934340536311481,0.8257243557624603,0.6570814935194957,0.9065590614441611,0.9565331502362014,0.7982204519393035],[0.9948717923699922,0.9948794346793949,0.9948717923699922,0.999537448537455,0.999537448537455,0.9551997540166962,0.9551997540166962,0.9368878307416376,0.9368878307416376,0.6321879589078108,0.9999339203066583,0.630624479039832,0.9915892707338658,0.9898985932208553,1.0,0.9539390567153038,0.9943139226728976,0.8968249131532567,0.8968249131532567,0.8531597956594752,-0.03383993045951901,0.9965937701587688,0.9001200155401068,-0.5292840919267844,0.3853269152871283,0.8174254727027994,0.8881018914600457,0.9341476273743594,0.891936243613782,0.8137326293669829,0.9258791317106885,0.8629989761678988,0.7552279694402461,0.9054751878298857,0.948169808502631,0.7993813750764686],[0.9758093304520953,0.9753720759571725,0.9758093304520953,0.9583732062114276,0.9583732062114276,0.9990723279754089,0.9990723279754089,0.9366421428112458,0.9366421428112458,0.76013484035548,0.9537030623786716,0.74991400620232,0.9625118711273908,0.958913659980007,0.9539390567153038,1.0,0.9760576070650652,0.9177245595834778,0.9177245595834778,0.700322816027924,-0.10557100618379775,0.9474482864847362,0.674982780144095,-0.4448764745485666,-0.15861113040865202,0.8953759772812021,0.8483479197267517,0.9334873288954698,0.9044774556700309,0.7887468620630952,0.868738704328284,0.7911952912698279,0.7522155462976806,0.8914541508987208,0.8741126510074327,0.8041032404288352],[0.9991766129613067,0.9991776531315055,0.9991766129613067,0.9949266932851848,0.9949266932851848,0.975883724470616,0.975883724470616,0.9461103025252702,0.9461103025252702,0.692053415554908,0.9941941470390684,0.6905905244456917,0.9897080908539545,0.9894374852572126,0.9943139226728976,0.9760576070650652,1.0,0.9240248085380475,0.9240248085380475,0.8639068112681747,-0.01747614285562883,0.9877498646330655,0.8713142034437666,-0.5122769648618881,0.39951487150167325,0.8634155338928894,0.8771490335300801,0.9466640721211984,0.9226408481362887,0.8342865318381559,0.9144544506351566,0.8943268809573913,0.7991805410640154,0.9193709539017424,0.9568786638588024,0.8488578534106824],[0.9133936859361753,0.9133288593167108,0.9133936859361753,0.8863353101480074,0.8863353101480074,0.9167034236014857,0.9167034236014857,0.9704078755774193,0.9704078755774193,0.8078441943274702,0.8962698518079565,0.8024528268223556,0.8763323156137722,0.8598557625593677,0.8968249131532567,0.9177245595834778,0.9240248085380475,1.0,1.0,0.7495357772774256,-0.05351145899677992,0.8502022324494709,0.5710336915849343,-0.22361387689057186,-0.20274186509813655,0.8330537735094108,0.7112123332376976,0.8427617930895756,0.9195878824509527,0.8444381411908882,0.7988447472869681,0.7647911492892353,0.7081194941724432,0.8513645454511964,0.7856617021362474,0.8573791117516382],[0.9133936859361753,0.9133288593167108,0.9133936859361753,0.8863353101480074,0.8863353101480074,0.9167034236014857,0.9167034236014857,0.9704078755774193,0.9704078755774193,0.8078441943274702,0.8962698518079565,0.8024528268223556,0.8763323156137722,0.8598557625593677,0.8968249131532567,0.9177245595834778,0.9240248085380475,1.0,1.0,0.7495357772774256,-0.05351145899677992,0.8502022324494709,0.5710336915849343,-0.22361387689057186,-0.20274186509813655,0.8330537735094108,0.7112123332376976,0.8427617930895756,0.9195878824509527,0.8444381411908882,0.7988447472869681,0.7647911492892353,0.7081194941724432,0.8513645454511964,0.7856617021362474,0.8573791117516382],[0.777869286662026,0.7956818048889124,0.777869286662026,0.7497431385844072,0.7497431385844072,0.6517703057978647,0.6517703057978647,0.6002108852437857,0.6002108852437857,0.6912523437074127,0.8522271520600004,0.6484193513026513,0.830999407237166,0.8529845973882693,0.8531597956594752,0.700322816027924,0.8639068112681747,0.7495357772774256,0.7495357772774256,1.0,0.02399138694841508,0.7105401539009143,-0.3349484316556555,0.2930566021497716,-0.6519711108417294,0.36917255906649976,0.6751986054543971,0.5237858710437981,0.8395327445432307,0.7016420383463156,0.14824471851404492,0.3260649454073979,0.5708096177045021,0.7856298731172767,0.4938420145504709,-0.12994587239457425],[-0.1681698795022156,0.04369882739647688,-0.1681698795022156,-0.17639121661513518,-0.17639121661513518,-0.12023532319207171,-0.12023532319207171,0.00111740649668189,0.00111740649668189,-0.09803913650370433,-0.03381203910431738,0.031237824740422578,-0.01442330092077414,-0.1387778368141729,-0.03383993045951901,-0.10557100618379775,-0.01747614285562883,-0.05351145899677992,-0.05351145899677992,0.02399138694841508,1.0,-0.11537341645616675,0.09312501099498009,0.1692019665477873,0.7453483736571562,-0.1025605125215738,-0.07502245353769703,-0.0348241049459378,0.14597565802211138,-0.01698997682787858,0.01459207214276862,0.30744278844285394,0.5583042435649606,-0.13974109142753535,0.08418147010030003,0.1431173902968643],[0.9791710752515721,0.9715512965191208,0.9791710752515721,0.9915523463782622,0.9915523463782622,0.9423318595527161,0.9423318595527161,0.8580997548972928,0.8580997548972928,0.7250205397258317,0.9967467980059117,0.6765701684380089,0.9907507750973488,0.9875964606082359,0.9965937701587688,0.9474482864847362,0.9877498646330655,0.8502022324494709,0.8502022324494709,0.7105401539009143,-0.11537341645616675,1.0,0.1478517164678925,-0.22972642000821203,-0.2855148995289584,0.6726302920425485,0.9240423735290267,0.9033588938709699,0.8430416889872314,0.7550294897804513,0.6363926595176647,0.6066441594236747,0.5201471963863618,0.9017603676323004,0.6939564937795982,0.21670673463042395],[0.21157674300281795,-0.012320310010475764,0.21157674300281795,0.24004987322075078,0.24004987322075078,0.3564644981567414,0.3564644981567414,0.5764743928022953,0.5764743928022953,0.03598916145059623,0.9005538259781938,0.4096508956965653,0.91637838188625,0.9220225825815708,0.9001200155401068,0.674982780144095,0.8713142034437666,0.5710336915849343,0.5710336915849343,-0.3349484316556555,0.09312501099498009,0.1478517164678925,1.0,-0.4717628909819965,0.6970412155947209,0.39573755643989966,0.17179043678148487,0.34659059191709496,-0.06480220008780403,0.110065214706152,0.6154595449818208,0.4951149818769793,0.20958877545032348,0.05009379363368674,0.4155971842576754,0.4806470905869427],[-0.13868109531900755,-0.13166539849607684,-0.13868109531900755,-0.175213319673624,-0.175213319673624,-0.3141664383076369,-0.3141664383076369,-0.3403783113178634,-0.3403783113178634,0.04958214360866132,-0.5316409652339585,-0.16555212576432113,-0.6720075798141243,-0.8279924841658992,-0.5292840919267844,-0.4448764745485666,-0.5122769648618881,-0.22361387689057186,-0.22361387689057186,0.2930566021497716,0.1692019665477873,-0.22972642000821203,-0.4717628909819965,1.0,-0.024786697188985084,-0.18565563040916963,-0.2308195256145994,-0.3258697629500817,-0.06767395059819901,-0.09880277957397367,-0.5770211367889926,-0.21945229152257942,-0.035925436494110466,-0.07708514261344193,-0.24940654428862336,-0.41895025093389915],[-0.24242099808725598,-0.24243122926923077,-0.24242099808725598,-0.24051816175485838,-0.24051816175485838,-0.11842034721801668,-0.11842034721801668,0.011854603815772085,0.011854603815772085,-0.2429027661528821,0.3840208116916123,-0.23157487308626737,0.45506980487836773,0.49059627372988707,0.3853269152871283,-0.15861113040865202,0.39951487150167325,-0.20274186509813655,-0.20274186509813655,-0.6519711108417294,0.7453483736571562,-0.2855148995289584,0.6970412155947209,-0.024786697188985084,1.0,-0.10722852817354199,-0.2181211133329779,-0.06800485814725594,-0.34902328847878794,-0.3268322847069764,0.059994742000065625,0.15618778442359235,0.26052706143098675,-0.37187665631527245,0.10288659888520066,0.08652390200679597],[0.8180071656564587,0.6579034105218378,0.8180071656564587,0.8062440316622145,0.8062440316622145,0.8838631752400715,0.8838631752400715,0.7948007455291943,0.7948007455291943,0.776357217012549,0.8167057076838778,0.8044866983850408,0.7818517743195826,0.7315304684584895,0.8174254727027994,0.8953759772812021,0.8634155338928894,0.8330537735094108,0.8330537735094108,0.36917255906649976,-0.1025605125215738,0.6726302920425485,0.39573755643989966,-0.18565563040916963,-0.10722852817354199,1.0,0.5489472527357648,0.8435468799812738,0.5089684526043867,0.639998754055436,0.5704796695904969,0.6679464530700738,0.43120236845749904,0.7159092753804507,0.7129228182391143,0.43135049791709323],[0.9037083331549703,0.903696701720459,0.9037083331549703,0.9200670625425091,0.9200670625425091,0.8577074026454269,0.8577074026454269,0.7552687342811528,0.7552687342811528,0.5015238581661129,0.8896188733692618,0.4014392377606485,0.9053896233295176,0.9114750067692355,0.8881018914600457,0.8483479197267517,0.8771490335300801,0.7112123332376976,0.7112123332376976,0.6751986054543971,-0.07502245353769703,0.9240423735290267,0.17179043678148487,-0.2308195256145994,-0.2181211133329779,0.5489472527357648,1.0,0.8014963033222974,0.752720885133616,0.6566977158018702,0.5652051484239123,0.5108450656448199,0.488443719548749,0.826058387528539,0.6498145145570907,0.15540119444968054],[0.9202246872953708,0.8979346498459289,0.9202246872953708,0.9197173420436228,0.9197173420436228,0.9369994002315009,0.9369994002315009,0.8830359177010638,0.8830359177010638,0.7464871024218102,0.9344642559565101,0.716898471687618,0.9352286707088566,0.9272207711219145,0.9341476273743594,0.9334873288954698,0.9466640721211984,0.8427617930895756,0.8427617930895756,0.5237858710437981,-0.0348241049459378,0.9033588938709699,0.34659059191709496,-0.3258697629500817,-0.06800485814725594,0.8435468799812738,0.8014963033222974,1.0,0.7612147717632192,0.6295025825505148,0.634531158866085,0.6178036697074426,0.5352124647594316,0.8309663341386041,0.847521511075559,0.2471322301205227],[0.918867329668425,0.9138691736061918,0.918867329668425,0.8994914449160527,0.8994914449160527,0.8971381768119409,0.8971381768119409,0.8566000469855738,0.8566000469855738,0.8092823791165443,0.8916288904938677,0.7798956104150297,0.8711732708413276,0.8541668050251063,0.891936243613782,0.9044774556700309,0.9226408481362887,0.9195878824509527,0.9195878824509527,0.8395327445432307,0.14597565802211138,0.8430416889872314,-0.06480220008780403,-0.06767395059819901,-0.34902328847878794,0.5089684526043867,0.752720885133616,0.7612147717632192,1.0,0.9097349294949753,0.5670160487458235,0.6983906156082355,0.6690031033631604,0.8826268625898873,0.5293857766131793,0.3158387295386701],[0.7858149827747215,0.7952580326411052,0.7858149827747215,0.7872563714790229,0.7872563714790229,0.7534557771225355,0.7534557771225355,0.7675822602978531,0.7675822602978531,0.6794991748712766,0.8124821779753469,0.7017227696326852,0.749754751663357,0.6897182112022868,0.8137326293669829,0.7887468620630952,0.8342865318381559,0.8444381411908882,0.8444381411908882,0.7016420383463156,-0.01698997682787858,0.7550294897804513,0.110065214706152,-0.09880277957397367,-0.3268322847069764,0.639998754055436,0.6566977158018702,0.6295025825505148,0.9097349294949753,1.0,0.6006215369294747,0.6815731053562429,0.613731630160003,0.7433877100042553,0.6061239569008787,0.48593298473365476],[0.6041815577462291,0.5964582935418635,0.6041815577462291,0.6339506546584562,0.6339506546584562,0.7745144737080689,0.7745144737080689,0.8834510736958531,0.8834510736958531,0.3438798946310927,0.9262187926408336,0.5505837664607969,0.9272335052677101,0.934340536311481,0.9258791317106885,0.868738704328284,0.9144544506351566,0.7988447472869681,0.7988447472869681,0.14824471851404492,0.01459207214276862,0.6363926595176647,0.6154595449818208,-0.5770211367889926,0.059994742000065625,0.5704796695904969,0.5652051484239123,0.634531158866085,0.5670160487458235,0.6006215369294747,1.0,0.7492442643350998,0.3891485391053417,0.5395360436307324,0.624680371917118,0.7521571549847952],[0.6475114200694113,0.6449688237257895,0.6475114200694113,0.6390858175090177,0.6390858175090177,0.7451283397624576,0.7451283397624576,0.7886696827501738,0.7886696827501738,0.5271666167173363,0.8620320501944921,0.6967293986618948,0.8332367548566206,0.8257243557624603,0.8629989761678988,0.7911952912698279,0.8943268809573913,0.7647911492892353,0.7647911492892353,0.3260649454073979,0.30744278844285394,0.6066441594236747,0.4951149818769793,-0.21945229152257942,0.15618778442359235,0.6679464530700738,0.5108450656448199,0.6178036697074426,0.6983906156082355,0.6815731053562429,0.7492442643350998,1.0,0.7794250621537238,0.5198579051550337,0.737477005113004,0.5595498013917195],[0.6217340307792047,0.6464383518098178,0.6217340307792047,0.5890864995532482,0.5890864995532482,0.6955739026400953,0.6955739026400953,0.7131818510732527,0.7131818510732527,0.5631976677825851,0.7543849623101189,0.6800421475225966,0.71991805394722,0.6570814935194957,0.7552279694402461,0.7522155462976806,0.7991805410640154,0.7081194941724432,0.7081194941724432,0.5708096177045021,0.5583042435649606,0.5201471963863618,0.20958877545032348,-0.035925436494110466,0.26052706143098675,0.43120236845749904,0.488443719548749,0.5352124647594316,0.6690031033631604,0.613731630160003,0.3891485391053417,0.7794250621537238,1.0,0.49785596289502515,0.6628018467895217,0.21128260738531343],[0.9350639973135466,0.9330847408340298,0.9350639973135466,0.9233502643469986,0.9233502643469986,0.8704218834718481,0.8704218834718481,0.8068456859830054,0.8068456859830054,0.7823588270246863,0.9054871774360295,0.7363145023017748,0.8866810743703691,0.9065590614441611,0.9054751878298857,0.8914541508987208,0.9193709539017424,0.8513645454511964,0.8513645454511964,0.7856298731172767,-0.13974109142753535,0.9017603676323004,0.05009379363368674,-0.07708514261344193,-0.37187665631527245,0.7159092753804507,0.826058387528539,0.8309663341386041,0.8826268625898873,0.7433877100042553,0.5395360436307324,0.5198579051550337,0.49785596289502515,1.0,0.7535835760580682,0.2005969022714452],[0.8489297598750845,0.7138393878407348,0.8489297598750845,0.8395773893150852,0.8395773893150852,0.8768232879559309,0.8768232879559309,0.8609927119202315,0.8609927119202315,0.6412654922080276,0.9479958406780425,0.6242767457575037,0.9558339730376996,0.9565331502362014,0.948169808502631,0.8741126510074327,0.9568786638588024,0.7856617021362474,0.7856617021362474,0.4938420145504709,0.08418147010030003,0.6939564937795982,0.4155971842576754,-0.24940654428862336,0.10288659888520066,0.7129228182391143,0.6498145145570907,0.847521511075559,0.5293857766131793,0.6061239569008787,0.624680371917118,0.737477005113004,0.6628018467895217,0.7535835760580682,1.0,0.21353081713611585],[0.22052159309043942,0.21795173934453102,0.22052159309043942,0.23372488648100154,0.23372488648100154,0.49189251267396494,0.49189251267396494,0.8139576055943406,0.8139576055943406,0.1701897431597534,0.7982764662179396,0.6552095766201258,0.8227459876635458,0.7982204519393035,0.7993813750764686,0.8041032404288352,0.8488578534106824,0.8573791117516382,0.8573791117516382,-0.12994587239457425,0.1431173902968643,0.21670673463042395,0.4806470905869427,-0.41895025093389915,0.08652390200679597,0.43135049791709323,0.15540119444968054,0.2471322301205227,0.3158387295386701,0.48593298473365476,0.7521571549847952,0.5595498013917195,0.21128260738531343,0.2005969022714452,0.21353081713611585,1.0]],"x":["^TAIEX       \u81fa\u7063\u52a0\u6b0a\u5831\u916c\u6307\u6578","^TWII        \u81fa\u7063\u52a0\u6b0a\u6307\u6578","^TAIEXx2     \u81fa\u7063\u52a0\u6b0a\u5831\u916c\u6307\u6578_\u65e5\u6b632","^TAI50I      \u81fa\u706350\u5831\u916c\u6307\u6578","^TAI50Ix2    \u81fa\u706350\u5831\u916c\u6307\u6578_\u65e5\u6b632","^TAI100I     \u81fa\u7063\u4e2d\u578b100\u5831\u916c\u6307\u6578","^TAI100Ix2   \u81fa\u7063\u4e2d\u578b100\u5831\u916c\u6307\u6578_\u65e5\u6b632","^TAIDIVIDI   \u81fa\u7063\u9ad8\u80a1\u606f\u5831\u916c\u6307\u6578","^TAIDIVIDIx2 \u81fa\u7063\u9ad8\u80a1\u606f\u5831\u916c\u6307\u6578_\u65e5\u6b632","0050Fund     \u5143\u5927\u53f0\u7063\u5353\u8d8a50\u57fa\u91d1","006208Fund   \u5bcc\u90a6\u53f0\u7063\u91c6\u540950\u57fa\u91d1","0050         \u5143\u5927\u81fa\u706350","00631L       \u5143\u5927\u53f0\u706350\u6b632","00675L       \u5bcc\u90a6\u81fa\u7063\u52a0\u6b0a\u6b632","006208       \u5bcc\u90a6\u53f050","0051         \u5143\u5927\u4e2d\u578b100","006204       \u6c38\u8c50\u81fa\u7063\u52a0\u6b0a","0056         \u5143\u5927\u9ad8\u80a1\u606f","0056         \u5143\u5927\u9ad8\u80a1\u606f_\u80a1\u606f\u4e0d\u6295\u5165","2412         \u4e2d\u83ef\u96fb\u4fe1","2002         \u4e2d\u92fc","2330         \u53f0\u7a4d\u96fb","2317         \u9d3b\u6d77","6505         \u53f0\u5851\u77f3\u5316","3481         \u7fa4\u5275","2303         \u806f\u96fb","2308         \u53f0\u9054\u96fb","2454         \u806f\u767c\u79d1","2886         \u5146\u8c50\u91d1","2884         \u7389\u5c71\u91d1","2891         \u4e2d\u4fe1\u91d1","2892         \u7b2c\u4e00\u91d1","5880         \u5408\u5eab\u91d1","2881         \u5bcc\u90a6\u91d1","2885         \u5143\u5927\u91d1","2887         \u53f0\u65b0\u91d1"],"y":["^TAIEX       \u81fa\u7063\u52a0\u6b0a\u5831\u916c\u6307\u6578","^TWII        \u81fa\u7063\u52a0\u6b0a\u6307\u6578","^TAIEXx2     \u81fa\u7063\u52a0\u6b0a\u5831\u916c\u6307\u6578_\u65e5\u6b632","^TAI50I      \u81fa\u706350\u5831\u916c\u6307\u6578","^TAI50Ix2    \u81fa\u706350\u5831\u916c\u6307\u6578_\u65e5\u6b632","^TAI100I     \u81fa\u7063\u4e2d\u578b100\u5831\u916c\u6307\u6578","^TAI100Ix2   \u81fa\u7063\u4e2d\u578b100\u5831\u916c\u6307\u6578_\u65e5\u6b632","^TAIDIVIDI   \u81fa\u7063\u9ad8\u80a1\u606f\u5831\u916c\u6307\u6578","^TAIDIVIDIx2 \u81fa\u7063\u9ad8\u80a1\u606f\u5831\u916c\u6307\u6578_\u65e5\u6b632","0050Fund     \u5143\u5927\u53f0\u7063\u5353\u8d8a50\u57fa\u91d1","006208Fund   \u5bcc\u90a6\u53f0\u7063\u91c6\u540950\u57fa\u91d1","0050         \u5143\u5927\u81fa\u706350","00631L       \u5143\u5927\u53f0\u706350\u6b632","00675L       \u5bcc\u90a6\u81fa\u7063\u52a0\u6b0a\u6b632","006208       \u5bcc\u90a6\u53f050","0051         \u5143\u5927\u4e2d\u578b100","006204       \u6c38\u8c50\u81fa\u7063\u52a0\u6b0a","0056         \u5143\u5927\u9ad8\u80a1\u606f","0056         \u5143\u5927\u9ad8\u80a1\u606f_\u80a1\u606f\u4e0d\u6295\u5165","2412         \u4e2d\u83ef\u96fb\u4fe1","2002         \u4e2d\u92fc","2330         \u53f0\u7a4d\u96fb","2317         \u9d3b\u6d77","6505         \u53f0\u5851\u77f3\u5316","3481         \u7fa4\u5275","2303         \u806f\u96fb","2308         \u53f0\u9054\u96fb","2454         \u806f\u767c\u79d1","2886         \u5146\u8c50\u91d1","2884         \u7389\u5c71\u91d1","2891         \u4e2d\u4fe1\u91d1","2892         \u7b2c\u4e00\u91d1","5880         \u5408\u5eab\u91d1","2881         \u5bcc\u90a6\u91d1","2885         \u5143\u5927\u91d1","2887         \u53f0\u65b0\u91d1"],"zmin":-1,"zmax":1,"colorbar":{"x":-0.2}}],"layout":{"autotypenumbers":"strict","colorway":["#636efa","#EF553B","#00cc96","#ab63fa","#FFA15A","#19d3f3","#FF6692","#B6E880","#FF97FF","#FECB52"],"font":{"color":"#f2f5fa","family":"Courier New"},"hovermode":"closest","hoverlabel":{"align":"left"},"paper_bgcolor":"rgb(17,17,17)","plot_bgcolor":"rgb(17,17,17)","polar":{"bgcolor":"rgb(17,17,17)","angularaxis":{"gridcolor":"#506784","linecolor":"#506784","ticks":""},"radialaxis":{"gridcolor":"#506784","linecolor":"#506784","ticks":""}},"ternary":{"bgcolor":"rgb(17,17,17)","aaxis":{"gridcolor":"#506784","linecolor":"#506784","ticks":""},"baxis":{"gridcolor":"#506784","linecolor":"#506784","ticks":""},"caxis":{"gridcolor":"#506784","linecolor":"#506784","ticks":""}},"coloraxis":{"colorbar":{"outlinewidth":0,"ticks":""}},"colorscale":{"sequential":[[0.0,"#0d0887"],[0.1111111111111111,"#46039f"],[0.2222222222222222,"#7201a8"],[0.3333333333333333,"#9c179e"],[0.4444444444444444,"#bd3786"],[0.5555555555555556,"#d8576b"],[0.6666666666666666,"#ed7953"],[0.7777777777777778,"#fb9f3a"],[0.8888888888888888,"#fdca26"],[1.0,"#f0f921"]],"sequentialminus":[[0.0,"#0d0887"],[0.1111111111111111,"#46039f"],[0.2222222222222222,"#7201a8"],[0.3333333333333333,"#9c179e"],[0.4444444444444444,"#bd3786"],[0.5555555555555556,"#d8576b"],[0.6666666666666666,"#ed7953"],[0.7777777777777778,"#fb9f3a"],[0.8888888888888888,"#fdca26"],[1.0,"#f0f921"]],"diverging":[[0,"#8e0152"],[0.1,"#c51b7d"],[0.2,"#de77ae"],[0.3,"#f1b6da"],[0.4,"#fde0ef"],[0.5,"#f7f7f7"],[0.6,"#e6f5d0"],[0.7,"#b8e186"],[0.8,"#7fbc41"],[0.9,"#4d9221"],[1,"#276419"]]},"xaxis":{"gridcolor":"rgba(0, 0, 0, 0)","linecolor":"#506784","ticks":"","title":{"standoff":15},"zerolinecolor":"#283442","automargin":true,"zerolinewidth":2,"tickfont":{"family":"Courier New","size":14},"side":"top","tickangle":-90},"yaxis":{"gridcolor":"rgba(0, 0, 0, 0)","linecolor":"#506784","ticks":"","title":{"standoff":15},"zerolinecolor":"#283442","automargin":true,"zerolinewidth":2,"tickfont":{"family":"Courier New"},"side":"right"},"scene":{"xaxis":{"backgroundcolor":"rgb(17,17,17)","gridcolor":"#506784","linecolor":"#506784","showbackground":true,"ticks":"","zerolinecolor":"#C8D4E3","gridwidth":2},"yaxis":{"backgroundcolor":"rgb(17,17,17)","gridcolor":"#506784","linecolor":"#506784","showbackground":true,"ticks":"","zerolinecolor":"#C8D4E3","gridwidth":2},"zaxis":{"backgroundcolor":"rgb(17,17,17)","gridcolor":"#506784","linecolor":"#506784","showbackground":true,"ticks":"","zerolinecolor":"#C8D4E3","gridwidth":2}},"shapedefaults":{"line":{"color":"#f2f5fa"}},"annotationdefaults":{"arrowcolor":"#f2f5fa","arrowhead":0,"arrowwidth":1},"geo":{"bgcolor":"rgb(17,17,17)","landcolor":"rgb(17,17,17)","subunitcolor":"#506784","showland":true,"showlakes":true,"lakecolor":"rgb(17,17,17)"},"title":{"x":0.05,"font":{"family":"Times New Roman"},"y":0.05,"text":"<b>Correlation of Close<b><br><i>2016-09-23 ~ 2026-02-03<i>"},"updatemenudefaults":{"bgcolor":"#506784","borderwidth":0},"sliderdefaults":{"bgcolor":"#C8D4E3","borderwidth":1,"bordercolor":"rgb(17,17,17)","tickwidth":0},"mapbox":{"style":"dark"},"annotations":[{"text":"<b>@zwindr<b>","textangle":0,"opacity":0.5,"font":{"color":"white","size":12},"xref":"paper","yref":"paper","xanchor":"left","yanchor":"bottom","x":1.0,"y":1.0,"showarrow":false}]},"config":{"responsive":true,"toImageButtonOptions":{"filename":"Correlation of Close_2016-09-23~2026-02-03","scale":5}}};Plotly.newPlot("correlationClose",correlationClose.data,correlationClose.layout||{},correlationClose.config);}else{console.log("style display is none => correlationClose");}