var element=document.getElementById("correlationClose");if(element.style.display!='none'){var correlationClose={"data":[{"type":"heatmap","z":[[1.0,0.9999999999999979,1.0,0.9951315473208867,0.9951315473208867,0.9753117174968178,0.9753117174968178,0.9196029993359874,0.9196029993359874,0.7043019805855544,0.9956142158137227,0.6414581224896492,0.8604454263191731,0.9883509440532932,0.9956964445671054,0.9793663928710202,0.9993406206594714,0.9043547607449243,0.9043547607449243,0.7599459857187606,-0.21000945419299372,0.9826010562265355,0.28354412853412975,-0.1879345644257746,-0.2049956337181745,0.8351116594555235,0.8820192064166797,0.9284663520060616,0.8893707034948852,0.7786975957675761,0.6813332299527933,0.6511757315815754,0.5880889115668384,0.920171717976461,0.880623735445876,0.29810389246626473],[0.9999999999999979,1.0,0.9999999999999981,0.9950835131816811,0.9950835131816811,0.9748342044044284,0.9748342044044284,0.9199197841506572,0.9199197841506572,0.7058486647835067,0.9956054163200339,0.641781249701591,0.8606844615685407,0.987954196841082,0.9957028243383854,0.9790762828398821,0.9993412219128561,0.903956029766555,0.903956029766555,0.7767196401813965,-0.0019186852548148858,0.9760037387925863,0.035521941159656185,-0.1806932251209756,-0.20608708081636629,0.6907514678802228,0.8787534356253919,0.9107347999144852,0.8868755911988402,0.7864530551851607,0.6730142527457275,0.6493493570659705,0.613328587635491,0.9196833889349313,0.7639567012529069,0.29401251040066295],[1.0,0.9999999999999981,1.0,0.9951315473208867,0.9951315473208867,0.9753117174968178,0.9753117174968178,0.9196029993359874,0.9196029993359874,0.7043019805855544,0.9956142158137227,0.6414581224896492,0.8604454263191731,0.9883509440532932,0.9956964445671054,0.9793663928710202,0.9993406206594714,0.9043547607449243,0.9043547607449243,0.7599459857187606,-0.21000945419299372,0.9826010562265355,0.28354412853412975,-0.1879345644257746,-0.2049956337181745,0.8351116594555235,0.8820192064166797,0.9284663520060616,0.8893707034948852,0.7786975957675761,0.6813332299527933,0.6511757315815754,0.5880889115668384,0.920171717976461,0.880623735445876,0.29810389246626473],[0.9951315473208867,0.9950835131816811,0.9951315473208867,1.0,1.0,0.9637960505707315,0.9637960505707315,0.9020576287786725,0.9020576287786725,0.6594920186918427,0.999694803952533,0.5973751785458339,0.8669190494901302,0.9908429523348198,0.9996485040463726,0.9633843519992563,0.9953431063143396,0.874065067041844,0.874065067041844,0.7262591438074273,-0.2166238659879721,0.9935143603117366,0.31124111331480286,-0.22151789655381698,-0.19822146325793746,0.8209143014069915,0.906579157460695,0.9298976199411538,0.8615034549539717,0.771319472503235,0.709029417804014,0.6378776666874021,0.5504994294255412,0.9011991367852663,0.8740852837724977,0.3134576574293991],[0.9951315473208867,0.9950835131816811,0.9951315473208867,1.0,1.0,0.9637960505707315,0.9637960505707315,0.9020576287786725,0.9020576287786725,0.6594920186918427,0.999694803952533,0.5973751785458339,0.8669190494901302,0.9908429523348198,0.9996485040463726,0.9633843519992563,0.9953431063143396,0.874065067041844,0.874065067041844,0.7262591438074273,-0.2166238659879721,0.9935143603117366,0.31124111331480286,-0.22151789655381698,-0.19822146325793746,0.8209143014069915,0.906579157460695,0.9298976199411538,0.8615034549539717,0.771319472503235,0.709029417804014,0.6378776666874021,0.5504994294255412,0.9011991367852663,0.8740852837724977,0.3134576574293991],[0.9753117174968178,0.9748342044044284,0.9753117174968178,0.9637960505707315,0.9637960505707315,1.0,1.0,0.9421463007778805,0.9421463007778805,0.687462612121744,0.962388085352731,0.660077130388204,0.8393031734313231,0.9564354091596204,0.9623339141814949,0.9991303331503001,0.9801653151995408,0.9126395444700285,0.9126395444700285,0.655472665078853,-0.1707899256158163,0.9528972834351618,0.4088833133561759,-0.34816236023998964,-0.09921432671274409,0.8903939127809327,0.8440021155140665,0.9389113593805537,0.8745683298408821,0.7529754935051485,0.8190637551933916,0.7392357920273596,0.6566503398893144,0.86777832510666,0.9022802565395794,0.5479818367820772],[0.9753117174968178,0.9748342044044284,0.9753117174968178,0.9637960505707315,0.9637960505707315,1.0,1.0,0.9421463007778805,0.9421463007778805,0.687462612121744,0.962388085352731,0.660077130388204,0.8393031734313231,0.9564354091596204,0.9623339141814949,0.9991303331503001,0.9801653151995408,0.9126395444700285,0.9126395444700285,0.655472665078853,-0.1707899256158163,0.9528972834351618,0.4088833133561759,-0.34816236023998964,-0.09921432671274409,0.8903939127809327,0.8440021155140665,0.9389113593805537,0.8745683298408821,0.7529754935051485,0.8190637551933916,0.7392357920273596,0.6566503398893144,0.86777832510666,0.9022802565395794,0.5479818367820772],[0.9196029993359874,0.9199197841506572,0.9196029993359874,0.9020576287786725,0.9020576287786725,0.9421463007778805,0.9421463007778805,1.0,1.0,0.6734107247600888,0.9376495832666627,0.6789281763740227,0.7984101760188523,0.912711295035504,0.9376820309240125,0.9444390589461449,0.9497334001305168,0.9693131044060856,0.9693131044060856,0.6188927994103667,-0.05173800511772937,0.8733781342887753,0.6134276579697142,-0.3797851056694296,0.01715561317984508,0.8172931914949106,0.7395558290170279,0.8877711677680344,0.8521948247151637,0.7749990359098825,0.8975057015198588,0.7903265406616182,0.6914623217531153,0.820369015580983,0.8800076555284158,0.8372654687882988],[0.9196029993359874,0.9199197841506572,0.9196029993359874,0.9020576287786725,0.9020576287786725,0.9421463007778805,0.9421463007778805,1.0,1.0,0.6734107247600888,0.9376495832666627,0.6789281763740227,0.7984101760188523,0.912711295035504,0.9376820309240125,0.9444390589461449,0.9497334001305168,0.9693131044060856,0.9693131044060856,0.6188927994103667,-0.05173800511772937,0.8733781342887753,0.6134276579697142,-0.3797851056694296,0.01715561317984508,0.8172931914949106,0.7395558290170279,0.8877711677680344,0.8521948247151637,0.7749990359098825,0.8975057015198588,0.7903265406616182,0.6914623217531153,0.820369015580983,0.8800076555284158,0.8372654687882988],[0.7043019805855544,0.7058486647835067,0.7043019805855544,0.6594920186918427,0.6594920186918427,0.687462612121744,0.687462612121744,0.6734107247600888,0.6734107247600888,1.0,0.5053257304227387,0.9999693172540915,0.28699280419946704,0.2610306203498782,0.5089084577360482,0.6819325655861221,0.5813543538244175,0.7733779425783182,0.7733779425783182,0.6821767041049787,-0.09917142621078144,0.6295166322509824,0.03882594663165625,0.04722163655488018,-0.24250619102595974,0.7373013038613345,0.35005158474686354,0.6530608554337333,0.7950428888760865,0.6655978009144032,0.3167995855535272,0.5196148527272824,0.5618805126175263,0.7578815695454553,0.5769944758781581,0.1684479569368653],[0.9956142158137227,0.9956054163200339,0.9956142158137227,0.999694803952533,0.999694803952533,0.962388085352731,0.962388085352731,0.9376495832666627,0.9376495832666627,0.5053257304227387,1.0,0.506880223419922,0.8654764649673299,0.9904031734699665,0.9999490259677649,0.9593398439588123,0.9950474451789798,0.8828370487762889,0.8828370487762889,0.84196909598283,-0.1249086219791067,0.9974592094105611,0.9077502607958514,-0.5451143714573117,0.5485301386812292,0.8226451415421467,0.8897586370328214,0.9405425413209857,0.8436641240732502,0.7932273460093676,0.9423008839715917,0.8278769906990704,0.684130221258477,0.8817710486380849,0.9601352258930307,0.8421719967590858],[0.6414581224896492,0.641781249701591,0.6414581224896492,0.5973751785458339,0.5973751785458339,0.660077130388204,0.660077130388204,0.6789281763740227,0.6789281763740227,0.9999693172540915,0.506880223419922,1.0,0.2878986120182742,0.26177112822406523,0.5096568294581812,0.670462274789505,0.5819891636411159,0.765138131686548,0.765138131686548,0.6317302467660478,0.03245054428102101,0.5718521180695963,0.37661646011257655,-0.1604312624023961,-0.23005801912773394,0.7586427923208652,0.25821972639858193,0.6160486147333275,0.7620489758124066,0.681543917944515,0.47914777909889217,0.6760208930762386,0.6746987254434018,0.7054844730286514,0.5434697342824738,0.5941638795239794],[0.8604454263191731,0.8606844615685407,0.8604454263191731,0.8669190494901302,0.8669190494901302,0.8393031734313231,0.8393031734313231,0.7984101760188523,0.7984101760188523,0.28699280419946704,0.8654764649673299,0.2878986120182742,1.0,0.9998554683175849,0.8649603634557682,0.8328952061618254,0.8587492094325374,0.717138592065922,0.717138592065922,0.6282251886264447,-0.09488549132943451,0.8639317790643017,0.8108145774215838,-0.6456196475282959,0.5978423686460305,0.6660225215830949,0.8404079686144398,0.8424255166631566,0.6674990493189685,0.5963799349358984,0.8368489069535546,0.6501445317465385,0.5031215779090817,0.7452808774868022,0.8451382662731505,0.7648529428762848],[0.9883509440532932,0.987954196841082,0.9883509440532932,0.9908429523348198,0.9908429523348198,0.9564354091596204,0.9564354091596204,0.912711295035504,0.912711295035504,0.2610306203498782,0.9904031734699665,0.26177112822406523,0.9998554683175849,1.0,0.9904073152055197,0.9499275490230065,0.9858706926905823,0.8306093049175869,0.8306093049175869,0.83560680728203,-0.23065927143587514,0.9871819468091695,0.8970581591516225,-0.7577388350279264,0.6542632392296504,0.738106869457251,0.9354647937303627,0.9319089084166688,0.7638851470928465,0.6715489923674627,0.9348933748727267,0.7634467080082916,0.5372716429881154,0.8456426166521939,0.9579080355308355,0.8415485627800225],[0.9956964445671054,0.9957028243383854,0.9956964445671054,0.9996485040463726,0.9996485040463726,0.9623339141814949,0.9623339141814949,0.9376820309240125,0.9376820309240125,0.5089084577360482,0.9999490259677649,0.5096568294581812,0.8649603634557682,0.9904073152055197,1.0,0.9595246020766852,0.9951594713389705,0.8837235776510263,0.8837235776510263,0.8430807033504155,-0.12227168419247836,0.9973294554586766,0.9071156710183992,-0.5425444164919623,0.5441677624499194,0.8223593250352914,0.8880285907126955,0.9399487757783906,0.8454296571670756,0.7950213077805948,0.9415617858509485,0.8301017860278823,0.6872001357502584,0.882314665646786,0.9599800761889832,0.8419902619013702],[0.9793663928710202,0.9790762828398821,0.9793663928710202,0.9633843519992563,0.9633843519992563,0.9991303331503001,0.9991303331503001,0.9444390589461449,0.9444390589461449,0.6819325655861221,0.9593398439588123,0.670462274789505,0.8328952061618254,0.9499275490230065,0.9595246020766852,1.0,0.9792249470508182,0.9156162404025263,0.9156162404025263,0.7049917053000632,-0.15788029950580856,0.9547250241882655,0.7196276824430308,-0.4747170390979282,-0.11376482551261742,0.9005416851994467,0.8280671332527934,0.9348074706725867,0.8828809779052784,0.785793938695975,0.8936949085368878,0.7839672559751157,0.7140137061267985,0.888830702865671,0.8989906257011692,0.832846524222417],[0.9993406206594714,0.9993412219128561,0.9993406206594714,0.9953431063143396,0.9953431063143396,0.9801653151995408,0.9801653151995408,0.9497334001305168,0.9497334001305168,0.5813543538244175,0.9950474451789798,0.5819891636411159,0.8587492094325374,0.9858706926905823,0.9951594713389705,0.9792249470508182,1.0,0.9140429408572172,0.9140429408572172,0.8592340697563767,-0.10386404007476514,0.9900488365930811,0.8886252587351354,-0.5332020890160188,0.5436880806088086,0.865399128773036,0.8679146378961359,0.9482220178952743,0.8837920955754408,0.8191138670841048,0.933661588394198,0.8677203166175147,0.7398769035487588,0.9023180415508828,0.9670975140785231,0.8786278829260781],[0.9043547607449243,0.903956029766555,0.9043547607449243,0.874065067041844,0.874065067041844,0.9126395444700285,0.9126395444700285,0.9693131044060856,0.9693131044060856,0.7733779425783182,0.8828370487762889,0.765138131686548,0.717138592065922,0.8306093049175869,0.8837235776510263,0.9156162404025263,0.9140429408572172,1.0,1.0,0.76054520875924,-0.09223433407678353,0.8435570867915883,0.6114144092923159,-0.2633642692684451,-0.1748203937334723,0.8463749546147983,0.661379996949699,0.835906945014409,0.9193359700806522,0.8503802857237123,0.8087509948025406,0.7743304192640348,0.7015886134853897,0.8616635656380937,0.7981391786349858,0.8661200060371499],[0.9043547607449243,0.903956029766555,0.9043547607449243,0.874065067041844,0.874065067041844,0.9126395444700285,0.9126395444700285,0.9693131044060856,0.9693131044060856,0.7733779425783182,0.8828370487762889,0.765138131686548,0.717138592065922,0.8306093049175869,0.8837235776510263,0.9156162404025263,0.9140429408572172,1.0,1.0,0.76054520875924,-0.09223433407678353,0.8435570867915883,0.6114144092923159,-0.2633642692684451,-0.1748203937334723,0.8463749546147983,0.661379996949699,0.835906945014409,0.9193359700806522,0.8503802857237123,0.8087509948025406,0.7743304192640348,0.7015886134853897,0.8616635656380937,0.7981391786349858,0.8661200060371499],[0.7599459857187606,0.7767196401813965,0.7599459857187606,0.7262591438074273,0.7262591438074273,0.655472665078853,0.655472665078853,0.6188927994103667,0.6188927994103667,0.6821767041049787,0.84196909598283,0.6317302467660478,0.6282251886264447,0.83560680728203,0.8430807033504155,0.7049917053000632,0.8592340697563767,0.76054520875924,0.76054520875924,1.0,0.006868878231543544,0.6903545315539557,-0.288490993136939,0.2596680551992378,-0.6365555948707023,0.3975354461401494,0.5774821504806169,0.5266094362626126,0.8447276792781127,0.712034444127346,0.20662506752204138,0.3490597405841564,0.5754671929458048,0.7921435306918493,0.5124934886658571,-0.08390554914947246],[-0.21000945419299372,-0.0019186852548148858,-0.21000945419299372,-0.2166238659879721,-0.2166238659879721,-0.1707899256158163,-0.1707899256158163,-0.05173800511772937,-0.05173800511772937,-0.09917142621078144,-0.1249086219791067,0.03245054428102101,-0.09488549132943451,-0.23065927143587514,-0.12227168419247836,-0.15788029950580856,-0.10386404007476514,-0.09223433407678353,-0.09223433407678353,0.006868878231543544,1.0,-0.14456217098434287,0.07487043195381696,0.18592183991268182,0.7354122851405256,-0.12337998954229623,-0.11580528734384375,-0.07954829394445194,0.1251588832663525,-0.04078693483798294,-0.03844236231655881,0.27318529541653574,0.5462348183070407,-0.16366562851587207,0.04127233443065796,0.11128134217770141],[0.9826010562265355,0.9760037387925863,0.9826010562265355,0.9935143603117366,0.9935143603117366,0.9528972834351618,0.9528972834351618,0.8733781342887753,0.8733781342887753,0.6295166322509824,0.9974592094105611,0.5718521180695963,0.8639317790643017,0.9871819468091695,0.9973294554586766,0.9547250241882655,0.9900488365930811,0.8435570867915883,0.8435570867915883,0.6903545315539557,-0.14456217098434287,1.0,0.21785068494582474,-0.2672394576281444,-0.2367221810996719,0.6994649928524431,0.910790851418888,0.9153641726517282,0.8106091765682801,0.7417383061611988,0.7115828558107706,0.609568769656905,0.48978051336169226,0.8819608116448588,0.7502546506719628,0.29872782927930586],[0.28354412853412975,0.035521941159656185,0.28354412853412975,0.31124111331480286,0.31124111331480286,0.4088833133561759,0.4088833133561759,0.6134276579697142,0.6134276579697142,0.03882594663165625,0.9077502607958514,0.37661646011257655,0.8108145774215838,0.8970581591516225,0.9071156710183992,0.7196276824430308,0.8886252587351354,0.6114144092923159,0.6114144092923159,-0.288490993136939,0.07487043195381696,0.21785068494582474,1.0,-0.48611377967650693,0.6783746171243791,0.42491089938202387,0.24677149988780178,0.39568423908344985,-0.027161108654573843,0.14960722068000012,0.6345281575060121,0.5155741974764736,0.22077062401302516,0.10269309245208591,0.447291664131534,0.5053851954675619],[-0.1879345644257746,-0.1806932251209756,-0.1879345644257746,-0.22151789655381698,-0.22151789655381698,-0.34816236023998964,-0.34816236023998964,-0.3797851056694296,-0.3797851056694296,0.04722163655488018,-0.5451143714573117,-0.1604312624023961,-0.6456196475282959,-0.7577388350279264,-0.5425444164919623,-0.4747170390979282,-0.5332020890160188,-0.2633642692684451,-0.2633642692684451,0.2596680551992378,0.18592183991268182,-0.2672394576281444,-0.48611377967650693,1.0,-0.026726786944064093,-0.2185450448611698,-0.25568117421840253,-0.3448055905617913,-0.0939951876908613,-0.1257942286457754,-0.5765410852105455,-0.24015655181698836,-0.04756988035988135,-0.11068348152632924,-0.2836263757979607,-0.4360622286212779],[-0.2049956337181745,-0.20608708081636629,-0.2049956337181745,-0.19822146325793746,-0.19822146325793746,-0.09921432671274409,-0.09921432671274409,0.01715561317984508,0.01715561317984508,-0.24250619102595974,0.5485301386812292,-0.23005801912773394,0.5978423686460305,0.6542632392296504,0.5441677624499194,-0.11376482551261742,0.5436880806088086,-0.1748203937334723,-0.1748203937334723,-0.6365555948707023,0.7354122851405256,-0.2367221810996719,0.6783746171243791,-0.026726786944064093,1.0,-0.09540739094829356,-0.13240004423942459,-0.04980403150793394,-0.33946044713042156,-0.3161800530907538,0.05929441521340049,0.15565339979623197,0.26046325971589346,-0.3547239215657035,0.09738119118072264,0.08512050035184],[0.8351116594555235,0.6907514678802228,0.8351116594555235,0.8209143014069915,0.8209143014069915,0.8903939127809327,0.8903939127809327,0.8172931914949106,0.8172931914949106,0.7373013038613345,0.8226451415421467,0.7586427923208652,0.6660225215830949,0.738106869457251,0.8223593250352914,0.9005416851994467,0.865399128773036,0.8463749546147983,0.8463749546147983,0.3975354461401494,-0.12337998954229623,0.6994649928524431,0.42491089938202387,-0.2185450448611698,-0.09540739094829356,1.0,0.5707594848422466,0.8526537137871735,0.5314929899216035,0.6556832011855018,0.6225901129485261,0.6786433239209916,0.43388970005983546,0.7351585746833535,0.7400937304551451,0.46778334904314056],[0.8820192064166797,0.8787534356253919,0.8820192064166797,0.906579157460695,0.906579157460695,0.8440021155140665,0.8440021155140665,0.7395558290170279,0.7395558290170279,0.35005158474686354,0.8897586370328214,0.25821972639858193,0.8404079686144398,0.9354647937303627,0.8880285907126955,0.8280671332527934,0.8679146378961359,0.661379996949699,0.661379996949699,0.5774821504806169,-0.11580528734384375,0.910790851418888,0.24677149988780178,-0.25568117421840253,-0.13240004423942459,0.5707594848422466,1.0,0.8289708928010486,0.6425369088700559,0.585585613561204,0.652768094036923,0.47657446974742335,0.3930056930622616,0.7298052719557387,0.6959459008504143,0.26728681867561566],[0.9284663520060616,0.9107347999144852,0.9284663520060616,0.9298976199411538,0.9298976199411538,0.9389113593805537,0.9389113593805537,0.8877711677680344,0.8877711677680344,0.6530608554337333,0.9405425413209857,0.6160486147333275,0.8424255166631566,0.9319089084166688,0.9399487757783906,0.9348074706725867,0.9482220178952743,0.835906945014409,0.835906945014409,0.5266094362626126,-0.07954829394445194,0.9153641726517282,0.39568423908344985,-0.3448055905617913,-0.04980403150793394,0.8526537137871735,0.8289708928010486,1.0,0.7365539085264617,0.6282131047786423,0.6956334008809082,0.6128742666688961,0.5007771933346405,0.8165277401040281,0.8706566451275749,0.3137313639662035],[0.8893707034948852,0.8868755911988402,0.8893707034948852,0.8615034549539717,0.8615034549539717,0.8745683298408821,0.8745683298408821,0.8521948247151637,0.8521948247151637,0.7950428888760865,0.8436641240732502,0.7620489758124066,0.6674990493189685,0.7638851470928465,0.8454296571670756,0.8828809779052784,0.8837920955754408,0.9193359700806522,0.9193359700806522,0.8447276792781127,0.1251588832663525,0.8106091765682801,-0.027161108654573843,-0.0939951876908613,-0.33946044713042156,0.5314929899216035,0.6425369088700559,0.7365539085264617,1.0,0.9133682463180888,0.5876733962308005,0.7099733394999405,0.6705758157472298,0.8867914558764687,0.553233173258307,0.34721117043318],[0.7786975957675761,0.7864530551851607,0.7786975957675761,0.771319472503235,0.771319472503235,0.7529754935051485,0.7529754935051485,0.7749990359098825,0.7749990359098825,0.6655978009144032,0.7932273460093676,0.681543917944515,0.5963799349358984,0.6715489923674627,0.7950213077805948,0.785793938695975,0.8191138670841048,0.8503802857237123,0.8503802857237123,0.712034444127346,-0.04078693483798294,0.7417383061611988,0.14960722068000012,-0.1257942286457754,-0.3161800530907538,0.6556832011855018,0.585585613561204,0.6282131047786423,0.9133682463180888,1.0,0.6212940500191564,0.694597715806019,0.6161777608158683,0.7564222436084089,0.6233154993408703,0.5110360619118692],[0.6813332299527933,0.6730142527457275,0.6813332299527933,0.709029417804014,0.709029417804014,0.8190637551933916,0.8190637551933916,0.8975057015198588,0.8975057015198588,0.3167995855535272,0.9423008839715917,0.47914777909889217,0.8368489069535546,0.9348933748727267,0.9415617858509485,0.8936949085368878,0.933661588394198,0.8087509948025406,0.8087509948025406,0.20662506752204138,-0.03844236231655881,0.7115828558107706,0.6345281575060121,-0.5765410852105455,0.05929441521340049,0.6225901129485261,0.652768094036923,0.6956334008809082,0.5876733962308005,0.6212940500191564,1.0,0.7471912838650808,0.3881626202885776,0.5825848614347279,0.6944154479940746,0.7606705768018464],[0.6511757315815754,0.6493493570659705,0.6511757315815754,0.6378776666874021,0.6378776666874021,0.7392357920273596,0.7392357920273596,0.7903265406616182,0.7903265406616182,0.5196148527272824,0.8278769906990704,0.6760208930762386,0.6501445317465385,0.7634467080082916,0.8301017860278823,0.7839672559751157,0.8677203166175147,0.7743304192640348,0.7743304192640348,0.3490597405841564,0.27318529541653574,0.609568769656905,0.5155741974764736,-0.24015655181698836,0.15565339979623197,0.6786433239209916,0.47657446974742335,0.6128742666688961,0.7099733394999405,0.694597715806019,0.7471912838650808,1.0,0.7786819611116162,0.5427380187951651,0.7316035961196851,0.5787128963134215],[0.5880889115668384,0.613328587635491,0.5880889115668384,0.5504994294255412,0.5504994294255412,0.6566503398893144,0.6566503398893144,0.6914623217531153,0.6914623217531153,0.5618805126175263,0.684130221258477,0.6746987254434018,0.5031215779090817,0.5372716429881154,0.6872001357502584,0.7140137061267985,0.7398769035487588,0.7015886134853897,0.7015886134853897,0.5754671929458048,0.5462348183070407,0.48978051336169226,0.22077062401302516,-0.04756988035988135,0.26046325971589346,0.43388970005983546,0.3930056930622616,0.5007771933346405,0.6705758157472298,0.6161777608158683,0.3881626202885776,0.7786819611116162,1.0,0.5016308990754793,0.6396741585459919,0.22522071854755008],[0.920171717976461,0.9196833889349313,0.920171717976461,0.9011991367852663,0.9011991367852663,0.86777832510666,0.86777832510666,0.820369015580983,0.820369015580983,0.7578815695454553,0.8817710486380849,0.7054844730286514,0.7452808774868022,0.8456426166521939,0.882314665646786,0.888830702865671,0.9023180415508828,0.8616635656380937,0.8616635656380937,0.7921435306918493,-0.16366562851587207,0.8819608116448588,0.10269309245208591,-0.11068348152632924,-0.3547239215657035,0.7351585746833535,0.7298052719557387,0.8165277401040281,0.8867914558764687,0.7564222436084089,0.5825848614347279,0.5427380187951651,0.5016308990754793,1.0,0.7673770425012126,0.24894826619985483],[0.880623735445876,0.7639567012529069,0.880623735445876,0.8740852837724977,0.8740852837724977,0.9022802565395794,0.9022802565395794,0.8800076555284158,0.8800076555284158,0.5769944758781581,0.9601352258930307,0.5434697342824738,0.8451382662731505,0.9579080355308355,0.9599800761889832,0.8989906257011692,0.9670975140785231,0.7981391786349858,0.7981391786349858,0.5124934886658571,0.04127233443065796,0.7502546506719628,0.447291664131534,-0.2836263757979607,0.09738119118072264,0.7400937304551451,0.6959459008504143,0.8706566451275749,0.553233173258307,0.6233154993408703,0.6944154479940746,0.7316035961196851,0.6396741585459919,0.7673770425012126,1.0,0.2876997850711772],[0.29810389246626473,0.29401251040066295,0.29810389246626473,0.3134576574293991,0.3134576574293991,0.5479818367820772,0.5479818367820772,0.8372654687882988,0.8372654687882988,0.1684479569368653,0.8421719967590858,0.5941638795239794,0.7648529428762848,0.8415485627800225,0.8419902619013702,0.832846524222417,0.8786278829260781,0.8661200060371499,0.8661200060371499,-0.08390554914947246,0.11128134217770141,0.29872782927930586,0.5053851954675619,-0.4360622286212779,0.08512050035184,0.46778334904314056,0.26728681867561566,0.3137313639662035,0.34721117043318,0.5110360619118692,0.7606705768018464,0.5787128963134215,0.22522071854755008,0.24894826619985483,0.2876997850711772,1.0]],"x":["^TAIEX       \u81fa\u7063\u52a0\u6b0a\u5831\u916c\u6307\u6578","^TWII        \u81fa\u7063\u52a0\u6b0a\u6307\u6578","^TAIEXx2     \u81fa\u7063\u52a0\u6b0a\u5831\u916c\u6307\u6578_\u65e5\u6b632","^TAI50I      \u81fa\u706350\u5831\u916c\u6307\u6578","^TAI50Ix2    \u81fa\u706350\u5831\u916c\u6307\u6578_\u65e5\u6b632","^TAI100I     \u81fa\u7063\u4e2d\u578b100\u5831\u916c\u6307\u6578","^TAI100Ix2   \u81fa\u7063\u4e2d\u578b100\u5831\u916c\u6307\u6578_\u65e5\u6b632","^TAIDIVIDI   \u81fa\u7063\u9ad8\u80a1\u606f\u5831\u916c\u6307\u6578","^TAIDIVIDIx2 \u81fa\u7063\u9ad8\u80a1\u606f\u5831\u916c\u6307\u6578_\u65e5\u6b632","0050Fund     \u5143\u5927\u53f0\u7063\u5353\u8d8a50\u57fa\u91d1","006208Fund   \u5bcc\u90a6\u53f0\u7063\u91c6\u540950\u57fa\u91d1","0050         \u5143\u5927\u81fa\u706350","00631L       \u5143\u5927\u53f0\u706350\u6b632","00675L       \u5bcc\u90a6\u81fa\u7063\u52a0\u6b0a\u6b632","006208       \u5bcc\u90a6\u53f050","0051         \u5143\u5927\u4e2d\u578b100","006204       \u6c38\u8c50\u81fa\u7063\u52a0\u6b0a","0056         \u5143\u5927\u9ad8\u80a1\u606f","0056         \u5143\u5927\u9ad8\u80a1\u606f_\u80a1\u606f\u4e0d\u6295\u5165","2412         \u4e2d\u83ef\u96fb\u4fe1","2002         \u4e2d\u92fc","2330         \u53f0\u7a4d\u96fb","2317         \u9d3b\u6d77","6505         \u53f0\u5851\u77f3\u5316","3481         \u7fa4\u5275","2303         \u806f\u96fb","2308         \u53f0\u9054\u96fb","2454         \u806f\u767c\u79d1","2886         \u5146\u8c50\u91d1","2884         \u7389\u5c71\u91d1","2891         \u4e2d\u4fe1\u91d1","2892         \u7b2c\u4e00\u91d1","5880         \u5408\u5eab\u91d1","2881         \u5bcc\u90a6\u91d1","2885         \u5143\u5927\u91d1","2887         \u53f0\u65b0\u91d1"],"y":["^TAIEX       \u81fa\u7063\u52a0\u6b0a\u5831\u916c\u6307\u6578","^TWII        \u81fa\u7063\u52a0\u6b0a\u6307\u6578","^TAIEXx2     \u81fa\u7063\u52a0\u6b0a\u5831\u916c\u6307\u6578_\u65e5\u6b632","^TAI50I      \u81fa\u706350\u5831\u916c\u6307\u6578","^TAI50Ix2    \u81fa\u706350\u5831\u916c\u6307\u6578_\u65e5\u6b632","^TAI100I     \u81fa\u7063\u4e2d\u578b100\u5831\u916c\u6307\u6578","^TAI100Ix2   \u81fa\u7063\u4e2d\u578b100\u5831\u916c\u6307\u6578_\u65e5\u6b632","^TAIDIVIDI   \u81fa\u7063\u9ad8\u80a1\u606f\u5831\u916c\u6307\u6578","^TAIDIVIDIx2 \u81fa\u7063\u9ad8\u80a1\u606f\u5831\u916c\u6307\u6578_\u65e5\u6b632","0050Fund     \u5143\u5927\u53f0\u7063\u5353\u8d8a50\u57fa\u91d1","006208Fund   \u5bcc\u90a6\u53f0\u7063\u91c6\u540950\u57fa\u91d1","0050         \u5143\u5927\u81fa\u706350","00631L       \u5143\u5927\u53f0\u706350\u6b632","00675L       \u5bcc\u90a6\u81fa\u7063\u52a0\u6b0a\u6b632","006208       \u5bcc\u90a6\u53f050","0051         \u5143\u5927\u4e2d\u578b100","006204       \u6c38\u8c50\u81fa\u7063\u52a0\u6b0a","0056         \u5143\u5927\u9ad8\u80a1\u606f","0056         \u5143\u5927\u9ad8\u80a1\u606f_\u80a1\u606f\u4e0d\u6295\u5165","2412         \u4e2d\u83ef\u96fb\u4fe1","2002         \u4e2d\u92fc","2330         \u53f0\u7a4d\u96fb","2317         \u9d3b\u6d77","6505         \u53f0\u5851\u77f3\u5316","3481         \u7fa4\u5275","2303         \u806f\u96fb","2308         \u53f0\u9054\u96fb","2454         \u806f\u767c\u79d1","2886         \u5146\u8c50\u91d1","2884         \u7389\u5c71\u91d1","2891         \u4e2d\u4fe1\u91d1","2892         \u7b2c\u4e00\u91d1","5880         \u5408\u5eab\u91d1","2881         \u5bcc\u90a6\u91d1","2885         \u5143\u5927\u91d1","2887         \u53f0\u65b0\u91d1"],"zmin":-1,"zmax":1,"colorbar":{"x":-0.2}}],"layout":{"autotypenumbers":"strict","colorway":["#636efa","#EF553B","#00cc96","#ab63fa","#FFA15A","#19d3f3","#FF6692","#B6E880","#FF97FF","#FECB52"],"font":{"color":"#f2f5fa","family":"Courier New"},"hovermode":"closest","hoverlabel":{"align":"left"},"paper_bgcolor":"rgb(17,17,17)","plot_bgcolor":"rgb(17,17,17)","polar":{"bgcolor":"rgb(17,17,17)","angularaxis":{"gridcolor":"#506784","linecolor":"#506784","ticks":""},"radialaxis":{"gridcolor":"#506784","linecolor":"#506784","ticks":""}},"ternary":{"bgcolor":"rgb(17,17,17)","aaxis":{"gridcolor":"#506784","linecolor":"#506784","ticks":""},"baxis":{"gridcolor":"#506784","linecolor":"#506784","ticks":""},"caxis":{"gridcolor":"#506784","linecolor":"#506784","ticks":""}},"coloraxis":{"colorbar":{"outlinewidth":0,"ticks":""}},"colorscale":{"sequential":[[0.0,"#0d0887"],[0.1111111111111111,"#46039f"],[0.2222222222222222,"#7201a8"],[0.3333333333333333,"#9c179e"],[0.4444444444444444,"#bd3786"],[0.5555555555555556,"#d8576b"],[0.6666666666666666,"#ed7953"],[0.7777777777777778,"#fb9f3a"],[0.8888888888888888,"#fdca26"],[1.0,"#f0f921"]],"sequentialminus":[[0.0,"#0d0887"],[0.1111111111111111,"#46039f"],[0.2222222222222222,"#7201a8"],[0.3333333333333333,"#9c179e"],[0.4444444444444444,"#bd3786"],[0.5555555555555556,"#d8576b"],[0.6666666666666666,"#ed7953"],[0.7777777777777778,"#fb9f3a"],[0.8888888888888888,"#fdca26"],[1.0,"#f0f921"]],"diverging":[[0,"#8e0152"],[0.1,"#c51b7d"],[0.2,"#de77ae"],[0.3,"#f1b6da"],[0.4,"#fde0ef"],[0.5,"#f7f7f7"],[0.6,"#e6f5d0"],[0.7,"#b8e186"],[0.8,"#7fbc41"],[0.9,"#4d9221"],[1,"#276419"]]},"xaxis":{"gridcolor":"rgba(0, 0, 0, 0)","linecolor":"#506784","ticks":"","title":{"standoff":15},"zerolinecolor":"#283442","automargin":true,"zerolinewidth":2,"tickfont":{"family":"Courier New","size":14},"side":"top","tickangle":-90},"yaxis":{"gridcolor":"rgba(0, 0, 0, 0)","linecolor":"#506784","ticks":"","title":{"standoff":15},"zerolinecolor":"#283442","automargin":true,"zerolinewidth":2,"tickfont":{"family":"Courier New"},"side":"right"},"scene":{"xaxis":{"backgroundcolor":"rgb(17,17,17)","gridcolor":"#506784","linecolor":"#506784","showbackground":true,"ticks":"","zerolinecolor":"#C8D4E3","gridwidth":2},"yaxis":{"backgroundcolor":"rgb(17,17,17)","gridcolor":"#506784","linecolor":"#506784","showbackground":true,"ticks":"","zerolinecolor":"#C8D4E3","gridwidth":2},"zaxis":{"backgroundcolor":"rgb(17,17,17)","gridcolor":"#506784","linecolor":"#506784","showbackground":true,"ticks":"","zerolinecolor":"#C8D4E3","gridwidth":2}},"shapedefaults":{"line":{"color":"#f2f5fa"}},"annotationdefaults":{"arrowcolor":"#f2f5fa","arrowhead":0,"arrowwidth":1},"geo":{"bgcolor":"rgb(17,17,17)","landcolor":"rgb(17,17,17)","subunitcolor":"#506784","showland":true,"showlakes":true,"lakecolor":"rgb(17,17,17)"},"title":{"x":0.05,"font":{"family":"Times New Roman"},"y":0.05,"text":"<b>Correlation of Close<b><br><i>2016-09-23 ~ 2026-05-19<i>"},"updatemenudefaults":{"bgcolor":"#506784","borderwidth":0},"sliderdefaults":{"bgcolor":"#C8D4E3","borderwidth":1,"bordercolor":"rgb(17,17,17)","tickwidth":0},"mapbox":{"style":"dark"},"annotations":[{"text":"<b>@zwindr<b>","textangle":0,"opacity":0.5,"font":{"color":"white","size":12},"xref":"paper","yref":"paper","xanchor":"left","yanchor":"bottom","x":1.0,"y":1.0,"showarrow":false}]},"config":{"responsive":true,"toImageButtonOptions":{"filename":"Correlation of Close_2016-09-23~2026-05-19","scale":5}}};Plotly.newPlot("correlationClose",correlationClose.data,correlationClose.layout||{},correlationClose.config);}else{console.log("style display is none => correlationClose");}