var config = { responsive: true }

var correlationClose = {"data": [{"type": "heatmap", "z": [[1.0, 0.9999999999999983, 1.0, 0.995704188123439, 0.995704188123439, 0.9599191013493487, 0.9599191013493487, 0.8931708990660403, 0.8931708990660403, 0.9779557493858738, 0.9922626935888773, 0.9918149899853602, 0.9952300118045876, 0.9709064972408066, 0.9988462296059653, 0.9276196494512058, 0.7810623765429963, -0.06279175106406507, 0.9765159445340513, 0.04826483562077859, 0.028582860168166507, -0.24960651198016065, 0.8247295865842579, 0.9501252618040822, 0.9003756877225225], [0.9999999999999983, 1.0, 0.9999999999999984, 0.9956431582995379, 0.9956431582995379, 0.9592519928168034, 0.9592519928168034, 0.8945472118473105, 0.8945472118473105, 0.9767502055673783, 0.9920000344428107, 0.9912056245723252, 0.9951857111945754, 0.9701223748105302, 0.9988511199414288, 0.9282255389360355, 0.8023882111215519, 0.14208308603939776, 0.9672226418368656, -0.10754669615439928, 0.035855455314979676, -0.24994066153134134, 0.646813818575488, 0.9503411039798922, 0.8713712936778759], [1.0, 0.9999999999999984, 1.0, 0.995704188123439, 0.995704188123439, 0.9599191013493487, 0.9599191013493487, 0.8931708990660403, 0.8931708990660403, 0.9779557493858738, 0.9922626935888773, 0.9918149899853602, 0.9952300118045876, 0.9709064972408066, 0.9988462296059653, 0.9276196494512058, 0.7810623765429963, -0.06279175106406507, 0.9765159445340513, 0.04826483562077859, 0.028582860168166507, -0.24960651198016065, 0.8247295865842579, 0.9501252618040822, 0.9003756877225225], [0.995704188123439, 0.9956431582995379, 0.995704188123439, 1.0, 1.0, 0.9468196745969663, 0.9468196745969663, 0.879098189970024, 0.879098189970024, 0.9791321729891558, 0.9879320862631985, 0.9836794071469174, 0.9993704318053377, 0.9533515717587411, 0.9946783642279178, 0.9101517710348271, 0.7612502669611054, -0.06749675069966489, 0.9881607582068199, 0.06724022235906228, 0.00010626579097736347, -0.2537018709058351, 0.8270713489880948, 0.9400642860887596, 0.9053604792089134], [0.995704188123439, 0.9956431582995379, 0.995704188123439, 1.0, 1.0, 0.9468196745969663, 0.9468196745969663, 0.879098189970024, 0.879098189970024, 0.9791321729891558, 0.9879320862631985, 0.9836794071469174, 0.9993704318053377, 0.9533515717587411, 0.9946783642279178, 0.9101517710348271, 0.7612502669611054, -0.06749675069966489, 0.9881607582068199, 0.06724022235906228, 0.00010626579097736347, -0.2537018709058351, 0.8270713489880948, 0.9400642860887596, 0.9053604792089134], [0.9599191013493487, 0.9592519928168034, 0.9599191013493487, 0.9468196745969663, 0.9468196745969663, 1.0, 1.0, 0.9210855174449285, 0.9210855174449285, 0.9344931976656762, 0.9765210519959696, 0.9754252160903967, 0.9508652971641536, 0.9989534776315598, 0.9715171416655582, 0.9192420708053959, 0.61903349044796, -0.005661987766773076, 0.9311813637191656, 0.23560829528067856, -0.1842398803869456, -0.10140071083158367, 0.8966376373928634, 0.9095316239158654, 0.9219848895956515], [0.9599191013493487, 0.9592519928168034, 0.9599191013493487, 0.9468196745969663, 0.9468196745969663, 1.0, 1.0, 0.9210855174449285, 0.9210855174449285, 0.9344931976656762, 0.9765210519959696, 0.9754252160903967, 0.9508652971641536, 0.9989534776315598, 0.9715171416655582, 0.9192420708053959, 0.61903349044796, -0.005661987766773076, 0.9311813637191656, 0.23560829528067856, -0.1842398803869456, -0.10140071083158367, 0.8966376373928634, 0.9095316239158654, 0.9219848895956515], [0.8931708990660403, 0.8945472118473105, 0.8931708990660403, 0.879098189970024, 0.879098189970024, 0.9210855174449285, 0.9210855174449285, 1.0, 1.0, 0.8835243208286198, 0.9459397899278364, 0.9408785667332762, 0.9367421106033027, 0.9218117811964743, 0.9380646485278321, 0.97342559086034, 0.5515281148445365, 0.11707099191432176, 0.8345881244782615, 0.48996532541503146, -0.20572924963907904, 0.042563512996678834, 0.7833296929548422, 0.7981012216103599, 0.856478074753717], [0.8931708990660403, 0.8945472118473105, 0.8931708990660403, 0.879098189970024, 0.879098189970024, 0.9210855174449285, 0.9210855174449285, 1.0, 1.0, 0.8835243208286198, 0.9459397899278364, 0.9408785667332762, 0.9367421106033027, 0.9218117811964743, 0.9380646485278321, 0.97342559086034, 0.5515281148445365, 0.11707099191432176, 0.8345881244782615, 0.48996532541503146, -0.20572924963907904, 0.042563512996678834, 0.7833296929548422, 0.7981012216103599, 0.856478074753717], [0.9779557493858738, 0.9767502055673783, 0.9779557493858738, 0.9791321729891558, 0.9791321729891558, 0.9344931976656762, 0.9344931976656762, 0.8835243208286198, 0.8835243208286198, 1.0, 0.9557030089346333, 0.9422530628132372, 0.9691618352946902, 0.9359722060383932, 0.9702228890288883, 0.9010460757967048, 0.7401454558649627, -0.08868651752997245, 0.9671709620436374, 0.4939743889504198, -0.20910244411908924, -0.2646994171299142, 0.876529474693136, 0.9114245609652926, 0.8859980001738099], [0.9922626935888773, 0.9920000344428107, 0.9922626935888773, 0.9879320862631985, 0.9879320862631985, 0.9765210519959696, 0.9765210519959696, 0.9459397899278364, 0.9459397899278364, 0.9557030089346333, 1.0, 0.9996681358254469, 0.987662480097236, 0.9748664370895396, 0.9891712426271528, 0.924335875194641, 0.7999198464320079, 0.23571355511939945, 0.9856917452499194, 0.868108031821186, -0.5878179611353894, 0.46600315537469, 0.8539548197226936, 0.9324405693856677, 0.9558242461650338], [0.9918149899853602, 0.9912056245723252, 0.9918149899853602, 0.9836794071469174, 0.9836794071469174, 0.9754252160903967, 0.9754252160903967, 0.9408785667332762, 0.9408785667332762, 0.9422530628132372, 0.9996681358254469, 1.0, 0.9842693022125057, 0.9726477077831465, 0.9873299092806811, 0.9125109553311329, 0.8184520147039656, 0.11810958140571666, 0.9799766167117783, 0.8776572657671339, -0.8106630453817714, 0.5162895715296221, 0.8131222443256737, 0.9387401827600569, 0.9535870959886991], [0.9952300118045876, 0.9951857111945754, 0.9952300118045876, 0.9993704318053377, 0.9993704318053377, 0.9508652971641536, 0.9508652971641536, 0.9367421106033027, 0.9367421106033027, 0.9691618352946902, 0.987662480097236, 0.9842693022125057, 1.0, 0.9517005998468256, 0.9937817117898455, 0.9301189399744573, 0.8370852605021964, 0.20063221813805054, 0.995262607288301, 0.8408765160288961, -0.3862881424680785, 0.3873502618736668, 0.8743266109697093, 0.9116212436556687, 0.9371139153327949], [0.9709064972408066, 0.9701223748105302, 0.9709064972408066, 0.9533515717587411, 0.9533515717587411, 0.9989534776315598, 0.9989534776315598, 0.9218117811964743, 0.9218117811964743, 0.9359722060383932, 0.9748664370895396, 0.9726477077831465, 0.9517005998468256, 1.0, 0.9733666919168558, 0.9187395620342822, 0.6678660390560734, 0.014699139423042476, 0.9431338536494537, 0.5613114443200952, -0.3179454473314495, -0.15552749744228495, 0.9097567688973889, 0.9233878997823501, 0.917332214601622], [0.9988462296059653, 0.9988511199414288, 0.9988462296059653, 0.9946783642279178, 0.9946783642279178, 0.9715171416655582, 0.9715171416655582, 0.9380646485278321, 0.9380646485278321, 0.9702228890288883, 0.9891712426271528, 0.9873299092806811, 0.9937817117898455, 0.9733666919168558, 1.0, 0.9441229956590522, 0.8425772316898428, 0.19548351202901101, 0.9867793275602366, 0.810062055291866, -0.37318281859127095, 0.3974773652937895, 0.9051635321044664, 0.9301497049132011, 0.9420423434795157], [0.9276196494512058, 0.9282255389360355, 0.9276196494512058, 0.9101517710348271, 0.9101517710348271, 0.9192420708053959, 0.9192420708053959, 0.97342559086034, 0.97342559086034, 0.9010460757967048, 0.924335875194641, 0.9125109553311329, 0.9301189399744573, 0.9187395620342822, 0.9441229956590522, 1.0, 0.7236256613600855, 0.0295855981919756, 0.8731857136039366, 0.4985785734505484, -0.10690330218655761, -0.19787769213368647, 0.8208514917610286, 0.840753280547142, 0.8273080317860335], [0.7810623765429963, 0.8023882111215519, 0.7810623765429963, 0.7612502669611054, 0.7612502669611054, 0.61903349044796, 0.61903349044796, 0.5515281148445365, 0.5515281148445365, 0.7401454558649627, 0.7999198464320079, 0.8184520147039656, 0.8370852605021964, 0.6678660390560734, 0.8425772316898428, 0.7236256613600855, 1.0, 0.06781015029721962, 0.7241976987639239, -0.44764230135107835, 0.4118752434103843, -0.6627689291368819, 0.3264650019570246, 0.8038981462295568, 0.4735726430902376], [-0.06279175106406507, 0.14208308603939776, -0.06279175106406507, -0.06749675069966489, -0.06749675069966489, -0.005661987766773076, -0.005661987766773076, 0.11707099191432176, 0.11707099191432176, -0.08868651752997245, 0.23571355511939945, 0.11810958140571666, 0.20063221813805054, 0.014699139423042476, 0.19548351202901101, 0.0295855981919756, 0.06781015029721962, 1.0, -0.03444343751315812, 0.14011796414873912, 0.1040765462882292, 0.7530773837025797, -0.07258561688910864, 0.058761192134149876, 0.04993526738756915], [0.9765159445340513, 0.9672226418368656, 0.9765159445340513, 0.9881607582068199, 0.9881607582068199, 0.9311813637191656, 0.9311813637191656, 0.8345881244782615, 0.8345881244782615, 0.9671709620436374, 0.9856917452499194, 0.9799766167117783, 0.995262607288301, 0.9431338536494537, 0.9867793275602366, 0.8731857136039366, 0.7241976987639239, -0.03444343751315812, 1.0, -0.022986575557610234, -0.06416625100563865, -0.3154207146691899, 0.6897157290358968, 0.9204690975405148, 0.8882053066805312], [0.04826483562077859, -0.10754669615439928, 0.04826483562077859, 0.06724022235906228, 0.06724022235906228, 0.23560829528067856, 0.23560829528067856, 0.48996532541503146, 0.48996532541503146, 0.4939743889504198, 0.868108031821186, 0.8776572657671339, 0.8408765160288961, 0.5613114443200952, 0.810062055291866, 0.4985785734505484, -0.44764230135107835, 0.14011796414873912, -0.022986575557610234, 1.0, -0.418441613730884, 0.7840943520653227, 0.3582657878809316, -0.07408999350454835, 0.2423583120009682], [0.028582860168166507, 0.035855455314979676, 0.028582860168166507, 0.00010626579097736347, 0.00010626579097736347, -0.1842398803869456, -0.1842398803869456, -0.20572924963907904, -0.20572924963907904, -0.20910244411908924, -0.5878179611353894, -0.8106630453817714, -0.3862881424680785, -0.3179454473314495, -0.37318281859127095, -0.10690330218655761, 0.4118752434103843, 0.1040765462882292, -0.06416625100563865, -0.418441613730884, 1.0, -0.0563989827129504, -0.11578882729499756, -0.00447103736472331, -0.21775064648933218], [-0.24960651198016065, -0.24994066153134134, -0.24960651198016065, -0.2537018709058351, -0.2537018709058351, -0.10140071083158367, -0.10140071083158367, 0.042563512996678834, 0.042563512996678834, -0.2646994171299142, 0.46600315537469, 0.5162895715296221, 0.3873502618736668, -0.15552749744228495, 0.3974773652937895, -0.19787769213368647, -0.6627689291368819, 0.7530773837025797, -0.3154207146691899, 0.7840943520653227, -0.0563989827129504, 1.0, -0.0956448714542971, -0.30285124013754183, -0.043709447281738964], [0.8247295865842579, 0.646813818575488, 0.8247295865842579, 0.8270713489880948, 0.8270713489880948, 0.8966376373928634, 0.8966376373928634, 0.7833296929548422, 0.7833296929548422, 0.876529474693136, 0.8539548197226936, 0.8131222443256737, 0.8743266109697093, 0.9097567688973889, 0.9051635321044664, 0.8208514917610286, 0.3264650019570246, -0.07258561688910864, 0.6897157290358968, 0.3582657878809316, -0.11578882729499756, -0.0956448714542971, 1.0, 0.614988199243613, 0.8463652870497275], [0.9501252618040822, 0.9503411039798922, 0.9501252618040822, 0.9400642860887596, 0.9400642860887596, 0.9095316239158654, 0.9095316239158654, 0.7981012216103599, 0.7981012216103599, 0.9114245609652926, 0.9324405693856677, 0.9387401827600569, 0.9116212436556687, 0.9233878997823501, 0.9301497049132011, 0.840753280547142, 0.8038981462295568, 0.058761192134149876, 0.9204690975405148, -0.07408999350454835, -0.00447103736472331, -0.30285124013754183, 0.614988199243613, 1.0, 0.8220971119089362], [0.9003756877225225, 0.8713712936778759, 0.9003756877225225, 0.9053604792089134, 0.9053604792089134, 0.9219848895956515, 0.9219848895956515, 0.856478074753717, 0.856478074753717, 0.8859980001738099, 0.9558242461650338, 0.9535870959886991, 0.9371139153327949, 0.917332214601622, 0.9420423434795157, 0.8273080317860335, 0.4735726430902376, 0.04993526738756915, 0.8882053066805312, 0.2423583120009682, -0.21775064648933218, -0.043709447281738964, 0.8463652870497275, 0.8220971119089362, 1.0]], "x": ["^TAIEX       \u81fa\u7063\u52a0\u6b0a\u5831\u916c\u6307\u6578", "^TWII        \u81fa\u7063\u52a0\u6b0a\u6307\u6578", "^TAIEXx2     \u81fa\u7063\u52a0\u6b0a\u5831\u916c\u6307\u6578_\u65e5\u6b632", "^TAI50I      \u81fa\u706350\u5831\u916c\u6307\u6578", "^TAI50Ix2    \u81fa\u706350\u5831\u916c\u6307\u6578_\u65e5\u6b632", "^TAI100I     \u81fa\u7063\u4e2d\u578b100\u5831\u916c\u6307\u6578", "^TAI100Ix2   \u81fa\u7063\u4e2d\u578b100\u5831\u916c\u6307\u6578_\u65e5\u6b632", "^TAIDIVIDI   \u81fa\u7063\u9ad8\u80a1\u606f\u5831\u916c\u6307\u6578", "^TAIDIVIDIx2 \u81fa\u7063\u9ad8\u80a1\u606f\u5831\u916c\u6307\u6578_\u65e5\u6b632", "0050         \u5143\u5927\u81fa\u706350", "00631L       \u5143\u5927\u53f0\u706350\u6b632", "00675L       \u5bcc\u90a6\u81fa\u7063\u52a0\u6b0a\u6b632", "006208       \u5bcc\u90a6\u53f050", "0051         \u5143\u5927\u4e2d\u578b100", "006204       \u6c38\u8c50\u81fa\u7063\u52a0\u6b0a", "0056         \u5143\u5927\u9ad8\u80a1\u606f", "2412         \u4e2d\u83ef\u96fb\u4fe1", "2002         \u4e2d\u92fc", "2330         \u53f0\u7a4d\u96fb", "2317         \u9d3b\u6d77", "6505         \u53f0\u5851\u77f3\u5316", "3481         \u7fa4\u5275", "2303         \u806f\u96fb", "2308         \u53f0\u9054\u96fb", "2454         \u806f\u767c\u79d1"], "y": ["^TAIEX       \u81fa\u7063\u52a0\u6b0a\u5831\u916c\u6307\u6578", "^TWII        \u81fa\u7063\u52a0\u6b0a\u6307\u6578", "^TAIEXx2     \u81fa\u7063\u52a0\u6b0a\u5831\u916c\u6307\u6578_\u65e5\u6b632", "^TAI50I      \u81fa\u706350\u5831\u916c\u6307\u6578", "^TAI50Ix2    \u81fa\u706350\u5831\u916c\u6307\u6578_\u65e5\u6b632", "^TAI100I     \u81fa\u7063\u4e2d\u578b100\u5831\u916c\u6307\u6578", "^TAI100Ix2   \u81fa\u7063\u4e2d\u578b100\u5831\u916c\u6307\u6578_\u65e5\u6b632", "^TAIDIVIDI   \u81fa\u7063\u9ad8\u80a1\u606f\u5831\u916c\u6307\u6578", "^TAIDIVIDIx2 \u81fa\u7063\u9ad8\u80a1\u606f\u5831\u916c\u6307\u6578_\u65e5\u6b632", "0050         \u5143\u5927\u81fa\u706350", "00631L       \u5143\u5927\u53f0\u706350\u6b632", "00675L       \u5bcc\u90a6\u81fa\u7063\u52a0\u6b0a\u6b632", "006208       \u5bcc\u90a6\u53f050", "0051         \u5143\u5927\u4e2d\u578b100", "006204       \u6c38\u8c50\u81fa\u7063\u52a0\u6b0a", "0056         \u5143\u5927\u9ad8\u80a1\u606f", "2412         \u4e2d\u83ef\u96fb\u4fe1", "2002         \u4e2d\u92fc", "2330         \u53f0\u7a4d\u96fb", "2317         \u9d3b\u6d77", "6505         \u53f0\u5851\u77f3\u5316", "3481         \u7fa4\u5275", "2303         \u806f\u96fb", "2308         \u53f0\u9054\u96fb", "2454         \u806f\u767c\u79d1"], "zmin": -1, "zmax": 1, "colorbar": {"x": -0.2}}], "layout": {"autotypenumbers": "strict", "colorway": ["#636efa", "#EF553B", "#00cc96", "#ab63fa", "#FFA15A", "#19d3f3", "#FF6692", "#B6E880", "#FF97FF", "#FECB52"], "font": {"color": "#f2f5fa", "family": "Courier New"}, "hovermode": "closest", "hoverlabel": {"align": "left"}, "paper_bgcolor": "rgb(17,17,17)", "plot_bgcolor": "rgb(17,17,17)", "polar": {"bgcolor": "rgb(17,17,17)", "angularaxis": {"gridcolor": "#506784", "linecolor": "#506784", "ticks": ""}, "radialaxis": {"gridcolor": "#506784", "linecolor": "#506784", "ticks": ""}}, "ternary": {"bgcolor": "rgb(17,17,17)", "aaxis": {"gridcolor": "#506784", "linecolor": "#506784", "ticks": ""}, "baxis": {"gridcolor": "#506784", "linecolor": "#506784", "ticks": ""}, "caxis": {"gridcolor": "#506784", "linecolor": "#506784", "ticks": ""}}, "coloraxis": {"colorbar": {"outlinewidth": 0, "ticks": ""}}, "colorscale": {"sequential": [[0.0, "#0d0887"], [0.1111111111111111, "#46039f"], [0.2222222222222222, "#7201a8"], [0.3333333333333333, "#9c179e"], [0.4444444444444444, "#bd3786"], [0.5555555555555556, "#d8576b"], [0.6666666666666666, "#ed7953"], [0.7777777777777778, "#fb9f3a"], [0.8888888888888888, "#fdca26"], [1.0, "#f0f921"]], "sequentialminus": [[0.0, "#0d0887"], [0.1111111111111111, "#46039f"], [0.2222222222222222, "#7201a8"], [0.3333333333333333, "#9c179e"], [0.4444444444444444, "#bd3786"], [0.5555555555555556, "#d8576b"], [0.6666666666666666, "#ed7953"], [0.7777777777777778, "#fb9f3a"], [0.8888888888888888, "#fdca26"], [1.0, "#f0f921"]], "diverging": [[0, "#8e0152"], [0.1, "#c51b7d"], [0.2, "#de77ae"], [0.3, "#f1b6da"], [0.4, "#fde0ef"], [0.5, "#f7f7f7"], [0.6, "#e6f5d0"], [0.7, "#b8e186"], [0.8, "#7fbc41"], [0.9, "#4d9221"], [1, "#276419"]]}, "xaxis": {"gridcolor": "rgba(0, 0, 0, 0)", "linecolor": "#506784", "ticks": "", "title": {"standoff": 15}, "zerolinecolor": "#283442", "automargin": true, "zerolinewidth": 2, "tickfont": {"family": "Courier New", "size": 14}, "side": "top", "tickangle": -90}, "yaxis": {"gridcolor": "rgba(0, 0, 0, 0)", "linecolor": "#506784", "ticks": "", "title": {"standoff": 15}, "zerolinecolor": "#283442", "automargin": true, "zerolinewidth": 2, "tickfont": {"family": "Courier New"}, "side": "right"}, "scene": {"xaxis": {"backgroundcolor": "rgb(17,17,17)", "gridcolor": "#506784", "linecolor": "#506784", "showbackground": true, "ticks": "", "zerolinecolor": "#C8D4E3", "gridwidth": 2}, "yaxis": {"backgroundcolor": "rgb(17,17,17)", "gridcolor": "#506784", "linecolor": "#506784", "showbackground": true, "ticks": "", "zerolinecolor": "#C8D4E3", "gridwidth": 2}, "zaxis": {"backgroundcolor": "rgb(17,17,17)", "gridcolor": "#506784", "linecolor": "#506784", "showbackground": true, "ticks": "", "zerolinecolor": "#C8D4E3", "gridwidth": 2}}, "shapedefaults": {"line": {"color": "#f2f5fa"}}, "annotationdefaults": {"arrowcolor": "#f2f5fa", "arrowhead": 0, "arrowwidth": 1}, "geo": {"bgcolor": "rgb(17,17,17)", "landcolor": "rgb(17,17,17)", "subunitcolor": "#506784", "showland": true, "showlakes": true, "lakecolor": "rgb(17,17,17)"}, "title": {"x": 0.05, "font": {"family": "Times New Roman"}, "y": 0.05, "text": "<b>Correlation of Close<b><br><i>2016/09/23 ~ 2025/06/25<i>"}, "updatemenudefaults": {"bgcolor": "#506784", "borderwidth": 0}, "sliderdefaults": {"bgcolor": "#C8D4E3", "borderwidth": 1, "bordercolor": "rgb(17,17,17)", "tickwidth": 0}, "mapbox": {"style": "dark"}, "height": 600}};

Plotly.newPlot("correlationClose",
    correlationClose.data,
    correlationClose.layout || {},
    config);