var element=document.getElementById("correlationClose");if(element.style.display!='none'){var correlationClose={"data":[{"type":"heatmap","z":[[1.0,0.999999999999998,1.0,0.9953264760439661,0.9953264760439661,0.9643717987518339,0.9643717987518339,0.9031972142263519,0.9031972142263519,0.8788873725541454,0.9945788158014754,0.8506367689667154,0.9928240655338846,0.9927100139972278,0.9946403022462494,0.9735337176224103,0.9989906691572957,0.9231605531027088,0.9231605531027088,0.7850320551868134,-0.1171809406337739,0.9776561841981639,0.1211684630282495,-0.07249562842962425,-0.25192122735752887,0.8175803400219781,0.9188348887058838,0.9124130985486427,0.9286239789817217,0.7811400718422109,0.5302063125277943,0.630584415726133,0.6356186001720695,0.9318655741574703,0.8252561809641715,0.17930555032958628],[0.999999999999998,1.0,0.9999999999999983,0.9952890443151593,0.9952890443151593,0.9637943004530711,0.9637943004530711,0.9042611424934133,0.9042611424934133,0.8800334720224222,0.9945686604950095,0.8503001825542393,0.9925270156407324,0.9921538749100156,0.9946115759983581,0.9729032660799016,0.998993362316768,0.9234612482724612,0.9234612482724612,0.8041205764641036,0.09284406472846088,0.9692043930273029,-0.06731735276837801,-0.06510867830703436,-0.2521636663473419,0.6470773899127144,0.9193708924776474,0.8866403299227892,0.922997260307725,0.7922635570912065,0.5218557765873758,0.6276707808973375,0.6618364246840462,0.9293217983928586,0.6782822320940173,0.17622208298346095],[1.0,0.9999999999999983,1.0,0.9953264760439661,0.9953264760439661,0.9643717987518339,0.9643717987518339,0.9031972142263519,0.9031972142263519,0.8788873725541454,0.9945788158014754,0.8506367689667154,0.9928240655338846,0.9927100139972278,0.9946403022462494,0.9735337176224103,0.9989906691572957,0.9231605531027088,0.9231605531027088,0.7850320551868134,-0.1171809406337739,0.9776561841981639,0.1211684630282495,-0.07249562842962425,-0.25192122735752887,0.8175803400219781,0.9188348887058838,0.9124130985486427,0.9286239789817217,0.7811400718422109,0.5302063125277943,0.630584415726133,0.6356186001720695,0.9318655741574703,0.8252561809641715,0.17930555032958628],[0.9953264760439661,0.9952890443151593,0.9953264760439661,1.0,1.0,0.9512408420032036,0.9512408420032036,0.8884103589060811,0.8884103589060811,0.8624656671332256,0.9995090041554848,0.8323681859171282,0.989947097192743,0.9864392680814555,0.9994701916988282,0.9561425763738889,0.9949036779162544,0.9014130059434082,0.9014130059434082,0.762140997645474,-0.12428430277001373,0.9898219311648145,0.1449432245911575,-0.10741123011549046,-0.2536451660997864,0.812240654177011,0.9236782371625428,0.9160818269211247,0.9157675501022053,0.7898068663061345,0.5584468282327365,0.6248672754091479,0.6075096114242622,0.9235235115071543,0.8150367550077499,0.1912403420258305],[0.9953264760439661,0.9952890443151593,0.9953264760439661,1.0,1.0,0.9512408420032036,0.9512408420032036,0.8884103589060811,0.8884103589060811,0.8624656671332256,0.9995090041554848,0.8323681859171282,0.989947097192743,0.9864392680814555,0.9994701916988282,0.9561425763738889,0.9949036779162544,0.9014130059434082,0.9014130059434082,0.762140997645474,-0.12428430277001373,0.9898219311648145,0.1449432245911575,-0.10741123011549046,-0.2536451660997864,0.812240654177011,0.9236782371625428,0.9160818269211247,0.9157675501022053,0.7898068663061345,0.5584468282327365,0.6248672754091479,0.6075096114242622,0.9235235115071543,0.8150367550077499,0.1912403420258305],[0.9643717987518339,0.9637943004530711,0.9643717987518339,0.9512408420032036,0.9512408420032036,1.0,1.0,0.9288195902837766,0.9288195902837766,0.8439187202287797,0.9519777419720914,0.8340514079793645,0.9731489192903159,0.971052785263879,0.951841470104969,0.9990665120656254,0.9732264447610135,0.9200469848018259,0.9200469848018259,0.6404062009882894,-0.06387058773268667,0.9362071269485361,0.288691277463288,-0.26354938448540055,-0.11453282975261722,0.8875844364770571,0.8723875341809764,0.9305175703983982,0.900089904016899,0.7427630820589346,0.7338392980462977,0.7365071077112966,0.7108828778795895,0.8565267270845288,0.8576311713705626,0.46406500877521684],[0.9643717987518339,0.9637943004530711,0.9643717987518339,0.9512408420032036,0.9512408420032036,1.0,1.0,0.9288195902837766,0.9288195902837766,0.8439187202287797,0.9519777419720914,0.8340514079793645,0.9731489192903159,0.971052785263879,0.951841470104969,0.9990665120656254,0.9732264447610135,0.9200469848018259,0.9200469848018259,0.6404062009882894,-0.06387058773268667,0.9362071269485361,0.288691277463288,-0.26354938448540055,-0.11453282975261722,0.8875844364770571,0.8723875341809764,0.9305175703983982,0.900089904016899,0.7427630820589346,0.7338392980462977,0.7365071077112966,0.7108828778795895,0.8565267270845288,0.8576311713705626,0.46406500877521684],[0.9031972142263519,0.9042611424934133,0.9031972142263519,0.8884103589060811,0.8884103589060811,0.9288195902837766,0.9288195902837766,1.0,1.0,0.7837722978225695,0.9384362883755563,0.8064653843818955,0.9452635486269528,0.9402289356654692,0.9383287954672379,0.9296818201934826,0.9434318191554123,0.9720656626363698,0.9720656626363698,0.5798350553777182,0.05649619887547544,0.8484624867959369,0.5301449750664825,-0.2885247626871586,0.023242274154725278,0.7854604002155939,0.7704258560227663,0.870520803448073,0.8498811311102992,0.7544777355595366,0.8753714001344702,0.7785258706019914,0.7186410429342434,0.7858942508336173,0.8449560698604088,0.800035451089927],[0.9031972142263519,0.9042611424934133,0.9031972142263519,0.8884103589060811,0.8884103589060811,0.9288195902837766,0.9288195902837766,1.0,1.0,0.7837722978225695,0.9384362883755563,0.8064653843818955,0.9452635486269528,0.9402289356654692,0.9383287954672379,0.9296818201934826,0.9434318191554123,0.9720656626363698,0.9720656626363698,0.5798350553777182,0.05649619887547544,0.8484624867959369,0.5301449750664825,-0.2885247626871586,0.023242274154725278,0.7854604002155939,0.7704258560227663,0.870520803448073,0.8498811311102992,0.7544777355595366,0.8753714001344702,0.7785258706019914,0.7186410429342434,0.7858942508336173,0.8449560698604088,0.800035451089927],[0.8788873725541454,0.8800334720224222,0.8788873725541454,0.8624656671332256,0.8624656671332256,0.8439187202287797,0.8439187202287797,0.7837722978225695,0.7837722978225695,1.0,0.7817975961407876,0.9999700706456909,0.7398536376841771,0.673341151643718,0.7838054375677204,0.8414374274981666,0.8198007643922494,0.8472628104295994,0.8472628104295994,0.7093333641002809,-0.10564962831186846,0.8401597676115021,0.04731869282306576,0.04326886274032237,-0.2458131600483732,0.8038343653427493,0.6840725870865955,0.8013242498483851,0.8407695761479421,0.7050809441553689,0.3892575501415381,0.5467287114900263,0.5711586769951583,0.8353388530628106,0.7011209398724023,0.17694896288832646],[0.9945788158014754,0.9945686604950095,0.9945788158014754,0.9995090041554848,0.9995090041554848,0.9519777419720914,0.9519777419720914,0.9384362883755563,0.9384362883755563,0.7817975961407876,1.0,0.7816053171917151,0.9896689236081541,0.9865215322762156,0.9999210831172617,0.9523078602841044,0.9938249935274655,0.9151852053274113,0.9151852053274113,0.8532173754913885,0.07821729673077124,0.9961876132567006,0.8728936622819213,-0.4845460599214466,0.35264860319905467,0.8383148534803408,0.8857236512676845,0.9405534437307295,0.9113381622242304,0.8156531432834476,0.9062692892853457,0.8735728214751697,0.7944510480294735,0.9000512372183131,0.9427624636503023,0.7748023254590338],[0.8506367689667154,0.8503001825542393,0.8506367689667154,0.8323681859171282,0.8323681859171282,0.8340514079793645,0.8340514079793645,0.8064653843818955,0.8064653843818955,0.9999700706456909,0.7816053171917151,1.0,0.7369163828701178,0.6696324170999626,0.7814927474796025,0.8347471311400108,0.8180217524388834,0.8452738942437378,0.8452738942437378,0.6776098966767916,0.017104839211205685,0.8112513421099419,0.5031491367823083,-0.18808964081254584,-0.23342860158384443,0.840290184209194,0.6044156759058034,0.7825318672447961,0.8192626028083951,0.7375103489033668,0.657400711878857,0.7374157068863005,0.6971594594424526,0.8049539715514495,0.7052470260843231,0.7066187067407207],[0.9928240655338846,0.9925270156407324,0.9928240655338846,0.989947097192743,0.989947097192743,0.9731489192903159,0.9731489192903159,0.9452635486269528,0.9452635486269528,0.7398536376841771,0.9896689236081541,0.7369163828701178,1.0,0.9997352830218854,0.989675926938189,0.9714387998019195,0.9904900045785556,0.9089259795690136,0.9089259795690136,0.8286731962132856,0.11143091985778923,0.9875766369443145,0.8942191412773146,-0.6518909200506856,0.42542861202073207,0.8147170126190949,0.8894967507485139,0.9534881901226681,0.9051751430856331,0.7482681194272898,0.9064369597563633,0.8543612411309457,0.7807588318375068,0.8834865526081642,0.9596264858681655,0.8063278225614812],[0.9927100139972278,0.9921538749100156,0.9927100139972278,0.9864392680814555,0.9864392680814555,0.971052785263879,0.971052785263879,0.9402289356654692,0.9402289356654692,0.673341151643718,0.9865215322762156,0.6696324170999626,0.9997352830218854,1.0,0.9867069401670525,0.9684655529392829,0.9892772089186925,0.8949916317983675,0.8949916317983675,0.8490971643280041,-0.013097460085939185,0.9827532411150622,0.90263935531592,-0.8394900523198855,0.46676504900801913,0.7663317178034577,0.8933437621601928,0.9494745162534152,0.892159453926397,0.6759786569161657,0.9156660027332563,0.8446488469873621,0.7270356170689322,0.9116349497118962,0.9608947361672135,0.7738708791320217],[0.9946403022462494,0.9946115759983581,0.9946403022462494,0.9994701916988282,0.9994701916988282,0.951841470104969,0.951841470104969,0.9383287954672379,0.9383287954672379,0.7838054375677204,0.9999210831172617,0.7814927474796025,0.989675926938189,0.9867069401670525,1.0,0.9522391937925256,0.9938781037886442,0.9155363838900901,0.9155363838900901,0.8541419205149517,0.07726029226220997,0.9960630001890004,0.872521423809113,-0.4820103870133508,0.35174288186755825,0.8382256104149998,0.8829510782614012,0.9395208358266368,0.9116961160642254,0.8165071441818166,0.9057903832480552,0.874553499274389,0.7952029442201438,0.8999935634875356,0.9426157373025287,0.775373249396756],[0.9735337176224103,0.9729032660799016,0.9735337176224103,0.9561425763738889,0.9561425763738889,0.9990665120656254,0.9990665120656254,0.9296818201934826,0.9296818201934826,0.8414374274981666,0.9523078602841044,0.8347471311400108,0.9714387998019195,0.9684655529392829,0.9522391937925256,1.0,0.9746779662668842,0.919659394696355,0.919659394696355,0.6889699421884827,-0.04716086121383764,0.9453462927444871,0.6179496505131861,-0.3963543477549108,-0.16467331850235037,0.8992576756316052,0.8713854373166057,0.9262461381782342,0.907564194261272,0.7805481190241905,0.8482645946053097,0.7844870812588772,0.7673615618364513,0.8792749393680972,0.8549671065202201,0.7876491834971634],[0.9989906691572957,0.998993362316768,0.9989906691572957,0.9949036779162544,0.9949036779162544,0.9732264447610135,0.9732264447610135,0.9434318191554123,0.9434318191554123,0.8198007643922494,0.9938249935274655,0.8180217524388834,0.9904900045785556,0.9892772089186925,0.9938781037886442,0.9746779662668842,1.0,0.9364907957593849,0.9364907957593849,0.8603240663476082,0.0852506641342845,0.9872369790847481,0.8417199038949066,-0.46282549411749785,0.3680902011639372,0.879150654297359,0.8845927450395977,0.9472137233255246,0.9372812824596649,0.8346675726109183,0.8941543781621791,0.9015847372015136,0.8307956587958464,0.9130697220198176,0.949962516536356,0.832236582584905],[0.9231605531027088,0.9234612482724612,0.9231605531027088,0.9014130059434082,0.9014130059434082,0.9200469848018259,0.9200469848018259,0.9720656626363698,0.9720656626363698,0.8472628104295994,0.9151852053274113,0.8452738942437378,0.9089259795690136,0.8949916317983675,0.9155363838900901,0.919659394696355,0.9364907957593849,1.0,1.0,0.7381410594847577,-0.013952840714946235,0.864827265523963,0.5365517713648265,-0.17772197883502394,-0.20495272425271455,0.8253474671810018,0.7659223241312328,0.8345083450239275,0.9154479381974613,0.8364210491175903,0.7992360414214267,0.7526407331342994,0.7049080662230701,0.843269940305762,0.7745426077287911,0.8494149145050184],[0.9231605531027088,0.9234612482724612,0.9231605531027088,0.9014130059434082,0.9014130059434082,0.9200469848018259,0.9200469848018259,0.9720656626363698,0.9720656626363698,0.8472628104295994,0.9151852053274113,0.8452738942437378,0.9089259795690136,0.8949916317983675,0.9155363838900901,0.919659394696355,0.9364907957593849,1.0,1.0,0.7381410594847577,-0.013952840714946235,0.864827265523963,0.5365517713648265,-0.17772197883502394,-0.20495272425271455,0.8253474671810018,0.7659223241312328,0.8345083450239275,0.9154479381974613,0.8364210491175903,0.7992360414214267,0.7526407331342994,0.7049080662230701,0.843269940305762,0.7745426077287911,0.8494149145050184],[0.7850320551868134,0.8041205764641036,0.7850320551868134,0.762140997645474,0.762140997645474,0.6404062009882894,0.6404062009882894,0.5798350553777182,0.5798350553777182,0.7093333641002809,0.8532173754913885,0.6776098966767916,0.8286731962132856,0.8490971643280041,0.8541419205149517,0.6889699421884827,0.8603240663476082,0.7381410594847577,0.7381410594847577,1.0,0.043907372348058256,0.7240436927696947,-0.3934986499017194,0.3356583019518688,-0.6579971331621494,0.3468309158573301,0.7417219272654489,0.5032786212227891,0.834393780522518,0.6911552689597326,0.08933320029041898,0.3011815313627722,0.5638005724755849,0.7818540928296005,0.4706458214869492,-0.15831727844321358],[-0.1171809406337739,0.09284406472846088,-0.1171809406337739,-0.12428430277001373,-0.12428430277001373,-0.06387058773268667,-0.06387058773268667,0.05649619887547544,0.05649619887547544,-0.10564962831186846,0.07821729673077124,0.017104839211205685,0.11143091985778923,-0.013097460085939185,0.07726029226220997,-0.04716086121383764,0.0852506641342845,-0.013952840714946235,-0.013952840714946235,0.043907372348058256,1.0,-0.07665689370422786,0.11955693318527821,0.1440374812294795,0.750403118301839,-0.08599564981289856,-0.013758222927321902,0.0031586426893637103,0.17407455475132802,0.011725090146793793,0.07522451932506333,0.3506382189180313,0.5756034126043554,-0.10554842123439483,0.12142434305857006,0.16487460859275588],[0.9776561841981639,0.9692043930273029,0.9776561841981639,0.9898219311648145,0.9898219311648145,0.9362071269485361,0.9362071269485361,0.8484624867959369,0.8484624867959369,0.8401597676115021,0.9961876132567006,0.8112513421099419,0.9875766369443145,0.9827532411150622,0.9960630001890004,0.9453462927444871,0.9872369790847481,0.864827265523963,0.864827265523963,0.7240436927696947,-0.07665689370422786,1.0,0.05401395409849968,-0.16820788076872678,-0.3074506063326174,0.6744884931478519,0.917589855489487,0.9000199255079575,0.8591427818379685,0.7584688512867561,0.5578019097310383,0.5905778919045498,0.5361666933223239,0.9020763778758446,0.656125748515372,0.17112731502305706],[0.1211684630282495,-0.06731735276837801,0.1211684630282495,0.1449432245911575,0.1449432245911575,0.288691277463288,0.288691277463288,0.5301449750664825,0.5301449750664825,0.04731869282306576,0.8728936622819213,0.5031491367823083,0.8942191412773146,0.90263935531592,0.872521423809113,0.6179496505131861,0.8417199038949066,0.5365517713648265,0.5365517713648265,-0.3934986499017194,0.11955693318527821,0.05401395409849968,1.0,-0.44777508392158605,0.7426480503416396,0.37212453898187975,0.04696232708678841,0.291515544502622,-0.1186142440615356,0.05933179453929393,0.5813205624187325,0.46791824375380464,0.19240649767394408,-0.030240803961617727,0.3771418257857769,0.46579507899141476],[-0.07249562842962425,-0.06510867830703436,-0.07249562842962425,-0.10741123011549046,-0.10741123011549046,-0.26354938448540055,-0.26354938448540055,-0.2885247626871586,-0.2885247626871586,0.04326886274032237,-0.4845460599214466,-0.18808964081254584,-0.6518909200506856,-0.8394900523198855,-0.4820103870133508,-0.3963543477549108,-0.46282549411749785,-0.17772197883502394,-0.17772197883502394,0.3356583019518688,0.1440374812294795,-0.16820788076872678,-0.44777508392158605,1.0,-0.03371613053593679,-0.1535367999348014,-0.15488725660203037,-0.2886535685285829,-0.027878430781315196,-0.062190703143024814,-0.5611404740184451,-0.18981519742224665,-0.0167582855952267,-0.0232797622216226,-0.20170209673188016,-0.40406718805859215],[-0.25192122735752887,-0.2521636663473419,-0.25192122735752887,-0.2536451660997864,-0.2536451660997864,-0.11453282975261722,-0.11453282975261722,0.023242274154725278,0.023242274154725278,-0.2458131600483732,0.35264860319905467,-0.23342860158384443,0.42542861202073207,0.46676504900801913,0.35174288186755825,-0.16467331850235037,0.3680902011639372,-0.20495272425271455,-0.20495272425271455,-0.6579971331621494,0.750403118301839,-0.3074506063326174,0.7426480503416396,-0.03371613053593679,1.0,-0.10359580997110893,-0.26320233289891176,-0.0611462338833812,-0.3504650919649616,-0.32806368735663405,0.08295074753139442,0.16720103351763374,0.2664674295259094,-0.3807121570028142,0.12361362899264293,0.09756534964719839],[0.8175803400219781,0.6470773899127144,0.8175803400219781,0.812240654177011,0.812240654177011,0.8875844364770571,0.8875844364770571,0.7854604002155939,0.7854604002155939,0.8038343653427493,0.8383148534803408,0.840290184209194,0.8147170126190949,0.7663317178034577,0.8382256104149998,0.8992576756316052,0.879150654297359,0.8253474671810018,0.8253474671810018,0.3468309158573301,-0.08599564981289856,0.6744884931478519,0.37212453898187975,-0.1535367999348014,-0.10359580997110893,1.0,0.5650896806554397,0.838205840690322,0.4897558417902373,0.6232688998170359,0.5407563098448752,0.6535302977303734,0.42217382852196855,0.701439106726682,0.7014550316889246,0.41391106094906],[0.9188348887058838,0.9193708924776474,0.9188348887058838,0.9236782371625428,0.9236782371625428,0.8723875341809764,0.8723875341809764,0.7704258560227663,0.7704258560227663,0.6840725870865955,0.8857236512676845,0.6044156759058034,0.8894967507485139,0.8933437621601928,0.8829510782614012,0.8713854373166057,0.8845927450395977,0.7659223241312328,0.7659223241312328,0.7417219272654489,-0.013758222927321902,0.917589855489487,0.04696232708678841,-0.15488725660203037,-0.26320233289891176,0.5650896806554397,1.0,0.8144026916639989,0.8121036903734172,0.6892625550753156,0.4470820900243744,0.5047600824255025,0.5474037089692083,0.8588150851930669,0.6213876377407983,0.08451794877211882],[0.9124130985486427,0.8866403299227892,0.9124130985486427,0.9160818269211247,0.9160818269211247,0.9305175703983982,0.9305175703983982,0.870520803448073,0.870520803448073,0.8013242498483851,0.9405534437307295,0.7825318672447961,0.9534881901226681,0.9494745162534152,0.9395208358266368,0.9262461381782342,0.9472137233255246,0.8345083450239275,0.8345083450239275,0.5032786212227891,0.0031586426893637103,0.9000199255079575,0.291515544502622,-0.2886535685285829,-0.0611462338833812,0.838205840690322,0.8144026916639989,1.0,0.7484554740016017,0.6062850900341032,0.5834826648745013,0.5961963353040477,0.5325343984161928,0.8139568839468986,0.8290639817772618,0.21404069189946873],[0.9286239789817217,0.922997260307725,0.9286239789817217,0.9157675501022053,0.9157675501022053,0.900089904016899,0.900089904016899,0.8498811311102992,0.8498811311102992,0.8407695761479421,0.9113381622242304,0.8192626028083951,0.9051751430856331,0.892159453926397,0.9116961160642254,0.907564194261272,0.9372812824596649,0.9154479381974613,0.9154479381974613,0.834393780522518,0.17407455475132802,0.8591427818379685,-0.1186142440615356,-0.027878430781315196,-0.3504650919649616,0.4897558417902373,0.8121036903734172,0.7484554740016017,1.0,0.9056795576238728,0.5351091078544512,0.6839704597766695,0.6657958926022439,0.8774197665329472,0.49862276508140935,0.2950360079000754],[0.7811400718422109,0.7922635570912065,0.7811400718422109,0.7898068663061345,0.7898068663061345,0.7427630820589346,0.7427630820589346,0.7544777355595366,0.7544777355595366,0.7050809441553689,0.8156531432834476,0.7375103489033668,0.7482681194272898,0.6759786569161657,0.8165071441818166,0.7805481190241905,0.8346675726109183,0.8364210491175903,0.8364210491175903,0.6911552689597326,0.011725090146793793,0.7584688512867561,0.05933179453929393,-0.062190703143024814,-0.32806368735663405,0.6232688998170359,0.6892625550753156,0.6062850900341032,0.9056795576238728,1.0,0.5742093827782724,0.6666989640717671,0.608366368362851,0.7290830708949565,0.5802172842719754,0.4709698404756131],[0.5302063125277943,0.5218557765873758,0.5302063125277943,0.5584468282327365,0.5584468282327365,0.7338392980462977,0.7338392980462977,0.8753714001344702,0.8753714001344702,0.3892575501415381,0.9062692892853457,0.657400711878857,0.9064369597563633,0.9156660027332563,0.9057903832480552,0.8482645946053097,0.8941543781621791,0.7992360414214267,0.7992360414214267,0.08933320029041898,0.07522451932506333,0.5578019097310383,0.5813205624187325,-0.5611404740184451,0.08295074753139442,0.5407563098448752,0.4470820900243744,0.5834826648745013,0.5351091078544512,0.5742093827782724,1.0,0.7431826478629935,0.37973640892945504,0.4795674471159285,0.565380260005421,0.7644912031920155],[0.630584415726133,0.6276707808973375,0.630584415726133,0.6248672754091479,0.6248672754091479,0.7365071077112966,0.7365071077112966,0.7785258706019914,0.7785258706019914,0.5467287114900263,0.8735728214751697,0.7374157068863005,0.8543612411309457,0.8446488469873621,0.874553499274389,0.7844870812588772,0.9015847372015136,0.7526407331342994,0.7526407331342994,0.3011815313627722,0.3506382189180313,0.5905778919045498,0.46791824375380464,-0.18981519742224665,0.16720103351763374,0.6535302977303734,0.5047600824255025,0.5961963353040477,0.6839704597766695,0.6666989640717671,0.7431826478629935,1.0,0.7783227880117849,0.49046546646803457,0.726711470015325,0.5477178476233118],[0.6356186001720695,0.6618364246840462,0.6356186001720695,0.6075096114242622,0.6075096114242622,0.7108828778795895,0.7108828778795895,0.7186410429342434,0.7186410429342434,0.5711586769951583,0.7944510480294735,0.6971594594424526,0.7807588318375068,0.7270356170689322,0.7952029442201438,0.7673615618364513,0.8307956587958464,0.7049080662230701,0.7049080662230701,0.5638005724755849,0.5756034126043554,0.5361666933223239,0.19240649767394408,-0.0167582855952267,0.2664674295259094,0.42217382852196855,0.5474037089692083,0.5325343984161928,0.6657958926022439,0.608366368362851,0.37973640892945504,0.7783227880117849,1.0,0.49112368260969685,0.6661329874129107,0.1994410540029922],[0.9318655741574703,0.9293217983928586,0.9318655741574703,0.9235235115071543,0.9235235115071543,0.8565267270845288,0.8565267270845288,0.7858942508336173,0.7858942508336173,0.8353388530628106,0.9000512372183131,0.8049539715514495,0.8834865526081642,0.9116349497118962,0.8999935634875356,0.8792749393680972,0.9130697220198176,0.843269940305762,0.843269940305762,0.7818540928296005,-0.10554842123439483,0.9020763778758446,-0.030240803961617727,-0.0232797622216226,-0.3807121570028142,0.701439106726682,0.8588150851930669,0.8139568839468986,0.8774197665329472,0.7290830708949565,0.4795674471159285,0.49046546646803457,0.49112368260969685,1.0,0.7255580990035547,0.16708296118863222],[0.8252561809641715,0.6782822320940173,0.8252561809641715,0.8150367550077499,0.8150367550077499,0.8576311713705626,0.8576311713705626,0.8449560698604088,0.8449560698604088,0.7011209398724023,0.9427624636503023,0.7052470260843231,0.9596264858681655,0.9608947361672135,0.9426157373025287,0.8549671065202201,0.949962516536356,0.7745426077287911,0.7745426077287911,0.4706458214869492,0.12142434305857006,0.656125748515372,0.3771418257857769,-0.20170209673188016,0.12361362899264293,0.7014550316889246,0.6213876377407983,0.8290639817772618,0.49862276508140935,0.5802172842719754,0.565380260005421,0.726711470015325,0.6661329874129107,0.7255580990035547,1.0,0.17589142683453032],[0.17930555032958628,0.17622208298346095,0.17930555032958628,0.1912403420258305,0.1912403420258305,0.46406500877521684,0.46406500877521684,0.800035451089927,0.800035451089927,0.17694896288832646,0.7748023254590338,0.7066187067407207,0.8063278225614812,0.7738708791320217,0.775373249396756,0.7876491834971634,0.832236582584905,0.8494149145050184,0.8494149145050184,-0.15831727844321358,0.16487460859275588,0.17112731502305706,0.46579507899141476,-0.40406718805859215,0.09756534964719839,0.41391106094906,0.08451794877211882,0.21404069189946873,0.2950360079000754,0.4709698404756131,0.7644912031920155,0.5477178476233118,0.1994410540029922,0.16708296118863222,0.17589142683453032,1.0]],"x":["^TAIEX       \u81fa\u7063\u52a0\u6b0a\u5831\u916c\u6307\u6578","^TWII        \u81fa\u7063\u52a0\u6b0a\u6307\u6578","^TAIEXx2     \u81fa\u7063\u52a0\u6b0a\u5831\u916c\u6307\u6578_\u65e5\u6b632","^TAI50I      \u81fa\u706350\u5831\u916c\u6307\u6578","^TAI50Ix2    \u81fa\u706350\u5831\u916c\u6307\u6578_\u65e5\u6b632","^TAI100I     \u81fa\u7063\u4e2d\u578b100\u5831\u916c\u6307\u6578","^TAI100Ix2   \u81fa\u7063\u4e2d\u578b100\u5831\u916c\u6307\u6578_\u65e5\u6b632","^TAIDIVIDI   \u81fa\u7063\u9ad8\u80a1\u606f\u5831\u916c\u6307\u6578","^TAIDIVIDIx2 \u81fa\u7063\u9ad8\u80a1\u606f\u5831\u916c\u6307\u6578_\u65e5\u6b632","0050Fund     \u5143\u5927\u53f0\u7063\u5353\u8d8a50\u57fa\u91d1","006208Fund   \u5bcc\u90a6\u53f0\u7063\u91c6\u540950\u57fa\u91d1","0050         \u5143\u5927\u81fa\u706350","00631L       \u5143\u5927\u53f0\u706350\u6b632","00675L       \u5bcc\u90a6\u81fa\u7063\u52a0\u6b0a\u6b632","006208       \u5bcc\u90a6\u53f050","0051         \u5143\u5927\u4e2d\u578b100","006204       \u6c38\u8c50\u81fa\u7063\u52a0\u6b0a","0056         \u5143\u5927\u9ad8\u80a1\u606f","0056         \u5143\u5927\u9ad8\u80a1\u606f_\u80a1\u606f\u4e0d\u6295\u5165","2412         \u4e2d\u83ef\u96fb\u4fe1","2002         \u4e2d\u92fc","2330         \u53f0\u7a4d\u96fb","2317         \u9d3b\u6d77","6505         \u53f0\u5851\u77f3\u5316","3481         \u7fa4\u5275","2303         \u806f\u96fb","2308         \u53f0\u9054\u96fb","2454         \u806f\u767c\u79d1","2886         \u5146\u8c50\u91d1","2884         \u7389\u5c71\u91d1","2891         \u4e2d\u4fe1\u91d1","2892         \u7b2c\u4e00\u91d1","5880         \u5408\u5eab\u91d1","2881         \u5bcc\u90a6\u91d1","2885         \u5143\u5927\u91d1","2887         \u53f0\u65b0\u91d1"],"y":["^TAIEX       \u81fa\u7063\u52a0\u6b0a\u5831\u916c\u6307\u6578","^TWII        \u81fa\u7063\u52a0\u6b0a\u6307\u6578","^TAIEXx2     \u81fa\u7063\u52a0\u6b0a\u5831\u916c\u6307\u6578_\u65e5\u6b632","^TAI50I      \u81fa\u706350\u5831\u916c\u6307\u6578","^TAI50Ix2    \u81fa\u706350\u5831\u916c\u6307\u6578_\u65e5\u6b632","^TAI100I     \u81fa\u7063\u4e2d\u578b100\u5831\u916c\u6307\u6578","^TAI100Ix2   \u81fa\u7063\u4e2d\u578b100\u5831\u916c\u6307\u6578_\u65e5\u6b632","^TAIDIVIDI   \u81fa\u7063\u9ad8\u80a1\u606f\u5831\u916c\u6307\u6578","^TAIDIVIDIx2 \u81fa\u7063\u9ad8\u80a1\u606f\u5831\u916c\u6307\u6578_\u65e5\u6b632","0050Fund     \u5143\u5927\u53f0\u7063\u5353\u8d8a50\u57fa\u91d1","006208Fund   \u5bcc\u90a6\u53f0\u7063\u91c6\u540950\u57fa\u91d1","0050         \u5143\u5927\u81fa\u706350","00631L       \u5143\u5927\u53f0\u706350\u6b632","00675L       \u5bcc\u90a6\u81fa\u7063\u52a0\u6b0a\u6b632","006208       \u5bcc\u90a6\u53f050","0051         \u5143\u5927\u4e2d\u578b100","006204       \u6c38\u8c50\u81fa\u7063\u52a0\u6b0a","0056         \u5143\u5927\u9ad8\u80a1\u606f","0056         \u5143\u5927\u9ad8\u80a1\u606f_\u80a1\u606f\u4e0d\u6295\u5165","2412         \u4e2d\u83ef\u96fb\u4fe1","2002         \u4e2d\u92fc","2330         \u53f0\u7a4d\u96fb","2317         \u9d3b\u6d77","6505         \u53f0\u5851\u77f3\u5316","3481         \u7fa4\u5275","2303         \u806f\u96fb","2308         \u53f0\u9054\u96fb","2454         \u806f\u767c\u79d1","2886         \u5146\u8c50\u91d1","2884         \u7389\u5c71\u91d1","2891         \u4e2d\u4fe1\u91d1","2892         \u7b2c\u4e00\u91d1","5880         \u5408\u5eab\u91d1","2881         \u5bcc\u90a6\u91d1","2885         \u5143\u5927\u91d1","2887         \u53f0\u65b0\u91d1"],"zmin":-1,"zmax":1,"colorbar":{"x":-0.2}}],"layout":{"autotypenumbers":"strict","colorway":["#636efa","#EF553B","#00cc96","#ab63fa","#FFA15A","#19d3f3","#FF6692","#B6E880","#FF97FF","#FECB52"],"font":{"color":"#f2f5fa","family":"Courier New"},"hovermode":"closest","hoverlabel":{"align":"left"},"paper_bgcolor":"rgb(17,17,17)","plot_bgcolor":"rgb(17,17,17)","polar":{"bgcolor":"rgb(17,17,17)","angularaxis":{"gridcolor":"#506784","linecolor":"#506784","ticks":""},"radialaxis":{"gridcolor":"#506784","linecolor":"#506784","ticks":""}},"ternary":{"bgcolor":"rgb(17,17,17)","aaxis":{"gridcolor":"#506784","linecolor":"#506784","ticks":""},"baxis":{"gridcolor":"#506784","linecolor":"#506784","ticks":""},"caxis":{"gridcolor":"#506784","linecolor":"#506784","ticks":""}},"coloraxis":{"colorbar":{"outlinewidth":0,"ticks":""}},"colorscale":{"sequential":[[0.0,"#0d0887"],[0.1111111111111111,"#46039f"],[0.2222222222222222,"#7201a8"],[0.3333333333333333,"#9c179e"],[0.4444444444444444,"#bd3786"],[0.5555555555555556,"#d8576b"],[0.6666666666666666,"#ed7953"],[0.7777777777777778,"#fb9f3a"],[0.8888888888888888,"#fdca26"],[1.0,"#f0f921"]],"sequentialminus":[[0.0,"#0d0887"],[0.1111111111111111,"#46039f"],[0.2222222222222222,"#7201a8"],[0.3333333333333333,"#9c179e"],[0.4444444444444444,"#bd3786"],[0.5555555555555556,"#d8576b"],[0.6666666666666666,"#ed7953"],[0.7777777777777778,"#fb9f3a"],[0.8888888888888888,"#fdca26"],[1.0,"#f0f921"]],"diverging":[[0,"#8e0152"],[0.1,"#c51b7d"],[0.2,"#de77ae"],[0.3,"#f1b6da"],[0.4,"#fde0ef"],[0.5,"#f7f7f7"],[0.6,"#e6f5d0"],[0.7,"#b8e186"],[0.8,"#7fbc41"],[0.9,"#4d9221"],[1,"#276419"]]},"xaxis":{"gridcolor":"rgba(0, 0, 0, 0)","linecolor":"#506784","ticks":"","title":{"standoff":15},"zerolinecolor":"#283442","automargin":true,"zerolinewidth":2,"tickfont":{"family":"Courier New","size":14},"side":"top","tickangle":-90},"yaxis":{"gridcolor":"rgba(0, 0, 0, 0)","linecolor":"#506784","ticks":"","title":{"standoff":15},"zerolinecolor":"#283442","automargin":true,"zerolinewidth":2,"tickfont":{"family":"Courier New"},"side":"right"},"scene":{"xaxis":{"backgroundcolor":"rgb(17,17,17)","gridcolor":"#506784","linecolor":"#506784","showbackground":true,"ticks":"","zerolinecolor":"#C8D4E3","gridwidth":2},"yaxis":{"backgroundcolor":"rgb(17,17,17)","gridcolor":"#506784","linecolor":"#506784","showbackground":true,"ticks":"","zerolinecolor":"#C8D4E3","gridwidth":2},"zaxis":{"backgroundcolor":"rgb(17,17,17)","gridcolor":"#506784","linecolor":"#506784","showbackground":true,"ticks":"","zerolinecolor":"#C8D4E3","gridwidth":2}},"shapedefaults":{"line":{"color":"#f2f5fa"}},"annotationdefaults":{"arrowcolor":"#f2f5fa","arrowhead":0,"arrowwidth":1},"geo":{"bgcolor":"rgb(17,17,17)","landcolor":"rgb(17,17,17)","subunitcolor":"#506784","showland":true,"showlakes":true,"lakecolor":"rgb(17,17,17)"},"title":{"x":0.05,"font":{"family":"Times New Roman"},"y":0.05,"text":"<b>Correlation of Close<b><br><i>2016-09-23 ~ 2025-10-23<i>"},"updatemenudefaults":{"bgcolor":"#506784","borderwidth":0},"sliderdefaults":{"bgcolor":"#C8D4E3","borderwidth":1,"bordercolor":"rgb(17,17,17)","tickwidth":0},"mapbox":{"style":"dark"},"annotations":[{"text":"<b>@zwindr<b>","textangle":0,"opacity":0.5,"font":{"color":"white","size":12},"xref":"paper","yref":"paper","xanchor":"left","yanchor":"bottom","x":1.0,"y":1.0,"showarrow":false}]},"config":{"responsive":true,"toImageButtonOptions":{"filename":"Correlation of Close_2016-09-23~2025-10-23","scale":5}}};Plotly.newPlot("correlationClose",correlationClose.data,correlationClose.layout||{},correlationClose.config);}else{console.log("style display is none => correlationClose");}