var element=document.getElementById("correlationAdjClose");if(element.style.display!='none'){var correlationAdjClose={"data":[{"type":"heatmap","z":[[1.0,0.9942474690106873,0.9772329374108152,0.9975575018505373,0.9643432911260248,0.9821985946304193,-0.9456938899976761,0.990092544652415,0.9714578216295557,0.9971609288147103,0.9971410021815995,0.9976318037107775,0.993587340604528,0.9942845469180167,0.9971720842721649,0.9844561056845902,0.9996822959514912,0.9900638707364158,0.9212622637571886,0.7302442258434738,0.9854489731380823,0.9243410451840333,0.4199125891195031,-0.30359682676421157,0.9005590697079924,0.967004659384462,0.956538713619022,0.9803407016478468,0.9652898020012208,0.9760838288603884,0.9725607073734521,0.9455656000068261,0.9806114087500699,0.9715346582771429,0.9544972924171062],[0.9942474690106873,1.0,0.9725948714563359,0.9913878926586339,0.9595518024456484,0.977839761970056,-0.9410695897659952,0.9814551632893719,0.9648135230376937,0.9952067543225758,0.9950484309609621,0.9943772740290945,0.9926319487187891,0.9919991350593149,0.9950355442216424,0.978771782984184,0.9968047140858848,0.984062040391221,0.910671398868887,0.7438411637939865,0.9676085586690977,0.9045281486451896,0.4195078521509548,-0.22975851967859295,0.8757492476332139,0.9553933292457018,0.9558378683544266,0.9590443822776116,0.9517741694740613,0.9660254918614589,0.9574074711257191,0.9437882151138773,0.9698382087006,0.961850166455477,0.948677001282111],[0.9772329374108152,0.9725948714563359,1.0,0.9837401884466523,0.9958693464643049,0.9787170457545455,-0.9767043359121509,0.9696483568459489,0.9837702384760627,0.989325216996837,0.9900088779747723,0.9865581931224657,0.9969604559776164,0.9967455735542303,0.9897571551689553,0.9771426895838486,0.9878620990019739,0.969431422245566,0.8300386882938806,0.6174479321364306,0.9907619509253959,0.917072357226553,0.2536983376470417,-0.2276437007704703,0.9023695799831466,0.9446144051799401,0.9802926027466646,0.9304367712256689,0.9146086358582584,0.9660759708321766,0.9209867630673243,0.9056439617254274,0.9673545080893363,0.9744949906369937,0.9224949312031379],[0.9975575018505373,0.9913878926586339,0.9837401884466523,1.0,0.9765658500400956,0.9744743327322111,-0.9410335084978725,0.9840858607346681,0.9688633441748963,0.9999724793833348,0.9999899215194532,0.9999585498492823,0.9917845367753192,0.9897961771817011,0.9999440607956401,0.9740810403304724,0.9960309196367825,0.9838385570711385,0.9069554513888991,0.6986041092482933,0.9935264974501911,0.9264096724269241,0.3936153222672975,-0.2946447771518424,0.8972504216966171,0.9651393518327536,0.9628571429489913,0.9709739474444151,0.9623713799695026,0.9786290532321636,0.962593879437893,0.9338687184227755,0.9786246558375155,0.9701992009300533,0.9455063708138224],[0.9643432911260248,0.9595518024456484,0.9958693464643049,0.9765658500400956,1.0,0.9578564209428306,-0.9583604727301173,0.9534311756477943,0.9706718242105106,0.9850387914193854,0.9857791432497016,0.9817874330001496,0.9858300917284184,0.9822757909546146,0.9853792795481423,0.9551279884099534,0.9753584099528628,0.9530523428894021,0.8085846790552196,0.5794376863136488,0.9895789214146572,0.913237332224315,0.2266558615229878,-0.22031945125053462,0.8811787687113666,0.9348735899395222,0.9772089709457532,0.9093411847679406,0.9004860842938828,0.9601704834140823,0.8988022878051803,0.8783361405875093,0.9564616053070552,0.9622514351922767,0.8977154217762512],[0.9821985946304193,0.977839761970056,0.9787170457545455,0.9744743327322111,0.9578564209428306,1.0,-0.9813903540152572,0.9812143404407266,0.9806265666970823,0.9694622156344671,0.9697629256775783,0.9724889222130916,0.977555594617154,0.9755850631720204,0.9696165327851841,0.9999022894465611,0.9864916160352311,0.9822451998168057,0.8651952812951011,0.6970356208517633,0.9678654557289695,0.8956201154351169,0.28787513915299584,-0.21761438917156908,0.9351208977595686,0.9482523941588185,0.9609453485981632,0.9586067948093934,0.9302495536692781,0.9531353815383611,0.9529237356485349,0.9549710396984348,0.9583675589504744,0.9772342080494725,0.9554439663679107],[-0.9456938899976761,-0.9410695897659952,-0.9767043359121509,-0.9410335084978725,-0.9583604727301173,-0.9813903540152572,1.0,-0.9532266786776417,-0.9840192125573481,-0.9506399436515424,-0.9517791246460946,-0.9473541417389704,-0.9752876860665373,-0.9768215993344805,-0.9514404794860342,-0.9843208328995929,-0.9662666535649843,-0.9560564978845769,-0.7807619814516359,-0.5948681555807614,-0.9458715982333047,-0.8882501361032367,-0.14647793937769188,0.15343416668553853,-0.9025524954333343,-0.913036024319014,-0.9593567385439322,-0.9019335131855702,-0.8639831805412929,-0.9284269727105358,-0.8937077703403347,-0.9097821678678437,-0.9287364979174008,-0.965225051442151,-0.9100513591305655],[0.990092544652415,0.9814551632893719,0.9696483568459489,0.9840858607346681,0.9534311756477943,0.9812143404407266,-0.9532266786776417,1.0,0.9829661775952214,0.979936131622681,0.9798548940510581,0.9830680018816881,0.9763898899921972,0.9755324754175201,0.9799186927349847,0.9830969918742637,0.9878541889270985,0.9998734766511878,0.9254307014561033,0.6644884334732011,0.9734998495137405,0.8975898621340527,0.27448754437236983,-0.3120519061630572,0.9053879669277902,0.9431800523240895,0.9395378952447193,0.9783124124017833,0.9540376641423488,0.9681472430855816,0.963757404644829,0.9365892050929081,0.9603786496027924,0.9586264380593085,0.9654992475019777],[0.9714578216295557,0.9648135230376937,0.9837702384760627,0.9688633441748963,0.9706718242105106,0.9806265666970823,-0.9840192125573481,0.9829661775952214,1.0,0.9644634127257271,0.965070637521223,0.967005425260009,0.9739304914008452,0.9711011079101859,0.9648669138139517,0.979714432157565,0.9715188274362803,0.982286315176113,0.8544847332912991,0.58849063993736,0.9684955169888659,0.9095904532696029,0.13268332687132303,-0.2321375980767274,0.8861313941281435,0.9260171605990324,0.9616835457679849,0.9351712390228208,0.8990791131078402,0.9576189595660154,0.9187024358771764,0.9042784865438898,0.9474279723709013,0.9704962434084555,0.9237383705949843],[0.9971609288147103,0.9952067543225758,0.989325216996837,0.9999724793833348,0.9850387914193854,0.9694622156344671,-0.9506399436515424,0.979936131622681,0.9644634127257271,1.0,0.9999881478482711,0.9999827708812691,0.9916389863889923,0.989620425075178,0.9999496693814777,0.9697471211896673,0.9956470967205161,0.9808213838969048,0.9331834505303741,0.6134451095015315,0.9968125355201861,0.9060275512900653,-0.0513029081843811,0.4202501219284746,0.9105315450474127,0.944479226947916,0.9678544055545557,0.9625583462116005,0.9455441580547223,0.96724063560141,0.9428761852161762,0.9188515513209015,0.9667515593765257,0.9807692347806731,0.9416552062500047],[0.9971410021815995,0.9950484309609621,0.9900088779747723,0.9999899215194532,0.9857791432497016,0.9697629256775783,-0.9517791246460946,0.9798548940510581,0.965070637521223,0.9999881478482711,1.0,0.9999724321811149,0.9918119524936098,0.98979112087476,0.9999533626134173,0.970016870946986,0.9956828055593198,0.9807096039571421,0.9324351184238455,0.6095270119685122,0.9970959310658531,0.9053676349690147,-0.06607633880905477,0.41569534396754443,0.9096718755974518,0.9441914397834839,0.9686914651434864,0.9620624472805717,0.9443283203765237,0.9673537734294071,0.9418749977978654,0.9175281220095404,0.9669366146422192,0.9812535481697852,0.9409296569672354],[0.9976318037107775,0.9943772740290945,0.9865581931224657,0.9999585498492823,0.9817874330001496,0.9724889222130916,-0.9473541417389704,0.9830680018816881,0.967005425260009,0.9999827708812691,0.9999724321811149,1.0,0.9916169850800365,0.9895638949645577,0.9999628839660522,0.9727573678112379,0.9958340236105347,0.9835218243307497,0.9236101927373613,0.662470358911864,0.9960109578181475,0.921052092697468,0.1484811635322917,-0.1969734657183571,0.9191196820635188,0.9550932807564357,0.9581310901084553,0.9655695667148572,0.9535686848468216,0.9735321132431136,0.953437131058502,0.9319971828824016,0.973598919347439,0.968697897516724,0.9505750950483571],[0.993587340604528,0.9926319487187891,0.9969604559776164,0.9917845367753192,0.9858300917284184,0.977555594617154,-0.9752876860665373,0.9763898899921972,0.9739304914008452,0.9916389863889923,0.9918119524936098,0.9916169850800365,1.0,0.9997016638199676,0.9917907497050424,0.9781388768511311,0.9938809627630241,0.9776031290183964,0.9164544480487458,0.5502391340291395,0.9866496991982364,0.8977566808609573,-0.34616444537424346,0.4408551395491423,0.9000193474002915,0.9386042911187548,0.9786954553658566,0.9462834845614577,0.9091850493052246,0.9488630790190609,0.9176817283422463,0.8895059769277838,0.9652569924259004,0.9804935631646851,0.9340758818033249],[0.9942845469180167,0.9919991350593149,0.9967455735542303,0.9897961771817011,0.9822757909546146,0.9755850631720204,-0.9768215993344805,0.9755324754175201,0.9711011079101859,0.989620425075178,0.98979112087476,0.9895638949645577,0.9997016638199676,1.0,0.9898976017727481,0.9761926260424466,0.9944283426051301,0.9769792730810901,0.9240809445742912,0.4259281120992026,0.9816552462486865,0.8876978226285459,-0.7248962272016484,0.4167165132355728,0.8716294563501678,0.9341913965271679,0.9780440756781988,0.9393350400975802,0.8929813062769093,0.9402538176665877,0.9156349994164836,0.8684306912857811,0.9673299589504325,0.9788679235586187,0.9263639048337058],[0.9971720842721649,0.9950355442216424,0.9897571551689553,0.9999440607956401,0.9853792795481423,0.9696165327851841,-0.9514404794860342,0.9799186927349847,0.9648669138139517,0.9999496693814777,0.9999533626134173,0.9999628839660522,0.9917907497050424,0.9898976017727481,1.0,0.9699401351051585,0.9956922379938831,0.9808121640871376,0.9331915860203265,0.6097046252161834,0.9969191359504462,0.9055270779859862,-0.06421419447948773,0.41554446867933115,0.9094778582524176,0.9425673296297734,0.9681080962115907,0.9624207262063411,0.9449365687468425,0.9673341261941435,0.9425807107065631,0.9181309035632856,0.9668512008151141,0.9811776381922609,0.94141980621571],[0.9844561056845902,0.978771782984184,0.9771426895838486,0.9740810403304724,0.9551279884099534,0.9999022894465611,-0.9843208328995929,0.9830969918742637,0.979714432157565,0.9697471211896673,0.970016870946986,0.9727573678112379,0.9781388768511311,0.9761926260424466,0.9699401351051585,1.0,0.9868247391204603,0.9824029481005541,0.8888982709097452,0.6945516084050891,0.9662049065847101,0.8908959511386189,0.15256764738612888,-0.1965883665021342,0.9433134396565516,0.9461072018222049,0.9577501725721644,0.9619884322144323,0.9272990161562934,0.9496691633767897,0.9539156561095855,0.9543342618585203,0.960720055580545,0.9766944658263231,0.9601242467578963],[0.9996822959514912,0.9968047140858848,0.9878620990019739,0.9960309196367825,0.9753584099528628,0.9864916160352311,-0.9662666535649843,0.9878541889270985,0.9715188274362803,0.9956470967205161,0.9956828055593198,0.9958340236105347,0.9938809627630241,0.9944283426051301,0.9956922379938831,0.9868247391204603,1.0,0.9886401357184561,0.9387695846635282,0.6548379366677965,0.9889701272469605,0.9012943772482684,-0.010718674853231549,0.4369710678649889,0.9308257281199592,0.947872293077598,0.9662774231630985,0.975249733811249,0.949382869851807,0.9652263142368586,0.957625222893989,0.9422672262493098,0.9725023977384465,0.9853280886375597,0.9633451586100368],[0.9900638707364158,0.984062040391221,0.969431422245566,0.9838385570711385,0.9530523428894021,0.9822451998168057,-0.9560564978845769,0.9998734766511878,0.982286315176113,0.9808213838969048,0.9807096039571421,0.9835218243307497,0.9776031290183964,0.9769792730810901,0.9808121640871376,0.9824029481005541,0.9886401357184561,1.0,0.9317017820443573,0.6628400350864501,0.9723964371805555,0.9021827837178195,0.2399240397813159,-0.2937750848739847,0.9106839300871603,0.9403596321392863,0.9395299715040647,0.9787837595200584,0.9534220301241385,0.9665677325952087,0.9623004094687175,0.9364488522762255,0.9596634774751782,0.9565555763458506,0.966707284478722],[0.9212622637571886,0.910671398868887,0.8300386882938806,0.9069554513888991,0.8085846790552196,0.8651952812951011,-0.7807619814516359,0.9254307014561033,0.8544847332912991,0.9331834505303741,0.9324351184238455,0.9236101927373613,0.9164544480487458,0.9240809445742912,0.9331915860203265,0.8888982709097452,0.9387695846635282,0.9317017820443573,1.0,0.836944507560396,0.8588607888570798,0.8734539032635023,0.6714823750448655,-0.5307467723088481,0.7022370566241211,0.9032791556460201,0.8041628078875994,0.9579574400436648,0.9356725459415652,0.9008972436304464,0.9446642342612718,0.8955428341909042,0.8991885468117471,0.8474067700202597,0.8808925067881008],[0.7302442258434738,0.7438411637939865,0.6174479321364306,0.6986041092482933,0.5794376863136488,0.6970356208517633,-0.5948681555807614,0.6644884334732011,0.58849063993736,0.6134451095015315,0.6095270119685122,0.662470358911864,0.5502391340291395,0.4259281120992026,0.6097046252161834,0.6945516084050891,0.6548379366677965,0.6628400350864501,0.836944507560396,1.0,0.623286068076134,0.7348665709588489,0.7284006477476394,-0.11670403707254987,0.5378733168086431,0.7210363754608916,0.6285148376482014,0.7862123748847197,0.719483143891851,0.6547296923432341,0.7570055068786592,0.7616405569894321,0.6895930689080462,0.6540560593013647,0.6982889024005219],[0.9854489731380823,0.9676085586690977,0.9907619509253959,0.9935264974501911,0.9895789214146572,0.9678654557289695,-0.9458715982333047,0.9734998495137405,0.9684955169888659,0.9968125355201861,0.9970959310658531,0.9960109578181475,0.9866496991982364,0.9816552462486865,0.9969191359504462,0.9662049065847101,0.9889701272469605,0.9723964371805555,0.8588607888570798,0.623286068076134,1.0,0.8993032967762816,0.32003974092891896,-0.2881607345040554,0.8831289989269888,0.9524550561315368,0.9715067704507143,0.9400228149781937,0.9455729521592178,0.9708115614942019,0.94075337713811,0.909042827131731,0.9690580912643271,0.9557412432696133,0.926790424457629],[0.9243410451840333,0.9045281486451896,0.917072357226553,0.9264096724269241,0.913237332224315,0.8956201154351169,-0.8882501361032367,0.8975898621340527,0.9095904532696029,0.9060275512900653,0.9053676349690147,0.921052092697468,0.8977566808609573,0.8876978226285459,0.9055270779859862,0.8908959511386189,0.9012943772482684,0.9021827837178195,0.8734539032635023,0.7348665709588489,0.8993032967762816,1.0,0.3645801887735217,-0.1900382065007538,0.7033631352060659,0.919363296078854,0.890039237773469,0.8986581143942542,0.8511959018475389,0.925945093916069,0.8692290669297499,0.8411072885892537,0.9229767253001238,0.8685753714220598,0.8487225952139841],[0.4199125891195031,0.4195078521509548,0.2536983376470417,0.3936153222672975,0.2266558615229878,0.28787513915299584,-0.14647793937769188,0.27448754437236983,0.13268332687132303,-0.0513029081843811,-0.06607633880905477,0.1484811635322917,-0.34616444537424346,-0.7248962272016484,-0.06421419447948773,0.15256764738612888,-0.010718674853231549,0.2399240397813159,0.6714823750448655,0.7284006477476394,0.32003974092891896,0.3645801887735217,1.0,-0.39016300650174585,0.28444285962950594,0.37522479869541114,0.20541990120665124,0.49915272248471443,0.49460037986507893,0.3528053665887054,0.5162103051905561,0.4311545688047814,0.3745733127847746,0.29534397676201113,0.4066529830314279],[-0.30359682676421157,-0.22975851967859295,-0.2276437007704703,-0.2946447771518424,-0.22031945125053462,-0.21761438917156908,0.15343416668553853,-0.3120519061630572,-0.2321375980767274,0.4202501219284746,0.41569534396754443,-0.1969734657183571,0.4408551395491423,0.4167165132355728,0.41554446867933115,-0.1965883665021342,0.4369710678649889,-0.2937750848739847,-0.5307467723088481,-0.11670403707254987,-0.2881607345040554,-0.1900382065007538,-0.39016300650174585,1.0,-0.15055191751793634,-0.32129597013585776,-0.1784040103294187,-0.3893264932591822,-0.37868942933262983,-0.3249335032585926,-0.3460678013921621,-0.205080409681735,-0.3496980210592092,-0.1807246871311673,-0.31738209103451376],[0.9005590697079924,0.8757492476332139,0.9023695799831466,0.8972504216966171,0.8811787687113666,0.9351208977595686,-0.9025524954333343,0.9053879669277902,0.8861313941281435,0.9105315450474127,0.9096718755974518,0.9191196820635188,0.9000193474002915,0.8716294563501678,0.9094778582524176,0.9433134396565516,0.9308257281199592,0.9106839300871603,0.7022370566241211,0.5378733168086431,0.8831289989269888,0.7033631352060659,0.28444285962950594,-0.15055191751793634,1.0,0.8236941626187537,0.8840465753019606,0.8126711612792267,0.8593762002858422,0.826655830559884,0.8673720605784394,0.8623873296518741,0.85703483781536,0.8670340729906176,0.8954834003185725],[0.967004659384462,0.9553933292457018,0.9446144051799401,0.9651393518327536,0.9348735899395222,0.9482523941588185,-0.913036024319014,0.9431800523240895,0.9260171605990324,0.944479226947916,0.9441914397834839,0.9550932807564357,0.9386042911187548,0.9341913965271679,0.9425673296297734,0.9461072018222049,0.947872293077598,0.9403596321392863,0.9032791556460201,0.7210363754608916,0.9524550561315368,0.919363296078854,0.37522479869541114,-0.32129597013585776,0.8236941626187537,1.0,0.9321285429219696,0.9497320498449618,0.9297688131176387,0.9439511237604333,0.9340433057353651,0.903803079798912,0.9577831780111504,0.9229382500332588,0.9103873495113227],[0.956538713619022,0.9558378683544266,0.9802926027466646,0.9628571429489913,0.9772089709457532,0.9609453485981632,-0.9593567385439322,0.9395378952447193,0.9616835457679849,0.9678544055545557,0.9686914651434864,0.9581310901084553,0.9786954553658566,0.9780440756781988,0.9681080962115907,0.9577501725721644,0.9662774231630985,0.9395299715040647,0.8041628078875994,0.6285148376482014,0.9715067704507143,0.890039237773469,0.20541990120665124,-0.1784040103294187,0.8840465753019606,0.9321285429219696,1.0,0.9055764012594525,0.8859406275492342,0.940101552151004,0.8869504717975211,0.884823346602263,0.9460720777432802,0.9716593286080764,0.8853211785515851],[0.9803407016478468,0.9590443822776116,0.9304367712256689,0.9709739474444151,0.9093411847679406,0.9586067948093934,-0.9019335131855702,0.9783124124017833,0.9351712390228208,0.9625583462116005,0.9620624472805717,0.9655695667148572,0.9462834845614577,0.9393350400975802,0.9624207262063411,0.9619884322144323,0.975249733811249,0.9787837595200584,0.9579574400436648,0.7862123748847197,0.9400228149781937,0.8986581143942542,0.49915272248471443,-0.3893264932591822,0.8126711612792267,0.9497320498449618,0.9055764012594525,1.0,0.9857247914192012,0.9645305840080014,0.9899619233905196,0.9513035143664466,0.9592225191758856,0.9127879758890112,0.9667241178266398],[0.9652898020012208,0.9517741694740613,0.9146086358582584,0.9623713799695026,0.9004860842938828,0.9302495536692781,-0.8639831805412929,0.9540376641423488,0.8990791131078402,0.9455441580547223,0.9443283203765237,0.9535686848468216,0.9091850493052246,0.8929813062769093,0.9449365687468425,0.9272990161562934,0.949382869851807,0.9534220301241385,0.9356725459415652,0.719483143891851,0.9455729521592178,0.8511959018475389,0.49460037986507893,-0.37868942933262983,0.8593762002858422,0.9297688131176387,0.8859406275492342,0.9857247914192012,1.0,0.9508765772057488,0.9832277288839498,0.9548284319352067,0.9368875527988174,0.9199991021869762,0.9616089476653449],[0.9760838288603884,0.9660254918614589,0.9660759708321766,0.9786290532321636,0.9601704834140823,0.9531353815383611,-0.9284269727105358,0.9681472430855816,0.9576189595660154,0.96724063560141,0.9673537734294071,0.9735321132431136,0.9488630790190609,0.9402538176665877,0.9673341261941435,0.9496691633767897,0.9652263142368586,0.9665677325952087,0.9008972436304464,0.6547296923432341,0.9708115614942019,0.925945093916069,0.3528053665887054,-0.3249335032585926,0.826655830559884,0.9439511237604333,0.940101552151004,0.9645305840080014,0.9508765772057488,1.0,0.9528336703266748,0.9158048712590382,0.9761371476487514,0.9577930617685427,0.9414877592998149],[0.9725607073734521,0.9574074711257191,0.9209867630673243,0.962593879437893,0.8988022878051803,0.9529237356485349,-0.8937077703403347,0.963757404644829,0.9187024358771764,0.9428761852161762,0.9418749977978654,0.953437131058502,0.9176817283422463,0.9156349994164836,0.9425807107065631,0.9539156561095855,0.957625222893989,0.9623004094687175,0.9446642342612718,0.7570055068786592,0.94075337713811,0.8692290669297499,0.5162103051905561,-0.3460678013921621,0.8673720605784394,0.9340433057353651,0.8869504717975211,0.9899619233905196,0.9832277288839498,0.9528336703266748,1.0,0.9735128180510565,0.9440380156379908,0.9369143957935809,0.9623307582187723],[0.9455656000068261,0.9437882151138773,0.9056439617254274,0.9338687184227755,0.8783361405875093,0.9549710396984348,-0.9097821678678437,0.9365892050929081,0.9042784865438898,0.9188515513209015,0.9175281220095404,0.9319971828824016,0.8895059769277838,0.8684306912857811,0.9181309035632856,0.9543342618585203,0.9422672262493098,0.9364488522762255,0.8955428341909042,0.7616405569894321,0.909042827131731,0.8411072885892537,0.4311545688047814,-0.205080409681735,0.8623873296518741,0.903803079798912,0.884823346602263,0.9513035143664466,0.9548284319352067,0.9158048712590382,0.9735128180510565,1.0,0.9063709567640114,0.9320788449547251,0.9533508431474648],[0.9806114087500699,0.9698382087006,0.9673545080893363,0.9786246558375155,0.9564616053070552,0.9583675589504744,-0.9287364979174008,0.9603786496027924,0.9474279723709013,0.9667515593765257,0.9669366146422192,0.973598919347439,0.9652569924259004,0.9673299589504325,0.9668512008151141,0.960720055580545,0.9725023977384465,0.9596634774751782,0.8991885468117471,0.6895930689080462,0.9690580912643271,0.9229767253001238,0.3745733127847746,-0.3496980210592092,0.85703483781536,0.9577831780111504,0.9460720777432802,0.9592225191758856,0.9368875527988174,0.9761371476487514,0.9440380156379908,0.9063709567640114,1.0,0.9547470452847014,0.9405490164806323],[0.9715346582771429,0.961850166455477,0.9744949906369937,0.9701992009300533,0.9622514351922767,0.9772342080494725,-0.965225051442151,0.9586264380593085,0.9704962434084555,0.9807692347806731,0.9812535481697852,0.968697897516724,0.9804935631646851,0.9788679235586187,0.9811776381922609,0.9766944658263231,0.9853280886375597,0.9565555763458506,0.8474067700202597,0.6540560593013647,0.9557412432696133,0.8685753714220598,0.29534397676201113,-0.1807246871311673,0.8670340729906176,0.9229382500332588,0.9716593286080764,0.9127879758890112,0.9199991021869762,0.9577930617685427,0.9369143957935809,0.9320788449547251,0.9547470452847014,1.0,0.9176740325585879],[0.9544972924171062,0.948677001282111,0.9224949312031379,0.9455063708138224,0.8977154217762512,0.9554439663679107,-0.9100513591305655,0.9654992475019777,0.9237383705949843,0.9416552062500047,0.9409296569672354,0.9505750950483571,0.9340758818033249,0.9263639048337058,0.94141980621571,0.9601242467578963,0.9633451586100368,0.966707284478722,0.8808925067881008,0.6982889024005219,0.926790424457629,0.8487225952139841,0.4066529830314279,-0.31738209103451376,0.8954834003185725,0.9103873495113227,0.8853211785515851,0.9667241178266398,0.9616089476653449,0.9414877592998149,0.9623307582187723,0.9533508431474648,0.9405490164806323,0.9176740325585879,1.0]],"x":["^TAIEX       \u81fa\u7063\u52a0\u6b0a\u5831\u916c\u6307\u6578","^TWII        \u81fa\u7063\u52a0\u6b0a\u6307\u6578","^TAIEXx2     \u81fa\u7063\u52a0\u6b0a\u5831\u916c\u6307\u6578_\u65e5\u6b632","^TAI50I      \u81fa\u706350\u5831\u916c\u6307\u6578","^TAI50Ix2    \u81fa\u706350\u5831\u916c\u6307\u6578_\u65e5\u6b632","^TAI100I     \u81fa\u7063\u4e2d\u578b100\u5831\u916c\u6307\u6578","^TAI100Ix2   \u81fa\u7063\u4e2d\u578b100\u5831\u916c\u6307\u6578_\u65e5\u6b632","^TAIDIVIDI   \u81fa\u7063\u9ad8\u80a1\u606f\u5831\u916c\u6307\u6578","^TAIDIVIDIx2 \u81fa\u7063\u9ad8\u80a1\u606f\u5831\u916c\u6307\u6578_\u65e5\u6b632","0050Fund     \u5143\u5927\u53f0\u7063\u5353\u8d8a50\u57fa\u91d1","006208Fund   \u5bcc\u90a6\u53f0\u7063\u91c6\u540950\u57fa\u91d1","0050         \u5143\u5927\u81fa\u706350","00631L       \u5143\u5927\u53f0\u706350\u6b632","00675L       \u5bcc\u90a6\u81fa\u7063\u52a0\u6b0a\u6b632","006208       \u5bcc\u90a6\u53f050","0051         \u5143\u5927\u4e2d\u578b100","006204       \u6c38\u8c50\u81fa\u7063\u52a0\u6b0a","0056         \u5143\u5927\u9ad8\u80a1\u606f","2412         \u4e2d\u83ef\u96fb\u4fe1","2002         \u4e2d\u92fc","2330         \u53f0\u7a4d\u96fb","2317         \u9d3b\u6d77","6505         \u53f0\u5851\u77f3\u5316","3481         \u7fa4\u5275","2303         \u806f\u96fb","2308         \u53f0\u9054\u96fb","2454         \u806f\u767c\u79d1","2886         \u5146\u8c50\u91d1","2884         \u7389\u5c71\u91d1","2891         \u4e2d\u4fe1\u91d1","2892         \u7b2c\u4e00\u91d1","5880         \u5408\u5eab\u91d1","2881         \u5bcc\u90a6\u91d1","2885         \u5143\u5927\u91d1","2887         \u53f0\u65b0\u91d1"],"y":["^TAIEX       \u81fa\u7063\u52a0\u6b0a\u5831\u916c\u6307\u6578","^TWII        \u81fa\u7063\u52a0\u6b0a\u6307\u6578","^TAIEXx2     \u81fa\u7063\u52a0\u6b0a\u5831\u916c\u6307\u6578_\u65e5\u6b632","^TAI50I      \u81fa\u706350\u5831\u916c\u6307\u6578","^TAI50Ix2    \u81fa\u706350\u5831\u916c\u6307\u6578_\u65e5\u6b632","^TAI100I     \u81fa\u7063\u4e2d\u578b100\u5831\u916c\u6307\u6578","^TAI100Ix2   \u81fa\u7063\u4e2d\u578b100\u5831\u916c\u6307\u6578_\u65e5\u6b632","^TAIDIVIDI   \u81fa\u7063\u9ad8\u80a1\u606f\u5831\u916c\u6307\u6578","^TAIDIVIDIx2 \u81fa\u7063\u9ad8\u80a1\u606f\u5831\u916c\u6307\u6578_\u65e5\u6b632","0050Fund     \u5143\u5927\u53f0\u7063\u5353\u8d8a50\u57fa\u91d1","006208Fund   \u5bcc\u90a6\u53f0\u7063\u91c6\u540950\u57fa\u91d1","0050         \u5143\u5927\u81fa\u706350","00631L       \u5143\u5927\u53f0\u706350\u6b632","00675L       \u5bcc\u90a6\u81fa\u7063\u52a0\u6b0a\u6b632","006208       \u5bcc\u90a6\u53f050","0051         \u5143\u5927\u4e2d\u578b100","006204       \u6c38\u8c50\u81fa\u7063\u52a0\u6b0a","0056         \u5143\u5927\u9ad8\u80a1\u606f","2412         \u4e2d\u83ef\u96fb\u4fe1","2002         \u4e2d\u92fc","2330         \u53f0\u7a4d\u96fb","2317         \u9d3b\u6d77","6505         \u53f0\u5851\u77f3\u5316","3481         \u7fa4\u5275","2303         \u806f\u96fb","2308         \u53f0\u9054\u96fb","2454         \u806f\u767c\u79d1","2886         \u5146\u8c50\u91d1","2884         \u7389\u5c71\u91d1","2891         \u4e2d\u4fe1\u91d1","2892         \u7b2c\u4e00\u91d1","5880         \u5408\u5eab\u91d1","2881         \u5bcc\u90a6\u91d1","2885         \u5143\u5927\u91d1","2887         \u53f0\u65b0\u91d1"],"zmin":-1,"zmax":1,"colorbar":{"x":-0.2}}],"layout":{"autotypenumbers":"strict","colorway":["#636efa","#EF553B","#00cc96","#ab63fa","#FFA15A","#19d3f3","#FF6692","#B6E880","#FF97FF","#FECB52"],"font":{"color":"#f2f5fa","family":"Courier New"},"hovermode":"closest","hoverlabel":{"align":"left"},"paper_bgcolor":"rgb(17,17,17)","plot_bgcolor":"rgb(17,17,17)","polar":{"bgcolor":"rgb(17,17,17)","angularaxis":{"gridcolor":"#506784","linecolor":"#506784","ticks":""},"radialaxis":{"gridcolor":"#506784","linecolor":"#506784","ticks":""}},"ternary":{"bgcolor":"rgb(17,17,17)","aaxis":{"gridcolor":"#506784","linecolor":"#506784","ticks":""},"baxis":{"gridcolor":"#506784","linecolor":"#506784","ticks":""},"caxis":{"gridcolor":"#506784","linecolor":"#506784","ticks":""}},"coloraxis":{"colorbar":{"outlinewidth":0,"ticks":""}},"colorscale":{"sequential":[[0.0,"#0d0887"],[0.1111111111111111,"#46039f"],[0.2222222222222222,"#7201a8"],[0.3333333333333333,"#9c179e"],[0.4444444444444444,"#bd3786"],[0.5555555555555556,"#d8576b"],[0.6666666666666666,"#ed7953"],[0.7777777777777778,"#fb9f3a"],[0.8888888888888888,"#fdca26"],[1.0,"#f0f921"]],"sequentialminus":[[0.0,"#0d0887"],[0.1111111111111111,"#46039f"],[0.2222222222222222,"#7201a8"],[0.3333333333333333,"#9c179e"],[0.4444444444444444,"#bd3786"],[0.5555555555555556,"#d8576b"],[0.6666666666666666,"#ed7953"],[0.7777777777777778,"#fb9f3a"],[0.8888888888888888,"#fdca26"],[1.0,"#f0f921"]],"diverging":[[0,"#8e0152"],[0.1,"#c51b7d"],[0.2,"#de77ae"],[0.3,"#f1b6da"],[0.4,"#fde0ef"],[0.5,"#f7f7f7"],[0.6,"#e6f5d0"],[0.7,"#b8e186"],[0.8,"#7fbc41"],[0.9,"#4d9221"],[1,"#276419"]]},"xaxis":{"gridcolor":"rgba(0, 0, 0, 0)","linecolor":"#506784","ticks":"","title":{"standoff":15},"zerolinecolor":"#283442","automargin":true,"zerolinewidth":2,"tickfont":{"family":"Courier New","size":14},"side":"top","tickangle":-90},"yaxis":{"gridcolor":"rgba(0, 0, 0, 0)","linecolor":"#506784","ticks":"","title":{"standoff":15},"zerolinecolor":"#283442","automargin":true,"zerolinewidth":2,"tickfont":{"family":"Courier New"},"side":"right"},"scene":{"xaxis":{"backgroundcolor":"rgb(17,17,17)","gridcolor":"#506784","linecolor":"#506784","showbackground":true,"ticks":"","zerolinecolor":"#C8D4E3","gridwidth":2},"yaxis":{"backgroundcolor":"rgb(17,17,17)","gridcolor":"#506784","linecolor":"#506784","showbackground":true,"ticks":"","zerolinecolor":"#C8D4E3","gridwidth":2},"zaxis":{"backgroundcolor":"rgb(17,17,17)","gridcolor":"#506784","linecolor":"#506784","showbackground":true,"ticks":"","zerolinecolor":"#C8D4E3","gridwidth":2}},"shapedefaults":{"line":{"color":"#f2f5fa"}},"annotationdefaults":{"arrowcolor":"#f2f5fa","arrowhead":0,"arrowwidth":1},"geo":{"bgcolor":"rgb(17,17,17)","landcolor":"rgb(17,17,17)","subunitcolor":"#506784","showland":true,"showlakes":true,"lakecolor":"rgb(17,17,17)"},"title":{"x":0.05,"font":{"family":"Times New Roman"},"y":0.05,"text":"<b>Correlation of Adj Close<b><br><i>2016-09-23 ~ 2025-09-04<i>"},"updatemenudefaults":{"bgcolor":"#506784","borderwidth":0},"sliderdefaults":{"bgcolor":"#C8D4E3","borderwidth":1,"bordercolor":"rgb(17,17,17)","tickwidth":0},"mapbox":{"style":"dark"},"annotations":[{"text":"<b>@zwindr<b>","textangle":0,"opacity":0.5,"font":{"color":"white","size":12},"xref":"paper","yref":"paper","xanchor":"left","yanchor":"bottom","x":1.0,"y":1.0,"showarrow":false}]},"config":{"responsive":true,"toImageButtonOptions":{"filename":"Correlation of Adj Close_2016-09-23~2025-09-04","scale":5}}};Plotly.newPlot("correlationAdjClose",correlationAdjClose.data,correlationAdjClose.layout||{},correlationAdjClose.config);}else{console.log("style display is none => correlationAdjClose");}