var config = { responsive: true }

var correlationAdjClose = {"data": [{"type": "heatmap", "z": [[1.0, 0.9934711163316837, 0.9750734504682578, 0.9978245255015141, 0.9633816499151364, 0.9798776159294098, -0.9376399900648758, 0.989098353172807, 0.9669226443476097, 0.9966003025604931, 0.9931469278060366, 0.9943813760580613, 0.9972429018993181, 0.9773698663316418, 0.9995446074453012, 0.986121916460528, 0.9112384831985914, 0.7633606434605223, 0.9858608660653203, 0.9209042843270762, 0.5019660238295309, -0.27688598307682993, 0.8965073967111733, 0.972707721373333, 0.9506278793711138], [0.9934711163316837, 1.0, 0.9703903528814751, 0.9911776444853415, 0.9592997638535841, 0.9748355017183339, -0.9326487404815333, 0.9790948267998231, 0.9595672179568998, 0.993852587770299, 0.9918190290277519, 0.9911755324087523, 0.9952979406715916, 0.9719496641592029, 0.9962656938752382, 0.9820284878899397, 0.8996101436776525, 0.7689471963020442, 0.966370796537204, 0.8986225391743209, 0.49884381042277265, -0.1982103461541088, 0.867831098860722, 0.9596370629816551, 0.951308210427862], [0.9750734504682578, 0.9703903528814751, 1.0, 0.9810091387258668, 0.9962867906276677, 0.9782177183933811, -0.9742977925969036, 0.9679361757147648, 0.9824322178702717, 0.9851530095867316, 0.9976390659458327, 0.9976362493623662, 0.9881666351411209, 0.9766088780094312, 0.9871561452722677, 0.9746526482971873, 0.8112052291583228, 0.6540385438927663, 0.9892117997612151, 0.9095674789163525, 0.334445088225276, -0.19321699003195794, 0.9054144428325961, 0.9379578580547927, 0.9774073852145946], [0.9978245255015141, 0.9911776444853415, 0.9810091387258668, 1.0, 0.97450849962704, 0.9720483584865902, -0.9321636980827073, 0.9834983803012342, 0.9640095588707608, 0.999236020376702, 0.9927915517616955, 0.9918173816639674, 0.9999005549988956, 0.9671360489153721, 0.9960026572608289, 0.9808525662039331, 0.896872883249473, 0.7368346498765918, 0.9931671076579306, 0.9227915620754068, 0.484027693930333, -0.2692999163430323, 0.8964062620054326, 0.9665949463770088, 0.9562379088019761], [0.9633816499151364, 0.9592997638535841, 0.9962867906276677, 0.97450849962704, 1.0, 0.9580194069297163, -0.9558044845932561, 0.9532260817681844, 0.9700745437601032, 0.9812882218271349, 0.9887047057398235, 0.9852641963896475, 0.9842952017252918, 0.9555637735068375, 0.9755341947264057, 0.9600653292028967, 0.7908313870421709, 0.6227818394879457, 0.987949274050069, 0.906733790691223, 0.31687637132174873, -0.18744421640712927, 0.8892965567997831, 0.922771119295064, 0.9748148958656777], [0.9798776159294098, 0.9748355017183339, 0.9782177183933811, 0.9720483584865902, 0.9580194069297163, 1.0, -0.9790985706018863, 0.9788234450414768, 0.9783347473307547, 0.9711624326169888, 0.9755473921721012, 0.9734809380994716, 0.9678522100010848, 0.9988426777404356, 0.9856053956698875, 0.9853788445288542, 0.8484787694680849, 0.7297167555543455, 0.966752925336791, 0.8875013094175692, 0.36367949918420167, -0.1812701016532401, 0.9344343559113458, 0.9543653399347537, 0.9577670305345455], [-0.9376399900648758, -0.9326487404815333, -0.9742977925969036, -0.9321636980827073, -0.9558044845932561, -0.9790985706018863, 1.0, -0.9473978715744719, -0.9822266915924324, -0.940149715708445, -0.9722253936029535, -0.9743213035479344, -0.9461426213017138, -0.9856093399372252, -0.9624723036259702, -0.963853339942795, -0.7544838522222678, -0.6245344992713482, -0.9390437231016541, -0.8743007311684987, -0.2145953223624126, 0.10977239833557088, -0.9009150722422533, -0.9069575177509771, -0.9553464003194571], [0.989098353172807, 0.9790948267998231, 0.9679361757147648, 0.9834983803012342, 0.9532260817681844, 0.9788234450414768, -0.9473978715744719, 1.0, 0.9808362782459272, 0.9802784909666685, 0.9742612156748433, 0.9734885224160115, 0.9786433938261997, 0.9747666457652278, 0.9865186414406915, 0.9962861070473195, 0.9186323778286666, 0.7027723322546189, 0.9735342654938921, 0.8931264161437369, 0.37857823267813945, -0.28438405861735266, 0.9020374998174955, 0.9529576241215009, 0.932073766255289], [0.9669226443476097, 0.9595672179568998, 0.9824322178702717, 0.9640095588707608, 0.9700745437601032, 0.9783347473307547, -0.9822266915924324, 0.9808362782459272, 1.0, 0.9631433982602994, 0.970816840111053, 0.9677821594067816, 0.9600384425040537, 0.976518054330354, 0.9674907260584111, 0.9866419171403775, 0.8396241581108468, 0.6279491958593559, 0.964743927263304, 0.9017494869079473, 0.23133342545690164, -0.19613764464234598, 0.8832557395669058, 0.9267693961575755, 0.9561310401763338], [0.9966003025604931, 0.993852587770299, 0.9851530095867316, 0.999236020376702, 0.9812882218271349, 0.9711624326169888, -0.940149715708445, 0.9802784909666685, 0.9631433982602994, 1.0, 0.9915811276753536, 0.9901856857005275, 0.9998331275950163, 0.9681054248326696, 0.9952059447268259, 0.9809686751686707, 0.9087507105247716, 0.7163555224515084, 0.99556644301691, 0.9160832851290741, 0.3182255428021474, -0.18013300480473887, 0.929827593583245, 0.9555487201618195, 0.9540855278807543], [0.9931469278060366, 0.9918190290277519, 0.9976390659458327, 0.9927915517616955, 0.9887047057398235, 0.9755473921721012, -0.9722253936029535, 0.9742612156748433, 0.970816840111053, 0.9915811276753536, 1.0, 0.9996528954389434, 0.9924489780070483, 0.9765803133860297, 0.993474236183504, 0.9756539236482781, 0.9036524227313062, 0.6167524087452255, 0.9889906267507643, 0.8866795059435159, -0.23909980030915354, 0.6571145112689494, 0.9068714228124759, 0.9513416546531244, 0.9779144818816277], [0.9943813760580613, 0.9911755324087523, 0.9976362493623662, 0.9918173816639674, 0.9852641963896475, 0.9734809380994716, -0.9743213035479344, 0.9734885224160115, 0.9677821594067816, 0.9901856857005275, 0.9996528954389434, 1.0, 0.9914492951032982, 0.9746092768446005, 0.9944403769103837, 0.9750694601547403, 0.9141092045434747, 0.5094632664666414, 0.9847643021706607, 0.8731568791881525, -0.6774204181350988, 0.6553331357617587, 0.8799750108181259, 0.9481030837276224, 0.9776985883549169], [0.9972429018993181, 0.9952979406715916, 0.9881666351411209, 0.9999005549988956, 0.9842952017252918, 0.9678522100010848, -0.9461426213017138, 0.9786433938261997, 0.9600384425040537, 0.9998331275950163, 0.9924489780070483, 0.9914492951032982, 1.0, 0.9686745566985399, 0.9955525654781651, 0.979747159436696, 0.925954628426317, 0.6805427280244617, 0.9971249354653888, 0.8951893546351497, 0.07303310753262844, 0.6128945978503124, 0.9198565080674797, 0.9474412764043848, 0.9623933429513236], [0.9773698663316418, 0.9719496641592029, 0.9766088780094312, 0.9671360489153721, 0.9555637735068375, 0.9988426777404356, -0.9856093399372252, 0.9747666457652278, 0.976518054330354, 0.9681054248326696, 0.9765803133860297, 0.9746092768446005, 0.9686745566985399, 1.0, 0.9857889831838459, 0.9830533337766787, 0.8623506596536139, 0.7336068711632888, 0.9621248997697828, 0.8767737081901202, 0.22904780533321298, -0.09688655322766727, 0.9438446465726452, 0.9491931137281322, 0.956836247618373], [0.9995446074453012, 0.9962656938752382, 0.9871561452722677, 0.9960026572608289, 0.9755341947264057, 0.9856053956698875, -0.9624723036259702, 0.9865186414406915, 0.9674907260584111, 0.9952059447268259, 0.993474236183504, 0.9944403769103837, 0.9955525654781651, 0.9857889831838459, 1.0, 0.9868543952639374, 0.9332234868401441, 0.7157336151419763, 0.9897143886641021, 0.8918240019578234, 0.11577191334646823, 0.6257478250177256, 0.9372473243099306, 0.9579393179784159, 0.9617975077645867], [0.986121916460528, 0.9820284878899397, 0.9746526482971873, 0.9808525662039331, 0.9600653292028967, 0.9853788445288542, -0.963853339942795, 0.9962861070473195, 0.9866419171403775, 0.9809686751686707, 0.9756539236482781, 0.9750694601547403, 0.979747159436696, 0.9830533337766787, 0.9868543952639374, 1.0, 0.9005023263507699, 0.70472208216833, 0.9728267880204642, 0.8931415174369755, 0.31141244258256845, -0.1705039893029876, 0.9139888147028947, 0.9424125662824423, 0.9435677073818876], [0.9112384831985914, 0.8996101436776525, 0.8112052291583228, 0.896872883249473, 0.7908313870421709, 0.8484787694680849, -0.7544838522222678, 0.9186323778286666, 0.8396241581108468, 0.9087507105247716, 0.9036524227313062, 0.9141092045434747, 0.925954628426317, 0.8623506596536139, 0.9332234868401441, 0.9005023263507699, 1.0, 0.8612884849205212, 0.8451771998937802, 0.8694733936972364, 0.7483529203831473, -0.530592923367349, 0.6664770211751526, 0.9087804630330959, 0.7837880380573509], [0.7633606434605223, 0.7689471963020442, 0.6540385438927663, 0.7368346498765918, 0.6227818394879457, 0.7297167555543455, -0.6245344992713482, 0.7027723322546189, 0.6279491958593559, 0.7163555224515084, 0.6167524087452255, 0.5094632664666414, 0.6805427280244617, 0.7336068711632888, 0.7157336151419763, 0.70472208216833, 0.8612884849205212, 1.0, 0.6571666807318493, 0.7592954935381659, 0.7376193161931509, -0.10423008164391902, 0.538803393679461, 0.7732353365662216, 0.6612931293925589], [0.9858608660653203, 0.966370796537204, 0.9892117997612151, 0.9931671076579306, 0.987949274050069, 0.966752925336791, -0.9390437231016541, 0.9735342654938921, 0.964743927263304, 0.99556644301691, 0.9889906267507643, 0.9847643021706607, 0.9971249354653888, 0.9621248997697828, 0.9897143886641021, 0.9728267880204642, 0.8451771998937802, 0.6571666807318493, 1.0, 0.8937326418701992, 0.41423236673776614, -0.26337766884572505, 0.8852021391896322, 0.9488548953906556, 0.9655939915950157], [0.9209042843270762, 0.8986225391743209, 0.9095674789163525, 0.9227915620754068, 0.906733790691223, 0.8875013094175692, -0.8743007311684987, 0.8931264161437369, 0.9017494869079473, 0.9160832851290741, 0.8866795059435159, 0.8731568791881525, 0.8951893546351497, 0.8767737081901202, 0.8918240019578234, 0.8931415174369755, 0.8694733936972364, 0.7592954935381659, 0.8937326418701992, 1.0, 0.4538906956438383, -0.1705106312981417, 0.6884589462154124, 0.9164247048842978, 0.8786262508412469], [0.5019660238295309, 0.49884381042277265, 0.334445088225276, 0.484027693930333, 0.31687637132174873, 0.36367949918420167, -0.2145953223624126, 0.37857823267813945, 0.23133342545690164, 0.3182255428021474, -0.23909980030915354, -0.6774204181350988, 0.07303310753262844, 0.22904780533321298, 0.11577191334646823, 0.31141244258256845, 0.7483529203831473, 0.7376193161931509, 0.41423236673776614, 0.4538906956438383, 1.0, -0.4213681912396386, 0.32835549096589456, 0.48497739901985687, 0.2810673137002894], [-0.27688598307682993, -0.1982103461541088, -0.19321699003195794, -0.2692999163430323, -0.18744421640712927, -0.1812701016532401, 0.10977239833557088, -0.28438405861735266, -0.19613764464234598, -0.18013300480473887, 0.6571145112689494, 0.6553331357617587, 0.6128945978503124, -0.09688655322766727, 0.6257478250177256, -0.1705039893029876, -0.530592923367349, -0.10423008164391902, -0.26337766884572505, -0.1705106312981417, -0.4213681912396386, 1.0, -0.1177552420856875, -0.3080473858798187, -0.13785879404233373], [0.8965073967111733, 0.867831098860722, 0.9054144428325961, 0.8964062620054326, 0.8892965567997831, 0.9344343559113458, -0.9009150722422533, 0.9020374998174955, 0.8832557395669058, 0.929827593583245, 0.9068714228124759, 0.8799750108181259, 0.9198565080674797, 0.9438446465726452, 0.9372473243099306, 0.9139888147028947, 0.6664770211751526, 0.538803393679461, 0.8852021391896322, 0.6884589462154124, 0.32835549096589456, -0.1177552420856875, 1.0, 0.8281619214960703, 0.8836304201138158], [0.972707721373333, 0.9596370629816551, 0.9379578580547927, 0.9665949463770088, 0.922771119295064, 0.9543653399347537, -0.9069575177509771, 0.9529576241215009, 0.9267693961575755, 0.9555487201618195, 0.9513416546531244, 0.9481030837276224, 0.9474412764043848, 0.9491931137281322, 0.9579393179784159, 0.9424125662824423, 0.9087804630330959, 0.7732353365662216, 0.9488548953906556, 0.9164247048842978, 0.48497739901985687, -0.3080473858798187, 0.8281619214960703, 1.0, 0.9266628866320535], [0.9506278793711138, 0.951308210427862, 0.9774073852145946, 0.9562379088019761, 0.9748148958656777, 0.9577670305345455, -0.9553464003194571, 0.932073766255289, 0.9561310401763338, 0.9540855278807543, 0.9779144818816277, 0.9776985883549169, 0.9623933429513236, 0.956836247618373, 0.9617975077645867, 0.9435677073818876, 0.7837880380573509, 0.6612931293925589, 0.9655939915950157, 0.8786262508412469, 0.2810673137002894, -0.13785879404233373, 0.8836304201138158, 0.9266628866320535, 1.0]], "x": ["^TAIEX       \u81fa\u7063\u52a0\u6b0a\u5831\u916c\u6307\u6578", "^TWII        \u81fa\u7063\u52a0\u6b0a\u6307\u6578", "^TAIEXx2     \u81fa\u7063\u52a0\u6b0a\u5831\u916c\u6307\u6578_\u65e5\u6b632", "^TAI50I      \u81fa\u706350\u5831\u916c\u6307\u6578", "^TAI50Ix2    \u81fa\u706350\u5831\u916c\u6307\u6578_\u65e5\u6b632", "^TAI100I     \u81fa\u7063\u4e2d\u578b100\u5831\u916c\u6307\u6578", "^TAI100Ix2   \u81fa\u7063\u4e2d\u578b100\u5831\u916c\u6307\u6578_\u65e5\u6b632", "^TAIDIVIDI   \u81fa\u7063\u9ad8\u80a1\u606f\u5831\u916c\u6307\u6578", "^TAIDIVIDIx2 \u81fa\u7063\u9ad8\u80a1\u606f\u5831\u916c\u6307\u6578_\u65e5\u6b632", "0050         \u5143\u5927\u81fa\u706350", "00631L       \u5143\u5927\u53f0\u706350\u6b632", "00675L       \u5bcc\u90a6\u81fa\u7063\u52a0\u6b0a\u6b632", "006208       \u5bcc\u90a6\u53f050", "0051         \u5143\u5927\u4e2d\u578b100", "006204       \u6c38\u8c50\u81fa\u7063\u52a0\u6b0a", "0056         \u5143\u5927\u9ad8\u80a1\u606f", "2412         \u4e2d\u83ef\u96fb\u4fe1", "2002         \u4e2d\u92fc", "2330         \u53f0\u7a4d\u96fb", "2317         \u9d3b\u6d77", "6505         \u53f0\u5851\u77f3\u5316", "3481         \u7fa4\u5275", "2303         \u806f\u96fb", "2308         \u53f0\u9054\u96fb", "2454         \u806f\u767c\u79d1"], "y": ["^TAIEX       \u81fa\u7063\u52a0\u6b0a\u5831\u916c\u6307\u6578", "^TWII        \u81fa\u7063\u52a0\u6b0a\u6307\u6578", "^TAIEXx2     \u81fa\u7063\u52a0\u6b0a\u5831\u916c\u6307\u6578_\u65e5\u6b632", "^TAI50I      \u81fa\u706350\u5831\u916c\u6307\u6578", "^TAI50Ix2    \u81fa\u706350\u5831\u916c\u6307\u6578_\u65e5\u6b632", "^TAI100I     \u81fa\u7063\u4e2d\u578b100\u5831\u916c\u6307\u6578", "^TAI100Ix2   \u81fa\u7063\u4e2d\u578b100\u5831\u916c\u6307\u6578_\u65e5\u6b632", "^TAIDIVIDI   \u81fa\u7063\u9ad8\u80a1\u606f\u5831\u916c\u6307\u6578", "^TAIDIVIDIx2 \u81fa\u7063\u9ad8\u80a1\u606f\u5831\u916c\u6307\u6578_\u65e5\u6b632", "0050         \u5143\u5927\u81fa\u706350", "00631L       \u5143\u5927\u53f0\u706350\u6b632", "00675L       \u5bcc\u90a6\u81fa\u7063\u52a0\u6b0a\u6b632", "006208       \u5bcc\u90a6\u53f050", "0051         \u5143\u5927\u4e2d\u578b100", "006204       \u6c38\u8c50\u81fa\u7063\u52a0\u6b0a", "0056         \u5143\u5927\u9ad8\u80a1\u606f", "2412         \u4e2d\u83ef\u96fb\u4fe1", "2002         \u4e2d\u92fc", "2330         \u53f0\u7a4d\u96fb", "2317         \u9d3b\u6d77", "6505         \u53f0\u5851\u77f3\u5316", "3481         \u7fa4\u5275", "2303         \u806f\u96fb", "2308         \u53f0\u9054\u96fb", "2454         \u806f\u767c\u79d1"], "zmin": -1, "zmax": 1, "colorbar": {"x": -0.2}}], "layout": {"title": {"text": "<b>Correlation of Adj Close <b><br><i>2016/09/23 ~ 2025/04/24<i>", "y": 0.05, "font": {"family": "Times New Roman"}, "x": 0.05}, "xaxis": {"side": "top", "tickangle": -90, "gridcolor": "rgba(0, 0, 0, 0)", "tickfont": {"family": "Courier New", "size": 14}, "automargin": true}, "yaxis": {"side": "right", "gridcolor": "rgba(0, 0, 0, 0)", "tickfont": {"family": "Courier New"}, "automargin": true}, "height": 600, "font": {"family": "Courier New", "color": "#ffffff"}, "plot_bgcolor": "#000", "paper_bgcolor": "#000"}};

Plotly.newPlot("correlationAdjClose",
    correlationAdjClose.data,
    correlationAdjClose.layout || {},
    config);