var element=document.getElementById("correlationClose");if(element.style.display!='none'){var correlationClose={"data":[{"type":"heatmap","z":[[1.0,0.999999999999998,1.0,0.9950847290745577,0.9950847290745577,0.9745681846543119,0.9745681846543119,0.9177239842787217,0.9177239842787217,0.713494879799281,0.9954855338697589,0.650631627268688,0.8540907639517668,0.9889461772594431,0.9955564537706993,0.9789004232511306,0.9993266181342888,0.9041016534850107,0.9041016534850107,0.7629517845947371,-0.20439849565178608,0.9820033596858523,0.2727135977443238,-0.1817567491773251,-0.21252931085282445,0.8292687107294695,0.8820674970106558,0.9289158155991043,0.8942352515208548,0.7815231253519873,0.6727928530975277,0.651720778228063,0.5938400383858109,0.9224154430576645,0.8765523022701143,0.2907481089772765],[0.999999999999998,1.0,0.9999999999999981,0.9950371886941177,0.9950371886941177,0.9740497920679306,0.9740497920679306,0.9180149636758265,0.9180149636758265,0.7151766119846282,0.995472796844874,0.6525314333206695,0.8532428363505069,0.9886958799090982,0.9955635440758479,0.9785952246567751,0.9993240861829465,0.9037352658312023,0.9037352658312023,0.7800919985854766,0.004463373884791842,0.9752206693767063,0.02761702119786509,-0.17447697648953578,-0.21351454825472715,0.6814233809123756,0.8796396298345982,0.911092367876282,0.8915693063847575,0.7894693884144043,0.664373991643514,0.6495833928955118,0.6190227409226297,0.9218523060137791,0.7570768223488871,0.28669286010271644],[1.0,0.9999999999999981,1.0,0.9950847290745577,0.9950847290745577,0.9745681846543119,0.9745681846543119,0.9177239842787217,0.9177239842787217,0.713494879799281,0.9954855338697589,0.650631627268688,0.8540907639517668,0.9889461772594431,0.9955564537706993,0.9789004232511306,0.9993266181342888,0.9041016534850107,0.9041016534850107,0.7629517845947371,-0.20439849565178608,0.9820033596858523,0.2727135977443238,-0.1817567491773251,-0.21252931085282445,0.8292687107294695,0.8820674970106558,0.9289158155991043,0.8942352515208548,0.7815231253519873,0.6727928530975277,0.651720778228063,0.5938400383858109,0.9224154430576645,0.8765523022701143,0.2907481089772765],[0.9950847290745577,0.9950371886941177,0.9950847290745577,1.0,1.0,0.9628764008596256,0.9628764008596256,0.8999964669902578,0.8999964669902578,0.66971795670363,0.9996811637618072,0.607176197624882,0.8601396776535954,0.9909913219720775,0.9996352139299097,0.962672822653294,0.9953157747316957,0.8737780072872076,0.8737780072872076,0.7299059457807981,-0.2112677975006728,0.9932928891805001,0.30053952984196514,-0.21583325278172893,-0.206427015058467,0.8141569803649866,0.9061262329261381,0.9287729905308839,0.8674002456908678,0.7753741414478555,0.7010649342756038,0.6390875582478918,0.5568230487937067,0.9042810963133293,0.8696498607058691,0.3062140980904162],[0.9950847290745577,0.9950371886941177,0.9950847290745577,1.0,1.0,0.9628764008596256,0.9628764008596256,0.8999964669902578,0.8999964669902578,0.66971795670363,0.9996811637618072,0.607176197624882,0.8601396776535954,0.9909913219720775,0.9996352139299097,0.962672822653294,0.9953157747316957,0.8737780072872076,0.8737780072872076,0.7299059457807981,-0.2112677975006728,0.9932928891805001,0.30053952984196514,-0.21583325278172893,-0.206427015058467,0.8141569803649866,0.9061262329261381,0.9287729905308839,0.8674002456908678,0.7753741414478555,0.7010649342756038,0.6390875582478918,0.5568230487937067,0.9042810963133293,0.8696498607058691,0.3062140980904162],[0.9745681846543119,0.9740497920679306,0.9745681846543119,0.9628764008596256,0.9628764008596256,1.0,1.0,0.9407111222587282,0.9407111222587282,0.6955550918184619,0.9614978353962885,0.6677223667505331,0.8341731605172176,0.9575814294198649,0.9613729456417502,0.9991155297090365,0.9796756936738004,0.9119045937310785,0.9119045937310785,0.6555276901882429,-0.16411088134893587,0.9514350600336878,0.40076282676223585,-0.3440202141267748,-0.10408663084259605,0.8868681651441098,0.8433669245007032,0.9410988326416292,0.8783125399083398,0.7547301115957102,0.8141510079926436,0.7408100333177088,0.6630054092117514,0.8682845639666388,0.8990783914902056,0.543265069383621],[0.9745681846543119,0.9740497920679306,0.9745681846543119,0.9628764008596256,0.9628764008596256,1.0,1.0,0.9407111222587282,0.9407111222587282,0.6955550918184619,0.9614978353962885,0.6677223667505331,0.8341731605172176,0.9575814294198649,0.9613729456417502,0.9991155297090365,0.9796756936738004,0.9119045937310785,0.9119045937310785,0.6555276901882429,-0.16411088134893587,0.9514350600336878,0.40076282676223585,-0.3440202141267748,-0.10408663084259605,0.8868681651441098,0.8433669245007032,0.9410988326416292,0.8783125399083398,0.7547301115957102,0.8141510079926436,0.7408100333177088,0.6630054092117514,0.8682845639666388,0.8990783914902056,0.543265069383621],[0.9177239842787217,0.9180149636758265,0.9177239842787217,0.8999964669902578,0.8999964669902578,0.9407111222587282,0.9407111222587282,1.0,1.0,0.6798431210084589,0.9364458010042205,0.6853722414729642,0.7928894304405903,0.9127610993807336,0.9363981995699814,0.9429643442474354,0.9486276998384704,0.9692304332411156,0.9692304332411156,0.6171292862184388,-0.04395679536763635,0.8701023585180097,0.607620003847361,-0.3747197635352203,0.014339989139035836,0.8122937829542375,0.7359552076695747,0.8900124440235755,0.8542238803325976,0.7758895129329136,0.8948961803412943,0.791408549868556,0.6964918669534352,0.8190273041900026,0.876872323143756,0.835200936517715],[0.9177239842787217,0.9180149636758265,0.9177239842787217,0.8999964669902578,0.8999964669902578,0.9407111222587282,0.9407111222587282,1.0,1.0,0.6798431210084589,0.9364458010042205,0.6853722414729642,0.7928894304405903,0.9127610993807336,0.9363981995699814,0.9429643442474354,0.9486276998384704,0.9692304332411156,0.9692304332411156,0.6171292862184388,-0.04395679536763635,0.8701023585180097,0.607620003847361,-0.3747197635352203,0.014339989139035836,0.8122937829542375,0.7359552076695747,0.8900124440235755,0.8542238803325976,0.7758895129329136,0.8948961803412943,0.791408549868556,0.6964918669534352,0.8190273041900026,0.876872323143756,0.835200936517715],[0.713494879799281,0.7151766119846282,0.713494879799281,0.66971795670363,0.66971795670363,0.6955550918184619,0.6955550918184619,0.6798431210084589,0.6798431210084589,1.0,0.5173916062627884,0.9999693497763937,0.29696008961578035,0.27542912734793806,0.5211135350127774,0.6902766269114704,0.5907916065218987,0.7781428730720648,0.7781428730720648,0.6825664139344074,-0.09843567880362424,0.6381079733853523,0.037471261148074905,0.04812377817725452,-0.24279838883924273,0.7474421749013187,0.3617243711165368,0.6739659084753153,0.7958309573969724,0.6660289161114464,0.31791270960138873,0.5196903795950273,0.5617186094444524,0.7598845621966163,0.5837384761661564,0.16770961254768368],[0.9954855338697589,0.995472796844874,0.9954855338697589,0.9996811637618072,0.9996811637618072,0.9614978353962885,0.9614978353962885,0.9364458010042205,0.9364458010042205,0.5173916062627884,1.0,0.5173367228610917,0.8587580090823912,0.9905718303985824,0.9999476282438339,0.9585305638542969,0.994978628445932,0.8821350830005695,0.8821350830005695,0.843797071733027,-0.1127206817448795,0.9974152763151078,0.9061280458973017,-0.5439561441470848,0.5213574792910959,0.8153497381188122,0.8869230683479201,0.9392590921203922,0.8507683978068491,0.7983537512818601,0.941189459026493,0.8333081480581099,0.6947512988462748,0.8846844533059711,0.9585941933887226,0.8399393105771156],[0.650631627268688,0.6525314333206695,0.650631627268688,0.607176197624882,0.607176197624882,0.6677223667505331,0.6677223667505331,0.6853722414729642,0.6853722414729642,0.9999693497763937,0.5173367228610917,1.0,0.2978951077821615,0.2762130729843736,0.5218692843591605,0.6790544665728925,0.5914421233860122,0.7704190332281624,0.7704190332281624,0.6326202005618782,0.03309752703151785,0.5800203819261295,0.37916983455384,-0.16017805668269375,-0.23145971901711718,0.7688232078269666,0.2671576500704136,0.6359435246233729,0.7629449966738584,0.68230477217334,0.4834509506904731,0.6771393089474983,0.6747216414593046,0.7077521199710054,0.5507572653262262,0.5969958701015623],[0.8540907639517668,0.8532428363505069,0.8540907639517668,0.8601396776535954,0.8601396776535954,0.8341731605172176,0.8341731605172176,0.7928894304405903,0.7928894304405903,0.29696008961578035,0.8587580090823912,0.2978951077821615,1.0,0.999848360892309,0.8570214235655393,0.8270097807748824,0.8526874590002105,0.7111786436736112,0.7111786436736112,0.6236051218101814,-0.08261905095681618,0.8579343083125142,0.8071193153148932,-0.6488806414587105,0.5721385435448499,0.6521087693107367,0.8308272943903444,0.8326663558678368,0.6727302511795715,0.5981077981214132,0.8331379733558048,0.6527061758233625,0.5123979835524156,0.7459748119094908,0.8393058540999688,0.7615772136853859],[0.9889461772594431,0.9886958799090982,0.9889461772594431,0.9909913219720775,0.9909913219720775,0.9575814294198649,0.9575814294198649,0.9127610993807336,0.9127610993807336,0.27542912734793806,0.9905718303985824,0.2762130729843736,0.999848360892309,1.0,0.9907142314209093,0.951369320088959,0.9866081380570202,0.8301884377404438,0.8301884377404438,0.8389116179855344,-0.21999510805249858,0.9879969071838081,0.8989559196156445,-0.76702285327452,0.6281763820730029,0.7260760171204927,0.9310813558540747,0.9269004791572028,0.7762063628754006,0.6784231110441115,0.9370999773378347,0.7720099369048415,0.5534690391328773,0.8528107998434711,0.9579407288915872,0.8424355377504743],[0.9955564537706993,0.9955635440758479,0.9955564537706993,0.9996352139299097,0.9996352139299097,0.9613729456417502,0.9613729456417502,0.9363981995699814,0.9363981995699814,0.5211135350127774,0.9999476282438339,0.5218692843591605,0.8570214235655393,0.9907142314209093,1.0,0.9586866785343485,0.995062291890826,0.882991536795565,0.882991536795565,0.8453136093324406,-0.11008690995003989,0.9972819497651404,0.905359545887753,-0.5415454482289158,0.5170645729992007,0.8153568647892373,0.8856908565058198,0.9393217631288497,0.8527832029936852,0.8002225670535812,0.9405267140451421,0.8353236565761443,0.6980051520991917,0.8853840094026016,0.9583928614917426,0.8398903378522562],[0.9789004232511306,0.9785952246567751,0.9789004232511306,0.962672822653294,0.962672822653294,0.9991155297090365,0.9991155297090365,0.9429643442474354,0.9429643442474354,0.6902766269114704,0.9585305638542969,0.6790544665728925,0.8270097807748824,0.951369320088959,0.9586866785343485,1.0,0.9787327487672811,0.9147738442536297,0.9147738442536297,0.7051165361079698,-0.15071411993551842,0.9534442835594423,0.7128585249041411,-0.4712602740554136,-0.12366381682472159,0.8975283696904288,0.8278810584481132,0.9385246530196618,0.8867850393133051,0.7879189245845802,0.8907147303015602,0.785663690417649,0.7206271501497956,0.8894217296868475,0.8957208744924643,0.8309115638323605],[0.9993266181342888,0.9993240861829465,0.9993266181342888,0.9953157747316957,0.9953157747316957,0.9796756936738004,0.9796756936738004,0.9486276998384704,0.9486276998384704,0.5907916065218987,0.994978628445932,0.5914421233860122,0.8526874590002105,0.9866081380570202,0.995062291890826,0.9787327487672811,1.0,0.9134178623954287,0.9134178623954287,0.8602318651281928,-0.09367814448627487,0.9897088802321102,0.8861458228296849,-0.5312827356891561,0.5229373141119152,0.8610005223868588,0.8665053051945627,0.9490847889746866,0.8890350589067407,0.8227374402411574,0.9321212374371265,0.8713412650255595,0.7479277365362087,0.9042199671890092,0.9659753700466376,0.8773609073629084],[0.9041016534850107,0.9037352658312023,0.9041016534850107,0.8737780072872076,0.8737780072872076,0.9119045937310785,0.9119045937310785,0.9692304332411156,0.9692304332411156,0.7781428730720648,0.8821350830005695,0.7704190332281624,0.7111786436736112,0.8301884377404438,0.882991536795565,0.9147738442536297,0.9134178623954287,1.0,1.0,0.7595932770124679,-0.08599840415647009,0.8417920792031792,0.6043726739318394,-0.2575424070856928,-0.18224602285189753,0.8443295211124214,0.660510300485581,0.8418606603934701,0.9204032404416718,0.8506896988164339,0.8053271401269506,0.7736176709466652,0.7042009879966479,0.8602600469614272,0.794925264151919,0.8642239569857634],[0.9041016534850107,0.9037352658312023,0.9041016534850107,0.8737780072872076,0.8737780072872076,0.9119045937310785,0.9119045937310785,0.9692304332411156,0.9692304332411156,0.7781428730720648,0.8821350830005695,0.7704190332281624,0.7111786436736112,0.8301884377404438,0.882991536795565,0.9147738442536297,0.9134178623954287,1.0,1.0,0.7595932770124679,-0.08599840415647009,0.8417920792031792,0.6043726739318394,-0.2575424070856928,-0.18224602285189753,0.8443295211124214,0.660510300485581,0.8418606603934701,0.9204032404416718,0.8506896988164339,0.8053271401269506,0.7736176709466652,0.7042009879966479,0.8602600469614272,0.794925264151919,0.8642239569857634],[0.7629517845947371,0.7800919985854766,0.7629517845947371,0.7299059457807981,0.7299059457807981,0.6555276901882429,0.6555276901882429,0.6171292862184388,0.6171292862184388,0.6825664139344074,0.843797071733027,0.6326202005618782,0.6236051218101814,0.8389116179855344,0.8453136093324406,0.7051165361079698,0.8602318651281928,0.7595932770124679,0.7595932770124679,1.0,0.009112433863527733,0.6927514696088973,-0.29512611995524196,0.26379231677081005,-0.6394458762445966,0.3939088827916502,0.587172701084067,0.5310698607718588,0.8441297940155892,0.7109142058299945,0.20016231499852596,0.3464683230719196,0.5751309688033194,0.7914268513979985,0.5107586855195585,-0.0885234982690843],[-0.20439849565178608,0.004463373884791842,-0.20439849565178608,-0.2112677975006728,-0.2112677975006728,-0.16411088134893587,-0.16411088134893587,-0.04395679536763635,-0.04395679536763635,-0.09843567880362424,-0.1127206817448795,0.03309752703151785,-0.08261905095681618,-0.21999510805249858,-0.11008690995003989,-0.15071411993551842,-0.09367814448627487,-0.08599840415647009,-0.08599840415647009,0.009112433863527733,1.0,-0.1405984875950501,0.0778362909897615,0.18366720940067877,0.7376039139177192,-0.11929815517292892,-0.11054104980613348,-0.07153737219240236,0.127768837818356,-0.038066648170474615,-0.03197665841478145,0.2773807629520393,0.5476111948916756,-0.16042275006379972,0.04739854324841433,0.11477963930882897],[0.9820033596858523,0.9752206693767063,0.9820033596858523,0.9932928891805001,0.9932928891805001,0.9514350600336878,0.9514350600336878,0.8701023585180097,0.8701023585180097,0.6381079733853523,0.9974152763151078,0.5800203819261295,0.8579343083125142,0.9879969071838081,0.9972819497651404,0.9534442835594423,0.9897088802321102,0.8417920792031792,0.8417920792031792,0.6927514696088973,-0.1405984875950501,1.0,0.20760487779231168,-0.2626429374504899,-0.24497746498543518,0.6897963001201729,0.9114584601617786,0.9141445000388838,0.8147343917411458,0.7445599642851175,0.7038617085247523,0.6096759778903549,0.4941182540622016,0.8838623219678671,0.7429469639311587,0.29147464027462766],[0.2727135977443238,0.02761702119786509,0.2727135977443238,0.30053952984196514,0.30053952984196514,0.40076282676223585,0.40076282676223585,0.607620003847361,0.607620003847361,0.037471261148074905,0.9061280458973017,0.37916983455384,0.8071193153148932,0.8989559196156445,0.905359545887753,0.7128585249041411,0.8861458228296849,0.6043726739318394,0.6043726739318394,-0.29512611995524196,0.0778362909897615,0.20760487779231168,1.0,-0.48410551373512517,0.6801654044259174,0.41916417356721863,0.2351433054721143,0.38780489457419987,-0.032335600839352094,0.14476705130420395,0.6307571887823373,0.512915355151765,0.21956063718994792,0.09506605634508808,0.4419531031142565,0.5023923060731161],[-0.1817567491773251,-0.17447697648953578,-0.1817567491773251,-0.21583325278172893,-0.21583325278172893,-0.3440202141267748,-0.3440202141267748,-0.3747197635352203,-0.3747197635352203,0.04812377817725452,-0.5439561441470848,-0.16017805668269375,-0.6488806414587105,-0.76702285327452,-0.5415454482289158,-0.4712602740554136,-0.5312827356891561,-0.2575424070856928,-0.2575424070856928,0.26379231677081005,0.18366720940067877,-0.2626429374504899,-0.48410551373512517,1.0,-0.025559344545442918,-0.21301286605705103,-0.2523441322330375,-0.34434587598532007,-0.0908766254185259,-0.1228684813707164,-0.5761170124341154,-0.23767547405039696,-0.04642904773696733,-0.10640144863223432,-0.27934399296443263,-0.4340823893364504],[-0.21252931085282445,-0.21351454825472715,-0.21252931085282445,-0.206427015058467,-0.206427015058467,-0.10408663084259605,-0.10408663084259605,0.014339989139035836,0.014339989139035836,-0.24279838883924273,0.5213574792910959,-0.23145971901711718,0.5721385435448499,0.6281763820730029,0.5170645729992007,-0.12366381682472159,0.5229373141119152,-0.18224602285189753,-0.18224602285189753,-0.6394458762445966,0.7376039139177192,-0.24497746498543518,0.6801654044259174,-0.025559344545442918,1.0,-0.10064598898172421,-0.14503585367269606,-0.05715235812497536,-0.34148576740679915,-0.3181410933818298,0.05706386589110094,0.1548049784301104,0.2601476979608786,-0.3583002581321433,0.09563426750654781,0.08360027737329306],[0.8292687107294695,0.6814233809123756,0.8292687107294695,0.8141569803649866,0.8141569803649866,0.8868681651441098,0.8868681651441098,0.8122937829542375,0.8122937829542375,0.7474421749013187,0.8153497381188122,0.7688232078269666,0.6521087693107367,0.7260760171204927,0.8153568647892373,0.8975283696904288,0.8610005223868588,0.8443295211124214,0.8443295211124214,0.3939088827916502,-0.11929815517292892,0.6897963001201729,0.41916417356721863,-0.21301286605705103,-0.10064598898172421,1.0,0.5535600017359422,0.8486437264267926,0.529219683096371,0.6564611771558548,0.6123276092820282,0.6799966907425701,0.43603328055417573,0.733445690579975,0.7330908988158547,0.46398990733402895],[0.8820674970106558,0.8796396298345982,0.8820674970106558,0.9061262329261381,0.9061262329261381,0.8433669245007032,0.8433669245007032,0.7359552076695747,0.7359552076695747,0.3617243711165368,0.8869230683479201,0.2671576500704136,0.8308272943903444,0.9310813558540747,0.8856908565058198,0.8278810584481132,0.8665053051945627,0.660510300485581,0.660510300485581,0.587172701084067,-0.11054104980613348,0.9114584601617786,0.2351433054721143,-0.2523441322330375,-0.14503585367269606,0.5535600017359422,1.0,0.8145200085991666,0.6540687423296054,0.594561334435407,0.6447325983825565,0.48017829724518435,0.4038639224854316,0.7380966627987849,0.6883696340721482,0.25890689211997],[0.9289158155991043,0.911092367876282,0.9289158155991043,0.9287729905308839,0.9287729905308839,0.9410988326416292,0.9410988326416292,0.8900124440235755,0.8900124440235755,0.6739659084753153,0.9392590921203922,0.6359435246233729,0.8326663558678368,0.9269004791572028,0.9393217631288497,0.9385246530196618,0.9490847889746866,0.8418606603934701,0.8418606603934701,0.5310698607718588,-0.07153737219240236,0.9141445000388838,0.38780489457419987,-0.34434587598532007,-0.05715235812497536,0.8486437264267926,0.8145200085991666,1.0,0.748126925880009,0.6357319393421094,0.6885887431365196,0.6198244939038396,0.5130205603143065,0.8250665278645335,0.8686364488712698,0.30706932078259125],[0.8942352515208548,0.8915693063847575,0.8942352515208548,0.8674002456908678,0.8674002456908678,0.8783125399083398,0.8783125399083398,0.8542238803325976,0.8542238803325976,0.7958309573969724,0.8507683978068491,0.7629449966738584,0.6727302511795715,0.7762063628754006,0.8527832029936852,0.8867850393133051,0.8890350589067407,0.9204032404416718,0.9204032404416718,0.8441297940155892,0.127768837818356,0.8147343917411458,-0.032335600839352094,-0.0908766254185259,-0.34148576740679915,0.529219683096371,0.6540687423296054,0.748126925880009,1.0,0.9130008762792233,0.5855764059762599,0.7087385046468727,0.6705763179877071,0.8864520704475966,0.5510445854018476,0.34417045608348096],[0.7815231253519873,0.7894693884144043,0.7815231253519873,0.7753741414478555,0.7753741414478555,0.7547301115957102,0.7547301115957102,0.7758895129329136,0.7758895129329136,0.6660289161114464,0.7983537512818601,0.68230477217334,0.5981077981214132,0.6784231110441115,0.8002225670535812,0.7879189245845802,0.8227374402411574,0.8506896988164339,0.8506896988164339,0.7109142058299945,-0.038066648170474615,0.7445599642851175,0.14476705130420395,-0.1228684813707164,-0.3181410933818298,0.6564611771558548,0.594561334435407,0.6357319393421094,0.9130008762792233,1.0,0.6198638049310702,0.6933074994716084,0.6160253818221193,0.7552871119121165,0.6229601240879082,0.5088353456020561],[0.6727928530975277,0.664373991643514,0.6727928530975277,0.7010649342756038,0.7010649342756038,0.8141510079926436,0.8141510079926436,0.8948961803412943,0.8948961803412943,0.31791270960138873,0.941189459026493,0.4834509506904731,0.8331379733558048,0.9370999773378347,0.9405267140451421,0.8907147303015602,0.9321212374371265,0.8053271401269506,0.8053271401269506,0.20016231499852596,-0.03197665841478145,0.7038617085247523,0.6307571887823373,-0.5761170124341154,0.05706386589110094,0.6123276092820282,0.6447325983825565,0.6885887431365196,0.5855764059762599,0.6198638049310702,1.0,0.7475004586771181,0.3888955128478785,0.5774281672325005,0.6864755418160357,0.7605755472016097],[0.651720778228063,0.6495833928955118,0.651720778228063,0.6390875582478918,0.6390875582478918,0.7408100333177088,0.7408100333177088,0.791408549868556,0.791408549868556,0.5196903795950273,0.8333081480581099,0.6771393089474983,0.6527061758233625,0.7720099369048415,0.8353236565761443,0.785663690417649,0.8713412650255595,0.7736176709466652,0.7736176709466652,0.3464683230719196,0.2773807629520393,0.6096759778903549,0.512915355151765,-0.23767547405039696,0.1548049784301104,0.6799966907425701,0.48017829724518435,0.6198244939038396,0.7087385046468727,0.6933074994716084,0.7475004586771181,1.0,0.7789619673535869,0.5401806160502188,0.7334286248617495,0.576833140457874],[0.5938400383858109,0.6190227409226297,0.5938400383858109,0.5568230487937067,0.5568230487937067,0.6630054092117514,0.6630054092117514,0.6964918669534352,0.6964918669534352,0.5617186094444524,0.6947512988462748,0.6747216414593046,0.5123979835524156,0.5534690391328773,0.6980051520991917,0.7206271501497956,0.7479277365362087,0.7042009879966479,0.7042009879966479,0.5751309688033194,0.5476111948916756,0.4941182540622016,0.21956063718994792,-0.04642904773696733,0.2601476979608786,0.43603328055417573,0.4038639224854316,0.5130205603143065,0.6705763179877071,0.6160253818221193,0.3888955128478785,0.7789619673535869,1.0,0.5016645768770763,0.6440074379118752,0.22407852240471657],[0.9224154430576645,0.9218523060137791,0.9224154430576645,0.9042810963133293,0.9042810963133293,0.8682845639666388,0.8682845639666388,0.8190273041900026,0.8190273041900026,0.7598845621966163,0.8846844533059711,0.7077521199710054,0.7459748119094908,0.8528107998434711,0.8853840094026016,0.8894217296868475,0.9042199671890092,0.8602600469614272,0.8602600469614272,0.7914268513979985,-0.16042275006379972,0.8838623219678671,0.09506605634508808,-0.10640144863223432,-0.3583002581321433,0.733445690579975,0.7380966627987849,0.8250665278645335,0.8864520704475966,0.7552871119121165,0.5774281672325005,0.5401806160502188,0.5016645768770763,1.0,0.7659523505354127,0.24398471448144893],[0.8765523022701143,0.7570768223488871,0.8765523022701143,0.8696498607058691,0.8696498607058691,0.8990783914902056,0.8990783914902056,0.876872323143756,0.876872323143756,0.5837384761661564,0.9585941933887226,0.5507572653262262,0.8393058540999688,0.9579407288915872,0.9583928614917426,0.8957208744924643,0.9659753700466376,0.794925264151919,0.794925264151919,0.5107586855195585,0.04739854324841433,0.7429469639311587,0.4419531031142565,-0.27934399296443263,0.09563426750654781,0.7330908988158547,0.6883696340721482,0.8686364488712698,0.5510445854018476,0.6229601240879082,0.6864755418160357,0.7334286248617495,0.6440074379118752,0.7659523505354127,1.0,0.280469324209626],[0.2907481089772765,0.28669286010271644,0.2907481089772765,0.3062140980904162,0.3062140980904162,0.543265069383621,0.543265069383621,0.835200936517715,0.835200936517715,0.16770961254768368,0.8399393105771156,0.5969958701015623,0.7615772136853859,0.8424355377504743,0.8398903378522562,0.8309115638323605,0.8773609073629084,0.8642239569857634,0.8642239569857634,-0.0885234982690843,0.11477963930882897,0.29147464027462766,0.5023923060731161,-0.4340823893364504,0.08360027737329306,0.46398990733402895,0.25890689211997,0.30706932078259125,0.34417045608348096,0.5088353456020561,0.7605755472016097,0.576833140457874,0.22407852240471657,0.24398471448144893,0.280469324209626,1.0]],"x":["^TAIEX       \u81fa\u7063\u52a0\u6b0a\u5831\u916c\u6307\u6578","^TWII        \u81fa\u7063\u52a0\u6b0a\u6307\u6578","^TAIEXx2     \u81fa\u7063\u52a0\u6b0a\u5831\u916c\u6307\u6578_\u65e5\u6b632","^TAI50I      \u81fa\u706350\u5831\u916c\u6307\u6578","^TAI50Ix2    \u81fa\u706350\u5831\u916c\u6307\u6578_\u65e5\u6b632","^TAI100I     \u81fa\u7063\u4e2d\u578b100\u5831\u916c\u6307\u6578","^TAI100Ix2   \u81fa\u7063\u4e2d\u578b100\u5831\u916c\u6307\u6578_\u65e5\u6b632","^TAIDIVIDI   \u81fa\u7063\u9ad8\u80a1\u606f\u5831\u916c\u6307\u6578","^TAIDIVIDIx2 \u81fa\u7063\u9ad8\u80a1\u606f\u5831\u916c\u6307\u6578_\u65e5\u6b632","0050Fund     \u5143\u5927\u53f0\u7063\u5353\u8d8a50\u57fa\u91d1","006208Fund   \u5bcc\u90a6\u53f0\u7063\u91c6\u540950\u57fa\u91d1","0050         \u5143\u5927\u81fa\u706350","00631L       \u5143\u5927\u53f0\u706350\u6b632","00675L       \u5bcc\u90a6\u81fa\u7063\u52a0\u6b0a\u6b632","006208       \u5bcc\u90a6\u53f050","0051         \u5143\u5927\u4e2d\u578b100","006204       \u6c38\u8c50\u81fa\u7063\u52a0\u6b0a","0056         \u5143\u5927\u9ad8\u80a1\u606f","0056         \u5143\u5927\u9ad8\u80a1\u606f_\u80a1\u606f\u4e0d\u6295\u5165","2412         \u4e2d\u83ef\u96fb\u4fe1","2002         \u4e2d\u92fc","2330         \u53f0\u7a4d\u96fb","2317         \u9d3b\u6d77","6505         \u53f0\u5851\u77f3\u5316","3481         \u7fa4\u5275","2303         \u806f\u96fb","2308         \u53f0\u9054\u96fb","2454         \u806f\u767c\u79d1","2886         \u5146\u8c50\u91d1","2884         \u7389\u5c71\u91d1","2891         \u4e2d\u4fe1\u91d1","2892         \u7b2c\u4e00\u91d1","5880         \u5408\u5eab\u91d1","2881         \u5bcc\u90a6\u91d1","2885         \u5143\u5927\u91d1","2887         \u53f0\u65b0\u91d1"],"y":["^TAIEX       \u81fa\u7063\u52a0\u6b0a\u5831\u916c\u6307\u6578","^TWII        \u81fa\u7063\u52a0\u6b0a\u6307\u6578","^TAIEXx2     \u81fa\u7063\u52a0\u6b0a\u5831\u916c\u6307\u6578_\u65e5\u6b632","^TAI50I      \u81fa\u706350\u5831\u916c\u6307\u6578","^TAI50Ix2    \u81fa\u706350\u5831\u916c\u6307\u6578_\u65e5\u6b632","^TAI100I     \u81fa\u7063\u4e2d\u578b100\u5831\u916c\u6307\u6578","^TAI100Ix2   \u81fa\u7063\u4e2d\u578b100\u5831\u916c\u6307\u6578_\u65e5\u6b632","^TAIDIVIDI   \u81fa\u7063\u9ad8\u80a1\u606f\u5831\u916c\u6307\u6578","^TAIDIVIDIx2 \u81fa\u7063\u9ad8\u80a1\u606f\u5831\u916c\u6307\u6578_\u65e5\u6b632","0050Fund     \u5143\u5927\u53f0\u7063\u5353\u8d8a50\u57fa\u91d1","006208Fund   \u5bcc\u90a6\u53f0\u7063\u91c6\u540950\u57fa\u91d1","0050         \u5143\u5927\u81fa\u706350","00631L       \u5143\u5927\u53f0\u706350\u6b632","00675L       \u5bcc\u90a6\u81fa\u7063\u52a0\u6b0a\u6b632","006208       \u5bcc\u90a6\u53f050","0051         \u5143\u5927\u4e2d\u578b100","006204       \u6c38\u8c50\u81fa\u7063\u52a0\u6b0a","0056         \u5143\u5927\u9ad8\u80a1\u606f","0056         \u5143\u5927\u9ad8\u80a1\u606f_\u80a1\u606f\u4e0d\u6295\u5165","2412         \u4e2d\u83ef\u96fb\u4fe1","2002         \u4e2d\u92fc","2330         \u53f0\u7a4d\u96fb","2317         \u9d3b\u6d77","6505         \u53f0\u5851\u77f3\u5316","3481         \u7fa4\u5275","2303         \u806f\u96fb","2308         \u53f0\u9054\u96fb","2454         \u806f\u767c\u79d1","2886         \u5146\u8c50\u91d1","2884         \u7389\u5c71\u91d1","2891         \u4e2d\u4fe1\u91d1","2892         \u7b2c\u4e00\u91d1","5880         \u5408\u5eab\u91d1","2881         \u5bcc\u90a6\u91d1","2885         \u5143\u5927\u91d1","2887         \u53f0\u65b0\u91d1"],"zmin":-1,"zmax":1,"colorbar":{"x":-0.2}}],"layout":{"autotypenumbers":"strict","colorway":["#636efa","#EF553B","#00cc96","#ab63fa","#FFA15A","#19d3f3","#FF6692","#B6E880","#FF97FF","#FECB52"],"font":{"color":"#f2f5fa","family":"Courier New"},"hovermode":"closest","hoverlabel":{"align":"left"},"paper_bgcolor":"rgb(17,17,17)","plot_bgcolor":"rgb(17,17,17)","polar":{"bgcolor":"rgb(17,17,17)","angularaxis":{"gridcolor":"#506784","linecolor":"#506784","ticks":""},"radialaxis":{"gridcolor":"#506784","linecolor":"#506784","ticks":""}},"ternary":{"bgcolor":"rgb(17,17,17)","aaxis":{"gridcolor":"#506784","linecolor":"#506784","ticks":""},"baxis":{"gridcolor":"#506784","linecolor":"#506784","ticks":""},"caxis":{"gridcolor":"#506784","linecolor":"#506784","ticks":""}},"coloraxis":{"colorbar":{"outlinewidth":0,"ticks":""}},"colorscale":{"sequential":[[0.0,"#0d0887"],[0.1111111111111111,"#46039f"],[0.2222222222222222,"#7201a8"],[0.3333333333333333,"#9c179e"],[0.4444444444444444,"#bd3786"],[0.5555555555555556,"#d8576b"],[0.6666666666666666,"#ed7953"],[0.7777777777777778,"#fb9f3a"],[0.8888888888888888,"#fdca26"],[1.0,"#f0f921"]],"sequentialminus":[[0.0,"#0d0887"],[0.1111111111111111,"#46039f"],[0.2222222222222222,"#7201a8"],[0.3333333333333333,"#9c179e"],[0.4444444444444444,"#bd3786"],[0.5555555555555556,"#d8576b"],[0.6666666666666666,"#ed7953"],[0.7777777777777778,"#fb9f3a"],[0.8888888888888888,"#fdca26"],[1.0,"#f0f921"]],"diverging":[[0,"#8e0152"],[0.1,"#c51b7d"],[0.2,"#de77ae"],[0.3,"#f1b6da"],[0.4,"#fde0ef"],[0.5,"#f7f7f7"],[0.6,"#e6f5d0"],[0.7,"#b8e186"],[0.8,"#7fbc41"],[0.9,"#4d9221"],[1,"#276419"]]},"xaxis":{"gridcolor":"rgba(0, 0, 0, 0)","linecolor":"#506784","ticks":"","title":{"standoff":15},"zerolinecolor":"#283442","automargin":true,"zerolinewidth":2,"tickfont":{"family":"Courier New","size":14},"side":"top","tickangle":-90},"yaxis":{"gridcolor":"rgba(0, 0, 0, 0)","linecolor":"#506784","ticks":"","title":{"standoff":15},"zerolinecolor":"#283442","automargin":true,"zerolinewidth":2,"tickfont":{"family":"Courier New"},"side":"right"},"scene":{"xaxis":{"backgroundcolor":"rgb(17,17,17)","gridcolor":"#506784","linecolor":"#506784","showbackground":true,"ticks":"","zerolinecolor":"#C8D4E3","gridwidth":2},"yaxis":{"backgroundcolor":"rgb(17,17,17)","gridcolor":"#506784","linecolor":"#506784","showbackground":true,"ticks":"","zerolinecolor":"#C8D4E3","gridwidth":2},"zaxis":{"backgroundcolor":"rgb(17,17,17)","gridcolor":"#506784","linecolor":"#506784","showbackground":true,"ticks":"","zerolinecolor":"#C8D4E3","gridwidth":2}},"shapedefaults":{"line":{"color":"#f2f5fa"}},"annotationdefaults":{"arrowcolor":"#f2f5fa","arrowhead":0,"arrowwidth":1},"geo":{"bgcolor":"rgb(17,17,17)","landcolor":"rgb(17,17,17)","subunitcolor":"#506784","showland":true,"showlakes":true,"lakecolor":"rgb(17,17,17)"},"title":{"x":0.05,"font":{"family":"Times New Roman"},"y":0.05,"text":"<b>Correlation of Close<b><br><i>2016-09-23 ~ 2026-05-08<i>"},"updatemenudefaults":{"bgcolor":"#506784","borderwidth":0},"sliderdefaults":{"bgcolor":"#C8D4E3","borderwidth":1,"bordercolor":"rgb(17,17,17)","tickwidth":0},"mapbox":{"style":"dark"},"annotations":[{"text":"<b>@zwindr<b>","textangle":0,"opacity":0.5,"font":{"color":"white","size":12},"xref":"paper","yref":"paper","xanchor":"left","yanchor":"bottom","x":1.0,"y":1.0,"showarrow":false}]},"config":{"responsive":true,"toImageButtonOptions":{"filename":"Correlation of Close_2016-09-23~2026-05-08","scale":5}}};Plotly.newPlot("correlationClose",correlationClose.data,correlationClose.layout||{},correlationClose.config);}else{console.log("style display is none => correlationClose");}