var element=document.getElementById("correlationClose");if(element.style.display!='none'){var correlationClose={"data":[{"type":"heatmap","z":[[1.0,0.9999999999999981,1.0,0.9951469019123982,0.9951469019123982,0.9664295956499318,0.9664295956499318,0.9067503688139473,0.9067503688139473,0.8364510852285613,0.9945113096058513,0.7982955194482627,0.9925937725240065,0.9927398126588939,0.9945578030765695,0.9745981682843039,0.9990735312160136,0.9189614513536106,0.9189614513536106,0.782747785024487,-0.14289647578514766,0.9782750720336407,0.1669480945700954,-0.10253757961319324,-0.2513330903963606,0.8143871851224357,0.9069261470797905,0.9148028414095023,0.9257020429996622,0.7811044676521726,0.560523661884938,0.6373822779496651,0.6300734885045117,0.9340446767086932,0.8345043791294856,0.19171771927193798],[0.9999999999999981,1.0,0.9999999999999983,0.9951149777828422,0.9951149777828422,0.9658987176161162,0.9658987176161162,0.9076986310421794,0.9076986310421794,0.8378620709262622,0.9945046414176333,0.7984536442288768,0.9923144561893319,0.9922342008232949,0.9945594290345142,0.9740368004035435,0.9990748790809143,0.9191276011824496,0.9191276011824496,0.8012838546725563,0.06870162617838657,0.9701981800918589,-0.040128316919562104,-0.09517459244789384,-0.25163085520858713,0.6479742076314717,0.9079687851182184,0.8905270621038809,0.9203634575871698,0.7917765333861089,0.5523452525991436,0.6345985967630997,0.6557682727023355,0.9317934336245084,0.6919834990463548,0.1886799959034579],[1.0,0.9999999999999983,1.0,0.9951469019123982,0.9951469019123982,0.9664295956499318,0.9664295956499318,0.9067503688139473,0.9067503688139473,0.8364510852285613,0.9945113096058513,0.7982955194482627,0.9925937725240065,0.9927398126588939,0.9945578030765695,0.9745981682843039,0.9990735312160136,0.9189614513536106,0.9189614513536106,0.782747785024487,-0.14289647578514766,0.9782750720336407,0.1669480945700954,-0.10253757961319324,-0.2513330903963606,0.8143871851224357,0.9069261470797905,0.9148028414095023,0.9257020429996622,0.7811044676521726,0.560523661884938,0.6373822779496651,0.6300734885045117,0.9340446767086932,0.8345043791294856,0.19171771927193798],[0.9951469019123982,0.9951149777828422,0.9951469019123982,1.0,1.0,0.953243023272543,0.953243023272543,0.8911461444308022,0.8911461444308022,0.8119002194718662,0.9995398521313289,0.7719320526077299,0.9911253635575353,0.9882033402713832,0.9995004227052675,0.957148579823978,0.9948123169242921,0.8946868246048334,0.8946868246048334,0.7575478558482286,-0.15093445657361823,0.9906140689873417,0.19373008767355476,-0.1385048842363497,-0.25171918001947213,0.805366943149058,0.9183568584785466,0.9160980915773694,0.9101053805649754,0.7861080917216074,0.5891881362759771,0.6303254388863567,0.5998916005155227,0.9243545796358359,0.8241206594510206,0.20371737299518153],[0.9951469019123982,0.9951149777828422,0.9951469019123982,1.0,1.0,0.953243023272543,0.953243023272543,0.8911461444308022,0.8911461444308022,0.8119002194718662,0.9995398521313289,0.7719320526077299,0.9911253635575353,0.9882033402713832,0.9995004227052675,0.957148579823978,0.9948123169242921,0.8946868246048334,0.8946868246048334,0.7575478558482286,-0.15093445657361823,0.9906140689873417,0.19373008767355476,-0.1385048842363497,-0.25171918001947213,0.805366943149058,0.9183568584785466,0.9160980915773694,0.9101053805649754,0.7861080917216074,0.5891881362759771,0.6303254388863567,0.5998916005155227,0.9243545796358359,0.8241206594510206,0.20371737299518153],[0.9664295956499318,0.9658987176161162,0.9664295956499318,0.953243023272543,0.953243023272543,1.0,1.0,0.9318464990560352,0.9318464990560352,0.8073963935336866,0.9527737666249497,0.7926282505688099,0.9701852757478274,0.9676638120304653,0.9526339002885993,0.9990863887451427,0.9742909006111948,0.9189208639336923,0.9189208639336923,0.6464517608687395,-0.09161616580593487,0.9386235200241538,0.3229510253243502,-0.28644108846965943,-0.11949711072689197,0.8834313061064645,0.8590002468850954,0.9326431066535461,0.90034690144103,0.7457144531093126,0.7510022010030362,0.7399457891595287,0.7050226088320799,0.863532711655963,0.8653432132383694,0.4712570312036669],[0.9664295956499318,0.9658987176161162,0.9664295956499318,0.953243023272543,0.953243023272543,1.0,1.0,0.9318464990560352,0.9318464990560352,0.8073963935336866,0.9527737666249497,0.7926282505688099,0.9701852757478274,0.9676638120304653,0.9526339002885993,0.9990863887451427,0.9742909006111948,0.9189208639336923,0.9189208639336923,0.6464517608687395,-0.09161616580593487,0.9386235200241538,0.3229510253243502,-0.28644108846965943,-0.11949711072689197,0.8834313061064645,0.8590002468850954,0.9326431066535461,0.90034690144103,0.7457144531093126,0.7510022010030362,0.7399457891595287,0.7050226088320799,0.863532711655963,0.8653432132383694,0.4712570312036669],[0.9067503688139473,0.9076986310421794,0.9067503688139473,0.8911461444308022,0.8911461444308022,0.9318464990560352,0.9318464990560352,1.0,1.0,0.7552730750249786,0.9377492431405238,0.7732263932279136,0.9413491041203036,0.9361002549237137,0.9376379799253909,0.932907963388574,0.9450193399472436,0.9712304882792143,0.9712304882792143,0.5894257591251965,0.029215298222832902,0.8531452536760435,0.5535399908047042,-0.31238990960320506,0.01554571540637219,0.7873552262613608,0.7582711567548354,0.8757625383892351,0.8536239810952381,0.758790715049752,0.8805426356533377,0.7825382397453009,0.7164071027109437,0.7956808940865238,0.8521408251019947,0.8038741647760507],[0.9067503688139473,0.9076986310421794,0.9067503688139473,0.8911461444308022,0.8911461444308022,0.9318464990560352,0.9318464990560352,1.0,1.0,0.7552730750249786,0.9377492431405238,0.7732263932279136,0.9413491041203036,0.9361002549237137,0.9376379799253909,0.932907963388574,0.9450193399472436,0.9712304882792143,0.9712304882792143,0.5894257591251965,0.029215298222832902,0.8531452536760435,0.5535399908047042,-0.31238990960320506,0.01554571540637219,0.7873552262613608,0.7582711567548354,0.8757625383892351,0.8536239810952381,0.758790715049752,0.8805426356533377,0.7825382397453009,0.7164071027109437,0.7956808940865238,0.8521408251019947,0.8038741647760507],[0.8364510852285613,0.8378620709262622,0.8364510852285613,0.8119002194718662,0.8119002194718662,0.8073963935336866,0.8073963935336866,0.7552730750249786,0.7552730750249786,1.0,0.7078486953561227,0.9999698546696529,0.6463522095635343,0.5620718256463071,0.7095907627824829,0.8028563335574497,0.7595458727196974,0.8281967828847966,0.8281967828847966,0.6999091527549924,-0.1010397636259346,0.785500140416515,0.04025717343359577,0.047012861931484656,-0.24380913990071232,0.7936800480209228,0.5858580855271508,0.7781174175632191,0.824319009469863,0.6943942173809043,0.3699690898333569,0.5374637353879216,0.5669270357719775,0.8091460148202659,0.6760758976050696,0.17410217780131812],[0.9945113096058513,0.9945046414176333,0.9945113096058513,0.9995398521313289,0.9995398521313289,0.9527737666249497,0.9527737666249497,0.9377492431405238,0.9377492431405238,0.7078486953561227,1.0,0.7077471243682576,0.9908695415370218,0.9882669631014825,0.9999276441931712,0.9526546323767558,0.9937876232233614,0.9061465364706228,0.9061465364706228,0.853612944398536,0.020471878159674578,0.9964792259730204,0.8872106350357696,-0.5072330786928038,0.33831660827593707,0.8225931693686219,0.8821647475457723,0.9350703280520529,0.9042799982866143,0.8093578564180118,0.9146508590860813,0.867245436652828,0.7768306860331291,0.903474418208278,0.9430975077365716,0.7783524078244544],[0.7982955194482627,0.7984536442288768,0.7982955194482627,0.7719320526077299,0.7719320526077299,0.7926282505688099,0.7926282505688099,0.7732263932279136,0.7732263932279136,0.9999698546696529,0.7077471243682576,1.0,0.6443160230880094,0.5594536751946863,0.7080554687910137,0.7946738983442185,0.7581706612215643,0.8246706728788489,0.8246706728788489,0.6626627709338362,0.02540553629614802,0.74714753075113,0.4485123463008703,-0.17626508216910758,-0.23132590835889813,0.8267572368604141,0.4937636470563626,0.7547165471694938,0.7986522741424404,0.7224300920689889,0.6119355530686391,0.718472394669735,0.688305916248058,0.7708507782701851,0.6709872026532815,0.6881601349129638],[0.9925937725240065,0.9923144561893319,0.9925937725240065,0.9911253635575353,0.9911253635575353,0.9701852757478274,0.9701852757478274,0.9413491041203036,0.9413491041203036,0.6463522095635343,0.9908695415370218,0.6443160230880094,1.0,0.9997674942109954,0.9908641806070106,0.968185791302344,0.9904368603466254,0.8956820904914363,0.8956820904914363,0.8322068794946216,0.04789697368940867,0.9890772401230349,0.9075301981042527,-0.6637310871915914,0.40483949211065146,0.79399076827626,0.8897143828021313,0.9433635654597982,0.8947975837659179,0.7436848142598134,0.9146818373350213,0.8452495843499906,0.756747232552031,0.8879013435190831,0.956369804667231,0.8055376012662772],[0.9927398126588939,0.9922342008232949,0.9927398126588939,0.9882033402713832,0.9882033402713832,0.9676638120304653,0.9676638120304653,0.9361002549237137,0.9361002549237137,0.5620718256463071,0.9882669631014825,0.5594536751946863,0.9997674942109954,1.0,0.988413433287457,0.9648804940817761,0.9896261584846481,0.880293283503696,0.880293283503696,0.8534962239175469,-0.07804682759339177,0.9849653398205647,0.9155785280957178,-0.8380562060504102,0.4411405097030496,0.7427444911006129,0.8945347130613585,0.936990042614535,0.880640596519938,0.674306463009294,0.9228309062713047,0.8357655668743738,0.6988485297857956,0.9127794801526772,0.9569708396027067,0.7743303169596442],[0.9945578030765695,0.9945594290345142,0.9945578030765695,0.9995004227052675,0.9995004227052675,0.9526339002885993,0.9526339002885993,0.9376379799253909,0.9376379799253909,0.7095907627824829,0.9999276441931712,0.7080554687910137,0.9908641806070106,0.988413433287457,1.0,0.9526486222495784,0.9938557068467746,0.9065220145594226,0.9065220145594226,0.8544674102858334,0.019671015712458828,0.9963589040038329,0.8868050742288532,-0.5047233272262874,0.3374224332621856,0.8228251777649226,0.8806935181034665,0.9342772081732811,0.90471853321362,0.8105397929700305,0.9142426896092429,0.8681834676035693,0.7778014817072203,0.9035163888850245,0.94314530517025,0.7789369471231045],[0.9745981682843039,0.9740368004035435,0.9745981682843039,0.957148579823978,0.957148579823978,0.9990863887451427,0.9990863887451427,0.932907963388574,0.932907963388574,0.8028563335574497,0.9526546323767558,0.7946738983442185,0.968185791302344,0.9648804940817761,0.9526486222495784,1.0,0.9753708223200207,0.9188793747158809,0.9188793747158809,0.6947708260467876,-0.0764281150469993,0.9462403260955541,0.6459928899988949,-0.41868864135519696,-0.16762510984695742,0.8948527664099644,0.8543822264761666,0.9286078661614706,0.9075336039567382,0.7824613763627836,0.8579102745358693,0.7870474534138959,0.7614237119638938,0.8853997710920312,0.8628211191282348,0.7915012695835865],[0.9990735312160136,0.9990748790809143,0.9990735312160136,0.9948123169242921,0.9948123169242921,0.9742909006111948,0.9742909006111948,0.9450193399472436,0.9450193399472436,0.7595458727196974,0.9937876232233614,0.7581706612215643,0.9904368603466254,0.9896261584846481,0.9938557068467746,0.9753708223200207,1.0,0.9312058676480779,0.9312058676480779,0.8630670860240675,0.033429767305073355,0.9873007498162659,0.855085084258178,-0.48609579771246636,0.3565188091481205,0.8681369663225162,0.8741255843793816,0.9454753921861772,0.9330496666611872,0.8315953486546868,0.903202734029646,0.8981474098515457,0.8182134076056237,0.9171018694138622,0.9521770277313923,0.8348036625900697],[0.9189614513536106,0.9191276011824496,0.9189614513536106,0.8946868246048334,0.8946868246048334,0.9189208639336923,0.9189208639336923,0.9712304882792143,0.9712304882792143,0.8281967828847966,0.9061465364706228,0.8246706728788489,0.8956820904914363,0.880293283503696,0.9065220145594226,0.9188793747158809,0.9312058676480779,1.0,1.0,0.7433507728473294,-0.0333628058807135,0.8582675005243964,0.5515578448624573,-0.19838901980919452,-0.20742505494544594,0.8279747875840857,0.7336052284659522,0.8386114607057318,0.9174806826685262,0.8394413688043078,0.8011193710217245,0.7577500779526702,0.7065838620477362,0.8467166135211912,0.7801562050741123,0.8528134863025577],[0.9189614513536106,0.9191276011824496,0.9189614513536106,0.8946868246048334,0.8946868246048334,0.9189208639336923,0.9189208639336923,0.9712304882792143,0.9712304882792143,0.8281967828847966,0.9061465364706228,0.8246706728788489,0.8956820904914363,0.880293283503696,0.9065220145594226,0.9188793747158809,0.9312058676480779,1.0,1.0,0.7433507728473294,-0.0333628058807135,0.8582675005243964,0.5515578448624573,-0.19838901980919452,-0.20742505494544594,0.8279747875840857,0.7336052284659522,0.8386114607057318,0.9174806826685262,0.8394413688043078,0.8011193710217245,0.7577500779526702,0.7065838620477362,0.8467166135211912,0.7801562050741123,0.8528134863025577],[0.782747785024487,0.8012838546725563,0.782747785024487,0.7575478558482286,0.7575478558482286,0.6464517608687395,0.6464517608687395,0.5894257591251965,0.5894257591251965,0.6999091527549924,0.853612944398536,0.6626627709338362,0.8322068794946216,0.8534962239175469,0.8544674102858334,0.6947708260467876,0.8630670860240675,0.7433507728473294,0.7433507728473294,1.0,0.03385296488619523,0.7190678877650128,-0.36362790599806033,0.31613730292289816,-0.6565693225793178,0.3556473293802726,0.7074294110831002,0.5129227035417134,0.8367837883310023,0.6957776444740281,0.11440361700881305,0.3121062594590705,0.5670639827423134,0.7837068545207079,0.4815498377571357,-0.14848360413672734],[-0.14289647578514766,0.06870162617838657,-0.14289647578514766,-0.15093445657361823,-0.15093445657361823,-0.09161616580593487,-0.09161616580593487,0.029215298222832902,0.029215298222832902,-0.1010397636259346,0.020471878159674578,0.02540553629614802,0.04789697368940867,-0.07804682759339177,0.019671015712458828,-0.0764281150469993,0.033429767305073355,-0.0333628058807135,-0.0333628058807135,0.03385296488619523,1.0,-0.09688237784437674,0.1052018912535233,0.15639705301382972,0.7486337899159017,-0.09308559760126275,-0.04758966043487495,-0.014497273540396911,0.15967365559695426,-0.0011588443587196467,0.0480388286255964,0.33053199299591063,0.5669330413086873,-0.12296148466503071,0.10477913421360568,0.15666440435978707],[0.9782750720336407,0.9701981800918589,0.9782750720336407,0.9906140689873417,0.9906140689873417,0.9386235200241538,0.9386235200241538,0.8531452536760435,0.8531452536760435,0.785500140416515,0.9964792259730204,0.74714753075113,0.9890772401230349,0.9849653398205647,0.9963589040038329,0.9462403260955541,0.9873007498162659,0.8582675005243964,0.8582675005243964,0.7190678877650128,-0.09688237784437674,1.0,0.10183970950321501,-0.19650394621004344,-0.30196025338500776,0.6685122094898507,0.9182797870745041,0.8994939548671113,0.8538334501135981,0.7543286790458436,0.5895289808225347,0.5967474544477778,0.5297973975939398,0.9031260163716528,0.6700044268579388,0.18435444366417422],[0.1669480945700954,-0.040128316919562104,0.1669480945700954,0.19373008767355476,0.19373008767355476,0.3229510253243502,0.3229510253243502,0.5535399908047042,0.5535399908047042,0.04025717343359577,0.8872106350357696,0.4485123463008703,0.9075301981042527,0.9155785280957178,0.8868050742288532,0.6459928899988949,0.855085084258178,0.5515578448624573,0.5515578448624573,-0.36362790599806033,0.1052018912535233,0.10183970950321501,1.0,-0.45931470199980795,0.7157432798800456,0.3816199091482359,0.11574626014607825,0.31764796888408237,-0.09082027340758253,0.08215817577588627,0.5993813967610787,0.48038653255331726,0.20087704947718088,0.010551080610109452,0.39537354803218794,0.46957654883996885],[-0.10253757961319324,-0.09517459244789384,-0.10253757961319324,-0.1385048842363497,-0.1385048842363497,-0.28644108846965943,-0.28644108846965943,-0.31238990960320506,-0.31238990960320506,0.047012861931484656,-0.5072330786928038,-0.17626508216910758,-0.6637310871915914,-0.8380562060504102,-0.5047233272262874,-0.41868864135519696,-0.48609579771246636,-0.19838901980919452,-0.19838901980919452,0.31613730292289816,0.15639705301382972,-0.19650394621004344,-0.45931470199980795,1.0,-0.027808213824630657,-0.16584456722459007,-0.19226339316780222,-0.30470121306124176,-0.046583609312807917,-0.07692538808719665,-0.5693363259695047,-0.20249282565819066,-0.02543596270686665,-0.04798967639091852,-0.22195842116667844,-0.4088226470469658],[-0.2513330903963606,-0.25163085520858713,-0.2513330903963606,-0.25171918001947213,-0.25171918001947213,-0.11949711072689197,-0.11949711072689197,0.01554571540637219,0.01554571540637219,-0.24380913990071232,0.33831660827593707,-0.23132590835889813,0.40483949211065146,0.4411405097030496,0.3374224332621856,-0.16762510984695742,0.3565188091481205,-0.20742505494544594,-0.20742505494544594,-0.6565693225793178,0.7486337899159017,-0.30196025338500776,0.7157432798800456,-0.027808213824630657,1.0,-0.10694184005737897,-0.24573324534678978,-0.06675797739185235,-0.35132433095379784,-0.3295531287348289,0.07001391508375797,0.16087363497337734,0.2628852780357862,-0.3789599767496967,0.1123434741557795,0.09177875633516819],[0.8143871851224357,0.6479742076314717,0.8143871851224357,0.805366943149058,0.805366943149058,0.8834313061064645,0.8834313061064645,0.7873552262613608,0.7873552262613608,0.7936800480209228,0.8225931693686219,0.8267572368604141,0.79399076827626,0.7427444911006129,0.8228251777649226,0.8948527664099644,0.8681369663225162,0.8279747875840857,0.8279747875840857,0.3556473293802726,-0.09308559760126275,0.6685122094898507,0.3816199091482359,-0.16584456722459007,-0.10694184005737897,1.0,0.5454948176752317,0.8390754425548613,0.49702712772063545,0.6290746759383087,0.5501371433540565,0.6589663307027707,0.42615042980289536,0.7058275770481566,0.7045588287129512,0.41836868998498905],[0.9069261470797905,0.9079687851182184,0.9069261470797905,0.9183568584785466,0.9183568584785466,0.8590002468850954,0.8590002468850954,0.7582711567548354,0.7582711567548354,0.5858580855271508,0.8821647475457723,0.4937636470563626,0.8897143828021313,0.8945347130613585,0.8806935181034665,0.8543822264761666,0.8741255843793816,0.7336052284659522,0.7336052284659522,0.7074294110831002,-0.04758966043487495,0.9182797870745041,0.11574626014607825,-0.19226339316780222,-0.24573324534678978,0.5454948176752317,1.0,0.7998517075877467,0.7827696566696074,0.6654660208495573,0.49547094576767425,0.5033778114017583,0.5172441045200908,0.8414769116875089,0.6267462365126173,0.10755269926284206],[0.9148028414095023,0.8905270621038809,0.9148028414095023,0.9160980915773694,0.9160980915773694,0.9326431066535461,0.9326431066535461,0.8757625383892351,0.8757625383892351,0.7781174175632191,0.9350703280520529,0.7547165471694938,0.9433635654597982,0.936990042614535,0.9342772081732811,0.9286078661614706,0.9454753921861772,0.8386114607057318,0.8386114607057318,0.5129227035417134,-0.014497273540396911,0.8994939548671113,0.31764796888408237,-0.30470121306124176,-0.06675797739185235,0.8390754425548613,0.7998517075877467,1.0,0.7554154055437441,0.614922361249145,0.6029991998551615,0.6050878644777606,0.5349123155256423,0.8216275559154648,0.8361753949100246,0.2233226102283352],[0.9257020429996622,0.9203634575871698,0.9257020429996622,0.9101053805649754,0.9101053805649754,0.90034690144103,0.90034690144103,0.8536239810952381,0.8536239810952381,0.824319009469863,0.9042799982866143,0.7986522741424404,0.8947975837659179,0.880640596519938,0.90471853321362,0.9075336039567382,0.9330496666611872,0.9174806826685262,0.9174806826685262,0.8367837883310023,0.15967365559695426,0.8538334501135981,-0.09082027340758253,-0.046583609312807917,-0.35132433095379784,0.49702712772063545,0.7827696566696074,0.7554154055437441,1.0,0.9072194755056369,0.5508676210520596,0.6902752383276204,0.6671673036055322,0.8801794381140692,0.5125637075074703,0.3017841235600747],[0.7811044676521726,0.7917765333861089,0.7811044676521726,0.7861080917216074,0.7861080917216074,0.7457144531093126,0.7457144531093126,0.758790715049752,0.758790715049752,0.6943942173809043,0.8093578564180118,0.7224300920689889,0.7436848142598134,0.674306463009294,0.8105397929700305,0.7824613763627836,0.8315953486546868,0.8394413688043078,0.8394413688043078,0.6957776444740281,-0.0011588443587196467,0.7543286790458436,0.08215817577588627,-0.07692538808719665,-0.3295531287348289,0.6290746759383087,0.6654660208495573,0.614922361249145,0.9072194755056369,1.0,0.5839955169919131,0.6724000060374892,0.6111095958518324,0.7340318855872109,0.5898021946042388,0.47499049558658213],[0.560523661884938,0.5523452525991436,0.560523661884938,0.5891881362759771,0.5891881362759771,0.7510022010030362,0.7510022010030362,0.8805426356533377,0.8805426356533377,0.3699690898333569,0.9146508590860813,0.6119355530686391,0.9146818373350213,0.9228309062713047,0.9142426896092429,0.8579102745358693,0.903202734029646,0.8011193710217245,0.8011193710217245,0.11440361700881305,0.0480388286255964,0.5895289808225347,0.5993813967610787,-0.5693363259695047,0.07001391508375797,0.5501371433540565,0.49547094576767425,0.6029991998551615,0.5508676210520596,0.5839955169919131,1.0,0.7466017851850882,0.38524101877682826,0.5056890921778769,0.5878896759468116,0.7572670611165868],[0.6373822779496651,0.6345985967630997,0.6373822779496651,0.6303254388863567,0.6303254388863567,0.7399457891595287,0.7399457891595287,0.7825382397453009,0.7825382397453009,0.5374637353879216,0.867245436652828,0.718472394669735,0.8452495843499906,0.8357655668743738,0.8681834676035693,0.7870474534138959,0.8981474098515457,0.7577500779526702,0.7577500779526702,0.3121062594590705,0.33053199299591063,0.5967474544477778,0.48038653255331726,-0.20249282565819066,0.16087363497337734,0.6589663307027707,0.5033778114017583,0.6050878644777606,0.6902752383276204,0.6724000060374892,0.7466017851850882,1.0,0.7791450562684672,0.5028984368314546,0.7314755352667034,0.5508912365359347],[0.6300734885045117,0.6557682727023355,0.6300734885045117,0.5998916005155227,0.5998916005155227,0.7050226088320799,0.7050226088320799,0.7164071027109437,0.7164071027109437,0.5669270357719775,0.7768306860331291,0.688305916248058,0.756747232552031,0.6988485297857956,0.7778014817072203,0.7614237119638938,0.8182134076056237,0.7065838620477362,0.7065838620477362,0.5670639827423134,0.5669330413086873,0.5297973975939398,0.20087704947718088,-0.02543596270686665,0.2628852780357862,0.42615042980289536,0.5172441045200908,0.5349123155256423,0.6671673036055322,0.6111095958518324,0.38524101877682826,0.7791450562684672,1.0,0.49425502297601476,0.6661522211422127,0.20360200907535383],[0.9340446767086932,0.9317934336245084,0.9340446767086932,0.9243545796358359,0.9243545796358359,0.863532711655963,0.863532711655963,0.7956808940865238,0.7956808940865238,0.8091460148202659,0.903474418208278,0.7708507782701851,0.8879013435190831,0.9127794801526772,0.9035163888850245,0.8853997710920312,0.9171018694138622,0.8467166135211912,0.8467166135211912,0.7837068545207079,-0.12296148466503071,0.9031260163716528,0.010551080610109452,-0.04798967639091852,-0.3789599767496967,0.7058275770481566,0.8414769116875089,0.8216275559154648,0.8801794381140692,0.7340318855872109,0.5056890921778769,0.5028984368314546,0.49425502297601476,1.0,0.7380593777428,0.17786037530410764],[0.8345043791294856,0.6919834990463548,0.8345043791294856,0.8241206594510206,0.8241206594510206,0.8653432132383694,0.8653432132383694,0.8521408251019947,0.8521408251019947,0.6760758976050696,0.9430975077365716,0.6709872026532815,0.956369804667231,0.9569708396027067,0.94314530517025,0.8628211191282348,0.9521770277313923,0.7801562050741123,0.7801562050741123,0.4815498377571357,0.10477913421360568,0.6700044268579388,0.39537354803218794,-0.22195842116667844,0.1123434741557795,0.7045588287129512,0.6267462365126173,0.8361753949100246,0.5125637075074703,0.5898021946042388,0.5878896759468116,0.7314755352667034,0.6661522211422127,0.7380593777428,1.0,0.18660535298722847],[0.19171771927193798,0.1886799959034579,0.19171771927193798,0.20371737299518153,0.20371737299518153,0.4712570312036669,0.4712570312036669,0.8038741647760507,0.8038741647760507,0.17410217780131812,0.7783524078244544,0.6881601349129638,0.8055376012662772,0.7743303169596442,0.7789369471231045,0.7915012695835865,0.8348036625900697,0.8528134863025577,0.8528134863025577,-0.14848360413672734,0.15666440435978707,0.18435444366417422,0.46957654883996885,-0.4088226470469658,0.09177875633516819,0.41836868998498905,0.10755269926284206,0.2233226102283352,0.3017841235600747,0.47499049558658213,0.7572670611165868,0.5508912365359347,0.20360200907535383,0.17786037530410764,0.18660535298722847,1.0]],"x":["^TAIEX       \u81fa\u7063\u52a0\u6b0a\u5831\u916c\u6307\u6578","^TWII        \u81fa\u7063\u52a0\u6b0a\u6307\u6578","^TAIEXx2     \u81fa\u7063\u52a0\u6b0a\u5831\u916c\u6307\u6578_\u65e5\u6b632","^TAI50I      \u81fa\u706350\u5831\u916c\u6307\u6578","^TAI50Ix2    \u81fa\u706350\u5831\u916c\u6307\u6578_\u65e5\u6b632","^TAI100I     \u81fa\u7063\u4e2d\u578b100\u5831\u916c\u6307\u6578","^TAI100Ix2   \u81fa\u7063\u4e2d\u578b100\u5831\u916c\u6307\u6578_\u65e5\u6b632","^TAIDIVIDI   \u81fa\u7063\u9ad8\u80a1\u606f\u5831\u916c\u6307\u6578","^TAIDIVIDIx2 \u81fa\u7063\u9ad8\u80a1\u606f\u5831\u916c\u6307\u6578_\u65e5\u6b632","0050Fund     \u5143\u5927\u53f0\u7063\u5353\u8d8a50\u57fa\u91d1","006208Fund   \u5bcc\u90a6\u53f0\u7063\u91c6\u540950\u57fa\u91d1","0050         \u5143\u5927\u81fa\u706350","00631L       \u5143\u5927\u53f0\u706350\u6b632","00675L       \u5bcc\u90a6\u81fa\u7063\u52a0\u6b0a\u6b632","006208       \u5bcc\u90a6\u53f050","0051         \u5143\u5927\u4e2d\u578b100","006204       \u6c38\u8c50\u81fa\u7063\u52a0\u6b0a","0056         \u5143\u5927\u9ad8\u80a1\u606f","0056         \u5143\u5927\u9ad8\u80a1\u606f_\u80a1\u606f\u4e0d\u6295\u5165","2412         \u4e2d\u83ef\u96fb\u4fe1","2002         \u4e2d\u92fc","2330         \u53f0\u7a4d\u96fb","2317         \u9d3b\u6d77","6505         \u53f0\u5851\u77f3\u5316","3481         \u7fa4\u5275","2303         \u806f\u96fb","2308         \u53f0\u9054\u96fb","2454         \u806f\u767c\u79d1","2886         \u5146\u8c50\u91d1","2884         \u7389\u5c71\u91d1","2891         \u4e2d\u4fe1\u91d1","2892         \u7b2c\u4e00\u91d1","5880         \u5408\u5eab\u91d1","2881         \u5bcc\u90a6\u91d1","2885         \u5143\u5927\u91d1","2887         \u53f0\u65b0\u91d1"],"y":["^TAIEX       \u81fa\u7063\u52a0\u6b0a\u5831\u916c\u6307\u6578","^TWII        \u81fa\u7063\u52a0\u6b0a\u6307\u6578","^TAIEXx2     \u81fa\u7063\u52a0\u6b0a\u5831\u916c\u6307\u6578_\u65e5\u6b632","^TAI50I      \u81fa\u706350\u5831\u916c\u6307\u6578","^TAI50Ix2    \u81fa\u706350\u5831\u916c\u6307\u6578_\u65e5\u6b632","^TAI100I     \u81fa\u7063\u4e2d\u578b100\u5831\u916c\u6307\u6578","^TAI100Ix2   \u81fa\u7063\u4e2d\u578b100\u5831\u916c\u6307\u6578_\u65e5\u6b632","^TAIDIVIDI   \u81fa\u7063\u9ad8\u80a1\u606f\u5831\u916c\u6307\u6578","^TAIDIVIDIx2 \u81fa\u7063\u9ad8\u80a1\u606f\u5831\u916c\u6307\u6578_\u65e5\u6b632","0050Fund     \u5143\u5927\u53f0\u7063\u5353\u8d8a50\u57fa\u91d1","006208Fund   \u5bcc\u90a6\u53f0\u7063\u91c6\u540950\u57fa\u91d1","0050         \u5143\u5927\u81fa\u706350","00631L       \u5143\u5927\u53f0\u706350\u6b632","00675L       \u5bcc\u90a6\u81fa\u7063\u52a0\u6b0a\u6b632","006208       \u5bcc\u90a6\u53f050","0051         \u5143\u5927\u4e2d\u578b100","006204       \u6c38\u8c50\u81fa\u7063\u52a0\u6b0a","0056         \u5143\u5927\u9ad8\u80a1\u606f","0056         \u5143\u5927\u9ad8\u80a1\u606f_\u80a1\u606f\u4e0d\u6295\u5165","2412         \u4e2d\u83ef\u96fb\u4fe1","2002         \u4e2d\u92fc","2330         \u53f0\u7a4d\u96fb","2317         \u9d3b\u6d77","6505         \u53f0\u5851\u77f3\u5316","3481         \u7fa4\u5275","2303         \u806f\u96fb","2308         \u53f0\u9054\u96fb","2454         \u806f\u767c\u79d1","2886         \u5146\u8c50\u91d1","2884         \u7389\u5c71\u91d1","2891         \u4e2d\u4fe1\u91d1","2892         \u7b2c\u4e00\u91d1","5880         \u5408\u5eab\u91d1","2881         \u5bcc\u90a6\u91d1","2885         \u5143\u5927\u91d1","2887         \u53f0\u65b0\u91d1"],"zmin":-1,"zmax":1,"colorbar":{"x":-0.2}}],"layout":{"autotypenumbers":"strict","colorway":["#636efa","#EF553B","#00cc96","#ab63fa","#FFA15A","#19d3f3","#FF6692","#B6E880","#FF97FF","#FECB52"],"font":{"color":"#f2f5fa","family":"Courier New"},"hovermode":"closest","hoverlabel":{"align":"left"},"paper_bgcolor":"rgb(17,17,17)","plot_bgcolor":"rgb(17,17,17)","polar":{"bgcolor":"rgb(17,17,17)","angularaxis":{"gridcolor":"#506784","linecolor":"#506784","ticks":""},"radialaxis":{"gridcolor":"#506784","linecolor":"#506784","ticks":""}},"ternary":{"bgcolor":"rgb(17,17,17)","aaxis":{"gridcolor":"#506784","linecolor":"#506784","ticks":""},"baxis":{"gridcolor":"#506784","linecolor":"#506784","ticks":""},"caxis":{"gridcolor":"#506784","linecolor":"#506784","ticks":""}},"coloraxis":{"colorbar":{"outlinewidth":0,"ticks":""}},"colorscale":{"sequential":[[0.0,"#0d0887"],[0.1111111111111111,"#46039f"],[0.2222222222222222,"#7201a8"],[0.3333333333333333,"#9c179e"],[0.4444444444444444,"#bd3786"],[0.5555555555555556,"#d8576b"],[0.6666666666666666,"#ed7953"],[0.7777777777777778,"#fb9f3a"],[0.8888888888888888,"#fdca26"],[1.0,"#f0f921"]],"sequentialminus":[[0.0,"#0d0887"],[0.1111111111111111,"#46039f"],[0.2222222222222222,"#7201a8"],[0.3333333333333333,"#9c179e"],[0.4444444444444444,"#bd3786"],[0.5555555555555556,"#d8576b"],[0.6666666666666666,"#ed7953"],[0.7777777777777778,"#fb9f3a"],[0.8888888888888888,"#fdca26"],[1.0,"#f0f921"]],"diverging":[[0,"#8e0152"],[0.1,"#c51b7d"],[0.2,"#de77ae"],[0.3,"#f1b6da"],[0.4,"#fde0ef"],[0.5,"#f7f7f7"],[0.6,"#e6f5d0"],[0.7,"#b8e186"],[0.8,"#7fbc41"],[0.9,"#4d9221"],[1,"#276419"]]},"xaxis":{"gridcolor":"rgba(0, 0, 0, 0)","linecolor":"#506784","ticks":"","title":{"standoff":15},"zerolinecolor":"#283442","automargin":true,"zerolinewidth":2,"tickfont":{"family":"Courier New","size":14},"side":"top","tickangle":-90},"yaxis":{"gridcolor":"rgba(0, 0, 0, 0)","linecolor":"#506784","ticks":"","title":{"standoff":15},"zerolinecolor":"#283442","automargin":true,"zerolinewidth":2,"tickfont":{"family":"Courier New"},"side":"right"},"scene":{"xaxis":{"backgroundcolor":"rgb(17,17,17)","gridcolor":"#506784","linecolor":"#506784","showbackground":true,"ticks":"","zerolinecolor":"#C8D4E3","gridwidth":2},"yaxis":{"backgroundcolor":"rgb(17,17,17)","gridcolor":"#506784","linecolor":"#506784","showbackground":true,"ticks":"","zerolinecolor":"#C8D4E3","gridwidth":2},"zaxis":{"backgroundcolor":"rgb(17,17,17)","gridcolor":"#506784","linecolor":"#506784","showbackground":true,"ticks":"","zerolinecolor":"#C8D4E3","gridwidth":2}},"shapedefaults":{"line":{"color":"#f2f5fa"}},"annotationdefaults":{"arrowcolor":"#f2f5fa","arrowhead":0,"arrowwidth":1},"geo":{"bgcolor":"rgb(17,17,17)","landcolor":"rgb(17,17,17)","subunitcolor":"#506784","showland":true,"showlakes":true,"lakecolor":"rgb(17,17,17)"},"title":{"x":0.05,"font":{"family":"Times New Roman"},"y":0.05,"text":"<b>Correlation of Close<b><br><i>2016-09-23 ~ 2025-12-10<i>"},"updatemenudefaults":{"bgcolor":"#506784","borderwidth":0},"sliderdefaults":{"bgcolor":"#C8D4E3","borderwidth":1,"bordercolor":"rgb(17,17,17)","tickwidth":0},"mapbox":{"style":"dark"},"annotations":[{"text":"<b>@zwindr<b>","textangle":0,"opacity":0.5,"font":{"color":"white","size":12},"xref":"paper","yref":"paper","xanchor":"left","yanchor":"bottom","x":1.0,"y":1.0,"showarrow":false}]},"config":{"responsive":true,"toImageButtonOptions":{"filename":"Correlation of Close_2016-09-23~2025-12-10","scale":5}}};Plotly.newPlot("correlationClose",correlationClose.data,correlationClose.layout||{},correlationClose.config);}else{console.log("style display is none => correlationClose");}