var element=document.getElementById("correlationAdjClose");if(element.style.display!='none'){var correlationAdjClose={"data":[{"type":"heatmap","z":[[1.0,0.9948173893470191,0.9756007218569227,0.9971601111307247,0.9573190200276716,0.9834195764822645,0.9513912473706179,0.9894139679448999,0.974236425773786,0.9973070008856079,0.996735586832142,0.9972110262494315,0.993227165555513,0.9941472469473174,0.9967892731560846,0.9851037483521421,0.9997083375942071,0.9892770304944745,0.9002202970037351,0.9197723394423628,0.7014480229430842,0.9848121744388879,0.9309622014217365,0.3755455448692701,-0.2996114389004112,0.8985659010846114,0.932649004610701,0.959323295206379,0.9782946990710314,0.9651053886986082,0.978282716543792,0.9714691367670331,0.9419271105735604,0.9821258498057185,0.9740577301787559,0.9555244201785503],[0.9948173893470191,1.0,0.9715947983165484,0.9916413683855758,0.9530703953089911,0.9794428457525003,0.9472282461659018,0.9814998526819777,0.9682289469782633,0.9929451343900649,0.9948982508587108,0.9943619273732106,0.9923151086656692,0.992082999986095,0.9949176508029365,0.9799590063116773,0.997162305980884,0.9838255226493217,0.9217905193334778,0.9097787283804067,0.7203227841919276,0.9686569874169667,0.9134970505750974,0.3762209160892596,-0.22988189198008546,0.8760811902245251,0.926233186218452,0.958573220289518,0.9586483122922514,0.9526567403461508,0.9690474631636729,0.9575106563020745,0.9409151010866473,0.9723032440787592,0.9650985678557102,0.9502886374097427],[0.9756007218569227,0.9715947983165484,1.0,0.9842752700784099,0.9946682881519934,0.9737584787585127,0.9775039541558151,0.9625999818811595,0.9802169380230085,0.9839436224511391,0.9906259469106001,0.9873100039574924,0.9969923135746401,0.9967770936918459,0.990384158617631,0.9714615567579876,0.985776348611456,0.9622041823563309,0.864948776972745,0.8246948202101387,0.5755711059453342,0.9918104857322416,0.9294460474261208,0.20418254526011548,-0.22359985100256366,0.8863445065766585,0.9397094933138986,0.9733901642091677,0.9218526104045225,0.9095386016420666,0.9659258441873625,0.9142442919325693,0.8916261348319205,0.9642434967866139,0.9714663417898435,0.9172029192967646],[0.9971601111307247,0.9916413683855758,0.9842752700784099,1.0,0.9728740112686018,0.9750261428238473,0.9480526900148936,0.981531371619689,0.9710760172584699,0.9999688724591956,0.9999913547823663,0.9999618810521738,0.9930369044402938,0.9915263271265785,0.9999490876499066,0.9739663552740615,0.9957175609442043,0.9810941339477606,0.8845233759973415,0.9026222556987216,0.6646735438754022,0.9938276493498782,0.9353447401013303,0.34403898622766693,-0.2889995284295659,0.8912038565118839,0.941597134095287,0.9635519364772308,0.9664164562388564,0.9595925054379307,0.9802642717370433,0.9592839408496436,0.9269504840887748,0.9791173161617637,0.9719946283711967,0.9447867575083374],[0.9573190200276716,0.9530703953089911,0.9946682881519934,0.9728740112686018,1.0,0.947023789128078,0.9565552534784746,0.9384159111139909,0.9610230949841555,0.9729229083570141,0.98220171011726,0.9783462482814386,0.9836295924391523,0.9805465183510277,0.9817912339125068,0.9432728768163591,0.9678401263239867,0.9377163996870558,0.8336136588543416,0.7950451435809244,0.5274099204041489,0.9873359130468461,0.9244833145950324,0.1700368652625687,-0.21316197780855997,0.854261320188774,0.9438826744446553,0.9609866097526212,0.8923469369454071,0.8869681093895291,0.9539826143516992,0.8843718103281504,0.8550620110444226,0.9464996754128299,0.9527849330258529,0.8857525196769124],[0.9834195764822645,0.9794428457525003,0.9737584787585127,0.9750261428238473,0.947023789128078,1.0,0.9829360045387084,0.9824885304101935,0.9822134687637264,0.9744418154101125,0.9693112350716222,0.9726229409837466,0.973997903167191,0.9715137717571681,0.9692367629714185,0.9999013840976014,0.9868452541056414,0.9834273710378261,0.9024012099547091,0.8702896099159964,0.6704936682975979,0.9670108302800651,0.9018786650659115,0.2502837426301431,-0.21954090663646045,0.932667803965502,0.9059129212013306,0.9636802140428433,0.9599084630381168,0.9339811027268942,0.9569730898232579,0.9548715061526639,0.9533400518762541,0.9619425407594333,0.9791141396461497,0.9574938036961013],[0.9513912473706179,0.9472282461659018,0.9775039541558151,0.9480526900148936,0.9565552534784746,0.9829360045387084,1.0,0.9549471109226285,0.985106404483444,0.9466583522790322,0.957254633420466,0.9535862894074897,0.9766059125815922,0.9773686143523334,0.9569780090936455,0.984310971259203,0.9701230702484648,0.9574944392544306,0.8686849297697552,0.7888928221378858,0.5632659098959433,0.9520520275262092,0.9019521971057419,0.10917298547754438,-0.15768924985114838,0.8961614734405107,0.89582610731387,0.9607596309469271,0.9043305449995143,0.870706284043556,0.9360296324025658,0.8973326783866403,0.905899119061632,0.934753384086666,0.9680932715783223,0.9129077713263206],[0.9894139679448999,0.9814998526819777,0.9625999818811595,0.981531371619689,0.9384159111139909,0.9824885304101935,0.9549471109226285,1.0,0.9836000933349998,0.9815007801940652,0.976938616044456,0.9803962924814914,0.9718208018855148,0.9708565519240813,0.9770607190769494,0.9842808364531066,0.9873242014504517,0.9998810407770182,0.927932707559148,0.9285240564070282,0.6377134908007676,0.9693230563427431,0.8991177614199068,0.22914471239568882,-0.3104877718342183,0.9059407818988938,0.8886373218385323,0.9437454957039759,0.9791385332498518,0.956554076857102,0.9693244279714797,0.9656962296124814,0.9372862500810303,0.9632142410738536,0.9613083344252268,0.967282627213704],[0.974236425773786,0.9682289469782633,0.9802169380230085,0.9710760172584699,0.9610230949841555,0.9822134687637264,0.985106404483444,0.9836000933349998,1.0,0.9703043234877536,0.9669047204835354,0.9692024993236229,0.9730096808356187,0.9699235504751575,0.9667631386711916,0.9812438754139662,0.9742172338264613,0.9829530735693187,0.9032768266727754,0.8605803515608661,0.557411902998129,0.969223223614778,0.9157986946946817,0.08767934404895379,-0.23241702085498564,0.884398587375418,0.8900666371818615,0.9642091244449792,0.9373945497399685,0.9045535046436008,0.9616644653299573,0.9225598682657181,0.9039854955835616,0.9522740917332038,0.9732759605900133,0.9272222631017084],[0.9973070008856079,0.9929451343900649,0.9839436224511391,0.9999688724591956,0.9729229083570141,0.9744418154101125,0.9466583522790322,0.9815007801940652,0.9703043234877536,1.0,0.9999898223888339,0.9999830603644074,0.992920244597535,0.9913853883418535,0.9999543237200239,0.9733918831756334,0.9955912828861956,0.9811600108672712,0.886364020563253,0.9037841120040686,0.6625772161060893,0.9940214537038006,0.9351852885477968,0.3491706764017914,-0.2884241367775604,0.8920300725110544,0.9398539841547,0.9620985467829865,0.9661552143091948,0.9587914621465625,0.9792902119942489,0.9586848388060697,0.925537009691411,0.9783281625208324,0.9708427153660002,0.9432323076752266],[0.996735586832142,0.9948982508587108,0.9906259469106001,0.9999913547823663,0.98220171011726,0.9693112350716222,0.957254633420466,0.976938616044456,0.9669047204835354,0.9999898223888339,1.0,0.9999736134883347,0.9930630363238114,0.9915244825465983,0.9999571242788224,0.9691365759483757,0.9953710620219569,0.9776161562292186,0.9096132505404023,0.930809610350553,0.5499984650746442,0.9972338159328579,0.9191978395381395,-0.13009636061603375,0.39498033652213016,0.8933491566943494,0.9093322625828812,0.9657902930189277,0.9572536498496881,0.941911195824331,0.970632480592387,0.9387761989615095,0.9053104481102936,0.9688024078629156,0.9805801903968306,0.9391271402312875],[0.9972110262494315,0.9943619273732106,0.9873100039574924,0.9999618810521738,0.9783462482814386,0.9726229409837466,0.9535862894074897,0.9803962924814914,0.9692024993236229,0.9999830603644074,0.9999736134883347,1.0,0.9929074555131496,0.9913277682729578,0.9999650065475997,0.9725137946116085,0.9954909325728208,0.9807021990961982,0.8942585935656993,0.9203707741758763,0.612899915142646,0.9962223708167315,0.931257188338442,0.08589486293223146,-0.19352805672325163,0.907032314705919,0.9254803692460357,0.9580674491587068,0.9605921666353306,0.9501171196236199,0.9756842980035207,0.9498017467136561,0.9222998359472991,0.9745849289709511,0.9704658355683384,0.9477882386849654],[0.993227165555513,0.9923151086656692,0.9969923135746401,0.9930369044402938,0.9836295924391523,0.973997903167191,0.9766059125815922,0.9718208018855148,0.9730096808356187,0.992920244597535,0.9930630363238114,0.9929074555131496,1.0,0.9997512707505687,0.9930392728978323,0.9739673924924999,0.9932687170627329,0.9728155327430031,0.9029845246446422,0.9178370999555773,0.48024247348851534,0.988735755248567,0.9146960824900722,-0.39843391978814824,0.4123920156689869,0.8776218331506036,0.9065643595193851,0.9708142382476196,0.9408195929182029,0.9095932881755997,0.9543147900009098,0.9158510043920557,0.8747756256197718,0.9663433652871241,0.9778187105732743,0.9315842663662974],[0.9941472469473174,0.992082999986095,0.9967770936918459,0.9915263271265785,0.9805465183510277,0.9715137717571681,0.9773686143523334,0.9708565519240813,0.9699235504751575,0.9913853883418535,0.9915244825465983,0.9913277682729578,0.9997512707505687,1.0,0.9916129903168979,0.971402533921859,0.9940039497139896,0.9720475179113798,0.8884903899487651,0.9271181842224081,0.3437844188599325,0.9846977051765463,0.9077772848192053,-0.7489993268692501,0.38398151373792305,0.8457226090797318,0.9027956597177368,0.9677956069781564,0.934410832372381,0.896908670326916,0.9473353433236686,0.9159546518362316,0.8529928954124025,0.9673125458431355,0.9758509167060117,0.9252353829679427],[0.9967892731560846,0.9949176508029365,0.990384158617631,0.9999490876499066,0.9817912339125068,0.9692367629714185,0.9569780090936455,0.9770607190769494,0.9667631386711916,0.9999543237200239,0.9999571242788224,0.9999650065475997,0.9930392728978323,0.9916129903168979,1.0,0.9691017465043917,0.9954143299477826,0.9777899473447991,0.9100598569003369,0.9314560040618513,0.5512181967567721,0.9970581887761572,0.9190723411643918,-0.12688948155653626,0.3953533406595909,0.8935705387084149,0.9082984318200867,0.9652370032563005,0.9576261456243944,0.9423809457110525,0.9705292048207873,0.9394155435551038,0.9060561812420664,0.9687021097393185,0.9805113716263085,0.9396772568921856],[0.9851037483521421,0.9799590063116773,0.9714615567579876,0.9739663552740615,0.9432728768163591,0.9999013840976014,0.984310971259203,0.9842808364531066,0.9812438754139662,0.9733918831756334,0.9691365759483757,0.9725137946116085,0.9739673924924999,0.971402533921859,0.9691017465043917,1.0,0.9869345835517979,0.9835901233833985,0.9052946511302432,0.8939915625702088,0.6626632582262271,0.9646766476881264,0.8960530439206433,0.1079410645810818,-0.19818959013018123,0.9402061409512675,0.8954562489633643,0.9606136900571328,0.9633118988165975,0.9311916609688975,0.953457664999526,0.9560012363050175,0.9525865232928605,0.9640069707111566,0.9784143228178457,0.9617826388658521],[0.9997083375942071,0.997162305980884,0.985776348611456,0.9957175609442043,0.9678401263239867,0.9868452541056414,0.9701230702484648,0.9873242014504517,0.9742172338264613,0.9955912828861956,0.9953710620219569,0.9954909325728208,0.9932687170627329,0.9940039497139896,0.9954143299477826,0.9869345835517979,1.0,0.9879861609360062,0.9268394409118326,0.9398045133544157,0.6063423478057857,0.9882762896088265,0.9109326921415395,-0.06879454988814258,0.4215582213498072,0.9211118439660306,0.9016270986333018,0.9669069369872417,0.9733010989722557,0.9497910573712443,0.9688336763760311,0.9569430754402205,0.9350869790995103,0.9750648368037533,0.9862411681416337,0.9628980981564991],[0.9892770304944745,0.9838255226493217,0.9622041823563309,0.9810941339477606,0.9377163996870558,0.9834273710378261,0.9574944392544306,0.9998810407770182,0.9829530735693187,0.9811600108672712,0.9776161562292186,0.9807021990961982,0.9728155327430031,0.9720475179113798,0.9777899473447991,0.9835901233833985,0.9879861609360062,1.0,0.9308405595596195,0.9346756570077157,0.6357555731740736,0.9680506304829121,0.902992026741527,0.1940356919955261,-0.29204858725441196,0.9108612251807878,0.8846059181846538,0.9436265135745084,0.9796097537244344,0.955927912962383,0.9677689264316559,0.9643233571900984,0.9370281342870005,0.9624334713532372,0.9593248045900017,0.968393194414292],[0.9002202970037351,0.9217905193334778,0.864948776972745,0.8845233759973415,0.8336136588543416,0.9024012099547091,0.8686849297697552,0.927932707559148,0.9032768266727754,0.886364020563253,0.9096132505404023,0.8942585935656993,0.9029845246446422,0.8884903899487651,0.9100598569003369,0.9052946511302432,0.9268394409118326,0.9308405595596195,1.0,0.826095468867111,0.7015207436631871,0.8573254837747107,0.8080696905135734,0.26995440362300877,-0.16338177061198786,0.8557043276994547,0.7649308356485911,0.854757093552712,0.891103210421081,0.8571935250544719,0.856700644553295,0.8699722171563867,0.8559432096501223,0.8551002161461654,0.8769152192975871,0.8949133685349919],[0.9197723394423628,0.9097787283804067,0.8246948202101387,0.9026222556987216,0.7950451435809244,0.8702896099159964,0.7888928221378858,0.9285240564070282,0.8605803515608661,0.9037841120040686,0.930809610350553,0.9203707741758763,0.9178370999555773,0.9271181842224081,0.9314560040618513,0.8939915625702088,0.9398045133544157,0.9346756570077157,0.826095468867111,1.0,0.8280649094020787,0.853472122616044,0.8682296312286261,0.6424422815095406,-0.5261581406857522,0.7127465120199743,0.843718374022393,0.8114463103773327,0.9591489190678855,0.9375355448113071,0.9002229500052296,0.9465129483312437,0.8994368925050404,0.9005655122243836,0.851187240966268,0.8853488878477621],[0.7014480229430842,0.7203227841919276,0.5755711059453342,0.6646735438754022,0.5274099204041489,0.6704936682975979,0.5632659098959433,0.6377134908007676,0.557411902998129,0.6625772161060893,0.5499984650746442,0.612899915142646,0.48024247348851534,0.3437844188599325,0.5512181967567721,0.6626632582262271,0.6063423478057857,0.6357555731740736,0.7015207436631871,0.8280649094020787,1.0,0.5932600776907726,0.7003029714137667,0.7249431126716671,-0.11647522143590108,0.5357685194961574,0.6235962335005888,0.6127534994443251,0.774460478000225,0.7055630161559365,0.6309482990272487,0.7415995778122191,0.75456087757386,0.6693730190747503,0.6364229377272527,0.6848967132709857],[0.9848121744388879,0.9686569874169667,0.9918104857322416,0.9938276493498782,0.9873359130468461,0.9670108302800651,0.9520520275262092,0.9693230563427431,0.969223223614778,0.9940214537038006,0.9972338159328579,0.9962223708167315,0.988735755248567,0.9846977051765463,0.9970581887761572,0.9646766476881264,0.9882762896088265,0.9680506304829121,0.8573254837747107,0.853472122616044,0.5932600776907726,1.0,0.9123604527062226,0.27135187138232814,-0.2810399588819449,0.8742654579790263,0.9425776848270965,0.9686939873127817,0.9338217818675502,0.9406750105943883,0.9718609600604032,0.9357632335438205,0.8996223054669726,0.9683481810764817,0.9571840395357036,0.9245067180617775],[0.9309622014217365,0.9134970505750974,0.9294460474261208,0.9353447401013303,0.9244833145950324,0.9018786650659115,0.9019521971057419,0.8991177614199068,0.9157986946946817,0.9351852885477968,0.9191978395381395,0.931257188338442,0.9146960824900722,0.9077772848192053,0.9190723411643918,0.8960530439206433,0.9109326921415395,0.902992026741527,0.8080696905135734,0.8682296312286261,0.7003029714137667,0.9123604527062226,1.0,0.3105875542458684,-0.1893197929893438,0.7114472213264427,0.9127851318068121,0.8965082782306402,0.8979734964412479,0.8558798161815465,0.9322953664755188,0.8709647857933325,0.8395830110047474,0.9276364854249132,0.8802350569235821,0.8543814669038677],[0.3755455448692701,0.3762209160892596,0.20418254526011548,0.34403898622766693,0.1700368652625687,0.2502837426301431,0.10917298547754438,0.22914471239568882,0.08767934404895379,0.3491706764017914,-0.13009636061603375,0.08589486293223146,-0.39843391978814824,-0.7489993268692501,-0.12688948155653626,0.1079410645810818,-0.06879454988814258,0.1940356919955261,0.26995440362300877,0.6424422815095406,0.7249431126716671,0.27135187138232814,0.3105875542458684,1.0,-0.3827085992803159,0.26700028865722786,0.26939831584529084,0.17751757001130394,0.46830850676583735,0.46178157944942344,0.31217415232863455,0.48402030588764,0.40847591080806056,0.3382655135199919,0.2606913348793761,0.37727727590427745],[-0.2996114389004112,-0.22988189198008546,-0.22359985100256366,-0.2889995284295659,-0.21316197780855997,-0.21954090663646045,-0.15768924985114838,-0.3104877718342183,-0.23241702085498564,-0.2884241367775604,0.39498033652213016,-0.19352805672325163,0.4123920156689869,0.38398151373792305,0.3953533406595909,-0.19818959013018123,0.4215582213498072,-0.29204858725441196,-0.16338177061198786,-0.5261581406857522,-0.11647522143590108,-0.2810399588819449,-0.1893197929893438,-0.3827085992803159,1.0,-0.15501626637410582,-0.2808334156315573,-0.18200552411247492,-0.38709273029671337,-0.37630690168438685,-0.31978498015575374,-0.34493587962110245,-0.20862744299419966,-0.3452295746926807,-0.18384992797967792,-0.31710123554378605],[0.8985659010846114,0.8760811902245251,0.8863445065766585,0.8912038565118839,0.854261320188774,0.932667803965502,0.8961614734405107,0.9059407818988938,0.884398587375418,0.8920300725110544,0.8933491566943494,0.907032314705919,0.8776218331506036,0.8457226090797318,0.8935705387084149,0.9402061409512675,0.9211118439660306,0.9108612251807878,0.8557043276994547,0.7127465120199743,0.5357685194961574,0.8742654579790263,0.7114472213264427,0.26700028865722786,-0.15501626637410582,1.0,0.7769945932920156,0.8852651881754448,0.8196642526323692,0.8638239831112793,0.8290693363883496,0.8716987914140386,0.8671914474031217,0.859656799770441,0.8684928541935583,0.8985379864179708],[0.932649004610701,0.926233186218452,0.9397094933138986,0.941597134095287,0.9438826744446553,0.9059129212013306,0.89582610731387,0.8886373218385323,0.8900666371818615,0.9398539841547,0.9093322625828812,0.9254803692460357,0.9065643595193851,0.9027956597177368,0.9082984318200867,0.8954562489633643,0.9016270986333018,0.8846059181846538,0.7649308356485911,0.843718374022393,0.6235962335005888,0.9425776848270965,0.9127851318068121,0.26939831584529084,-0.2808334156315573,0.7769945932920156,1.0,0.8974857127064987,0.8961008825377759,0.8816921098273361,0.9170709691024915,0.8815336558670185,0.8460747173002263,0.921136849599343,0.8980142513327211,0.8670562834017993],[0.959323295206379,0.958573220289518,0.9733901642091677,0.9635519364772308,0.9609866097526212,0.9636802140428433,0.9607596309469271,0.9437454957039759,0.9642091244449792,0.9620985467829865,0.9657902930189277,0.9580674491587068,0.9708142382476196,0.9677956069781564,0.9652370032563005,0.9606136900571328,0.9669069369872417,0.9436265135745084,0.854757093552712,0.8114463103773327,0.6127534994443251,0.9686939873127817,0.8965082782306402,0.17751757001130394,-0.18200552411247492,0.8852651881754448,0.8974857127064987,1.0,0.9102260373561858,0.8929322763367044,0.9446005078369561,0.8934778907525489,0.8873797546989464,0.9499353924921826,0.9735880745640925,0.89174202826876],[0.9782946990710314,0.9586483122922514,0.9218526104045225,0.9664164562388564,0.8923469369454071,0.9599084630381168,0.9043305449995143,0.9791385332498518,0.9373945497399685,0.9661552143091948,0.9572536498496881,0.9605921666353306,0.9408195929182029,0.934410832372381,0.9576261456243944,0.9633118988165975,0.9733010989722557,0.9796097537244344,0.891103210421081,0.9591489190678855,0.774460478000225,0.9338217818675502,0.8979734964412479,0.46830850676583735,-0.38709273029671337,0.8196642526323692,0.8961008825377759,0.9102260373561858,1.0,0.9863834057619852,0.9634837238587174,0.9904985462192073,0.9529047444430986,0.960093413282743,0.9162603199474315,0.9683337503596957],[0.9651053886986082,0.9526567403461508,0.9095386016420666,0.9595925054379307,0.8869681093895291,0.9339811027268942,0.870706284043556,0.956554076857102,0.9045535046436008,0.9587914621465625,0.941911195824331,0.9501171196236199,0.9095932881755997,0.896908670326916,0.9423809457110525,0.9311916609688975,0.9497910573712443,0.955927912962383,0.8571935250544719,0.9375355448113071,0.7055630161559365,0.9406750105943883,0.8558798161815465,0.46178157944942344,-0.37630690168438685,0.8638239831112793,0.8816921098273361,0.8929322763367044,0.9863834057619852,1.0,0.951856899367001,0.9841263548646405,0.9557175645910126,0.939879555180786,0.9241466933970637,0.9634003525034636],[0.978282716543792,0.9690474631636729,0.9659258441873625,0.9802642717370433,0.9539826143516992,0.9569730898232579,0.9360296324025658,0.9693244279714797,0.9616644653299573,0.9792902119942489,0.970632480592387,0.9756842980035207,0.9543147900009098,0.9473353433236686,0.9705292048207873,0.953457664999526,0.9688336763760311,0.9677689264316559,0.856700644553295,0.9002229500052296,0.6309482990272487,0.9718609600604032,0.9322953664755188,0.31217415232863455,-0.31978498015575374,0.8290693363883496,0.9170709691024915,0.9446005078369561,0.9634837238587174,0.951856899367001,1.0,0.9531197754186236,0.9139305569579309,0.9778592118204833,0.9615721044445366,0.9430592696899618],[0.9714691367670331,0.9575106563020745,0.9142442919325693,0.9592839408496436,0.8843718103281504,0.9548715061526639,0.8973326783866403,0.9656962296124814,0.9225598682657181,0.9586848388060697,0.9387761989615095,0.9498017467136561,0.9158510043920557,0.9159546518362316,0.9394155435551038,0.9560012363050175,0.9569430754402205,0.9643233571900984,0.8699722171563867,0.9465129483312437,0.7415995778122191,0.9357632335438205,0.8709647857933325,0.48402030588764,-0.34493587962110245,0.8716987914140386,0.8815336558670185,0.8934778907525489,0.9904985462192073,0.9841263548646405,0.9531197754186236,1.0,0.9738543325667657,0.9463573550827282,0.9394358484214197,0.9642293866054481],[0.9419271105735604,0.9409151010866473,0.8916261348319205,0.9269504840887748,0.8550620110444226,0.9533400518762541,0.905899119061632,0.9372862500810303,0.9039854955835616,0.925537009691411,0.9053104481102936,0.9222998359472991,0.8747756256197718,0.8529928954124025,0.9060561812420664,0.9525865232928605,0.9350869790995103,0.9370281342870005,0.8559432096501223,0.8994368925050404,0.75456087757386,0.8996223054669726,0.8395830110047474,0.40847591080806056,-0.20862744299419966,0.8671914474031217,0.8460747173002263,0.8873797546989464,0.9529047444430986,0.9557175645910126,0.9139305569579309,0.9738543325667657,1.0,0.9072757140023315,0.9307951049435804,0.9542603935030698],[0.9821258498057185,0.9723032440787592,0.9642434967866139,0.9791173161617637,0.9464996754128299,0.9619425407594333,0.934753384086666,0.9632142410738536,0.9522740917332038,0.9783281625208324,0.9688024078629156,0.9745849289709511,0.9663433652871241,0.9673125458431355,0.9687021097393185,0.9640069707111566,0.9750648368037533,0.9624334713532372,0.8551002161461654,0.9005655122243836,0.6693730190747503,0.9683481810764817,0.9276364854249132,0.3382655135199919,-0.3452295746926807,0.859656799770441,0.921136849599343,0.9499353924921826,0.960093413282743,0.939879555180786,0.9778592118204833,0.9463573550827282,0.9072757140023315,1.0,0.958543706176186,0.9435392854510953],[0.9740577301787559,0.9650985678557102,0.9714663417898435,0.9719946283711967,0.9527849330258529,0.9791141396461497,0.9680932715783223,0.9613083344252268,0.9732759605900133,0.9708427153660002,0.9805801903968306,0.9704658355683384,0.9778187105732743,0.9758509167060117,0.9805113716263085,0.9784143228178457,0.9862411681416337,0.9593248045900017,0.8769152192975871,0.851187240966268,0.6364229377272527,0.9571840395357036,0.8802350569235821,0.2606913348793761,-0.18384992797967792,0.8684928541935583,0.8980142513327211,0.9735880745640925,0.9162603199474315,0.9241466933970637,0.9615721044445366,0.9394358484214197,0.9307951049435804,0.958543706176186,1.0,0.9219545437348873],[0.9555244201785503,0.9502886374097427,0.9172029192967646,0.9447867575083374,0.8857525196769124,0.9574938036961013,0.9129077713263206,0.967282627213704,0.9272222631017084,0.9432323076752266,0.9391271402312875,0.9477882386849654,0.9315842663662974,0.9252353829679427,0.9396772568921856,0.9617826388658521,0.9628980981564991,0.968393194414292,0.8949133685349919,0.8853488878477621,0.6848967132709857,0.9245067180617775,0.8543814669038677,0.37727727590427745,-0.31710123554378605,0.8985379864179708,0.8670562834017993,0.89174202826876,0.9683337503596957,0.9634003525034636,0.9430592696899618,0.9642293866054481,0.9542603935030698,0.9435392854510953,0.9219545437348873,1.0]],"x":["^TAIEX       \u81fa\u7063\u52a0\u6b0a\u5831\u916c\u6307\u6578","^TWII        \u81fa\u7063\u52a0\u6b0a\u6307\u6578","^TAIEXx2     \u81fa\u7063\u52a0\u6b0a\u5831\u916c\u6307\u6578_\u65e5\u6b632","^TAI50I      \u81fa\u706350\u5831\u916c\u6307\u6578","^TAI50Ix2    \u81fa\u706350\u5831\u916c\u6307\u6578_\u65e5\u6b632","^TAI100I     \u81fa\u7063\u4e2d\u578b100\u5831\u916c\u6307\u6578","^TAI100Ix2   \u81fa\u7063\u4e2d\u578b100\u5831\u916c\u6307\u6578_\u65e5\u6b632","^TAIDIVIDI   \u81fa\u7063\u9ad8\u80a1\u606f\u5831\u916c\u6307\u6578","^TAIDIVIDIx2 \u81fa\u7063\u9ad8\u80a1\u606f\u5831\u916c\u6307\u6578_\u65e5\u6b632","0050Fund     \u5143\u5927\u53f0\u7063\u5353\u8d8a50\u57fa\u91d1","006208Fund   \u5bcc\u90a6\u53f0\u7063\u91c6\u540950\u57fa\u91d1","0050         \u5143\u5927\u81fa\u706350","00631L       \u5143\u5927\u53f0\u706350\u6b632","00675L       \u5bcc\u90a6\u81fa\u7063\u52a0\u6b0a\u6b632","006208       \u5bcc\u90a6\u53f050","0051         \u5143\u5927\u4e2d\u578b100","006204       \u6c38\u8c50\u81fa\u7063\u52a0\u6b0a","0056         \u5143\u5927\u9ad8\u80a1\u606f","0056         \u5143\u5927\u9ad8\u80a1\u606f_\u80a1\u606f\u4e0d\u6295\u5165","2412         \u4e2d\u83ef\u96fb\u4fe1","2002         \u4e2d\u92fc","2330         \u53f0\u7a4d\u96fb","2317         \u9d3b\u6d77","6505         \u53f0\u5851\u77f3\u5316","3481         \u7fa4\u5275","2303         \u806f\u96fb","2308         \u53f0\u9054\u96fb","2454         \u806f\u767c\u79d1","2886         \u5146\u8c50\u91d1","2884         \u7389\u5c71\u91d1","2891         \u4e2d\u4fe1\u91d1","2892         \u7b2c\u4e00\u91d1","5880         \u5408\u5eab\u91d1","2881         \u5bcc\u90a6\u91d1","2885         \u5143\u5927\u91d1","2887         \u53f0\u65b0\u91d1"],"y":["^TAIEX       \u81fa\u7063\u52a0\u6b0a\u5831\u916c\u6307\u6578","^TWII        \u81fa\u7063\u52a0\u6b0a\u6307\u6578","^TAIEXx2     \u81fa\u7063\u52a0\u6b0a\u5831\u916c\u6307\u6578_\u65e5\u6b632","^TAI50I      \u81fa\u706350\u5831\u916c\u6307\u6578","^TAI50Ix2    \u81fa\u706350\u5831\u916c\u6307\u6578_\u65e5\u6b632","^TAI100I     \u81fa\u7063\u4e2d\u578b100\u5831\u916c\u6307\u6578","^TAI100Ix2   \u81fa\u7063\u4e2d\u578b100\u5831\u916c\u6307\u6578_\u65e5\u6b632","^TAIDIVIDI   \u81fa\u7063\u9ad8\u80a1\u606f\u5831\u916c\u6307\u6578","^TAIDIVIDIx2 \u81fa\u7063\u9ad8\u80a1\u606f\u5831\u916c\u6307\u6578_\u65e5\u6b632","0050Fund     \u5143\u5927\u53f0\u7063\u5353\u8d8a50\u57fa\u91d1","006208Fund   \u5bcc\u90a6\u53f0\u7063\u91c6\u540950\u57fa\u91d1","0050         \u5143\u5927\u81fa\u706350","00631L       \u5143\u5927\u53f0\u706350\u6b632","00675L       \u5bcc\u90a6\u81fa\u7063\u52a0\u6b0a\u6b632","006208       \u5bcc\u90a6\u53f050","0051         \u5143\u5927\u4e2d\u578b100","006204       \u6c38\u8c50\u81fa\u7063\u52a0\u6b0a","0056         \u5143\u5927\u9ad8\u80a1\u606f","0056         \u5143\u5927\u9ad8\u80a1\u606f_\u80a1\u606f\u4e0d\u6295\u5165","2412         \u4e2d\u83ef\u96fb\u4fe1","2002         \u4e2d\u92fc","2330         \u53f0\u7a4d\u96fb","2317         \u9d3b\u6d77","6505         \u53f0\u5851\u77f3\u5316","3481         \u7fa4\u5275","2303         \u806f\u96fb","2308         \u53f0\u9054\u96fb","2454         \u806f\u767c\u79d1","2886         \u5146\u8c50\u91d1","2884         \u7389\u5c71\u91d1","2891         \u4e2d\u4fe1\u91d1","2892         \u7b2c\u4e00\u91d1","5880         \u5408\u5eab\u91d1","2881         \u5bcc\u90a6\u91d1","2885         \u5143\u5927\u91d1","2887         \u53f0\u65b0\u91d1"],"zmin":-1,"zmax":1,"colorbar":{"x":-0.2}}],"layout":{"autotypenumbers":"strict","colorway":["#636efa","#EF553B","#00cc96","#ab63fa","#FFA15A","#19d3f3","#FF6692","#B6E880","#FF97FF","#FECB52"],"font":{"color":"#f2f5fa","family":"Courier New"},"hovermode":"closest","hoverlabel":{"align":"left"},"paper_bgcolor":"rgb(17,17,17)","plot_bgcolor":"rgb(17,17,17)","polar":{"bgcolor":"rgb(17,17,17)","angularaxis":{"gridcolor":"#506784","linecolor":"#506784","ticks":""},"radialaxis":{"gridcolor":"#506784","linecolor":"#506784","ticks":""}},"ternary":{"bgcolor":"rgb(17,17,17)","aaxis":{"gridcolor":"#506784","linecolor":"#506784","ticks":""},"baxis":{"gridcolor":"#506784","linecolor":"#506784","ticks":""},"caxis":{"gridcolor":"#506784","linecolor":"#506784","ticks":""}},"coloraxis":{"colorbar":{"outlinewidth":0,"ticks":""}},"colorscale":{"sequential":[[0.0,"#0d0887"],[0.1111111111111111,"#46039f"],[0.2222222222222222,"#7201a8"],[0.3333333333333333,"#9c179e"],[0.4444444444444444,"#bd3786"],[0.5555555555555556,"#d8576b"],[0.6666666666666666,"#ed7953"],[0.7777777777777778,"#fb9f3a"],[0.8888888888888888,"#fdca26"],[1.0,"#f0f921"]],"sequentialminus":[[0.0,"#0d0887"],[0.1111111111111111,"#46039f"],[0.2222222222222222,"#7201a8"],[0.3333333333333333,"#9c179e"],[0.4444444444444444,"#bd3786"],[0.5555555555555556,"#d8576b"],[0.6666666666666666,"#ed7953"],[0.7777777777777778,"#fb9f3a"],[0.8888888888888888,"#fdca26"],[1.0,"#f0f921"]],"diverging":[[0,"#8e0152"],[0.1,"#c51b7d"],[0.2,"#de77ae"],[0.3,"#f1b6da"],[0.4,"#fde0ef"],[0.5,"#f7f7f7"],[0.6,"#e6f5d0"],[0.7,"#b8e186"],[0.8,"#7fbc41"],[0.9,"#4d9221"],[1,"#276419"]]},"xaxis":{"gridcolor":"rgba(0, 0, 0, 0)","linecolor":"#506784","ticks":"","title":{"standoff":15},"zerolinecolor":"#283442","automargin":true,"zerolinewidth":2,"tickfont":{"family":"Courier New","size":14},"side":"top","tickangle":-90},"yaxis":{"gridcolor":"rgba(0, 0, 0, 0)","linecolor":"#506784","ticks":"","title":{"standoff":15},"zerolinecolor":"#283442","automargin":true,"zerolinewidth":2,"tickfont":{"family":"Courier New"},"side":"right"},"scene":{"xaxis":{"backgroundcolor":"rgb(17,17,17)","gridcolor":"#506784","linecolor":"#506784","showbackground":true,"ticks":"","zerolinecolor":"#C8D4E3","gridwidth":2},"yaxis":{"backgroundcolor":"rgb(17,17,17)","gridcolor":"#506784","linecolor":"#506784","showbackground":true,"ticks":"","zerolinecolor":"#C8D4E3","gridwidth":2},"zaxis":{"backgroundcolor":"rgb(17,17,17)","gridcolor":"#506784","linecolor":"#506784","showbackground":true,"ticks":"","zerolinecolor":"#C8D4E3","gridwidth":2}},"shapedefaults":{"line":{"color":"#f2f5fa"}},"annotationdefaults":{"arrowcolor":"#f2f5fa","arrowhead":0,"arrowwidth":1},"geo":{"bgcolor":"rgb(17,17,17)","landcolor":"rgb(17,17,17)","subunitcolor":"#506784","showland":true,"showlakes":true,"lakecolor":"rgb(17,17,17)"},"title":{"x":0.05,"font":{"family":"Times New Roman"},"y":0.05,"text":"<b>Correlation of Adj Close<b><br><i>2016-09-23 ~ 2025-11-14<i>"},"updatemenudefaults":{"bgcolor":"#506784","borderwidth":0},"sliderdefaults":{"bgcolor":"#C8D4E3","borderwidth":1,"bordercolor":"rgb(17,17,17)","tickwidth":0},"mapbox":{"style":"dark"},"annotations":[{"text":"<b>@zwindr<b>","textangle":0,"opacity":0.5,"font":{"color":"white","size":12},"xref":"paper","yref":"paper","xanchor":"left","yanchor":"bottom","x":1.0,"y":1.0,"showarrow":false}]},"config":{"responsive":true,"toImageButtonOptions":{"filename":"Correlation of Adj Close_2016-09-23~2025-11-14","scale":5}}};Plotly.newPlot("correlationAdjClose",correlationAdjClose.data,correlationAdjClose.layout||{},correlationAdjClose.config);}else{console.log("style display is none => correlationAdjClose");}