var element=document.getElementById("correlationClose");if(element.style.display!='none'){var correlationClose={"data":[{"type":"heatmap","z":[[1.0,0.9999999999999983,1.0,0.9955166821258156,0.9955166821258156,0.9631102665967894,0.9631102665967894,0.9002287700163978,0.9002287700163978,0.8614332454131248,0.9949096617955593,0.8887250315185454,0.992954991126904,0.992665609200776,0.9949297845690618,0.9728632655040218,0.9989370410155483,0.9245024291086035,0.7853920308884835,-0.10047344022385292,0.9773917673864798,0.09213579160784734,-0.04355515225613392,-0.2528367935226488,0.8203516220828209,0.9387638769307202,0.9096976776525714,0.928835757136331,0.7768243522487456,0.508075248924131,0.6223577154584666,0.6385197649387344,0.9307463080326188,0.8189791564267963,0.1713446317893891],[0.9999999999999983,1.0,0.9999999999999984,0.9954718328618257,0.9954718328618257,0.9624948396023103,0.9624948396023103,0.901383081631407,0.901383081631407,0.8621573566160371,0.9948919560656484,0.8881858096127324,0.9926959368597761,0.9921190773192814,0.9949058048435325,0.9721892085521875,0.998940248662184,0.9249290502361146,0.805102363279856,0.10850851713793393,0.9686931014811748,-0.08429443867893824,-0.03625869451172075,-0.25309312274916634,0.6471079792533289,0.9386776800428877,0.8829872378532294,0.9232745678116692,0.7889440332733647,0.4996520397262508,0.6194153730581661,0.6653805524126554,0.9279900400757538,0.6692487508635477,0.16794269719184363],[1.0,0.9999999999999984,1.0,0.9955166821258156,0.9955166821258156,0.9631102665967894,0.9631102665967894,0.9002287700163978,0.9002287700163978,0.8614332454131248,0.9949096617955593,0.8887250315185454,0.992954991126904,0.992665609200776,0.9949297845690618,0.9728632655040218,0.9989370410155483,0.9245024291086035,0.7853920308884835,-0.10047344022385292,0.9773917673864798,0.09213579160784734,-0.04355515225613392,-0.2528367935226488,0.8203516220828209,0.9387638769307202,0.9096976776525714,0.928835757136331,0.7768243522487456,0.508075248924131,0.6223577154584666,0.6385197649387344,0.9307463080326188,0.8189791564267963,0.1713446317893891],[0.9955166821258156,0.9954718328618257,0.9955166821258156,1.0,1.0,0.9503004385433431,0.9503004385433431,0.885969806790737,0.885969806790737,0.8462238520794002,0.9994875350588726,0.8771271409055115,0.9890381856568882,0.9850994628875355,0.9994390116002181,0.9556921960619723,0.9949122056311887,0.9043734914970427,0.7640814430268865,-0.10682034756438918,0.9892691200702146,0.1136934148354452,-0.07662416393016712,-0.2556413774397432,0.8179190634867726,0.936229427383385,0.9147694676769619,0.917563338942046,0.7874104334940346,0.5356447055905263,0.61699440084705,0.611937886572585,0.9236566482567624,0.8090010863480219,0.18320101133090266],[0.9955166821258156,0.9954718328618257,0.9955166821258156,1.0,1.0,0.9503004385433431,0.9503004385433431,0.885969806790737,0.885969806790737,0.8462238520794002,0.9994875350588726,0.8771271409055115,0.9890381856568882,0.9850994628875355,0.9994390116002181,0.9556921960619723,0.9949122056311887,0.9043734914970427,0.7640814430268865,-0.10682034756438918,0.9892691200702146,0.1136934148354452,-0.07662416393016712,-0.2556413774397432,0.8179190634867726,0.936229427383385,0.9147694676769619,0.917563338942046,0.7874104334940346,0.5356447055905263,0.61699440084705,0.611937886572585,0.9236566482567624,0.8090010863480219,0.18320101133090266],[0.9631102665967894,0.9624948396023103,0.9631102665967894,0.9503004385433431,0.9503004385433431,1.0,1.0,0.9262499346279431,0.9262499346279431,0.84273742028335,0.9526225240702042,0.8624992745052893,0.9760505691688351,0.9745683040769049,0.9523868764633753,0.9990274146540606,0.9729895862125418,0.9192108693784452,0.6346294306459183,-0.04604603633223421,0.9352095831532755,0.2674620051005581,-0.24131680155196256,-0.1114352926134755,0.8903373810729701,0.8974096157511946,0.9282291424731995,0.8980231461637441,0.7366207340952883,0.7215648013974094,0.7310675038041666,0.7133232098824516,0.8520031460310147,0.852288525797957,0.4594426108839151],[0.9631102665967894,0.9624948396023103,0.9631102665967894,0.9503004385433431,0.9503004385433431,1.0,1.0,0.9262499346279431,0.9262499346279431,0.84273742028335,0.9526225240702042,0.8624992745052893,0.9760505691688351,0.9745683040769049,0.9523868764633753,0.9990274146540606,0.9729895862125418,0.9192108693784452,0.6346294306459183,-0.04604603633223421,0.9352095831532755,0.2674620051005581,-0.24131680155196256,-0.1114352926134755,0.8903373810729701,0.8974096157511946,0.9282291424731995,0.8980231461637441,0.7366207340952883,0.7215648013974094,0.7310675038041666,0.7133232098824516,0.8520031460310147,0.852288525797957,0.4594426108839151],[0.9002287700163978,0.901383081631407,0.9002287700163978,0.885969806790737,0.885969806790737,0.9262499346279431,0.9262499346279431,1.0,1.0,0.8278293406119516,0.9388924449220111,0.8319639641509488,0.947203405486406,0.9422981221310813,0.9386836833621393,0.9271580464025456,0.9419981322312946,0.9721940573734992,0.571892840672036,0.07493392573679647,0.8446238095077605,0.5144046092150187,-0.2654872188813623,0.02831001231427422,0.7848039266762028,0.7913062782192738,0.8662711895251142,0.84613331205247,0.7485978102057006,0.8713660317895456,0.773863659858007,0.7197206623313823,0.7791137742408197,0.839678387947402,0.797988123508975],[0.9002287700163978,0.901383081631407,0.9002287700163978,0.885969806790737,0.885969806790737,0.9262499346279431,0.9262499346279431,1.0,1.0,0.8278293406119516,0.9388924449220111,0.8319639641509488,0.947203405486406,0.9422981221310813,0.9386836833621393,0.9271580464025456,0.9419981322312946,0.9721940573734992,0.571892840672036,0.07493392573679647,0.8446238095077605,0.5144046092150187,-0.2654872188813623,0.02831001231427422,0.7848039266762028,0.7913062782192738,0.8662711895251142,0.84613331205247,0.7485978102057006,0.8713660317895456,0.773863659858007,0.7197206623313823,0.7791137742408197,0.839678387947402,0.797988123508975],[0.8614332454131248,0.8621573566160371,0.8614332454131248,0.8462238520794002,0.8462238520794002,0.84273742028335,0.84273742028335,0.8278293406119516,0.8278293406119516,1.0,0.8392659626871363,0.9999758717573628,0.8096707554064588,0.7582821895304085,0.8410336693573685,0.8449852211149237,0.8572751894644495,0.8630043446855794,0.724907814414105,0.24378079762283367,0.8311213865527107,0.6836465929356736,-0.27428665993330725,0.3936630483805883,0.8383109714748997,0.6549365726466614,0.8178709475107161,0.8104134945568117,0.7000680966239843,0.6818818638558818,0.775470516189352,0.7718179458166439,0.7861185823703198,0.8278950972126654,0.7550448761129774],[0.9949096617955593,0.9948919560656484,0.9949096617955593,0.9994875350588726,0.9994875350588726,0.9526225240702042,0.9526225240702042,0.9388924449220111,0.9388924449220111,0.8392659626871363,1.0,0.8389977184178228,0.9887298213634227,0.9852385856582355,0.9999164072970403,0.9529108542328837,0.9939460543503309,0.9201330575465987,0.8504108151440968,0.11760236743874543,0.9958991598832995,0.861470356773797,-0.4586389004202336,0.3557071414233758,0.8517389515613801,0.9038989787736071,0.9433669369507495,0.9134675046622577,0.812500099573023,0.8995327286654214,0.8744446276337381,0.8066838528247344,0.8992063119983398,0.943366540660044,0.773679953076347],[0.8887250315185454,0.8881858096127324,0.8887250315185454,0.8771271409055115,0.8771271409055115,0.8624992745052893,0.8624992745052893,0.8319639641509488,0.8319639641509488,0.9999758717573628,0.8389977184178228,1.0,0.8068930209798354,0.7547163313152552,0.8387710029558819,0.863344556135233,0.863262023747,0.8628479317130207,0.6901658723197299,0.011247218039848218,0.8599661300372385,0.5426888417071191,-0.20048009372518472,-0.2345865656664508,0.8496734876506463,0.721177930004627,0.8051334742221052,0.8378620716643209,0.753488573841026,0.6925915577803721,0.7555021301240732,0.704390973061928,0.8280032327556619,0.7291346651380999,0.719886018030425],[0.992954991126904,0.9926959368597761,0.992954991126904,0.9890381856568882,0.9890381856568882,0.9760505691688351,0.9760505691688351,0.947203405486406,0.947203405486406,0.8096707554064588,0.9887298213634227,0.8068930209798354,1.0,0.9997097857415357,0.9887163448809377,0.9742917963370745,0.9903372929617251,0.9154887326062923,0.8220815070209522,0.15400754139553338,0.9864620825199972,0.8840302085192568,-0.6347676768547672,0.4315364710558089,0.8310294000553414,0.9099697268154778,0.9591004519144795,0.9082408290018247,0.7414179447534814,0.8997998984798885,0.8555387285666098,0.7965952413495486,0.8817848183933188,0.9627668014460755,0.8074125964328769],[0.992665609200776,0.9921190773192814,0.992665609200776,0.9850994628875355,0.9850994628875355,0.9745683040769049,0.9745683040769049,0.9422981221310813,0.9422981221310813,0.7582821895304085,0.9852385856582355,0.7547163313152552,0.9997097857415357,1.0,0.9854029757543287,0.9718032581666842,0.9888212682409877,0.9020252254865643,0.8412317325544961,0.031202478505349712,0.9811056430014994,0.8926932770531348,-0.833343281263122,0.4758570949017105,0.7853503438380887,0.9140123272298095,0.9566865705494644,0.8951443925716769,0.6637424741364515,0.9097599661875996,0.8440940764163842,0.7457658991130738,0.9125863604204884,0.9648095153830243,0.7743661604315186],[0.9949297845690618,0.9949058048435325,0.9949297845690618,0.9994390116002181,0.9994390116002181,0.9523868764633753,0.9523868764633753,0.9386836833621393,0.9386836833621393,0.8410336693573685,0.9999164072970403,0.8387710029558819,0.9887163448809377,0.9854029757543287,1.0,0.9528154365667988,0.9939805589021499,0.9204926978465914,0.8515520691001294,0.11674944802485913,0.9957742498184537,0.8610124280902225,-0.4562471654870374,0.3547667411097893,0.8515639246610196,0.9007450312021835,0.9424906939523877,0.9139546704226321,0.8139156037238562,0.8990564840738375,0.8756366917434951,0.807609808626107,0.8990878825506582,0.9432722058822747,0.7738553316971979],[0.9728632655040218,0.9721892085521875,0.9728632655040218,0.9556921960619723,0.9556921960619723,0.9990274146540606,0.9990274146540606,0.9271580464025456,0.9271580464025456,0.8449852211149237,0.9529108542328837,0.863344556135233,0.9742917963370745,0.9718032581666842,0.9528154365667988,1.0,0.9744955712716113,0.9189257764282109,0.6834755696342009,-0.028293405932989367,0.9452622728852773,0.5982296313544876,-0.3747165210633291,-0.1635763464328679,0.9025679632215028,0.9022838992240387,0.9238330760625629,0.9059584440332951,0.7757556397706894,0.841429205035156,0.7801520751607707,0.7704590369563996,0.8752757848893177,0.8495845998640871,0.7851632467397711],[0.9989370410155483,0.998940248662184,0.9989370410155483,0.9949122056311887,0.9949122056311887,0.9729895862125418,0.9729895862125418,0.9419981322312946,0.9419981322312946,0.8572751894644495,0.9939460543503309,0.863262023747,0.9903372929617251,0.9888212682409877,0.9939805589021499,0.9744955712716113,1.0,0.9387035779083828,0.8563579169188127,0.11995803800445369,0.9872286947772478,0.830963481229155,-0.4382376294896201,0.36974498218287954,0.888296924363561,0.9109099331185457,0.9475746387749694,0.9380503442731619,0.8315941604735232,0.8872529130009346,0.9011344091351313,0.8391416540681402,0.9111001456575611,0.9488343352445401,0.831033123147148],[0.9245024291086035,0.9249290502361146,0.9245024291086035,0.9043734914970427,0.9043734914970427,0.9192108693784452,0.9192108693784452,0.9721940573734992,0.9721940573734992,0.8630043446855794,0.9201330575465987,0.8628479317130207,0.9154887326062923,0.9020252254865643,0.9204926978465914,0.9189257764282109,0.9387035779083828,1.0,0.7337267936922008,-2.1788010786735446e-05,0.8677523171898857,0.5227846277137872,-0.15689449977205017,-0.20392161314294602,0.8239623074556465,0.8034955044987822,0.8308108386574709,0.9136564054982608,0.8331503022587334,0.79626734036037,0.7478011142265717,0.7036297509032036,0.8397640523031702,0.7692244758126351,0.8471649595147845],[0.7853920308884835,0.805102363279856,0.7853920308884835,0.7640814430268865,0.7640814430268865,0.6346294306459183,0.6346294306459183,0.571892840672036,0.571892840672036,0.724907814414105,0.8504108151440968,0.6901658723197299,0.8220815070209522,0.8412317325544961,0.8515520691001294,0.6834755696342009,0.8563579169188127,0.7337267936922008,1.0,0.050707208575930855,0.7266498996837973,-0.41340492142603397,0.35528990257849485,-0.6596629875985744,0.34062979715606007,0.7779386311687034,0.4954236333146311,0.8325905983017643,0.6870790997576602,0.07005209808806033,0.2914751289277891,0.5612644209186154,0.7796278321254831,0.4622074538497522,-0.16531214456017532],[-0.10047344022385292,0.10850851713793393,-0.10047344022385292,-0.10682034756438918,-0.10682034756438918,-0.04604603633223421,-0.04604603633223421,0.07493392573679647,0.07493392573679647,0.24378079762283367,0.11760236743874543,0.011247218039848218,0.15400754139553338,0.031202478505349712,0.11674944802485913,-0.028293405932989367,0.11995803800445369,-2.1788010786735446e-05,0.050707208575930855,1.0,-0.06354065833643387,0.1277561461153078,0.13338340079351368,0.7515204440685788,-0.08177004580337648,0.01272018779430335,0.015340725902535109,0.18458609901303413,0.022165341859709458,0.0932717517024769,0.3665058084642756,0.5813522943902627,-0.09480988993015949,0.1315877822405634,0.16990259178407824],[0.9773917673864798,0.9686931014811748,0.9773917673864798,0.9892691200702146,0.9892691200702146,0.9352095831532755,0.9352095831532755,0.8446238095077605,0.8446238095077605,0.8311213865527107,0.9958991598832995,0.8599661300372385,0.9864620825199972,0.9811056430014994,0.9957742498184537,0.9452622728852773,0.9872286947772478,0.8677523171898857,0.7266498996837973,-0.06354065833643387,1.0,0.02257080656694192,-0.13899354558943403,-0.31229929402007156,0.6800755521119572,0.9234170671681616,0.8992987508806982,0.8608633128777242,0.7566818300554873,0.5340810098208442,0.5818989106819533,0.5401958909974967,0.9024662645871402,0.6473004470441073,0.1621766356288034],[0.09213579160784734,-0.08429443867893824,0.09213579160784734,0.1136934148354452,0.1136934148354452,0.2674620051005581,0.2674620051005581,0.5144046092150187,0.5144046092150187,0.6836465929356736,0.861470356773797,0.5426888417071191,0.8840302085192568,0.8926932770531348,0.8610124280902225,0.5982296313544876,0.830963481229155,0.5227846277137872,-0.41340492142603397,0.1277561461153078,0.02257080656694192,1.0,-0.4369980695678484,0.7587425948968191,0.36635413321043686,-0.0062873643979183946,0.27358408457262845,-0.1383621029538247,0.04079320775760336,0.5698240633793129,0.45778819880867416,0.186587548482672,-0.0555145075275119,0.36603928951888104,0.46330030174762016],[-0.04355515225613392,-0.03625869451172075,-0.04355515225613392,-0.07662416393016712,-0.07662416393016712,-0.24131680155196256,-0.24131680155196256,-0.2654872188813623,-0.2654872188813623,-0.27428665993330725,-0.4586389004202336,-0.20048009372518472,-0.6347676768547672,-0.833343281263122,-0.4562471654870374,-0.3747165210633291,-0.4382376294896201,-0.15689449977205017,0.35528990257849485,0.13338340079351368,-0.13899354558943403,-0.4369980695678484,1.0,-0.03877421717752066,-0.14274055092492333,-0.10795609327927741,-0.27180172094431965,-0.007973128821903135,-0.04453880240211006,-0.5504600128620528,-0.1755837911403277,-0.008122319824933291,-0.0010163847560565294,-0.18230007925384592,-0.4007231098530186],[-0.2528367935226488,-0.25309312274916634,-0.2528367935226488,-0.2556413774397432,-0.2556413774397432,-0.1114352926134755,-0.1114352926134755,0.02831001231427422,0.02831001231427422,0.3936630483805883,0.3557071414233758,-0.2345865656664508,0.4315364710558089,0.4758570949017105,0.3547667411097893,-0.1635763464328679,0.36974498218287954,-0.20392161314294602,-0.6596629875985744,0.7515204440685788,-0.31229929402007156,0.7587425948968191,-0.03877421717752066,1.0,-0.10159979603187354,-0.28523535635427305,-0.05742037367647294,-0.35061928736645975,-0.3277556197144388,0.09175858713047186,0.17233938944621363,0.26897055505800604,-0.38199793802536736,0.1306669445576344,0.10118142369746454],[0.8203516220828209,0.6471079792533289,0.8203516220828209,0.8179190634867726,0.8179190634867726,0.8903373810729701,0.8903373810729701,0.7848039266762028,0.7848039266762028,0.8383109714748997,0.8517389515613801,0.8496734876506463,0.8310294000553414,0.7853503438380887,0.8515639246610196,0.9025679632215028,0.888296924363561,0.8239623074556465,0.34062979715606007,-0.08177004580337648,0.6800755521119572,0.36635413321043686,-0.14274055092492333,-0.10159979603187354,1.0,0.590907301941014,0.8385584708626787,0.4848845099165463,0.6189696604352595,0.5348584842809554,0.649547935023395,0.41935003425685746,0.6986525945903862,0.6995553231820224,0.41111867598385854],[0.9387638769307202,0.9386776800428877,0.9387638769307202,0.936229427383385,0.936229427383385,0.8974096157511946,0.8974096157511946,0.7913062782192738,0.7913062782192738,0.6549365726466614,0.9038989787736071,0.721177930004627,0.9099697268154778,0.9140123272298095,0.9007450312021835,0.9022838992240387,0.9109099331185457,0.8034955044987822,0.7779386311687034,0.01272018779430335,0.9234170671681616,-0.0062873643979183946,-0.10795609327927741,-0.28523535635427305,0.590907301941014,1.0,0.8325213086015391,0.8415270906483288,0.7075907025094339,0.4080487513221126,0.5034430760213483,0.5788538210585035,0.8860974439646885,0.6261343224839625,0.06654485182387576],[0.9096976776525714,0.8829872378532294,0.9096976776525714,0.9147694676769619,0.9147694676769619,0.9282291424731995,0.9282291424731995,0.8662711895251142,0.8662711895251142,0.8178709475107161,0.9433669369507495,0.8051334742221052,0.9591004519144795,0.9566865705494644,0.9424906939523877,0.9238330760625629,0.9475746387749694,0.8308108386574709,0.4954236333146311,0.015340725902535109,0.8992987508806982,0.27358408457262845,-0.27180172094431965,-0.05742037367647294,0.8385584708626787,0.8325213086015391,1.0,0.7422058896032003,0.5971561566111435,0.5681623171874353,0.5873361769967405,0.5306126231387851,0.8083419367480579,0.8237163382074908,0.20780812617528002],[0.928835757136331,0.9232745678116692,0.928835757136331,0.917563338942046,0.917563338942046,0.8980231461637441,0.8980231461637441,0.84613331205247,0.84613331205247,0.8104134945568117,0.9134675046622577,0.8378620716643209,0.9082408290018247,0.8951443925716769,0.9139546704226321,0.9059584440332951,0.9380503442731619,0.9136564054982608,0.8325905983017643,0.18458609901303413,0.8608633128777242,-0.1383621029538247,-0.007973128821903135,-0.35061928736645975,0.4848845099165463,0.8415270906483288,0.7422058896032003,1.0,0.9038342662059946,0.5215724312019998,0.6778294148639511,0.6649756751238589,0.874520650205677,0.4878738742686076,0.2904507269884481],[0.7768243522487456,0.7889440332733647,0.7768243522487456,0.7874104334940346,0.7874104334940346,0.7366207340952883,0.7366207340952883,0.7485978102057006,0.7485978102057006,0.7000680966239843,0.812500099573023,0.753488573841026,0.7414179447534814,0.6637424741364515,0.8139156037238562,0.7757556397706894,0.8315941604735232,0.8331503022587334,0.6870790997576602,0.022165341859709458,0.7566818300554873,0.04079320775760336,-0.04453880240211006,-0.3277556197144388,0.6189696604352595,0.7075907025094339,0.5971561566111435,0.9038342662059946,1.0,0.5634332401956191,0.6605803674917938,0.6064661852346537,0.7232205058531772,0.5705241543650017,0.46855352174087145],[0.508075248924131,0.4996520397262508,0.508075248924131,0.5356447055905263,0.5356447055905263,0.7215648013974094,0.7215648013974094,0.8713660317895456,0.8713660317895456,0.6818818638558818,0.8995327286654214,0.6925915577803721,0.8997998984798885,0.9097599661875996,0.8990564840738375,0.841429205035156,0.8872529130009346,0.79626734036037,0.07005209808806033,0.0932717517024769,0.5340810098208442,0.5698240633793129,-0.5504600128620528,0.09175858713047186,0.5348584842809554,0.4080487513221126,0.5681623171874353,0.5215724312019998,0.5634332401956191,1.0,0.738239635780207,0.37517373938797594,0.4616943748193402,0.5497861004251166,0.770292165477655],[0.6223577154584666,0.6194153730581661,0.6223577154584666,0.61699440084705,0.61699440084705,0.7310675038041666,0.7310675038041666,0.773863659858007,0.773863659858007,0.775470516189352,0.8744446276337381,0.7555021301240732,0.8555387285666098,0.8440940764163842,0.8756366917434951,0.7801520751607707,0.9011344091351313,0.7478011142265717,0.2914751289277891,0.3665058084642756,0.5818989106819533,0.45778819880867416,-0.1755837911403277,0.17233938944621363,0.649547935023395,0.5034430760213483,0.5873361769967405,0.6778294148639511,0.6605803674917938,0.738239635780207,1.0,0.7781128818834474,0.4794760895179487,0.7210963818580624,0.546050013860824],[0.6385197649387344,0.6653805524126554,0.6385197649387344,0.611937886572585,0.611937886572585,0.7133232098824516,0.7133232098824516,0.7197206623313823,0.7197206623313823,0.7718179458166439,0.8066838528247344,0.704390973061928,0.7965952413495486,0.7457658991130738,0.807609808626107,0.7704590369563996,0.8391416540681402,0.7036297509032036,0.5612644209186154,0.5813522943902627,0.5401958909974967,0.186587548482672,-0.008122319824933291,0.26897055505800604,0.41935003425685746,0.5788538210585035,0.5306126231387851,0.6649756751238589,0.6064661852346537,0.37517373938797594,0.7781128818834474,1.0,0.4882230407669372,0.6654492541365425,0.19658205965357117],[0.9307463080326188,0.9279900400757538,0.9307463080326188,0.9236566482567624,0.9236566482567624,0.8520031460310147,0.8520031460310147,0.7791137742408197,0.7791137742408197,0.7861185823703198,0.8992063119983398,0.8280032327556619,0.8817848183933188,0.9125863604204884,0.8990878825506582,0.8752757848893177,0.9111001456575611,0.8397640523031702,0.7796278321254831,-0.09480988993015949,0.9024662645871402,-0.0555145075275119,-0.0010163847560565294,-0.38199793802536736,0.6986525945903862,0.8860974439646885,0.8083419367480579,0.874520650205677,0.7232205058531772,0.4616943748193402,0.4794760895179487,0.4882230407669372,1.0,0.7173520678069506,0.16018632562772264],[0.8189791564267963,0.6692487508635477,0.8189791564267963,0.8090010863480219,0.8090010863480219,0.852288525797957,0.852288525797957,0.839678387947402,0.839678387947402,0.8278950972126654,0.943366540660044,0.7291346651380999,0.9627668014460755,0.9648095153830243,0.9432722058822747,0.8495845998640871,0.9488343352445401,0.7692244758126351,0.4622074538497522,0.1315877822405634,0.6473004470441073,0.36603928951888104,-0.18230007925384592,0.1306669445576344,0.6995553231820224,0.6261343224839625,0.8237163382074908,0.4878738742686076,0.5705241543650017,0.5497861004251166,0.7210963818580624,0.6654492541365425,0.7173520678069506,1.0,0.16904354517267586],[0.1713446317893891,0.16794269719184363,0.1713446317893891,0.18320101133090266,0.18320101133090266,0.4594426108839151,0.4594426108839151,0.797988123508975,0.797988123508975,0.7550448761129774,0.773679953076347,0.719886018030425,0.8074125964328769,0.7743661604315186,0.7738553316971979,0.7851632467397711,0.831033123147148,0.8471649595147845,-0.16531214456017532,0.16990259178407824,0.1621766356288034,0.46330030174762016,-0.4007231098530186,0.10118142369746454,0.41111867598385854,0.06654485182387576,0.20780812617528002,0.2904507269884481,0.46855352174087145,0.770292165477655,0.546050013860824,0.19658205965357117,0.16018632562772264,0.16904354517267586,1.0]],"x":["^TAIEX       \u81fa\u7063\u52a0\u6b0a\u5831\u916c\u6307\u6578","^TWII        \u81fa\u7063\u52a0\u6b0a\u6307\u6578","^TAIEXx2     \u81fa\u7063\u52a0\u6b0a\u5831\u916c\u6307\u6578_\u65e5\u6b632","^TAI50I      \u81fa\u706350\u5831\u916c\u6307\u6578","^TAI50Ix2    \u81fa\u706350\u5831\u916c\u6307\u6578_\u65e5\u6b632","^TAI100I     \u81fa\u7063\u4e2d\u578b100\u5831\u916c\u6307\u6578","^TAI100Ix2   \u81fa\u7063\u4e2d\u578b100\u5831\u916c\u6307\u6578_\u65e5\u6b632","^TAIDIVIDI   \u81fa\u7063\u9ad8\u80a1\u606f\u5831\u916c\u6307\u6578","^TAIDIVIDIx2 \u81fa\u7063\u9ad8\u80a1\u606f\u5831\u916c\u6307\u6578_\u65e5\u6b632","0050Fund     \u5143\u5927\u53f0\u7063\u5353\u8d8a50\u57fa\u91d1","006208Fund   \u5bcc\u90a6\u53f0\u7063\u91c6\u540950\u57fa\u91d1","0050         \u5143\u5927\u81fa\u706350","00631L       \u5143\u5927\u53f0\u706350\u6b632","00675L       \u5bcc\u90a6\u81fa\u7063\u52a0\u6b0a\u6b632","006208       \u5bcc\u90a6\u53f050","0051         \u5143\u5927\u4e2d\u578b100","006204       \u6c38\u8c50\u81fa\u7063\u52a0\u6b0a","0056         \u5143\u5927\u9ad8\u80a1\u606f","2412         \u4e2d\u83ef\u96fb\u4fe1","2002         \u4e2d\u92fc","2330         \u53f0\u7a4d\u96fb","2317         \u9d3b\u6d77","6505         \u53f0\u5851\u77f3\u5316","3481         \u7fa4\u5275","2303         \u806f\u96fb","2308         \u53f0\u9054\u96fb","2454         \u806f\u767c\u79d1","2886         \u5146\u8c50\u91d1","2884         \u7389\u5c71\u91d1","2891         \u4e2d\u4fe1\u91d1","2892         \u7b2c\u4e00\u91d1","5880         \u5408\u5eab\u91d1","2881         \u5bcc\u90a6\u91d1","2885         \u5143\u5927\u91d1","2887         \u53f0\u65b0\u91d1"],"y":["^TAIEX       \u81fa\u7063\u52a0\u6b0a\u5831\u916c\u6307\u6578","^TWII        \u81fa\u7063\u52a0\u6b0a\u6307\u6578","^TAIEXx2     \u81fa\u7063\u52a0\u6b0a\u5831\u916c\u6307\u6578_\u65e5\u6b632","^TAI50I      \u81fa\u706350\u5831\u916c\u6307\u6578","^TAI50Ix2    \u81fa\u706350\u5831\u916c\u6307\u6578_\u65e5\u6b632","^TAI100I     \u81fa\u7063\u4e2d\u578b100\u5831\u916c\u6307\u6578","^TAI100Ix2   \u81fa\u7063\u4e2d\u578b100\u5831\u916c\u6307\u6578_\u65e5\u6b632","^TAIDIVIDI   \u81fa\u7063\u9ad8\u80a1\u606f\u5831\u916c\u6307\u6578","^TAIDIVIDIx2 \u81fa\u7063\u9ad8\u80a1\u606f\u5831\u916c\u6307\u6578_\u65e5\u6b632","0050Fund     \u5143\u5927\u53f0\u7063\u5353\u8d8a50\u57fa\u91d1","006208Fund   \u5bcc\u90a6\u53f0\u7063\u91c6\u540950\u57fa\u91d1","0050         \u5143\u5927\u81fa\u706350","00631L       \u5143\u5927\u53f0\u706350\u6b632","00675L       \u5bcc\u90a6\u81fa\u7063\u52a0\u6b0a\u6b632","006208       \u5bcc\u90a6\u53f050","0051         \u5143\u5927\u4e2d\u578b100","006204       \u6c38\u8c50\u81fa\u7063\u52a0\u6b0a","0056         \u5143\u5927\u9ad8\u80a1\u606f","2412         \u4e2d\u83ef\u96fb\u4fe1","2002         \u4e2d\u92fc","2330         \u53f0\u7a4d\u96fb","2317         \u9d3b\u6d77","6505         \u53f0\u5851\u77f3\u5316","3481         \u7fa4\u5275","2303         \u806f\u96fb","2308         \u53f0\u9054\u96fb","2454         \u806f\u767c\u79d1","2886         \u5146\u8c50\u91d1","2884         \u7389\u5c71\u91d1","2891         \u4e2d\u4fe1\u91d1","2892         \u7b2c\u4e00\u91d1","5880         \u5408\u5eab\u91d1","2881         \u5bcc\u90a6\u91d1","2885         \u5143\u5927\u91d1","2887         \u53f0\u65b0\u91d1"],"zmin":-1,"zmax":1,"colorbar":{"x":-0.2}}],"layout":{"autotypenumbers":"strict","colorway":["#636efa","#EF553B","#00cc96","#ab63fa","#FFA15A","#19d3f3","#FF6692","#B6E880","#FF97FF","#FECB52"],"font":{"color":"#f2f5fa","family":"Courier New"},"hovermode":"closest","hoverlabel":{"align":"left"},"paper_bgcolor":"rgb(17,17,17)","plot_bgcolor":"rgb(17,17,17)","polar":{"bgcolor":"rgb(17,17,17)","angularaxis":{"gridcolor":"#506784","linecolor":"#506784","ticks":""},"radialaxis":{"gridcolor":"#506784","linecolor":"#506784","ticks":""}},"ternary":{"bgcolor":"rgb(17,17,17)","aaxis":{"gridcolor":"#506784","linecolor":"#506784","ticks":""},"baxis":{"gridcolor":"#506784","linecolor":"#506784","ticks":""},"caxis":{"gridcolor":"#506784","linecolor":"#506784","ticks":""}},"coloraxis":{"colorbar":{"outlinewidth":0,"ticks":""}},"colorscale":{"sequential":[[0.0,"#0d0887"],[0.1111111111111111,"#46039f"],[0.2222222222222222,"#7201a8"],[0.3333333333333333,"#9c179e"],[0.4444444444444444,"#bd3786"],[0.5555555555555556,"#d8576b"],[0.6666666666666666,"#ed7953"],[0.7777777777777778,"#fb9f3a"],[0.8888888888888888,"#fdca26"],[1.0,"#f0f921"]],"sequentialminus":[[0.0,"#0d0887"],[0.1111111111111111,"#46039f"],[0.2222222222222222,"#7201a8"],[0.3333333333333333,"#9c179e"],[0.4444444444444444,"#bd3786"],[0.5555555555555556,"#d8576b"],[0.6666666666666666,"#ed7953"],[0.7777777777777778,"#fb9f3a"],[0.8888888888888888,"#fdca26"],[1.0,"#f0f921"]],"diverging":[[0,"#8e0152"],[0.1,"#c51b7d"],[0.2,"#de77ae"],[0.3,"#f1b6da"],[0.4,"#fde0ef"],[0.5,"#f7f7f7"],[0.6,"#e6f5d0"],[0.7,"#b8e186"],[0.8,"#7fbc41"],[0.9,"#4d9221"],[1,"#276419"]]},"xaxis":{"gridcolor":"rgba(0, 0, 0, 0)","linecolor":"#506784","ticks":"","title":{"standoff":15},"zerolinecolor":"#283442","automargin":true,"zerolinewidth":2,"tickfont":{"family":"Courier New","size":14},"side":"top","tickangle":-90},"yaxis":{"gridcolor":"rgba(0, 0, 0, 0)","linecolor":"#506784","ticks":"","title":{"standoff":15},"zerolinecolor":"#283442","automargin":true,"zerolinewidth":2,"tickfont":{"family":"Courier New"},"side":"right"},"scene":{"xaxis":{"backgroundcolor":"rgb(17,17,17)","gridcolor":"#506784","linecolor":"#506784","showbackground":true,"ticks":"","zerolinecolor":"#C8D4E3","gridwidth":2},"yaxis":{"backgroundcolor":"rgb(17,17,17)","gridcolor":"#506784","linecolor":"#506784","showbackground":true,"ticks":"","zerolinecolor":"#C8D4E3","gridwidth":2},"zaxis":{"backgroundcolor":"rgb(17,17,17)","gridcolor":"#506784","linecolor":"#506784","showbackground":true,"ticks":"","zerolinecolor":"#C8D4E3","gridwidth":2}},"shapedefaults":{"line":{"color":"#f2f5fa"}},"annotationdefaults":{"arrowcolor":"#f2f5fa","arrowhead":0,"arrowwidth":1},"geo":{"bgcolor":"rgb(17,17,17)","landcolor":"rgb(17,17,17)","subunitcolor":"#506784","showland":true,"showlakes":true,"lakecolor":"rgb(17,17,17)"},"title":{"x":0.05,"font":{"family":"Times New Roman"},"y":0.05,"text":"<b>Correlation of Close<b><br><i>2016-09-23 ~ 2025-09-17<i>"},"updatemenudefaults":{"bgcolor":"#506784","borderwidth":0},"sliderdefaults":{"bgcolor":"#C8D4E3","borderwidth":1,"bordercolor":"rgb(17,17,17)","tickwidth":0},"mapbox":{"style":"dark"},"annotations":[{"text":"<b>@zwindr<b>","textangle":0,"opacity":0.5,"font":{"color":"white","size":12},"xref":"paper","yref":"paper","xanchor":"left","yanchor":"bottom","x":1.0,"y":1.0,"showarrow":false}]},"config":{"responsive":true,"toImageButtonOptions":{"filename":"Correlation of Close_2016-09-23~2025-09-17","scale":5}}};Plotly.newPlot("correlationClose",correlationClose.data,correlationClose.layout||{},correlationClose.config);}else{console.log("style display is none => correlationClose");}