var element=document.getElementById("correlationAdjClose");if(element.style.display!='none'){var correlationAdjClose={"data":[{"type":"heatmap","z":[[1.0,0.9966616534620087,0.9471469713938563,0.9965268722598091,0.9153828700548257,0.9894717086013997,0.9630050503865171,0.9814049334789339,0.9806923072668297,0.9966361111891183,0.9967579493885624,0.996867522981259,0.8866920950338796,0.9802446207581816,0.9968404412064259,0.9899697079456645,0.9997935864587428,0.9813110066534033,0.9057348616700392,0.8797356235853581,0.5698541429335308,0.9873274534633516,0.9463720753040059,0.25850398797316293,-0.14841847504612143,0.9185599793613303,0.8981733687673528,0.9419922474596308,0.9321396915802278,0.9329717807854698,0.9851087318321942,0.9326793118527199,0.884229414339441,0.9729261170067355,0.9842154693225768,0.9637883800796146],[0.9966616534620087,1.0,0.9531084344981939,0.9945988422684002,0.9222421488760127,0.9859539368502382,0.9652948488449901,0.9721708224019814,0.9784375520879572,0.9955371168671132,0.9969899492909532,0.9965844449837169,0.896753024036168,0.9843715533491628,0.9970508953087204,0.9857994161168907,0.9980334519165335,0.9741298595560984,0.915930733836697,0.8650066285495461,0.5921021113817876,0.9795308069118991,0.9288885723595145,0.24999199844706768,-0.08481560991164748,0.9083029277799459,0.9033909279709306,0.9469210704339915,0.9120721532123597,0.9175514505939271,0.9786843637861931,0.9145798361634846,0.8786347083649945,0.9632993731512943,0.979673095895193,0.9582103336453655],[0.9471469713938563,0.9531084344981939,1.0,0.9660002089831109,0.9951968174629667,0.9369719050025326,0.9829511647313164,0.8941925651889819,0.9583256072272407,0.9662810519322556,0.9741685253565766,0.970575766268349,0.9194507903252682,0.9975923825913167,0.973918128804238,0.9346768749867591,0.9583283152832031,0.8953035766792635,0.8193032801258927,0.7076124707990941,0.3653342572501234,0.9700014396798806,0.8793847503794894,0.08335844907562873,-0.018104773235479096,0.9099198548785066,0.9716367498364333,0.9742051089917316,0.7771964169171037,0.7881164135886876,0.9311308241530243,0.7824350175396915,0.7235481213569119,0.880852953285688,0.9539861035594909,0.8829851131129368],[0.9965268722598091,0.9945988422684002,0.9660002089831109,1.0,0.9406183189283496,0.9813664142115541,0.9689223566215592,0.9666734320653038,0.9782704619935125,0.9999835125329358,0.9999955059075111,0.9999758879004075,0.8975906998372707,0.9868426924916605,0.9999706426897226,0.9797913473067883,0.9962403751443696,0.966421230113568,0.8839077128884203,0.8482222128112091,0.5188107566736986,0.9958148740673954,0.9426324174342839,0.21879020707697178,-0.12555792610152933,0.9158967349703554,0.9228988623118116,0.9525810590707007,0.9044475937245016,0.912001700791617,0.9835392576803519,0.9060100277663099,0.8524202463447422,0.9605492612330458,0.9835851932564078,0.9506862894703678],[0.9153828700548257,0.9222421488760127,0.9951968174629667,0.9406183189283496,1.0,0.9001207588407477,0.963689374395546,0.8509888251715186,0.9295173851097333,0.9415054813974165,0.9543893669085639,0.9487060848357579,0.9139071832988261,0.9882001716993263,0.9539227242343941,0.897833272996684,0.9305899152181223,0.8522380789967963,0.7728537978375957,0.6528084796550377,0.3053298645371073,0.9487017321009529,0.8456186652124112,0.05075969378996313,0.0066527988134336856,0.8797283772583541,0.9791203801478437,0.9602558844314479,0.7191440323636852,0.7360095955567323,0.8996868074275706,0.7260999821853737,0.6604349639983715,0.8373123929070474,0.9240857553519733,0.8404989152840489],[0.9894717086013997,0.9859539368502382,0.9369719050025326,0.9813664142115541,0.9001207588407477,1.0,0.9722050019046579,0.9821003762447506,0.9828807077023636,0.9810171704027921,0.9765129019512734,0.9791902635744084,0.8638858776818037,0.9506842618697359,0.9765582052738808,0.9999318933033879,0.9907044193149876,0.9830072275749262,0.9128169640618271,0.8553316191783683,0.5419176333475635,0.9745493475781793,0.9308252736027458,0.15763987572107457,-0.1003764155638369,0.9354997356137399,0.8745287089464594,0.9363245683193978,0.9270182582991969,0.9173285869578384,0.9722056068440029,0.928322067119077,0.901886878443406,0.9631602397307385,0.9848420439519459,0.9670092193945076],[0.9630050503865171,0.9652948488449901,0.9829511647313164,0.9689223566215592,0.963689374395546,0.9722050019046579,1.0,0.9326958781080686,0.9834682385133898,0.9683418207150079,0.9771954519993817,0.9735103522395391,0.9066328617316287,0.9865404371703584,0.9769143725032342,0.9732448737353633,0.976651963789132,0.9355965337830262,0.861134283299038,0.7440927292577204,0.3922244406320961,0.9693158551380657,0.9058253855905865,0.02967607167518761,-0.011290495026427162,0.926309983004628,0.9347783260464917,0.9696673922157468,0.825479281233802,0.8182643237696735,0.946273023932754,0.8285355577974605,0.7948749398719916,0.9093093277753732,0.9759153129103454,0.9148115831681456],[0.9814049334789339,0.9721708224019814,0.8941925651889819,0.9666734320653038,0.8509888251715186,0.9821003762447506,0.9326958781080686,1.0,0.9737694090927971,0.9665900073348064,0.9628216745146425,0.965708274940926,0.8283583919059645,0.9248565076745875,0.9630176077593248,0.9838301666559774,0.9793457589296736,0.9999008945045196,0.9418312751302487,0.9231703112078646,0.5331357291691993,0.9551168414901668,0.9259453959748807,0.13199249300086707,-0.19309660144072652,0.9112458367987942,0.8126462272499758,0.9007277944035595,0.9642654276182577,0.9510344181580033,0.9716283675496992,0.9567608722388145,0.9150092330980772,0.9716487349320321,0.9596940958434514,0.9745442699878366],[0.9806923072668297,0.9784375520879572,0.9583256072272407,0.9782704619935125,0.9295173851097333,0.9828807077023636,0.9834682385133898,0.9737694090927971,1.0,0.9779877919117588,0.9751253277322983,0.9770735472891028,0.8802620737390653,0.9644234934509613,0.9750618916000547,0.9821514568346189,0.9799634453941394,0.9743073949786756,0.910431520769932,0.8313339291165831,0.41067281767534525,0.9722788443339968,0.9296500899218588,-0.003397503512305049,-0.08143430270703143,0.9276229031249243,0.8845243927109309,0.9613463476567656,0.8878123499186127,0.8728783352053091,0.969792902200978,0.8828275404928566,0.8364661986571575,0.9475405597368738,0.9822018738498428,0.9406366345928269],[0.9966361111891183,0.9955371168671132,0.9662810519322556,0.9999835125329358,0.9415054813974165,0.9810171704027921,0.9683418207150079,0.9665900073348064,0.9779877919117588,1.0,0.99999530930285,0.9999854813266624,0.8996718203492592,0.9870728368077403,0.9999717004561566,0.979610310291647,0.9961460699889204,0.9663564583852499,0.8857344892367599,0.8481662551220753,0.508113301985075,0.9960062206929589,0.9433082457648728,0.2204419810011347,-0.11940217512163087,0.917082025005821,0.9228856371696633,0.9519810924886342,0.9021619177450433,0.9091832981163169,0.9830485068375214,0.9036330560337033,0.8488135731539328,0.9593114555850266,0.9833671838088228,0.94986739116188],[0.9967579493885624,0.9969899492909532,0.9741685253565766,0.9999955059075111,0.9543893669085639,0.9765129019512734,0.9771954519993817,0.9628216745146425,0.9751253277322983,0.99999530930285,1.0,0.9999804050650004,0.899699150542795,0.9869188380581535,0.9999733620497707,0.9761842756820515,0.9960746942489412,0.9637053065350321,0.9027147099455929,0.8785696090074778,0.3316094714553984,0.9977921578293749,0.9345628466892434,-0.22813216484233648,0.6787342288013504,0.9146996591508523,0.9188089429863855,0.9537601768137149,0.88139524874294,0.8856345513515672,0.978872098409604,0.8748017405668685,0.7991717854747857,0.949513908021384,0.9880630935553676,0.9488997621328342],[0.996867522981259,0.9965844449837169,0.970575766268349,0.9999758879004075,0.9487060848357579,0.9791902635744084,0.9735103522395391,0.965708274940926,0.9770735472891028,0.9999854813266624,0.9999804050650004,1.0,0.9012482795099303,0.987188076744092,0.999980081956965,0.9790395517114028,0.9960854804358832,0.9663329061635069,0.8942293238193977,0.8652230822495625,0.4153426655727003,0.9972863008051336,0.9421512816423577,-0.040852679572414466,0.14380209527003465,0.9239295369334458,0.9202493416695324,0.9501407338269389,0.8895704491374652,0.8941026735411225,0.9807729537542862,0.88888458165431,0.8294636953444953,0.9552317783262554,0.9838789374461888,0.9503537728455609],[0.8866920950338796,0.896753024036168,0.9194507903252682,0.8975906998372707,0.9139071832988261,0.8638858776818037,0.9066328617316287,0.8283583919059645,0.8802620737390653,0.8996718203492592,0.899699150542795,0.9012482795099303,1.0,0.9998969458997267,0.9008817589120006,0.866331109860601,0.8893053119564567,0.8336194996045351,0.775696577985161,0.7005254751669096,0.1502215573070135,0.895437097538688,0.8221469635488989,-0.46168184731225975,0.7225166432558962,0.8288412999059193,0.8946276201081347,0.9036904123203493,0.7029046715451467,0.7042156409951459,0.8655687279196441,0.6953413158741943,0.5968341690120373,0.8231895612249795,0.8871569738382844,0.834484512988843],[0.9802446207581816,0.9843715533491628,0.9975923825913167,0.9868426924916605,0.9882001716993263,0.9506842618697359,0.9865404371703584,0.9248565076745875,0.9644234934509613,0.9870728368077403,0.9869188380581535,0.987188076744092,0.9998969458997267,1.0,0.9870083037091081,0.9500685414842401,0.9785464307222127,0.9278109726389312,0.8645147749067452,0.8319041139195535,0.04855518742989964,0.9779346809946744,0.8853604805697838,-0.6265561352143274,0.7644990712291894,0.8999738209510219,0.9602890149838632,0.971294260036032,0.7855958660420596,0.8003212910852209,0.9465380111908968,0.7975743579302811,0.6596437293518741,0.8960603581356434,0.9691751738950946,0.9254666833055022],[0.9968404412064259,0.9970508953087204,0.973918128804238,0.9999706426897226,0.9539227242343941,0.9765582052738808,0.9769143725032342,0.9630176077593248,0.9750618916000547,0.9999717004561566,0.9999733620497707,0.999980081956965,0.9008817589120006,0.9870083037091081,1.0,0.9764294950259208,0.9961768134597081,0.9642703228755131,0.904255608314142,0.878788073317605,0.3313813301294474,0.9976817887285888,0.9345023368643331,-0.2254797799933763,0.6810830741258291,0.9152835674870348,0.9187129880739393,0.9537151957832893,0.8817461920875346,0.8859540990309454,0.9789911289654613,0.8753692840495185,0.7994877787142977,0.9498907030901932,0.9881914470897308,0.9497163213634529],[0.9899697079456645,0.9857994161168907,0.9346768749867591,0.9797913473067883,0.897833272996684,0.9999318933033879,0.9732448737353633,0.9838301666559774,0.9821514568346189,0.979610310291647,0.9761842756820515,0.9790395517114028,0.866331109860601,0.9500685414842401,0.9764294950259208,1.0,0.9906958093040624,0.9835898415554396,0.9165249036805149,0.8787086618853067,0.5063782406225037,0.9730485180907756,0.9284719840863623,0.005153798455625567,0.012917993973992525,0.9394454812795879,0.8678748325680328,0.9325512619924125,0.9280107026684278,0.9134131626106248,0.9705517896160434,0.9279294441526075,0.8953395552417138,0.9655085621106777,0.9839954545741761,0.9694896315086541],[0.9997935864587428,0.9980334519165335,0.9583283152832031,0.9962403751443696,0.9305899152181223,0.9907044193149876,0.976651963789132,0.9793457589296736,0.9799634453941394,0.9961460699889204,0.9960746942489412,0.9960854804358832,0.8893053119564567,0.9785464307222127,0.9961768134597081,0.9906958093040624,1.0,0.9802229509138182,0.9260924538495611,0.9022197875874288,0.4038180968518553,0.9916487452402494,0.9364868133232326,-0.177011570882761,0.6662153673365523,0.929065803484653,0.8949492187054706,0.9462092481151045,0.9146658710008588,0.9099116483642637,0.9809424539562869,0.9078815976706687,0.8481460510510648,0.9649540969685803,0.9920058526456836,0.967938344251504],[0.9813110066534033,0.9741298595560984,0.8953035766792635,0.966421230113568,0.8522380789967963,0.9830072275749262,0.9355965337830262,0.9999008945045196,0.9743073949786756,0.9663564583852499,0.9637053065350321,0.9663329061635069,0.8336194996045351,0.9278109726389312,0.9642703228755131,0.9835898415554396,0.9802229509138182,1.0,0.9448217778671232,0.9280404038830287,0.5242010417118976,0.9545195367308805,0.9291342522524777,0.09252328055674362,-0.08934412214139645,0.9155519983260517,0.8123919870930855,0.902227865490723,0.9631235345955736,0.9491315612250041,0.9707766852275106,0.9542971623646866,0.9118555847151122,0.9711256764011859,0.9590438920893489,0.9750844182740138],[0.9057348616700392,0.915930733836697,0.8193032801258927,0.8839077128884203,0.7728537978375957,0.9128169640618271,0.861134283299038,0.9418312751302487,0.910431520769932,0.8857344892367599,0.9027147099455929,0.8942293238193977,0.775696577985161,0.8645147749067452,0.904255608314142,0.9165249036805149,0.9260924538495611,0.9448217778671232,1.0,0.843940454371921,0.6064371729301796,0.8622032917194419,0.8458782021391112,0.17663995337235094,0.001376351720701823,0.8755855560181827,0.7243752285555884,0.8398766884196298,0.897036978657434,0.8713287015100939,0.8797319892756419,0.881591190567847,0.8533118139440334,0.8854661171838628,0.8881914916748762,0.9141828878986935],[0.8797356235853581,0.8650066285495461,0.7076124707990941,0.8482222128112091,0.6528084796550377,0.8553316191783683,0.7440927292577204,0.9231703112078646,0.8313339291165831,0.8481662551220753,0.8785696090074778,0.8652230822495625,0.7005254751669096,0.8319041139195535,0.878788073317605,0.8787086618853067,0.9022197875874288,0.9280404038830287,0.843940454371921,1.0,0.8012515124547548,0.8029434121208711,0.866607395877255,0.5836689771246204,-0.4429926555487528,0.6958620959424915,0.6616367144245628,0.7214907829042214,0.9633805201396503,0.9434761541754255,0.8707290912371338,0.9522990293801762,0.9103059981910512,0.8972357634429169,0.8180936199262178,0.8750347354769996],[0.5698541429335308,0.5921021113817876,0.3653342572501234,0.5188107566736986,0.3053298645371073,0.5419176333475635,0.3922244406320961,0.5331357291691993,0.41067281767534525,0.508113301985075,0.3316094714553984,0.4153426655727003,0.1502215573070135,0.04855518742989964,0.3313813301294474,0.5063782406225037,0.4038180968518553,0.5242010417118976,0.6064371729301796,0.8012515124547548,1.0,0.4705759530090019,0.6246042294852926,0.7209747605392418,-0.11466248812944031,0.43742382161798443,0.360398636148892,0.4343903277603157,0.744573595559004,0.6665300539633053,0.5252118974577136,0.6996811238241534,0.7366707977926437,0.5994545949596047,0.5232760232922694,0.5962617777587064],[0.9873274534633516,0.9795308069118991,0.9700014396798806,0.9958148740673954,0.9487017321009529,0.9745493475781793,0.9693158551380657,0.9551168414901668,0.9722788443339968,0.9960062206929589,0.9977921578293749,0.9972863008051336,0.895437097538688,0.9779346809946744,0.9976817887285888,0.9730485180907756,0.9916487452402494,0.9545195367308805,0.8622032917194419,0.8029434121208711,0.4705759530090019,1.0,0.9225574905219023,0.16012144755491267,-0.10932976997436408,0.9005554632480638,0.9318461909793326,0.9498367358879369,0.8720237304532594,0.891575805226394,0.9767919699937032,0.8821322158003163,0.8245619349976671,0.9482419913617806,0.9737866428322846,0.9349553200006608],[0.9463720753040059,0.9288885723595145,0.8793847503794894,0.9426324174342839,0.8456186652124112,0.9308252736027458,0.9058253855905865,0.9259453959748807,0.9296500899218588,0.9433082457648728,0.9345628466892434,0.9421512816423577,0.8221469635488989,0.8853604805697838,0.9345023368643331,0.9284719840863623,0.9364868133232326,0.9291342522524777,0.8458782021391112,0.866607395877255,0.6246042294852926,0.9225574905219023,1.0,0.2272170635208122,-0.08901484541558717,0.7729961353344842,0.8285037388043764,0.8688655295214838,0.9002439867732042,0.8756090524467389,0.9494963635146211,0.8823025578163104,0.8402188719163876,0.9457862270682984,0.9078766571732414,0.8928222075089739],[0.25850398797316293,0.24999199844706768,0.08335844907562873,0.21879020707697178,0.05075969378996313,0.15763987572107457,0.02967607167518761,0.13199249300086707,-0.003397503512305049,0.2204419810011347,-0.22813216484233648,-0.040852679572414466,-0.46168184731225975,-0.6265561352143274,-0.2254797799933763,0.005153798455625567,-0.177011570882761,0.09252328055674362,0.17663995337235094,0.5836689771246204,0.7209747605392418,0.16012144755491267,0.2272170635208122,1.0,-0.3803067329145662,0.1749760767278107,0.09001662173230657,0.08619402346029917,0.41466262043571345,0.4001052186922659,0.21316697402351248,0.42470743758410157,0.370562409492643,0.26333794304103364,0.16490611807028865,0.2853527339723065],[-0.14841847504612143,-0.08481560991164748,-0.018104773235479096,-0.12555792610152933,0.0066527988134336856,-0.1003764155638369,-0.011290495026427162,-0.19309660144072652,-0.08143430270703143,-0.11940217512163087,0.6787342288013504,0.14380209527003465,0.7225166432558962,0.7644990712291894,0.6810830741258291,0.012917993973992525,0.6662153673365523,-0.08934412214139645,0.001376351720701823,-0.4429926555487528,-0.11466248812944031,-0.10932976997436408,-0.08901484541558717,-0.3803067329145662,1.0,-0.00884516509866325,-0.013797444560069469,0.0034386915691839563,-0.31232228265396383,-0.2968630072195838,-0.16498101899483217,-0.27036487606472603,-0.16507853236110492,-0.22375483602570692,-0.04566009043279921,-0.18450302947714284],[0.9185599793613303,0.9083029277799459,0.9099198548785066,0.9158967349703554,0.8797283772583541,0.9354997356137399,0.926309983004628,0.9112458367987942,0.9276229031249243,0.917082025005821,0.9146996591508523,0.9239295369334458,0.8288412999059193,0.8999738209510219,0.9152835674870348,0.9394454812795879,0.929065803484653,0.9155519983260517,0.8755855560181827,0.6958620959424915,0.43742382161798443,0.9005554632480638,0.7729961353344842,0.1749760767278107,-0.00884516509866325,1.0,0.8344864690259522,0.9307633044305369,0.7852337832412413,0.8236441763027518,0.8724692331547367,0.8275456347014357,0.7929326560636072,0.8698105163975147,0.9078560455346618,0.9065420039823593],[0.8981733687673528,0.9033909279709306,0.9716367498364333,0.9228988623118116,0.9791203801478437,0.8745287089464594,0.9347783260464917,0.8126462272499758,0.8845243927109309,0.9228856371696633,0.9188089429863855,0.9202493416695324,0.8946276201081347,0.9602890149838632,0.9187129880739393,0.8678748325680328,0.8949492187054706,0.8123919870930855,0.7243752285555884,0.6616367144245628,0.360398636148892,0.9318461909793326,0.8285037388043764,0.09001662173230657,-0.013797444560069469,0.8344864690259522,1.0,0.9255973873502805,0.7089094578350236,0.7230702598738887,0.8765213753661876,0.7114166459850615,0.6487813218943748,0.8140248478779807,0.896882410019353,0.8203937963994604],[0.9419922474596308,0.9469210704339915,0.9742051089917316,0.9525810590707007,0.9602558844314479,0.9363245683193978,0.9696673922157468,0.9007277944035595,0.9613463476567656,0.9519810924886342,0.9537601768137149,0.9501407338269389,0.9036904123203493,0.971294260036032,0.9537151957832893,0.9325512619924125,0.9462092481151045,0.902227865490723,0.8398766884196298,0.7214907829042214,0.4343903277603157,0.9498367358879369,0.8688655295214838,0.08619402346029917,0.0034386915691839563,0.9307633044305369,0.9255973873502805,1.0,0.7988868064475332,0.7991048936883999,0.922425342345684,0.7939331321452733,0.7527746917838962,0.8924605875431546,0.9563167197178263,0.8776369467552478],[0.9321396915802278,0.9120721532123597,0.7771964169171037,0.9044475937245016,0.7191440323636852,0.9270182582991969,0.825479281233802,0.9642654276182577,0.8878123499186127,0.9021619177450433,0.88139524874294,0.8895704491374652,0.7029046715451467,0.7855958660420596,0.8817461920875346,0.9280107026684278,0.9146658710008588,0.9631235345955736,0.897036978657434,0.9633805201396503,0.744573595559004,0.8720237304532594,0.9002439867732042,0.41466262043571345,-0.31232228265396383,0.7852337832412413,0.7089094578350236,0.7988868064475332,1.0,0.9874993576561569,0.9290345035901441,0.9916611822491649,0.9571323775913576,0.9533798243819962,0.8782903405926156,0.9488877157234873],[0.9329717807854698,0.9175514505939271,0.7881164135886876,0.912001700791617,0.7360095955567323,0.9173285869578384,0.8182643237696735,0.9510344181580033,0.8728783352053091,0.9091832981163169,0.8856345513515672,0.8941026735411225,0.7042156409951459,0.8003212910852209,0.8859540990309454,0.9134131626106248,0.9099116483642637,0.9491315612250041,0.8713287015100939,0.9434761541754255,0.6665300539633053,0.891575805226394,0.8756090524467389,0.4001052186922659,-0.2968630072195838,0.8236441763027518,0.7230702598738887,0.7991048936883999,0.9874993576561569,1.0,0.9306379500394307,0.9864851536744927,0.9570345738448633,0.942589199221434,0.896117248825445,0.951784950944859],[0.9851087318321942,0.9786843637861931,0.9311308241530243,0.9835392576803519,0.8996868074275706,0.9722056068440029,0.946273023932754,0.9716283675496992,0.969792902200978,0.9830485068375214,0.978872098409604,0.9807729537542862,0.8655687279196441,0.9465380111908968,0.9789911289654613,0.9705517896160434,0.9809424539562869,0.9707766852275106,0.8797319892756419,0.8707290912371338,0.5252118974577136,0.9767919699937032,0.9494963635146211,0.21316697402351248,-0.16498101899483217,0.8724692331547367,0.8765213753661876,0.922425342345684,0.9290345035901441,0.9306379500394307,1.0,0.9265397688345217,0.8718711490559727,0.975971272928321,0.9749260251611946,0.959134836630103],[0.9326793118527199,0.9145798361634846,0.7824350175396915,0.9060100277663099,0.7260999821853737,0.928322067119077,0.8285355577974605,0.9567608722388145,0.8828275404928566,0.9036330560337033,0.8748017405668685,0.88888458165431,0.6953413158741943,0.7975743579302811,0.8753692840495185,0.9279294441526075,0.9078815976706687,0.9542971623646866,0.881591190567847,0.9522990293801762,0.6996811238241534,0.8821322158003163,0.8823025578163104,0.42470743758410157,-0.27036487606472603,0.8275456347014357,0.7114166459850615,0.7939331321452733,0.9916611822491649,0.9864851536744927,0.9265397688345217,1.0,0.9739847814890137,0.9456897481496158,0.9003507719999726,0.9492240072014227],[0.884229414339441,0.8786347083649945,0.7235481213569119,0.8524202463447422,0.6604349639983715,0.901886878443406,0.7948749398719916,0.9150092330980772,0.8364661986571575,0.8488135731539328,0.7991717854747857,0.8294636953444953,0.5968341690120373,0.6596437293518741,0.7994877787142977,0.8953395552417138,0.8481460510510648,0.9118555847151122,0.8533118139440334,0.9103059981910512,0.7366707977926437,0.8245619349976671,0.8402188719163876,0.370562409492643,-0.16507853236110492,0.7929326560636072,0.6487813218943748,0.7527746917838962,0.9571323775913576,0.9570345738448633,0.8718711490559727,0.9739847814890137,1.0,0.8976104861555696,0.8658196265728367,0.9215090249455918],[0.9729261170067355,0.9632993731512943,0.880852953285688,0.9605492612330458,0.8373123929070474,0.9631602397307385,0.9093093277753732,0.9716487349320321,0.9475405597368738,0.9593114555850266,0.949513908021384,0.9552317783262554,0.8231895612249795,0.8960603581356434,0.9498907030901932,0.9655085621106777,0.9649540969685803,0.9711256764011859,0.8854661171838628,0.8972357634429169,0.5994545949596047,0.9482419913617806,0.9457862270682984,0.26333794304103364,-0.22375483602570692,0.8698105163975147,0.8140248478779807,0.8924605875431546,0.9533798243819962,0.942589199221434,0.975971272928321,0.9456897481496158,0.8976104861555696,1.0,0.954829005120849,0.9562817052867889],[0.9842154693225768,0.979673095895193,0.9539861035594909,0.9835851932564078,0.9240857553519733,0.9848420439519459,0.9759153129103454,0.9596940958434514,0.9822018738498428,0.9833671838088228,0.9880630935553676,0.9838789374461888,0.8871569738382844,0.9691751738950946,0.9881914470897308,0.9839954545741761,0.9920058526456836,0.9590438920893489,0.8881914916748762,0.8180936199262178,0.5232760232922694,0.9737866428322846,0.9078766571732414,0.16490611807028865,-0.04566009043279921,0.9078560455346618,0.896882410019353,0.9563167197178263,0.8782903405926156,0.896117248825445,0.9749260251611946,0.9003507719999726,0.8658196265728367,0.954829005120849,1.0,0.9422659722861396],[0.9637883800796146,0.9582103336453655,0.8829851131129368,0.9506862894703678,0.8404989152840489,0.9670092193945076,0.9148115831681456,0.9745442699878366,0.9406366345928269,0.94986739116188,0.9488997621328342,0.9503537728455609,0.834484512988843,0.9254666833055022,0.9497163213634529,0.9694896315086541,0.967938344251504,0.9750844182740138,0.9141828878986935,0.8750347354769996,0.5962617777587064,0.9349553200006608,0.8928222075089739,0.2853527339723065,-0.18450302947714284,0.9065420039823593,0.8203937963994604,0.8776369467552478,0.9488877157234873,0.951784950944859,0.959134836630103,0.9492240072014227,0.9215090249455918,0.9562817052867889,0.9422659722861396,1.0]],"x":["^TAIEX       \u81fa\u7063\u52a0\u6b0a\u5831\u916c\u6307\u6578","^TWII        \u81fa\u7063\u52a0\u6b0a\u6307\u6578","^TAIEXx2     \u81fa\u7063\u52a0\u6b0a\u5831\u916c\u6307\u6578_\u65e5\u6b632","^TAI50I      \u81fa\u706350\u5831\u916c\u6307\u6578","^TAI50Ix2    \u81fa\u706350\u5831\u916c\u6307\u6578_\u65e5\u6b632","^TAI100I     \u81fa\u7063\u4e2d\u578b100\u5831\u916c\u6307\u6578","^TAI100Ix2   \u81fa\u7063\u4e2d\u578b100\u5831\u916c\u6307\u6578_\u65e5\u6b632","^TAIDIVIDI   \u81fa\u7063\u9ad8\u80a1\u606f\u5831\u916c\u6307\u6578","^TAIDIVIDIx2 \u81fa\u7063\u9ad8\u80a1\u606f\u5831\u916c\u6307\u6578_\u65e5\u6b632","0050Fund     \u5143\u5927\u53f0\u7063\u5353\u8d8a50\u57fa\u91d1","006208Fund   \u5bcc\u90a6\u53f0\u7063\u91c6\u540950\u57fa\u91d1","0050         \u5143\u5927\u81fa\u706350","00631L       \u5143\u5927\u53f0\u706350\u6b632","00675L       \u5bcc\u90a6\u81fa\u7063\u52a0\u6b0a\u6b632","006208       \u5bcc\u90a6\u53f050","0051         \u5143\u5927\u4e2d\u578b100","006204       \u6c38\u8c50\u81fa\u7063\u52a0\u6b0a","0056         \u5143\u5927\u9ad8\u80a1\u606f","0056         \u5143\u5927\u9ad8\u80a1\u606f_\u80a1\u606f\u4e0d\u6295\u5165","2412         \u4e2d\u83ef\u96fb\u4fe1","2002         \u4e2d\u92fc","2330         \u53f0\u7a4d\u96fb","2317         \u9d3b\u6d77","6505         \u53f0\u5851\u77f3\u5316","3481         \u7fa4\u5275","2303         \u806f\u96fb","2308         \u53f0\u9054\u96fb","2454         \u806f\u767c\u79d1","2886         \u5146\u8c50\u91d1","2884         \u7389\u5c71\u91d1","2891         \u4e2d\u4fe1\u91d1","2892         \u7b2c\u4e00\u91d1","5880         \u5408\u5eab\u91d1","2881         \u5bcc\u90a6\u91d1","2885         \u5143\u5927\u91d1","2887         \u53f0\u65b0\u91d1"],"y":["^TAIEX       \u81fa\u7063\u52a0\u6b0a\u5831\u916c\u6307\u6578","^TWII        \u81fa\u7063\u52a0\u6b0a\u6307\u6578","^TAIEXx2     \u81fa\u7063\u52a0\u6b0a\u5831\u916c\u6307\u6578_\u65e5\u6b632","^TAI50I      \u81fa\u706350\u5831\u916c\u6307\u6578","^TAI50Ix2    \u81fa\u706350\u5831\u916c\u6307\u6578_\u65e5\u6b632","^TAI100I     \u81fa\u7063\u4e2d\u578b100\u5831\u916c\u6307\u6578","^TAI100Ix2   \u81fa\u7063\u4e2d\u578b100\u5831\u916c\u6307\u6578_\u65e5\u6b632","^TAIDIVIDI   \u81fa\u7063\u9ad8\u80a1\u606f\u5831\u916c\u6307\u6578","^TAIDIVIDIx2 \u81fa\u7063\u9ad8\u80a1\u606f\u5831\u916c\u6307\u6578_\u65e5\u6b632","0050Fund     \u5143\u5927\u53f0\u7063\u5353\u8d8a50\u57fa\u91d1","006208Fund   \u5bcc\u90a6\u53f0\u7063\u91c6\u540950\u57fa\u91d1","0050         \u5143\u5927\u81fa\u706350","00631L       \u5143\u5927\u53f0\u706350\u6b632","00675L       \u5bcc\u90a6\u81fa\u7063\u52a0\u6b0a\u6b632","006208       \u5bcc\u90a6\u53f050","0051         \u5143\u5927\u4e2d\u578b100","006204       \u6c38\u8c50\u81fa\u7063\u52a0\u6b0a","0056         \u5143\u5927\u9ad8\u80a1\u606f","0056         \u5143\u5927\u9ad8\u80a1\u606f_\u80a1\u606f\u4e0d\u6295\u5165","2412         \u4e2d\u83ef\u96fb\u4fe1","2002         \u4e2d\u92fc","2330         \u53f0\u7a4d\u96fb","2317         \u9d3b\u6d77","6505         \u53f0\u5851\u77f3\u5316","3481         \u7fa4\u5275","2303         \u806f\u96fb","2308         \u53f0\u9054\u96fb","2454         \u806f\u767c\u79d1","2886         \u5146\u8c50\u91d1","2884         \u7389\u5c71\u91d1","2891         \u4e2d\u4fe1\u91d1","2892         \u7b2c\u4e00\u91d1","5880         \u5408\u5eab\u91d1","2881         \u5bcc\u90a6\u91d1","2885         \u5143\u5927\u91d1","2887         \u53f0\u65b0\u91d1"],"zmin":-1,"zmax":1,"colorbar":{"x":-0.2}}],"layout":{"autotypenumbers":"strict","colorway":["#636efa","#EF553B","#00cc96","#ab63fa","#FFA15A","#19d3f3","#FF6692","#B6E880","#FF97FF","#FECB52"],"font":{"color":"#f2f5fa","family":"Courier New"},"hovermode":"closest","hoverlabel":{"align":"left"},"paper_bgcolor":"rgb(17,17,17)","plot_bgcolor":"rgb(17,17,17)","polar":{"bgcolor":"rgb(17,17,17)","angularaxis":{"gridcolor":"#506784","linecolor":"#506784","ticks":""},"radialaxis":{"gridcolor":"#506784","linecolor":"#506784","ticks":""}},"ternary":{"bgcolor":"rgb(17,17,17)","aaxis":{"gridcolor":"#506784","linecolor":"#506784","ticks":""},"baxis":{"gridcolor":"#506784","linecolor":"#506784","ticks":""},"caxis":{"gridcolor":"#506784","linecolor":"#506784","ticks":""}},"coloraxis":{"colorbar":{"outlinewidth":0,"ticks":""}},"colorscale":{"sequential":[[0.0,"#0d0887"],[0.1111111111111111,"#46039f"],[0.2222222222222222,"#7201a8"],[0.3333333333333333,"#9c179e"],[0.4444444444444444,"#bd3786"],[0.5555555555555556,"#d8576b"],[0.6666666666666666,"#ed7953"],[0.7777777777777778,"#fb9f3a"],[0.8888888888888888,"#fdca26"],[1.0,"#f0f921"]],"sequentialminus":[[0.0,"#0d0887"],[0.1111111111111111,"#46039f"],[0.2222222222222222,"#7201a8"],[0.3333333333333333,"#9c179e"],[0.4444444444444444,"#bd3786"],[0.5555555555555556,"#d8576b"],[0.6666666666666666,"#ed7953"],[0.7777777777777778,"#fb9f3a"],[0.8888888888888888,"#fdca26"],[1.0,"#f0f921"]],"diverging":[[0,"#8e0152"],[0.1,"#c51b7d"],[0.2,"#de77ae"],[0.3,"#f1b6da"],[0.4,"#fde0ef"],[0.5,"#f7f7f7"],[0.6,"#e6f5d0"],[0.7,"#b8e186"],[0.8,"#7fbc41"],[0.9,"#4d9221"],[1,"#276419"]]},"xaxis":{"gridcolor":"rgba(0, 0, 0, 0)","linecolor":"#506784","ticks":"","title":{"standoff":15},"zerolinecolor":"#283442","automargin":true,"zerolinewidth":2,"tickfont":{"family":"Courier New","size":14},"side":"top","tickangle":-90},"yaxis":{"gridcolor":"rgba(0, 0, 0, 0)","linecolor":"#506784","ticks":"","title":{"standoff":15},"zerolinecolor":"#283442","automargin":true,"zerolinewidth":2,"tickfont":{"family":"Courier New"},"side":"right"},"scene":{"xaxis":{"backgroundcolor":"rgb(17,17,17)","gridcolor":"#506784","linecolor":"#506784","showbackground":true,"ticks":"","zerolinecolor":"#C8D4E3","gridwidth":2},"yaxis":{"backgroundcolor":"rgb(17,17,17)","gridcolor":"#506784","linecolor":"#506784","showbackground":true,"ticks":"","zerolinecolor":"#C8D4E3","gridwidth":2},"zaxis":{"backgroundcolor":"rgb(17,17,17)","gridcolor":"#506784","linecolor":"#506784","showbackground":true,"ticks":"","zerolinecolor":"#C8D4E3","gridwidth":2}},"shapedefaults":{"line":{"color":"#f2f5fa"}},"annotationdefaults":{"arrowcolor":"#f2f5fa","arrowhead":0,"arrowwidth":1},"geo":{"bgcolor":"rgb(17,17,17)","landcolor":"rgb(17,17,17)","subunitcolor":"#506784","showland":true,"showlakes":true,"lakecolor":"rgb(17,17,17)"},"title":{"x":0.05,"font":{"family":"Times New Roman"},"y":0.05,"text":"<b>Correlation of Adj Close<b><br><i>2016-09-23 ~ 2026-07-13<i>"},"updatemenudefaults":{"bgcolor":"#506784","borderwidth":0},"sliderdefaults":{"bgcolor":"#C8D4E3","borderwidth":1,"bordercolor":"rgb(17,17,17)","tickwidth":0},"mapbox":{"style":"dark"},"annotations":[{"text":"<b>@zwindr<b>","textangle":0,"opacity":0.5,"font":{"color":"white","size":12},"xref":"paper","yref":"paper","xanchor":"left","yanchor":"bottom","x":1.0,"y":1.0,"showarrow":false}]},"config":{"responsive":true,"toImageButtonOptions":{"filename":"Correlation of Adj Close_2016-09-23~2026-07-13","scale":5}}};Plotly.newPlot("correlationAdjClose",correlationAdjClose.data,correlationAdjClose.layout||{},correlationAdjClose.config);}else{console.log("style display is none => correlationAdjClose");}