var element=document.getElementById("correlationAdjClose");if(element.style.display!='none'){var correlationAdjClose={"data":[{"type":"heatmap","z":[[1.0,0.9946261852409998,0.9764153265063623,0.9973065632821793,0.9602014329645115,0.9830231036456032,0.9495288182952739,0.9897729786216242,0.9733455328310944,0.9974502435411068,0.9968822541404958,0.9973714052157905,0.9935444731567615,0.9943727248281298,0.996951716938051,0.9848818250286,0.9996970527248816,0.9896737910350778,0.9012632674878628,0.9208646531673119,0.712120558355478,0.9850654525603513,0.929101458936069,0.3876384800904378,-0.30087183017601393,0.899221352042056,0.9411101347865928,0.9588287341142598,0.9795679484639479,0.9662050545972379,0.9775638243887649,0.9724250459029041,0.9436931846344784,0.9816460614816468,0.9733114895134568,0.9552000098655564],[0.9946261852409998,1.0,0.9720999436000658,0.9915364523468417,0.955620955521487,0.9789380337967689,0.9451602409415775,0.9816726340058476,0.9671301450452651,0.9928610601040873,0.994914273937529,0.9943471851678757,0.9925540911101931,0.9921693473437011,0.994945785973514,0.9795732933030319,0.997038282825176,0.9840867187835923,0.9235648058168856,0.9106862592823686,0.7293058017218597,0.9682729430342897,0.9105035019555847,0.3884787210433134,-0.22977225794883546,0.8760235923476726,0.9333979948459105,0.9580123257080825,0.9593879582980857,0.9533981100037409,0.9680228640064088,0.9581195231827427,0.9424570872354348,0.9714947854497912,0.9640680450443732,0.9498131876166681],[0.9764153265063623,0.9720999436000658,1.0,0.9842451154387,0.995102688302486,0.9758001533408222,0.9772183171874665,0.965707810648122,0.98185358359568,0.9838850223843266,0.9905450967730894,0.9871818159679069,0.9969451158934491,0.9967248880920271,0.990270026928185,0.9737027600174386,0.986602145891514,0.9653728278131357,0.8702217631201272,0.8280257629650024,0.5915202745423531,0.9915229813039454,0.9249677422129317,0.21762416109969943,-0.22501278469785443,0.892243991866579,0.9390990765431606,0.9774592906809171,0.9264779058704957,0.9140301512964909,0.9669127655372145,0.9182678508969425,0.8978184678761152,0.9657194732000083,0.9733113373356124,0.9194738593314555],[0.9973065632821793,0.9915364523468417,0.9842451154387,1.0,0.974490830548215,0.974885628855633,0.9456512681264764,0.9826292794914506,0.9704350572711679,0.9999675216173736,0.9999908870245248,0.9999609891301435,0.9926398242164722,0.9909310350013975,0.9999470879223405,0.9740195907457456,0.9957761101107125,0.9822566144428146,0.8868805589542641,0.9048759252262055,0.6772233675133345,0.993734505534702,0.9324369745230894,0.35768676835647173,-0.2908346339715285,0.8932743439335662,0.9468923670199719,0.964122566698971,0.9688091489655604,0.9620221691376785,0.979965899024365,0.961273639426564,0.9300158850508176,0.9790314487961972,0.971666798308125,0.9451119821180097],[0.9602014329645115,0.955620955521487,0.995102688302486,0.974490830548215,1.0,0.9513086975162968,0.9571921012717435,0.9446023647574484,0.9650374240843074,0.9745128912389981,0.9837446370874278,0.9798333827362173,0.9842564407706952,0.9809663720395768,0.9832648850078044,0.9478228315942899,0.9706296646776114,0.9440085292976703,0.8427850248519216,0.801653050926517,0.547071967594322,0.9883574048695567,0.920126628404564,0.18542367298457504,-0.2156719332238937,0.8640980599940277,0.9396175650230594,0.9690898700533221,0.9004880148741496,0.8953370355684533,0.9576628383533851,0.8916854717667335,0.8648894248602259,0.9505950750321496,0.957339194651843,0.8905890215250554],[0.9830231036456032,0.9789380337967689,0.9758001533408222,0.974885628855633,0.9513086975162968,1.0,0.9829978935321404,0.9821315864228864,0.9816964935199791,0.9742679576279129,0.9695061466462398,0.9726376811556883,0.9756222085548466,0.9733262196602568,0.9694545837520996,0.9999000122148504,0.9867913517919967,0.9830965398647621,0.9023237330947746,0.869122059516953,0.6804321588165265,0.9673755421290887,0.900489797008688,0.26001931444800663,-0.21882052021823042,0.9334406904229597,0.9164908221338136,0.9629781664494168,0.9599298353899645,0.9335993237810948,0.9556085633040067,0.9546779850449849,0.9543131878264759,0.9607526856345752,0.9784631743960515,0.9567763645444882],[0.9495288182952739,0.9451602409415775,0.9772183171874665,0.9456512681264764,0.9571921012717435,0.9829978935321404,1.0,0.9547643483015507,0.9849120021013574,0.9441947260269432,0.9552831278914321,0.9514118263216591,0.9761548683350889,0.9771627996214115,0.9549988242665809,0.9844502505754928,0.9687950616600635,0.9573956465334872,0.8699592197330589,0.7872825975365334,0.575633557865126,0.949860101788603,0.8974005029244578,0.11869556161815148,-0.15623432999626202,0.8986202061318669,0.8982053224984627,0.9612811723835087,0.9046993419002848,0.8704228615073968,0.9338675036712919,0.8973012784567148,0.9082473946725943,0.9328800048012219,0.9674714674970086,0.9121563759610928],[0.9897729786216242,0.9816726340058476,0.965707810648122,0.9826292794914506,0.9446023647574484,0.9821315864228864,0.9547643483015507,1.0,0.983443153615026,0.9825868032183922,0.9782086307393859,0.9815661247359765,0.9741409615841816,0.9732662612119256,0.9783669668028198,0.9839422393357754,0.9877323228937421,0.999878322924055,0.9277131969076918,0.9277779667835129,0.6475029070484309,0.9710614165794833,0.89987453063897,0.24069380191631198,-0.3108417004525783,0.9055739985043428,0.9029965454583856,0.9423878890914996,0.9790815250440232,0.9562148241919997,0.9687446454319055,0.965287949201988,0.9373050557934219,0.9623421304200257,0.9603939211234295,0.9666150295730085],[0.9733455328310944,0.9671301450452651,0.98185358359568,0.9704350572711679,0.9650374240843074,0.9816964935199791,0.9849120021013574,0.983443153615026,1.0,0.9696256810808808,0.9664255637701094,0.9685870667700989,0.973796390091056,0.9708488384769428,0.9662958769200816,0.9807219307059323,0.9733914823956163,0.9827821998815915,0.9037083710718391,0.8591384523523756,0.5689425228990761,0.969135083211614,0.9145346561402975,0.09898996632011121,-0.23219062588838746,0.8848186991229344,0.8986195648545097,0.9637245882087082,0.9372212932055844,0.9039127167591686,0.9603530668378017,0.921878232241484,0.9045627616154208,0.9506976807624646,0.9724219495406985,0.9259903740599578],[0.9974502435411068,0.9928610601040873,0.9838850223843266,0.9999675216173736,0.9745128912389981,0.9742679576279129,0.9441947260269432,0.9825868032183922,0.9696256810808808,1.0,0.999989257014466,0.999983453407198,0.9925118970278394,0.9907759832606291,0.9999525812177696,0.9734130123300377,0.9956434503863426,0.9823123833055667,0.8887614456127907,0.9059933530002313,0.6757675269580286,0.9939277358731953,0.9322961170139852,0.3628883879096403,-0.2902333482970514,0.8942511659910893,0.9452241048643364,0.9626557127704325,0.968550966902637,0.9612522969284871,0.9789329156696949,0.9606745177109183,0.9285741096801738,0.9782133325563469,0.9704386464151845,0.9434956861186277],[0.9968822541404958,0.994914273937529,0.9905450967730894,0.9999908870245248,0.9837446370874278,0.9695061466462398,0.9552831278914321,0.9782086307393859,0.9664255637701094,0.999989257014466,1.0,0.9999734606138082,0.992665598649703,0.99092768099782,0.9999554618252706,0.9694310371432762,0.9954259920981746,0.9789382164420568,0.9134042511504018,0.932471282793082,0.571910306465723,0.9971893248733654,0.9148065816785165,-0.11403286570928892,0.40433041598527797,0.8988302410432094,0.9150715434159346,0.9680981220304204,0.9601645564313852,0.945098452382287,0.9699320311858424,0.9411608950188318,0.9104732118207379,0.9682742750923984,0.9812405211660192,0.9397847042501863],[0.9973714052157905,0.9943471851678757,0.9871818159679069,0.9999609891301435,0.9798333827362173,0.9726376811556883,0.9514118263216591,0.9815661247359765,0.9685870667700989,0.999983453407198,0.9999734606138082,1.0,0.9924807126074879,0.9907022322754704,0.9999633758918177,0.9726100146499543,0.9955669396969515,0.9819207616058412,0.8968885542025338,0.9224245007082785,0.6315771898961393,0.9961490214640717,0.9279843851596816,0.10264591271658519,-0.19410979461542166,0.9112261351145323,0.9313021715955616,0.9591466999060005,0.9633614042758158,0.9531956810626865,0.9752866076771579,0.9521301851428339,0.9264998380580635,0.9743364023585912,0.97020381785171,0.9488381204324373],[0.9935444731567615,0.9925540911101931,0.9969451158934491,0.9926398242164722,0.9842564407706952,0.9756222085548466,0.9761548683350889,0.9741409615841816,0.973796390091056,0.9925118970278394,0.992665598649703,0.9924807126074879,1.0,0.9997340567613265,0.9926302911951683,0.9757399062163676,0.9935907443263468,0.9752043298716363,0.9093677400340078,0.9190744111347967,0.5071781367940684,0.9879654952249249,0.9087224702056409,-0.38599065607473504,0.4254753273499896,0.8859907546297879,0.9093998340689327,0.9756439904526161,0.944818358917778,0.9129910836964812,0.9531771006847453,0.9186148055864227,0.881738088082215,0.9663313351143611,0.9796384368524795,0.9329253425605837],[0.9943727248281298,0.9921693473437011,0.9967248880920271,0.9909310350013975,0.9809663720395768,0.9733262196602568,0.9771627996214115,0.9732662612119256,0.9708488384769428,0.9907759832606291,0.99092768099782,0.9907022322754704,0.9997340567613265,1.0,0.9910134260049234,0.9733841488004532,0.9942465383462897,0.9745360751465306,0.8954668822897545,0.9278856310321747,0.3750021905784611,0.9835671323210462,0.900642437671685,-0.7455871138700667,0.39880743605427715,0.8552346799551872,0.904535191949674,0.973838186886272,0.9385655806635781,0.8997521324413572,0.945753733776532,0.918253459870827,0.8604803044526446,0.9677368289802095,0.9779104661497499,0.9260632341432048],[0.996951716938051,0.994945785973514,0.990270026928185,0.9999470879223405,0.9832648850078044,0.9694545837520996,0.9549988242665809,0.9783669668028198,0.9662958769200816,0.9999525812177696,0.9999554618252706,0.9999633758918177,0.9926302911951683,0.9910134260049234,1.0,0.9694185096077694,0.9954826003336235,0.9791473007604109,0.9139082062013678,0.9331795236912779,0.5732297035978724,0.9969967810260922,0.9146379961911315,-0.11070199488978885,0.4047456734116588,0.8991077894425089,0.9138143937455895,0.9675560949174957,0.9605897670828303,0.9456274402479995,0.9698387456873323,0.9418617981646824,0.9112923272713347,0.9681872681353317,0.9811912482662223,0.9403883760032815],[0.9848818250286,0.9795732933030319,0.9737027600174386,0.9740195907457456,0.9478228315942899,0.9999000122148504,0.9844502505754928,0.9839422393357754,0.9807219307059323,0.9734130123300377,0.9694310371432762,0.9726100146499543,0.9757399062163676,0.9733841488004532,0.9694185096077694,1.0,0.9869393381264915,0.9832434171166583,0.9052031357337852,0.8927507848911779,0.6748970032399927,0.965208340066795,0.8949807464267628,0.11971281523343605,-0.19735957774887797,0.9412654230246309,0.9077676755211075,0.9598233763148397,0.9633098870275472,0.9307368715277209,0.9519980163273538,0.9557401957744915,0.953646472898538,0.9628807154276896,0.9777501255477175,0.961199936749961],[0.9996970527248816,0.997038282825176,0.986602145891514,0.9957761101107125,0.9706296646776114,0.9867913517919967,0.9687950616600635,0.9877323228937421,0.9733914823956163,0.9956434503863426,0.9954259920981746,0.9955669396969515,0.9935907443263468,0.9942465383462897,0.9954826003336235,0.9869393381264915,1.0,0.9884322067736871,0.928812529114641,0.9402726414501752,0.6249251174382338,0.9884373154160068,0.9079930386353882,-0.05341872041548349,0.42907038742362713,0.9246059522845733,0.9108238871184452,0.9675113257799884,0.9748959694735104,0.9512984193930689,0.9676330879129083,0.9581396837569288,0.9384599964518066,0.9742423134204393,0.9861276757222301,0.9631602516870534],[0.9896737910350778,0.9840867187835923,0.9653728278131357,0.9822566144428146,0.9440085292976703,0.9830965398647621,0.9573956465334872,0.999878322924055,0.9827821998815915,0.9823123833055667,0.9789382164420568,0.9819207616058412,0.9752043298716363,0.9745360751465306,0.9791473007604109,0.9832434171166583,0.9884322067736871,1.0,0.9306529576858786,0.9339311590150531,0.6458294721452426,0.969852000091402,0.9039648779677026,0.2060130482539978,-0.29229669268838343,0.9106280049654676,0.8993218857261855,0.9422731646945943,0.9795415433583159,0.9555690287264289,0.9671632855629234,0.9638693471967792,0.9370799190624853,0.9615672414608949,0.9583603631993498,0.9677532595385632],[0.9012632674878628,0.9235648058168856,0.8702217631201272,0.8868805589542641,0.8427850248519216,0.9023237330947746,0.8699592197330589,0.9277131969076918,0.9037083710718391,0.8887614456127907,0.9134042511504018,0.8968885542025338,0.9093677400340078,0.8954668822897545,0.9139082062013678,0.9052031357337852,0.928812529114641,0.9306529576858786,1.0,0.8237209608163196,0.7072980222513988,0.8603795204213016,0.8119450999383296,0.2785505511294301,-0.16195444718967347,0.8539861428779991,0.7826475072014725,0.8529490809780695,0.8896651917286347,0.8552534623430028,0.856092211094157,0.8682199709072188,0.8541674030901393,0.8542064606969736,0.8764852867513298,0.8937063418219704],[0.9208646531673119,0.9106862592823686,0.8280257629650024,0.9048759252262055,0.801653050926517,0.869122059516953,0.7872825975365334,0.9277779667835129,0.8591384523523756,0.9059933530002313,0.932471282793082,0.9224245007082785,0.9190744111347967,0.9278856310321747,0.9331795236912779,0.8927507848911779,0.9402726414501752,0.9339311590150531,0.8237209608163196,1.0,0.8310916972867756,0.8562393742107309,0.8717421877177607,0.6497173017422668,-0.5273183309859005,0.7092974422678321,0.8621082966825274,0.8090668007316356,0.9587534461529762,0.9367924397825763,0.9004426323009252,0.9459125498883539,0.8982449038996864,0.9005176114411232,0.8501616392769485,0.8840644430663862],[0.712120558355478,0.7293058017218597,0.5915202745423531,0.6772233675133345,0.547071967594322,0.6804321588165265,0.575633557865126,0.6475029070484309,0.5689425228990761,0.6757675269580286,0.571910306465723,0.6315771898961393,0.5071781367940684,0.3750021905784611,0.5732297035978724,0.6748970032399927,0.6249251174382338,0.6458294721452426,0.7072980222513988,0.8310916972867756,1.0,0.6045684044987681,0.7144725276420612,0.7254215630721073,-0.11671644312977568,0.536927688322937,0.6542579257874379,0.6173918156690176,0.7782345519118121,0.7093947677076015,0.6388453499971349,0.746582286357384,0.757036111651487,0.6769650585029733,0.6425429240389685,0.6901018381279886],[0.9850654525603513,0.9682729430342897,0.9915229813039454,0.993734505534702,0.9883574048695567,0.9673755421290887,0.949860101788603,0.9710614165794833,0.969135083211614,0.9939277358731953,0.9971893248733654,0.9961490214640717,0.9879654952249249,0.9835671323210462,0.9969967810260922,0.965208340066795,0.9884373154160068,0.969852000091402,0.8603795204213016,0.8562393742107309,0.6045684044987681,1.0,0.9076272568621854,0.28485974214939763,-0.2833978679300275,0.877361004081125,0.9441722696560222,0.9707250386688354,0.9370078609199147,0.9442340683164725,0.9719850748984443,0.9385897104969029,0.9036934901251789,0.9687099200936271,0.9571200256729364,0.9254315805484922],[0.929101458936069,0.9105035019555847,0.9249677422129317,0.9324369745230894,0.920126628404564,0.900489797008688,0.8974005029244578,0.89987453063897,0.9145346561402975,0.9322961170139852,0.9148065816785165,0.9279843851596816,0.9087224702056409,0.900642437671685,0.9146379961911315,0.8949807464267628,0.9079930386353882,0.9039648779677026,0.8119450999383296,0.8717421877177607,0.7144725276420612,0.9076272568621854,1.0,0.32694471800185765,-0.18975275100473482,0.7091722671976329,0.9117642112563996,0.8960511836913231,0.8999046935180532,0.857018007106329,0.9310428946239054,0.8723585724135743,0.8416733634301484,0.9265824948281591,0.876948433324486,0.8530819393800594],[0.3876384800904378,0.3884787210433134,0.21762416109969943,0.35768676835647173,0.18542367298457504,0.26001931444800663,0.11869556161815148,0.24069380191631198,0.09898996632011121,0.3628883879096403,-0.11403286570928892,0.10264591271658519,-0.38599065607473504,-0.7455871138700667,-0.11070199488978885,0.11971281523343605,-0.05341872041548349,0.2060130482539978,0.2785505511294301,0.6497173017422668,0.7254215630721073,0.28485974214939763,0.32694471800185765,1.0,-0.3844680300698803,0.2714840380614313,0.2966176864862971,0.18352461876573398,0.47576112590653746,0.468861167362463,0.32218180969696736,0.49177755865133,0.41396673203395995,0.34805790254922225,0.2693041684985571,0.38522681715725704],[-0.30087183017601393,-0.22977225794883546,-0.22501278469785443,-0.2908346339715285,-0.2156719332238937,-0.21882052021823042,-0.15623432999626202,-0.3108417004525783,-0.23219062588838746,-0.2902333482970514,0.40433041598527797,-0.19410979461542166,0.4254753273499896,0.39880743605427715,0.4047456734116588,-0.19735957774887797,0.42907038742362713,-0.29229669268838343,-0.16195444718967347,-0.5273183309859005,-0.11671644312977568,-0.2833978679300275,-0.18975275100473482,-0.3844680300698803,1.0,-0.1534007178732144,-0.29201493340019957,-0.18055164151155423,-0.38744283233147836,-0.37642120704460114,-0.32098872551363805,-0.34494558949252724,-0.20733222683442012,-0.3466277427433094,-0.1825957565315406,-0.3171043955219251],[0.899221352042056,0.8760235923476726,0.892243991866579,0.8932743439335662,0.8640980599940277,0.9334406904229597,0.8986202061318669,0.9055739985043428,0.8848186991229344,0.8942511659910893,0.8988302410432094,0.9112261351145323,0.8859907546297879,0.8552346799551872,0.8991077894425089,0.9412654230246309,0.9246059522845733,0.9106280049654676,0.8539861428779991,0.7092974422678321,0.536927688322937,0.877361004081125,0.7091722671976329,0.2714840380614313,-0.1534007178732144,1.0,0.7899316586007996,0.8840733881531524,0.8172454443132776,0.8620326163004901,0.82769522434106,0.870039230430112,0.8655875585885766,0.8586842402257031,0.8676428227946444,0.8974585164214931],[0.9411101347865928,0.9333979948459105,0.9390990765431606,0.9468923670199719,0.9396175650230594,0.9164908221338136,0.8982053224984627,0.9029965454583856,0.8986195648545097,0.9452241048643364,0.9150715434159346,0.9313021715955616,0.9093998340689327,0.904535191949674,0.9138143937455895,0.9077676755211075,0.9108238871184452,0.8993218857261855,0.7826475072014725,0.8621082966825274,0.6542579257874379,0.9441722696560222,0.9117642112563996,0.2966176864862971,-0.29201493340019957,0.7899316586007996,1.0,0.9097191447199716,0.9132211531880505,0.8990183271713987,0.9254705072815747,0.8982245577430942,0.8638956448900998,0.9308989058830525,0.905454463893849,0.8788018131874737],[0.9588287341142598,0.9580123257080825,0.9774592906809171,0.964122566698971,0.9690898700533221,0.9629781664494168,0.9612811723835087,0.9423878890914996,0.9637245882087082,0.9626557127704325,0.9680981220304204,0.9591466999060005,0.9756439904526161,0.973838186886272,0.9675560949174957,0.9598233763148397,0.9675113257799884,0.9422731646945943,0.8529490809780695,0.8090668007316356,0.6173918156690176,0.9707250386688354,0.8960511836913231,0.18352461876573398,-0.18055164151155423,0.8840733881531524,0.9097191447199716,1.0,0.9087448010883352,0.8911801007983011,0.9434940951617813,0.8915286385000332,0.8863024037050115,0.948861550869061,0.973138482263633,0.8893751852717188],[0.9795679484639479,0.9593879582980857,0.9264779058704957,0.9688091489655604,0.9004880148741496,0.9599298353899645,0.9046993419002848,0.9790815250440232,0.9372212932055844,0.968550966902637,0.9601645564313852,0.9633614042758158,0.944818358917778,0.9385655806635781,0.9605897670828303,0.9633098870275472,0.9748959694735104,0.9795415433583159,0.8896651917286347,0.9587534461529762,0.7782345519118121,0.9370078609199147,0.8999046935180532,0.47576112590653746,-0.38744283233147836,0.8172454443132776,0.9132211531880505,0.9087448010883352,1.0,0.9861672028420679,0.9639349161787363,0.9903388869460171,0.9523847267694538,0.9602036377501084,0.9154159106921519,0.967881536868872],[0.9662050545972379,0.9533981100037409,0.9140301512964909,0.9620221691376785,0.8953370355684533,0.9335993237810948,0.8704228615073968,0.9562148241919997,0.9039127167591686,0.9612522969284871,0.945098452382287,0.9531956810626865,0.9129910836964812,0.8997521324413572,0.9456274402479995,0.9307368715277209,0.9512984193930689,0.9555690287264289,0.8552534623430028,0.9367924397825763,0.7093947677076015,0.9442340683164725,0.857018007106329,0.468861167362463,-0.37642120704460114,0.8620326163004901,0.8990183271713987,0.8911801007983011,0.9861672028420679,1.0,0.9521640936589122,0.983875074969042,0.9552279000709215,0.9396346925793312,0.9234934093618882,0.9629069053522209],[0.9775638243887649,0.9680228640064088,0.9669127655372145,0.979965899024365,0.9576628383533851,0.9556085633040067,0.9338675036712919,0.9687446454319055,0.9603530668378017,0.9789329156696949,0.9699320311858424,0.9752866076771579,0.9531771006847453,0.945753733776532,0.9698387456873323,0.9519980163273538,0.9676330879129083,0.9671632855629234,0.856092211094157,0.9004426323009252,0.6388453499971349,0.9719850748984443,0.9310428946239054,0.32218180969696736,-0.32098872551363805,0.82769522434106,0.9254705072815747,0.9434940951617813,0.9639349161787363,0.9521640936589122,1.0,0.9531994222902838,0.9144831970754917,0.9771816115571665,0.9603909448651156,0.9421275980177645],[0.9724250459029041,0.9581195231827427,0.9182678508969425,0.961273639426564,0.8916854717667335,0.9546779850449849,0.8973012784567148,0.965287949201988,0.921878232241484,0.9606745177109183,0.9411608950188318,0.9521301851428339,0.9186148055864227,0.918253459870827,0.9418617981646824,0.9557401957744915,0.9581396837569288,0.9638693471967792,0.8682199709072188,0.9459125498883539,0.746582286357384,0.9385897104969029,0.8723585724135743,0.49177755865133,-0.34494558949252724,0.870039230430112,0.8982245577430942,0.8915286385000332,0.9903388869460171,0.983875074969042,0.9531994222902838,1.0,0.9736870798363834,0.9460004282235049,0.9389054877595758,0.9636452401169688],[0.9436931846344784,0.9424570872354348,0.8978184678761152,0.9300158850508176,0.8648894248602259,0.9543131878264759,0.9082473946725943,0.9373050557934219,0.9045627616154208,0.9285741096801738,0.9104732118207379,0.9264998380580635,0.881738088082215,0.8604803044526446,0.9112923272713347,0.953646472898538,0.9384599964518066,0.9370799190624853,0.8541674030901393,0.8982449038996864,0.757036111651487,0.9036934901251789,0.8416733634301484,0.41396673203395995,-0.20733222683442012,0.8655875585885766,0.8638956448900998,0.8863024037050115,0.9523847267694538,0.9552279000709215,0.9144831970754917,0.9736870798363834,1.0,0.9073579347363105,0.9313190216459227,0.9541253894862292],[0.9816460614816468,0.9714947854497912,0.9657194732000083,0.9790314487961972,0.9505950750321496,0.9607526856345752,0.9328800048012219,0.9623421304200257,0.9506976807624646,0.9782133325563469,0.9682742750923984,0.9743364023585912,0.9663313351143611,0.9677368289802095,0.9681872681353317,0.9628807154276896,0.9742423134204393,0.9615672414608949,0.8542064606969736,0.9005176114411232,0.6769650585029733,0.9687099200936271,0.9265824948281591,0.34805790254922225,-0.3466277427433094,0.8586842402257031,0.9308989058830525,0.948861550869061,0.9602036377501084,0.9396346925793312,0.9771816115571665,0.9460004282235049,0.9073579347363105,1.0,0.9572958728144634,0.9424927532324926],[0.9733114895134568,0.9640680450443732,0.9733113373356124,0.971666798308125,0.957339194651843,0.9784631743960515,0.9674714674970086,0.9603939211234295,0.9724219495406985,0.9704386464151845,0.9812405211660192,0.97020381785171,0.9796384368524795,0.9779104661497499,0.9811912482662223,0.9777501255477175,0.9861276757222301,0.9583603631993498,0.8764852867513298,0.8501616392769485,0.6425429240389685,0.9571200256729364,0.876948433324486,0.2693041684985571,-0.1825957565315406,0.8676428227946444,0.905454463893849,0.973138482263633,0.9154159106921519,0.9234934093618882,0.9603909448651156,0.9389054877595758,0.9313190216459227,0.9572958728144634,1.0,0.9203301013184576],[0.9552000098655564,0.9498131876166681,0.9194738593314555,0.9451119821180097,0.8905890215250554,0.9567763645444882,0.9121563759610928,0.9666150295730085,0.9259903740599578,0.9434956861186277,0.9397847042501863,0.9488381204324373,0.9329253425605837,0.9260632341432048,0.9403883760032815,0.961199936749961,0.9631602516870534,0.9677532595385632,0.8937063418219704,0.8840644430663862,0.6901018381279886,0.9254315805484922,0.8530819393800594,0.38522681715725704,-0.3171043955219251,0.8974585164214931,0.8788018131874737,0.8893751852717188,0.967881536868872,0.9629069053522209,0.9421275980177645,0.9636452401169688,0.9541253894862292,0.9424927532324926,0.9203301013184576,1.0]],"x":["^TAIEX       \u81fa\u7063\u52a0\u6b0a\u5831\u916c\u6307\u6578","^TWII        \u81fa\u7063\u52a0\u6b0a\u6307\u6578","^TAIEXx2     \u81fa\u7063\u52a0\u6b0a\u5831\u916c\u6307\u6578_\u65e5\u6b632","^TAI50I      \u81fa\u706350\u5831\u916c\u6307\u6578","^TAI50Ix2    \u81fa\u706350\u5831\u916c\u6307\u6578_\u65e5\u6b632","^TAI100I     \u81fa\u7063\u4e2d\u578b100\u5831\u916c\u6307\u6578","^TAI100Ix2   \u81fa\u7063\u4e2d\u578b100\u5831\u916c\u6307\u6578_\u65e5\u6b632","^TAIDIVIDI   \u81fa\u7063\u9ad8\u80a1\u606f\u5831\u916c\u6307\u6578","^TAIDIVIDIx2 \u81fa\u7063\u9ad8\u80a1\u606f\u5831\u916c\u6307\u6578_\u65e5\u6b632","0050Fund     \u5143\u5927\u53f0\u7063\u5353\u8d8a50\u57fa\u91d1","006208Fund   \u5bcc\u90a6\u53f0\u7063\u91c6\u540950\u57fa\u91d1","0050         \u5143\u5927\u81fa\u706350","00631L       \u5143\u5927\u53f0\u706350\u6b632","00675L       \u5bcc\u90a6\u81fa\u7063\u52a0\u6b0a\u6b632","006208       \u5bcc\u90a6\u53f050","0051         \u5143\u5927\u4e2d\u578b100","006204       \u6c38\u8c50\u81fa\u7063\u52a0\u6b0a","0056         \u5143\u5927\u9ad8\u80a1\u606f","0056         \u5143\u5927\u9ad8\u80a1\u606f_\u80a1\u606f\u4e0d\u6295\u5165","2412         \u4e2d\u83ef\u96fb\u4fe1","2002         \u4e2d\u92fc","2330         \u53f0\u7a4d\u96fb","2317         \u9d3b\u6d77","6505         \u53f0\u5851\u77f3\u5316","3481         \u7fa4\u5275","2303         \u806f\u96fb","2308         \u53f0\u9054\u96fb","2454         \u806f\u767c\u79d1","2886         \u5146\u8c50\u91d1","2884         \u7389\u5c71\u91d1","2891         \u4e2d\u4fe1\u91d1","2892         \u7b2c\u4e00\u91d1","5880         \u5408\u5eab\u91d1","2881         \u5bcc\u90a6\u91d1","2885         \u5143\u5927\u91d1","2887         \u53f0\u65b0\u91d1"],"y":["^TAIEX       \u81fa\u7063\u52a0\u6b0a\u5831\u916c\u6307\u6578","^TWII        \u81fa\u7063\u52a0\u6b0a\u6307\u6578","^TAIEXx2     \u81fa\u7063\u52a0\u6b0a\u5831\u916c\u6307\u6578_\u65e5\u6b632","^TAI50I      \u81fa\u706350\u5831\u916c\u6307\u6578","^TAI50Ix2    \u81fa\u706350\u5831\u916c\u6307\u6578_\u65e5\u6b632","^TAI100I     \u81fa\u7063\u4e2d\u578b100\u5831\u916c\u6307\u6578","^TAI100Ix2   \u81fa\u7063\u4e2d\u578b100\u5831\u916c\u6307\u6578_\u65e5\u6b632","^TAIDIVIDI   \u81fa\u7063\u9ad8\u80a1\u606f\u5831\u916c\u6307\u6578","^TAIDIVIDIx2 \u81fa\u7063\u9ad8\u80a1\u606f\u5831\u916c\u6307\u6578_\u65e5\u6b632","0050Fund     \u5143\u5927\u53f0\u7063\u5353\u8d8a50\u57fa\u91d1","006208Fund   \u5bcc\u90a6\u53f0\u7063\u91c6\u540950\u57fa\u91d1","0050         \u5143\u5927\u81fa\u706350","00631L       \u5143\u5927\u53f0\u706350\u6b632","00675L       \u5bcc\u90a6\u81fa\u7063\u52a0\u6b0a\u6b632","006208       \u5bcc\u90a6\u53f050","0051         \u5143\u5927\u4e2d\u578b100","006204       \u6c38\u8c50\u81fa\u7063\u52a0\u6b0a","0056         \u5143\u5927\u9ad8\u80a1\u606f","0056         \u5143\u5927\u9ad8\u80a1\u606f_\u80a1\u606f\u4e0d\u6295\u5165","2412         \u4e2d\u83ef\u96fb\u4fe1","2002         \u4e2d\u92fc","2330         \u53f0\u7a4d\u96fb","2317         \u9d3b\u6d77","6505         \u53f0\u5851\u77f3\u5316","3481         \u7fa4\u5275","2303         \u806f\u96fb","2308         \u53f0\u9054\u96fb","2454         \u806f\u767c\u79d1","2886         \u5146\u8c50\u91d1","2884         \u7389\u5c71\u91d1","2891         \u4e2d\u4fe1\u91d1","2892         \u7b2c\u4e00\u91d1","5880         \u5408\u5eab\u91d1","2881         \u5bcc\u90a6\u91d1","2885         \u5143\u5927\u91d1","2887         \u53f0\u65b0\u91d1"],"zmin":-1,"zmax":1,"colorbar":{"x":-0.2}}],"layout":{"autotypenumbers":"strict","colorway":["#636efa","#EF553B","#00cc96","#ab63fa","#FFA15A","#19d3f3","#FF6692","#B6E880","#FF97FF","#FECB52"],"font":{"color":"#f2f5fa","family":"Courier New"},"hovermode":"closest","hoverlabel":{"align":"left"},"paper_bgcolor":"rgb(17,17,17)","plot_bgcolor":"rgb(17,17,17)","polar":{"bgcolor":"rgb(17,17,17)","angularaxis":{"gridcolor":"#506784","linecolor":"#506784","ticks":""},"radialaxis":{"gridcolor":"#506784","linecolor":"#506784","ticks":""}},"ternary":{"bgcolor":"rgb(17,17,17)","aaxis":{"gridcolor":"#506784","linecolor":"#506784","ticks":""},"baxis":{"gridcolor":"#506784","linecolor":"#506784","ticks":""},"caxis":{"gridcolor":"#506784","linecolor":"#506784","ticks":""}},"coloraxis":{"colorbar":{"outlinewidth":0,"ticks":""}},"colorscale":{"sequential":[[0.0,"#0d0887"],[0.1111111111111111,"#46039f"],[0.2222222222222222,"#7201a8"],[0.3333333333333333,"#9c179e"],[0.4444444444444444,"#bd3786"],[0.5555555555555556,"#d8576b"],[0.6666666666666666,"#ed7953"],[0.7777777777777778,"#fb9f3a"],[0.8888888888888888,"#fdca26"],[1.0,"#f0f921"]],"sequentialminus":[[0.0,"#0d0887"],[0.1111111111111111,"#46039f"],[0.2222222222222222,"#7201a8"],[0.3333333333333333,"#9c179e"],[0.4444444444444444,"#bd3786"],[0.5555555555555556,"#d8576b"],[0.6666666666666666,"#ed7953"],[0.7777777777777778,"#fb9f3a"],[0.8888888888888888,"#fdca26"],[1.0,"#f0f921"]],"diverging":[[0,"#8e0152"],[0.1,"#c51b7d"],[0.2,"#de77ae"],[0.3,"#f1b6da"],[0.4,"#fde0ef"],[0.5,"#f7f7f7"],[0.6,"#e6f5d0"],[0.7,"#b8e186"],[0.8,"#7fbc41"],[0.9,"#4d9221"],[1,"#276419"]]},"xaxis":{"gridcolor":"rgba(0, 0, 0, 0)","linecolor":"#506784","ticks":"","title":{"standoff":15},"zerolinecolor":"#283442","automargin":true,"zerolinewidth":2,"tickfont":{"family":"Courier New","size":14},"side":"top","tickangle":-90},"yaxis":{"gridcolor":"rgba(0, 0, 0, 0)","linecolor":"#506784","ticks":"","title":{"standoff":15},"zerolinecolor":"#283442","automargin":true,"zerolinewidth":2,"tickfont":{"family":"Courier New"},"side":"right"},"scene":{"xaxis":{"backgroundcolor":"rgb(17,17,17)","gridcolor":"#506784","linecolor":"#506784","showbackground":true,"ticks":"","zerolinecolor":"#C8D4E3","gridwidth":2},"yaxis":{"backgroundcolor":"rgb(17,17,17)","gridcolor":"#506784","linecolor":"#506784","showbackground":true,"ticks":"","zerolinecolor":"#C8D4E3","gridwidth":2},"zaxis":{"backgroundcolor":"rgb(17,17,17)","gridcolor":"#506784","linecolor":"#506784","showbackground":true,"ticks":"","zerolinecolor":"#C8D4E3","gridwidth":2}},"shapedefaults":{"line":{"color":"#f2f5fa"}},"annotationdefaults":{"arrowcolor":"#f2f5fa","arrowhead":0,"arrowwidth":1},"geo":{"bgcolor":"rgb(17,17,17)","landcolor":"rgb(17,17,17)","subunitcolor":"#506784","showland":true,"showlakes":true,"lakecolor":"rgb(17,17,17)"},"title":{"x":0.05,"font":{"family":"Times New Roman"},"y":0.05,"text":"<b>Correlation of Adj Close<b><br><i>2016-09-23 ~ 2025-10-23<i>"},"updatemenudefaults":{"bgcolor":"#506784","borderwidth":0},"sliderdefaults":{"bgcolor":"#C8D4E3","borderwidth":1,"bordercolor":"rgb(17,17,17)","tickwidth":0},"mapbox":{"style":"dark"},"annotations":[{"text":"<b>@zwindr<b>","textangle":0,"opacity":0.5,"font":{"color":"white","size":12},"xref":"paper","yref":"paper","xanchor":"left","yanchor":"bottom","x":1.0,"y":1.0,"showarrow":false}]},"config":{"responsive":true,"toImageButtonOptions":{"filename":"Correlation of Adj Close_2016-09-23~2025-10-23","scale":5}}};Plotly.newPlot("correlationAdjClose",correlationAdjClose.data,correlationAdjClose.layout||{},correlationAdjClose.config);}else{console.log("style display is none => correlationAdjClose");}