var element=document.getElementById("correlationAdjClose");if(element.style.display!='none'){var correlationAdjClose={"data":[{"type":"heatmap","z":[[1.0,0.9961764105149798,0.9603303723964677,0.9964476858332978,0.9288950878805448,0.9876354680611815,0.9625867912771184,0.9815277237264313,0.9797371040128353,0.9965811119647233,0.9963819453281408,0.9966725792723297,0.8491133095060429,0.9869444422475772,0.9964714413662871,0.9884111006675681,0.9997635418120554,0.9811091030072752,0.8910722984693713,0.8990488489308254,0.6181456487799993,0.9847247117069821,0.943211703591678,0.2934187356637528,-0.24440363487278546,0.9119155269544248,0.8911752038074578,0.9626637080229775,0.9516329862489056,0.9509545326581196,0.9829078929352079,0.9512873031175662,0.911318165512393,0.9744931019660756,0.9814904113797049,0.9613392640740687],[0.9961764105149798,1.0,0.9621875905407994,0.9933787280324562,0.9315485506879114,0.9841996228583317,0.9618074306996792,0.9728413587498662,0.9743889493215193,0.9944489042405086,0.9960360353335798,0.9956058240551328,0.8555417015480852,0.9883649453170983,0.9960889758432349,0.984152186495674,0.9979476724458585,0.9743421534937814,0.9038548435797111,0.8881597129744225,0.6432081743616626,0.9744861625570016,0.9264981614482419,0.29027507390317114,-0.1847680857994802,0.8942451913844628,0.8932834851322032,0.9637018561964737,0.9341114657818029,0.9389279846813962,0.9757247744995992,0.9369972505103783,0.9098431183373965,0.9653408491870543,0.9750082582205931,0.956282410939289],[0.9603303723964677,0.9621875905407994,1.0,0.9764695863974119,0.9937987741649899,0.9533792733268948,0.9799131102077725,0.9127337112918466,0.9521987948915517,0.9764814427413527,0.9834477847096241,0.9804524508140758,0.8758441101310339,0.9972477872106214,0.9834392243113,0.9508388251096178,0.9716188612725638,0.9128094664810255,0.8098774492806675,0.762355301249073,0.44338719527379566,0.9861319783704313,0.9064431209523013,0.11729297760404521,-0.14829762375661815,0.866615067209166,0.9599367689867566,0.9599857894392713,0.8376316441592605,0.8482438850459005,0.9468995842267779,0.8421375699258693,0.7976872877922068,0.9073161153263342,0.9601693603869438,0.8961154809407621],[0.9964476858332978,0.9933787280324562,0.9764695863974119,1.0,0.952780319151126,0.9791550178723782,0.9650353553576888,0.9669952710194198,0.9738039943644049,0.999979295708146,0.9999944614640399,0.999972182575772,0.8582591737049183,0.9914574973841523,0.9999646127511251,0.9774674262281703,0.9959788883811684,0.9662234597948737,0.8668637929811674,0.8716890464193818,0.5699073527076872,0.9949125045350001,0.9425568354887492,0.25440335716565426,-0.22660019203492415,0.8999749554962784,0.9153272986800272,0.9658555909711896,0.9283318908069252,0.935134992045788,0.9825126878539913,0.9290232203595572,0.88450015223192,0.9639103622060132,0.9797837638607124,0.9481597674412493],[0.9288950878805448,0.9315485506879114,0.9937987741649899,0.952780319151126,1.0,0.9155883855253035,0.9565581605097302,0.8676871994980188,0.9169038326036302,0.953289385024034,0.9641069510964608,0.9598598497637459,0.8688924772867387,0.9837087336928717,0.9640073850005502,0.9123449945132944,0.9431192795702198,0.8676232329711595,0.7574163154205862,0.7098540374241554,0.3799233988508722,0.9695585597469497,0.8778813208982734,0.08012291711438897,-0.1270414760530781,0.8204039655448178,0.9735566075416145,0.9344998349225845,0.7817219275261373,0.8003708819649188,0.917637640535718,0.7882108021780861,0.7362753124139215,0.8647361002703866,0.9293809520815083,0.8520489821811178],[0.9876354680611815,0.9841996228583317,0.9533792733268948,0.9791550178723782,0.9155883855253035,1.0,0.9799593041672506,0.9804019274137367,0.9864200278213425,0.9787582579358886,0.9735577402762869,0.9767135739201824,0.8318134851342157,0.9594001190099033,0.9735430547171561,0.999919978187274,0.9892322603669312,0.9811708777966167,0.8989686964750043,0.865892002613906,0.5886158970058172,0.970014627678791,0.922481738453067,0.18380205898671095,-0.18255417531710902,0.9388898786657652,0.8660096023787356,0.9640914352896934,0.9415037158950108,0.9295718016869662,0.9672257268861058,0.9422156560035132,0.9260803216524354,0.961206824620618,0.98400375328341,0.9643626971639989],[0.9625867912771184,0.9618074306996792,0.9799131102077725,0.9650353553576888,0.9565581605097302,0.9799593041672506,1.0,0.9402701008727548,0.9791586007224861,0.964167355500185,0.972790884875544,0.9694927530381606,0.8603687742745534,0.9814425264449503,0.9725077353051939,0.981127475645986,0.9778866306975218,0.9427406126847476,0.8485076423056302,0.7753102887792237,0.46074255456641894,0.968468782844399,0.9131622954522827,0.05132349421723907,-0.11714619563053498,0.8963205458715722,0.9102193352205203,0.9650996275306842,0.8656681065011382,0.8549346623543372,0.9466847530305651,0.8678907045130776,0.8516504506981513,0.9193335851230688,0.9745628081531765,0.9173766682505159],[0.9815277237264313,0.9728413587498662,0.9127337112918466,0.9669952710194198,0.8676871994980188,0.9804019274137367,0.9402701008727548,1.0,0.9830474435162783,0.966921201424358,0.9609503318943461,0.9656586342494443,0.7927609434705113,0.9299163186163211,0.9613590217796978,0.9822871012420263,0.9781649784274329,0.999897673392836,0.9325466643671426,0.9315314116157397,0.5769686595726198,0.9509241533138049,0.9155693284204004,0.16176460513970603,-0.27653643787317944,0.9199957310416187,0.8004454778617635,0.9367488813783768,0.9746486214637626,0.9596990403178226,0.9680190249203353,0.9657967088744429,0.9318154769622413,0.9682500343573802,0.958726890444716,0.9721186784151535],[0.9797371040128353,0.9743889493215193,0.9521987948915517,0.9738039943644049,0.9169038326036302,0.9864200278213425,0.9791586007224861,0.9830474435162783,1.0,0.9732536847604871,0.9683641074831866,0.9716841088375635,0.8252164553295409,0.9501595736635213,0.9682294436897304,0.9856938927745221,0.9783805375494469,0.98268153766709,0.9030944069425552,0.8636672822266814,0.4824718407271303,0.9680570089302752,0.9332222761291951,0.024471271021186836,-0.19505304574378,0.9026762763986665,0.8463627677461578,0.9652482501196248,0.9261170606901161,0.9077011671918878,0.9692317695867896,0.9188483814763864,0.887513348817239,0.9553396258829892,0.9782709174941205,0.9408925834003862],[0.9965811119647233,0.9944489042405086,0.9764814427413527,0.999979295708146,0.953289385024034,0.9787582579358886,0.964167355500185,0.966921201424358,0.9732536847604871,1.0,0.9999938463733338,0.9999856839477669,0.8591268281810854,0.9915265900396388,0.9999669498955311,0.9771261008157724,0.9958678591793194,0.9660482093664078,0.8680664310476968,0.8724676340466426,0.5628305011184983,0.9951407141018819,0.9428095924577387,0.2579898529885893,-0.22535128578855967,0.9003019110393057,0.913832458447044,0.964964392268188,0.9270208857313237,0.9335093391007259,0.9818164130140279,0.927670088018086,0.8822141099330946,0.9625987486095468,0.9792609943222493,0.9471132748048414],[0.9963819453281408,0.9960360353335798,0.9834477847096241,0.9999944614640399,0.9641069510964608,0.9735577402762869,0.972790884875544,0.9609503318943461,0.9683641074831866,0.9999938463733338,1.0,0.9999796679856995,0.8593304515907961,0.9914886795255786,0.9999687730965482,0.9729955141920222,0.9957306108058946,0.9612833276060444,0.8832434213444809,0.9013504279000205,0.4027010142427298,0.9977856912075092,0.9318571972028388,-0.21059635570250035,0.5431100433817302,0.8902331094659193,0.9003758304917292,0.9641363837950252,0.9082362038353273,0.9130181375273183,0.976057878514278,0.9013756957724808,0.8418787050458575,0.9500750089235229,0.9849221547108135,0.9445591779319086],[0.9966725792723297,0.9956058240551328,0.9804524508140758,0.999972182575772,0.9598598497637459,0.9767135739201824,0.9694927530381606,0.9656586342494443,0.9716841088375635,0.9999856839477669,0.9999796679856995,1.0,0.859227702002718,0.991540743755293,0.9999762309073891,0.9763244125767354,0.9957837768115624,0.9654886102257508,0.8752191099727089,0.8902307637265405,0.48488818885596285,0.9969263897780274,0.9407404910941974,-0.009484134323205788,-0.0796793473233358,0.9050835309972304,0.9060003948574563,0.9614606703391837,0.9171280251756183,0.9219860639182036,0.979068677447742,0.9156627392629347,0.8696329173080063,0.9577212341443203,0.9793039494571522,0.9484127981737405],[0.8491133095060429,0.8555417015480852,0.8758441101310339,0.8582591737049183,0.8688924772867387,0.8318134851342157,0.8603687742745534,0.7927609434705113,0.8252164553295409,0.8591268281810854,0.8593304515907961,0.859227702002718,1.0,0.9998496133922138,0.858993478524917,0.8319374927737982,0.8509352232644087,0.7943232408307789,0.7130866097501356,0.6959663491204637,0.22768580017860038,0.8600044493607452,0.7978308620091255,-0.4887466732328009,0.5250091701806638,0.7300202534393168,0.8357787141387204,0.8479015861584452,0.7147592188849415,0.7130404043567019,0.8258561318028622,0.7036994669898775,0.6331106904928283,0.7957090130440084,0.8447981767348374,0.7932061243811009],[0.9869444422475772,0.9883649453170983,0.9972477872106214,0.9914574973841523,0.9837087336928717,0.9594001190099033,0.9814425264449503,0.9299163186163211,0.9501595736635213,0.9915265900396388,0.9914886795255786,0.991540743755293,0.9998496133922138,1.0,0.9915269385748225,0.9584532075876245,0.9865050831319886,0.9303541433181598,0.830334733552226,0.8790821937513825,0.14275337677362324,0.9880583892609434,0.9003660250585496,-0.6966813925245433,0.5570880757916502,0.830862810285383,0.9374734827369022,0.9544409839628492,0.842065754680651,0.8545652069981908,0.948856171727318,0.8511057167774482,0.7419176865164868,0.9094985983385929,0.9698768142240048,0.9251582982837941],[0.9964714413662871,0.9960889758432349,0.9834392243113,0.9999646127511251,0.9640073850005502,0.9735430547171561,0.9725077353051939,0.9613590217796978,0.9682294436897304,0.9999669498955311,0.9999687730965482,0.9999762309073891,0.858993478524917,0.9915269385748225,1.0,0.9730944166738155,0.9958141084460955,0.9616327207155108,0.883877391740144,0.9027020699315371,0.40597500543583664,0.9976172286531175,0.9317279540024004,-0.20739252473384398,0.5394646975714446,0.8899989103571218,0.8996234037712753,0.9641960970731638,0.9097756992741337,0.9143952578438516,0.9761327013067864,0.9028576135377151,0.84399159953025,0.9506623303617469,0.9848952222903784,0.9453497044913222],[0.9884111006675681,0.984152186495674,0.9508388251096178,0.9774674262281703,0.9123449945132944,0.999919978187274,0.981127475645986,0.9822871012420263,0.9856938927745221,0.9771261008157724,0.9729955141920222,0.9763244125767354,0.8319374927737982,0.9584532075876245,0.9730944166738155,1.0,0.9891076122861675,0.9815483588302194,0.9017950943783983,0.8901441965841315,0.5654257828743151,0.9675503615183338,0.9182560163630896,0.032993822885758556,-0.13576885029578134,0.9438995215746321,0.8546168187820073,0.9620561622466728,0.9442851015035011,0.9271917232463086,0.964602990806905,0.943347172222433,0.9234161575992554,0.96323952019639,0.983151502613891,0.9675420661949987],[0.9997635418120554,0.9979476724458585,0.9716188612725638,0.9959788883811684,0.9431192795702198,0.9892322603669312,0.9778866306975218,0.9781649784274329,0.9783805375494469,0.9958678591793194,0.9957306108058946,0.9957837768115624,0.8509352232644087,0.9865050831319886,0.9958141084460955,0.9891076122861675,1.0,0.9784653834377193,0.9103043463148415,0.9211016961166504,0.475080829123565,0.9893066090719923,0.929876362553866,-0.15334629276625023,0.5504139711657897,0.9197526823487069,0.8771957775074514,0.9667580998802161,0.9378634837500593,0.9321872410198611,0.9770563621301119,0.9305169956803963,0.8863768690088057,0.9649402619968965,0.9904878447704362,0.9663447728443154],[0.9811091030072752,0.9743421534937814,0.9128094664810255,0.9662234597948737,0.8676232329711595,0.9811708777966167,0.9427406126847476,0.999897673392836,0.98268153766709,0.9660482093664078,0.9612833276060444,0.9654886102257508,0.7943232408307789,0.9303541433181598,0.9616327207155108,0.9815483588302194,0.9784653834377193,1.0,0.9352425034471843,0.9376759485514233,0.5733256575125595,0.9491812740675765,0.9184494147315244,0.12466303959649085,-0.23701865112392206,0.9240893052723634,0.7960922140250833,0.9377636035330925,0.9751419063379896,0.9592171818995369,0.9663936474709213,0.964685500836341,0.9312463894267985,0.9674961766790011,0.9569794186960426,0.9729123166121177],[0.8910722984693713,0.9038548435797111,0.8098774492806675,0.8668637929811674,0.7574163154205862,0.8989686964750043,0.8485076423056302,0.9325466643671426,0.9030944069425552,0.8680664310476968,0.8832434213444809,0.8752191099727089,0.7130866097501356,0.830334733552226,0.883877391740144,0.9017950943783983,0.9103043463148415,0.9352425034471843,1.0,0.8437958783821743,0.6612142191380982,0.8371041824315664,0.821956989400617,0.21516115854785395,-0.13259069053982378,0.8714889841943216,0.6766948604862125,0.8496258910488388,0.9008599304357571,0.8719995825168131,0.8573635774787364,0.8830113320348434,0.8659886042657723,0.867420852110047,0.8697972267678392,0.9006813133737324],[0.8990488489308254,0.8881597129744225,0.762355301249073,0.8716890464193818,0.7098540374241554,0.865892002613906,0.7753102887792237,0.9315314116157397,0.8636672822266814,0.8724676340466426,0.9013504279000205,0.8902307637265405,0.6959663491204637,0.8790821937513825,0.9027020699315371,0.8901441965841315,0.9211016961166504,0.9376759485514233,0.8437958783821743,1.0,0.8098962450740858,0.8197962156119946,0.8684632246806085,0.5989730717291534,-0.49658368185232865,0.7367523341697833,0.7027796748961495,0.797854045568883,0.9623596724672949,0.9415619015288268,0.8855904441367825,0.9508151345123348,0.9074682722032918,0.9032493136115419,0.8396754420412487,0.8859688730716248],[0.6181456487799993,0.6432081743616626,0.44338719527379566,0.5699073527076872,0.3799233988508722,0.5886158970058172,0.46074255456641894,0.5769686595726198,0.4824718407271303,0.5628305011184983,0.4027010142427298,0.48488818885596285,0.22768580017860038,0.14275337677362324,0.40597500543583664,0.5654257828743151,0.475080829123565,0.5733256575125595,0.6612142191380982,0.8098962450740858,1.0,0.509440139822001,0.6496231239814938,0.721618647933391,-0.11571427501166537,0.5132312622712679,0.42592950147520614,0.5413547149971902,0.7548916446917521,0.6777785894633187,0.5645468231580772,0.7130242400841527,0.7418161818020911,0.6289129140799045,0.571243316276667,0.6347467699668883],[0.9847247117069821,0.9744861625570016,0.9861319783704313,0.9949125045350001,0.9695585597469497,0.970014627678791,0.968468782844399,0.9509241533138049,0.9680570089302752,0.9951407141018819,0.9977856912075092,0.9969263897780274,0.8600044493607452,0.9880583892609434,0.9976172286531175,0.9675503615183338,0.9893066090719923,0.9491812740675765,0.8371041824315664,0.8197962156119946,0.509440139822001,1.0,0.9188994287836422,0.18769235275428064,-0.21308010338721448,0.881720807697131,0.9297670464534409,0.965464338139286,0.8899252531557156,0.9098679981149542,0.9735158071296369,0.8994371460292142,0.8506087353536899,0.9475696402988385,0.9673431308849991,0.9276873282941053],[0.943211703591678,0.9264981614482419,0.9064431209523013,0.9425568354887492,0.8778813208982734,0.922481738453067,0.9131622954522827,0.9155693284204004,0.9332222761291951,0.9428095924577387,0.9318571972028388,0.9407404910941974,0.7978308620091255,0.9003660250585496,0.9317279540024004,0.9182560163630896,0.929876362553866,0.9184494147315244,0.821956989400617,0.8684632246806085,0.6496231239814938,0.9188994287836422,1.0,0.24864971113903564,-0.1617724919446277,0.7609589471941637,0.8370104102406122,0.9047751532927982,0.9004606052531774,0.8727466102145947,0.9458260561628322,0.8810034820473902,0.8433053523848438,0.9404984375322951,0.903302006714815,0.8821404788903283],[0.2934187356637528,0.29027507390317114,0.11729297760404521,0.25440335716565426,0.08012291711438897,0.18380205898671095,0.05132349421723907,0.16176460513970603,0.024471271021186836,0.2579898529885893,-0.21059635570250035,-0.009484134323205788,-0.4887466732328009,-0.6966813925245433,-0.20739252473384398,0.032993822885758556,-0.15334629276625023,0.12466303959649085,0.21516115854785395,0.5989730717291534,0.721618647933391,0.18769235275428064,0.24864971113903564,1.0,-0.37970728744950466,0.22552745771424573,0.12669861883933345,0.12645132811740856,0.42867961702700697,0.4142970058313785,0.24132601226572523,0.43943509679705844,0.37889375560464156,0.28656859295601506,0.19468743248273118,0.3153993481471428],[-0.24440363487278546,-0.1847680857994802,-0.14829762375661815,-0.22660019203492415,-0.1270414760530781,-0.18255417531710902,-0.11714619563053498,-0.27653643787317944,-0.19505304574378,-0.22535128578855967,0.5431100433817302,-0.0796793473233358,0.5250091701806638,0.5570880757916502,0.5394646975714446,-0.13576885029578134,0.5504139711657897,-0.23701865112392206,-0.13259069053982378,-0.49658368185232865,-0.11571427501166537,-0.21308010338721448,-0.1617724919446277,-0.37970728744950466,1.0,-0.13595332767904517,-0.14753227834099447,-0.14272058919558206,-0.36507149799376004,-0.34910603380743865,-0.2653639486561722,-0.3223351023746627,-0.19984539928314832,-0.3098593591222415,-0.14693545358225907,-0.27728485657939916],[0.9119155269544248,0.8942451913844628,0.866615067209166,0.8999749554962784,0.8204039655448178,0.9388898786657652,0.8963205458715722,0.9199957310416187,0.9026762763986665,0.9003019110393057,0.8902331094659193,0.9050835309972304,0.7300202534393168,0.830862810285383,0.8899989103571218,0.9438995215746321,0.9197526823487069,0.9240893052723634,0.8714889841943216,0.7367523341697833,0.5132312622712679,0.881720807697131,0.7609589471941637,0.22552745771424573,-0.13595332767904517,1.0,0.7558786318918398,0.8995496707097109,0.8331943026192545,0.8772468906777858,0.8560419882873365,0.8818486454647227,0.8679318579810587,0.8776609627424569,0.88811119802922,0.9130749706112959],[0.8911752038074578,0.8932834851322032,0.9599367689867566,0.9153272986800272,0.9735566075416145,0.8660096023787356,0.9102193352205203,0.8004454778617635,0.8463627677461578,0.913832458447044,0.9003758304917292,0.9060003948574563,0.8357787141387204,0.9374734827369022,0.8996234037712753,0.8546168187820073,0.8771957775074514,0.7960922140250833,0.6766948604862125,0.7027796748961495,0.42592950147520614,0.9297670464534409,0.8370104102406122,0.12669861883933345,-0.14753227834099447,0.7558786318918398,1.0,0.880780544996871,0.7480236517206981,0.7614399214727054,0.8706525285607678,0.7480948982029364,0.6977810791333245,0.8160156694900899,0.8794498372562007,0.812890807895271],[0.9626637080229775,0.9637018561964737,0.9599857894392713,0.9658555909711896,0.9344998349225845,0.9640914352896934,0.9650996275306842,0.9367488813783768,0.9652482501196248,0.964964392268188,0.9641363837950252,0.9614606703391837,0.8479015861584452,0.9544409839628492,0.9641960970731638,0.9620561622466728,0.9667580998802161,0.9377636035330925,0.8496258910488388,0.797854045568883,0.5413547149971902,0.965464338139286,0.9047751532927982,0.12645132811740856,-0.14272058919558206,0.8995496707097109,0.880780544996871,1.0,0.8829873209611256,0.8795942138918406,0.9450101336419497,0.8751263262599841,0.8531189354688176,0.9350676916733033,0.9726068697783781,0.9001678004898362],[0.9516329862489056,0.9341114657818029,0.8376316441592605,0.9283318908069252,0.7817219275261373,0.9415037158950108,0.8656681065011382,0.9746486214637626,0.9261170606901161,0.9270208857313237,0.9082362038353273,0.9171280251756183,0.7147592188849415,0.842065754680651,0.9097756992741337,0.9442851015035011,0.9378634837500593,0.9751419063379896,0.9008599304357571,0.9623596724672949,0.7548916446917521,0.8899252531557156,0.9004606052531774,0.42867961702700697,-0.36507149799376004,0.8331943026192545,0.7480236517206981,0.8829873209611256,1.0,0.9868882776888726,0.9435903531943649,0.9912563843332404,0.9564764916682462,0.9591338282935682,0.8993201573093895,0.9605827597790224],[0.9509545326581196,0.9389279846813962,0.8482438850459005,0.935134992045788,0.8003708819649188,0.9295718016869662,0.8549346623543372,0.9596990403178226,0.9077011671918878,0.9335093391007259,0.9130181375273183,0.9219860639182036,0.7130404043567019,0.8545652069981908,0.9143952578438516,0.9271917232463086,0.9321872410198611,0.9592171818995369,0.8719995825168131,0.9415619015288268,0.6777785894633187,0.9098679981149542,0.8727466102145947,0.4142970058313785,-0.34910603380743865,0.8772468906777858,0.7614399214727054,0.8795942138918406,0.9868882776888726,1.0,0.944025144834788,0.9857991227603716,0.9567770999429099,0.9464491487473846,0.9171753881068523,0.9628428478340566],[0.9829078929352079,0.9757247744995992,0.9468995842267779,0.9825126878539913,0.917637640535718,0.9672257268861058,0.9466847530305651,0.9680190249203353,0.9692317695867896,0.9818164130140279,0.976057878514278,0.979068677447742,0.8258561318028622,0.948856171727318,0.9761327013067864,0.964602990806905,0.9770563621301119,0.9663936474709213,0.8573635774787364,0.8855904441367825,0.5645468231580772,0.9735158071296369,0.9458260561628322,0.24132601226572523,-0.2653639486561722,0.8560419882873365,0.8706525285607678,0.9450101336419497,0.9435903531943649,0.944025144834788,1.0,0.9400293943012589,0.892775852800309,0.9749672970739935,0.9710908197574809,0.9531903163660196],[0.9512873031175662,0.9369972505103783,0.8421375699258693,0.9290232203595572,0.7882108021780861,0.9422156560035132,0.8678907045130776,0.9657967088744429,0.9188483814763864,0.927670088018086,0.9013756957724808,0.9156627392629347,0.7036994669898775,0.8511057167774482,0.9028576135377151,0.943347172222433,0.9305169956803963,0.964685500836341,0.8830113320348434,0.9508151345123348,0.7130242400841527,0.8994371460292142,0.8810034820473902,0.43943509679705844,-0.3223351023746627,0.8818486454647227,0.7480948982029364,0.8751263262599841,0.9912563843332404,0.9857991227603716,0.9400293943012589,1.0,0.9744532122417718,0.9499689628143142,0.9233779358002859,0.9603373743595881],[0.911318165512393,0.9098431183373965,0.7976872877922068,0.88450015223192,0.7362753124139215,0.9260803216524354,0.8516504506981513,0.9318154769622413,0.887513348817239,0.8822141099330946,0.8418787050458575,0.8696329173080063,0.6331106904928283,0.7419176865164868,0.84399159953025,0.9234161575992554,0.8863768690088057,0.9312463894267985,0.8659886042657723,0.9074682722032918,0.7418161818020911,0.8506087353536899,0.8433053523848438,0.37889375560464156,-0.19984539928314832,0.8679318579810587,0.6977810791333245,0.8531189354688176,0.9564764916682462,0.9567770999429099,0.892775852800309,0.9744532122417718,1.0,0.9074549422827293,0.90048373641405,0.9415024637123587],[0.9744931019660756,0.9653408491870543,0.9073161153263342,0.9639103622060132,0.8647361002703866,0.961206824620618,0.9193335851230688,0.9682500343573802,0.9553396258829892,0.9625987486095468,0.9500750089235229,0.9577212341443203,0.7957090130440084,0.9094985983385929,0.9506623303617469,0.96323952019639,0.9649402619968965,0.9674961766790011,0.867420852110047,0.9032493136115419,0.6289129140799045,0.9475696402988385,0.9404984375322951,0.28656859295601506,-0.3098593591222415,0.8776609627424569,0.8160156694900899,0.9350676916733033,0.9591338282935682,0.9464491487473846,0.9749672970739935,0.9499689628143142,0.9074549422827293,1.0,0.955647409535703,0.951137986312668],[0.9814904113797049,0.9750082582205931,0.9601693603869438,0.9797837638607124,0.9293809520815083,0.98400375328341,0.9745628081531765,0.958726890444716,0.9782709174941205,0.9792609943222493,0.9849221547108135,0.9793039494571522,0.8447981767348374,0.9698768142240048,0.9848952222903784,0.983151502613891,0.9904878447704362,0.9569794186960426,0.8697972267678392,0.8396754420412487,0.571243316276667,0.9673431308849991,0.903302006714815,0.19468743248273118,-0.14693545358225907,0.88811119802922,0.8794498372562007,0.9726068697783781,0.8993201573093895,0.9171753881068523,0.9710908197574809,0.9233779358002859,0.90048373641405,0.955647409535703,1.0,0.9355383539669466],[0.9613392640740687,0.956282410939289,0.8961154809407621,0.9481597674412493,0.8520489821811178,0.9643626971639989,0.9173766682505159,0.9721186784151535,0.9408925834003862,0.9471132748048414,0.9445591779319086,0.9484127981737405,0.7932061243811009,0.9251582982837941,0.9453497044913222,0.9675420661949987,0.9663447728443154,0.9729123166121177,0.9006813133737324,0.8859688730716248,0.6347467699668883,0.9276873282941053,0.8821404788903283,0.3153993481471428,-0.27728485657939916,0.9130749706112959,0.812890807895271,0.9001678004898362,0.9605827597790224,0.9628428478340566,0.9531903163660196,0.9603373743595881,0.9415024637123587,0.951137986312668,0.9355383539669466,1.0]],"x":["^TAIEX       \u81fa\u7063\u52a0\u6b0a\u5831\u916c\u6307\u6578","^TWII        \u81fa\u7063\u52a0\u6b0a\u6307\u6578","^TAIEXx2     \u81fa\u7063\u52a0\u6b0a\u5831\u916c\u6307\u6578_\u65e5\u6b632","^TAI50I      \u81fa\u706350\u5831\u916c\u6307\u6578","^TAI50Ix2    \u81fa\u706350\u5831\u916c\u6307\u6578_\u65e5\u6b632","^TAI100I     \u81fa\u7063\u4e2d\u578b100\u5831\u916c\u6307\u6578","^TAI100Ix2   \u81fa\u7063\u4e2d\u578b100\u5831\u916c\u6307\u6578_\u65e5\u6b632","^TAIDIVIDI   \u81fa\u7063\u9ad8\u80a1\u606f\u5831\u916c\u6307\u6578","^TAIDIVIDIx2 \u81fa\u7063\u9ad8\u80a1\u606f\u5831\u916c\u6307\u6578_\u65e5\u6b632","0050Fund     \u5143\u5927\u53f0\u7063\u5353\u8d8a50\u57fa\u91d1","006208Fund   \u5bcc\u90a6\u53f0\u7063\u91c6\u540950\u57fa\u91d1","0050         \u5143\u5927\u81fa\u706350","00631L       \u5143\u5927\u53f0\u706350\u6b632","00675L       \u5bcc\u90a6\u81fa\u7063\u52a0\u6b0a\u6b632","006208       \u5bcc\u90a6\u53f050","0051         \u5143\u5927\u4e2d\u578b100","006204       \u6c38\u8c50\u81fa\u7063\u52a0\u6b0a","0056         \u5143\u5927\u9ad8\u80a1\u606f","0056         \u5143\u5927\u9ad8\u80a1\u606f_\u80a1\u606f\u4e0d\u6295\u5165","2412         \u4e2d\u83ef\u96fb\u4fe1","2002         \u4e2d\u92fc","2330         \u53f0\u7a4d\u96fb","2317         \u9d3b\u6d77","6505         \u53f0\u5851\u77f3\u5316","3481         \u7fa4\u5275","2303         \u806f\u96fb","2308         \u53f0\u9054\u96fb","2454         \u806f\u767c\u79d1","2886         \u5146\u8c50\u91d1","2884         \u7389\u5c71\u91d1","2891         \u4e2d\u4fe1\u91d1","2892         \u7b2c\u4e00\u91d1","5880         \u5408\u5eab\u91d1","2881         \u5bcc\u90a6\u91d1","2885         \u5143\u5927\u91d1","2887         \u53f0\u65b0\u91d1"],"y":["^TAIEX       \u81fa\u7063\u52a0\u6b0a\u5831\u916c\u6307\u6578","^TWII        \u81fa\u7063\u52a0\u6b0a\u6307\u6578","^TAIEXx2     \u81fa\u7063\u52a0\u6b0a\u5831\u916c\u6307\u6578_\u65e5\u6b632","^TAI50I      \u81fa\u706350\u5831\u916c\u6307\u6578","^TAI50Ix2    \u81fa\u706350\u5831\u916c\u6307\u6578_\u65e5\u6b632","^TAI100I     \u81fa\u7063\u4e2d\u578b100\u5831\u916c\u6307\u6578","^TAI100Ix2   \u81fa\u7063\u4e2d\u578b100\u5831\u916c\u6307\u6578_\u65e5\u6b632","^TAIDIVIDI   \u81fa\u7063\u9ad8\u80a1\u606f\u5831\u916c\u6307\u6578","^TAIDIVIDIx2 \u81fa\u7063\u9ad8\u80a1\u606f\u5831\u916c\u6307\u6578_\u65e5\u6b632","0050Fund     \u5143\u5927\u53f0\u7063\u5353\u8d8a50\u57fa\u91d1","006208Fund   \u5bcc\u90a6\u53f0\u7063\u91c6\u540950\u57fa\u91d1","0050         \u5143\u5927\u81fa\u706350","00631L       \u5143\u5927\u53f0\u706350\u6b632","00675L       \u5bcc\u90a6\u81fa\u7063\u52a0\u6b0a\u6b632","006208       \u5bcc\u90a6\u53f050","0051         \u5143\u5927\u4e2d\u578b100","006204       \u6c38\u8c50\u81fa\u7063\u52a0\u6b0a","0056         \u5143\u5927\u9ad8\u80a1\u606f","0056         \u5143\u5927\u9ad8\u80a1\u606f_\u80a1\u606f\u4e0d\u6295\u5165","2412         \u4e2d\u83ef\u96fb\u4fe1","2002         \u4e2d\u92fc","2330         \u53f0\u7a4d\u96fb","2317         \u9d3b\u6d77","6505         \u53f0\u5851\u77f3\u5316","3481         \u7fa4\u5275","2303         \u806f\u96fb","2308         \u53f0\u9054\u96fb","2454         \u806f\u767c\u79d1","2886         \u5146\u8c50\u91d1","2884         \u7389\u5c71\u91d1","2891         \u4e2d\u4fe1\u91d1","2892         \u7b2c\u4e00\u91d1","5880         \u5408\u5eab\u91d1","2881         \u5bcc\u90a6\u91d1","2885         \u5143\u5927\u91d1","2887         \u53f0\u65b0\u91d1"],"zmin":-1,"zmax":1,"colorbar":{"x":-0.2}}],"layout":{"autotypenumbers":"strict","colorway":["#636efa","#EF553B","#00cc96","#ab63fa","#FFA15A","#19d3f3","#FF6692","#B6E880","#FF97FF","#FECB52"],"font":{"color":"#f2f5fa","family":"Courier New"},"hovermode":"closest","hoverlabel":{"align":"left"},"paper_bgcolor":"rgb(17,17,17)","plot_bgcolor":"rgb(17,17,17)","polar":{"bgcolor":"rgb(17,17,17)","angularaxis":{"gridcolor":"#506784","linecolor":"#506784","ticks":""},"radialaxis":{"gridcolor":"#506784","linecolor":"#506784","ticks":""}},"ternary":{"bgcolor":"rgb(17,17,17)","aaxis":{"gridcolor":"#506784","linecolor":"#506784","ticks":""},"baxis":{"gridcolor":"#506784","linecolor":"#506784","ticks":""},"caxis":{"gridcolor":"#506784","linecolor":"#506784","ticks":""}},"coloraxis":{"colorbar":{"outlinewidth":0,"ticks":""}},"colorscale":{"sequential":[[0.0,"#0d0887"],[0.1111111111111111,"#46039f"],[0.2222222222222222,"#7201a8"],[0.3333333333333333,"#9c179e"],[0.4444444444444444,"#bd3786"],[0.5555555555555556,"#d8576b"],[0.6666666666666666,"#ed7953"],[0.7777777777777778,"#fb9f3a"],[0.8888888888888888,"#fdca26"],[1.0,"#f0f921"]],"sequentialminus":[[0.0,"#0d0887"],[0.1111111111111111,"#46039f"],[0.2222222222222222,"#7201a8"],[0.3333333333333333,"#9c179e"],[0.4444444444444444,"#bd3786"],[0.5555555555555556,"#d8576b"],[0.6666666666666666,"#ed7953"],[0.7777777777777778,"#fb9f3a"],[0.8888888888888888,"#fdca26"],[1.0,"#f0f921"]],"diverging":[[0,"#8e0152"],[0.1,"#c51b7d"],[0.2,"#de77ae"],[0.3,"#f1b6da"],[0.4,"#fde0ef"],[0.5,"#f7f7f7"],[0.6,"#e6f5d0"],[0.7,"#b8e186"],[0.8,"#7fbc41"],[0.9,"#4d9221"],[1,"#276419"]]},"xaxis":{"gridcolor":"rgba(0, 0, 0, 0)","linecolor":"#506784","ticks":"","title":{"standoff":15},"zerolinecolor":"#283442","automargin":true,"zerolinewidth":2,"tickfont":{"family":"Courier New","size":14},"side":"top","tickangle":-90},"yaxis":{"gridcolor":"rgba(0, 0, 0, 0)","linecolor":"#506784","ticks":"","title":{"standoff":15},"zerolinecolor":"#283442","automargin":true,"zerolinewidth":2,"tickfont":{"family":"Courier New"},"side":"right"},"scene":{"xaxis":{"backgroundcolor":"rgb(17,17,17)","gridcolor":"#506784","linecolor":"#506784","showbackground":true,"ticks":"","zerolinecolor":"#C8D4E3","gridwidth":2},"yaxis":{"backgroundcolor":"rgb(17,17,17)","gridcolor":"#506784","linecolor":"#506784","showbackground":true,"ticks":"","zerolinecolor":"#C8D4E3","gridwidth":2},"zaxis":{"backgroundcolor":"rgb(17,17,17)","gridcolor":"#506784","linecolor":"#506784","showbackground":true,"ticks":"","zerolinecolor":"#C8D4E3","gridwidth":2}},"shapedefaults":{"line":{"color":"#f2f5fa"}},"annotationdefaults":{"arrowcolor":"#f2f5fa","arrowhead":0,"arrowwidth":1},"geo":{"bgcolor":"rgb(17,17,17)","landcolor":"rgb(17,17,17)","subunitcolor":"#506784","showland":true,"showlakes":true,"lakecolor":"rgb(17,17,17)"},"title":{"x":0.05,"font":{"family":"Times New Roman"},"y":0.05,"text":"<b>Correlation of Adj Close<b><br><i>2016-09-23 ~ 2026-05-12<i>"},"updatemenudefaults":{"bgcolor":"#506784","borderwidth":0},"sliderdefaults":{"bgcolor":"#C8D4E3","borderwidth":1,"bordercolor":"rgb(17,17,17)","tickwidth":0},"mapbox":{"style":"dark"},"annotations":[{"text":"<b>@zwindr<b>","textangle":0,"opacity":0.5,"font":{"color":"white","size":12},"xref":"paper","yref":"paper","xanchor":"left","yanchor":"bottom","x":1.0,"y":1.0,"showarrow":false}]},"config":{"responsive":true,"toImageButtonOptions":{"filename":"Correlation of Adj Close_2016-09-23~2026-05-12","scale":5}}};Plotly.newPlot("correlationAdjClose",correlationAdjClose.data,correlationAdjClose.layout||{},correlationAdjClose.config);}else{console.log("style display is none => correlationAdjClose");}