var element=document.getElementById("correlationAdjClose");if(element.style.display!='none'){var correlationAdjClose={"data":[{"type":"heatmap","z":[[1.0,0.9964138279332567,0.9524829025750222,0.996438181921457,0.9196876830617785,0.9885799714031708,0.9626689895375142,0.9809962713309998,0.9806260475307497,0.9965580207208824,0.9965259877365299,0.9967235465013019,0.869173717691119,0.9823766965256119,0.9966228736738975,0.9892171328382614,0.9997805679786825,0.9807860933132617,0.8972668764000982,0.8892997240202531,0.5939084387981294,0.9860133655660865,0.9460708715971492,0.2736122690544319,-0.20543572340147626,0.9183778009394895,0.8887453965201004,0.9465002428377274,0.9399937832209642,0.9405925206893218,0.9835784703546547,0.9396903171289546,0.8964947905136565,0.9717903475111009,0.983088276444352,0.9602815349543752],[0.9964138279332567,1.0,0.9567071340567689,0.9939988343003696,0.9248473192978125,0.9850792892134912,0.9635953795399687,0.9717722220562088,0.9766725772773702,0.9950066009428835,0.996536947972694,0.9961029277892443,0.8775824044691861,0.9854465858351192,0.9965884363463013,0.9849537958171543,0.997976139704672,0.9735783502292922,0.9083227483846048,0.8764274933369296,0.6179436825194007,0.9770358270432881,0.9291708704448862,0.267746725320846,-0.14524060328051525,0.9040645299304022,0.8927716155545097,0.9501553233260888,0.9210550429627347,0.9266262483590201,0.9764022639689968,0.9230021547310688,0.8929775160055439,0.9616966813511202,0.9774068616581498,0.9539262049290492],[0.9524829025750222,0.9567071340567689,1.0,0.970435798553804,0.9943905372517702,0.9437616095785838,0.9813207944024083,0.9002148086486278,0.9533624917829292,0.970594158332568,0.9779329258600217,0.9746616303012773,0.9001471125508367,0.9974708421611986,0.9777113606697792,0.9412764994855103,0.9635843503054968,0.9009678494458415,0.8104056810543335,0.7325333448251943,0.4019144877203862,0.9771107731576693,0.895224038709725,0.09592638235716919,-0.09296933502638333,0.8871805013675703,0.9681021786012342,0.9677375908845121,0.8009713462863096,0.8127822369456041,0.934685935340783,0.8049657910753613,0.7554545754369525,0.8861019254872642,0.954163187285642,0.8785433089367831],[0.996438181921457,0.9939988343003696,0.970435798553804,1.0,0.9448070268740334,0.9802240976406784,0.9671342343583579,0.9660188774447266,0.9762800095563116,0.9999814941811936,0.9999949928400362,0.9999741570390845,0.8796637351047463,0.9884247355699207,0.9999680281365779,0.9785887227951864,0.9960664801163237,0.9655706319026044,0.8737947471567967,0.859500349593047,0.5438433976146638,0.9953812246534581,0.9440722788228053,0.23383406260550577,-0.18507711291853773,0.9105823183602227,0.9143170153313125,0.954639190727106,0.9138401700953953,0.9216275448206864,0.9821466991923948,0.914480877656136,0.8666180761589993,0.9594858442482759,0.9816228770306292,0.945911823308183],[0.9196876830617785,0.9248473192978125,0.9943905372517702,0.9448070268740334,1.0,0.905266314030829,0.959631931832139,0.854581771852986,0.9203015719440206,0.9455279117529842,0.9573959278585686,0.9523605450788744,0.8938226643916186,0.9860749210169162,0.9569647533937325,0.9024498353452972,0.9343381926705532,0.8553581590045355,0.7596650298675373,0.6772407181077443,0.3390307779812608,0.9568762312846889,0.8630738140471226,0.06057262908137347,-0.06930716702714439,0.8479529191366736,0.9797826133139186,0.9499696568897812,0.7417768285541149,0.7605976825804419,0.9023768192251881,0.7474613068606883,0.6911318697916335,0.8405667032824533,0.9222465676473602,0.832305405882268],[0.9885799714031708,0.9850792892134912,0.9437616095785838,0.9802240976406784,0.905266314030829,1.0,0.9757510282895424,0.9809538748535811,0.9852769369970161,0.9798503232919283,0.9749545221741387,0.9778968502371184,0.8485706600884472,0.953282179754503,0.9749944395882718,0.9999264511103986,0.9899731264330471,0.981832415725703,0.9050440348418373,0.8605074945242658,0.5651291829580932,0.9722733763495596,0.9277850669859616,0.16833785407768534,-0.14993535894789095,0.940832689198026,0.8639827992597946,0.9434900142586841,0.9324175987388579,0.922111986251095,0.969485178818179,0.9330455819994847,0.9127032427162599,0.9605253277338925,0.9848914147061106,0.9640174452617697],[0.9626689895375142,0.9635953795399687,0.9813207944024083,0.9671342343583579,0.959631931832139,0.9757510282895424,1.0,0.9350058874535846,0.9807415366419336,0.9664210996894768,0.975222199552275,0.9716769358181943,0.8856960856506416,0.9840027401358737,0.9749007145780758,0.9768523745162517,0.9771621635646663,0.9378082051951431,0.8523327034576641,0.7588898242917128,0.4253870378270095,0.9689935414026896,0.9122767009664849,0.03698842451930326,-0.0741819681595551,0.911786130493713,0.9225776488929263,0.965360328735696,0.8414519934465227,0.833427028608561,0.9442396790758233,0.8433612329325205,0.8201836015125631,0.9091453002117863,0.9740691060357478,0.9088552507848423],[0.9809962713309998,0.9717722220562088,0.9002148086486278,0.9660188774447266,0.854581771852986,0.9809538748535811,0.9350058874535846,1.0,0.978785720274481,0.9659072422130242,0.9608705125367966,0.9647461417046618,0.8089865180971737,0.9236770877191146,0.9611541494259386,0.9827147152237307,0.9781662871782613,0.9998954406611977,0.9367396799582264,0.9280515963047352,0.5565607227851095,0.9522144632189992,0.9212094786264957,0.14517875271193648,-0.2452864173027038,0.9188439948968,0.797662815245693,0.9091884347706118,0.9688108880623458,0.9550875245998465,0.9698530689239826,0.9602513799663925,0.9234039427814901,0.9693030844991484,0.959418233429592,0.9730253387744271],[0.9806260475307497,0.9766725772773702,0.9533624917829292,0.9762800095563116,0.9203015719440206,0.9852769369970161,0.9807415366419336,0.978785720274481,1.0,0.9758150621687727,0.9719194189891274,0.9745444056726333,0.8528081113808267,0.9559045270175244,0.9717852709540221,0.9846597113905722,0.9796502549479195,0.9790240028392584,0.905976693671939,0.8494524594686016,0.4488660145338067,0.9704576266025884,0.935198500221817,0.007514766478585677,-0.15165520304678481,0.9150557748005341,0.8626750971250675,0.9575485725508202,0.9062405529008098,0.8903278251790744,0.9689024688493875,0.8993399083593683,0.862688588391414,0.9490112939223989,0.9799068645275445,0.9363238613506158],[0.9965580207208824,0.9950066009428835,0.970594158332568,0.9999814941811936,0.9455279117529842,0.9798503232919283,0.9664210996894768,0.9659072422130242,0.9758150621687727,1.0,0.9999946242625837,0.9999850413139518,0.8813790292399419,0.9885082979516464,0.9999694489771234,0.9783204771660137,0.9959570764190441,0.9654042296882139,0.8753056893330257,0.8596597924785495,0.5347435059752433,0.9955937667355365,0.9446693705327147,0.23622338294875023,-0.18160144732572098,0.9114168476194011,0.9135621011257585,0.9535802356584501,0.9116664385168491,0.9190996257356455,0.9814780701961597,0.9122198928271957,0.8633344096623357,0.9580086159069908,0.9812743004669154,0.9446418113879745],[0.9965259877365299,0.996536947972694,0.9779329258600217,0.9999949928400362,0.9573959278585686,0.9749545221741387,0.975222199552275,0.9608705125367966,0.9719194189891274,0.9999946242625837,1.0,0.9999793769930553,0.881478120296518,0.9883950057138022,0.9999713661952289,0.9745179767720665,0.9958539667496032,0.9616106992524888,0.8914150512140183,0.8887108642609174,0.3655542339989432,0.9977779613459004,0.9354002398875323,-0.22385596746045125,0.6220662057578584,0.9053954384679025,0.9060167054764638,0.9535092177729769,0.8900056090949708,0.8956101879808416,0.9762183170696762,0.8825811424852106,0.8169392138742145,0.9457345198696774,0.9862690328730069,0.9418265435732839],[0.9967235465013019,0.9961029277892443,0.9746616303012773,0.9999741570390845,0.9523605450788744,0.9778968502371184,0.9716769358181943,0.9647461417046618,0.9745444056726333,0.9999850413139518,0.9999793769930553,1.0,0.8815219396574736,0.9885760067544577,0.9999771689938497,0.9775694641129777,0.9958729320337624,0.9650184561496634,0.8827196967955148,0.8770830084520436,0.4502934679150676,0.9971046461476897,0.9433125089701114,-0.028912632366201313,0.011154121024325586,0.9168230392937075,0.9082164869779842,0.950585488138391,0.8998094466691613,0.9054422205146189,0.9785788851109868,0.8981703677980107,0.8472993048484422,0.9525820217825154,0.9814409260279673,0.944316158413935],[0.869173717691119,0.8775824044691861,0.9001471125508367,0.8796637351047463,0.8938226643916186,0.8485706600884472,0.8856960856506416,0.8089865180971737,0.8528081113808267,0.8813790292399419,0.881478120296518,0.8815219396574736,1.0,0.9998720383970116,0.8811272815309255,0.8493187144300838,0.8708123142840779,0.8124379208806487,0.7410622138919223,0.6963846683523219,0.1879457020660704,0.8785996457390668,0.814814858295249,-0.48008413313972403,0.6353968961601635,0.7803928026463484,0.8694353930557563,0.8776016120818279,0.700761334334223,0.7023990888624526,0.8422204182755089,0.6902135046989949,0.6096688903631324,0.800444669136037,0.8644506766089145,0.8017324258668208],[0.9823766965256119,0.9854465858351192,0.9974708421611986,0.9884247355699207,0.9860749210169162,0.953282179754503,0.9840027401358737,0.9236770877191146,0.9559045270175244,0.9885082979516464,0.9883950057138022,0.9885760067544577,0.9998720383970116,1.0,0.9883852805516292,0.9523054102880946,0.9810926018029635,0.9254887934908872,0.8428792302613228,0.8503611898637435,0.09297479728351477,0.9816188535352979,0.8962319700869953,-0.6646196725194685,0.6768066354657687,0.8672252989992573,0.9522106204745822,0.9627062651068216,0.8008373494078671,0.8167043355888605,0.9417659777803801,0.8094801554674477,0.690800620538972,0.8900338243297234,0.9659760127730821,0.910405683328742],[0.9966228736738975,0.9965884363463013,0.9777113606697792,0.9999680281365779,0.9569647533937325,0.9749944395882718,0.9749007145780758,0.9611541494259386,0.9717852709540221,0.9999694489771234,0.9999713661952289,0.9999771689938497,0.8811272815309255,0.9883852805516292,1.0,0.9746497094116535,0.9959534550603367,0.9619981594695215,0.8920446834070141,0.8898325412030271,0.36866644235689894,0.9976521372244674,0.9353399610477312,-0.2207788427641299,0.6187207817220297,0.9050314087529931,0.9048240771847802,0.9534360820959568,0.8912268425943548,0.8968146951814671,0.976114520278695,0.8839320999687098,0.8188766483855346,0.9457588183336476,0.9862400318846971,0.94214781946705],[0.9892171328382614,0.9849537958171543,0.9412764994855103,0.9785887227951864,0.9024498353452972,0.9999264511103986,0.9768523745162517,0.9827147152237307,0.9846597113905722,0.9783204771660137,0.9745179767720665,0.9775694641129777,0.8493187144300838,0.9523054102880946,0.9746497094116535,1.0,0.9898838101230079,0.9822518955052162,0.908005641863131,0.8842792010499151,0.5367484437766081,0.9702014427435167,0.9244885119409779,0.016243685851717385,-0.07859579391376159,0.9455078862317778,0.8541987197358444,0.9399055123474809,0.9340052097371696,0.9187646382701479,0.9672164448125667,0.9330654345334232,0.9081851745357233,0.9623517584279014,0.984160279313179,0.966354977186224],[0.9997805679786825,0.997976139704672,0.9635843503054968,0.9960664801163237,0.9343381926705532,0.9899731264330471,0.9771621635646663,0.9781662871782613,0.9796502549479195,0.9959570764190441,0.9958539667496032,0.9958729320337624,0.8708123142840779,0.9810926018029635,0.9959534550603367,0.9898838101230079,1.0,0.978814988459146,0.9168499307552033,0.9112426396817587,0.43999066568059786,0.9904563827493673,0.9349445887957364,-0.16903270569725332,0.6161041248733001,0.9275906507861033,0.8801995378587195,0.9496221733909943,0.9229517031969103,0.9186657399597296,0.9782627659595811,0.9153420175977578,0.8653230673383833,0.9618454226508727,0.9914483037717782,0.963770432511702],[0.9807860933132617,0.9735783502292922,0.9009678494458415,0.9655706319026044,0.8553581590045355,0.981832415725703,0.9378082051951431,0.9998954406611977,0.9790240028392584,0.9654042296882139,0.9616106992524888,0.9650184561496634,0.8124379208806487,0.9254887934908872,0.9619981594695215,0.9822518955052162,0.978814988459146,1.0,0.9395107201447502,0.9335071565961736,0.5507649092472098,0.9509971459560939,0.9243251375437915,0.10676146311914149,-0.18189228813385055,0.9231187526743589,0.7950313842125212,0.9101957659900031,0.9682849022531393,0.9537274377837238,0.968618408599889,0.9582083422170985,0.9215052012816612,0.9684464845878994,0.958269553936157,0.9734600989312288],[0.8972668764000982,0.9083227483846048,0.8104056810543335,0.8737947471567967,0.7596650298675373,0.9050440348418373,0.8523327034576641,0.9367396799582264,0.905976693671939,0.8753056893330257,0.8914150512140183,0.8827196967955148,0.7410622138919223,0.8428792302613228,0.8920446834070141,0.908005641863131,0.9168499307552033,0.9395107201447502,1.0,0.8446105465098099,0.6374579965941471,0.847587678965038,0.834197647574556,0.19511965007090162,-0.08437263852231873,0.8746164487022426,0.692329584266266,0.8343917917767298,0.8982661886357629,0.8712637526416483,0.8671720306256557,0.881034989005955,0.860093290974788,0.8744764805034926,0.8776999999363054,0.9056886788798253],[0.8892997240202531,0.8764274933369296,0.7325333448251943,0.859500349593047,0.6772407181077443,0.8605074945242658,0.7588898242917128,0.9280515963047352,0.8494524594686016,0.8596597924785495,0.8887108642609174,0.8770830084520436,0.6963846683523219,0.8503611898637435,0.8898325412030271,0.8842792010499151,0.9112426396817587,0.9335071565961736,0.8446105465098099,1.0,0.8058375655257197,0.8111567560062595,0.8662865559825949,0.5905570065298612,-0.4771861152030558,0.7225345501694442,0.6701552867424069,0.7505711125177241,0.9630055908406754,0.9425957919198488,0.8801944024729538,0.951718702533962,0.908667510766332,0.9023981537296666,0.8310672082099165,0.8852901330631048],[0.5939084387981294,0.6179436825194007,0.4019144877203862,0.5438433976146638,0.3390307779812608,0.5651291829580932,0.4253870378270095,0.5565607227851095,0.4488660145338067,0.5347435059752433,0.3655542339989432,0.4502934679150676,0.1879457020660704,0.09297479728351477,0.36866644235689894,0.5367484437766081,0.43999066568059786,0.5507649092472098,0.6374579965941471,0.8058375655257197,1.0,0.4902859908654695,0.6358086989484937,0.7211831971706215,-0.11548029243027566,0.48198014049564586,0.3834912054377516,0.4801800553518034,0.750988653720483,0.6732010503752759,0.547771877542721,0.7080945969309437,0.7397933379243364,0.618034037734562,0.5501542351318485,0.6228030340355207],[0.9860133655660865,0.9770358270432881,0.9771107731576693,0.9953812246534581,0.9568762312846889,0.9722733763495596,0.9689935414026896,0.9522144632189992,0.9704576266025884,0.9955937667355365,0.9977779613459004,0.9971046461476897,0.8785996457390668,0.9816188535352979,0.9976521372244674,0.9702014427435167,0.9904563827493673,0.9509971459560939,0.847587678965038,0.8111567560062595,0.4902859908654695,1.0,0.9221983586381558,0.17115063905148578,-0.17260829307404277,0.8937876895878568,0.9247677405678056,0.9525532264428774,0.8785735614943239,0.8988397679637128,0.9742077610067509,0.8876525415136495,0.83603418078472,0.9450317134826196,0.9704626416223038,0.9273723573137433],[0.9460708715971492,0.9291708704448862,0.895224038709725,0.9440722788228053,0.8630738140471226,0.9277850669859616,0.9122767009664849,0.9212094786264957,0.935198500221817,0.9446693705327147,0.9354002398875323,0.9433125089701114,0.814814858295249,0.8962319700869953,0.9353399610477312,0.9244885119409779,0.9349445887957364,0.9243251375437915,0.834197647574556,0.8662865559825949,0.6358086989484937,0.9221983586381558,1.0,0.23508541807980188,-0.13192092026446242,0.7747258002299854,0.8271820702503364,0.8840360448374353,0.8982409176985716,0.8722420006840831,0.9491906530273341,0.8789284977931123,0.8397052585272342,0.9429391834318976,0.9083442111833253,0.8881195292596514],[0.2736122690544319,0.267746725320846,0.09592638235716919,0.23383406260550577,0.06057262908137347,0.16833785407768534,0.03698842451930326,0.14517875271193648,0.007514766478585677,0.23622338294875023,-0.22385596746045125,-0.028912632366201313,-0.48008413313972403,-0.6646196725194685,-0.2207788427641299,0.016243685851717385,-0.16903270569725332,0.10676146311914149,0.19511965007090162,0.5905570065298612,0.7211831971706215,0.17115063905148578,0.23508541807980188,1.0,-0.3813939814012626,0.19981181354227126,0.10039239657171423,0.09965220302581874,0.42158927605302715,0.4068405051706017,0.22639367992132015,0.4322290025952949,0.3742611804196918,0.2753001007496277,0.17814574242656178,0.30274242103963234],[-0.20543572340147626,-0.14524060328051525,-0.09296933502638333,-0.18507711291853773,-0.06930716702714439,-0.14993535894789095,-0.0741819681595551,-0.2452864173027038,-0.15165520304678481,-0.18160144732572098,0.6220662057578584,0.011154121024325586,0.6353968961601635,0.6768066354657687,0.6187207817220297,-0.07859579391376159,0.6161041248733001,-0.18189228813385055,-0.08437263852231873,-0.4771861152030558,-0.11548029243027566,-0.17260829307404277,-0.13192092026446242,-0.3813939814012626,1.0,-0.09108153828874031,-0.08410399955630402,-0.07793947311493463,-0.3480437487642765,-0.33166319909631237,-0.22931833320064415,-0.3060448005105153,-0.18856769962547204,-0.2816634503520194,-0.11025557399819759,-0.2497402194381124],[0.9183778009394895,0.9040645299304022,0.8871805013675703,0.9105823183602227,0.8479529191366736,0.940832689198026,0.911786130493713,0.9188439948968,0.9150557748005341,0.9114168476194011,0.9053954384679025,0.9168230392937075,0.7803928026463484,0.8672252989992573,0.9050314087529931,0.9455078862317778,0.9275906507861033,0.9231187526743589,0.8746164487022426,0.7225345501694442,0.48198014049564586,0.8937876895878568,0.7747258002299854,0.19981181354227126,-0.09108153828874031,1.0,0.7983056097097195,0.9127052568255433,0.8126349738163708,0.8551041735713012,0.8642524980502937,0.8574581423767103,0.8367739090422692,0.8727946668259108,0.8982870313182241,0.9051624539023848],[0.8887453965201004,0.8927716155545097,0.9681021786012342,0.9143170153313125,0.9797826133139186,0.8639827992597946,0.9225776488929263,0.797662815245693,0.8626750971250675,0.9135621011257585,0.9060167054764638,0.9082164869779842,0.8694353930557563,0.9522106204745822,0.9048240771847802,0.8541987197358444,0.8801995378587195,0.7950313842125212,0.692329584266266,0.6701552867424069,0.3834912054377516,0.9247677405678056,0.8271820702503364,0.10039239657171423,-0.08410399955630402,0.7983056097097195,1.0,0.9098258833404367,0.7125471013777048,0.726830580802429,0.862960868587824,0.7122808259372381,0.658598841996437,0.7995212393162218,0.8813309932721404,0.7984273212720885],[0.9465002428377274,0.9501553233260888,0.9677375908845121,0.954639190727106,0.9499696568897812,0.9434900142586841,0.965360328735696,0.9091884347706118,0.9575485725508202,0.9535802356584501,0.9535092177729769,0.950585488138391,0.8776016120818279,0.9627062651068216,0.9534360820959568,0.9399055123474809,0.9496221733909943,0.9101957659900031,0.8343917917767298,0.7505711125177241,0.4801800553518034,0.9525532264428774,0.8840360448374353,0.09965220302581874,-0.07793947311493463,0.9127052568255433,0.9098258833404367,1.0,0.8269348561936055,0.8263577357219414,0.9237280879305395,0.8189530814357581,0.7902045716302435,0.8990355634446437,0.9567830512060713,0.870851895766661],[0.9399937832209642,0.9210550429627347,0.8009713462863096,0.9138401700953953,0.7417768285541149,0.9324175987388579,0.8414519934465227,0.9688108880623458,0.9062405529008098,0.9116664385168491,0.8900056090949708,0.8998094466691613,0.700761334334223,0.8008373494078671,0.8912268425943548,0.9340052097371696,0.9229517031969103,0.9682849022531393,0.8982661886357629,0.9630055908406754,0.750988653720483,0.8785735614943239,0.8982409176985716,0.42158927605302715,-0.3480437487642765,0.8126349738163708,0.7125471013777048,0.8269348561936055,1.0,0.9871267753956858,0.9365808811360129,0.9914117300970329,0.9568266820211487,0.9571905783850961,0.8887743577611353,0.9581201233899084],[0.9405925206893218,0.9266262483590201,0.8127822369456041,0.9216275448206864,0.7605976825804419,0.922111986251095,0.833427028608561,0.9550875245998465,0.8903278251790744,0.9190996257356455,0.8956101879808416,0.9054422205146189,0.7023990888624526,0.8167043355888605,0.8968146951814671,0.9187646382701479,0.9186657399597296,0.9537274377837238,0.8712637526416483,0.9425957919198488,0.6732010503752759,0.8988397679637128,0.8722420006840831,0.4068405051706017,-0.33166319909631237,0.8551041735713012,0.726830580802429,0.8263577357219414,0.9871267753956858,1.0,0.9380050577214976,0.9860678169750515,0.9568864571086391,0.9455185590172737,0.9071566700166163,0.9609361331337523],[0.9835784703546547,0.9764022639689968,0.934685935340783,0.9821466991923948,0.9023768192251881,0.969485178818179,0.9442396790758233,0.9698530689239826,0.9689024688493875,0.9814780701961597,0.9762183170696762,0.9785788851109868,0.8422204182755089,0.9417659777803801,0.976114520278695,0.9672164448125667,0.9782627659595811,0.968618408599889,0.8671720306256557,0.8801944024729538,0.547771877542721,0.9742077610067509,0.9491906530273341,0.22639367992132015,-0.22931833320064415,0.8642524980502937,0.862960868587824,0.9237280879305395,0.9365808811360129,0.9380050577214976,1.0,0.9330203017317977,0.8835116139814592,0.9747070617814907,0.9726604792141182,0.9547390225759271],[0.9396903171289546,0.9230021547310688,0.8049657910753613,0.914480877656136,0.7474613068606883,0.9330455819994847,0.8433612329325205,0.9602513799663925,0.8993399083593683,0.9122198928271957,0.8825811424852106,0.8981703677980107,0.6902135046989949,0.8094801554674477,0.8839320999687098,0.9330654345334232,0.9153420175977578,0.9582083422170985,0.881034989005955,0.951718702533962,0.7080945969309437,0.8876525415136495,0.8789284977931123,0.4322290025952949,-0.3060448005105153,0.8574581423767103,0.7122808259372381,0.8189530814357581,0.9914117300970329,0.9860678169750515,0.9330203017317977,1.0,0.974438976077366,0.9483085482895819,0.9112053619809378,0.9577876312701258],[0.8964947905136565,0.8929775160055439,0.7554545754369525,0.8666180761589993,0.6911318697916335,0.9127032427162599,0.8201836015125631,0.9234039427814901,0.862688588391414,0.8633344096623357,0.8169392138742145,0.8472993048484422,0.6096688903631324,0.690800620538972,0.8188766483855346,0.9081851745357233,0.8653230673383833,0.9215052012816612,0.860093290974788,0.908667510766332,0.7397933379243364,0.83603418078472,0.8397052585272342,0.3742611804196918,-0.18856769962547204,0.8367739090422692,0.658598841996437,0.7902045716302435,0.9568266820211487,0.9568864571086391,0.8835116139814592,0.974438976077366,1.0,0.9042885945786128,0.8845106134422484,0.9366632918430102],[0.9717903475111009,0.9616966813511202,0.8861019254872642,0.9594858442482759,0.8405667032824533,0.9605253277338925,0.9091453002117863,0.9693030844991484,0.9490112939223989,0.9580086159069908,0.9457345198696774,0.9525820217825154,0.800444669136037,0.8900338243297234,0.9457588183336476,0.9623517584279014,0.9618454226508727,0.9684464845878994,0.8744764805034926,0.9023981537296666,0.618034037734562,0.9450317134826196,0.9429391834318976,0.2753001007496277,-0.2816634503520194,0.8727946668259108,0.7995212393162218,0.8990355634446437,0.9571905783850961,0.9455185590172737,0.9747070617814907,0.9483085482895819,0.9042885945786128,1.0,0.9537100967365667,0.9534002392954145],[0.983088276444352,0.9774068616581498,0.954163187285642,0.9816228770306292,0.9222465676473602,0.9848914147061106,0.9740691060357478,0.959418233429592,0.9799068645275445,0.9812743004669154,0.9862690328730069,0.9814409260279673,0.8644506766089145,0.9659760127730821,0.9862400318846971,0.984160279313179,0.9914483037717782,0.958269553936157,0.8776999999363054,0.8310672082099165,0.5501542351318485,0.9704626416223038,0.9083442111833253,0.17814574242656178,-0.11025557399819759,0.8982870313182241,0.8813309932721404,0.9567830512060713,0.8887743577611353,0.9071566700166163,0.9726604792141182,0.9112053619809378,0.8845106134422484,0.9537100967365667,1.0,0.9357291787695946],[0.9602815349543752,0.9539262049290492,0.8785433089367831,0.945911823308183,0.832305405882268,0.9640174452617697,0.9088552507848423,0.9730253387744271,0.9363238613506158,0.9446418113879745,0.9418265435732839,0.944316158413935,0.8017324258668208,0.910405683328742,0.94214781946705,0.966354977186224,0.963770432511702,0.9734600989312288,0.9056886788798253,0.8852901330631048,0.6228030340355207,0.9273723573137433,0.8881195292596514,0.30274242103963234,-0.2497402194381124,0.9051624539023848,0.7984273212720885,0.870851895766661,0.9581201233899084,0.9609361331337523,0.9547390225759271,0.9577876312701258,0.9366632918430102,0.9534002392954145,0.9357291787695946,1.0]],"x":["^TAIEX       \u81fa\u7063\u52a0\u6b0a\u5831\u916c\u6307\u6578","^TWII        \u81fa\u7063\u52a0\u6b0a\u6307\u6578","^TAIEXx2     \u81fa\u7063\u52a0\u6b0a\u5831\u916c\u6307\u6578_\u65e5\u6b632","^TAI50I      \u81fa\u706350\u5831\u916c\u6307\u6578","^TAI50Ix2    \u81fa\u706350\u5831\u916c\u6307\u6578_\u65e5\u6b632","^TAI100I     \u81fa\u7063\u4e2d\u578b100\u5831\u916c\u6307\u6578","^TAI100Ix2   \u81fa\u7063\u4e2d\u578b100\u5831\u916c\u6307\u6578_\u65e5\u6b632","^TAIDIVIDI   \u81fa\u7063\u9ad8\u80a1\u606f\u5831\u916c\u6307\u6578","^TAIDIVIDIx2 \u81fa\u7063\u9ad8\u80a1\u606f\u5831\u916c\u6307\u6578_\u65e5\u6b632","0050Fund     \u5143\u5927\u53f0\u7063\u5353\u8d8a50\u57fa\u91d1","006208Fund   \u5bcc\u90a6\u53f0\u7063\u91c6\u540950\u57fa\u91d1","0050         \u5143\u5927\u81fa\u706350","00631L       \u5143\u5927\u53f0\u706350\u6b632","00675L       \u5bcc\u90a6\u81fa\u7063\u52a0\u6b0a\u6b632","006208       \u5bcc\u90a6\u53f050","0051         \u5143\u5927\u4e2d\u578b100","006204       \u6c38\u8c50\u81fa\u7063\u52a0\u6b0a","0056         \u5143\u5927\u9ad8\u80a1\u606f","0056         \u5143\u5927\u9ad8\u80a1\u606f_\u80a1\u606f\u4e0d\u6295\u5165","2412         \u4e2d\u83ef\u96fb\u4fe1","2002         \u4e2d\u92fc","2330         \u53f0\u7a4d\u96fb","2317         \u9d3b\u6d77","6505         \u53f0\u5851\u77f3\u5316","3481         \u7fa4\u5275","2303         \u806f\u96fb","2308         \u53f0\u9054\u96fb","2454         \u806f\u767c\u79d1","2886         \u5146\u8c50\u91d1","2884         \u7389\u5c71\u91d1","2891         \u4e2d\u4fe1\u91d1","2892         \u7b2c\u4e00\u91d1","5880         \u5408\u5eab\u91d1","2881         \u5bcc\u90a6\u91d1","2885         \u5143\u5927\u91d1","2887         \u53f0\u65b0\u91d1"],"y":["^TAIEX       \u81fa\u7063\u52a0\u6b0a\u5831\u916c\u6307\u6578","^TWII        \u81fa\u7063\u52a0\u6b0a\u6307\u6578","^TAIEXx2     \u81fa\u7063\u52a0\u6b0a\u5831\u916c\u6307\u6578_\u65e5\u6b632","^TAI50I      \u81fa\u706350\u5831\u916c\u6307\u6578","^TAI50Ix2    \u81fa\u706350\u5831\u916c\u6307\u6578_\u65e5\u6b632","^TAI100I     \u81fa\u7063\u4e2d\u578b100\u5831\u916c\u6307\u6578","^TAI100Ix2   \u81fa\u7063\u4e2d\u578b100\u5831\u916c\u6307\u6578_\u65e5\u6b632","^TAIDIVIDI   \u81fa\u7063\u9ad8\u80a1\u606f\u5831\u916c\u6307\u6578","^TAIDIVIDIx2 \u81fa\u7063\u9ad8\u80a1\u606f\u5831\u916c\u6307\u6578_\u65e5\u6b632","0050Fund     \u5143\u5927\u53f0\u7063\u5353\u8d8a50\u57fa\u91d1","006208Fund   \u5bcc\u90a6\u53f0\u7063\u91c6\u540950\u57fa\u91d1","0050         \u5143\u5927\u81fa\u706350","00631L       \u5143\u5927\u53f0\u706350\u6b632","00675L       \u5bcc\u90a6\u81fa\u7063\u52a0\u6b0a\u6b632","006208       \u5bcc\u90a6\u53f050","0051         \u5143\u5927\u4e2d\u578b100","006204       \u6c38\u8c50\u81fa\u7063\u52a0\u6b0a","0056         \u5143\u5927\u9ad8\u80a1\u606f","0056         \u5143\u5927\u9ad8\u80a1\u606f_\u80a1\u606f\u4e0d\u6295\u5165","2412         \u4e2d\u83ef\u96fb\u4fe1","2002         \u4e2d\u92fc","2330         \u53f0\u7a4d\u96fb","2317         \u9d3b\u6d77","6505         \u53f0\u5851\u77f3\u5316","3481         \u7fa4\u5275","2303         \u806f\u96fb","2308         \u53f0\u9054\u96fb","2454         \u806f\u767c\u79d1","2886         \u5146\u8c50\u91d1","2884         \u7389\u5c71\u91d1","2891         \u4e2d\u4fe1\u91d1","2892         \u7b2c\u4e00\u91d1","5880         \u5408\u5eab\u91d1","2881         \u5bcc\u90a6\u91d1","2885         \u5143\u5927\u91d1","2887         \u53f0\u65b0\u91d1"],"zmin":-1,"zmax":1,"colorbar":{"x":-0.2}}],"layout":{"autotypenumbers":"strict","colorway":["#636efa","#EF553B","#00cc96","#ab63fa","#FFA15A","#19d3f3","#FF6692","#B6E880","#FF97FF","#FECB52"],"font":{"color":"#f2f5fa","family":"Courier New"},"hovermode":"closest","hoverlabel":{"align":"left"},"paper_bgcolor":"rgb(17,17,17)","plot_bgcolor":"rgb(17,17,17)","polar":{"bgcolor":"rgb(17,17,17)","angularaxis":{"gridcolor":"#506784","linecolor":"#506784","ticks":""},"radialaxis":{"gridcolor":"#506784","linecolor":"#506784","ticks":""}},"ternary":{"bgcolor":"rgb(17,17,17)","aaxis":{"gridcolor":"#506784","linecolor":"#506784","ticks":""},"baxis":{"gridcolor":"#506784","linecolor":"#506784","ticks":""},"caxis":{"gridcolor":"#506784","linecolor":"#506784","ticks":""}},"coloraxis":{"colorbar":{"outlinewidth":0,"ticks":""}},"colorscale":{"sequential":[[0.0,"#0d0887"],[0.1111111111111111,"#46039f"],[0.2222222222222222,"#7201a8"],[0.3333333333333333,"#9c179e"],[0.4444444444444444,"#bd3786"],[0.5555555555555556,"#d8576b"],[0.6666666666666666,"#ed7953"],[0.7777777777777778,"#fb9f3a"],[0.8888888888888888,"#fdca26"],[1.0,"#f0f921"]],"sequentialminus":[[0.0,"#0d0887"],[0.1111111111111111,"#46039f"],[0.2222222222222222,"#7201a8"],[0.3333333333333333,"#9c179e"],[0.4444444444444444,"#bd3786"],[0.5555555555555556,"#d8576b"],[0.6666666666666666,"#ed7953"],[0.7777777777777778,"#fb9f3a"],[0.8888888888888888,"#fdca26"],[1.0,"#f0f921"]],"diverging":[[0,"#8e0152"],[0.1,"#c51b7d"],[0.2,"#de77ae"],[0.3,"#f1b6da"],[0.4,"#fde0ef"],[0.5,"#f7f7f7"],[0.6,"#e6f5d0"],[0.7,"#b8e186"],[0.8,"#7fbc41"],[0.9,"#4d9221"],[1,"#276419"]]},"xaxis":{"gridcolor":"rgba(0, 0, 0, 0)","linecolor":"#506784","ticks":"","title":{"standoff":15},"zerolinecolor":"#283442","automargin":true,"zerolinewidth":2,"tickfont":{"family":"Courier New","size":14},"side":"top","tickangle":-90},"yaxis":{"gridcolor":"rgba(0, 0, 0, 0)","linecolor":"#506784","ticks":"","title":{"standoff":15},"zerolinecolor":"#283442","automargin":true,"zerolinewidth":2,"tickfont":{"family":"Courier New"},"side":"right"},"scene":{"xaxis":{"backgroundcolor":"rgb(17,17,17)","gridcolor":"#506784","linecolor":"#506784","showbackground":true,"ticks":"","zerolinecolor":"#C8D4E3","gridwidth":2},"yaxis":{"backgroundcolor":"rgb(17,17,17)","gridcolor":"#506784","linecolor":"#506784","showbackground":true,"ticks":"","zerolinecolor":"#C8D4E3","gridwidth":2},"zaxis":{"backgroundcolor":"rgb(17,17,17)","gridcolor":"#506784","linecolor":"#506784","showbackground":true,"ticks":"","zerolinecolor":"#C8D4E3","gridwidth":2}},"shapedefaults":{"line":{"color":"#f2f5fa"}},"annotationdefaults":{"arrowcolor":"#f2f5fa","arrowhead":0,"arrowwidth":1},"geo":{"bgcolor":"rgb(17,17,17)","landcolor":"rgb(17,17,17)","subunitcolor":"#506784","showland":true,"showlakes":true,"lakecolor":"rgb(17,17,17)"},"title":{"x":0.05,"font":{"family":"Times New Roman"},"y":0.05,"text":"<b>Correlation of Adj Close<b><br><i>2016-09-23 ~ 2026-06-10<i>"},"updatemenudefaults":{"bgcolor":"#506784","borderwidth":0},"sliderdefaults":{"bgcolor":"#C8D4E3","borderwidth":1,"bordercolor":"rgb(17,17,17)","tickwidth":0},"mapbox":{"style":"dark"},"annotations":[{"text":"<b>@zwindr<b>","textangle":0,"opacity":0.5,"font":{"color":"white","size":12},"xref":"paper","yref":"paper","xanchor":"left","yanchor":"bottom","x":1.0,"y":1.0,"showarrow":false}]},"config":{"responsive":true,"toImageButtonOptions":{"filename":"Correlation of Adj Close_2016-09-23~2026-06-10","scale":5}}};Plotly.newPlot("correlationAdjClose",correlationAdjClose.data,correlationAdjClose.layout||{},correlationAdjClose.config);}else{console.log("style display is none => correlationAdjClose");}