var config = { responsive: true }

var correlationClose = {"data": [{"type": "heatmap", "z": [[1.0, 0.9999999999999984, 1.0, 0.9956959247801219, 0.9956959247801219, 0.9600159121718785, 0.9600159121718785, 0.8935492693160298, 0.8935492693160298, 0.9737837703347759, 0.9922924532880546, 0.991838389375318, 0.9952238634749483, 0.9709538849449092, 0.9988509708960789, 0.9275562249094763, 0.781471864562024, -0.06477684025617708, 0.9765415888371825, 0.04962437610737013, 0.024730176446194463, -0.24985359195656553, 0.8247542142143508, 0.9503421247996252, 0.9008022807226514], [0.9999999999999984, 1.0, 0.9999999999999986, 0.9956357784431159, 0.9956357784431159, 0.9593502339607093, 0.9593502339607093, 0.8949137253461696, 0.8949137253461696, 0.9740151396696125, 0.9920209530461921, 0.9912243994695166, 0.9951832495975759, 0.9701486427750236, 0.998853981360011, 0.9281907684467173, 0.80259215005443, 0.14093720121207, 0.9672581246828638, -0.10713256433700377, 0.03329421296648767, -0.25010197163012904, 0.6469892644930633, 0.9504762877008315, 0.8717178542855227], [1.0, 0.9999999999999986, 1.0, 0.9956959247801219, 0.9956959247801219, 0.9600159121718785, 0.9600159121718785, 0.8935492693160298, 0.8935492693160298, 0.9737837703347759, 0.9922924532880546, 0.991838389375318, 0.9952238634749483, 0.9709538849449092, 0.9988509708960789, 0.9275562249094763, 0.781471864562024, -0.06477684025617708, 0.9765415888371825, 0.04962437610737013, 0.024730176446194463, -0.24985359195656553, 0.8247542142143508, 0.9503421247996252, 0.9008022807226514], [0.9956959247801219, 0.9956357784431159, 0.9956959247801219, 1.0, 1.0, 0.9469265252434548, 0.9469265252434548, 0.8794941302033487, 0.8794941302033487, 0.9743526199934148, 0.987917301024505, 0.9836451325646556, 0.9993729083260121, 0.9534014400299328, 0.9946806914617197, 0.9100128715651139, 0.7616375313038478, -0.06958084793604614, 0.9882059742513203, 0.06866883814518794, -0.004010455726420583, -0.2539007474353498, 0.8269143698569931, 0.9403433486718507, 0.9057800532489249], [0.9956959247801219, 0.9956357784431159, 0.9956959247801219, 1.0, 1.0, 0.9469265252434548, 0.9469265252434548, 0.8794941302033487, 0.8794941302033487, 0.9743526199934148, 0.987917301024505, 0.9836451325646556, 0.9993729083260121, 0.9534014400299328, 0.9946806914617197, 0.9100128715651139, 0.7616375313038478, -0.06958084793604614, 0.9882059742513203, 0.06866883814518794, -0.004010455726420583, -0.2539007474353498, 0.8269143698569931, 0.9403433486718507, 0.9057800532489249], [0.9600159121718785, 0.9593502339607093, 0.9600159121718785, 0.9469265252434548, 0.9469265252434548, 1.0, 1.0, 0.9212630365601906, 0.9212630365601906, 0.9321895798775931, 0.9765543961589321, 0.9754556703152271, 0.950887179955232, 0.9989538838809907, 0.9715651786199996, 0.9192573027573173, 0.6196666609312695, -0.0070878697229557275, 0.9312957024494394, 0.23620094200919045, -0.1863059979155634, -0.10176982149762738, 0.8965737786805981, 0.909758308590954, 0.9221801867530448], [0.9600159121718785, 0.9593502339607093, 0.9600159121718785, 0.9469265252434548, 0.9469265252434548, 1.0, 1.0, 0.9212630365601906, 0.9212630365601906, 0.9321895798775931, 0.9765543961589321, 0.9754556703152271, 0.950887179955232, 0.9989538838809907, 0.9715651786199996, 0.9192573027573173, 0.6196666609312695, -0.0070878697229557275, 0.9312957024494394, 0.23620094200919045, -0.1863059979155634, -0.10176982149762738, 0.8965737786805981, 0.909758308590954, 0.9221801867530448], [0.8935492693160298, 0.8949137253461696, 0.8935492693160298, 0.8794941302033487, 0.8794941302033487, 0.9212630365601906, 0.9212630365601906, 1.0, 1.0, 0.8802744325825217, 0.9461359937161512, 0.9410964671617692, 0.9368722194598325, 0.9219892784171702, 0.9383046575164659, 0.9733690436018051, 0.5527340769811483, 0.1147735447658729, 0.8351441790017188, 0.4907281053744336, -0.20910626356847684, 0.041799487364773166, 0.7835289296960991, 0.7988516423242298, 0.8569888607383975], [0.8935492693160298, 0.8949137253461696, 0.8935492693160298, 0.8794941302033487, 0.8794941302033487, 0.9212630365601906, 0.9212630365601906, 1.0, 1.0, 0.8802744325825217, 0.9461359937161512, 0.9410964671617692, 0.9368722194598325, 0.9219892784171702, 0.9383046575164659, 0.9733690436018051, 0.5527340769811483, 0.1147735447658729, 0.8351441790017188, 0.4907281053744336, -0.20910626356847684, 0.041799487364773166, 0.7835289296960991, 0.7988516423242298, 0.8569888607383975], [0.9737837703347759, 0.9740151396696125, 0.9737837703347759, 0.9743526199934148, 0.9743526199934148, 0.9321895798775931, 0.9321895798775931, 0.8802744325825217, 0.8802744325825217, 1.0, 0.9512004406596389, 0.9364301418503701, 0.9669652136498721, 0.9348577602743686, 0.9667321922327266, 0.9003460001644984, 0.7385744066380439, -0.0880060046662023, 0.9636289324450205, 0.49258083404491626, -0.20738787671755196, -0.26441391362342015, 0.8754390587714638, 0.9085052220271187, 0.8835324775191775], [0.9922924532880546, 0.9920209530461921, 0.9922924532880546, 0.987917301024505, 0.987917301024505, 0.9765543961589321, 0.9765543961589321, 0.9461359937161512, 0.9461359937161512, 0.9512004406596389, 1.0, 0.9996690858290237, 0.9876511545847823, 0.9748806169900147, 0.989200423108315, 0.924296794703777, 0.8005629965409249, 0.23315046789206556, 0.9856345908368588, 0.8684906254979772, -0.5893111996898531, 0.4648850603226693, 0.8536974491478311, 0.9326314079851584, 0.95593583179213], [0.991838389375318, 0.9912243994695166, 0.991838389375318, 0.9836451325646556, 0.9836451325646556, 0.9754556703152271, 0.9754556703152271, 0.9410964671617692, 0.9410964671617692, 0.9364301418503701, 0.9996690858290237, 1.0, 0.9842452345571214, 0.9726611287831933, 0.987359281536622, 0.9124612275124808, 0.8188616254976353, 0.11538175181770587, 0.9798971007931341, 0.8779998450584439, -0.8112334370691426, 0.515039047436139, 0.8127996842423685, 0.9389088933470874, 0.9536982996137672], [0.9952238634749483, 0.9951832495975759, 0.9952238634749483, 0.9993729083260121, 0.9993729083260121, 0.950887179955232, 0.950887179955232, 0.9368722194598325, 0.9368722194598325, 0.9669652136498721, 0.9876511545847823, 0.9842452345571214, 1.0, 0.9517077502424865, 0.9937799204802943, 0.9300024142282259, 0.8374184102078176, 0.19918058712130132, 0.9952671155963125, 0.8411503506792164, -0.38756733314590697, 0.3867540729279282, 0.8741090976622877, 0.91180022470163, 0.9371926420342745], [0.9709538849449092, 0.9701486427750236, 0.9709538849449092, 0.9534014400299328, 0.9534014400299328, 0.9989538838809907, 0.9989538838809907, 0.9219892784171702, 0.9219892784171702, 0.9348577602743686, 0.9748806169900147, 0.9726611287831933, 0.9517077502424865, 1.0, 0.9733834690082424, 0.918762161623658, 0.6681826324017781, 0.013977243864280972, 0.9431467562401906, 0.5617612078917135, -0.3189297522166421, -0.1556810518415261, 0.9097283175780895, 0.923463540911522, 0.9174293881431259], [0.9988509708960789, 0.998853981360011, 0.9988509708960789, 0.9946806914617197, 0.9946806914617197, 0.9715651786199996, 0.9715651786199996, 0.9383046575164659, 0.9383046575164659, 0.9667321922327266, 0.989200423108315, 0.987359281536622, 0.9937799204802943, 0.9733834690082424, 1.0, 0.9440760162853395, 0.8431029539442156, 0.19288214090388836, 0.9867713401740679, 0.8106385185075007, -0.3754812731632281, 0.39642340256111763, 0.9048916300218514, 0.930373275518944, 0.9421999046408067], [0.9275562249094763, 0.9281907684467173, 0.9275562249094763, 0.9100128715651139, 0.9100128715651139, 0.9192573027573173, 0.9192573027573173, 0.9733690436018051, 0.9733690436018051, 0.9003460001644984, 0.924296794703777, 0.9124612275124808, 0.9300024142282259, 0.918762161623658, 0.9440760162853395, 1.0, 0.7238086511251144, 0.029064343813929062, 0.8731085363384801, 0.49893589996657367, -0.10781583255426036, -0.19799065983192343, 0.8209287473731719, 0.840776126258129, 0.8273850414817002], [0.781471864562024, 0.80259215005443, 0.781471864562024, 0.7616375313038478, 0.7616375313038478, 0.6196666609312695, 0.6196666609312695, 0.5527340769811483, 0.5527340769811483, 0.7385744066380439, 0.8005629965409249, 0.8188616254976353, 0.8374184102078176, 0.6681826324017781, 0.8431029539442156, 0.7238086511251144, 1.0, 0.06713035855281799, 0.7244419769186328, -0.44680570964360533, 0.40955974264915124, -0.6626322609551397, 0.3270574630058478, 0.8040727417589468, 0.4743962685590539], [-0.06477684025617708, 0.14093720121207, -0.06477684025617708, -0.06958084793604614, -0.06958084793604614, -0.0070878697229557275, -0.0070878697229557275, 0.1147735447658729, 0.1147735447658729, -0.0880060046662023, 0.23315046789206556, 0.11538175181770587, 0.19918058712130132, 0.013977243864280972, 0.19288214090388836, 0.029064343813929062, 0.06713035855281799, 1.0, -0.03549959432316272, 0.13984020293820548, 0.105256999393644, 0.7530124863342068, -0.07296820303325242, 0.05770454100702772, 0.04878259288862606], [0.9765415888371825, 0.9672581246828638, 0.9765415888371825, 0.9882059742513203, 0.9882059742513203, 0.9312957024494394, 0.9312957024494394, 0.8351441790017188, 0.8351441790017188, 0.9636289324450205, 0.9856345908368588, 0.9798971007931341, 0.9952671155963125, 0.9431467562401906, 0.9867713401740679, 0.8731085363384801, 0.7244419769186328, -0.03549959432316272, 1.0, -0.02206691216028092, -0.06691095273751121, -0.3153930375111358, 0.6896115481326154, 0.9207008965637008, 0.88851622303152], [0.04962437610737013, -0.10713256433700377, 0.04962437610737013, 0.06866883814518794, 0.06866883814518794, 0.23620094200919045, 0.23620094200919045, 0.4907281053744336, 0.4907281053744336, 0.49258083404491626, 0.8684906254979772, 0.8779998450584439, 0.8411503506792164, 0.5617612078917135, 0.8106385185075007, 0.49893589996657367, -0.44680570964360533, 0.13984020293820548, -0.02206691216028092, 1.0, -0.41878593165003464, 0.7835933948558547, 0.35845330790168567, -0.07323421323836815, 0.2429011909112468], [0.024730176446194463, 0.03329421296648767, 0.024730176446194463, -0.004010455726420583, -0.004010455726420583, -0.1863059979155634, -0.1863059979155634, -0.20910626356847684, -0.20910626356847684, -0.20738787671755196, -0.5893111996898531, -0.8112334370691426, -0.38756733314590697, -0.3189297522166421, -0.3754812731632281, -0.10781583255426036, 0.40955974264915124, 0.105256999393644, -0.06691095273751121, -0.41878593165003464, 1.0, -0.055691138864279614, -0.11692806748765143, -0.007026327484350779, -0.219636748159972], [-0.24985359195656553, -0.25010197163012904, -0.24985359195656553, -0.2539007474353498, -0.2539007474353498, -0.10176982149762738, -0.10176982149762738, 0.041799487364773166, 0.041799487364773166, -0.26441391362342015, 0.4648850603226693, 0.515039047436139, 0.3867540729279282, -0.1556810518415261, 0.39642340256111763, -0.19799065983192343, -0.6626322609551397, 0.7530124863342068, -0.3153930375111358, 0.7835933948558547, -0.055691138864279614, 1.0, -0.0958823094999932, -0.3029036762191365, -0.04416899915558978], [0.8247542142143508, 0.6469892644930633, 0.8247542142143508, 0.8269143698569931, 0.8269143698569931, 0.8965737786805981, 0.8965737786805981, 0.7835289296960991, 0.7835289296960991, 0.8754390587714638, 0.8536974491478311, 0.8127996842423685, 0.8741090976622877, 0.9097283175780895, 0.9048916300218514, 0.8209287473731719, 0.3270574630058478, -0.07296820303325242, 0.6896115481326154, 0.35845330790168567, -0.11692806748765143, -0.0958823094999932, 1.0, 0.6151802858972885, 0.8463281105128136], [0.9503421247996252, 0.9504762877008315, 0.9503421247996252, 0.9403433486718507, 0.9403433486718507, 0.909758308590954, 0.909758308590954, 0.7988516423242298, 0.7988516423242298, 0.9085052220271187, 0.9326314079851584, 0.9389088933470874, 0.91180022470163, 0.923463540911522, 0.930373275518944, 0.840776126258129, 0.8040727417589468, 0.05770454100702772, 0.9207008965637008, -0.07323421323836815, -0.007026327484350779, -0.3029036762191365, 0.6151802858972885, 1.0, 0.8225965101272272], [0.9008022807226514, 0.8717178542855227, 0.9008022807226514, 0.9057800532489249, 0.9057800532489249, 0.9221801867530448, 0.9221801867530448, 0.8569888607383975, 0.8569888607383975, 0.8835324775191775, 0.95593583179213, 0.9536982996137672, 0.9371926420342745, 0.9174293881431259, 0.9421999046408067, 0.8273850414817002, 0.4743962685590539, 0.04878259288862606, 0.88851622303152, 0.2429011909112468, -0.219636748159972, -0.04416899915558978, 0.8463281105128136, 0.8225965101272272, 1.0]], "x": ["^TAIEX       \u81fa\u7063\u52a0\u6b0a\u5831\u916c\u6307\u6578", "^TWII        \u81fa\u7063\u52a0\u6b0a\u6307\u6578", "^TAIEXx2     \u81fa\u7063\u52a0\u6b0a\u5831\u916c\u6307\u6578_\u65e5\u6b632", "^TAI50I      \u81fa\u706350\u5831\u916c\u6307\u6578", "^TAI50Ix2    \u81fa\u706350\u5831\u916c\u6307\u6578_\u65e5\u6b632", "^TAI100I     \u81fa\u7063\u4e2d\u578b100\u5831\u916c\u6307\u6578", "^TAI100Ix2   \u81fa\u7063\u4e2d\u578b100\u5831\u916c\u6307\u6578_\u65e5\u6b632", "^TAIDIVIDI   \u81fa\u7063\u9ad8\u80a1\u606f\u5831\u916c\u6307\u6578", "^TAIDIVIDIx2 \u81fa\u7063\u9ad8\u80a1\u606f\u5831\u916c\u6307\u6578_\u65e5\u6b632", "0050         \u5143\u5927\u81fa\u706350", "00631L       \u5143\u5927\u53f0\u706350\u6b632", "00675L       \u5bcc\u90a6\u81fa\u7063\u52a0\u6b0a\u6b632", "006208       \u5bcc\u90a6\u53f050", "0051         \u5143\u5927\u4e2d\u578b100", "006204       \u6c38\u8c50\u81fa\u7063\u52a0\u6b0a", "0056         \u5143\u5927\u9ad8\u80a1\u606f", "2412         \u4e2d\u83ef\u96fb\u4fe1", "2002         \u4e2d\u92fc", "2330         \u53f0\u7a4d\u96fb", "2317         \u9d3b\u6d77", "6505         \u53f0\u5851\u77f3\u5316", "3481         \u7fa4\u5275", "2303         \u806f\u96fb", "2308         \u53f0\u9054\u96fb", "2454         \u806f\u767c\u79d1"], "y": ["^TAIEX       \u81fa\u7063\u52a0\u6b0a\u5831\u916c\u6307\u6578", "^TWII        \u81fa\u7063\u52a0\u6b0a\u6307\u6578", "^TAIEXx2     \u81fa\u7063\u52a0\u6b0a\u5831\u916c\u6307\u6578_\u65e5\u6b632", "^TAI50I      \u81fa\u706350\u5831\u916c\u6307\u6578", "^TAI50Ix2    \u81fa\u706350\u5831\u916c\u6307\u6578_\u65e5\u6b632", "^TAI100I     \u81fa\u7063\u4e2d\u578b100\u5831\u916c\u6307\u6578", "^TAI100Ix2   \u81fa\u7063\u4e2d\u578b100\u5831\u916c\u6307\u6578_\u65e5\u6b632", "^TAIDIVIDI   \u81fa\u7063\u9ad8\u80a1\u606f\u5831\u916c\u6307\u6578", "^TAIDIVIDIx2 \u81fa\u7063\u9ad8\u80a1\u606f\u5831\u916c\u6307\u6578_\u65e5\u6b632", "0050         \u5143\u5927\u81fa\u706350", "00631L       \u5143\u5927\u53f0\u706350\u6b632", "00675L       \u5bcc\u90a6\u81fa\u7063\u52a0\u6b0a\u6b632", "006208       \u5bcc\u90a6\u53f050", "0051         \u5143\u5927\u4e2d\u578b100", "006204       \u6c38\u8c50\u81fa\u7063\u52a0\u6b0a", "0056         \u5143\u5927\u9ad8\u80a1\u606f", "2412         \u4e2d\u83ef\u96fb\u4fe1", "2002         \u4e2d\u92fc", "2330         \u53f0\u7a4d\u96fb", "2317         \u9d3b\u6d77", "6505         \u53f0\u5851\u77f3\u5316", "3481         \u7fa4\u5275", "2303         \u806f\u96fb", "2308         \u53f0\u9054\u96fb", "2454         \u806f\u767c\u79d1"], "zmin": -1, "zmax": 1, "colorbar": {"x": -0.2}}], "layout": {"autotypenumbers": "strict", "colorway": ["#636efa", "#EF553B", "#00cc96", "#ab63fa", "#FFA15A", "#19d3f3", "#FF6692", "#B6E880", "#FF97FF", "#FECB52"], "font": {"color": "#f2f5fa", "family": "Courier New"}, "hovermode": "closest", "hoverlabel": {"align": "left"}, "paper_bgcolor": "rgb(17,17,17)", "plot_bgcolor": "rgb(17,17,17)", "polar": {"bgcolor": "rgb(17,17,17)", "angularaxis": {"gridcolor": "#506784", "linecolor": "#506784", "ticks": ""}, "radialaxis": {"gridcolor": "#506784", "linecolor": "#506784", "ticks": ""}}, "ternary": {"bgcolor": "rgb(17,17,17)", "aaxis": {"gridcolor": "#506784", "linecolor": "#506784", "ticks": ""}, "baxis": {"gridcolor": "#506784", "linecolor": "#506784", "ticks": ""}, "caxis": {"gridcolor": "#506784", "linecolor": "#506784", "ticks": ""}}, "coloraxis": {"colorbar": {"outlinewidth": 0, "ticks": ""}}, "colorscale": {"sequential": [[0.0, "#0d0887"], [0.1111111111111111, "#46039f"], [0.2222222222222222, "#7201a8"], [0.3333333333333333, "#9c179e"], [0.4444444444444444, "#bd3786"], [0.5555555555555556, "#d8576b"], [0.6666666666666666, "#ed7953"], [0.7777777777777778, "#fb9f3a"], [0.8888888888888888, "#fdca26"], [1.0, "#f0f921"]], "sequentialminus": [[0.0, "#0d0887"], [0.1111111111111111, "#46039f"], [0.2222222222222222, "#7201a8"], [0.3333333333333333, "#9c179e"], [0.4444444444444444, "#bd3786"], [0.5555555555555556, "#d8576b"], [0.6666666666666666, "#ed7953"], [0.7777777777777778, "#fb9f3a"], [0.8888888888888888, "#fdca26"], [1.0, "#f0f921"]], "diverging": [[0, "#8e0152"], [0.1, "#c51b7d"], [0.2, "#de77ae"], [0.3, "#f1b6da"], [0.4, "#fde0ef"], [0.5, "#f7f7f7"], [0.6, "#e6f5d0"], [0.7, "#b8e186"], [0.8, "#7fbc41"], [0.9, "#4d9221"], [1, "#276419"]]}, "xaxis": {"gridcolor": "rgba(0, 0, 0, 0)", "linecolor": "#506784", "ticks": "", "title": {"standoff": 15}, "zerolinecolor": "#283442", "automargin": true, "zerolinewidth": 2, "tickfont": {"family": "Courier New", "size": 14}, "side": "top", "tickangle": -90}, "yaxis": {"gridcolor": "rgba(0, 0, 0, 0)", "linecolor": "#506784", "ticks": "", "title": {"standoff": 15}, "zerolinecolor": "#283442", "automargin": true, "zerolinewidth": 2, "tickfont": {"family": "Courier New"}, "side": "right"}, "scene": {"xaxis": {"backgroundcolor": "rgb(17,17,17)", "gridcolor": "#506784", "linecolor": "#506784", "showbackground": true, "ticks": "", "zerolinecolor": "#C8D4E3", "gridwidth": 2}, "yaxis": {"backgroundcolor": "rgb(17,17,17)", "gridcolor": "#506784", "linecolor": "#506784", "showbackground": true, "ticks": "", "zerolinecolor": "#C8D4E3", "gridwidth": 2}, "zaxis": {"backgroundcolor": "rgb(17,17,17)", "gridcolor": "#506784", "linecolor": "#506784", "showbackground": true, "ticks": "", "zerolinecolor": "#C8D4E3", "gridwidth": 2}}, "shapedefaults": {"line": {"color": "#f2f5fa"}}, "annotationdefaults": {"arrowcolor": "#f2f5fa", "arrowhead": 0, "arrowwidth": 1}, "geo": {"bgcolor": "rgb(17,17,17)", "landcolor": "rgb(17,17,17)", "subunitcolor": "#506784", "showland": true, "showlakes": true, "lakecolor": "rgb(17,17,17)"}, "title": {"x": 0.05, "font": {"family": "Times New Roman"}, "y": 0.05, "text": "<b>Correlation of Close<b><br><i>2016/09/23 ~ 2025/06/26<i>"}, "updatemenudefaults": {"bgcolor": "#506784", "borderwidth": 0}, "sliderdefaults": {"bgcolor": "#C8D4E3", "borderwidth": 1, "bordercolor": "rgb(17,17,17)", "tickwidth": 0}, "mapbox": {"style": "dark"}, "height": 600}};

Plotly.newPlot("correlationClose",
    correlationClose.data,
    correlationClose.layout || {},
    config);