var element=document.getElementById("correlationClose");if(element.style.display!='none'){var correlationClose={"data":[{"type":"heatmap","z":[[1.0,0.9999999999999977,1.0,0.9950156658626903,0.9950156658626903,0.9728287226234351,0.9728287226234351,0.9149586181298375,0.9149586181298375,0.735312412444538,0.9952166274181451,0.6775694321430628,0.9420866925135878,0.9911130150308269,0.9953007647263867,0.9778980397573875,0.9992872022795977,0.9063713482034318,0.9063713482034318,0.7698109442112154,-0.1931424553631466,0.9807440293047823,0.2521734183430096,-0.1684746733357079,-0.2228378673470156,0.8221488877232506,0.8927915432218275,0.9271292493528902,0.9045117185664984,0.7862506028406021,0.6533681150305932,0.6532220502261357,0.6052364546412983,0.928814924200009,0.8673694029140264,0.2716867097054496],[0.9999999999999977,1.0,0.9999999999999979,0.9949779836198728,0.9949779836198728,0.9723065328598819,0.9723065328598819,0.9155292970675213,0.9155292970675213,0.7382527857558805,0.9951957180085257,0.6794278326653683,0.941874112799445,0.9907012802044948,0.9952958151700413,0.977477730751394,0.9992845258913623,0.9063177513524207,0.9063177513524207,0.7873429656238133,0.018060043104070535,0.9735794445528738,0.012982048600469287,-0.1602496870817991,-0.22393436750660828,0.6693322419763773,0.892043562422089,0.9066470478235883,0.9014114019817528,0.7945619592437939,0.6436558172456252,0.6508342803606264,0.6305667348722964,0.928008925908396,0.7414101494526286,0.26635457006145574],[1.0,0.9999999999999979,1.0,0.9950156658626903,0.9950156658626903,0.9728287226234351,0.9728287226234351,0.9149586181298375,0.9149586181298375,0.735312412444538,0.9952166274181451,0.6775694321430628,0.9420866925135878,0.9911130150308269,0.9953007647263867,0.9778980397573875,0.9992872022795977,0.9063713482034318,0.9063713482034318,0.7698109442112154,-0.1931424553631466,0.9807440293047823,0.2521734183430096,-0.1684746733357079,-0.2228378673470156,0.8221488877232506,0.8927915432218275,0.9271292493528902,0.9045117185664984,0.7862506028406021,0.6533681150305932,0.6532220502261357,0.6052364546412983,0.928814924200009,0.8673694029140264,0.2716867097054496],[0.9950156658626903,0.9949779836198728,0.9950156658626903,1.0,1.0,0.9607256994740017,0.9607256994740017,0.8973503798139755,0.8973503798139755,0.6943078775140785,0.9996491936254092,0.6363451235633463,0.9381228724610539,0.9915565943954627,0.99960037346761,0.9612184261862878,0.9952805374578992,0.8767374798816283,0.8767374798816283,0.738432800253372,-0.20060905626161382,0.9927209989333381,0.2804214640912163,-0.20362106616033274,-0.21796315686189788,0.8072945900808681,0.9144153785494677,0.9249179657046389,0.8801888427443035,0.7829006910370705,0.6828500217964454,0.6422639247357151,0.5696310825615652,0.9130199291007782,0.8596623782875145,0.28707969452016774],[0.9950156658626903,0.9949779836198728,0.9950156658626903,1.0,1.0,0.9607256994740017,0.9607256994740017,0.8973503798139755,0.8973503798139755,0.6943078775140785,0.9996491936254092,0.6363451235633463,0.9381228724610539,0.9915565943954627,0.99960037346761,0.9612184261862878,0.9952805374578992,0.8767374798816283,0.8767374798816283,0.738432800253372,-0.20060905626161382,0.9927209989333381,0.2804214640912163,-0.20362106616033274,-0.21796315686189788,0.8072945900808681,0.9144153785494677,0.9249179657046389,0.8801888427443035,0.7829006910370705,0.6828500217964454,0.6422639247357151,0.5696310825615652,0.9130199291007782,0.8596623782875145,0.28707969452016774],[0.9728287226234351,0.9723065328598819,0.9728287226234351,0.9607256994740017,0.9607256994740017,1.0,1.0,0.9385201398921121,0.9385201398921121,0.7152922508040755,0.959423511024034,0.6906821158009107,0.9239929287268482,0.9614004648836705,0.9593441055649223,0.9990959455773221,0.9782533861094072,0.9126791892985611,0.9126791892985611,0.6560237304545165,-0.150373906330477,0.9481502899130939,0.3858721528606635,-0.33522263807221664,-0.1090960755549225,0.8829766864417985,0.852131388299937,0.94209268068233,0.8863999960977569,0.7573136385259445,0.8028217102246498,0.7447948602476505,0.675870164859543,0.8710197310966602,0.891724700100824,0.5302485239197894],[0.9728287226234351,0.9723065328598819,0.9728287226234351,0.9607256994740017,0.9607256994740017,1.0,1.0,0.9385201398921121,0.9385201398921121,0.7152922508040755,0.959423511024034,0.6906821158009107,0.9239929287268482,0.9614004648836705,0.9593441055649223,0.9990959455773221,0.9782533861094072,0.9126791892985611,0.9126791892985611,0.6560237304545165,-0.150373906330477,0.9481502899130939,0.3858721528606635,-0.33522263807221664,-0.1090960755549225,0.8829766864417985,0.852131388299937,0.94209268068233,0.8863999960977569,0.7573136385259445,0.8028217102246498,0.7447948602476505,0.675870164859543,0.8710197310966602,0.891724700100824,0.5302485239197894],[0.9149586181298375,0.9155292970675213,0.9149586181298375,0.8973503798139755,0.8973503798139755,0.9385201398921121,0.9385201398921121,1.0,1.0,0.6928560006644052,0.9358979570247613,0.7013739400166499,0.8998758679600304,0.9188155902314391,0.9361082455781267,0.9406693392714784,0.9471048441718716,0.969379271913633,0.969379271913633,0.6128933885387238,-0.02904913069049343,0.864849823656252,0.5971375811578378,-0.364130004747507,0.013339327696480054,0.8044187123826984,0.7442436177728967,0.8920798881985174,0.8567144017161403,0.7754733537354686,0.8897653537855179,0.7926046779919502,0.7042567602037906,0.816433843746771,0.8712296332248968,0.8292315459421752],[0.9149586181298375,0.9155292970675213,0.9149586181298375,0.8973503798139755,0.8973503798139755,0.9385201398921121,0.9385201398921121,1.0,1.0,0.6928560006644052,0.9358979570247613,0.7013739400166499,0.8998758679600304,0.9188155902314391,0.9361082455781267,0.9406693392714784,0.9471048441718716,0.969379271913633,0.969379271913633,0.6128933885387238,-0.02904913069049343,0.864849823656252,0.5971375811578378,-0.364130004747507,0.013339327696480054,0.8044187123826984,0.7442436177728967,0.8920798881985174,0.8567144017161403,0.7754733537354686,0.8897653537855179,0.7926046779919502,0.7042567602037906,0.816433843746771,0.8712296332248968,0.8292315459421752],[0.735312412444538,0.7382527857558805,0.735312412444538,0.6943078775140785,0.6943078775140785,0.7152922508040755,0.7152922508040755,0.6928560006644052,0.6928560006644052,1.0,0.5492979121604489,0.9999695700125834,0.4729500985149214,0.3251762460147617,0.5532508774414296,0.7112879634647672,0.6209567343291512,0.7873501420317485,0.7873501420317485,0.6838936623079659,-0.09721775083775351,0.6615519583667611,0.035262358561256174,0.049699597276928735,-0.24291187025532698,0.7589920725664283,0.4056083187476072,0.7103956220576936,0.7983286936277929,0.6679772922048028,0.321727560828556,0.5203300510180844,0.5615387082764947,0.76436385260662,0.6007995423058013,0.16660055830137782],[0.9952166274181451,0.9951957180085257,0.9952166274181451,0.9996491936254092,0.9996491936254092,0.959423511024034,0.959423511024034,0.9358979570247613,0.9358979570247613,0.5492979121604489,1.0,0.5510497502831391,0.9383650960671035,0.9912568160910553,0.9999427777290899,0.9567803924615895,0.9948045733438229,0.8853281774716503,0.8853281774716503,0.8494933903779833,-0.08640978048628088,0.9972024689641658,0.9051754982337086,-0.5419971192015759,0.4818657126814797,0.8099315986187325,0.8911181497197002,0.9352446121009205,0.8675505867805704,0.8084141574836776,0.9384247597484491,0.8471712394905809,0.7184034827814344,0.8950205907549501,0.9549435990282856,0.8311655973489263],[0.6775694321430628,0.6794278326653683,0.6775694321430628,0.6363451235633463,0.6363451235633463,0.6906821158009107,0.6906821158009107,0.7013739400166499,0.7013739400166499,0.9999695700125834,0.5510497502831391,1.0,0.47372183392267775,0.325781547957988,0.553897452970351,0.7006674966850884,0.6214898594131686,0.7805606760183158,0.7805606760183158,0.6358749795787104,0.0340814145625412,0.6076863261855743,0.386228885279915,-0.16025222825344038,-0.23253641205438777,0.783404904155789,0.3088973252093458,0.6770503344905895,0.76652154059634,0.6859118192474016,0.49850383662193914,0.6809380562435753,0.6753513306935752,0.7140705649468835,0.5738877518585184,0.6093477260668568],[0.9420866925135878,0.941874112799445,0.9420866925135878,0.9381228724610539,0.9381228724610539,0.9239929287268482,0.9239929287268482,0.8998758679600304,0.8998758679600304,0.4729500985149214,0.9383650960671035,0.47372183392267775,1.0,0.9281943809804987,0.9382952724519673,0.9214055662761678,0.9408203705998504,0.8450751901769338,0.8450751901769338,0.8085609602610067,-0.04610141682927686,0.9357528464172008,0.8929013795607492,-0.6519938148348556,0.4913379616716547,0.7601903821688232,0.8009662383909629,0.9085177740550088,0.8348154432503088,0.7356409450075284,0.8858406470117812,0.8050457737064574,0.6798549566990342,0.8582333022310991,0.9130482311687105,0.8020640512973182],[0.9911130150308269,0.9907012802044948,0.9911130150308269,0.9915565943954627,0.9915565943954627,0.9614004648836705,0.9614004648836705,0.9188155902314391,0.9188155902314391,0.3251762460147617,0.9912568160910553,0.325781547957988,0.9281943809804987,1.0,0.99125761405427,0.9555381616049821,0.989339577842794,0.839444489338724,0.839444489338724,0.8516504437640857,-0.19202525700966003,0.9898573764195988,0.9120012214567563,-0.7964790961571847,0.587944563377295,0.719099342868108,0.9230239367524204,0.918509325195329,0.8126850195663821,0.6943794184913942,0.9434421538017739,0.8017894783002307,0.5989410624906445,0.8812510122822887,0.9586745324471769,0.8377391619112278],[0.9953007647263867,0.9952958151700413,0.9953007647263867,0.99960037346761,0.99960037346761,0.9593441055649223,0.9593441055649223,0.9361082455781267,0.9361082455781267,0.5532508774414296,0.9999427777290899,0.553897452970351,0.9382952724519673,0.99125761405427,1.0,0.9569466690455329,0.9949131359079513,0.8862386435060383,0.8862386435060383,0.8507322711169464,-0.08422203996871196,0.997037774743939,0.904727593533207,-0.5392340991473,0.47846789937783263,0.8110214745271872,0.8898368210747521,0.9349079818520121,0.8692993954457564,0.8098800478635773,0.9376401681987591,0.8490475556963497,0.7211172054781115,0.895766833357387,0.9547903767900909,0.8307073163673538],[0.9778980397573875,0.977477730751394,0.9778980397573875,0.9612184261862878,0.9612184261862878,0.9990959455773221,0.9990959455773221,0.9406693392714784,0.9406693392714784,0.7112879634647672,0.9567803924615895,0.7006674966850884,0.9214055662761678,0.9555381616049821,0.9569466690455329,1.0,0.9776059690362608,0.9151386978335241,0.9151386978335241,0.7050729360851983,-0.135457668521268,0.9507934591970161,0.7001287215898128,-0.4631610750670676,-0.1356630439706722,0.8943960972482609,0.8390283637730007,0.938836945878282,0.8948861703666814,0.7910208053408625,0.8834671596682973,0.7901349342026643,0.7339031774951488,0.8921388959251476,0.8880964946758279,0.8238866369869824],[0.9992872022795977,0.9992845258913623,0.9992872022795977,0.9952805374578992,0.9952805374578992,0.9782533861094072,0.9782533861094072,0.9471048441718716,0.9471048441718716,0.6209567343291512,0.9948045733438229,0.6214898594131686,0.9408203705998504,0.989339577842794,0.9949131359079513,0.9776059690362608,1.0,0.9155056158613066,0.9155056158613066,0.8636096276628086,-0.06687943317820126,0.9888205727044505,0.8814792087875355,-0.5260165610596627,0.48420087679353896,0.8571917762218273,0.8749082495463643,0.9483405573144551,0.9032555144065572,0.8308028180740199,0.9271111762676382,0.8827126968536012,0.7689681120315066,0.9121120453629868,0.9626459075382747,0.870465308947634],[0.9063713482034318,0.9063177513524207,0.9063713482034318,0.8767374798816283,0.8767374798816283,0.9126791892985611,0.9126791892985611,0.969379271913633,0.969379271913633,0.7873501420317485,0.8853281774716503,0.7805606760183158,0.8450751901769338,0.839444489338724,0.8862386435060383,0.9151386978335241,0.9155056158613066,1.0,1.0,0.7566781228183161,-0.07424766419999537,0.8422843604057216,0.591877183447108,-0.24557295422857744,-0.18981738187757852,0.839656720323163,0.6794423663191517,0.8474493597128628,0.9210139359540531,0.8495102357997292,0.800044536585616,0.7715577764329103,0.7070893927943078,0.8574196934965413,0.790785190753941,0.8603255400451332],[0.9063713482034318,0.9063177513524207,0.9063713482034318,0.8767374798816283,0.8767374798816283,0.9126791892985611,0.9126791892985611,0.969379271913633,0.969379271913633,0.7873501420317485,0.8853281774716503,0.7805606760183158,0.8450751901769338,0.839444489338724,0.8862386435060383,0.9151386978335241,0.9155056158613066,1.0,1.0,0.7566781228183161,-0.07424766419999537,0.8422843604057216,0.591877183447108,-0.24557295422857744,-0.18981738187757852,0.839656720323163,0.6794423663191517,0.8474493597128628,0.9210139359540531,0.8495102357997292,0.800044536585616,0.7715577764329103,0.7070893927943078,0.8574196934965413,0.790785190753941,0.8603255400451332],[0.7698109442112154,0.7873429656238133,0.7698109442112154,0.738432800253372,0.738432800253372,0.6560237304545165,0.6560237304545165,0.6128933885387238,0.6128933885387238,0.6838936623079659,0.8494933903779833,0.6358749795787104,0.8085609602610067,0.8516504437640857,0.8507322711169464,0.7050729360851983,0.8636096276628086,0.7566781228183161,0.7566781228183161,1.0,0.013868280848797074,0.6995571800708345,-0.30840090590580777,0.27297303247183224,-0.643331391823776,0.38541834513385914,0.6257750711732936,0.5356526229334118,0.8427395244991057,0.7081809256044433,0.18511764132358524,0.34055632944932895,0.5740049760553356,0.7896431936308761,0.5066874782717758,-0.10028506377227726],[-0.1931424553631466,0.018060043104070535,-0.1931424553631466,-0.20060905626161382,-0.20060905626161382,-0.150373906330477,-0.150373906330477,-0.02904913069049343,-0.02904913069049343,-0.09721775083775351,-0.08640978048628088,0.0340814145625412,-0.04610141682927686,-0.19202525700966003,-0.08422203996871196,-0.135457668521268,-0.06687943317820126,-0.07424766419999537,-0.07424766419999537,0.013868280848797074,1.0,-0.13233805546218919,0.08332821858562044,0.1789140981764729,0.7401748313275525,-0.11262636086297895,-0.09963311718734116,-0.05634222354232745,0.13352426305996257,-0.031753553662855295,-0.01787479915457848,0.28641038754035086,0.5508474042074568,-0.1538846106072285,0.060511106997893443,0.12317041534012521],[0.9807440293047823,0.9735794445528738,0.9807440293047823,0.9927209989333381,0.9927209989333381,0.9481502899130939,0.9481502899130939,0.864849823656252,0.864849823656252,0.6615519583667611,0.9972024689641658,0.6076863261855743,0.9357528464172008,0.9898573764195988,0.997037774743939,0.9507934591970161,0.9888205727044505,0.8422843604057216,0.8422843604057216,0.6995571800708345,-0.13233805546218919,1.0,0.1869737953122903,-0.2523846515139811,-0.2581970961239063,0.6779872379353842,0.9221257465300305,0.9090625644307079,0.8251457612574645,0.7505807487784258,0.6850246924983108,0.610955120285718,0.5039812230364448,0.8911347150152719,0.7255689158451606,0.2710532444094807],[0.2521734183430096,0.012982048600469287,0.2521734183430096,0.2804214640912163,0.2804214640912163,0.3858721528606635,0.3858721528606635,0.5971375811578378,0.5971375811578378,0.035262358561256174,0.9051754982337086,0.386228885279915,0.8929013795607492,0.9120012214567563,0.904727593533207,0.7001287215898128,0.8814792087875355,0.591877183447108,0.591877183447108,-0.30840090590580777,0.08332821858562044,0.1869737953122903,1.0,-0.479965802016833,0.6860664416719291,0.40959650401293396,0.21355050619667457,0.37282113155574614,-0.04305457458977716,0.13409579403741462,0.6243175486486001,0.5074178639579946,0.2165835716254989,0.08044988967042319,0.43228501677550824,0.4955799965258586],[-0.1684746733357079,-0.1602496870817991,-0.1684746733357079,-0.20362106616033274,-0.20362106616033274,-0.33522263807221664,-0.33522263807221664,-0.364130004747507,-0.364130004747507,0.049699597276928735,-0.5419971192015759,-0.16025222825344038,-0.6519938148348556,-0.7964790961571847,-0.5392340991473,-0.4631610750670676,-0.5260165610596627,-0.24557295422857744,-0.24557295422857744,0.27297303247183224,0.1789140981764729,-0.2523846515139811,-0.479965802016833,1.0,-0.025225322483403225,-0.20275428131454218,-0.24871171949557996,-0.3412186910772557,-0.08367611730513834,-0.11576068008894089,-0.5755529229433318,-0.23217042822450007,-0.04341162850396879,-0.09741206444480052,-0.269864555679681,-0.4293928644594652],[-0.2228378673470156,-0.22393436750660828,-0.2228378673470156,-0.21796315686189788,-0.21796315686189788,-0.1090960755549225,-0.1090960755549225,0.013339327696480054,0.013339327696480054,-0.24291187025532698,0.4818657126814797,-0.23253641205438777,0.4913379616716547,0.587944563377295,0.47846789937783263,-0.1356630439706722,0.48420087679353896,-0.18981738187757852,-0.18981738187757852,-0.643331391823776,0.7401748313275525,-0.2581970961239063,0.6860664416719291,-0.025225322483403225,1.0,-0.1038172771583502,-0.1714470978267523,-0.06310604031248007,-0.3438119754354249,-0.3205468159760752,0.0576334331672874,0.1550835195377725,0.26019319628768744,-0.36240658668791975,0.09817830601795775,0.0841980651241832],[0.8221488877232506,0.6693322419763773,0.8221488877232506,0.8072945900808681,0.8072945900808681,0.8829766864417985,0.8829766864417985,0.8044187123826984,0.8044187123826984,0.7589920725664283,0.8099315986187325,0.783404904155789,0.7601903821688232,0.719099342868108,0.8110214745271872,0.8943960972482609,0.8571917762218273,0.839656720323163,0.839656720323163,0.38541834513385914,-0.11262636086297895,0.6779872379353842,0.40959650401293396,-0.20275428131454218,-0.1038172771583502,1.0,0.5440157167518956,0.8486393532238662,0.5223683694963343,0.6523550365526736,0.5945849815062836,0.6776221573943494,0.4358916179710936,0.7277648615687772,0.7228166374446277,0.453188865691871],[0.8927915432218275,0.892043562422089,0.8927915432218275,0.9144153785494677,0.9144153785494677,0.852131388299937,0.852131388299937,0.7442436177728967,0.7442436177728967,0.4056083187476072,0.8911181497197002,0.3088973252093458,0.8009662383909629,0.9230239367524204,0.8898368210747521,0.8390283637730007,0.8749082495463643,0.6794423663191517,0.6794423663191517,0.6257750711732936,-0.09963311718734116,0.9221257465300305,0.21355050619667457,-0.24871171949557996,-0.1714470978267523,0.5440157167518956,1.0,0.7949003368646755,0.6974388935603256,0.6273405827516733,0.6304978648710537,0.5001671973631945,0.43993385180861905,0.7789303673661361,0.6771498561837794,0.2333424238584073],[0.9271292493528902,0.9066470478235883,0.9271292493528902,0.9249179657046389,0.9249179657046389,0.94209268068233,0.94209268068233,0.8920798881985174,0.8920798881985174,0.7103956220576936,0.9352446121009205,0.6770503344905895,0.9085177740550088,0.918509325195329,0.9349079818520121,0.938836945878282,0.9483405573144551,0.8474493597128628,0.8474493597128628,0.5356526229334118,-0.05634222354232745,0.9090625644307079,0.37282113155574614,-0.3412186910772557,-0.06310604031248007,0.8486393532238662,0.7949003368646755,1.0,0.7640773767556932,0.6433871726777782,0.6707846895669161,0.6286166451117388,0.531135583289877,0.8375921543233931,0.861403209552834,0.2881469888749917],[0.9045117185664984,0.9014114019817528,0.9045117185664984,0.8801888427443035,0.8801888427443035,0.8863999960977569,0.8863999960977569,0.8567144017161403,0.8567144017161403,0.7983286936277929,0.8675505867805704,0.76652154059634,0.8348154432503088,0.8126850195663821,0.8692993954457564,0.8948861703666814,0.9032555144065572,0.9210139359540531,0.9210139359540531,0.8427395244991057,0.13352426305996257,0.8251457612574645,-0.04305457458977716,-0.08367611730513834,-0.3438119754354249,0.5223683694963343,0.6974388935603256,0.7640773767556932,1.0,0.9120477643416703,0.5801310782451183,0.7058030851548672,0.6702899697293848,0.885326486836607,0.5452661191602662,0.33617956979046537],[0.7862506028406021,0.7945619592437939,0.7862506028406021,0.7829006910370705,0.7829006910370705,0.7573136385259445,0.7573136385259445,0.7754733537354686,0.7754733537354686,0.6679772922048028,0.8084141574836776,0.6859118192474016,0.7356409450075284,0.6943794184913942,0.8098800478635773,0.7910208053408625,0.8308028180740199,0.8495102357997292,0.8495102357997292,0.7081809256044433,-0.031753553662855295,0.7505807487784258,0.13409579403741462,-0.11576068008894089,-0.3205468159760752,0.6523550365526736,0.6273405827516733,0.6433871726777782,0.9120477643416703,1.0,0.6151337884550491,0.6901372663596543,0.6154328726759468,0.7521423273969228,0.6203910370414893,0.5027339339343471],[0.6533681150305932,0.6436558172456252,0.6533681150305932,0.6828500217964454,0.6828500217964454,0.8028217102246498,0.8028217102246498,0.8897653537855179,0.8897653537855179,0.321727560828556,0.9384247597484491,0.49850383662193914,0.8858406470117812,0.9434421538017739,0.9376401681987591,0.8834671596682973,0.9271111762676382,0.800044536585616,0.800044536585616,0.18511764132358524,-0.01787479915457848,0.6850246924983108,0.6243175486486001,-0.5755529229433318,0.0576334331672874,0.5945849815062836,0.6304978648710537,0.6707846895669161,0.5801310782451183,0.6151337884550491,1.0,0.7482679237169043,0.3894320828569948,0.566677442347194,0.6675347036000524,0.7587858525811734],[0.6532220502261357,0.6508342803606264,0.6532220502261357,0.6422639247357151,0.6422639247357151,0.7447948602476505,0.7447948602476505,0.7926046779919502,0.7926046779919502,0.5203300510180844,0.8471712394905809,0.6809380562435753,0.8050457737064574,0.8017894783002307,0.8490475556963497,0.7901349342026643,0.8827126968536012,0.7715577764329103,0.7715577764329103,0.34055632944932895,0.28641038754035086,0.610955120285718,0.5074178639579946,-0.23217042822450007,0.1550835195377725,0.6776221573943494,0.5001671973631945,0.6286166451117388,0.7058030851548672,0.6901372663596543,0.7482679237169043,1.0,0.7791814464989893,0.5345153423416062,0.737724014589023,0.572136516074321],[0.6052364546412983,0.6305667348722964,0.6052364546412983,0.5696310825615652,0.5696310825615652,0.675870164859543,0.675870164859543,0.7042567602037906,0.7042567602037906,0.5615387082764947,0.7184034827814344,0.6753513306935752,0.6798549566990342,0.5989410624906445,0.7211172054781115,0.7339031774951488,0.7689681120315066,0.7070893927943078,0.7070893927943078,0.5740049760553356,0.5508474042074568,0.5039812230364448,0.2165835716254989,-0.04341162850396879,0.26019319628768744,0.4358916179710936,0.43993385180861905,0.531135583289877,0.6702899697293848,0.6154328726759468,0.3894320828569948,0.7791814464989893,1.0,0.5008452250471775,0.6527333198609482,0.22069106864310842],[0.928814924200009,0.928008925908396,0.928814924200009,0.9130199291007782,0.9130199291007782,0.8710197310966602,0.8710197310966602,0.816433843746771,0.816433843746771,0.76436385260662,0.8950205907549501,0.7140705649468835,0.8582333022310991,0.8812510122822887,0.895766833357387,0.8921388959251476,0.9121120453629868,0.8574196934965413,0.8574196934965413,0.7896431936308761,-0.1538846106072285,0.8911347150152719,0.08044988967042319,-0.09741206444480052,-0.36240658668791975,0.7277648615687772,0.7789303673661361,0.8375921543233931,0.885326486836607,0.7521423273969228,0.566677442347194,0.5345153423416062,0.5008452250471775,1.0,0.7639418554409426,0.2319788381311714],[0.8673694029140264,0.7414101494526286,0.8673694029140264,0.8596623782875145,0.8596623782875145,0.891724700100824,0.891724700100824,0.8712296332248968,0.8712296332248968,0.6007995423058013,0.9549435990282856,0.5738877518585184,0.9130482311687105,0.9586745324471769,0.9547903767900909,0.8880964946758279,0.9626459075382747,0.790785190753941,0.790785190753941,0.5066874782717758,0.060511106997893443,0.7255689158451606,0.43228501677550824,-0.269864555679681,0.09817830601795775,0.7228166374446277,0.6771498561837794,0.861403209552834,0.5452661191602662,0.6203910370414893,0.6675347036000524,0.737724014589023,0.6527333198609482,0.7639418554409426,1.0,0.26087351798609193],[0.2716867097054496,0.26635457006145574,0.2716867097054496,0.28707969452016774,0.28707969452016774,0.5302485239197894,0.5302485239197894,0.8292315459421752,0.8292315459421752,0.16660055830137782,0.8311655973489263,0.6093477260668568,0.8020640512973182,0.8377391619112278,0.8307073163673538,0.8238866369869824,0.870465308947634,0.8603255400451332,0.8603255400451332,-0.10028506377227726,0.12317041534012521,0.2710532444094807,0.4955799965258586,-0.4293928644594652,0.0841980651241832,0.453188865691871,0.2333424238584073,0.2881469888749917,0.33617956979046537,0.5027339339343471,0.7587858525811734,0.572136516074321,0.22069106864310842,0.2319788381311714,0.26087351798609193,1.0]],"x":["^TAIEX       \u81fa\u7063\u52a0\u6b0a\u5831\u916c\u6307\u6578","^TWII        \u81fa\u7063\u52a0\u6b0a\u6307\u6578","^TAIEXx2     \u81fa\u7063\u52a0\u6b0a\u5831\u916c\u6307\u6578_\u65e5\u6b632","^TAI50I      \u81fa\u706350\u5831\u916c\u6307\u6578","^TAI50Ix2    \u81fa\u706350\u5831\u916c\u6307\u6578_\u65e5\u6b632","^TAI100I     \u81fa\u7063\u4e2d\u578b100\u5831\u916c\u6307\u6578","^TAI100Ix2   \u81fa\u7063\u4e2d\u578b100\u5831\u916c\u6307\u6578_\u65e5\u6b632","^TAIDIVIDI   \u81fa\u7063\u9ad8\u80a1\u606f\u5831\u916c\u6307\u6578","^TAIDIVIDIx2 \u81fa\u7063\u9ad8\u80a1\u606f\u5831\u916c\u6307\u6578_\u65e5\u6b632","0050Fund     \u5143\u5927\u53f0\u7063\u5353\u8d8a50\u57fa\u91d1","006208Fund   \u5bcc\u90a6\u53f0\u7063\u91c6\u540950\u57fa\u91d1","0050         \u5143\u5927\u81fa\u706350","00631L       \u5143\u5927\u53f0\u706350\u6b632","00675L       \u5bcc\u90a6\u81fa\u7063\u52a0\u6b0a\u6b632","006208       \u5bcc\u90a6\u53f050","0051         \u5143\u5927\u4e2d\u578b100","006204       \u6c38\u8c50\u81fa\u7063\u52a0\u6b0a","0056         \u5143\u5927\u9ad8\u80a1\u606f","0056         \u5143\u5927\u9ad8\u80a1\u606f_\u80a1\u606f\u4e0d\u6295\u5165","2412         \u4e2d\u83ef\u96fb\u4fe1","2002         \u4e2d\u92fc","2330         \u53f0\u7a4d\u96fb","2317         \u9d3b\u6d77","6505         \u53f0\u5851\u77f3\u5316","3481         \u7fa4\u5275","2303         \u806f\u96fb","2308         \u53f0\u9054\u96fb","2454         \u806f\u767c\u79d1","2886         \u5146\u8c50\u91d1","2884         \u7389\u5c71\u91d1","2891         \u4e2d\u4fe1\u91d1","2892         \u7b2c\u4e00\u91d1","5880         \u5408\u5eab\u91d1","2881         \u5bcc\u90a6\u91d1","2885         \u5143\u5927\u91d1","2887         \u53f0\u65b0\u91d1"],"y":["^TAIEX       \u81fa\u7063\u52a0\u6b0a\u5831\u916c\u6307\u6578","^TWII        \u81fa\u7063\u52a0\u6b0a\u6307\u6578","^TAIEXx2     \u81fa\u7063\u52a0\u6b0a\u5831\u916c\u6307\u6578_\u65e5\u6b632","^TAI50I      \u81fa\u706350\u5831\u916c\u6307\u6578","^TAI50Ix2    \u81fa\u706350\u5831\u916c\u6307\u6578_\u65e5\u6b632","^TAI100I     \u81fa\u7063\u4e2d\u578b100\u5831\u916c\u6307\u6578","^TAI100Ix2   \u81fa\u7063\u4e2d\u578b100\u5831\u916c\u6307\u6578_\u65e5\u6b632","^TAIDIVIDI   \u81fa\u7063\u9ad8\u80a1\u606f\u5831\u916c\u6307\u6578","^TAIDIVIDIx2 \u81fa\u7063\u9ad8\u80a1\u606f\u5831\u916c\u6307\u6578_\u65e5\u6b632","0050Fund     \u5143\u5927\u53f0\u7063\u5353\u8d8a50\u57fa\u91d1","006208Fund   \u5bcc\u90a6\u53f0\u7063\u91c6\u540950\u57fa\u91d1","0050         \u5143\u5927\u81fa\u706350","00631L       \u5143\u5927\u53f0\u706350\u6b632","00675L       \u5bcc\u90a6\u81fa\u7063\u52a0\u6b0a\u6b632","006208       \u5bcc\u90a6\u53f050","0051         \u5143\u5927\u4e2d\u578b100","006204       \u6c38\u8c50\u81fa\u7063\u52a0\u6b0a","0056         \u5143\u5927\u9ad8\u80a1\u606f","0056         \u5143\u5927\u9ad8\u80a1\u606f_\u80a1\u606f\u4e0d\u6295\u5165","2412         \u4e2d\u83ef\u96fb\u4fe1","2002         \u4e2d\u92fc","2330         \u53f0\u7a4d\u96fb","2317         \u9d3b\u6d77","6505         \u53f0\u5851\u77f3\u5316","3481         \u7fa4\u5275","2303         \u806f\u96fb","2308         \u53f0\u9054\u96fb","2454         \u806f\u767c\u79d1","2886         \u5146\u8c50\u91d1","2884         \u7389\u5c71\u91d1","2891         \u4e2d\u4fe1\u91d1","2892         \u7b2c\u4e00\u91d1","5880         \u5408\u5eab\u91d1","2881         \u5bcc\u90a6\u91d1","2885         \u5143\u5927\u91d1","2887         \u53f0\u65b0\u91d1"],"zmin":-1,"zmax":1,"colorbar":{"x":-0.2}}],"layout":{"autotypenumbers":"strict","colorway":["#636efa","#EF553B","#00cc96","#ab63fa","#FFA15A","#19d3f3","#FF6692","#B6E880","#FF97FF","#FECB52"],"font":{"color":"#f2f5fa","family":"Courier New"},"hovermode":"closest","hoverlabel":{"align":"left"},"paper_bgcolor":"rgb(17,17,17)","plot_bgcolor":"rgb(17,17,17)","polar":{"bgcolor":"rgb(17,17,17)","angularaxis":{"gridcolor":"#506784","linecolor":"#506784","ticks":""},"radialaxis":{"gridcolor":"#506784","linecolor":"#506784","ticks":""}},"ternary":{"bgcolor":"rgb(17,17,17)","aaxis":{"gridcolor":"#506784","linecolor":"#506784","ticks":""},"baxis":{"gridcolor":"#506784","linecolor":"#506784","ticks":""},"caxis":{"gridcolor":"#506784","linecolor":"#506784","ticks":""}},"coloraxis":{"colorbar":{"outlinewidth":0,"ticks":""}},"colorscale":{"sequential":[[0.0,"#0d0887"],[0.1111111111111111,"#46039f"],[0.2222222222222222,"#7201a8"],[0.3333333333333333,"#9c179e"],[0.4444444444444444,"#bd3786"],[0.5555555555555556,"#d8576b"],[0.6666666666666666,"#ed7953"],[0.7777777777777778,"#fb9f3a"],[0.8888888888888888,"#fdca26"],[1.0,"#f0f921"]],"sequentialminus":[[0.0,"#0d0887"],[0.1111111111111111,"#46039f"],[0.2222222222222222,"#7201a8"],[0.3333333333333333,"#9c179e"],[0.4444444444444444,"#bd3786"],[0.5555555555555556,"#d8576b"],[0.6666666666666666,"#ed7953"],[0.7777777777777778,"#fb9f3a"],[0.8888888888888888,"#fdca26"],[1.0,"#f0f921"]],"diverging":[[0,"#8e0152"],[0.1,"#c51b7d"],[0.2,"#de77ae"],[0.3,"#f1b6da"],[0.4,"#fde0ef"],[0.5,"#f7f7f7"],[0.6,"#e6f5d0"],[0.7,"#b8e186"],[0.8,"#7fbc41"],[0.9,"#4d9221"],[1,"#276419"]]},"xaxis":{"gridcolor":"rgba(0, 0, 0, 0)","linecolor":"#506784","ticks":"","title":{"standoff":15},"zerolinecolor":"#283442","automargin":true,"zerolinewidth":2,"tickfont":{"family":"Courier New","size":14},"side":"top","tickangle":-90},"yaxis":{"gridcolor":"rgba(0, 0, 0, 0)","linecolor":"#506784","ticks":"","title":{"standoff":15},"zerolinecolor":"#283442","automargin":true,"zerolinewidth":2,"tickfont":{"family":"Courier New"},"side":"right"},"scene":{"xaxis":{"backgroundcolor":"rgb(17,17,17)","gridcolor":"#506784","linecolor":"#506784","showbackground":true,"ticks":"","zerolinecolor":"#C8D4E3","gridwidth":2},"yaxis":{"backgroundcolor":"rgb(17,17,17)","gridcolor":"#506784","linecolor":"#506784","showbackground":true,"ticks":"","zerolinecolor":"#C8D4E3","gridwidth":2},"zaxis":{"backgroundcolor":"rgb(17,17,17)","gridcolor":"#506784","linecolor":"#506784","showbackground":true,"ticks":"","zerolinecolor":"#C8D4E3","gridwidth":2}},"shapedefaults":{"line":{"color":"#f2f5fa"}},"annotationdefaults":{"arrowcolor":"#f2f5fa","arrowhead":0,"arrowwidth":1},"geo":{"bgcolor":"rgb(17,17,17)","landcolor":"rgb(17,17,17)","subunitcolor":"#506784","showland":true,"showlakes":true,"lakecolor":"rgb(17,17,17)"},"title":{"x":0.05,"font":{"family":"Times New Roman"},"y":0.05,"text":"<b>Correlation of Close<b><br><i>2016-09-23 ~ 2026-04-14<i>"},"updatemenudefaults":{"bgcolor":"#506784","borderwidth":0},"sliderdefaults":{"bgcolor":"#C8D4E3","borderwidth":1,"bordercolor":"rgb(17,17,17)","tickwidth":0},"mapbox":{"style":"dark"},"annotations":[{"text":"<b>@zwindr<b>","textangle":0,"opacity":0.5,"font":{"color":"white","size":12},"xref":"paper","yref":"paper","xanchor":"left","yanchor":"bottom","x":1.0,"y":1.0,"showarrow":false}]},"config":{"responsive":true,"toImageButtonOptions":{"filename":"Correlation of Close_2016-09-23~2026-04-14","scale":5}}};Plotly.newPlot("correlationClose",correlationClose.data,correlationClose.layout||{},correlationClose.config);}else{console.log("style display is none => correlationClose");}