var element=document.getElementById("correlationClose");if(element.style.display!='none'){var correlationClose={"data":[{"type":"heatmap","z":[[1.0,0.9999999999999983,1.0,0.9951835813812033,0.9951835813812033,0.9656420085827164,0.9656420085827164,0.905558315979591,0.905558315979591,0.8513935233185329,0.994424793109052,0.8167156233276713,0.9926041267414273,0.9926614601697684,0.994464815779979,0.9742763316072587,0.9990441864604644,0.9205030154321996,0.9205030154321996,0.783688104290813,-0.13400229907209776,0.9779928390567235,0.1524724003788455,-0.09240515907874261,-0.25161649260403046,0.8150443588232484,0.9097850425909829,0.9133193904346465,0.9266490100349015,0.780601875510433,0.5493758382977854,0.6354540975417259,0.6319880359057941,0.9330680316585638,0.8308117978159724,0.1873878004128527],[0.9999999999999983,1.0,0.9999999999999986,0.9951505712580765,0.9951505712580765,0.9650969478904758,0.9650969478904758,0.9065461513529859,0.9065461513529859,0.8527198450417184,0.9944182012844252,0.8168161314112795,0.9923358927651602,0.9921535216635978,0.9944655811201741,0.9736882133623098,0.9990456449244886,0.9206708901038257,0.9206708901038257,0.8024520586187218,0.07707494481572018,0.9697712549154757,-0.04890351762975515,-0.0848276283112209,-0.25194915889537156,0.6471507255443447,0.9109387433144714,0.8884173220709567,0.9212146294269641,0.7914206599943459,0.5410469619707436,0.6326075224624443,0.6578940055326861,0.9307353688879885,0.6864990010070675,0.18421810288866644],[1.0,0.9999999999999986,1.0,0.9951835813812033,0.9951835813812033,0.9656420085827164,0.9656420085827164,0.905558315979591,0.905558315979591,0.8513935233185329,0.994424793109052,0.8167156233276713,0.9926041267414273,0.9926614601697684,0.994464815779979,0.9742763316072587,0.9990441864604644,0.9205030154321996,0.9205030154321996,0.783688104290813,-0.13400229907209776,0.9779928390567235,0.1524724003788455,-0.09240515907874261,-0.25161649260403046,0.8150443588232484,0.9097850425909829,0.9133193904346465,0.9266490100349015,0.780601875510433,0.5493758382977854,0.6354540975417259,0.6319880359057941,0.9330680316585638,0.8308117978159724,0.1873878004128527],[0.9951835813812033,0.9951505712580765,0.9951835813812033,1.0,1.0,0.9523752086291958,0.9523752086291958,0.8902056173849252,0.8902056173849252,0.8294317625769203,0.9995306177768079,0.792880386954375,0.9907319520821615,0.9876253578674115,0.9994933815135698,0.9568372336890215,0.9947978672353119,0.8970216169375026,0.8970216169375026,0.7592311410250813,-0.14179666079194425,0.9903340049160503,0.17850911326020363,-0.12813785374506717,-0.25244055605427596,0.807133390067289,0.9193628308756833,0.9151469571529239,0.9118981487213351,0.7867198520491236,0.5778751450028277,0.6288999093321249,0.6024381280272714,0.9237001531262214,0.8202971264437515,0.1993875695611582],[0.9951835813812033,0.9951505712580765,0.9951835813812033,1.0,1.0,0.9523752086291958,0.9523752086291958,0.8902056173849252,0.8902056173849252,0.8294317625769203,0.9995306177768079,0.792880386954375,0.9907319520821615,0.9876253578674115,0.9994933815135698,0.9568372336890215,0.9947978672353119,0.8970216169375026,0.8970216169375026,0.7592311410250813,-0.14179666079194425,0.9903340049160503,0.17850911326020363,-0.12813785374506717,-0.25244055605427596,0.807133390067289,0.9193628308756833,0.9151469571529239,0.9118981487213351,0.7867198520491236,0.5778751450028277,0.6288999093321249,0.6024381280272714,0.9237001531262214,0.8202971264437515,0.1993875695611582],[0.9656420085827164,0.9650969478904758,0.9656420085827164,0.9523752086291958,0.9523752086291958,1.0,1.0,0.9308446397214704,0.9308446397214704,0.8207485930606552,0.9520660394372586,0.8077999311839792,0.9707583570648436,0.9682779278062271,0.9519020362884874,0.9990969560637217,0.9738283763552977,0.919514026546878,0.919514026546878,0.6445629968091698,-0.08181113654685065,0.9375313423640377,0.3119332513027052,-0.27859969707639876,-0.11781598779408317,0.8846974041164736,0.8615894035161058,0.9314705635368118,0.900311936973044,0.7443159602245047,0.7446435239102156,0.7392178823706275,0.7072590493026667,0.8608902233532006,0.8623320284503136,0.4687993012924553],[0.9656420085827164,0.9650969478904758,0.9656420085827164,0.9523752086291958,0.9523752086291958,1.0,1.0,0.9308446397214704,0.9308446397214704,0.8207485930606552,0.9520660394372586,0.8077999311839792,0.9707583570648436,0.9682779278062271,0.9519020362884874,0.9990969560637217,0.9738283763552977,0.919514026546878,0.919514026546878,0.6445629968091698,-0.08181113654685065,0.9375313423640377,0.3119332513027052,-0.27859969707639876,-0.11781598779408317,0.8846974041164736,0.8615894035161058,0.9314705635368118,0.900311936973044,0.7443159602245047,0.7446435239102156,0.7392178823706275,0.7072590493026667,0.8608902233532006,0.8623320284503136,0.4687993012924553],[0.905558315979591,0.9065461513529859,0.905558315979591,0.8902056173849252,0.8902056173849252,0.9308446397214704,0.9308446397214704,1.0,1.0,0.7652491281721113,0.9377680983266828,0.7848807038325762,0.9425982245113502,0.9373922890313479,0.9376252551960316,0.9317783481815204,0.94453173032536,0.9715324841425277,0.9715324841425277,0.5862016163683816,0.03864538851736025,0.8514941300244114,0.5460630516768427,-0.3043688495329504,0.018179457441352354,0.7863385930748019,0.7611404733657291,0.8736748679473942,0.8522416433999946,0.7568981297371331,0.8788962225845329,0.7813680957061925,0.7171176548868409,0.7921485754993436,0.849520502982364,0.8025229863947655],[0.905558315979591,0.9065461513529859,0.905558315979591,0.8902056173849252,0.8902056173849252,0.9308446397214704,0.9308446397214704,1.0,1.0,0.7652491281721113,0.9377680983266828,0.7848807038325762,0.9425982245113502,0.9373922890313479,0.9376252551960316,0.9317783481815204,0.94453173032536,0.9715324841425277,0.9715324841425277,0.5862016163683816,0.03864538851736025,0.8514941300244114,0.5460630516768427,-0.3043688495329504,0.018179457441352354,0.7863385930748019,0.7611404733657291,0.8736748679473942,0.8522416433999946,0.7568981297371331,0.8788962225845329,0.7813680957061925,0.7171176548868409,0.7921485754993436,0.849520502982364,0.8025229863947655],[0.8513935233185329,0.8527198450417184,0.8513935233185329,0.8294317625769203,0.8294317625769203,0.8207485930606552,0.8207485930606552,0.7652491281721113,0.7652491281721113,1.0,0.732485112806082,0.9999698713317983,0.6781656543404903,0.5996578038956243,0.7341837872624344,0.8161987024150542,0.7807824918178915,0.8348673902123086,0.8348673902123086,0.7031782381746908,-0.10266515785732297,0.8042120098589708,0.04254060539897483,0.04569938667994664,-0.24451163154947325,0.7976392218597061,0.6172559891025065,0.7878834816172818,0.8302673694188883,0.6985770712599056,0.377292889224048,0.5405275996572456,0.568448313896133,0.8190249415214315,0.6859108431002238,0.1751186138548369],[0.994424793109052,0.9944182012844252,0.994424793109052,0.9995306177768079,0.9995306177768079,0.9520660394372586,0.9520660394372586,0.9377680983266828,0.9377680983266828,0.732485112806082,1.0,0.7324221796755881,0.9905037534895541,0.9877141620170378,0.9999258381572551,0.9523919676795921,0.9936726832793362,0.9089168882031641,0.9089168882031641,0.8536207819626143,0.03949240810078969,0.9964072672028225,0.8825505599287797,-0.4998515934929079,0.34171715092770477,0.8267554609928719,0.8826317886578899,0.9353313409598129,0.906113818719024,0.8101128895987885,0.9114641386305278,0.8695512624662713,0.7822779647907443,0.9016034790808076,0.9420852610324773,0.7769108151541131],[0.8167156233276713,0.8168161314112795,0.8167156233276713,0.792880386954375,0.792880386954375,0.8077999311839792,0.8077999311839792,0.7848807038325762,0.7848807038325762,0.9999698713317983,0.7324221796755881,1.0,0.6762644180235544,0.5971964278867127,0.7326854524379696,0.808631423522861,0.7794489204775282,0.8320118356180236,0.8320118356180236,0.6677668937619146,0.022525876810258243,0.7691857793469483,0.46501525109452513,-0.18038072124590732,-0.2319871511201281,0.8320444954810139,0.529236032378102,0.7666402877503564,0.806188643405573,0.7283986264348138,0.6289930572847576,0.7247746696215881,0.6915033999378872,0.7837252493803917,0.684456420790855,0.6947892601152902],[0.9926041267414273,0.9923358927651602,0.9926041267414273,0.9907319520821615,0.9907319520821615,0.9707583570648436,0.9707583570648436,0.9425982245113502,0.9425982245113502,0.6781656543404903,0.9905037534895541,0.6762644180235544,1.0,0.9997568418087319,0.9905025661125406,0.9693261290530729,0.9903739803343451,0.9001365791381685,0.9001365791381685,0.8316761388590023,0.06913190808246196,0.98856572965488,0.9031391656854599,-0.6599038187520683,0.4100590426363583,0.8000813738946394,0.8884891440813354,0.9449641359894505,0.8979586249673427,0.7435926214504364,0.9113693568896875,0.8490183636801767,0.7648125047172384,0.8856864838149868,0.9565286893116113,0.8056590213699214],[0.9926614601697684,0.9921535216635978,0.9926614601697684,0.9876253578674115,0.9876253578674115,0.9682779278062271,0.9682779278062271,0.9373922890313479,0.9373922890313479,0.5996578038956243,0.9877141620170378,0.5971964278867127,0.9997568418087319,1.0,0.9878635826756714,0.9661213198843149,0.9894218178807334,0.8851951937323271,0.8851951937323271,0.8528186047856956,-0.05649661406318473,0.9842138326842708,0.9114413569463661,-0.8387095373416363,0.447861152910834,0.7495563364223046,0.8930203568340335,0.9390050701531243,0.8840669350795912,0.672687937446278,0.9198060191652419,0.8396802099908119,0.7082682765721702,0.9115928694487645,0.9571627208704613,0.7739858414056117],[0.994464815779979,0.9944655811201741,0.994464815779979,0.9994933815135698,0.9994933815135698,0.9519020362884874,0.9519020362884874,0.9376252551960316,0.9376252551960316,0.7341837872624344,0.9999258381572551,0.7326854524379696,0.9905025661125406,0.9878635826756714,1.0,0.9523576606612805,0.9937320829684656,0.9091952189546774,0.9091952189546774,0.8545562853755824,0.03856948333345319,0.9962842946165724,0.8821185611587092,-0.49716389911823977,0.34051351209915937,0.8268812518637415,0.8809968248817653,0.934306722540361,0.9064794195047916,0.8110696820895297,0.9110167607705095,0.870528013968144,0.7832062825305883,0.9016226278664676,0.9420699761082317,0.7773831075793686],[0.9742763316072587,0.9736882133623098,0.9742763316072587,0.9568372336890215,0.9568372336890215,0.9990969560637217,0.9990969560637217,0.9317783481815204,0.9317783481815204,0.8161987024150542,0.9523919676795921,0.808631423522861,0.9693261290530729,0.9661213198843149,0.9523576606612805,1.0,0.9752070014682088,0.9190778052272872,0.9190778052272872,0.6929081611074496,-0.06645294421355868,0.9459191177499888,0.6367550765793372,-0.4110833686391065,-0.1667844416459473,0.8959085943785978,0.8590753749794343,0.9272333243690128,0.9073775844679396,0.781223619110613,0.8545889677813547,0.7864170858455035,0.7633702799205127,0.8830928742176595,0.8598104652733688,0.7900779859928881],[0.9990441864604644,0.9990456449244886,0.9990441864604644,0.9947978672353119,0.9947978672353119,0.9738283763552977,0.9738283763552977,0.94453173032536,0.94453173032536,0.7807824918178915,0.9936726832793362,0.7794489204775282,0.9903739803343451,0.9894218178807334,0.9937320829684656,0.9752070014682088,1.0,0.9331235557708537,0.9331235557708537,0.8625645427529565,0.05114632651685786,0.9871707006455595,0.849967740349248,-0.4782090734109056,0.3592002281421479,0.8714858652438908,0.8759655770662604,0.9451016571078689,0.9344336078128095,0.8318933353407754,0.899913579070176,0.8998651691572075,0.822661276506311,0.9154168063884487,0.9510392319017328,0.8339294785071489],[0.9205030154321996,0.9206708901038257,0.9205030154321996,0.8970216169375026,0.8970216169375026,0.919514026546878,0.919514026546878,0.9715324841425277,0.9715324841425277,0.8348673902123086,0.9089168882031641,0.8320118356180236,0.9001365791381685,0.8851951937323271,0.9091952189546774,0.9190778052272872,0.9331235557708537,1.0,1.0,0.7415694513283732,-0.026617801196439774,0.8603654972707607,0.5460800364249432,-0.19124750266525942,-0.20666632990128309,0.8268686868694005,0.7431057824980744,0.8373339576002969,0.9167419120272559,0.8381980270934624,0.8007230945734525,0.7560531885340381,0.7059446363060964,0.8455869087771697,0.7782942585166857,0.8515980220211444],[0.9205030154321996,0.9206708901038257,0.9205030154321996,0.8970216169375026,0.8970216169375026,0.919514026546878,0.919514026546878,0.9715324841425277,0.9715324841425277,0.8348673902123086,0.9089168882031641,0.8320118356180236,0.9001365791381685,0.8851951937323271,0.9091952189546774,0.9190778052272872,0.9331235557708537,1.0,1.0,0.7415694513283732,-0.026617801196439774,0.8603654972707607,0.5460800364249432,-0.19124750266525942,-0.20666632990128309,0.8268686868694005,0.7431057824980744,0.8373339576002969,0.9167419120272559,0.8381980270934624,0.8007230945734525,0.7560531885340381,0.7059446363060964,0.8455869087771697,0.7782942585166857,0.8515980220211444],[0.783688104290813,0.8024520586187218,0.783688104290813,0.7592311410250813,0.7592311410250813,0.6445629968091698,0.6445629968091698,0.5862016163683816,0.5862016163683816,0.7031782381746908,0.8536207819626143,0.6677668937619146,0.8316761388590023,0.8528186047856956,0.8545562853755824,0.6929081611074496,0.8625645427529565,0.7415694513283732,0.7415694513283732,1.0,0.03728500232438084,0.7208514165112183,-0.3731013609263518,0.3227709234673881,-0.6570620608279362,0.3523563365981803,0.7184279919840952,0.5095167384486314,0.8359893165144737,0.6940987276668102,0.10535808603229051,0.3084822921816494,0.5658905172839926,0.7832937042475964,0.47775108103977876,-0.15194275657545997],[-0.13400229907209776,0.07707494481572018,-0.13400229907209776,-0.14179666079194425,-0.14179666079194425,-0.08181113654685065,-0.08181113654685065,0.03864538851736025,0.03864538851736025,-0.10266515785732297,0.03949240810078969,0.022525876810258243,0.06913190808246196,-0.05649661406318473,0.03856948333345319,-0.06645294421355868,0.05114632651685786,-0.026617801196439774,-0.026617801196439774,0.03728500232438084,1.0,-0.09005263421743707,0.10975035040336116,0.15216785118026954,0.7492549389071785,-0.09044772185897068,-0.0365476446318375,-0.007607093821858398,0.16477297811404187,0.0036456162944585,0.05792342856017143,0.33718733362974795,0.569973483211286,-0.11674985936173995,0.11101107756217732,0.1595493093534904],[0.9779928390567235,0.9697712549154757,0.9779928390567235,0.9903340049160503,0.9903340049160503,0.9375313423640377,0.9375313423640377,0.8514941300244114,0.8514941300244114,0.8042120098589708,0.9964072672028225,0.7691857793469483,0.98856572965488,0.9842138326842708,0.9962842946165724,0.9459191177499888,0.9871707006455595,0.8603654972707607,0.8603654972707607,0.7208514165112183,-0.09005263421743707,1.0,0.08677041645046979,-0.18696497178083715,-0.30393537078283983,0.669795420954699,0.9177186706975973,0.8983433609113544,0.855375578471935,0.75488916478694,0.5777712346992192,0.5950663931884279,0.5318398739096619,0.9022888822064146,0.6641604147676975,0.17965642957950043],[0.1524724003788455,-0.04890351762975515,0.1524724003788455,0.17850911326020363,0.17850911326020363,0.3119332513027052,0.3119332513027052,0.5460630516768427,0.5460630516768427,0.04254060539897483,0.8825505599287797,0.46501525109452513,0.9031391656854599,0.9114413569463661,0.8821185611587092,0.6367550765793372,0.849967740349248,0.5460800364249432,0.5460800364249432,-0.3731013609263518,0.10975035040336116,0.08677041645046979,1.0,-0.45554264991218124,0.7239311483069132,0.3781226818904326,0.09503235425481159,0.3081807311341168,-0.09999920447771957,0.07411156668960221,0.593517463610854,0.4764637443728346,0.19801173487218662,-0.0032009452119019332,0.389082792740693,0.4681011014678422],[-0.09240515907874261,-0.0848276283112209,-0.09240515907874261,-0.12813785374506717,-0.12813785374506717,-0.27859969707639876,-0.27859969707639876,-0.3043688495329504,-0.3043688495329504,0.04569938667994664,-0.4998515934929079,-0.18038072124590732,-0.6599038187520683,-0.8387095373416363,-0.49716389911823977,-0.4110833686391065,-0.4782090734109056,-0.19124750266525942,-0.19124750266525942,0.3227709234673881,0.15216785118026954,-0.18696497178083715,-0.45554264991218124,1.0,-0.029798727561525355,-0.16128608594793054,-0.1801560003444112,-0.29869551896947627,-0.03999356881350019,-0.07140373265807173,-0.5666553984884101,-0.19829980918255827,-0.022372946054250636,-0.039121415440636124,-0.21457306947993332,-0.40712519304176925],[-0.25161649260403046,-0.25194915889537156,-0.25161649260403046,-0.25244055605427596,-0.25244055605427596,-0.11781598779408317,-0.11781598779408317,0.018179457441352354,0.018179457441352354,-0.24451163154947325,0.34171715092770477,-0.2319871511201281,0.4100590426363583,0.447861152910834,0.34051351209915937,-0.1667844416459473,0.3592002281421479,-0.20666632990128309,-0.20666632990128309,-0.6570620608279362,0.7492549389071785,-0.30393537078283983,0.7239311483069132,-0.029798727561525355,1.0,-0.10574080013906338,-0.25130965640125275,-0.06465548540944968,-0.351103283242663,-0.32911907724896866,0.07467958088807332,0.162934700492543,0.26413931547569963,-0.37982518142578264,0.1165866413205051,0.0937902063699965],[0.8150443588232484,0.6471507255443447,0.8150443588232484,0.807133390067289,0.807133390067289,0.8846974041164736,0.8846974041164736,0.7863385930748019,0.7863385930748019,0.7976392218597061,0.8267554609928719,0.8320444954810139,0.8000813738946394,0.7495563364223046,0.8268812518637415,0.8959085943785978,0.8714858652438908,0.8268686868694005,0.8268686868694005,0.3523563365981803,-0.09044772185897068,0.669795420954699,0.3781226818904326,-0.16128608594793054,-0.10574080013906338,1.0,0.5503383720955803,0.8389331452606712,0.4941474946643722,0.6267182597741159,0.5463442771682465,0.65698125311372,0.4246417517232058,0.7039827565289725,0.7032837398944212,0.41669476458632826],[0.9097850425909829,0.9109387433144714,0.9097850425909829,0.9193628308756833,0.9193628308756833,0.8615894035161058,0.8615894035161058,0.7611404733657291,0.7611404733657291,0.6172559891025065,0.8826317886578899,0.529236032378102,0.8884891440813354,0.8930203568340335,0.8809968248817653,0.8590753749794343,0.8759655770662604,0.7431057824980744,0.7431057824980744,0.7184279919840952,-0.0365476446318375,0.9177186706975973,0.09503235425481159,-0.1801560003444112,-0.25130965640125275,0.5503383720955803,1.0,0.8011401951217895,0.7914563508756971,0.6713640252823966,0.47743327930389184,0.5042435780438984,0.5266514958859508,0.8455772580467386,0.622596020233107,0.0996439303587271],[0.9133193904346465,0.8884173220709567,0.9133193904346465,0.9151469571529239,0.9151469571529239,0.9314705635368118,0.9314705635368118,0.8736748679473942,0.8736748679473942,0.7878834816172818,0.9353313409598129,0.7666402877503564,0.9449641359894505,0.9390050701531243,0.934306722540361,0.9272333243690128,0.9451016571078689,0.8373339576002969,0.8373339576002969,0.5095167384486314,-0.007607093821858398,0.8983433609113544,0.3081807311341168,-0.29869551896947627,-0.06465548540944968,0.8389331452606712,0.8011401951217895,1.0,0.7528629475609874,0.6113837261261778,0.5947496380042072,0.6021956095787875,0.5343515790017973,0.8184215557558258,0.8330921799721878,0.2197637515131831],[0.9266490100349015,0.9212146294269641,0.9266490100349015,0.9118981487213351,0.9118981487213351,0.900311936973044,0.900311936973044,0.8522416433999946,0.8522416433999946,0.8302673694188883,0.906113818719024,0.806188643405573,0.8979586249673427,0.8840669350795912,0.9064794195047916,0.9073775844679396,0.9344336078128095,0.9167419120272559,0.9167419120272559,0.8359893165144737,0.16477297811404187,0.855375578471935,-0.09999920447771957,-0.03999356881350019,-0.351103283242663,0.4941474946643722,0.7914563508756971,0.7528629475609874,1.0,0.9065574150515391,0.5450462872692267,0.6881814451414487,0.6666804049483424,0.8792170755825519,0.5072446517243161,0.29933240219638685],[0.780601875510433,0.7914206599943459,0.780601875510433,0.7867198520491236,0.7867198520491236,0.7443159602245047,0.7443159602245047,0.7568981297371331,0.7568981297371331,0.6985770712599056,0.8101128895987885,0.7283986264348138,0.7435926214504364,0.672687937446278,0.8110696820895297,0.781223619110613,0.8318933353407754,0.8381980270934624,0.8381980270934624,0.6940987276668102,0.0036456162944585,0.75488916478694,0.07411156668960221,-0.07140373265807173,-0.32911907724896866,0.6267182597741159,0.6713640252823966,0.6113837261261778,0.9065574150515391,1.0,0.5800134589484436,0.6703442894677981,0.6101375016651215,0.7319601830266682,0.5859217970059001,0.4735035726498795],[0.5493758382977854,0.5410469619707436,0.5493758382977854,0.5778751450028277,0.5778751450028277,0.7446435239102156,0.7446435239102156,0.8788962225845329,0.8788962225845329,0.377292889224048,0.9114641386305278,0.6289930572847576,0.9113693568896875,0.9198060191652419,0.9110167607705095,0.8545889677813547,0.899913579070176,0.8007230945734525,0.8007230945734525,0.10535808603229051,0.05792342856017143,0.5777712346992192,0.593517463610854,-0.5666553984884101,0.07467958088807332,0.5463442771682465,0.47743327930389184,0.5947496380042072,0.5450462872692267,0.5800134589484436,1.0,0.7459440098431769,0.3833269313696656,0.49572002194021636,0.57903686219563,0.7602493481171698],[0.6354540975417259,0.6326075224624443,0.6354540975417259,0.6288999093321249,0.6288999093321249,0.7392178823706275,0.7392178823706275,0.7813680957061925,0.7813680957061925,0.5405275996572456,0.8695512624662713,0.7247746696215881,0.8490183636801767,0.8396802099908119,0.870528013968144,0.7864170858455035,0.8998651691572075,0.7560531885340381,0.7560531885340381,0.3084822921816494,0.33718733362974795,0.5950663931884279,0.4764637443728346,-0.19829980918255827,0.162934700492543,0.65698125311372,0.5042435780438984,0.6021956095787875,0.6881814451414487,0.6703442894677981,0.7459440098431769,1.0,0.7787703447874006,0.49877189006042244,0.7302721508893332,0.5497391106645444],[0.6319880359057941,0.6578940055326861,0.6319880359057941,0.6024381280272714,0.6024381280272714,0.7072590493026667,0.7072590493026667,0.7171176548868409,0.7171176548868409,0.568448313896133,0.7822779647907443,0.6915033999378872,0.7648125047172384,0.7082682765721702,0.7832062825305883,0.7633702799205127,0.822661276506311,0.7059446363060964,0.7059446363060964,0.5658905172839926,0.569973483211286,0.5318398739096619,0.19801173487218662,-0.022372946054250636,0.26413931547569963,0.4246417517232058,0.5266514958859508,0.5343515790017973,0.6666804049483424,0.6101375016651215,0.3833269313696656,0.7787703447874006,1.0,0.4931924305328974,0.6663714140870924,0.2020887081494517],[0.9330680316585638,0.9307353688879885,0.9330680316585638,0.9237001531262214,0.9237001531262214,0.8608902233532006,0.8608902233532006,0.7921485754993436,0.7921485754993436,0.8190249415214315,0.9016034790808076,0.7837252493803917,0.8856864838149868,0.9115928694487645,0.9016226278664676,0.8830928742176595,0.9154168063884487,0.8455869087771697,0.8455869087771697,0.7832937042475964,-0.11674985936173995,0.9022888822064146,-0.0032009452119019332,-0.039121415440636124,-0.37982518142578264,0.7039827565289725,0.8455772580467386,0.8184215557558258,0.8792170755825519,0.7319601830266682,0.49572002194021636,0.49877189006042244,0.4931924305328974,1.0,0.7331957798998746,0.17389549088295872],[0.8308117978159724,0.6864990010070675,0.8308117978159724,0.8202971264437515,0.8202971264437515,0.8623320284503136,0.8623320284503136,0.849520502982364,0.849520502982364,0.6859108431002238,0.9420852610324773,0.684456420790855,0.9565286893116113,0.9571627208704613,0.9420699761082317,0.8598104652733688,0.9510392319017328,0.7782942585166857,0.7782942585166857,0.47775108103977876,0.11101107756217732,0.6641604147676975,0.389082792740693,-0.21457306947993332,0.1165866413205051,0.7032837398944212,0.622596020233107,0.8330921799721878,0.5072446517243161,0.5859217970059001,0.57903686219563,0.7302721508893332,0.6663714140870924,0.7331957798998746,1.0,0.18258893628285525],[0.1873878004128527,0.18421810288866644,0.1873878004128527,0.1993875695611582,0.1993875695611582,0.4687993012924553,0.4687993012924553,0.8025229863947655,0.8025229863947655,0.1751186138548369,0.7769108151541131,0.6947892601152902,0.8056590213699214,0.7739858414056117,0.7773831075793686,0.7900779859928881,0.8339294785071489,0.8515980220211444,0.8515980220211444,-0.15194275657545997,0.1595493093534904,0.17965642957950043,0.4681011014678422,-0.40712519304176925,0.0937902063699965,0.41669476458632826,0.0996439303587271,0.2197637515131831,0.29933240219638685,0.4735035726498795,0.7602493481171698,0.5497391106645444,0.2020887081494517,0.17389549088295872,0.18258893628285525,1.0]],"x":["^TAIEX       \u81fa\u7063\u52a0\u6b0a\u5831\u916c\u6307\u6578","^TWII        \u81fa\u7063\u52a0\u6b0a\u6307\u6578","^TAIEXx2     \u81fa\u7063\u52a0\u6b0a\u5831\u916c\u6307\u6578_\u65e5\u6b632","^TAI50I      \u81fa\u706350\u5831\u916c\u6307\u6578","^TAI50Ix2    \u81fa\u706350\u5831\u916c\u6307\u6578_\u65e5\u6b632","^TAI100I     \u81fa\u7063\u4e2d\u578b100\u5831\u916c\u6307\u6578","^TAI100Ix2   \u81fa\u7063\u4e2d\u578b100\u5831\u916c\u6307\u6578_\u65e5\u6b632","^TAIDIVIDI   \u81fa\u7063\u9ad8\u80a1\u606f\u5831\u916c\u6307\u6578","^TAIDIVIDIx2 \u81fa\u7063\u9ad8\u80a1\u606f\u5831\u916c\u6307\u6578_\u65e5\u6b632","0050Fund     \u5143\u5927\u53f0\u7063\u5353\u8d8a50\u57fa\u91d1","006208Fund   \u5bcc\u90a6\u53f0\u7063\u91c6\u540950\u57fa\u91d1","0050         \u5143\u5927\u81fa\u706350","00631L       \u5143\u5927\u53f0\u706350\u6b632","00675L       \u5bcc\u90a6\u81fa\u7063\u52a0\u6b0a\u6b632","006208       \u5bcc\u90a6\u53f050","0051         \u5143\u5927\u4e2d\u578b100","006204       \u6c38\u8c50\u81fa\u7063\u52a0\u6b0a","0056         \u5143\u5927\u9ad8\u80a1\u606f","0056         \u5143\u5927\u9ad8\u80a1\u606f_\u80a1\u606f\u4e0d\u6295\u5165","2412         \u4e2d\u83ef\u96fb\u4fe1","2002         \u4e2d\u92fc","2330         \u53f0\u7a4d\u96fb","2317         \u9d3b\u6d77","6505         \u53f0\u5851\u77f3\u5316","3481         \u7fa4\u5275","2303         \u806f\u96fb","2308         \u53f0\u9054\u96fb","2454         \u806f\u767c\u79d1","2886         \u5146\u8c50\u91d1","2884         \u7389\u5c71\u91d1","2891         \u4e2d\u4fe1\u91d1","2892         \u7b2c\u4e00\u91d1","5880         \u5408\u5eab\u91d1","2881         \u5bcc\u90a6\u91d1","2885         \u5143\u5927\u91d1","2887         \u53f0\u65b0\u91d1"],"y":["^TAIEX       \u81fa\u7063\u52a0\u6b0a\u5831\u916c\u6307\u6578","^TWII        \u81fa\u7063\u52a0\u6b0a\u6307\u6578","^TAIEXx2     \u81fa\u7063\u52a0\u6b0a\u5831\u916c\u6307\u6578_\u65e5\u6b632","^TAI50I      \u81fa\u706350\u5831\u916c\u6307\u6578","^TAI50Ix2    \u81fa\u706350\u5831\u916c\u6307\u6578_\u65e5\u6b632","^TAI100I     \u81fa\u7063\u4e2d\u578b100\u5831\u916c\u6307\u6578","^TAI100Ix2   \u81fa\u7063\u4e2d\u578b100\u5831\u916c\u6307\u6578_\u65e5\u6b632","^TAIDIVIDI   \u81fa\u7063\u9ad8\u80a1\u606f\u5831\u916c\u6307\u6578","^TAIDIVIDIx2 \u81fa\u7063\u9ad8\u80a1\u606f\u5831\u916c\u6307\u6578_\u65e5\u6b632","0050Fund     \u5143\u5927\u53f0\u7063\u5353\u8d8a50\u57fa\u91d1","006208Fund   \u5bcc\u90a6\u53f0\u7063\u91c6\u540950\u57fa\u91d1","0050         \u5143\u5927\u81fa\u706350","00631L       \u5143\u5927\u53f0\u706350\u6b632","00675L       \u5bcc\u90a6\u81fa\u7063\u52a0\u6b0a\u6b632","006208       \u5bcc\u90a6\u53f050","0051         \u5143\u5927\u4e2d\u578b100","006204       \u6c38\u8c50\u81fa\u7063\u52a0\u6b0a","0056         \u5143\u5927\u9ad8\u80a1\u606f","0056         \u5143\u5927\u9ad8\u80a1\u606f_\u80a1\u606f\u4e0d\u6295\u5165","2412         \u4e2d\u83ef\u96fb\u4fe1","2002         \u4e2d\u92fc","2330         \u53f0\u7a4d\u96fb","2317         \u9d3b\u6d77","6505         \u53f0\u5851\u77f3\u5316","3481         \u7fa4\u5275","2303         \u806f\u96fb","2308         \u53f0\u9054\u96fb","2454         \u806f\u767c\u79d1","2886         \u5146\u8c50\u91d1","2884         \u7389\u5c71\u91d1","2891         \u4e2d\u4fe1\u91d1","2892         \u7b2c\u4e00\u91d1","5880         \u5408\u5eab\u91d1","2881         \u5bcc\u90a6\u91d1","2885         \u5143\u5927\u91d1","2887         \u53f0\u65b0\u91d1"],"zmin":-1,"zmax":1,"colorbar":{"x":-0.2}}],"layout":{"autotypenumbers":"strict","colorway":["#636efa","#EF553B","#00cc96","#ab63fa","#FFA15A","#19d3f3","#FF6692","#B6E880","#FF97FF","#FECB52"],"font":{"color":"#f2f5fa","family":"Courier New"},"hovermode":"closest","hoverlabel":{"align":"left"},"paper_bgcolor":"rgb(17,17,17)","plot_bgcolor":"rgb(17,17,17)","polar":{"bgcolor":"rgb(17,17,17)","angularaxis":{"gridcolor":"#506784","linecolor":"#506784","ticks":""},"radialaxis":{"gridcolor":"#506784","linecolor":"#506784","ticks":""}},"ternary":{"bgcolor":"rgb(17,17,17)","aaxis":{"gridcolor":"#506784","linecolor":"#506784","ticks":""},"baxis":{"gridcolor":"#506784","linecolor":"#506784","ticks":""},"caxis":{"gridcolor":"#506784","linecolor":"#506784","ticks":""}},"coloraxis":{"colorbar":{"outlinewidth":0,"ticks":""}},"colorscale":{"sequential":[[0.0,"#0d0887"],[0.1111111111111111,"#46039f"],[0.2222222222222222,"#7201a8"],[0.3333333333333333,"#9c179e"],[0.4444444444444444,"#bd3786"],[0.5555555555555556,"#d8576b"],[0.6666666666666666,"#ed7953"],[0.7777777777777778,"#fb9f3a"],[0.8888888888888888,"#fdca26"],[1.0,"#f0f921"]],"sequentialminus":[[0.0,"#0d0887"],[0.1111111111111111,"#46039f"],[0.2222222222222222,"#7201a8"],[0.3333333333333333,"#9c179e"],[0.4444444444444444,"#bd3786"],[0.5555555555555556,"#d8576b"],[0.6666666666666666,"#ed7953"],[0.7777777777777778,"#fb9f3a"],[0.8888888888888888,"#fdca26"],[1.0,"#f0f921"]],"diverging":[[0,"#8e0152"],[0.1,"#c51b7d"],[0.2,"#de77ae"],[0.3,"#f1b6da"],[0.4,"#fde0ef"],[0.5,"#f7f7f7"],[0.6,"#e6f5d0"],[0.7,"#b8e186"],[0.8,"#7fbc41"],[0.9,"#4d9221"],[1,"#276419"]]},"xaxis":{"gridcolor":"rgba(0, 0, 0, 0)","linecolor":"#506784","ticks":"","title":{"standoff":15},"zerolinecolor":"#283442","automargin":true,"zerolinewidth":2,"tickfont":{"family":"Courier New","size":14},"side":"top","tickangle":-90},"yaxis":{"gridcolor":"rgba(0, 0, 0, 0)","linecolor":"#506784","ticks":"","title":{"standoff":15},"zerolinecolor":"#283442","automargin":true,"zerolinewidth":2,"tickfont":{"family":"Courier New"},"side":"right"},"scene":{"xaxis":{"backgroundcolor":"rgb(17,17,17)","gridcolor":"#506784","linecolor":"#506784","showbackground":true,"ticks":"","zerolinecolor":"#C8D4E3","gridwidth":2},"yaxis":{"backgroundcolor":"rgb(17,17,17)","gridcolor":"#506784","linecolor":"#506784","showbackground":true,"ticks":"","zerolinecolor":"#C8D4E3","gridwidth":2},"zaxis":{"backgroundcolor":"rgb(17,17,17)","gridcolor":"#506784","linecolor":"#506784","showbackground":true,"ticks":"","zerolinecolor":"#C8D4E3","gridwidth":2}},"shapedefaults":{"line":{"color":"#f2f5fa"}},"annotationdefaults":{"arrowcolor":"#f2f5fa","arrowhead":0,"arrowwidth":1},"geo":{"bgcolor":"rgb(17,17,17)","landcolor":"rgb(17,17,17)","subunitcolor":"#506784","showland":true,"showlakes":true,"lakecolor":"rgb(17,17,17)"},"title":{"x":0.05,"font":{"family":"Times New Roman"},"y":0.05,"text":"<b>Correlation of Close<b><br><i>2016-09-23 ~ 2025-11-24<i>"},"updatemenudefaults":{"bgcolor":"#506784","borderwidth":0},"sliderdefaults":{"bgcolor":"#C8D4E3","borderwidth":1,"bordercolor":"rgb(17,17,17)","tickwidth":0},"mapbox":{"style":"dark"},"annotations":[{"text":"<b>@zwindr<b>","textangle":0,"opacity":0.5,"font":{"color":"white","size":12},"xref":"paper","yref":"paper","xanchor":"left","yanchor":"bottom","x":1.0,"y":1.0,"showarrow":false}]},"config":{"responsive":true,"toImageButtonOptions":{"filename":"Correlation of Close_2016-09-23~2025-11-24","scale":5}}};Plotly.newPlot("correlationClose",correlationClose.data,correlationClose.layout||{},correlationClose.config);}else{console.log("style display is none => correlationClose");}