var element=document.getElementById("correlationAdjClose");if(element.style.display!='none'){var correlationAdjClose={"data":[{"type":"heatmap","z":[[1.0,0.9964617964704883,0.9511068606381622,0.9964477724864476,0.9183117093394019,0.9887521719051615,0.9628180278389329,0.9810398196108854,0.9806958312922505,0.9965650153677594,0.996566530216886,0.9967489090874087,0.8728699170755989,0.98189055612453,0.9966654826152994,0.9893534272165416,0.9997832305344444,0.9808567396042358,0.8988535438805706,0.8875641062100086,0.5889374245963064,0.9862929129666961,0.9464860293733076,0.26971656597005983,-0.19603680426651457,0.919457700342866,0.8899515141609872,0.9439734988599939,0.9381265119474221,0.9389496745156577,0.9839085042076879,0.9380051694299855,0.893845722811645,0.9720374066129057,0.9833579964276472,0.9609865548370377],[0.9964617964704883,1.0,0.9559203514405961,0.994119902849865,0.9240949830151596,0.9852240363165108,0.9640891426200742,0.9717928107555327,0.9770870284176053,0.9951090304067373,0.9966263351466432,0.9961945359697916,0.8813340458490615,0.9852255240849959,0.9966777168487208,0.9850771085817378,0.9979815618635987,0.9736145271367811,0.9095680529925836,0.8746077390735513,0.6131999460242276,0.9775036252631574,0.9294697548884479,0.26363648523001104,-0.13696030622355218,0.9057613653417792,0.8940269329507263,0.94825821249873,0.9191740115646481,0.9248808950997713,0.9768514896680032,0.9211548100094069,0.8902225787979613,0.9619676130956121,0.9778566383744102,0.9545969450130681],[0.9511068606381622,0.9559203514405961,1.0,0.969335008148555,0.9945414630406479,0.9419185642257182,0.9815235772093716,0.8984797150666177,0.9542451884490691,0.9695222101483614,0.976969707207259,0.9737661764152212,0.9042192153577752,0.9974913576882046,0.9768573429982486,0.939696055321927,0.962393283550043,0.8995535281856164,0.811756637722858,0.7273852788721792,0.39387515830132075,0.9753093134218915,0.8925694430496941,0.09199947593434223,-0.08020815763628698,0.8915582988088514,0.9694988960208792,0.9692367918648054,0.7950514290198403,0.8070449199387363,0.9338487546199281,0.7993234585255432,0.7480991667916876,0.8847562349036567,0.953858899345129,0.8787634132862199],[0.9964477724864476,0.994119902849865,0.969335008148555,1.0,0.9435589304057953,0.9804188912119843,0.9676093191763948,0.966069905593586,0.9767616885929448,0.999981920799139,0.9999950961737752,0.9999746707472987,0.8835000911107861,0.9881133182159952,0.999968617048496,0.9787855866555745,0.9960905516891275,0.9656646282882333,0.8756567246434165,0.8573792523448404,0.538594319380189,0.9954660075329126,0.9441845498461647,0.2298582883776692,-0.17517903689033928,0.9125412881663838,0.9155403733011579,0.9529216497768798,0.9115538461906201,0.9194983867972173,0.9824582699344314,0.9123921235078872,0.8634844867334805,0.9596975681881136,0.9820562037387368,0.946797323908566],[0.9183117093394019,0.9240949830151596,0.9945414630406479,0.9435589304057953,1.0,0.9035242429088333,0.9602095817851104,0.8531206576843928,0.9219652919695739,0.9443203909191522,0.9564189875995626,0.9513870230855143,0.8980078558491443,0.986479884384253,0.956102608567757,0.9010600929472631,0.9332761993866507,0.854248025750157,0.7617090430523129,0.6719638993155723,0.33140166036143465,0.9545882666851191,0.8599287650159584,0.057122169455309214,-0.05623972506484548,0.8538548967099999,0.9804356117305092,0.9527220012794001,0.7357533631747979,0.7545573424819352,0.9015443995968273,0.7417188966276751,0.6837097682183375,0.839435308677532,0.9221664173250875,0.8330490535250867],[0.9887521719051615,0.9852240363165108,0.9419185642257182,0.9804188912119843,0.9035242429088333,1.0,0.9750104985957244,0.9811861927018284,0.9847787869759227,0.9800492984631816,0.9752139438181002,0.9781122600800557,0.8516383905553909,0.9524907169897869,0.9752578521290035,0.9999276895773359,0.9900993495376301,0.9820662984639869,0.9065258956643897,0.859752640204671,0.5604337521556184,0.9727374095113992,0.928741168797153,0.16538416320150112,-0.14201728396790478,0.9408453938154552,0.8652192469923641,0.9400248971607622,0.9311467692798358,0.9211318341972544,0.9700364717256561,0.9319213724519534,0.9104541843340065,0.9610953709536739,0.9848943676786649,0.9646653905971216],[0.9628180278389329,0.9640891426200742,0.9815235772093716,0.9676093191763948,0.9602095817851104,0.9750104985957244,1.0,0.9345122049040775,0.9813311519748521,0.9669249560856991,0.9757414394143402,0.9721838330178917,0.8899943432852843,0.9844191221333257,0.9754366099111719,0.9762423949353672,0.9772151372284642,0.9374817233664734,0.8539953749075254,0.7563502376523975,0.4185527045973737,0.9691115419316878,0.9118224495269055,0.034388461138429895,-0.06403349954879903,0.9149138021240883,0.9253086098046318,0.9655267385179013,0.8378295380897232,0.8302817211561158,0.9448419138071784,0.8399888246149028,0.8148746233946565,0.9093041873036294,0.97448922374412,0.9098699302004543],[0.9810398196108854,0.9717928107555327,0.8984797150666177,0.966069905593586,0.8531206576843928,0.9811861927018284,0.9345122049040775,1.0,0.9777673187138037,0.9659524796915637,0.9611618575936168,0.9648703807300913,0.8127328689047173,0.9236970459292629,0.96145329100166,0.9829266705828044,0.9783633720386895,0.9998967844503339,0.9376821242793258,0.9273737232800395,0.5520591799692649,0.952756737936079,0.9223483573552358,0.14177405339801827,-0.2373195162227775,0.9185816630244984,0.7996258772877775,0.9052501747048419,0.9677923596864091,0.9543094541583792,0.9701423274860342,0.9594443706368504,0.9217387104677685,0.969765740638146,0.9594522470671212,0.9734022097041247],[0.9806958312922505,0.9770870284176053,0.9542451884490691,0.9767616885929448,0.9219652919695739,0.9847787869759227,0.9813311519748521,0.9777673187138037,1.0,0.9763162970744121,0.9726423302253993,0.9751004769848837,0.8582633095122363,0.9575791749130504,0.9724899307107009,0.9842114995490034,0.9797878641217141,0.9781474733268608,0.9066930481108705,0.846383948513986,0.4413547181829563,0.9708530493628899,0.9348792711782712,0.004119793972132551,-0.14067697710282723,0.9178531317340298,0.8672880865553768,0.9572898069751063,0.9022794809207735,0.8868710841203689,0.9692056636133305,0.8957694636745532,0.857421857213041,0.9488124672023514,0.98038351691513,0.9369728876053076],[0.9965650153677594,0.9951090304067373,0.9695222101483614,0.999981920799139,0.9443203909191522,0.9800492984631816,0.9669249560856991,0.9659524796915637,0.9763162970744121,1.0,0.9999947645290121,0.9999851734236038,0.8851292872726257,0.9882470128689873,0.9999696684425607,0.9785203336677121,0.995980696496635,0.9655051214756285,0.8771319687363082,0.8576003300167988,0.5294015176006865,0.9956694059032021,0.9448129777587585,0.23225084256450612,-0.17177768078629568,0.9133823882684252,0.9149093916837716,0.9520024749278785,0.9094252705354581,0.917001578008752,0.981811737170252,0.9101738068796184,0.8602505647284139,0.9582586181301535,0.9817173633809368,0.9455767030619379],[0.996566530216886,0.9966263351466432,0.976969707207259,0.9999950961737752,0.9564189875995626,0.9752139438181002,0.9757414394143402,0.9611618575936168,0.9726423302253993,0.9999947645290121,1.0,0.9999797092292304,0.8852133827584318,0.9881245771532681,0.999971666235507,0.9747761992213682,0.9958837815610738,0.9619269646752453,0.8934379465945292,0.8870654192188402,0.35866397618427986,0.997760556864063,0.9357910541637773,-0.2260243080327907,0.6356153506896094,0.9081019281411379,0.9083053887441985,0.952258212316032,0.8877240274648039,0.8933990770728618,0.9767859378084565,0.8804928195760832,0.813062777809757,0.9464960243723686,0.9866532348018464,0.9431793525084065],[0.9967489090874087,0.9961945359697916,0.9737661764152212,0.9999746707472987,0.9513870230855143,0.9781122600800557,0.9721838330178917,0.9648703807300913,0.9751004769848837,0.9999851734236038,0.9999797092292304,1.0,0.8852393526839436,0.9882828943586253,0.9999776806803568,0.9777915463868511,0.9959047971407619,0.9651753582401149,0.8845938964371345,0.8753855896953261,0.44401051256376123,0.9971330691006247,0.9435716415312739,-0.03234129357610584,0.02947682342990436,0.9188526871259676,0.9098146173883095,0.9491871225344536,0.8975900631142615,0.9032696474653984,0.9790076761972581,0.896076961049973,0.8438962305490525,0.9530194629513032,0.981905171097305,0.9451835028047606],[0.8728699170755989,0.8813340458490615,0.9042192153577752,0.8835000911107861,0.8980078558491443,0.8516383905553909,0.8899943432852843,0.8127328689047173,0.8582633095122363,0.8851292872726257,0.8852133827584318,0.8852393526839436,1.0,0.9998766362415883,0.8848384586405185,0.8523457447339207,0.8742555327263009,0.8161747915615083,0.7469987952555301,0.698152840736972,0.18104580517716512,0.8817216468332839,0.8172487934940357,-0.47864128041823345,0.6527628777187061,0.7890900943263548,0.8747672952767107,0.8822952332424995,0.7003843150171019,0.7024631717895016,0.8467311627407073,0.6902758968008715,0.6069647326646121,0.8045635190963565,0.8685889375116947,0.8071458697046572],[0.98189055612453,0.9852255240849959,0.9974913576882046,0.9881133182159952,0.986479884384253,0.9524907169897869,0.9844191221333257,0.9236970459292629,0.9575791749130504,0.9882470128689873,0.9881245771532681,0.9882828943586253,0.9998766362415883,1.0,0.9880836510174473,0.9516252689189052,0.9805267772608115,0.9256304632024468,0.8464227051167811,0.8479625156234614,0.08457221671517468,0.9808124153198676,0.8952704170533196,-0.6595828098134376,0.6948448889051432,0.8734243983992657,0.9544588645789657,0.964015064767177,0.7968136931365758,0.8130981864584522,0.9427758422404244,0.8059383151729023,0.6842782929683456,0.8909483972925708,0.9664428666807089,0.9126647396259342],[0.9966654826152994,0.9966777168487208,0.9768573429982486,0.999968617048496,0.956102608567757,0.9752578521290035,0.9754366099111719,0.96145329100166,0.9724899307107009,0.9999696684425607,0.999971666235507,0.9999776806803568,0.8848384586405185,0.9880836510174473,1.0,0.9749225186527937,0.9959900355616637,0.9623275958124446,0.8940630783357554,0.8883861118100717,0.3619274007217341,0.9976520426818422,0.9357416116743432,-0.22309298842903438,0.6320316239505979,0.9076402833274677,0.9068867906502082,0.9521473971623475,0.8890374827437026,0.8946793530886388,0.9766766683813176,0.8818569999932678,0.8151303977516863,0.9464703507617498,0.986609739768655,0.9433513456813978],[0.9893534272165416,0.9850771085817378,0.939696055321927,0.9787855866555745,0.9010600929472631,0.9999276895773359,0.9762423949353672,0.9829266705828044,0.9842114995490034,0.9785203336677121,0.9747761992213682,0.9777915463868511,0.8523457447339207,0.9516252689189052,0.9749225186527937,1.0,0.9900110377825361,0.9824796779159486,0.9094289268828113,0.883690651518354,0.5314703729656541,0.9706954186333698,0.9255121277013292,0.013245318786690271,-0.06669108684481762,0.9455554336432853,0.8556120507337828,0.9366265332672209,0.9327675634054521,0.9178067583931858,0.9677937039735862,0.9319463911209896,0.9058709516196823,0.9629166936291466,0.984158307411027,0.9669231378670667],[0.9997832305344444,0.9979815618635987,0.962393283550043,0.9960905516891275,0.9332761993866507,0.9900993495376301,0.9772151372284642,0.9783633720386895,0.9797878641217141,0.995980696496635,0.9958837815610738,0.9959047971407619,0.8742555327263009,0.9805267772608115,0.9959900355616637,0.9900110377825361,1.0,0.9790261950320499,0.9183990277869367,0.9100934511547676,0.43352384366002494,0.9906751644196308,0.9356596777478274,-0.1717985857766019,0.6273638993212022,0.928882519430942,0.8821664576420609,0.9473669418490591,0.9211072812273897,0.9169803367768714,0.9787610402611446,0.9136034042294366,0.8620687934087032,0.962390886868165,0.9915910342856383,0.9644886259067638],[0.9808567396042358,0.9736145271367811,0.8995535281856164,0.9656646282882333,0.854248025750157,0.9820662984639869,0.9374817233664734,0.9998967844503339,0.9781474733268608,0.9655051214756285,0.9619269646752453,0.9651753582401149,0.8161747915615083,0.9256304632024468,0.9623275958124446,0.9824796779159486,0.9790261950320499,1.0,0.9404096676470393,0.9328923114900419,0.5462001764769292,0.9515785154080099,0.9253817635049549,0.10332230541771488,-0.1698991283811296,0.9229856512271614,0.7970556734061975,0.906642281159135,0.9672596647271294,0.9529317034786503,0.9689368609843717,0.9573710614989152,0.9197914812663223,0.9689175936492792,0.9584074652254262,0.9738430628487685],[0.8988535438805706,0.9095680529925836,0.811756637722858,0.8756567246434165,0.7617090430523129,0.9065258956643897,0.8539953749075254,0.9376821242793258,0.9066930481108705,0.8771319687363082,0.8934379465945292,0.8845938964371345,0.7469987952555301,0.8464227051167811,0.8940630783357554,0.9094289268828113,0.9183990277869367,0.9404096676470393,1.0,0.8449318831192981,0.6323354520630661,0.850024526485824,0.8365218431307286,0.1910489376129819,-0.07354370495006489,0.8755984504394143,0.6973061468487574,0.8333986709875184,0.8979902508061539,0.871346232442114,0.8692672935808852,0.8810239454779787,0.858991184926865,0.8763525668799264,0.8794130196115977,0.9071390132118177],[0.8875641062100086,0.8746077390735513,0.7273852788721792,0.8573792523448404,0.6719638993155723,0.859752640204671,0.7563502376523975,0.9273737232800395,0.846383948513986,0.8576003300167988,0.8870654192188402,0.8753855896953261,0.698152840736972,0.8479625156234614,0.8883861118100717,0.883690651518354,0.9100934511547676,0.9328923114900419,0.8449318831192981,1.0,0.8049256270591604,0.8099546771569675,0.8662375575989711,0.5888198914923142,-0.4722410436817578,0.7198004449109141,0.6672168078072759,0.7431384824160373,0.9631364327343545,0.9428076973759761,0.8786119463436601,0.9519033235297784,0.9089457457921646,0.9016392393136378,0.8290874462387602,0.8841382305464817],[0.5889374245963064,0.6131999460242276,0.39387515830132075,0.538594319380189,0.33140166036143465,0.5604337521556184,0.4185527045973737,0.5520591799692649,0.4413547181829563,0.5294015176006865,0.35866397618427986,0.44401051256376123,0.18104580517716512,0.08457221671517468,0.3619274007217341,0.5314703729656541,0.43352384366002494,0.5462001764769292,0.6323354520630661,0.8049256270591604,1.0,0.4867494585857299,0.6333830854167415,0.7211122041851075,-0.1154249810024247,0.47548560259325096,0.37768038116907077,0.4694169854622281,0.7499887133088408,0.672061504863654,0.543580967567486,0.7067672282607722,0.7392837526536188,0.6146915280939744,0.5453850098112226,0.6185988551714418],[0.9862929129666961,0.9775036252631574,0.9753093134218915,0.9954660075329126,0.9545882666851191,0.9727374095113992,0.9691115419316878,0.952756737936079,0.9708530493628899,0.9956694059032021,0.997760556864063,0.9971330691006247,0.8817216468332839,0.9808124153198676,0.9976520426818422,0.9706954186333698,0.9906751644196308,0.9515785154080099,0.850024526485824,0.8099546771569675,0.4867494585857299,1.0,0.9227042709543244,0.1682332712864671,-0.16358049390363927,0.8958190639245112,0.9252714460383676,0.9505283599088198,0.8771307885968088,0.8974581356067699,0.9747138298881065,0.8863785593209168,0.8338389189987169,0.9456396090272212,0.971083573859964,0.9286462916842678],[0.9464860293733076,0.9294697548884479,0.8925694430496941,0.9441845498461647,0.8599287650159584,0.928741168797153,0.9118224495269055,0.9223483573552358,0.9348792711782712,0.9448129777587585,0.9357910541637773,0.9435716415312739,0.8172487934940357,0.8952704170533196,0.9357416116743432,0.9255121277013292,0.9356596777478274,0.9253817635049549,0.8365218431307286,0.8662375575989711,0.6333830854167415,0.9227042709543244,1.0,0.23275369100791504,-0.1253676093896783,0.7765817031236872,0.8268188051523615,0.88009840793718,0.8983051507064765,0.8726530867484368,0.9495419977168587,0.8792317552097344,0.8394740484252469,0.9436293461159404,0.90882662198753,0.8895153611513213],[0.26971656597005983,0.26363648523001104,0.09199947593434223,0.2298582883776692,0.057122169455309214,0.16538416320150112,0.034388461138429895,0.14177405339801827,0.004119793972132551,0.23225084256450612,-0.2260243080327907,-0.03234129357610584,-0.47864128041823345,-0.6595828098134376,-0.22309298842903438,0.013245318786690271,-0.1717985857766019,0.10332230541771488,0.1910489376129819,0.5888198914923142,0.7211122041851075,0.1682332712864671,0.23275369100791504,1.0,-0.38173362286789003,0.19483377239659902,0.09669107440502037,0.09517231978318098,0.42002081604997027,0.4052108735059485,0.2230583217546373,0.43054660784852594,0.37328649545087406,0.2723895614348626,0.17477050919985238,0.29904289956739744],[-0.19603680426651457,-0.13696030622355218,-0.08020815763628698,-0.17517903689033928,-0.05623972506484548,-0.14201728396790478,-0.06403349954879903,-0.2373195162227775,-0.14067697710282723,-0.17177768078629568,0.6356153506896094,0.02947682342990436,0.6527628777187061,0.6948448889051432,0.6320316239505979,-0.06669108684481762,0.6273638993212022,-0.1698991283811296,-0.07354370495006489,-0.4722410436817578,-0.1154249810024247,-0.16358049390363927,-0.1253676093896783,-0.38173362286789003,1.0,-0.08049054726276775,-0.07233748198392609,-0.06444277333887012,-0.34342898081043516,-0.3269769438285198,-0.21988081467697296,-0.3014228384857314,-0.1855236399427322,-0.27333464250620343,-0.10112937258555357,-0.24092815941466972],[0.919457700342866,0.9057613653417792,0.8915582988088514,0.9125412881663838,0.8538548967099999,0.9408453938154552,0.9149138021240883,0.9185816630244984,0.9178531317340298,0.9133823882684252,0.9081019281411379,0.9188526871259676,0.7890900943263548,0.8734243983992657,0.9076402833274677,0.9455554336432853,0.928882519430942,0.9229856512271614,0.8755984504394143,0.7198004449109141,0.47548560259325096,0.8958190639245112,0.7765817031236872,0.19483377239659902,-0.08049054726276775,1.0,0.8059789192516035,0.9156507002484885,0.8090247790166684,0.8511927350645638,0.8667636677592926,0.8534661815628894,0.8307721202171903,0.8734873915039788,0.9006498408609157,0.905938498411682],[0.8899515141609872,0.8940269329507263,0.9694988960208792,0.9155403733011579,0.9804356117305092,0.8652192469923641,0.9253086098046318,0.7996258772877775,0.8672880865553768,0.9149093916837716,0.9083053887441985,0.9098146173883095,0.8747672952767107,0.9544588645789657,0.9068867906502082,0.8556120507337828,0.8821664576420609,0.7970556734061975,0.6973061468487574,0.6672168078072759,0.37768038116907077,0.9252714460383676,0.8268188051523615,0.09669107440502037,-0.07233748198392609,0.8059789192516035,1.0,0.913789790647437,0.7097088730318009,0.724249786974392,0.8649099921145302,0.7099620101716271,0.6547505825420533,0.801303782394475,0.8838292448953581,0.8014918795902448],[0.9439734988599939,0.94825821249873,0.9692367918648054,0.9529216497768798,0.9527220012794001,0.9400248971607622,0.9655267385179013,0.9052501747048419,0.9572898069751063,0.9520024749278785,0.952258212316032,0.9491871225344536,0.8822952332424995,0.964015064767177,0.9521473971623475,0.9366265332672209,0.9473669418490591,0.906642281159135,0.8333986709875184,0.7431384824160373,0.4694169854622281,0.9505283599088198,0.88009840793718,0.09517231978318098,-0.06444277333887012,0.9156507002484885,0.913789790647437,1.0,0.8185418917599917,0.8185062656885088,0.9221015775223744,0.8111293975063781,0.7801789834398364,0.89594387313355,0.9553308568431506,0.8701576099862587],[0.9381265119474221,0.9191740115646481,0.7950514290198403,0.9115538461906201,0.7357533631747979,0.9311467692798358,0.8378295380897232,0.9677923596864091,0.9022794809207735,0.9094252705354581,0.8877240274648039,0.8975900631142615,0.7003843150171019,0.7968136931365758,0.8890374827437026,0.9327675634054521,0.9211072812273897,0.9672596647271294,0.8979902508061539,0.9631364327343545,0.7499887133088408,0.8771307885968088,0.8983051507064765,0.42002081604997027,-0.34342898081043516,0.8090247790166684,0.7097088730318009,0.8185418917599917,1.0,0.9871862439872578,0.9348568165707127,0.9914520383363393,0.9568946590578807,0.9563273791200415,0.8866521315590439,0.9566651600519882],[0.9389496745156577,0.9248808950997713,0.8070449199387363,0.9194983867972173,0.7545573424819352,0.9211318341972544,0.8302817211561158,0.9543094541583792,0.8868710841203689,0.917001578008752,0.8933990770728618,0.9032696474653984,0.7024631717895016,0.8130981864584522,0.8946793530886388,0.9178067583931858,0.9169803367768714,0.9529317034786503,0.871346232442114,0.9428076973759761,0.672061504863654,0.8974581356067699,0.8726530867484368,0.4052108735059485,-0.3269769438285198,0.8511927350645638,0.724249786974392,0.8185062656885088,0.9871862439872578,1.0,0.9364933540672689,0.9861407444300746,0.9568982972758914,0.9449338187744588,0.9051409852860103,0.9596504606717751],[0.9839085042076879,0.9768514896680032,0.9338487546199281,0.9824582699344314,0.9015443995968273,0.9700364717256561,0.9448419138071784,0.9701423274860342,0.9692056636133305,0.981811737170252,0.9767859378084565,0.9790076761972581,0.8467311627407073,0.9427758422404244,0.9766766683813176,0.9677937039735862,0.9787610402611446,0.9689368609843717,0.8692672935808852,0.8786119463436601,0.543580967567486,0.9747138298881065,0.9495419977168587,0.2230583217546373,-0.21988081467697296,0.8667636677592926,0.8649099921145302,0.9221015775223744,0.9348568165707127,0.9364933540672689,1.0,0.9314872923230744,0.8811489277865454,0.9749222864171062,0.9731422336264084,0.955531933836648],[0.9380051694299855,0.9211548100094069,0.7993234585255432,0.9123921235078872,0.7417188966276751,0.9319213724519534,0.8399888246149028,0.9594443706368504,0.8957694636745532,0.9101738068796184,0.8804928195760832,0.896076961049973,0.6902758968008715,0.8059383151729023,0.8818569999932678,0.9319463911209896,0.9136034042294366,0.9573710614989152,0.8810239454779787,0.9519033235297784,0.7067672282607722,0.8863785593209168,0.8792317552097344,0.43054660784852594,-0.3014228384857314,0.8534661815628894,0.7099620101716271,0.8111293975063781,0.9914520383363393,0.9861407444300746,0.9314872923230744,1.0,0.974387981955782,0.9476578904497388,0.9089918035927012,0.9564392939739569],[0.893845722811645,0.8902225787979613,0.7480991667916876,0.8634844867334805,0.6837097682183375,0.9104541843340065,0.8148746233946565,0.9217387104677685,0.857421857213041,0.8602505647284139,0.813062777809757,0.8438962305490525,0.6069647326646121,0.6842782929683456,0.8151303977516863,0.9058709516196823,0.8620687934087032,0.9197914812663223,0.858991184926865,0.9089457457921646,0.7392837526536188,0.8338389189987169,0.8394740484252469,0.37328649545087406,-0.1855236399427322,0.8307721202171903,0.6547505825420533,0.7801789834398364,0.9568946590578807,0.9568982972758914,0.8811489277865454,0.974387981955782,1.0,0.9029790466233985,0.881073396185482,0.9343481365848634],[0.9720374066129057,0.9619676130956121,0.8847562349036567,0.9596975681881136,0.839435308677532,0.9610953709536739,0.9093041873036294,0.969765740638146,0.9488124672023514,0.9582586181301535,0.9464960243723686,0.9530194629513032,0.8045635190963565,0.8909483972925708,0.9464703507617498,0.9629166936291466,0.962390886868165,0.9689175936492792,0.8763525668799264,0.9016392393136378,0.6146915280939744,0.9456396090272212,0.9436293461159404,0.2723895614348626,-0.27333464250620343,0.8734873915039788,0.801303782394475,0.89594387313355,0.9563273791200415,0.9449338187744588,0.9749222864171062,0.9476578904497388,0.9029790466233985,1.0,0.9539700789275144,0.9540639667217781],[0.9833579964276472,0.9778566383744102,0.953858899345129,0.9820562037387368,0.9221664173250875,0.9848943676786649,0.97448922374412,0.9594522470671212,0.98038351691513,0.9817173633809368,0.9866532348018464,0.981905171097305,0.8685889375116947,0.9664428666807089,0.986609739768655,0.984158307411027,0.9915910342856383,0.9584074652254262,0.8794130196115977,0.8290874462387602,0.5453850098112226,0.971083573859964,0.90882662198753,0.17477050919985238,-0.10112937258555357,0.9006498408609157,0.8838292448953581,0.9553308568431506,0.8866521315590439,0.9051409852860103,0.9731422336264084,0.9089918035927012,0.881073396185482,0.9539700789275144,1.0,0.9367629443931503],[0.9609865548370377,0.9545969450130681,0.8787634132862199,0.946797323908566,0.8330490535250867,0.9646653905971216,0.9098699302004543,0.9734022097041247,0.9369728876053076,0.9455767030619379,0.9431793525084065,0.9451835028047606,0.8071458697046572,0.9126647396259342,0.9433513456813978,0.9669231378670667,0.9644886259067638,0.9738430628487685,0.9071390132118177,0.8841382305464817,0.6185988551714418,0.9286462916842678,0.8895153611513213,0.29904289956739744,-0.24092815941466972,0.905938498411682,0.8014918795902448,0.8701576099862587,0.9566651600519882,0.9596504606717751,0.955531933836648,0.9564392939739569,0.9343481365848634,0.9540639667217781,0.9367629443931503,1.0]],"x":["^TAIEX       \u81fa\u7063\u52a0\u6b0a\u5831\u916c\u6307\u6578","^TWII        \u81fa\u7063\u52a0\u6b0a\u6307\u6578","^TAIEXx2     \u81fa\u7063\u52a0\u6b0a\u5831\u916c\u6307\u6578_\u65e5\u6b632","^TAI50I      \u81fa\u706350\u5831\u916c\u6307\u6578","^TAI50Ix2    \u81fa\u706350\u5831\u916c\u6307\u6578_\u65e5\u6b632","^TAI100I     \u81fa\u7063\u4e2d\u578b100\u5831\u916c\u6307\u6578","^TAI100Ix2   \u81fa\u7063\u4e2d\u578b100\u5831\u916c\u6307\u6578_\u65e5\u6b632","^TAIDIVIDI   \u81fa\u7063\u9ad8\u80a1\u606f\u5831\u916c\u6307\u6578","^TAIDIVIDIx2 \u81fa\u7063\u9ad8\u80a1\u606f\u5831\u916c\u6307\u6578_\u65e5\u6b632","0050Fund     \u5143\u5927\u53f0\u7063\u5353\u8d8a50\u57fa\u91d1","006208Fund   \u5bcc\u90a6\u53f0\u7063\u91c6\u540950\u57fa\u91d1","0050         \u5143\u5927\u81fa\u706350","00631L       \u5143\u5927\u53f0\u706350\u6b632","00675L       \u5bcc\u90a6\u81fa\u7063\u52a0\u6b0a\u6b632","006208       \u5bcc\u90a6\u53f050","0051         \u5143\u5927\u4e2d\u578b100","006204       \u6c38\u8c50\u81fa\u7063\u52a0\u6b0a","0056         \u5143\u5927\u9ad8\u80a1\u606f","0056         \u5143\u5927\u9ad8\u80a1\u606f_\u80a1\u606f\u4e0d\u6295\u5165","2412         \u4e2d\u83ef\u96fb\u4fe1","2002         \u4e2d\u92fc","2330         \u53f0\u7a4d\u96fb","2317         \u9d3b\u6d77","6505         \u53f0\u5851\u77f3\u5316","3481         \u7fa4\u5275","2303         \u806f\u96fb","2308         \u53f0\u9054\u96fb","2454         \u806f\u767c\u79d1","2886         \u5146\u8c50\u91d1","2884         \u7389\u5c71\u91d1","2891         \u4e2d\u4fe1\u91d1","2892         \u7b2c\u4e00\u91d1","5880         \u5408\u5eab\u91d1","2881         \u5bcc\u90a6\u91d1","2885         \u5143\u5927\u91d1","2887         \u53f0\u65b0\u91d1"],"y":["^TAIEX       \u81fa\u7063\u52a0\u6b0a\u5831\u916c\u6307\u6578","^TWII        \u81fa\u7063\u52a0\u6b0a\u6307\u6578","^TAIEXx2     \u81fa\u7063\u52a0\u6b0a\u5831\u916c\u6307\u6578_\u65e5\u6b632","^TAI50I      \u81fa\u706350\u5831\u916c\u6307\u6578","^TAI50Ix2    \u81fa\u706350\u5831\u916c\u6307\u6578_\u65e5\u6b632","^TAI100I     \u81fa\u7063\u4e2d\u578b100\u5831\u916c\u6307\u6578","^TAI100Ix2   \u81fa\u7063\u4e2d\u578b100\u5831\u916c\u6307\u6578_\u65e5\u6b632","^TAIDIVIDI   \u81fa\u7063\u9ad8\u80a1\u606f\u5831\u916c\u6307\u6578","^TAIDIVIDIx2 \u81fa\u7063\u9ad8\u80a1\u606f\u5831\u916c\u6307\u6578_\u65e5\u6b632","0050Fund     \u5143\u5927\u53f0\u7063\u5353\u8d8a50\u57fa\u91d1","006208Fund   \u5bcc\u90a6\u53f0\u7063\u91c6\u540950\u57fa\u91d1","0050         \u5143\u5927\u81fa\u706350","00631L       \u5143\u5927\u53f0\u706350\u6b632","00675L       \u5bcc\u90a6\u81fa\u7063\u52a0\u6b0a\u6b632","006208       \u5bcc\u90a6\u53f050","0051         \u5143\u5927\u4e2d\u578b100","006204       \u6c38\u8c50\u81fa\u7063\u52a0\u6b0a","0056         \u5143\u5927\u9ad8\u80a1\u606f","0056         \u5143\u5927\u9ad8\u80a1\u606f_\u80a1\u606f\u4e0d\u6295\u5165","2412         \u4e2d\u83ef\u96fb\u4fe1","2002         \u4e2d\u92fc","2330         \u53f0\u7a4d\u96fb","2317         \u9d3b\u6d77","6505         \u53f0\u5851\u77f3\u5316","3481         \u7fa4\u5275","2303         \u806f\u96fb","2308         \u53f0\u9054\u96fb","2454         \u806f\u767c\u79d1","2886         \u5146\u8c50\u91d1","2884         \u7389\u5c71\u91d1","2891         \u4e2d\u4fe1\u91d1","2892         \u7b2c\u4e00\u91d1","5880         \u5408\u5eab\u91d1","2881         \u5bcc\u90a6\u91d1","2885         \u5143\u5927\u91d1","2887         \u53f0\u65b0\u91d1"],"zmin":-1,"zmax":1,"colorbar":{"x":-0.2}}],"layout":{"autotypenumbers":"strict","colorway":["#636efa","#EF553B","#00cc96","#ab63fa","#FFA15A","#19d3f3","#FF6692","#B6E880","#FF97FF","#FECB52"],"font":{"color":"#f2f5fa","family":"Courier New"},"hovermode":"closest","hoverlabel":{"align":"left"},"paper_bgcolor":"rgb(17,17,17)","plot_bgcolor":"rgb(17,17,17)","polar":{"bgcolor":"rgb(17,17,17)","angularaxis":{"gridcolor":"#506784","linecolor":"#506784","ticks":""},"radialaxis":{"gridcolor":"#506784","linecolor":"#506784","ticks":""}},"ternary":{"bgcolor":"rgb(17,17,17)","aaxis":{"gridcolor":"#506784","linecolor":"#506784","ticks":""},"baxis":{"gridcolor":"#506784","linecolor":"#506784","ticks":""},"caxis":{"gridcolor":"#506784","linecolor":"#506784","ticks":""}},"coloraxis":{"colorbar":{"outlinewidth":0,"ticks":""}},"colorscale":{"sequential":[[0.0,"#0d0887"],[0.1111111111111111,"#46039f"],[0.2222222222222222,"#7201a8"],[0.3333333333333333,"#9c179e"],[0.4444444444444444,"#bd3786"],[0.5555555555555556,"#d8576b"],[0.6666666666666666,"#ed7953"],[0.7777777777777778,"#fb9f3a"],[0.8888888888888888,"#fdca26"],[1.0,"#f0f921"]],"sequentialminus":[[0.0,"#0d0887"],[0.1111111111111111,"#46039f"],[0.2222222222222222,"#7201a8"],[0.3333333333333333,"#9c179e"],[0.4444444444444444,"#bd3786"],[0.5555555555555556,"#d8576b"],[0.6666666666666666,"#ed7953"],[0.7777777777777778,"#fb9f3a"],[0.8888888888888888,"#fdca26"],[1.0,"#f0f921"]],"diverging":[[0,"#8e0152"],[0.1,"#c51b7d"],[0.2,"#de77ae"],[0.3,"#f1b6da"],[0.4,"#fde0ef"],[0.5,"#f7f7f7"],[0.6,"#e6f5d0"],[0.7,"#b8e186"],[0.8,"#7fbc41"],[0.9,"#4d9221"],[1,"#276419"]]},"xaxis":{"gridcolor":"rgba(0, 0, 0, 0)","linecolor":"#506784","ticks":"","title":{"standoff":15},"zerolinecolor":"#283442","automargin":true,"zerolinewidth":2,"tickfont":{"family":"Courier New","size":14},"side":"top","tickangle":-90},"yaxis":{"gridcolor":"rgba(0, 0, 0, 0)","linecolor":"#506784","ticks":"","title":{"standoff":15},"zerolinecolor":"#283442","automargin":true,"zerolinewidth":2,"tickfont":{"family":"Courier New"},"side":"right"},"scene":{"xaxis":{"backgroundcolor":"rgb(17,17,17)","gridcolor":"#506784","linecolor":"#506784","showbackground":true,"ticks":"","zerolinecolor":"#C8D4E3","gridwidth":2},"yaxis":{"backgroundcolor":"rgb(17,17,17)","gridcolor":"#506784","linecolor":"#506784","showbackground":true,"ticks":"","zerolinecolor":"#C8D4E3","gridwidth":2},"zaxis":{"backgroundcolor":"rgb(17,17,17)","gridcolor":"#506784","linecolor":"#506784","showbackground":true,"ticks":"","zerolinecolor":"#C8D4E3","gridwidth":2}},"shapedefaults":{"line":{"color":"#f2f5fa"}},"annotationdefaults":{"arrowcolor":"#f2f5fa","arrowhead":0,"arrowwidth":1},"geo":{"bgcolor":"rgb(17,17,17)","landcolor":"rgb(17,17,17)","subunitcolor":"#506784","showland":true,"showlakes":true,"lakecolor":"rgb(17,17,17)"},"title":{"x":0.05,"font":{"family":"Times New Roman"},"y":0.05,"text":"<b>Correlation of Adj Close<b><br><i>2016-09-23 ~ 2026-06-16<i>"},"updatemenudefaults":{"bgcolor":"#506784","borderwidth":0},"sliderdefaults":{"bgcolor":"#C8D4E3","borderwidth":1,"bordercolor":"rgb(17,17,17)","tickwidth":0},"mapbox":{"style":"dark"},"annotations":[{"text":"<b>@zwindr<b>","textangle":0,"opacity":0.5,"font":{"color":"white","size":12},"xref":"paper","yref":"paper","xanchor":"left","yanchor":"bottom","x":1.0,"y":1.0,"showarrow":false}]},"config":{"responsive":true,"toImageButtonOptions":{"filename":"Correlation of Adj Close_2016-09-23~2026-06-16","scale":5}}};Plotly.newPlot("correlationAdjClose",correlationAdjClose.data,correlationAdjClose.layout||{},correlationAdjClose.config);}else{console.log("style display is none => correlationAdjClose");}