var correlationClose = {"data": [{"type": "heatmap", "z": [[1.0, 0.9999999999999984, 1.0, 0.9956103746267864, 0.9956103746267864, 0.9608806168365656, 0.9608806168365656, 0.8957939949023833, 0.8957939949023833, 0.9363625099252514, 0.995139618378631, 0.9488698129034516, 0.992522993261204, 0.9920866848501587, 0.9950676897794699, 0.9714385335279018, 0.9988764973883103, 0.927073020995183, 0.7826712577451405, -0.07658000199183142, 0.9766427988862761, 0.05791999044645248, 0.002195781247439268, -0.25138034489645755, 0.8245933096000769, 0.9511442231517984, 0.9035089463040985, 0.9270856623175887, 0.7668882658324162, 0.4730150762961009, 0.6083024656220454, 0.6384062081929769, 0.9278562724649638, 0.8097034007224511, 0.169044550020299], [0.9999999999999984, 1.0, 0.9999999999999987, 0.995556446531672, 0.995556446531672, 0.9602307405999091, 0.9602307405999091, 0.8970888449009058, 0.8970888449009058, 0.9366953898273699, 0.9951113052684449, 0.9478701713164136, 0.9922699153620723, 0.9915085987070196, 0.9950296790129268, 0.9706930467131948, 0.9988798737977419, 0.9276064686600181, 0.8034106530876569, 0.13007284033654357, 0.9675446555913919, -0.1029812165489406, 0.009580988727358178, -0.25170279123896266, 0.648219486605924, 0.9512399253827585, 0.8752878284037517, 0.9216912421893706, 0.7803027544896122, 0.4645631513025967, 0.6052693688814478, 0.6694476332352002, 0.924893077346512, 0.671576896864902, 0.16521320919072377], [1.0, 0.9999999999999987, 1.0, 0.9956103746267864, 0.9956103746267864, 0.9608806168365656, 0.9608806168365656, 0.8957939949023833, 0.8957939949023833, 0.9363625099252514, 0.995139618378631, 0.9488698129034516, 0.992522993261204, 0.9920866848501587, 0.9950676897794699, 0.9714385335279018, 0.9988764973883103, 0.927073020995183, 0.7826712577451405, -0.07658000199183142, 0.9766427988862761, 0.05791999044645248, 0.002195781247439268, -0.25138034489645755, 0.8245933096000769, 0.9511442231517984, 0.9035089463040985, 0.9270856623175887, 0.7668882658324162, 0.4730150762961009, 0.6083024656220454, 0.6384062081929769, 0.9278562724649638, 0.8097034007224511, 0.169044550020299], [0.9956103746267864, 0.995556446531672, 0.9956103746267864, 1.0, 1.0, 0.9477950237187688, 0.9477950237187688, 0.8817540175303124, 0.8817540175303124, 0.9312236972071924, 0.9994584018498334, 0.9453730904347246, 0.988052354031993, 0.9837701797703696, 0.9993920149100982, 0.9538709098730455, 0.9947128152336403, 0.9087239128794619, 0.7623362081642899, -0.08205809864862486, 0.9884914397433286, 0.077441863272967, -0.028285934484247703, -0.2550918050683669, 0.8254507781010572, 0.9422391236943827, 0.908683828716362, 0.9167003733748662, 0.7788142074798435, 0.49915726709602276, 0.6025956836522587, 0.6127651455593242, 0.9214610123127012, 0.7995433051337006, 0.18163308856515703], [0.9956103746267864, 0.995556446531672, 0.9956103746267864, 1.0, 1.0, 0.9477950237187688, 0.9477950237187688, 0.8817540175303124, 0.8817540175303124, 0.9312236972071924, 0.9994584018498334, 0.9453730904347246, 0.988052354031993, 0.9837701797703696, 0.9993920149100982, 0.9538709098730455, 0.9947128152336403, 0.9087239128794619, 0.7623362081642899, -0.08205809864862486, 0.9884914397433286, 0.077441863272967, -0.028285934484247703, -0.2550918050683669, 0.8254507781010572, 0.9422391236943827, 0.908683828716362, 0.9167003733748662, 0.7788142074798435, 0.49915726709602276, 0.6025956836522587, 0.6127651455593242, 0.9214610123127012, 0.7995433051337006, 0.18163308856515703], [0.9608806168365656, 0.9602307405999091, 0.9608806168365656, 0.9477950237187688, 0.9477950237187688, 1.0, 1.0, 0.9228844261843816, 0.9228844261843816, 0.903739532155429, 0.9515279582892789, 0.9125861792626133, 0.9765717542364759, 0.9753779787745495, 0.9511182435958191, 0.9989706295260999, 0.9719163751669464, 0.9196582611031864, 0.6240768480685841, -0.01966603841454677, 0.9321813642914089, 0.24174786224992859, -0.20425628366879722, -0.10515773282986385, 0.895843939660729, 0.910854192234653, 0.9238401930956102, 0.8941874576275531, 0.7248646006660101, 0.7023181804598193, 0.7219354738510368, 0.7141863031149329, 0.8446984092089505, 0.8446883290117534, 0.46148378336460744], [0.9608806168365656, 0.9602307405999091, 0.9608806168365656, 0.9477950237187688, 0.9477950237187688, 1.0, 1.0, 0.9228844261843816, 0.9228844261843816, 0.903739532155429, 0.9515279582892789, 0.9125861792626133, 0.9765717542364759, 0.9753779787745495, 0.9511182435958191, 0.9989706295260999, 0.9719163751669464, 0.9196582611031864, 0.6240768480685841, -0.01966603841454677, 0.9321813642914089, 0.24174786224992859, -0.20425628366879722, -0.10515773282986385, 0.895843939660729, 0.910854192234653, 0.9238401930956102, 0.8941874576275531, 0.7248646006660101, 0.7023181804598193, 0.7219354738510368, 0.7141863031149329, 0.8446984092089505, 0.8446883290117534, 0.46148378336460744], [0.8957939949023833, 0.8970888449009058, 0.8957939949023833, 0.8817540175303124, 0.8817540175303124, 0.9228844261843816, 0.9228844261843816, 1.0, 1.0, 0.8830323549862442, 0.9382300193618305, 0.874795550494289, 0.9471175107770046, 0.9422025104864317, 0.9378174522947198, 0.923685766045302, 0.9396797298017807, 0.9730076187768719, 0.5584605206060139, 0.10126235612622488, 0.8383345465806138, 0.4952881641475245, -0.22851424631003833, 0.03712049532897577, 0.7845809074444476, 0.8026340285240471, 0.8599687719046543, 0.8399202098223009, 0.738203031117506, 0.8681548662726716, 0.7660582632792583, 0.7181221399376668, 0.7690677795055939, 0.832321097287113, 0.8007407628963038], [0.8957939949023833, 0.8970888449009058, 0.8957939949023833, 0.8817540175303124, 0.8817540175303124, 0.9228844261843816, 0.9228844261843816, 1.0, 1.0, 0.8830323549862442, 0.9382300193618305, 0.874795550494289, 0.9471175107770046, 0.9422025104864317, 0.9378174522947198, 0.923685766045302, 0.9396797298017807, 0.9730076187768719, 0.5584605206060139, 0.10126235612622488, 0.8383345465806138, 0.4952881641475245, -0.22851424631003833, 0.03712049532897577, 0.7845809074444476, 0.8026340285240471, 0.8599687719046543, 0.8399202098223009, 0.738203031117506, 0.8681548662726716, 0.7660582632792583, 0.7181221399376668, 0.7690677795055939, 0.832321097287113, 0.8007407628963038], [0.9363625099252514, 0.9366953898273699, 0.9363625099252514, 0.9312236972071924, 0.9312236972071924, 0.903739532155429, 0.903739532155429, 0.8830323549862442, 0.8830323549862442, 1.0, 0.9278565108481845, 0.9999756378149307, 0.9123060772717558, 0.8866893983467783, 0.9287630504055063, 0.9055227321912009, 0.9341766434915076, 0.8997720466510146, 0.782072639540511, 0.23071140665038192, 0.9191290360102449, 0.7778291410225402, -0.31619974734275763, 0.39652747053405235, 0.8585169759552596, 0.8364052155295226, 0.8819923645566433, 0.8623490671293039, 0.7531063726131706, 0.7735920811219786, 0.8241808123929735, 0.7973598577306186, 0.8406835400862843, 0.8850469837477926, 0.7756386479022809], [0.995139618378631, 0.9951113052684449, 0.995139618378631, 0.9994584018498334, 0.9994584018498334, 0.9515279582892789, 0.9515279582892789, 0.9382300193618305, 0.9382300193618305, 0.9278565108481845, 1.0, 0.9276906918440121, 0.9878184341768098, 0.984139644729438, 0.9999131688695395, 0.9519774006154811, 0.9938276169358982, 0.9274569019490607, 0.8405285157558136, 0.1708433787993211, 0.9955085942396417, 0.8466788200471896, -0.41498996588718257, 0.37339166666606377, 0.8690299113268293, 0.9167737353611939, 0.9402377019702425, 0.9116962899403981, 0.8006596156103686, 0.8888927668912825, 0.8706780936625623, 0.8150089117542284, 0.8947380291259825, 0.9420721093249241, 0.7850803684777686], [0.9488698129034516, 0.9478701713164136, 0.9488698129034516, 0.9453730904347246, 0.9453730904347246, 0.9125861792626133, 0.9125861792626133, 0.874795550494289, 0.874795550494289, 0.9999756378149307, 0.9276906918440121, 1.0, 0.9097782246764127, 0.8833738608313672, 0.9265429048815147, 0.9131017649442268, 0.9360002515011366, 0.8905159502911764, 0.7167223999084531, -0.0007129876790618277, 0.9310684234470901, 0.603398540111731, -0.22789083828139012, -0.23872078165602215, 0.8653682129350111, 0.8684702508450457, 0.8571675295526111, 0.8744029897298778, 0.7886576047159854, 0.7656123198657456, 0.7912165469421139, 0.7216535247182538, 0.8704901008668895, 0.7702281885773234, 0.7335972203874919], [0.992522993261204, 0.9922699153620723, 0.992522993261204, 0.988052354031993, 0.988052354031993, 0.9765717542364759, 0.9765717542364759, 0.9471175107770046, 0.9471175107770046, 0.9123060772717558, 0.9878184341768098, 0.9097782246764127, 1.0, 0.9996800486763948, 0.9877282297422971, 0.9747937086730811, 0.9895514810876482, 0.9228555448228575, 0.8065439582991079, 0.2075471685597482, 0.9854266726444851, 0.8722980462487414, -0.6043425599442928, 0.45089626050040427, 0.8495745619644471, 0.9333093681943766, 0.9572813920504774, 0.9059701474620326, 0.722356655806101, 0.8898571395155402, 0.8503500804246553, 0.8063968599858249, 0.8751562731094087, 0.9629571621964012, 0.8208963033747351], [0.9920866848501587, 0.9915085987070196, 0.9920866848501587, 0.9837701797703696, 0.9837701797703696, 0.9753779787745495, 0.9753779787745495, 0.9422025104864317, 0.9422025104864317, 0.8866893983467783, 0.984139644729438, 0.8833738608313672, 0.9996800486763948, 1.0, 0.9842065274339201, 0.9724797761029548, 0.9877642392472636, 0.9107114027770561, 0.8249051918583037, 0.08803906085022166, 0.9796174434498275, 0.8813588130300102, -0.8180993261247222, 0.49921424338826337, 0.807721933871984, 0.9393253084375611, 0.9550903784262529, 0.8919916551666497, 0.6358515227043371, 0.9005798407210264, 0.8362447327776809, 0.7575536658813123, 0.9085712519783172, 0.9654426117639434, 0.7912537229910789], [0.9950676897794699, 0.9950296790129268, 0.9950676897794699, 0.9993920149100982, 0.9993920149100982, 0.9511182435958191, 0.9511182435958191, 0.9378174522947198, 0.9378174522947198, 0.9287630504055063, 0.9999131688695395, 0.9265429048815147, 0.9877282297422971, 0.9842065274339201, 1.0, 0.9516832273144479, 0.9937925079713125, 0.9274897944065801, 0.8416382446545545, 0.1696807724088864, 0.9953947868739459, 0.8462361795622526, -0.41263535637640975, 0.3716075592754788, 0.868629144575862, 0.9152458727778765, 0.939196933289378, 0.9122090532387014, 0.8021539149178087, 0.8884786769693606, 0.8719020590185343, 0.8159641770908881, 0.8944663408964809, 0.9417897428487281, 0.7847020229945106], [0.9714385335279018, 0.9706930467131948, 0.9714385335279018, 0.9538709098730455, 0.9538709098730455, 0.9989706295260999, 0.9989706295260999, 0.923685766045302, 0.923685766045302, 0.9055227321912009, 0.9519774006154811, 0.9131017649442268, 0.9747937086730811, 0.9724797761029548, 0.9516832273144479, 1.0, 0.9735868810019966, 0.9192891694305534, 0.6729309685325805, -0.00046682539703680814, 0.9433411164116297, 0.5704929464293602, -0.3380910298110251, -0.15908765085898693, 0.9088132760791459, 0.9234325762609485, 0.9192179646962424, 0.9026802160588779, 0.7657940100129228, 0.832034445945351, 0.7724607201595267, 0.7720149865929212, 0.868910599659809, 0.8417330597898984, 0.7891045143174318], [0.9988764973883103, 0.9988798737977419, 0.9988764973883103, 0.9947128152336403, 0.9947128152336403, 0.9719163751669464, 0.9719163751669464, 0.9396797298017807, 0.9396797298017807, 0.9341766434915076, 0.9938276169358982, 0.9360002515011366, 0.9895514810876482, 0.9877642392472636, 0.9937925079713125, 0.9735868810019966, 1.0, 0.9429165548203361, 0.8469387890665462, 0.16805002552418283, 0.9867327926306424, 0.8162498719253206, -0.3970899380877996, 0.38409810243391623, 0.9013402705342077, 0.931653616178998, 0.9439994932312451, 0.936484077333846, 0.8219261301947816, 0.8780799689293928, 0.8975475831467663, 0.8449041661321969, 0.9066166664229859, 0.9463489944902022, 0.8398694727835255], [0.927073020995183, 0.9276064686600181, 0.927073020995183, 0.9087239128794619, 0.9087239128794619, 0.9196582611031864, 0.9196582611031864, 0.9730076187768719, 0.9730076187768719, 0.8997720466510146, 0.9274569019490607, 0.8905159502911764, 0.9228555448228575, 0.9107114027770561, 0.9274897944065801, 0.9192891694305534, 0.9429165548203361, 1.0, 0.7270556543023553, 0.018456673262811998, 0.8715824771180979, 0.5060982072370485, -0.1258697688089106, -0.20051096754528477, 0.8223356679763559, 0.8389227743022865, 0.8285514883202281, 0.9118933046857957, 0.8288645714879158, 0.7978601242943266, 0.7411431728842763, 0.6998313048013033, 0.8360808235743926, 0.7629671591052302, 0.84670074009013], [0.7826712577451405, 0.8034106530876569, 0.7826712577451405, 0.7623362081642899, 0.7623362081642899, 0.6240768480685841, 0.6240768480685841, 0.5584605206060139, 0.5584605206060139, 0.782072639540511, 0.8405285157558136, 0.7167223999084531, 0.8065439582991079, 0.8249051918583037, 0.8416382446545545, 0.6729309685325805, 0.8469387890665462, 0.7270556543023553, 1.0, 0.06157317984470946, 0.7249108015370468, -0.4398255340728207, 0.39104877660552756, -0.66210792450487, 0.33190947413548916, 0.8024906592175315, 0.48094508116526574, 0.8293305885853065, 0.6796609466689415, 0.0351858228597603, 0.2747007222297474, 0.5563713358193856, 0.7751793578173998, 0.4560764579424121, -0.1713056596305491], [-0.07658000199183142, 0.13007284033654357, -0.07658000199183142, -0.08205809864862486, -0.08205809864862486, -0.01966603841454677, -0.01966603841454677, 0.10126235612622488, 0.10126235612622488, 0.23071140665038192, 0.1708433787993211, -0.0007129876790618277, 0.2075471685597482, 0.08803906085022166, 0.1696807724088864, -0.00046682539703680814, 0.16805002552418283, 0.018456673262811998, 0.06157317984470946, 1.0, -0.04544060433742056, 0.13722911835213314, 0.11572153664251471, 0.7525237188624316, -0.07637749647531579, 0.04578082949850481, 0.03692437092979064, 0.20115487772215296, 0.03986702191863441, 0.12313588508977502, 0.39177049965204597, 0.5975356357212273, -0.07844585515277915, 0.16248732354956413, 0.17355410257436993], [0.9766427988862761, 0.9675446555913919, 0.9766427988862761, 0.9884914397433286, 0.9884914397433286, 0.9321813642914089, 0.9321813642914089, 0.8383345465806138, 0.8383345465806138, 0.9191290360102449, 0.9955085942396417, 0.9310684234470901, 0.9854266726444851, 0.9796174434498275, 0.9953947868739459, 0.9433411164116297, 0.9867327926306424, 0.8715824771180979, 0.7249108015370468, -0.04544060433742056, 1.0, -0.012915585424349825, -0.09239564827355135, -0.3150474260489739, 0.6877894884420809, 0.9238391981499033, 0.8922170712225682, 0.8588117785172265, 0.7473928183761814, 0.4955519458982591, 0.5656251129585143, 0.5425955486862616, 0.8997963858703232, 0.6467356087774615, 0.16017019625670234], [0.05791999044645248, -0.1029812165489406, 0.05791999044645248, 0.077441863272967, 0.077441863272967, 0.24174786224992859, 0.24174786224992859, 0.4952881641475245, 0.4952881641475245, 0.7778291410225402, 0.8466788200471896, 0.603398540111731, 0.8722980462487414, 0.8813588130300102, 0.8462361795622526, 0.5704929464293602, 0.8162498719253206, 0.5060982072370485, -0.4398255340728207, 0.13722911835213314, -0.012915585424349825, 1.0, -0.4221298903597536, 0.7786627103482152, 0.3602354963690491, -0.06299455787783119, 0.24839478514774516, -0.16398241097610655, 0.014341343718654415, 0.5570687140450408, 0.44461843164158465, 0.17101735149125372, -0.08816950753111741, 0.34413999859251776, 0.4639398702235362], [0.002195781247439268, 0.009580988727358178, 0.002195781247439268, -0.028285934484247703, -0.028285934484247703, -0.20425628366879722, -0.20425628366879722, -0.22851424631003833, -0.22851424631003833, -0.31619974734275763, -0.41498996588718257, -0.22789083828139012, -0.6043425599442928, -0.8180993261247222, -0.41263535637640975, -0.3380910298110251, -0.3970899380877996, -0.1258697688089106, 0.39104877660552756, 0.11572153664251471, -0.09239564827355135, -0.4221298903597536, 1.0, -0.04918107339493428, -0.1269241429583252, -0.03506821216160868, -0.2383926742923433, 0.027439978076393118, -0.010815265609832612, -0.5305484024606137, -0.1505583425184862, 0.008844530496606247, 0.03747210545488612, -0.15020649262015473, -0.4014846547930017], [-0.25138034489645755, -0.25170279123896266, -0.25138034489645755, -0.2550918050683669, -0.2550918050683669, -0.10515773282986385, -0.10515773282986385, 0.03712049532897577, 0.03712049532897577, 0.39652747053405235, 0.37339166666606377, -0.23872078165602215, 0.45089626050040427, 0.49921424338826337, 0.3716075592754788, -0.15908765085898693, 0.38409810243391623, -0.20051096754528477, -0.66210792450487, 0.7525237188624316, -0.3150474260489739, 0.7786627103482152, -0.04918107339493428, 1.0, -0.09813545330098519, -0.30225003626024516, -0.04909292710340536, -0.3498341896686188, -0.32659841471196827, 0.10956444243486849, 0.18197806606772823, 0.27451204144590674, -0.3826624257787404, 0.1425641837898401, 0.10486202472520606], [0.8245933096000769, 0.648219486605924, 0.8245933096000769, 0.8254507781010572, 0.8254507781010572, 0.895843939660729, 0.895843939660729, 0.7845809074444476, 0.7845809074444476, 0.8585169759552596, 0.8690299113268293, 0.8653682129350111, 0.8495745619644471, 0.807721933871984, 0.868629144575862, 0.9088132760791459, 0.9013402705342077, 0.8223356679763559, 0.33190947413548916, -0.07637749647531579, 0.6877894884420809, 0.3602354963690491, -0.1269241429583252, -0.09813545330098519, 1.0, 0.6150045948870914, 0.8445377885778517, 0.47917236865454893, 0.6139033474556689, 0.5289422758610056, 0.644673866745223, 0.4075886901245687, 0.6963599205904603, 0.6947962236768357, 0.4103314242194099], [0.9511442231517984, 0.9512399253827585, 0.9511442231517984, 0.9422391236943827, 0.9422391236943827, 0.910854192234653, 0.910854192234653, 0.8026340285240471, 0.8026340285240471, 0.8364052155295226, 0.9167737353611939, 0.8684702508450457, 0.9333093681943766, 0.9393253084375611, 0.9152458727778765, 0.9234325762609485, 0.931653616178998, 0.8389227743022865, 0.8024906592175315, 0.04578082949850481, 0.9238391981499033, -0.06299455787783119, -0.03506821216160868, -0.30225003626024516, 0.6150045948870914, 1.0, 0.8286914632169977, 0.8586995425408451, 0.7073521650133427, 0.3408104632575538, 0.4863655154159132, 0.6028472980927728, 0.9015947547913369, 0.6331230334378026, 0.058708142153125045], [0.9035089463040985, 0.8752878284037517, 0.9035089463040985, 0.908683828716362, 0.908683828716362, 0.9238401930956102, 0.9238401930956102, 0.8599687719046543, 0.8599687719046543, 0.8819923645566433, 0.9402377019702425, 0.8571675295526111, 0.9572813920504774, 0.9550903784262529, 0.939196933289378, 0.9192179646962424, 0.9439994932312451, 0.8285514883202281, 0.48094508116526574, 0.03692437092979064, 0.8922170712225682, 0.24839478514774516, -0.2383926742923433, -0.04909292710340536, 0.8445377885778517, 0.8286914632169977, 1.0, 0.7313110669037423, 0.5787239020578399, 0.537496235978633, 0.5716503416862868, 0.5270161638837553, 0.7986335553324732, 0.8170692575411314, 0.2067180821041892], [0.9270856623175887, 0.9216912421893706, 0.9270856623175887, 0.9167003733748662, 0.9167003733748662, 0.8941874576275531, 0.8941874576275531, 0.8399202098223009, 0.8399202098223009, 0.8623490671293039, 0.9116962899403981, 0.8744029897298778, 0.9059701474620326, 0.8919916551666497, 0.9122090532387014, 0.9026802160588779, 0.936484077333846, 0.9118933046857957, 0.8293305885853065, 0.20115487772215296, 0.8588117785172265, -0.16398241097610655, 0.027439978076393118, -0.3498341896686188, 0.47917236865454893, 0.8586995425408451, 0.7313110669037423, 1.0, 0.900421403808847, 0.4978243147905977, 0.6674359592022273, 0.6685677135360267, 0.8696408222110199, 0.4899153500771368, 0.29004414726270844], [0.7668882658324162, 0.7803027544896122, 0.7668882658324162, 0.7788142074798435, 0.7788142074798435, 0.7248646006660101, 0.7248646006660101, 0.738203031117506, 0.738203031117506, 0.7531063726131706, 0.8006596156103686, 0.7886576047159854, 0.722356655806101, 0.6358515227043371, 0.8021539149178087, 0.7657940100129228, 0.8219261301947816, 0.8288645714879158, 0.6796609466689415, 0.03986702191863441, 0.7473928183761814, 0.014341343718654415, -0.010815265609832612, -0.32659841471196827, 0.6139033474556689, 0.7073521650133427, 0.5787239020578399, 0.900421403808847, 1.0, 0.5424495628501824, 0.6497640653495477, 0.602610592821787, 0.7122008615510704, 0.5536944246644924, 0.4713426468298335], [0.4730150762961009, 0.4645631513025967, 0.4730150762961009, 0.49915726709602276, 0.49915726709602276, 0.7023181804598193, 0.7023181804598193, 0.8681548662726716, 0.8681548662726716, 0.7735920811219786, 0.8888927668912825, 0.7656123198657456, 0.8898571395155402, 0.9005798407210264, 0.8884786769693606, 0.832034445945351, 0.8780799689293928, 0.7978601242943266, 0.0351858228597603, 0.12313588508977502, 0.4955519458982591, 0.5570687140450408, -0.5305484024606137, 0.10956444243486849, 0.5289422758610056, 0.3408104632575538, 0.537496235978633, 0.4978243147905977, 0.5424495628501824, 1.0, 0.7301082085827909, 0.36545107467612187, 0.43123878574060265, 0.5249897647642213, 0.7904022301788214], [0.6083024656220454, 0.6052693688814478, 0.6083024656220454, 0.6025956836522587, 0.6025956836522587, 0.7219354738510368, 0.7219354738510368, 0.7660582632792583, 0.7660582632792583, 0.8241808123929735, 0.8706780936625623, 0.7912165469421139, 0.8503500804246553, 0.8362447327776809, 0.8719020590185343, 0.7724607201595267, 0.8975475831467663, 0.7411431728842763, 0.2747007222297474, 0.39177049965204597, 0.5656251129585143, 0.44461843164158465, -0.1505583425184862, 0.18197806606772823, 0.644673866745223, 0.4863655154159132, 0.5716503416862868, 0.6674359592022273, 0.6497640653495477, 0.7301082085827909, 1.0, 0.776904944670988, 0.4613488153637383, 0.7118643094373891, 0.548873872880829], [0.6384062081929769, 0.6694476332352002, 0.6384062081929769, 0.6127651455593242, 0.6127651455593242, 0.7141863031149329, 0.7141863031149329, 0.7181221399376668, 0.7181221399376668, 0.7973598577306186, 0.8150089117542284, 0.7216535247182538, 0.8063968599858249, 0.7575536658813123, 0.8159641770908881, 0.7720149865929212, 0.8449041661321969, 0.6998313048013033, 0.5563713358193856, 0.5975356357212273, 0.5425955486862616, 0.17101735149125372, 0.008844530496606247, 0.27451204144590674, 0.4075886901245687, 0.6028472980927728, 0.5270161638837553, 0.6685677135360267, 0.602610592821787, 0.36545107467612187, 0.776904944670988, 1.0, 0.4818620129128732, 0.6692185092258766, 0.19472076505561725], [0.9278562724649638, 0.924893077346512, 0.9278562724649638, 0.9214610123127012, 0.9214610123127012, 0.8446984092089505, 0.8446984092089505, 0.7690677795055939, 0.7690677795055939, 0.8406835400862843, 0.8947380291259825, 0.8704901008668895, 0.8751562731094087, 0.9085712519783172, 0.8944663408964809, 0.868910599659809, 0.9066166664229859, 0.8360808235743926, 0.7751793578173998, -0.07844585515277915, 0.8997963858703232, -0.08816950753111741, 0.03747210545488612, -0.3826624257787404, 0.6963599205904603, 0.9015947547913369, 0.7986335553324732, 0.8696408222110199, 0.7122008615510704, 0.43123878574060265, 0.4613488153637383, 0.4818620129128732, 1.0, 0.7052986587461809, 0.1572719809615015], [0.8097034007224511, 0.671576896864902, 0.8097034007224511, 0.7995433051337006, 0.7995433051337006, 0.8446883290117534, 0.8446883290117534, 0.832321097287113, 0.832321097287113, 0.8850469837477926, 0.9420721093249241, 0.7702281885773234, 0.9629571621964012, 0.9654426117639434, 0.9417897428487281, 0.8417330597898984, 0.9463489944902022, 0.7629671591052302, 0.4560764579424121, 0.16248732354956413, 0.6467356087774615, 0.34413999859251776, -0.15020649262015473, 0.1425641837898401, 0.6947962236768357, 0.6331230334378026, 0.8170692575411314, 0.4899153500771368, 0.5536944246644924, 0.5249897647642213, 0.7118643094373891, 0.6692185092258766, 0.7052986587461809, 1.0, 0.16625213262538158], [0.169044550020299, 0.16521320919072377, 0.169044550020299, 0.18163308856515703, 0.18163308856515703, 0.46148378336460744, 0.46148378336460744, 0.8007407628963038, 0.8007407628963038, 0.7756386479022809, 0.7850803684777686, 0.7335972203874919, 0.8208963033747351, 0.7912537229910789, 0.7847020229945106, 0.7891045143174318, 0.8398694727835255, 0.84670074009013, -0.1713056596305491, 0.17355410257436993, 0.16017019625670234, 0.4639398702235362, -0.4014846547930017, 0.10486202472520606, 0.4103314242194099, 0.058708142153125045, 0.2067180821041892, 0.29004414726270844, 0.4713426468298335, 0.7904022301788214, 0.548873872880829, 0.19472076505561725, 0.1572719809615015, 0.16625213262538158, 1.0]], "x": ["^TAIEX       \u81fa\u7063\u52a0\u6b0a\u5831\u916c\u6307\u6578", "^TWII        \u81fa\u7063\u52a0\u6b0a\u6307\u6578", "^TAIEXx2     \u81fa\u7063\u52a0\u6b0a\u5831\u916c\u6307\u6578_\u65e5\u6b632", "^TAI50I      \u81fa\u706350\u5831\u916c\u6307\u6578", "^TAI50Ix2    \u81fa\u706350\u5831\u916c\u6307\u6578_\u65e5\u6b632", "^TAI100I     \u81fa\u7063\u4e2d\u578b100\u5831\u916c\u6307\u6578", "^TAI100Ix2   \u81fa\u7063\u4e2d\u578b100\u5831\u916c\u6307\u6578_\u65e5\u6b632", "^TAIDIVIDI   \u81fa\u7063\u9ad8\u80a1\u606f\u5831\u916c\u6307\u6578", "^TAIDIVIDIx2 \u81fa\u7063\u9ad8\u80a1\u606f\u5831\u916c\u6307\u6578_\u65e5\u6b632", "0050Fund     \u5143\u5927\u53f0\u7063\u5353\u8d8a50\u57fa\u91d1", "006208Fund   \u5bcc\u90a6\u53f0\u7063\u91c6\u540950\u57fa\u91d1", "0050         \u5143\u5927\u81fa\u706350", "00631L       \u5143\u5927\u53f0\u706350\u6b632", "00675L       \u5bcc\u90a6\u81fa\u7063\u52a0\u6b0a\u6b632", "006208       \u5bcc\u90a6\u53f050", "0051         \u5143\u5927\u4e2d\u578b100", "006204       \u6c38\u8c50\u81fa\u7063\u52a0\u6b0a", "0056         \u5143\u5927\u9ad8\u80a1\u606f", "2412         \u4e2d\u83ef\u96fb\u4fe1", "2002         \u4e2d\u92fc", "2330         \u53f0\u7a4d\u96fb", "2317         \u9d3b\u6d77", "6505         \u53f0\u5851\u77f3\u5316", "3481         \u7fa4\u5275", "2303         \u806f\u96fb", "2308         \u53f0\u9054\u96fb", "2454         \u806f\u767c\u79d1", "2886         \u5146\u8c50\u91d1", "2884         \u7389\u5c71\u91d1", "2891         \u4e2d\u4fe1\u91d1", "2892         \u7b2c\u4e00\u91d1", "5880         \u5408\u5eab\u91d1", "2881         \u5bcc\u90a6\u91d1", "2885         \u5143\u5927\u91d1", "2887         \u53f0\u65b0\u91d1"], "y": ["^TAIEX       \u81fa\u7063\u52a0\u6b0a\u5831\u916c\u6307\u6578", "^TWII        \u81fa\u7063\u52a0\u6b0a\u6307\u6578", "^TAIEXx2     \u81fa\u7063\u52a0\u6b0a\u5831\u916c\u6307\u6578_\u65e5\u6b632", "^TAI50I      \u81fa\u706350\u5831\u916c\u6307\u6578", "^TAI50Ix2    \u81fa\u706350\u5831\u916c\u6307\u6578_\u65e5\u6b632", "^TAI100I     \u81fa\u7063\u4e2d\u578b100\u5831\u916c\u6307\u6578", "^TAI100Ix2   \u81fa\u7063\u4e2d\u578b100\u5831\u916c\u6307\u6578_\u65e5\u6b632", "^TAIDIVIDI   \u81fa\u7063\u9ad8\u80a1\u606f\u5831\u916c\u6307\u6578", "^TAIDIVIDIx2 \u81fa\u7063\u9ad8\u80a1\u606f\u5831\u916c\u6307\u6578_\u65e5\u6b632", "0050Fund     \u5143\u5927\u53f0\u7063\u5353\u8d8a50\u57fa\u91d1", "006208Fund   \u5bcc\u90a6\u53f0\u7063\u91c6\u540950\u57fa\u91d1", "0050         \u5143\u5927\u81fa\u706350", "00631L       \u5143\u5927\u53f0\u706350\u6b632", "00675L       \u5bcc\u90a6\u81fa\u7063\u52a0\u6b0a\u6b632", "006208       \u5bcc\u90a6\u53f050", "0051         \u5143\u5927\u4e2d\u578b100", "006204       \u6c38\u8c50\u81fa\u7063\u52a0\u6b0a", "0056         \u5143\u5927\u9ad8\u80a1\u606f", "2412         \u4e2d\u83ef\u96fb\u4fe1", "2002         \u4e2d\u92fc", "2330         \u53f0\u7a4d\u96fb", "2317         \u9d3b\u6d77", "6505         \u53f0\u5851\u77f3\u5316", "3481         \u7fa4\u5275", "2303         \u806f\u96fb", "2308         \u53f0\u9054\u96fb", "2454         \u806f\u767c\u79d1", "2886         \u5146\u8c50\u91d1", "2884         \u7389\u5c71\u91d1", "2891         \u4e2d\u4fe1\u91d1", "2892         \u7b2c\u4e00\u91d1", "5880         \u5408\u5eab\u91d1", "2881         \u5bcc\u90a6\u91d1", "2885         \u5143\u5927\u91d1", "2887         \u53f0\u65b0\u91d1"], "zmin": -1, "zmax": 1, "colorbar": {"x": -0.2}}], "layout": {"autotypenumbers": "strict", "colorway": ["#636efa", "#EF553B", "#00cc96", "#ab63fa", "#FFA15A", "#19d3f3", "#FF6692", "#B6E880", "#FF97FF", "#FECB52"], "font": {"color": "#f2f5fa", "family": "Courier New"}, "hovermode": "closest", "hoverlabel": {"align": "left"}, "paper_bgcolor": "rgb(17,17,17)", "plot_bgcolor": "rgb(17,17,17)", "polar": {"bgcolor": "rgb(17,17,17)", "angularaxis": {"gridcolor": "#506784", "linecolor": "#506784", "ticks": ""}, "radialaxis": {"gridcolor": "#506784", "linecolor": "#506784", "ticks": ""}}, "ternary": {"bgcolor": "rgb(17,17,17)", "aaxis": {"gridcolor": "#506784", "linecolor": "#506784", "ticks": ""}, "baxis": {"gridcolor": "#506784", "linecolor": "#506784", "ticks": ""}, "caxis": {"gridcolor": "#506784", "linecolor": "#506784", "ticks": ""}}, "coloraxis": {"colorbar": {"outlinewidth": 0, "ticks": ""}}, "colorscale": {"sequential": [[0.0, "#0d0887"], [0.1111111111111111, "#46039f"], [0.2222222222222222, "#7201a8"], [0.3333333333333333, "#9c179e"], [0.4444444444444444, "#bd3786"], [0.5555555555555556, "#d8576b"], [0.6666666666666666, "#ed7953"], [0.7777777777777778, "#fb9f3a"], [0.8888888888888888, "#fdca26"], [1.0, "#f0f921"]], "sequentialminus": [[0.0, "#0d0887"], [0.1111111111111111, "#46039f"], [0.2222222222222222, "#7201a8"], [0.3333333333333333, "#9c179e"], [0.4444444444444444, "#bd3786"], [0.5555555555555556, "#d8576b"], [0.6666666666666666, "#ed7953"], [0.7777777777777778, "#fb9f3a"], [0.8888888888888888, "#fdca26"], [1.0, "#f0f921"]], "diverging": [[0, "#8e0152"], [0.1, "#c51b7d"], [0.2, "#de77ae"], [0.3, "#f1b6da"], [0.4, "#fde0ef"], [0.5, "#f7f7f7"], [0.6, "#e6f5d0"], [0.7, "#b8e186"], [0.8, "#7fbc41"], [0.9, "#4d9221"], [1, "#276419"]]}, "xaxis": {"gridcolor": "rgba(0, 0, 0, 0)", "linecolor": "#506784", "ticks": "", "title": {"standoff": 15}, "zerolinecolor": "#283442", "automargin": true, "zerolinewidth": 2, "tickfont": {"family": "Courier New", "size": 14}, "side": "top", "tickangle": -90}, "yaxis": {"gridcolor": "rgba(0, 0, 0, 0)", "linecolor": "#506784", "ticks": "", "title": {"standoff": 15}, "zerolinecolor": "#283442", "automargin": true, "zerolinewidth": 2, "tickfont": {"family": "Courier New"}, "side": "right"}, "scene": {"xaxis": {"backgroundcolor": "rgb(17,17,17)", "gridcolor": "#506784", "linecolor": "#506784", "showbackground": true, "ticks": "", "zerolinecolor": "#C8D4E3", "gridwidth": 2}, "yaxis": {"backgroundcolor": "rgb(17,17,17)", "gridcolor": "#506784", "linecolor": "#506784", "showbackground": true, "ticks": "", "zerolinecolor": "#C8D4E3", "gridwidth": 2}, "zaxis": {"backgroundcolor": "rgb(17,17,17)", "gridcolor": "#506784", "linecolor": "#506784", "showbackground": true, "ticks": "", "zerolinecolor": "#C8D4E3", "gridwidth": 2}}, "shapedefaults": {"line": {"color": "#f2f5fa"}}, "annotationdefaults": {"arrowcolor": "#f2f5fa", "arrowhead": 0, "arrowwidth": 1}, "geo": {"bgcolor": "rgb(17,17,17)", "landcolor": "rgb(17,17,17)", "subunitcolor": "#506784", "showland": true, "showlakes": true, "lakecolor": "rgb(17,17,17)"}, "title": {"x": 0.05, "font": {"family": "Times New Roman"}, "y": 0.05, "text": "<b>Correlation of Close<b><br><i>2016-09-23 ~ 2025-07-24<i>"}, "updatemenudefaults": {"bgcolor": "#506784", "borderwidth": 0}, "sliderdefaults": {"bgcolor": "#C8D4E3", "borderwidth": 1, "bordercolor": "rgb(17,17,17)", "tickwidth": 0}, "mapbox": {"style": "dark"}}, "config": {"responsive": true, "toImageButtonOptions": {"filename": "Correlation of Close_2016-09-23~2025-07-24", "scale": 5}}};

Plotly.newPlot("correlationClose",
    correlationClose.data,
    correlationClose.layout || {},
    correlationClose.config);