var element=document.getElementById("correlationClose");if(element.style.display!='none'){var correlationClose={"data":[{"type":"heatmap","z":[[1.0,0.9999999999999981,1.0,0.995388741718862,0.995388741718862,0.9775976679967786,0.9775976679967786,0.9279082486989289,0.9279082486989289,0.678586765950638,0.9960812082681275,0.6124985778148783,0.8813563963483168,0.9855484706718094,0.9961570150610495,0.980812761550271,0.9994012655082333,0.9101516245944425,0.9101516245944425,0.750171292118463,-0.22372411899396707,0.9843911044663923,0.3223146278559868,-0.2046951793417497,-0.1694996708326901,0.8538320819304283,0.8857387817599885,0.9187114895657463,0.876250055238663,0.770542904735821,0.7137431117751394,0.648817358949218,0.5715959112439676,0.9205080920296661,0.8935254768368568,0.33530333339331403],[0.9999999999999981,1.0,0.9999999999999982,0.9953250221923171,0.9953250221923171,0.9771462713792491,0.9771462713792491,0.9279311730386487,0.9279311730386487,0.6789620968565084,0.9960820934393393,0.6115587699341837,0.8823073040020001,0.9851451743283681,0.9961798269719346,0.9806353549522057,0.9994046089079816,0.9099105162405029,0.9099105162405029,0.7659981551409604,-0.019825715119515575,0.9784776427050262,0.0649816490993941,-0.19881356985308973,-0.17054384558478283,0.7251548698682599,0.8813408626517164,0.903530245508019,0.8736397180190365,0.7770910385159675,0.7064291061745305,0.646197595725378,0.5959779111215859,0.919716272450006,0.7870527522042027,0.33015496180294157],[1.0,0.9999999999999982,1.0,0.995388741718862,0.995388741718862,0.9775976679967786,0.9775976679967786,0.9279082486989289,0.9279082486989289,0.678586765950638,0.9960812082681275,0.6124985778148783,0.8813563963483168,0.9855484706718094,0.9961570150610495,0.980812761550271,0.9994012655082333,0.9101516245944425,0.9101516245944425,0.750171292118463,-0.22372411899396707,0.9843911044663923,0.3223146278559868,-0.2046951793417497,-0.1694996708326901,0.8538320819304283,0.8857387817599885,0.9187114895657463,0.876250055238663,0.770542904735821,0.7137431117751394,0.648817358949218,0.5715959112439676,0.9205080920296661,0.8935254768368568,0.33530333339331403],[0.995388741718862,0.9953250221923171,0.995388741718862,1.0,1.0,0.966785660715508,0.966785660715508,0.9121113320814307,0.9121113320814307,0.6318577862603793,0.999735416787546,0.5674508884242181,0.8887057992029176,0.9891515024686649,0.9996909023414534,0.9657936046235481,0.9956296203880777,0.8815449785557464,0.8815449785557464,0.7151425775213744,-0.22923775763102905,0.9937990056543251,0.34949185547692596,-0.2364244275159325,-0.16068289222096008,0.8436012295337186,0.9104607184175841,0.9252949248539517,0.8462884958274149,0.7601193194774276,0.7401390505457033,0.6339031614872306,0.533031073672716,0.9009923415332267,0.8885215181920815,0.3510166751965123],[0.995388741718862,0.9953250221923171,0.995388741718862,1.0,1.0,0.966785660715508,0.966785660715508,0.9121113320814307,0.9121113320814307,0.6318577862603793,0.999735416787546,0.5674508884242181,0.8887057992029176,0.9891515024686649,0.9996909023414534,0.9657936046235481,0.9956296203880777,0.8815449785557464,0.8815449785557464,0.7151425775213744,-0.22923775763102905,0.9937990056543251,0.34949185547692596,-0.2364244275159325,-0.16068289222096008,0.8436012295337186,0.9104607184175841,0.9252949248539517,0.8462884958274149,0.7601193194774276,0.7401390505457033,0.6339031614872306,0.533031073672716,0.9009923415332267,0.8885215181920815,0.3510166751965123],[0.9775976679967786,0.9771462713792491,0.9775976679967786,0.966785660715508,0.966785660715508,1.0,1.0,0.9477331882718162,0.9477331882718162,0.664978888390471,0.9654061411915816,0.6357267300713465,0.8565686763095316,0.9520826469536859,0.9653519213333746,0.9991845448492884,0.9818676448419814,0.9185339834006757,0.9185339834006757,0.6550503099775095,-0.18794637245209228,0.9575319181864343,0.43860433459631626,-0.35863940306634917,-0.07304055567890295,0.9006530015409703,0.8500823004343123,0.9227989453514605,0.864822738438717,0.748085259026298,0.8368635151292241,0.7335227466660483,0.6385745541339775,0.8732875455410908,0.9118239684861014,0.5740785774849059],[0.9775976679967786,0.9771462713792491,0.9775976679967786,0.966785660715508,0.966785660715508,1.0,1.0,0.9477331882718162,0.9477331882718162,0.664978888390471,0.9654061411915816,0.6357267300713465,0.8565686763095316,0.9520826469536859,0.9653519213333746,0.9991845448492884,0.9818676448419814,0.9185339834006757,0.9185339834006757,0.6550503099775095,-0.18794637245209228,0.9575319181864343,0.43860433459631626,-0.35863940306634917,-0.07304055567890295,0.9006530015409703,0.8500823004343123,0.9227989453514605,0.864822738438717,0.748085259026298,0.8368635151292241,0.7335227466660483,0.6385745541339775,0.8732875455410908,0.9118239684861014,0.5740785774849059],[0.9279082486989289,0.9279311730386487,0.9279082486989289,0.9121113320814307,0.9121113320814307,0.9477331882718162,0.9477331882718162,1.0,1.0,0.6495094484846982,0.9448868832436533,0.6518324924570654,0.8246934329754587,0.9204675937338433,0.9446987388948559,0.9495461504064313,0.9553973344265573,0.9705140797931332,0.9705140797931332,0.6219955290467365,-0.0752723961932228,0.8862070843005877,0.6353894157802096,-0.39284122972197005,0.03801305603579933,0.8369758249364858,0.764908907053495,0.8816100653515786,0.8427848231409341,0.7684315359194166,0.9079748332009032,0.7816481557707964,0.6711982474382097,0.8304129953282264,0.8925948423608034,0.8488031565263265],[0.9279082486989289,0.9279311730386487,0.9279082486989289,0.9121113320814307,0.9121113320814307,0.9477331882718162,0.9477331882718162,1.0,1.0,0.6495094484846982,0.9448868832436533,0.6518324924570654,0.8246934329754587,0.9204675937338433,0.9446987388948559,0.9495461504064313,0.9553973344265573,0.9705140797931332,0.9705140797931332,0.6219955290467365,-0.0752723961932228,0.8862070843005877,0.6353894157802096,-0.39284122972197005,0.03801305603579933,0.8369758249364858,0.764908907053495,0.8816100653515786,0.8427848231409341,0.7684315359194166,0.9079748332009032,0.7816481557707964,0.6711982474382097,0.8304129953282264,0.8925948423608034,0.8488031565263265],[0.678586765950638,0.6789620968565084,0.678586765950638,0.6318577862603793,0.6318577862603793,0.664978888390471,0.664978888390471,0.6495094484846982,0.6495094484846982,1.0,0.47324202909461954,0.9999688503000325,0.25735433373040123,0.21830802740652758,0.4765229724446747,0.6580403300199638,0.5503304892152043,0.7531081629496327,0.7531081629496327,0.6819234110872543,-0.10227935747852629,0.608255086176123,0.04596300774259257,0.04343620027620389,-0.23924908089925534,0.6954269303637964,0.32353885093619017,0.5761370356903254,0.7927695026252515,0.6650465935262182,0.3132400620512211,0.5204167696806405,0.5627895065703268,0.7462316245164287,0.5549632123472007,0.17304916077627738],[0.9960812082681275,0.9960820934393393,0.9960812082681275,0.999735416787546,0.999735416787546,0.9654061411915816,0.9654061411915816,0.9448868832436533,0.9448868832436533,0.47324202909461954,1.0,0.47460559840732147,0.888073042066764,0.98857399407258,0.9999547517904154,0.962261796875774,0.9954673136276734,0.8926914523691372,0.8926914523691372,0.8374153339546595,-0.15607073961600265,0.9970502334237439,0.9154058618342928,-0.5455485118501918,0.6341383770240059,0.8493323198490923,0.9005653747761526,0.9363119932577649,0.8264978159101154,0.7793179904625124,0.9493925872462685,0.8098317031931973,0.6535630348590282,0.8864968172760264,0.9655123948226663,0.8582275354601429],[0.6124985778148783,0.6115587699341837,0.6124985778148783,0.5674508884242181,0.5674508884242181,0.6357267300713465,0.6357267300713465,0.6518324924570654,0.6518324924570654,0.9999688503000325,0.47460559840732147,1.0,0.25838138851698655,0.2191842318625519,0.4773642755504302,0.6460422928141062,0.5510590379959932,0.74282388122941,0.74282388122941,0.6296179106562668,0.02904097303899876,0.5486088621568499,0.3685446769068568,-0.16272084006742085,-0.21640988775861347,0.7112786450054911,0.23681807279999603,0.5353184034538008,0.7588894069358181,0.6796300547709918,0.4592813619171918,0.6736257437907619,0.6749696456212737,0.6909534063739744,0.5166546918253828,0.5766937905722191],[0.8813563963483168,0.8823073040020001,0.8813563963483168,0.8887057992029176,0.8887057992029176,0.8565686763095316,0.8565686763095316,0.8246934329754587,0.8246934329754587,0.25735433373040123,0.888073042066764,0.25838138851698655,1.0,0.9998780508898906,0.8875798245725445,0.8506046219716977,0.8798937761307594,0.7485905110130863,0.7485905110130863,0.6465536016197262,-0.13164383411508462,0.8817320565388831,0.827819857925671,-0.6290694521292105,0.6948959950790938,0.726030472975676,0.8736926162105149,0.8742971757812138,0.6548668301472018,0.5918922403009406,0.8591050449853211,0.6356688241779725,0.4717210806907269,0.7632307169558422,0.868088224382623,0.7916156257014794],[0.9855484706718094,0.9851451743283681,0.9855484706718094,0.9891515024686649,0.9891515024686649,0.9520826469536859,0.9520826469536859,0.9204675937338433,0.9204675937338433,0.21830802740652758,0.98857399407258,0.2191842318625519,0.9998780508898906,1.0,0.9885437988501912,0.9455798246203025,0.9826965131429298,0.8473799090521275,0.8473799090521275,0.8253916393001585,-0.2589833760139567,0.9804745221513204,0.8946127992859982,-0.7185332984297503,0.7517372348769829,0.79184714951939,0.9510120234327806,0.9467507725063662,0.7282387017972163,0.6496445714710073,0.9372926446173404,0.7259152407192881,0.4832361296483367,0.8437423976811681,0.959788090973139,0.8558232785387678],[0.9961570150610495,0.9961798269719346,0.9961570150610495,0.9996909023414534,0.9996909023414534,0.9653519213333746,0.9653519213333746,0.9446987388948559,0.9446987388948559,0.4765229724446747,0.9999547517904154,0.4773642755504302,0.8875798245725445,0.9885437988501912,1.0,0.9624739577424837,0.9955860546174036,0.8935220493611454,0.8935220493611454,0.8385251993163854,-0.15377382752050678,0.9970046793925632,0.9148445155169943,-0.5436139781466701,0.6298582211487603,0.8485845113230666,0.8986221791430715,0.9356598462392987,0.8279314114895381,0.7807435068538032,0.9485903124935804,0.8113333917581442,0.6564487153663239,0.8860383534159414,0.96528958826452,0.8572459754199458],[0.980812761550271,0.9806353549522057,0.980812761550271,0.9657936046235481,0.9657936046235481,0.9991845448492884,0.9991845448492884,0.9495461504064313,0.9495461504064313,0.6580403300199638,0.962261796875774,0.6460422928141062,0.8506046219716977,0.9455798246203025,0.9624739577424837,1.0,0.9807808797852551,0.9216850894390088,0.9216850894390088,0.7051266900433358,-0.1773311082992533,0.9591070215663597,0.743108778862852,-0.483899384952042,-0.06274911878282166,0.9092517472076039,0.8347545993174257,0.916414960129219,0.8724401846624227,0.7791495227724218,0.9038787883674095,0.7761284116156719,0.694150288048714,0.8936175478892725,0.9087386797838628,0.8441718685031404],[0.9994012655082333,0.9994046089079816,0.9994012655082333,0.9956296203880777,0.9956296203880777,0.9818676448419814,0.9818676448419814,0.9553973344265573,0.9553973344265573,0.5503304892152043,0.9954673136276734,0.5510590379959932,0.8798937761307594,0.9826965131429298,0.9955860546174036,0.9807808797852551,1.0,0.9211932546141968,0.9211932546141968,0.8561522228793635,-0.1355983531449956,0.9911586470743224,0.8992615492343455,-0.5374875998066114,0.6189343304990784,0.883091554491345,0.8774384062097803,0.9371624274717035,0.867843529051857,0.8063496822203005,0.941469360142231,0.8511325851488164,0.7115266032530291,0.9051241107614062,0.9710603868856924,0.8889514565143086],[0.9101516245944425,0.9099105162405029,0.9101516245944425,0.8815449785557464,0.8815449785557464,0.9185339834006757,0.9185339834006757,0.9705140797931332,0.9705140797931332,0.7531081629496327,0.8926914523691372,0.74282388122941,0.7485905110130863,0.8473799090521275,0.8935220493611454,0.9216850894390088,0.9211932546141968,1.0,1.0,0.761368955440294,-0.1125361949579029,0.855492088015336,0.6403771951891956,-0.28265053913040333,-0.12786140900453558,0.8557426844247304,0.6847087754908101,0.8240819488995685,0.9127273126710949,0.845525119559268,0.8237594355571495,0.7718478787061722,0.6888543657869293,0.8695671610843282,0.8139646509151994,0.874491879741894],[0.9101516245944425,0.9099105162405029,0.9101516245944425,0.8815449785557464,0.8815449785557464,0.9185339834006757,0.9185339834006757,0.9705140797931332,0.9705140797931332,0.7531081629496327,0.8926914523691372,0.74282388122941,0.7485905110130863,0.8473799090521275,0.8935220493611454,0.9216850894390088,0.9211932546141968,1.0,1.0,0.761368955440294,-0.1125361949579029,0.855492088015336,0.6403771951891956,-0.28265053913040333,-0.12786140900453558,0.8557426844247304,0.6847087754908101,0.8240819488995685,0.9127273126710949,0.845525119559268,0.8237594355571495,0.7718478787061722,0.6888543657869293,0.8695671610843282,0.8139646509151994,0.874491879741894],[0.750171292118463,0.7659981551409604,0.750171292118463,0.7151425775213744,0.7151425775213744,0.6550503099775095,0.6550503099775095,0.6219955290467365,0.6219955290467365,0.6819234110872543,0.8374153339546595,0.6296179106562668,0.6465536016197262,0.8253916393001585,0.8385251993163854,0.7051266900433358,0.8561522228793635,0.761368955440294,0.761368955440294,1.0,0.00046411389663574936,0.6844171085278463,-0.26343365625287785,0.24698761173280492,-0.6212858483813599,0.40665920714830495,0.5517809629048995,0.5025362791819141,0.8467150783747088,0.7158150552938478,0.22996350314065753,0.35755995305354243,0.5769678262192736,0.7913382117978216,0.5163795187686083,-0.06223959996830536],[-0.22372411899396707,-0.019825715119515575,-0.22372411899396707,-0.22923775763102905,-0.22923775763102905,-0.18794637245209228,-0.18794637245209228,-0.0752723961932228,-0.0752723961932228,-0.10227935747852629,-0.15607073961600265,0.02904097303899876,-0.13164383411508462,-0.2589833760139567,-0.15377382752050678,-0.1773311082992533,-0.1355983531449956,-0.1125361949579029,-0.1125361949579029,0.00046411389663574936,1.0,-0.1542864004479717,0.06502102574291481,0.19198784818076403,0.7250817104388007,-0.13449668320622055,-0.12744161710092258,-0.1005641771125963,0.11693032482391728,-0.04884930387056123,-0.05966883968861682,0.2610340386511804,0.5419632536899441,-0.17446703152524418,0.02237316226197878,0.0966561610226399],[0.9843911044663923,0.9784776427050262,0.9843911044663923,0.9937990056543251,0.9937990056543251,0.9575319181864343,0.9575319181864343,0.8862070843005877,0.8862070843005877,0.608255086176123,0.9970502334237439,0.5486088621568499,0.8817320565388831,0.9804745221513204,0.9970046793925632,0.9591070215663597,0.9911586470743224,0.855492088015336,0.855492088015336,0.6844171085278463,-0.1542864004479717,1.0,0.2554704231229859,-0.27980884903575687,-0.2001113358259295,0.7333683969094504,0.9083839905505705,0.9070590614676597,0.801904812990098,0.7355695626627838,0.7410769924607705,0.6099849094657949,0.47899862217956707,0.8856008882948906,0.7748737633388512,0.3352763241756222],[0.3223146278559868,0.0649816490993941,0.3223146278559868,0.34949185547692596,0.34949185547692596,0.43860433459631626,0.43860433459631626,0.6353894157802096,0.6353894157802096,0.04596300774259257,0.9154058618342928,0.3685446769068568,0.827819857925671,0.8946127992859982,0.9148445155169943,0.743108778862852,0.8992615492343455,0.6403771951891956,0.6403771951891956,-0.26343365625287785,0.06502102574291481,0.2554704231229859,1.0,-0.4917189338309597,0.6762475238857083,0.4489347767161656,0.291240117098085,0.426204240712368,-0.006083198408849411,0.16800212218541402,0.6493679514652403,0.5243459462652592,0.22564041668626536,0.1395514134374077,0.46933531795627953,0.520715021743584],[-0.2046951793417497,-0.19881356985308973,-0.2046951793417497,-0.2364244275159325,-0.2364244275159325,-0.35863940306634917,-0.35863940306634917,-0.39284122972197005,-0.39284122972197005,0.04343620027620389,-0.5455485118501918,-0.16272084006742085,-0.6290694521292105,-0.7185332984297503,-0.5436139781466701,-0.483899384952042,-0.5374875998066114,-0.28265053913040333,-0.28265053913040333,0.24698761173280492,0.19198784818076403,-0.27980884903575687,-0.4917189338309597,1.0,-0.03406675651508991,-0.234036300880181,-0.26346778586865943,-0.3370595015521051,-0.10433157012172752,-0.13496650413272657,-0.5711654980804083,-0.24748832394096923,-0.051643963103340546,-0.12699721375704356,-0.29464330650562864,-0.442170351808397],[-0.1694996708326901,-0.17054384558478283,-0.1694996708326901,-0.16068289222096008,-0.16068289222096008,-0.07304055567890295,-0.07304055567890295,0.03801305603579933,0.03801305603579933,-0.23924908089925534,0.6341383770240059,-0.21640988775861347,0.6948959950790938,0.7517372348769829,0.6298582211487603,-0.06274911878282166,0.6189343304990784,-0.12786140900453558,-0.12786140900453558,-0.6212858483813599,0.7250817104388007,-0.2001113358259295,0.6762475238857083,-0.03406675651508991,1.0,-0.06108189010069865,-0.0786987277606749,-0.005028221420532734,-0.3264437687666345,-0.30435735649136575,0.07920171938029942,0.1623432535357416,0.26301627015115625,-0.3269896505060822,0.11540385344008192,0.10018012233255548],[0.8538320819304283,0.7251548698682599,0.8538320819304283,0.8436012295337186,0.8436012295337186,0.9006530015409703,0.9006530015409703,0.8369758249364858,0.8369758249364858,0.6954269303637964,0.8493323198490923,0.7112786450054911,0.726030472975676,0.79184714951939,0.8485845113230666,0.9092517472076039,0.883091554491345,0.8557426844247304,0.8557426844247304,0.40665920714830495,-0.13449668320622055,0.7333683969094504,0.4489347767161656,-0.234036300880181,-0.06108189010069865,1.0,0.6389987549414528,0.8711369167007359,0.5379552173925339,0.6470968121145012,0.6667626355043647,0.6659796219291801,0.42281545663856407,0.7479422311252195,0.7671136754709892,0.49232529639373873],[0.8857387817599885,0.8813408626517164,0.8857387817599885,0.9104607184175841,0.9104607184175841,0.8500823004343123,0.8500823004343123,0.764908907053495,0.764908907053495,0.32353885093619017,0.9005653747761526,0.23681807279999603,0.8736926162105149,0.9510120234327806,0.8986221791430715,0.8347545993174257,0.8774384062097803,0.6847087754908101,0.6847087754908101,0.5517809629048995,-0.12744161710092258,0.9083839905505705,0.291240117098085,-0.26346778586865943,-0.0786987277606749,0.6389987549414528,1.0,0.8729681998067256,0.6159473314173657,0.5636609726456989,0.6943065997740275,0.46699499460616206,0.3652435852152939,0.7283454771638632,0.7268495946597262,0.31507731326810395],[0.9187114895657463,0.903530245508019,0.9187114895657463,0.9252949248539517,0.9252949248539517,0.9227989453514605,0.9227989453514605,0.8816100653515786,0.8816100653515786,0.5761370356903254,0.9363119932577649,0.5353184034538008,0.8742971757812138,0.9467507725063662,0.9356598462392987,0.916414960129219,0.9371624274717035,0.8240819488995685,0.8240819488995685,0.5025362791819141,-0.1005641771125963,0.9070590614676597,0.426204240712368,-0.3370595015521051,-0.005028221420532734,0.8711369167007359,0.8729681998067256,1.0,0.6896084386121759,0.5938905471427219,0.7280729371859074,0.5780700373901899,0.45259412009009076,0.7956115131607968,0.8740509080669092,0.35536440334673275],[0.876250055238663,0.8736397180190365,0.876250055238663,0.8462884958274149,0.8462884958274149,0.864822738438717,0.864822738438717,0.8427848231409341,0.8427848231409341,0.7927695026252515,0.8264978159101154,0.7588894069358181,0.6548668301472018,0.7282387017972163,0.8279314114895381,0.8724401846624227,0.867843529051857,0.9127273126710949,0.9127273126710949,0.8467150783747088,0.11693032482391728,0.801904812990098,-0.006083198408849411,-0.10433157012172752,-0.3264437687666345,0.5379552173925339,0.6159473314173657,0.6896084386121759,1.0,0.9147051620371127,0.5941920012033071,0.7143860388788431,0.6706655592256093,0.8857380016872222,0.5614603010823302,0.3622424957442636],[0.770542904735821,0.7770910385159675,0.770542904735821,0.7601193194774276,0.7601193194774276,0.748085259026298,0.748085259026298,0.7684315359194166,0.7684315359194166,0.6650465935262182,0.7793179904625124,0.6796300547709918,0.5918922403009406,0.6496445714710073,0.7807435068538032,0.7791495227724218,0.8063496822203005,0.845525119559268,0.845525119559268,0.7158150552938478,-0.04884930387056123,0.7355695626627838,0.16800212218541402,-0.13496650413272657,-0.30435735649136575,0.6470968121145012,0.5636609726456989,0.5938905471427219,0.9147051620371127,1.0,0.6232594730837413,0.6990298738574272,0.6170696592571062,0.7585936147335048,0.6233574422047609,0.5207524732824634],[0.7137431117751394,0.7064291061745305,0.7137431117751394,0.7401390505457033,0.7401390505457033,0.8368635151292241,0.8368635151292241,0.9079748332009032,0.9079748332009032,0.3132400620512211,0.9493925872462685,0.4592813619171918,0.8591050449853211,0.9372926446173404,0.9485903124935804,0.9038787883674095,0.941469360142231,0.8237594355571495,0.8237594355571495,0.22996350314065753,-0.05966883968861682,0.7410769924607705,0.6493679514652403,-0.5711654980804083,0.07920171938029942,0.6667626355043647,0.6943065997740275,0.7280729371859074,0.5941920012033071,0.6232594730837413,1.0,0.7403640292862496,0.3836251850171799,0.6106197541597013,0.7274542902226389,0.7662977445184505],[0.648817358949218,0.646197595725378,0.648817358949218,0.6339031614872306,0.6339031614872306,0.7335227466660483,0.7335227466660483,0.7816481557707964,0.7816481557707964,0.5204167696806405,0.8098317031931973,0.6736257437907619,0.6356688241779725,0.7259152407192881,0.8113333917581442,0.7761284116156719,0.8511325851488164,0.7718478787061722,0.7718478787061722,0.35755995305354243,0.2610340386511804,0.6099849094657949,0.5243459462652592,-0.24748832394096923,0.1623432535357416,0.6659796219291801,0.46699499460616206,0.5780700373901899,0.7143860388788431,0.6990298738574272,0.7403640292862496,1.0,0.7782559962594319,0.5515934611010548,0.7222921257110828,0.5865587568121805],[0.5715959112439676,0.5959779111215859,0.5715959112439676,0.533031073672716,0.533031073672716,0.6385745541339775,0.6385745541339775,0.6711982474382097,0.6711982474382097,0.5627895065703268,0.6535630348590282,0.6749696456212737,0.4717210806907269,0.4832361296483367,0.6564487153663239,0.694150288048714,0.7115266032530291,0.6888543657869293,0.6888543657869293,0.5769678262192736,0.5419632536899441,0.47899862217956707,0.22564041668626536,-0.051643963103340546,0.26301627015115625,0.42281545663856407,0.3652435852152939,0.45259412009009076,0.6706655592256093,0.6170696592571062,0.3836251850171799,0.7782559962594319,1.0,0.49940988115582774,0.623266590466954,0.23051828709505648],[0.9205080920296661,0.919716272450006,0.9205080920296661,0.9009923415332267,0.9009923415332267,0.8732875455410908,0.8732875455410908,0.8304129953282264,0.8304129953282264,0.7462316245164287,0.8864968172760264,0.6909534063739744,0.7632307169558422,0.8437423976811681,0.8860383534159414,0.8936175478892725,0.9051241107614062,0.8695671610843282,0.8695671610843282,0.7913382117978216,-0.17446703152524418,0.8856008882948906,0.1395514134374077,-0.12699721375704356,-0.3269896505060822,0.7479422311252195,0.7283454771638632,0.7956115131607968,0.8857380016872222,0.7585936147335048,0.6106197541597013,0.5515934611010548,0.49940988115582774,1.0,0.7802973849370675,0.2799269184943114],[0.8935254768368568,0.7870527522042027,0.8935254768368568,0.8885215181920815,0.8885215181920815,0.9118239684861014,0.9118239684861014,0.8925948423608034,0.8925948423608034,0.5549632123472007,0.9655123948226663,0.5166546918253828,0.868088224382623,0.959788090973139,0.96528958826452,0.9087386797838628,0.9710603868856924,0.8139646509151994,0.8139646509151994,0.5163795187686083,0.02237316226197878,0.7748737633388512,0.46933531795627953,-0.29464330650562864,0.11540385344008192,0.7671136754709892,0.7268495946597262,0.8740509080669092,0.5614603010823302,0.6233574422047609,0.7274542902226389,0.7222921257110828,0.623266590466954,0.7802973849370675,1.0,0.3269209990009386],[0.33530333339331403,0.33015496180294157,0.33530333339331403,0.3510166751965123,0.3510166751965123,0.5740785774849059,0.5740785774849059,0.8488031565263265,0.8488031565263265,0.17304916077627738,0.8582275354601429,0.5766937905722191,0.7916156257014794,0.8558232785387678,0.8572459754199458,0.8441718685031404,0.8889514565143086,0.874491879741894,0.874491879741894,-0.06223959996830536,0.0966561610226399,0.3352763241756222,0.520715021743584,-0.442170351808397,0.10018012233255548,0.49232529639373873,0.31507731326810395,0.35536440334673275,0.3622424957442636,0.5207524732824634,0.7662977445184505,0.5865587568121805,0.23051828709505648,0.2799269184943114,0.3269209990009386,1.0]],"x":["^TAIEX       \u81fa\u7063\u52a0\u6b0a\u5831\u916c\u6307\u6578","^TWII        \u81fa\u7063\u52a0\u6b0a\u6307\u6578","^TAIEXx2     \u81fa\u7063\u52a0\u6b0a\u5831\u916c\u6307\u6578_\u65e5\u6b632","^TAI50I      \u81fa\u706350\u5831\u916c\u6307\u6578","^TAI50Ix2    \u81fa\u706350\u5831\u916c\u6307\u6578_\u65e5\u6b632","^TAI100I     \u81fa\u7063\u4e2d\u578b100\u5831\u916c\u6307\u6578","^TAI100Ix2   \u81fa\u7063\u4e2d\u578b100\u5831\u916c\u6307\u6578_\u65e5\u6b632","^TAIDIVIDI   \u81fa\u7063\u9ad8\u80a1\u606f\u5831\u916c\u6307\u6578","^TAIDIVIDIx2 \u81fa\u7063\u9ad8\u80a1\u606f\u5831\u916c\u6307\u6578_\u65e5\u6b632","0050Fund     \u5143\u5927\u53f0\u7063\u5353\u8d8a50\u57fa\u91d1","006208Fund   \u5bcc\u90a6\u53f0\u7063\u91c6\u540950\u57fa\u91d1","0050         \u5143\u5927\u81fa\u706350","00631L       \u5143\u5927\u53f0\u706350\u6b632","00675L       \u5bcc\u90a6\u81fa\u7063\u52a0\u6b0a\u6b632","006208       \u5bcc\u90a6\u53f050","0051         \u5143\u5927\u4e2d\u578b100","006204       \u6c38\u8c50\u81fa\u7063\u52a0\u6b0a","0056         \u5143\u5927\u9ad8\u80a1\u606f","0056         \u5143\u5927\u9ad8\u80a1\u606f_\u80a1\u606f\u4e0d\u6295\u5165","2412         \u4e2d\u83ef\u96fb\u4fe1","2002         \u4e2d\u92fc","2330         \u53f0\u7a4d\u96fb","2317         \u9d3b\u6d77","6505         \u53f0\u5851\u77f3\u5316","3481         \u7fa4\u5275","2303         \u806f\u96fb","2308         \u53f0\u9054\u96fb","2454         \u806f\u767c\u79d1","2886         \u5146\u8c50\u91d1","2884         \u7389\u5c71\u91d1","2891         \u4e2d\u4fe1\u91d1","2892         \u7b2c\u4e00\u91d1","5880         \u5408\u5eab\u91d1","2881         \u5bcc\u90a6\u91d1","2885         \u5143\u5927\u91d1","2887         \u53f0\u65b0\u91d1"],"y":["^TAIEX       \u81fa\u7063\u52a0\u6b0a\u5831\u916c\u6307\u6578","^TWII        \u81fa\u7063\u52a0\u6b0a\u6307\u6578","^TAIEXx2     \u81fa\u7063\u52a0\u6b0a\u5831\u916c\u6307\u6578_\u65e5\u6b632","^TAI50I      \u81fa\u706350\u5831\u916c\u6307\u6578","^TAI50Ix2    \u81fa\u706350\u5831\u916c\u6307\u6578_\u65e5\u6b632","^TAI100I     \u81fa\u7063\u4e2d\u578b100\u5831\u916c\u6307\u6578","^TAI100Ix2   \u81fa\u7063\u4e2d\u578b100\u5831\u916c\u6307\u6578_\u65e5\u6b632","^TAIDIVIDI   \u81fa\u7063\u9ad8\u80a1\u606f\u5831\u916c\u6307\u6578","^TAIDIVIDIx2 \u81fa\u7063\u9ad8\u80a1\u606f\u5831\u916c\u6307\u6578_\u65e5\u6b632","0050Fund     \u5143\u5927\u53f0\u7063\u5353\u8d8a50\u57fa\u91d1","006208Fund   \u5bcc\u90a6\u53f0\u7063\u91c6\u540950\u57fa\u91d1","0050         \u5143\u5927\u81fa\u706350","00631L       \u5143\u5927\u53f0\u706350\u6b632","00675L       \u5bcc\u90a6\u81fa\u7063\u52a0\u6b0a\u6b632","006208       \u5bcc\u90a6\u53f050","0051         \u5143\u5927\u4e2d\u578b100","006204       \u6c38\u8c50\u81fa\u7063\u52a0\u6b0a","0056         \u5143\u5927\u9ad8\u80a1\u606f","0056         \u5143\u5927\u9ad8\u80a1\u606f_\u80a1\u606f\u4e0d\u6295\u5165","2412         \u4e2d\u83ef\u96fb\u4fe1","2002         \u4e2d\u92fc","2330         \u53f0\u7a4d\u96fb","2317         \u9d3b\u6d77","6505         \u53f0\u5851\u77f3\u5316","3481         \u7fa4\u5275","2303         \u806f\u96fb","2308         \u53f0\u9054\u96fb","2454         \u806f\u767c\u79d1","2886         \u5146\u8c50\u91d1","2884         \u7389\u5c71\u91d1","2891         \u4e2d\u4fe1\u91d1","2892         \u7b2c\u4e00\u91d1","5880         \u5408\u5eab\u91d1","2881         \u5bcc\u90a6\u91d1","2885         \u5143\u5927\u91d1","2887         \u53f0\u65b0\u91d1"],"zmin":-1,"zmax":1,"colorbar":{"x":-0.2}}],"layout":{"autotypenumbers":"strict","colorway":["#636efa","#EF553B","#00cc96","#ab63fa","#FFA15A","#19d3f3","#FF6692","#B6E880","#FF97FF","#FECB52"],"font":{"color":"#f2f5fa","family":"Courier New"},"hovermode":"closest","hoverlabel":{"align":"left"},"paper_bgcolor":"rgb(17,17,17)","plot_bgcolor":"rgb(17,17,17)","polar":{"bgcolor":"rgb(17,17,17)","angularaxis":{"gridcolor":"#506784","linecolor":"#506784","ticks":""},"radialaxis":{"gridcolor":"#506784","linecolor":"#506784","ticks":""}},"ternary":{"bgcolor":"rgb(17,17,17)","aaxis":{"gridcolor":"#506784","linecolor":"#506784","ticks":""},"baxis":{"gridcolor":"#506784","linecolor":"#506784","ticks":""},"caxis":{"gridcolor":"#506784","linecolor":"#506784","ticks":""}},"coloraxis":{"colorbar":{"outlinewidth":0,"ticks":""}},"colorscale":{"sequential":[[0.0,"#0d0887"],[0.1111111111111111,"#46039f"],[0.2222222222222222,"#7201a8"],[0.3333333333333333,"#9c179e"],[0.4444444444444444,"#bd3786"],[0.5555555555555556,"#d8576b"],[0.6666666666666666,"#ed7953"],[0.7777777777777778,"#fb9f3a"],[0.8888888888888888,"#fdca26"],[1.0,"#f0f921"]],"sequentialminus":[[0.0,"#0d0887"],[0.1111111111111111,"#46039f"],[0.2222222222222222,"#7201a8"],[0.3333333333333333,"#9c179e"],[0.4444444444444444,"#bd3786"],[0.5555555555555556,"#d8576b"],[0.6666666666666666,"#ed7953"],[0.7777777777777778,"#fb9f3a"],[0.8888888888888888,"#fdca26"],[1.0,"#f0f921"]],"diverging":[[0,"#8e0152"],[0.1,"#c51b7d"],[0.2,"#de77ae"],[0.3,"#f1b6da"],[0.4,"#fde0ef"],[0.5,"#f7f7f7"],[0.6,"#e6f5d0"],[0.7,"#b8e186"],[0.8,"#7fbc41"],[0.9,"#4d9221"],[1,"#276419"]]},"xaxis":{"gridcolor":"rgba(0, 0, 0, 0)","linecolor":"#506784","ticks":"","title":{"standoff":15},"zerolinecolor":"#283442","automargin":true,"zerolinewidth":2,"tickfont":{"family":"Courier New","size":14},"side":"top","tickangle":-90},"yaxis":{"gridcolor":"rgba(0, 0, 0, 0)","linecolor":"#506784","ticks":"","title":{"standoff":15},"zerolinecolor":"#283442","automargin":true,"zerolinewidth":2,"tickfont":{"family":"Courier New"},"side":"right"},"scene":{"xaxis":{"backgroundcolor":"rgb(17,17,17)","gridcolor":"#506784","linecolor":"#506784","showbackground":true,"ticks":"","zerolinecolor":"#C8D4E3","gridwidth":2},"yaxis":{"backgroundcolor":"rgb(17,17,17)","gridcolor":"#506784","linecolor":"#506784","showbackground":true,"ticks":"","zerolinecolor":"#C8D4E3","gridwidth":2},"zaxis":{"backgroundcolor":"rgb(17,17,17)","gridcolor":"#506784","linecolor":"#506784","showbackground":true,"ticks":"","zerolinecolor":"#C8D4E3","gridwidth":2}},"shapedefaults":{"line":{"color":"#f2f5fa"}},"annotationdefaults":{"arrowcolor":"#f2f5fa","arrowhead":0,"arrowwidth":1},"geo":{"bgcolor":"rgb(17,17,17)","landcolor":"rgb(17,17,17)","subunitcolor":"#506784","showland":true,"showlakes":true,"lakecolor":"rgb(17,17,17)"},"title":{"x":0.05,"font":{"family":"Times New Roman"},"y":0.05,"text":"<b>Correlation of Close<b><br><i>2016-09-23 ~ 2026-06-17<i>"},"updatemenudefaults":{"bgcolor":"#506784","borderwidth":0},"sliderdefaults":{"bgcolor":"#C8D4E3","borderwidth":1,"bordercolor":"rgb(17,17,17)","tickwidth":0},"mapbox":{"style":"dark"},"annotations":[{"text":"<b>@zwindr<b>","textangle":0,"opacity":0.5,"font":{"color":"white","size":12},"xref":"paper","yref":"paper","xanchor":"left","yanchor":"bottom","x":1.0,"y":1.0,"showarrow":false}]},"config":{"responsive":true,"toImageButtonOptions":{"filename":"Correlation of Close_2016-09-23~2026-06-17","scale":5}}};Plotly.newPlot("correlationClose",correlationClose.data,correlationClose.layout||{},correlationClose.config);}else{console.log("style display is none => correlationClose");}