var config = { responsive: true }

var correlationAdjClose = {"data": [{"type": "heatmap", "z": [[1.0, 0.9936730247527683, 0.9759219731283073, 0.9977985518742049, 0.9644800999758033, 0.9805666922760984, -0.9397520481336173, 0.9895115081986634, 0.9681851191570733, 0.9966378262438952, 0.9929183108565637, 0.9938292893296401, 0.9972503833033063, 0.9780777441588004, 0.9995614079933534, 0.9866352875635215, 0.9130048665962259, 0.7563736270032246, 0.9856028272144064, 0.923934049597863, 0.4774634576603661, -0.34233504804021847, 0.898774725823714, 0.9735598485474557, 0.9516001832026818], [0.9936730247527683, 1.0, 0.9712892804528789, 0.9912711835546204, 0.9602625272174561, 0.9756888491672148, -0.9348928726542259, 0.979817458173534, 0.9609615356732871, 0.9938718714688919, 0.9918823808115296, 0.991113477876515, 0.9952277695638747, 0.9728920325332313, 0.9963661993567099, 0.9826424292208908, 0.9016736635958906, 0.7636363780335613, 0.9665511777834579, 0.9019880537410389, 0.4747813676705601, -0.2652179760823837, 0.8710197230420359, 0.9609118713429214, 0.9517659061334839], [0.9759219731283073, 0.9712892804528789, 1.0, 0.9817849537683968, 0.9963119513538995, 0.9788603865883185, -0.9750094115915121, 0.9691610427811744, 0.9831505291744616, 0.9857304819885334, 0.9973584311657542, 0.9972675511065436, 0.9885569624634817, 0.9772428815708492, 0.9876350298268413, 0.9756016261349358, 0.8157024332516969, 0.6479336295157655, 0.9895410525150151, 0.9124811836342203, 0.31188437177168565, -0.2613919717252994, 0.9070752729662541, 0.9399240958534584, 0.97769355228253], [0.9977985518742049, 0.9912711835546204, 0.9817849537683968, 1.0, 0.9755062675143817, 0.9728865338016018, -0.9343957057407631, 0.9840719780571505, 0.9654974268490092, 0.9992676798643952, 0.9918673020145026, 0.99036049583178, 0.9999030151607976, 0.9680522481671556, 0.9960580714631991, 0.9815471892752936, 0.8986790061226648, 0.7287419610281075, 0.9931270578362696, 0.9256101298757338, 0.4568749509549912, -0.3340832527237242, 0.8982884796741899, 0.9674917431080553, 0.9576183199287687], [0.9644800999758033, 0.9602625272174561, 0.9963119513538995, 0.9755062675143817, 1.0, 0.9591313812311487, -0.9568816636552815, 0.9549017398207496, 0.9712748836627978, 0.982052814501842, 0.9880573873194954, 0.9845218828696767, 0.9849787733094225, 0.9566849448864911, 0.9763624695814082, 0.9614919811818047, 0.7957030932819045, 0.6157432010584506, 0.9887615742009982, 0.9094241201962686, 0.29187852653737667, -0.2540088372675715, 0.8908216439625984, 0.9250237884146127, 0.975691440708633], [0.9805666922760984, 0.9756888491672148, 0.9788603865883185, 0.9728865338016018, 0.9591313812311487, 1.0, -0.9797810064656253, 0.9795266536631102, 0.9789502052770733, 0.9719766294174123, 0.9762228085075169, 0.9741555489314053, 0.9686123289703734, 0.9988803191621116, 0.9859970644025721, 0.9858264329836002, 0.852563120366897, 0.7224686804417271, 0.9670965600731822, 0.891409968805604, 0.3394810284507893, -0.25267639507124406, 0.9356261492955903, 0.9558696848276704, 0.9579607346231703], [-0.9397520481336173, -0.9348928726542259, -0.9750094115915121, -0.9343957057407631, -0.9568816636552815, -0.9797810064656253, 1.0, -0.9491134512361703, -0.9825916317670604, -0.9419667581975887, -0.9730047171846492, -0.9749833141119271, -0.9473663485603256, -0.9860591951468131, -0.9634876126435373, -0.9649655501484256, -0.7612467789934599, -0.619413744640909, -0.9406351655972431, -0.8781487084403004, -0.19401652041497425, 0.182767698818004, -0.903090366774048, -0.9100025284418597, -0.9553587950374007], [0.9895115081986634, 0.979817458173534, 0.9691610427811744, 0.9840719780571505, 0.9549017398207496, 0.9795266536631102, -0.9491134512361703, 1.0, 0.9815408353566699, 0.9809909837714867, 0.9746043708759822, 0.9735150834310888, 0.9794790577844079, 0.9755789630869616, 0.9870413205537525, 0.996425934362517, 0.920918763797023, 0.6930104443068292, 0.9738940006655039, 0.8974787606401496, 0.3438963478574026, -0.3497939677674518, 0.903799257396611, 0.95456052622044, 0.9340367590364957], [0.9681851191570733, 0.9609615356732871, 0.9831505291744616, 0.9654974268490092, 0.9712748836627978, 0.9789502052770733, -0.9825916317670604, 0.9815408353566699, 1.0, 0.9646622305179856, 0.9713707096029846, 0.9682941333783663, 0.9616670909888853, 0.977158528684822, 0.9687540983674802, 0.9871339310840246, 0.8444735713043316, 0.6186974557803948, 0.9660171593538173, 0.9053812373174247, 0.19918728044685066, -0.2649888552679895, 0.8853075888760491, 0.9293108931792494, 0.9573325736068552], [0.9966378262438952, 0.9938718714688919, 0.9857304819885334, 0.9992676798643952, 0.982052814501842, 0.9719766294174123, -0.9419667581975887, 0.9809909837714867, 0.9646622305179856, 1.0, 0.9908542834869475, 0.9889764966766783, 0.999839687418055, 0.9690022725731483, 0.9953256962393312, 0.981666897128997, 0.9114002345428376, 0.704065848128731, 0.9954699986925164, 0.9192387044462386, 0.2801290637570962, -0.2957265810550575, 0.9301331872303644, 0.9570188772805446, 0.9557163715668133], [0.9929183108565637, 0.9918823808115296, 0.9973584311657542, 0.9918673020145026, 0.9880573873194954, 0.9762228085075169, -0.9730047171846492, 0.9746043708759822, 0.9713707096029846, 0.9908542834869475, 1.0, 0.9996623534143932, 0.9916463313928209, 0.9772444265804189, 0.9932533301159278, 0.9760965491981682, 0.9061246329603353, 0.6044736540196496, 0.9871889180982432, 0.8902550969964055, -0.2698093381269869, 0.3242770006546837, 0.9081572925710583, 0.9526483115426889, 0.9763512752230349], [0.9938292893296401, 0.991113477876515, 0.9972675511065436, 0.99036049583178, 0.9845218828696767, 0.9741555489314053, -0.9749833141119271, 0.9735150834310888, 0.9682941333783663, 0.9889764966766783, 0.9996623534143932, 1.0, 0.990148255613227, 0.9752803622266262, 0.9939323116540836, 0.9752590521963895, 0.9146963230993076, 0.49336361027697273, 0.9823254528554245, 0.8768214383319203, -0.6853597269591177, 0.3599132377964048, 0.8814414125881217, 0.9494043274089653, 0.9757681129895347], [0.9972503833033063, 0.9952277695638747, 0.9885569624634817, 0.9999030151607976, 0.9849787733094225, 0.9686123289703734, -0.9473663485603256, 0.9794790577844079, 0.9616670909888853, 0.999839687418055, 0.9916463313928209, 0.990148255613227, 1.0, 0.9693070556821566, 0.9956368755297171, 0.980474092416164, 0.9289083862230926, 0.6648127449216592, 0.9969569387032685, 0.8991280645540468, 0.02929672573428193, 0.23857816360411424, 0.919577386003653, 0.949380128665857, 0.9637986620983637], [0.9780777441588004, 0.9728920325332313, 0.9772428815708492, 0.9680522481671556, 0.9566849448864911, 0.9988803191621116, -0.9860591951468131, 0.9755789630869616, 0.977158528684822, 0.9690022725731483, 0.9772444265804189, 0.9752803622266262, 0.9693070556821566, 1.0, 0.9861306784745656, 0.9835699387047232, 0.8666139592307295, 0.7241360467944097, 0.9624828334885244, 0.8808946739475767, 0.19818196083467035, -0.22169002318896316, 0.9446798597372341, 0.9508845769383985, 0.9569649647678816], [0.9995614079933534, 0.9963661993567099, 0.9876350298268413, 0.9960580714631991, 0.9763624695814082, 0.9859970644025721, -0.9634876126435373, 0.9870413205537525, 0.9687540983674802, 0.9953256962393312, 0.9932533301159278, 0.9939323116540836, 0.9956368755297171, 0.9861306784745656, 1.0, 0.9873637770483235, 0.9357473897075922, 0.7020295535635965, 0.9893940622149621, 0.8958503992095029, 0.07491852402401104, 0.23545131209160422, 0.9373651034700252, 0.959458673792008, 0.9626081197635638], [0.9866352875635215, 0.9826424292208908, 0.9756016261349358, 0.9815471892752936, 0.9614919811818047, 0.9858264329836002, -0.9649655501484256, 0.996425934362517, 0.9871339310840246, 0.981666897128997, 0.9760965491981682, 0.9752590521963895, 0.980474092416164, 0.9835699387047232, 0.9873637770483235, 1.0, 0.9035778310036631, 0.6942050494639377, 0.9732701446692503, 0.8971059870989226, 0.27587565957116295, -0.2890496038650789, 0.9152824604656016, 0.9444314402918893, 0.9451275594935692], [0.9130048665962259, 0.9016736635958906, 0.8157024332516969, 0.8986790061226648, 0.7957030932819045, 0.852563120366897, -0.7612467789934599, 0.920918763797023, 0.8444735713043316, 0.9114002345428376, 0.9061246329603353, 0.9146963230993076, 0.9289083862230926, 0.8666139592307295, 0.9357473897075922, 0.9035778310036631, 1.0, 0.8576500668874659, 0.8469307593409799, 0.8735542151645355, 0.7258093966637494, -0.5808814069740619, 0.6737971586827705, 0.9105896311463076, 0.7879435458685674], [0.7563736270032246, 0.7636363780335613, 0.6479336295157655, 0.7287419610281075, 0.6157432010584506, 0.7224686804417271, -0.619413744640909, 0.6930104443068292, 0.6186974557803948, 0.704065848128731, 0.6044736540196496, 0.49336361027697273, 0.6648127449216592, 0.7241360467944097, 0.7020295535635965, 0.6942050494639377, 0.8576500668874659, 1.0, 0.649205708405212, 0.7555347203315642, 0.7325067153806091, -0.15407009144403405, 0.5389296735648285, 0.7680915308821394, 0.6519391787521024], [0.9856028272144064, 0.9665511777834579, 0.9895410525150151, 0.9931270578362696, 0.9887615742009982, 0.9670965600731822, -0.9406351655972431, 0.9738940006655039, 0.9660171593538173, 0.9954699986925164, 0.9871889180982432, 0.9823254528554245, 0.9969569387032685, 0.9624828334885244, 0.9893940622149621, 0.9732701446692503, 0.8469307593409799, 0.649205708405212, 1.0, 0.8968861500603523, 0.3844329989421684, -0.327536431369935, 0.8860443576854969, 0.9496106710940401, 0.9674459966553063], [0.923934049597863, 0.9019880537410389, 0.9124811836342203, 0.9256101298757338, 0.9094241201962686, 0.891409968805604, -0.8781487084403004, 0.8974787606401496, 0.9053812373174247, 0.9192387044462386, 0.8902550969964055, 0.8768214383319203, 0.8991280645540468, 0.8808946739475767, 0.8958503992095029, 0.8971059870989226, 0.8735542151645355, 0.7555347203315642, 0.8968861500603523, 1.0, 0.4344492701974295, -0.23565594345176705, 0.6965389161744614, 0.9194042645263357, 0.8814358398470475], [0.4774634576603661, 0.4747813676705601, 0.31188437177168565, 0.4568749509549912, 0.29187852653737667, 0.3394810284507893, -0.19401652041497425, 0.3438963478574026, 0.19918728044685066, 0.2801290637570962, -0.2698093381269869, -0.6853597269591177, 0.02929672573428193, 0.19818196083467035, 0.07491852402401104, 0.27587565957116295, 0.7258093966637494, 0.7325067153806091, 0.3844329989421684, 0.4344492701974295, 1.0, -0.4257439673209683, 0.3125282480704236, 0.4619727876585269, 0.2543401875008995], [-0.34233504804021847, -0.2652179760823837, -0.2613919717252994, -0.3340832527237242, -0.2540088372675715, -0.25267639507124406, 0.182767698818004, -0.3497939677674518, -0.2649888552679895, -0.2957265810550575, 0.3242770006546837, 0.3599132377964048, 0.23857816360411424, -0.22169002318896316, 0.23545131209160422, -0.2890496038650789, -0.5808814069740619, -0.15407009144403405, -0.327536431369935, -0.23565594345176705, -0.4257439673209683, 1.0, -0.18730115149576676, -0.37282081169949827, -0.20627304224609475], [0.898774725823714, 0.8710197230420359, 0.9070752729662541, 0.8982884796741899, 0.8908216439625984, 0.9356261492955903, -0.903090366774048, 0.903799257396611, 0.8853075888760491, 0.9301331872303644, 0.9081572925710583, 0.8814414125881217, 0.919577386003653, 0.9446798597372341, 0.9373651034700252, 0.9152824604656016, 0.6737971586827705, 0.5389296735648285, 0.8860443576854969, 0.6965389161744614, 0.3125282480704236, -0.18730115149576676, 1.0, 0.8324141654005062, 0.8844337769630791], [0.9735598485474557, 0.9609118713429214, 0.9399240958534584, 0.9674917431080553, 0.9250237884146127, 0.9558696848276704, -0.9100025284418597, 0.95456052622044, 0.9293108931792494, 0.9570188772805446, 0.9526483115426889, 0.9494043274089653, 0.949380128665857, 0.9508845769383985, 0.959458673792008, 0.9444314402918893, 0.9105896311463076, 0.7680915308821394, 0.9496106710940401, 0.9194042645263357, 0.4619727876585269, -0.37282081169949827, 0.8324141654005062, 1.0, 0.928033619639042], [0.9516001832026818, 0.9517659061334839, 0.97769355228253, 0.9576183199287687, 0.975691440708633, 0.9579607346231703, -0.9553587950374007, 0.9340367590364957, 0.9573325736068552, 0.9557163715668133, 0.9763512752230349, 0.9757681129895347, 0.9637986620983637, 0.9569649647678816, 0.9626081197635638, 0.9451275594935692, 0.7879435458685674, 0.6519391787521024, 0.9674459966553063, 0.8814358398470475, 0.2543401875008995, -0.20627304224609475, 0.8844337769630791, 0.928033619639042, 1.0]], "x": ["^TAIEX       \u81fa\u7063\u52a0\u6b0a\u5831\u916c\u6307\u6578", "^TWII        \u81fa\u7063\u52a0\u6b0a\u6307\u6578", "^TAIEXx2     \u81fa\u7063\u52a0\u6b0a\u5831\u916c\u6307\u6578_\u65e5\u6b632", "^TAI50I      \u81fa\u706350\u5831\u916c\u6307\u6578", "^TAI50Ix2    \u81fa\u706350\u5831\u916c\u6307\u6578_\u65e5\u6b632", "^TAI100I     \u81fa\u7063\u4e2d\u578b100\u5831\u916c\u6307\u6578", "^TAI100Ix2   \u81fa\u7063\u4e2d\u578b100\u5831\u916c\u6307\u6578_\u65e5\u6b632", "^TAIDIVIDI   \u81fa\u7063\u9ad8\u80a1\u606f\u5831\u916c\u6307\u6578", "^TAIDIVIDIx2 \u81fa\u7063\u9ad8\u80a1\u606f\u5831\u916c\u6307\u6578_\u65e5\u6b632", "0050         \u5143\u5927\u81fa\u706350", "00631L       \u5143\u5927\u53f0\u706350\u6b632", "00675L       \u5bcc\u90a6\u81fa\u7063\u52a0\u6b0a\u6b632", "006208       \u5bcc\u90a6\u53f050", "0051         \u5143\u5927\u4e2d\u578b100", "006204       \u6c38\u8c50\u81fa\u7063\u52a0\u6b0a", "0056         \u5143\u5927\u9ad8\u80a1\u606f", "2412         \u4e2d\u83ef\u96fb\u4fe1", "2002         \u4e2d\u92fc", "2330         \u53f0\u7a4d\u96fb", "2317         \u9d3b\u6d77", "6505         \u53f0\u5851\u77f3\u5316", "3481         \u7fa4\u5275", "2303         \u806f\u96fb", "2308         \u53f0\u9054\u96fb", "2454         \u806f\u767c\u79d1"], "y": ["^TAIEX       \u81fa\u7063\u52a0\u6b0a\u5831\u916c\u6307\u6578", "^TWII        \u81fa\u7063\u52a0\u6b0a\u6307\u6578", "^TAIEXx2     \u81fa\u7063\u52a0\u6b0a\u5831\u916c\u6307\u6578_\u65e5\u6b632", "^TAI50I      \u81fa\u706350\u5831\u916c\u6307\u6578", "^TAI50Ix2    \u81fa\u706350\u5831\u916c\u6307\u6578_\u65e5\u6b632", "^TAI100I     \u81fa\u7063\u4e2d\u578b100\u5831\u916c\u6307\u6578", "^TAI100Ix2   \u81fa\u7063\u4e2d\u578b100\u5831\u916c\u6307\u6578_\u65e5\u6b632", "^TAIDIVIDI   \u81fa\u7063\u9ad8\u80a1\u606f\u5831\u916c\u6307\u6578", "^TAIDIVIDIx2 \u81fa\u7063\u9ad8\u80a1\u606f\u5831\u916c\u6307\u6578_\u65e5\u6b632", "0050         \u5143\u5927\u81fa\u706350", "00631L       \u5143\u5927\u53f0\u706350\u6b632", "00675L       \u5bcc\u90a6\u81fa\u7063\u52a0\u6b0a\u6b632", "006208       \u5bcc\u90a6\u53f050", "0051         \u5143\u5927\u4e2d\u578b100", "006204       \u6c38\u8c50\u81fa\u7063\u52a0\u6b0a", "0056         \u5143\u5927\u9ad8\u80a1\u606f", "2412         \u4e2d\u83ef\u96fb\u4fe1", "2002         \u4e2d\u92fc", "2330         \u53f0\u7a4d\u96fb", "2317         \u9d3b\u6d77", "6505         \u53f0\u5851\u77f3\u5316", "3481         \u7fa4\u5275", "2303         \u806f\u96fb", "2308         \u53f0\u9054\u96fb", "2454         \u806f\u767c\u79d1"], "zmin": -1, "zmax": 1, "colorbar": {"x": -0.2}}], "layout": {"autotypenumbers": "strict", "colorway": ["#636efa", "#EF553B", "#00cc96", "#ab63fa", "#FFA15A", "#19d3f3", "#FF6692", "#B6E880", "#FF97FF", "#FECB52"], "font": {"color": "#f2f5fa", "family": "Courier New"}, "hovermode": "closest", "hoverlabel": {"align": "left"}, "paper_bgcolor": "rgb(17,17,17)", "plot_bgcolor": "rgb(17,17,17)", "polar": {"bgcolor": "rgb(17,17,17)", "angularaxis": {"gridcolor": "#506784", "linecolor": "#506784", "ticks": ""}, "radialaxis": {"gridcolor": "#506784", "linecolor": "#506784", "ticks": ""}}, "ternary": {"bgcolor": "rgb(17,17,17)", "aaxis": {"gridcolor": "#506784", "linecolor": "#506784", "ticks": ""}, "baxis": {"gridcolor": "#506784", "linecolor": "#506784", "ticks": ""}, "caxis": {"gridcolor": "#506784", "linecolor": "#506784", "ticks": ""}}, "coloraxis": {"colorbar": {"outlinewidth": 0, "ticks": ""}}, "colorscale": {"sequential": [[0.0, "#0d0887"], [0.1111111111111111, "#46039f"], [0.2222222222222222, "#7201a8"], [0.3333333333333333, "#9c179e"], [0.4444444444444444, "#bd3786"], [0.5555555555555556, "#d8576b"], [0.6666666666666666, "#ed7953"], [0.7777777777777778, "#fb9f3a"], [0.8888888888888888, "#fdca26"], [1.0, "#f0f921"]], "sequentialminus": [[0.0, "#0d0887"], [0.1111111111111111, "#46039f"], [0.2222222222222222, "#7201a8"], [0.3333333333333333, "#9c179e"], [0.4444444444444444, "#bd3786"], [0.5555555555555556, "#d8576b"], [0.6666666666666666, "#ed7953"], [0.7777777777777778, "#fb9f3a"], [0.8888888888888888, "#fdca26"], [1.0, "#f0f921"]], "diverging": [[0, "#8e0152"], [0.1, "#c51b7d"], [0.2, "#de77ae"], [0.3, "#f1b6da"], [0.4, "#fde0ef"], [0.5, "#f7f7f7"], [0.6, "#e6f5d0"], [0.7, "#b8e186"], [0.8, "#7fbc41"], [0.9, "#4d9221"], [1, "#276419"]]}, "xaxis": {"gridcolor": "rgba(0, 0, 0, 0)", "linecolor": "#506784", "ticks": "", "title": {"standoff": 15}, "zerolinecolor": "#283442", "automargin": true, "zerolinewidth": 2, "tickfont": {"family": "Courier New", "size": 14}, "side": "top", "tickangle": -90}, "yaxis": {"gridcolor": "rgba(0, 0, 0, 0)", "linecolor": "#506784", "ticks": "", "title": {"standoff": 15}, "zerolinecolor": "#283442", "automargin": true, "zerolinewidth": 2, "tickfont": {"family": "Courier New"}, "side": "right"}, "scene": {"xaxis": {"backgroundcolor": "rgb(17,17,17)", "gridcolor": "#506784", "linecolor": "#506784", "showbackground": true, "ticks": "", "zerolinecolor": "#C8D4E3", "gridwidth": 2}, "yaxis": {"backgroundcolor": "rgb(17,17,17)", "gridcolor": "#506784", "linecolor": "#506784", "showbackground": true, "ticks": "", "zerolinecolor": "#C8D4E3", "gridwidth": 2}, "zaxis": {"backgroundcolor": "rgb(17,17,17)", "gridcolor": "#506784", "linecolor": "#506784", "showbackground": true, "ticks": "", "zerolinecolor": "#C8D4E3", "gridwidth": 2}}, "shapedefaults": {"line": {"color": "#f2f5fa"}}, "annotationdefaults": {"arrowcolor": "#f2f5fa", "arrowhead": 0, "arrowwidth": 1}, "geo": {"bgcolor": "rgb(17,17,17)", "landcolor": "rgb(17,17,17)", "subunitcolor": "#506784", "showland": true, "showlakes": true, "lakecolor": "rgb(17,17,17)"}, "title": {"x": 0.05, "font": {"family": "Times New Roman"}, "y": 0.05, "text": "<b>Correlation of Adj Close <b><br><i>2016/09/23 ~ 2025/06/06<i>"}, "updatemenudefaults": {"bgcolor": "#506784", "borderwidth": 0}, "sliderdefaults": {"bgcolor": "#C8D4E3", "borderwidth": 1, "bordercolor": "rgb(17,17,17)", "tickwidth": 0}, "mapbox": {"style": "dark"}, "height": 600}};

Plotly.newPlot("correlationAdjClose",
    correlationAdjClose.data,
    correlationAdjClose.layout || {},
    config);