var element=document.getElementById("correlationClose");if(element.style.display!='none'){var correlationClose={"data":[{"type":"heatmap","z":[[1.0,0.999999999999998,1.0,0.9956239184792885,0.9956239184792885,0.9792370168554043,0.9792370168554043,0.934154053485483,0.934154053485483,0.6609734113654828,0.9964106451191495,0.5929869345298983,0.8953086483413255,0.9846817993545532,0.9964761041852157,0.9819740558257599,0.9994479360933807,0.9158907401906642,0.9158907401906642,0.7423899046123201,-0.2342055718452185,0.9856849913398188,0.34378918267691133,-0.21284951313478664,-0.13348488415170323,0.8646178974910503,0.8956474552350627,0.9215759070955789,0.871518914783302,0.7673672823482698,0.7384058310758809,0.6565245102548478,0.5632497759977713,0.9236679637146732,0.9029356043296188,0.3798962542111265],[0.999999999999998,1.0,0.9999999999999981,0.9955729897862183,0.9955729897862183,0.9789360561521074,0.9789360561521074,0.9349001178543025,0.9349001178543025,0.6592386501539046,0.9964504256403828,0.5900116310492142,0.8974274902984686,0.984415872458132,0.9965314232571977,0.9819536156483202,0.9994538438523032,0.9162308533973367,0.9162308533973367,0.7564589743784537,-0.035191473898634626,0.9804912778066265,0.08459370496115627,-0.20817674061402222,-0.12860755079513625,0.7549028214726388,0.8925935842008101,0.9084089421563789,0.8679397945450826,0.7728678022031585,0.7354599518320157,0.6556413471042821,0.5852946147197661,0.9237131214738575,0.8076689513260226,0.38205417708089884],[1.0,0.9999999999999981,1.0,0.9956239184792885,0.9956239184792885,0.9792370168554043,0.9792370168554043,0.934154053485483,0.934154053485483,0.6609734113654828,0.9964106451191495,0.5929869345298983,0.8953086483413255,0.9846817993545532,0.9964761041852157,0.9819740558257599,0.9994479360933807,0.9158907401906642,0.9158907401906642,0.7423899046123201,-0.2342055718452185,0.9856849913398188,0.34378918267691133,-0.21284951313478664,-0.13348488415170323,0.8646178974910503,0.8956474552350627,0.9215759070955789,0.871518914783302,0.7673672823482698,0.7384058310758809,0.6565245102548478,0.5632497759977713,0.9236679637146732,0.9029356043296188,0.3798962542111265],[0.9956239184792885,0.9955729897862183,0.9956239184792885,1.0,1.0,0.9689976556547016,0.9689976556547016,0.9197631801782699,0.9197631801782699,0.6134881511819117,0.9997643807568425,0.547892175316366,0.9028546025102384,0.9886119785776089,0.9997238553706237,0.9678089025909281,0.9959072436584169,0.8890222573983279,0.8890222573983279,0.706714813257671,-0.23886034053146035,0.9941197816680517,0.36990629981934864,-0.2429274525986125,-0.12322214110863068,0.8584597455872395,0.9191386432881246,0.9296992381437632,0.8410079032174589,0.7552953590529048,0.7637533075195332,0.6415302089344437,0.524541941914825,0.9045619345968271,0.8993736263025262,0.3965799643445925],[0.9956239184792885,0.9955729897862183,0.9956239184792885,1.0,1.0,0.9689976556547016,0.9689976556547016,0.9197631801782699,0.9197631801782699,0.6134881511819117,0.9997643807568425,0.547892175316366,0.9028546025102384,0.9886119785776089,0.9997238553706237,0.9678089025909281,0.9959072436584169,0.8890222573983279,0.8890222573983279,0.706714813257671,-0.23886034053146035,0.9941197816680517,0.36990629981934864,-0.2429274525986125,-0.12322214110863068,0.8584597455872395,0.9191386432881246,0.9296992381437632,0.8410079032174589,0.7552953590529048,0.7637533075195332,0.6415302089344437,0.524541941914825,0.9045619345968271,0.8993736263025262,0.3965799643445925],[0.9792370168554043,0.9789360561521074,0.9792370168554043,0.9689976556547016,0.9689976556547016,1.0,1.0,0.9518837425190471,0.9518837425190471,0.6495764717975105,0.9676334090918522,0.6190469404451439,0.8687997177935332,0.9511482712719163,0.9675994358317296,0.999235746171911,0.9831226009795424,0.9239382767481986,0.9239382767481986,0.654174478157776,-0.2010348825699982,0.960830381831685,0.4543700598707438,-0.3624045130998359,-0.044579299710657695,0.9037930254173596,0.8620971251078526,0.9230026181566953,0.8623912754134322,0.7472304829761668,0.8503054163516739,0.737790422434062,0.6295531200376968,0.8802322604537395,0.9182786198736028,0.6058336700325366],[0.9792370168554043,0.9789360561521074,0.9792370168554043,0.9689976556547016,0.9689976556547016,1.0,1.0,0.9518837425190471,0.9518837425190471,0.6495764717975105,0.9676334090918522,0.6190469404451439,0.8687997177935332,0.9511482712719163,0.9675994358317296,0.999235746171911,0.9831226009795424,0.9239382767481986,0.9239382767481986,0.654174478157776,-0.2010348825699982,0.960830381831685,0.4543700598707438,-0.3624045130998359,-0.044579299710657695,0.9037930254173596,0.8620971251078526,0.9230026181566953,0.8623912754134322,0.7472304829761668,0.8503054163516739,0.737790422434062,0.6295531200376968,0.8802322604537395,0.9182786198736028,0.6058336700325366],[0.934154053485483,0.9349001178543025,0.934154053485483,0.9197631801782699,0.9197631801782699,0.9518837425190471,0.9518837425190471,1.0,1.0,0.6309456266733928,0.950634529701795,0.6306113895808283,0.8451084766864909,0.9283762221720848,0.9505076806878802,0.953695884330247,0.9599657309971864,0.9720000282890977,0.9720000282890977,0.623122720020093,-0.09467836969221793,0.8963584407057236,0.6461197401883939,-0.3984851715479216,0.06451937764060699,0.8506220982348593,0.7884259757574633,0.8888339292803525,0.8400210824302676,0.7653631501484646,0.9164054769590133,0.7829767027511708,0.6589384675129191,0.8414213228261976,0.9024011063206075,0.8628053189004842],[0.934154053485483,0.9349001178543025,0.934154053485483,0.9197631801782699,0.9197631801782699,0.9518837425190471,0.9518837425190471,1.0,1.0,0.6309456266733928,0.950634529701795,0.6306113895808283,0.8451084766864909,0.9283762221720848,0.9505076806878802,0.953695884330247,0.9599657309971864,0.9720000282890977,0.9720000282890977,0.623122720020093,-0.09467836969221793,0.8963584407057236,0.6461197401883939,-0.3984851715479216,0.06451937764060699,0.8506220982348593,0.7884259757574633,0.8888339292803525,0.8400210824302676,0.7653631501484646,0.9164054769590133,0.7829767027511708,0.6589384675129191,0.8414213228261976,0.9024011063206075,0.8628053189004842],[0.6609734113654828,0.6592386501539046,0.6609734113654828,0.6134881511819117,0.6134881511819117,0.6495764717975105,0.6495764717975105,0.6309456266733928,0.6309456266733928,1.0,0.4527109425166739,0.9999685405932571,0.24024131917198244,0.1948006557643953,0.4554875468321918,0.6411178342233544,0.529511957619188,0.7362259702914237,0.7362259702914237,0.6822112974023894,-0.1052146194007762,0.5935985942087716,0.051389701500424954,0.04063485346859828,-0.2344227707335427,0.6517531612627804,0.3178070768341413,0.5430014271425796,0.7896330312467753,0.6645959216338991,0.31131472359620344,0.5205432736491711,0.563867191540241,0.7348445179442923,0.5370421910003765,0.17823296743031722],[0.9964106451191495,0.9964504256403828,0.9964106451191495,0.9997643807568425,0.9997643807568425,0.9676334090918522,0.9676334090918522,0.950634529701795,0.950634529701795,0.4527109425166739,1.0,0.4539593176515721,0.9028471915927326,0.9881560033041402,0.9999583617652348,0.9647004481911725,0.9958094988029319,0.9018425936281206,0.9018425936281206,0.8332439788402927,-0.1792499797870774,0.9969414247762027,0.9151488798084801,-0.5408755505675635,0.6808945066578115,0.8673655289097344,0.9124978858048463,0.9415724836281963,0.8241266807977505,0.7752736467233793,0.9551001147917146,0.810234137856666,0.6385883136171767,0.8949850108933692,0.9694403832962591,0.8747935053715268],[0.5929869345298983,0.5900116310492142,0.5929869345298983,0.547892175316366,0.547892175316366,0.6190469404451439,0.6190469404451439,0.6306113895808283,0.6306113895808283,0.9999685405932571,0.4539593176515721,1.0,0.2397792358307609,0.19363880213997553,0.45434509722498156,0.6270837280243334,0.5292689303811988,0.7223690913094295,0.7223690913094295,0.6287644193620341,0.025134891168279598,0.5313678573967092,0.3667685071577774,-0.16522413969439873,-0.19457203517275534,0.6576386876776552,0.2328611894795262,0.49676907371340084,0.7541916970841223,0.6777666417403073,0.442789675565267,0.668497436109664,0.6752655453760571,0.6744287412651186,0.49291045629263563,0.5455699026376093],[0.8953086483413255,0.8974274902984686,0.8953086483413255,0.9028546025102384,0.9028546025102384,0.8687997177935332,0.8687997177935332,0.8451084766864909,0.8451084766864909,0.24024131917198244,0.9028471915927326,0.2397792358307609,1.0,0.9998968768418145,0.9039093911786192,0.8649637565044769,0.8948881020141283,0.7768989592166624,0.7768989592166624,0.6591955996776239,-0.16090136416838444,0.8954263124315885,0.8304870265347297,-0.6099573040475179,0.7511477082031531,0.7765182551287392,0.8933978054212385,0.8968358465081562,0.6628480859401772,0.5999482411319279,0.8788386421760207,0.6484933925861531,0.45844526678279346,0.7886889435507753,0.8880954661910352,0.8284311574393354],[0.9846817993545532,0.984415872458132,0.9846817993545532,0.9886119785776089,0.9886119785776089,0.9511482712719163,0.9511482712719163,0.9283762221720848,0.9283762221720848,0.1948006557643953,0.9881560033041402,0.19363880213997553,0.9998968768418145,1.0,0.9882713618376114,0.9454696999948311,0.9819422727863709,0.8653004763455548,0.8653004763455548,0.8185313661630155,-0.28147252359041797,0.9779870258828063,0.8834476653256019,-0.6853718948978454,0.8022590310682364,0.8354768930420734,0.9572631814238193,0.9574777776214656,0.7263583503345664,0.6502913251071213,0.9442281966095827,0.7322397536529329,0.45987288735272486,0.8576210599276871,0.9652998825990198,0.8843685677236844],[0.9964761041852157,0.9965314232571977,0.9964761041852157,0.9997238553706237,0.9997238553706237,0.9675994358317296,0.9675994358317296,0.9505076806878802,0.9505076806878802,0.4554875468321918,0.9999583617652348,0.45434509722498156,0.9039093911786192,0.9882713618376114,1.0,0.9651220488657813,0.9959245531822802,0.9035537620184018,0.9035537620184018,0.833836436159479,-0.17973054030309782,0.9968688107152889,0.9148230664256994,-0.5383414673890291,0.6826795465520774,0.868763094058912,0.9121165309693374,0.9415417197607113,0.825235168139874,0.7763404195203363,0.9550560328753505,0.811834448685933,0.6396160953505967,0.8955981248768093,0.9696848785933426,0.8756984335625223],[0.9819740558257599,0.9819536156483202,0.9819740558257599,0.9678089025909281,0.9678089025909281,0.999235746171911,0.999235746171911,0.953695884330247,0.953695884330247,0.6411178342233544,0.9647004481911725,0.6270837280243334,0.8649637565044769,0.9454696999948311,0.9651220488657813,1.0,0.982099082793055,0.9277617510534539,0.9277617510534539,0.7044699492128913,-0.194029685734236,0.9627053147378549,0.7570347441218713,-0.48644619321410654,0.00025732305083536283,0.9116682353594742,0.8500855050940838,0.9166285663141598,0.8695795578037859,0.7770335377464466,0.91248781489571,0.7797022927156635,0.6826396694814733,0.9011999177310551,0.9160815502792685,0.8582435925962454],[0.9994479360933807,0.9994538438523032,0.9994479360933807,0.9959072436584169,0.9959072436584169,0.9831226009795424,0.9831226009795424,0.9599657309971864,0.9599657309971864,0.529511957619188,0.9958094988029319,0.5292689303811988,0.8948881020141283,0.9819422727863709,0.9959245531822802,0.982099082793055,1.0,0.928131401056118,0.928131401056118,0.8528408351943135,-0.16077072210805596,0.9920028870039667,0.9023720641028106,-0.536387469258749,0.6627621755113414,0.8942731500081386,0.8913880425312306,0.9398676549266161,0.8641617617652242,0.8017358301623915,0.947903098506154,0.8504727993945609,0.6958180914052072,0.912242906078824,0.9736570466246782,0.8996874833741213],[0.9158907401906642,0.9162308533973367,0.9158907401906642,0.8890222573983279,0.8890222573983279,0.9239382767481986,0.9239382767481986,0.9720000282890977,0.9720000282890977,0.7362259702914237,0.9018425936281206,0.7223690913094295,0.7768989592166624,0.8653004763455548,0.9035537620184018,0.9277617510534539,0.928131401056118,1.0,1.0,0.7601296472402402,-0.1311854310579714,0.867126346092381,0.6605561322742409,-0.2949038543001291,-0.06617485658936573,0.8608994746639159,0.7130715355448585,0.8322908059218457,0.9101183203141348,0.8425395733760375,0.8379918856061198,0.7771500666349744,0.6806611346253449,0.8787502660212482,0.8286454445436006,0.8825146754522867],[0.9158907401906642,0.9162308533973367,0.9158907401906642,0.8890222573983279,0.8890222573983279,0.9239382767481986,0.9239382767481986,0.9720000282890977,0.9720000282890977,0.7362259702914237,0.9018425936281206,0.7223690913094295,0.7768989592166624,0.8653004763455548,0.9035537620184018,0.9277617510534539,0.928131401056118,1.0,1.0,0.7601296472402402,-0.1311854310579714,0.867126346092381,0.6605561322742409,-0.2949038543001291,-0.06617485658936573,0.8608994746639159,0.7130715355448585,0.8322908059218457,0.9101183203141348,0.8425395733760375,0.8379918856061198,0.7771500666349744,0.6806611346253449,0.8787502660212482,0.8286454445436006,0.8825146754522867],[0.7423899046123201,0.7564589743784537,0.7423899046123201,0.706714813257671,0.706714813257671,0.654174478157776,0.654174478157776,0.623122720020093,0.623122720020093,0.6822112974023894,0.8332439788402927,0.6287644193620341,0.6591955996776239,0.8185313661630155,0.833836436159479,0.7044699492128913,0.8528408351943135,0.7601296472402402,0.7601296472402402,1.0,-0.005129943297804348,0.6786737423930569,-0.2464238835668124,0.23844884932286597,-0.6029133201510234,0.409047540085723,0.5473494923013926,0.49533458566511696,0.847874466620642,0.7191995741976596,0.2491864543159747,0.36743797127802347,0.5792596489378993,0.7880470147782335,0.51713556230425,-0.034493297403692086],[-0.2342055718452185,-0.035191473898634626,-0.2342055718452185,-0.23886034053146035,-0.23886034053146035,-0.2010348825699982,-0.2010348825699982,-0.09467836969221793,-0.09467836969221793,-0.1052146194007762,-0.1792499797870774,0.025134891168279598,-0.16090136416838444,-0.28147252359041797,-0.17973054030309782,-0.194029685734236,-0.16077072210805596,-0.1311854310579714,-0.1311854310579714,-0.005129943297804348,1.0,-0.16280473316505478,0.058019532105785324,0.19598553559888585,0.7111288999680584,-0.14411898779924434,-0.13767190387059852,-0.1164837025336472,0.10763320182054849,-0.05700647079145076,-0.07871108372338008,0.2445931660624748,0.5369099559077763,-0.1848104041760276,0.00460427701425296,0.07608419929572759],[0.9856849913398188,0.9804912778066265,0.9856849913398188,0.9941197816680517,0.9941197816680517,0.960830381831685,0.960830381831685,0.8963584407057236,0.8963584407057236,0.5935985942087716,0.9969414247762027,0.5313678573967092,0.8954263124315885,0.9779870258828063,0.9968688107152889,0.9627053147378549,0.9920028870039667,0.867126346092381,0.867126346092381,0.6786737423930569,-0.16280473316505478,1.0,0.2788444204608974,-0.28453690644601504,-0.15844135141942822,0.7623771700459991,0.916813175028446,0.9118891785074387,0.8002411096774914,0.733751070831363,0.7662474960471606,0.621941156040208,0.4739168272851963,0.8920391935103383,0.7966267188547599,0.38651280810651534],[0.34378918267691133,0.08459370496115627,0.34378918267691133,0.36990629981934864,0.36990629981934864,0.4543700598707438,0.4543700598707438,0.6461197401883939,0.6461197401883939,0.051389701500424954,0.9151488798084801,0.3667685071577774,0.8304870265347297,0.8834476653256019,0.9148230664256994,0.7570347441218713,0.9023720641028106,0.6605561322742409,0.6605561322742409,-0.2464238835668124,0.058019532105785324,0.2788444204608974,1.0,-0.4945283734773042,0.6799553869142434,0.45735109165976184,0.31379845122859096,0.4410641069791208,0.012156643969254909,0.18305422978299415,0.6542724078578493,0.5348785577188654,0.23104807523807452,0.16803349036119866,0.48053964404302846,0.5338584390083123],[-0.21284951313478664,-0.20817674061402222,-0.21284951313478664,-0.2429274525986125,-0.2429274525986125,-0.3624045130998359,-0.3624045130998359,-0.3984851715479216,-0.3984851715479216,0.04063485346859828,-0.5408755505675635,-0.16522413969439873,-0.6099573040475179,-0.6853718948978454,-0.5383414673890291,-0.48644619321410654,-0.536387469258749,-0.2949038543001291,-0.2949038543001291,0.23844884932286597,0.19598553559888585,-0.28453690644601504,-0.4945283734773042,1.0,-0.042041695318693256,-0.23750764111993997,-0.26712681908675884,-0.3309204975863072,-0.11251988479221735,-0.1416824441443889,-0.5600882745100826,-0.2535303550812336,-0.05547148621500815,-0.13809399908475883,-0.29669707394630784,-0.44177112578706057],[-0.13348488415170323,-0.12860755079513625,-0.13348488415170323,-0.12322214110863068,-0.12322214110863068,-0.044579299710657695,-0.044579299710657695,0.06451937764060699,0.06451937764060699,-0.2344227707335427,0.6808945066578115,-0.19457203517275534,0.7511477082031531,0.8022590310682364,0.6826795465520774,0.00025732305083536283,0.6627621755113414,-0.06617485658936573,-0.06617485658936573,-0.6029133201510234,0.7111288999680584,-0.15844135141942822,0.6799553869142434,-0.042041695318693256,1.0,-0.013066993088204136,-0.036073359247377756,0.037679221596247536,-0.3052892699272102,-0.28709913050241465,0.10732702901843229,0.17524682010908177,0.26788381475178236,-0.2895839926111222,0.14245006405675759,0.1276841287515367],[0.8646178974910503,0.7549028214726388,0.8646178974910503,0.8584597455872395,0.8584597455872395,0.9037930254173596,0.9037930254173596,0.8506220982348593,0.8506220982348593,0.6517531612627804,0.8673655289097344,0.6576386876776552,0.7765182551287392,0.8354768930420734,0.868763094058912,0.9116682353594742,0.8942731500081386,0.8608994746639159,0.8608994746639159,0.409047540085723,-0.14411898779924434,0.7623771700459991,0.45735109165976184,-0.23750764111993997,-0.013066993088204136,1.0,0.6913368106212575,0.893918544281872,0.5469352930702482,0.635795355078808,0.7071258097279526,0.6623321568825472,0.4115572536146861,0.7601370766488086,0.7929886694695132,0.5381305262613497],[0.8956474552350627,0.8925935842008101,0.8956474552350627,0.9191386432881246,0.9191386432881246,0.8620971251078526,0.8620971251078526,0.7884259757574633,0.7884259757574633,0.3178070768341413,0.9124978858048463,0.2328611894795262,0.8933978054212385,0.9572631814238193,0.9121165309693374,0.8500855050940838,0.8913880425312306,0.7130715355448585,0.7130715355448585,0.5473494923013926,-0.13767190387059852,0.916813175028446,0.31379845122859096,-0.26712681908675884,-0.036073359247377756,0.6913368106212575,1.0,0.8909640681063493,0.6209751641524297,0.5673035020291133,0.7289221153350903,0.4871252305992136,0.36171116982729834,0.74637900642569,0.7571598303253334,0.37617893128360425],[0.9215759070955789,0.9084089421563789,0.9215759070955789,0.9296992381437632,0.9296992381437632,0.9230026181566953,0.9230026181566953,0.8888339292803525,0.8888339292803525,0.5430014271425796,0.9415724836281963,0.49676907371340084,0.8968358465081562,0.9574777776214656,0.9415417197607113,0.9166285663141598,0.9398676549266161,0.8322908059218457,0.8322908059218457,0.49533458566511696,-0.1164837025336472,0.9118891785074387,0.4410641069791208,-0.3309204975863072,0.037679221596247536,0.893918544281872,0.8909640681063493,1.0,0.6815347829645352,0.588123304245468,0.7598447276354894,0.5839618373896726,0.435980754854064,0.8019725250437142,0.8882337633375401,0.4178317331548497],[0.871518914783302,0.8679397945450826,0.871518914783302,0.8410079032174589,0.8410079032174589,0.8623912754134322,0.8623912754134322,0.8400210824302676,0.8400210824302676,0.7896330312467753,0.8241266807977505,0.7541916970841223,0.6628480859401772,0.7263583503345664,0.825235168139874,0.8695795578037859,0.8641617617652242,0.9101183203141348,0.9101183203141348,0.847874466620642,0.10763320182054849,0.8002411096774914,0.012156643969254909,-0.11251988479221735,-0.3052892699272102,0.5469352930702482,0.6209751641524297,0.6815347829645352,1.0,0.9160841119028329,0.6056912340733225,0.721509941167434,0.6711390707749982,0.8861333576674991,0.5737417975789957,0.3852842221593753],[0.7673672823482698,0.7728678022031585,0.7673672823482698,0.7552953590529048,0.7552953590529048,0.7472304829761668,0.7472304829761668,0.7653631501484646,0.7653631501484646,0.6645959216338991,0.7752736467233793,0.6777666417403073,0.5999482411319279,0.6502913251071213,0.7763404195203363,0.7770335377464466,0.8017358301623915,0.8425395733760375,0.8425395733760375,0.7191995741976596,-0.05700647079145076,0.733751070831363,0.18305422978299415,-0.1416824441443889,-0.28709913050241465,0.635795355078808,0.5673035020291133,0.588123304245468,0.9160841119028329,1.0,0.6272256760814234,0.7051018561428988,0.6189087162266192,0.7610386855148444,0.6251640918970623,0.5321581828200286],[0.7384058310758809,0.7354599518320157,0.7384058310758809,0.7637533075195332,0.7637533075195332,0.8503054163516739,0.8503054163516739,0.9164054769590133,0.9164054769590133,0.31131472359620344,0.9551001147917146,0.442789675565267,0.8788386421760207,0.9442281966095827,0.9550560328753505,0.91248781489571,0.947903098506154,0.8379918856061198,0.8379918856061198,0.2491864543159747,-0.07871108372338008,0.7662474960471606,0.6542724078578493,-0.5600882745100826,0.10732702901843229,0.7071258097279526,0.7289221153350903,0.7598447276354894,0.6056912340733225,0.6272256760814234,1.0,0.7434487666229636,0.3833311740711293,0.6387990375639514,0.7567062525017108,0.7828248616651655],[0.6565245102548478,0.6556413471042821,0.6565245102548478,0.6415302089344437,0.6415302089344437,0.737790422434062,0.737790422434062,0.7829767027511708,0.7829767027511708,0.5205432736491711,0.810234137856666,0.668497436109664,0.6484933925861531,0.7322397536529329,0.811834448685933,0.7797022927156635,0.8504727993945609,0.7771500666349744,0.7771500666349744,0.36743797127802347,0.2445931660624748,0.621941156040208,0.5348785577188654,-0.2535303550812336,0.17524682010908177,0.6623321568825472,0.4871252305992136,0.5839618373896726,0.721509941167434,0.7051018561428988,0.7434487666229636,1.0,0.7770600879844496,0.5668287783122115,0.7239938642329444,0.6005226996379217],[0.5632497759977713,0.5852946147197661,0.5632497759977713,0.524541941914825,0.524541941914825,0.6295531200376968,0.6295531200376968,0.6589384675129191,0.6589384675129191,0.563867191540241,0.6385883136171767,0.6752655453760571,0.45844526678279346,0.45987288735272486,0.6396160953505967,0.6826396694814733,0.6958180914052072,0.6806611346253449,0.6806611346253449,0.5792596489378993,0.5369099559077763,0.4739168272851963,0.23104807523807452,-0.05547148621500815,0.26788381475178236,0.4115572536146861,0.36171116982729834,0.435980754854064,0.6711390707749982,0.6189087162266192,0.3833311740711293,0.7770600879844496,1.0,0.4988923094903826,0.6098494916725269,0.2388070068765794],[0.9236679637146732,0.9237131214738575,0.9236679637146732,0.9045619345968271,0.9045619345968271,0.8802322604537395,0.8802322604537395,0.8414213228261976,0.8414213228261976,0.7348445179442923,0.8949850108933692,0.6744287412651186,0.7886889435507753,0.8576210599276871,0.8955981248768093,0.9011999177310551,0.912242906078824,0.8787502660212482,0.8787502660212482,0.7880470147782335,-0.1848104041760276,0.8920391935103383,0.16803349036119866,-0.13809399908475883,-0.2895839926111222,0.7601370766488086,0.74637900642569,0.8019725250437142,0.8861333576674991,0.7610386855148444,0.6387990375639514,0.5668287783122115,0.4988923094903826,1.0,0.7943421997525111,0.3239868916965163],[0.9029356043296188,0.8076689513260226,0.9029356043296188,0.8993736263025262,0.8993736263025262,0.9182786198736028,0.9182786198736028,0.9024011063206075,0.9024011063206075,0.5370421910003765,0.9694403832962591,0.49291045629263563,0.8880954661910352,0.9652998825990198,0.9696848785933426,0.9160815502792685,0.9736570466246782,0.8286454445436006,0.8286454445436006,0.51713556230425,0.00460427701425296,0.7966267188547599,0.48053964404302846,-0.29669707394630784,0.14245006405675759,0.7929886694695132,0.7571598303253334,0.8882337633375401,0.5737417975789957,0.6251640918970623,0.7567062525017108,0.7239938642329444,0.6098494916725269,0.7943421997525111,1.0,0.3837132040532843],[0.3798962542111265,0.38205417708089884,0.3798962542111265,0.3965799643445925,0.3965799643445925,0.6058336700325366,0.6058336700325366,0.8628053189004842,0.8628053189004842,0.17823296743031722,0.8747935053715268,0.5455699026376093,0.8284311574393354,0.8843685677236844,0.8756984335625223,0.8582435925962454,0.8996874833741213,0.8825146754522867,0.8825146754522867,-0.034493297403692086,0.07608419929572759,0.38651280810651534,0.5338584390083123,-0.44177112578706057,0.1276841287515367,0.5381305262613497,0.37617893128360425,0.4178317331548497,0.3852842221593753,0.5321581828200286,0.7828248616651655,0.6005226996379217,0.2388070068765794,0.3239868916965163,0.3837132040532843,1.0]],"x":["^TAIEX       \u81fa\u7063\u52a0\u6b0a\u5831\u916c\u6307\u6578","^TWII        \u81fa\u7063\u52a0\u6b0a\u6307\u6578","^TAIEXx2     \u81fa\u7063\u52a0\u6b0a\u5831\u916c\u6307\u6578_\u65e5\u6b632","^TAI50I      \u81fa\u706350\u5831\u916c\u6307\u6578","^TAI50Ix2    \u81fa\u706350\u5831\u916c\u6307\u6578_\u65e5\u6b632","^TAI100I     \u81fa\u7063\u4e2d\u578b100\u5831\u916c\u6307\u6578","^TAI100Ix2   \u81fa\u7063\u4e2d\u578b100\u5831\u916c\u6307\u6578_\u65e5\u6b632","^TAIDIVIDI   \u81fa\u7063\u9ad8\u80a1\u606f\u5831\u916c\u6307\u6578","^TAIDIVIDIx2 \u81fa\u7063\u9ad8\u80a1\u606f\u5831\u916c\u6307\u6578_\u65e5\u6b632","0050Fund     \u5143\u5927\u53f0\u7063\u5353\u8d8a50\u57fa\u91d1","006208Fund   \u5bcc\u90a6\u53f0\u7063\u91c6\u540950\u57fa\u91d1","0050         \u5143\u5927\u81fa\u706350","00631L       \u5143\u5927\u53f0\u706350\u6b632","00675L       \u5bcc\u90a6\u81fa\u7063\u52a0\u6b0a\u6b632","006208       \u5bcc\u90a6\u53f050","0051         \u5143\u5927\u4e2d\u578b100","006204       \u6c38\u8c50\u81fa\u7063\u52a0\u6b0a","0056         \u5143\u5927\u9ad8\u80a1\u606f","0056         \u5143\u5927\u9ad8\u80a1\u606f_\u80a1\u606f\u4e0d\u6295\u5165","2412         \u4e2d\u83ef\u96fb\u4fe1","2002         \u4e2d\u92fc","2330         \u53f0\u7a4d\u96fb","2317         \u9d3b\u6d77","6505         \u53f0\u5851\u77f3\u5316","3481         \u7fa4\u5275","2303         \u806f\u96fb","2308         \u53f0\u9054\u96fb","2454         \u806f\u767c\u79d1","2886         \u5146\u8c50\u91d1","2884         \u7389\u5c71\u91d1","2891         \u4e2d\u4fe1\u91d1","2892         \u7b2c\u4e00\u91d1","5880         \u5408\u5eab\u91d1","2881         \u5bcc\u90a6\u91d1","2885         \u5143\u5927\u91d1","2887         \u53f0\u65b0\u91d1"],"y":["^TAIEX       \u81fa\u7063\u52a0\u6b0a\u5831\u916c\u6307\u6578","^TWII        \u81fa\u7063\u52a0\u6b0a\u6307\u6578","^TAIEXx2     \u81fa\u7063\u52a0\u6b0a\u5831\u916c\u6307\u6578_\u65e5\u6b632","^TAI50I      \u81fa\u706350\u5831\u916c\u6307\u6578","^TAI50Ix2    \u81fa\u706350\u5831\u916c\u6307\u6578_\u65e5\u6b632","^TAI100I     \u81fa\u7063\u4e2d\u578b100\u5831\u916c\u6307\u6578","^TAI100Ix2   \u81fa\u7063\u4e2d\u578b100\u5831\u916c\u6307\u6578_\u65e5\u6b632","^TAIDIVIDI   \u81fa\u7063\u9ad8\u80a1\u606f\u5831\u916c\u6307\u6578","^TAIDIVIDIx2 \u81fa\u7063\u9ad8\u80a1\u606f\u5831\u916c\u6307\u6578_\u65e5\u6b632","0050Fund     \u5143\u5927\u53f0\u7063\u5353\u8d8a50\u57fa\u91d1","006208Fund   \u5bcc\u90a6\u53f0\u7063\u91c6\u540950\u57fa\u91d1","0050         \u5143\u5927\u81fa\u706350","00631L       \u5143\u5927\u53f0\u706350\u6b632","00675L       \u5bcc\u90a6\u81fa\u7063\u52a0\u6b0a\u6b632","006208       \u5bcc\u90a6\u53f050","0051         \u5143\u5927\u4e2d\u578b100","006204       \u6c38\u8c50\u81fa\u7063\u52a0\u6b0a","0056         \u5143\u5927\u9ad8\u80a1\u606f","0056         \u5143\u5927\u9ad8\u80a1\u606f_\u80a1\u606f\u4e0d\u6295\u5165","2412         \u4e2d\u83ef\u96fb\u4fe1","2002         \u4e2d\u92fc","2330         \u53f0\u7a4d\u96fb","2317         \u9d3b\u6d77","6505         \u53f0\u5851\u77f3\u5316","3481         \u7fa4\u5275","2303         \u806f\u96fb","2308         \u53f0\u9054\u96fb","2454         \u806f\u767c\u79d1","2886         \u5146\u8c50\u91d1","2884         \u7389\u5c71\u91d1","2891         \u4e2d\u4fe1\u91d1","2892         \u7b2c\u4e00\u91d1","5880         \u5408\u5eab\u91d1","2881         \u5bcc\u90a6\u91d1","2885         \u5143\u5927\u91d1","2887         \u53f0\u65b0\u91d1"],"zmin":-1,"zmax":1,"colorbar":{"x":-0.2}}],"layout":{"autotypenumbers":"strict","colorway":["#636efa","#EF553B","#00cc96","#ab63fa","#FFA15A","#19d3f3","#FF6692","#B6E880","#FF97FF","#FECB52"],"font":{"color":"#f2f5fa","family":"Courier New"},"hovermode":"closest","hoverlabel":{"align":"left"},"paper_bgcolor":"rgb(17,17,17)","plot_bgcolor":"rgb(17,17,17)","polar":{"bgcolor":"rgb(17,17,17)","angularaxis":{"gridcolor":"#506784","linecolor":"#506784","ticks":""},"radialaxis":{"gridcolor":"#506784","linecolor":"#506784","ticks":""}},"ternary":{"bgcolor":"rgb(17,17,17)","aaxis":{"gridcolor":"#506784","linecolor":"#506784","ticks":""},"baxis":{"gridcolor":"#506784","linecolor":"#506784","ticks":""},"caxis":{"gridcolor":"#506784","linecolor":"#506784","ticks":""}},"coloraxis":{"colorbar":{"outlinewidth":0,"ticks":""}},"colorscale":{"sequential":[[0.0,"#0d0887"],[0.1111111111111111,"#46039f"],[0.2222222222222222,"#7201a8"],[0.3333333333333333,"#9c179e"],[0.4444444444444444,"#bd3786"],[0.5555555555555556,"#d8576b"],[0.6666666666666666,"#ed7953"],[0.7777777777777778,"#fb9f3a"],[0.8888888888888888,"#fdca26"],[1.0,"#f0f921"]],"sequentialminus":[[0.0,"#0d0887"],[0.1111111111111111,"#46039f"],[0.2222222222222222,"#7201a8"],[0.3333333333333333,"#9c179e"],[0.4444444444444444,"#bd3786"],[0.5555555555555556,"#d8576b"],[0.6666666666666666,"#ed7953"],[0.7777777777777778,"#fb9f3a"],[0.8888888888888888,"#fdca26"],[1.0,"#f0f921"]],"diverging":[[0,"#8e0152"],[0.1,"#c51b7d"],[0.2,"#de77ae"],[0.3,"#f1b6da"],[0.4,"#fde0ef"],[0.5,"#f7f7f7"],[0.6,"#e6f5d0"],[0.7,"#b8e186"],[0.8,"#7fbc41"],[0.9,"#4d9221"],[1,"#276419"]]},"xaxis":{"gridcolor":"rgba(0, 0, 0, 0)","linecolor":"#506784","ticks":"","title":{"standoff":15},"zerolinecolor":"#283442","automargin":true,"zerolinewidth":2,"tickfont":{"family":"Courier New","size":14},"side":"top","tickangle":-90},"yaxis":{"gridcolor":"rgba(0, 0, 0, 0)","linecolor":"#506784","ticks":"","title":{"standoff":15},"zerolinecolor":"#283442","automargin":true,"zerolinewidth":2,"tickfont":{"family":"Courier New"},"side":"right"},"scene":{"xaxis":{"backgroundcolor":"rgb(17,17,17)","gridcolor":"#506784","linecolor":"#506784","showbackground":true,"ticks":"","zerolinecolor":"#C8D4E3","gridwidth":2},"yaxis":{"backgroundcolor":"rgb(17,17,17)","gridcolor":"#506784","linecolor":"#506784","showbackground":true,"ticks":"","zerolinecolor":"#C8D4E3","gridwidth":2},"zaxis":{"backgroundcolor":"rgb(17,17,17)","gridcolor":"#506784","linecolor":"#506784","showbackground":true,"ticks":"","zerolinecolor":"#C8D4E3","gridwidth":2}},"shapedefaults":{"line":{"color":"#f2f5fa"}},"annotationdefaults":{"arrowcolor":"#f2f5fa","arrowhead":0,"arrowwidth":1},"geo":{"bgcolor":"rgb(17,17,17)","landcolor":"rgb(17,17,17)","subunitcolor":"#506784","showland":true,"showlakes":true,"lakecolor":"rgb(17,17,17)"},"title":{"x":0.05,"font":{"family":"Times New Roman"},"y":0.05,"text":"<b>Correlation of Close<b><br><i>2016-09-23 ~ 2026-07-14<i>"},"updatemenudefaults":{"bgcolor":"#506784","borderwidth":0},"sliderdefaults":{"bgcolor":"#C8D4E3","borderwidth":1,"bordercolor":"rgb(17,17,17)","tickwidth":0},"mapbox":{"style":"dark"},"annotations":[{"text":"<b>@zwindr<b>","textangle":0,"opacity":0.5,"font":{"color":"white","size":12},"xref":"paper","yref":"paper","xanchor":"left","yanchor":"bottom","x":1.0,"y":1.0,"showarrow":false}]},"config":{"responsive":true,"toImageButtonOptions":{"filename":"Correlation of Close_2016-09-23~2026-07-14","scale":5}}};Plotly.newPlot("correlationClose",correlationClose.data,correlationClose.layout||{},correlationClose.config);}else{console.log("style display is none => correlationClose");}