var element=document.getElementById("correlationAdjClose");if(element.style.display!='none'){var correlationAdjClose={"data":[{"type":"heatmap","z":[[1.0,0.9999759914324953,0.9999708177501484,0.9999840021615268,0.9999956471187804,0.9999729810939747,0.9977468204135956,0.996556160699499],[0.9999759914324953,1.0,0.9999807141761136,0.9999853745366039,0.9999803746897648,0.9999618157881834,0.9988910690463038,0.9969058023132625],[0.9999708177501484,0.9999807141761136,1.0,0.9999720293803017,0.9999735680258748,0.9999624974589676,0.9988442955948158,0.9968913572540561],[0.9999840021615268,0.9999853745366039,0.9999720293803017,1.0,0.9999954616229384,0.9999908361889132,0.9979374976623361,0.996663794007184],[0.9999956471187804,0.9999803746897648,0.9999735680258748,0.9999954616229384,1.0,0.9999886762973218,0.998888203872363,0.9968179349359377],[0.9999729810939747,0.9999618157881834,0.9999624974589676,0.9999908361889132,0.9999886762973218,1.0,0.9986208321396698,0.9966410703338251],[0.9977468204135956,0.9988910690463038,0.9988442955948158,0.9979374976623361,0.998888203872363,0.9986208321396698,1.0,0.9920140585393057],[0.996556160699499,0.9969058023132625,0.9968913572540561,0.996663794007184,0.9968179349359377,0.9966410703338251,0.9920140585393057,1.0]],"x":["^TAI50I      \u81fa\u706350\u5831\u916c\u6307\u6578","0050         \u5143\u5927\u81fa\u706350","006208       \u5bcc\u90a6\u53f050","0050Fund     \u5143\u5927\u53f0\u7063\u5353\u8d8a50\u57fa\u91d1","006208Fund   \u5bcc\u90a6\u53f0\u7063\u91c6\u540950\u57fa\u91d1","0050Link     \u5143\u5927\u53f0\u7063\u5353\u8d8a50ETF\u9023\u7d50\u57fa\u91d1-\u4e0d\u914d\u606f","0050Fund_ND  \u5143\u5927\u53f0\u7063\u5353\u8d8a50\u57fa\u91d1_\u80a1\u606f\u4e0d\u6295\u5165","^TAIEX       \u81fa\u7063\u52a0\u6b0a\u5831\u916c\u6307\u6578"],"y":["^TAI50I      \u81fa\u706350\u5831\u916c\u6307\u6578","0050         \u5143\u5927\u81fa\u706350","006208       \u5bcc\u90a6\u53f050","0050Fund     \u5143\u5927\u53f0\u7063\u5353\u8d8a50\u57fa\u91d1","006208Fund   \u5bcc\u90a6\u53f0\u7063\u91c6\u540950\u57fa\u91d1","0050Link     \u5143\u5927\u53f0\u7063\u5353\u8d8a50ETF\u9023\u7d50\u57fa\u91d1-\u4e0d\u914d\u606f","0050Fund_ND  \u5143\u5927\u53f0\u7063\u5353\u8d8a50\u57fa\u91d1_\u80a1\u606f\u4e0d\u6295\u5165","^TAIEX       \u81fa\u7063\u52a0\u6b0a\u5831\u916c\u6307\u6578"],"zmin":-1,"zmax":1,"colorbar":{"x":-0.2}}],"layout":{"autotypenumbers":"strict","colorway":["#636efa","#EF553B","#00cc96","#ab63fa","#FFA15A","#19d3f3","#FF6692","#B6E880","#FF97FF","#FECB52"],"font":{"color":"#f2f5fa","family":"Courier New"},"hovermode":"closest","hoverlabel":{"align":"left"},"paper_bgcolor":"rgb(17,17,17)","plot_bgcolor":"rgb(17,17,17)","polar":{"bgcolor":"rgb(17,17,17)","angularaxis":{"gridcolor":"#506784","linecolor":"#506784","ticks":""},"radialaxis":{"gridcolor":"#506784","linecolor":"#506784","ticks":""}},"ternary":{"bgcolor":"rgb(17,17,17)","aaxis":{"gridcolor":"#506784","linecolor":"#506784","ticks":""},"baxis":{"gridcolor":"#506784","linecolor":"#506784","ticks":""},"caxis":{"gridcolor":"#506784","linecolor":"#506784","ticks":""}},"coloraxis":{"colorbar":{"outlinewidth":0,"ticks":""}},"colorscale":{"sequential":[[0.0,"#0d0887"],[0.1111111111111111,"#46039f"],[0.2222222222222222,"#7201a8"],[0.3333333333333333,"#9c179e"],[0.4444444444444444,"#bd3786"],[0.5555555555555556,"#d8576b"],[0.6666666666666666,"#ed7953"],[0.7777777777777778,"#fb9f3a"],[0.8888888888888888,"#fdca26"],[1.0,"#f0f921"]],"sequentialminus":[[0.0,"#0d0887"],[0.1111111111111111,"#46039f"],[0.2222222222222222,"#7201a8"],[0.3333333333333333,"#9c179e"],[0.4444444444444444,"#bd3786"],[0.5555555555555556,"#d8576b"],[0.6666666666666666,"#ed7953"],[0.7777777777777778,"#fb9f3a"],[0.8888888888888888,"#fdca26"],[1.0,"#f0f921"]],"diverging":[[0,"#8e0152"],[0.1,"#c51b7d"],[0.2,"#de77ae"],[0.3,"#f1b6da"],[0.4,"#fde0ef"],[0.5,"#f7f7f7"],[0.6,"#e6f5d0"],[0.7,"#b8e186"],[0.8,"#7fbc41"],[0.9,"#4d9221"],[1,"#276419"]]},"xaxis":{"gridcolor":"rgba(0, 0, 0, 0)","linecolor":"#506784","ticks":"","title":{"standoff":15},"zerolinecolor":"#283442","automargin":true,"zerolinewidth":2,"tickfont":{"family":"Courier New","size":14},"side":"top","tickangle":-90},"yaxis":{"gridcolor":"rgba(0, 0, 0, 0)","linecolor":"#506784","ticks":"","title":{"standoff":15},"zerolinecolor":"#283442","automargin":true,"zerolinewidth":2,"tickfont":{"family":"Courier New"},"side":"right"},"scene":{"xaxis":{"backgroundcolor":"rgb(17,17,17)","gridcolor":"#506784","linecolor":"#506784","showbackground":true,"ticks":"","zerolinecolor":"#C8D4E3","gridwidth":2},"yaxis":{"backgroundcolor":"rgb(17,17,17)","gridcolor":"#506784","linecolor":"#506784","showbackground":true,"ticks":"","zerolinecolor":"#C8D4E3","gridwidth":2},"zaxis":{"backgroundcolor":"rgb(17,17,17)","gridcolor":"#506784","linecolor":"#506784","showbackground":true,"ticks":"","zerolinecolor":"#C8D4E3","gridwidth":2}},"shapedefaults":{"line":{"color":"#f2f5fa"}},"annotationdefaults":{"arrowcolor":"#f2f5fa","arrowhead":0,"arrowwidth":1},"geo":{"bgcolor":"rgb(17,17,17)","landcolor":"rgb(17,17,17)","subunitcolor":"#506784","showland":true,"showlakes":true,"lakecolor":"rgb(17,17,17)"},"title":{"x":0.05,"font":{"family":"Times New Roman"},"y":0.05,"text":"<b>Correlation of Adj Close<b><br><i>2019-06-10 ~ 2026-07-21<i>"},"updatemenudefaults":{"bgcolor":"#506784","borderwidth":0},"sliderdefaults":{"bgcolor":"#C8D4E3","borderwidth":1,"bordercolor":"rgb(17,17,17)","tickwidth":0},"mapbox":{"style":"dark"},"annotations":[{"text":"<b>@zwindr<b>","textangle":0,"opacity":0.5,"font":{"color":"white","size":12},"xref":"paper","yref":"paper","xanchor":"left","yanchor":"bottom","x":1.0,"y":1.0,"showarrow":false}]},"config":{"responsive":true,"toImageButtonOptions":{"filename":"Correlation of Adj Close_2019-06-10~2026-07-21","scale":5}}};Plotly.newPlot("correlationAdjClose",correlationAdjClose.data,correlationAdjClose.layout||{},correlationAdjClose.config);}else{console.log("style display is none => correlationAdjClose");}